date,county,fips,population,confirmed_cases,probable_cases,confirmed_and_probable_cases,confirmed_deaths
2023-05-16,Alameda,001,1643700,386285,23160,409445,2156
2023-05-16,Alpine,002,1148,139,4,143,0
2023-05-16,Amador,005,37829,10692,1016,11708,98
2023-05-16,Butte,007,227075,42069,10552,52621,499
2023-05-16,Calaveras,009,45235,9091,649,9740,143
2023-05-16,Colusa,011,21464,4031,1396,5427,24
2023-05-16,Contra Costa,013,1133247,277365,22689,300054,1594
2023-05-16,Del Norte,015,27424,7979,494,8473,61
2023-05-16,El Dorado,017,186661,35031,4613,39644,247
2023-05-16,Fresno,019,978130,297749,35664,333413,3029
2023-05-16,Glenn,021,27897,5847,2045,7892,56
2023-05-16,Humboldt,023,135768,23572,5992,29564,171
2023-05-16,Imperial,025,180216,71663,19758,91421,983
2023-05-16,Inyo,027,18085,4822,1352,6174,63
2023-05-16,Kern,029,883053,232207,74650,306857,2499
2023-05-16,Kings,031,150075,63296,4543,67839,486
2023-05-16,Lake,033,64148,13789,1283,15072,164
2023-05-16,Lassen,035,31185,10301,1074,11375,65
2023-05-16,Los Angeles,037,10098052,3519780,224681,3744461,36058
2023-05-16,Madera,039,155013,46817,8994,55811,377
2023-05-16,Marin,041,260295,41578,5747,47325,260
2023-05-16,Mariposa,043,17540,3386,360,3746,31
2023-05-16,Mendocino,045,87422,17033,4860,21893,146
2023-05-16,Merced,047,269075,78125,13069,91194,903
2023-05-16,Modoc,049,8938,985,393,1378,11
2023-05-16,Mono,051,14174,3344,310,3654,8
2023-05-16,Monterey,053,433212,98884,25000,123884,812
2023-05-16,Napa,055,140530,35014,1545,36559,176
2023-05-16,Nevada,057,99092,20460,2382,22842,139
2023-05-16,Orange,059,3164182,720400,80608,801008,8153
2023-05-16,Placer,061,380077,82329,10474,92803,685
2023-05-16,Plumas,063,18699,3866,464,4330,15
2023-05-16,Riverside,065,2383286,740418,42793,783211,6854
2023-05-16,Sacramento,067,1510023,376973,39192,416165,3597
2023-05-16,San Benito,069,59416,17851,1158,19009,116
2023-05-16,San Bernardino,071,2135413,715572,35154,750726,8139
2023-05-16,San Diego,073,3302833,994709,82640,1077349,5866
2023-05-16,San Francisco,075,870044,199940,13742,213682,1214
2023-05-16,San Joaquin,077,732212,212392,17248,229640,2453
2023-05-16,San Luis Obispo,079,281455,67038,8392,75430,577
2023-05-16,San Mateo,081,765935,186219,11346,197565,747
2023-05-16,Santa Barbara,083,443738,113287,7923,121210,769
2023-05-16,Santa Clara,085,1922200,483409,21968,505377,2800
2023-05-16,Santa Cruz,087,273765,69447,4154,73601,276
2023-05-16,Shasta,089,179085,36728,8449,45177,612
2023-05-16,Sierra,091,2930,313,61,374,5
2023-05-16,Siskiyou,093,43540,5531,3500,9031,96
2023-05-16,Solano,095,438530,115428,8893,124321,476
2023-05-16,Sonoma,097,501317,115225,5862,121087,572
2023-05-16,Stanislaus,099,539301,146628,23455,170083,1842
2023-05-16,Sutter,101,95872,26018,2555,28573,241
2023-05-16,Tehama,103,63373,14579,3479,18058,237
2023-05-16,Trinity,105,12862,1482,523,2005,24
2023-05-16,Tulare,107,460477,129591,41340,170931,1597
2023-05-16,Tuolumne,109,53932,17036,1097,18133,211
2023-05-16,Ventura,111,848112,222568,18371,240939,1703
2023-05-16,Yolo,113,214977,50627,5109,55736,454
2023-05-16,Yuba,115,75493,20250,1948,22198,134
2023-05-15,Alameda,001,1643700,386285,23160,409445,2156
2023-05-15,Alpine,002,1148,139,4,143,0
2023-05-15,Amador,005,37829,10692,1016,11708,98
2023-05-15,Butte,007,227075,42069,10552,52621,499
2023-05-15,Calaveras,009,45235,9091,649,9740,143
2023-05-15,Colusa,011,21464,4031,1396,5427,24
2023-05-15,Contra Costa,013,1133247,277365,22689,300054,1594
2023-05-15,Del Norte,015,27424,7979,494,8473,61
2023-05-15,El Dorado,017,186661,35031,4613,39644,247
2023-05-15,Fresno,019,978130,297749,35664,333413,3029
2023-05-15,Glenn,021,27897,5847,2045,7892,56
2023-05-15,Humboldt,023,135768,23572,5992,29564,171
2023-05-15,Imperial,025,180216,71663,19758,91421,983
2023-05-15,Inyo,027,18085,4822,1352,6174,63
2023-05-15,Kern,029,883053,232207,74650,306857,2499
2023-05-15,Kings,031,150075,63296,4543,67839,486
2023-05-15,Lake,033,64148,13789,1283,15072,164
2023-05-15,Lassen,035,31185,10301,1074,11375,65
2023-05-15,Los Angeles,037,10098052,3519780,224681,3744461,36058
2023-05-15,Madera,039,155013,46817,8994,55811,377
2023-05-15,Marin,041,260295,41578,5747,47325,260
2023-05-15,Mariposa,043,17540,3386,360,3746,31
2023-05-15,Mendocino,045,87422,17033,4860,21893,146
2023-05-15,Merced,047,269075,78125,13069,91194,903
2023-05-15,Modoc,049,8938,985,393,1378,11
2023-05-15,Mono,051,14174,3344,310,3654,8
2023-05-15,Monterey,053,433212,98884,25000,123884,812
2023-05-15,Napa,055,140530,35014,1545,36559,176
2023-05-15,Nevada,057,99092,20460,2382,22842,139
2023-05-15,Orange,059,3164182,720400,80608,801008,8153
2023-05-15,Placer,061,380077,82329,10474,92803,685
2023-05-15,Plumas,063,18699,3866,464,4330,15
2023-05-15,Riverside,065,2383286,740418,42793,783211,6854
2023-05-15,Sacramento,067,1510023,376973,39192,416165,3597
2023-05-15,San Benito,069,59416,17851,1158,19009,116
2023-05-15,San Bernardino,071,2135413,715572,35154,750726,8139
2023-05-15,San Diego,073,3302833,994709,82640,1077349,5866
2023-05-15,San Francisco,075,870044,199940,13742,213682,1214
2023-05-15,San Joaquin,077,732212,212392,17248,229640,2453
2023-05-15,San Luis Obispo,079,281455,67038,8392,75430,577
2023-05-15,San Mateo,081,765935,186219,11346,197565,747
2023-05-15,Santa Barbara,083,443738,113287,7923,121210,769
2023-05-15,Santa Clara,085,1922200,483409,21968,505377,2800
2023-05-15,Santa Cruz,087,273765,69447,4154,73601,276
2023-05-15,Shasta,089,179085,36728,8449,45177,612
2023-05-15,Sierra,091,2930,313,61,374,5
2023-05-15,Siskiyou,093,43540,5531,3500,9031,96
2023-05-15,Solano,095,438530,115428,8893,124321,476
2023-05-15,Sonoma,097,501317,115225,5862,121087,572
2023-05-15,Stanislaus,099,539301,146628,23455,170083,1842
2023-05-15,Sutter,101,95872,26018,2555,28573,241
2023-05-15,Tehama,103,63373,14579,3479,18058,237
2023-05-15,Trinity,105,12862,1482,523,2005,24
2023-05-15,Tulare,107,460477,129591,41340,170931,1597
2023-05-15,Tuolumne,109,53932,17036,1097,18133,211
2023-05-15,Ventura,111,848112,222568,18371,240939,1703
2023-05-15,Yolo,113,214977,50627,5109,55736,454
2023-05-15,Yuba,115,75493,20250,1948,22198,134
2023-05-14,Alameda,001,1643700,386239,23157,409396,2156
2023-05-14,Alpine,002,1148,139,4,143,0
2023-05-14,Amador,005,37829,10691,1016,11707,98
2023-05-14,Butte,007,227075,42065,10546,52611,499
2023-05-14,Calaveras,009,45235,9091,649,9740,143
2023-05-14,Colusa,011,21464,4031,1396,5427,24
2023-05-14,Contra Costa,013,1133247,277327,22688,300015,1594
2023-05-14,Del Norte,015,27424,7977,494,8471,61
2023-05-14,El Dorado,017,186661,35028,4612,39640,247
2023-05-14,Fresno,019,978130,297742,35663,333405,3029
2023-05-14,Glenn,021,27897,5845,2045,7890,56
2023-05-14,Humboldt,023,135768,23569,5992,29561,171
2023-05-14,Imperial,025,180216,71647,19753,91400,983
2023-05-14,Inyo,027,18085,4822,1350,6172,63
2023-05-14,Kern,029,883053,232201,74649,306850,2499
2023-05-14,Kings,031,150075,63293,4541,67834,486
2023-05-14,Lake,033,64148,13788,1283,15071,164
2023-05-14,Lassen,035,31185,10299,1074,11373,65
2023-05-14,Los Angeles,037,10098052,3519767,224680,3744447,36058
2023-05-14,Madera,039,155013,46815,8992,55807,377
2023-05-14,Marin,041,260295,41573,5746,47319,260
2023-05-14,Mariposa,043,17540,3386,360,3746,31
2023-05-14,Mendocino,045,87422,17033,4859,21892,146
2023-05-14,Merced,047,269075,78124,13069,91193,903
2023-05-14,Modoc,049,8938,985,393,1378,11
2023-05-14,Mono,051,14174,3344,310,3654,8
2023-05-14,Monterey,053,433212,98878,24993,123871,812
2023-05-14,Napa,055,140530,35008,1545,36553,176
2023-05-14,Nevada,057,99092,20460,2382,22842,139
2023-05-14,Orange,059,3164182,720363,80583,800946,8153
2023-05-14,Placer,061,380077,82322,10473,92795,685
2023-05-14,Plumas,063,18699,3866,464,4330,15
2023-05-14,Riverside,065,2383286,740407,42782,783189,6854
2023-05-14,Sacramento,067,1510023,376950,39175,416125,3597
2023-05-14,San Benito,069,59416,17851,1158,19009,116
2023-05-14,San Bernardino,071,2135413,715561,35147,750708,8139
2023-05-14,San Diego,073,3302833,994683,82635,1077318,5866
2023-05-14,San Francisco,075,870044,199921,13742,213663,1214
2023-05-14,San Joaquin,077,732212,212380,17246,229626,2453
2023-05-14,San Luis Obispo,079,281455,67034,8392,75426,577
2023-05-14,San Mateo,081,765935,186205,11344,197549,747
2023-05-14,Santa Barbara,083,443738,113281,7920,121201,769
2023-05-14,Santa Clara,085,1922200,483365,21953,505318,2800
2023-05-14,Santa Cruz,087,273765,69445,4152,73597,276
2023-05-14,Shasta,089,179085,36728,8448,45176,612
2023-05-14,Sierra,091,2930,313,61,374,5
2023-05-14,Siskiyou,093,43540,5531,3500,9031,96
2023-05-14,Solano,095,438530,115416,8893,124309,476
2023-05-14,Sonoma,097,501317,115214,5862,121076,572
2023-05-14,Stanislaus,099,539301,146620,23447,170067,1842
2023-05-14,Sutter,101,95872,26015,2555,28570,241
2023-05-14,Tehama,103,63373,14579,3479,18058,237
2023-05-14,Trinity,105,12862,1482,523,2005,24
2023-05-14,Tulare,107,460477,129591,41331,170922,1597
2023-05-14,Tuolumne,109,53932,17036,1097,18133,211
2023-05-14,Ventura,111,848112,222559,18367,240926,1703
2023-05-14,Yolo,113,214977,50625,5106,55731,454
2023-05-14,Yuba,115,75493,20250,1948,22198,134
2023-05-13,Alameda,001,1643700,386209,23153,409362,2156
2023-05-13,Alpine,002,1148,139,4,143,0
2023-05-13,Amador,005,37829,10691,1016,11707,98
2023-05-13,Butte,007,227075,42061,10542,52603,499
2023-05-13,Calaveras,009,45235,9091,649,9740,143
2023-05-13,Colusa,011,21464,4031,1396,5427,24
2023-05-13,Contra Costa,013,1133247,277305,22688,299993,1594
2023-05-13,Del Norte,015,27424,7976,494,8470,61
2023-05-13,El Dorado,017,186661,35026,4611,39637,247
2023-05-13,Fresno,019,978130,297731,35663,333394,3029
2023-05-13,Glenn,021,27897,5844,2045,7889,56
2023-05-13,Humboldt,023,135768,23568,5992,29560,171
2023-05-13,Imperial,025,180216,71642,19753,91395,983
2023-05-13,Inyo,027,18085,4822,1350,6172,63
2023-05-13,Kern,029,883053,232200,74649,306849,2499
2023-05-13,Kings,031,150075,63290,4541,67831,486
2023-05-13,Lake,033,64148,13788,1283,15071,164
2023-05-13,Lassen,035,31185,10299,1074,11373,65
2023-05-13,Los Angeles,037,10098052,3519712,224662,3744374,36058
2023-05-13,Madera,039,155013,46815,8992,55807,377
2023-05-13,Marin,041,260295,41567,5746,47313,260
2023-05-13,Mariposa,043,17540,3386,360,3746,31
2023-05-13,Mendocino,045,87422,17032,4859,21891,146
2023-05-13,Merced,047,269075,78123,13069,91192,903
2023-05-13,Modoc,049,8938,985,393,1378,11
2023-05-13,Mono,051,14174,3344,310,3654,8
2023-05-13,Monterey,053,433212,98875,24987,123862,812
2023-05-13,Napa,055,140530,35008,1545,36553,176
2023-05-13,Nevada,057,99092,20459,2382,22841,139
2023-05-13,Orange,059,3164182,720328,80556,800884,8153
2023-05-13,Placer,061,380077,82312,10473,92785,685
2023-05-13,Plumas,063,18699,3866,464,4330,15
2023-05-13,Riverside,065,2383286,740396,42776,783172,6854
2023-05-13,Sacramento,067,1510023,376921,39173,416094,3597
2023-05-13,San Benito,069,59416,17850,1157,19007,116
2023-05-13,San Bernardino,071,2135413,715543,35145,750688,8139
2023-05-13,San Diego,073,3302833,994630,82629,1077259,5866
2023-05-13,San Francisco,075,870044,199901,13742,213643,1214
2023-05-13,San Joaquin,077,732212,212368,17245,229613,2453
2023-05-13,San Luis Obispo,079,281455,67033,8391,75424,577
2023-05-13,San Mateo,081,765935,186197,11343,197540,747
2023-05-13,Santa Barbara,083,443738,113275,7920,121195,769
2023-05-13,Santa Clara,085,1922200,483323,21950,505273,2800
2023-05-13,Santa Cruz,087,273765,69443,4151,73594,276
2023-05-13,Shasta,089,179085,36728,8448,45176,612
2023-05-13,Sierra,091,2930,313,61,374,5
2023-05-13,Siskiyou,093,43540,5530,3500,9030,96
2023-05-13,Solano,095,438530,115412,8892,124304,476
2023-05-13,Sonoma,097,501317,115208,5862,121070,572
2023-05-13,Stanislaus,099,539301,146614,23447,170061,1842
2023-05-13,Sutter,101,95872,26012,2555,28567,241
2023-05-13,Tehama,103,63373,14579,3478,18057,237
2023-05-13,Trinity,105,12862,1482,523,2005,24
2023-05-13,Tulare,107,460477,129591,41329,170920,1597
2023-05-13,Tuolumne,109,53932,17035,1097,18132,211
2023-05-13,Ventura,111,848112,222552,18366,240918,1703
2023-05-13,Yolo,113,214977,50620,5105,55725,454
2023-05-13,Yuba,115,75493,20249,1948,22197,134
2023-05-12,Alameda,001,1643700,386177,23151,409328,2156
2023-05-12,Alpine,002,1148,139,4,143,0
2023-05-12,Amador,005,37829,10691,1016,11707,98
2023-05-12,Butte,007,227075,42059,10538,52597,499
2023-05-12,Calaveras,009,45235,9091,649,9740,143
2023-05-12,Colusa,011,21464,4031,1396,5427,24
2023-05-12,Contra Costa,013,1133247,277280,22686,299966,1594
2023-05-12,Del Norte,015,27424,7975,494,8469,61
2023-05-12,El Dorado,017,186661,35024,4611,39635,247
2023-05-12,Fresno,019,978130,297713,35662,333375,3029
2023-05-12,Glenn,021,27897,5844,2045,7889,56
2023-05-12,Humboldt,023,135768,23567,5992,29559,171
2023-05-12,Imperial,025,180216,71640,19751,91391,983
2023-05-12,Inyo,027,18085,4822,1350,6172,63
2023-05-12,Kern,029,883053,232194,74644,306838,2499
2023-05-12,Kings,031,150075,63289,4541,67830,486
2023-05-12,Lake,033,64148,13788,1283,15071,164
2023-05-12,Lassen,035,31185,10299,1074,11373,65
2023-05-12,Los Angeles,037,10098052,3519628,224638,3744266,36058
2023-05-12,Madera,039,155013,46815,8992,55807,377
2023-05-12,Marin,041,260295,41562,5746,47308,260
2023-05-12,Mariposa,043,17540,3386,360,3746,31
2023-05-12,Mendocino,045,87422,17029,4859,21888,146
2023-05-12,Merced,047,269075,78119,13069,91188,903
2023-05-12,Modoc,049,8938,985,393,1378,11
2023-05-12,Mono,051,14174,3344,310,3654,8
2023-05-12,Monterey,053,433212,98875,24984,123859,812
2023-05-12,Napa,055,140530,35008,1545,36553,176
2023-05-12,Nevada,057,99092,20455,2382,22837,139
2023-05-12,Orange,059,3164182,720295,80539,800834,8153
2023-05-12,Placer,061,380077,82303,10473,92776,685
2023-05-12,Plumas,063,18699,3866,464,4330,15
2023-05-12,Riverside,065,2383286,740380,42771,783151,6854
2023-05-12,Sacramento,067,1510023,376890,39171,416061,3597
2023-05-12,San Benito,069,59416,17848,1157,19005,116
2023-05-12,San Bernardino,071,2135413,715526,35144,750670,8139
2023-05-12,San Diego,073,3302833,994575,82628,1077203,5866
2023-05-12,San Francisco,075,870044,199884,13739,213623,1214
2023-05-12,San Joaquin,077,732212,212354,17245,229599,2453
2023-05-12,San Luis Obispo,079,281455,67028,8390,75418,577
2023-05-12,San Mateo,081,765935,186174,11343,197517,747
2023-05-12,Santa Barbara,083,443738,113262,7920,121182,769
2023-05-12,Santa Clara,085,1922200,483272,21946,505218,2800
2023-05-12,Santa Cruz,087,273765,69437,4150,73587,276
2023-05-12,Shasta,089,179085,36726,8447,45173,612
2023-05-12,Sierra,091,2930,313,61,374,5
2023-05-12,Siskiyou,093,43540,5529,3500,9029,96
2023-05-12,Solano,095,438530,115409,8891,124300,476
2023-05-12,Sonoma,097,501317,115202,5862,121064,572
2023-05-12,Stanislaus,099,539301,146604,23446,170050,1842
2023-05-12,Sutter,101,95872,26010,2555,28565,241
2023-05-12,Tehama,103,63373,14578,3478,18056,237
2023-05-12,Trinity,105,12862,1482,523,2005,24
2023-05-12,Tulare,107,460477,129591,41322,170913,1597
2023-05-12,Tuolumne,109,53932,17035,1097,18132,211
2023-05-12,Ventura,111,848112,222540,18362,240902,1703
2023-05-12,Yolo,113,214977,50618,5105,55723,454
2023-05-12,Yuba,115,75493,20248,1948,22196,134
2023-05-11,Alameda,001,1643700,386116,23138,409254,2156
2023-05-11,Alpine,002,1148,139,4,143,0
2023-05-11,Amador,005,37829,10691,1016,11707,98
2023-05-11,Butte,007,227075,42058,10534,52592,499
2023-05-11,Calaveras,009,45235,9089,649,9738,143
2023-05-11,Colusa,011,21464,4031,1396,5427,24
2023-05-11,Contra Costa,013,1133247,277241,22684,299925,1594
2023-05-11,Del Norte,015,27424,7975,494,8469,61
2023-05-11,El Dorado,017,186661,35019,4611,39630,247
2023-05-11,Fresno,019,978130,297690,35660,333350,3029
2023-05-11,Glenn,021,27897,5844,2044,7888,56
2023-05-11,Humboldt,023,135768,23565,5990,29555,171
2023-05-11,Imperial,025,180216,71637,19748,91385,983
2023-05-11,Inyo,027,18085,4821,1350,6171,63
2023-05-11,Kern,029,883053,232185,74638,306823,2499
2023-05-11,Kings,031,150075,63287,4541,67828,486
2023-05-11,Lake,033,64148,13787,1283,15070,164
2023-05-11,Lassen,035,31185,10298,1074,11372,65
2023-05-11,Los Angeles,037,10098052,3519480,224604,3744084,36057
2023-05-11,Madera,039,155013,46811,8991,55802,377
2023-05-11,Marin,041,260295,41552,5745,47297,260
2023-05-11,Mariposa,043,17540,3386,360,3746,31
2023-05-11,Mendocino,045,87422,17029,4859,21888,146
2023-05-11,Merced,047,269075,78112,13069,91181,903
2023-05-11,Modoc,049,8938,985,393,1378,11
2023-05-11,Mono,051,14174,3344,310,3654,8
2023-05-11,Monterey,053,433212,98870,24978,123848,812
2023-05-11,Napa,055,140530,35005,1545,36550,176
2023-05-11,Nevada,057,99092,20449,2382,22831,139
2023-05-11,Orange,059,3164182,720257,80516,800773,8153
2023-05-11,Placer,061,380077,82289,10473,92762,685
2023-05-11,Plumas,063,18699,3866,464,4330,15
2023-05-11,Riverside,065,2383286,740343,42761,783104,6854
2023-05-11,Sacramento,067,1510023,376824,39162,415986,3597
2023-05-11,San Benito,069,59416,17847,1157,19004,116
2023-05-11,San Bernardino,071,2135413,715500,35140,750640,8139
2023-05-11,San Diego,073,3302833,994506,82619,1077125,5866
2023-05-11,San Francisco,075,870044,199860,13731,213591,1214
2023-05-11,San Joaquin,077,732212,212333,17243,229576,2453
2023-05-11,San Luis Obispo,079,281455,67023,8389,75412,577
2023-05-11,San Mateo,081,765935,186161,11343,197504,747
2023-05-11,Santa Barbara,083,443738,113250,7919,121169,769
2023-05-11,Santa Clara,085,1922200,483217,21939,505156,2800
2023-05-11,Santa Cruz,087,273765,69427,4150,73577,276
2023-05-11,Shasta,089,179085,36723,8447,45170,612
2023-05-11,Sierra,091,2930,313,61,374,5
2023-05-11,Siskiyou,093,43540,5527,3500,9027,96
2023-05-11,Solano,095,438530,115399,8891,124290,476
2023-05-11,Sonoma,097,501317,115187,5861,121048,572
2023-05-11,Stanislaus,099,539301,146593,23440,170033,1842
2023-05-11,Sutter,101,95872,26006,2555,28561,241
2023-05-11,Tehama,103,63373,14576,3476,18052,237
2023-05-11,Trinity,105,12862,1481,522,2003,24
2023-05-11,Tulare,107,460477,129589,41317,170906,1597
2023-05-11,Tuolumne,109,53932,17034,1097,18131,211
2023-05-11,Ventura,111,848112,222521,18355,240876,1703
2023-05-11,Yolo,113,214977,50613,5104,55717,454
2023-05-11,Yuba,115,75493,20245,1948,22193,134
2023-05-10,Alameda,001,1643700,386053,23126,409179,2155
2023-05-10,Alpine,002,1148,139,4,143,0
2023-05-10,Amador,005,37829,10691,1016,11707,98
2023-05-10,Butte,007,227075,42041,10528,52569,499
2023-05-10,Calaveras,009,45235,9087,649,9736,143
2023-05-10,Colusa,011,21464,4030,1396,5426,24
2023-05-10,Contra Costa,013,1133247,277195,22681,299876,1594
2023-05-10,Del Norte,015,27424,7974,494,8468,61
2023-05-10,El Dorado,017,186661,35017,4608,39625,247
2023-05-10,Fresno,019,978130,297673,35656,333329,3029
2023-05-10,Glenn,021,27897,5844,2044,7888,56
2023-05-10,Humboldt,023,135768,23562,5989,29551,171
2023-05-10,Imperial,025,180216,71622,19742,91364,983
2023-05-10,Inyo,027,18085,4819,1350,6169,63
2023-05-10,Kern,029,883053,232177,74634,306811,2499
2023-05-10,Kings,031,150075,63282,4541,67823,486
2023-05-10,Lake,033,64148,13783,1283,15066,164
2023-05-10,Lassen,035,31185,10295,1074,11369,65
2023-05-10,Los Angeles,037,10098052,3519276,224569,3743845,36057
2023-05-10,Madera,039,155013,46805,8988,55793,377
2023-05-10,Marin,041,260295,41544,5744,47288,260
2023-05-10,Mariposa,043,17540,3386,360,3746,31
2023-05-10,Mendocino,045,87422,17029,4859,21888,146
2023-05-10,Merced,047,269075,78108,13069,91177,903
2023-05-10,Modoc,049,8938,985,393,1378,11
2023-05-10,Mono,051,14174,3344,310,3654,8
2023-05-10,Monterey,053,433212,98861,24973,123834,812
2023-05-10,Napa,055,140530,35001,1544,36545,176
2023-05-10,Nevada,057,99092,20449,2382,22831,139
2023-05-10,Orange,059,3164182,720182,80487,800669,8153
2023-05-10,Placer,061,380077,82279,10472,92751,685
2023-05-10,Plumas,063,18699,3864,464,4328,15
2023-05-10,Riverside,065,2383286,740304,42760,783064,6854
2023-05-10,Sacramento,067,1510023,376767,39154,415921,3597
2023-05-10,San Benito,069,59416,17847,1157,19004,116
2023-05-10,San Bernardino,071,2135413,715441,35135,750576,8139
2023-05-10,San Diego,073,3302833,994428,82605,1077033,5866
2023-05-10,San Francisco,075,870044,199832,13730,213562,1214
2023-05-10,San Joaquin,077,732212,212306,17238,229544,2453
2023-05-10,San Luis Obispo,079,281455,67019,8389,75408,577
2023-05-10,San Mateo,081,765935,186136,11341,197477,747
2023-05-10,Santa Barbara,083,443738,113242,7915,121157,769
2023-05-10,Santa Clara,085,1922200,483157,21930,505087,2800
2023-05-10,Santa Cruz,087,273765,69423,4149,73572,276
2023-05-10,Shasta,089,179085,36719,8447,45166,612
2023-05-10,Sierra,091,2930,313,61,374,5
2023-05-10,Siskiyou,093,43540,5525,3500,9025,96
2023-05-10,Solano,095,438530,115388,8890,124278,476
2023-05-10,Sonoma,097,501317,115169,5861,121030,572
2023-05-10,Stanislaus,099,539301,146579,23438,170017,1842
2023-05-10,Sutter,101,95872,26002,2555,28557,241
2023-05-10,Tehama,103,63373,14576,3476,18052,237
2023-05-10,Trinity,105,12862,1481,516,1997,24
2023-05-10,Tulare,107,460477,129580,41314,170894,1597
2023-05-10,Tuolumne,109,53932,17034,1097,18131,211
2023-05-10,Ventura,111,848112,222507,18352,240859,1703
2023-05-10,Yolo,113,214977,50610,5103,55713,454
2023-05-10,Yuba,115,75493,20243,1947,22190,134
2023-05-09,Alameda,001,1643700,385990,23121,409111,2155
2023-05-09,Alpine,002,1148,139,4,143,0
2023-05-09,Amador,005,37829,10690,1016,11706,98
2023-05-09,Butte,007,227075,42021,10526,52547,499
2023-05-09,Calaveras,009,45235,9086,648,9734,143
2023-05-09,Colusa,011,21464,4030,1396,5426,24
2023-05-09,Contra Costa,013,1133247,277153,22679,299832,1594
2023-05-09,Del Norte,015,27424,7974,494,8468,61
2023-05-09,El Dorado,017,186661,35010,4607,39617,247
2023-05-09,Fresno,019,978130,297648,35650,333298,3029
2023-05-09,Glenn,021,27897,5844,2044,7888,56
2023-05-09,Humboldt,023,135768,23562,5987,29549,171
2023-05-09,Imperial,025,180216,71613,19730,91343,983
2023-05-09,Inyo,027,18085,4817,1349,6166,63
2023-05-09,Kern,029,883053,232165,74620,306785,2499
2023-05-09,Kings,031,150075,63276,4540,67816,486
2023-05-09,Lake,033,64148,13779,1283,15062,164
2023-05-09,Lassen,035,31185,10295,1074,11369,65
2023-05-09,Los Angeles,037,10098052,3519054,224521,3743575,36056
2023-05-09,Madera,039,155013,46802,8986,55788,377
2023-05-09,Marin,041,260295,41534,5741,47275,260
2023-05-09,Mariposa,043,17540,3386,360,3746,31
2023-05-09,Mendocino,045,87422,17029,4859,21888,146
2023-05-09,Merced,047,269075,78107,13068,91175,903
2023-05-09,Modoc,049,8938,985,393,1378,11
2023-05-09,Mono,051,14174,3344,308,3652,8
2023-05-09,Monterey,053,433212,98858,24963,123821,812
2023-05-09,Napa,055,140530,34998,1543,36541,176
2023-05-09,Nevada,057,99092,20447,2382,22829,139
2023-05-09,Orange,059,3164182,720110,80467,800577,8153
2023-05-09,Placer,061,380077,82271,10471,92742,685
2023-05-09,Plumas,063,18699,3864,464,4328,15
2023-05-09,Riverside,065,2383286,740251,42752,783003,6854
2023-05-09,Sacramento,067,1510023,376704,39142,415846,3597
2023-05-09,San Benito,069,59416,17844,1157,19001,116
2023-05-09,San Bernardino,071,2135413,715401,35125,750526,8139
2023-05-09,San Diego,073,3302833,994339,82592,1076931,5866
2023-05-09,San Francisco,075,870044,199808,13725,213533,1214
2023-05-09,San Joaquin,077,732212,212283,17234,229517,2453
2023-05-09,San Luis Obispo,079,281455,67012,8385,75397,577
2023-05-09,San Mateo,081,765935,186106,11339,197445,747
2023-05-09,Santa Barbara,083,443738,113231,7914,121145,769
2023-05-09,Santa Clara,085,1922200,483085,21922,505007,2800
2023-05-09,Santa Cruz,087,273765,69417,4148,73565,276
2023-05-09,Shasta,089,179085,36719,8447,45166,612
2023-05-09,Sierra,091,2930,313,61,374,5
2023-05-09,Siskiyou,093,43540,5524,3500,9024,96
2023-05-09,Solano,095,438530,115374,8890,124264,476
2023-05-09,Sonoma,097,501317,115159,5860,121019,572
2023-05-09,Stanislaus,099,539301,146555,23437,169992,1842
2023-05-09,Sutter,101,95872,26000,2555,28555,241
2023-05-09,Tehama,103,63373,14574,3475,18049,237
2023-05-09,Trinity,105,12862,1481,513,1994,24
2023-05-09,Tulare,107,460477,129576,41305,170881,1597
2023-05-09,Tuolumne,109,53932,17033,1094,18127,211
2023-05-09,Ventura,111,848112,222493,18348,240841,1703
2023-05-09,Yolo,113,214977,50606,5103,55709,454
2023-05-09,Yuba,115,75493,20239,1941,22180,134
2023-05-08,Alameda,001,1643700,385925,23114,409039,2155
2023-05-08,Alpine,002,1148,139,4,143,0
2023-05-08,Amador,005,37829,10690,1016,11706,98
2023-05-08,Butte,007,227075,42016,10526,52542,499
2023-05-08,Calaveras,009,45235,9086,647,9733,143
2023-05-08,Colusa,011,21464,4028,1396,5424,24
2023-05-08,Contra Costa,013,1133247,277118,22672,299790,1594
2023-05-08,Del Norte,015,27424,7973,494,8467,61
2023-05-08,El Dorado,017,186661,35007,4606,39613,247
2023-05-08,Fresno,019,978130,297613,35649,333262,3029
2023-05-08,Glenn,021,27897,5842,2044,7886,56
2023-05-08,Humboldt,023,135768,23561,5985,29546,171
2023-05-08,Imperial,025,180216,71596,19728,91324,983
2023-05-08,Inyo,027,18085,4815,1348,6163,63
2023-05-08,Kern,029,883053,232154,74601,306755,2499
2023-05-08,Kings,031,150075,63269,4540,67809,486
2023-05-08,Lake,033,64148,13778,1283,15061,164
2023-05-08,Lassen,035,31185,10295,1074,11369,65
2023-05-08,Los Angeles,037,10098052,3518809,224464,3743273,36056
2023-05-08,Madera,039,155013,46798,8983,55781,377
2023-05-08,Marin,041,260295,41520,5741,47261,260
2023-05-08,Mariposa,043,17540,3386,360,3746,31
2023-05-08,Mendocino,045,87422,17029,4859,21888,146
2023-05-08,Merced,047,269075,78097,13068,91165,903
2023-05-08,Modoc,049,8938,982,393,1375,11
2023-05-08,Mono,051,14174,3344,308,3652,8
2023-05-08,Monterey,053,433212,98856,24955,123811,812
2023-05-08,Napa,055,140530,34987,1542,36529,176
2023-05-08,Nevada,057,99092,20446,2382,22828,139
2023-05-08,Orange,059,3164182,720035,80440,800475,8153
2023-05-08,Placer,061,380077,82264,10469,92733,685
2023-05-08,Plumas,063,18699,3864,464,4328,15
2023-05-08,Riverside,065,2383286,740200,42738,782938,6854
2023-05-08,Sacramento,067,1510023,376644,39130,415774,3597
2023-05-08,San Benito,069,59416,17840,1156,18996,116
2023-05-08,San Bernardino,071,2135413,715347,35121,750468,8139
2023-05-08,San Diego,073,3302833,994254,82570,1076824,5866
2023-05-08,San Francisco,075,870044,199786,13715,213501,1214
2023-05-08,San Joaquin,077,732212,212259,17221,229480,2453
2023-05-08,San Luis Obispo,079,281455,67007,8383,75390,577
2023-05-08,San Mateo,081,765935,186081,11334,197415,747
2023-05-08,Santa Barbara,083,443738,113222,7910,121132,769
2023-05-08,Santa Clara,085,1922200,483017,21910,504927,2800
2023-05-08,Santa Cruz,087,273765,69413,4146,73559,276
2023-05-08,Shasta,089,179085,36717,8447,45164,612
2023-05-08,Sierra,091,2930,313,61,374,5
2023-05-08,Siskiyou,093,43540,5523,3499,9022,96
2023-05-08,Solano,095,438530,115362,8884,124246,476
2023-05-08,Sonoma,097,501317,115139,5860,120999,572
2023-05-08,Stanislaus,099,539301,146537,23422,169959,1842
2023-05-08,Sutter,101,95872,25997,2555,28552,241
2023-05-08,Tehama,103,63373,14571,3475,18046,237
2023-05-08,Trinity,105,12862,1481,512,1993,24
2023-05-08,Tulare,107,460477,129571,41296,170867,1597
2023-05-08,Tuolumne,109,53932,17033,1092,18125,211
2023-05-08,Ventura,111,848112,222478,18345,240823,1703
2023-05-08,Yolo,113,214977,50597,5099,55696,454
2023-05-08,Yuba,115,75493,20237,1939,22176,134
2023-05-07,Alameda,001,1643700,385843,23109,408952,2155
2023-05-07,Alpine,002,1148,139,4,143,0
2023-05-07,Amador,005,37829,10689,1016,11705,98
2023-05-07,Butte,007,227075,42009,10521,52530,499
2023-05-07,Calaveras,009,45235,9085,647,9732,143
2023-05-07,Colusa,011,21464,4028,1396,5424,24
2023-05-07,Contra Costa,013,1133247,277073,22667,299740,1594
2023-05-07,Del Norte,015,27424,7973,494,8467,61
2023-05-07,El Dorado,017,186661,35000,4605,39605,247
2023-05-07,Fresno,019,978130,297575,35642,333217,3029
2023-05-07,Glenn,021,27897,5842,2044,7886,56
2023-05-07,Humboldt,023,135768,23558,5985,29543,171
2023-05-07,Imperial,025,180216,71574,19722,91296,983
2023-05-07,Inyo,027,18085,4815,1348,6163,63
2023-05-07,Kern,029,883053,232140,74588,306728,2499
2023-05-07,Kings,031,150075,63264,4540,67804,486
2023-05-07,Lake,033,64148,13774,1283,15057,164
2023-05-07,Lassen,035,31185,10295,1073,11368,65
2023-05-07,Los Angeles,037,10098052,3518494,224403,3742897,36054
2023-05-07,Madera,039,155013,46795,8982,55777,377
2023-05-07,Marin,041,260295,41514,5741,47255,260
2023-05-07,Mariposa,043,17540,3386,360,3746,31
2023-05-07,Mendocino,045,87422,17029,4856,21885,146
2023-05-07,Merced,047,269075,78092,13067,91159,903
2023-05-07,Modoc,049,8938,982,393,1375,11
2023-05-07,Mono,051,14174,3344,308,3652,8
2023-05-07,Monterey,053,433212,98847,24943,123790,812
2023-05-07,Napa,055,140530,34983,1542,36525,176
2023-05-07,Nevada,057,99092,20444,2382,22826,139
2023-05-07,Orange,059,3164182,719944,80409,800353,8153
2023-05-07,Placer,061,380077,82246,10469,92715,685
2023-05-07,Plumas,063,18699,3864,464,4328,15
2023-05-07,Riverside,065,2383286,740154,42720,782874,6854
2023-05-07,Sacramento,067,1510023,376579,39113,415692,3597
2023-05-07,San Benito,069,59416,17837,1156,18993,116
2023-05-07,San Bernardino,071,2135413,715299,35118,750417,8139
2023-05-07,San Diego,073,3302833,994172,82552,1076724,5866
2023-05-07,San Francisco,075,870044,199743,13712,213455,1214
2023-05-07,San Joaquin,077,732212,212233,17219,229452,2453
2023-05-07,San Luis Obispo,079,281455,66996,8381,75377,577
2023-05-07,San Mateo,081,765935,186058,11333,197391,747
2023-05-07,Santa Barbara,083,443738,113209,7907,121116,769
2023-05-07,Santa Clara,085,1922200,482938,21896,504834,2800
2023-05-07,Santa Cruz,087,273765,69403,4142,73545,276
2023-05-07,Shasta,089,179085,36713,8447,45160,612
2023-05-07,Sierra,091,2930,313,61,374,5
2023-05-07,Siskiyou,093,43540,5523,3499,9022,96
2023-05-07,Solano,095,438530,115343,8881,124224,476
2023-05-07,Sonoma,097,501317,115124,5860,120984,572
2023-05-07,Stanislaus,099,539301,146523,23412,169935,1842
2023-05-07,Sutter,101,95872,25994,2555,28549,241
2023-05-07,Tehama,103,63373,14566,3474,18040,237
2023-05-07,Trinity,105,12862,1481,512,1993,24
2023-05-07,Tulare,107,460477,129560,41288,170848,1597
2023-05-07,Tuolumne,109,53932,17030,1091,18121,211
2023-05-07,Ventura,111,848112,222452,18344,240796,1703
2023-05-07,Yolo,113,214977,50595,5096,55691,454
2023-05-07,Yuba,115,75493,20236,1939,22175,134
2023-05-06,Alameda,001,1643700,385803,23109,408912,2155
2023-05-06,Alpine,002,1148,139,4,143,0
2023-05-06,Amador,005,37829,10689,1016,11705,98
2023-05-06,Butte,007,227075,42007,10519,52526,499
2023-05-06,Calaveras,009,45235,9085,647,9732,143
2023-05-06,Colusa,011,21464,4028,1396,5424,24
2023-05-06,Contra Costa,013,1133247,277048,22664,299712,1594
2023-05-06,Del Norte,015,27424,7972,494,8466,61
2023-05-06,El Dorado,017,186661,34997,4605,39602,247
2023-05-06,Fresno,019,978130,297553,35641,333194,3029
2023-05-06,Glenn,021,27897,5842,2044,7886,56
2023-05-06,Humboldt,023,135768,23556,5985,29541,171
2023-05-06,Imperial,025,180216,71569,19721,91290,983
2023-05-06,Inyo,027,18085,4815,1348,6163,63
2023-05-06,Kern,029,883053,232131,74578,306709,2499
2023-05-06,Kings,031,150075,63259,4540,67799,486
2023-05-06,Lake,033,64148,13773,1283,15056,164
2023-05-06,Lassen,035,31185,10294,1073,11367,65
2023-05-06,Los Angeles,037,10098052,3518313,224386,3742699,36053
2023-05-06,Madera,039,155013,46793,8982,55775,377
2023-05-06,Marin,041,260295,41510,5737,47247,260
2023-05-06,Mariposa,043,17540,3386,360,3746,31
2023-05-06,Mendocino,045,87422,17028,4856,21884,146
2023-05-06,Merced,047,269075,78089,13067,91156,903
2023-05-06,Modoc,049,8938,982,393,1375,11
2023-05-06,Mono,051,14174,3344,308,3652,8
2023-05-06,Monterey,053,433212,98842,24939,123781,812
2023-05-06,Napa,055,140530,34978,1542,36520,176
2023-05-06,Nevada,057,99092,20438,2382,22820,139
2023-05-06,Orange,059,3164182,719903,80380,800283,8153
2023-05-06,Placer,061,380077,82225,10469,92694,685
2023-05-06,Plumas,063,18699,3864,464,4328,15
2023-05-06,Riverside,065,2383286,740133,42708,782841,6854
2023-05-06,Sacramento,067,1510023,376538,39106,415644,3597
2023-05-06,San Benito,069,59416,17834,1156,18990,116
2023-05-06,San Bernardino,071,2135413,715256,35117,750373,8139
2023-05-06,San Diego,073,3302833,994113,82545,1076658,5865
2023-05-06,San Francisco,075,870044,199723,13708,213431,1214
2023-05-06,San Joaquin,077,732212,212216,17217,229433,2453
2023-05-06,San Luis Obispo,079,281455,66992,8379,75371,577
2023-05-06,San Mateo,081,765935,186039,11331,197370,747
2023-05-06,Santa Barbara,083,443738,113198,7906,121104,768
2023-05-06,Santa Clara,085,1922200,482887,21891,504778,2800
2023-05-06,Santa Cruz,087,273765,69398,4140,73538,276
2023-05-06,Shasta,089,179085,36712,8447,45159,612
2023-05-06,Sierra,091,2930,313,61,374,5
2023-05-06,Siskiyou,093,43540,5521,3499,9020,96
2023-05-06,Solano,095,438530,115334,8880,124214,476
2023-05-06,Sonoma,097,501317,115119,5859,120978,572
2023-05-06,Stanislaus,099,539301,146518,23412,169930,1842
2023-05-06,Sutter,101,95872,25994,2555,28549,241
2023-05-06,Tehama,103,63373,14565,3473,18038,237
2023-05-06,Trinity,105,12862,1481,512,1993,24
2023-05-06,Tulare,107,460477,129556,41280,170836,1597
2023-05-06,Tuolumne,109,53932,17030,1090,18120,211
2023-05-06,Ventura,111,848112,222446,18343,240789,1703
2023-05-06,Yolo,113,214977,50593,5096,55689,454
2023-05-06,Yuba,115,75493,20235,1934,22169,134
2023-05-05,Alameda,001,1643700,385739,23106,408845,2155
2023-05-05,Alpine,002,1148,139,4,143,0
2023-05-05,Amador,005,37829,10688,1016,11704,98
2023-05-05,Butte,007,227075,42006,10517,52523,499
2023-05-05,Calaveras,009,45235,9084,647,9731,143
2023-05-05,Colusa,011,21464,4028,1396,5424,24
2023-05-05,Contra Costa,013,1133247,277018,22663,299681,1594
2023-05-05,Del Norte,015,27424,7972,494,8466,61
2023-05-05,El Dorado,017,186661,34995,4605,39600,247
2023-05-05,Fresno,019,978130,297533,35639,333172,3029
2023-05-05,Glenn,021,27897,5841,2044,7885,56
2023-05-05,Humboldt,023,135768,23556,5985,29541,171
2023-05-05,Imperial,025,180216,71564,19717,91281,983
2023-05-05,Inyo,027,18085,4814,1345,6159,63
2023-05-05,Kern,029,883053,232126,74574,306700,2499
2023-05-05,Kings,031,150075,63256,4538,67794,486
2023-05-05,Lake,033,64148,13773,1283,15056,164
2023-05-05,Lassen,035,31185,10294,1073,11367,65
2023-05-05,Los Angeles,037,10098052,3518161,224343,3742504,36050
2023-05-05,Madera,039,155013,46788,8982,55770,377
2023-05-05,Marin,041,260295,41504,5736,47240,260
2023-05-05,Mariposa,043,17540,3386,360,3746,31
2023-05-05,Mendocino,045,87422,17027,4856,21883,146
2023-05-05,Merced,047,269075,78086,13066,91152,903
2023-05-05,Modoc,049,8938,982,393,1375,11
2023-05-05,Mono,051,14174,3344,308,3652,8
2023-05-05,Monterey,053,433212,98839,24936,123775,812
2023-05-05,Napa,055,140530,34976,1541,36517,176
2023-05-05,Nevada,057,99092,20438,2382,22820,139
2023-05-05,Orange,059,3164182,719847,80367,800214,8153
2023-05-05,Placer,061,380077,82218,10467,92685,685
2023-05-05,Plumas,063,18699,3863,464,4327,15
2023-05-05,Riverside,065,2383286,740113,42696,782809,6854
2023-05-05,Sacramento,067,1510023,376514,39105,415619,3597
2023-05-05,San Benito,069,59416,17834,1156,18990,116
2023-05-05,San Bernardino,071,2135413,715236,35115,750351,8139
2023-05-05,San Diego,073,3302833,994051,82540,1076591,5865
2023-05-05,San Francisco,075,870044,199705,13699,213404,1214
2023-05-05,San Joaquin,077,732212,212194,17216,229410,2453
2023-05-05,San Luis Obispo,079,281455,66989,8378,75367,577
2023-05-05,San Mateo,081,765935,186021,11330,197351,747
2023-05-05,Santa Barbara,083,443738,113190,7904,121094,768
2023-05-05,Santa Clara,085,1922200,482840,21883,504723,2800
2023-05-05,Santa Cruz,087,273765,69391,4140,73531,276
2023-05-05,Shasta,089,179085,36710,8445,45155,612
2023-05-05,Sierra,091,2930,313,61,374,5
2023-05-05,Siskiyou,093,43540,5520,3498,9018,96
2023-05-05,Solano,095,438530,115333,8880,124213,476
2023-05-05,Sonoma,097,501317,115112,5859,120971,572
2023-05-05,Stanislaus,099,539301,146512,23410,169922,1842
2023-05-05,Sutter,101,95872,25993,2555,28548,241
2023-05-05,Tehama,103,63373,14565,3473,18038,237
2023-05-05,Trinity,105,12862,1481,512,1993,24
2023-05-05,Tulare,107,460477,129548,41279,170827,1597
2023-05-05,Tuolumne,109,53932,17030,1089,18119,211
2023-05-05,Ventura,111,848112,222436,18337,240773,1703
2023-05-05,Yolo,113,214977,50589,5094,55683,454
2023-05-05,Yuba,115,75493,20235,1933,22168,134
2023-05-04,Alameda,001,1643700,385691,23102,408793,2155
2023-05-04,Alpine,002,1148,139,4,143,0
2023-05-04,Amador,005,37829,10687,1016,11703,98
2023-05-04,Butte,007,227075,42003,10515,52518,499
2023-05-04,Calaveras,009,45235,9084,647,9731,143
2023-05-04,Colusa,011,21464,4028,1395,5423,24
2023-05-04,Contra Costa,013,1133247,276990,22662,299652,1594
2023-05-04,Del Norte,015,27424,7971,494,8465,61
2023-05-04,El Dorado,017,186661,34991,4603,39594,247
2023-05-04,Fresno,019,978130,297507,35633,333140,3029
2023-05-04,Glenn,021,27897,5841,2044,7885,56
2023-05-04,Humboldt,023,135768,23554,5985,29539,171
2023-05-04,Imperial,025,180216,71558,19712,91270,983
2023-05-04,Inyo,027,18085,4814,1343,6157,63
2023-05-04,Kern,029,883053,232116,74566,306682,2499
2023-05-04,Kings,031,150075,63253,4538,67791,486
2023-05-04,Lake,033,64148,13772,1283,15055,164
2023-05-04,Lassen,035,31185,10294,1072,11366,65
2023-05-04,Los Angeles,037,10098052,3517927,224286,3742213,36048
2023-05-04,Madera,039,155013,46785,8981,55766,377
2023-05-04,Marin,041,260295,41499,5735,47234,260
2023-05-04,Mariposa,043,17540,3386,360,3746,31
2023-05-04,Mendocino,045,87422,17026,4853,21879,146
2023-05-04,Merced,047,269075,78081,13066,91147,903
2023-05-04,Modoc,049,8938,979,392,1371,11
2023-05-04,Mono,051,14174,3344,308,3652,8
2023-05-04,Monterey,053,433212,98832,24920,123752,812
2023-05-04,Napa,055,140530,34966,1541,36507,176
2023-05-04,Nevada,057,99092,20435,2382,22817,139
2023-05-04,Orange,059,3164182,719781,80344,800125,8153
2023-05-04,Placer,061,380077,82195,10465,92660,685
2023-05-04,Plumas,063,18699,3861,464,4325,15
2023-05-04,Riverside,065,2383286,740084,42685,782769,6854
2023-05-04,Sacramento,067,1510023,376466,39092,415558,3597
2023-05-04,San Benito,069,59416,17833,1156,18989,116
2023-05-04,San Bernardino,071,2135413,715202,35110,750312,8139
2023-05-04,San Diego,073,3302833,993979,82528,1076507,5865
2023-05-04,San Francisco,075,870044,199682,13691,213373,1214
2023-05-04,San Joaquin,077,732212,212168,17214,229382,2453
2023-05-04,San Luis Obispo,079,281455,66982,8378,75360,577
2023-05-04,San Mateo,081,765935,185997,11329,197326,747
2023-05-04,Santa Barbara,083,443738,113179,7896,121075,768
2023-05-04,Santa Clara,085,1922200,482763,21874,504637,2800
2023-05-04,Santa Cruz,087,273765,69382,4137,73519,276
2023-05-04,Shasta,089,179085,36709,8445,45154,612
2023-05-04,Sierra,091,2930,313,61,374,5
2023-05-04,Siskiyou,093,43540,5519,3497,9016,96
2023-05-04,Solano,095,438530,115322,8879,124201,476
2023-05-04,Sonoma,097,501317,115097,5859,120956,572
2023-05-04,Stanislaus,099,539301,146499,23400,169899,1842
2023-05-04,Sutter,101,95872,25992,2555,28547,241
2023-05-04,Tehama,103,63373,14560,3473,18033,237
2023-05-04,Trinity,105,12862,1481,512,1993,24
2023-05-04,Tulare,107,460477,129541,41272,170813,1597
2023-05-04,Tuolumne,109,53932,17029,1083,18112,211
2023-05-04,Ventura,111,848112,222423,18334,240757,1703
2023-05-04,Yolo,113,214977,50581,5092,55673,454
2023-05-04,Yuba,115,75493,20234,1933,22167,134
2023-05-03,Alameda,001,1643700,385630,23096,408726,2155
2023-05-03,Alpine,002,1148,139,4,143,0
2023-05-03,Amador,005,37829,10687,1016,11703,98
2023-05-03,Butte,007,227075,42002,10513,52515,499
2023-05-03,Calaveras,009,45235,9083,647,9730,143
2023-05-03,Colusa,011,21464,4028,1395,5423,24
2023-05-03,Contra Costa,013,1133247,276957,22655,299612,1594
2023-05-03,Del Norte,015,27424,7971,494,8465,61
2023-05-03,El Dorado,017,186661,34986,4603,39589,247
2023-05-03,Fresno,019,978130,297486,35627,333113,3029
2023-05-03,Glenn,021,27897,5841,2043,7884,56
2023-05-03,Humboldt,023,135768,23553,5984,29537,171
2023-05-03,Imperial,025,180216,71543,19696,91239,983
2023-05-03,Inyo,027,18085,4813,1341,6154,63
2023-05-03,Kern,029,883053,232092,74563,306655,2499
2023-05-03,Kings,031,150075,63251,4537,67788,486
2023-05-03,Lake,033,64148,13772,1283,15055,164
2023-05-03,Lassen,035,31185,10294,1072,11366,65
2023-05-03,Los Angeles,037,10098052,3517663,224225,3741888,36045
2023-05-03,Madera,039,155013,46781,8979,55760,377
2023-05-03,Marin,041,260295,41490,5735,47225,260
2023-05-03,Mariposa,043,17540,3386,360,3746,31
2023-05-03,Mendocino,045,87422,17024,4853,21877,146
2023-05-03,Merced,047,269075,78081,13066,91147,903
2023-05-03,Modoc,049,8938,978,391,1369,11
2023-05-03,Mono,051,14174,3344,308,3652,8
2023-05-03,Monterey,053,433212,98826,24908,123734,811
2023-05-03,Napa,055,140530,34962,1541,36503,176
2023-05-03,Nevada,057,99092,20433,2381,22814,139
2023-05-03,Orange,059,3164182,719720,80318,800038,8153
2023-05-03,Placer,061,380077,82187,10465,92652,685
2023-05-03,Plumas,063,18699,3861,464,4325,15
2023-05-03,Riverside,065,2383286,740040,42672,782712,6854
2023-05-03,Sacramento,067,1510023,376428,39080,415508,3597
2023-05-03,San Benito,069,59416,17833,1155,18988,116
2023-05-03,San Bernardino,071,2135413,715159,35108,750267,8139
2023-05-03,San Diego,073,3302833,993912,82515,1076427,5865
2023-05-03,San Francisco,075,870044,199651,13687,213338,1214
2023-05-03,San Joaquin,077,732212,212143,17213,229356,2453
2023-05-03,San Luis Obispo,079,281455,66980,8376,75356,577
2023-05-03,San Mateo,081,765935,185965,11327,197292,747
2023-05-03,Santa Barbara,083,443738,113167,7892,121059,768
2023-05-03,Santa Clara,085,1922200,482701,21865,504566,2800
2023-05-03,Santa Cruz,087,273765,69366,4136,73502,276
2023-05-03,Shasta,089,179085,36707,8443,45150,612
2023-05-03,Sierra,091,2930,313,61,374,5
2023-05-03,Siskiyou,093,43540,5518,3496,9014,96
2023-05-03,Solano,095,438530,115310,8873,124183,476
2023-05-03,Sonoma,097,501317,115083,5859,120942,572
2023-05-03,Stanislaus,099,539301,146482,23399,169881,1842
2023-05-03,Sutter,101,95872,25990,2555,28545,241
2023-05-03,Tehama,103,63373,14559,3473,18032,237
2023-05-03,Trinity,105,12862,1481,512,1993,24
2023-05-03,Tulare,107,460477,129532,41264,170796,1597
2023-05-03,Tuolumne,109,53932,17028,1065,18093,211
2023-05-03,Ventura,111,848112,222412,18330,240742,1703
2023-05-03,Yolo,113,214977,50576,5091,55667,454
2023-05-03,Yuba,115,75493,20233,1933,22166,134
2023-05-02,Alameda,001,1643700,385568,23089,408657,2155
2023-05-02,Alpine,002,1148,139,4,143,0
2023-05-02,Amador,005,37829,10687,1016,11703,98
2023-05-02,Butte,007,227075,41998,10512,52510,499
2023-05-02,Calaveras,009,45235,9083,647,9730,143
2023-05-02,Colusa,011,21464,4027,1393,5420,24
2023-05-02,Contra Costa,013,1133247,276925,22652,299577,1594
2023-05-02,Del Norte,015,27424,7967,494,8461,61
2023-05-02,El Dorado,017,186661,34984,4603,39587,247
2023-05-02,Fresno,019,978130,297453,35621,333074,3029
2023-05-02,Glenn,021,27897,5840,2042,7882,56
2023-05-02,Humboldt,023,135768,23552,5984,29536,171
2023-05-02,Imperial,025,180216,71533,19687,91220,983
2023-05-02,Inyo,027,18085,4813,1335,6148,63
2023-05-02,Kern,029,883053,232074,74551,306625,2499
2023-05-02,Kings,031,150075,63244,4535,67779,486
2023-05-02,Lake,033,64148,13770,1283,15053,164
2023-05-02,Lassen,035,31185,10291,1072,11363,65
2023-05-02,Los Angeles,037,10098052,3517406,224167,3741573,36043
2023-05-02,Madera,039,155013,46774,8976,55750,377
2023-05-02,Marin,041,260295,41478,5735,47213,260
2023-05-02,Mariposa,043,17540,3386,360,3746,31
2023-05-02,Mendocino,045,87422,17024,4853,21877,146
2023-05-02,Merced,047,269075,78074,13066,91140,903
2023-05-02,Modoc,049,8938,977,391,1368,11
2023-05-02,Mono,051,14174,3344,308,3652,8
2023-05-02,Monterey,053,433212,98818,24900,123718,811
2023-05-02,Napa,055,140530,34951,1541,36492,176
2023-05-02,Nevada,057,99092,20430,2380,22810,139
2023-05-02,Orange,059,3164182,719636,80300,799936,8153
2023-05-02,Placer,061,380077,82170,10463,92633,685
2023-05-02,Plumas,063,18699,3860,464,4324,15
2023-05-02,Riverside,065,2383286,739990,42659,782649,6854
2023-05-02,Sacramento,067,1510023,376366,39069,415435,3597
2023-05-02,San Benito,069,59416,17831,1155,18986,116
2023-05-02,San Bernardino,071,2135413,715123,35101,750224,8139
2023-05-02,San Diego,073,3302833,993834,82507,1076341,5865
2023-05-02,San Francisco,075,870044,199615,13683,213298,1214
2023-05-02,San Joaquin,077,732212,212105,17212,229317,2453
2023-05-02,San Luis Obispo,079,281455,66974,8373,75347,577
2023-05-02,San Mateo,081,765935,185932,11326,197258,747
2023-05-02,Santa Barbara,083,443738,113155,7890,121045,768
2023-05-02,Santa Clara,085,1922200,482639,21858,504497,2800
2023-05-02,Santa Cruz,087,273765,69357,4134,73491,276
2023-05-02,Shasta,089,179085,36705,8442,45147,612
2023-05-02,Sierra,091,2930,313,61,374,5
2023-05-02,Siskiyou,093,43540,5518,3494,9012,96
2023-05-02,Solano,095,438530,115291,8870,124161,476
2023-05-02,Sonoma,097,501317,115067,5859,120926,572
2023-05-02,Stanislaus,099,539301,146475,23393,169868,1842
2023-05-02,Sutter,101,95872,25987,2555,28542,241
2023-05-02,Tehama,103,63373,14557,3473,18030,237
2023-05-02,Trinity,105,12862,1481,512,1993,24
2023-05-02,Tulare,107,460477,129528,41259,170787,1597
2023-05-02,Tuolumne,109,53932,17025,1060,18085,211
2023-05-02,Ventura,111,848112,222404,18329,240733,1702
2023-05-02,Yolo,113,214977,50574,5088,55662,454
2023-05-02,Yuba,115,75493,20229,1928,22157,134
2023-05-01,Alameda,001,1643700,385492,23082,408574,2155
2023-05-01,Alpine,002,1148,139,4,143,0
2023-05-01,Amador,005,37829,10684,1016,11700,98
2023-05-01,Butte,007,227075,41989,10508,52497,499
2023-05-01,Calaveras,009,45235,9080,647,9727,143
2023-05-01,Colusa,011,21464,4026,1393,5419,24
2023-05-01,Contra Costa,013,1133247,276889,22643,299532,1593
2023-05-01,Del Norte,015,27424,7967,493,8460,61
2023-05-01,El Dorado,017,186661,34977,4603,39580,247
2023-05-01,Fresno,019,978130,297420,35619,333039,3029
2023-05-01,Glenn,021,27897,5837,2042,7879,56
2023-05-01,Humboldt,023,135768,23549,5984,29533,171
2023-05-01,Imperial,025,180216,71514,19677,91191,983
2023-05-01,Inyo,027,18085,4813,1335,6148,63
2023-05-01,Kern,029,883053,232064,74533,306597,2499
2023-05-01,Kings,031,150075,63235,4534,67769,486
2023-05-01,Lake,033,64148,13768,1283,15051,164
2023-05-01,Lassen,035,31185,10288,1072,11360,65
2023-05-01,Los Angeles,037,10098052,3517072,224106,3741178,36043
2023-05-01,Madera,039,155013,46769,8973,55742,377
2023-05-01,Marin,041,260295,41469,5731,47200,260
2023-05-01,Mariposa,043,17540,3386,360,3746,31
2023-05-01,Mendocino,045,87422,17022,4853,21875,146
2023-05-01,Merced,047,269075,78064,13066,91130,903
2023-05-01,Modoc,049,8938,972,391,1363,11
2023-05-01,Mono,051,14174,3344,308,3652,8
2023-05-01,Monterey,053,433212,98812,24885,123697,811
2023-05-01,Napa,055,140530,34942,1541,36483,176
2023-05-01,Nevada,057,99092,20426,2380,22806,139
2023-05-01,Orange,059,3164182,719580,80282,799862,8152
2023-05-01,Placer,061,380077,82151,10462,92613,685
2023-05-01,Plumas,063,18699,3858,464,4322,15
2023-05-01,Riverside,065,2383286,739947,42648,782595,6854
2023-05-01,Sacramento,067,1510023,376308,39054,415362,3597
2023-05-01,San Benito,069,59416,17831,1155,18986,116
2023-05-01,San Bernardino,071,2135413,715087,35090,750177,8139
2023-05-01,San Diego,073,3302833,993717,82497,1076214,5864
2023-05-01,San Francisco,075,870044,199580,13681,213261,1214
2023-05-01,San Joaquin,077,732212,212084,17210,229294,2453
2023-05-01,San Luis Obispo,079,281455,66965,8373,75338,577
2023-05-01,San Mateo,081,765935,185885,11322,197207,747
2023-05-01,Santa Barbara,083,443738,113143,7885,121028,768
2023-05-01,Santa Clara,085,1922200,482564,21850,504414,2800
2023-05-01,Santa Cruz,087,273765,69349,4132,73481,276
2023-05-01,Shasta,089,179085,36702,8440,45142,612
2023-05-01,Sierra,091,2930,313,61,374,5
2023-05-01,Siskiyou,093,43540,5516,3494,9010,96
2023-05-01,Solano,095,438530,115279,8864,124143,476
2023-05-01,Sonoma,097,501317,115053,5858,120911,572
2023-05-01,Stanislaus,099,539301,146466,23386,169852,1842
2023-05-01,Sutter,101,95872,25986,2555,28541,241
2023-05-01,Tehama,103,63373,14557,3472,18029,237
2023-05-01,Trinity,105,12862,1481,512,1993,24
2023-05-01,Tulare,107,460477,129518,41253,170771,1597
2023-05-01,Tuolumne,109,53932,17023,1049,18072,211
2023-05-01,Ventura,111,848112,222380,18326,240706,1702
2023-05-01,Yolo,113,214977,50566,5088,55654,454
2023-05-01,Yuba,115,75493,20226,1927,22153,134
2023-04-30,Alameda,001,1643700,385412,23072,408484,2155
2023-04-30,Alpine,002,1148,139,4,143,0
2023-04-30,Amador,005,37829,10683,1015,11698,98
2023-04-30,Butte,007,227075,41987,10503,52490,499
2023-04-30,Calaveras,009,45235,9080,647,9727,143
2023-04-30,Colusa,011,21464,4026,1392,5418,24
2023-04-30,Contra Costa,013,1133247,276839,22634,299473,1593
2023-04-30,Del Norte,015,27424,7967,493,8460,61
2023-04-30,El Dorado,017,186661,34972,4602,39574,247
2023-04-30,Fresno,019,978130,297383,35607,332990,3029
2023-04-30,Glenn,021,27897,5835,2042,7877,56
2023-04-30,Humboldt,023,135768,23545,5984,29529,171
2023-04-30,Imperial,025,180216,71494,19657,91151,983
2023-04-30,Inyo,027,18085,4813,1334,6147,63
2023-04-30,Kern,029,883053,232048,74523,306571,2499
2023-04-30,Kings,031,150075,63234,4533,67767,486
2023-04-30,Lake,033,64148,13767,1283,15050,164
2023-04-30,Lassen,035,31185,10287,1072,11359,65
2023-04-30,Los Angeles,037,10098052,3516715,224021,3740736,36043
2023-04-30,Madera,039,155013,46761,8973,55734,377
2023-04-30,Marin,041,260295,41457,5728,47185,260
2023-04-30,Mariposa,043,17540,3386,360,3746,31
2023-04-30,Mendocino,045,87422,17022,4853,21875,146
2023-04-30,Merced,047,269075,78056,13066,91122,903
2023-04-30,Modoc,049,8938,972,388,1360,11
2023-04-30,Mono,051,14174,3344,307,3651,8
2023-04-30,Monterey,053,433212,98806,24866,123672,811
2023-04-30,Napa,055,140530,34939,1541,36480,176
2023-04-30,Nevada,057,99092,20421,2380,22801,139
2023-04-30,Orange,059,3164182,719521,80261,799782,8152
2023-04-30,Placer,061,380077,82136,10462,92598,685
2023-04-30,Plumas,063,18699,3858,464,4322,15
2023-04-30,Riverside,065,2383286,739901,42628,782529,6854
2023-04-30,Sacramento,067,1510023,376228,39033,415261,3597
2023-04-30,San Benito,069,59416,17829,1154,18983,116
2023-04-30,San Bernardino,071,2135413,715015,35082,750097,8139
2023-04-30,San Diego,073,3302833,993628,82485,1076113,5864
2023-04-30,San Francisco,075,870044,199541,13672,213213,1214
2023-04-30,San Joaquin,077,732212,212061,17193,229254,2453
2023-04-30,San Luis Obispo,079,281455,66959,8370,75329,577
2023-04-30,San Mateo,081,765935,185844,11320,197164,747
2023-04-30,Santa Barbara,083,443738,113135,7883,121018,767
2023-04-30,Santa Clara,085,1922200,482473,21838,504311,2800
2023-04-30,Santa Cruz,087,273765,69340,4132,73472,276
2023-04-30,Shasta,089,179085,36702,8438,45140,612
2023-04-30,Sierra,091,2930,313,61,374,5
2023-04-30,Siskiyou,093,43540,5515,3493,9008,95
2023-04-30,Solano,095,438530,115267,8864,124131,476
2023-04-30,Sonoma,097,501317,115035,5858,120893,572
2023-04-30,Stanislaus,099,539301,146449,23381,169830,1842
2023-04-30,Sutter,101,95872,25982,2554,28536,241
2023-04-30,Tehama,103,63373,14554,3470,18024,237
2023-04-30,Trinity,105,12862,1481,512,1993,24
2023-04-30,Tulare,107,460477,129506,41248,170754,1597
2023-04-30,Tuolumne,109,53932,17016,1022,18038,211
2023-04-30,Ventura,111,848112,222365,18324,240689,1702
2023-04-30,Yolo,113,214977,50561,5087,55648,454
2023-04-30,Yuba,115,75493,20224,1921,22145,134
2023-04-29,Alameda,001,1643700,385373,23068,408441,2155
2023-04-29,Alpine,002,1148,139,4,143,0
2023-04-29,Amador,005,37829,10683,1015,11698,98
2023-04-29,Butte,007,227075,41985,10496,52481,499
2023-04-29,Calaveras,009,45235,9080,647,9727,143
2023-04-29,Colusa,011,21464,4026,1391,5417,24
2023-04-29,Contra Costa,013,1133247,276800,22633,299433,1593
2023-04-29,Del Norte,015,27424,7967,493,8460,61
2023-04-29,El Dorado,017,186661,34967,4602,39569,247
2023-04-29,Fresno,019,978130,297356,35606,332962,3028
2023-04-29,Glenn,021,27897,5835,2042,7877,56
2023-04-29,Humboldt,023,135768,23544,5983,29527,171
2023-04-29,Imperial,025,180216,71492,19656,91148,983
2023-04-29,Inyo,027,18085,4811,1334,6145,63
2023-04-29,Kern,029,883053,232042,74516,306558,2499
2023-04-29,Kings,031,150075,63229,4533,67762,486
2023-04-29,Lake,033,64148,13766,1283,15049,164
2023-04-29,Lassen,035,31185,10287,1072,11359,65
2023-04-29,Los Angeles,037,10098052,3516558,223993,3740551,36042
2023-04-29,Madera,039,155013,46758,8973,55731,377
2023-04-29,Marin,041,260295,41454,5727,47181,260
2023-04-29,Mariposa,043,17540,3386,360,3746,31
2023-04-29,Mendocino,045,87422,17020,4853,21873,146
2023-04-29,Merced,047,269075,78056,13065,91121,903
2023-04-29,Modoc,049,8938,972,388,1360,11
2023-04-29,Mono,051,14174,3344,307,3651,8
2023-04-29,Monterey,053,433212,98798,24858,123656,811
2023-04-29,Napa,055,140530,34938,1541,36479,176
2023-04-29,Nevada,057,99092,20416,2380,22796,139
2023-04-29,Orange,059,3164182,719478,80241,799719,8152
2023-04-29,Placer,061,380077,82125,10461,92586,685
2023-04-29,Plumas,063,18699,3857,464,4321,15
2023-04-29,Riverside,065,2383286,739870,42613,782483,6854
2023-04-29,Sacramento,067,1510023,376172,39024,415196,3597
2023-04-29,San Benito,069,59416,17827,1154,18981,116
2023-04-29,San Bernardino,071,2135413,714984,35078,750062,8139
2023-04-29,San Diego,073,3302833,993588,82481,1076069,5864
2023-04-29,San Francisco,075,870044,199520,13671,213191,1214
2023-04-29,San Joaquin,077,732212,212052,17191,229243,2453
2023-04-29,San Luis Obispo,079,281455,66954,8369,75323,577
2023-04-29,San Mateo,081,765935,185831,11318,197149,747
2023-04-29,Santa Barbara,083,443738,113129,7879,121008,767
2023-04-29,Santa Clara,085,1922200,482410,21830,504240,2800
2023-04-29,Santa Cruz,087,273765,69336,4132,73468,276
2023-04-29,Shasta,089,179085,36700,8438,45138,612
2023-04-29,Sierra,091,2930,313,61,374,5
2023-04-29,Siskiyou,093,43540,5513,3493,9006,95
2023-04-29,Solano,095,438530,115255,8864,124119,476
2023-04-29,Sonoma,097,501317,115030,5858,120888,572
2023-04-29,Stanislaus,099,539301,146442,23379,169821,1842
2023-04-29,Sutter,101,95872,25982,2554,28536,241
2023-04-29,Tehama,103,63373,14554,3469,18023,237
2023-04-29,Trinity,105,12862,1481,512,1993,24
2023-04-29,Tulare,107,460477,129500,41241,170741,1597
2023-04-29,Tuolumne,109,53932,17014,1018,18032,211
2023-04-29,Ventura,111,848112,222348,18322,240670,1702
2023-04-29,Yolo,113,214977,50559,5087,55646,454
2023-04-29,Yuba,115,75493,20221,1921,22142,134
2023-04-28,Alameda,001,1643700,385328,23062,408390,2155
2023-04-28,Alpine,002,1148,139,4,143,0
2023-04-28,Amador,005,37829,10683,1015,11698,98
2023-04-28,Butte,007,227075,41984,10488,52472,499
2023-04-28,Calaveras,009,45235,9080,647,9727,143
2023-04-28,Colusa,011,21464,4025,1391,5416,24
2023-04-28,Contra Costa,013,1133247,276761,22633,299394,1593
2023-04-28,Del Norte,015,27424,7967,493,8460,61
2023-04-28,El Dorado,017,186661,34965,4599,39564,247
2023-04-28,Fresno,019,978130,297330,35602,332932,3027
2023-04-28,Glenn,021,27897,5835,2042,7877,56
2023-04-28,Humboldt,023,135768,23542,5983,29525,171
2023-04-28,Imperial,025,180216,71481,19653,91134,983
2023-04-28,Inyo,027,18085,4808,1334,6142,63
2023-04-28,Kern,029,883053,232036,74507,306543,2499
2023-04-28,Kings,031,150075,63228,4533,67761,486
2023-04-28,Lake,033,64148,13762,1283,15045,164
2023-04-28,Lassen,035,31185,10287,1072,11359,65
2023-04-28,Los Angeles,037,10098052,3516372,223960,3740332,36040
2023-04-28,Madera,039,155013,46754,8972,55726,377
2023-04-28,Marin,041,260295,41450,5726,47176,260
2023-04-28,Mariposa,043,17540,3386,360,3746,31
2023-04-28,Mendocino,045,87422,17019,4853,21872,146
2023-04-28,Merced,047,269075,78050,13065,91115,903
2023-04-28,Modoc,049,8938,972,388,1360,11
2023-04-28,Mono,051,14174,3344,307,3651,8
2023-04-28,Monterey,053,433212,98791,24851,123642,811
2023-04-28,Napa,055,140530,34936,1541,36477,175
2023-04-28,Nevada,057,99092,20411,2379,22790,139
2023-04-28,Orange,059,3164182,719446,80219,799665,8151
2023-04-28,Placer,061,380077,82112,10461,92573,685
2023-04-28,Plumas,063,18699,3857,464,4321,15
2023-04-28,Riverside,065,2383286,739839,42597,782436,6854
2023-04-28,Sacramento,067,1510023,376125,39016,415141,3595
2023-04-28,San Benito,069,59416,17827,1153,18980,116
2023-04-28,San Bernardino,071,2135413,714957,35076,750033,8139
2023-04-28,San Diego,073,3302833,993544,82478,1076022,5864
2023-04-28,San Francisco,075,870044,199496,13666,213162,1214
2023-04-28,San Joaquin,077,732212,212038,17191,229229,2453
2023-04-28,San Luis Obispo,079,281455,66952,8365,75317,577
2023-04-28,San Mateo,081,765935,185806,11314,197120,747
2023-04-28,Santa Barbara,083,443738,113123,7877,121000,767
2023-04-28,Santa Clara,085,1922200,482358,21825,504183,2800
2023-04-28,Santa Cruz,087,273765,69327,4132,73459,276
2023-04-28,Shasta,089,179085,36699,8438,45137,612
2023-04-28,Sierra,091,2930,313,61,374,5
2023-04-28,Siskiyou,093,43540,5513,3493,9006,95
2023-04-28,Solano,095,438530,115246,8861,124107,476
2023-04-28,Sonoma,097,501317,115016,5858,120874,572
2023-04-28,Stanislaus,099,539301,146434,23378,169812,1842
2023-04-28,Sutter,101,95872,25980,2554,28534,241
2023-04-28,Tehama,103,63373,14553,3469,18022,237
2023-04-28,Trinity,105,12862,1481,512,1993,24
2023-04-28,Tulare,107,460477,129490,41237,170727,1597
2023-04-28,Tuolumne,109,53932,17013,1018,18031,211
2023-04-28,Ventura,111,848112,222334,18321,240655,1702
2023-04-28,Yolo,113,214977,50554,5085,55639,454
2023-04-28,Yuba,115,75493,20221,1921,22142,134
2023-04-27,Alameda,001,1643700,385260,23053,408313,2155
2023-04-27,Alpine,002,1148,139,4,143,0
2023-04-27,Amador,005,37829,10682,1015,11697,98
2023-04-27,Butte,007,227075,41979,10480,52459,499
2023-04-27,Calaveras,009,45235,9080,647,9727,143
2023-04-27,Colusa,011,21464,4024,1391,5415,24
2023-04-27,Contra Costa,013,1133247,276700,22628,299328,1593
2023-04-27,Del Norte,015,27424,7966,493,8459,61
2023-04-27,El Dorado,017,186661,34956,4599,39555,247
2023-04-27,Fresno,019,978130,297298,35600,332898,3027
2023-04-27,Glenn,021,27897,5835,2042,7877,56
2023-04-27,Humboldt,023,135768,23540,5982,29522,171
2023-04-27,Imperial,025,180216,71468,19645,91113,983
2023-04-27,Inyo,027,18085,4808,1334,6142,63
2023-04-27,Kern,029,883053,232026,74500,306526,2499
2023-04-27,Kings,031,150075,63221,4531,67752,486
2023-04-27,Lake,033,64148,13762,1283,15045,164
2023-04-27,Lassen,035,31185,10287,1072,11359,65
2023-04-27,Los Angeles,037,10098052,3516133,223898,3740031,36037
2023-04-27,Madera,039,155013,46747,8969,55716,377
2023-04-27,Marin,041,260295,41440,5726,47166,260
2023-04-27,Mariposa,043,17540,3386,360,3746,31
2023-04-27,Mendocino,045,87422,17016,4852,21868,146
2023-04-27,Merced,047,269075,78044,13064,91108,903
2023-04-27,Modoc,049,8938,972,388,1360,11
2023-04-27,Mono,051,14174,3344,307,3651,8
2023-04-27,Monterey,053,433212,98783,24835,123618,811
2023-04-27,Napa,055,140530,34929,1541,36470,175
2023-04-27,Nevada,057,99092,20408,2377,22785,139
2023-04-27,Orange,059,3164182,719381,80198,799579,8150
2023-04-27,Placer,061,380077,82101,10459,92560,685
2023-04-27,Plumas,063,18699,3853,464,4317,15
2023-04-27,Riverside,065,2383286,739801,42588,782389,6854
2023-04-27,Sacramento,067,1510023,376056,38993,415049,3595
2023-04-27,San Benito,069,59416,17825,1153,18978,116
2023-04-27,San Bernardino,071,2135413,714912,35068,749980,8139
2023-04-27,San Diego,073,3302833,993454,82471,1075925,5864
2023-04-27,San Francisco,075,870044,199457,13654,213111,1214
2023-04-27,San Joaquin,077,732212,212014,17188,229202,2453
2023-04-27,San Luis Obispo,079,281455,66947,8360,75307,577
2023-04-27,San Mateo,081,765935,185785,11309,197094,747
2023-04-27,Santa Barbara,083,443738,113114,7877,120991,767
2023-04-27,Santa Clara,085,1922200,482284,21813,504097,2800
2023-04-27,Santa Cruz,087,273765,69323,4127,73450,276
2023-04-27,Shasta,089,179085,36698,8435,45133,612
2023-04-27,Sierra,091,2930,313,61,374,5
2023-04-27,Siskiyou,093,43540,5511,3490,9001,95
2023-04-27,Solano,095,438530,115234,8856,124090,476
2023-04-27,Sonoma,097,501317,115004,5858,120862,572
2023-04-27,Stanislaus,099,539301,146422,23374,169796,1842
2023-04-27,Sutter,101,95872,25978,2554,28532,241
2023-04-27,Tehama,103,63373,14552,3469,18021,237
2023-04-27,Trinity,105,12862,1481,512,1993,24
2023-04-27,Tulare,107,460477,129481,41231,170712,1597
2023-04-27,Tuolumne,109,53932,17012,1017,18029,211
2023-04-27,Ventura,111,848112,222320,18320,240640,1702
2023-04-27,Yolo,113,214977,50548,5084,55632,454
2023-04-27,Yuba,115,75493,20220,1919,22139,134
2023-04-26,Alameda,001,1643700,385193,23044,408237,2155
2023-04-26,Alpine,002,1148,139,4,143,0
2023-04-26,Amador,005,37829,10682,1015,11697,98
2023-04-26,Butte,007,227075,41975,10476,52451,499
2023-04-26,Calaveras,009,45235,9080,647,9727,143
2023-04-26,Colusa,011,21464,4023,1391,5414,24
2023-04-26,Contra Costa,013,1133247,276660,22623,299283,1592
2023-04-26,Del Norte,015,27424,7966,493,8459,61
2023-04-26,El Dorado,017,186661,34948,4597,39545,247
2023-04-26,Fresno,019,978130,297237,35596,332833,3027
2023-04-26,Glenn,021,27897,5834,2041,7875,56
2023-04-26,Humboldt,023,135768,23540,5982,29522,171
2023-04-26,Imperial,025,180216,71447,19633,91080,983
2023-04-26,Inyo,027,18085,4806,1334,6140,63
2023-04-26,Kern,029,883053,232014,74486,306500,2499
2023-04-26,Kings,031,150075,63217,4530,67747,486
2023-04-26,Lake,033,64148,13761,1283,15044,164
2023-04-26,Lassen,035,31185,10287,1072,11359,65
2023-04-26,Los Angeles,037,10098052,3515832,223833,3739665,36031
2023-04-26,Madera,039,155013,46737,8968,55705,377
2023-04-26,Marin,041,260295,41432,5724,47156,260
2023-04-26,Mariposa,043,17540,3386,360,3746,31
2023-04-26,Mendocino,045,87422,17015,4849,21864,146
2023-04-26,Merced,047,269075,78033,13064,91097,903
2023-04-26,Modoc,049,8938,972,387,1359,11
2023-04-26,Mono,051,14174,3343,307,3650,8
2023-04-26,Monterey,053,433212,98781,24826,123607,811
2023-04-26,Napa,055,140530,34921,1541,36462,175
2023-04-26,Nevada,057,99092,20406,2377,22783,139
2023-04-26,Orange,059,3164182,719319,80177,799496,8149
2023-04-26,Placer,061,380077,82089,10458,92547,685
2023-04-26,Plumas,063,18699,3853,464,4317,15
2023-04-26,Riverside,065,2383286,739754,42568,782322,6854
2023-04-26,Sacramento,067,1510023,375993,38973,414966,3593
2023-04-26,San Benito,069,59416,17823,1153,18976,116
2023-04-26,San Bernardino,071,2135413,714867,35063,749930,8139
2023-04-26,San Diego,073,3302833,993383,82455,1075838,5864
2023-04-26,San Francisco,075,870044,199418,13649,213067,1214
2023-04-26,San Joaquin,077,732212,211986,17185,229171,2453
2023-04-26,San Luis Obispo,079,281455,66940,8360,75300,577
2023-04-26,San Mateo,081,765935,185761,11305,197066,747
2023-04-26,Santa Barbara,083,443738,113097,7875,120972,767
2023-04-26,Santa Clara,085,1922200,482194,21800,503994,2800
2023-04-26,Santa Cruz,087,273765,69316,4123,73439,276
2023-04-26,Shasta,089,179085,36698,8433,45131,612
2023-04-26,Sierra,091,2930,313,61,374,5
2023-04-26,Siskiyou,093,43540,5510,3489,8999,95
2023-04-26,Solano,095,438530,115225,8852,124077,476
2023-04-26,Sonoma,097,501317,114987,5858,120845,572
2023-04-26,Stanislaus,099,539301,146412,23370,169782,1842
2023-04-26,Sutter,101,95872,25978,2554,28532,241
2023-04-26,Tehama,103,63373,14550,3469,18019,237
2023-04-26,Trinity,105,12862,1479,512,1991,24
2023-04-26,Tulare,107,460477,129466,41226,170692,1597
2023-04-26,Tuolumne,109,53932,17010,1017,18027,211
2023-04-26,Ventura,111,848112,222306,18316,240622,1702
2023-04-26,Yolo,113,214977,50541,5083,55624,454
2023-04-26,Yuba,115,75493,20217,1919,22136,134
2023-04-25,Alameda,001,1643700,385127,23039,408166,2155
2023-04-25,Alpine,002,1148,139,4,143,0
2023-04-25,Amador,005,37829,10681,1015,11696,98
2023-04-25,Butte,007,227075,41972,10474,52446,499
2023-04-25,Calaveras,009,45235,9079,647,9726,143
2023-04-25,Colusa,011,21464,4023,1390,5413,24
2023-04-25,Contra Costa,013,1133247,276596,22617,299213,1592
2023-04-25,Del Norte,015,27424,7966,493,8459,61
2023-04-25,El Dorado,017,186661,34944,4596,39540,247
2023-04-25,Fresno,019,978130,297193,35580,332773,3027
2023-04-25,Glenn,021,27897,5832,2040,7872,56
2023-04-25,Humboldt,023,135768,23537,5981,29518,171
2023-04-25,Imperial,025,180216,71429,19624,91053,983
2023-04-25,Inyo,027,18085,4806,1334,6140,63
2023-04-25,Kern,029,883053,231998,74477,306475,2499
2023-04-25,Kings,031,150075,63213,4530,67743,486
2023-04-25,Lake,033,64148,13761,1282,15043,164
2023-04-25,Lassen,035,31185,10287,1072,11359,65
2023-04-25,Los Angeles,037,10098052,3515498,223760,3739258,36027
2023-04-25,Madera,039,155013,46728,8967,55695,377
2023-04-25,Marin,041,260295,41417,5722,47139,260
2023-04-25,Mariposa,043,17540,3386,360,3746,31
2023-04-25,Mendocino,045,87422,17014,4849,21863,146
2023-04-25,Merced,047,269075,78024,13064,91088,903
2023-04-25,Modoc,049,8938,972,386,1358,11
2023-04-25,Mono,051,14174,3343,307,3650,8
2023-04-25,Monterey,053,433212,98772,24810,123582,811
2023-04-25,Napa,055,140530,34917,1541,36458,175
2023-04-25,Nevada,057,99092,20401,2376,22777,139
2023-04-25,Orange,059,3164182,719243,80148,799391,8149
2023-04-25,Placer,061,380077,82069,10458,92527,685
2023-04-25,Plumas,063,18699,3853,464,4317,15
2023-04-25,Riverside,065,2383286,739711,42550,782261,6854
2023-04-25,Sacramento,067,1510023,375893,38957,414850,3593
2023-04-25,San Benito,069,59416,17821,1153,18974,116
2023-04-25,San Bernardino,071,2135413,714792,35055,749847,8139
2023-04-25,San Diego,073,3302833,993277,82439,1075716,5864
2023-04-25,San Francisco,075,870044,199382,13646,213028,1213
2023-04-25,San Joaquin,077,732212,211969,17180,229149,2453
2023-04-25,San Luis Obispo,079,281455,66933,8349,75282,577
2023-04-25,San Mateo,081,765935,185719,11301,197020,747
2023-04-25,Santa Barbara,083,443738,113079,7874,120953,767
2023-04-25,Santa Clara,085,1922200,482093,21783,503876,2800
2023-04-25,Santa Cruz,087,273765,69310,4122,73432,276
2023-04-25,Shasta,089,179085,36696,8432,45128,612
2023-04-25,Sierra,091,2930,313,61,374,5
2023-04-25,Siskiyou,093,43540,5508,3483,8991,95
2023-04-25,Solano,095,438530,115210,8849,124059,476
2023-04-25,Sonoma,097,501317,114970,5858,120828,572
2023-04-25,Stanislaus,099,539301,146397,23366,169763,1842
2023-04-25,Sutter,101,95872,25972,2554,28526,241
2023-04-25,Tehama,103,63373,14549,3468,18017,237
2023-04-25,Trinity,105,12862,1479,512,1991,24
2023-04-25,Tulare,107,460477,129460,41223,170683,1597
2023-04-25,Tuolumne,109,53932,17009,1017,18026,211
2023-04-25,Ventura,111,848112,222287,18314,240601,1702
2023-04-25,Yolo,113,214977,50529,5083,55612,454
2023-04-25,Yuba,115,75493,20212,1918,22130,134
2023-04-24,Alameda,001,1643700,385043,23026,408069,2154
2023-04-24,Alpine,002,1148,139,4,143,0
2023-04-24,Amador,005,37829,10677,1015,11692,98
2023-04-24,Butte,007,227075,41965,10464,52429,499
2023-04-24,Calaveras,009,45235,9079,647,9726,143
2023-04-24,Colusa,011,21464,4022,1390,5412,24
2023-04-24,Contra Costa,013,1133247,276543,22613,299156,1591
2023-04-24,Del Norte,015,27424,7966,493,8459,61
2023-04-24,El Dorado,017,186661,34937,4595,39532,247
2023-04-24,Fresno,019,978130,297159,35570,332729,3026
2023-04-24,Glenn,021,27897,5831,2040,7871,56
2023-04-24,Humboldt,023,135768,23536,5980,29516,171
2023-04-24,Imperial,025,180216,71415,19617,91032,983
2023-04-24,Inyo,027,18085,4806,1331,6137,63
2023-04-24,Kern,029,883053,231980,74465,306445,2499
2023-04-24,Kings,031,150075,63207,4529,67736,486
2023-04-24,Lake,033,64148,13759,1282,15041,164
2023-04-24,Lassen,035,31185,10285,1072,11357,65
2023-04-24,Los Angeles,037,10098052,3515165,223672,3738837,36022
2023-04-24,Madera,039,155013,46720,8966,55686,377
2023-04-24,Marin,041,260295,41402,5721,47123,260
2023-04-24,Mariposa,043,17540,3386,360,3746,31
2023-04-24,Mendocino,045,87422,17012,4849,21861,146
2023-04-24,Merced,047,269075,78020,13064,91084,903
2023-04-24,Modoc,049,8938,969,385,1354,11
2023-04-24,Mono,051,14174,3343,307,3650,8
2023-04-24,Monterey,053,433212,98758,24798,123556,811
2023-04-24,Napa,055,140530,34911,1541,36452,175
2023-04-24,Nevada,057,99092,20399,2372,22771,139
2023-04-24,Orange,059,3164182,719156,80121,799277,8149
2023-04-24,Placer,061,380077,82055,10456,92511,685
2023-04-24,Plumas,063,18699,3853,464,4317,15
2023-04-24,Riverside,065,2383286,739671,42528,782199,6854
2023-04-24,Sacramento,067,1510023,375799,38949,414748,3592
2023-04-24,San Benito,069,59416,17819,1152,18971,116
2023-04-24,San Bernardino,071,2135413,714729,35045,749774,8139
2023-04-24,San Diego,073,3302833,993147,82426,1075573,5864
2023-04-24,San Francisco,075,870044,199336,13641,212977,1213
2023-04-24,San Joaquin,077,732212,211937,17178,229115,2453
2023-04-24,San Luis Obispo,079,281455,66928,8345,75273,576
2023-04-24,San Mateo,081,765935,185686,11299,196985,747
2023-04-24,Santa Barbara,083,443738,113071,7871,120942,767
2023-04-24,Santa Clara,085,1922200,482012,21766,503778,2800
2023-04-24,Santa Cruz,087,273765,69302,4120,73422,276
2023-04-24,Shasta,089,179085,36695,8429,45124,612
2023-04-24,Sierra,091,2930,313,61,374,5
2023-04-24,Siskiyou,093,43540,5507,3481,8988,95
2023-04-24,Solano,095,438530,115195,8847,124042,476
2023-04-24,Sonoma,097,501317,114951,5858,120809,571
2023-04-24,Stanislaus,099,539301,146375,23361,169736,1842
2023-04-24,Sutter,101,95872,25971,2554,28525,241
2023-04-24,Tehama,103,63373,14547,3464,18011,237
2023-04-24,Trinity,105,12862,1479,512,1991,24
2023-04-24,Tulare,107,460477,129449,41212,170661,1597
2023-04-24,Tuolumne,109,53932,17008,1017,18025,211
2023-04-24,Ventura,111,848112,222271,18312,240583,1702
2023-04-24,Yolo,113,214977,50522,5079,55601,454
2023-04-24,Yuba,115,75493,20207,1917,22124,134
2023-04-23,Alameda,001,1643700,384940,23017,407957,2153
2023-04-23,Alpine,002,1148,139,4,143,0
2023-04-23,Amador,005,37829,10676,1015,11691,98
2023-04-23,Butte,007,227075,41962,10452,52414,499
2023-04-23,Calaveras,009,45235,9077,647,9724,143
2023-04-23,Colusa,011,21464,4022,1390,5412,24
2023-04-23,Contra Costa,013,1133247,276477,22610,299087,1591
2023-04-23,Del Norte,015,27424,7964,493,8457,61
2023-04-23,El Dorado,017,186661,34931,4595,39526,247
2023-04-23,Fresno,019,978130,297111,35553,332664,3026
2023-04-23,Glenn,021,27897,5831,2039,7870,56
2023-04-23,Humboldt,023,135768,23534,5980,29514,171
2023-04-23,Imperial,025,180216,71391,19606,90997,983
2023-04-23,Inyo,027,18085,4805,1331,6136,63
2023-04-23,Kern,029,883053,231967,74457,306424,2499
2023-04-23,Kings,031,150075,63198,4528,67726,486
2023-04-23,Lake,033,64148,13756,1282,15038,164
2023-04-23,Lassen,035,31185,10285,1072,11357,65
2023-04-23,Los Angeles,037,10098052,3514802,223599,3738401,36019
2023-04-23,Madera,039,155013,46708,8964,55672,377
2023-04-23,Marin,041,260295,41392,5717,47109,260
2023-04-23,Mariposa,043,17540,3384,360,3744,31
2023-04-23,Mendocino,045,87422,17011,4848,21859,146
2023-04-23,Merced,047,269075,78011,13063,91074,903
2023-04-23,Modoc,049,8938,967,384,1351,11
2023-04-23,Mono,051,14174,3342,307,3649,8
2023-04-23,Monterey,053,433212,98742,24772,123514,811
2023-04-23,Napa,055,140530,34906,1541,36447,175
2023-04-23,Nevada,057,99092,20391,2369,22760,139
2023-04-23,Orange,059,3164182,719093,80092,799185,8147
2023-04-23,Placer,061,380077,82038,10455,92493,685
2023-04-23,Plumas,063,18699,3850,464,4314,15
2023-04-23,Riverside,065,2383286,739618,42491,782109,6854
2023-04-23,Sacramento,067,1510023,375699,38926,414625,3592
2023-04-23,San Benito,069,59416,17814,1151,18965,116
2023-04-23,San Bernardino,071,2135413,714658,35033,749691,8139
2023-04-23,San Diego,073,3302833,992999,82399,1075398,5863
2023-04-23,San Francisco,075,870044,199276,13639,212915,1213
2023-04-23,San Joaquin,077,732212,211907,17166,229073,2453
2023-04-23,San Luis Obispo,079,281455,66919,8322,75241,576
2023-04-23,San Mateo,081,765935,185647,11293,196940,747
2023-04-23,Santa Barbara,083,443738,113059,7869,120928,766
2023-04-23,Santa Clara,085,1922200,481908,21752,503660,2799
2023-04-23,Santa Cruz,087,273765,69294,4117,73411,276
2023-04-23,Shasta,089,179085,36692,8427,45119,612
2023-04-23,Sierra,091,2930,313,61,374,5
2023-04-23,Siskiyou,093,43540,5505,3473,8978,95
2023-04-23,Solano,095,438530,115167,8840,124007,476
2023-04-23,Sonoma,097,501317,114927,5857,120784,570
2023-04-23,Stanislaus,099,539301,146354,23356,169710,1842
2023-04-23,Sutter,101,95872,25970,2554,28524,241
2023-04-23,Tehama,103,63373,14545,3461,18006,237
2023-04-23,Trinity,105,12862,1479,512,1991,24
2023-04-23,Tulare,107,460477,129430,41196,170626,1597
2023-04-23,Tuolumne,109,53932,17006,1017,18023,211
2023-04-23,Ventura,111,848112,222239,18311,240550,1702
2023-04-23,Yolo,113,214977,50514,5074,55588,454
2023-04-23,Yuba,115,75493,20203,1916,22119,134
2023-04-22,Alameda,001,1643700,384887,23011,407898,2152
2023-04-22,Alpine,002,1148,139,4,143,0
2023-04-22,Amador,005,37829,10674,1015,11689,98
2023-04-22,Butte,007,227075,41956,10447,52403,499
2023-04-22,Calaveras,009,45235,9077,647,9724,143
2023-04-22,Colusa,011,21464,4022,1389,5411,24
2023-04-22,Contra Costa,013,1133247,276433,22609,299042,1590
2023-04-22,Del Norte,015,27424,7964,493,8457,61
2023-04-22,El Dorado,017,186661,34925,4595,39520,247
2023-04-22,Fresno,019,978130,297079,35548,332627,3024
2023-04-22,Glenn,021,27897,5831,2038,7869,56
2023-04-22,Humboldt,023,135768,23534,5980,29514,171
2023-04-22,Imperial,025,180216,71383,19603,90986,982
2023-04-22,Inyo,027,18085,4805,1331,6136,63
2023-04-22,Kern,029,883053,231960,74445,306405,2499
2023-04-22,Kings,031,150075,63195,4528,67723,486
2023-04-22,Lake,033,64148,13755,1282,15037,164
2023-04-22,Lassen,035,31185,10285,1072,11357,65
2023-04-22,Los Angeles,037,10098052,3514617,223551,3738168,36017
2023-04-22,Madera,039,155013,46706,8964,55670,377
2023-04-22,Marin,041,260295,41387,5717,47104,260
2023-04-22,Mariposa,043,17540,3384,360,3744,31
2023-04-22,Mendocino,045,87422,17010,4848,21858,146
2023-04-22,Merced,047,269075,78005,13063,91068,903
2023-04-22,Modoc,049,8938,967,384,1351,11
2023-04-22,Mono,051,14174,3342,307,3649,8
2023-04-22,Monterey,053,433212,98730,24755,123485,811
2023-04-22,Napa,055,140530,34904,1541,36445,175
2023-04-22,Nevada,057,99092,20383,2369,22752,139
2023-04-22,Orange,059,3164182,719044,80074,799118,8145
2023-04-22,Placer,061,380077,82020,10453,92473,685
2023-04-22,Plumas,063,18699,3850,464,4314,15
2023-04-22,Riverside,065,2383286,739595,42483,782078,6854
2023-04-22,Sacramento,067,1510023,375655,38922,414577,3592
2023-04-22,San Benito,069,59416,17812,1151,18963,116
2023-04-22,San Bernardino,071,2135413,714627,35028,749655,8139
2023-04-22,San Diego,073,3302833,992934,82387,1075321,5863
2023-04-22,San Francisco,075,870044,199243,13638,212881,1213
2023-04-22,San Joaquin,077,732212,211893,17164,229057,2453
2023-04-22,San Luis Obispo,079,281455,66913,8302,75215,576
2023-04-22,San Mateo,081,765935,185629,11292,196921,747
2023-04-22,Santa Barbara,083,443738,113046,7867,120913,766
2023-04-22,Santa Clara,085,1922200,481842,21742,503584,2799
2023-04-22,Santa Cruz,087,273765,69287,4116,73403,276
2023-04-22,Shasta,089,179085,36690,8427,45117,612
2023-04-22,Sierra,091,2930,313,61,374,5
2023-04-22,Siskiyou,093,43540,5504,3461,8965,95
2023-04-22,Solano,095,438530,115151,8838,123989,476
2023-04-22,Sonoma,097,501317,114918,5857,120775,570
2023-04-22,Stanislaus,099,539301,146343,23354,169697,1842
2023-04-22,Sutter,101,95872,25969,2553,28522,241
2023-04-22,Tehama,103,63373,14545,3461,18006,237
2023-04-22,Trinity,105,12862,1479,512,1991,24
2023-04-22,Tulare,107,460477,129423,41191,170614,1597
2023-04-22,Tuolumne,109,53932,17006,1017,18023,211
2023-04-22,Ventura,111,848112,222221,18310,240531,1702
2023-04-22,Yolo,113,214977,50511,5073,55584,454
2023-04-22,Yuba,115,75493,20200,1916,22116,134
2023-04-21,Alameda,001,1643700,384830,23002,407832,2152
2023-04-21,Alpine,002,1148,139,4,143,0
2023-04-21,Amador,005,37829,10674,1015,11689,98
2023-04-21,Butte,007,227075,41951,10442,52393,499
2023-04-21,Calaveras,009,45235,9077,647,9724,143
2023-04-21,Colusa,011,21464,4022,1389,5411,24
2023-04-21,Contra Costa,013,1133247,276408,22608,299016,1590
2023-04-21,Del Norte,015,27424,7962,493,8455,61
2023-04-21,El Dorado,017,186661,34925,4595,39520,247
2023-04-21,Fresno,019,978130,297052,35539,332591,3024
2023-04-21,Glenn,021,27897,5831,2038,7869,56
2023-04-21,Humboldt,023,135768,23531,5980,29511,171
2023-04-21,Imperial,025,180216,71376,19600,90976,982
2023-04-21,Inyo,027,18085,4805,1331,6136,63
2023-04-21,Kern,029,883053,231951,74439,306390,2499
2023-04-21,Kings,031,150075,63192,4527,67719,486
2023-04-21,Lake,033,64148,13753,1282,15035,164
2023-04-21,Lassen,035,31185,10285,1071,11356,65
2023-04-21,Los Angeles,037,10098052,3514422,223511,3737933,36010
2023-04-21,Madera,039,155013,46704,8963,55667,377
2023-04-21,Marin,041,260295,41375,5717,47092,260
2023-04-21,Mariposa,043,17540,3384,360,3744,31
2023-04-21,Mendocino,045,87422,17007,4847,21854,146
2023-04-21,Merced,047,269075,78001,13063,91064,903
2023-04-21,Modoc,049,8938,967,384,1351,11
2023-04-21,Mono,051,14174,3342,307,3649,8
2023-04-21,Monterey,053,433212,98723,24745,123468,811
2023-04-21,Napa,055,140530,34901,1541,36442,175
2023-04-21,Nevada,057,99092,20380,2369,22749,139
2023-04-21,Orange,059,3164182,718994,80051,799045,8142
2023-04-21,Placer,061,380077,82009,10451,92460,685
2023-04-21,Plumas,063,18699,3850,464,4314,15
2023-04-21,Riverside,065,2383286,739566,42464,782030,6854
2023-04-21,Sacramento,067,1510023,375604,38921,414525,3591
2023-04-21,San Benito,069,59416,17812,1151,18963,116
2023-04-21,San Bernardino,071,2135413,714587,35021,749608,8139
2023-04-21,San Diego,073,3302833,992862,82384,1075246,5862
2023-04-21,San Francisco,075,870044,199221,13638,212859,1213
2023-04-21,San Joaquin,077,732212,211866,17160,229026,2453
2023-04-21,San Luis Obispo,079,281455,66909,8296,75205,576
2023-04-21,San Mateo,081,765935,185604,11291,196895,747
2023-04-21,Santa Barbara,083,443738,113035,7867,120902,766
2023-04-21,Santa Clara,085,1922200,481783,21737,503520,2798
2023-04-21,Santa Cruz,087,273765,69284,4114,73398,276
2023-04-21,Shasta,089,179085,36689,8427,45116,612
2023-04-21,Sierra,091,2930,313,61,374,5
2023-04-21,Siskiyou,093,43540,5503,3461,8964,95
2023-04-21,Solano,095,438530,115148,8838,123986,476
2023-04-21,Sonoma,097,501317,114897,5857,120754,570
2023-04-21,Stanislaus,099,539301,146325,23353,169678,1842
2023-04-21,Sutter,101,95872,25968,2553,28521,241
2023-04-21,Tehama,103,63373,14544,3461,18005,237
2023-04-21,Trinity,105,12862,1479,512,1991,24
2023-04-21,Tulare,107,460477,129414,41182,170596,1597
2023-04-21,Tuolumne,109,53932,17006,1017,18023,211
2023-04-21,Ventura,111,848112,222209,18307,240516,1702
2023-04-21,Yolo,113,214977,50502,5071,55573,453
2023-04-21,Yuba,115,75493,20198,1916,22114,134
2023-04-20,Alameda,001,1643700,384749,22992,407741,2152
2023-04-20,Alpine,002,1148,139,4,143,0
2023-04-20,Amador,005,37829,10672,1015,11687,98
2023-04-20,Butte,007,227075,41949,10437,52386,499
2023-04-20,Calaveras,009,45235,9075,647,9722,143
2023-04-20,Colusa,011,21464,4022,1389,5411,24
2023-04-20,Contra Costa,013,1133247,276360,22604,298964,1586
2023-04-20,Del Norte,015,27424,7962,493,8455,61
2023-04-20,El Dorado,017,186661,34921,4594,39515,247
2023-04-20,Fresno,019,978130,297024,35524,332548,3023
2023-04-20,Glenn,021,27897,5831,2038,7869,56
2023-04-20,Humboldt,023,135768,23531,5980,29511,171
2023-04-20,Imperial,025,180216,71356,19585,90941,982
2023-04-20,Inyo,027,18085,4804,1329,6133,63
2023-04-20,Kern,029,883053,231934,74435,306369,2499
2023-04-20,Kings,031,150075,63188,4527,67715,486
2023-04-20,Lake,033,64148,13751,1282,15033,164
2023-04-20,Lassen,035,31185,10285,1071,11356,65
2023-04-20,Los Angeles,037,10098052,3514167,223460,3737627,36007
2023-04-20,Madera,039,155013,46698,8962,55660,377
2023-04-20,Marin,041,260295,41369,5716,47085,260
2023-04-20,Mariposa,043,17540,3384,360,3744,31
2023-04-20,Mendocino,045,87422,17006,4847,21853,146
2023-04-20,Merced,047,269075,77992,13062,91054,903
2023-04-20,Modoc,049,8938,967,384,1351,11
2023-04-20,Mono,051,14174,3342,307,3649,8
2023-04-20,Monterey,053,433212,98715,24734,123449,811
2023-04-20,Napa,055,140530,34898,1541,36439,175
2023-04-20,Nevada,057,99092,20377,2369,22746,139
2023-04-20,Orange,059,3164182,718911,80033,798944,8141
2023-04-20,Placer,061,380077,81993,10449,92442,685
2023-04-20,Plumas,063,18699,3850,464,4314,15
2023-04-20,Riverside,065,2383286,739527,42443,781970,6854
2023-04-20,Sacramento,067,1510023,375523,38912,414435,3591
2023-04-20,San Benito,069,59416,17810,1151,18961,116
2023-04-20,San Bernardino,071,2135413,714532,35013,749545,8139
2023-04-20,San Diego,073,3302833,992780,82373,1075153,5862
2023-04-20,San Francisco,075,870044,199177,13634,212811,1213
2023-04-20,San Joaquin,077,732212,211849,17156,229005,2453
2023-04-20,San Luis Obispo,079,281455,66905,8286,75191,576
2023-04-20,San Mateo,081,765935,185583,11290,196873,747
2023-04-20,Santa Barbara,083,443738,113026,7866,120892,766
2023-04-20,Santa Clara,085,1922200,481719,21729,503448,2797
2023-04-20,Santa Cruz,087,273765,69278,4110,73388,276
2023-04-20,Shasta,089,179085,36686,8426,45112,612
2023-04-20,Sierra,091,2930,313,61,374,5
2023-04-20,Siskiyou,093,43540,5502,3460,8962,95
2023-04-20,Solano,095,438530,115121,8835,123956,476
2023-04-20,Sonoma,097,501317,114874,5856,120730,570
2023-04-20,Stanislaus,099,539301,146311,23351,169662,1842
2023-04-20,Sutter,101,95872,25963,2553,28516,241
2023-04-20,Tehama,103,63373,14542,3459,18001,237
2023-04-20,Trinity,105,12862,1479,512,1991,24
2023-04-20,Tulare,107,460477,129405,41171,170576,1597
2023-04-20,Tuolumne,109,53932,17005,1017,18022,211
2023-04-20,Ventura,111,848112,222195,18306,240501,1702
2023-04-20,Yolo,113,214977,50496,5070,55566,453
2023-04-20,Yuba,115,75493,20197,1915,22112,134
2023-04-19,Alameda,001,1643700,384663,22981,407644,2151
2023-04-19,Alpine,002,1148,139,4,143,0
2023-04-19,Amador,005,37829,10667,1015,11682,98
2023-04-19,Butte,007,227075,41945,10431,52376,499
2023-04-19,Calaveras,009,45235,9074,647,9721,143
2023-04-19,Colusa,011,21464,4022,1389,5411,24
2023-04-19,Contra Costa,013,1133247,276303,22599,298902,1586
2023-04-19,Del Norte,015,27424,7961,493,8454,61
2023-04-19,El Dorado,017,186661,34915,4593,39508,247
2023-04-19,Fresno,019,978130,296996,35511,332507,3023
2023-04-19,Glenn,021,27897,5829,2037,7866,56
2023-04-19,Humboldt,023,135768,23531,5979,29510,171
2023-04-19,Imperial,025,180216,71336,19569,90905,982
2023-04-19,Inyo,027,18085,4803,1329,6132,63
2023-04-19,Kern,029,883053,231924,74423,306347,2498
2023-04-19,Kings,031,150075,63182,4523,67705,486
2023-04-19,Lake,033,64148,13748,1282,15030,164
2023-04-19,Lassen,035,31185,10285,1070,11355,65
2023-04-19,Los Angeles,037,10098052,3513857,223409,3737266,36006
2023-04-19,Madera,039,155013,46694,8961,55655,377
2023-04-19,Marin,041,260295,41362,5715,47077,260
2023-04-19,Mariposa,043,17540,3384,360,3744,31
2023-04-19,Mendocino,045,87422,17005,4847,21852,146
2023-04-19,Merced,047,269075,77983,13060,91043,903
2023-04-19,Modoc,049,8938,965,384,1349,11
2023-04-19,Mono,051,14174,3342,307,3649,8
2023-04-19,Monterey,053,433212,98708,24713,123421,811
2023-04-19,Napa,055,140530,34893,1541,36434,175
2023-04-19,Nevada,057,99092,20373,2366,22739,139
2023-04-19,Orange,059,3164182,718826,80007,798833,8140
2023-04-19,Placer,061,380077,81983,10449,92432,685
2023-04-19,Plumas,063,18699,3850,464,4314,15
2023-04-19,Riverside,065,2383286,739487,42436,781923,6854
2023-04-19,Sacramento,067,1510023,375449,38905,414354,3591
2023-04-19,San Benito,069,59416,17809,1151,18960,116
2023-04-19,San Bernardino,071,2135413,714492,35008,749500,8139
2023-04-19,San Diego,073,3302833,992674,82359,1075033,5862
2023-04-19,San Francisco,075,870044,199137,13630,212767,1211
2023-04-19,San Joaquin,077,732212,211821,17155,228976,2453
2023-04-19,San Luis Obispo,079,281455,66902,8284,75186,576
2023-04-19,San Mateo,081,765935,185556,11290,196846,747
2023-04-19,Santa Barbara,083,443738,113008,7865,120873,766
2023-04-19,Santa Clara,085,1922200,481650,21726,503376,2797
2023-04-19,Santa Cruz,087,273765,69271,4105,73376,276
2023-04-19,Shasta,089,179085,36684,8421,45105,612
2023-04-19,Sierra,091,2930,313,61,374,5
2023-04-19,Siskiyou,093,43540,5502,3456,8958,95
2023-04-19,Solano,095,438530,115094,8830,123924,476
2023-04-19,Sonoma,097,501317,114845,5854,120699,570
2023-04-19,Stanislaus,099,539301,146303,23344,169647,1842
2023-04-19,Sutter,101,95872,25961,2551,28512,241
2023-04-19,Tehama,103,63373,14542,3456,17998,237
2023-04-19,Trinity,105,12862,1478,512,1990,24
2023-04-19,Tulare,107,460477,129395,41169,170564,1597
2023-04-19,Tuolumne,109,53932,17004,1017,18021,211
2023-04-19,Ventura,111,848112,222178,18302,240480,1702
2023-04-19,Yolo,113,214977,50492,5070,55562,453
2023-04-19,Yuba,115,75493,20194,1915,22109,134
2023-04-18,Alameda,001,1643700,384578,22975,407553,2151
2023-04-18,Alpine,002,1148,139,4,143,0
2023-04-18,Amador,005,37829,10665,1014,11679,98
2023-04-18,Butte,007,227075,41940,10426,52366,499
2023-04-18,Calaveras,009,45235,9073,647,9720,143
2023-04-18,Colusa,011,21464,4022,1389,5411,24
2023-04-18,Contra Costa,013,1133247,276247,22594,298841,1586
2023-04-18,Del Norte,015,27424,7961,493,8454,61
2023-04-18,El Dorado,017,186661,34906,4590,39496,247
2023-04-18,Fresno,019,978130,296959,35504,332463,3023
2023-04-18,Glenn,021,27897,5829,2037,7866,56
2023-04-18,Humboldt,023,135768,23529,5978,29507,171
2023-04-18,Imperial,025,180216,71317,19563,90880,982
2023-04-18,Inyo,027,18085,4803,1329,6132,63
2023-04-18,Kern,029,883053,231914,74406,306320,2498
2023-04-18,Kings,031,150075,63180,4522,67702,486
2023-04-18,Lake,033,64148,13747,1282,15029,164
2023-04-18,Lassen,035,31185,10285,1070,11355,65
2023-04-18,Los Angeles,037,10098052,3513581,223348,3736929,35998
2023-04-18,Madera,039,155013,46690,8959,55649,377
2023-04-18,Marin,041,260295,41348,5714,47062,260
2023-04-18,Mariposa,043,17540,3382,360,3742,31
2023-04-18,Mendocino,045,87422,17003,4846,21849,146
2023-04-18,Merced,047,269075,77976,13060,91036,903
2023-04-18,Modoc,049,8938,965,384,1349,11
2023-04-18,Mono,051,14174,3341,307,3648,8
2023-04-18,Monterey,053,433212,98703,24702,123405,811
2023-04-18,Napa,055,140530,34890,1541,36431,175
2023-04-18,Nevada,057,99092,20367,2362,22729,139
2023-04-18,Orange,059,3164182,718746,79977,798723,8139
2023-04-18,Placer,061,380077,81969,10445,92414,685
2023-04-18,Plumas,063,18699,3850,463,4313,15
2023-04-18,Riverside,065,2383286,739424,42417,781841,6854
2023-04-18,Sacramento,067,1510023,375373,38891,414264,3590
2023-04-18,San Benito,069,59416,17809,1151,18960,116
2023-04-18,San Bernardino,071,2135413,714423,34999,749422,8139
2023-04-18,San Diego,073,3302833,992567,82346,1074913,5862
2023-04-18,San Francisco,075,870044,199082,13626,212708,1210
2023-04-18,San Joaquin,077,732212,211800,17153,228953,2453
2023-04-18,San Luis Obispo,079,281455,66896,8278,75174,575
2023-04-18,San Mateo,081,765935,185530,11287,196817,747
2023-04-18,Santa Barbara,083,443738,112994,7864,120858,766
2023-04-18,Santa Clara,085,1922200,481578,21719,503297,2797
2023-04-18,Santa Cruz,087,273765,69260,4105,73365,276
2023-04-18,Shasta,089,179085,36681,8413,45094,612
2023-04-18,Sierra,091,2930,313,61,374,5
2023-04-18,Siskiyou,093,43540,5500,3451,8951,95
2023-04-18,Solano,095,438530,115075,8828,123903,476
2023-04-18,Sonoma,097,501317,114817,5854,120671,570
2023-04-18,Stanislaus,099,539301,146283,23342,169625,1842
2023-04-18,Sutter,101,95872,25954,2551,28505,241
2023-04-18,Tehama,103,63373,14542,3455,17997,237
2023-04-18,Trinity,105,12862,1478,512,1990,24
2023-04-18,Tulare,107,460477,129381,41156,170537,1596
2023-04-18,Tuolumne,109,53932,17003,1017,18020,211
2023-04-18,Ventura,111,848112,222158,18300,240458,1702
2023-04-18,Yolo,113,214977,50489,5064,55553,453
2023-04-18,Yuba,115,75493,20193,1913,22106,134
2023-04-17,Alameda,001,1643700,384489,22967,407456,2151
2023-04-17,Alpine,002,1148,139,4,143,0
2023-04-17,Amador,005,37829,10663,1013,11676,98
2023-04-17,Butte,007,227075,41936,10420,52356,498
2023-04-17,Calaveras,009,45235,9073,647,9720,143
2023-04-17,Colusa,011,21464,4022,1389,5411,24
2023-04-17,Contra Costa,013,1133247,276195,22591,298786,1586
2023-04-17,Del Norte,015,27424,7961,493,8454,61
2023-04-17,El Dorado,017,186661,34898,4588,39486,247
2023-04-17,Fresno,019,978130,296921,35484,332405,3023
2023-04-17,Glenn,021,27897,5828,2036,7864,56
2023-04-17,Humboldt,023,135768,23527,5978,29505,171
2023-04-17,Imperial,025,180216,71296,19549,90845,982
2023-04-17,Inyo,027,18085,4801,1329,6130,63
2023-04-17,Kern,029,883053,231895,74398,306293,2498
2023-04-17,Kings,031,150075,63175,4521,67696,486
2023-04-17,Lake,033,64148,13745,1282,15027,164
2023-04-17,Lassen,035,31185,10285,1070,11355,65
2023-04-17,Los Angeles,037,10098052,3513247,223258,3736505,35993
2023-04-17,Madera,039,155013,46687,8958,55645,377
2023-04-17,Marin,041,260295,41338,5713,47051,260
2023-04-17,Mariposa,043,17540,3381,360,3741,31
2023-04-17,Mendocino,045,87422,17003,4845,21848,146
2023-04-17,Merced,047,269075,77971,13060,91031,903
2023-04-17,Modoc,049,8938,965,383,1348,11
2023-04-17,Mono,051,14174,3341,307,3648,8
2023-04-17,Monterey,053,433212,98694,24685,123379,811
2023-04-17,Napa,055,140530,34886,1541,36427,175
2023-04-17,Nevada,057,99092,20363,2361,22724,139
2023-04-17,Orange,059,3164182,718658,79951,798609,8137
2023-04-17,Placer,061,380077,81950,10441,92391,684
2023-04-17,Plumas,063,18699,3849,463,4312,15
2023-04-17,Riverside,065,2383286,739354,42400,781754,6854
2023-04-17,Sacramento,067,1510023,375310,38883,414193,3590
2023-04-17,San Benito,069,59416,17808,1151,18959,116
2023-04-17,San Bernardino,071,2135413,714350,34988,749338,8139
2023-04-17,San Diego,073,3302833,992444,82326,1074770,5859
2023-04-17,San Francisco,075,870044,199013,13619,212632,1210
2023-04-17,San Joaquin,077,732212,211784,17144,228928,2453
2023-04-17,San Luis Obispo,079,281455,66888,8273,75161,575
2023-04-17,San Mateo,081,765935,185489,11284,196773,747
2023-04-17,Santa Barbara,083,443738,112979,7863,120842,766
2023-04-17,Santa Clara,085,1922200,481486,21709,503195,2797
2023-04-17,Santa Cruz,087,273765,69245,4104,73349,276
2023-04-17,Shasta,089,179085,36677,8412,45089,612
2023-04-17,Sierra,091,2930,313,61,374,5
2023-04-17,Siskiyou,093,43540,5500,3451,8951,95
2023-04-17,Solano,095,438530,115056,8824,123880,476
2023-04-17,Sonoma,097,501317,114793,5854,120647,570
2023-04-17,Stanislaus,099,539301,146267,23334,169601,1842
2023-04-17,Sutter,101,95872,25947,2551,28498,241
2023-04-17,Tehama,103,63373,14541,3455,17996,237
2023-04-17,Trinity,105,12862,1478,512,1990,24
2023-04-17,Tulare,107,460477,129373,41145,170518,1596
2023-04-17,Tuolumne,109,53932,17003,1017,18020,211
2023-04-17,Ventura,111,848112,222132,18297,240429,1702
2023-04-17,Yolo,113,214977,50484,5063,55547,453
2023-04-17,Yuba,115,75493,20190,1911,22101,134
2023-04-16,Alameda,001,1643700,384389,22957,407346,2151
2023-04-16,Alpine,002,1148,139,4,143,0
2023-04-16,Amador,005,37829,10661,1013,11674,98
2023-04-16,Butte,007,227075,41928,10417,52345,498
2023-04-16,Calaveras,009,45235,9071,647,9718,143
2023-04-16,Colusa,011,21464,4021,1389,5410,24
2023-04-16,Contra Costa,013,1133247,276105,22587,298692,1585
2023-04-16,Del Norte,015,27424,7961,493,8454,61
2023-04-16,El Dorado,017,186661,34887,4586,39473,247
2023-04-16,Fresno,019,978130,296886,35476,332362,3022
2023-04-16,Glenn,021,27897,5828,2034,7862,56
2023-04-16,Humboldt,023,135768,23527,5978,29505,171
2023-04-16,Imperial,025,180216,71253,19528,90781,982
2023-04-16,Inyo,027,18085,4801,1328,6129,63
2023-04-16,Kern,029,883053,231876,74379,306255,2498
2023-04-16,Kings,031,150075,63174,4521,67695,486
2023-04-16,Lake,033,64148,13744,1282,15026,164
2023-04-16,Lassen,035,31185,10284,1070,11354,65
2023-04-16,Los Angeles,037,10098052,3512888,223173,3736061,35990
2023-04-16,Madera,039,155013,46680,8955,55635,377
2023-04-16,Marin,041,260295,41327,5712,47039,260
2023-04-16,Mariposa,043,17540,3380,360,3740,31
2023-04-16,Mendocino,045,87422,17001,4843,21844,145
2023-04-16,Merced,047,269075,77953,13059,91012,903
2023-04-16,Modoc,049,8938,965,382,1347,11
2023-04-16,Mono,051,14174,3341,307,3648,8
2023-04-16,Monterey,053,433212,98684,24670,123354,811
2023-04-16,Napa,055,140530,34879,1541,36420,175
2023-04-16,Nevada,057,99092,20363,2360,22723,139
2023-04-16,Orange,059,3164182,718583,79921,798504,8136
2023-04-16,Placer,061,380077,81929,10441,92370,683
2023-04-16,Plumas,063,18699,3848,463,4311,15
2023-04-16,Riverside,065,2383286,739304,42385,781689,6853
2023-04-16,Sacramento,067,1510023,375228,38862,414090,3589
2023-04-16,San Benito,069,59416,17805,1151,18956,116
2023-04-16,San Bernardino,071,2135413,714251,34982,749233,8139
2023-04-16,San Diego,073,3302833,992276,82304,1074580,5858
2023-04-16,San Francisco,075,870044,198971,13605,212576,1209
2023-04-16,San Joaquin,077,732212,211750,17141,228891,2453
2023-04-16,San Luis Obispo,079,281455,66881,8267,75148,575
2023-04-16,San Mateo,081,765935,185457,11281,196738,747
2023-04-16,Santa Barbara,083,443738,112951,7860,120811,765
2023-04-16,Santa Clara,085,1922200,481390,21700,503090,2796
2023-04-16,Santa Cruz,087,273765,69229,4103,73332,276
2023-04-16,Shasta,089,179085,36673,8411,45084,612
2023-04-16,Sierra,091,2930,313,61,374,5
2023-04-16,Siskiyou,093,43540,5499,3451,8950,95
2023-04-16,Solano,095,438530,115024,8819,123843,476
2023-04-16,Sonoma,097,501317,114749,5853,120602,570
2023-04-16,Stanislaus,099,539301,146250,23327,169577,1842
2023-04-16,Sutter,101,95872,25943,2550,28493,241
2023-04-16,Tehama,103,63373,14538,3452,17990,237
2023-04-16,Trinity,105,12862,1477,512,1989,24
2023-04-16,Tulare,107,460477,129357,41135,170492,1596
2023-04-16,Tuolumne,109,53932,17002,1017,18019,211
2023-04-16,Ventura,111,848112,222110,18295,240405,1702
2023-04-16,Yolo,113,214977,50475,5061,55536,453
2023-04-16,Yuba,115,75493,20186,1911,22097,134
2023-04-15,Alameda,001,1643700,384319,22953,407272,2150
2023-04-15,Alpine,002,1148,139,4,143,0
2023-04-15,Amador,005,37829,10659,1013,11672,98
2023-04-15,Butte,007,227075,41924,10414,52338,498
2023-04-15,Calaveras,009,45235,9070,647,9717,143
2023-04-15,Colusa,011,21464,4021,1389,5410,23
2023-04-15,Contra Costa,013,1133247,276081,22586,298667,1585
2023-04-15,Del Norte,015,27424,7961,493,8454,61
2023-04-15,El Dorado,017,186661,34885,4586,39471,247
2023-04-15,Fresno,019,978130,296862,35469,332331,3022
2023-04-15,Glenn,021,27897,5827,2034,7861,56
2023-04-15,Humboldt,023,135768,23527,5978,29505,171
2023-04-15,Imperial,025,180216,71241,19526,90767,982
2023-04-15,Inyo,027,18085,4800,1328,6128,63
2023-04-15,Kern,029,883053,231864,74366,306230,2498
2023-04-15,Kings,031,150075,63169,4520,67689,486
2023-04-15,Lake,033,64148,13742,1282,15024,164
2023-04-15,Lassen,035,31185,10284,1070,11354,65
2023-04-15,Los Angeles,037,10098052,3512701,223138,3735839,35980
2023-04-15,Madera,039,155013,46675,8955,55630,377
2023-04-15,Marin,041,260295,41320,5710,47030,260
2023-04-15,Mariposa,043,17540,3380,360,3740,31
2023-04-15,Mendocino,045,87422,16997,4843,21840,145
2023-04-15,Merced,047,269075,77950,13059,91009,903
2023-04-15,Modoc,049,8938,965,381,1346,11
2023-04-15,Mono,051,14174,3341,307,3648,8
2023-04-15,Monterey,053,433212,98680,24654,123334,811
2023-04-15,Napa,055,140530,34877,1541,36418,175
2023-04-15,Nevada,057,99092,20362,2357,22719,139
2023-04-15,Orange,059,3164182,718540,79901,798441,8136
2023-04-15,Placer,061,380077,81918,10441,92359,683
2023-04-15,Plumas,063,18699,3848,463,4311,15
2023-04-15,Riverside,065,2383286,739260,42375,781635,6853
2023-04-15,Sacramento,067,1510023,375182,38858,414040,3589
2023-04-15,San Benito,069,59416,17803,1151,18954,116
2023-04-15,San Bernardino,071,2135413,714211,34976,749187,8139
2023-04-15,San Diego,073,3302833,992210,82296,1074506,5857
2023-04-15,San Francisco,075,870044,198944,13601,212545,1209
2023-04-15,San Joaquin,077,732212,211734,17140,228874,2453
2023-04-15,San Luis Obispo,079,281455,66878,8263,75141,575
2023-04-15,San Mateo,081,765935,185443,11280,196723,747
2023-04-15,Santa Barbara,083,443738,112942,7856,120798,765
2023-04-15,Santa Clara,085,1922200,481326,21696,503022,2795
2023-04-15,Santa Cruz,087,273765,69220,4103,73323,276
2023-04-15,Shasta,089,179085,36672,8410,45082,612
2023-04-15,Sierra,091,2930,313,61,374,5
2023-04-15,Siskiyou,093,43540,5498,3448,8946,95
2023-04-15,Solano,095,438530,115018,8818,123836,476
2023-04-15,Sonoma,097,501317,114732,5852,120584,570
2023-04-15,Stanislaus,099,539301,146238,23323,169561,1842
2023-04-15,Sutter,101,95872,25942,2550,28492,241
2023-04-15,Tehama,103,63373,14538,3452,17990,237
2023-04-15,Trinity,105,12862,1477,512,1989,24
2023-04-15,Tulare,107,460477,129351,41130,170481,1596
2023-04-15,Tuolumne,109,53932,17002,1017,18019,211
2023-04-15,Ventura,111,848112,222103,18291,240394,1702
2023-04-15,Yolo,113,214977,50469,5058,55527,453
2023-04-15,Yuba,115,75493,20186,1910,22096,134
2023-04-14,Alameda,001,1643700,384268,22951,407219,2150
2023-04-14,Alpine,002,1148,139,4,143,0
2023-04-14,Amador,005,37829,10659,1012,11671,98
2023-04-14,Butte,007,227075,41922,10413,52335,498
2023-04-14,Calaveras,009,45235,9070,647,9717,143
2023-04-14,Colusa,011,21464,4020,1389,5409,23
2023-04-14,Contra Costa,013,1133247,276041,22586,298627,1584
2023-04-14,Del Norte,015,27424,7961,493,8454,61
2023-04-14,El Dorado,017,186661,34882,4585,39467,247
2023-04-14,Fresno,019,978130,296839,35462,332301,3022
2023-04-14,Glenn,021,27897,5826,2034,7860,56
2023-04-14,Humboldt,023,135768,23527,5977,29504,171
2023-04-14,Imperial,025,180216,71228,19525,90753,982
2023-04-14,Inyo,027,18085,4799,1328,6127,63
2023-04-14,Kern,029,883053,231855,74358,306213,2498
2023-04-14,Kings,031,150075,63161,4520,67681,486
2023-04-14,Lake,033,64148,13742,1282,15024,164
2023-04-14,Lassen,035,31185,10284,1070,11354,65
2023-04-14,Los Angeles,037,10098052,3512488,223090,3735578,35975
2023-04-14,Madera,039,155013,46668,8955,55623,377
2023-04-14,Marin,041,260295,41313,5709,47022,260
2023-04-14,Mariposa,043,17540,3380,360,3740,31
2023-04-14,Mendocino,045,87422,16993,4843,21836,145
2023-04-14,Merced,047,269075,77944,13059,91003,903
2023-04-14,Modoc,049,8938,965,381,1346,11
2023-04-14,Mono,051,14174,3341,307,3648,8
2023-04-14,Monterey,053,433212,98674,24646,123320,811
2023-04-14,Napa,055,140530,34876,1541,36417,175
2023-04-14,Nevada,057,99092,20362,2357,22719,139
2023-04-14,Orange,059,3164182,718479,79884,798363,8135
2023-04-14,Placer,061,380077,81904,10438,92342,683
2023-04-14,Plumas,063,18699,3848,463,4311,15
2023-04-14,Riverside,065,2383286,739220,42369,781589,6852
2023-04-14,Sacramento,067,1510023,375134,38852,413986,3588
2023-04-14,San Benito,069,59416,17800,1150,18950,116
2023-04-14,San Bernardino,071,2135413,714160,34966,749126,8139
2023-04-14,San Diego,073,3302833,992129,82293,1074422,5857
2023-04-14,San Francisco,075,870044,198917,13597,212514,1209
2023-04-14,San Joaquin,077,732212,211705,17140,228845,2453
2023-04-14,San Luis Obispo,079,281455,66868,8263,75131,575
2023-04-14,San Mateo,081,765935,185426,11279,196705,747
2023-04-14,Santa Barbara,083,443738,112923,7856,120779,765
2023-04-14,Santa Clara,085,1922200,481252,21694,502946,2795
2023-04-14,Santa Cruz,087,273765,69211,4101,73312,276
2023-04-14,Shasta,089,179085,36669,8409,45078,612
2023-04-14,Sierra,091,2930,313,61,374,5
2023-04-14,Siskiyou,093,43540,5498,3448,8946,95
2023-04-14,Solano,095,438530,115004,8816,123820,476
2023-04-14,Sonoma,097,501317,114722,5848,120570,570
2023-04-14,Stanislaus,099,539301,146224,23323,169547,1842
2023-04-14,Sutter,101,95872,25940,2550,28490,241
2023-04-14,Tehama,103,63373,14536,3452,17988,237
2023-04-14,Trinity,105,12862,1477,512,1989,24
2023-04-14,Tulare,107,460477,129338,41126,170464,1596
2023-04-14,Tuolumne,109,53932,17002,1017,18019,211
2023-04-14,Ventura,111,848112,222091,18285,240376,1701
2023-04-14,Yolo,113,214977,50461,5057,55518,453
2023-04-14,Yuba,115,75493,20184,1910,22094,134
2023-04-13,Alameda,001,1643700,384191,22939,407130,2150
2023-04-13,Alpine,002,1148,139,4,143,0
2023-04-13,Amador,005,37829,10655,1011,11666,98
2023-04-13,Butte,007,227075,41918,10409,52327,498
2023-04-13,Calaveras,009,45235,9069,647,9716,143
2023-04-13,Colusa,011,21464,4020,1389,5409,23
2023-04-13,Contra Costa,013,1133247,275986,22582,298568,1584
2023-04-13,Del Norte,015,27424,7961,491,8452,61
2023-04-13,El Dorado,017,186661,34874,4584,39458,247
2023-04-13,Fresno,019,978130,296807,35452,332259,3022
2023-04-13,Glenn,021,27897,5825,2032,7857,56
2023-04-13,Humboldt,023,135768,23527,5976,29503,171
2023-04-13,Imperial,025,180216,71206,19512,90718,982
2023-04-13,Inyo,027,18085,4798,1328,6126,63
2023-04-13,Kern,029,883053,231839,74343,306182,2498
2023-04-13,Kings,031,150075,63157,4519,67676,486
2023-04-13,Lake,033,64148,13741,1282,15023,164
2023-04-13,Lassen,035,31185,10284,1070,11354,65
2023-04-13,Los Angeles,037,10098052,3512193,223022,3735215,35968
2023-04-13,Madera,039,155013,46658,8954,55612,377
2023-04-13,Marin,041,260295,41305,5709,47014,260
2023-04-13,Mariposa,043,17540,3380,360,3740,31
2023-04-13,Mendocino,045,87422,16993,4843,21836,145
2023-04-13,Merced,047,269075,77935,13059,90994,903
2023-04-13,Modoc,049,8938,965,381,1346,11
2023-04-13,Mono,051,14174,3341,307,3648,8
2023-04-13,Monterey,053,433212,98666,24630,123296,811
2023-04-13,Napa,055,140530,34874,1541,36415,175
2023-04-13,Nevada,057,99092,20354,2354,22708,139
2023-04-13,Orange,059,3164182,718403,79857,798260,8134
2023-04-13,Placer,061,380077,81890,10437,92327,683
2023-04-13,Plumas,063,18699,3847,463,4310,15
2023-04-13,Riverside,065,2383286,739165,42361,781526,6852
2023-04-13,Sacramento,067,1510023,375056,38844,413900,3588
2023-04-13,San Benito,069,59416,17797,1148,18945,116
2023-04-13,San Bernardino,071,2135413,714113,34961,749074,8139
2023-04-13,San Diego,073,3302833,992019,82277,1074296,5857
2023-04-13,San Francisco,075,870044,198873,13583,212456,1209
2023-04-13,San Joaquin,077,732212,211682,17136,228818,2452
2023-04-13,San Luis Obispo,079,281455,66857,8262,75119,575
2023-04-13,San Mateo,081,765935,185396,11277,196673,747
2023-04-13,Santa Barbara,083,443738,112913,7855,120768,765
2023-04-13,Santa Clara,085,1922200,481172,21683,502855,2794
2023-04-13,Santa Cruz,087,273765,69203,4097,73300,276
2023-04-13,Shasta,089,179085,36669,8407,45076,612
2023-04-13,Sierra,091,2930,313,61,374,5
2023-04-13,Siskiyou,093,43540,5498,3448,8946,95
2023-04-13,Solano,095,438530,114977,8814,123791,476
2023-04-13,Sonoma,097,501317,114703,5848,120551,569
2023-04-13,Stanislaus,099,539301,146216,23317,169533,1842
2023-04-13,Sutter,101,95872,25937,2549,28486,241
2023-04-13,Tehama,103,63373,14536,3452,17988,237
2023-04-13,Trinity,105,12862,1477,511,1988,24
2023-04-13,Tulare,107,460477,129320,41115,170435,1596
2023-04-13,Tuolumne,109,53932,17000,1017,18017,211
2023-04-13,Ventura,111,848112,222075,18284,240359,1701
2023-04-13,Yolo,113,214977,50458,5056,55514,453
2023-04-13,Yuba,115,75493,20183,1909,22092,134
2023-04-12,Alameda,001,1643700,384099,22933,407032,2150
2023-04-12,Alpine,002,1148,139,4,143,0
2023-04-12,Amador,005,37829,10653,1011,11664,98
2023-04-12,Butte,007,227075,41913,10403,52316,498
2023-04-12,Calaveras,009,45235,9067,647,9714,143
2023-04-12,Colusa,011,21464,4020,1389,5409,23
2023-04-12,Contra Costa,013,1133247,275917,22578,298495,1584
2023-04-12,Del Norte,015,27424,7961,491,8452,61
2023-04-12,El Dorado,017,186661,34869,4584,39453,247
2023-04-12,Fresno,019,978130,296761,35447,332208,3021
2023-04-12,Glenn,021,27897,5824,2032,7856,56
2023-04-12,Humboldt,023,135768,23523,5975,29498,171
2023-04-12,Imperial,025,180216,71181,19498,90679,982
2023-04-12,Inyo,027,18085,4798,1328,6126,63
2023-04-12,Kern,029,883053,231820,74338,306158,2498
2023-04-12,Kings,031,150075,63152,4519,67671,486
2023-04-12,Lake,033,64148,13734,1282,15016,164
2023-04-12,Lassen,035,31185,10284,1070,11354,65
2023-04-12,Los Angeles,037,10098052,3511825,222944,3734769,35964
2023-04-12,Madera,039,155013,46649,8950,55599,377
2023-04-12,Marin,041,260295,41293,5706,46999,260
2023-04-12,Mariposa,043,17540,3379,360,3739,31
2023-04-12,Mendocino,045,87422,16988,4843,21831,145
2023-04-12,Merced,047,269075,77929,13059,90988,903
2023-04-12,Modoc,049,8938,965,381,1346,11
2023-04-12,Mono,051,14174,3340,307,3647,8
2023-04-12,Monterey,053,433212,98660,24620,123280,811
2023-04-12,Napa,055,140530,34866,1541,36407,175
2023-04-12,Nevada,057,99092,20346,2353,22699,139
2023-04-12,Orange,059,3164182,718310,79830,798140,8132
2023-04-12,Placer,061,380077,81878,10433,92311,683
2023-04-12,Plumas,063,18699,3846,462,4308,15
2023-04-12,Riverside,065,2383286,739115,42341,781456,6852
2023-04-12,Sacramento,067,1510023,374997,38838,413835,3588
2023-04-12,San Benito,069,59416,17796,1147,18943,116
2023-04-12,San Bernardino,071,2135413,714053,34956,749009,8139
2023-04-12,San Diego,073,3302833,991899,82256,1074155,5857
2023-04-12,San Francisco,075,870044,198819,13582,212401,1209
2023-04-12,San Joaquin,077,732212,211644,17134,228778,2452
2023-04-12,San Luis Obispo,079,281455,66849,8261,75110,575
2023-04-12,San Mateo,081,765935,185366,11275,196641,747
2023-04-12,Santa Barbara,083,443738,112898,7854,120752,765
2023-04-12,Santa Clara,085,1922200,481090,21678,502768,2793
2023-04-12,Santa Cruz,087,273765,69187,4094,73281,276
2023-04-12,Shasta,089,179085,36664,8405,45069,612
2023-04-12,Sierra,091,2930,313,61,374,5
2023-04-12,Siskiyou,093,43540,5494,3448,8942,95
2023-04-12,Solano,095,438530,114946,8808,123754,476
2023-04-12,Sonoma,097,501317,114684,5848,120532,569
2023-04-12,Stanislaus,099,539301,146199,23317,169516,1842
2023-04-12,Sutter,101,95872,25932,2549,28481,241
2023-04-12,Tehama,103,63373,14536,3451,17987,237
2023-04-12,Trinity,105,12862,1477,510,1987,24
2023-04-12,Tulare,107,460477,129307,41110,170417,1595
2023-04-12,Tuolumne,109,53932,16998,1017,18015,211
2023-04-12,Ventura,111,848112,222054,18281,240335,1701
2023-04-12,Yolo,113,214977,50448,5052,55500,452
2023-04-12,Yuba,115,75493,20183,1909,22092,134
2023-04-11,Alameda,001,1643700,384008,22923,406931,2148
2023-04-11,Alpine,002,1148,139,4,143,0
2023-04-11,Amador,005,37829,10651,1011,11662,98
2023-04-11,Butte,007,227075,41906,10399,52305,498
2023-04-11,Calaveras,009,45235,9065,647,9712,143
2023-04-11,Colusa,011,21464,4020,1389,5409,23
2023-04-11,Contra Costa,013,1133247,275866,22565,298431,1584
2023-04-11,Del Norte,015,27424,7961,491,8452,61
2023-04-11,El Dorado,017,186661,34861,4583,39444,247
2023-04-11,Fresno,019,978130,296723,35433,332156,3021
2023-04-11,Glenn,021,27897,5823,2032,7855,56
2023-04-11,Humboldt,023,135768,23521,5974,29495,171
2023-04-11,Imperial,025,180216,71152,19488,90640,982
2023-04-11,Inyo,027,18085,4797,1328,6125,63
2023-04-11,Kern,029,883053,231797,74317,306114,2498
2023-04-11,Kings,031,150075,63140,4518,67658,486
2023-04-11,Lake,033,64148,13733,1282,15015,164
2023-04-11,Lassen,035,31185,10283,1070,11353,65
2023-04-11,Los Angeles,037,10098052,3511449,222845,3734294,35960
2023-04-11,Madera,039,155013,46641,8948,55589,377
2023-04-11,Marin,041,260295,41284,5706,46990,260
2023-04-11,Mariposa,043,17540,3379,360,3739,31
2023-04-11,Mendocino,045,87422,16986,4843,21829,145
2023-04-11,Merced,047,269075,77918,13058,90976,903
2023-04-11,Modoc,049,8938,964,378,1342,11
2023-04-11,Mono,051,14174,3340,307,3647,8
2023-04-11,Monterey,053,433212,98656,24610,123266,811
2023-04-11,Napa,055,140530,34860,1538,36398,175
2023-04-11,Nevada,057,99092,20343,2349,22692,139
2023-04-11,Orange,059,3164182,718237,79794,798031,8131
2023-04-11,Placer,061,380077,81864,10432,92296,683
2023-04-11,Plumas,063,18699,3845,462,4307,15
2023-04-11,Riverside,065,2383286,739052,42328,781380,6852
2023-04-11,Sacramento,067,1510023,374902,38829,413731,3588
2023-04-11,San Benito,069,59416,17794,1147,18941,116
2023-04-11,San Bernardino,071,2135413,713964,34948,748912,8139
2023-04-11,San Diego,073,3302833,991764,82227,1073991,5857
2023-04-11,San Francisco,075,870044,198758,13574,212332,1209
2023-04-11,San Joaquin,077,732212,211625,17131,228756,2452
2023-04-11,San Luis Obispo,079,281455,66841,8257,75098,575
2023-04-11,San Mateo,081,765935,185333,11273,196606,747
2023-04-11,Santa Barbara,083,443738,112877,7853,120730,765
2023-04-11,Santa Clara,085,1922200,481018,21675,502693,2793
2023-04-11,Santa Cruz,087,273765,69169,4090,73259,276
2023-04-11,Shasta,089,179085,36655,8404,45059,612
2023-04-11,Sierra,091,2930,313,61,374,5
2023-04-11,Siskiyou,093,43540,5494,3448,8942,95
2023-04-11,Solano,095,438530,114912,8808,123720,476
2023-04-11,Sonoma,097,501317,114661,5847,120508,569
2023-04-11,Stanislaus,099,539301,146176,23310,169486,1842
2023-04-11,Sutter,101,95872,25931,2549,28480,241
2023-04-11,Tehama,103,63373,14532,3451,17983,237
2023-04-11,Trinity,105,12862,1477,509,1986,24
2023-04-11,Tulare,107,460477,129290,41101,170391,1595
2023-04-11,Tuolumne,109,53932,16998,1017,18015,211
2023-04-11,Ventura,111,848112,222034,18278,240312,1701
2023-04-11,Yolo,113,214977,50442,5049,55491,452
2023-04-11,Yuba,115,75493,20179,1909,22088,134
2023-04-10,Alameda,001,1643700,383921,22918,406839,2148
2023-04-10,Alpine,002,1148,139,4,143,0
2023-04-10,Amador,005,37829,10650,1011,11661,98
2023-04-10,Butte,007,227075,41900,10398,52298,498
2023-04-10,Calaveras,009,45235,9065,647,9712,143
2023-04-10,Colusa,011,21464,4020,1389,5409,23
2023-04-10,Contra Costa,013,1133247,275794,22558,298352,1584
2023-04-10,Del Norte,015,27424,7960,491,8451,61
2023-04-10,El Dorado,017,186661,34855,4583,39438,247
2023-04-10,Fresno,019,978130,296682,35424,332106,3020
2023-04-10,Glenn,021,27897,5821,2032,7853,56
2023-04-10,Humboldt,023,135768,23520,5974,29494,171
2023-04-10,Imperial,025,180216,71119,19473,90592,982
2023-04-10,Inyo,027,18085,4797,1328,6125,63
2023-04-10,Kern,029,883053,231767,74302,306069,2498
2023-04-10,Kings,031,150075,63133,4516,67649,486
2023-04-10,Lake,033,64148,13731,1282,15013,164
2023-04-10,Lassen,035,31185,10282,1070,11352,65
2023-04-10,Los Angeles,037,10098052,3511053,222748,3733801,35955
2023-04-10,Madera,039,155013,46631,8947,55578,377
2023-04-10,Marin,041,260295,41272,5706,46978,260
2023-04-10,Mariposa,043,17540,3379,360,3739,31
2023-04-10,Mendocino,045,87422,16981,4840,21821,145
2023-04-10,Merced,047,269075,77908,13057,90965,903
2023-04-10,Modoc,049,8938,964,378,1342,11
2023-04-10,Mono,051,14174,3340,307,3647,8
2023-04-10,Monterey,053,433212,98649,24604,123253,811
2023-04-10,Napa,055,140530,34852,1538,36390,175
2023-04-10,Nevada,057,99092,20341,2349,22690,139
2023-04-10,Orange,059,3164182,718134,79755,797889,8127
2023-04-10,Placer,061,380077,81855,10431,92286,683
2023-04-10,Plumas,063,18699,3845,462,4307,15
2023-04-10,Riverside,065,2383286,738979,42310,781289,6852
2023-04-10,Sacramento,067,1510023,374817,38820,413637,3588
2023-04-10,San Benito,069,59416,17793,1146,18939,116
2023-04-10,San Bernardino,071,2135413,713895,34938,748833,8139
2023-04-10,San Diego,073,3302833,991608,82173,1073781,5857
2023-04-10,San Francisco,075,870044,198711,13564,212275,1209
2023-04-10,San Joaquin,077,732212,211608,17126,228734,2452
2023-04-10,San Luis Obispo,079,281455,66829,8255,75084,575
2023-04-10,San Mateo,081,765935,185297,11271,196568,747
2023-04-10,Santa Barbara,083,443738,112856,7852,120708,765
2023-04-10,Santa Clara,085,1922200,480928,21672,502600,2793
2023-04-10,Santa Cruz,087,273765,69152,4077,73229,276
2023-04-10,Shasta,089,179085,36651,8402,45053,612
2023-04-10,Sierra,091,2930,313,61,374,5
2023-04-10,Siskiyou,093,43540,5493,3448,8941,95
2023-04-10,Solano,095,438530,114891,8803,123694,476
2023-04-10,Sonoma,097,501317,114631,5845,120476,569
2023-04-10,Stanislaus,099,539301,146154,23309,169463,1842
2023-04-10,Sutter,101,95872,25930,2549,28479,241
2023-04-10,Tehama,103,63373,14530,3451,17981,237
2023-04-10,Trinity,105,12862,1477,508,1985,24
2023-04-10,Tulare,107,460477,129274,41088,170362,1595
2023-04-10,Tuolumne,109,53932,16997,1017,18014,211
2023-04-10,Ventura,111,848112,222013,18270,240283,1700
2023-04-10,Yolo,113,214977,50434,5048,55482,452
2023-04-10,Yuba,115,75493,20175,1909,22084,134
2023-04-09,Alameda,001,1643700,383814,22905,406719,2147
2023-04-09,Alpine,002,1148,139,4,143,0
2023-04-09,Amador,005,37829,10644,996,11640,98
2023-04-09,Butte,007,227075,41895,10390,52285,498
2023-04-09,Calaveras,009,45235,9063,647,9710,143
2023-04-09,Colusa,011,21464,4020,1389,5409,23
2023-04-09,Contra Costa,013,1133247,275709,22555,298264,1584
2023-04-09,Del Norte,015,27424,7960,491,8451,61
2023-04-09,El Dorado,017,186661,34843,4581,39424,247
2023-04-09,Fresno,019,978130,296633,35415,332048,3020
2023-04-09,Glenn,021,27897,5821,2032,7853,56
2023-04-09,Humboldt,023,135768,23518,5974,29492,171
2023-04-09,Imperial,025,180216,71084,19451,90535,982
2023-04-09,Inyo,027,18085,4797,1328,6125,63
2023-04-09,Kern,029,883053,231727,74284,306011,2498
2023-04-09,Kings,031,150075,63118,4515,67633,486
2023-04-09,Lake,033,64148,13727,1282,15009,164
2023-04-09,Lassen,035,31185,10282,1070,11352,65
2023-04-09,Los Angeles,037,10098052,3510485,222626,3733111,35949
2023-04-09,Madera,039,155013,46610,8942,55552,377
2023-04-09,Marin,041,260295,41256,5705,46961,260
2023-04-09,Mariposa,043,17540,3378,360,3738,31
2023-04-09,Mendocino,045,87422,16978,4837,21815,145
2023-04-09,Merced,047,269075,77901,13056,90957,903
2023-04-09,Modoc,049,8938,964,378,1342,11
2023-04-09,Mono,051,14174,3340,307,3647,8
2023-04-09,Monterey,053,433212,98641,24589,123230,811
2023-04-09,Napa,055,140530,34842,1538,36380,175
2023-04-09,Nevada,057,99092,20334,2349,22683,139
2023-04-09,Orange,059,3164182,718057,79719,797776,8126
2023-04-09,Placer,061,380077,81836,10428,92264,683
2023-04-09,Plumas,063,18699,3844,461,4305,15
2023-04-09,Riverside,065,2383286,738904,42291,781195,6852
2023-04-09,Sacramento,067,1510023,374733,38802,413535,3588
2023-04-09,San Benito,069,59416,17792,1146,18938,116
2023-04-09,San Bernardino,071,2135413,713790,34926,748716,8139
2023-04-09,San Diego,073,3302833,991431,82139,1073570,5857
2023-04-09,San Francisco,075,870044,198648,13563,212211,1207
2023-04-09,San Joaquin,077,732212,211592,17122,228714,2452
2023-04-09,San Luis Obispo,079,281455,66818,8249,75067,575
2023-04-09,San Mateo,081,765935,185258,11267,196525,747
2023-04-09,Santa Barbara,083,443738,112834,7852,120686,765
2023-04-09,Santa Clara,085,1922200,480804,21663,502467,2790
2023-04-09,Santa Cruz,087,273765,69130,4069,73199,276
2023-04-09,Shasta,089,179085,36643,8401,45044,612
2023-04-09,Sierra,091,2930,313,61,374,5
2023-04-09,Siskiyou,093,43540,5493,3448,8941,95
2023-04-09,Solano,095,438530,114859,8800,123659,476
2023-04-09,Sonoma,097,501317,114602,5845,120447,569
2023-04-09,Stanislaus,099,539301,146133,23303,169436,1842
2023-04-09,Sutter,101,95872,25925,2549,28474,241
2023-04-09,Tehama,103,63373,14527,3450,17977,237
2023-04-09,Trinity,105,12862,1477,507,1984,24
2023-04-09,Tulare,107,460477,129250,41077,170327,1595
2023-04-09,Tuolumne,109,53932,16996,1017,18013,211
2023-04-09,Ventura,111,848112,221995,18266,240261,1700
2023-04-09,Yolo,113,214977,50415,5045,55460,452
2023-04-09,Yuba,115,75493,20171,1908,22079,134
2023-04-08,Alameda,001,1643700,383764,22902,406666,2146
2023-04-08,Alpine,002,1148,139,4,143,0
2023-04-08,Amador,005,37829,10644,993,11637,98
2023-04-08,Butte,007,227075,41891,10388,52279,498
2023-04-08,Calaveras,009,45235,9059,647,9706,143
2023-04-08,Colusa,011,21464,4020,1389,5409,23
2023-04-08,Contra Costa,013,1133247,275670,22552,298222,1584
2023-04-08,Del Norte,015,27424,7960,491,8451,61
2023-04-08,El Dorado,017,186661,34841,4581,39422,247
2023-04-08,Fresno,019,978130,296608,35411,332019,3019
2023-04-08,Glenn,021,27897,5820,2032,7852,56
2023-04-08,Humboldt,023,135768,23517,5974,29491,171
2023-04-08,Imperial,025,180216,71068,19449,90517,981
2023-04-08,Inyo,027,18085,4797,1328,6125,63
2023-04-08,Kern,029,883053,231708,74273,305981,2498
2023-04-08,Kings,031,150075,63117,4515,67632,486
2023-04-08,Lake,033,64148,13726,1282,15008,164
2023-04-08,Lassen,035,31185,10282,1070,11352,65
2023-04-08,Los Angeles,037,10098052,3510303,222580,3732883,35943
2023-04-08,Madera,039,155013,46606,8941,55547,377
2023-04-08,Marin,041,260295,41252,5703,46955,260
2023-04-08,Mariposa,043,17540,3377,360,3737,31
2023-04-08,Mendocino,045,87422,16976,4836,21812,145
2023-04-08,Merced,047,269075,77896,13055,90951,903
2023-04-08,Modoc,049,8938,964,378,1342,11
2023-04-08,Mono,051,14174,3340,307,3647,8
2023-04-08,Monterey,053,433212,98635,24584,123219,811
2023-04-08,Napa,055,140530,34837,1538,36375,175
2023-04-08,Nevada,057,99092,20332,2349,22681,139
2023-04-08,Orange,059,3164182,718002,79693,797695,8124
2023-04-08,Placer,061,380077,81825,10426,92251,683
2023-04-08,Plumas,063,18699,3844,461,4305,15
2023-04-08,Riverside,065,2383286,738866,42275,781141,6852
2023-04-08,Sacramento,067,1510023,374702,38801,413503,3588
2023-04-08,San Benito,069,59416,17788,1145,18933,116
2023-04-08,San Bernardino,071,2135413,713740,34924,748664,8139
2023-04-08,San Diego,073,3302833,991335,82136,1073471,5857
2023-04-08,San Francisco,075,870044,198621,13562,212183,1206
2023-04-08,San Joaquin,077,732212,211570,17120,228690,2452
2023-04-08,San Luis Obispo,079,281455,66812,8247,75059,575
2023-04-08,San Mateo,081,765935,185230,11267,196497,747
2023-04-08,Santa Barbara,083,443738,112823,7851,120674,765
2023-04-08,Santa Clara,085,1922200,480747,21654,502401,2789
2023-04-08,Santa Cruz,087,273765,69126,4067,73193,276
2023-04-08,Shasta,089,179085,36643,8401,45044,612
2023-04-08,Sierra,091,2930,313,61,374,5
2023-04-08,Siskiyou,093,43540,5493,3448,8941,95
2023-04-08,Solano,095,438530,114855,8797,123652,476
2023-04-08,Sonoma,097,501317,114586,5845,120431,569
2023-04-08,Stanislaus,099,539301,146115,23301,169416,1842
2023-04-08,Sutter,101,95872,25923,2549,28472,241
2023-04-08,Tehama,103,63373,14527,3449,17976,237
2023-04-08,Trinity,105,12862,1476,507,1983,24
2023-04-08,Tulare,107,460477,129236,41072,170308,1595
2023-04-08,Tuolumne,109,53932,16995,1017,18012,211
2023-04-08,Ventura,111,848112,221975,18260,240235,1700
2023-04-08,Yolo,113,214977,50412,5043,55455,452
2023-04-08,Yuba,115,75493,20170,1908,22078,134
2023-04-07,Alameda,001,1643700,383713,22898,406611,2146
2023-04-07,Alpine,002,1148,139,4,143,0
2023-04-07,Amador,005,37829,10644,989,11633,98
2023-04-07,Butte,007,227075,41890,10385,52275,498
2023-04-07,Calaveras,009,45235,9058,647,9705,143
2023-04-07,Colusa,011,21464,4020,1389,5409,23
2023-04-07,Contra Costa,013,1133247,275627,22552,298179,1584
2023-04-07,Del Norte,015,27424,7960,491,8451,61
2023-04-07,El Dorado,017,186661,34835,4581,39416,247
2023-04-07,Fresno,019,978130,296566,35407,331973,3019
2023-04-07,Glenn,021,27897,5820,2032,7852,56
2023-04-07,Humboldt,023,135768,23516,5974,29490,171
2023-04-07,Imperial,025,180216,71054,19446,90500,981
2023-04-07,Inyo,027,18085,4797,1328,6125,63
2023-04-07,Kern,029,883053,231696,74254,305950,2498
2023-04-07,Kings,031,150075,63117,4515,67632,486
2023-04-07,Lake,033,64148,13726,1282,15008,164
2023-04-07,Lassen,035,31185,10282,1070,11352,65
2023-04-07,Los Angeles,037,10098052,3510043,222529,3732572,35938
2023-04-07,Madera,039,155013,46601,8941,55542,377
2023-04-07,Marin,041,260295,41241,5703,46944,260
2023-04-07,Mariposa,043,17540,3377,360,3737,31
2023-04-07,Mendocino,045,87422,16974,4836,21810,145
2023-04-07,Merced,047,269075,77890,13055,90945,903
2023-04-07,Modoc,049,8938,964,378,1342,11
2023-04-07,Mono,051,14174,3340,307,3647,8
2023-04-07,Monterey,053,433212,98629,24575,123204,811
2023-04-07,Napa,055,140530,34834,1529,36363,174
2023-04-07,Nevada,057,99092,20328,2349,22677,139
2023-04-07,Orange,059,3164182,717928,79669,797597,8121
2023-04-07,Placer,061,380077,81816,10424,92240,683
2023-04-07,Plumas,063,18699,3844,461,4305,15
2023-04-07,Riverside,065,2383286,738827,42260,781087,6852
2023-04-07,Sacramento,067,1510023,374652,38798,413450,3587
2023-04-07,San Benito,069,59416,17786,1145,18931,116
2023-04-07,San Bernardino,071,2135413,713690,34919,748609,8139
2023-04-07,San Diego,073,3302833,991250,82133,1073383,5857
2023-04-07,San Francisco,075,870044,198586,13557,212143,1206
2023-04-07,San Joaquin,077,732212,211547,17119,228666,2451
2023-04-07,San Luis Obispo,079,281455,66809,8242,75051,575
2023-04-07,San Mateo,081,765935,185200,11266,196466,747
2023-04-07,Santa Barbara,083,443738,112816,7850,120666,765
2023-04-07,Santa Clara,085,1922200,480688,21651,502339,2789
2023-04-07,Santa Cruz,087,273765,69118,4067,73185,276
2023-04-07,Shasta,089,179085,36641,8400,45041,612
2023-04-07,Sierra,091,2930,313,61,374,5
2023-04-07,Siskiyou,093,43540,5489,3448,8937,95
2023-04-07,Solano,095,438530,114842,8793,123635,476
2023-04-07,Sonoma,097,501317,114572,5845,120417,569
2023-04-07,Stanislaus,099,539301,146100,23299,169399,1842
2023-04-07,Sutter,101,95872,25917,2549,28466,241
2023-04-07,Tehama,103,63373,14527,3449,17976,237
2023-04-07,Trinity,105,12862,1476,507,1983,24
2023-04-07,Tulare,107,460477,129230,41063,170293,1595
2023-04-07,Tuolumne,109,53932,16995,1017,18012,211
2023-04-07,Ventura,111,848112,221952,18257,240209,1700
2023-04-07,Yolo,113,214977,50407,5041,55448,452
2023-04-07,Yuba,115,75493,20166,1908,22074,134
2023-04-06,Alameda,001,1643700,383640,22892,406532,2146
2023-04-06,Alpine,002,1148,139,4,143,0
2023-04-06,Amador,005,37829,10643,986,11629,98
2023-04-06,Butte,007,227075,41888,10379,52267,498
2023-04-06,Calaveras,009,45235,9057,647,9704,143
2023-04-06,Colusa,011,21464,4020,1389,5409,23
2023-04-06,Contra Costa,013,1133247,275573,22547,298120,1584
2023-04-06,Del Norte,015,27424,7959,491,8450,61
2023-04-06,El Dorado,017,186661,34829,4580,39409,247
2023-04-06,Fresno,019,978130,296534,35403,331937,3019
2023-04-06,Glenn,021,27897,5820,2032,7852,56
2023-04-06,Humboldt,023,135768,23514,5974,29488,171
2023-04-06,Imperial,025,180216,71039,19441,90480,981
2023-04-06,Inyo,027,18085,4796,1328,6124,63
2023-04-06,Kern,029,883053,231675,74234,305909,2498
2023-04-06,Kings,031,150075,63109,4515,67624,486
2023-04-06,Lake,033,64148,13722,1282,15004,164
2023-04-06,Lassen,035,31185,10282,1070,11352,65
2023-04-06,Los Angeles,037,10098052,3509699,222447,3732146,35933
2023-04-06,Madera,039,155013,46589,8941,55530,377
2023-04-06,Marin,041,260295,41231,5702,46933,260
2023-04-06,Mariposa,043,17540,3377,360,3737,31
2023-04-06,Mendocino,045,87422,16972,4836,21808,145
2023-04-06,Merced,047,269075,77884,13054,90938,903
2023-04-06,Modoc,049,8938,964,378,1342,11
2023-04-06,Mono,051,14174,3340,307,3647,8
2023-04-06,Monterey,053,433212,98621,24569,123190,811
2023-04-06,Napa,055,140530,34831,1529,36360,174
2023-04-06,Nevada,057,99092,20322,2349,22671,139
2023-04-06,Orange,059,3164182,717870,79644,797514,8121
2023-04-06,Placer,061,380077,81808,10422,92230,683
2023-04-06,Plumas,063,18699,3843,461,4304,15
2023-04-06,Riverside,065,2383286,738771,42251,781022,6851
2023-04-06,Sacramento,067,1510023,374587,38792,413379,3587
2023-04-06,San Benito,069,59416,17784,1145,18929,116
2023-04-06,San Bernardino,071,2135413,713629,34911,748540,8139
2023-04-06,San Diego,073,3302833,991125,82107,1073232,5856
2023-04-06,San Francisco,075,870044,198554,13554,212108,1205
2023-04-06,San Joaquin,077,732212,211523,17115,228638,2450
2023-04-06,San Luis Obispo,079,281455,66796,8239,75035,575
2023-04-06,San Mateo,081,765935,185164,11266,196430,747
2023-04-06,Santa Barbara,083,443738,112802,7850,120652,765
2023-04-06,Santa Clara,085,1922200,480597,21642,502239,2789
2023-04-06,Santa Cruz,087,273765,69106,4062,73168,276
2023-04-06,Shasta,089,179085,36637,8398,45035,612
2023-04-06,Sierra,091,2930,313,61,374,5
2023-04-06,Siskiyou,093,43540,5489,3448,8937,95
2023-04-06,Solano,095,438530,114823,8790,123613,476
2023-04-06,Sonoma,097,501317,114554,5844,120398,569
2023-04-06,Stanislaus,099,539301,146086,23292,169378,1842
2023-04-06,Sutter,101,95872,25914,2548,28462,241
2023-04-06,Tehama,103,63373,14525,3449,17974,237
2023-04-06,Trinity,105,12862,1476,507,1983,24
2023-04-06,Tulare,107,460477,129219,41059,170278,1595
2023-04-06,Tuolumne,109,53932,16995,1017,18012,211
2023-04-06,Ventura,111,848112,221931,18254,240185,1700
2023-04-06,Yolo,113,214977,50397,5034,55431,452
2023-04-06,Yuba,115,75493,20163,1908,22071,134
2023-04-05,Alameda,001,1643700,383546,22888,406434,2146
2023-04-05,Alpine,002,1148,139,4,143,0
2023-04-05,Amador,005,37829,10642,983,11625,98
2023-04-05,Butte,007,227075,41886,10374,52260,498
2023-04-05,Calaveras,009,45235,9056,647,9703,143
2023-04-05,Colusa,011,21464,4020,1389,5409,23
2023-04-05,Contra Costa,013,1133247,275508,22541,298049,1584
2023-04-05,Del Norte,015,27424,7959,488,8447,60
2023-04-05,El Dorado,017,186661,34823,4579,39402,247
2023-04-05,Fresno,019,978130,296498,35396,331894,3019
2023-04-05,Glenn,021,27897,5819,2031,7850,56
2023-04-05,Humboldt,023,135768,23512,5974,29486,171
2023-04-05,Imperial,025,180216,71015,19422,90437,981
2023-04-05,Inyo,027,18085,4795,1328,6123,63
2023-04-05,Kern,029,883053,231657,74223,305880,2498
2023-04-05,Kings,031,150075,63102,4515,67617,486
2023-04-05,Lake,033,64148,13721,1282,15003,164
2023-04-05,Lassen,035,31185,10282,1069,11351,65
2023-04-05,Los Angeles,037,10098052,3509343,222374,3731717,35927
2023-04-05,Madera,039,155013,46565,8940,55505,377
2023-04-05,Marin,041,260295,41208,5701,46909,260
2023-04-05,Mariposa,043,17540,3377,360,3737,31
2023-04-05,Mendocino,045,87422,16972,4836,21808,145
2023-04-05,Merced,047,269075,77876,13049,90925,903
2023-04-05,Modoc,049,8938,964,378,1342,11
2023-04-05,Mono,051,14174,3340,306,3646,8
2023-04-05,Monterey,053,433212,98614,24557,123171,811
2023-04-05,Napa,055,140530,34828,1529,36357,174
2023-04-05,Nevada,057,99092,20309,2348,22657,139
2023-04-05,Orange,059,3164182,717775,79609,797384,8117
2023-04-05,Placer,061,380077,81796,10419,92215,683
2023-04-05,Plumas,063,18699,3841,461,4302,15
2023-04-05,Riverside,065,2383286,738715,42238,780953,6851
2023-04-05,Sacramento,067,1510023,374512,38789,413301,3584
2023-04-05,San Benito,069,59416,17778,1145,18923,116
2023-04-05,San Bernardino,071,2135413,713568,34902,748470,8139
2023-04-05,San Diego,073,3302833,991018,82087,1073105,5855
2023-04-05,San Francisco,075,870044,198515,13551,212066,1203
2023-04-05,San Joaquin,077,732212,211491,17109,228600,2450
2023-04-05,San Luis Obispo,079,281455,66787,8237,75024,574
2023-04-05,San Mateo,081,765935,185128,11264,196392,747
2023-04-05,Santa Barbara,083,443738,112797,7845,120642,765
2023-04-05,Santa Clara,085,1922200,480516,21633,502149,2789
2023-04-05,Santa Cruz,087,273765,69091,4055,73146,276
2023-04-05,Shasta,089,179085,36635,8394,45029,612
2023-04-05,Sierra,091,2930,313,61,374,5
2023-04-05,Siskiyou,093,43540,5489,3448,8937,95
2023-04-05,Solano,095,438530,114805,8788,123593,476
2023-04-05,Sonoma,097,501317,114540,5842,120382,568
2023-04-05,Stanislaus,099,539301,146065,23288,169353,1842
2023-04-05,Sutter,101,95872,25909,2548,28457,241
2023-04-05,Tehama,103,63373,14524,3449,17973,237
2023-04-05,Trinity,105,12862,1476,507,1983,24
2023-04-05,Tulare,107,460477,129212,41053,170265,1595
2023-04-05,Tuolumne,109,53932,16993,1017,18010,211
2023-04-05,Ventura,111,848112,221909,18252,240161,1700
2023-04-05,Yolo,113,214977,50390,5030,55420,452
2023-04-05,Yuba,115,75493,20160,1907,22067,134
2023-04-04,Alameda,001,1643700,383457,22881,406338,2146
2023-04-04,Alpine,002,1148,139,4,143,0
2023-04-04,Amador,005,37829,10641,981,11622,98
2023-04-04,Butte,007,227075,41884,10371,52255,498
2023-04-04,Calaveras,009,45235,9055,647,9702,143
2023-04-04,Colusa,011,21464,4020,1388,5408,23
2023-04-04,Contra Costa,013,1133247,275453,22537,297990,1584
2023-04-04,Del Norte,015,27424,7959,488,8447,60
2023-04-04,El Dorado,017,186661,34818,4579,39397,247
2023-04-04,Fresno,019,978130,296450,35381,331831,3019
2023-04-04,Glenn,021,27897,5819,2031,7850,56
2023-04-04,Humboldt,023,135768,23507,5973,29480,171
2023-04-04,Imperial,025,180216,70995,19407,90402,981
2023-04-04,Inyo,027,18085,4793,1328,6121,63
2023-04-04,Kern,029,883053,231632,74204,305836,2498
2023-04-04,Kings,031,150075,63094,4515,67609,486
2023-04-04,Lake,033,64148,13720,1282,15002,164
2023-04-04,Lassen,035,31185,10282,1069,11351,65
2023-04-04,Los Angeles,037,10098052,3508987,222289,3731276,35921
2023-04-04,Madera,039,155013,46551,8939,55490,377
2023-04-04,Marin,041,260295,41191,5696,46887,260
2023-04-04,Mariposa,043,17540,3376,360,3736,31
2023-04-04,Mendocino,045,87422,16969,4836,21805,145
2023-04-04,Merced,047,269075,77872,13046,90918,903
2023-04-04,Modoc,049,8938,964,378,1342,11
2023-04-04,Mono,051,14174,3339,306,3645,8
2023-04-04,Monterey,053,433212,98605,24549,123154,811
2023-04-04,Napa,055,140530,34826,1529,36355,174
2023-04-04,Nevada,057,99092,20304,2348,22652,139
2023-04-04,Orange,059,3164182,717702,79585,797287,8116
2023-04-04,Placer,061,380077,81781,10418,92199,683
2023-04-04,Plumas,063,18699,3841,461,4302,15
2023-04-04,Riverside,065,2383286,738652,42220,780872,6851
2023-04-04,Sacramento,067,1510023,374428,38786,413214,3583
2023-04-04,San Benito,069,59416,17776,1145,18921,116
2023-04-04,San Bernardino,071,2135413,713485,34897,748382,8139
2023-04-04,San Diego,073,3302833,990895,82066,1072961,5855
2023-04-04,San Francisco,075,870044,198468,13550,212018,1201
2023-04-04,San Joaquin,077,732212,211459,17107,228566,2449
2023-04-04,San Luis Obispo,079,281455,66776,8226,75002,574
2023-04-04,San Mateo,081,765935,185104,11261,196365,747
2023-04-04,Santa Barbara,083,443738,112785,7842,120627,765
2023-04-04,Santa Clara,085,1922200,480421,21621,502042,2789
2023-04-04,Santa Cruz,087,273765,69068,4052,73120,276
2023-04-04,Shasta,089,179085,36631,8391,45022,612
2023-04-04,Sierra,091,2930,313,61,374,5
2023-04-04,Siskiyou,093,43540,5487,3448,8935,95
2023-04-04,Solano,095,438530,114786,8783,123569,476
2023-04-04,Sonoma,097,501317,114523,5841,120364,567
2023-04-04,Stanislaus,099,539301,146051,23287,169338,1842
2023-04-04,Sutter,101,95872,25904,2548,28452,241
2023-04-04,Tehama,103,63373,14523,3448,17971,237
2023-04-04,Trinity,105,12862,1475,507,1982,24
2023-04-04,Tulare,107,460477,129202,41048,170250,1595
2023-04-04,Tuolumne,109,53932,16992,1017,18009,211
2023-04-04,Ventura,111,848112,221888,18251,240139,1700
2023-04-04,Yolo,113,214977,50386,5028,55414,452
2023-04-04,Yuba,115,75493,20157,1907,22064,134
2023-04-03,Alameda,001,1643700,383382,22876,406258,2146
2023-04-03,Alpine,002,1148,139,4,143,0
2023-04-03,Amador,005,37829,10639,979,11618,98
2023-04-03,Butte,007,227075,41881,10366,52247,498
2023-04-03,Calaveras,009,45235,9054,647,9701,143
2023-04-03,Colusa,011,21464,4019,1388,5407,23
2023-04-03,Contra Costa,013,1133247,275378,22534,297912,1584
2023-04-03,Del Norte,015,27424,7958,488,8446,60
2023-04-03,El Dorado,017,186661,34815,4579,39394,247
2023-04-03,Fresno,019,978130,296412,35375,331787,3019
2023-04-03,Glenn,021,27897,5819,2030,7849,56
2023-04-03,Humboldt,023,135768,23504,5969,29473,171
2023-04-03,Imperial,025,180216,70970,19393,90363,981
2023-04-03,Inyo,027,18085,4792,1327,6119,63
2023-04-03,Kern,029,883053,231612,74188,305800,2498
2023-04-03,Kings,031,150075,63089,4514,67603,486
2023-04-03,Lake,033,64148,13717,1282,14999,164
2023-04-03,Lassen,035,31185,10282,1069,11351,65
2023-04-03,Los Angeles,037,10098052,3508621,222208,3730829,35914
2023-04-03,Madera,039,155013,46546,8939,55485,377
2023-04-03,Marin,041,260295,41173,5692,46865,260
2023-04-03,Mariposa,043,17540,3375,360,3735,31
2023-04-03,Mendocino,045,87422,16967,4836,21803,145
2023-04-03,Merced,047,269075,77858,13043,90901,903
2023-04-03,Modoc,049,8938,963,378,1341,11
2023-04-03,Mono,051,14174,3339,306,3645,8
2023-04-03,Monterey,053,433212,98596,24544,123140,811
2023-04-03,Napa,055,140530,34819,1529,36348,174
2023-04-03,Nevada,057,99092,20298,2347,22645,139
2023-04-03,Orange,059,3164182,717623,79547,797170,8116
2023-04-03,Placer,061,380077,81752,10416,92168,683
2023-04-03,Plumas,063,18699,3841,461,4302,15
2023-04-03,Riverside,065,2383286,738578,42191,780769,6851
2023-04-03,Sacramento,067,1510023,374368,38775,413143,3583
2023-04-03,San Benito,069,59416,17771,1145,18916,115
2023-04-03,San Bernardino,071,2135413,713410,34893,748303,8139
2023-04-03,San Diego,073,3302833,990762,82038,1072800,5855
2023-04-03,San Francisco,075,870044,198414,13545,211959,1201
2023-04-03,San Joaquin,077,732212,211426,17105,228531,2449
2023-04-03,San Luis Obispo,079,281455,66769,8222,74991,574
2023-04-03,San Mateo,081,765935,185072,11260,196332,747
2023-04-03,Santa Barbara,083,443738,112757,7835,120592,765
2023-04-03,Santa Clara,085,1922200,480305,21605,501910,2788
2023-04-03,Santa Cruz,087,273765,69049,4051,73100,276
2023-04-03,Shasta,089,179085,36626,8388,45014,612
2023-04-03,Sierra,091,2930,313,61,374,5
2023-04-03,Siskiyou,093,43540,5486,3448,8934,95
2023-04-03,Solano,095,438530,114754,8782,123536,476
2023-04-03,Sonoma,097,501317,114503,5840,120343,567
2023-04-03,Stanislaus,099,539301,146028,23268,169296,1842
2023-04-03,Sutter,101,95872,25900,2548,28448,241
2023-04-03,Tehama,103,63373,14522,3445,17967,237
2023-04-03,Trinity,105,12862,1475,507,1982,24
2023-04-03,Tulare,107,460477,129183,41044,170227,1595
2023-04-03,Tuolumne,109,53932,16992,1017,18009,211
2023-04-03,Ventura,111,848112,221873,18251,240124,1700
2023-04-03,Yolo,113,214977,50372,5024,55396,452
2023-04-03,Yuba,115,75493,20152,1907,22059,134
2023-04-02,Alameda,001,1643700,383269,22868,406137,2145
2023-04-02,Alpine,002,1148,139,4,143,0
2023-04-02,Amador,005,37829,10636,978,11614,98
2023-04-02,Butte,007,227075,41877,10365,52242,497
2023-04-02,Calaveras,009,45235,9053,647,9700,143
2023-04-02,Colusa,011,21464,4018,1388,5406,23
2023-04-02,Contra Costa,013,1133247,275307,22532,297839,1584
2023-04-02,Del Norte,015,27424,7957,488,8445,60
2023-04-02,El Dorado,017,186661,34800,4578,39378,247
2023-04-02,Fresno,019,978130,296367,35367,331734,3019
2023-04-02,Glenn,021,27897,5816,2028,7844,56
2023-04-02,Humboldt,023,135768,23500,5968,29468,171
2023-04-02,Imperial,025,180216,70937,19364,90301,981
2023-04-02,Inyo,027,18085,4791,1326,6117,63
2023-04-02,Kern,029,883053,231579,74168,305747,2498
2023-04-02,Kings,031,150075,63081,4513,67594,486
2023-04-02,Lake,033,64148,13714,1282,14996,164
2023-04-02,Lassen,035,31185,10282,1068,11350,65
2023-04-02,Los Angeles,037,10098052,3508198,222123,3730321,35907
2023-04-02,Madera,039,155013,46540,8939,55479,377
2023-04-02,Marin,041,260295,41153,5690,46843,260
2023-04-02,Mariposa,043,17540,3375,360,3735,31
2023-04-02,Mendocino,045,87422,16966,4836,21802,145
2023-04-02,Merced,047,269075,77848,13040,90888,903
2023-04-02,Modoc,049,8938,963,378,1341,11
2023-04-02,Mono,051,14174,3339,305,3644,8
2023-04-02,Monterey,053,433212,98591,24534,123125,810
2023-04-02,Napa,055,140530,34815,1529,36344,174
2023-04-02,Nevada,057,99092,20285,2346,22631,139
2023-04-02,Orange,059,3164182,717501,79514,797015,8113
2023-04-02,Placer,061,380077,81740,10412,92152,683
2023-04-02,Plumas,063,18699,3841,461,4302,15
2023-04-02,Riverside,065,2383286,738487,42164,780651,6851
2023-04-02,Sacramento,067,1510023,374274,38768,413042,3583
2023-04-02,San Benito,069,59416,17768,1145,18913,115
2023-04-02,San Bernardino,071,2135413,713307,34883,748190,8139
2023-04-02,San Diego,073,3302833,990612,82006,1072618,5854
2023-04-02,San Francisco,075,870044,198366,13538,211904,1201
2023-04-02,San Joaquin,077,732212,211390,17101,228491,2449
2023-04-02,San Luis Obispo,079,281455,66760,8220,74980,574
2023-04-02,San Mateo,081,765935,185031,11259,196290,747
2023-04-02,Santa Barbara,083,443738,112740,7827,120567,765
2023-04-02,Santa Clara,085,1922200,480171,21597,501768,2787
2023-04-02,Santa Cruz,087,273765,69026,4047,73073,276
2023-04-02,Shasta,089,179085,36620,8383,45003,612
2023-04-02,Sierra,091,2930,313,61,374,5
2023-04-02,Siskiyou,093,43540,5484,3448,8932,95
2023-04-02,Solano,095,438530,114740,8780,123520,476
2023-04-02,Sonoma,097,501317,114477,5837,120314,567
2023-04-02,Stanislaus,099,539301,146005,23267,169272,1842
2023-04-02,Sutter,101,95872,25891,2548,28439,241
2023-04-02,Tehama,103,63373,14522,3445,17967,237
2023-04-02,Trinity,105,12862,1475,507,1982,24
2023-04-02,Tulare,107,460477,129173,41033,170206,1595
2023-04-02,Tuolumne,109,53932,16992,1014,18006,211
2023-04-02,Ventura,111,848112,221847,18250,240097,1700
2023-04-02,Yolo,113,214977,50357,5021,55378,452
2023-04-02,Yuba,115,75493,20147,1905,22052,134
2023-04-01,Alameda,001,1643700,383215,22865,406080,2144
2023-04-01,Alpine,002,1148,139,4,143,0
2023-04-01,Amador,005,37829,10635,977,11612,98
2023-04-01,Butte,007,227075,41875,10363,52238,497
2023-04-01,Calaveras,009,45235,9052,647,9699,143
2023-04-01,Colusa,011,21464,4018,1388,5406,23
2023-04-01,Contra Costa,013,1133247,275270,22529,297799,1584
2023-04-01,Del Norte,015,27424,7957,487,8444,60
2023-04-01,El Dorado,017,186661,34791,4578,39369,247
2023-04-01,Fresno,019,978130,296339,35364,331703,3019
2023-04-01,Glenn,021,27897,5816,2027,7843,56
2023-04-01,Humboldt,023,135768,23500,5968,29468,171
2023-04-01,Imperial,025,180216,70926,19360,90286,981
2023-04-01,Inyo,027,18085,4791,1326,6117,63
2023-04-01,Kern,029,883053,231564,74155,305719,2498
2023-04-01,Kings,031,150075,63078,4513,67591,486
2023-04-01,Lake,033,64148,13714,1282,14996,164
2023-04-01,Lassen,035,31185,10282,1068,11350,65
2023-04-01,Los Angeles,037,10098052,3507992,222078,3730070,35899
2023-04-01,Madera,039,155013,46537,8938,55475,377
2023-04-01,Marin,041,260295,41147,5686,46833,260
2023-04-01,Mariposa,043,17540,3375,360,3735,31
2023-04-01,Mendocino,045,87422,16962,4836,21798,145
2023-04-01,Merced,047,269075,77841,13040,90881,903
2023-04-01,Modoc,049,8938,963,378,1341,11
2023-04-01,Mono,051,14174,3339,305,3644,8
2023-04-01,Monterey,053,433212,98587,24530,123117,810
2023-04-01,Napa,055,140530,34815,1529,36344,174
2023-04-01,Nevada,057,99092,20282,2346,22628,138
2023-04-01,Orange,059,3164182,717438,79500,796938,8112
2023-04-01,Placer,061,380077,81723,10412,92135,683
2023-04-01,Plumas,063,18699,3840,461,4301,15
2023-04-01,Riverside,065,2383286,738439,42150,780589,6851
2023-04-01,Sacramento,067,1510023,374228,38761,412989,3582
2023-04-01,San Benito,069,59416,17761,1145,18906,115
2023-04-01,San Bernardino,071,2135413,713256,34878,748134,8139
2023-04-01,San Diego,073,3302833,990531,81983,1072514,5854
2023-04-01,San Francisco,075,870044,198334,13534,211868,1201
2023-04-01,San Joaquin,077,732212,211364,17099,228463,2449
2023-04-01,San Luis Obispo,079,281455,66752,8215,74967,574
2023-04-01,San Mateo,081,765935,185000,11257,196257,747
2023-04-01,Santa Barbara,083,443738,112726,7821,120547,765
2023-04-01,Santa Clara,085,1922200,480108,21591,501699,2787
2023-04-01,Santa Cruz,087,273765,69017,4047,73064,276
2023-04-01,Shasta,089,179085,36620,8383,45003,612
2023-04-01,Sierra,091,2930,313,61,374,5
2023-04-01,Siskiyou,093,43540,5484,3448,8932,95
2023-04-01,Solano,095,438530,114732,8777,123509,476
2023-04-01,Sonoma,097,501317,114468,5834,120302,565
2023-04-01,Stanislaus,099,539301,145988,23265,169253,1842
2023-04-01,Sutter,101,95872,25887,2548,28435,241
2023-04-01,Tehama,103,63373,14521,3443,17964,237
2023-04-01,Trinity,105,12862,1475,507,1982,24
2023-04-01,Tulare,107,460477,129164,41030,170194,1595
2023-04-01,Tuolumne,109,53932,16991,1014,18005,211
2023-04-01,Ventura,111,848112,221834,18250,240084,1700
2023-04-01,Yolo,113,214977,50349,5018,55367,452
2023-04-01,Yuba,115,75493,20146,1904,22050,134
2023-03-31,Alameda,001,1643700,383149,22861,406010,2144
2023-03-31,Alpine,002,1148,139,4,143,0
2023-03-31,Amador,005,37829,10633,974,11607,98
2023-03-31,Butte,007,227075,41874,10363,52237,497
2023-03-31,Calaveras,009,45235,9051,647,9698,143
2023-03-31,Colusa,011,21464,4017,1388,5405,23
2023-03-31,Contra Costa,013,1133247,275216,22527,297743,1583
2023-03-31,Del Norte,015,27424,7957,487,8444,60
2023-03-31,El Dorado,017,186661,34782,4577,39359,247
2023-03-31,Fresno,019,978130,296309,35357,331666,3019
2023-03-31,Glenn,021,27897,5816,2027,7843,56
2023-03-31,Humboldt,023,135768,23496,5968,29464,171
2023-03-31,Imperial,025,180216,70915,19353,90268,981
2023-03-31,Inyo,027,18085,4791,1326,6117,63
2023-03-31,Kern,029,883053,231548,74131,305679,2498
2023-03-31,Kings,031,150075,63075,4513,67588,486
2023-03-31,Lake,033,64148,13710,1282,14992,164
2023-03-31,Lassen,035,31185,10282,1068,11350,65
2023-03-31,Los Angeles,037,10098052,3507733,222025,3729758,35893
2023-03-31,Madera,039,155013,46532,8938,55470,377
2023-03-31,Marin,041,260295,41131,5684,46815,260
2023-03-31,Mariposa,043,17540,3375,360,3735,31
2023-03-31,Mendocino,045,87422,16961,4836,21797,145
2023-03-31,Merced,047,269075,77837,13040,90877,903
2023-03-31,Modoc,049,8938,963,378,1341,11
2023-03-31,Mono,051,14174,3339,305,3644,8
2023-03-31,Monterey,053,433212,98579,24521,123100,810
2023-03-31,Napa,055,140530,34811,1529,36340,174
2023-03-31,Nevada,057,99092,20269,2346,22615,138
2023-03-31,Orange,059,3164182,717377,79478,796855,8110
2023-03-31,Placer,061,380077,81707,10412,92119,683
2023-03-31,Plumas,063,18699,3840,461,4301,15
2023-03-31,Riverside,065,2383286,738396,42135,780531,6851
2023-03-31,Sacramento,067,1510023,374175,38758,412933,3582
2023-03-31,San Benito,069,59416,17759,1145,18904,115
2023-03-31,San Bernardino,071,2135413,713207,34867,748074,8139
2023-03-31,San Diego,073,3302833,990461,81973,1072434,5853
2023-03-31,San Francisco,075,870044,198287,13529,211816,1199
2023-03-31,San Joaquin,077,732212,211344,17094,228438,2449
2023-03-31,San Luis Obispo,079,281455,66745,8213,74958,574
2023-03-31,San Mateo,081,765935,184972,11257,196229,747
2023-03-31,Santa Barbara,083,443738,112715,7820,120535,765
2023-03-31,Santa Clara,085,1922200,480035,21582,501617,2787
2023-03-31,Santa Cruz,087,273765,69003,4043,73046,276
2023-03-31,Shasta,089,179085,36620,8382,45002,612
2023-03-31,Sierra,091,2930,313,61,374,5
2023-03-31,Siskiyou,093,43540,5484,3448,8932,95
2023-03-31,Solano,095,438530,114719,8775,123494,476
2023-03-31,Sonoma,097,501317,114458,5833,120291,565
2023-03-31,Stanislaus,099,539301,145974,23263,169237,1842
2023-03-31,Sutter,101,95872,25883,2548,28431,241
2023-03-31,Tehama,103,63373,14518,3440,17958,237
2023-03-31,Trinity,105,12862,1475,507,1982,24
2023-03-31,Tulare,107,460477,129157,41025,170182,1595
2023-03-31,Tuolumne,109,53932,16991,1014,18005,211
2023-03-31,Ventura,111,848112,221808,18245,240053,1700
2023-03-31,Yolo,113,214977,50346,5017,55363,451
2023-03-31,Yuba,115,75493,20144,1903,22047,134
2023-03-30,Alameda,001,1643700,383055,22852,405907,2144
2023-03-30,Alpine,002,1148,139,4,143,0
2023-03-30,Amador,005,37829,10631,973,11604,98
2023-03-30,Butte,007,227075,41873,10358,52231,497
2023-03-30,Calaveras,009,45235,9051,647,9698,143
2023-03-30,Colusa,011,21464,4014,1388,5402,23
2023-03-30,Contra Costa,013,1133247,275162,22525,297687,1583
2023-03-30,Del Norte,015,27424,7957,487,8444,60
2023-03-30,El Dorado,017,186661,34775,4577,39352,247
2023-03-30,Fresno,019,978130,296270,35351,331621,3017
2023-03-30,Glenn,021,27897,5815,2027,7842,56
2023-03-30,Humboldt,023,135768,23493,5968,29461,171
2023-03-30,Imperial,025,180216,70891,19347,90238,981
2023-03-30,Inyo,027,18085,4791,1326,6117,63
2023-03-30,Kern,029,883053,231536,74115,305651,2498
2023-03-30,Kings,031,150075,63072,4513,67585,486
2023-03-30,Lake,033,64148,13707,1282,14989,164
2023-03-30,Lassen,035,31185,10282,1068,11350,65
2023-03-30,Los Angeles,037,10098052,3507408,221944,3729352,35887
2023-03-30,Madera,039,155013,46528,8937,55465,377
2023-03-30,Marin,041,260295,41109,5682,46791,260
2023-03-30,Mariposa,043,17540,3371,359,3730,31
2023-03-30,Mendocino,045,87422,16960,4836,21796,145
2023-03-30,Merced,047,269075,77822,13040,90862,903
2023-03-30,Modoc,049,8938,962,378,1340,11
2023-03-30,Mono,051,14174,3339,305,3644,8
2023-03-30,Monterey,053,433212,98569,24512,123081,810
2023-03-30,Napa,055,140530,34803,1529,36332,174
2023-03-30,Nevada,057,99092,20257,2346,22603,138
2023-03-30,Orange,059,3164182,717255,79450,796705,8108
2023-03-30,Placer,061,380077,81687,10410,92097,683
2023-03-30,Plumas,063,18699,3839,461,4300,15
2023-03-30,Riverside,065,2383286,738345,42123,780468,6851
2023-03-30,Sacramento,067,1510023,374085,38748,412833,3581
2023-03-30,San Benito,069,59416,17756,1145,18901,115
2023-03-30,San Bernardino,071,2135413,713149,34861,748010,8139
2023-03-30,San Diego,073,3302833,990355,81965,1072320,5853
2023-03-30,San Francisco,075,870044,198256,13526,211782,1198
2023-03-30,San Joaquin,077,732212,211310,17093,228403,2446
2023-03-30,San Luis Obispo,079,281455,66741,8213,74954,573
2023-03-30,San Mateo,081,765935,184942,11256,196198,747
2023-03-30,Santa Barbara,083,443738,112705,7818,120523,765
2023-03-30,Santa Clara,085,1922200,479952,21575,501527,2786
2023-03-30,Santa Cruz,087,273765,68983,4041,73024,276
2023-03-30,Shasta,089,179085,36617,8380,44997,612
2023-03-30,Sierra,091,2930,313,61,374,5
2023-03-30,Siskiyou,093,43540,5484,3447,8931,95
2023-03-30,Solano,095,438530,114697,8773,123470,476
2023-03-30,Sonoma,097,501317,114438,5832,120270,565
2023-03-30,Stanislaus,099,539301,145957,23263,169220,1842
2023-03-30,Sutter,101,95872,25877,2548,28425,241
2023-03-30,Tehama,103,63373,14517,3440,17957,237
2023-03-30,Trinity,105,12862,1475,507,1982,24
2023-03-30,Tulare,107,460477,129143,41018,170161,1595
2023-03-30,Tuolumne,109,53932,16989,1014,18003,211
2023-03-30,Ventura,111,848112,221785,18245,240030,1700
2023-03-30,Yolo,113,214977,50340,5016,55356,451
2023-03-30,Yuba,115,75493,20141,1903,22044,134
2023-03-29,Alameda,001,1643700,382963,22845,405808,2144
2023-03-29,Alpine,002,1148,139,4,143,0
2023-03-29,Amador,005,37829,10627,973,11600,98
2023-03-29,Butte,007,227075,41868,10352,52220,497
2023-03-29,Calaveras,009,45235,9051,647,9698,143
2023-03-29,Colusa,011,21464,4014,1387,5401,23
2023-03-29,Contra Costa,013,1133247,275094,22523,297617,1582
2023-03-29,Del Norte,015,27424,7954,487,8441,60
2023-03-29,El Dorado,017,186661,34766,4577,39343,247
2023-03-29,Fresno,019,978130,296221,35341,331562,3016
2023-03-29,Glenn,021,27897,5815,2027,7842,56
2023-03-29,Humboldt,023,135768,23492,5967,29459,171
2023-03-29,Imperial,025,180216,70864,19330,90194,981
2023-03-29,Inyo,027,18085,4791,1325,6116,63
2023-03-29,Kern,029,883053,231513,74096,305609,2497
2023-03-29,Kings,031,150075,63071,4513,67584,486
2023-03-29,Lake,033,64148,13705,1282,14987,164
2023-03-29,Lassen,035,31185,10282,1068,11350,65
2023-03-29,Los Angeles,037,10098052,3507029,221867,3728896,35882
2023-03-29,Madera,039,155013,46517,8937,55454,377
2023-03-29,Marin,041,260295,41089,5680,46769,260
2023-03-29,Mariposa,043,17540,3371,359,3730,31
2023-03-29,Mendocino,045,87422,16956,4836,21792,145
2023-03-29,Merced,047,269075,77807,13037,90844,903
2023-03-29,Modoc,049,8938,960,378,1338,11
2023-03-29,Mono,051,14174,3337,303,3640,8
2023-03-29,Monterey,053,433212,98562,24503,123065,810
2023-03-29,Napa,055,140530,34797,1529,36326,174
2023-03-29,Nevada,057,99092,20248,2345,22593,138
2023-03-29,Orange,059,3164182,717165,79419,796584,8103
2023-03-29,Placer,061,380077,81676,10408,92084,683
2023-03-29,Plumas,063,18699,3839,461,4300,15
2023-03-29,Riverside,065,2383286,738278,42106,780384,6850
2023-03-29,Sacramento,067,1510023,374008,38741,412749,3581
2023-03-29,San Benito,069,59416,17749,1145,18894,115
2023-03-29,San Bernardino,071,2135413,713085,34853,747938,8139
2023-03-29,San Diego,073,3302833,990252,81936,1072188,5852
2023-03-29,San Francisco,075,870044,198186,13516,211702,1198
2023-03-29,San Joaquin,077,732212,211276,17091,228367,2446
2023-03-29,San Luis Obispo,079,281455,66733,8199,74932,571
2023-03-29,San Mateo,081,765935,184896,11255,196151,747
2023-03-29,Santa Barbara,083,443738,112690,7816,120506,765
2023-03-29,Santa Clara,085,1922200,479858,21571,501429,2786
2023-03-29,Santa Cruz,087,273765,68960,4039,72999,276
2023-03-29,Shasta,089,179085,36611,8380,44991,612
2023-03-29,Sierra,091,2930,313,61,374,5
2023-03-29,Siskiyou,093,43540,5484,3447,8931,95
2023-03-29,Solano,095,438530,114676,8766,123442,476
2023-03-29,Sonoma,097,501317,114413,5832,120245,565
2023-03-29,Stanislaus,099,539301,145937,23259,169196,1842
2023-03-29,Sutter,101,95872,25874,2548,28422,241
2023-03-29,Tehama,103,63373,14514,3440,17954,237
2023-03-29,Trinity,105,12862,1475,507,1982,24
2023-03-29,Tulare,107,460477,129125,41013,170138,1595
2023-03-29,Tuolumne,109,53932,16989,1014,18003,211
2023-03-29,Ventura,111,848112,221766,18243,240009,1697
2023-03-29,Yolo,113,214977,50334,5013,55347,451
2023-03-29,Yuba,115,75493,20140,1903,22043,134
2023-03-28,Alameda,001,1643700,382885,22836,405721,2143
2023-03-28,Alpine,002,1148,139,4,143,0
2023-03-28,Amador,005,37829,10626,973,11599,98
2023-03-28,Butte,007,227075,41863,10352,52215,497
2023-03-28,Calaveras,009,45235,9050,647,9697,143
2023-03-28,Colusa,011,21464,4011,1387,5398,23
2023-03-28,Contra Costa,013,1133247,275038,22519,297557,1581
2023-03-28,Del Norte,015,27424,7953,487,8440,60
2023-03-28,El Dorado,017,186661,34755,4576,39331,247
2023-03-28,Fresno,019,978130,296177,35334,331511,3016
2023-03-28,Glenn,021,27897,5814,2024,7838,56
2023-03-28,Humboldt,023,135768,23488,5962,29450,171
2023-03-28,Imperial,025,180216,70812,19316,90128,981
2023-03-28,Inyo,027,18085,4790,1325,6115,63
2023-03-28,Kern,029,883053,231485,74074,305559,2496
2023-03-28,Kings,031,150075,63062,4512,67574,486
2023-03-28,Lake,033,64148,13702,1282,14984,164
2023-03-28,Lassen,035,31185,10280,1068,11348,65
2023-03-28,Los Angeles,037,10098052,3506644,221776,3728420,35877
2023-03-28,Madera,039,155013,46514,8935,55449,377
2023-03-28,Marin,041,260295,41083,5678,46761,260
2023-03-28,Mariposa,043,17540,3370,359,3729,31
2023-03-28,Mendocino,045,87422,16954,4836,21790,145
2023-03-28,Merced,047,269075,77793,13035,90828,903
2023-03-28,Modoc,049,8938,959,377,1336,11
2023-03-28,Mono,051,14174,3337,303,3640,8
2023-03-28,Monterey,053,433212,98554,24493,123047,810
2023-03-28,Napa,055,140530,34791,1529,36320,173
2023-03-28,Nevada,057,99092,20245,2345,22590,138
2023-03-28,Orange,059,3164182,717058,79389,796447,8103
2023-03-28,Placer,061,380077,81660,10406,92066,683
2023-03-28,Plumas,063,18699,3839,461,4300,15
2023-03-28,Riverside,065,2383286,738189,42085,780274,6849
2023-03-28,Sacramento,067,1510023,373916,38737,412653,3581
2023-03-28,San Benito,069,59416,17747,1145,18892,115
2023-03-28,San Bernardino,071,2135413,713014,34848,747862,8139
2023-03-28,San Diego,073,3302833,990126,81907,1072033,5851
2023-03-28,San Francisco,075,870044,198141,13511,211652,1198
2023-03-28,San Joaquin,077,732212,211246,17086,228332,2446
2023-03-28,San Luis Obispo,079,281455,66731,8199,74930,570
2023-03-28,San Mateo,081,765935,184858,11253,196111,747
2023-03-28,Santa Barbara,083,443738,112671,7809,120480,765
2023-03-28,Santa Clara,085,1922200,479754,21567,501321,2785
2023-03-28,Santa Cruz,087,273765,68941,4035,72976,276
2023-03-28,Shasta,089,179085,36609,8378,44987,612
2023-03-28,Sierra,091,2930,313,61,374,5
2023-03-28,Siskiyou,093,43540,5484,3447,8931,95
2023-03-28,Solano,095,438530,114654,8764,123418,476
2023-03-28,Sonoma,097,501317,114389,5832,120221,565
2023-03-28,Stanislaus,099,539301,145924,23249,169173,1842
2023-03-28,Sutter,101,95872,25873,2547,28420,241
2023-03-28,Tehama,103,63373,14513,3439,17952,237
2023-03-28,Trinity,105,12862,1475,507,1982,24
2023-03-28,Tulare,107,460477,129106,41005,170111,1595
2023-03-28,Tuolumne,109,53932,16989,1014,18003,211
2023-03-28,Ventura,111,848112,221751,18239,239990,1697
2023-03-28,Yolo,113,214977,50327,5010,55337,451
2023-03-28,Yuba,115,75493,20137,1902,22039,134
2023-03-27,Alameda,001,1643700,382808,22826,405634,2143
2023-03-27,Alpine,002,1148,139,4,143,0
2023-03-27,Amador,005,37829,10623,973,11596,98
2023-03-27,Butte,007,227075,41859,10349,52208,497
2023-03-27,Calaveras,009,45235,9049,645,9694,143
2023-03-27,Colusa,011,21464,4010,1387,5397,23
2023-03-27,Contra Costa,013,1133247,274986,22516,297502,1581
2023-03-27,Del Norte,015,27424,7953,487,8440,60
2023-03-27,El Dorado,017,186661,34750,4576,39326,247
2023-03-27,Fresno,019,978130,296136,35318,331454,3015
2023-03-27,Glenn,021,27897,5813,2024,7837,56
2023-03-27,Humboldt,023,135768,23484,5962,29446,171
2023-03-27,Imperial,025,180216,70780,19302,90082,981
2023-03-27,Inyo,027,18085,4790,1325,6115,63
2023-03-27,Kern,029,883053,231456,74055,305511,2496
2023-03-27,Kings,031,150075,63054,4512,67566,486
2023-03-27,Lake,033,64148,13701,1282,14983,164
2023-03-27,Lassen,035,31185,10279,1068,11347,65
2023-03-27,Los Angeles,037,10098052,3506201,221672,3727873,35873
2023-03-27,Madera,039,155013,46508,8929,55437,377
2023-03-27,Marin,041,260295,41068,5677,46745,260
2023-03-27,Mariposa,043,17540,3369,359,3728,31
2023-03-27,Mendocino,045,87422,16953,4835,21788,145
2023-03-27,Merced,047,269075,77784,13035,90819,903
2023-03-27,Modoc,049,8938,959,377,1336,11
2023-03-27,Mono,051,14174,3337,303,3640,8
2023-03-27,Monterey,053,433212,98537,24484,123021,809
2023-03-27,Napa,055,140530,34779,1528,36307,172
2023-03-27,Nevada,057,99092,20242,2345,22587,138
2023-03-27,Orange,059,3164182,716964,79361,796325,8102
2023-03-27,Placer,061,380077,81650,10405,92055,683
2023-03-27,Plumas,063,18699,3839,461,4300,15
2023-03-27,Riverside,065,2383286,738123,42070,780193,6849
2023-03-27,Sacramento,067,1510023,373849,38725,412574,3581
2023-03-27,San Benito,069,59416,17747,1145,18892,115
2023-03-27,San Bernardino,071,2135413,712945,34835,747780,8139
2023-03-27,San Diego,073,3302833,989989,81868,1071857,5849
2023-03-27,San Francisco,075,870044,198082,13506,211588,1197
2023-03-27,San Joaquin,077,732212,211210,17082,228292,2446
2023-03-27,San Luis Obispo,079,281455,66724,8199,74923,570
2023-03-27,San Mateo,081,765935,184816,11251,196067,747
2023-03-27,Santa Barbara,083,443738,112662,7801,120463,765
2023-03-27,Santa Clara,085,1922200,479649,21560,501209,2785
2023-03-27,Santa Cruz,087,273765,68922,4030,72952,276
2023-03-27,Shasta,089,179085,36605,8374,44979,612
2023-03-27,Sierra,091,2930,313,61,374,5
2023-03-27,Siskiyou,093,43540,5484,3447,8931,95
2023-03-27,Solano,095,438530,114630,8758,123388,476
2023-03-27,Sonoma,097,501317,114364,5830,120194,565
2023-03-27,Stanislaus,099,539301,145912,23247,169159,1842
2023-03-27,Sutter,101,95872,25867,2546,28413,241
2023-03-27,Tehama,103,63373,14512,3437,17949,237
2023-03-27,Trinity,105,12862,1475,507,1982,24
2023-03-27,Tulare,107,460477,129088,40996,170084,1595
2023-03-27,Tuolumne,109,53932,16986,1014,18000,211
2023-03-27,Ventura,111,848112,221729,18235,239964,1696
2023-03-27,Yolo,113,214977,50320,5007,55327,451
2023-03-27,Yuba,115,75493,20129,1901,22030,134
2023-03-26,Alameda,001,1643700,382702,22817,405519,2143
2023-03-26,Alpine,002,1148,139,4,143,0
2023-03-26,Amador,005,37829,10620,973,11593,98
2023-03-26,Butte,007,227075,41857,10345,52202,497
2023-03-26,Calaveras,009,45235,9044,645,9689,143
2023-03-26,Colusa,011,21464,4010,1387,5397,23
2023-03-26,Contra Costa,013,1133247,274923,22506,297429,1581
2023-03-26,Del Norte,015,27424,7952,487,8439,60
2023-03-26,El Dorado,017,186661,34737,4575,39312,247
2023-03-26,Fresno,019,978130,296103,35304,331407,3015
2023-03-26,Glenn,021,27897,5812,2024,7836,56
2023-03-26,Humboldt,023,135768,23481,5959,29440,171
2023-03-26,Imperial,025,180216,70750,19285,90035,981
2023-03-26,Inyo,027,18085,4790,1324,6114,63
2023-03-26,Kern,029,883053,231427,74027,305454,2496
2023-03-26,Kings,031,150075,63047,4511,67558,486
2023-03-26,Lake,033,64148,13699,1282,14981,164
2023-03-26,Lassen,035,31185,10278,1068,11346,65
2023-03-26,Los Angeles,037,10098052,3505808,221574,3727382,35870
2023-03-26,Madera,039,155013,46504,8927,55431,377
2023-03-26,Marin,041,260295,41063,5675,46738,260
2023-03-26,Mariposa,043,17540,3369,359,3728,31
2023-03-26,Mendocino,045,87422,16949,4835,21784,145
2023-03-26,Merced,047,269075,77774,13031,90805,903
2023-03-26,Modoc,049,8938,959,377,1336,11
2023-03-26,Mono,051,14174,3337,303,3640,8
2023-03-26,Monterey,053,433212,98526,24471,122997,809
2023-03-26,Napa,055,140530,34770,1527,36297,172
2023-03-26,Nevada,057,99092,20237,2345,22582,138
2023-03-26,Orange,059,3164182,716859,79328,796187,8097
2023-03-26,Placer,061,380077,81635,10404,92039,683
2023-03-26,Plumas,063,18699,3839,461,4300,15
2023-03-26,Riverside,065,2383286,738038,42038,780076,6847
2023-03-26,Sacramento,067,1510023,373770,38711,412481,3581
2023-03-26,San Benito,069,59416,17740,1145,18885,115
2023-03-26,San Bernardino,071,2135413,712856,34830,747686,8139
2023-03-26,San Diego,073,3302833,989834,81830,1071664,5848
2023-03-26,San Francisco,075,870044,198022,13492,211514,1197
2023-03-26,San Joaquin,077,732212,211162,17076,228238,2446
2023-03-26,San Luis Obispo,079,281455,66719,8195,74914,570
2023-03-26,San Mateo,081,765935,184759,11247,196006,747
2023-03-26,Santa Barbara,083,443738,112641,7797,120438,765
2023-03-26,Santa Clara,085,1922200,479525,21547,501072,2785
2023-03-26,Santa Cruz,087,273765,68896,4025,72921,276
2023-03-26,Shasta,089,179085,36604,8370,44974,612
2023-03-26,Sierra,091,2930,313,61,374,5
2023-03-26,Siskiyou,093,43540,5484,3447,8931,95
2023-03-26,Solano,095,438530,114593,8754,123347,476
2023-03-26,Sonoma,097,501317,114340,5830,120170,565
2023-03-26,Stanislaus,099,539301,145879,23240,169119,1842
2023-03-26,Sutter,101,95872,25856,2546,28402,241
2023-03-26,Tehama,103,63373,14511,3436,17947,237
2023-03-26,Trinity,105,12862,1475,507,1982,24
2023-03-26,Tulare,107,460477,129070,40978,170048,1595
2023-03-26,Tuolumne,109,53932,16985,1014,17999,211
2023-03-26,Ventura,111,848112,221703,18235,239938,1694
2023-03-26,Yolo,113,214977,50317,5006,55323,451
2023-03-26,Yuba,115,75493,20128,1901,22029,134
2023-03-25,Alameda,001,1643700,382651,22811,405462,2143
2023-03-25,Alpine,002,1148,139,4,143,0
2023-03-25,Amador,005,37829,10620,973,11593,98
2023-03-25,Butte,007,227075,41852,10342,52194,497
2023-03-25,Calaveras,009,45235,9044,645,9689,143
2023-03-25,Colusa,011,21464,4009,1387,5396,23
2023-03-25,Contra Costa,013,1133247,274887,22505,297392,1580
2023-03-25,Del Norte,015,27424,7951,487,8438,60
2023-03-25,El Dorado,017,186661,34734,4574,39308,247
2023-03-25,Fresno,019,978130,296080,35299,331379,3015
2023-03-25,Glenn,021,27897,5811,2024,7835,56
2023-03-25,Humboldt,023,135768,23481,5959,29440,171
2023-03-25,Imperial,025,180216,70741,19285,90026,981
2023-03-25,Inyo,027,18085,4788,1324,6112,63
2023-03-25,Kern,029,883053,231411,74020,305431,2496
2023-03-25,Kings,031,150075,63043,4511,67554,486
2023-03-25,Lake,033,64148,13699,1282,14981,164
2023-03-25,Lassen,035,31185,10278,1068,11346,65
2023-03-25,Los Angeles,037,10098052,3505564,221525,3727089,35863
2023-03-25,Madera,039,155013,46499,8927,55426,377
2023-03-25,Marin,041,260295,41058,5673,46731,260
2023-03-25,Mariposa,043,17540,3369,359,3728,31
2023-03-25,Mendocino,045,87422,16946,4835,21781,145
2023-03-25,Merced,047,269075,77761,13031,90792,903
2023-03-25,Modoc,049,8938,959,377,1336,11
2023-03-25,Mono,051,14174,3336,303,3639,8
2023-03-25,Monterey,053,433212,98519,24465,122984,809
2023-03-25,Napa,055,140530,34769,1526,36295,172
2023-03-25,Nevada,057,99092,20235,2344,22579,138
2023-03-25,Orange,059,3164182,716794,79302,796096,8095
2023-03-25,Placer,061,380077,81624,10403,92027,683
2023-03-25,Plumas,063,18699,3838,461,4299,15
2023-03-25,Riverside,065,2383286,737985,42022,780007,6847
2023-03-25,Sacramento,067,1510023,373731,38709,412440,3580
2023-03-25,San Benito,069,59416,17738,1145,18883,115
2023-03-25,San Bernardino,071,2135413,712816,34824,747640,8139
2023-03-25,San Diego,073,3302833,989770,81819,1071589,5848
2023-03-25,San Francisco,075,870044,197980,13488,211468,1195
2023-03-25,San Joaquin,077,732212,211138,17071,228209,2445
2023-03-25,San Luis Obispo,079,281455,66710,8194,74904,570
2023-03-25,San Mateo,081,765935,184733,11244,195977,747
2023-03-25,Santa Barbara,083,443738,112628,7792,120420,765
2023-03-25,Santa Clara,085,1922200,479455,21544,500999,2784
2023-03-25,Santa Cruz,087,273765,68888,4025,72913,276
2023-03-25,Shasta,089,179085,36602,8367,44969,612
2023-03-25,Sierra,091,2930,313,61,374,5
2023-03-25,Siskiyou,093,43540,5484,3447,8931,95
2023-03-25,Solano,095,438530,114582,8751,123333,476
2023-03-25,Sonoma,097,501317,114323,5830,120153,565
2023-03-25,Stanislaus,099,539301,145865,23237,169102,1842
2023-03-25,Sutter,101,95872,25855,2546,28401,241
2023-03-25,Tehama,103,63373,14511,3436,17947,237
2023-03-25,Trinity,105,12862,1475,507,1982,24
2023-03-25,Tulare,107,460477,129054,40970,170024,1595
2023-03-25,Tuolumne,109,53932,16985,1014,17999,211
2023-03-25,Ventura,111,848112,221687,18233,239920,1694
2023-03-25,Yolo,113,214977,50310,5005,55315,451
2023-03-25,Yuba,115,75493,20127,1901,22028,134
2023-03-24,Alameda,001,1643700,382594,22806,405400,2142
2023-03-24,Alpine,002,1148,139,4,143,0
2023-03-24,Amador,005,37829,10619,973,11592,98
2023-03-24,Butte,007,227075,41849,10339,52188,497
2023-03-24,Calaveras,009,45235,9041,645,9686,142
2023-03-24,Colusa,011,21464,4009,1387,5396,23
2023-03-24,Contra Costa,013,1133247,274855,22502,297357,1580
2023-03-24,Del Norte,015,27424,7950,486,8436,60
2023-03-24,El Dorado,017,186661,34732,4574,39306,247
2023-03-24,Fresno,019,978130,296042,35294,331336,3015
2023-03-24,Glenn,021,27897,5810,2024,7834,56
2023-03-24,Humboldt,023,135768,23479,5958,29437,171
2023-03-24,Imperial,025,180216,70730,19281,90011,981
2023-03-24,Inyo,027,18085,4788,1323,6111,63
2023-03-24,Kern,029,883053,231388,74008,305396,2495
2023-03-24,Kings,031,150075,63040,4510,67550,486
2023-03-24,Lake,033,64148,13699,1282,14981,164
2023-03-24,Lassen,035,31185,10278,1068,11346,65
2023-03-24,Los Angeles,037,10098052,3505348,221470,3726818,35856
2023-03-24,Madera,039,155013,46493,8927,55420,377
2023-03-24,Marin,041,260295,41050,5673,46723,260
2023-03-24,Mariposa,043,17540,3369,359,3728,31
2023-03-24,Mendocino,045,87422,16944,4835,21779,145
2023-03-24,Merced,047,269075,77751,13031,90782,903
2023-03-24,Modoc,049,8938,959,377,1336,11
2023-03-24,Mono,051,14174,3336,303,3639,8
2023-03-24,Monterey,053,433212,98515,24460,122975,809
2023-03-24,Napa,055,140530,34766,1525,36291,172
2023-03-24,Nevada,057,99092,20233,2344,22577,138
2023-03-24,Orange,059,3164182,716729,79288,796017,8092
2023-03-24,Placer,061,380077,81611,10403,92014,683
2023-03-24,Plumas,063,18699,3838,461,4299,15
2023-03-24,Riverside,065,2383286,737939,42010,779949,6847
2023-03-24,Sacramento,067,1510023,373690,38707,412397,3579
2023-03-24,San Benito,069,59416,17737,1144,18881,115
2023-03-24,San Bernardino,071,2135413,712773,34821,747594,8139
2023-03-24,San Diego,073,3302833,989691,81806,1071497,5846
2023-03-24,San Francisco,075,870044,197938,13480,211418,1195
2023-03-24,San Joaquin,077,732212,211112,17071,228183,2445
2023-03-24,San Luis Obispo,079,281455,66708,8194,74902,570
2023-03-24,San Mateo,081,765935,184698,11240,195938,747
2023-03-24,Santa Barbara,083,443738,112615,7788,120403,765
2023-03-24,Santa Clara,085,1922200,479394,21538,500932,2782
2023-03-24,Santa Cruz,087,273765,68880,4025,72905,276
2023-03-24,Shasta,089,179085,36602,8367,44969,612
2023-03-24,Sierra,091,2930,313,61,374,5
2023-03-24,Siskiyou,093,43540,5484,3447,8931,95
2023-03-24,Solano,095,438530,114573,8749,123322,476
2023-03-24,Sonoma,097,501317,114306,5830,120136,563
2023-03-24,Stanislaus,099,539301,145852,23234,169086,1842
2023-03-24,Sutter,101,95872,25850,2546,28396,241
2023-03-24,Tehama,103,63373,14510,3436,17946,237
2023-03-24,Trinity,105,12862,1475,507,1982,24
2023-03-24,Tulare,107,460477,129044,40962,170006,1595
2023-03-24,Tuolumne,109,53932,16985,1014,17999,211
2023-03-24,Ventura,111,848112,221676,18230,239906,1694
2023-03-24,Yolo,113,214977,50297,5003,55300,451
2023-03-24,Yuba,115,75493,20124,1901,22025,134
2023-03-23,Alameda,001,1643700,382509,22795,405304,2142
2023-03-23,Alpine,002,1148,139,4,143,0
2023-03-23,Amador,005,37829,10617,973,11590,98
2023-03-23,Butte,007,227075,41841,10337,52178,497
2023-03-23,Calaveras,009,45235,9040,645,9685,142
2023-03-23,Colusa,011,21464,4009,1386,5395,23
2023-03-23,Contra Costa,013,1133247,274786,22497,297283,1580
2023-03-23,Del Norte,015,27424,7950,486,8436,60
2023-03-23,El Dorado,017,186661,34730,4574,39304,247
2023-03-23,Fresno,019,978130,296012,35282,331294,3015
2023-03-23,Glenn,021,27897,5809,2024,7833,56
2023-03-23,Humboldt,023,135768,23478,5954,29432,171
2023-03-23,Imperial,025,180216,70711,19267,89978,981
2023-03-23,Inyo,027,18085,4787,1323,6110,63
2023-03-23,Kern,029,883053,231369,73980,305349,2495
2023-03-23,Kings,031,150075,63034,4509,67543,486
2023-03-23,Lake,033,64148,13699,1282,14981,163
2023-03-23,Lassen,035,31185,10277,1067,11344,65
2023-03-23,Los Angeles,037,10098052,3504995,221396,3726391,35853
2023-03-23,Madera,039,155013,46492,8926,55418,377
2023-03-23,Marin,041,260295,41035,5670,46705,260
2023-03-23,Mariposa,043,17540,3369,359,3728,31
2023-03-23,Mendocino,045,87422,16943,4835,21778,145
2023-03-23,Merced,047,269075,77742,13029,90771,903
2023-03-23,Modoc,049,8938,959,375,1334,11
2023-03-23,Mono,051,14174,3336,303,3639,8
2023-03-23,Monterey,053,433212,98510,24452,122962,809
2023-03-23,Napa,055,140530,34756,1525,36281,172
2023-03-23,Nevada,057,99092,20232,2344,22576,138
2023-03-23,Orange,059,3164182,716637,79258,795895,8091
2023-03-23,Placer,061,380077,81592,10399,91991,683
2023-03-23,Plumas,063,18699,3838,461,4299,15
2023-03-23,Riverside,065,2383286,737867,41992,779859,6845
2023-03-23,Sacramento,067,1510023,373616,38696,412312,3577
2023-03-23,San Benito,069,59416,17735,1144,18879,115
2023-03-23,San Bernardino,071,2135413,712725,34808,747533,8139
2023-03-23,San Diego,073,3302833,989551,81791,1071342,5846
2023-03-23,San Francisco,075,870044,197887,13474,211361,1195
2023-03-23,San Joaquin,077,732212,211075,17064,228139,2443
2023-03-23,San Luis Obispo,079,281455,66705,8191,74896,570
2023-03-23,San Mateo,081,765935,184656,11236,195892,747
2023-03-23,Santa Barbara,083,443738,112604,7788,120392,765
2023-03-23,Santa Clara,085,1922200,479292,21527,500819,2781
2023-03-23,Santa Cruz,087,273765,68859,4023,72882,276
2023-03-23,Shasta,089,179085,36600,8367,44967,612
2023-03-23,Sierra,091,2930,313,61,374,5
2023-03-23,Siskiyou,093,43540,5484,3447,8931,95
2023-03-23,Solano,095,438530,114540,8745,123285,476
2023-03-23,Sonoma,097,501317,114286,5829,120115,563
2023-03-23,Stanislaus,099,539301,145830,23232,169062,1842
2023-03-23,Sutter,101,95872,25848,2546,28394,241
2023-03-23,Tehama,103,63373,14508,3435,17943,237
2023-03-23,Trinity,105,12862,1475,507,1982,24
2023-03-23,Tulare,107,460477,129035,40950,169985,1595
2023-03-23,Tuolumne,109,53932,16981,1014,17995,211
2023-03-23,Ventura,111,848112,221655,18225,239880,1694
2023-03-23,Yolo,113,214977,50286,5001,55287,450
2023-03-23,Yuba,115,75493,20124,1901,22025,134
2023-03-22,Alameda,001,1643700,382407,22781,405188,2142
2023-03-22,Alpine,002,1148,139,4,143,0
2023-03-22,Amador,005,37829,10617,973,11590,98
2023-03-22,Butte,007,227075,41836,10331,52167,496
2023-03-22,Calaveras,009,45235,9039,645,9684,142
2023-03-22,Colusa,011,21464,4009,1386,5395,23
2023-03-22,Contra Costa,013,1133247,274731,22494,297225,1580
2023-03-22,Del Norte,015,27424,7948,485,8433,60
2023-03-22,El Dorado,017,186661,34727,4572,39299,247
2023-03-22,Fresno,019,978130,295972,35272,331244,3014
2023-03-22,Glenn,021,27897,5808,2024,7832,56
2023-03-22,Humboldt,023,135768,23475,5951,29426,171
2023-03-22,Imperial,025,180216,70691,19256,89947,981
2023-03-22,Inyo,027,18085,4787,1322,6109,63
2023-03-22,Kern,029,883053,231334,73962,305296,2495
2023-03-22,Kings,031,150075,63029,4508,67537,486
2023-03-22,Lake,033,64148,13694,1282,14976,163
2023-03-22,Lassen,035,31185,10276,1067,11343,65
2023-03-22,Los Angeles,037,10098052,3504594,221315,3725909,35850
2023-03-22,Madera,039,155013,46487,8924,55411,377
2023-03-22,Marin,041,260295,41026,5668,46694,260
2023-03-22,Mariposa,043,17540,3369,359,3728,31
2023-03-22,Mendocino,045,87422,16941,4835,21776,145
2023-03-22,Merced,047,269075,77727,13026,90753,903
2023-03-22,Modoc,049,8938,959,375,1334,11
2023-03-22,Mono,051,14174,3336,303,3639,8
2023-03-22,Monterey,053,433212,98503,24440,122943,809
2023-03-22,Napa,055,140530,34752,1523,36275,172
2023-03-22,Nevada,057,99092,20229,2344,22573,138
2023-03-22,Orange,059,3164182,716541,79225,795766,8088
2023-03-22,Placer,061,380077,81577,10398,91975,683
2023-03-22,Plumas,063,18699,3838,461,4299,15
2023-03-22,Riverside,065,2383286,737780,41973,779753,6844
2023-03-22,Sacramento,067,1510023,373555,38691,412246,3577
2023-03-22,San Benito,069,59416,17730,1144,18874,115
2023-03-22,San Bernardino,071,2135413,712656,34802,747458,8139
2023-03-22,San Diego,073,3302833,989393,81766,1071159,5844
2023-03-22,San Francisco,075,870044,197817,13470,211287,1195
2023-03-22,San Joaquin,077,732212,211037,17063,228100,2442
2023-03-22,San Luis Obispo,079,281455,66696,8191,74887,570
2023-03-22,San Mateo,081,765935,184629,11234,195863,747
2023-03-22,Santa Barbara,083,443738,112598,7777,120375,765
2023-03-22,Santa Clara,085,1922200,479172,21521,500693,2781
2023-03-22,Santa Cruz,087,273765,68838,4019,72857,276
2023-03-22,Shasta,089,179085,36599,8366,44965,612
2023-03-22,Sierra,091,2930,313,61,374,5
2023-03-22,Siskiyou,093,43540,5484,3447,8931,95
2023-03-22,Solano,095,438530,114517,8739,123256,476
2023-03-22,Sonoma,097,501317,114267,5829,120096,563
2023-03-22,Stanislaus,099,539301,145811,23230,169041,1842
2023-03-22,Sutter,101,95872,25842,2545,28387,241
2023-03-22,Tehama,103,63373,14508,3435,17943,236
2023-03-22,Trinity,105,12862,1475,507,1982,24
2023-03-22,Tulare,107,460477,129014,40939,169953,1595
2023-03-22,Tuolumne,109,53932,16980,1014,17994,211
2023-03-22,Ventura,111,848112,221632,18223,239855,1692
2023-03-22,Yolo,113,214977,50282,5001,55283,450
2023-03-22,Yuba,115,75493,20121,1897,22018,134
2023-03-21,Alameda,001,1643700,382306,22761,405067,2140
2023-03-21,Alpine,002,1148,139,4,143,0
2023-03-21,Amador,005,37829,10615,973,11588,98
2023-03-21,Butte,007,227075,41834,10328,52162,496
2023-03-21,Calaveras,009,45235,9038,645,9683,142
2023-03-21,Colusa,011,21464,4008,1385,5393,23
2023-03-21,Contra Costa,013,1133247,274662,22490,297152,1580
2023-03-21,Del Norte,015,27424,7947,485,8432,60
2023-03-21,El Dorado,017,186661,34719,4572,39291,247
2023-03-21,Fresno,019,978130,295938,35261,331199,3014
2023-03-21,Glenn,021,27897,5807,2024,7831,56
2023-03-21,Humboldt,023,135768,23475,5949,29424,170
2023-03-21,Imperial,025,180216,70659,19244,89903,981
2023-03-21,Inyo,027,18085,4784,1322,6106,63
2023-03-21,Kern,029,883053,231297,73933,305230,2495
2023-03-21,Kings,031,150075,63023,4507,67530,486
2023-03-21,Lake,033,64148,13691,1282,14973,163
2023-03-21,Lassen,035,31185,10273,1067,11340,65
2023-03-21,Los Angeles,037,10098052,3504220,221222,3725442,35846
2023-03-21,Madera,039,155013,46481,8924,55405,377
2023-03-21,Marin,041,260295,41011,5666,46677,260
2023-03-21,Mariposa,043,17540,3369,359,3728,31
2023-03-21,Mendocino,045,87422,16939,4835,21774,145
2023-03-21,Merced,047,269075,77713,13024,90737,903
2023-03-21,Modoc,049,8938,959,375,1334,11
2023-03-21,Mono,051,14174,3336,303,3639,8
2023-03-21,Monterey,053,433212,98494,24432,122926,809
2023-03-21,Napa,055,140530,34746,1523,36269,172
2023-03-21,Nevada,057,99092,20227,2341,22568,138
2023-03-21,Orange,059,3164182,716433,79202,795635,8087
2023-03-21,Placer,061,380077,81561,10396,91957,683
2023-03-21,Plumas,063,18699,3838,461,4299,15
2023-03-21,Riverside,065,2383286,737680,41950,779630,6844
2023-03-21,Sacramento,067,1510023,373480,38678,412158,3575
2023-03-21,San Benito,069,59416,17726,1144,18870,115
2023-03-21,San Bernardino,071,2135413,712605,34792,747397,8139
2023-03-21,San Diego,073,3302833,989246,81732,1070978,5844
2023-03-21,San Francisco,075,870044,197766,13465,211231,1195
2023-03-21,San Joaquin,077,732212,210998,17055,228053,2442
2023-03-21,San Luis Obispo,079,281455,66694,8188,74882,570
2023-03-21,San Mateo,081,765935,184585,11230,195815,747
2023-03-21,Santa Barbara,083,443738,112583,7773,120356,765
2023-03-21,Santa Clara,085,1922200,479081,21516,500597,2780
2023-03-21,Santa Cruz,087,273765,68821,4019,72840,276
2023-03-21,Shasta,089,179085,36593,8363,44956,612
2023-03-21,Sierra,091,2930,313,61,374,5
2023-03-21,Siskiyou,093,43540,5484,3447,8931,95
2023-03-21,Solano,095,438530,114484,8738,123222,476
2023-03-21,Sonoma,097,501317,114240,5829,120069,563
2023-03-21,Stanislaus,099,539301,145797,23228,169025,1842
2023-03-21,Sutter,101,95872,25835,2545,28380,241
2023-03-21,Tehama,103,63373,14507,3435,17942,236
2023-03-21,Trinity,105,12862,1475,506,1981,24
2023-03-21,Tulare,107,460477,129000,40924,169924,1595
2023-03-21,Tuolumne,109,53932,16979,1014,17993,211
2023-03-21,Ventura,111,848112,221611,18218,239829,1692
2023-03-21,Yolo,113,214977,50274,4996,55270,450
2023-03-21,Yuba,115,75493,20117,1897,22014,134
2023-03-20,Alameda,001,1643700,382214,22741,404955,2140
2023-03-20,Alpine,002,1148,139,4,143,0
2023-03-20,Amador,005,37829,10613,973,11586,98
2023-03-20,Butte,007,227075,41829,10326,52155,496
2023-03-20,Calaveras,009,45235,9037,645,9682,142
2023-03-20,Colusa,011,21464,4006,1385,5391,23
2023-03-20,Contra Costa,013,1133247,274590,22486,297076,1580
2023-03-20,Del Norte,015,27424,7947,485,8432,60
2023-03-20,El Dorado,017,186661,34715,4571,39286,247
2023-03-20,Fresno,019,978130,295887,35252,331139,3014
2023-03-20,Glenn,021,27897,5807,2022,7829,56
2023-03-20,Humboldt,023,135768,23471,5947,29418,170
2023-03-20,Imperial,025,180216,70630,19232,89862,981
2023-03-20,Inyo,027,18085,4780,1322,6102,63
2023-03-20,Kern,029,883053,231270,73892,305162,2495
2023-03-20,Kings,031,150075,63016,4507,67523,486
2023-03-20,Lake,033,64148,13688,1282,14970,163
2023-03-20,Lassen,035,31185,10272,1067,11339,65
2023-03-20,Los Angeles,037,10098052,3503768,221135,3724903,35842
2023-03-20,Madera,039,155013,46474,8923,55397,377
2023-03-20,Marin,041,260295,40991,5663,46654,260
2023-03-20,Mariposa,043,17540,3369,359,3728,31
2023-03-20,Mendocino,045,87422,16938,4835,21773,145
2023-03-20,Merced,047,269075,77693,13022,90715,903
2023-03-20,Modoc,049,8938,959,375,1334,11
2023-03-20,Mono,051,14174,3336,303,3639,8
2023-03-20,Monterey,053,433212,98486,24415,122901,809
2023-03-20,Napa,055,140530,34737,1523,36260,172
2023-03-20,Nevada,057,99092,20218,2341,22559,138
2023-03-20,Orange,059,3164182,716332,79169,795501,8086
2023-03-20,Placer,061,380077,81547,10392,91939,683
2023-03-20,Plumas,063,18699,3838,461,4299,15
2023-03-20,Riverside,065,2383286,737579,41925,779504,6844
2023-03-20,Sacramento,067,1510023,373406,38668,412074,3572
2023-03-20,San Benito,069,59416,17722,1144,18866,115
2023-03-20,San Bernardino,071,2135413,712521,34785,747306,8139
2023-03-20,San Diego,073,3302833,989106,81701,1070807,5844
2023-03-20,San Francisco,075,870044,197713,13460,211173,1194
2023-03-20,San Joaquin,077,732212,210965,17053,228018,2442
2023-03-20,San Luis Obispo,079,281455,66685,8187,74872,570
2023-03-20,San Mateo,081,765935,184546,11227,195773,747
2023-03-20,Santa Barbara,083,443738,112574,7773,120347,765
2023-03-20,Santa Clara,085,1922200,478950,21507,500457,2778
2023-03-20,Santa Cruz,087,273765,68794,4016,72810,276
2023-03-20,Shasta,089,179085,36589,8360,44949,612
2023-03-20,Sierra,091,2930,313,61,374,5
2023-03-20,Siskiyou,093,43540,5483,3447,8930,95
2023-03-20,Solano,095,438530,114462,8735,123197,476
2023-03-20,Sonoma,097,501317,114211,5829,120040,563
2023-03-20,Stanislaus,099,539301,145761,23223,168984,1842
2023-03-20,Sutter,101,95872,25830,2544,28374,241
2023-03-20,Tehama,103,63373,14507,3435,17942,236
2023-03-20,Trinity,105,12862,1475,506,1981,24
2023-03-20,Tulare,107,460477,128986,40918,169904,1595
2023-03-20,Tuolumne,109,53932,16978,1014,17992,211
2023-03-20,Ventura,111,848112,221584,18214,239798,1692
2023-03-20,Yolo,113,214977,50259,4996,55255,450
2023-03-20,Yuba,115,75493,20116,1896,22012,134
2023-03-19,Alameda,001,1643700,382087,22717,404804,2137
2023-03-19,Alpine,002,1148,139,4,143,0
2023-03-19,Amador,005,37829,10607,973,11580,98
2023-03-19,Butte,007,227075,41822,10322,52144,496
2023-03-19,Calaveras,009,45235,9034,645,9679,142
2023-03-19,Colusa,011,21464,4005,1383,5388,23
2023-03-19,Contra Costa,013,1133247,274516,22483,296999,1580
2023-03-19,Del Norte,015,27424,7947,485,8432,60
2023-03-19,El Dorado,017,186661,34703,4571,39274,247
2023-03-19,Fresno,019,978130,295832,35237,331069,3014
2023-03-19,Glenn,021,27897,5807,2022,7829,56
2023-03-19,Humboldt,023,135768,23470,5944,29414,170
2023-03-19,Imperial,025,180216,70596,19199,89795,981
2023-03-19,Inyo,027,18085,4775,1317,6092,63
2023-03-19,Kern,029,883053,231239,73864,305103,2495
2023-03-19,Kings,031,150075,63016,4505,67521,486
2023-03-19,Lake,033,64148,13687,1282,14969,163
2023-03-19,Lassen,035,31185,10272,1067,11339,65
2023-03-19,Los Angeles,037,10098052,3503247,221030,3724277,35837
2023-03-19,Madera,039,155013,46465,8922,55387,377
2023-03-19,Marin,041,260295,40982,5661,46643,260
2023-03-19,Mariposa,043,17540,3368,359,3727,31
2023-03-19,Mendocino,045,87422,16934,4835,21769,145
2023-03-19,Merced,047,269075,77666,13020,90686,903
2023-03-19,Modoc,049,8938,958,375,1333,11
2023-03-19,Mono,051,14174,3336,303,3639,8
2023-03-19,Monterey,053,433212,98481,24402,122883,809
2023-03-19,Napa,055,140530,34732,1523,36255,172
2023-03-19,Nevada,057,99092,20215,2341,22556,138
2023-03-19,Orange,059,3164182,716213,79126,795339,8085
2023-03-19,Placer,061,380077,81524,10388,91912,683
2023-03-19,Plumas,063,18699,3838,461,4299,15
2023-03-19,Riverside,065,2383286,737472,41899,779371,6844
2023-03-19,Sacramento,067,1510023,373330,38647,411977,3571
2023-03-19,San Benito,069,59416,17701,1142,18843,115
2023-03-19,San Bernardino,071,2135413,712430,34761,747191,8139
2023-03-19,San Diego,073,3302833,988920,81657,1070577,5841
2023-03-19,San Francisco,075,870044,197630,13452,211082,1192
2023-03-19,San Joaquin,077,732212,210912,17050,227962,2442
2023-03-19,San Luis Obispo,079,281455,66674,8184,74858,570
2023-03-19,San Mateo,081,765935,184491,11223,195714,747
2023-03-19,Santa Barbara,083,443738,112557,7766,120323,765
2023-03-19,Santa Clara,085,1922200,478841,21494,500335,2776
2023-03-19,Santa Cruz,087,273765,68763,4012,72775,276
2023-03-19,Shasta,089,179085,36588,8359,44947,612
2023-03-19,Sierra,091,2930,313,61,374,5
2023-03-19,Siskiyou,093,43540,5482,3447,8929,95
2023-03-19,Solano,095,438530,114421,8731,123152,475
2023-03-19,Sonoma,097,501317,114180,5827,120007,563
2023-03-19,Stanislaus,099,539301,145731,23215,168946,1842
2023-03-19,Sutter,101,95872,25823,2544,28367,241
2023-03-19,Tehama,103,63373,14506,3434,17940,236
2023-03-19,Trinity,105,12862,1475,506,1981,24
2023-03-19,Tulare,107,460477,128967,40905,169872,1595
2023-03-19,Tuolumne,109,53932,16977,1014,17991,211
2023-03-19,Ventura,111,848112,221561,18213,239774,1692
2023-03-19,Yolo,113,214977,50251,4991,55242,450
2023-03-19,Yuba,115,75493,20113,1895,22008,134
2023-03-18,Alameda,001,1643700,382019,22702,404721,2136
2023-03-18,Alpine,002,1148,139,4,143,0
2023-03-18,Amador,005,37829,10605,973,11578,98
2023-03-18,Butte,007,227075,41818,10318,52136,496
2023-03-18,Calaveras,009,45235,9033,645,9678,142
2023-03-18,Colusa,011,21464,4004,1383,5387,23
2023-03-18,Contra Costa,013,1133247,274470,22479,296949,1579
2023-03-18,Del Norte,015,27424,7947,484,8431,60
2023-03-18,El Dorado,017,186661,34700,4570,39270,247
2023-03-18,Fresno,019,978130,295789,35233,331022,3014
2023-03-18,Glenn,021,27897,5806,2022,7828,56
2023-03-18,Humboldt,023,135768,23469,5944,29413,170
2023-03-18,Imperial,025,180216,70585,19198,89783,981
2023-03-18,Inyo,027,18085,4775,1317,6092,63
2023-03-18,Kern,029,883053,231224,73841,305065,2495
2023-03-18,Kings,031,150075,63013,4505,67518,486
2023-03-18,Lake,033,64148,13687,1282,14969,163
2023-03-18,Lassen,035,31185,10272,1067,11339,65
2023-03-18,Los Angeles,037,10098052,3503008,220972,3723980,35830
2023-03-18,Madera,039,155013,46459,8921,55380,377
2023-03-18,Marin,041,260295,40974,5660,46634,260
2023-03-18,Mariposa,043,17540,3368,359,3727,31
2023-03-18,Mendocino,045,87422,16934,4835,21769,145
2023-03-18,Merced,047,269075,77658,13020,90678,903
2023-03-18,Modoc,049,8938,958,375,1333,11
2023-03-18,Mono,051,14174,3336,303,3639,8
2023-03-18,Monterey,053,433212,98477,24386,122863,809
2023-03-18,Napa,055,140530,34729,1523,36252,172
2023-03-18,Nevada,057,99092,20214,2339,22553,138
2023-03-18,Orange,059,3164182,716124,79115,795239,8084
2023-03-18,Placer,061,380077,81518,10387,91905,683
2023-03-18,Plumas,063,18699,3838,461,4299,15
2023-03-18,Riverside,065,2383286,737422,41884,779306,6844
2023-03-18,Sacramento,067,1510023,373283,38642,411925,3570
2023-03-18,San Benito,069,59416,17697,1142,18839,115
2023-03-18,San Bernardino,071,2135413,712385,34759,747144,8139
2023-03-18,San Diego,073,3302833,988822,81650,1070472,5841
2023-03-18,San Francisco,075,870044,197590,13448,211038,1192
2023-03-18,San Joaquin,077,732212,210904,17049,227953,2442
2023-03-18,San Luis Obispo,079,281455,66669,8184,74853,570
2023-03-18,San Mateo,081,765935,184459,11221,195680,747
2023-03-18,Santa Barbara,083,443738,112545,7766,120311,765
2023-03-18,Santa Clara,085,1922200,478753,21490,500243,2775
2023-03-18,Santa Cruz,087,273765,68753,4012,72765,276
2023-03-18,Shasta,089,179085,36585,8358,44943,612
2023-03-18,Sierra,091,2930,313,61,374,5
2023-03-18,Siskiyou,093,43540,5482,3447,8929,95
2023-03-18,Solano,095,438530,114403,8728,123131,475
2023-03-18,Sonoma,097,501317,114166,5827,119993,563
2023-03-18,Stanislaus,099,539301,145710,23211,168921,1842
2023-03-18,Sutter,101,95872,25817,2544,28361,241
2023-03-18,Tehama,103,63373,14506,3433,17939,235
2023-03-18,Trinity,105,12862,1475,506,1981,24
2023-03-18,Tulare,107,460477,128958,40898,169856,1595
2023-03-18,Tuolumne,109,53932,16974,1014,17988,211
2023-03-18,Ventura,111,848112,221535,18212,239747,1690
2023-03-18,Yolo,113,214977,50246,4988,55234,450
2023-03-18,Yuba,115,75493,20111,1895,22006,134
2023-03-17,Alameda,001,1643700,381945,22695,404640,2135
2023-03-17,Alpine,002,1148,139,4,143,0
2023-03-17,Amador,005,37829,10602,973,11575,98
2023-03-17,Butte,007,227075,41813,10317,52130,495
2023-03-17,Calaveras,009,45235,9032,645,9677,142
2023-03-17,Colusa,011,21464,4003,1382,5385,23
2023-03-17,Contra Costa,013,1133247,274421,22479,296900,1578
2023-03-17,Del Norte,015,27424,7947,484,8431,60
2023-03-17,El Dorado,017,186661,34698,4570,39268,247
2023-03-17,Fresno,019,978130,295742,35228,330970,3013
2023-03-17,Glenn,021,27897,5805,2021,7826,56
2023-03-17,Humboldt,023,135768,23466,5944,29410,170
2023-03-17,Imperial,025,180216,70576,19195,89771,981
2023-03-17,Inyo,027,18085,4774,1316,6090,63
2023-03-17,Kern,029,883053,231207,73826,305033,2495
2023-03-17,Kings,031,150075,63010,4505,67515,486
2023-03-17,Lake,033,64148,13687,1282,14969,163
2023-03-17,Lassen,035,31185,10272,1067,11339,65
2023-03-17,Los Angeles,037,10098052,3502666,220916,3723582,35822
2023-03-17,Madera,039,155013,46453,8919,55372,377
2023-03-17,Marin,041,260295,40967,5657,46624,260
2023-03-17,Mariposa,043,17540,3368,359,3727,31
2023-03-17,Mendocino,045,87422,16931,4835,21766,145
2023-03-17,Merced,047,269075,77651,13020,90671,903
2023-03-17,Modoc,049,8938,958,375,1333,11
2023-03-17,Mono,051,14174,3335,303,3638,8
2023-03-17,Monterey,053,433212,98467,24381,122848,809
2023-03-17,Napa,055,140530,34724,1523,36247,172
2023-03-17,Nevada,057,99092,20213,2338,22551,138
2023-03-17,Orange,059,3164182,716059,79091,795150,8083
2023-03-17,Placer,061,380077,81502,10386,91888,683
2023-03-17,Plumas,063,18699,3838,461,4299,15
2023-03-17,Riverside,065,2383286,737357,41873,779230,6844
2023-03-17,Sacramento,067,1510023,373231,38640,411871,3570
2023-03-17,San Benito,069,59416,17696,1142,18838,115
2023-03-17,San Bernardino,071,2135413,712334,34754,747088,8139
2023-03-17,San Diego,073,3302833,988725,81636,1070361,5839
2023-03-17,San Francisco,075,870044,197547,13446,210993,1192
2023-03-17,San Joaquin,077,732212,210884,17045,227929,2438
2023-03-17,San Luis Obispo,079,281455,66665,8182,74847,570
2023-03-17,San Mateo,081,765935,184435,11219,195654,747
2023-03-17,Santa Barbara,083,443738,112528,7766,120294,765
2023-03-17,Santa Clara,085,1922200,478655,21487,500142,2774
2023-03-17,Santa Cruz,087,273765,68744,4010,72754,276
2023-03-17,Shasta,089,179085,36583,8357,44940,612
2023-03-17,Sierra,091,2930,312,61,373,5
2023-03-17,Siskiyou,093,43540,5482,3447,8929,95
2023-03-17,Solano,095,438530,114396,8728,123124,475
2023-03-17,Sonoma,097,501317,114149,5827,119976,563
2023-03-17,Stanislaus,099,539301,145685,23207,168892,1842
2023-03-17,Sutter,101,95872,25814,2544,28358,241
2023-03-17,Tehama,103,63373,14501,3433,17934,235
2023-03-17,Trinity,105,12862,1475,506,1981,24
2023-03-17,Tulare,107,460477,128945,40893,169838,1595
2023-03-17,Tuolumne,109,53932,16972,1014,17986,211
2023-03-17,Ventura,111,848112,221514,18207,239721,1690
2023-03-17,Yolo,113,214977,50237,4983,55220,450
2023-03-17,Yuba,115,75493,20110,1895,22005,134
2023-03-16,Alameda,001,1643700,381823,22680,404503,2134
2023-03-16,Alpine,002,1148,139,4,143,0
2023-03-16,Amador,005,37829,10601,973,11574,98
2023-03-16,Butte,007,227075,41806,10314,52120,495
2023-03-16,Calaveras,009,45235,9031,645,9676,142
2023-03-16,Colusa,011,21464,4003,1382,5385,23
2023-03-16,Contra Costa,013,1133247,274379,22475,296854,1577
2023-03-16,Del Norte,015,27424,7947,483,8430,60
2023-03-16,El Dorado,017,186661,34694,4570,39264,247
2023-03-16,Fresno,019,978130,295693,35222,330915,3012
2023-03-16,Glenn,021,27897,5804,2020,7824,56
2023-03-16,Humboldt,023,135768,23461,5944,29405,170
2023-03-16,Imperial,025,180216,70556,19185,89741,981
2023-03-16,Inyo,027,18085,4772,1316,6088,63
2023-03-16,Kern,029,883053,231177,73807,304984,2494
2023-03-16,Kings,031,150075,63008,4503,67511,486
2023-03-16,Lake,033,64148,13685,1282,14967,163
2023-03-16,Lassen,035,31185,10272,1067,11339,65
2023-03-16,Los Angeles,037,10098052,3502182,220816,3722998,35811
2023-03-16,Madera,039,155013,46448,8917,55365,377
2023-03-16,Marin,041,260295,40948,5657,46605,260
2023-03-16,Mariposa,043,17540,3367,359,3726,31
2023-03-16,Mendocino,045,87422,16931,4834,21765,145
2023-03-16,Merced,047,269075,77636,13018,90654,903
2023-03-16,Modoc,049,8938,958,375,1333,11
2023-03-16,Mono,051,14174,3334,303,3637,8
2023-03-16,Monterey,053,433212,98457,24369,122826,809
2023-03-16,Napa,055,140530,34716,1523,36239,171
2023-03-16,Nevada,057,99092,20210,2337,22547,138
2023-03-16,Orange,059,3164182,715951,79051,795002,8082
2023-03-16,Placer,061,380077,81475,10383,91858,683
2023-03-16,Plumas,063,18699,3838,461,4299,15
2023-03-16,Riverside,065,2383286,737284,41856,779140,6844
2023-03-16,Sacramento,067,1510023,373159,38627,411786,3570
2023-03-16,San Benito,069,59416,17696,1142,18838,115
2023-03-16,San Bernardino,071,2135413,712248,34745,746993,8139
2023-03-16,San Diego,073,3302833,988568,81610,1070178,5838
2023-03-16,San Francisco,075,870044,197504,13439,210943,1192
2023-03-16,San Joaquin,077,732212,210840,17041,227881,2438
2023-03-16,San Luis Obispo,079,281455,66660,8179,74839,569
2023-03-16,San Mateo,081,765935,184394,11215,195609,747
2023-03-16,Santa Barbara,083,443738,112512,7762,120274,765
2023-03-16,Santa Clara,085,1922200,478537,21478,500015,2774
2023-03-16,Santa Cruz,087,273765,68727,4005,72732,276
2023-03-16,Shasta,089,179085,36580,8353,44933,612
2023-03-16,Sierra,091,2930,312,61,373,5
2023-03-16,Siskiyou,093,43540,5481,3447,8928,95
2023-03-16,Solano,095,438530,114367,8724,123091,475
2023-03-16,Sonoma,097,501317,114106,5824,119930,563
2023-03-16,Stanislaus,099,539301,145658,23204,168862,1842
2023-03-16,Sutter,101,95872,25806,2544,28350,241
2023-03-16,Tehama,103,63373,14499,3432,17931,235
2023-03-16,Trinity,105,12862,1475,506,1981,24
2023-03-16,Tulare,107,460477,128912,40883,169795,1595
2023-03-16,Tuolumne,109,53932,16971,1014,17985,211
2023-03-16,Ventura,111,848112,221489,18201,239690,1689
2023-03-16,Yolo,113,214977,50231,4975,55206,450
2023-03-16,Yuba,115,75493,20107,1893,22000,134
2023-03-15,Alameda,001,1643700,381704,22656,404360,2133
2023-03-15,Alpine,002,1148,139,4,143,0
2023-03-15,Amador,005,37829,10599,973,11572,98
2023-03-15,Butte,007,227075,41801,10311,52112,495
2023-03-15,Calaveras,009,45235,9030,645,9675,142
2023-03-15,Colusa,011,21464,4003,1382,5385,23
2023-03-15,Contra Costa,013,1133247,274306,22470,296776,1576
2023-03-15,Del Norte,015,27424,7947,483,8430,60
2023-03-15,El Dorado,017,186661,34690,4570,39260,247
2023-03-15,Fresno,019,978130,295638,35210,330848,3012
2023-03-15,Glenn,021,27897,5803,2020,7823,56
2023-03-15,Humboldt,023,135768,23458,5942,29400,170
2023-03-15,Imperial,025,180216,70532,19168,89700,981
2023-03-15,Inyo,027,18085,4772,1316,6088,63
2023-03-15,Kern,029,883053,231144,73783,304927,2493
2023-03-15,Kings,031,150075,62999,4502,67501,485
2023-03-15,Lake,033,64148,13682,1282,14964,163
2023-03-15,Lassen,035,31185,10270,1067,11337,65
2023-03-15,Los Angeles,037,10098052,3501573,220735,3722308,35800
2023-03-15,Madera,039,155013,46443,8917,55360,377
2023-03-15,Marin,041,260295,40934,5655,46589,260
2023-03-15,Mariposa,043,17540,3367,359,3726,31
2023-03-15,Mendocino,045,87422,16931,4834,21765,145
2023-03-15,Merced,047,269075,77622,13017,90639,903
2023-03-15,Modoc,049,8938,958,375,1333,11
2023-03-15,Mono,051,14174,3332,303,3635,8
2023-03-15,Monterey,053,433212,98446,24349,122795,809
2023-03-15,Napa,055,140530,34714,1523,36237,171
2023-03-15,Nevada,057,99092,20208,2337,22545,138
2023-03-15,Orange,059,3164182,715825,79017,794842,8081
2023-03-15,Placer,061,380077,81462,10382,91844,683
2023-03-15,Plumas,063,18699,3838,461,4299,15
2023-03-15,Riverside,065,2383286,737208,41836,779044,6843
2023-03-15,Sacramento,067,1510023,373098,38620,411718,3569
2023-03-15,San Benito,069,59416,17692,1142,18834,114
2023-03-15,San Bernardino,071,2135413,712165,34741,746906,8139
2023-03-15,San Diego,073,3302833,988400,81564,1069964,5836
2023-03-15,San Francisco,075,870044,197434,13435,210869,1191
2023-03-15,San Joaquin,077,732212,210779,17040,227819,2437
2023-03-15,San Luis Obispo,079,281455,66656,8177,74833,569
2023-03-15,San Mateo,081,765935,184349,11211,195560,747
2023-03-15,Santa Barbara,083,443738,112503,7761,120264,765
2023-03-15,Santa Clara,085,1922200,478433,21467,499900,2773
2023-03-15,Santa Cruz,087,273765,68707,4000,72707,276
2023-03-15,Shasta,089,179085,36579,8353,44932,612
2023-03-15,Sierra,091,2930,312,61,373,5
2023-03-15,Siskiyou,093,43540,5481,3445,8926,95
2023-03-15,Solano,095,438530,114334,8722,123056,475
2023-03-15,Sonoma,097,501317,114081,5822,119903,563
2023-03-15,Stanislaus,099,539301,145618,23202,168820,1842
2023-03-15,Sutter,101,95872,25799,2544,28343,241
2023-03-15,Tehama,103,63373,14499,3432,17931,235
2023-03-15,Trinity,105,12862,1475,506,1981,24
2023-03-15,Tulare,107,460477,128904,40876,169780,1595
2023-03-15,Tuolumne,109,53932,16966,1014,17980,211
2023-03-15,Ventura,111,848112,221460,18197,239657,1689
2023-03-15,Yolo,113,214977,50223,4974,55197,450
2023-03-15,Yuba,115,75493,20103,1893,21996,134
2023-03-14,Alameda,001,1643700,381586,22644,404230,2133
2023-03-14,Alpine,002,1148,139,4,143,0
2023-03-14,Amador,005,37829,10598,973,11571,98
2023-03-14,Butte,007,227075,41792,10309,52101,495
2023-03-14,Calaveras,009,45235,9028,645,9673,142
2023-03-14,Colusa,011,21464,4003,1382,5385,23
2023-03-14,Contra Costa,013,1133247,274231,22469,296700,1574
2023-03-14,Del Norte,015,27424,7946,481,8427,60
2023-03-14,El Dorado,017,186661,34681,4570,39251,247
2023-03-14,Fresno,019,978130,295579,35195,330774,3012
2023-03-14,Glenn,021,27897,5803,2020,7823,56
2023-03-14,Humboldt,023,135768,23452,5941,29393,170
2023-03-14,Imperial,025,180216,70509,19152,89661,981
2023-03-14,Inyo,027,18085,4770,1315,6085,63
2023-03-14,Kern,029,883053,231107,73753,304860,2493
2023-03-14,Kings,031,150075,62990,4502,67492,485
2023-03-14,Lake,033,64148,13680,1282,14962,163
2023-03-14,Lassen,035,31185,10268,1066,11334,65
2023-03-14,Los Angeles,037,10098052,3501060,220643,3721703,35793
2023-03-14,Madera,039,155013,46430,8917,55347,377
2023-03-14,Marin,041,260295,40918,5655,46573,260
2023-03-14,Mariposa,043,17540,3367,359,3726,31
2023-03-14,Mendocino,045,87422,16930,4834,21764,145
2023-03-14,Merced,047,269075,77602,13010,90612,903
2023-03-14,Modoc,049,8938,958,375,1333,11
2023-03-14,Mono,051,14174,3332,303,3635,8
2023-03-14,Monterey,053,433212,98438,24330,122768,809
2023-03-14,Napa,055,140530,34710,1522,36232,171
2023-03-14,Nevada,057,99092,20204,2337,22541,138
2023-03-14,Orange,059,3164182,715699,78981,794680,8078
2023-03-14,Placer,061,380077,81435,10382,91817,683
2023-03-14,Plumas,063,18699,3836,461,4297,15
2023-03-14,Riverside,065,2383286,737108,41816,778924,6843
2023-03-14,Sacramento,067,1510023,373011,38604,411615,3568
2023-03-14,San Benito,069,59416,17685,1142,18827,114
2023-03-14,San Bernardino,071,2135413,712092,34730,746822,8139
2023-03-14,San Diego,073,3302833,988206,81523,1069729,5836
2023-03-14,San Francisco,075,870044,197382,13430,210812,1191
2023-03-14,San Joaquin,077,732212,210735,17040,227775,2437
2023-03-14,San Luis Obispo,079,281455,66645,8176,74821,569
2023-03-14,San Mateo,081,765935,184304,11207,195511,747
2023-03-14,Santa Barbara,083,443738,112477,7760,120237,764
2023-03-14,Santa Clara,085,1922200,478316,21456,499772,2773
2023-03-14,Santa Cruz,087,273765,68691,3999,72690,276
2023-03-14,Shasta,089,179085,36574,8350,44924,612
2023-03-14,Sierra,091,2930,312,61,373,5
2023-03-14,Siskiyou,093,43540,5480,3445,8925,95
2023-03-14,Solano,095,438530,114299,8721,123020,475
2023-03-14,Sonoma,097,501317,114062,5822,119884,563
2023-03-14,Stanislaus,099,539301,145592,23196,168788,1842
2023-03-14,Sutter,101,95872,25797,2544,28341,241
2023-03-14,Tehama,103,63373,14493,3430,17923,235
2023-03-14,Trinity,105,12862,1475,506,1981,24
2023-03-14,Tulare,107,460477,128883,40869,169752,1594
2023-03-14,Tuolumne,109,53932,16965,1014,17979,211
2023-03-14,Ventura,111,848112,221431,18190,239621,1688
2023-03-14,Yolo,113,214977,50209,4972,55181,450
2023-03-14,Yuba,115,75493,20099,1893,21992,134
2023-03-13,Alameda,001,1643700,381449,22628,404077,2133
2023-03-13,Alpine,002,1148,139,4,143,0
2023-03-13,Amador,005,37829,10598,973,11571,98
2023-03-13,Butte,007,227075,41785,10303,52088,495
2023-03-13,Calaveras,009,45235,9028,645,9673,142
2023-03-13,Colusa,011,21464,4002,1381,5383,23
2023-03-13,Contra Costa,013,1133247,274157,22465,296622,1574
2023-03-13,Del Norte,015,27424,7945,481,8426,60
2023-03-13,El Dorado,017,186661,34669,4570,39239,247
2023-03-13,Fresno,019,978130,295516,35174,330690,3012
2023-03-13,Glenn,021,27897,5803,2020,7823,56
2023-03-13,Humboldt,023,135768,23450,5938,29388,170
2023-03-13,Imperial,025,180216,70472,19128,89600,981
2023-03-13,Inyo,027,18085,4770,1315,6085,63
2023-03-13,Kern,029,883053,231066,73717,304783,2493
2023-03-13,Kings,031,150075,62976,4501,67477,485
2023-03-13,Lake,033,64148,13676,1282,14958,163
2023-03-13,Lassen,035,31185,10268,1065,11333,65
2023-03-13,Los Angeles,037,10098052,3500559,220540,3721099,35783
2023-03-13,Madera,039,155013,46420,8916,55336,377
2023-03-13,Marin,041,260295,40903,5654,46557,260
2023-03-13,Mariposa,043,17540,3367,359,3726,31
2023-03-13,Mendocino,045,87422,16927,4834,21761,145
2023-03-13,Merced,047,269075,77589,13009,90598,903
2023-03-13,Modoc,049,8938,958,375,1333,11
2023-03-13,Mono,051,14174,3332,302,3634,8
2023-03-13,Monterey,053,433212,98427,24316,122743,809
2023-03-13,Napa,055,140530,34707,1522,36229,171
2023-03-13,Nevada,057,99092,20201,2337,22538,138
2023-03-13,Orange,059,3164182,715589,78941,794530,8075
2023-03-13,Placer,061,380077,81423,10380,91803,683
2023-03-13,Plumas,063,18699,3836,461,4297,15
2023-03-13,Riverside,065,2383286,736988,41797,778785,6843
2023-03-13,Sacramento,067,1510023,372917,38594,411511,3568
2023-03-13,San Benito,069,59416,17681,1142,18823,114
2023-03-13,San Bernardino,071,2135413,712001,34722,746723,8139
2023-03-13,San Diego,073,3302833,987986,81486,1069472,5834
2023-03-13,San Francisco,075,870044,197295,13426,210721,1190
2023-03-13,San Joaquin,077,732212,210691,17034,227725,2436
2023-03-13,San Luis Obispo,079,281455,66637,8170,74807,569
2023-03-13,San Mateo,081,765935,184237,11197,195434,747
2023-03-13,Santa Barbara,083,443738,112463,7759,120222,764
2023-03-13,Santa Clara,085,1922200,478157,21444,499601,2771
2023-03-13,Santa Cruz,087,273765,68673,3996,72669,276
2023-03-13,Shasta,089,179085,36571,8349,44920,612
2023-03-13,Sierra,091,2930,312,61,373,5
2023-03-13,Siskiyou,093,43540,5479,3444,8923,95
2023-03-13,Solano,095,438530,114277,8717,122994,475
2023-03-13,Sonoma,097,501317,114027,5822,119849,563
2023-03-13,Stanislaus,099,539301,145561,23191,168752,1842
2023-03-13,Sutter,101,95872,25792,2544,28336,241
2023-03-13,Tehama,103,63373,14493,3429,17922,235
2023-03-13,Trinity,105,12862,1475,506,1981,24
2023-03-13,Tulare,107,460477,128867,40857,169724,1594
2023-03-13,Tuolumne,109,53932,16964,1014,17978,211
2023-03-13,Ventura,111,848112,221408,18187,239595,1688
2023-03-13,Yolo,113,214977,50205,4966,55171,450
2023-03-13,Yuba,115,75493,20098,1893,21991,134
2023-03-12,Alameda,001,1643700,381290,22612,403902,2133
2023-03-12,Alpine,002,1148,139,4,143,0
2023-03-12,Amador,005,37829,10597,973,11570,98
2023-03-12,Butte,007,227075,41783,10301,52084,495
2023-03-12,Calaveras,009,45235,9027,644,9671,142
2023-03-12,Colusa,011,21464,4002,1380,5382,23
2023-03-12,Contra Costa,013,1133247,274070,22458,296528,1573
2023-03-12,Del Norte,015,27424,7944,477,8421,60
2023-03-12,El Dorado,017,186661,34665,4569,39234,247
2023-03-12,Fresno,019,978130,295446,35164,330610,3012
2023-03-12,Glenn,021,27897,5803,2019,7822,56
2023-03-12,Humboldt,023,135768,23442,5935,29377,170
2023-03-12,Imperial,025,180216,70445,19097,89542,981
2023-03-12,Inyo,027,18085,4770,1314,6084,63
2023-03-12,Kern,029,883053,231006,73668,304674,2493
2023-03-12,Kings,031,150075,62968,4501,67469,485
2023-03-12,Lake,033,64148,13675,1282,14957,163
2023-03-12,Lassen,035,31185,10266,1065,11331,65
2023-03-12,Los Angeles,037,10098052,3499825,220433,3720258,35767
2023-03-12,Madera,039,155013,46408,8914,55322,377
2023-03-12,Marin,041,260295,40886,5651,46537,260
2023-03-12,Mariposa,043,17540,3366,359,3725,31
2023-03-12,Mendocino,045,87422,16925,4834,21759,145
2023-03-12,Merced,047,269075,77572,13007,90579,903
2023-03-12,Modoc,049,8938,958,375,1333,11
2023-03-12,Mono,051,14174,3332,302,3634,8
2023-03-12,Monterey,053,433212,98415,24292,122707,809
2023-03-12,Napa,055,140530,34699,1522,36221,169
2023-03-12,Nevada,057,99092,20197,2337,22534,138
2023-03-12,Orange,059,3164182,715424,78885,794309,8069
2023-03-12,Placer,061,380077,81393,10377,91770,683
2023-03-12,Plumas,063,18699,3836,461,4297,15
2023-03-12,Riverside,065,2383286,736804,41773,778577,6843
2023-03-12,Sacramento,067,1510023,372773,38569,411342,3568
2023-03-12,San Benito,069,59416,17678,1140,18818,114
2023-03-12,San Bernardino,071,2135413,711840,34715,746555,8139
2023-03-12,San Diego,073,3302833,987765,81450,1069215,5832
2023-03-12,San Francisco,075,870044,197189,13419,210608,1190
2023-03-12,San Joaquin,077,732212,210618,17021,227639,2435
2023-03-12,San Luis Obispo,079,281455,66626,8167,74793,569
2023-03-12,San Mateo,081,765935,184173,11188,195361,747
2023-03-12,Santa Barbara,083,443738,112441,7757,120198,764
2023-03-12,Santa Clara,085,1922200,477976,21425,499401,2768
2023-03-12,Santa Cruz,087,273765,68644,3992,72636,276
2023-03-12,Shasta,089,179085,36570,8347,44917,612
2023-03-12,Sierra,091,2930,312,61,373,5
2023-03-12,Siskiyou,093,43540,5475,3444,8919,95
2023-03-12,Solano,095,438530,114218,8709,122927,475
2023-03-12,Sonoma,097,501317,113993,5813,119806,563
2023-03-12,Stanislaus,099,539301,145542,23178,168720,1842
2023-03-12,Sutter,101,95872,25787,2544,28331,241
2023-03-12,Tehama,103,63373,14490,3429,17919,235
2023-03-12,Trinity,105,12862,1475,506,1981,24
2023-03-12,Tulare,107,460477,128837,40835,169672,1594
2023-03-12,Tuolumne,109,53932,16961,1014,17975,211
2023-03-12,Ventura,111,848112,221382,18179,239561,1688
2023-03-12,Yolo,113,214977,50192,4959,55151,450
2023-03-12,Yuba,115,75493,20090,1891,21981,134
2023-03-11,Alameda,001,1643700,381218,22601,403819,2133
2023-03-11,Alpine,002,1148,139,4,143,0
2023-03-11,Amador,005,37829,10597,973,11570,98
2023-03-11,Butte,007,227075,41782,10300,52082,495
2023-03-11,Calaveras,009,45235,9026,644,9670,142
2023-03-11,Colusa,011,21464,4001,1380,5381,23
2023-03-11,Contra Costa,013,1133247,274013,22455,296468,1573
2023-03-11,Del Norte,015,27424,7944,477,8421,60
2023-03-11,El Dorado,017,186661,34658,4569,39227,247
2023-03-11,Fresno,019,978130,295412,35158,330570,3012
2023-03-11,Glenn,021,27897,5802,2019,7821,56
2023-03-11,Humboldt,023,135768,23441,5934,29375,170
2023-03-11,Imperial,025,180216,70429,19096,89525,981
2023-03-11,Inyo,027,18085,4770,1314,6084,63
2023-03-11,Kern,029,883053,230969,73640,304609,2493
2023-03-11,Kings,031,150075,62961,4501,67462,485
2023-03-11,Lake,033,64148,13674,1282,14956,163
2023-03-11,Lassen,035,31185,10266,1065,11331,65
2023-03-11,Los Angeles,037,10098052,3499483,220379,3719862,35760
2023-03-11,Madera,039,155013,46403,8914,55317,377
2023-03-11,Marin,041,260295,40876,5651,46527,260
2023-03-11,Mariposa,043,17540,3365,359,3724,31
2023-03-11,Mendocino,045,87422,16924,4834,21758,145
2023-03-11,Merced,047,269075,77560,13006,90566,903
2023-03-11,Modoc,049,8938,958,375,1333,11
2023-03-11,Mono,051,14174,3332,302,3634,8
2023-03-11,Monterey,053,433212,98408,24275,122683,809
2023-03-11,Napa,055,140530,34695,1522,36217,169
2023-03-11,Nevada,057,99092,20197,2337,22534,138
2023-03-11,Orange,059,3164182,715335,78853,794188,8064
2023-03-11,Placer,061,380077,81379,10375,91754,683
2023-03-11,Plumas,063,18699,3836,461,4297,15
2023-03-11,Riverside,065,2383286,736728,41753,778481,6843
2023-03-11,Sacramento,067,1510023,372715,38557,411272,3568
2023-03-11,San Benito,069,59416,17678,1139,18817,114
2023-03-11,San Bernardino,071,2135413,711788,34710,746498,8139
2023-03-11,San Diego,073,3302833,987631,81426,1069057,5832
2023-03-11,San Francisco,075,870044,197147,13415,210562,1190
2023-03-11,San Joaquin,077,732212,210580,17014,227594,2435
2023-03-11,San Luis Obispo,079,281455,66614,8163,74777,569
2023-03-11,San Mateo,081,765935,184135,11188,195323,747
2023-03-11,Santa Barbara,083,443738,112420,7757,120177,764
2023-03-11,Santa Clara,085,1922200,477878,21416,499294,2766
2023-03-11,Santa Cruz,087,273765,68626,3990,72616,276
2023-03-11,Shasta,089,179085,36567,8347,44914,612
2023-03-11,Sierra,091,2930,312,61,373,5
2023-03-11,Siskiyou,093,43540,5473,3444,8917,95
2023-03-11,Solano,095,438530,114206,8708,122914,475
2023-03-11,Sonoma,097,501317,113969,5812,119781,563
2023-03-11,Stanislaus,099,539301,145524,23176,168700,1842
2023-03-11,Sutter,101,95872,25785,2543,28328,241
2023-03-11,Tehama,103,63373,14487,3427,17914,235
2023-03-11,Trinity,105,12862,1475,506,1981,24
2023-03-11,Tulare,107,460477,128823,40827,169650,1593
2023-03-11,Tuolumne,109,53932,16960,1014,17974,211
2023-03-11,Ventura,111,848112,221358,18177,239535,1688
2023-03-11,Yolo,113,214977,50190,4956,55146,450
2023-03-11,Yuba,115,75493,20086,1890,21976,134
2023-03-10,Alameda,001,1643700,381117,22594,403711,2132
2023-03-10,Alpine,002,1148,139,4,143,0
2023-03-10,Amador,005,37829,10596,973,11569,98
2023-03-10,Butte,007,227075,41777,10295,52072,495
2023-03-10,Calaveras,009,45235,9025,644,9669,142
2023-03-10,Colusa,011,21464,4001,1380,5381,22
2023-03-10,Contra Costa,013,1133247,273959,22449,296408,1573
2023-03-10,Del Norte,015,27424,7943,477,8420,60
2023-03-10,El Dorado,017,186661,34652,4569,39221,247
2023-03-10,Fresno,019,978130,295362,35150,330512,3012
2023-03-10,Glenn,021,27897,5800,2019,7819,56
2023-03-10,Humboldt,023,135768,23438,5933,29371,170
2023-03-10,Imperial,025,180216,70405,19092,89497,981
2023-03-10,Inyo,027,18085,4770,1313,6083,63
2023-03-10,Kern,029,883053,230945,73616,304561,2493
2023-03-10,Kings,031,150075,62953,4500,67453,485
2023-03-10,Lake,033,64148,13674,1282,14956,163
2023-03-10,Lassen,035,31185,10264,1065,11329,65
2023-03-10,Los Angeles,037,10098052,3499086,220324,3719410,35754
2023-03-10,Madera,039,155013,46399,8913,55312,377
2023-03-10,Marin,041,260295,40866,5651,46517,260
2023-03-10,Mariposa,043,17540,3365,359,3724,31
2023-03-10,Mendocino,045,87422,16921,4834,21755,145
2023-03-10,Merced,047,269075,77552,13006,90558,903
2023-03-10,Modoc,049,8938,958,375,1333,11
2023-03-10,Mono,051,14174,3332,302,3634,8
2023-03-10,Monterey,053,433212,98397,24252,122649,809
2023-03-10,Napa,055,140530,34689,1522,36211,169
2023-03-10,Nevada,057,99092,20195,2337,22532,138
2023-03-10,Orange,059,3164182,715250,78822,794072,8064
2023-03-10,Placer,061,380077,81359,10374,91733,683
2023-03-10,Plumas,063,18699,3836,460,4296,15
2023-03-10,Riverside,065,2383286,736643,41741,778384,6842
2023-03-10,Sacramento,067,1510023,372652,38548,411200,3566
2023-03-10,San Benito,069,59416,17678,1139,18817,114
2023-03-10,San Bernardino,071,2135413,711716,34705,746421,8139
2023-03-10,San Diego,073,3302833,987496,81401,1068897,5830
2023-03-10,San Francisco,075,870044,197100,13413,210513,1190
2023-03-10,San Joaquin,077,732212,210544,17010,227554,2435
2023-03-10,San Luis Obispo,079,281455,66603,8163,74766,569
2023-03-10,San Mateo,081,765935,184097,11188,195285,747
2023-03-10,Santa Barbara,083,443738,112405,7757,120162,764
2023-03-10,Santa Clara,085,1922200,477785,21405,499190,2765
2023-03-10,Santa Cruz,087,273765,68612,3990,72602,276
2023-03-10,Shasta,089,179085,36564,8347,44911,612
2023-03-10,Sierra,091,2930,312,61,373,5
2023-03-10,Siskiyou,093,43540,5472,3444,8916,95
2023-03-10,Solano,095,438530,114186,8703,122889,475
2023-03-10,Sonoma,097,501317,113958,5811,119769,563
2023-03-10,Stanislaus,099,539301,145504,23175,168679,1842
2023-03-10,Sutter,101,95872,25782,2543,28325,241
2023-03-10,Tehama,103,63373,14486,3426,17912,235
2023-03-10,Trinity,105,12862,1475,506,1981,24
2023-03-10,Tulare,107,460477,128807,40812,169619,1593
2023-03-10,Tuolumne,109,53932,16960,1014,17974,211
2023-03-10,Ventura,111,848112,221338,18175,239513,1687
2023-03-10,Yolo,113,214977,50182,4956,55138,450
2023-03-10,Yuba,115,75493,20080,1889,21969,134
2023-03-09,Alameda,001,1643700,381007,22579,403586,2131
2023-03-09,Alpine,002,1148,139,4,143,0
2023-03-09,Amador,005,37829,10591,973,11564,98
2023-03-09,Butte,007,227075,41774,10293,52067,495
2023-03-09,Calaveras,009,45235,9022,644,9666,142
2023-03-09,Colusa,011,21464,4000,1378,5378,22
2023-03-09,Contra Costa,013,1133247,273865,22439,296304,1572
2023-03-09,Del Norte,015,27424,7940,476,8416,60
2023-03-09,El Dorado,017,186661,34642,4568,39210,247
2023-03-09,Fresno,019,978130,295313,35133,330446,3012
2023-03-09,Glenn,021,27897,5796,2018,7814,56
2023-03-09,Humboldt,023,135768,23434,5933,29367,170
2023-03-09,Imperial,025,180216,70372,19076,89448,980
2023-03-09,Inyo,027,18085,4770,1313,6083,63
2023-03-09,Kern,029,883053,230870,73591,304461,2493
2023-03-09,Kings,031,150075,62949,4498,67447,485
2023-03-09,Lake,033,64148,13670,1282,14952,163
2023-03-09,Lassen,035,31185,10264,1065,11329,65
2023-03-09,Los Angeles,037,10098052,3498554,220231,3718785,35744
2023-03-09,Madera,039,155013,46394,8911,55305,377
2023-03-09,Marin,041,260295,40847,5651,46498,260
2023-03-09,Mariposa,043,17540,3364,359,3723,31
2023-03-09,Mendocino,045,87422,16917,4834,21751,145
2023-03-09,Merced,047,269075,77538,13001,90539,903
2023-03-09,Modoc,049,8938,958,375,1333,11
2023-03-09,Mono,051,14174,3332,302,3634,8
2023-03-09,Monterey,053,433212,98386,24239,122625,809
2023-03-09,Napa,055,140530,34676,1522,36198,169
2023-03-09,Nevada,057,99092,20193,2336,22529,138
2023-03-09,Orange,059,3164182,715125,78775,793900,8059
2023-03-09,Placer,061,380077,81343,10372,91715,683
2023-03-09,Plumas,063,18699,3833,460,4293,15
2023-03-09,Riverside,065,2383286,736533,41716,778249,6840
2023-03-09,Sacramento,067,1510023,372557,38528,411085,3565
2023-03-09,San Benito,069,59416,17676,1139,18815,114
2023-03-09,San Bernardino,071,2135413,711622,34695,746317,8139
2023-03-09,San Diego,073,3302833,987308,81372,1068680,5828
2023-03-09,San Francisco,075,870044,197008,13408,210416,1189
2023-03-09,San Joaquin,077,732212,210487,17008,227495,2434
2023-03-09,San Luis Obispo,079,281455,66594,8162,74756,569
2023-03-09,San Mateo,081,765935,184047,11184,195231,747
2023-03-09,Santa Barbara,083,443738,112389,7752,120141,764
2023-03-09,Santa Clara,085,1922200,477644,21396,499040,2763
2023-03-09,Santa Cruz,087,273765,68601,3989,72590,276
2023-03-09,Shasta,089,179085,36559,8346,44905,612
2023-03-09,Sierra,091,2930,312,61,373,5
2023-03-09,Siskiyou,093,43540,5471,3444,8915,95
2023-03-09,Solano,095,438530,114153,8702,122855,475
2023-03-09,Sonoma,097,501317,113927,5811,119738,563
2023-03-09,Stanislaus,099,539301,145467,23170,168637,1842
2023-03-09,Sutter,101,95872,25779,2542,28321,241
2023-03-09,Tehama,103,63373,14483,3422,17905,235
2023-03-09,Trinity,105,12862,1475,506,1981,24
2023-03-09,Tulare,107,460477,128787,40794,169581,1593
2023-03-09,Tuolumne,109,53932,16957,1014,17971,211
2023-03-09,Ventura,111,848112,221307,18172,239479,1685
2023-03-09,Yolo,113,214977,50171,4951,55122,450
2023-03-09,Yuba,115,75493,20079,1888,21967,134
2023-03-08,Alameda,001,1643700,380870,22565,403435,2131
2023-03-08,Alpine,002,1148,139,4,143,0
2023-03-08,Amador,005,37829,10588,973,11561,98
2023-03-08,Butte,007,227075,41767,10290,52057,495
2023-03-08,Calaveras,009,45235,9021,644,9665,142
2023-03-08,Colusa,011,21464,3999,1377,5376,22
2023-03-08,Contra Costa,013,1133247,273765,22435,296200,1572
2023-03-08,Del Norte,015,27424,7939,476,8415,60
2023-03-08,El Dorado,017,186661,34636,4564,39200,247
2023-03-08,Fresno,019,978130,295255,35118,330373,3012
2023-03-08,Glenn,021,27897,5794,2018,7812,56
2023-03-08,Humboldt,023,135768,23426,5932,29358,170
2023-03-08,Imperial,025,180216,70338,19066,89404,980
2023-03-08,Inyo,027,18085,4770,1313,6083,63
2023-03-08,Kern,029,883053,230822,73559,304381,2493
2023-03-08,Kings,031,150075,62941,4497,67438,485
2023-03-08,Lake,033,64148,13670,1282,14952,163
2023-03-08,Lassen,035,31185,10263,1065,11328,65
2023-03-08,Los Angeles,037,10098052,3497911,220136,3718047,35734
2023-03-08,Madera,039,155013,46387,8909,55296,377
2023-03-08,Marin,041,260295,40829,5650,46479,260
2023-03-08,Mariposa,043,17540,3363,359,3722,31
2023-03-08,Mendocino,045,87422,16915,4833,21748,145
2023-03-08,Merced,047,269075,77521,12998,90519,903
2023-03-08,Modoc,049,8938,958,375,1333,11
2023-03-08,Mono,051,14174,3331,302,3633,8
2023-03-08,Monterey,053,433212,98377,24221,122598,809
2023-03-08,Napa,055,140530,34669,1522,36191,168
2023-03-08,Nevada,057,99092,20191,2335,22526,138
2023-03-08,Orange,059,3164182,714967,78730,793697,8054
2023-03-08,Placer,061,380077,81307,10370,91677,683
2023-03-08,Plumas,063,18699,3833,460,4293,15
2023-03-08,Riverside,065,2383286,736399,41684,778083,6839
2023-03-08,Sacramento,067,1510023,372435,38519,410954,3563
2023-03-08,San Benito,069,59416,17674,1139,18813,114
2023-03-08,San Bernardino,071,2135413,711531,34688,746219,8139
2023-03-08,San Diego,073,3302833,987122,81329,1068451,5827
2023-03-08,San Francisco,075,870044,196935,13408,210343,1188
2023-03-08,San Joaquin,077,732212,210435,17004,227439,2434
2023-03-08,San Luis Obispo,079,281455,66578,8162,74740,569
2023-03-08,San Mateo,081,765935,183987,11180,195167,747
2023-03-08,Santa Barbara,083,443738,112362,7745,120107,764
2023-03-08,Santa Clara,085,1922200,477458,21390,498848,2763
2023-03-08,Santa Cruz,087,273765,68585,3984,72569,276
2023-03-08,Shasta,089,179085,36551,8342,44893,612
2023-03-08,Sierra,091,2930,312,61,373,5
2023-03-08,Siskiyou,093,43540,5470,3444,8914,95
2023-03-08,Solano,095,438530,114124,8696,122820,475
2023-03-08,Sonoma,097,501317,113898,5806,119704,563
2023-03-08,Stanislaus,099,539301,145434,23168,168602,1842
2023-03-08,Sutter,101,95872,25775,2542,28317,241
2023-03-08,Tehama,103,63373,14478,3421,17899,235
2023-03-08,Trinity,105,12862,1475,506,1981,24
2023-03-08,Tulare,107,460477,128767,40764,169531,1592
2023-03-08,Tuolumne,109,53932,16957,1014,17971,211
2023-03-08,Ventura,111,848112,221270,18169,239439,1684
2023-03-08,Yolo,113,214977,50157,4948,55105,449
2023-03-08,Yuba,115,75493,20075,1884,21959,134
2023-03-07,Alameda,001,1643700,380727,22541,403268,2131
2023-03-07,Alpine,002,1148,139,4,143,0
2023-03-07,Amador,005,37829,10587,973,11560,98
2023-03-07,Butte,007,227075,41759,10285,52044,494
2023-03-07,Calaveras,009,45235,9021,644,9665,142
2023-03-07,Colusa,011,21464,3999,1376,5375,22
2023-03-07,Contra Costa,013,1133247,273664,22434,296098,1572
2023-03-07,Del Norte,015,27424,7937,476,8413,60
2023-03-07,El Dorado,017,186661,34631,4563,39194,247
2023-03-07,Fresno,019,978130,295201,35103,330304,3012
2023-03-07,Glenn,021,27897,5794,2018,7812,56
2023-03-07,Humboldt,023,135768,23424,5931,29355,170
2023-03-07,Imperial,025,180216,70296,19052,89348,980
2023-03-07,Inyo,027,18085,4770,1311,6081,63
2023-03-07,Kern,029,883053,230779,73520,304299,2493
2023-03-07,Kings,031,150075,62930,4493,67423,485
2023-03-07,Lake,033,64148,13669,1282,14951,163
2023-03-07,Lassen,035,31185,10263,1065,11328,65
2023-03-07,Los Angeles,037,10098052,3497275,220029,3717304,35720
2023-03-07,Madera,039,155013,46378,8908,55286,377
2023-03-07,Marin,041,260295,40819,5649,46468,260
2023-03-07,Mariposa,043,17540,3363,359,3722,31
2023-03-07,Mendocino,045,87422,16913,4833,21746,145
2023-03-07,Merced,047,269075,77505,12996,90501,903
2023-03-07,Modoc,049,8938,958,375,1333,11
2023-03-07,Mono,051,14174,3331,302,3633,8
2023-03-07,Monterey,053,433212,98364,24208,122572,809
2023-03-07,Napa,055,140530,34659,1522,36181,168
2023-03-07,Nevada,057,99092,20185,2331,22516,138
2023-03-07,Orange,059,3164182,714813,78666,793479,8048
2023-03-07,Placer,061,380077,81281,10367,91648,683
2023-03-07,Plumas,063,18699,3831,460,4291,15
2023-03-07,Riverside,065,2383286,736243,41660,777903,6838
2023-03-07,Sacramento,067,1510023,372323,38491,410814,3562
2023-03-07,San Benito,069,59416,17671,1138,18809,114
2023-03-07,San Bernardino,071,2135413,711417,34677,746094,8139
2023-03-07,San Diego,073,3302833,986904,81301,1068205,5826
2023-03-07,San Francisco,075,870044,196848,13400,210248,1187
2023-03-07,San Joaquin,077,732212,210385,16997,227382,2433
2023-03-07,San Luis Obispo,079,281455,66568,8159,74727,569
2023-03-07,San Mateo,081,765935,183924,11173,195097,747
2023-03-07,Santa Barbara,083,443738,112336,7744,120080,764
2023-03-07,Santa Clara,085,1922200,477285,21371,498656,2762
2023-03-07,Santa Cruz,087,273765,68578,3980,72558,276
2023-03-07,Shasta,089,179085,36550,8339,44889,612
2023-03-07,Sierra,091,2930,312,61,373,5
2023-03-07,Siskiyou,093,43540,5469,3444,8913,95
2023-03-07,Solano,095,438530,114091,8688,122779,475
2023-03-07,Sonoma,097,501317,113870,5805,119675,562
2023-03-07,Stanislaus,099,539301,145408,23161,168569,1842
2023-03-07,Sutter,101,95872,25766,2542,28308,241
2023-03-07,Tehama,103,63373,14478,3420,17898,235
2023-03-07,Trinity,105,12862,1475,506,1981,24
2023-03-07,Tulare,107,460477,128737,40755,169492,1591
2023-03-07,Tuolumne,109,53932,16955,1014,17969,211
2023-03-07,Ventura,111,848112,221227,18165,239392,1684
2023-03-07,Yolo,113,214977,50143,4946,55089,449
2023-03-07,Yuba,115,75493,20070,1884,21954,134
2023-03-06,Alameda,001,1643700,380588,22528,403116,2131
2023-03-06,Alpine,002,1148,139,4,143,0
2023-03-06,Amador,005,37829,10584,973,11557,98
2023-03-06,Butte,007,227075,41747,10282,52029,494
2023-03-06,Calaveras,009,45235,9014,644,9658,142
2023-03-06,Colusa,011,21464,3998,1376,5374,22
2023-03-06,Contra Costa,013,1133247,273572,22422,295994,1572
2023-03-06,Del Norte,015,27424,7937,476,8413,60
2023-03-06,El Dorado,017,186661,34622,4563,39185,247
2023-03-06,Fresno,019,978130,295131,35084,330215,3012
2023-03-06,Glenn,021,27897,5793,2017,7810,56
2023-03-06,Humboldt,023,135768,23422,5931,29353,170
2023-03-06,Imperial,025,180216,70257,19037,89294,980
2023-03-06,Inyo,027,18085,4770,1311,6081,63
2023-03-06,Kern,029,883053,230731,73472,304203,2493
2023-03-06,Kings,031,150075,62916,4493,67409,485
2023-03-06,Lake,033,64148,13665,1282,14947,163
2023-03-06,Lassen,035,31185,10262,1065,11327,65
2023-03-06,Los Angeles,037,10098052,3496685,219896,3716581,35713
2023-03-06,Madera,039,155013,46370,8905,55275,377
2023-03-06,Marin,041,260295,40804,5646,46450,260
2023-03-06,Mariposa,043,17540,3362,359,3721,31
2023-03-06,Mendocino,045,87422,16910,4833,21743,145
2023-03-06,Merced,047,269075,77487,12992,90479,903
2023-03-06,Modoc,049,8938,957,374,1331,11
2023-03-06,Mono,051,14174,3331,302,3633,8
2023-03-06,Monterey,053,433212,98355,24182,122537,809
2023-03-06,Napa,055,140530,34652,1522,36174,168
2023-03-06,Nevada,057,99092,20183,2330,22513,138
2023-03-06,Orange,059,3164182,714676,78607,793283,8047
2023-03-06,Placer,061,380077,81255,10362,91617,683
2023-03-06,Plumas,063,18699,3831,460,4291,15
2023-03-06,Riverside,065,2383286,736081,41629,777710,6837
2023-03-06,Sacramento,067,1510023,372207,38466,410673,3561
2023-03-06,San Benito,069,59416,17668,1138,18806,114
2023-03-06,San Bernardino,071,2135413,711293,34664,745957,8139
2023-03-06,San Diego,073,3302833,986670,81262,1067932,5824
2023-03-06,San Francisco,075,870044,196745,13390,210135,1187
2023-03-06,San Joaquin,077,732212,210320,16991,227311,2432
2023-03-06,San Luis Obispo,079,281455,66559,8157,74716,569
2023-03-06,San Mateo,081,765935,183866,11169,195035,747
2023-03-06,Santa Barbara,083,443738,112313,7744,120057,764
2023-03-06,Santa Clara,085,1922200,477116,21350,498466,2761
2023-03-06,Santa Cruz,087,273765,68564,3978,72542,276
2023-03-06,Shasta,089,179085,36544,8335,44879,612
2023-03-06,Sierra,091,2930,312,61,373,5
2023-03-06,Siskiyou,093,43540,5469,3444,8913,95
2023-03-06,Solano,095,438530,114048,8685,122733,475
2023-03-06,Sonoma,097,501317,113832,5805,119637,560
2023-03-06,Stanislaus,099,539301,145366,23149,168515,1842
2023-03-06,Sutter,101,95872,25765,2542,28307,241
2023-03-06,Tehama,103,63373,14476,3418,17894,235
2023-03-06,Trinity,105,12862,1475,506,1981,24
2023-03-06,Tulare,107,460477,128703,40737,169440,1591
2023-03-06,Tuolumne,109,53932,16946,1014,17960,211
2023-03-06,Ventura,111,848112,221178,18164,239342,1684
2023-03-06,Yolo,113,214977,50133,4943,55076,449
2023-03-06,Yuba,115,75493,20064,1883,21947,134
2023-03-05,Alameda,001,1643700,380432,22511,402943,2130
2023-03-05,Alpine,002,1148,139,4,143,0
2023-03-05,Amador,005,37829,10578,973,11551,98
2023-03-05,Butte,007,227075,41742,10280,52022,494
2023-03-05,Calaveras,009,45235,9010,644,9654,141
2023-03-05,Colusa,011,21464,3994,1373,5367,22
2023-03-05,Contra Costa,013,1133247,273452,22417,295869,1572
2023-03-05,Del Norte,015,27424,7937,475,8412,59
2023-03-05,El Dorado,017,186661,34609,4562,39171,247
2023-03-05,Fresno,019,978130,295055,35064,330119,3011
2023-03-05,Glenn,021,27897,5791,2017,7808,56
2023-03-05,Humboldt,023,135768,23415,5930,29345,170
2023-03-05,Imperial,025,180216,70214,19018,89232,980
2023-03-05,Inyo,027,18085,4769,1311,6080,63
2023-03-05,Kern,029,883053,230683,73424,304107,2492
2023-03-05,Kings,031,150075,62899,4492,67391,485
2023-03-05,Lake,033,64148,13663,1282,14945,163
2023-03-05,Lassen,035,31185,10261,1065,11326,65
2023-03-05,Los Angeles,037,10098052,3495921,219752,3715673,35709
2023-03-05,Madera,039,155013,46361,8904,55265,377
2023-03-05,Marin,041,260295,40778,5645,46423,260
2023-03-05,Mariposa,043,17540,3362,359,3721,31
2023-03-05,Mendocino,045,87422,16908,4833,21741,145
2023-03-05,Merced,047,269075,77463,12985,90448,903
2023-03-05,Modoc,049,8938,957,374,1331,11
2023-03-05,Mono,051,14174,3330,302,3632,8
2023-03-05,Monterey,053,433212,98328,24161,122489,808
2023-03-05,Napa,055,140530,34641,1522,36163,168
2023-03-05,Nevada,057,99092,20179,2327,22506,138
2023-03-05,Orange,059,3164182,714507,78547,793054,8047
2023-03-05,Placer,061,380077,81223,10357,91580,683
2023-03-05,Plumas,063,18699,3831,460,4291,15
2023-03-05,Riverside,065,2383286,735930,41604,777534,6837
2023-03-05,Sacramento,067,1510023,372049,38439,410488,3561
2023-03-05,San Benito,069,59416,17667,1138,18805,114
2023-03-05,San Bernardino,071,2135413,711175,34648,745823,8139
2023-03-05,San Diego,073,3302833,986407,81219,1067626,5822
2023-03-05,San Francisco,075,870044,196646,13381,210027,1187
2023-03-05,San Joaquin,077,732212,210239,16983,227222,2432
2023-03-05,San Luis Obispo,079,281455,66535,8156,74691,569
2023-03-05,San Mateo,081,765935,183790,11165,194955,747
2023-03-05,Santa Barbara,083,443738,112282,7737,120019,764
2023-03-05,Santa Clara,085,1922200,476927,21324,498251,2759
2023-03-05,Santa Cruz,087,273765,68528,3977,72505,276
2023-03-05,Shasta,089,179085,36538,8332,44870,612
2023-03-05,Sierra,091,2930,312,61,373,5
2023-03-05,Siskiyou,093,43540,5468,3444,8912,95
2023-03-05,Solano,095,438530,113994,8677,122671,475
2023-03-05,Sonoma,097,501317,113801,5804,119605,560
2023-03-05,Stanislaus,099,539301,145324,23138,168462,1842
2023-03-05,Sutter,101,95872,25763,2542,28305,241
2023-03-05,Tehama,103,63373,14476,3417,17893,235
2023-03-05,Trinity,105,12862,1475,506,1981,24
2023-03-05,Tulare,107,460477,128667,40724,169391,1591
2023-03-05,Tuolumne,109,53932,16945,1013,17958,211
2023-03-05,Ventura,111,848112,221137,18161,239298,1684
2023-03-05,Yolo,113,214977,50123,4940,55063,448
2023-03-05,Yuba,115,75493,20060,1883,21943,134
2023-03-04,Alameda,001,1643700,380348,22501,402849,2129
2023-03-04,Alpine,002,1148,139,4,143,0
2023-03-04,Amador,005,37829,10577,973,11550,98
2023-03-04,Butte,007,227075,41738,10277,52015,493
2023-03-04,Calaveras,009,45235,9008,644,9652,141
2023-03-04,Colusa,011,21464,3992,1373,5365,22
2023-03-04,Contra Costa,013,1133247,273382,22416,295798,1572
2023-03-04,Del Norte,015,27424,7937,475,8412,59
2023-03-04,El Dorado,017,186661,34608,4562,39170,247
2023-03-04,Fresno,019,978130,295027,35059,330086,3010
2023-03-04,Glenn,021,27897,5791,2017,7808,56
2023-03-04,Humboldt,023,135768,23414,5930,29344,170
2023-03-04,Imperial,025,180216,70201,19016,89217,980
2023-03-04,Inyo,027,18085,4769,1311,6080,63
2023-03-04,Kern,029,883053,230664,73390,304054,2491
2023-03-04,Kings,031,150075,62893,4492,67385,485
2023-03-04,Lake,033,64148,13663,1282,14945,163
2023-03-04,Lassen,035,31185,10261,1065,11326,65
2023-03-04,Los Angeles,037,10098052,3495522,219664,3715186,35705
2023-03-04,Madera,039,155013,46357,8903,55260,377
2023-03-04,Marin,041,260295,40760,5645,46405,260
2023-03-04,Mariposa,043,17540,3362,359,3721,31
2023-03-04,Mendocino,045,87422,16905,4833,21738,145
2023-03-04,Merced,047,269075,77457,12985,90442,903
2023-03-04,Modoc,049,8938,956,374,1330,11
2023-03-04,Mono,051,14174,3330,302,3632,8
2023-03-04,Monterey,053,433212,98319,24150,122469,808
2023-03-04,Napa,055,140530,34637,1522,36159,168
2023-03-04,Nevada,057,99092,20179,2326,22505,138
2023-03-04,Orange,059,3164182,714421,78499,792920,8041
2023-03-04,Placer,061,380077,81204,10353,91557,683
2023-03-04,Plumas,063,18699,3831,460,4291,15
2023-03-04,Riverside,065,2383286,735846,41584,777430,6836
2023-03-04,Sacramento,067,1510023,371957,38417,410374,3560
2023-03-04,San Benito,069,59416,17667,1138,18805,114
2023-03-04,San Bernardino,071,2135413,711092,34643,745735,8139
2023-03-04,San Diego,073,3302833,986295,81201,1067496,5822
2023-03-04,San Francisco,075,870044,196584,13379,209963,1185
2023-03-04,San Joaquin,077,732212,210197,16977,227174,2432
2023-03-04,San Luis Obispo,079,281455,66527,8154,74681,569
2023-03-04,San Mateo,081,765935,183749,11164,194913,747
2023-03-04,Santa Barbara,083,443738,112271,7737,120008,764
2023-03-04,Santa Clara,085,1922200,476832,21307,498139,2758
2023-03-04,Santa Cruz,087,273765,68523,3976,72499,276
2023-03-04,Shasta,089,179085,36538,8331,44869,612
2023-03-04,Sierra,091,2930,312,61,373,5
2023-03-04,Siskiyou,093,43540,5468,3444,8912,95
2023-03-04,Solano,095,438530,113968,8671,122639,475
2023-03-04,Sonoma,097,501317,113783,5804,119587,560
2023-03-04,Stanislaus,099,539301,145297,23133,168430,1842
2023-03-04,Sutter,101,95872,25761,2542,28303,241
2023-03-04,Tehama,103,63373,14474,3417,17891,235
2023-03-04,Trinity,105,12862,1475,506,1981,24
2023-03-04,Tulare,107,460477,128646,40706,169352,1591
2023-03-04,Tuolumne,109,53932,16940,1013,17953,211
2023-03-04,Ventura,111,848112,221118,18157,239275,1684
2023-03-04,Yolo,113,214977,50117,4936,55053,448
2023-03-04,Yuba,115,75493,20059,1881,21940,134
2023-03-03,Alameda,001,1643700,380255,22487,402742,2128
2023-03-03,Alpine,002,1148,139,4,143,0
2023-03-03,Amador,005,37829,10577,973,11550,98
2023-03-03,Butte,007,227075,41733,10273,52006,493
2023-03-03,Calaveras,009,45235,9008,644,9652,140
2023-03-03,Colusa,011,21464,3989,1373,5362,22
2023-03-03,Contra Costa,013,1133247,273318,22415,295733,1571
2023-03-03,Del Norte,015,27424,7936,475,8411,59
2023-03-03,El Dorado,017,186661,34604,4562,39166,247
2023-03-03,Fresno,019,978130,294983,35050,330033,3010
2023-03-03,Glenn,021,27897,5791,2017,7808,56
2023-03-03,Humboldt,023,135768,23412,5930,29342,170
2023-03-03,Imperial,025,180216,70183,19013,89196,980
2023-03-03,Inyo,027,18085,4769,1311,6080,63
2023-03-03,Kern,029,883053,230627,73361,303988,2490
2023-03-03,Kings,031,150075,62888,4490,67378,485
2023-03-03,Lake,033,64148,13662,1282,14944,163
2023-03-03,Lassen,035,31185,10260,1065,11325,65
2023-03-03,Los Angeles,037,10098052,3495081,219597,3714678,35693
2023-03-03,Madera,039,155013,46347,8903,55250,377
2023-03-03,Marin,041,260295,40746,5643,46389,260
2023-03-03,Mariposa,043,17540,3362,359,3721,31
2023-03-03,Mendocino,045,87422,16901,4833,21734,145
2023-03-03,Merced,047,269075,77442,12985,90427,903
2023-03-03,Modoc,049,8938,956,374,1330,11
2023-03-03,Mono,051,14174,3330,302,3632,8
2023-03-03,Monterey,053,433212,98295,24126,122421,808
2023-03-03,Napa,055,140530,34634,1522,36156,168
2023-03-03,Nevada,057,99092,20178,2326,22504,138
2023-03-03,Orange,059,3164182,714322,78463,792785,8038
2023-03-03,Placer,061,380077,81183,10352,91535,683
2023-03-03,Plumas,063,18699,3831,460,4291,15
2023-03-03,Riverside,065,2383286,735748,41564,777312,6835
2023-03-03,Sacramento,067,1510023,371889,38404,410293,3559
2023-03-03,San Benito,069,59416,17666,1138,18804,114
2023-03-03,San Bernardino,071,2135413,711005,34640,745645,8139
2023-03-03,San Diego,073,3302833,986180,81184,1067364,5820
2023-03-03,San Francisco,075,870044,196529,13375,209904,1183
2023-03-03,San Joaquin,077,732212,210166,16971,227137,2432
2023-03-03,San Luis Obispo,079,281455,66518,8152,74670,568
2023-03-03,San Mateo,081,765935,183707,11163,194870,747
2023-03-03,Santa Barbara,083,443738,112251,7737,119988,763
2023-03-03,Santa Clara,085,1922200,476722,21292,498014,2756
2023-03-03,Santa Cruz,087,273765,68506,3976,72482,276
2023-03-03,Shasta,089,179085,36535,8330,44865,612
2023-03-03,Sierra,091,2930,312,61,373,5
2023-03-03,Siskiyou,093,43540,5468,3444,8912,95
2023-03-03,Solano,095,438530,113950,8670,122620,475
2023-03-03,Sonoma,097,501317,113758,5804,119562,560
2023-03-03,Stanislaus,099,539301,145269,23132,168401,1842
2023-03-03,Sutter,101,95872,25757,2542,28299,241
2023-03-03,Tehama,103,63373,14474,3416,17890,235
2023-03-03,Trinity,105,12862,1475,506,1981,24
2023-03-03,Tulare,107,460477,128621,40696,169317,1591
2023-03-03,Tuolumne,109,53932,16938,1013,17951,211
2023-03-03,Ventura,111,848112,221093,18155,239248,1683
2023-03-03,Yolo,113,214977,50113,4935,55048,448
2023-03-03,Yuba,115,75493,20054,1881,21935,134
2023-03-02,Alameda,001,1643700,380116,22468,402584,2127
2023-03-02,Alpine,002,1148,139,4,143,0
2023-03-02,Amador,005,37829,10576,973,11549,98
2023-03-02,Butte,007,227075,41728,10271,51999,493
2023-03-02,Calaveras,009,45235,9002,644,9646,140
2023-03-02,Colusa,011,21464,3989,1367,5356,22
2023-03-02,Contra Costa,013,1133247,273189,22414,295603,1571
2023-03-02,Del Norte,015,27424,7936,475,8411,59
2023-03-02,El Dorado,017,186661,34596,4562,39158,247
2023-03-02,Fresno,019,978130,294928,35038,329966,3010
2023-03-02,Glenn,021,27897,5791,2017,7808,56
2023-03-02,Humboldt,023,135768,23409,5930,29339,170
2023-03-02,Imperial,025,180216,70163,19007,89170,980
2023-03-02,Inyo,027,18085,4769,1311,6080,63
2023-03-02,Kern,029,883053,230581,73319,303900,2490
2023-03-02,Kings,031,150075,62874,4488,67362,485
2023-03-02,Lake,033,64148,13658,1282,14940,163
2023-03-02,Lassen,035,31185,10259,1065,11324,65
2023-03-02,Los Angeles,037,10098052,3494478,219497,3713975,35684
2023-03-02,Madera,039,155013,46332,8903,55235,377
2023-03-02,Marin,041,260295,40730,5642,46372,260
2023-03-02,Mariposa,043,17540,3362,359,3721,31
2023-03-02,Mendocino,045,87422,16897,4833,21730,145
2023-03-02,Merced,047,269075,77405,12979,90384,903
2023-03-02,Modoc,049,8938,956,374,1330,11
2023-03-02,Mono,051,14174,3329,302,3631,8
2023-03-02,Monterey,053,433212,98280,24105,122385,806
2023-03-02,Napa,055,140530,34623,1522,36145,167
2023-03-02,Nevada,057,99092,20173,2326,22499,138
2023-03-02,Orange,059,3164182,714192,78409,792601,8037
2023-03-02,Placer,061,380077,81162,10350,91512,683
2023-03-02,Plumas,063,18699,3831,460,4291,15
2023-03-02,Riverside,065,2383286,735615,41545,777160,6835
2023-03-02,Sacramento,067,1510023,371778,38379,410157,3558
2023-03-02,San Benito,069,59416,17664,1138,18802,114
2023-03-02,San Bernardino,071,2135413,710900,34633,745533,8139
2023-03-02,San Diego,073,3302833,985960,81151,1067111,5820
2023-03-02,San Francisco,075,870044,196430,13364,209794,1183
2023-03-02,San Joaquin,077,732212,210120,16963,227083,2432
2023-03-02,San Luis Obispo,079,281455,66510,8150,74660,568
2023-03-02,San Mateo,081,765935,183645,11157,194802,747
2023-03-02,Santa Barbara,083,443738,112235,7733,119968,763
2023-03-02,Santa Clara,085,1922200,476572,21275,497847,2754
2023-03-02,Santa Cruz,087,273765,68496,3973,72469,276
2023-03-02,Shasta,089,179085,36530,8327,44857,612
2023-03-02,Sierra,091,2930,312,61,373,5
2023-03-02,Siskiyou,093,43540,5466,3444,8910,95
2023-03-02,Solano,095,438530,113905,8669,122574,475
2023-03-02,Sonoma,097,501317,113719,5803,119522,560
2023-03-02,Stanislaus,099,539301,145238,23130,168368,1842
2023-03-02,Sutter,101,95872,25752,2541,28293,241
2023-03-02,Tehama,103,63373,14471,3414,17885,235
2023-03-02,Trinity,105,12862,1475,505,1980,24
2023-03-02,Tulare,107,460477,128592,40678,169270,1591
2023-03-02,Tuolumne,109,53932,16935,1013,17948,211
2023-03-02,Ventura,111,848112,221058,18147,239205,1683
2023-03-02,Yolo,113,214977,50102,4929,55031,448
2023-03-02,Yuba,115,75493,20049,1881,21930,134
2023-03-01,Alameda,001,1643700,379986,22457,402443,2127
2023-03-01,Alpine,002,1148,139,4,143,0
2023-03-01,Amador,005,37829,10574,973,11547,98
2023-03-01,Butte,007,227075,41723,10269,51992,493
2023-03-01,Calaveras,009,45235,9000,644,9644,140
2023-03-01,Colusa,011,21464,3988,1362,5350,22
2023-03-01,Contra Costa,013,1133247,273107,22407,295514,1570
2023-03-01,Del Norte,015,27424,7936,475,8411,59
2023-03-01,El Dorado,017,186661,34584,4559,39143,247
2023-03-01,Fresno,019,978130,294872,35033,329905,3008
2023-03-01,Glenn,021,27897,5790,2016,7806,56
2023-03-01,Humboldt,023,135768,23407,5929,29336,170
2023-03-01,Imperial,025,180216,70141,18995,89136,980
2023-03-01,Inyo,027,18085,4768,1311,6079,63
2023-03-01,Kern,029,883053,230532,73298,303830,2490
2023-03-01,Kings,031,150075,62866,4488,67354,485
2023-03-01,Lake,033,64148,13653,1282,14935,163
2023-03-01,Lassen,035,31185,10258,1065,11323,65
2023-03-01,Los Angeles,037,10098052,3493685,219375,3713060,35668
2023-03-01,Madera,039,155013,46313,8901,55214,377
2023-03-01,Marin,041,260295,40708,5642,46350,260
2023-03-01,Mariposa,043,17540,3362,359,3721,31
2023-03-01,Mendocino,045,87422,16893,4833,21726,145
2023-03-01,Merced,047,269075,77387,12978,90365,903
2023-03-01,Modoc,049,8938,956,374,1330,11
2023-03-01,Mono,051,14174,3326,302,3628,8
2023-03-01,Monterey,053,433212,98253,24085,122338,806
2023-03-01,Napa,055,140530,34617,1522,36139,167
2023-03-01,Nevada,057,99092,20166,2322,22488,138
2023-03-01,Orange,059,3164182,714040,78356,792396,8034
2023-03-01,Placer,061,380077,81125,10349,91474,683
2023-03-01,Plumas,063,18699,3830,460,4290,15
2023-03-01,Riverside,065,2383286,735473,41525,776998,6834
2023-03-01,Sacramento,067,1510023,371667,38366,410033,3558
2023-03-01,San Benito,069,59416,17662,1138,18800,114
2023-03-01,San Bernardino,071,2135413,710801,34630,745431,8139
2023-03-01,San Diego,073,3302833,985746,81121,1066867,5817
2023-03-01,San Francisco,075,870044,196349,13359,209708,1183
2023-03-01,San Joaquin,077,732212,210044,16957,227001,2432
2023-03-01,San Luis Obispo,079,281455,66497,8149,74646,567
2023-03-01,San Mateo,081,765935,183577,11155,194732,747
2023-03-01,Santa Barbara,083,443738,112214,7733,119947,763
2023-03-01,Santa Clara,085,1922200,476419,21254,497673,2754
2023-03-01,Santa Cruz,087,273765,68471,3968,72439,276
2023-03-01,Shasta,089,179085,36528,8326,44854,612
2023-03-01,Sierra,091,2930,312,61,373,5
2023-03-01,Siskiyou,093,43540,5464,3444,8908,95
2023-03-01,Solano,095,438530,113868,8666,122534,475
2023-03-01,Sonoma,097,501317,113691,5800,119491,560
2023-03-01,Stanislaus,099,539301,145200,23120,168320,1842
2023-03-01,Sutter,101,95872,25749,2541,28290,241
2023-03-01,Tehama,103,63373,14466,3412,17878,235
2023-03-01,Trinity,105,12862,1475,505,1980,24
2023-03-01,Tulare,107,460477,128567,40661,169228,1591
2023-03-01,Tuolumne,109,53932,16933,1012,17945,211
2023-03-01,Ventura,111,848112,221012,18142,239154,1683
2023-03-01,Yolo,113,214977,50096,4926,55022,448
2023-03-01,Yuba,115,75493,20046,1881,21927,134
2023-02-28,Alameda,001,1643700,379811,22421,402232,2127
2023-02-28,Alpine,002,1148,139,4,143,0
2023-02-28,Amador,005,37829,10571,972,11543,98
2023-02-28,Butte,007,227075,41718,10264,51982,493
2023-02-28,Calaveras,009,45235,8997,643,9640,140
2023-02-28,Colusa,011,21464,3986,1361,5347,22
2023-02-28,Contra Costa,013,1133247,272974,22403,295377,1569
2023-02-28,Del Norte,015,27424,7933,475,8408,59
2023-02-28,El Dorado,017,186661,34577,4556,39133,247
2023-02-28,Fresno,019,978130,294806,35021,329827,3008
2023-02-28,Glenn,021,27897,5790,2014,7804,56
2023-02-28,Humboldt,023,135768,23400,5927,29327,170
2023-02-28,Imperial,025,180216,70120,18980,89100,980
2023-02-28,Inyo,027,18085,4768,1310,6078,63
2023-02-28,Kern,029,883053,230496,73261,303757,2490
2023-02-28,Kings,031,150075,62858,4487,67345,485
2023-02-28,Lake,033,64148,13648,1282,14930,163
2023-02-28,Lassen,035,31185,10258,1065,11323,65
2023-02-28,Los Angeles,037,10098052,3492976,219234,3712210,35659
2023-02-28,Madera,039,155013,46297,8900,55197,377
2023-02-28,Marin,041,260295,40692,5641,46333,260
2023-02-28,Mariposa,043,17540,3362,359,3721,31
2023-02-28,Mendocino,045,87422,16888,4833,21721,145
2023-02-28,Merced,047,269075,77367,12976,90343,903
2023-02-28,Modoc,049,8938,956,374,1330,11
2023-02-28,Mono,051,14174,3326,302,3628,8
2023-02-28,Monterey,053,433212,98230,24061,122291,806
2023-02-28,Napa,055,140530,34606,1521,36127,167
2023-02-28,Nevada,057,99092,20166,2322,22488,138
2023-02-28,Orange,059,3164182,713878,78323,792201,8032
2023-02-28,Placer,061,380077,81102,10347,91449,683
2023-02-28,Plumas,063,18699,3830,460,4290,15
2023-02-28,Riverside,065,2383286,735344,41500,776844,6834
2023-02-28,Sacramento,067,1510023,371499,38339,409838,3557
2023-02-28,San Benito,069,59416,17657,1136,18793,114
2023-02-28,San Bernardino,071,2135413,710666,34620,745286,8139
2023-02-28,San Diego,073,3302833,985529,81089,1066618,5813
2023-02-28,San Francisco,075,870044,196250,13353,209603,1183
2023-02-28,San Joaquin,077,732212,209994,16953,226947,2432
2023-02-28,San Luis Obispo,079,281455,66483,8144,74627,566
2023-02-28,San Mateo,081,765935,183515,11149,194664,747
2023-02-28,Santa Barbara,083,443738,112185,7731,119916,763
2023-02-28,Santa Clara,085,1922200,476224,21238,497462,2753
2023-02-28,Santa Cruz,087,273765,68443,3966,72409,276
2023-02-28,Shasta,089,179085,36525,8322,44847,612
2023-02-28,Sierra,091,2930,312,61,373,5
2023-02-28,Siskiyou,093,43540,5464,3444,8908,95
2023-02-28,Solano,095,438530,113830,8662,122492,475
2023-02-28,Sonoma,097,501317,113662,5799,119461,560
2023-02-28,Stanislaus,099,539301,145160,23110,168270,1842
2023-02-28,Sutter,101,95872,25740,2541,28281,241
2023-02-28,Tehama,103,63373,14466,3410,17876,235
2023-02-28,Trinity,105,12862,1475,505,1980,24
2023-02-28,Tulare,107,460477,128528,40651,169179,1591
2023-02-28,Tuolumne,109,53932,16921,1012,17933,211
2023-02-28,Ventura,111,848112,220977,18136,239113,1683
2023-02-28,Yolo,113,214977,50085,4924,55009,448
2023-02-28,Yuba,115,75493,20040,1880,21920,134
2023-02-27,Alameda,001,1643700,379661,22398,402059,2127
2023-02-27,Alpine,002,1148,139,4,143,0
2023-02-27,Amador,005,37829,10571,972,11543,98
2023-02-27,Butte,007,227075,41710,10263,51973,493
2023-02-27,Calaveras,009,45235,8995,643,9638,140
2023-02-27,Colusa,011,21464,3985,1359,5344,22
2023-02-27,Contra Costa,013,1133247,272875,22388,295263,1569
2023-02-27,Del Norte,015,27424,7931,475,8406,59
2023-02-27,El Dorado,017,186661,34570,4555,39125,247
2023-02-27,Fresno,019,978130,294740,35009,329749,3007
2023-02-27,Glenn,021,27897,5789,2014,7803,56
2023-02-27,Humboldt,023,135768,23399,5927,29326,170
2023-02-27,Imperial,025,180216,70088,18968,89056,980
2023-02-27,Inyo,027,18085,4766,1309,6075,63
2023-02-27,Kern,029,883053,230403,73216,303619,2490
2023-02-27,Kings,031,150075,62851,4484,67335,485
2023-02-27,Lake,033,64148,13646,1282,14928,163
2023-02-27,Lassen,035,31185,10258,1065,11323,65
2023-02-27,Los Angeles,037,10098052,3492085,219066,3711151,35646
2023-02-27,Madera,039,155013,46288,8899,55187,377
2023-02-27,Marin,041,260295,40664,5640,46304,260
2023-02-27,Mariposa,043,17540,3362,359,3721,31
2023-02-27,Mendocino,045,87422,16884,4833,21717,145
2023-02-27,Merced,047,269075,77340,12971,90311,903
2023-02-27,Modoc,049,8938,956,374,1330,11
2023-02-27,Mono,051,14174,3326,302,3628,8
2023-02-27,Monterey,053,433212,98210,24029,122239,805
2023-02-27,Napa,055,140530,34600,1521,36121,167
2023-02-27,Nevada,057,99092,20165,2322,22487,138
2023-02-27,Orange,059,3164182,713682,78275,791957,8029
2023-02-27,Placer,061,380077,81083,10346,91429,683
2023-02-27,Plumas,063,18699,3830,460,4290,15
2023-02-27,Riverside,065,2383286,735200,41466,776666,6834
2023-02-27,Sacramento,067,1510023,371347,38305,409652,3555
2023-02-27,San Benito,069,59416,17652,1136,18788,114
2023-02-27,San Bernardino,071,2135413,710548,34606,745154,8139
2023-02-27,San Diego,073,3302833,985260,81048,1066308,5812
2023-02-27,San Francisco,075,870044,196146,13349,209495,1182
2023-02-27,San Joaquin,077,732212,209940,16940,226880,2432
2023-02-27,San Luis Obispo,079,281455,66467,8140,74607,565
2023-02-27,San Mateo,081,765935,183441,11146,194587,747
2023-02-27,Santa Barbara,083,443738,112164,7730,119894,762
2023-02-27,Santa Clara,085,1922200,476035,21216,497251,2752
2023-02-27,Santa Cruz,087,273765,68431,3962,72393,276
2023-02-27,Shasta,089,179085,36520,8322,44842,612
2023-02-27,Sierra,091,2930,312,61,373,5
2023-02-27,Siskiyou,093,43540,5463,3443,8906,95
2023-02-27,Solano,095,438530,113793,8659,122452,475
2023-02-27,Sonoma,097,501317,113624,5798,119422,560
2023-02-27,Stanislaus,099,539301,145107,23098,168205,1842
2023-02-27,Sutter,101,95872,25730,2540,28270,241
2023-02-27,Tehama,103,63373,14464,3410,17874,235
2023-02-27,Trinity,105,12862,1473,505,1978,24
2023-02-27,Tulare,107,460477,128494,40616,169110,1591
2023-02-27,Tuolumne,109,53932,16909,1012,17921,211
2023-02-27,Ventura,111,848112,220926,18131,239057,1682
2023-02-27,Yolo,113,214977,50069,4923,54992,448
2023-02-27,Yuba,115,75493,20026,1880,21906,134
2023-02-26,Alameda,001,1643700,379472,22371,401843,2125
2023-02-26,Alpine,002,1148,139,4,143,0
2023-02-26,Amador,005,37829,10567,972,11539,98
2023-02-26,Butte,007,227075,41703,10261,51964,493
2023-02-26,Calaveras,009,45235,8993,643,9636,140
2023-02-26,Colusa,011,21464,3984,1349,5333,22
2023-02-26,Contra Costa,013,1133247,272771,22376,295147,1568
2023-02-26,Del Norte,015,27424,7930,475,8405,59
2023-02-26,El Dorado,017,186661,34558,4551,39109,247
2023-02-26,Fresno,019,978130,294673,34980,329653,3007
2023-02-26,Glenn,021,27897,5788,2014,7802,56
2023-02-26,Humboldt,023,135768,23394,5924,29318,170
2023-02-26,Imperial,025,180216,70056,18956,89012,980
2023-02-26,Inyo,027,18085,4766,1309,6075,63
2023-02-26,Kern,029,883053,230335,73167,303502,2489
2023-02-26,Kings,031,150075,62839,4480,67319,485
2023-02-26,Lake,033,64148,13643,1282,14925,163
2023-02-26,Lassen,035,31185,10257,1064,11321,65
2023-02-26,Los Angeles,037,10098052,3491172,218885,3710057,35634
2023-02-26,Madera,039,155013,46277,8896,55173,377
2023-02-26,Marin,041,260295,40650,5638,46288,260
2023-02-26,Mariposa,043,17540,3362,359,3721,31
2023-02-26,Mendocino,045,87422,16883,4830,21713,144
2023-02-26,Merced,047,269075,77318,12963,90281,903
2023-02-26,Modoc,049,8938,956,374,1330,11
2023-02-26,Mono,051,14174,3326,302,3628,8
2023-02-26,Monterey,053,433212,98191,24000,122191,805
2023-02-26,Napa,055,140530,34587,1520,36107,167
2023-02-26,Nevada,057,99092,20163,2321,22484,138
2023-02-26,Orange,059,3164182,713509,78202,791711,8023
2023-02-26,Placer,061,380077,81061,10345,91406,683
2023-02-26,Plumas,063,18699,3830,460,4290,15
2023-02-26,Riverside,065,2383286,735041,41423,776464,6834
2023-02-26,Sacramento,067,1510023,371181,38262,409443,3554
2023-02-26,San Benito,069,59416,17649,1135,18784,114
2023-02-26,San Bernardino,071,2135413,710392,34592,744984,8139
2023-02-26,San Diego,073,3302833,984953,80999,1065952,5812
2023-02-26,San Francisco,075,870044,196049,13345,209394,1181
2023-02-26,San Joaquin,077,732212,209845,16924,226769,2431
2023-02-26,San Luis Obispo,079,281455,66445,8131,74576,564
2023-02-26,San Mateo,081,765935,183357,11141,194498,747
2023-02-26,Santa Barbara,083,443738,112139,7727,119866,761
2023-02-26,Santa Clara,085,1922200,475818,21206,497024,2750
2023-02-26,Santa Cruz,087,273765,68410,3960,72370,276
2023-02-26,Shasta,089,179085,36514,8318,44832,612
2023-02-26,Sierra,091,2930,312,61,373,5
2023-02-26,Siskiyou,093,43540,5463,3443,8906,95
2023-02-26,Solano,095,438530,113737,8652,122389,475
2023-02-26,Sonoma,097,501317,113591,5794,119385,560
2023-02-26,Stanislaus,099,539301,145063,23078,168141,1842
2023-02-26,Sutter,101,95872,25721,2539,28260,241
2023-02-26,Tehama,103,63373,14462,3409,17871,235
2023-02-26,Trinity,105,12862,1473,505,1978,24
2023-02-26,Tulare,107,460477,128458,40593,169051,1591
2023-02-26,Tuolumne,109,53932,16907,1008,17915,211
2023-02-26,Ventura,111,848112,220889,18125,239014,1682
2023-02-26,Yolo,113,214977,50046,4918,54964,447
2023-02-26,Yuba,115,75493,20018,1877,21895,134
2023-02-25,Alameda,001,1643700,379361,22361,401722,2124
2023-02-25,Alpine,002,1148,139,4,143,0
2023-02-25,Amador,005,37829,10565,972,11537,98
2023-02-25,Butte,007,227075,41701,10258,51959,493
2023-02-25,Calaveras,009,45235,8992,643,9635,140
2023-02-25,Colusa,011,21464,3980,1348,5328,22
2023-02-25,Contra Costa,013,1133247,272693,22372,295065,1568
2023-02-25,Del Norte,015,27424,7928,473,8401,59
2023-02-25,El Dorado,017,186661,34552,4550,39102,247
2023-02-25,Fresno,019,978130,294633,34971,329604,3006
2023-02-25,Glenn,021,27897,5788,2014,7802,56
2023-02-25,Humboldt,023,135768,23393,5924,29317,170
2023-02-25,Imperial,025,180216,70036,18954,88990,980
2023-02-25,Inyo,027,18085,4766,1307,6073,63
2023-02-25,Kern,029,883053,230298,73139,303437,2489
2023-02-25,Kings,031,150075,62833,4478,67311,485
2023-02-25,Lake,033,64148,13643,1282,14925,163
2023-02-25,Lassen,035,31185,10257,1064,11321,65
2023-02-25,Los Angeles,037,10098052,3490684,218790,3709474,35619
2023-02-25,Madera,039,155013,46272,8896,55168,377
2023-02-25,Marin,041,260295,40638,5637,46275,260
2023-02-25,Mariposa,043,17540,3361,359,3720,31
2023-02-25,Mendocino,045,87422,16880,4830,21710,144
2023-02-25,Merced,047,269075,77303,12954,90257,903
2023-02-25,Modoc,049,8938,956,374,1330,11
2023-02-25,Mono,051,14174,3325,302,3627,8
2023-02-25,Monterey,053,433212,98170,23985,122155,804
2023-02-25,Napa,055,140530,34581,1519,36100,167
2023-02-25,Nevada,057,99092,20162,2320,22482,138
2023-02-25,Orange,059,3164182,713403,78157,791560,8023
2023-02-25,Placer,061,380077,81039,10345,91384,683
2023-02-25,Plumas,063,18699,3830,460,4290,15
2023-02-25,Riverside,065,2383286,734966,41398,776364,6833
2023-02-25,Sacramento,067,1510023,371112,38256,409368,3553
2023-02-25,San Benito,069,59416,17647,1135,18782,114
2023-02-25,San Bernardino,071,2135413,710321,34580,744901,8139
2023-02-25,San Diego,073,3302833,984800,80981,1065781,5810
2023-02-25,San Francisco,075,870044,195996,13343,209339,1180
2023-02-25,San Joaquin,077,732212,209800,16914,226714,2430
2023-02-25,San Luis Obispo,079,281455,66438,8128,74566,564
2023-02-25,San Mateo,081,765935,183317,11137,194454,747
2023-02-25,Santa Barbara,083,443738,112119,7725,119844,760
2023-02-25,Santa Clara,085,1922200,475655,21197,496852,2750
2023-02-25,Santa Cruz,087,273765,68396,3955,72351,276
2023-02-25,Shasta,089,179085,36510,8315,44825,612
2023-02-25,Sierra,091,2930,312,61,373,5
2023-02-25,Siskiyou,093,43540,5463,3443,8906,95
2023-02-25,Solano,095,438530,113715,8649,122364,475
2023-02-25,Sonoma,097,501317,113569,5794,119363,559
2023-02-25,Stanislaus,099,539301,145040,23076,168116,1842
2023-02-25,Sutter,101,95872,25718,2539,28257,241
2023-02-25,Tehama,103,63373,14461,3408,17869,235
2023-02-25,Trinity,105,12862,1473,505,1978,24
2023-02-25,Tulare,107,460477,128435,40581,169016,1591
2023-02-25,Tuolumne,109,53932,16900,1006,17906,211
2023-02-25,Ventura,111,848112,220865,18122,238987,1682
2023-02-25,Yolo,113,214977,50038,4917,54955,446
2023-02-25,Yuba,115,75493,20015,1876,21891,134
2023-02-24,Alameda,001,1643700,379260,22335,401595,2123
2023-02-24,Alpine,002,1148,139,4,143,0
2023-02-24,Amador,005,37829,10563,971,11534,98
2023-02-24,Butte,007,227075,41696,10255,51951,493
2023-02-24,Calaveras,009,45235,8989,643,9632,140
2023-02-24,Colusa,011,21464,3980,1348,5328,22
2023-02-24,Contra Costa,013,1133247,272618,22369,294987,1568
2023-02-24,Del Norte,015,27424,7928,473,8401,59
2023-02-24,El Dorado,017,186661,34546,4547,39093,246
2023-02-24,Fresno,019,978130,294587,34966,329553,3006
2023-02-24,Glenn,021,27897,5788,2014,7802,56
2023-02-24,Humboldt,023,135768,23390,5924,29314,170
2023-02-24,Imperial,025,180216,70027,18946,88973,980
2023-02-24,Inyo,027,18085,4766,1307,6073,63
2023-02-24,Kern,029,883053,230268,73110,303378,2489
2023-02-24,Kings,031,150075,62827,4478,67305,485
2023-02-24,Lake,033,64148,13641,1282,14923,163
2023-02-24,Lassen,035,31185,10257,1064,11321,65
2023-02-24,Los Angeles,037,10098052,3490236,218673,3708909,35611
2023-02-24,Madera,039,155013,46269,8896,55165,377
2023-02-24,Marin,041,260295,40607,5634,46241,260
2023-02-24,Mariposa,043,17540,3361,359,3720,31
2023-02-24,Mendocino,045,87422,16878,4830,21708,144
2023-02-24,Merced,047,269075,77286,12951,90237,903
2023-02-24,Modoc,049,8938,956,374,1330,11
2023-02-24,Mono,051,14174,3325,302,3627,8
2023-02-24,Monterey,053,433212,98146,23962,122108,804
2023-02-24,Napa,055,140530,34572,1519,36091,167
2023-02-24,Nevada,057,99092,20159,2320,22479,138
2023-02-24,Orange,059,3164182,713297,78118,791415,8018
2023-02-24,Placer,061,380077,81015,10345,91360,683
2023-02-24,Plumas,063,18699,3829,460,4289,15
2023-02-24,Riverside,065,2383286,734888,41383,776271,6833
2023-02-24,Sacramento,067,1510023,371033,38248,409281,3551
2023-02-24,San Benito,069,59416,17645,1135,18780,114
2023-02-24,San Bernardino,071,2135413,710241,34573,744814,8139
2023-02-24,San Diego,073,3302833,984645,80952,1065597,5810
2023-02-24,San Francisco,075,870044,195927,13339,209266,1178
2023-02-24,San Joaquin,077,732212,209763,16907,226670,2430
2023-02-24,San Luis Obispo,079,281455,66431,8127,74558,564
2023-02-24,San Mateo,081,765935,183264,11132,194396,747
2023-02-24,Santa Barbara,083,443738,112105,7724,119829,760
2023-02-24,Santa Clara,085,1922200,475537,21187,496724,2748
2023-02-24,Santa Cruz,087,273765,68375,3954,72329,276
2023-02-24,Shasta,089,179085,36508,8313,44821,612
2023-02-24,Sierra,091,2930,312,61,373,5
2023-02-24,Siskiyou,093,43540,5459,3443,8902,95
2023-02-24,Solano,095,438530,113698,8648,122346,475
2023-02-24,Sonoma,097,501317,113548,5789,119337,559
2023-02-24,Stanislaus,099,539301,145015,23073,168088,1842
2023-02-24,Sutter,101,95872,25714,2539,28253,241
2023-02-24,Tehama,103,63373,14458,3407,17865,235
2023-02-24,Trinity,105,12862,1473,505,1978,24
2023-02-24,Tulare,107,460477,128412,40565,168977,1590
2023-02-24,Tuolumne,109,53932,16897,1006,17903,211
2023-02-24,Ventura,111,848112,220838,18121,238959,1681
2023-02-24,Yolo,113,214977,50034,4915,54949,446
2023-02-24,Yuba,115,75493,20012,1874,21886,134
2023-02-23,Alameda,001,1643700,379101,22323,401424,2122
2023-02-23,Alpine,002,1148,139,4,143,0
2023-02-23,Amador,005,37829,10561,971,11532,98
2023-02-23,Butte,007,227075,41683,10254,51937,492
2023-02-23,Calaveras,009,45235,8988,642,9630,140
2023-02-23,Colusa,011,21464,3978,1348,5326,22
2023-02-23,Contra Costa,013,1133247,272517,22361,294878,1567
2023-02-23,Del Norte,015,27424,7928,470,8398,59
2023-02-23,El Dorado,017,186661,34533,4547,39080,246
2023-02-23,Fresno,019,978130,294526,34959,329485,3005
2023-02-23,Glenn,021,27897,5788,2014,7802,56
2023-02-23,Humboldt,023,135768,23387,5923,29310,170
2023-02-23,Imperial,025,180216,70000,18941,88941,980
2023-02-23,Inyo,027,18085,4766,1307,6073,63
2023-02-23,Kern,029,883053,230223,73069,303292,2489
2023-02-23,Kings,031,150075,62822,4477,67299,485
2023-02-23,Lake,033,64148,13641,1282,14923,163
2023-02-23,Lassen,035,31185,10257,1064,11321,65
2023-02-23,Los Angeles,037,10098052,3489578,218537,3708115,35601
2023-02-23,Madera,039,155013,46264,8890,55154,377
2023-02-23,Marin,041,260295,40588,5633,46221,260
2023-02-23,Mariposa,043,17540,3359,359,3718,31
2023-02-23,Mendocino,045,87422,16874,4830,21704,144
2023-02-23,Merced,047,269075,77271,12950,90221,903
2023-02-23,Modoc,049,8938,956,373,1329,11
2023-02-23,Mono,051,14174,3324,302,3626,8
2023-02-23,Monterey,053,433212,98126,23924,122050,803
2023-02-23,Napa,055,140530,34558,1518,36076,167
2023-02-23,Nevada,057,99092,20155,2320,22475,138
2023-02-23,Orange,059,3164182,713140,78064,791204,8013
2023-02-23,Placer,061,380077,80989,10343,91332,683
2023-02-23,Plumas,063,18699,3829,459,4288,15
2023-02-23,Riverside,065,2383286,734787,41368,776155,6832
2023-02-23,Sacramento,067,1510023,370887,38222,409109,3551
2023-02-23,San Benito,069,59416,17640,1134,18774,114
2023-02-23,San Bernardino,071,2135413,710108,34557,744665,8139
2023-02-23,San Diego,073,3302833,984389,80889,1065278,5808
2023-02-23,San Francisco,075,870044,195816,13320,209136,1177
2023-02-23,San Joaquin,077,732212,209712,16902,226614,2429
2023-02-23,San Luis Obispo,079,281455,66424,8125,74549,564
2023-02-23,San Mateo,081,765935,183201,11131,194332,747
2023-02-23,Santa Barbara,083,443738,112090,7721,119811,760
2023-02-23,Santa Clara,085,1922200,475362,21182,496544,2747
2023-02-23,Santa Cruz,087,273765,68353,3951,72304,276
2023-02-23,Shasta,089,179085,36503,8311,44814,612
2023-02-23,Sierra,091,2930,312,61,373,5
2023-02-23,Siskiyou,093,43540,5459,3443,8902,95
2023-02-23,Solano,095,438530,113645,8638,122283,475
2023-02-23,Sonoma,097,501317,113511,5787,119298,559
2023-02-23,Stanislaus,099,539301,144982,23069,168051,1842
2023-02-23,Sutter,101,95872,25711,2538,28249,241
2023-02-23,Tehama,103,63373,14457,3407,17864,235
2023-02-23,Trinity,105,12862,1473,505,1978,24
2023-02-23,Tulare,107,460477,128388,40543,168931,1589
2023-02-23,Tuolumne,109,53932,16882,1005,17887,211
2023-02-23,Ventura,111,848112,220809,18119,238928,1681
2023-02-23,Yolo,113,214977,50020,4909,54929,446
2023-02-23,Yuba,115,75493,20004,1872,21876,134
2023-02-22,Alameda,001,1643700,378950,22307,401257,2122
2023-02-22,Alpine,002,1148,139,4,143,0
2023-02-22,Amador,005,37829,10560,970,11530,98
2023-02-22,Butte,007,227075,41674,10250,51924,492
2023-02-22,Calaveras,009,45235,8986,642,9628,140
2023-02-22,Colusa,011,21464,3976,1348,5324,22
2023-02-22,Contra Costa,013,1133247,272395,22347,294742,1566
2023-02-22,Del Norte,015,27424,7926,468,8394,59
2023-02-22,El Dorado,017,186661,34525,4547,39072,246
2023-02-22,Fresno,019,978130,294451,34939,329390,3005
2023-02-22,Glenn,021,27897,5788,2014,7802,56
2023-02-22,Humboldt,023,135768,23382,5921,29303,170
2023-02-22,Imperial,025,180216,69975,18927,88902,980
2023-02-22,Inyo,027,18085,4765,1304,6069,63
2023-02-22,Kern,029,883053,230163,73024,303187,2488
2023-02-22,Kings,031,150075,62816,4476,67292,485
2023-02-22,Lake,033,64148,13634,1280,14914,162
2023-02-22,Lassen,035,31185,10257,1064,11321,65
2023-02-22,Los Angeles,037,10098052,3488727,218347,3707074,35588
2023-02-22,Madera,039,155013,46254,8889,55143,377
2023-02-22,Marin,041,260295,40567,5632,46199,260
2023-02-22,Mariposa,043,17540,3359,359,3718,31
2023-02-22,Mendocino,045,87422,16872,4829,21701,144
2023-02-22,Merced,047,269075,77256,12949,90205,903
2023-02-22,Modoc,049,8938,956,373,1329,11
2023-02-22,Mono,051,14174,3324,302,3626,8
2023-02-22,Monterey,053,433212,98095,23889,121984,803
2023-02-22,Napa,055,140530,34551,1518,36069,167
2023-02-22,Nevada,057,99092,20154,2319,22473,138
2023-02-22,Orange,059,3164182,712956,78006,790962,8010
2023-02-22,Placer,061,380077,80969,10341,91310,683
2023-02-22,Plumas,063,18699,3829,459,4288,15
2023-02-22,Riverside,065,2383286,734615,41349,775964,6830
2023-02-22,Sacramento,067,1510023,370736,38194,408930,3551
2023-02-22,San Benito,069,59416,17636,1133,18769,114
2023-02-22,San Bernardino,071,2135413,709990,34540,744530,8139
2023-02-22,San Diego,073,3302833,984091,80827,1064918,5807
2023-02-22,San Francisco,075,870044,195709,13314,209023,1177
2023-02-22,San Joaquin,077,732212,209653,16894,226547,2429
2023-02-22,San Luis Obispo,079,281455,66416,8119,74535,564
2023-02-22,San Mateo,081,765935,183133,11125,194258,747
2023-02-22,Santa Barbara,083,443738,112062,7718,119780,760
2023-02-22,Santa Clara,085,1922200,475158,21174,496332,2746
2023-02-22,Santa Cruz,087,273765,68338,3944,72282,276
2023-02-22,Shasta,089,179085,36496,8306,44802,612
2023-02-22,Sierra,091,2930,312,61,373,5
2023-02-22,Siskiyou,093,43540,5456,3443,8899,95
2023-02-22,Solano,095,438530,113602,8629,122231,475
2023-02-22,Sonoma,097,501317,113484,5786,119270,559
2023-02-22,Stanislaus,099,539301,144947,23055,168002,1842
2023-02-22,Sutter,101,95872,25696,2538,28234,241
2023-02-22,Tehama,103,63373,14452,3405,17857,235
2023-02-22,Trinity,105,12862,1473,505,1978,24
2023-02-22,Tulare,107,460477,128353,40512,168865,1589
2023-02-22,Tuolumne,109,53932,16878,1000,17878,211
2023-02-22,Ventura,111,848112,220768,18116,238884,1681
2023-02-22,Yolo,113,214977,50007,4909,54916,446
2023-02-22,Yuba,115,75493,19999,1871,21870,134
2023-02-21,Alameda,001,1643700,378772,22299,401071,2122
2023-02-21,Alpine,002,1148,139,4,143,0
2023-02-21,Amador,005,37829,10557,969,11526,98
2023-02-21,Butte,007,227075,41662,10248,51910,492
2023-02-21,Calaveras,009,45235,8985,642,9627,140
2023-02-21,Colusa,011,21464,3975,1348,5323,22
2023-02-21,Contra Costa,013,1133247,272278,22336,294614,1565
2023-02-21,Del Norte,015,27424,7925,467,8392,59
2023-02-21,El Dorado,017,186661,34517,4543,39060,246
2023-02-21,Fresno,019,978130,294375,34921,329296,3005
2023-02-21,Glenn,021,27897,5786,2014,7800,56
2023-02-21,Humboldt,023,135768,23374,5919,29293,170
2023-02-21,Imperial,025,180216,69942,18913,88855,980
2023-02-21,Inyo,027,18085,4765,1304,6069,63
2023-02-21,Kern,029,883053,230072,72982,303054,2488
2023-02-21,Kings,031,150075,62805,4475,67280,484
2023-02-21,Lake,033,64148,13628,1279,14907,162
2023-02-21,Lassen,035,31185,10255,1062,11317,65
2023-02-21,Los Angeles,037,10098052,3487803,218125,3705928,35581
2023-02-21,Madera,039,155013,46247,8886,55133,377
2023-02-21,Marin,041,260295,40539,5629,46168,260
2023-02-21,Mariposa,043,17540,3358,359,3717,31
2023-02-21,Mendocino,045,87422,16867,4829,21696,144
2023-02-21,Merced,047,269075,77236,12945,90181,903
2023-02-21,Modoc,049,8938,955,371,1326,11
2023-02-21,Mono,051,14174,3323,302,3625,8
2023-02-21,Monterey,053,433212,98064,23861,121925,803
2023-02-21,Napa,055,140530,34538,1518,36056,167
2023-02-21,Nevada,057,99092,20145,2318,22463,138
2023-02-21,Orange,059,3164182,712723,77949,790672,8009
2023-02-21,Placer,061,380077,80929,10340,91269,683
2023-02-21,Plumas,063,18699,3829,459,4288,15
2023-02-21,Riverside,065,2383286,734447,41318,775765,6828
2023-02-21,Sacramento,067,1510023,370580,38168,408748,3551
2023-02-21,San Benito,069,59416,17632,1133,18765,114
2023-02-21,San Bernardino,071,2135413,709858,34529,744387,8139
2023-02-21,San Diego,073,3302833,983822,80774,1064596,5807
2023-02-21,San Francisco,075,870044,195615,13305,208920,1177
2023-02-21,San Joaquin,077,732212,209599,16887,226486,2429
2023-02-21,San Luis Obispo,079,281455,66396,8114,74510,563
2023-02-21,San Mateo,081,765935,183047,11116,194163,747
2023-02-21,Santa Barbara,083,443738,112033,7714,119747,760
2023-02-21,Santa Clara,085,1922200,474966,21163,496129,2745
2023-02-21,Santa Cruz,087,273765,68322,3941,72263,276
2023-02-21,Shasta,089,179085,36488,8304,44792,612
2023-02-21,Sierra,091,2930,312,61,373,5
2023-02-21,Siskiyou,093,43540,5453,3442,8895,95
2023-02-21,Solano,095,438530,113570,8626,122196,475
2023-02-21,Sonoma,097,501317,113448,5785,119233,559
2023-02-21,Stanislaus,099,539301,144915,23046,167961,1842
2023-02-21,Sutter,101,95872,25691,2538,28229,241
2023-02-21,Tehama,103,63373,14452,3404,17856,235
2023-02-21,Trinity,105,12862,1473,505,1978,24
2023-02-21,Tulare,107,460477,128319,40490,168809,1588
2023-02-21,Tuolumne,109,53932,16871,1000,17871,211
2023-02-21,Ventura,111,848112,220721,18109,238830,1680
2023-02-21,Yolo,113,214977,49996,4905,54901,446
2023-02-21,Yuba,115,75493,19994,1871,21865,134
2023-02-20,Alameda,001,1643700,378534,22278,400812,2122
2023-02-20,Alpine,002,1148,139,4,143,0
2023-02-20,Amador,005,37829,10552,967,11519,98
2023-02-20,Butte,007,227075,41653,10240,51893,492
2023-02-20,Calaveras,009,45235,8980,642,9622,140
2023-02-20,Colusa,011,21464,3973,1347,5320,22
2023-02-20,Contra Costa,013,1133247,272153,22326,294479,1565
2023-02-20,Del Norte,015,27424,7924,466,8390,59
2023-02-20,El Dorado,017,186661,34509,4541,39050,246
2023-02-20,Fresno,019,978130,294272,34897,329169,3005
2023-02-20,Glenn,021,27897,5785,2014,7799,56
2023-02-20,Humboldt,023,135768,23370,5919,29289,170
2023-02-20,Imperial,025,180216,69913,18901,88814,980
2023-02-20,Inyo,027,18085,4762,1303,6065,63
2023-02-20,Kern,029,883053,230003,72915,302918,2487
2023-02-20,Kings,031,150075,62790,4472,67262,484
2023-02-20,Lake,033,64148,13625,1278,14903,162
2023-02-20,Lassen,035,31185,10255,1062,11317,65
2023-02-20,Los Angeles,037,10098052,3486725,217860,3704585,35574
2023-02-20,Madera,039,155013,46226,8883,55109,377
2023-02-20,Marin,041,260295,40519,5626,46145,260
2023-02-20,Mariposa,043,17540,3355,359,3714,31
2023-02-20,Mendocino,045,87422,16863,4826,21689,144
2023-02-20,Merced,047,269075,77216,12941,90157,903
2023-02-20,Modoc,049,8938,955,371,1326,11
2023-02-20,Mono,051,14174,3321,302,3623,8
2023-02-20,Monterey,053,433212,98028,23820,121848,803
2023-02-20,Napa,055,140530,34521,1518,36039,165
2023-02-20,Nevada,057,99092,20140,2318,22458,138
2023-02-20,Orange,059,3164182,712474,77881,790355,8009
2023-02-20,Placer,061,380077,80904,10336,91240,683
2023-02-20,Plumas,063,18699,3827,459,4286,15
2023-02-20,Riverside,065,2383286,734285,41302,775587,6827
2023-02-20,Sacramento,067,1510023,370419,38126,408545,3549
2023-02-20,San Benito,069,59416,17623,1133,18756,114
2023-02-20,San Bernardino,071,2135413,709680,34513,744193,8139
2023-02-20,San Diego,073,3302833,983449,80696,1064145,5807
2023-02-20,San Francisco,075,870044,195492,13299,208791,1176
2023-02-20,San Joaquin,077,732212,209523,16883,226406,2429
2023-02-20,San Luis Obispo,079,281455,66384,8112,74496,563
2023-02-20,San Mateo,081,765935,182961,11109,194070,747
2023-02-20,Santa Barbara,083,443738,111988,7708,119696,760
2023-02-20,Santa Clara,085,1922200,474703,21151,495854,2743
2023-02-20,Santa Cruz,087,273765,68271,3928,72199,276
2023-02-20,Shasta,089,179085,36483,8303,44786,612
2023-02-20,Sierra,091,2930,312,61,373,5
2023-02-20,Siskiyou,093,43540,5452,3442,8894,95
2023-02-20,Solano,095,438530,113496,8618,122114,475
2023-02-20,Sonoma,097,501317,113409,5778,119187,559
2023-02-20,Stanislaus,099,539301,144863,23029,167892,1842
2023-02-20,Sutter,101,95872,25684,2538,28222,241
2023-02-20,Tehama,103,63373,14450,3404,17854,235
2023-02-20,Trinity,105,12862,1473,505,1978,24
2023-02-20,Tulare,107,460477,128279,40473,168752,1588
2023-02-20,Tuolumne,109,53932,16869,999,17868,211
2023-02-20,Ventura,111,848112,220651,18096,238747,1680
2023-02-20,Yolo,113,214977,49977,4903,54880,446
2023-02-20,Yuba,115,75493,19990,1871,21861,134
2023-02-19,Alameda,001,1643700,378377,22270,400647,2122
2023-02-19,Alpine,002,1148,139,4,143,0
2023-02-19,Amador,005,37829,10550,966,11516,98
2023-02-19,Butte,007,227075,41652,10234,51886,492
2023-02-19,Calaveras,009,45235,8979,642,9621,140
2023-02-19,Colusa,011,21464,3968,1347,5315,22
2023-02-19,Contra Costa,013,1133247,272068,22321,294389,1563
2023-02-19,Del Norte,015,27424,7924,466,8390,59
2023-02-19,El Dorado,017,186661,34505,4539,39044,245
2023-02-19,Fresno,019,978130,294207,34884,329091,3005
2023-02-19,Glenn,021,27897,5785,2014,7799,56
2023-02-19,Humboldt,023,135768,23365,5917,29282,170
2023-02-19,Imperial,025,180216,69892,18884,88776,980
2023-02-19,Inyo,027,18085,4762,1303,6065,63
2023-02-19,Kern,029,883053,229954,72849,302803,2487
2023-02-19,Kings,031,150075,62775,4470,67245,484
2023-02-19,Lake,033,64148,13622,1278,14900,162
2023-02-19,Lassen,035,31185,10255,1062,11317,65
2023-02-19,Los Angeles,037,10098052,3485773,217647,3703420,35564
2023-02-19,Madera,039,155013,46216,8881,55097,377
2023-02-19,Marin,041,260295,40504,5624,46128,260
2023-02-19,Mariposa,043,17540,3355,359,3714,31
2023-02-19,Mendocino,045,87422,16853,4825,21678,144
2023-02-19,Merced,047,269075,77198,12939,90137,903
2023-02-19,Modoc,049,8938,955,371,1326,11
2023-02-19,Mono,051,14174,3321,302,3623,8
2023-02-19,Monterey,053,433212,97996,23799,121795,803
2023-02-19,Napa,055,140530,34506,1518,36024,165
2023-02-19,Nevada,057,99092,20137,2317,22454,138
2023-02-19,Orange,059,3164182,712233,77812,790045,8006
2023-02-19,Placer,061,380077,80886,10333,91219,683
2023-02-19,Plumas,063,18699,3826,459,4285,15
2023-02-19,Riverside,065,2383286,734130,41267,775397,6825
2023-02-19,Sacramento,067,1510023,370312,38118,408430,3547
2023-02-19,San Benito,069,59416,17623,1133,18756,113
2023-02-19,San Bernardino,071,2135413,709536,34503,744039,8139
2023-02-19,San Diego,073,3302833,983176,80633,1063809,5806
2023-02-19,San Francisco,075,870044,195410,13286,208696,1176
2023-02-19,San Joaquin,077,732212,209478,16878,226356,2429
2023-02-19,San Luis Obispo,079,281455,66374,8108,74482,563
2023-02-19,San Mateo,081,765935,182903,11104,194007,747
2023-02-19,Santa Barbara,083,443738,111956,7705,119661,760
2023-02-19,Santa Clara,085,1922200,474580,21142,495722,2741
2023-02-19,Santa Cruz,087,273765,68247,3924,72171,276
2023-02-19,Shasta,089,179085,36481,8301,44782,612
2023-02-19,Sierra,091,2930,311,61,372,5
2023-02-19,Siskiyou,093,43540,5450,3441,8891,95
2023-02-19,Solano,095,438530,113477,8613,122090,475
2023-02-19,Sonoma,097,501317,113355,5777,119132,559
2023-02-19,Stanislaus,099,539301,144812,23027,167839,1842
2023-02-19,Sutter,101,95872,25678,2538,28216,241
2023-02-19,Tehama,103,63373,14448,3404,17852,235
2023-02-19,Trinity,105,12862,1473,505,1978,24
2023-02-19,Tulare,107,460477,128230,40457,168687,1588
2023-02-19,Tuolumne,109,53932,16861,990,17851,211
2023-02-19,Ventura,111,848112,220610,18078,238688,1680
2023-02-19,Yolo,113,214977,49958,4900,54858,445
2023-02-19,Yuba,115,75493,19987,1870,21857,134
2023-02-18,Alameda,001,1643700,378273,22263,400536,2121
2023-02-18,Alpine,002,1148,139,4,143,0
2023-02-18,Amador,005,37829,10549,965,11514,98
2023-02-18,Butte,007,227075,41650,10231,51881,492
2023-02-18,Calaveras,009,45235,8977,642,9619,140
2023-02-18,Colusa,011,21464,3967,1347,5314,22
2023-02-18,Contra Costa,013,1133247,271993,22317,294310,1561
2023-02-18,Del Norte,015,27424,7924,466,8390,59
2023-02-18,El Dorado,017,186661,34501,4539,39040,245
2023-02-18,Fresno,019,978130,294153,34880,329033,3005
2023-02-18,Glenn,021,27897,5785,2013,7798,56
2023-02-18,Humboldt,023,135768,23363,5916,29279,170
2023-02-18,Imperial,025,180216,69877,18884,88761,980
2023-02-18,Inyo,027,18085,4762,1303,6065,63
2023-02-18,Kern,029,883053,229909,72810,302719,2485
2023-02-18,Kings,031,150075,62770,4470,67240,484
2023-02-18,Lake,033,64148,13622,1278,14900,162
2023-02-18,Lassen,035,31185,10255,1062,11317,65
2023-02-18,Los Angeles,037,10098052,3485208,217512,3702720,35551
2023-02-18,Madera,039,155013,46209,8880,55089,377
2023-02-18,Marin,041,260295,40485,5622,46107,260
2023-02-18,Mariposa,043,17540,3353,359,3712,31
2023-02-18,Mendocino,045,87422,16853,4825,21678,144
2023-02-18,Merced,047,269075,77190,12936,90126,903
2023-02-18,Modoc,049,8938,955,371,1326,11
2023-02-18,Mono,051,14174,3321,302,3623,8
2023-02-18,Monterey,053,433212,97978,23775,121753,803
2023-02-18,Napa,055,140530,34500,1518,36018,165
2023-02-18,Nevada,057,99092,20132,2316,22448,138
2023-02-18,Orange,059,3164182,712089,77764,789853,8005
2023-02-18,Placer,061,380077,80863,10328,91191,682
2023-02-18,Plumas,063,18699,3825,459,4284,15
2023-02-18,Riverside,065,2383286,734035,41243,775278,6825
2023-02-18,Sacramento,067,1510023,370234,38109,408343,3544
2023-02-18,San Benito,069,59416,17620,1131,18751,113
2023-02-18,San Bernardino,071,2135413,709433,34494,743927,8139
2023-02-18,San Diego,073,3302833,983023,80601,1063624,5804
2023-02-18,San Francisco,075,870044,195338,13284,208622,1176
2023-02-18,San Joaquin,077,732212,209435,16874,226309,2428
2023-02-18,San Luis Obispo,079,281455,66364,8106,74470,563
2023-02-18,San Mateo,081,765935,182847,11098,193945,747
2023-02-18,Santa Barbara,083,443738,111940,7703,119643,760
2023-02-18,Santa Clara,085,1922200,474437,21137,495574,2739
2023-02-18,Santa Cruz,087,273765,68230,3921,72151,276
2023-02-18,Shasta,089,179085,36479,8300,44779,612
2023-02-18,Sierra,091,2930,311,61,372,5
2023-02-18,Siskiyou,093,43540,5447,3441,8888,95
2023-02-18,Solano,095,438530,113454,8610,122064,475
2023-02-18,Sonoma,097,501317,113331,5776,119107,559
2023-02-18,Stanislaus,099,539301,144785,23026,167811,1842
2023-02-18,Sutter,101,95872,25673,2538,28211,241
2023-02-18,Tehama,103,63373,14447,3404,17851,235
2023-02-18,Trinity,105,12862,1473,505,1978,24
2023-02-18,Tulare,107,460477,128206,40442,168648,1588
2023-02-18,Tuolumne,109,53932,16852,990,17842,211
2023-02-18,Ventura,111,848112,220576,18075,238651,1680
2023-02-18,Yolo,113,214977,49949,4899,54848,445
2023-02-18,Yuba,115,75493,19985,1870,21855,134
2023-02-17,Alameda,001,1643700,378150,22255,400405,2121
2023-02-17,Alpine,002,1148,139,4,143,0
2023-02-17,Amador,005,37829,10544,965,11509,98
2023-02-17,Butte,007,227075,41648,10228,51876,492
2023-02-17,Calaveras,009,45235,8976,642,9618,140
2023-02-17,Colusa,011,21464,3967,1347,5314,22
2023-02-17,Contra Costa,013,1133247,271912,22312,294224,1561
2023-02-17,Del Norte,015,27424,7922,466,8388,59
2023-02-17,El Dorado,017,186661,34494,4538,39032,245
2023-02-17,Fresno,019,978130,294104,34875,328979,3002
2023-02-17,Glenn,021,27897,5784,2013,7797,56
2023-02-17,Humboldt,023,135768,23360,5915,29275,170
2023-02-17,Imperial,025,180216,69867,18877,88744,980
2023-02-17,Inyo,027,18085,4761,1303,6064,63
2023-02-17,Kern,029,883053,229864,72770,302634,2485
2023-02-17,Kings,031,150075,62765,4470,67235,484
2023-02-17,Lake,033,64148,13618,1278,14896,162
2023-02-17,Lassen,035,31185,10255,1062,11317,65
2023-02-17,Los Angeles,037,10098052,3484639,217370,3702009,35536
2023-02-17,Madera,039,155013,46200,8880,55080,377
2023-02-17,Marin,041,260295,40457,5622,46079,260
2023-02-17,Mariposa,043,17540,3353,359,3712,31
2023-02-17,Mendocino,045,87422,16853,4825,21678,144
2023-02-17,Merced,047,269075,77175,12931,90106,903
2023-02-17,Modoc,049,8938,955,371,1326,11
2023-02-17,Mono,051,14174,3321,302,3623,8
2023-02-17,Monterey,053,433212,97966,23762,121728,803
2023-02-17,Napa,055,140530,34496,1517,36013,164
2023-02-17,Nevada,057,99092,20128,2316,22444,138
2023-02-17,Orange,059,3164182,711968,77719,789687,8000
2023-02-17,Placer,061,380077,80851,10326,91177,682
2023-02-17,Plumas,063,18699,3824,459,4283,15
2023-02-17,Riverside,065,2383286,733953,41221,775174,6823
2023-02-17,Sacramento,067,1510023,370157,38105,408262,3542
2023-02-17,San Benito,069,59416,17620,1131,18751,113
2023-02-17,San Bernardino,071,2135413,709344,34483,743827,8139
2023-02-17,San Diego,073,3302833,982843,80582,1063425,5802
2023-02-17,San Francisco,075,870044,195265,13276,208541,1176
2023-02-17,San Joaquin,077,732212,209383,16864,226247,2428
2023-02-17,San Luis Obispo,079,281455,66350,8105,74455,563
2023-02-17,San Mateo,081,765935,182799,11098,193897,747
2023-02-17,Santa Barbara,083,443738,111922,7703,119625,760
2023-02-17,Santa Clara,085,1922200,474293,21133,495426,2736
2023-02-17,Santa Cruz,087,273765,68210,3917,72127,276
2023-02-17,Shasta,089,179085,36478,8299,44777,612
2023-02-17,Sierra,091,2930,311,61,372,5
2023-02-17,Siskiyou,093,43540,5446,3441,8887,95
2023-02-17,Solano,095,438530,113441,8602,122043,475
2023-02-17,Sonoma,097,501317,113304,5775,119079,559
2023-02-17,Stanislaus,099,539301,144764,23021,167785,1842
2023-02-17,Sutter,101,95872,25670,2538,28208,241
2023-02-17,Tehama,103,63373,14447,3404,17851,235
2023-02-17,Trinity,105,12862,1473,505,1978,24
2023-02-17,Tulare,107,460477,128189,40422,168611,1588
2023-02-17,Tuolumne,109,53932,16849,989,17838,211
2023-02-17,Ventura,111,848112,220547,18068,238615,1679
2023-02-17,Yolo,113,214977,49939,4896,54835,445
2023-02-17,Yuba,115,75493,19982,1870,21852,134
2023-02-16,Alameda,001,1643700,377980,22242,400222,2121
2023-02-16,Alpine,002,1148,139,4,143,0
2023-02-16,Amador,005,37829,10541,965,11506,98
2023-02-16,Butte,007,227075,41639,10222,51861,492
2023-02-16,Calaveras,009,45235,8971,642,9613,140
2023-02-16,Colusa,011,21464,3964,1346,5310,22
2023-02-16,Contra Costa,013,1133247,271813,22308,294121,1560
2023-02-16,Del Norte,015,27424,7920,466,8386,59
2023-02-16,El Dorado,017,186661,34485,4538,39023,245
2023-02-16,Fresno,019,978130,294042,34858,328900,3001
2023-02-16,Glenn,021,27897,5782,2013,7795,56
2023-02-16,Humboldt,023,135768,23354,5914,29268,170
2023-02-16,Imperial,025,180216,69848,18869,88717,980
2023-02-16,Inyo,027,18085,4761,1302,6063,63
2023-02-16,Kern,029,883053,229820,72724,302544,2484
2023-02-16,Kings,031,150075,62753,4469,67222,483
2023-02-16,Lake,033,64148,13617,1278,14895,162
2023-02-16,Lassen,035,31185,10255,1062,11317,65
2023-02-16,Los Angeles,037,10098052,3483830,217168,3700998,35530
2023-02-16,Madera,039,155013,46193,8873,55066,377
2023-02-16,Marin,041,260295,40436,5620,46056,260
2023-02-16,Mariposa,043,17540,3351,359,3710,31
2023-02-16,Mendocino,045,87422,16847,4824,21671,144
2023-02-16,Merced,047,269075,77158,12925,90083,903
2023-02-16,Modoc,049,8938,954,370,1324,11
2023-02-16,Mono,051,14174,3321,302,3623,8
2023-02-16,Monterey,053,433212,97948,23730,121678,803
2023-02-16,Napa,055,140530,34485,1517,36002,164
2023-02-16,Nevada,057,99092,20123,2312,22435,138
2023-02-16,Orange,059,3164182,711798,77652,789450,7997
2023-02-16,Placer,061,380077,80824,10322,91146,682
2023-02-16,Plumas,063,18699,3822,459,4281,15
2023-02-16,Riverside,065,2383286,733810,41204,775014,6822
2023-02-16,Sacramento,067,1510023,370028,38067,408095,3540
2023-02-16,San Benito,069,59416,17613,1130,18743,113
2023-02-16,San Bernardino,071,2135413,709204,34468,743672,8139
2023-02-16,San Diego,073,3302833,982591,80521,1063112,5801
2023-02-16,San Francisco,075,870044,195171,13268,208439,1176
2023-02-16,San Joaquin,077,732212,209326,16858,226184,2428
2023-02-16,San Luis Obispo,079,281455,66330,8103,74433,563
2023-02-16,San Mateo,081,765935,182724,11094,193818,747
2023-02-16,Santa Barbara,083,443738,111892,7701,119593,760
2023-02-16,Santa Clara,085,1922200,474091,21126,495217,2735
2023-02-16,Santa Cruz,087,273765,68190,3910,72100,276
2023-02-16,Shasta,089,179085,36476,8299,44775,612
2023-02-16,Sierra,091,2930,311,61,372,5
2023-02-16,Siskiyou,093,43540,5443,3441,8884,95
2023-02-16,Solano,095,438530,113403,8598,122001,475
2023-02-16,Sonoma,097,501317,113264,5772,119036,558
2023-02-16,Stanislaus,099,539301,144725,23013,167738,1842
2023-02-16,Sutter,101,95872,25666,2538,28204,241
2023-02-16,Tehama,103,63373,14444,3402,17846,235
2023-02-16,Trinity,105,12862,1473,505,1978,24
2023-02-16,Tulare,107,460477,128165,40390,168555,1588
2023-02-16,Tuolumne,109,53932,16846,989,17835,211
2023-02-16,Ventura,111,848112,220511,18064,238575,1678
2023-02-16,Yolo,113,214977,49930,4889,54819,445
2023-02-16,Yuba,115,75493,19978,1870,21848,134
2023-02-15,Alameda,001,1643700,377834,22224,400058,2121
2023-02-15,Alpine,002,1148,139,4,143,0
2023-02-15,Amador,005,37829,10535,965,11500,98
2023-02-15,Butte,007,227075,41631,10217,51848,490
2023-02-15,Calaveras,009,45235,8966,642,9608,140
2023-02-15,Colusa,011,21464,3964,1346,5310,22
2023-02-15,Contra Costa,013,1133247,271720,22301,294021,1560
2023-02-15,Del Norte,015,27424,7918,466,8384,59
2023-02-15,El Dorado,017,186661,34478,4537,39015,245
2023-02-15,Fresno,019,978130,293965,34835,328800,3001
2023-02-15,Glenn,021,27897,5782,2013,7795,56
2023-02-15,Humboldt,023,135768,23348,5912,29260,170
2023-02-15,Imperial,025,180216,69826,18858,88684,980
2023-02-15,Inyo,027,18085,4760,1302,6062,63
2023-02-15,Kern,029,883053,229718,72670,302388,2484
2023-02-15,Kings,031,150075,62743,4469,67212,483
2023-02-15,Lake,033,64148,13612,1278,14890,162
2023-02-15,Lassen,035,31185,10254,1062,11316,65
2023-02-15,Los Angeles,037,10098052,3482949,216971,3699920,35517
2023-02-15,Madera,039,155013,46189,8869,55058,377
2023-02-15,Marin,041,260295,40409,5620,46029,260
2023-02-15,Mariposa,043,17540,3351,359,3710,31
2023-02-15,Mendocino,045,87422,16845,4824,21669,144
2023-02-15,Merced,047,269075,77138,12920,90058,903
2023-02-15,Modoc,049,8938,954,370,1324,11
2023-02-15,Mono,051,14174,3319,302,3621,8
2023-02-15,Monterey,053,433212,97924,23694,121618,803
2023-02-15,Napa,055,140530,34477,1517,35994,164
2023-02-15,Nevada,057,99092,20122,2311,22433,138
2023-02-15,Orange,059,3164182,711565,77579,789144,7994
2023-02-15,Placer,061,380077,80800,10319,91119,682
2023-02-15,Plumas,063,18699,3820,459,4279,15
2023-02-15,Riverside,065,2383286,733646,41173,774819,6822
2023-02-15,Sacramento,067,1510023,369915,38039,407954,3539
2023-02-15,San Benito,069,59416,17605,1130,18735,112
2023-02-15,San Bernardino,071,2135413,709083,34450,743533,8139
2023-02-15,San Diego,073,3302833,982318,80454,1062772,5800
2023-02-15,San Francisco,075,870044,195078,13264,208342,1176
2023-02-15,San Joaquin,077,732212,209253,16854,226107,2428
2023-02-15,San Luis Obispo,079,281455,66323,8099,74422,563
2023-02-15,San Mateo,081,765935,182653,11093,193746,747
2023-02-15,Santa Barbara,083,443738,111854,7696,119550,760
2023-02-15,Santa Clara,085,1922200,473899,21116,495015,2734
2023-02-15,Santa Cruz,087,273765,68175,3906,72081,276
2023-02-15,Shasta,089,179085,36471,8296,44767,612
2023-02-15,Sierra,091,2930,311,61,372,5
2023-02-15,Siskiyou,093,43540,5443,3440,8883,95
2023-02-15,Solano,095,438530,113370,8594,121964,475
2023-02-15,Sonoma,097,501317,113224,5769,118993,558
2023-02-15,Stanislaus,099,539301,144687,23004,167691,1842
2023-02-15,Sutter,101,95872,25661,2538,28199,240
2023-02-15,Tehama,103,63373,14442,3402,17844,235
2023-02-15,Trinity,105,12862,1473,505,1978,24
2023-02-15,Tulare,107,460477,128128,40373,168501,1588
2023-02-15,Tuolumne,109,53932,16843,987,17830,211
2023-02-15,Ventura,111,848112,220460,18056,238516,1677
2023-02-15,Yolo,113,214977,49918,4884,54802,445
2023-02-15,Yuba,115,75493,19974,1870,21844,134
2023-02-14,Alameda,001,1643700,377696,22209,399905,2120
2023-02-14,Alpine,002,1148,139,4,143,0
2023-02-14,Amador,005,37829,10533,965,11498,98
2023-02-14,Butte,007,227075,41620,10215,51835,490
2023-02-14,Calaveras,009,45235,8964,639,9603,140
2023-02-14,Colusa,011,21464,3961,1346,5307,22
2023-02-14,Contra Costa,013,1133247,271596,22293,293889,1560
2023-02-14,Del Norte,015,27424,7915,466,8381,59
2023-02-14,El Dorado,017,186661,34470,4535,39005,245
2023-02-14,Fresno,019,978130,293894,34815,328709,3000
2023-02-14,Glenn,021,27897,5780,2011,7791,56
2023-02-14,Humboldt,023,135768,23342,5907,29249,170
2023-02-14,Imperial,025,180216,69802,18842,88644,980
2023-02-14,Inyo,027,18085,4759,1302,6061,63
2023-02-14,Kern,029,883053,229668,72600,302268,2484
2023-02-14,Kings,031,150075,62733,4467,67200,483
2023-02-14,Lake,033,64148,13611,1278,14889,162
2023-02-14,Lassen,035,31185,10254,1062,11316,65
2023-02-14,Los Angeles,037,10098052,3482009,216785,3698794,35508
2023-02-14,Madera,039,155013,46177,8863,55040,377
2023-02-14,Marin,041,260295,40382,5619,46001,260
2023-02-14,Mariposa,043,17540,3351,359,3710,31
2023-02-14,Mendocino,045,87422,16842,4824,21666,144
2023-02-14,Merced,047,269075,77121,12915,90036,903
2023-02-14,Modoc,049,8938,954,369,1323,11
2023-02-14,Mono,051,14174,3319,302,3621,8
2023-02-14,Monterey,053,433212,97893,23666,121559,803
2023-02-14,Napa,055,140530,34466,1515,35981,164
2023-02-14,Nevada,057,99092,20116,2310,22426,137
2023-02-14,Orange,059,3164182,711358,77497,788855,7992
2023-02-14,Placer,061,380077,80770,10317,91087,682
2023-02-14,Plumas,063,18699,3819,459,4278,15
2023-02-14,Riverside,065,2383286,733459,41135,774594,6820
2023-02-14,Sacramento,067,1510023,369813,38025,407838,3537
2023-02-14,San Benito,069,59416,17603,1130,18733,112
2023-02-14,San Bernardino,071,2135413,708909,34429,743338,8139
2023-02-14,San Diego,073,3302833,981999,80384,1062383,5800
2023-02-14,San Francisco,075,870044,194994,13254,208248,1176
2023-02-14,San Joaquin,077,732212,209179,16846,226025,2428
2023-02-14,San Luis Obispo,079,281455,66311,8097,74408,563
2023-02-14,San Mateo,081,765935,182570,11085,193655,747
2023-02-14,Santa Barbara,083,443738,111821,7692,119513,760
2023-02-14,Santa Clara,085,1922200,473697,21102,494799,2732
2023-02-14,Santa Cruz,087,273765,68157,3904,72061,276
2023-02-14,Shasta,089,179085,36470,8295,44765,612
2023-02-14,Sierra,091,2930,311,61,372,5
2023-02-14,Siskiyou,093,43540,5441,3439,8880,95
2023-02-14,Solano,095,438530,113315,8592,121907,475
2023-02-14,Sonoma,097,501317,113179,5763,118942,558
2023-02-14,Stanislaus,099,539301,144647,22992,167639,1842
2023-02-14,Sutter,101,95872,25653,2538,28191,240
2023-02-14,Tehama,103,63373,14438,3402,17840,235
2023-02-14,Trinity,105,12862,1473,505,1978,24
2023-02-14,Tulare,107,460477,128092,40338,168430,1588
2023-02-14,Tuolumne,109,53932,16842,987,17829,211
2023-02-14,Ventura,111,848112,220418,18048,238466,1676
2023-02-14,Yolo,113,214977,49904,4873,54777,445
2023-02-14,Yuba,115,75493,19968,1868,21836,134
2023-02-13,Alameda,001,1643700,377513,22168,399681,2119
2023-02-13,Alpine,002,1148,139,4,143,0
2023-02-13,Amador,005,37829,10527,965,11492,98
2023-02-13,Butte,007,227075,41610,10211,51821,490
2023-02-13,Calaveras,009,45235,8963,639,9602,140
2023-02-13,Colusa,011,21464,3961,1344,5305,22
2023-02-13,Contra Costa,013,1133247,271487,22287,293774,1560
2023-02-13,Del Norte,015,27424,7913,466,8379,59
2023-02-13,El Dorado,017,186661,34458,4534,38992,245
2023-02-13,Fresno,019,978130,293817,34797,328614,3000
2023-02-13,Glenn,021,27897,5780,2007,7787,56
2023-02-13,Humboldt,023,135768,23336,5905,29241,170
2023-02-13,Imperial,025,180216,69791,18833,88624,980
2023-02-13,Inyo,027,18085,4756,1302,6058,63
2023-02-13,Kern,029,883053,229603,72552,302155,2484
2023-02-13,Kings,031,150075,62713,4466,67179,483
2023-02-13,Lake,033,64148,13606,1278,14884,161
2023-02-13,Lassen,035,31185,10254,1062,11316,65
2023-02-13,Los Angeles,037,10098052,3481070,216576,3697646,35493
2023-02-13,Madera,039,155013,46165,8856,55021,377
2023-02-13,Marin,041,260295,40366,5612,45978,260
2023-02-13,Mariposa,043,17540,3349,359,3708,31
2023-02-13,Mendocino,045,87422,16838,4820,21658,144
2023-02-13,Merced,047,269075,77094,12914,90008,903
2023-02-13,Modoc,049,8938,954,369,1323,11
2023-02-13,Mono,051,14174,3319,302,3621,8
2023-02-13,Monterey,053,433212,97871,23623,121494,803
2023-02-13,Napa,055,140530,34443,1515,35958,164
2023-02-13,Nevada,057,99092,20112,2308,22420,137
2023-02-13,Orange,059,3164182,711127,77421,788548,7989
2023-02-13,Placer,061,380077,80742,10315,91057,682
2023-02-13,Plumas,063,18699,3819,459,4278,15
2023-02-13,Riverside,065,2383286,733295,41094,774389,6820
2023-02-13,Sacramento,067,1510023,369688,37995,407683,3536
2023-02-13,San Benito,069,59416,17595,1125,18720,112
2023-02-13,San Bernardino,071,2135413,708776,34414,743190,8139
2023-02-13,San Diego,073,3302833,981685,80342,1062027,5800
2023-02-13,San Francisco,075,870044,194901,13248,208149,1176
2023-02-13,San Joaquin,077,732212,209109,16834,225943,2428
2023-02-13,San Luis Obispo,079,281455,66288,8097,74385,563
2023-02-13,San Mateo,081,765935,182494,11079,193573,747
2023-02-13,Santa Barbara,083,443738,111782,7687,119469,760
2023-02-13,Santa Clara,085,1922200,473489,21085,494574,2731
2023-02-13,Santa Cruz,087,273765,68135,3898,72033,276
2023-02-13,Shasta,089,179085,36465,8290,44755,612
2023-02-13,Sierra,091,2930,311,61,372,5
2023-02-13,Siskiyou,093,43540,5438,3439,8877,95
2023-02-13,Solano,095,438530,113267,8587,121854,475
2023-02-13,Sonoma,097,501317,113145,5752,118897,558
2023-02-13,Stanislaus,099,539301,144599,22972,167571,1842
2023-02-13,Sutter,101,95872,25646,2537,28183,240
2023-02-13,Tehama,103,63373,14437,3402,17839,235
2023-02-13,Trinity,105,12862,1473,504,1977,24
2023-02-13,Tulare,107,460477,128064,40316,168380,1588
2023-02-13,Tuolumne,109,53932,16837,984,17821,211
2023-02-13,Ventura,111,848112,220368,18042,238410,1676
2023-02-13,Yolo,113,214977,49890,4870,54760,444
2023-02-13,Yuba,115,75493,19965,1868,21833,134
2023-02-12,Alameda,001,1643700,377321,22150,399471,2119
2023-02-12,Alpine,002,1148,139,4,143,0
2023-02-12,Amador,005,37829,10525,964,11489,98
2023-02-12,Butte,007,227075,41599,10203,51802,490
2023-02-12,Calaveras,009,45235,8962,638,9600,140
2023-02-12,Colusa,011,21464,3961,1344,5305,22
2023-02-12,Contra Costa,013,1133247,271373,22276,293649,1560
2023-02-12,Del Norte,015,27424,7910,466,8376,59
2023-02-12,El Dorado,017,186661,34444,4534,38978,245
2023-02-12,Fresno,019,978130,293729,34790,328519,3000
2023-02-12,Glenn,021,27897,5779,2007,7786,56
2023-02-12,Humboldt,023,135768,23329,5904,29233,170
2023-02-12,Imperial,025,180216,69764,18815,88579,979
2023-02-12,Inyo,027,18085,4756,1298,6054,63
2023-02-12,Kern,029,883053,229538,72503,302041,2484
2023-02-12,Kings,031,150075,62701,4465,67166,482
2023-02-12,Lake,033,64148,13601,1278,14879,161
2023-02-12,Lassen,035,31185,10254,1062,11316,65
2023-02-12,Los Angeles,037,10098052,3480025,216353,3696378,35481
2023-02-12,Madera,039,155013,46159,8843,55002,377
2023-02-12,Marin,041,260295,40346,5610,45956,260
2023-02-12,Mariposa,043,17540,3349,359,3708,31
2023-02-12,Mendocino,045,87422,16833,4819,21652,144
2023-02-12,Merced,047,269075,77060,12907,89967,903
2023-02-12,Modoc,049,8938,954,369,1323,11
2023-02-12,Mono,051,14174,3319,301,3620,8
2023-02-12,Monterey,053,433212,97829,23598,121427,803
2023-02-12,Napa,055,140530,34429,1515,35944,163
2023-02-12,Nevada,057,99092,20109,2303,22412,137
2023-02-12,Orange,059,3164182,710898,77321,788219,7988
2023-02-12,Placer,061,380077,80719,10313,91032,682
2023-02-12,Plumas,063,18699,3818,459,4277,15
2023-02-12,Riverside,065,2383286,733083,41065,774148,6818
2023-02-12,Sacramento,067,1510023,369556,37974,407530,3536
2023-02-12,San Benito,069,59416,17592,1125,18717,112
2023-02-12,San Bernardino,071,2135413,708573,34396,742969,8139
2023-02-12,San Diego,073,3302833,981285,80281,1061566,5799
2023-02-12,San Francisco,075,870044,194787,13232,208019,1176
2023-02-12,San Joaquin,077,732212,209021,16821,225842,2428
2023-02-12,San Luis Obispo,079,281455,66259,8097,74356,563
2023-02-12,San Mateo,081,765935,182385,11071,193456,747
2023-02-12,Santa Barbara,083,443738,111753,7682,119435,760
2023-02-12,Santa Clara,085,1922200,473247,21073,494320,2730
2023-02-12,Santa Cruz,087,273765,68112,3895,72007,276
2023-02-12,Shasta,089,179085,36460,8287,44747,612
2023-02-12,Sierra,091,2930,311,61,372,5
2023-02-12,Siskiyou,093,43540,5438,3437,8875,95
2023-02-12,Solano,095,438530,113225,8580,121805,475
2023-02-12,Sonoma,097,501317,113088,5749,118837,558
2023-02-12,Stanislaus,099,539301,144557,22952,167509,1842
2023-02-12,Sutter,101,95872,25637,2537,28174,240
2023-02-12,Tehama,103,63373,14435,3401,17836,234
2023-02-12,Trinity,105,12862,1473,504,1977,24
2023-02-12,Tulare,107,460477,128026,40296,168322,1588
2023-02-12,Tuolumne,109,53932,16832,984,17816,211
2023-02-12,Ventura,111,848112,220326,18032,238358,1676
2023-02-12,Yolo,113,214977,49880,4866,54746,444
2023-02-12,Yuba,115,75493,19958,1866,21824,134
2023-02-11,Alameda,001,1643700,377204,22142,399346,2117
2023-02-11,Alpine,002,1148,139,4,143,0
2023-02-11,Amador,005,37829,10523,964,11487,98
2023-02-11,Butte,007,227075,41594,10195,51789,490
2023-02-11,Calaveras,009,45235,8959,638,9597,140
2023-02-11,Colusa,011,21464,3961,1344,5305,22
2023-02-11,Contra Costa,013,1133247,271297,22273,293570,1560
2023-02-11,Del Norte,015,27424,7910,466,8376,59
2023-02-11,El Dorado,017,186661,34438,4533,38971,245
2023-02-11,Fresno,019,978130,293688,34783,328471,3000
2023-02-11,Glenn,021,27897,5777,2007,7784,56
2023-02-11,Humboldt,023,135768,23323,5903,29226,170
2023-02-11,Imperial,025,180216,69757,18814,88571,979
2023-02-11,Inyo,027,18085,4756,1297,6053,63
2023-02-11,Kern,029,883053,229510,72471,301981,2483
2023-02-11,Kings,031,150075,62699,4464,67163,482
2023-02-11,Lake,033,64148,13599,1278,14877,161
2023-02-11,Lassen,035,31185,10253,1062,11315,65
2023-02-11,Los Angeles,037,10098052,3479398,216237,3695635,35473
2023-02-11,Madera,039,155013,46158,8843,55001,377
2023-02-11,Marin,041,260295,40329,5608,45937,260
2023-02-11,Mariposa,043,17540,3349,359,3708,31
2023-02-11,Mendocino,045,87422,16832,4819,21651,144
2023-02-11,Merced,047,269075,77051,12900,89951,903
2023-02-11,Modoc,049,8938,954,369,1323,11
2023-02-11,Mono,051,14174,3319,301,3620,8
2023-02-11,Monterey,053,433212,97801,23581,121382,803
2023-02-11,Napa,055,140530,34424,1515,35939,163
2023-02-11,Nevada,057,99092,20103,2299,22402,137
2023-02-11,Orange,059,3164182,710763,77266,788029,7985
2023-02-11,Placer,061,380077,80695,10313,91008,682
2023-02-11,Plumas,063,18699,3818,459,4277,15
2023-02-11,Riverside,065,2383286,732979,41041,774020,6817
2023-02-11,Sacramento,067,1510023,369485,37966,407451,3536
2023-02-11,San Benito,069,59416,17587,1125,18712,112
2023-02-11,San Bernardino,071,2135413,708481,34383,742864,8139
2023-02-11,San Diego,073,3302833,981131,80267,1061398,5797
2023-02-11,San Francisco,075,870044,194718,13231,207949,1176
2023-02-11,San Joaquin,077,732212,208987,16815,225802,2428
2023-02-11,San Luis Obispo,079,281455,66247,8097,74344,563
2023-02-11,San Mateo,081,765935,182336,11067,193403,747
2023-02-11,Santa Barbara,083,443738,111728,7681,119409,760
2023-02-11,Santa Clara,085,1922200,473120,21065,494185,2729
2023-02-11,Santa Cruz,087,273765,68095,3895,71990,276
2023-02-11,Shasta,089,179085,36457,8285,44742,612
2023-02-11,Sierra,091,2930,311,61,372,5
2023-02-11,Siskiyou,093,43540,5436,3437,8873,95
2023-02-11,Solano,095,438530,113211,8579,121790,475
2023-02-11,Sonoma,097,501317,113062,5746,118808,558
2023-02-11,Stanislaus,099,539301,144524,22951,167475,1842
2023-02-11,Sutter,101,95872,25629,2537,28166,240
2023-02-11,Tehama,103,63373,14434,3401,17835,234
2023-02-11,Trinity,105,12862,1472,504,1976,24
2023-02-11,Tulare,107,460477,128003,40286,168289,1588
2023-02-11,Tuolumne,109,53932,16823,984,17807,211
2023-02-11,Ventura,111,848112,220303,18030,238333,1676
2023-02-11,Yolo,113,214977,49872,4864,54736,444
2023-02-11,Yuba,115,75493,19957,1865,21822,134
2023-02-10,Alameda,001,1643700,377121,22127,399248,2117
2023-02-10,Alpine,002,1148,139,4,143,0
2023-02-10,Amador,005,37829,10522,964,11486,98
2023-02-10,Butte,007,227075,41588,10194,51782,490
2023-02-10,Calaveras,009,45235,8957,638,9595,140
2023-02-10,Colusa,011,21464,3958,1344,5302,22
2023-02-10,Contra Costa,013,1133247,271228,22266,293494,1559
2023-02-10,Del Norte,015,27424,7907,466,8373,59
2023-02-10,El Dorado,017,186661,34433,4533,38966,245
2023-02-10,Fresno,019,978130,293638,34779,328417,2999
2023-02-10,Glenn,021,27897,5774,2005,7779,56
2023-02-10,Humboldt,023,135768,23322,5902,29224,170
2023-02-10,Imperial,025,180216,69742,18814,88556,979
2023-02-10,Inyo,027,18085,4756,1297,6053,63
2023-02-10,Kern,029,883053,229475,72439,301914,2483
2023-02-10,Kings,031,150075,62695,4463,67158,482
2023-02-10,Lake,033,64148,13597,1278,14875,161
2023-02-10,Lassen,035,31185,10252,1062,11314,65
2023-02-10,Los Angeles,037,10098052,3478771,216096,3694867,35466
2023-02-10,Madera,039,155013,46153,8842,54995,377
2023-02-10,Marin,041,260295,40310,5607,45917,260
2023-02-10,Mariposa,043,17540,3349,359,3708,31
2023-02-10,Mendocino,045,87422,16830,4819,21649,144
2023-02-10,Merced,047,269075,77025,12897,89922,903
2023-02-10,Modoc,049,8938,954,369,1323,11
2023-02-10,Mono,051,14174,3319,301,3620,8
2023-02-10,Monterey,053,433212,97781,23562,121343,802
2023-02-10,Napa,055,140530,34417,1515,35932,163
2023-02-10,Nevada,057,99092,20097,2298,22395,137
2023-02-10,Orange,059,3164182,710621,77211,787832,7983
2023-02-10,Placer,061,380077,80685,10312,90997,682
2023-02-10,Plumas,063,18699,3817,459,4276,15
2023-02-10,Riverside,065,2383286,732857,41019,773876,6817
2023-02-10,Sacramento,067,1510023,369393,37962,407355,3535
2023-02-10,San Benito,069,59416,17584,1125,18709,112
2023-02-10,San Bernardino,071,2135413,708359,34376,742735,8139
2023-02-10,San Diego,073,3302833,980951,80252,1061203,5796
2023-02-10,San Francisco,075,870044,194660,13222,207882,1175
2023-02-10,San Joaquin,077,732212,208938,16799,225737,2427
2023-02-10,San Luis Obispo,079,281455,66234,8095,74329,563
2023-02-10,San Mateo,081,765935,182270,11062,193332,747
2023-02-10,Santa Barbara,083,443738,111705,7680,119385,760
2023-02-10,Santa Clara,085,1922200,472995,21058,494053,2727
2023-02-10,Santa Cruz,087,273765,68062,3895,71957,276
2023-02-10,Shasta,089,179085,36453,8285,44738,612
2023-02-10,Sierra,091,2930,311,61,372,5
2023-02-10,Siskiyou,093,43540,5434,3437,8871,95
2023-02-10,Solano,095,438530,113189,8579,121768,475
2023-02-10,Sonoma,097,501317,113048,5745,118793,558
2023-02-10,Stanislaus,099,539301,144507,22946,167453,1842
2023-02-10,Sutter,101,95872,25621,2537,28158,240
2023-02-10,Tehama,103,63373,14432,3400,17832,234
2023-02-10,Trinity,105,12862,1472,504,1976,24
2023-02-10,Tulare,107,460477,127976,40277,168253,1588
2023-02-10,Tuolumne,109,53932,16820,983,17803,211
2023-02-10,Ventura,111,848112,220271,18025,238296,1676
2023-02-10,Yolo,113,214977,49867,4858,54725,444
2023-02-10,Yuba,115,75493,19955,1864,21819,134
2023-02-09,Alameda,001,1643700,376947,22115,399062,2117
2023-02-09,Alpine,002,1148,139,4,143,0
2023-02-09,Amador,005,37829,10517,964,11481,98
2023-02-09,Butte,007,227075,41576,10185,51761,489
2023-02-09,Calaveras,009,45235,8956,638,9594,140
2023-02-09,Colusa,011,21464,3958,1344,5302,22
2023-02-09,Contra Costa,013,1133247,271127,22259,293386,1559
2023-02-09,Del Norte,015,27424,7904,466,8370,59
2023-02-09,El Dorado,017,186661,34428,4532,38960,245
2023-02-09,Fresno,019,978130,293581,34766,328347,2998
2023-02-09,Glenn,021,27897,5772,2003,7775,56
2023-02-09,Humboldt,023,135768,23317,5899,29216,170
2023-02-09,Imperial,025,180216,69726,18807,88533,979
2023-02-09,Inyo,027,18085,4755,1295,6050,63
2023-02-09,Kern,029,883053,229418,72389,301807,2483
2023-02-09,Kings,031,150075,62674,4462,67136,482
2023-02-09,Lake,033,64148,13595,1278,14873,161
2023-02-09,Lassen,035,31185,10251,1062,11313,65
2023-02-09,Los Angeles,037,10098052,3477953,215893,3693846,35453
2023-02-09,Madera,039,155013,46137,8833,54970,377
2023-02-09,Marin,041,260295,40289,5607,45896,260
2023-02-09,Mariposa,043,17540,3349,359,3708,31
2023-02-09,Mendocino,045,87422,16825,4819,21644,144
2023-02-09,Merced,047,269075,77007,12894,89901,903
2023-02-09,Modoc,049,8938,954,369,1323,11
2023-02-09,Mono,051,14174,3318,301,3619,8
2023-02-09,Monterey,053,433212,97747,23522,121269,802
2023-02-09,Napa,055,140530,34399,1514,35913,163
2023-02-09,Nevada,057,99092,20091,2296,22387,137
2023-02-09,Orange,059,3164182,710413,77144,787557,7982
2023-02-09,Placer,061,380077,80668,10310,90978,682
2023-02-09,Plumas,063,18699,3816,459,4275,15
2023-02-09,Riverside,065,2383286,732708,40990,773698,6816
2023-02-09,Sacramento,067,1510023,369264,37938,407202,3534
2023-02-09,San Benito,069,59416,17573,1125,18698,112
2023-02-09,San Bernardino,071,2135413,708226,34356,742582,8139
2023-02-09,San Diego,073,3302833,980678,80206,1060884,5796
2023-02-09,San Francisco,075,870044,194562,13209,207771,1175
2023-02-09,San Joaquin,077,732212,208873,16786,225659,2427
2023-02-09,San Luis Obispo,079,281455,66219,8092,74311,563
2023-02-09,San Mateo,081,765935,182193,11056,193249,747
2023-02-09,Santa Barbara,083,443738,111679,7671,119350,760
2023-02-09,Santa Clara,085,1922200,472770,21042,493812,2723
2023-02-09,Santa Cruz,087,273765,68001,3890,71891,276
2023-02-09,Shasta,089,179085,36450,8281,44731,612
2023-02-09,Sierra,091,2930,311,61,372,5
2023-02-09,Siskiyou,093,43540,5433,3437,8870,95
2023-02-09,Solano,095,438530,113151,8577,121728,475
2023-02-09,Sonoma,097,501317,113023,5743,118766,557
2023-02-09,Stanislaus,099,539301,144467,22932,167399,1842
2023-02-09,Sutter,101,95872,25617,2537,28154,240
2023-02-09,Tehama,103,63373,14429,3400,17829,233
2023-02-09,Trinity,105,12862,1472,504,1976,24
2023-02-09,Tulare,107,460477,127931,40250,168181,1588
2023-02-09,Tuolumne,109,53932,16816,983,17799,211
2023-02-09,Ventura,111,848112,220229,18015,238244,1676
2023-02-09,Yolo,113,214977,49852,4849,54701,444
2023-02-09,Yuba,115,75493,19951,1863,21814,134
2023-02-08,Alameda,001,1643700,376774,22103,398877,2117
2023-02-08,Alpine,002,1148,139,4,143,0
2023-02-08,Amador,005,37829,10512,964,11476,98
2023-02-08,Butte,007,227075,41563,10174,51737,489
2023-02-08,Calaveras,009,45235,8954,638,9592,140
2023-02-08,Colusa,011,21464,3957,1344,5301,22
2023-02-08,Contra Costa,013,1133247,271018,22251,293269,1559
2023-02-08,Del Norte,015,27424,7901,466,8367,59
2023-02-08,El Dorado,017,186661,34419,4531,38950,245
2023-02-08,Fresno,019,978130,293502,34742,328244,2998
2023-02-08,Glenn,021,27897,5771,2002,7773,56
2023-02-08,Humboldt,023,135768,23311,5896,29207,170
2023-02-08,Imperial,025,180216,69708,18805,88513,979
2023-02-08,Inyo,027,18085,4755,1293,6048,63
2023-02-08,Kern,029,883053,229377,72336,301713,2483
2023-02-08,Kings,031,150075,62654,4459,67113,482
2023-02-08,Lake,033,64148,13595,1277,14872,161
2023-02-08,Lassen,035,31185,10250,1062,11312,65
2023-02-08,Los Angeles,037,10098052,3477099,215686,3692785,35441
2023-02-08,Madera,039,155013,46129,8832,54961,377
2023-02-08,Marin,041,260295,40264,5605,45869,260
2023-02-08,Mariposa,043,17540,3347,359,3706,31
2023-02-08,Mendocino,045,87422,16823,4819,21642,144
2023-02-08,Merced,047,269075,76982,12886,89868,903
2023-02-08,Modoc,049,8938,954,369,1323,11
2023-02-08,Mono,051,14174,3318,300,3618,8
2023-02-08,Monterey,053,433212,97716,23485,121201,802
2023-02-08,Napa,055,140530,34380,1514,35894,163
2023-02-08,Nevada,057,99092,20085,2294,22379,137
2023-02-08,Orange,059,3164182,710216,77075,787291,7980
2023-02-08,Placer,061,380077,80632,10308,90940,682
2023-02-08,Plumas,063,18699,3816,459,4275,15
2023-02-08,Riverside,065,2383286,732540,40967,773507,6815
2023-02-08,Sacramento,067,1510023,369154,37915,407069,3532
2023-02-08,San Benito,069,59416,17569,1123,18692,112
2023-02-08,San Bernardino,071,2135413,708084,34340,742424,8139
2023-02-08,San Diego,073,3302833,980370,80154,1060524,5795
2023-02-08,San Francisco,075,870044,194470,13205,207675,1175
2023-02-08,San Joaquin,077,732212,208786,16778,225564,2427
2023-02-08,San Luis Obispo,079,281455,66196,8087,74283,563
2023-02-08,San Mateo,081,765935,182122,11050,193172,747
2023-02-08,Santa Barbara,083,443738,111652,7666,119318,759
2023-02-08,Santa Clara,085,1922200,472576,21029,493605,2721
2023-02-08,Santa Cruz,087,273765,67975,3886,71861,276
2023-02-08,Shasta,089,179085,36447,8277,44724,612
2023-02-08,Sierra,091,2930,311,61,372,5
2023-02-08,Siskiyou,093,43540,5433,3437,8870,95
2023-02-08,Solano,095,438530,113101,8573,121674,475
2023-02-08,Sonoma,097,501317,112989,5742,118731,557
2023-02-08,Stanislaus,099,539301,144422,22918,167340,1842
2023-02-08,Sutter,101,95872,25609,2536,28145,240
2023-02-08,Tehama,103,63373,14428,3399,17827,233
2023-02-08,Trinity,105,12862,1472,504,1976,24
2023-02-08,Tulare,107,460477,127889,40229,168118,1586
2023-02-08,Tuolumne,109,53932,16808,983,17791,211
2023-02-08,Ventura,111,848112,220167,18008,238175,1674
2023-02-08,Yolo,113,214977,49848,4842,54690,444
2023-02-08,Yuba,115,75493,19942,1862,21804,134
2023-02-07,Alameda,001,1643700,376599,22092,398691,2117
2023-02-07,Alpine,002,1148,139,4,143,0
2023-02-07,Amador,005,37829,10510,964,11474,98
2023-02-07,Butte,007,227075,41546,10165,51711,489
2023-02-07,Calaveras,009,45235,8953,638,9591,140
2023-02-07,Colusa,011,21464,3954,1344,5298,22
2023-02-07,Contra Costa,013,1133247,270896,22240,293136,1559
2023-02-07,Del Norte,015,27424,7897,466,8363,59
2023-02-07,El Dorado,017,186661,34407,4528,38935,245
2023-02-07,Fresno,019,978130,293427,34723,328150,2997
2023-02-07,Glenn,021,27897,5770,2000,7770,56
2023-02-07,Humboldt,023,135768,23306,5893,29199,170
2023-02-07,Imperial,025,180216,69678,18800,88478,979
2023-02-07,Inyo,027,18085,4754,1290,6044,63
2023-02-07,Kern,029,883053,229325,72266,301591,2483
2023-02-07,Kings,031,150075,62642,4456,67098,482
2023-02-07,Lake,033,64148,13591,1277,14868,161
2023-02-07,Lassen,035,31185,10249,1062,11311,65
2023-02-07,Los Angeles,037,10098052,3476110,215472,3691582,35425
2023-02-07,Madera,039,155013,46117,8823,54940,377
2023-02-07,Marin,041,260295,40245,5604,45849,260
2023-02-07,Mariposa,043,17540,3346,359,3705,31
2023-02-07,Mendocino,045,87422,16818,4819,21637,143
2023-02-07,Merced,047,269075,76955,12880,89835,903
2023-02-07,Modoc,049,8938,954,369,1323,11
2023-02-07,Mono,051,14174,3318,300,3618,8
2023-02-07,Monterey,053,433212,97689,23449,121138,801
2023-02-07,Napa,055,140530,34369,1514,35883,163
2023-02-07,Nevada,057,99092,20077,2292,22369,137
2023-02-07,Orange,059,3164182,709967,77009,786976,7978
2023-02-07,Placer,061,380077,80601,10306,90907,682
2023-02-07,Plumas,063,18699,3816,459,4275,15
2023-02-07,Riverside,065,2383286,732371,40930,773301,6814
2023-02-07,Sacramento,067,1510023,369002,37892,406894,3531
2023-02-07,San Benito,069,59416,17562,1122,18684,112
2023-02-07,San Bernardino,071,2135413,707912,34314,742226,8139
2023-02-07,San Diego,073,3302833,980061,80106,1060167,5795
2023-02-07,San Francisco,075,870044,194382,13205,207587,1174
2023-02-07,San Joaquin,077,732212,208722,16762,225484,2427
2023-02-07,San Luis Obispo,079,281455,66176,8085,74261,563
2023-02-07,San Mateo,081,765935,182060,11048,193108,747
2023-02-07,Santa Barbara,083,443738,111627,7659,119286,759
2023-02-07,Santa Clara,085,1922200,472329,21015,493344,2721
2023-02-07,Santa Cruz,087,273765,67947,3882,71829,276
2023-02-07,Shasta,089,179085,36437,8271,44708,612
2023-02-07,Sierra,091,2930,311,61,372,5
2023-02-07,Siskiyou,093,43540,5431,3437,8868,95
2023-02-07,Solano,095,438530,113060,8569,121629,475
2023-02-07,Sonoma,097,501317,112947,5735,118682,557
2023-02-07,Stanislaus,099,539301,144373,22905,167278,1842
2023-02-07,Sutter,101,95872,25605,2536,28141,239
2023-02-07,Tehama,103,63373,14424,3398,17822,233
2023-02-07,Trinity,105,12862,1472,504,1976,24
2023-02-07,Tulare,107,460477,127849,40205,168054,1585
2023-02-07,Tuolumne,109,53932,16803,983,17786,211
2023-02-07,Ventura,111,848112,220117,17996,238113,1674
2023-02-07,Yolo,113,214977,49835,4842,54677,444
2023-02-07,Yuba,115,75493,19941,1859,21800,134
2023-02-06,Alameda,001,1643700,376392,22067,398459,2117
2023-02-06,Alpine,002,1148,139,4,143,0
2023-02-06,Amador,005,37829,10508,964,11472,98
2023-02-06,Butte,007,227075,41523,10159,51682,489
2023-02-06,Calaveras,009,45235,8949,638,9587,140
2023-02-06,Colusa,011,21464,3953,1344,5297,22
2023-02-06,Contra Costa,013,1133247,270787,22229,293016,1558
2023-02-06,Del Norte,015,27424,7894,466,8360,59
2023-02-06,El Dorado,017,186661,34393,4527,38920,245
2023-02-06,Fresno,019,978130,293346,34704,328050,2996
2023-02-06,Glenn,021,27897,5769,1999,7768,56
2023-02-06,Humboldt,023,135768,23299,5885,29184,170
2023-02-06,Imperial,025,180216,69649,18784,88433,979
2023-02-06,Inyo,027,18085,4751,1290,6041,63
2023-02-06,Kern,029,883053,229276,72208,301484,2482
2023-02-06,Kings,031,150075,62625,4454,67079,482
2023-02-06,Lake,033,64148,13586,1276,14862,161
2023-02-06,Lassen,035,31185,10249,1062,11311,65
2023-02-06,Los Angeles,037,10098052,3475155,215278,3690433,35415
2023-02-06,Madera,039,155013,46105,8821,54926,377
2023-02-06,Marin,041,260295,40223,5604,45827,260
2023-02-06,Mariposa,043,17540,3346,359,3705,31
2023-02-06,Mendocino,045,87422,16810,4819,21629,142
2023-02-06,Merced,047,269075,76927,12868,89795,903
2023-02-06,Modoc,049,8938,954,369,1323,11
2023-02-06,Mono,051,14174,3318,300,3618,8
2023-02-06,Monterey,053,433212,97647,23407,121054,800
2023-02-06,Napa,055,140530,34351,1513,35864,163
2023-02-06,Nevada,057,99092,20075,2288,22363,137
2023-02-06,Orange,059,3164182,709732,76922,786654,7977
2023-02-06,Placer,061,380077,80581,10304,90885,682
2023-02-06,Plumas,063,18699,3816,459,4275,15
2023-02-06,Riverside,065,2383286,732201,40885,773086,6813
2023-02-06,Sacramento,067,1510023,368878,37858,406736,3531
2023-02-06,San Benito,069,59416,17552,1121,18673,112
2023-02-06,San Bernardino,071,2135413,707756,34292,742048,8139
2023-02-06,San Diego,073,3302833,979661,80043,1059704,5795
2023-02-06,San Francisco,075,870044,194308,13192,207500,1173
2023-02-06,San Joaquin,077,732212,208653,16757,225410,2427
2023-02-06,San Luis Obispo,079,281455,66155,8083,74238,562
2023-02-06,San Mateo,081,765935,181972,11042,193014,747
2023-02-06,Santa Barbara,083,443738,111594,7649,119243,759
2023-02-06,Santa Clara,085,1922200,472119,20995,493114,2721
2023-02-06,Santa Cruz,087,273765,67929,3881,71810,276
2023-02-06,Shasta,089,179085,36432,8267,44699,612
2023-02-06,Sierra,091,2930,311,61,372,5
2023-02-06,Siskiyou,093,43540,5427,3436,8863,95
2023-02-06,Solano,095,438530,113007,8561,121568,475
2023-02-06,Sonoma,097,501317,112913,5727,118640,557
2023-02-06,Stanislaus,099,539301,144331,22892,167223,1841
2023-02-06,Sutter,101,95872,25600,2536,28136,239
2023-02-06,Tehama,103,63373,14421,3394,17815,233
2023-02-06,Trinity,105,12862,1472,504,1976,24
2023-02-06,Tulare,107,460477,127816,40180,167996,1585
2023-02-06,Tuolumne,109,53932,16799,983,17782,211
2023-02-06,Ventura,111,848112,220052,17980,238032,1671
2023-02-06,Yolo,113,214977,49815,4839,54654,444
2023-02-06,Yuba,115,75493,19934,1859,21793,134
2023-02-05,Alameda,001,1643700,376162,22051,398213,2117
2023-02-05,Alpine,002,1148,139,4,143,0
2023-02-05,Amador,005,37829,10507,964,11471,98
2023-02-05,Butte,007,227075,41501,10151,51652,489
2023-02-05,Calaveras,009,45235,8947,638,9585,140
2023-02-05,Colusa,011,21464,3950,1343,5293,22
2023-02-05,Contra Costa,013,1133247,270644,22220,292864,1557
2023-02-05,Del Norte,015,27424,7873,464,8337,59
2023-02-05,El Dorado,017,186661,34382,4524,38906,245
2023-02-05,Fresno,019,978130,293236,34676,327912,2996
2023-02-05,Glenn,021,27897,5768,1999,7767,56
2023-02-05,Humboldt,023,135768,23291,5876,29167,169
2023-02-05,Imperial,025,180216,69626,18765,88391,979
2023-02-05,Inyo,027,18085,4749,1287,6036,63
2023-02-05,Kern,029,883053,229219,72132,301351,2482
2023-02-05,Kings,031,150075,62600,4453,67053,482
2023-02-05,Lake,033,64148,13577,1276,14853,161
2023-02-05,Lassen,035,31185,10247,1062,11309,65
2023-02-05,Los Angeles,037,10098052,3474019,215052,3689071,35402
2023-02-05,Madera,039,155013,46096,8815,54911,377
2023-02-05,Marin,041,260295,40196,5604,45800,260
2023-02-05,Mariposa,043,17540,3346,359,3705,31
2023-02-05,Mendocino,045,87422,16805,4816,21621,142
2023-02-05,Merced,047,269075,76898,12859,89757,903
2023-02-05,Modoc,049,8938,953,369,1322,11
2023-02-05,Mono,051,14174,3318,300,3618,8
2023-02-05,Monterey,053,433212,97612,23363,120975,799
2023-02-05,Napa,055,140530,34323,1512,35835,163
2023-02-05,Nevada,057,99092,20068,2284,22352,137
2023-02-05,Orange,059,3164182,709493,76843,786336,7971
2023-02-05,Placer,061,380077,80553,10303,90856,682
2023-02-05,Plumas,063,18699,3816,459,4275,15
2023-02-05,Riverside,065,2383286,731991,40852,772843,6812
2023-02-05,Sacramento,067,1510023,368716,37828,406544,3531
2023-02-05,San Benito,069,59416,17543,1120,18663,112
2023-02-05,San Bernardino,071,2135413,707549,34270,741819,8139
2023-02-05,San Diego,073,3302833,979273,79965,1059238,5793
2023-02-05,San Francisco,075,870044,194201,13180,207381,1172
2023-02-05,San Joaquin,077,732212,208550,16747,225297,2427
2023-02-05,San Luis Obispo,079,281455,66122,8077,74199,562
2023-02-05,San Mateo,081,765935,181874,11034,192908,747
2023-02-05,Santa Barbara,083,443738,111553,7644,119197,759
2023-02-05,Santa Clara,085,1922200,471866,20968,492834,2719
2023-02-05,Santa Cruz,087,273765,67885,3872,71757,276
2023-02-05,Shasta,089,179085,36431,8265,44696,612
2023-02-05,Sierra,091,2930,311,61,372,5
2023-02-05,Siskiyou,093,43540,5426,3435,8861,95
2023-02-05,Solano,095,438530,112931,8556,121487,475
2023-02-05,Sonoma,097,501317,112870,5724,118594,557
2023-02-05,Stanislaus,099,539301,144279,22860,167139,1841
2023-02-05,Sutter,101,95872,25586,2536,28122,239
2023-02-05,Tehama,103,63373,14417,3393,17810,233
2023-02-05,Trinity,105,12862,1472,504,1976,24
2023-02-05,Tulare,107,460477,127759,40148,167907,1585
2023-02-05,Tuolumne,109,53932,16794,983,17777,211
2023-02-05,Ventura,111,848112,219989,17965,237954,1671
2023-02-05,Yolo,113,214977,49794,4837,54631,443
2023-02-05,Yuba,115,75493,19926,1856,21782,134
2023-02-04,Alameda,001,1643700,376043,22043,398086,2117
2023-02-04,Alpine,002,1148,139,4,143,0
2023-02-04,Amador,005,37829,10500,964,11464,98
2023-02-04,Butte,007,227075,41492,10144,51636,489
2023-02-04,Calaveras,009,45235,8946,638,9584,140
2023-02-04,Colusa,011,21464,3950,1342,5292,22
2023-02-04,Contra Costa,013,1133247,270572,22219,292791,1557
2023-02-04,Del Norte,015,27424,7872,463,8335,59
2023-02-04,El Dorado,017,186661,34376,4524,38900,245
2023-02-04,Fresno,019,978130,293184,34673,327857,2995
2023-02-04,Glenn,021,27897,5766,1999,7765,56
2023-02-04,Humboldt,023,135768,23288,5876,29164,169
2023-02-04,Imperial,025,180216,69614,18765,88379,979
2023-02-04,Inyo,027,18085,4749,1287,6036,63
2023-02-04,Kern,029,883053,229187,72099,301286,2482
2023-02-04,Kings,031,150075,62592,4453,67045,482
2023-02-04,Lake,033,64148,13574,1276,14850,161
2023-02-04,Lassen,035,31185,10247,1062,11309,65
2023-02-04,Los Angeles,037,10098052,3473404,214930,3688334,35389
2023-02-04,Madera,039,155013,46090,8815,54905,377
2023-02-04,Marin,041,260295,40182,5602,45784,260
2023-02-04,Mariposa,043,17540,3346,359,3705,31
2023-02-04,Mendocino,045,87422,16805,4816,21621,142
2023-02-04,Merced,047,269075,76878,12859,89737,903
2023-02-04,Modoc,049,8938,953,369,1322,11
2023-02-04,Mono,051,14174,3318,300,3618,8
2023-02-04,Monterey,053,433212,97590,23340,120930,799
2023-02-04,Napa,055,140530,34313,1512,35825,163
2023-02-04,Nevada,057,99092,20065,2284,22349,137
2023-02-04,Orange,059,3164182,709373,76805,786178,7969
2023-02-04,Placer,061,380077,80535,10302,90837,682
2023-02-04,Plumas,063,18699,3815,458,4273,15
2023-02-04,Riverside,065,2383286,731870,40838,772708,6812
2023-02-04,Sacramento,067,1510023,368647,37825,406472,3528
2023-02-04,San Benito,069,59416,17536,1120,18656,112
2023-02-04,San Bernardino,071,2135413,707413,34258,741671,8139
2023-02-04,San Diego,073,3302833,979110,79937,1059047,5792
2023-02-04,San Francisco,075,870044,194142,13175,207317,1172
2023-02-04,San Joaquin,077,732212,208503,16735,225238,2427
2023-02-04,San Luis Obispo,079,281455,66117,8071,74188,562
2023-02-04,San Mateo,081,765935,181809,11031,192840,747
2023-02-04,Santa Barbara,083,443738,111528,7641,119169,759
2023-02-04,Santa Clara,085,1922200,471745,20958,492703,2717
2023-02-04,Santa Cruz,087,273765,67870,3871,71741,276
2023-02-04,Shasta,089,179085,36429,8262,44691,612
2023-02-04,Sierra,091,2930,311,61,372,5
2023-02-04,Siskiyou,093,43540,5424,3435,8859,95
2023-02-04,Solano,095,438530,112908,8551,121459,475
2023-02-04,Sonoma,097,501317,112842,5724,118566,556
2023-02-04,Stanislaus,099,539301,144250,22850,167100,1840
2023-02-04,Sutter,101,95872,25582,2536,28118,239
2023-02-04,Tehama,103,63373,14415,3392,17807,233
2023-02-04,Trinity,105,12862,1472,504,1976,24
2023-02-04,Tulare,107,460477,127737,40134,167871,1585
2023-02-04,Tuolumne,109,53932,16782,982,17764,211
2023-02-04,Ventura,111,848112,219950,17958,237908,1671
2023-02-04,Yolo,113,214977,49787,4833,54620,443
2023-02-04,Yuba,115,75493,19923,1855,21778,134
2023-02-03,Alameda,001,1643700,375940,22033,397973,2115
2023-02-03,Alpine,002,1148,139,4,143,0
2023-02-03,Amador,005,37829,10499,964,11463,98
2023-02-03,Butte,007,227075,41486,10139,51625,489
2023-02-03,Calaveras,009,45235,8945,638,9583,140
2023-02-03,Colusa,011,21464,3950,1342,5292,22
2023-02-03,Contra Costa,013,1133247,270506,22216,292722,1557
2023-02-03,Del Norte,015,27424,7872,463,8335,59
2023-02-03,El Dorado,017,186661,34372,4523,38895,245
2023-02-03,Fresno,019,978130,293125,34671,327796,2994
2023-02-03,Glenn,021,27897,5766,1999,7765,56
2023-02-03,Humboldt,023,135768,23283,5875,29158,169
2023-02-03,Imperial,025,180216,69598,18760,88358,979
2023-02-03,Inyo,027,18085,4748,1285,6033,63
2023-02-03,Kern,029,883053,229156,72056,301212,2482
2023-02-03,Kings,031,150075,62583,4453,67036,482
2023-02-03,Lake,033,64148,13571,1276,14847,161
2023-02-03,Lassen,035,31185,10246,1062,11308,65
2023-02-03,Los Angeles,037,10098052,3472838,214794,3687632,35378
2023-02-03,Madera,039,155013,46082,8815,54897,377
2023-02-03,Marin,041,260295,40167,5601,45768,260
2023-02-03,Mariposa,043,17540,3346,359,3705,31
2023-02-03,Mendocino,045,87422,16799,4816,21615,142
2023-02-03,Merced,047,269075,76860,12859,89719,903
2023-02-03,Modoc,049,8938,953,369,1322,11
2023-02-03,Mono,051,14174,3318,300,3618,8
2023-02-03,Monterey,053,433212,97559,23322,120881,799
2023-02-03,Napa,055,140530,34300,1512,35812,163
2023-02-03,Nevada,057,99092,20062,2283,22345,137
2023-02-03,Orange,059,3164182,709214,76771,785985,7966
2023-02-03,Placer,061,380077,80512,10299,90811,682
2023-02-03,Plumas,063,18699,3815,458,4273,15
2023-02-03,Riverside,065,2383286,731745,40826,772571,6812
2023-02-03,Sacramento,067,1510023,368570,37818,406388,3528
2023-02-03,San Benito,069,59416,17529,1120,18649,112
2023-02-03,San Bernardino,071,2135413,707298,34239,741537,8139
2023-02-03,San Diego,073,3302833,978929,79912,1058841,5790
2023-02-03,San Francisco,075,870044,194101,13167,207268,1171
2023-02-03,San Joaquin,077,732212,208459,16730,225189,2427
2023-02-03,San Luis Obispo,079,281455,66109,8071,74180,562
2023-02-03,San Mateo,081,765935,181746,11028,192774,747
2023-02-03,Santa Barbara,083,443738,111506,7641,119147,759
2023-02-03,Santa Clara,085,1922200,471618,20953,492571,2715
2023-02-03,Santa Cruz,087,273765,67836,3866,71702,276
2023-02-03,Shasta,089,179085,36426,8261,44687,612
2023-02-03,Sierra,091,2930,311,61,372,5
2023-02-03,Siskiyou,093,43540,5423,3435,8858,95
2023-02-03,Solano,095,438530,112891,8551,121442,475
2023-02-03,Sonoma,097,501317,112813,5721,118534,556
2023-02-03,Stanislaus,099,539301,144209,22847,167056,1840
2023-02-03,Sutter,101,95872,25577,2535,28112,239
2023-02-03,Tehama,103,63373,14414,3391,17805,233
2023-02-03,Trinity,105,12862,1472,504,1976,24
2023-02-03,Tulare,107,460477,127711,40120,167831,1585
2023-02-03,Tuolumne,109,53932,16775,982,17757,211
2023-02-03,Ventura,111,848112,219917,17951,237868,1671
2023-02-03,Yolo,113,214977,49778,4832,54610,443
2023-02-03,Yuba,115,75493,19920,1855,21775,134
2023-02-02,Alameda,001,1643700,375761,22019,397780,2114
2023-02-02,Alpine,002,1148,139,4,143,0
2023-02-02,Amador,005,37829,10494,962,11456,98
2023-02-02,Butte,007,227075,41476,10131,51607,489
2023-02-02,Calaveras,009,45235,8945,638,9583,140
2023-02-02,Colusa,011,21464,3949,1342,5291,22
2023-02-02,Contra Costa,013,1133247,270400,22209,292609,1556
2023-02-02,Del Norte,015,27424,7865,462,8327,59
2023-02-02,El Dorado,017,186661,34359,4521,38880,245
2023-02-02,Fresno,019,978130,293061,34654,327715,2993
2023-02-02,Glenn,021,27897,5764,1999,7763,56
2023-02-02,Humboldt,023,135768,23268,5867,29135,169
2023-02-02,Imperial,025,180216,69582,18753,88335,978
2023-02-02,Inyo,027,18085,4747,1282,6029,63
2023-02-02,Kern,029,883053,229106,72002,301108,2482
2023-02-02,Kings,031,150075,62561,4450,67011,482
2023-02-02,Lake,033,64148,13568,1275,14843,161
2023-02-02,Lassen,035,31185,10243,1062,11305,65
2023-02-02,Los Angeles,037,10098052,3472048,214635,3686683,35367
2023-02-02,Madera,039,155013,46071,8814,54885,377
2023-02-02,Marin,041,260295,40143,5597,45740,260
2023-02-02,Mariposa,043,17540,3345,359,3704,31
2023-02-02,Mendocino,045,87422,16795,4813,21608,142
2023-02-02,Merced,047,269075,76839,12852,89691,903
2023-02-02,Modoc,049,8938,953,369,1322,11
2023-02-02,Mono,051,14174,3317,300,3617,8
2023-02-02,Monterey,053,433212,97519,23282,120801,799
2023-02-02,Napa,055,140530,34291,1512,35803,163
2023-02-02,Nevada,057,99092,20055,2282,22337,137
2023-02-02,Orange,059,3164182,709025,76712,785737,7961
2023-02-02,Placer,061,380077,80490,10298,90788,682
2023-02-02,Plumas,063,18699,3815,458,4273,15
2023-02-02,Riverside,065,2383286,731620,40802,772422,6812
2023-02-02,Sacramento,067,1510023,368463,37800,406263,3528
2023-02-02,San Benito,069,59416,17522,1117,18639,112
2023-02-02,San Bernardino,071,2135413,707155,34225,741380,8139
2023-02-02,San Diego,073,3302833,978687,79868,1058555,5790
2023-02-02,San Francisco,075,870044,194006,13149,207155,1170
2023-02-02,San Joaquin,077,732212,208399,16725,225124,2427
2023-02-02,San Luis Obispo,079,281455,66074,8065,74139,562
2023-02-02,San Mateo,081,765935,181686,11017,192703,747
2023-02-02,Santa Barbara,083,443738,111466,7630,119096,759
2023-02-02,Santa Clara,085,1922200,471430,20939,492369,2715
2023-02-02,Santa Cruz,087,273765,67810,3862,71672,276
2023-02-02,Shasta,089,179085,36424,8261,44685,612
2023-02-02,Sierra,091,2930,311,61,372,5
2023-02-02,Siskiyou,093,43540,5421,3434,8855,95
2023-02-02,Solano,095,438530,112848,8544,121392,475
2023-02-02,Sonoma,097,501317,112775,5718,118493,556
2023-02-02,Stanislaus,099,539301,144175,22828,167003,1840
2023-02-02,Sutter,101,95872,25566,2534,28100,239
2023-02-02,Tehama,103,63373,14412,3391,17803,233
2023-02-02,Trinity,105,12862,1472,504,1976,24
2023-02-02,Tulare,107,460477,127670,40106,167776,1585
2023-02-02,Tuolumne,109,53932,16772,982,17754,211
2023-02-02,Ventura,111,848112,219881,17942,237823,1671
2023-02-02,Yolo,113,214977,49768,4827,54595,443
2023-02-02,Yuba,115,75493,19919,1854,21773,134
2023-02-01,Alameda,001,1643700,375594,22013,397607,2113
2023-02-01,Alpine,002,1148,139,4,143,0
2023-02-01,Amador,005,37829,10491,962,11453,98
2023-02-01,Butte,007,227075,41468,10123,51591,489
2023-02-01,Calaveras,009,45235,8939,638,9577,140
2023-02-01,Colusa,011,21464,3949,1341,5290,22
2023-02-01,Contra Costa,013,1133247,270309,22199,292508,1556
2023-02-01,Del Norte,015,27424,7858,460,8318,59
2023-02-01,El Dorado,017,186661,34352,4520,38872,245
2023-02-01,Fresno,019,978130,292991,34634,327625,2993
2023-02-01,Glenn,021,27897,5762,1998,7760,56
2023-02-01,Humboldt,023,135768,23261,5860,29121,169
2023-02-01,Imperial,025,180216,69566,18739,88305,978
2023-02-01,Inyo,027,18085,4746,1278,6024,63
2023-02-01,Kern,029,883053,229043,71930,300973,2482
2023-02-01,Kings,031,150075,62545,4449,66994,482
2023-02-01,Lake,033,64148,13566,1274,14840,160
2023-02-01,Lassen,035,31185,10243,1061,11304,65
2023-02-01,Los Angeles,037,10098052,3471200,214454,3685654,35354
2023-02-01,Madera,039,155013,46066,8812,54878,376
2023-02-01,Marin,041,260295,40123,5593,45716,260
2023-02-01,Mariposa,043,17540,3345,359,3704,31
2023-02-01,Mendocino,045,87422,16790,4812,21602,142
2023-02-01,Merced,047,269075,76814,12844,89658,903
2023-02-01,Modoc,049,8938,953,369,1322,11
2023-02-01,Mono,051,14174,3317,300,3617,8
2023-02-01,Monterey,053,433212,97487,23231,120718,799
2023-02-01,Napa,055,140530,34277,1510,35787,163
2023-02-01,Nevada,057,99092,20051,2282,22333,137
2023-02-01,Orange,059,3164182,708819,76649,785468,7960
2023-02-01,Placer,061,380077,80473,10296,90769,682
2023-02-01,Plumas,063,18699,3815,458,4273,15
2023-02-01,Riverside,065,2383286,731435,40775,772210,6811
2023-02-01,Sacramento,067,1510023,368359,37779,406138,3527
2023-02-01,San Benito,069,59416,17514,1116,18630,112
2023-02-01,San Bernardino,071,2135413,707028,34203,741231,8139
2023-02-01,San Diego,073,3302833,978439,79807,1058246,5787
2023-02-01,San Francisco,075,870044,193922,13144,207066,1170
2023-02-01,San Joaquin,077,732212,208330,16719,225049,2427
2023-02-01,San Luis Obispo,079,281455,66052,8061,74113,562
2023-02-01,San Mateo,081,765935,181590,11008,192598,747
2023-02-01,Santa Barbara,083,443738,111430,7621,119051,759
2023-02-01,Santa Clara,085,1922200,471236,20928,492164,2715
2023-02-01,Santa Cruz,087,273765,67745,3860,71605,276
2023-02-01,Shasta,089,179085,36417,8259,44676,612
2023-02-01,Sierra,091,2930,311,61,372,5
2023-02-01,Siskiyou,093,43540,5420,3434,8854,95
2023-02-01,Solano,095,438530,112802,8539,121341,475
2023-02-01,Sonoma,097,501317,112724,5715,118439,556
2023-02-01,Stanislaus,099,539301,144138,22820,166958,1840
2023-02-01,Sutter,101,95872,25562,2534,28096,239
2023-02-01,Tehama,103,63373,14409,3390,17799,233
2023-02-01,Trinity,105,12862,1471,504,1975,24
2023-02-01,Tulare,107,460477,127628,40086,167714,1584
2023-02-01,Tuolumne,109,53932,16769,982,17751,211
2023-02-01,Ventura,111,848112,219830,17930,237760,1670
2023-02-01,Yolo,113,214977,49755,4825,54580,443
2023-02-01,Yuba,115,75493,19916,1850,21766,134
2023-01-31,Alameda,001,1643700,375438,22001,397439,2113
2023-01-31,Alpine,002,1148,139,4,143,0
2023-01-31,Amador,005,37829,10488,961,11449,98
2023-01-31,Butte,007,227075,41448,10117,51565,489
2023-01-31,Calaveras,009,45235,8938,638,9576,140
2023-01-31,Colusa,011,21464,3948,1341,5289,22
2023-01-31,Contra Costa,013,1133247,270180,22189,292369,1556
2023-01-31,Del Norte,015,27424,7846,457,8303,59
2023-01-31,El Dorado,017,186661,34344,4516,38860,245
2023-01-31,Fresno,019,978130,292908,34614,327522,2993
2023-01-31,Glenn,021,27897,5760,1997,7757,56
2023-01-31,Humboldt,023,135768,23251,5857,29108,169
2023-01-31,Imperial,025,180216,69540,18732,88272,978
2023-01-31,Inyo,027,18085,4744,1274,6018,63
2023-01-31,Kern,029,883053,229005,71852,300857,2482
2023-01-31,Kings,031,150075,62522,4446,66968,482
2023-01-31,Lake,033,64148,13563,1273,14836,160
2023-01-31,Lassen,035,31185,10243,1061,11304,65
2023-01-31,Los Angeles,037,10098052,3470302,214251,3684553,35341
2023-01-31,Madera,039,155013,46058,8809,54867,376
2023-01-31,Marin,041,260295,40104,5591,45695,260
2023-01-31,Mariposa,043,17540,3343,359,3702,31
2023-01-31,Mendocino,045,87422,16786,4812,21598,142
2023-01-31,Merced,047,269075,76786,12842,89628,903
2023-01-31,Modoc,049,8938,953,368,1321,11
2023-01-31,Mono,051,14174,3316,300,3616,8
2023-01-31,Monterey,053,433212,97448,23187,120635,799
2023-01-31,Napa,055,140530,34257,1510,35767,163
2023-01-31,Nevada,057,99092,20047,2279,22326,137
2023-01-31,Orange,059,3164182,708626,76573,785199,7957
2023-01-31,Placer,061,380077,80447,10293,90740,682
2023-01-31,Plumas,063,18699,3814,458,4272,15
2023-01-31,Riverside,065,2383286,731267,40738,772005,6808
2023-01-31,Sacramento,067,1510023,368260,37757,406017,3527
2023-01-31,San Benito,069,59416,17508,1116,18624,112
2023-01-31,San Bernardino,071,2135413,706830,34180,741010,8139
2023-01-31,San Diego,073,3302833,978130,79744,1057874,5787
2023-01-31,San Francisco,075,870044,193820,13141,206961,1170
2023-01-31,San Joaquin,077,732212,208268,16715,224983,2427
2023-01-31,San Luis Obispo,079,281455,66023,8059,74082,562
2023-01-31,San Mateo,081,765935,181523,11005,192528,747
2023-01-31,Santa Barbara,083,443738,111388,7611,118999,759
2023-01-31,Santa Clara,085,1922200,471029,20906,491935,2713
2023-01-31,Santa Cruz,087,273765,67714,3858,71572,276
2023-01-31,Shasta,089,179085,36414,8256,44670,612
2023-01-31,Sierra,091,2930,311,61,372,5
2023-01-31,Siskiyou,093,43540,5419,3433,8852,95
2023-01-31,Solano,095,438530,112761,8533,121294,475
2023-01-31,Sonoma,097,501317,112685,5712,118397,555
2023-01-31,Stanislaus,099,539301,144094,22810,166904,1840
2023-01-31,Sutter,101,95872,25553,2534,28087,239
2023-01-31,Tehama,103,63373,14408,3388,17796,233
2023-01-31,Trinity,105,12862,1471,503,1974,24
2023-01-31,Tulare,107,460477,127580,40060,167640,1583
2023-01-31,Tuolumne,109,53932,16758,982,17740,211
2023-01-31,Ventura,111,848112,219775,17927,237702,1670
2023-01-31,Yolo,113,214977,49744,4822,54566,443
2023-01-31,Yuba,115,75493,19913,1850,21763,134
2023-01-30,Alameda,001,1643700,375283,21976,397259,2113
2023-01-30,Alpine,002,1148,139,4,143,0
2023-01-30,Amador,005,37829,10479,961,11440,98
2023-01-30,Butte,007,227075,41439,10113,51552,489
2023-01-30,Calaveras,009,45235,8935,636,9571,140
2023-01-30,Colusa,011,21464,3947,1341,5288,22
2023-01-30,Contra Costa,013,1133247,270072,22184,292256,1556
2023-01-30,Del Norte,015,27424,7836,454,8290,59
2023-01-30,El Dorado,017,186661,34334,4512,38846,245
2023-01-30,Fresno,019,978130,292832,34588,327420,2992
2023-01-30,Glenn,021,27897,5759,1997,7756,56
2023-01-30,Humboldt,023,135768,23243,5855,29098,169
2023-01-30,Imperial,025,180216,69525,18718,88243,978
2023-01-30,Inyo,027,18085,4742,1272,6014,63
2023-01-30,Kern,029,883053,228951,71782,300733,2480
2023-01-30,Kings,031,150075,62498,4438,66936,482
2023-01-30,Lake,033,64148,13561,1272,14833,160
2023-01-30,Lassen,035,31185,10243,1061,11304,65
2023-01-30,Los Angeles,037,10098052,3469248,214045,3683293,35326
2023-01-30,Madera,039,155013,46050,8808,54858,376
2023-01-30,Marin,041,260295,40079,5589,45668,260
2023-01-30,Mariposa,043,17540,3343,359,3702,31
2023-01-30,Mendocino,045,87422,16779,4811,21590,142
2023-01-30,Merced,047,269075,76761,12836,89597,903
2023-01-30,Modoc,049,8938,952,368,1320,11
2023-01-30,Mono,051,14174,3314,300,3614,8
2023-01-30,Monterey,053,433212,97420,23155,120575,797
2023-01-30,Napa,055,140530,34241,1508,35749,163
2023-01-30,Nevada,057,99092,20043,2277,22320,137
2023-01-30,Orange,059,3164182,708416,76507,784923,7953
2023-01-30,Placer,061,380077,80417,10289,90706,682
2023-01-30,Plumas,063,18699,3814,458,4272,14
2023-01-30,Riverside,065,2383286,731073,40707,771780,6808
2023-01-30,Sacramento,067,1510023,368146,37742,405888,3526
2023-01-30,San Benito,069,59416,17502,1112,18614,112
2023-01-30,San Bernardino,071,2135413,706675,34152,740827,8139
2023-01-30,San Diego,073,3302833,977788,79669,1057457,5786
2023-01-30,San Francisco,075,870044,193735,13128,206863,1170
2023-01-30,San Joaquin,077,732212,208218,16709,224927,2426
2023-01-30,San Luis Obispo,079,281455,66005,8053,74058,561
2023-01-30,San Mateo,081,765935,181442,11001,192443,747
2023-01-30,Santa Barbara,083,443738,111355,7605,118960,758
2023-01-30,Santa Clara,085,1922200,470818,20901,491719,2711
2023-01-30,Santa Cruz,087,273765,67697,3854,71551,276
2023-01-30,Shasta,089,179085,36408,8252,44660,612
2023-01-30,Sierra,091,2930,311,61,372,5
2023-01-30,Siskiyou,093,43540,5416,3431,8847,95
2023-01-30,Solano,095,438530,112719,8527,121246,475
2023-01-30,Sonoma,097,501317,112645,5710,118355,554
2023-01-30,Stanislaus,099,539301,144054,22807,166861,1840
2023-01-30,Sutter,101,95872,25550,2534,28084,239
2023-01-30,Tehama,103,63373,14404,3388,17792,233
2023-01-30,Trinity,105,12862,1471,503,1974,24
2023-01-30,Tulare,107,460477,127544,40027,167571,1583
2023-01-30,Tuolumne,109,53932,16751,981,17732,211
2023-01-30,Ventura,111,848112,219726,17916,237642,1670
2023-01-30,Yolo,113,214977,49736,4816,54552,443
2023-01-30,Yuba,115,75493,19912,1849,21761,134
2023-01-29,Alameda,001,1643700,375131,21962,397093,2113
2023-01-29,Alpine,002,1148,139,4,143,0
2023-01-29,Amador,005,37829,10475,961,11436,98
2023-01-29,Butte,007,227075,41429,10106,51535,489
2023-01-29,Calaveras,009,45235,8932,636,9568,140
2023-01-29,Colusa,011,21464,3944,1340,5284,22
2023-01-29,Contra Costa,013,1133247,269947,22176,292123,1554
2023-01-29,Del Norte,015,27424,7826,454,8280,59
2023-01-29,El Dorado,017,186661,34324,4510,38834,245
2023-01-29,Fresno,019,978130,292757,34563,327320,2992
2023-01-29,Glenn,021,27897,5759,1997,7756,56
2023-01-29,Humboldt,023,135768,23238,5845,29083,169
2023-01-29,Imperial,025,180216,69503,18702,88205,977
2023-01-29,Inyo,027,18085,4739,1272,6011,63
2023-01-29,Kern,029,883053,228894,71723,300617,2480
2023-01-29,Kings,031,150075,62471,4425,66896,482
2023-01-29,Lake,033,64148,13556,1271,14827,159
2023-01-29,Lassen,035,31185,10243,1061,11304,65
2023-01-29,Los Angeles,037,10098052,3468110,213854,3681964,35314
2023-01-29,Madera,039,155013,46043,8806,54849,376
2023-01-29,Marin,041,260295,40060,5587,45647,260
2023-01-29,Mariposa,043,17540,3342,359,3701,31
2023-01-29,Mendocino,045,87422,16773,4802,21575,142
2023-01-29,Merced,047,269075,76734,12826,89560,903
2023-01-29,Modoc,049,8938,952,368,1320,11
2023-01-29,Mono,051,14174,3313,300,3613,8
2023-01-29,Monterey,053,433212,97395,23108,120503,796
2023-01-29,Napa,055,140530,34223,1508,35731,163
2023-01-29,Nevada,057,99092,20039,2275,22314,137
2023-01-29,Orange,059,3164182,708187,76427,784614,7951
2023-01-29,Placer,061,380077,80388,10284,90672,682
2023-01-29,Plumas,063,18699,3814,458,4272,14
2023-01-29,Riverside,065,2383286,730862,40665,771527,6808
2023-01-29,Sacramento,067,1510023,368032,37710,405742,3526
2023-01-29,San Benito,069,59416,17495,1112,18607,112
2023-01-29,San Bernardino,071,2135413,706501,34128,740629,8139
2023-01-29,San Diego,073,3302833,977439,79609,1057048,5784
2023-01-29,San Francisco,075,870044,193644,13120,206764,1170
2023-01-29,San Joaquin,077,732212,208154,16702,224856,2426
2023-01-29,San Luis Obispo,079,281455,65974,8052,74026,561
2023-01-29,San Mateo,081,765935,181365,10998,192363,747
2023-01-29,Santa Barbara,083,443738,111317,7597,118914,758
2023-01-29,Santa Clara,085,1922200,470612,20887,491499,2711
2023-01-29,Santa Cruz,087,273765,67667,3852,71519,276
2023-01-29,Shasta,089,179085,36406,8251,44657,612
2023-01-29,Sierra,091,2930,311,61,372,5
2023-01-29,Siskiyou,093,43540,5413,3427,8840,95
2023-01-29,Solano,095,438530,112671,8524,121195,475
2023-01-29,Sonoma,097,501317,112625,5705,118330,554
2023-01-29,Stanislaus,099,539301,144013,22793,166806,1840
2023-01-29,Sutter,101,95872,25540,2531,28071,239
2023-01-29,Tehama,103,63373,14403,3387,17790,233
2023-01-29,Trinity,105,12862,1464,503,1967,24
2023-01-29,Tulare,107,460477,127494,39985,167479,1582
2023-01-29,Tuolumne,109,53932,16748,981,17729,211
2023-01-29,Ventura,111,848112,219663,17904,237567,1669
2023-01-29,Yolo,113,214977,49717,4814,54531,443
2023-01-29,Yuba,115,75493,19908,1847,21755,134
2023-01-28,Alameda,001,1643700,375051,21951,397002,2113
2023-01-28,Alpine,002,1148,139,4,143,0
2023-01-28,Amador,005,37829,10474,961,11435,98
2023-01-28,Butte,007,227075,41422,10101,51523,489
2023-01-28,Calaveras,009,45235,8929,636,9565,140
2023-01-28,Colusa,011,21464,3944,1340,5284,22
2023-01-28,Contra Costa,013,1133247,269881,22173,292054,1554
2023-01-28,Del Norte,015,27424,7825,454,8279,59
2023-01-28,El Dorado,017,186661,34318,4510,38828,245
2023-01-28,Fresno,019,978130,292715,34556,327271,2991
2023-01-28,Glenn,021,27897,5758,1997,7755,56
2023-01-28,Humboldt,023,135768,23237,5843,29080,169
2023-01-28,Imperial,025,180216,69492,18700,88192,977
2023-01-28,Inyo,027,18085,4739,1271,6010,63
2023-01-28,Kern,029,883053,228868,71688,300556,2479
2023-01-28,Kings,031,150075,62458,4425,66883,482
2023-01-28,Lake,033,64148,13554,1270,14824,159
2023-01-28,Lassen,035,31185,10243,1061,11304,65
2023-01-28,Los Angeles,037,10098052,3467499,213756,3681255,35303
2023-01-28,Madera,039,155013,46036,8805,54841,376
2023-01-28,Marin,041,260295,40051,5586,45637,260
2023-01-28,Mariposa,043,17540,3342,359,3701,31
2023-01-28,Mendocino,045,87422,16771,4801,21572,142
2023-01-28,Merced,047,269075,76720,12826,89546,903
2023-01-28,Modoc,049,8938,952,368,1320,11
2023-01-28,Mono,051,14174,3313,300,3613,8
2023-01-28,Monterey,053,433212,97371,23092,120463,796
2023-01-28,Napa,055,140530,34220,1508,35728,163
2023-01-28,Nevada,057,99092,20037,2269,22306,137
2023-01-28,Orange,059,3164182,708084,76367,784451,7946
2023-01-28,Placer,061,380077,80364,10283,90647,682
2023-01-28,Plumas,063,18699,3814,458,4272,14
2023-01-28,Riverside,065,2383286,730742,40641,771383,6807
2023-01-28,Sacramento,067,1510023,367972,37701,405673,3525
2023-01-28,San Benito,069,59416,17492,1111,18603,112
2023-01-28,San Bernardino,071,2135413,706410,34119,740529,8139
2023-01-28,San Diego,073,3302833,977313,79589,1056902,5781
2023-01-28,San Francisco,075,870044,193592,13119,206711,1170
2023-01-28,San Joaquin,077,732212,208122,16699,224821,2426
2023-01-28,San Luis Obispo,079,281455,65963,8051,74014,559
2023-01-28,San Mateo,081,765935,181327,10992,192319,747
2023-01-28,Santa Barbara,083,443738,111292,7591,118883,758
2023-01-28,Santa Clara,085,1922200,470482,20883,491365,2711
2023-01-28,Santa Cruz,087,273765,67657,3851,71508,276
2023-01-28,Shasta,089,179085,36405,8250,44655,612
2023-01-28,Sierra,091,2930,311,61,372,5
2023-01-28,Siskiyou,093,43540,5412,3427,8839,95
2023-01-28,Solano,095,438530,112649,8522,121171,475
2023-01-28,Sonoma,097,501317,112605,5704,118309,554
2023-01-28,Stanislaus,099,539301,143988,22789,166777,1839
2023-01-28,Sutter,101,95872,25537,2531,28068,239
2023-01-28,Tehama,103,63373,14402,3387,17789,233
2023-01-28,Trinity,105,12862,1464,503,1967,24
2023-01-28,Tulare,107,460477,127472,39967,167439,1582
2023-01-28,Tuolumne,109,53932,16744,981,17725,211
2023-01-28,Ventura,111,848112,219623,17897,237520,1669
2023-01-28,Yolo,113,214977,49711,4811,54522,443
2023-01-28,Yuba,115,75493,19905,1847,21752,134
2023-01-27,Alameda,001,1643700,374962,21944,396906,2113
2023-01-27,Alpine,002,1148,139,4,143,0
2023-01-27,Amador,005,37829,10473,961,11434,98
2023-01-27,Butte,007,227075,41418,10099,51517,489
2023-01-27,Calaveras,009,45235,8927,636,9563,140
2023-01-27,Colusa,011,21464,3944,1340,5284,22
2023-01-27,Contra Costa,013,1133247,269815,22170,291985,1552
2023-01-27,Del Norte,015,27424,7824,453,8277,59
2023-01-27,El Dorado,017,186661,34308,4509,38817,245
2023-01-27,Fresno,019,978130,292675,34551,327226,2990
2023-01-27,Glenn,021,27897,5758,1997,7755,56
2023-01-27,Humboldt,023,135768,23231,5839,29070,169
2023-01-27,Imperial,025,180216,69487,18700,88187,977
2023-01-27,Inyo,027,18085,4739,1270,6009,63
2023-01-27,Kern,029,883053,228842,71666,300508,2479
2023-01-27,Kings,031,150075,62448,4425,66873,482
2023-01-27,Lake,033,64148,13553,1270,14823,159
2023-01-27,Lassen,035,31185,10243,1061,11304,65
2023-01-27,Los Angeles,037,10098052,3466921,213627,3680548,35289
2023-01-27,Madera,039,155013,46030,8804,54834,376
2023-01-27,Marin,041,260295,40035,5585,45620,260
2023-01-27,Mariposa,043,17540,3342,359,3701,31
2023-01-27,Mendocino,045,87422,16769,4801,21570,142
2023-01-27,Merced,047,269075,76700,12825,89525,903
2023-01-27,Modoc,049,8938,952,368,1320,11
2023-01-27,Mono,051,14174,3313,300,3613,8
2023-01-27,Monterey,053,433212,97342,23075,120417,796
2023-01-27,Napa,055,140530,34210,1508,35718,163
2023-01-27,Nevada,057,99092,20032,2265,22297,137
2023-01-27,Orange,059,3164182,707970,76329,784299,7944
2023-01-27,Placer,061,380077,80355,10281,90636,681
2023-01-27,Plumas,063,18699,3813,458,4271,14
2023-01-27,Riverside,065,2383286,730636,40622,771258,6807
2023-01-27,Sacramento,067,1510023,367899,37697,405596,3525
2023-01-27,San Benito,069,59416,17490,1111,18601,112
2023-01-27,San Bernardino,071,2135413,706306,34109,740415,8139
2023-01-27,San Diego,073,3302833,977135,79564,1056699,5779
2023-01-27,San Francisco,075,870044,193545,13111,206656,1170
2023-01-27,San Joaquin,077,732212,208096,16694,224790,2426
2023-01-27,San Luis Obispo,079,281455,65949,8046,73995,558
2023-01-27,San Mateo,081,765935,181295,10989,192284,747
2023-01-27,Santa Barbara,083,443738,111273,7590,118863,758
2023-01-27,Santa Clara,085,1922200,470349,20879,491228,2709
2023-01-27,Santa Cruz,087,273765,67625,3847,71472,276
2023-01-27,Shasta,089,179085,36404,8249,44653,612
2023-01-27,Sierra,091,2930,311,61,372,5
2023-01-27,Siskiyou,093,43540,5412,3427,8839,95
2023-01-27,Solano,095,438530,112621,8522,121143,475
2023-01-27,Sonoma,097,501317,112587,5701,118288,553
2023-01-27,Stanislaus,099,539301,143965,22788,166753,1839
2023-01-27,Sutter,101,95872,25531,2531,28062,238
2023-01-27,Tehama,103,63373,14401,3385,17786,233
2023-01-27,Trinity,105,12862,1464,503,1967,24
2023-01-27,Tulare,107,460477,127445,39948,167393,1581
2023-01-27,Tuolumne,109,53932,16736,981,17717,211
2023-01-27,Ventura,111,848112,219590,17895,237485,1669
2023-01-27,Yolo,113,214977,49702,4808,54510,443
2023-01-27,Yuba,115,75493,19899,1846,21745,134
2023-01-26,Alameda,001,1643700,374808,21933,396741,2113
2023-01-26,Alpine,002,1148,139,4,143,0
2023-01-26,Amador,005,37829,10472,961,11433,98
2023-01-26,Butte,007,227075,41410,10094,51504,489
2023-01-26,Calaveras,009,45235,8925,636,9561,140
2023-01-26,Colusa,011,21464,3943,1340,5283,22
2023-01-26,Contra Costa,013,1133247,269718,22162,291880,1552
2023-01-26,Del Norte,015,27424,7820,449,8269,58
2023-01-26,El Dorado,017,186661,34301,4509,38810,245
2023-01-26,Fresno,019,978130,292605,34529,327134,2990
2023-01-26,Glenn,021,27897,5758,1996,7754,56
2023-01-26,Humboldt,023,135768,23227,5833,29060,169
2023-01-26,Imperial,025,180216,69474,18694,88168,977
2023-01-26,Inyo,027,18085,4736,1269,6005,63
2023-01-26,Kern,029,883053,228802,71627,300429,2479
2023-01-26,Kings,031,150075,62426,4420,66846,482
2023-01-26,Lake,033,64148,13550,1270,14820,158
2023-01-26,Lassen,035,31185,10242,1061,11303,65
2023-01-26,Los Angeles,037,10098052,3466075,213453,3679528,35273
2023-01-26,Madera,039,155013,46026,8803,54829,376
2023-01-26,Marin,041,260295,40025,5584,45609,260
2023-01-26,Mariposa,043,17540,3342,359,3701,31
2023-01-26,Mendocino,045,87422,16765,4797,21562,142
2023-01-26,Merced,047,269075,76676,12822,89498,903
2023-01-26,Modoc,049,8938,952,368,1320,11
2023-01-26,Mono,051,14174,3313,300,3613,8
2023-01-26,Monterey,053,433212,97319,23045,120364,796
2023-01-26,Napa,055,140530,34199,1508,35707,163
2023-01-26,Nevada,057,99092,20031,2256,22287,137
2023-01-26,Orange,059,3164182,707811,76279,784090,7944
2023-01-26,Placer,061,380077,80325,10275,90600,681
2023-01-26,Plumas,063,18699,3813,458,4271,14
2023-01-26,Riverside,065,2383286,730501,40595,771096,6806
2023-01-26,Sacramento,067,1510023,367799,37676,405475,3523
2023-01-26,San Benito,069,59416,17489,1111,18600,112
2023-01-26,San Bernardino,071,2135413,706159,34082,740241,8139
2023-01-26,San Diego,073,3302833,976864,79525,1056389,5778
2023-01-26,San Francisco,075,870044,193467,13106,206573,1169
2023-01-26,San Joaquin,077,732212,208049,16691,224740,2425
2023-01-26,San Luis Obispo,079,281455,65930,8043,73973,557
2023-01-26,San Mateo,081,765935,181222,10985,192207,747
2023-01-26,Santa Barbara,083,443738,111241,7585,118826,758
2023-01-26,Santa Clara,085,1922200,470167,20871,491038,2708
2023-01-26,Santa Cruz,087,273765,67614,3841,71455,276
2023-01-26,Shasta,089,179085,36400,8247,44647,612
2023-01-26,Sierra,091,2930,311,61,372,5
2023-01-26,Siskiyou,093,43540,5412,3425,8837,95
2023-01-26,Solano,095,438530,112589,8518,121107,475
2023-01-26,Sonoma,097,501317,112546,5698,118244,553
2023-01-26,Stanislaus,099,539301,143931,22782,166713,1838
2023-01-26,Sutter,101,95872,25528,2531,28059,238
2023-01-26,Tehama,103,63373,14401,3384,17785,233
2023-01-26,Trinity,105,12862,1464,503,1967,24
2023-01-26,Tulare,107,460477,127412,39916,167328,1581
2023-01-26,Tuolumne,109,53932,16725,981,17706,211
2023-01-26,Ventura,111,848112,219550,17885,237435,1667
2023-01-26,Yolo,113,214977,49687,4806,54493,443
2023-01-26,Yuba,115,75493,19897,1843,21740,134
2023-01-25,Alameda,001,1643700,374673,21924,396597,2113
2023-01-25,Alpine,002,1148,139,4,143,0
2023-01-25,Amador,005,37829,10467,960,11427,98
2023-01-25,Butte,007,227075,41400,10088,51488,488
2023-01-25,Calaveras,009,45235,8925,636,9561,140
2023-01-25,Colusa,011,21464,3943,1340,5283,22
2023-01-25,Contra Costa,013,1133247,269611,22157,291768,1550
2023-01-25,Del Norte,015,27424,7815,449,8264,58
2023-01-25,El Dorado,017,186661,34293,4508,38801,245
2023-01-25,Fresno,019,978130,292536,34511,327047,2987
2023-01-25,Glenn,021,27897,5758,1996,7754,56
2023-01-25,Humboldt,023,135768,23223,5831,29054,169
2023-01-25,Imperial,025,180216,69459,18690,88149,977
2023-01-25,Inyo,027,18085,4735,1267,6002,63
2023-01-25,Kern,029,883053,228753,71582,300335,2479
2023-01-25,Kings,031,150075,62408,4409,66817,482
2023-01-25,Lake,033,64148,13547,1270,14817,158
2023-01-25,Lassen,035,31185,10242,1061,11303,65
2023-01-25,Los Angeles,037,10098052,3465300,213297,3678597,35256
2023-01-25,Madera,039,155013,46019,8802,54821,376
2023-01-25,Marin,041,260295,40008,5583,45591,260
2023-01-25,Mariposa,043,17540,3342,359,3701,31
2023-01-25,Mendocino,045,87422,16761,4794,21555,142
2023-01-25,Merced,047,269075,76662,12817,89479,903
2023-01-25,Modoc,049,8938,952,368,1320,11
2023-01-25,Mono,051,14174,3313,300,3613,8
2023-01-25,Monterey,053,433212,97303,23022,120325,796
2023-01-25,Napa,055,140530,34187,1508,35695,163
2023-01-25,Nevada,057,99092,20027,2256,22283,137
2023-01-25,Orange,059,3164182,707612,76205,783817,7941
2023-01-25,Placer,061,380077,80299,10273,90572,680
2023-01-25,Plumas,063,18699,3813,458,4271,14
2023-01-25,Riverside,065,2383286,730345,40566,770911,6806
2023-01-25,Sacramento,067,1510023,367711,37660,405371,3522
2023-01-25,San Benito,069,59416,17480,1111,18591,112
2023-01-25,San Bernardino,071,2135413,706049,34073,740122,8139
2023-01-25,San Diego,073,3302833,976571,79480,1056051,5776
2023-01-25,San Francisco,075,870044,193406,13103,206509,1169
2023-01-25,San Joaquin,077,732212,208006,16681,224687,2424
2023-01-25,San Luis Obispo,079,281455,65911,8039,73950,557
2023-01-25,San Mateo,081,765935,181144,10982,192126,747
2023-01-25,Santa Barbara,083,443738,111212,7575,118787,758
2023-01-25,Santa Clara,085,1922200,469996,20867,490863,2706
2023-01-25,Santa Cruz,087,273765,67599,3838,71437,276
2023-01-25,Shasta,089,179085,36399,8245,44644,612
2023-01-25,Sierra,091,2930,311,61,372,5
2023-01-25,Siskiyou,093,43540,5412,3425,8837,95
2023-01-25,Solano,095,438530,112556,8513,121069,475
2023-01-25,Sonoma,097,501317,112528,5695,118223,553
2023-01-25,Stanislaus,099,539301,143897,22775,166672,1838
2023-01-25,Sutter,101,95872,25524,2531,28055,238
2023-01-25,Tehama,103,63373,14401,3384,17785,232
2023-01-25,Trinity,105,12862,1464,503,1967,24
2023-01-25,Tulare,107,460477,127374,39892,167266,1580
2023-01-25,Tuolumne,109,53932,16720,981,17701,211
2023-01-25,Ventura,111,848112,219497,17879,237376,1665
2023-01-25,Yolo,113,214977,49677,4805,54482,442
2023-01-25,Yuba,115,75493,19894,1841,21735,134
2023-01-24,Alameda,001,1643700,374559,21920,396479,2113
2023-01-24,Alpine,002,1148,139,4,143,0
2023-01-24,Amador,005,37829,10460,960,11420,98
2023-01-24,Butte,007,227075,41393,10085,51478,487
2023-01-24,Calaveras,009,45235,8921,636,9557,139
2023-01-24,Colusa,011,21464,3941,1340,5281,22
2023-01-24,Contra Costa,013,1133247,269501,22139,291640,1549
2023-01-24,Del Norte,015,27424,7809,449,8258,58
2023-01-24,El Dorado,017,186661,34286,4508,38794,244
2023-01-24,Fresno,019,978130,292463,34496,326959,2985
2023-01-24,Glenn,021,27897,5757,1996,7753,56
2023-01-24,Humboldt,023,135768,23217,5830,29047,169
2023-01-24,Imperial,025,180216,69447,18684,88131,977
2023-01-24,Inyo,027,18085,4733,1265,5998,63
2023-01-24,Kern,029,883053,228711,71546,300257,2479
2023-01-24,Kings,031,150075,62393,4399,66792,482
2023-01-24,Lake,033,64148,13542,1269,14811,158
2023-01-24,Lassen,035,31185,10240,1060,11300,65
2023-01-24,Los Angeles,037,10098052,3464429,213133,3677562,35236
2023-01-24,Madera,039,155013,46010,8801,54811,376
2023-01-24,Marin,041,260295,39990,5582,45572,260
2023-01-24,Mariposa,043,17540,3341,359,3700,31
2023-01-24,Mendocino,045,87422,16756,4794,21550,142
2023-01-24,Merced,047,269075,76643,12814,89457,903
2023-01-24,Modoc,049,8938,952,367,1319,11
2023-01-24,Mono,051,14174,3313,300,3613,8
2023-01-24,Monterey,053,433212,97283,22998,120281,796
2023-01-24,Napa,055,140530,34176,1508,35684,163
2023-01-24,Nevada,057,99092,20022,2253,22275,137
2023-01-24,Orange,059,3164182,707416,76143,783559,7940
2023-01-24,Placer,061,380077,80266,10271,90537,680
2023-01-24,Plumas,063,18699,3813,458,4271,14
2023-01-24,Riverside,065,2383286,730170,40539,770709,6805
2023-01-24,Sacramento,067,1510023,367592,37641,405233,3521
2023-01-24,San Benito,069,59416,17478,1110,18588,112
2023-01-24,San Bernardino,071,2135413,705900,34051,739951,8139
2023-01-24,San Diego,073,3302833,976257,79432,1055689,5775
2023-01-24,San Francisco,075,870044,193330,13094,206424,1168
2023-01-24,San Joaquin,077,732212,207961,16646,224607,2423
2023-01-24,San Luis Obispo,079,281455,65888,8031,73919,557
2023-01-24,San Mateo,081,765935,181084,10976,192060,747
2023-01-24,Santa Barbara,083,443738,111169,7564,118733,757
2023-01-24,Santa Clara,085,1922200,469821,20853,490674,2706
2023-01-24,Santa Cruz,087,273765,67575,3833,71408,276
2023-01-24,Shasta,089,179085,36397,8244,44641,612
2023-01-24,Sierra,091,2930,311,61,372,5
2023-01-24,Siskiyou,093,43540,5412,3424,8836,95
2023-01-24,Solano,095,438530,112521,8508,121029,475
2023-01-24,Sonoma,097,501317,112508,5693,118201,553
2023-01-24,Stanislaus,099,539301,143859,22762,166621,1838
2023-01-24,Sutter,101,95872,25517,2531,28048,238
2023-01-24,Tehama,103,63373,14399,3381,17780,232
2023-01-24,Trinity,105,12862,1464,503,1967,24
2023-01-24,Tulare,107,460477,127318,39864,167182,1580
2023-01-24,Tuolumne,109,53932,16715,981,17696,211
2023-01-24,Ventura,111,848112,219433,17873,237306,1665
2023-01-24,Yolo,113,214977,49663,4803,54466,442
2023-01-24,Yuba,115,75493,19884,1841,21725,134
2023-01-23,Alameda,001,1643700,374435,21906,396341,2110
2023-01-23,Alpine,002,1148,139,4,143,0
2023-01-23,Amador,005,37829,10455,960,11415,98
2023-01-23,Butte,007,227075,41382,10083,51465,487
2023-01-23,Calaveras,009,45235,8919,636,9555,139
2023-01-23,Colusa,011,21464,3940,1340,5280,22
2023-01-23,Contra Costa,013,1133247,269407,22131,291538,1547
2023-01-23,Del Norte,015,27424,7805,448,8253,58
2023-01-23,El Dorado,017,186661,34273,4507,38780,243
2023-01-23,Fresno,019,978130,292384,34476,326860,2984
2023-01-23,Glenn,021,27897,5757,1994,7751,56
2023-01-23,Humboldt,023,135768,23214,5827,29041,169
2023-01-23,Imperial,025,180216,69421,18676,88097,977
2023-01-23,Inyo,027,18085,4732,1263,5995,63
2023-01-23,Kern,029,883053,228657,71489,300146,2479
2023-01-23,Kings,031,150075,62362,4398,66760,481
2023-01-23,Lake,033,64148,13535,1269,14804,158
2023-01-23,Lassen,035,31185,10239,1060,11299,65
2023-01-23,Los Angeles,037,10098052,3463454,212990,3676444,35217
2023-01-23,Madera,039,155013,46002,8799,54801,376
2023-01-23,Marin,041,260295,39977,5578,45555,260
2023-01-23,Mariposa,043,17540,3338,359,3697,31
2023-01-23,Mendocino,045,87422,16755,4789,21544,142
2023-01-23,Merced,047,269075,76624,12810,89434,903
2023-01-23,Modoc,049,8938,952,367,1319,11
2023-01-23,Mono,051,14174,3312,298,3610,8
2023-01-23,Monterey,053,433212,97265,22962,120227,796
2023-01-23,Napa,055,140530,34169,1508,35677,163
2023-01-23,Nevada,057,99092,20014,2252,22266,137
2023-01-23,Orange,059,3164182,707212,76087,783299,7938
2023-01-23,Placer,061,380077,80247,10271,90518,680
2023-01-23,Plumas,063,18699,3811,458,4269,14
2023-01-23,Riverside,065,2383286,730002,40500,770502,6803
2023-01-23,Sacramento,067,1510023,367479,37618,405097,3518
2023-01-23,San Benito,069,59416,17472,1109,18581,112
2023-01-23,San Bernardino,071,2135413,705744,34035,739779,8139
2023-01-23,San Diego,073,3302833,975928,79391,1055319,5774
2023-01-23,San Francisco,075,870044,193262,13088,206350,1168
2023-01-23,San Joaquin,077,732212,207913,16639,224552,2422
2023-01-23,San Luis Obispo,079,281455,65865,8029,73894,556
2023-01-23,San Mateo,081,765935,181010,10976,191986,747
2023-01-23,Santa Barbara,083,443738,111128,7557,118685,757
2023-01-23,Santa Clara,085,1922200,469640,20844,490484,2705
2023-01-23,Santa Cruz,087,273765,67564,3828,71392,276
2023-01-23,Shasta,089,179085,36390,8241,44631,612
2023-01-23,Sierra,091,2930,311,61,372,5
2023-01-23,Siskiyou,093,43540,5410,3423,8833,95
2023-01-23,Solano,095,438530,112483,8507,120990,475
2023-01-23,Sonoma,097,501317,112488,5691,118179,553
2023-01-23,Stanislaus,099,539301,143824,22756,166580,1838
2023-01-23,Sutter,101,95872,25514,2531,28045,238
2023-01-23,Tehama,103,63373,14396,3380,17776,232
2023-01-23,Trinity,105,12862,1464,503,1967,24
2023-01-23,Tulare,107,460477,127284,39834,167118,1580
2023-01-23,Tuolumne,109,53932,16706,981,17687,211
2023-01-23,Ventura,111,848112,219363,17863,237226,1663
2023-01-23,Yolo,113,214977,49649,4798,54447,442
2023-01-23,Yuba,115,75493,19880,1838,21718,134
2023-01-22,Alameda,001,1643700,374308,21898,396206,2108
2023-01-22,Alpine,002,1148,139,4,143,0
2023-01-22,Amador,005,37829,10454,960,11414,97
2023-01-22,Butte,007,227075,41373,10080,51453,487
2023-01-22,Calaveras,009,45235,8916,636,9552,139
2023-01-22,Colusa,011,21464,3939,1340,5279,22
2023-01-22,Contra Costa,013,1133247,269326,22117,291443,1544
2023-01-22,Del Norte,015,27424,7801,448,8249,58
2023-01-22,El Dorado,017,186661,34269,4507,38776,243
2023-01-22,Fresno,019,978130,292293,34456,326749,2984
2023-01-22,Glenn,021,27897,5755,1994,7749,56
2023-01-22,Humboldt,023,135768,23210,5818,29028,169
2023-01-22,Imperial,025,180216,69403,18670,88073,977
2023-01-22,Inyo,027,18085,4731,1262,5993,63
2023-01-22,Kern,029,883053,228607,71430,300037,2479
2023-01-22,Kings,031,150075,62334,4395,66729,481
2023-01-22,Lake,033,64148,13529,1268,14797,158
2023-01-22,Lassen,035,31185,10238,1060,11298,65
2023-01-22,Los Angeles,037,10098052,3462470,212810,3675280,35206
2023-01-22,Madera,039,155013,45991,8797,54788,376
2023-01-22,Marin,041,260295,39964,5576,45540,260
2023-01-22,Mariposa,043,17540,3338,359,3697,31
2023-01-22,Mendocino,045,87422,16748,4788,21536,142
2023-01-22,Merced,047,269075,76592,12801,89393,903
2023-01-22,Modoc,049,8938,952,367,1319,11
2023-01-22,Mono,051,14174,3311,298,3609,8
2023-01-22,Monterey,053,433212,97242,22932,120174,796
2023-01-22,Napa,055,140530,34158,1508,35666,163
2023-01-22,Nevada,057,99092,20011,2249,22260,137
2023-01-22,Orange,059,3164182,707026,76026,783052,7933
2023-01-22,Placer,061,380077,80226,10270,90496,680
2023-01-22,Plumas,063,18699,3811,458,4269,14
2023-01-22,Riverside,065,2383286,729824,40463,770287,6799
2023-01-22,Sacramento,067,1510023,367359,37598,404957,3517
2023-01-22,San Benito,069,59416,17466,1109,18575,112
2023-01-22,San Bernardino,071,2135413,705562,34000,739562,8139
2023-01-22,San Diego,073,3302833,975573,79317,1054890,5772
2023-01-22,San Francisco,075,870044,193192,13077,206269,1167
2023-01-22,San Joaquin,077,732212,207871,16628,224499,2422
2023-01-22,San Luis Obispo,079,281455,65844,8023,73867,554
2023-01-22,San Mateo,081,765935,180934,10969,191903,747
2023-01-22,Santa Barbara,083,443738,111085,7546,118631,756
2023-01-22,Santa Clara,085,1922200,469488,20828,490316,2704
2023-01-22,Santa Cruz,087,273765,67537,3822,71359,276
2023-01-22,Shasta,089,179085,36387,8236,44623,612
2023-01-22,Sierra,091,2930,311,61,372,5
2023-01-22,Siskiyou,093,43540,5409,3423,8832,95
2023-01-22,Solano,095,438530,112440,8503,120943,475
2023-01-22,Sonoma,097,501317,112455,5688,118143,553
2023-01-22,Stanislaus,099,539301,143795,22750,166545,1838
2023-01-22,Sutter,101,95872,25510,2529,28039,238
2023-01-22,Tehama,103,63373,14392,3377,17769,232
2023-01-22,Trinity,105,12862,1462,503,1965,23
2023-01-22,Tulare,107,460477,127247,39799,167046,1579
2023-01-22,Tuolumne,109,53932,16701,981,17682,211
2023-01-22,Ventura,111,848112,219305,17851,237156,1663
2023-01-22,Yolo,113,214977,49634,4797,54431,442
2023-01-22,Yuba,115,75493,19875,1838,21713,134
2023-01-21,Alameda,001,1643700,374230,21895,396125,2105
2023-01-21,Alpine,002,1148,139,4,143,0
2023-01-21,Amador,005,37829,10453,960,11413,97
2023-01-21,Butte,007,227075,41371,10077,51448,487
2023-01-21,Calaveras,009,45235,8914,636,9550,139
2023-01-21,Colusa,011,21464,3938,1339,5277,22
2023-01-21,Contra Costa,013,1133247,269275,22117,291392,1543
2023-01-21,Del Norte,015,27424,7798,448,8246,58
2023-01-21,El Dorado,017,186661,34260,4506,38766,243
2023-01-21,Fresno,019,978130,292255,34452,326707,2983
2023-01-21,Glenn,021,27897,5755,1994,7749,56
2023-01-21,Humboldt,023,135768,23208,5817,29025,169
2023-01-21,Imperial,025,180216,69397,18669,88066,977
2023-01-21,Inyo,027,18085,4731,1262,5993,63
2023-01-21,Kern,029,883053,228569,71409,299978,2479
2023-01-21,Kings,031,150075,62326,4395,66721,481
2023-01-21,Lake,033,64148,13526,1268,14794,157
2023-01-21,Lassen,035,31185,10238,1060,11298,65
2023-01-21,Los Angeles,037,10098052,3461910,212722,3674632,35196
2023-01-21,Madera,039,155013,45985,8797,54782,376
2023-01-21,Marin,041,260295,39946,5574,45520,260
2023-01-21,Mariposa,043,17540,3337,359,3696,31
2023-01-21,Mendocino,045,87422,16747,4787,21534,142
2023-01-21,Merced,047,269075,76586,12800,89386,902
2023-01-21,Modoc,049,8938,952,367,1319,11
2023-01-21,Mono,051,14174,3311,298,3609,8
2023-01-21,Monterey,053,433212,97234,22911,120145,796
2023-01-21,Napa,055,140530,34151,1508,35659,163
2023-01-21,Nevada,057,99092,20010,2248,22258,137
2023-01-21,Orange,059,3164182,706927,75967,782894,7931
2023-01-21,Placer,061,380077,80208,10270,90478,680
2023-01-21,Plumas,063,18699,3811,458,4269,14
2023-01-21,Riverside,065,2383286,729740,40446,770186,6796
2023-01-21,Sacramento,067,1510023,367299,37591,404890,3516
2023-01-21,San Benito,069,59416,17462,1107,18569,112
2023-01-21,San Bernardino,071,2135413,705467,33985,739452,8139
2023-01-21,San Diego,073,3302833,975416,79292,1054708,5772
2023-01-21,San Francisco,075,870044,193147,13072,206219,1165
2023-01-21,San Joaquin,077,732212,207844,16622,224466,2421
2023-01-21,San Luis Obispo,079,281455,65841,8021,73862,554
2023-01-21,San Mateo,081,765935,180902,10968,191870,747
2023-01-21,Santa Barbara,083,443738,111065,7544,118609,756
2023-01-21,Santa Clara,085,1922200,469378,20826,490204,2703
2023-01-21,Santa Cruz,087,273765,67530,3822,71352,276
2023-01-21,Shasta,089,179085,36383,8236,44619,612
2023-01-21,Sierra,091,2930,311,61,372,5
2023-01-21,Siskiyou,093,43540,5409,3422,8831,95
2023-01-21,Solano,095,438530,112430,8502,120932,475
2023-01-21,Sonoma,097,501317,112429,5688,118117,553
2023-01-21,Stanislaus,099,539301,143783,22749,166532,1838
2023-01-21,Sutter,101,95872,25506,2529,28035,238
2023-01-21,Tehama,103,63373,14390,3376,17766,232
2023-01-21,Trinity,105,12862,1462,503,1965,23
2023-01-21,Tulare,107,460477,127227,39789,167016,1578
2023-01-21,Tuolumne,109,53932,16696,981,17677,210
2023-01-21,Ventura,111,848112,219266,17847,237113,1662
2023-01-21,Yolo,113,214977,49627,4797,54424,442
2023-01-21,Yuba,115,75493,19874,1838,21712,134
2023-01-20,Alameda,001,1643700,374171,21892,396063,2102
2023-01-20,Alpine,002,1148,139,4,143,0
2023-01-20,Amador,005,37829,10452,959,11411,97
2023-01-20,Butte,007,227075,41370,10076,51446,486
2023-01-20,Calaveras,009,45235,8913,636,9549,139
2023-01-20,Colusa,011,21464,3938,1338,5276,22
2023-01-20,Contra Costa,013,1133247,269224,22115,291339,1542
2023-01-20,Del Norte,015,27424,7798,447,8245,58
2023-01-20,El Dorado,017,186661,34254,4505,38759,243
2023-01-20,Fresno,019,978130,292203,34446,326649,2982
2023-01-20,Glenn,021,27897,5755,1993,7748,56
2023-01-20,Humboldt,023,135768,23205,5812,29017,168
2023-01-20,Imperial,025,180216,69391,18667,88058,977
2023-01-20,Inyo,027,18085,4730,1262,5992,63
2023-01-20,Kern,029,883053,228538,71385,299923,2478
2023-01-20,Kings,031,150075,62314,4395,66709,481
2023-01-20,Lake,033,64148,13526,1268,14794,157
2023-01-20,Lassen,035,31185,10238,1060,11298,65
2023-01-20,Los Angeles,037,10098052,3461396,212634,3674030,35182
2023-01-20,Madera,039,155013,45979,8797,54776,376
2023-01-20,Marin,041,260295,39936,5574,45510,260
2023-01-20,Mariposa,043,17540,3335,359,3694,31
2023-01-20,Mendocino,045,87422,16745,4787,21532,142
2023-01-20,Merced,047,269075,76577,12798,89375,902
2023-01-20,Modoc,049,8938,952,367,1319,11
2023-01-20,Mono,051,14174,3311,298,3609,8
2023-01-20,Monterey,053,433212,97221,22892,120113,796
2023-01-20,Napa,055,140530,34144,1508,35652,163
2023-01-20,Nevada,057,99092,20007,2248,22255,137
2023-01-20,Orange,059,3164182,706803,75933,782736,7928
2023-01-20,Placer,061,380077,80197,10270,90467,680
2023-01-20,Plumas,063,18699,3810,458,4268,14
2023-01-20,Riverside,065,2383286,729632,40427,770059,6795
2023-01-20,Sacramento,067,1510023,367252,37588,404840,3516
2023-01-20,San Benito,069,59416,17461,1107,18568,112
2023-01-20,San Bernardino,071,2135413,705364,33975,739339,8139
2023-01-20,San Diego,073,3302833,975225,79268,1054493,5772
2023-01-20,San Francisco,075,870044,193105,13060,206165,1165
2023-01-20,San Joaquin,077,732212,207826,16618,224444,2420
2023-01-20,San Luis Obispo,079,281455,65834,8018,73852,554
2023-01-20,San Mateo,081,765935,180876,10967,191843,747
2023-01-20,Santa Barbara,083,443738,111048,7542,118590,756
2023-01-20,Santa Clara,085,1922200,469269,20820,490089,2701
2023-01-20,Santa Cruz,087,273765,67509,3822,71331,276
2023-01-20,Shasta,089,179085,36382,8233,44615,611
2023-01-20,Sierra,091,2930,311,61,372,5
2023-01-20,Siskiyou,093,43540,5408,3422,8830,95
2023-01-20,Solano,095,438530,112412,8499,120911,475
2023-01-20,Sonoma,097,501317,112414,5688,118102,553
2023-01-20,Stanislaus,099,539301,143760,22747,166507,1838
2023-01-20,Sutter,101,95872,25503,2529,28032,238
2023-01-20,Tehama,103,63373,14388,3375,17763,232
2023-01-20,Trinity,105,12862,1462,503,1965,23
2023-01-20,Tulare,107,460477,127204,39775,166979,1577
2023-01-20,Tuolumne,109,53932,16689,981,17670,210
2023-01-20,Ventura,111,848112,219231,17843,237074,1661
2023-01-20,Yolo,113,214977,49615,4796,54411,441
2023-01-20,Yuba,115,75493,19872,1838,21710,134
2023-01-19,Alameda,001,1643700,374066,21884,395950,2102
2023-01-19,Alpine,002,1148,139,4,143,0
2023-01-19,Amador,005,37829,10450,959,11409,97
2023-01-19,Butte,007,227075,41364,10070,51434,486
2023-01-19,Calaveras,009,45235,8913,636,9549,139
2023-01-19,Colusa,011,21464,3936,1338,5274,22
2023-01-19,Contra Costa,013,1133247,269156,22108,291264,1542
2023-01-19,Del Norte,015,27424,7794,447,8241,58
2023-01-19,El Dorado,017,186661,34250,4503,38753,243
2023-01-19,Fresno,019,978130,292137,34440,326577,2980
2023-01-19,Glenn,021,27897,5755,1993,7748,56
2023-01-19,Humboldt,023,135768,23198,5793,28991,168
2023-01-19,Imperial,025,180216,69380,18666,88046,977
2023-01-19,Inyo,027,18085,4728,1262,5990,63
2023-01-19,Kern,029,883053,228488,71325,299813,2477
2023-01-19,Kings,031,150075,62298,4392,66690,481
2023-01-19,Lake,033,64148,13524,1268,14792,157
2023-01-19,Lassen,035,31185,10238,1060,11298,65
2023-01-19,Los Angeles,037,10098052,3460627,212522,3673149,35161
2023-01-19,Madera,039,155013,45969,8795,54764,376
2023-01-19,Marin,041,260295,39918,5574,45492,260
2023-01-19,Mariposa,043,17540,3334,359,3693,31
2023-01-19,Mendocino,045,87422,16743,4786,21529,142
2023-01-19,Merced,047,269075,76559,12795,89354,902
2023-01-19,Modoc,049,8938,951,366,1317,11
2023-01-19,Mono,051,14174,3311,297,3608,8
2023-01-19,Monterey,053,433212,97206,22875,120081,795
2023-01-19,Napa,055,140530,34136,1508,35644,163
2023-01-19,Nevada,057,99092,20006,2248,22254,137
2023-01-19,Orange,059,3164182,706635,75873,782508,7925
2023-01-19,Placer,061,380077,80175,10269,90444,680
2023-01-19,Plumas,063,18699,3810,458,4268,14
2023-01-19,Riverside,065,2383286,729487,40394,769881,6795
2023-01-19,Sacramento,067,1510023,367160,37574,404734,3515
2023-01-19,San Benito,069,59416,17458,1106,18564,112
2023-01-19,San Bernardino,071,2135413,705233,33958,739191,8139
2023-01-19,San Diego,073,3302833,974979,79211,1054190,5769
2023-01-19,San Francisco,075,870044,193030,13052,206082,1163
2023-01-19,San Joaquin,077,732212,207790,16609,224399,2420
2023-01-19,San Luis Obispo,079,281455,65818,8013,73831,554
2023-01-19,San Mateo,081,765935,180825,10965,191790,747
2023-01-19,Santa Barbara,083,443738,111023,7541,118564,756
2023-01-19,Santa Clara,085,1922200,469145,20812,489957,2701
2023-01-19,Santa Cruz,087,273765,67495,3822,71317,276
2023-01-19,Shasta,089,179085,36380,8232,44612,611
2023-01-19,Sierra,091,2930,311,61,372,5
2023-01-19,Siskiyou,093,43540,5406,3422,8828,95
2023-01-19,Solano,095,438530,112372,8496,120868,475
2023-01-19,Sonoma,097,501317,112390,5688,118078,553
2023-01-19,Stanislaus,099,539301,143733,22711,166444,1837
2023-01-19,Sutter,101,95872,25500,2529,28029,238
2023-01-19,Tehama,103,63373,14386,3375,17761,232
2023-01-19,Trinity,105,12862,1462,503,1965,23
2023-01-19,Tulare,107,460477,127171,39752,166923,1577
2023-01-19,Tuolumne,109,53932,16684,981,17665,210
2023-01-19,Ventura,111,848112,219178,17829,237007,1659
2023-01-19,Yolo,113,214977,49607,4795,54402,440
2023-01-19,Yuba,115,75493,19869,1837,21706,134
2023-01-18,Alameda,001,1643700,373946,21874,395820,2102
2023-01-18,Alpine,002,1148,139,4,143,0
2023-01-18,Amador,005,37829,10436,959,11395,97
2023-01-18,Butte,007,227075,41356,10063,51419,486
2023-01-18,Calaveras,009,45235,8909,636,9545,139
2023-01-18,Colusa,011,21464,3932,1338,5270,22
2023-01-18,Contra Costa,013,1133247,269069,22104,291173,1542
2023-01-18,Del Norte,015,27424,7789,440,8229,58
2023-01-18,El Dorado,017,186661,34245,4503,38748,243
2023-01-18,Fresno,019,978130,292085,34428,326513,2980
2023-01-18,Glenn,021,27897,5754,1993,7747,56
2023-01-18,Humboldt,023,135768,23195,5787,28982,168
2023-01-18,Imperial,025,180216,69364,18664,88028,977
2023-01-18,Inyo,027,18085,4728,1259,5987,63
2023-01-18,Kern,029,883053,228435,71285,299720,2476
2023-01-18,Kings,031,150075,62283,4391,66674,481
2023-01-18,Lake,033,64148,13521,1268,14789,157
2023-01-18,Lassen,035,31185,10238,1059,11297,65
2023-01-18,Los Angeles,037,10098052,3459816,212366,3672182,35143
2023-01-18,Madera,039,155013,45961,8795,54756,376
2023-01-18,Marin,041,260295,39901,5573,45474,260
2023-01-18,Mariposa,043,17540,3333,359,3692,31
2023-01-18,Mendocino,045,87422,16740,4781,21521,142
2023-01-18,Merced,047,269075,76539,12795,89334,902
2023-01-18,Modoc,049,8938,951,366,1317,11
2023-01-18,Mono,051,14174,3311,297,3608,8
2023-01-18,Monterey,053,433212,97186,22859,120045,795
2023-01-18,Napa,055,140530,34121,1507,35628,163
2023-01-18,Nevada,057,99092,20002,2247,22249,137
2023-01-18,Orange,059,3164182,706448,75823,782271,7921
2023-01-18,Placer,061,380077,80151,10267,90418,680
2023-01-18,Plumas,063,18699,3809,458,4267,14
2023-01-18,Riverside,065,2383286,729345,40378,769723,6792
2023-01-18,Sacramento,067,1510023,367095,37556,404651,3514
2023-01-18,San Benito,069,59416,17454,1106,18560,112
2023-01-18,San Bernardino,071,2135413,705122,33943,739065,8139
2023-01-18,San Diego,073,3302833,974664,79157,1053821,5768
2023-01-18,San Francisco,075,870044,192963,13050,206013,1162
2023-01-18,San Joaquin,077,732212,207750,16605,224355,2420
2023-01-18,San Luis Obispo,079,281455,65801,8005,73806,553
2023-01-18,San Mateo,081,765935,180771,10963,191734,747
2023-01-18,Santa Barbara,083,443738,110992,7528,118520,756
2023-01-18,Santa Clara,085,1922200,468987,20805,489792,2700
2023-01-18,Santa Cruz,087,273765,67485,3819,71304,276
2023-01-18,Shasta,089,179085,36375,8230,44605,611
2023-01-18,Sierra,091,2930,311,61,372,5
2023-01-18,Siskiyou,093,43540,5405,3422,8827,95
2023-01-18,Solano,095,438530,112337,8496,120833,475
2023-01-18,Sonoma,097,501317,112363,5684,118047,552
2023-01-18,Stanislaus,099,539301,143703,22709,166412,1836
2023-01-18,Sutter,101,95872,25489,2527,28016,238
2023-01-18,Tehama,103,63373,14385,3372,17757,232
2023-01-18,Trinity,105,12862,1461,503,1964,23
2023-01-18,Tulare,107,460477,127143,39724,166867,1577
2023-01-18,Tuolumne,109,53932,16679,981,17660,210
2023-01-18,Ventura,111,848112,219114,17818,236932,1659
2023-01-18,Yolo,113,214977,49595,4794,54389,440
2023-01-18,Yuba,115,75493,19861,1837,21698,134
2023-01-17,Alameda,001,1643700,373834,21865,395699,2102
2023-01-17,Alpine,002,1148,139,4,143,0
2023-01-17,Amador,005,37829,10429,959,11388,97
2023-01-17,Butte,007,227075,41352,10060,51412,486
2023-01-17,Calaveras,009,45235,8907,636,9543,139
2023-01-17,Colusa,011,21464,3931,1338,5269,22
2023-01-17,Contra Costa,013,1133247,268977,22096,291073,1540
2023-01-17,Del Norte,015,27424,7784,440,8224,58
2023-01-17,El Dorado,017,186661,34240,4501,38741,243
2023-01-17,Fresno,019,978130,292020,34418,326438,2979
2023-01-17,Glenn,021,27897,5754,1993,7747,56
2023-01-17,Humboldt,023,135768,23188,5784,28972,168
2023-01-17,Imperial,025,180216,69345,18662,88007,977
2023-01-17,Inyo,027,18085,4727,1252,5979,63
2023-01-17,Kern,029,883053,228391,71240,299631,2474
2023-01-17,Kings,031,150075,62266,4388,66654,481
2023-01-17,Lake,033,64148,13517,1268,14785,157
2023-01-17,Lassen,035,31185,10236,1059,11295,65
2023-01-17,Los Angeles,037,10098052,3458947,212203,3671150,35124
2023-01-17,Madera,039,155013,45958,8794,54752,376
2023-01-17,Marin,041,260295,39885,5571,45456,260
2023-01-17,Mariposa,043,17540,3333,359,3692,31
2023-01-17,Mendocino,045,87422,16738,4772,21510,142
2023-01-17,Merced,047,269075,76523,12789,89312,901
2023-01-17,Modoc,049,8938,951,366,1317,11
2023-01-17,Mono,051,14174,3308,297,3605,8
2023-01-17,Monterey,053,433212,97175,22850,120025,795
2023-01-17,Napa,055,140530,34107,1507,35614,163
2023-01-17,Nevada,057,99092,20000,2247,22247,137
2023-01-17,Orange,059,3164182,706252,75750,782002,7915
2023-01-17,Placer,061,380077,80134,10266,90400,679
2023-01-17,Plumas,063,18699,3806,458,4264,14
2023-01-17,Riverside,065,2383286,729182,40354,769536,6792
2023-01-17,Sacramento,067,1510023,366981,37544,404525,3512
2023-01-17,San Benito,069,59416,17451,1105,18556,112
2023-01-17,San Bernardino,071,2135413,704934,33909,738843,8138
2023-01-17,San Diego,073,3302833,974327,79104,1053431,5767
2023-01-17,San Francisco,075,870044,192893,13046,205939,1162
2023-01-17,San Joaquin,077,732212,207710,16602,224312,2420
2023-01-17,San Luis Obispo,079,281455,65784,8003,73787,553
2023-01-17,San Mateo,081,765935,180714,10963,191677,747
2023-01-17,Santa Barbara,083,443738,110951,7524,118475,755
2023-01-17,Santa Clara,085,1922200,468828,20784,489612,2700
2023-01-17,Santa Cruz,087,273765,67467,3817,71284,276
2023-01-17,Shasta,089,179085,36371,8229,44600,611
2023-01-17,Sierra,091,2930,311,61,372,5
2023-01-17,Siskiyou,093,43540,5405,3422,8827,95
2023-01-17,Solano,095,438530,112290,8492,120782,475
2023-01-17,Sonoma,097,501317,112322,5683,118005,552
2023-01-17,Stanislaus,099,539301,143677,22706,166383,1836
2023-01-17,Sutter,101,95872,25479,2527,28006,238
2023-01-17,Tehama,103,63373,14384,3372,17756,232
2023-01-17,Trinity,105,12862,1460,502,1962,23
2023-01-17,Tulare,107,460477,127097,39704,166801,1577
2023-01-17,Tuolumne,109,53932,16675,981,17656,210
2023-01-17,Ventura,111,848112,219060,17807,236867,1658
2023-01-17,Yolo,113,214977,49582,4790,54372,440
2023-01-17,Yuba,115,75493,19855,1836,21691,134
2023-01-16,Alameda,001,1643700,373692,21851,395543,2100
2023-01-16,Alpine,002,1148,139,4,143,0
2023-01-16,Amador,005,37829,10421,959,11380,97
2023-01-16,Butte,007,227075,41338,10056,51394,486
2023-01-16,Calaveras,009,45235,8904,636,9540,139
2023-01-16,Colusa,011,21464,3930,1336,5266,22
2023-01-16,Contra Costa,013,1133247,268892,22087,290979,1540
2023-01-16,Del Norte,015,27424,7783,439,8222,58
2023-01-16,El Dorado,017,186661,34233,4499,38732,243
2023-01-16,Fresno,019,978130,291935,34409,326344,2979
2023-01-16,Glenn,021,27897,5753,1993,7746,56
2023-01-16,Humboldt,023,135768,23180,5778,28958,168
2023-01-16,Imperial,025,180216,69336,18653,87989,977
2023-01-16,Inyo,027,18085,4726,1252,5978,62
2023-01-16,Kern,029,883053,228344,71184,299528,2474
2023-01-16,Kings,031,150075,62255,4384,66639,481
2023-01-16,Lake,033,64148,13507,1268,14775,156
2023-01-16,Lassen,035,31185,10234,1057,11291,65
2023-01-16,Los Angeles,037,10098052,3457846,211994,3669840,35107
2023-01-16,Madera,039,155013,45951,8790,54741,376
2023-01-16,Marin,041,260295,39869,5566,45435,260
2023-01-16,Mariposa,043,17540,3331,359,3690,31
2023-01-16,Mendocino,045,87422,16734,4770,21504,142
2023-01-16,Merced,047,269075,76498,12787,89285,901
2023-01-16,Modoc,049,8938,951,366,1317,11
2023-01-16,Mono,051,14174,3307,297,3604,8
2023-01-16,Monterey,053,433212,97158,22840,119998,795
2023-01-16,Napa,055,140530,34092,1507,35599,163
2023-01-16,Nevada,057,99092,19994,2246,22240,137
2023-01-16,Orange,059,3164182,706039,75684,781723,7911
2023-01-16,Placer,061,380077,80108,10262,90370,679
2023-01-16,Plumas,063,18699,3806,457,4263,14
2023-01-16,Riverside,065,2383286,728989,40317,769306,6789
2023-01-16,Sacramento,067,1510023,366881,37516,404397,3509
2023-01-16,San Benito,069,59416,17445,1105,18550,112
2023-01-16,San Bernardino,071,2135413,704714,33891,738605,8138
2023-01-16,San Diego,073,3302833,973897,79048,1052945,5763
2023-01-16,San Francisco,075,870044,192813,13042,205855,1162
2023-01-16,San Joaquin,077,732212,207669,16597,224266,2419
2023-01-16,San Luis Obispo,079,281455,65755,7997,73752,553
2023-01-16,San Mateo,081,765935,180658,10959,191617,747
2023-01-16,Santa Barbara,083,443738,110919,7515,118434,755
2023-01-16,Santa Clara,085,1922200,468622,20772,489394,2700
2023-01-16,Santa Cruz,087,273765,67442,3814,71256,276
2023-01-16,Shasta,089,179085,36368,8227,44595,611
2023-01-16,Sierra,091,2930,311,61,372,5
2023-01-16,Siskiyou,093,43540,5404,3422,8826,95
2023-01-16,Solano,095,438530,112255,8490,120745,475
2023-01-16,Sonoma,097,501317,112289,5681,117970,552
2023-01-16,Stanislaus,099,539301,143643,22701,166344,1836
2023-01-16,Sutter,101,95872,25473,2527,28000,237
2023-01-16,Tehama,103,63373,14381,3372,17753,232
2023-01-16,Trinity,105,12862,1460,502,1962,23
2023-01-16,Tulare,107,460477,127063,39679,166742,1577
2023-01-16,Tuolumne,109,53932,16670,981,17651,210
2023-01-16,Ventura,111,848112,218995,17795,236790,1658
2023-01-16,Yolo,113,214977,49564,4781,54345,439
2023-01-16,Yuba,115,75493,19850,1833,21683,134
2023-01-15,Alameda,001,1643700,373575,21848,395423,2100
2023-01-15,Alpine,002,1148,139,4,143,0
2023-01-15,Amador,005,37829,10419,959,11378,97
2023-01-15,Butte,007,227075,41332,10053,51385,486
2023-01-15,Calaveras,009,45235,8904,636,9540,139
2023-01-15,Colusa,011,21464,3929,1336,5265,22
2023-01-15,Contra Costa,013,1133247,268821,22085,290906,1538
2023-01-15,Del Norte,015,27424,7781,438,8219,57
2023-01-15,El Dorado,017,186661,34223,4499,38722,243
2023-01-15,Fresno,019,978130,291878,34391,326269,2976
2023-01-15,Glenn,021,27897,5752,1993,7745,56
2023-01-15,Humboldt,023,135768,23177,5775,28952,167
2023-01-15,Imperial,025,180216,69322,18641,87963,977
2023-01-15,Inyo,027,18085,4725,1248,5973,62
2023-01-15,Kern,029,883053,228277,71139,299416,2474
2023-01-15,Kings,031,150075,62240,4384,66624,481
2023-01-15,Lake,033,64148,13505,1268,14773,156
2023-01-15,Lassen,035,31185,10233,1057,11290,65
2023-01-15,Los Angeles,037,10098052,3457059,211816,3668875,35086
2023-01-15,Madera,039,155013,45943,8790,54733,376
2023-01-15,Marin,041,260295,39842,5563,45405,260
2023-01-15,Mariposa,043,17540,3330,359,3689,31
2023-01-15,Mendocino,045,87422,16731,4770,21501,142
2023-01-15,Merced,047,269075,76481,12786,89267,900
2023-01-15,Modoc,049,8938,950,366,1316,11
2023-01-15,Mono,051,14174,3306,297,3603,8
2023-01-15,Monterey,053,433212,97142,22829,119971,795
2023-01-15,Napa,055,140530,34084,1507,35591,163
2023-01-15,Nevada,057,99092,19988,2244,22232,137
2023-01-15,Orange,059,3164182,705819,75609,781428,7910
2023-01-15,Placer,061,380077,80086,10261,90347,679
2023-01-15,Plumas,063,18699,3805,457,4262,14
2023-01-15,Riverside,065,2383286,728816,40296,769112,6789
2023-01-15,Sacramento,067,1510023,366807,37507,404314,3509
2023-01-15,San Benito,069,59416,17442,1105,18547,112
2023-01-15,San Bernardino,071,2135413,704573,33876,738449,8138
2023-01-15,San Diego,073,3302833,973649,79007,1052656,5759
2023-01-15,San Francisco,075,870044,192745,13036,205781,1161
2023-01-15,San Joaquin,077,732212,207622,16593,224215,2419
2023-01-15,San Luis Obispo,079,281455,65739,7995,73734,552
2023-01-15,San Mateo,081,765935,180611,10955,191566,747
2023-01-15,Santa Barbara,083,443738,110882,7513,118395,755
2023-01-15,Santa Clara,085,1922200,468509,20767,489276,2697
2023-01-15,Santa Cruz,087,273765,67412,3813,71225,276
2023-01-15,Shasta,089,179085,36364,8226,44590,610
2023-01-15,Sierra,091,2930,311,61,372,5
2023-01-15,Siskiyou,093,43540,5403,3422,8825,95
2023-01-15,Solano,095,438530,112228,8487,120715,475
2023-01-15,Sonoma,097,501317,112256,5681,117937,551
2023-01-15,Stanislaus,099,539301,143611,22701,166312,1834
2023-01-15,Sutter,101,95872,25466,2527,27993,237
2023-01-15,Tehama,103,63373,14381,3371,17752,232
2023-01-15,Trinity,105,12862,1460,502,1962,23
2023-01-15,Tulare,107,460477,127005,39657,166662,1577
2023-01-15,Tuolumne,109,53932,16665,981,17646,210
2023-01-15,Ventura,111,848112,218947,17785,236732,1657
2023-01-15,Yolo,113,214977,49553,4781,54334,439
2023-01-15,Yuba,115,75493,19847,1833,21680,134
2023-01-14,Alameda,001,1643700,373489,21843,395332,2100
2023-01-14,Alpine,002,1148,139,4,143,0
2023-01-14,Amador,005,37829,10415,959,11374,97
2023-01-14,Butte,007,227075,41329,10049,51378,486
2023-01-14,Calaveras,009,45235,8902,635,9537,139
2023-01-14,Colusa,011,21464,3928,1336,5264,22
2023-01-14,Contra Costa,013,1133247,268758,22082,290840,1538
2023-01-14,Del Norte,015,27424,7780,438,8218,57
2023-01-14,El Dorado,017,186661,34216,4498,38714,243
2023-01-14,Fresno,019,978130,291836,34385,326221,2976
2023-01-14,Glenn,021,27897,5752,1993,7745,56
2023-01-14,Humboldt,023,135768,23175,5772,28947,167
2023-01-14,Imperial,025,180216,69307,18641,87948,977
2023-01-14,Inyo,027,18085,4723,1248,5971,62
2023-01-14,Kern,029,883053,228241,71107,299348,2473
2023-01-14,Kings,031,150075,62231,4383,66614,481
2023-01-14,Lake,033,64148,13503,1268,14771,156
2023-01-14,Lassen,035,31185,10233,1057,11290,65
2023-01-14,Los Angeles,037,10098052,3456466,211719,3668185,35067
2023-01-14,Madera,039,155013,45940,8789,54729,376
2023-01-14,Marin,041,260295,39830,5562,45392,260
2023-01-14,Mariposa,043,17540,3329,359,3688,31
2023-01-14,Mendocino,045,87422,16727,4770,21497,142
2023-01-14,Merced,047,269075,76467,12786,89253,900
2023-01-14,Modoc,049,8938,950,365,1315,11
2023-01-14,Mono,051,14174,3305,297,3602,8
2023-01-14,Monterey,053,433212,97132,22825,119957,795
2023-01-14,Napa,055,140530,34078,1507,35585,163
2023-01-14,Nevada,057,99092,19988,2242,22230,137
2023-01-14,Orange,059,3164182,705687,75570,781257,7904
2023-01-14,Placer,061,380077,80075,10260,90335,679
2023-01-14,Plumas,063,18699,3805,457,4262,14
2023-01-14,Riverside,065,2383286,728712,40278,768990,6787
2023-01-14,Sacramento,067,1510023,366755,37501,404256,3508
2023-01-14,San Benito,069,59416,17437,1105,18542,112
2023-01-14,San Bernardino,071,2135413,704480,33863,738343,8137
2023-01-14,San Diego,073,3302833,973455,78989,1052444,5758
2023-01-14,San Francisco,075,870044,192704,13035,205739,1161
2023-01-14,San Joaquin,077,732212,207598,16592,224190,2416
2023-01-14,San Luis Obispo,079,281455,65733,7991,73724,552
2023-01-14,San Mateo,081,765935,180580,10952,191532,747
2023-01-14,Santa Barbara,083,443738,110855,7510,118365,755
2023-01-14,Santa Clara,085,1922200,468421,20758,489179,2691
2023-01-14,Santa Cruz,087,273765,67405,3809,71214,276
2023-01-14,Shasta,089,179085,36360,8226,44586,608
2023-01-14,Sierra,091,2930,311,61,372,5
2023-01-14,Siskiyou,093,43540,5403,3422,8825,95
2023-01-14,Solano,095,438530,112219,8484,120703,475
2023-01-14,Sonoma,097,501317,112244,5681,117925,550
2023-01-14,Stanislaus,099,539301,143589,22698,166287,1834
2023-01-14,Sutter,101,95872,25463,2527,27990,237
2023-01-14,Tehama,103,63373,14376,3371,17747,232
2023-01-14,Trinity,105,12862,1460,502,1962,23
2023-01-14,Tulare,107,460477,126984,39649,166633,1577
2023-01-14,Tuolumne,109,53932,16662,979,17641,209
2023-01-14,Ventura,111,848112,218908,17779,236687,1656
2023-01-14,Yolo,113,214977,49539,4779,54318,438
2023-01-14,Yuba,115,75493,19845,1832,21677,134
2023-01-13,Alameda,001,1643700,373397,21835,395232,2100
2023-01-13,Alpine,002,1148,139,4,143,0
2023-01-13,Amador,005,37829,10413,959,11372,97
2023-01-13,Butte,007,227075,41325,10044,51369,486
2023-01-13,Calaveras,009,45235,8901,635,9536,139
2023-01-13,Colusa,011,21464,3927,1336,5263,22
2023-01-13,Contra Costa,013,1133247,268693,22080,290773,1537
2023-01-13,Del Norte,015,27424,7779,438,8217,56
2023-01-13,El Dorado,017,186661,34211,4498,38709,242
2023-01-13,Fresno,019,978130,291792,34378,326170,2974
2023-01-13,Glenn,021,27897,5752,1993,7745,56
2023-01-13,Humboldt,023,135768,23174,5766,28940,167
2023-01-13,Imperial,025,180216,69297,18637,87934,977
2023-01-13,Inyo,027,18085,4722,1246,5968,62
2023-01-13,Kern,029,883053,228208,71076,299284,2472
2023-01-13,Kings,031,150075,62218,4383,66601,480
2023-01-13,Lake,033,64148,13503,1268,14771,156
2023-01-13,Lassen,035,31185,10233,1057,11290,65
2023-01-13,Los Angeles,037,10098052,3455893,211619,3667512,35051
2023-01-13,Madera,039,155013,45932,8789,54721,376
2023-01-13,Marin,041,260295,39817,5559,45376,260
2023-01-13,Mariposa,043,17540,3327,359,3686,31
2023-01-13,Mendocino,045,87422,16724,4770,21494,142
2023-01-13,Merced,047,269075,76459,12786,89245,899
2023-01-13,Modoc,049,8938,950,365,1315,11
2023-01-13,Mono,051,14174,3304,297,3601,8
2023-01-13,Monterey,053,433212,97113,22819,119932,794
2023-01-13,Napa,055,140530,34067,1506,35573,163
2023-01-13,Nevada,057,99092,19985,2241,22226,137
2023-01-13,Orange,059,3164182,705567,75526,781093,7899
2023-01-13,Placer,061,380077,80057,10260,90317,679
2023-01-13,Plumas,063,18699,3804,457,4261,14
2023-01-13,Riverside,065,2383286,728609,40263,768872,6784
2023-01-13,Sacramento,067,1510023,366693,37496,404189,3506
2023-01-13,San Benito,069,59416,17436,1104,18540,111
2023-01-13,San Bernardino,071,2135413,704387,33854,738241,8137
2023-01-13,San Diego,073,3302833,973264,78959,1052223,5757
2023-01-13,San Francisco,075,870044,192661,13033,205694,1160
2023-01-13,San Joaquin,077,732212,207563,16591,224154,2416
2023-01-13,San Luis Obispo,079,281455,65718,7991,73709,552
2023-01-13,San Mateo,081,765935,180523,10947,191470,747
2023-01-13,Santa Barbara,083,443738,110838,7509,118347,753
2023-01-13,Santa Clara,085,1922200,468310,20755,489065,2689
2023-01-13,Santa Cruz,087,273765,67386,3809,71195,276
2023-01-13,Shasta,089,179085,36359,8225,44584,608
2023-01-13,Sierra,091,2930,311,61,372,5
2023-01-13,Siskiyou,093,43540,5401,3422,8823,95
2023-01-13,Solano,095,438530,112192,8478,120670,475
2023-01-13,Sonoma,097,501317,112223,5681,117904,549
2023-01-13,Stanislaus,099,539301,143567,22695,166262,1834
2023-01-13,Sutter,101,95872,25461,2527,27988,237
2023-01-13,Tehama,103,63373,14376,3370,17746,232
2023-01-13,Trinity,105,12862,1459,502,1961,23
2023-01-13,Tulare,107,460477,126954,39634,166588,1577
2023-01-13,Tuolumne,109,53932,16651,979,17630,208
2023-01-13,Ventura,111,848112,218868,17774,236642,1656
2023-01-13,Yolo,113,214977,49528,4777,54305,438
2023-01-13,Yuba,115,75493,19843,1832,21675,134
2023-01-12,Alameda,001,1643700,373263,21824,395087,2100
2023-01-12,Alpine,002,1148,139,4,143,0
2023-01-12,Amador,005,37829,10410,959,11369,97
2023-01-12,Butte,007,227075,41316,10042,51358,485
2023-01-12,Calaveras,009,45235,8899,635,9534,139
2023-01-12,Colusa,011,21464,3926,1336,5262,22
2023-01-12,Contra Costa,013,1133247,268597,22075,290672,1537
2023-01-12,Del Norte,015,27424,7777,438,8215,56
2023-01-12,El Dorado,017,186661,34202,4495,38697,242
2023-01-12,Fresno,019,978130,291733,34365,326098,2974
2023-01-12,Glenn,021,27897,5752,1993,7745,56
2023-01-12,Humboldt,023,135768,23166,5765,28931,167
2023-01-12,Imperial,025,180216,69280,18632,87912,977
2023-01-12,Inyo,027,18085,4720,1244,5964,62
2023-01-12,Kern,029,883053,228132,71036,299168,2472
2023-01-12,Kings,031,150075,62201,4380,66581,479
2023-01-12,Lake,033,64148,13500,1267,14767,156
2023-01-12,Lassen,035,31185,10232,1057,11289,65
2023-01-12,Los Angeles,037,10098052,3454997,211475,3666472,35024
2023-01-12,Madera,039,155013,45916,8789,54705,376
2023-01-12,Marin,041,260295,39798,5555,45353,260
2023-01-12,Mariposa,043,17540,3325,358,3683,31
2023-01-12,Mendocino,045,87422,16721,4770,21491,142
2023-01-12,Merced,047,269075,76438,12783,89221,899
2023-01-12,Modoc,049,8938,950,365,1315,11
2023-01-12,Mono,051,14174,3303,297,3600,8
2023-01-12,Monterey,053,433212,97101,22801,119902,794
2023-01-12,Napa,055,140530,34058,1506,35564,163
2023-01-12,Nevada,057,99092,19982,2240,22222,137
2023-01-12,Orange,059,3164182,705336,75469,780805,7893
2023-01-12,Placer,061,380077,80023,10259,90282,679
2023-01-12,Plumas,063,18699,3804,457,4261,14
2023-01-12,Riverside,065,2383286,728424,40226,768650,6783
2023-01-12,Sacramento,067,1510023,366617,37476,404093,3502
2023-01-12,San Benito,069,59416,17434,1104,18538,111
2023-01-12,San Bernardino,071,2135413,704237,33835,738072,8137
2023-01-12,San Diego,073,3302833,972972,78915,1051887,5755
2023-01-12,San Francisco,075,870044,192588,13024,205612,1160
2023-01-12,San Joaquin,077,732212,207511,16586,224097,2416
2023-01-12,San Luis Obispo,079,281455,65701,7977,73678,552
2023-01-12,San Mateo,081,765935,180465,10945,191410,747
2023-01-12,Santa Barbara,083,443738,110791,7508,118299,753
2023-01-12,Santa Clara,085,1922200,468144,20748,488892,2687
2023-01-12,Santa Cruz,087,273765,67356,3808,71164,276
2023-01-12,Shasta,089,179085,36349,8219,44568,608
2023-01-12,Sierra,091,2930,311,61,372,5
2023-01-12,Siskiyou,093,43540,5401,3422,8823,95
2023-01-12,Solano,095,438530,112156,8472,120628,475
2023-01-12,Sonoma,097,501317,112197,5679,117876,548
2023-01-12,Stanislaus,099,539301,143547,22642,166189,1834
2023-01-12,Sutter,101,95872,25454,2527,27981,237
2023-01-12,Tehama,103,63373,14375,3370,17745,232
2023-01-12,Trinity,105,12862,1459,500,1959,23
2023-01-12,Tulare,107,460477,126929,39620,166549,1575
2023-01-12,Tuolumne,109,53932,16645,976,17621,208
2023-01-12,Ventura,111,848112,218806,17764,236570,1655
2023-01-12,Yolo,113,214977,49518,4776,54294,438
2023-01-12,Yuba,115,75493,19837,1832,21669,134
2023-01-11,Alameda,001,1643700,373118,21815,394933,2099
2023-01-11,Alpine,002,1148,139,4,143,0
2023-01-11,Amador,005,37829,10406,959,11365,97
2023-01-11,Butte,007,227075,41304,10041,51345,485
2023-01-11,Calaveras,009,45235,8898,634,9532,139
2023-01-11,Colusa,011,21464,3925,1335,5260,22
2023-01-11,Contra Costa,013,1133247,268492,22066,290558,1536
2023-01-11,Del Norte,015,27424,7776,438,8214,56
2023-01-11,El Dorado,017,186661,34187,4495,38682,242
2023-01-11,Fresno,019,978130,291661,34347,326008,2972
2023-01-11,Glenn,021,27897,5752,1993,7745,56
2023-01-11,Humboldt,023,135768,23155,5763,28918,167
2023-01-11,Imperial,025,180216,69252,18623,87875,977
2023-01-11,Inyo,027,18085,4718,1242,5960,62
2023-01-11,Kern,029,883053,228059,70977,299036,2472
2023-01-11,Kings,031,150075,62174,4380,66554,479
2023-01-11,Lake,033,64148,13492,1267,14759,155
2023-01-11,Lassen,035,31185,10232,1057,11289,65
2023-01-11,Los Angeles,037,10098052,3454000,211281,3665281,35001
2023-01-11,Madera,039,155013,45906,8787,54693,376
2023-01-11,Marin,041,260295,39782,5553,45335,260
2023-01-11,Mariposa,043,17540,3323,358,3681,31
2023-01-11,Mendocino,045,87422,16717,4768,21485,142
2023-01-11,Merced,047,269075,76423,12780,89203,898
2023-01-11,Modoc,049,8938,949,365,1314,11
2023-01-11,Mono,051,14174,3303,297,3600,8
2023-01-11,Monterey,053,433212,97083,22788,119871,792
2023-01-11,Napa,055,140530,34048,1506,35554,163
2023-01-11,Nevada,057,99092,19978,2239,22217,137
2023-01-11,Orange,059,3164182,705083,75400,780483,7883
2023-01-11,Placer,061,380077,79999,10255,90254,679
2023-01-11,Plumas,063,18699,3804,457,4261,14
2023-01-11,Riverside,065,2383286,728228,40199,768427,6783
2023-01-11,Sacramento,067,1510023,366527,37459,403986,3499
2023-01-11,San Benito,069,59416,17426,1102,18528,111
2023-01-11,San Bernardino,071,2135413,704098,33802,737900,8136
2023-01-11,San Diego,073,3302833,972643,78866,1051509,5754
2023-01-11,San Francisco,075,870044,192533,13017,205550,1160
2023-01-11,San Joaquin,077,732212,207447,16582,224029,2413
2023-01-11,San Luis Obispo,079,281455,65690,7970,73660,551
2023-01-11,San Mateo,081,765935,180410,10942,191352,747
2023-01-11,Santa Barbara,083,443738,110752,7503,118255,753
2023-01-11,Santa Clara,085,1922200,467959,20741,488700,2687
2023-01-11,Santa Cruz,087,273765,67336,3804,71140,276
2023-01-11,Shasta,089,179085,36343,8219,44562,608
2023-01-11,Sierra,091,2930,311,61,372,5
2023-01-11,Siskiyou,093,43540,5400,3422,8822,95
2023-01-11,Solano,095,438530,112127,8467,120594,475
2023-01-11,Sonoma,097,501317,112163,5676,117839,547
2023-01-11,Stanislaus,099,539301,143526,22598,166124,1833
2023-01-11,Sutter,101,95872,25447,2526,27973,237
2023-01-11,Tehama,103,63373,14372,3368,17740,232
2023-01-11,Trinity,105,12862,1459,500,1959,23
2023-01-11,Tulare,107,460477,126901,39600,166501,1573
2023-01-11,Tuolumne,109,53932,16637,974,17611,208
2023-01-11,Ventura,111,848112,218745,17753,236498,1655
2023-01-11,Yolo,113,214977,49507,4773,54280,437
2023-01-11,Yuba,115,75493,19832,1829,21661,134
2023-01-10,Alameda,001,1643700,372998,21803,394801,2098
2023-01-10,Alpine,002,1148,139,4,143,0
2023-01-10,Amador,005,37829,10406,959,11365,97
2023-01-10,Butte,007,227075,41290,10036,51326,485
2023-01-10,Calaveras,009,45235,8897,634,9531,139
2023-01-10,Colusa,011,21464,3925,1334,5259,22
2023-01-10,Contra Costa,013,1133247,268392,22051,290443,1536
2023-01-10,Del Norte,015,27424,7773,437,8210,56
2023-01-10,El Dorado,017,186661,34177,4493,38670,242
2023-01-10,Fresno,019,978130,291580,34332,325912,2972
2023-01-10,Glenn,021,27897,5751,1993,7744,56
2023-01-10,Humboldt,023,135768,23152,5759,28911,167
2023-01-10,Imperial,025,180216,69231,18612,87843,975
2023-01-10,Inyo,027,18085,4717,1242,5959,62
2023-01-10,Kern,029,883053,228001,70920,298921,2471
2023-01-10,Kings,031,150075,62152,4379,66531,479
2023-01-10,Lake,033,64148,13487,1267,14754,155
2023-01-10,Lassen,035,31185,10229,1057,11286,65
2023-01-10,Los Angeles,037,10098052,3452815,211097,3663912,34982
2023-01-10,Madera,039,155013,45897,8784,54681,376
2023-01-10,Marin,041,260295,39763,5551,45314,260
2023-01-10,Mariposa,043,17540,3320,358,3678,31
2023-01-10,Mendocino,045,87422,16713,4766,21479,142
2023-01-10,Merced,047,269075,76402,12774,89176,898
2023-01-10,Modoc,049,8938,949,365,1314,11
2023-01-10,Mono,051,14174,3303,296,3599,8
2023-01-10,Monterey,053,433212,97067,22764,119831,792
2023-01-10,Napa,055,140530,34036,1506,35542,163
2023-01-10,Nevada,057,99092,19973,2238,22211,137
2023-01-10,Orange,059,3164182,704843,75335,780178,7877
2023-01-10,Placer,061,380077,79971,10252,90223,679
2023-01-10,Plumas,063,18699,3804,457,4261,14
2023-01-10,Riverside,065,2383286,727993,40169,768162,6778
2023-01-10,Sacramento,067,1510023,366425,37436,403861,3499
2023-01-10,San Benito,069,59416,17421,1102,18523,111
2023-01-10,San Bernardino,071,2135413,703902,33780,737682,8136
2023-01-10,San Diego,073,3302833,972270,78801,1051071,5753
2023-01-10,San Francisco,075,870044,192460,13012,205472,1160
2023-01-10,San Joaquin,077,732212,207375,16578,223953,2412
2023-01-10,San Luis Obispo,079,281455,65664,7958,73622,551
2023-01-10,San Mateo,081,765935,180337,10938,191275,747
2023-01-10,Santa Barbara,083,443738,110706,7493,118199,753
2023-01-10,Santa Clara,085,1922200,467727,20727,488454,2686
2023-01-10,Santa Cruz,087,273765,67308,3797,71105,276
2023-01-10,Shasta,089,179085,36331,8218,44549,608
2023-01-10,Sierra,091,2930,311,61,372,5
2023-01-10,Siskiyou,093,43540,5399,3422,8821,95
2023-01-10,Solano,095,438530,112085,8463,120548,475
2023-01-10,Sonoma,097,501317,112129,5674,117803,547
2023-01-10,Stanislaus,099,539301,143482,22594,166076,1833
2023-01-10,Sutter,101,95872,25436,2526,27962,237
2023-01-10,Tehama,103,63373,14367,3367,17734,232
2023-01-10,Trinity,105,12862,1457,500,1957,23
2023-01-10,Tulare,107,460477,126851,39579,166430,1573
2023-01-10,Tuolumne,109,53932,16632,974,17606,208
2023-01-10,Ventura,111,848112,218662,17739,236401,1655
2023-01-10,Yolo,113,214977,49501,4771,54272,437
2023-01-10,Yuba,115,75493,19823,1828,21651,134
2023-01-09,Alameda,001,1643700,372824,21786,394610,2096
2023-01-09,Alpine,002,1148,139,4,143,0
2023-01-09,Amador,005,37829,10401,959,11360,97
2023-01-09,Butte,007,227075,41279,10031,51310,485
2023-01-09,Calaveras,009,45235,8894,634,9528,139
2023-01-09,Colusa,011,21464,3923,1334,5257,22
2023-01-09,Contra Costa,013,1133247,268277,22041,290318,1535
2023-01-09,Del Norte,015,27424,7773,437,8210,56
2023-01-09,El Dorado,017,186661,34172,4492,38664,242
2023-01-09,Fresno,019,978130,291472,34314,325786,2972
2023-01-09,Glenn,021,27897,5750,1993,7743,56
2023-01-09,Humboldt,023,135768,23145,5751,28896,167
2023-01-09,Imperial,025,180216,69209,18602,87811,975
2023-01-09,Inyo,027,18085,4715,1239,5954,62
2023-01-09,Kern,029,883053,227958,70874,298832,2470
2023-01-09,Kings,031,150075,62129,4377,66506,479
2023-01-09,Lake,033,64148,13484,1267,14751,155
2023-01-09,Lassen,035,31185,10228,1056,11284,65
2023-01-09,Los Angeles,037,10098052,3451726,210908,3662634,34961
2023-01-09,Madera,039,155013,45884,8774,54658,376
2023-01-09,Marin,041,260295,39744,5546,45290,260
2023-01-09,Mariposa,043,17540,3320,358,3678,31
2023-01-09,Mendocino,045,87422,16709,4764,21473,142
2023-01-09,Merced,047,269075,76378,12772,89150,898
2023-01-09,Modoc,049,8938,949,365,1314,11
2023-01-09,Mono,051,14174,3301,296,3597,8
2023-01-09,Monterey,053,433212,97046,22744,119790,792
2023-01-09,Napa,055,140530,34029,1503,35532,163
2023-01-09,Nevada,057,99092,19969,2238,22207,137
2023-01-09,Orange,059,3164182,704565,75235,779800,7872
2023-01-09,Placer,061,380077,79945,10248,90193,679
2023-01-09,Plumas,063,18699,3804,456,4260,14
2023-01-09,Riverside,065,2383286,727770,40138,767908,6774
2023-01-09,Sacramento,067,1510023,366309,37424,403733,3490
2023-01-09,San Benito,069,59416,17417,1102,18519,111
2023-01-09,San Bernardino,071,2135413,703721,33759,737480,8136
2023-01-09,San Diego,073,3302833,971832,78735,1050567,5748
2023-01-09,San Francisco,075,870044,192374,13004,205378,1160
2023-01-09,San Joaquin,077,732212,207313,16567,223880,2411
2023-01-09,San Luis Obispo,079,281455,65647,7951,73598,551
2023-01-09,San Mateo,081,765935,180257,10934,191191,747
2023-01-09,Santa Barbara,083,443738,110677,7492,118169,753
2023-01-09,Santa Clara,085,1922200,467520,20707,488227,2683
2023-01-09,Santa Cruz,087,273765,67271,3794,71065,276
2023-01-09,Shasta,089,179085,36327,8216,44543,608
2023-01-09,Sierra,091,2930,311,61,372,5
2023-01-09,Siskiyou,093,43540,5398,3421,8819,95
2023-01-09,Solano,095,438530,112033,8456,120489,475
2023-01-09,Sonoma,097,501317,112100,5671,117771,547
2023-01-09,Stanislaus,099,539301,143437,22587,166024,1833
2023-01-09,Sutter,101,95872,25426,2526,27952,237
2023-01-09,Tehama,103,63373,14365,3364,17729,232
2023-01-09,Trinity,105,12862,1457,498,1955,23
2023-01-09,Tulare,107,460477,126800,39558,166358,1573
2023-01-09,Tuolumne,109,53932,16626,973,17599,208
2023-01-09,Ventura,111,848112,218582,17728,236310,1654
2023-01-09,Yolo,113,214977,49489,4770,54259,437
2023-01-09,Yuba,115,75493,19812,1828,21640,134
2023-01-08,Alameda,001,1643700,372608,21765,394373,2095
2023-01-08,Alpine,002,1148,139,4,143,0
2023-01-08,Amador,005,37829,10395,958,11353,97
2023-01-08,Butte,007,227075,41265,10025,51290,484
2023-01-08,Calaveras,009,45235,8889,634,9523,139
2023-01-08,Colusa,011,21464,3923,1332,5255,22
2023-01-08,Contra Costa,013,1133247,268143,22028,290171,1535
2023-01-08,Del Norte,015,27424,7770,437,8207,56
2023-01-08,El Dorado,017,186661,34164,4492,38656,242
2023-01-08,Fresno,019,978130,291361,34301,325662,2970
2023-01-08,Glenn,021,27897,5749,1993,7742,56
2023-01-08,Humboldt,023,135768,23137,5742,28879,167
2023-01-08,Imperial,025,180216,69185,18593,87778,975
2023-01-08,Inyo,027,18085,4713,1238,5951,62
2023-01-08,Kern,029,883053,227873,70808,298681,2469
2023-01-08,Kings,031,150075,62105,4375,66480,479
2023-01-08,Lake,033,64148,13478,1267,14745,155
2023-01-08,Lassen,035,31185,10226,1055,11281,65
2023-01-08,Los Angeles,037,10098052,3450333,210657,3660990,34943
2023-01-08,Madera,039,155013,45864,8769,54633,376
2023-01-08,Marin,041,260295,39722,5541,45263,260
2023-01-08,Mariposa,043,17540,3320,358,3678,31
2023-01-08,Mendocino,045,87422,16698,4762,21460,142
2023-01-08,Merced,047,269075,76347,12765,89112,897
2023-01-08,Modoc,049,8938,949,364,1313,11
2023-01-08,Mono,051,14174,3298,296,3594,8
2023-01-08,Monterey,053,433212,97022,22713,119735,791
2023-01-08,Napa,055,140530,34005,1502,35507,163
2023-01-08,Nevada,057,99092,19960,2235,22195,137
2023-01-08,Orange,059,3164182,704241,75122,779363,7863
2023-01-08,Placer,061,380077,79904,10244,90148,679
2023-01-08,Plumas,063,18699,3804,456,4260,14
2023-01-08,Riverside,065,2383286,727496,40082,767578,6772
2023-01-08,Sacramento,067,1510023,366166,37395,403561,3484
2023-01-08,San Benito,069,59416,17412,1102,18514,111
2023-01-08,San Bernardino,071,2135413,703472,33728,737200,8135
2023-01-08,San Diego,073,3302833,971285,78637,1049922,5745
2023-01-08,San Francisco,075,870044,192248,12992,205240,1160
2023-01-08,San Joaquin,077,732212,207230,16559,223789,2410
2023-01-08,San Luis Obispo,079,281455,65630,7942,73572,551
2023-01-08,San Mateo,081,765935,180160,10929,191089,747
2023-01-08,Santa Barbara,083,443738,110646,7484,118130,753
2023-01-08,Santa Clara,085,1922200,467224,20689,487913,2683
2023-01-08,Santa Cruz,087,273765,67252,3792,71044,276
2023-01-08,Shasta,089,179085,36320,8212,44532,608
2023-01-08,Sierra,091,2930,311,61,372,5
2023-01-08,Siskiyou,093,43540,5394,3421,8815,95
2023-01-08,Solano,095,438530,111953,8452,120405,475
2023-01-08,Sonoma,097,501317,112048,5668,117716,547
2023-01-08,Stanislaus,099,539301,143396,22578,165974,1833
2023-01-08,Sutter,101,95872,25416,2526,27942,237
2023-01-08,Tehama,103,63373,14362,3361,17723,231
2023-01-08,Trinity,105,12862,1457,498,1955,23
2023-01-08,Tulare,107,460477,126751,39536,166287,1572
2023-01-08,Tuolumne,109,53932,16619,972,17591,207
2023-01-08,Ventura,111,848112,218491,17711,236202,1654
2023-01-08,Yolo,113,214977,49468,4765,54233,436
2023-01-08,Yuba,115,75493,19809,1828,21637,134
2023-01-07,Alameda,001,1643700,372508,21750,394258,2095
2023-01-07,Alpine,002,1148,139,4,143,0
2023-01-07,Amador,005,37829,10394,958,11352,97
2023-01-07,Butte,007,227075,41259,10021,51280,484
2023-01-07,Calaveras,009,45235,8888,633,9521,139
2023-01-07,Colusa,011,21464,3922,1332,5254,22
2023-01-07,Contra Costa,013,1133247,268060,22024,290084,1535
2023-01-07,Del Norte,015,27424,7768,437,8205,56
2023-01-07,El Dorado,017,186661,34156,4490,38646,242
2023-01-07,Fresno,019,978130,291304,34296,325600,2970
2023-01-07,Glenn,021,27897,5748,1991,7739,56
2023-01-07,Humboldt,023,135768,23132,5736,28868,167
2023-01-07,Imperial,025,180216,69170,18593,87763,975
2023-01-07,Inyo,027,18085,4713,1238,5951,62
2023-01-07,Kern,029,883053,227828,70752,298580,2468
2023-01-07,Kings,031,150075,62088,4373,66461,479
2023-01-07,Lake,033,64148,13476,1267,14743,155
2023-01-07,Lassen,035,31185,10224,1055,11279,65
2023-01-07,Los Angeles,037,10098052,3449467,210522,3659989,34929
2023-01-07,Madera,039,155013,45855,8769,54624,376
2023-01-07,Marin,041,260295,39707,5541,45248,260
2023-01-07,Mariposa,043,17540,3319,358,3677,31
2023-01-07,Mendocino,045,87422,16692,4761,21453,142
2023-01-07,Merced,047,269075,76332,12765,89097,897
2023-01-07,Modoc,049,8938,949,364,1313,11
2023-01-07,Mono,051,14174,3298,296,3594,8
2023-01-07,Monterey,053,433212,97004,22707,119711,791
2023-01-07,Napa,055,140530,34002,1501,35503,163
2023-01-07,Nevada,057,99092,19959,2234,22193,137
2023-01-07,Orange,059,3164182,704044,75047,779091,7859
2023-01-07,Placer,061,380077,79876,10242,90118,679
2023-01-07,Plumas,063,18699,3804,456,4260,14
2023-01-07,Riverside,065,2383286,727346,40062,767408,6770
2023-01-07,Sacramento,067,1510023,366096,37388,403484,3484
2023-01-07,San Benito,069,59416,17408,1102,18510,111
2023-01-07,San Bernardino,071,2135413,703300,33712,737012,8135
2023-01-07,San Diego,073,3302833,971012,78620,1049632,5740
2023-01-07,San Francisco,075,870044,192183,12985,205168,1159
2023-01-07,San Joaquin,077,732212,207180,16550,223730,2410
2023-01-07,San Luis Obispo,079,281455,65621,7936,73557,550
2023-01-07,San Mateo,081,765935,180117,10920,191037,747
2023-01-07,Santa Barbara,083,443738,110607,7473,118080,753
2023-01-07,Santa Clara,085,1922200,467075,20679,487754,2681
2023-01-07,Santa Cruz,087,273765,67240,3789,71029,276
2023-01-07,Shasta,089,179085,36313,8211,44524,608
2023-01-07,Sierra,091,2930,311,61,372,5
2023-01-07,Siskiyou,093,43540,5391,3421,8812,95
2023-01-07,Solano,095,438530,111927,8450,120377,475
2023-01-07,Sonoma,097,501317,112040,5668,117708,547
2023-01-07,Stanislaus,099,539301,143363,22571,165934,1832
2023-01-07,Sutter,101,95872,25410,2525,27935,237
2023-01-07,Tehama,103,63373,14360,3359,17719,231
2023-01-07,Trinity,105,12862,1457,498,1955,23
2023-01-07,Tulare,107,460477,126730,39524,166254,1571
2023-01-07,Tuolumne,109,53932,16611,972,17583,207
2023-01-07,Ventura,111,848112,218442,17689,236131,1654
2023-01-07,Yolo,113,214977,49458,4763,54221,436
2023-01-07,Yuba,115,75493,19802,1828,21630,134
2023-01-06,Alameda,001,1643700,372385,21741,394126,2095
2023-01-06,Alpine,002,1148,139,4,143,0
2023-01-06,Amador,005,37829,10391,957,11348,97
2023-01-06,Butte,007,227075,41250,10017,51267,483
2023-01-06,Calaveras,009,45235,8888,633,9521,139
2023-01-06,Colusa,011,21464,3921,1331,5252,22
2023-01-06,Contra Costa,013,1133247,267972,22019,289991,1534
2023-01-06,Del Norte,015,27424,7767,437,8204,56
2023-01-06,El Dorado,017,186661,34146,4489,38635,242
2023-01-06,Fresno,019,978130,291221,34282,325503,2970
2023-01-06,Glenn,021,27897,5746,1991,7737,56
2023-01-06,Humboldt,023,135768,23127,5733,28860,167
2023-01-06,Imperial,025,180216,69159,18591,87750,975
2023-01-06,Inyo,027,18085,4712,1236,5948,62
2023-01-06,Kern,029,883053,227790,70694,298484,2467
2023-01-06,Kings,031,150075,62071,4373,66444,479
2023-01-06,Lake,033,64148,13473,1267,14740,155
2023-01-06,Lassen,035,31185,10221,1055,11276,65
2023-01-06,Los Angeles,037,10098052,3448482,210343,3658825,34912
2023-01-06,Madera,039,155013,45847,8764,54611,376
2023-01-06,Marin,041,260295,39692,5539,45231,260
2023-01-06,Mariposa,043,17540,3319,357,3676,31
2023-01-06,Mendocino,045,87422,16688,4761,21449,142
2023-01-06,Merced,047,269075,76313,12763,89076,897
2023-01-06,Modoc,049,8938,949,364,1313,11
2023-01-06,Mono,051,14174,3298,295,3593,8
2023-01-06,Monterey,053,433212,96989,22686,119675,791
2023-01-06,Napa,055,140530,33990,1498,35488,163
2023-01-06,Nevada,057,99092,19957,2233,22190,137
2023-01-06,Orange,059,3164182,703781,74964,778745,7856
2023-01-06,Placer,061,380077,79850,10241,90091,679
2023-01-06,Plumas,063,18699,3804,456,4260,14
2023-01-06,Riverside,065,2383286,727161,40033,767194,6768
2023-01-06,Sacramento,067,1510023,366000,37384,403384,3484
2023-01-06,San Benito,069,59416,17400,1098,18498,111
2023-01-06,San Bernardino,071,2135413,703118,33697,736815,8134
2023-01-06,San Diego,073,3302833,970690,78589,1049279,5737
2023-01-06,San Francisco,075,870044,192110,12980,205090,1157
2023-01-06,San Joaquin,077,732212,207118,16545,223663,2408
2023-01-06,San Luis Obispo,079,281455,65607,7931,73538,550
2023-01-06,San Mateo,081,765935,180066,10914,190980,747
2023-01-06,Santa Barbara,083,443738,110560,7470,118030,753
2023-01-06,Santa Clara,085,1922200,466897,20667,487564,2680
2023-01-06,Santa Cruz,087,273765,67225,3784,71009,276
2023-01-06,Shasta,089,179085,36308,8209,44517,608
2023-01-06,Sierra,091,2930,311,61,372,5
2023-01-06,Siskiyou,093,43540,5389,3421,8810,95
2023-01-06,Solano,095,438530,111886,8447,120333,475
2023-01-06,Sonoma,097,501317,112015,5664,117679,546
2023-01-06,Stanislaus,099,539301,143340,22568,165908,1832
2023-01-06,Sutter,101,95872,25407,2525,27932,237
2023-01-06,Tehama,103,63373,14357,3358,17715,231
2023-01-06,Trinity,105,12862,1457,495,1952,23
2023-01-06,Tulare,107,460477,126707,39507,166214,1570
2023-01-06,Tuolumne,109,53932,16600,972,17572,207
2023-01-06,Ventura,111,848112,218377,17682,236059,1654
2023-01-06,Yolo,113,214977,49447,4761,54208,435
2023-01-06,Yuba,115,75493,19794,1828,21622,134
2023-01-05,Alameda,001,1643700,372163,21726,393889,2090
2023-01-05,Alpine,002,1148,139,4,143,0
2023-01-05,Amador,005,37829,10390,957,11347,97
2023-01-05,Butte,007,227075,41239,10010,51249,483
2023-01-05,Calaveras,009,45235,8887,633,9520,139
2023-01-05,Colusa,011,21464,3918,1331,5249,22
2023-01-05,Contra Costa,013,1133247,267814,22015,289829,1533
2023-01-05,Del Norte,015,27424,7765,437,8202,56
2023-01-05,El Dorado,017,186661,34130,4489,38619,242
2023-01-05,Fresno,019,978130,291114,34267,325381,2968
2023-01-05,Glenn,021,27897,5745,1990,7735,56
2023-01-05,Humboldt,023,135768,23115,5726,28841,167
2023-01-05,Imperial,025,180216,69131,18578,87709,975
2023-01-05,Inyo,027,18085,4712,1235,5947,62
2023-01-05,Kern,029,883053,227689,70620,298309,2467
2023-01-05,Kings,031,150075,62048,4373,66421,479
2023-01-05,Lake,033,64148,13464,1265,14729,155
2023-01-05,Lassen,035,31185,10219,1050,11269,65
2023-01-05,Los Angeles,037,10098052,3447034,210087,3657121,34888
2023-01-05,Madera,039,155013,45834,8752,54586,376
2023-01-05,Marin,041,260295,39674,5535,45209,260
2023-01-05,Mariposa,043,17540,3316,357,3673,31
2023-01-05,Mendocino,045,87422,16682,4761,21443,142
2023-01-05,Merced,047,269075,76284,12750,89034,897
2023-01-05,Modoc,049,8938,949,364,1313,11
2023-01-05,Mono,051,14174,3294,295,3589,8
2023-01-05,Monterey,053,433212,96961,22653,119614,789
2023-01-05,Napa,055,140530,33975,1495,35470,163
2023-01-05,Nevada,057,99092,19950,2233,22183,137
2023-01-05,Orange,059,3164182,703420,74848,778268,7849
2023-01-05,Placer,061,380077,79810,10239,90049,679
2023-01-05,Plumas,063,18699,3801,456,4257,14
2023-01-05,Riverside,065,2383286,726893,39988,766881,6766
2023-01-05,Sacramento,067,1510023,365830,37367,403197,3482
2023-01-05,San Benito,069,59416,17393,1097,18490,111
2023-01-05,San Bernardino,071,2135413,702889,33681,736570,8134
2023-01-05,San Diego,073,3302833,970237,78501,1048738,5731
2023-01-05,San Francisco,075,870044,191966,12963,204929,1156
2023-01-05,San Joaquin,077,732212,207032,16539,223571,2406
2023-01-05,San Luis Obispo,079,281455,65583,7919,73502,549
2023-01-05,San Mateo,081,765935,179960,10904,190864,747
2023-01-05,Santa Barbara,083,443738,110502,7460,117962,751
2023-01-05,Santa Clara,085,1922200,466577,20651,487228,2676
2023-01-05,Santa Cruz,087,273765,67199,3783,70982,276
2023-01-05,Shasta,089,179085,36299,8204,44503,608
2023-01-05,Sierra,091,2930,311,61,372,5
2023-01-05,Siskiyou,093,43540,5386,3421,8807,95
2023-01-05,Solano,095,438530,111824,8440,120264,475
2023-01-05,Sonoma,097,501317,111958,5660,117618,546
2023-01-05,Stanislaus,099,539301,143291,22556,165847,1832
2023-01-05,Sutter,101,95872,25394,2525,27919,237
2023-01-05,Tehama,103,63373,14352,3354,17706,231
2023-01-05,Trinity,105,12862,1456,494,1950,23
2023-01-05,Tulare,107,460477,126664,39480,166144,1570
2023-01-05,Tuolumne,109,53932,16583,972,17555,207
2023-01-05,Ventura,111,848112,218273,17663,235936,1651
2023-01-05,Yolo,113,214977,49434,4758,54192,435
2023-01-05,Yuba,115,75493,19788,1827,21615,134
2023-01-04,Alameda,001,1643700,371932,21702,393634,2089
2023-01-04,Alpine,002,1148,139,4,143,0
2023-01-04,Amador,005,37829,10384,956,11340,97
2023-01-04,Butte,007,227075,41226,9996,51222,482
2023-01-04,Calaveras,009,45235,8885,632,9517,139
2023-01-04,Colusa,011,21464,3916,1329,5245,22
2023-01-04,Contra Costa,013,1133247,267645,21998,289643,1533
2023-01-04,Del Norte,015,27424,7763,437,8200,56
2023-01-04,El Dorado,017,186661,34121,4489,38610,242
2023-01-04,Fresno,019,978130,290991,34251,325242,2968
2023-01-04,Glenn,021,27897,5745,1987,7732,56
2023-01-04,Humboldt,023,135768,23111,5723,28834,167
2023-01-04,Imperial,025,180216,69116,18561,87677,975
2023-01-04,Inyo,027,18085,4708,1232,5940,62
2023-01-04,Kern,029,883053,227587,70534,298121,2467
2023-01-04,Kings,031,150075,62026,4373,66399,479
2023-01-04,Lake,033,64148,13461,1264,14725,154
2023-01-04,Lassen,035,31185,10215,1048,11263,65
2023-01-04,Los Angeles,037,10098052,3445512,209841,3655353,34858
2023-01-04,Madera,039,155013,45821,8748,54569,376
2023-01-04,Marin,041,260295,39649,5532,45181,260
2023-01-04,Mariposa,043,17540,3316,357,3673,31
2023-01-04,Mendocino,045,87422,16678,4755,21433,141
2023-01-04,Merced,047,269075,76261,12747,89008,897
2023-01-04,Modoc,049,8938,947,364,1311,11
2023-01-04,Mono,051,14174,3293,295,3588,8
2023-01-04,Monterey,053,433212,96924,22626,119550,788
2023-01-04,Napa,055,140530,33948,1495,35443,163
2023-01-04,Nevada,057,99092,19942,2231,22173,137
2023-01-04,Orange,059,3164182,703071,74739,777810,7842
2023-01-04,Placer,061,380077,79776,10236,90012,679
2023-01-04,Plumas,063,18699,3801,456,4257,14
2023-01-04,Riverside,065,2383286,726611,39935,766546,6765
2023-01-04,Sacramento,067,1510023,365704,37329,403033,3481
2023-01-04,San Benito,069,59416,17383,1097,18480,111
2023-01-04,San Bernardino,071,2135413,702664,33652,736316,8133
2023-01-04,San Diego,073,3302833,969678,78408,1048086,5729
2023-01-04,San Francisco,075,870044,191868,12956,204824,1155
2023-01-04,San Joaquin,077,732212,206933,16531,223464,2402
2023-01-04,San Luis Obispo,079,281455,65556,7904,73460,549
2023-01-04,San Mateo,081,765935,179877,10899,190776,747
2023-01-04,Santa Barbara,083,443738,110450,7453,117903,750
2023-01-04,Santa Clara,085,1922200,466283,20629,486912,2675
2023-01-04,Santa Cruz,087,273765,67173,3781,70954,276
2023-01-04,Shasta,089,179085,36282,8204,44486,608
2023-01-04,Sierra,091,2930,311,61,372,5
2023-01-04,Siskiyou,093,43540,5384,3421,8805,95
2023-01-04,Solano,095,438530,111769,8434,120203,474
2023-01-04,Sonoma,097,501317,111922,5656,117578,545
2023-01-04,Stanislaus,099,539301,143254,22546,165800,1831
2023-01-04,Sutter,101,95872,25384,2524,27908,237
2023-01-04,Tehama,103,63373,14349,3353,17702,230
2023-01-04,Trinity,105,12862,1455,494,1949,23
2023-01-04,Tulare,107,460477,126610,39448,166058,1569
2023-01-04,Tuolumne,109,53932,16572,972,17544,207
2023-01-04,Ventura,111,848112,218180,17643,235823,1650
2023-01-04,Yolo,113,214977,49421,4758,54179,435
2023-01-04,Yuba,115,75493,19782,1825,21607,134
2023-01-03,Alameda,001,1643700,371683,21677,393360,2087
2023-01-03,Alpine,002,1148,139,4,143,0
2023-01-03,Amador,005,37829,10376,956,11332,97
2023-01-03,Butte,007,227075,41214,9992,51206,482
2023-01-03,Calaveras,009,45235,8880,631,9511,139
2023-01-03,Colusa,011,21464,3916,1329,5245,22
2023-01-03,Contra Costa,013,1133247,267458,21987,289445,1531
2023-01-03,Del Norte,015,27424,7760,435,8195,56
2023-01-03,El Dorado,017,186661,34103,4487,38590,242
2023-01-03,Fresno,019,978130,290844,34228,325072,2966
2023-01-03,Glenn,021,27897,5744,1984,7728,56
2023-01-03,Humboldt,023,135768,23101,5720,28821,167
2023-01-03,Imperial,025,180216,69087,18544,87631,974
2023-01-03,Inyo,027,18085,4707,1231,5938,62
2023-01-03,Kern,029,883053,227464,70418,297882,2466
2023-01-03,Kings,031,150075,61990,4373,66363,479
2023-01-03,Lake,033,64148,13452,1264,14716,154
2023-01-03,Lassen,035,31185,10212,1046,11258,65
2023-01-03,Los Angeles,037,10098052,3443757,209519,3653276,34843
2023-01-03,Madera,039,155013,45807,8741,54548,376
2023-01-03,Marin,041,260295,39635,5527,45162,260
2023-01-03,Mariposa,043,17540,3315,357,3672,31
2023-01-03,Mendocino,045,87422,16675,4754,21429,140
2023-01-03,Merced,047,269075,76225,12741,88966,897
2023-01-03,Modoc,049,8938,945,364,1309,11
2023-01-03,Mono,051,14174,3292,295,3587,8
2023-01-03,Monterey,053,433212,96894,22603,119497,788
2023-01-03,Napa,055,140530,33921,1493,35414,163
2023-01-03,Nevada,057,99092,19933,2231,22164,137
2023-01-03,Orange,059,3164182,702636,74595,777231,7834
2023-01-03,Placer,061,380077,79725,10228,89953,679
2023-01-03,Plumas,063,18699,3801,456,4257,14
2023-01-03,Riverside,065,2383286,726239,39874,766113,6763
2023-01-03,Sacramento,067,1510023,365503,37306,402809,3480
2023-01-03,San Benito,069,59416,17376,1096,18472,111
2023-01-03,San Bernardino,071,2135413,702347,33618,735965,8131
2023-01-03,San Diego,073,3302833,969007,78304,1047311,5725
2023-01-03,San Francisco,075,870044,191766,12953,204719,1154
2023-01-03,San Joaquin,077,732212,206839,16515,223354,2401
2023-01-03,San Luis Obispo,079,281455,65521,7884,73405,548
2023-01-03,San Mateo,081,765935,179799,10895,190694,747
2023-01-03,Santa Barbara,083,443738,110385,7440,117825,750
2023-01-03,Santa Clara,085,1922200,466015,20607,486622,2672
2023-01-03,Santa Cruz,087,273765,67150,3776,70926,276
2023-01-03,Shasta,089,179085,36275,8204,44479,608
2023-01-03,Sierra,091,2930,311,61,372,5
2023-01-03,Siskiyou,093,43540,5382,3421,8803,95
2023-01-03,Solano,095,438530,111713,8424,120137,474
2023-01-03,Sonoma,097,501317,111878,5656,117534,544
2023-01-03,Stanislaus,099,539301,143199,22541,165740,1829
2023-01-03,Sutter,101,95872,25377,2523,27900,237
2023-01-03,Tehama,103,63373,14341,3352,17693,230
2023-01-03,Trinity,105,12862,1455,492,1947,23
2023-01-03,Tulare,107,460477,126552,39408,165960,1568
2023-01-03,Tuolumne,109,53932,16557,972,17529,207
2023-01-03,Ventura,111,848112,218062,17604,235666,1649
2023-01-03,Yolo,113,214977,49406,4755,54161,435
2023-01-03,Yuba,115,75493,19778,1823,21601,134
2023-01-02,Alameda,001,1643700,371329,21639,392968,2085
2023-01-02,Alpine,002,1148,139,4,143,0
2023-01-02,Amador,005,37829,10373,956,11329,97
2023-01-02,Butte,007,227075,41191,9990,51181,482
2023-01-02,Calaveras,009,45235,8875,631,9506,139
2023-01-02,Colusa,011,21464,3915,1329,5244,22
2023-01-02,Contra Costa,013,1133247,267222,21977,289199,1529
2023-01-02,Del Norte,015,27424,7756,433,8189,56
2023-01-02,El Dorado,017,186661,34085,4484,38569,242
2023-01-02,Fresno,019,978130,290666,34199,324865,2965
2023-01-02,Glenn,021,27897,5742,1982,7724,56
2023-01-02,Humboldt,023,135768,23088,5706,28794,167
2023-01-02,Imperial,025,180216,69048,18505,87553,973
2023-01-02,Inyo,027,18085,4705,1228,5933,62
2023-01-02,Kern,029,883053,227338,70276,297614,2466
2023-01-02,Kings,031,150075,61946,4371,66317,479
2023-01-02,Lake,033,64148,13440,1262,14702,154
2023-01-02,Lassen,035,31185,10209,1044,11253,65
2023-01-02,Los Angeles,037,10098052,3441558,209101,3650659,34819
2023-01-02,Madera,039,155013,45784,8732,54516,376
2023-01-02,Marin,041,260295,39599,5524,45123,260
2023-01-02,Mariposa,043,17540,3311,357,3668,30
2023-01-02,Mendocino,045,87422,16669,4746,21415,140
2023-01-02,Merced,047,269075,76193,12734,88927,897
2023-01-02,Modoc,049,8938,941,364,1305,11
2023-01-02,Mono,051,14174,3289,294,3583,8
2023-01-02,Monterey,053,433212,96876,22579,119455,788
2023-01-02,Napa,055,140530,33897,1492,35389,163
2023-01-02,Nevada,057,99092,19927,2230,22157,137
2023-01-02,Orange,059,3164182,702093,74403,776496,7833
2023-01-02,Placer,061,380077,79685,10222,89907,679
2023-01-02,Plumas,063,18699,3799,456,4255,14
2023-01-02,Riverside,065,2383286,725768,39802,765570,6760
2023-01-02,Sacramento,067,1510023,365286,37279,402565,3474
2023-01-02,San Benito,069,59416,17366,1093,18459,111
2023-01-02,San Bernardino,071,2135413,701963,33555,735518,8130
2023-01-02,San Diego,073,3302833,968238,78184,1046422,5722
2023-01-02,San Francisco,075,870044,191583,12948,204531,1153
2023-01-02,San Joaquin,077,732212,206723,16504,223227,2401
2023-01-02,San Luis Obispo,079,281455,65461,7856,73317,548
2023-01-02,San Mateo,081,765935,179643,10887,190530,747
2023-01-02,Santa Barbara,083,443738,110310,7422,117732,750
2023-01-02,Santa Clara,085,1922200,465542,20574,486116,2670
2023-01-02,Santa Cruz,087,273765,67119,3767,70886,276
2023-01-02,Shasta,089,179085,36267,8196,44463,608
2023-01-02,Sierra,091,2930,311,61,372,5
2023-01-02,Siskiyou,093,43540,5378,3420,8798,95
2023-01-02,Solano,095,438530,111632,8415,120047,474
2023-01-02,Sonoma,097,501317,111818,5652,117470,544
2023-01-02,Stanislaus,099,539301,143134,22528,165662,1827
2023-01-02,Sutter,101,95872,25364,2522,27886,237
2023-01-02,Tehama,103,63373,14337,3352,17689,230
2023-01-02,Trinity,105,12862,1454,487,1941,23
2023-01-02,Tulare,107,460477,126466,39360,165826,1568
2023-01-02,Tuolumne,109,53932,16552,972,17524,207
2023-01-02,Ventura,111,848112,217920,17555,235475,1649
2023-01-02,Yolo,113,214977,49381,4753,54134,435
2023-01-02,Yuba,115,75493,19764,1822,21586,134
2023-01-01,Alameda,001,1643700,371119,21617,392736,2084
2023-01-01,Alpine,002,1148,139,4,143,0
2023-01-01,Amador,005,37829,10371,955,11326,97
2023-01-01,Butte,007,227075,41179,9980,51159,482
2023-01-01,Calaveras,009,45235,8873,630,9503,139
2023-01-01,Colusa,011,21464,3914,1329,5243,22
2023-01-01,Contra Costa,013,1133247,267037,21969,289006,1528
2023-01-01,Del Norte,015,27424,7754,433,8187,56
2023-01-01,El Dorado,017,186661,34060,4483,38543,242
2023-01-01,Fresno,019,978130,290531,34178,324709,2962
2023-01-01,Glenn,021,27897,5739,1973,7712,56
2023-01-01,Humboldt,023,135768,23078,5700,28778,167
2023-01-01,Imperial,025,180216,69030,18495,87525,973
2023-01-01,Inyo,027,18085,4703,1224,5927,62
2023-01-01,Kern,029,883053,227267,70179,297446,2465
2023-01-01,Kings,031,150075,61920,4369,66289,478
2023-01-01,Lake,033,64148,13431,1262,14693,154
2023-01-01,Lassen,035,31185,10208,1043,11251,65
2023-01-01,Los Angeles,037,10098052,3439703,208797,3648500,34800
2023-01-01,Madera,039,155013,45772,8729,54501,376
2023-01-01,Marin,041,260295,39571,5522,45093,260
2023-01-01,Mariposa,043,17540,3309,356,3665,30
2023-01-01,Mendocino,045,87422,16661,4745,21406,140
2023-01-01,Merced,047,269075,76161,12727,88888,897
2023-01-01,Modoc,049,8938,941,364,1305,11
2023-01-01,Mono,051,14174,3288,293,3581,8
2023-01-01,Monterey,053,433212,96848,22561,119409,788
2023-01-01,Napa,055,140530,33886,1491,35377,163
2023-01-01,Nevada,057,99092,19922,2229,22151,137
2023-01-01,Orange,059,3164182,701671,74204,775875,7832
2023-01-01,Placer,061,380077,79655,10215,89870,679
2023-01-01,Plumas,063,18699,3797,456,4253,13
2023-01-01,Riverside,065,2383286,725356,39740,765096,6758
2023-01-01,Sacramento,067,1510023,365118,37253,402371,3470
2023-01-01,San Benito,069,59416,17362,1092,18454,111
2023-01-01,San Bernardino,071,2135413,701638,33519,735157,8128
2023-01-01,San Diego,073,3302833,967730,78099,1045829,5720
2023-01-01,San Francisco,075,870044,191466,12935,204401,1153
2023-01-01,San Joaquin,077,732212,206646,16497,223143,2401
2023-01-01,San Luis Obispo,079,281455,65440,7843,73283,547
2023-01-01,San Mateo,081,765935,179551,10881,190432,747
2023-01-01,Santa Barbara,083,443738,110238,7420,117658,750
2023-01-01,Santa Clara,085,1922200,465234,20550,485784,2667
2023-01-01,Santa Cruz,087,273765,67105,3764,70869,276
2023-01-01,Shasta,089,179085,36258,8191,44449,608
2023-01-01,Sierra,091,2930,311,61,372,5
2023-01-01,Siskiyou,093,43540,5376,3420,8796,95
2023-01-01,Solano,095,438530,111562,8405,119967,474
2023-01-01,Sonoma,097,501317,111773,5649,117422,544
2023-01-01,Stanislaus,099,539301,143077,22521,165598,1827
2023-01-01,Sutter,101,95872,25355,2522,27877,237
2023-01-01,Tehama,103,63373,14331,3351,17682,229
2023-01-01,Trinity,105,12862,1454,487,1941,23
2023-01-01,Tulare,107,460477,126412,39319,165731,1568
2023-01-01,Tuolumne,109,53932,16549,972,17521,207
2023-01-01,Ventura,111,848112,217817,17529,235346,1649
2023-01-01,Yolo,113,214977,49367,4751,54118,435
2023-01-01,Yuba,115,75493,19755,1821,21576,134
2022-12-31,Alameda,001,1643700,370981,21604,392585,2081
2022-12-31,Alpine,002,1148,139,4,143,0
2022-12-31,Amador,005,37829,10369,955,11324,97
2022-12-31,Butte,007,227075,41170,9976,51146,482
2022-12-31,Calaveras,009,45235,8871,630,9501,139
2022-12-31,Colusa,011,21464,3913,1328,5241,22
2022-12-31,Contra Costa,013,1133247,266929,21966,288895,1527
2022-12-31,Del Norte,015,27424,7752,433,8185,56
2022-12-31,El Dorado,017,186661,34047,4481,38528,242
2022-12-31,Fresno,019,978130,290470,34175,324645,2962
2022-12-31,Glenn,021,27897,5738,1970,7708,56
2022-12-31,Humboldt,023,135768,23074,5696,28770,167
2022-12-31,Imperial,025,180216,69022,18494,87516,973
2022-12-31,Inyo,027,18085,4701,1224,5925,62
2022-12-31,Kern,029,883053,227212,70146,297358,2465
2022-12-31,Kings,031,150075,61914,4369,66283,478
2022-12-31,Lake,033,64148,13427,1262,14689,154
2022-12-31,Lassen,035,31185,10207,1043,11250,65
2022-12-31,Los Angeles,037,10098052,3438855,208582,3647437,34783
2022-12-31,Madera,039,155013,45762,8728,54490,376
2022-12-31,Marin,041,260295,39555,5522,45077,260
2022-12-31,Mariposa,043,17540,3308,356,3664,30
2022-12-31,Mendocino,045,87422,16659,4744,21403,140
2022-12-31,Merced,047,269075,76152,12725,88877,897
2022-12-31,Modoc,049,8938,941,364,1305,11
2022-12-31,Mono,051,14174,3288,293,3581,8
2022-12-31,Monterey,053,433212,96823,22550,119373,788
2022-12-31,Napa,055,140530,33882,1491,35373,163
2022-12-31,Nevada,057,99092,19917,2227,22144,137
2022-12-31,Orange,059,3164182,701473,74116,775589,7824
2022-12-31,Placer,061,380077,79625,10209,89834,679
2022-12-31,Plumas,063,18699,3796,456,4252,13
2022-12-31,Riverside,065,2383286,725178,39699,764877,6758
2022-12-31,Sacramento,067,1510023,365038,37240,402278,3464
2022-12-31,San Benito,069,59416,17359,1092,18451,111
2022-12-31,San Bernardino,071,2135413,701485,33494,734979,8128
2022-12-31,San Diego,073,3302833,967541,78068,1045609,5717
2022-12-31,San Francisco,075,870044,191399,12930,204329,1152
2022-12-31,San Joaquin,077,732212,206595,16492,223087,2401
2022-12-31,San Luis Obispo,079,281455,65429,7841,73270,547
2022-12-31,San Mateo,081,765935,179501,10876,190377,747
2022-12-31,Santa Barbara,083,443738,110205,7414,117619,750
2022-12-31,Santa Clara,085,1922200,465083,20530,485613,2665
2022-12-31,Santa Cruz,087,273765,67097,3761,70858,276
2022-12-31,Shasta,089,179085,36256,8190,44446,608
2022-12-31,Sierra,091,2930,311,61,372,5
2022-12-31,Siskiyou,093,43540,5375,3420,8795,95
2022-12-31,Solano,095,438530,111535,8400,119935,474
2022-12-31,Sonoma,097,501317,111736,5646,117382,544
2022-12-31,Stanislaus,099,539301,143041,22518,165559,1826
2022-12-31,Sutter,101,95872,25349,2522,27871,237
2022-12-31,Tehama,103,63373,14326,3351,17677,228
2022-12-31,Trinity,105,12862,1454,487,1941,23
2022-12-31,Tulare,107,460477,126379,39295,165674,1568
2022-12-31,Tuolumne,109,53932,16540,972,17512,207
2022-12-31,Ventura,111,848112,217740,17515,235255,1649
2022-12-31,Yolo,113,214977,49360,4749,54109,434
2022-12-31,Yuba,115,75493,19754,1821,21575,134
2022-12-30,Alameda,001,1643700,370814,21594,392408,2076
2022-12-30,Alpine,002,1148,139,4,143,0
2022-12-30,Amador,005,37829,10369,955,11324,97
2022-12-30,Butte,007,227075,41166,9972,51138,479
2022-12-30,Calaveras,009,45235,8867,630,9497,139
2022-12-30,Colusa,011,21464,3913,1327,5240,22
2022-12-30,Contra Costa,013,1133247,266817,21954,288771,1527
2022-12-30,Del Norte,015,27424,7746,433,8179,56
2022-12-30,El Dorado,017,186661,34039,4479,38518,242
2022-12-30,Fresno,019,978130,290371,34164,324535,2962
2022-12-30,Glenn,021,27897,5738,1969,7707,56
2022-12-30,Humboldt,023,135768,23069,5693,28762,167
2022-12-30,Imperial,025,180216,69009,18492,87501,973
2022-12-30,Inyo,027,18085,4698,1222,5920,62
2022-12-30,Kern,029,883053,227142,70068,297210,2465
2022-12-30,Kings,031,150075,61905,4369,66274,477
2022-12-30,Lake,033,64148,13422,1262,14684,153
2022-12-30,Lassen,035,31185,10206,1042,11248,65
2022-12-30,Los Angeles,037,10098052,3437724,208347,3646071,34768
2022-12-30,Madera,039,155013,45755,8727,54482,376
2022-12-30,Marin,041,260295,39532,5517,45049,260
2022-12-30,Mariposa,043,17540,3306,356,3662,30
2022-12-30,Mendocino,045,87422,16653,4743,21396,140
2022-12-30,Merced,047,269075,76136,12723,88859,896
2022-12-30,Modoc,049,8938,941,364,1305,11
2022-12-30,Mono,051,14174,3288,293,3581,8
2022-12-30,Monterey,053,433212,96801,22537,119338,788
2022-12-30,Napa,055,140530,33872,1491,35363,163
2022-12-30,Nevada,057,99092,19911,2226,22137,137
2022-12-30,Orange,059,3164182,701159,73998,775157,7817
2022-12-30,Placer,061,380077,79598,10197,89795,679
2022-12-30,Plumas,063,18699,3796,456,4252,13
2022-12-30,Riverside,065,2383286,724892,39654,764546,6758
2022-12-30,Sacramento,067,1510023,364923,37227,402150,3464
2022-12-30,San Benito,069,59416,17355,1092,18447,111
2022-12-30,San Bernardino,071,2135413,701225,33472,734697,8128
2022-12-30,San Diego,073,3302833,967143,78008,1045151,5716
2022-12-30,San Francisco,075,870044,191334,12922,204256,1150
2022-12-30,San Joaquin,077,732212,206525,16484,223009,2400
2022-12-30,San Luis Obispo,079,281455,65418,7836,73254,546
2022-12-30,San Mateo,081,765935,179458,10870,190328,747
2022-12-30,Santa Barbara,083,443738,110173,7410,117583,750
2022-12-30,Santa Clara,085,1922200,464899,20511,485410,2663
2022-12-30,Santa Cruz,087,273765,67078,3759,70837,276
2022-12-30,Shasta,089,179085,36250,8190,44440,608
2022-12-30,Sierra,091,2930,311,61,372,5
2022-12-30,Siskiyou,093,43540,5374,3419,8793,95
2022-12-30,Solano,095,438530,111490,8395,119885,474
2022-12-30,Sonoma,097,501317,111687,5643,117330,544
2022-12-30,Stanislaus,099,539301,143002,22514,165516,1826
2022-12-30,Sutter,101,95872,25339,2522,27861,237
2022-12-30,Tehama,103,63373,14321,3351,17672,226
2022-12-30,Trinity,105,12862,1454,487,1941,23
2022-12-30,Tulare,107,460477,126354,39267,165621,1567
2022-12-30,Tuolumne,109,53932,16529,972,17501,207
2022-12-30,Ventura,111,848112,217680,17494,235174,1649
2022-12-30,Yolo,113,214977,49342,4747,54089,434
2022-12-30,Yuba,115,75493,19738,1821,21559,134
2022-12-29,Alameda,001,1643700,370537,21561,392098,2075
2022-12-29,Alpine,002,1148,139,3,142,0
2022-12-29,Amador,005,37829,10363,955,11318,96
2022-12-29,Butte,007,227075,41153,9959,51112,479
2022-12-29,Calaveras,009,45235,8863,629,9492,139
2022-12-29,Colusa,011,21464,3913,1327,5240,22
2022-12-29,Contra Costa,013,1133247,266648,21946,288594,1527
2022-12-29,Del Norte,015,27424,7741,433,8174,56
2022-12-29,El Dorado,017,186661,34023,4475,38498,242
2022-12-29,Fresno,019,978130,290229,34133,324362,2957
2022-12-29,Glenn,021,27897,5735,1968,7703,56
2022-12-29,Humboldt,023,135768,23064,5683,28747,167
2022-12-29,Imperial,025,180216,68987,18476,87463,973
2022-12-29,Inyo,027,18085,4695,1220,5915,62
2022-12-29,Kern,029,883053,226987,69951,296938,2465
2022-12-29,Kings,031,150075,61879,4369,66248,477
2022-12-29,Lake,033,64148,13416,1262,14678,153
2022-12-29,Lassen,035,31185,10203,1041,11244,65
2022-12-29,Los Angeles,037,10098052,3435744,207964,3643708,34737
2022-12-29,Madera,039,155013,45733,8711,54444,376
2022-12-29,Marin,041,260295,39499,5510,45009,260
2022-12-29,Mariposa,043,17540,3305,356,3661,30
2022-12-29,Mendocino,045,87422,16645,4743,21388,140
2022-12-29,Merced,047,269075,76113,12718,88831,896
2022-12-29,Modoc,049,8938,941,364,1305,11
2022-12-29,Mono,051,14174,3287,292,3579,8
2022-12-29,Monterey,053,433212,96764,22518,119282,788
2022-12-29,Napa,055,140530,33851,1490,35341,163
2022-12-29,Nevada,057,99092,19904,2224,22128,137
2022-12-29,Orange,059,3164182,700676,73825,774501,7813
2022-12-29,Placer,061,380077,79553,10193,89746,678
2022-12-29,Plumas,063,18699,3796,456,4252,13
2022-12-29,Riverside,065,2383286,724455,39579,764034,6754
2022-12-29,Sacramento,067,1510023,364658,37202,401860,3462
2022-12-29,San Benito,069,59416,17348,1090,18438,111
2022-12-29,San Bernardino,071,2135413,700817,33435,734252,8128
2022-12-29,San Diego,073,3302833,966431,77893,1044324,5711
2022-12-29,San Francisco,075,870044,191183,12908,204091,1147
2022-12-29,San Joaquin,077,732212,206404,16463,222867,2398
2022-12-29,San Luis Obispo,079,281455,65384,7816,73200,546
2022-12-29,San Mateo,081,765935,179369,10863,190232,747
2022-12-29,Santa Barbara,083,443738,110099,7403,117502,749
2022-12-29,Santa Clara,085,1922200,464475,20491,484966,2660
2022-12-29,Santa Cruz,087,273765,67058,3751,70809,276
2022-12-29,Shasta,089,179085,36231,8183,44414,608
2022-12-29,Sierra,091,2930,311,61,372,5
2022-12-29,Siskiyou,093,43540,5373,3415,8788,95
2022-12-29,Solano,095,438530,111390,8383,119773,473
2022-12-29,Sonoma,097,501317,111627,5634,117261,544
2022-12-29,Stanislaus,099,539301,142931,22495,165426,1825
2022-12-29,Sutter,101,95872,25326,2519,27845,237
2022-12-29,Tehama,103,63373,14316,3349,17665,226
2022-12-29,Trinity,105,12862,1454,487,1941,23
2022-12-29,Tulare,107,460477,126277,39234,165511,1567
2022-12-29,Tuolumne,109,53932,16516,972,17488,207
2022-12-29,Ventura,111,848112,217555,17455,235010,1647
2022-12-29,Yolo,113,214977,49318,4742,54060,433
2022-12-29,Yuba,115,75493,19724,1819,21543,134
2022-12-28,Alameda,001,1643700,370191,21538,391729,2075
2022-12-28,Alpine,002,1148,139,3,142,0
2022-12-28,Amador,005,37829,10354,955,11309,96
2022-12-28,Butte,007,227075,41142,9953,51095,479
2022-12-28,Calaveras,009,45235,8856,629,9485,139
2022-12-28,Colusa,011,21464,3911,1326,5237,22
2022-12-28,Contra Costa,013,1133247,266414,21919,288333,1526
2022-12-28,Del Norte,015,27424,7738,433,8171,56
2022-12-28,El Dorado,017,186661,34001,4474,38475,242
2022-12-28,Fresno,019,978130,290067,34108,324175,2955
2022-12-28,Glenn,021,27897,5733,1966,7699,56
2022-12-28,Humboldt,023,135768,23061,5671,28732,167
2022-12-28,Imperial,025,180216,68949,18440,87389,973
2022-12-28,Inyo,027,18085,4694,1219,5913,62
2022-12-28,Kern,029,883053,226816,69813,296629,2464
2022-12-28,Kings,031,150075,61834,4366,66200,477
2022-12-28,Lake,033,64148,13409,1261,14670,153
2022-12-28,Lassen,035,31185,10203,1041,11244,65
2022-12-28,Los Angeles,037,10098052,3433542,207496,3641038,34719
2022-12-28,Madera,039,155013,45694,8709,54403,376
2022-12-28,Marin,041,260295,39471,5506,44977,260
2022-12-28,Mariposa,043,17540,3303,356,3659,30
2022-12-28,Mendocino,045,87422,16637,4736,21373,139
2022-12-28,Merced,047,269075,76078,12711,88789,895
2022-12-28,Modoc,049,8938,939,363,1302,11
2022-12-28,Mono,051,14174,3285,292,3577,8
2022-12-28,Monterey,053,433212,96742,22494,119236,788
2022-12-28,Napa,055,140530,33820,1489,35309,163
2022-12-28,Nevada,057,99092,19895,2223,22118,137
2022-12-28,Orange,059,3164182,700128,73625,773753,7806
2022-12-28,Placer,061,380077,79498,10179,89677,678
2022-12-28,Plumas,063,18699,3791,456,4247,13
2022-12-28,Riverside,065,2383286,723924,39507,763431,6753
2022-12-28,Sacramento,067,1510023,364416,37176,401592,3460
2022-12-28,San Benito,069,59416,17332,1086,18418,111
2022-12-28,San Bernardino,071,2135413,700305,33380,733685,8128
2022-12-28,San Diego,073,3302833,965609,77774,1043383,5707
2022-12-28,San Francisco,075,870044,191046,12902,203948,1145
2022-12-28,San Joaquin,077,732212,206256,16440,222696,2396
2022-12-28,San Luis Obispo,079,281455,65341,7807,73148,544
2022-12-28,San Mateo,081,765935,179240,10852,190092,747
2022-12-28,Santa Barbara,083,443738,110032,7386,117418,749
2022-12-28,Santa Clara,085,1922200,464095,20478,484573,2658
2022-12-28,Santa Cruz,087,273765,67027,3747,70774,276
2022-12-28,Shasta,089,179085,36211,8174,44385,608
2022-12-28,Sierra,091,2930,311,61,372,5
2022-12-28,Siskiyou,093,43540,5371,3414,8785,95
2022-12-28,Solano,095,438530,111260,8378,119638,473
2022-12-28,Sonoma,097,501317,111562,5626,117188,544
2022-12-28,Stanislaus,099,539301,142856,22489,165345,1825
2022-12-28,Sutter,101,95872,25304,2519,27823,237
2022-12-28,Tehama,103,63373,14305,3348,17653,226
2022-12-28,Trinity,105,12862,1454,487,1941,23
2022-12-28,Tulare,107,460477,126191,39182,165373,1567
2022-12-28,Tuolumne,109,53932,16508,972,17480,207
2022-12-28,Ventura,111,848112,217404,17414,234818,1642
2022-12-28,Yolo,113,214977,49296,4739,54035,433
2022-12-28,Yuba,115,75493,19711,1815,21526,134
2022-12-27,Alameda,001,1643700,369839,21514,391353,2073
2022-12-27,Alpine,002,1148,139,3,142,0
2022-12-27,Amador,005,37829,10344,955,11299,96
2022-12-27,Butte,007,227075,41120,9944,51064,479
2022-12-27,Calaveras,009,45235,8849,629,9478,137
2022-12-27,Colusa,011,21464,3910,1326,5236,22
2022-12-27,Contra Costa,013,1133247,266138,21901,288039,1524
2022-12-27,Del Norte,015,27424,7729,430,8159,56
2022-12-27,El Dorado,017,186661,33968,4471,38439,242
2022-12-27,Fresno,019,978130,289836,34069,323905,2953
2022-12-27,Glenn,021,27897,5731,1965,7696,56
2022-12-27,Humboldt,023,135768,23053,5651,28704,167
2022-12-27,Imperial,025,180216,68899,18423,87322,973
2022-12-27,Inyo,027,18085,4692,1208,5900,62
2022-12-27,Kern,029,883053,226628,69673,296301,2463
2022-12-27,Kings,031,150075,61795,4366,66161,477
2022-12-27,Lake,033,64148,13397,1261,14658,153
2022-12-27,Lassen,035,31185,10199,1038,11237,65
2022-12-27,Los Angeles,037,10098052,3430978,206965,3637943,34701
2022-12-27,Madera,039,155013,45674,8700,54374,376
2022-12-27,Marin,041,260295,39425,5502,44927,260
2022-12-27,Mariposa,043,17540,3300,356,3656,30
2022-12-27,Mendocino,045,87422,16624,4731,21355,139
2022-12-27,Merced,047,269075,76032,12698,88730,895
2022-12-27,Modoc,049,8938,935,363,1298,11
2022-12-27,Mono,051,14174,3283,291,3574,8
2022-12-27,Monterey,053,433212,96699,22468,119167,788
2022-12-27,Napa,055,140530,33797,1488,35285,163
2022-12-27,Nevada,057,99092,19887,2219,22106,137
2022-12-27,Orange,059,3164182,699497,73430,772927,7798
2022-12-27,Placer,061,380077,79437,10169,89606,678
2022-12-27,Plumas,063,18699,3789,456,4245,13
2022-12-27,Riverside,065,2383286,723344,39437,762781,6751
2022-12-27,Sacramento,067,1510023,364111,37140,401251,3458
2022-12-27,San Benito,069,59416,17325,1086,18411,111
2022-12-27,San Bernardino,071,2135413,699740,33306,733046,8128
2022-12-27,San Diego,073,3302833,964679,77637,1042316,5704
2022-12-27,San Francisco,075,870044,190908,12892,203800,1144
2022-12-27,San Joaquin,077,732212,206127,16411,222538,2395
2022-12-27,San Luis Obispo,079,281455,65301,7785,73086,542
2022-12-27,San Mateo,081,765935,179086,10840,189926,747
2022-12-27,Santa Barbara,083,443738,109961,7369,117330,749
2022-12-27,Santa Clara,085,1922200,463633,20453,484086,2655
2022-12-27,Santa Cruz,087,273765,66990,3740,70730,276
2022-12-27,Shasta,089,179085,36190,8163,44353,607
2022-12-27,Sierra,091,2930,310,61,371,5
2022-12-27,Siskiyou,093,43540,5368,3413,8781,95
2022-12-27,Solano,095,438530,111126,8370,119496,473
2022-12-27,Sonoma,097,501317,111489,5607,117096,544
2022-12-27,Stanislaus,099,539301,142751,22472,165223,1824
2022-12-27,Sutter,101,95872,25286,2516,27802,237
2022-12-27,Tehama,103,63373,14289,3347,17636,226
2022-12-27,Trinity,105,12862,1451,487,1938,23
2022-12-27,Tulare,107,460477,126101,39138,165239,1566
2022-12-27,Tuolumne,109,53932,16496,972,17468,207
2022-12-27,Ventura,111,848112,217244,17375,234619,1641
2022-12-27,Yolo,113,214977,49271,4736,54007,433
2022-12-27,Yuba,115,75493,19700,1814,21514,134
2022-12-26,Alameda,001,1643700,369473,21482,390955,2072
2022-12-26,Alpine,002,1148,139,3,142,0
2022-12-26,Amador,005,37829,10339,955,11294,96
2022-12-26,Butte,007,227075,41092,9918,51010,479
2022-12-26,Calaveras,009,45235,8842,628,9470,137
2022-12-26,Colusa,011,21464,3910,1326,5236,22
2022-12-26,Contra Costa,013,1133247,265837,21877,287714,1524
2022-12-26,Del Norte,015,27424,7724,430,8154,56
2022-12-26,El Dorado,017,186661,33938,4467,38405,241
2022-12-26,Fresno,019,978130,289600,34015,323615,2949
2022-12-26,Glenn,021,27897,5730,1964,7694,56
2022-12-26,Humboldt,023,135768,23040,5630,28670,167
2022-12-26,Imperial,025,180216,68843,18362,87205,973
2022-12-26,Inyo,027,18085,4689,1205,5894,62
2022-12-26,Kern,029,883053,226446,69530,295976,2463
2022-12-26,Kings,031,150075,61759,4363,66122,477
2022-12-26,Lake,033,64148,13393,1257,14650,153
2022-12-26,Lassen,035,31185,10196,1036,11232,65
2022-12-26,Los Angeles,037,10098052,3428159,206350,3634509,34674
2022-12-26,Madera,039,155013,45631,8693,54324,376
2022-12-26,Marin,041,260295,39374,5495,44869,260
2022-12-26,Mariposa,043,17540,3296,356,3652,30
2022-12-26,Mendocino,045,87422,16610,4715,21325,139
2022-12-26,Merced,047,269075,76000,12686,88686,895
2022-12-26,Modoc,049,8938,932,363,1295,11
2022-12-26,Mono,051,14174,3279,291,3570,8
2022-12-26,Monterey,053,433212,96660,22451,119111,788
2022-12-26,Napa,055,140530,33773,1488,35261,162
2022-12-26,Nevada,057,99092,19873,2210,22083,137
2022-12-26,Orange,059,3164182,698801,73190,771991,7795
2022-12-26,Placer,061,380077,79381,10163,89544,678
2022-12-26,Plumas,063,18699,3787,456,4243,13
2022-12-26,Riverside,065,2383286,722646,39334,761980,6751
2022-12-26,Sacramento,067,1510023,363767,37105,400872,3455
2022-12-26,San Benito,069,59416,17308,1082,18390,111
2022-12-26,San Bernardino,071,2135413,699091,33224,732315,8127
2022-12-26,San Diego,073,3302833,963605,77459,1041064,5697
2022-12-26,San Francisco,075,870044,190697,12885,203582,1142
2022-12-26,San Joaquin,077,732212,205968,16381,222349,2395
2022-12-26,San Luis Obispo,079,281455,65251,7757,73008,542
2022-12-26,San Mateo,081,765935,178900,10828,189728,747
2022-12-26,Santa Barbara,083,443738,109877,7360,117237,749
2022-12-26,Santa Clara,085,1922200,463096,20434,483530,2653
2022-12-26,Santa Cruz,087,273765,66948,3736,70684,276
2022-12-26,Shasta,089,179085,36167,8153,44320,607
2022-12-26,Sierra,091,2930,310,61,371,5
2022-12-26,Siskiyou,093,43540,5363,3411,8774,95
2022-12-26,Solano,095,438530,110993,8361,119354,471
2022-12-26,Sonoma,097,501317,111392,5596,116988,544
2022-12-26,Stanislaus,099,539301,142658,22454,165112,1821
2022-12-26,Sutter,101,95872,25267,2510,27777,237
2022-12-26,Tehama,103,63373,14283,3340,17623,225
2022-12-26,Trinity,105,12862,1450,487,1937,23
2022-12-26,Tulare,107,460477,125993,39079,165072,1565
2022-12-26,Tuolumne,109,53932,16486,970,17456,206
2022-12-26,Ventura,111,848112,217018,17331,234349,1639
2022-12-26,Yolo,113,214977,49246,4731,53977,432
2022-12-26,Yuba,115,75493,19684,1810,21494,134
2022-12-25,Alameda,001,1643700,369181,21459,390640,2071
2022-12-25,Alpine,002,1148,139,3,142,0
2022-12-25,Amador,005,37829,10333,955,11288,96
2022-12-25,Butte,007,227075,41078,9904,50982,479
2022-12-25,Calaveras,009,45235,8838,627,9465,137
2022-12-25,Colusa,011,21464,3909,1325,5234,22
2022-12-25,Contra Costa,013,1133247,265586,21871,287457,1522
2022-12-25,Del Norte,015,27424,7719,430,8149,56
2022-12-25,El Dorado,017,186661,33922,4466,38388,241
2022-12-25,Fresno,019,978130,289458,33996,323454,2948
2022-12-25,Glenn,021,27897,5730,1962,7692,56
2022-12-25,Humboldt,023,135768,23030,5621,28651,167
2022-12-25,Imperial,025,180216,68808,18341,87149,973
2022-12-25,Inyo,027,18085,4687,1203,5890,62
2022-12-25,Kern,029,883053,226350,69373,295723,2462
2022-12-25,Kings,031,150075,61718,4362,66080,477
2022-12-25,Lake,033,64148,13390,1257,14647,153
2022-12-25,Lassen,035,31185,10194,1034,11228,65
2022-12-25,Los Angeles,037,10098052,3425837,205879,3631716,34649
2022-12-25,Madera,039,155013,45614,8692,54306,376
2022-12-25,Marin,041,260295,39342,5492,44834,260
2022-12-25,Mariposa,043,17540,3296,356,3652,30
2022-12-25,Mendocino,045,87422,16596,4713,21309,139
2022-12-25,Merced,047,269075,75959,12679,88638,894
2022-12-25,Modoc,049,8938,931,363,1294,11
2022-12-25,Mono,051,14174,3274,291,3565,8
2022-12-25,Monterey,053,433212,96628,22437,119065,787
2022-12-25,Napa,055,140530,33755,1485,35240,162
2022-12-25,Nevada,057,99092,19864,2206,22070,137
2022-12-25,Orange,059,3164182,698230,72937,771167,7789
2022-12-25,Placer,061,380077,79346,10157,89503,678
2022-12-25,Plumas,063,18699,3787,456,4243,13
2022-12-25,Riverside,065,2383286,722129,39253,761382,6751
2022-12-25,Sacramento,067,1510023,363579,37081,400660,3453
2022-12-25,San Benito,069,59416,17298,1082,18380,111
2022-12-25,San Bernardino,071,2135413,698597,33172,731769,8126
2022-12-25,San Diego,073,3302833,962956,77360,1040316,5694
2022-12-25,San Francisco,075,870044,190528,12881,203409,1140
2022-12-25,San Joaquin,077,732212,205857,16368,222225,2393
2022-12-25,San Luis Obispo,079,281455,65225,7746,72971,542
2022-12-25,San Mateo,081,765935,178778,10821,189599,747
2022-12-25,Santa Barbara,083,443738,109816,7358,117174,749
2022-12-25,Santa Clara,085,1922200,462724,20407,483131,2653
2022-12-25,Santa Cruz,087,273765,66887,3732,70619,276
2022-12-25,Shasta,089,179085,36154,8148,44302,607
2022-12-25,Sierra,091,2930,310,61,371,5
2022-12-25,Siskiyou,093,43540,5362,3411,8773,95
2022-12-25,Solano,095,438530,110900,8354,119254,470
2022-12-25,Sonoma,097,501317,111330,5595,116925,544
2022-12-25,Stanislaus,099,539301,142590,22446,165036,1820
2022-12-25,Sutter,101,95872,25252,2508,27760,237
2022-12-25,Tehama,103,63373,14276,3339,17615,225
2022-12-25,Trinity,105,12862,1450,487,1937,23
2022-12-25,Tulare,107,460477,125907,39031,164938,1564
2022-12-25,Tuolumne,109,53932,16464,970,17434,205
2022-12-25,Ventura,111,848112,216877,17297,234174,1636
2022-12-25,Yolo,113,214977,49226,4729,53955,432
2022-12-25,Yuba,115,75493,19667,1810,21477,134
2022-12-24,Alameda,001,1643700,369040,21447,390487,2069
2022-12-24,Alpine,002,1148,139,3,142,0
2022-12-24,Amador,005,37829,10331,955,11286,96
2022-12-24,Butte,007,227075,41070,9896,50966,479
2022-12-24,Calaveras,009,45235,8837,626,9463,137
2022-12-24,Colusa,011,21464,3909,1325,5234,22
2022-12-24,Contra Costa,013,1133247,265499,21868,287367,1518
2022-12-24,Del Norte,015,27424,7716,430,8146,56
2022-12-24,El Dorado,017,186661,33907,4465,38372,240
2022-12-24,Fresno,019,978130,289379,33994,323373,2947
2022-12-24,Glenn,021,27897,5730,1962,7692,56
2022-12-24,Humboldt,023,135768,23021,5615,28636,166
2022-12-24,Imperial,025,180216,68794,18334,87128,973
2022-12-24,Inyo,027,18085,4686,1203,5889,62
2022-12-24,Kern,029,883053,226306,69358,295664,2461
2022-12-24,Kings,031,150075,61712,4361,66073,477
2022-12-24,Lake,033,64148,13380,1256,14636,153
2022-12-24,Lassen,035,31185,10192,1034,11226,65
2022-12-24,Los Angeles,037,10098052,3425073,205691,3630764,34623
2022-12-24,Madera,039,155013,45594,8692,54286,376
2022-12-24,Marin,041,260295,39325,5489,44814,260
2022-12-24,Mariposa,043,17540,3294,356,3650,30
2022-12-24,Mendocino,045,87422,16592,4713,21305,139
2022-12-24,Merced,047,269075,75948,12674,88622,894
2022-12-24,Modoc,049,8938,931,363,1294,11
2022-12-24,Mono,051,14174,3272,291,3563,8
2022-12-24,Monterey,053,433212,96604,22426,119030,786
2022-12-24,Napa,055,140530,33740,1485,35225,162
2022-12-24,Nevada,057,99092,19857,2205,22062,137
2022-12-24,Orange,059,3164182,698057,72910,770967,7786
2022-12-24,Placer,061,380077,79318,10156,89474,677
2022-12-24,Plumas,063,18699,3786,454,4240,13
2022-12-24,Riverside,065,2383286,721947,39218,761165,6750
2022-12-24,Sacramento,067,1510023,363506,37073,400579,3451
2022-12-24,San Benito,069,59416,17294,1082,18376,111
2022-12-24,San Bernardino,071,2135413,698414,33146,731560,8124
2022-12-24,San Diego,073,3302833,962728,77313,1040041,5687
2022-12-24,San Francisco,075,870044,190464,12879,203343,1139
2022-12-24,San Joaquin,077,732212,205800,16363,222163,2392
2022-12-24,San Luis Obispo,079,281455,65212,7739,72951,541
2022-12-24,San Mateo,081,765935,178711,10819,189530,747
2022-12-24,Santa Barbara,083,443738,109778,7353,117131,749
2022-12-24,Santa Clara,085,1922200,462563,20394,482957,2651
2022-12-24,Santa Cruz,087,273765,66869,3732,70601,276
2022-12-24,Shasta,089,179085,36148,8145,44293,607
2022-12-24,Sierra,091,2930,310,61,371,5
2022-12-24,Siskiyou,093,43540,5359,3411,8770,95
2022-12-24,Solano,095,438530,110873,8351,119224,469
2022-12-24,Sonoma,097,501317,111297,5593,116890,544
2022-12-24,Stanislaus,099,539301,142541,22441,164982,1819
2022-12-24,Sutter,101,95872,25243,2508,27751,237
2022-12-24,Tehama,103,63373,14267,3338,17605,225
2022-12-24,Trinity,105,12862,1450,487,1937,23
2022-12-24,Tulare,107,460477,125866,39005,164871,1563
2022-12-24,Tuolumne,109,53932,16456,969,17425,204
2022-12-24,Ventura,111,848112,216807,17282,234089,1634
2022-12-24,Yolo,113,214977,49214,4727,53941,432
2022-12-24,Yuba,115,75493,19659,1810,21469,134
2022-12-23,Alameda,001,1643700,368866,21426,390292,2069
2022-12-23,Alpine,002,1148,139,3,142,0
2022-12-23,Amador,005,37829,10326,955,11281,96
2022-12-23,Butte,007,227075,41062,9880,50942,479
2022-12-23,Calaveras,009,45235,8836,625,9461,137
2022-12-23,Colusa,011,21464,3907,1323,5230,22
2022-12-23,Contra Costa,013,1133247,265368,21859,287227,1517
2022-12-23,Del Norte,015,27424,7711,430,8141,56
2022-12-23,El Dorado,017,186661,33887,4464,38351,240
2022-12-23,Fresno,019,978130,289270,33973,323243,2945
2022-12-23,Glenn,021,27897,5727,1961,7688,56
2022-12-23,Humboldt,023,135768,23016,5612,28628,166
2022-12-23,Imperial,025,180216,68767,18328,87095,973
2022-12-23,Inyo,027,18085,4683,1201,5884,62
2022-12-23,Kern,029,883053,226258,69293,295551,2457
2022-12-23,Kings,031,150075,61695,4360,66055,477
2022-12-23,Lake,033,64148,13373,1256,14629,153
2022-12-23,Lassen,035,31185,10190,1034,11224,65
2022-12-23,Los Angeles,037,10098052,3423881,205370,3629251,34603
2022-12-23,Madera,039,155013,45577,8691,54268,376
2022-12-23,Marin,041,260295,39303,5488,44791,260
2022-12-23,Mariposa,043,17540,3294,356,3650,30
2022-12-23,Mendocino,045,87422,16587,4711,21298,139
2022-12-23,Merced,047,269075,75936,12669,88605,894
2022-12-23,Modoc,049,8938,931,363,1294,11
2022-12-23,Mono,051,14174,3272,290,3562,8
2022-12-23,Monterey,053,433212,96577,22408,118985,785
2022-12-23,Napa,055,140530,33721,1484,35205,162
2022-12-23,Nevada,057,99092,19853,2199,22052,137
2022-12-23,Orange,059,3164182,697789,72743,770532,7780
2022-12-23,Placer,061,380077,79294,10150,89444,677
2022-12-23,Plumas,063,18699,3785,454,4239,13
2022-12-23,Riverside,065,2383286,721661,39172,760833,6749
2022-12-23,Sacramento,067,1510023,363390,37068,400458,3449
2022-12-23,San Benito,069,59416,17282,1080,18362,111
2022-12-23,San Bernardino,071,2135413,698142,33114,731256,8124
2022-12-23,San Diego,073,3302833,962295,77270,1039565,5682
2022-12-23,San Francisco,075,870044,190360,12871,203231,1136
2022-12-23,San Joaquin,077,732212,205742,16360,222102,2392
2022-12-23,San Luis Obispo,079,281455,65194,7735,72929,541
2022-12-23,San Mateo,081,765935,178644,10810,189454,747
2022-12-23,Santa Barbara,083,443738,109739,7348,117087,749
2022-12-23,Santa Clara,085,1922200,462376,20377,482753,2648
2022-12-23,Santa Cruz,087,273765,66850,3728,70578,276
2022-12-23,Shasta,089,179085,36141,8143,44284,607
2022-12-23,Sierra,091,2930,310,61,371,5
2022-12-23,Siskiyou,093,43540,5358,3411,8769,95
2022-12-23,Solano,095,438530,110816,8343,119159,469
2022-12-23,Sonoma,097,501317,111248,5592,116840,544
2022-12-23,Stanislaus,099,539301,142501,22440,164941,1819
2022-12-23,Sutter,101,95872,25230,2508,27738,237
2022-12-23,Tehama,103,63373,14264,3338,17602,224
2022-12-23,Trinity,105,12862,1449,487,1936,23
2022-12-23,Tulare,107,460477,125830,38978,164808,1563
2022-12-23,Tuolumne,109,53932,16448,968,17416,204
2022-12-23,Ventura,111,848112,216712,17260,233972,1631
2022-12-23,Yolo,113,214977,49203,4726,53929,430
2022-12-23,Yuba,115,75493,19651,1809,21460,134
2022-12-22,Alameda,001,1643700,368527,21398,389925,2067
2022-12-22,Alpine,002,1148,139,3,142,0
2022-12-22,Amador,005,37829,10320,955,11275,96
2022-12-22,Butte,007,227075,41052,9867,50919,479
2022-12-22,Calaveras,009,45235,8836,625,9461,137
2022-12-22,Colusa,011,21464,3902,1323,5225,22
2022-12-22,Contra Costa,013,1133247,265117,21850,286967,1516
2022-12-22,Del Norte,015,27424,7704,429,8133,56
2022-12-22,El Dorado,017,186661,33865,4464,38329,240
2022-12-22,Fresno,019,978130,289107,33937,323044,2944
2022-12-22,Glenn,021,27897,5725,1961,7686,56
2022-12-22,Humboldt,023,135768,23005,5604,28609,166
2022-12-22,Imperial,025,180216,68732,18316,87048,973
2022-12-22,Inyo,027,18085,4683,1200,5883,62
2022-12-22,Kern,029,883053,226163,69197,295360,2456
2022-12-22,Kings,031,150075,61681,4360,66041,477
2022-12-22,Lake,033,64148,13367,1256,14623,153
2022-12-22,Lassen,035,31185,10187,1033,11220,65
2022-12-22,Los Angeles,037,10098052,3421857,204923,3626780,34573
2022-12-22,Madera,039,155013,45544,8683,54227,376
2022-12-22,Marin,041,260295,39273,5486,44759,260
2022-12-22,Mariposa,043,17540,3292,356,3648,30
2022-12-22,Mendocino,045,87422,16577,4710,21287,139
2022-12-22,Merced,047,269075,75898,12665,88563,893
2022-12-22,Modoc,049,8938,929,363,1292,11
2022-12-22,Mono,051,14174,3272,290,3562,8
2022-12-22,Monterey,053,433212,96554,22390,118944,785
2022-12-22,Napa,055,140530,33703,1484,35187,162
2022-12-22,Nevada,057,99092,19842,2195,22037,137
2022-12-22,Orange,059,3164182,697304,72555,769859,7775
2022-12-22,Placer,061,380077,79248,10145,89393,677
2022-12-22,Plumas,063,18699,3783,454,4237,13
2022-12-22,Riverside,065,2383286,721246,39102,760348,6745
2022-12-22,Sacramento,067,1510023,363144,37051,400195,3446
2022-12-22,San Benito,069,59416,17265,1074,18339,111
2022-12-22,San Bernardino,071,2135413,697712,33056,730768,8123
2022-12-22,San Diego,073,3302833,961572,77123,1038695,5680
2022-12-22,San Francisco,075,870044,190216,12853,203069,1131
2022-12-22,San Joaquin,077,732212,205633,16348,221981,2390
2022-12-22,San Luis Obispo,079,281455,65152,7712,72864,541
2022-12-22,San Mateo,081,765935,178528,10802,189330,747
2022-12-22,Santa Barbara,083,443738,109661,7332,116993,749
2022-12-22,Santa Clara,085,1922200,461991,20357,482348,2647
2022-12-22,Santa Cruz,087,273765,66824,3720,70544,276
2022-12-22,Shasta,089,179085,36129,8138,44267,607
2022-12-22,Sierra,091,2930,310,61,371,5
2022-12-22,Siskiyou,093,43540,5353,3410,8763,95
2022-12-22,Solano,095,438530,110730,8333,119063,469
2022-12-22,Sonoma,097,501317,111176,5588,116764,544
2022-12-22,Stanislaus,099,539301,142435,22429,164864,1817
2022-12-22,Sutter,101,95872,25208,2506,27714,237
2022-12-22,Tehama,103,63373,14259,3338,17597,223
2022-12-22,Trinity,105,12862,1448,486,1934,23
2022-12-22,Tulare,107,460477,125769,38937,164706,1563
2022-12-22,Tuolumne,109,53932,16438,968,17406,204
2022-12-22,Ventura,111,848112,216606,17226,233832,1626
2022-12-22,Yolo,113,214977,49189,4722,53911,430
2022-12-22,Yuba,115,75493,19637,1807,21444,134
2022-12-21,Alameda,001,1643700,368194,21371,389565,2067
2022-12-21,Alpine,002,1148,139,3,142,0
2022-12-21,Amador,005,37829,10317,955,11272,96
2022-12-21,Butte,007,227075,41033,9853,50886,479
2022-12-21,Calaveras,009,45235,8829,620,9449,137
2022-12-21,Colusa,011,21464,3899,1323,5222,22
2022-12-21,Contra Costa,013,1133247,264884,21826,286710,1516
2022-12-21,Del Norte,015,27424,7699,419,8118,56
2022-12-21,El Dorado,017,186661,33839,4460,38299,240
2022-12-21,Fresno,019,978130,288911,33910,322821,2943
2022-12-21,Glenn,021,27897,5724,1960,7684,56
2022-12-21,Humboldt,023,135768,22992,5588,28580,166
2022-12-21,Imperial,025,180216,68692,18290,86982,972
2022-12-21,Inyo,027,18085,4682,1199,5881,62
2022-12-21,Kern,029,883053,226032,69088,295120,2456
2022-12-21,Kings,031,150075,61640,4358,65998,477
2022-12-21,Lake,033,64148,13361,1256,14617,153
2022-12-21,Lassen,035,31185,10181,1033,11214,65
2022-12-21,Los Angeles,037,10098052,3419632,204457,3624089,34549
2022-12-21,Madera,039,155013,45533,8681,54214,376
2022-12-21,Marin,041,260295,39228,5476,44704,260
2022-12-21,Mariposa,043,17540,3284,355,3639,30
2022-12-21,Mendocino,045,87422,16565,4701,21266,139
2022-12-21,Merced,047,269075,75860,12659,88519,892
2022-12-21,Modoc,049,8938,929,363,1292,11
2022-12-21,Mono,051,14174,3272,290,3562,8
2022-12-21,Monterey,053,433212,96520,22374,118894,785
2022-12-21,Napa,055,140530,33684,1481,35165,162
2022-12-21,Nevada,057,99092,19832,2193,22025,137
2022-12-21,Orange,059,3164182,696760,72342,769102,7773
2022-12-21,Placer,061,380077,79192,10131,89323,676
2022-12-21,Plumas,063,18699,3780,454,4234,13
2022-12-21,Riverside,065,2383286,720736,39015,759751,6743
2022-12-21,Sacramento,067,1510023,362911,37013,399924,3442
2022-12-21,San Benito,069,59416,17247,1067,18314,111
2022-12-21,San Bernardino,071,2135413,697221,32994,730215,8122
2022-12-21,San Diego,073,3302833,960755,76987,1037742,5679
2022-12-21,San Francisco,075,870044,190067,12843,202910,1129
2022-12-21,San Joaquin,077,732212,205490,16326,221816,2388
2022-12-21,San Luis Obispo,079,281455,65117,7698,72815,540
2022-12-21,San Mateo,081,765935,178378,10795,189173,747
2022-12-21,Santa Barbara,083,443738,109580,7319,116899,749
2022-12-21,Santa Clara,085,1922200,461590,20323,481913,2647
2022-12-21,Santa Cruz,087,273765,66779,3719,70498,276
2022-12-21,Shasta,089,179085,36103,8128,44231,607
2022-12-21,Sierra,091,2930,310,61,371,5
2022-12-21,Siskiyou,093,43540,5351,3410,8761,95
2022-12-21,Solano,095,438530,110605,8324,118929,469
2022-12-21,Sonoma,097,501317,111109,5575,116684,544
2022-12-21,Stanislaus,099,539301,142362,22416,164778,1815
2022-12-21,Sutter,101,95872,25191,2506,27697,237
2022-12-21,Tehama,103,63373,14256,3335,17591,223
2022-12-21,Trinity,105,12862,1448,481,1929,23
2022-12-21,Tulare,107,460477,125704,38882,164586,1563
2022-12-21,Tuolumne,109,53932,16416,968,17384,204
2022-12-21,Ventura,111,848112,216470,17192,233662,1626
2022-12-21,Yolo,113,214977,49162,4718,53880,430
2022-12-21,Yuba,115,75493,19615,1806,21421,134
2022-12-20,Alameda,001,1643700,367858,21337,389195,2066
2022-12-20,Alpine,002,1148,139,2,141,0
2022-12-20,Amador,005,37829,10311,955,11266,96
2022-12-20,Butte,007,227075,41017,9835,50852,479
2022-12-20,Calaveras,009,45235,8821,620,9441,137
2022-12-20,Colusa,011,21464,3898,1322,5220,22
2022-12-20,Contra Costa,013,1133247,264649,21810,286459,1513
2022-12-20,Del Norte,015,27424,7695,418,8113,56
2022-12-20,El Dorado,017,186661,33816,4456,38272,240
2022-12-20,Fresno,019,978130,288697,33873,322570,2942
2022-12-20,Glenn,021,27897,5722,1959,7681,56
2022-12-20,Humboldt,023,135768,22974,5569,28543,165
2022-12-20,Imperial,025,180216,68662,18263,86925,972
2022-12-20,Inyo,027,18085,4678,1198,5876,62
2022-12-20,Kern,029,883053,225879,68972,294851,2455
2022-12-20,Kings,031,150075,61594,4356,65950,477
2022-12-20,Lake,033,64148,13346,1244,14590,153
2022-12-20,Lassen,035,31185,10175,1032,11207,65
2022-12-20,Los Angeles,037,10098052,3417260,203962,3621222,34524
2022-12-20,Madera,039,155013,45500,8672,54172,376
2022-12-20,Marin,041,260295,39191,5472,44663,260
2022-12-20,Mariposa,043,17540,3281,355,3636,30
2022-12-20,Mendocino,045,87422,16551,4695,21246,139
2022-12-20,Merced,047,269075,75820,12646,88466,891
2022-12-20,Modoc,049,8938,928,363,1291,11
2022-12-20,Mono,051,14174,3270,286,3556,8
2022-12-20,Monterey,053,433212,96490,22351,118841,784
2022-12-20,Napa,055,140530,33659,1480,35139,162
2022-12-20,Nevada,057,99092,19814,2182,21996,137
2022-12-20,Orange,059,3164182,696156,72129,768285,7767
2022-12-20,Placer,061,380077,79138,10121,89259,676
2022-12-20,Plumas,063,18699,3779,453,4232,13
2022-12-20,Riverside,065,2383286,720235,38934,759169,6742
2022-12-20,Sacramento,067,1510023,362665,36982,399647,3441
2022-12-20,San Benito,069,59416,17223,1065,18288,111
2022-12-20,San Bernardino,071,2135413,696699,32949,729648,8120
2022-12-20,San Diego,073,3302833,959957,76869,1036826,5673
2022-12-20,San Francisco,075,870044,189851,12834,202685,1126
2022-12-20,San Joaquin,077,732212,205351,16303,221654,2388
2022-12-20,San Luis Obispo,079,281455,65076,7688,72764,539
2022-12-20,San Mateo,081,765935,178240,10783,189023,747
2022-12-20,Santa Barbara,083,443738,109485,7308,116793,749
2022-12-20,Santa Clara,085,1922200,461179,20291,481470,2645
2022-12-20,Santa Cruz,087,273765,66757,3714,70471,276
2022-12-20,Shasta,089,179085,36084,8125,44209,607
2022-12-20,Sierra,091,2930,310,61,371,5
2022-12-20,Siskiyou,093,43540,5347,3408,8755,95
2022-12-20,Solano,095,438530,110486,8319,118805,469
2022-12-20,Sonoma,097,501317,111024,5565,116589,543
2022-12-20,Stanislaus,099,539301,142292,22404,164696,1814
2022-12-20,Sutter,101,95872,25166,2505,27671,237
2022-12-20,Tehama,103,63373,14247,3331,17578,223
2022-12-20,Trinity,105,12862,1448,477,1925,23
2022-12-20,Tulare,107,460477,125633,38855,164488,1560
2022-12-20,Tuolumne,109,53932,16401,964,17365,204
2022-12-20,Ventura,111,848112,216313,17141,233454,1624
2022-12-20,Yolo,113,214977,49136,4708,53844,430
2022-12-20,Yuba,115,75493,19597,1805,21402,134
2022-12-19,Alameda,001,1643700,367504,21291,388795,2062
2022-12-19,Alpine,002,1148,139,2,141,0
2022-12-19,Amador,005,37829,10296,955,11251,95
2022-12-19,Butte,007,227075,40997,9819,50816,479
2022-12-19,Calaveras,009,45235,8818,620,9438,136
2022-12-19,Colusa,011,21464,3896,1322,5218,22
2022-12-19,Contra Costa,013,1133247,264383,21790,286173,1513
2022-12-19,Del Norte,015,27424,7691,417,8108,56
2022-12-19,El Dorado,017,186661,33786,4452,38238,240
2022-12-19,Fresno,019,978130,288511,33836,322347,2939
2022-12-19,Glenn,021,27897,5718,1958,7676,56
2022-12-19,Humboldt,023,135768,22958,5562,28520,165
2022-12-19,Imperial,025,180216,68609,18230,86839,971
2022-12-19,Inyo,027,18085,4676,1195,5871,62
2022-12-19,Kern,029,883053,225744,68854,294598,2454
2022-12-19,Kings,031,150075,61559,4354,65913,477
2022-12-19,Lake,033,64148,13335,1242,14577,153
2022-12-19,Lassen,035,31185,10169,1032,11201,65
2022-12-19,Los Angeles,037,10098052,3414655,203427,3618082,34504
2022-12-19,Madera,039,155013,45465,8658,54123,376
2022-12-19,Marin,041,260295,39160,5469,44629,260
2022-12-19,Mariposa,043,17540,3274,355,3629,30
2022-12-19,Mendocino,045,87422,16535,4693,21228,139
2022-12-19,Merced,047,269075,75788,12643,88431,890
2022-12-19,Modoc,049,8938,928,362,1290,11
2022-12-19,Mono,051,14174,3269,283,3552,8
2022-12-19,Monterey,053,433212,96469,22312,118781,783
2022-12-19,Napa,055,140530,33631,1475,35106,162
2022-12-19,Nevada,057,99092,19807,2175,21982,137
2022-12-19,Orange,059,3164182,695515,71926,767441,7757
2022-12-19,Placer,061,380077,79090,10117,89207,676
2022-12-19,Plumas,063,18699,3777,452,4229,13
2022-12-19,Riverside,065,2383286,719713,38850,758563,6739
2022-12-19,Sacramento,067,1510023,362375,36940,399315,3441
2022-12-19,San Benito,069,59416,17202,1060,18262,111
2022-12-19,San Bernardino,071,2135413,696134,32891,729025,8120
2022-12-19,San Diego,073,3302833,958998,76750,1035748,5672
2022-12-19,San Francisco,075,870044,189667,12824,202491,1122
2022-12-19,San Joaquin,077,732212,205218,16280,221498,2387
2022-12-19,San Luis Obispo,079,281455,65039,7676,72715,539
2022-12-19,San Mateo,081,765935,178056,10776,188832,747
2022-12-19,Santa Barbara,083,443738,109392,7297,116689,749
2022-12-19,Santa Clara,085,1922200,460756,20258,481014,2644
2022-12-19,Santa Cruz,087,273765,66727,3707,70434,276
2022-12-19,Shasta,089,179085,36067,8113,44180,606
2022-12-19,Sierra,091,2930,310,61,371,5
2022-12-19,Siskiyou,093,43540,5346,3408,8754,95
2022-12-19,Solano,095,438530,110345,8313,118658,469
2022-12-19,Sonoma,097,501317,110937,5556,116493,543
2022-12-19,Stanislaus,099,539301,142207,22389,164596,1811
2022-12-19,Sutter,101,95872,25139,2503,27642,237
2022-12-19,Tehama,103,63373,14236,3328,17564,222
2022-12-19,Trinity,105,12862,1447,475,1922,23
2022-12-19,Tulare,107,460477,125550,38817,164367,1558
2022-12-19,Tuolumne,109,53932,16393,963,17356,204
2022-12-19,Ventura,111,848112,216130,17107,233237,1623
2022-12-19,Yolo,113,214977,49105,4703,53808,430
2022-12-19,Yuba,115,75493,19585,1802,21387,134
2022-12-18,Alameda,001,1643700,367088,21243,388331,2060
2022-12-18,Alpine,002,1148,139,2,141,0
2022-12-18,Amador,005,37829,10290,955,11245,95
2022-12-18,Butte,007,227075,40979,9799,50778,478
2022-12-18,Calaveras,009,45235,8813,615,9428,136
2022-12-18,Colusa,011,21464,3895,1322,5217,22
2022-12-18,Contra Costa,013,1133247,264063,21765,285828,1513
2022-12-18,Del Norte,015,27424,7682,416,8098,56
2022-12-18,El Dorado,017,186661,33760,4446,38206,240
2022-12-18,Fresno,019,978130,288300,33781,322081,2937
2022-12-18,Glenn,021,27897,5716,1956,7672,56
2022-12-18,Humboldt,023,135768,22942,5538,28480,165
2022-12-18,Imperial,025,180216,68557,18182,86739,971
2022-12-18,Inyo,027,18085,4673,1193,5866,62
2022-12-18,Kern,029,883053,225574,68745,294319,2453
2022-12-18,Kings,031,150075,61510,4350,65860,476
2022-12-18,Lake,033,64148,13319,1242,14561,152
2022-12-18,Lassen,035,31185,10167,1032,11199,65
2022-12-18,Los Angeles,037,10098052,3411859,202916,3614775,34490
2022-12-18,Madera,039,155013,45433,8642,54075,376
2022-12-18,Marin,041,260295,39116,5456,44572,260
2022-12-18,Mariposa,043,17540,3272,355,3627,30
2022-12-18,Mendocino,045,87422,16519,4685,21204,139
2022-12-18,Merced,047,269075,75744,12627,88371,890
2022-12-18,Modoc,049,8938,928,360,1288,11
2022-12-18,Mono,051,14174,3264,283,3547,8
2022-12-18,Monterey,053,433212,96423,22285,118708,782
2022-12-18,Napa,055,140530,33579,1472,35051,162
2022-12-18,Nevada,057,99092,19789,2170,21959,137
2022-12-18,Orange,059,3164182,694915,71695,766610,7749
2022-12-18,Placer,061,380077,79024,10107,89131,676
2022-12-18,Plumas,063,18699,3775,452,4227,13
2022-12-18,Riverside,065,2383286,719135,38729,757864,6736
2022-12-18,Sacramento,067,1510023,362055,36881,398936,3437
2022-12-18,San Benito,069,59416,17188,1060,18248,110
2022-12-18,San Bernardino,071,2135413,695531,32825,728356,8120
2022-12-18,San Diego,073,3302833,958104,76648,1034752,5670
2022-12-18,San Francisco,075,870044,189404,12813,202217,1120
2022-12-18,San Joaquin,077,732212,205054,16260,221314,2385
2022-12-18,San Luis Obispo,079,281455,64991,7647,72638,539
2022-12-18,San Mateo,081,765935,177868,10761,188629,747
2022-12-18,Santa Barbara,083,443738,109292,7285,116577,748
2022-12-18,Santa Clara,085,1922200,460231,20222,480453,2642
2022-12-18,Santa Cruz,087,273765,66692,3705,70397,276
2022-12-18,Shasta,089,179085,36056,8104,44160,606
2022-12-18,Sierra,091,2930,310,61,371,5
2022-12-18,Siskiyou,093,43540,5341,3405,8746,95
2022-12-18,Solano,095,438530,110202,8305,118507,469
2022-12-18,Sonoma,097,501317,110857,5549,116406,543
2022-12-18,Stanislaus,099,539301,142116,22365,164481,1810
2022-12-18,Sutter,101,95872,25127,2502,27629,236
2022-12-18,Tehama,103,63373,14225,3325,17550,221
2022-12-18,Trinity,105,12862,1447,474,1921,23
2022-12-18,Tulare,107,460477,125438,38753,164191,1558
2022-12-18,Tuolumne,109,53932,16380,963,17343,204
2022-12-18,Ventura,111,848112,215948,17066,233014,1623
2022-12-18,Yolo,113,214977,49078,4696,53774,429
2022-12-18,Yuba,115,75493,19562,1797,21359,134
2022-12-17,Alameda,001,1643700,366867,21228,388095,2060
2022-12-17,Alpine,002,1148,139,2,141,0
2022-12-17,Amador,005,37829,10283,954,11237,95
2022-12-17,Butte,007,227075,40962,9788,50750,476
2022-12-17,Calaveras,009,45235,8809,611,9420,136
2022-12-17,Colusa,011,21464,3895,1322,5217,22
2022-12-17,Contra Costa,013,1133247,263875,21753,285628,1510
2022-12-17,Del Norte,015,27424,7679,416,8095,56
2022-12-17,El Dorado,017,186661,33746,4446,38192,240
2022-12-17,Fresno,019,978130,288200,33752,321952,2936
2022-12-17,Glenn,021,27897,5714,1956,7670,56
2022-12-17,Humboldt,023,135768,22925,5531,28456,165
2022-12-17,Imperial,025,180216,68542,18178,86720,971
2022-12-17,Inyo,027,18085,4673,1192,5865,62
2022-12-17,Kern,029,883053,225519,68681,294200,2453
2022-12-17,Kings,031,150075,61497,4349,65846,474
2022-12-17,Lake,033,64148,13314,1241,14555,152
2022-12-17,Lassen,035,31185,10167,1032,11199,65
2022-12-17,Los Angeles,037,10098052,3410555,202655,3613210,34469
2022-12-17,Madera,039,155013,45413,8637,54050,376
2022-12-17,Marin,041,260295,39097,5451,44548,260
2022-12-17,Mariposa,043,17540,3272,355,3627,30
2022-12-17,Mendocino,045,87422,16516,4681,21197,139
2022-12-17,Merced,047,269075,75725,12618,88343,889
2022-12-17,Modoc,049,8938,928,360,1288,11
2022-12-17,Mono,051,14174,3263,283,3546,8
2022-12-17,Monterey,053,433212,96396,22274,118670,782
2022-12-17,Napa,055,140530,33569,1471,35040,162
2022-12-17,Nevada,057,99092,19778,2170,21948,137
2022-12-17,Orange,059,3164182,694612,71547,766159,7745
2022-12-17,Placer,061,380077,78981,10106,89087,676
2022-12-17,Plumas,063,18699,3775,452,4227,13
2022-12-17,Riverside,065,2383286,718771,38665,757436,6732
2022-12-17,Sacramento,067,1510023,361934,36867,398801,3437
2022-12-17,San Benito,069,59416,17179,1058,18237,109
2022-12-17,San Bernardino,071,2135413,695225,32800,728025,8118
2022-12-17,San Diego,073,3302833,957695,76606,1034301,5667
2022-12-17,San Francisco,075,870044,189294,12807,202101,1118
2022-12-17,San Joaquin,077,732212,204985,16248,221233,2383
2022-12-17,San Luis Obispo,079,281455,64973,7639,72612,539
2022-12-17,San Mateo,081,765935,177773,10751,188524,746
2022-12-17,Santa Barbara,083,443738,109248,7271,116519,747
2022-12-17,Santa Clara,085,1922200,459990,20198,480188,2640
2022-12-17,Santa Cruz,087,273765,66676,3703,70379,276
2022-12-17,Shasta,089,179085,36046,8104,44150,606
2022-12-17,Sierra,091,2930,310,61,371,5
2022-12-17,Siskiyou,093,43540,5341,3405,8746,95
2022-12-17,Solano,095,438530,110164,8301,118465,469
2022-12-17,Sonoma,097,501317,110801,5540,116341,543
2022-12-17,Stanislaus,099,539301,142066,22357,164423,1810
2022-12-17,Sutter,101,95872,25120,2501,27621,236
2022-12-17,Tehama,103,63373,14221,3322,17543,221
2022-12-17,Trinity,105,12862,1447,473,1920,23
2022-12-17,Tulare,107,460477,125384,38721,164105,1558
2022-12-17,Tuolumne,109,53932,16373,962,17335,203
2022-12-17,Ventura,111,848112,215852,17037,232889,1623
2022-12-17,Yolo,113,214977,49055,4691,53746,428
2022-12-17,Yuba,115,75493,19555,1797,21352,134
2022-12-16,Alameda,001,1643700,366629,21205,387834,2059
2022-12-16,Alpine,002,1148,139,2,141,0
2022-12-16,Amador,005,37829,10277,954,11231,95
2022-12-16,Butte,007,227075,40954,9779,50733,476
2022-12-16,Calaveras,009,45235,8805,610,9415,136
2022-12-16,Colusa,011,21464,3894,1322,5216,22
2022-12-16,Contra Costa,013,1133247,263687,21738,285425,1509
2022-12-16,Del Norte,015,27424,7675,416,8091,56
2022-12-16,El Dorado,017,186661,33724,4446,38170,240
2022-12-16,Fresno,019,978130,288065,33728,321793,2935
2022-12-16,Glenn,021,27897,5713,1954,7667,56
2022-12-16,Humboldt,023,135768,22913,5525,28438,165
2022-12-16,Imperial,025,180216,68534,18167,86701,971
2022-12-16,Inyo,027,18085,4671,1188,5859,62
2022-12-16,Kern,029,883053,225425,68618,294043,2452
2022-12-16,Kings,031,150075,61474,4348,65822,474
2022-12-16,Lake,033,64148,13304,1240,14544,152
2022-12-16,Lassen,035,31185,10164,1032,11196,65
2022-12-16,Los Angeles,037,10098052,3409087,202339,3611426,34451
2022-12-16,Madera,039,155013,45392,8633,54025,376
2022-12-16,Marin,041,260295,39057,5450,44507,260
2022-12-16,Mariposa,043,17540,3268,355,3623,30
2022-12-16,Mendocino,045,87422,16501,4681,21182,139
2022-12-16,Merced,047,269075,75706,12611,88317,889
2022-12-16,Modoc,049,8938,928,360,1288,11
2022-12-16,Mono,051,14174,3260,283,3543,8
2022-12-16,Monterey,053,433212,96373,22264,118637,782
2022-12-16,Napa,055,140530,33545,1471,35016,162
2022-12-16,Nevada,057,99092,19775,2167,21942,137
2022-12-16,Orange,059,3164182,694296,71392,765688,7737
2022-12-16,Placer,061,380077,78945,10102,89047,676
2022-12-16,Plumas,063,18699,3774,452,4226,13
2022-12-16,Riverside,065,2383286,718438,38612,757050,6730
2022-12-16,Sacramento,067,1510023,361772,36850,398622,3432
2022-12-16,San Benito,069,59416,17167,1057,18224,108
2022-12-16,San Bernardino,071,2135413,694916,32761,727677,8117
2022-12-16,San Diego,073,3302833,957238,76557,1033795,5666
2022-12-16,San Francisco,075,870044,189177,12788,201965,1116
2022-12-16,San Joaquin,077,732212,204903,16233,221136,2382
2022-12-16,San Luis Obispo,079,281455,64961,7635,72596,539
2022-12-16,San Mateo,081,765935,177685,10742,188427,746
2022-12-16,Santa Barbara,083,443738,109201,7270,116471,747
2022-12-16,Santa Clara,085,1922200,459710,20176,479886,2638
2022-12-16,Santa Cruz,087,273765,66650,3700,70350,276
2022-12-16,Shasta,089,179085,36039,8100,44139,606
2022-12-16,Sierra,091,2930,310,61,371,5
2022-12-16,Siskiyou,093,43540,5339,3405,8744,95
2022-12-16,Solano,095,438530,110098,8294,118392,469
2022-12-16,Sonoma,097,501317,110741,5536,116277,543
2022-12-16,Stanislaus,099,539301,142025,22356,164381,1810
2022-12-16,Sutter,101,95872,25106,2501,27607,236
2022-12-16,Tehama,103,63373,14212,3321,17533,221
2022-12-16,Trinity,105,12862,1447,473,1920,23
2022-12-16,Tulare,107,460477,125332,38683,164015,1557
2022-12-16,Tuolumne,109,53932,16360,962,17322,203
2022-12-16,Ventura,111,848112,215767,17018,232785,1621
2022-12-16,Yolo,113,214977,49035,4689,53724,428
2022-12-16,Yuba,115,75493,19548,1797,21345,134
2022-12-15,Alameda,001,1643700,366297,21158,387455,2058
2022-12-15,Alpine,002,1148,139,2,141,0
2022-12-15,Amador,005,37829,10268,954,11222,95
2022-12-15,Butte,007,227075,40935,9760,50695,476
2022-12-15,Calaveras,009,45235,8802,608,9410,136
2022-12-15,Colusa,011,21464,3892,1322,5214,22
2022-12-15,Contra Costa,013,1133247,263438,21722,285160,1509
2022-12-15,Del Norte,015,27424,7669,416,8085,56
2022-12-15,El Dorado,017,186661,33703,4440,38143,240
2022-12-15,Fresno,019,978130,287910,33681,321591,2935
2022-12-15,Glenn,021,27897,5710,1952,7662,56
2022-12-15,Humboldt,023,135768,22902,5518,28420,165
2022-12-15,Imperial,025,180216,68499,18138,86637,971
2022-12-15,Inyo,027,18085,4670,1186,5856,62
2022-12-15,Kern,029,883053,225277,68507,293784,2451
2022-12-15,Kings,031,150075,61454,4343,65797,474
2022-12-15,Lake,033,64148,13297,1240,14537,152
2022-12-15,Lassen,035,31185,10162,1030,11192,65
2022-12-15,Los Angeles,037,10098052,3407066,201962,3609028,34430
2022-12-15,Madera,039,155013,45369,8620,53989,376
2022-12-15,Marin,041,260295,39012,5450,44462,260
2022-12-15,Mariposa,043,17540,3265,354,3619,30
2022-12-15,Mendocino,045,87422,16492,4679,21171,139
2022-12-15,Merced,047,269075,75673,12610,88283,888
2022-12-15,Modoc,049,8938,928,360,1288,11
2022-12-15,Mono,051,14174,3259,281,3540,8
2022-12-15,Monterey,053,433212,96342,22239,118581,782
2022-12-15,Napa,055,140530,33517,1469,34986,162
2022-12-15,Nevada,057,99092,19769,2156,21925,137
2022-12-15,Orange,059,3164182,693840,71251,765091,7734
2022-12-15,Placer,061,380077,78893,10090,88983,675
2022-12-15,Plumas,063,18699,3773,452,4225,13
2022-12-15,Riverside,065,2383286,718003,38542,756545,6726
2022-12-15,Sacramento,067,1510023,361495,36819,398314,3431
2022-12-15,San Benito,069,59416,17157,1056,18213,108
2022-12-15,San Bernardino,071,2135413,694505,32714,727219,8117
2022-12-15,San Diego,073,3302833,956552,76452,1033004,5663
2022-12-15,San Francisco,075,870044,188987,12774,201761,1116
2022-12-15,San Joaquin,077,732212,204777,16207,220984,2381
2022-12-15,San Luis Obispo,079,281455,64916,7616,72532,538
2022-12-15,San Mateo,081,765935,177548,10731,188279,746
2022-12-15,Santa Barbara,083,443738,109141,7263,116404,747
2022-12-15,Santa Clara,085,1922200,459298,20159,479457,2635
2022-12-15,Santa Cruz,087,273765,66623,3693,70316,276
2022-12-15,Shasta,089,179085,36021,8090,44111,606
2022-12-15,Sierra,091,2930,310,61,371,5
2022-12-15,Siskiyou,093,43540,5337,3403,8740,95
2022-12-15,Solano,095,438530,110011,8287,118298,469
2022-12-15,Sonoma,097,501317,110690,5526,116216,543
2022-12-15,Stanislaus,099,539301,141958,22350,164308,1810
2022-12-15,Sutter,101,95872,25097,2501,27598,236
2022-12-15,Tehama,103,63373,14202,3318,17520,221
2022-12-15,Trinity,105,12862,1447,472,1919,23
2022-12-15,Tulare,107,460477,125283,38631,163914,1555
2022-12-15,Tuolumne,109,53932,16349,960,17309,203
2022-12-15,Ventura,111,848112,215624,16994,232618,1620
2022-12-15,Yolo,113,214977,49007,4687,53694,428
2022-12-15,Yuba,115,75493,19537,1796,21333,133
2022-12-14,Alameda,001,1643700,365961,21116,387077,2055
2022-12-14,Alpine,002,1148,139,2,141,0
2022-12-14,Amador,005,37829,10266,953,11219,95
2022-12-14,Butte,007,227075,40921,9740,50661,476
2022-12-14,Calaveras,009,45235,8796,608,9404,136
2022-12-14,Colusa,011,21464,3888,1322,5210,22
2022-12-14,Contra Costa,013,1133247,263226,21697,284923,1509
2022-12-14,Del Norte,015,27424,7664,414,8078,56
2022-12-14,El Dorado,017,186661,33685,4438,38123,240
2022-12-14,Fresno,019,978130,287724,33642,321366,2935
2022-12-14,Glenn,021,27897,5707,1952,7659,56
2022-12-14,Humboldt,023,135768,22882,5511,28393,165
2022-12-14,Imperial,025,180216,68449,18096,86545,971
2022-12-14,Inyo,027,18085,4668,1181,5849,62
2022-12-14,Kern,029,883053,225102,68414,293516,2451
2022-12-14,Kings,031,150075,61418,4340,65758,473
2022-12-14,Lake,033,64148,13286,1238,14524,152
2022-12-14,Lassen,035,31185,10161,1030,11191,65
2022-12-14,Los Angeles,037,10098052,3404698,201493,3606191,34419
2022-12-14,Madera,039,155013,45341,8614,53955,376
2022-12-14,Marin,041,260295,38973,5447,44420,260
2022-12-14,Mariposa,043,17540,3261,354,3615,30
2022-12-14,Mendocino,045,87422,16486,4678,21164,139
2022-12-14,Merced,047,269075,75634,12593,88227,888
2022-12-14,Modoc,049,8938,928,360,1288,11
2022-12-14,Mono,051,14174,3259,280,3539,8
2022-12-14,Monterey,053,433212,96315,22203,118518,782
2022-12-14,Napa,055,140530,33499,1468,34967,162
2022-12-14,Nevada,057,99092,19759,2153,21912,137
2022-12-14,Orange,059,3164182,693340,71093,764433,7732
2022-12-14,Placer,061,380077,78830,10082,88912,675
2022-12-14,Plumas,063,18699,3773,451,4224,13
2022-12-14,Riverside,065,2383286,717578,38470,756048,6724
2022-12-14,Sacramento,067,1510023,361241,36784,398025,3429
2022-12-14,San Benito,069,59416,17145,1055,18200,108
2022-12-14,San Bernardino,071,2135413,694023,32661,726684,8116
2022-12-14,San Diego,073,3302833,955784,76335,1032119,5661
2022-12-14,San Francisco,075,870044,188834,12770,201604,1115
2022-12-14,San Joaquin,077,732212,204629,16190,220819,2379
2022-12-14,San Luis Obispo,079,281455,64881,7592,72473,538
2022-12-14,San Mateo,081,765935,177397,10721,188118,746
2022-12-14,Santa Barbara,083,443738,109060,7254,116314,746
2022-12-14,Santa Clara,085,1922200,458904,20137,479041,2632
2022-12-14,Santa Cruz,087,273765,66591,3690,70281,276
2022-12-14,Shasta,089,179085,35992,8081,44073,606
2022-12-14,Sierra,091,2930,310,61,371,5
2022-12-14,Siskiyou,093,43540,5336,3402,8738,95
2022-12-14,Solano,095,438530,109923,8276,118199,469
2022-12-14,Sonoma,097,501317,110630,5516,116146,543
2022-12-14,Stanislaus,099,539301,141878,22328,164206,1810
2022-12-14,Sutter,101,95872,25089,2501,27590,236
2022-12-14,Tehama,103,63373,14190,3315,17505,221
2022-12-14,Trinity,105,12862,1447,467,1914,23
2022-12-14,Tulare,107,460477,125218,38576,163794,1555
2022-12-14,Tuolumne,109,53932,16331,959,17290,203
2022-12-14,Ventura,111,848112,215470,16975,232445,1620
2022-12-14,Yolo,113,214977,48981,4676,53657,427
2022-12-14,Yuba,115,75493,19524,1795,21319,133
2022-12-13,Alameda,001,1643700,365568,21072,386640,2054
2022-12-13,Alpine,002,1148,139,2,141,0
2022-12-13,Amador,005,37829,10262,953,11215,95
2022-12-13,Butte,007,227075,40891,9727,50618,476
2022-12-13,Calaveras,009,45235,8793,608,9401,135
2022-12-13,Colusa,011,21464,3885,1322,5207,22
2022-12-13,Contra Costa,013,1133247,262955,21675,284630,1509
2022-12-13,Del Norte,015,27424,7659,414,8073,56
2022-12-13,El Dorado,017,186661,33651,4434,38085,240
2022-12-13,Fresno,019,978130,287548,33611,321159,2933
2022-12-13,Glenn,021,27897,5705,1951,7656,56
2022-12-13,Humboldt,023,135768,22856,5505,28361,165
2022-12-13,Imperial,025,180216,68405,18047,86452,970
2022-12-13,Inyo,027,18085,4666,1177,5843,62
2022-12-13,Kern,029,883053,224972,68294,293266,2451
2022-12-13,Kings,031,150075,61377,4333,65710,473
2022-12-13,Lake,033,64148,13273,1238,14511,152
2022-12-13,Lassen,035,31185,10161,1030,11191,65
2022-12-13,Los Angeles,037,10098052,3402131,201050,3603181,34396
2022-12-13,Madera,039,155013,45311,8600,53911,376
2022-12-13,Marin,041,260295,38933,5444,44377,260
2022-12-13,Mariposa,043,17540,3256,354,3610,30
2022-12-13,Mendocino,045,87422,16481,4669,21150,139
2022-12-13,Merced,047,269075,75583,12587,88170,888
2022-12-13,Modoc,049,8938,926,358,1284,11
2022-12-13,Mono,051,14174,3258,280,3538,8
2022-12-13,Monterey,053,433212,96270,22180,118450,782
2022-12-13,Napa,055,140530,33481,1468,34949,162
2022-12-13,Nevada,057,99092,19751,2139,21890,137
2022-12-13,Orange,059,3164182,692794,70959,763753,7729
2022-12-13,Placer,061,380077,78757,10072,88829,675
2022-12-13,Plumas,063,18699,3770,451,4221,13
2022-12-13,Riverside,065,2383286,717058,38407,755465,6721
2022-12-13,Sacramento,067,1510023,360931,36742,397673,3427
2022-12-13,San Benito,069,59416,17127,1053,18180,108
2022-12-13,San Bernardino,071,2135413,693502,32623,726125,8116
2022-12-13,San Diego,073,3302833,955023,76226,1031249,5659
2022-12-13,San Francisco,075,870044,188639,12764,201403,1115
2022-12-13,San Joaquin,077,732212,204476,16156,220632,2376
2022-12-13,San Luis Obispo,079,281455,64831,7577,72408,538
2022-12-13,San Mateo,081,765935,177263,10713,187976,746
2022-12-13,Santa Barbara,083,443738,108980,7246,116226,745
2022-12-13,Santa Clara,085,1922200,458457,20111,478568,2629
2022-12-13,Santa Cruz,087,273765,66555,3685,70240,276
2022-12-13,Shasta,089,179085,35976,8069,44045,604
2022-12-13,Sierra,091,2930,310,61,371,5
2022-12-13,Siskiyou,093,43540,5336,3399,8735,95
2022-12-13,Solano,095,438530,109822,8271,118093,469
2022-12-13,Sonoma,097,501317,110567,5509,116076,542
2022-12-13,Stanislaus,099,539301,141810,22307,164117,1810
2022-12-13,Sutter,101,95872,25074,2500,27574,236
2022-12-13,Tehama,103,63373,14177,3311,17488,221
2022-12-13,Trinity,105,12862,1447,464,1911,23
2022-12-13,Tulare,107,460477,125159,38523,163682,1554
2022-12-13,Tuolumne,109,53932,16319,959,17278,203
2022-12-13,Ventura,111,848112,215335,16940,232275,1619
2022-12-13,Yolo,113,214977,48958,4669,53627,426
2022-12-13,Yuba,115,75493,19516,1793,21309,133
2022-12-12,Alameda,001,1643700,365155,21028,386183,2054
2022-12-12,Alpine,002,1148,139,2,141,0
2022-12-12,Amador,005,37829,10254,951,11205,95
2022-12-12,Butte,007,227075,40869,9716,50585,476
2022-12-12,Calaveras,009,45235,8789,606,9395,135
2022-12-12,Colusa,011,21464,3884,1322,5206,22
2022-12-12,Contra Costa,013,1133247,262669,21647,284316,1507
2022-12-12,Del Norte,015,27424,7652,413,8065,56
2022-12-12,El Dorado,017,186661,33626,4430,38056,239
2022-12-12,Fresno,019,978130,287331,33559,320890,2932
2022-12-12,Glenn,021,27897,5697,1951,7648,56
2022-12-12,Humboldt,023,135768,22840,5498,28338,165
2022-12-12,Imperial,025,180216,68347,18004,86351,970
2022-12-12,Inyo,027,18085,4664,1170,5834,62
2022-12-12,Kern,029,883053,224804,68181,292985,2451
2022-12-12,Kings,031,150075,61330,4330,65660,473
2022-12-12,Lake,033,64148,13265,1237,14502,152
2022-12-12,Lassen,035,31185,10161,1029,11190,65
2022-12-12,Los Angeles,037,10098052,3399351,200609,3599960,34375
2022-12-12,Madera,039,155013,45279,8593,53872,376
2022-12-12,Marin,041,260295,38892,5438,44330,260
2022-12-12,Mariposa,043,17540,3249,354,3603,30
2022-12-12,Mendocino,045,87422,16469,4667,21136,139
2022-12-12,Merced,047,269075,75526,12572,88098,888
2022-12-12,Modoc,049,8938,920,354,1274,11
2022-12-12,Mono,051,14174,3258,280,3538,8
2022-12-12,Monterey,053,433212,96237,22152,118389,782
2022-12-12,Napa,055,140530,33450,1467,34917,162
2022-12-12,Nevada,057,99092,19735,2134,21869,137
2022-12-12,Orange,059,3164182,692209,70804,763013,7724
2022-12-12,Placer,061,380077,78726,10060,88786,674
2022-12-12,Plumas,063,18699,3770,451,4221,13
2022-12-12,Riverside,065,2383286,716548,38321,754869,6718
2022-12-12,Sacramento,067,1510023,360636,36692,397328,3426
2022-12-12,San Benito,069,59416,17097,1049,18146,107
2022-12-12,San Bernardino,071,2135413,692919,32573,725492,8116
2022-12-12,San Diego,073,3302833,954144,76104,1030248,5656
2022-12-12,San Francisco,075,870044,188439,12756,201195,1111
2022-12-12,San Joaquin,077,732212,204367,16128,220495,2376
2022-12-12,San Luis Obispo,079,281455,64797,7561,72358,538
2022-12-12,San Mateo,081,765935,177098,10707,187805,746
2022-12-12,Santa Barbara,083,443738,108922,7237,116159,745
2022-12-12,Santa Clara,085,1922200,457919,20081,478000,2628
2022-12-12,Santa Cruz,087,273765,66467,3681,70148,276
2022-12-12,Shasta,089,179085,35958,8058,44016,604
2022-12-12,Sierra,091,2930,310,61,371,5
2022-12-12,Siskiyou,093,43540,5331,3396,8727,95
2022-12-12,Solano,095,438530,109706,8260,117966,469
2022-12-12,Sonoma,097,501317,110459,5500,115959,542
2022-12-12,Stanislaus,099,539301,141733,22296,164029,1810
2022-12-12,Sutter,101,95872,25058,2500,27558,236
2022-12-12,Tehama,103,63373,14168,3305,17473,221
2022-12-12,Trinity,105,12862,1445,463,1908,23
2022-12-12,Tulare,107,460477,125083,38471,163554,1553
2022-12-12,Tuolumne,109,53932,16305,959,17264,203
2022-12-12,Ventura,111,848112,215193,16917,232110,1619
2022-12-12,Yolo,113,214977,48933,4654,53587,426
2022-12-12,Yuba,115,75493,19504,1788,21292,133
2022-12-11,Alameda,001,1643700,364719,20980,385699,2050
2022-12-11,Alpine,002,1148,139,2,141,0
2022-12-11,Amador,005,37829,10252,950,11202,95
2022-12-11,Butte,007,227075,40842,9710,50552,476
2022-12-11,Calaveras,009,45235,8779,603,9382,135
2022-12-11,Colusa,011,21464,3883,1321,5204,22
2022-12-11,Contra Costa,013,1133247,262316,21610,283926,1505
2022-12-11,Del Norte,015,27424,7644,412,8056,56
2022-12-11,El Dorado,017,186661,33603,4427,38030,238
2022-12-11,Fresno,019,978130,287082,33499,320581,2930
2022-12-11,Glenn,021,27897,5695,1946,7641,56
2022-12-11,Humboldt,023,135768,22826,5483,28309,165
2022-12-11,Imperial,025,180216,68272,17910,86182,970
2022-12-11,Inyo,027,18085,4663,1164,5827,62
2022-12-11,Kern,029,883053,224588,68061,292649,2450
2022-12-11,Kings,031,150075,61297,4324,65621,473
2022-12-11,Lake,033,64148,13258,1237,14495,152
2022-12-11,Lassen,035,31185,10158,1027,11185,65
2022-12-11,Los Angeles,037,10098052,3396133,200049,3596182,34350
2022-12-11,Madera,039,155013,45237,8583,53820,376
2022-12-11,Marin,041,260295,38830,5434,44264,260
2022-12-11,Mariposa,043,17540,3248,353,3601,30
2022-12-11,Mendocino,045,87422,16458,4658,21116,139
2022-12-11,Merced,047,269075,75461,12545,88006,888
2022-12-11,Modoc,049,8938,920,354,1274,11
2022-12-11,Mono,051,14174,3257,279,3536,8
2022-12-11,Monterey,053,433212,96175,22127,118302,782
2022-12-11,Napa,055,140530,33411,1462,34873,161
2022-12-11,Nevada,057,99092,19719,2126,21845,137
2022-12-11,Orange,059,3164182,691551,70605,762156,7717
2022-12-11,Placer,061,380077,78670,10047,88717,673
2022-12-11,Plumas,063,18699,3768,451,4219,13
2022-12-11,Riverside,065,2383286,715985,38199,754184,6716
2022-12-11,Sacramento,067,1510023,360296,36625,396921,3424
2022-12-11,San Benito,069,59416,17087,1049,18136,107
2022-12-11,San Bernardino,071,2135413,692268,32522,724790,8116
2022-12-11,San Diego,073,3302833,953263,75930,1029193,5654
2022-12-11,San Francisco,075,870044,188165,12734,200899,1111
2022-12-11,San Joaquin,077,732212,204175,16092,220267,2376
2022-12-11,San Luis Obispo,079,281455,64739,7540,72279,538
2022-12-11,San Mateo,081,765935,176895,10699,187594,746
2022-12-11,Santa Barbara,083,443738,108811,7211,116022,745
2022-12-11,Santa Clara,085,1922200,457295,20034,477329,2626
2022-12-11,Santa Cruz,087,273765,66349,3678,70027,276
2022-12-11,Shasta,089,179085,35941,8037,43978,604
2022-12-11,Sierra,091,2930,310,61,371,5
2022-12-11,Siskiyou,093,43540,5327,3393,8720,95
2022-12-11,Solano,095,438530,109576,8254,117830,469
2022-12-11,Sonoma,097,501317,110330,5490,115820,542
2022-12-11,Stanislaus,099,539301,141624,22274,163898,1808
2022-12-11,Sutter,101,95872,25041,2499,27540,236
2022-12-11,Tehama,103,63373,14154,3297,17451,221
2022-12-11,Trinity,105,12862,1444,462,1906,23
2022-12-11,Tulare,107,460477,124982,38422,163404,1553
2022-12-11,Tuolumne,109,53932,16289,958,17247,203
2022-12-11,Ventura,111,848112,215029,16876,231905,1619
2022-12-11,Yolo,113,214977,48908,4644,53552,426
2022-12-11,Yuba,115,75493,19486,1784,21270,133
2022-12-10,Alameda,001,1643700,364472,20947,385419,2048
2022-12-10,Alpine,002,1148,139,2,141,0
2022-12-10,Amador,005,37829,10248,950,11198,95
2022-12-10,Butte,007,227075,40828,9702,50530,476
2022-12-10,Calaveras,009,45235,8774,601,9375,135
2022-12-10,Colusa,011,21464,3882,1321,5203,22
2022-12-10,Contra Costa,013,1133247,262141,21600,283741,1503
2022-12-10,Del Norte,015,27424,7639,412,8051,56
2022-12-10,El Dorado,017,186661,33588,4427,38015,238
2022-12-10,Fresno,019,978130,286971,33486,320457,2927
2022-12-10,Glenn,021,27897,5694,1945,7639,56
2022-12-10,Humboldt,023,135768,22808,5475,28283,165
2022-12-10,Imperial,025,180216,68252,17903,86155,969
2022-12-10,Inyo,027,18085,4659,1160,5819,62
2022-12-10,Kern,029,883053,224495,67988,292483,2450
2022-12-10,Kings,031,150075,61286,4324,65610,473
2022-12-10,Lake,033,64148,13253,1237,14490,152
2022-12-10,Lassen,035,31185,10157,1027,11184,65
2022-12-10,Los Angeles,037,10098052,3394669,199783,3594452,34325
2022-12-10,Madera,039,155013,45224,8580,53804,376
2022-12-10,Marin,041,260295,38799,5430,44229,260
2022-12-10,Mariposa,043,17540,3248,353,3601,30
2022-12-10,Mendocino,045,87422,16453,4657,21110,139
2022-12-10,Merced,047,269075,75436,12538,87974,888
2022-12-10,Modoc,049,8938,920,354,1274,11
2022-12-10,Mono,051,14174,3256,279,3535,8
2022-12-10,Monterey,053,433212,96143,22113,118256,780
2022-12-10,Napa,055,140530,33398,1462,34860,161
2022-12-10,Nevada,057,99092,19713,2124,21837,137
2022-12-10,Orange,059,3164182,691262,70494,761756,7713
2022-12-10,Placer,061,380077,78628,10042,88670,672
2022-12-10,Plumas,063,18699,3766,451,4217,13
2022-12-10,Riverside,065,2383286,715663,38146,753809,6713
2022-12-10,Sacramento,067,1510023,360151,36610,396761,3424
2022-12-10,San Benito,069,59416,17069,1047,18116,107
2022-12-10,San Bernardino,071,2135413,691944,32495,724439,8115
2022-12-10,San Diego,073,3302833,952898,75880,1028778,5651
2022-12-10,San Francisco,075,870044,188015,12730,200745,1109
2022-12-10,San Joaquin,077,732212,204090,16072,220162,2376
2022-12-10,San Luis Obispo,079,281455,64719,7534,72253,538
2022-12-10,San Mateo,081,765935,176784,10692,187476,746
2022-12-10,Santa Barbara,083,443738,108761,7201,115962,745
2022-12-10,Santa Clara,085,1922200,456994,20019,477013,2624
2022-12-10,Santa Cruz,087,273765,66315,3674,69989,276
2022-12-10,Shasta,089,179085,35931,8034,43965,604
2022-12-10,Sierra,091,2930,310,61,371,5
2022-12-10,Siskiyou,093,43540,5326,3393,8719,95
2022-12-10,Solano,095,438530,109551,8248,117799,468
2022-12-10,Sonoma,097,501317,110289,5490,115779,542
2022-12-10,Stanislaus,099,539301,141568,22260,163828,1808
2022-12-10,Sutter,101,95872,25031,2499,27530,236
2022-12-10,Tehama,103,63373,14149,3296,17445,221
2022-12-10,Trinity,105,12862,1443,462,1905,23
2022-12-10,Tulare,107,460477,124935,38394,163329,1553
2022-12-10,Tuolumne,109,53932,16250,957,17207,203
2022-12-10,Ventura,111,848112,214947,16856,231803,1618
2022-12-10,Yolo,113,214977,48885,4634,53519,425
2022-12-10,Yuba,115,75493,19479,1779,21258,133
2022-12-09,Alameda,001,1643700,364192,20919,385111,2048
2022-12-09,Alpine,002,1148,139,2,141,0
2022-12-09,Amador,005,37829,10244,949,11193,95
2022-12-09,Butte,007,227075,40813,9692,50505,475
2022-12-09,Calaveras,009,45235,8769,599,9368,135
2022-12-09,Colusa,011,21464,3878,1321,5199,22
2022-12-09,Contra Costa,013,1133247,261989,21588,283577,1503
2022-12-09,Del Norte,015,27424,7635,412,8047,56
2022-12-09,El Dorado,017,186661,33574,4425,37999,238
2022-12-09,Fresno,019,978130,286827,33434,320261,2925
2022-12-09,Glenn,021,27897,5693,1944,7637,56
2022-12-09,Humboldt,023,135768,22799,5471,28270,164
2022-12-09,Imperial,025,180216,68218,17898,86116,969
2022-12-09,Inyo,027,18085,4658,1158,5816,62
2022-12-09,Kern,029,883053,224399,67925,292324,2449
2022-12-09,Kings,031,150075,61262,4324,65586,473
2022-12-09,Lake,033,64148,13248,1237,14485,152
2022-12-09,Lassen,035,31185,10156,1027,11183,65
2022-12-09,Los Angeles,037,10098052,3392954,199462,3592416,34296
2022-12-09,Madera,039,155013,45202,8572,53774,376
2022-12-09,Marin,041,260295,38777,5424,44201,260
2022-12-09,Mariposa,043,17540,3247,353,3600,30
2022-12-09,Mendocino,045,87422,16446,4657,21103,139
2022-12-09,Merced,047,269075,75396,12532,87928,888
2022-12-09,Modoc,049,8938,920,354,1274,11
2022-12-09,Mono,051,14174,3255,279,3534,8
2022-12-09,Monterey,053,433212,96117,22107,118224,779
2022-12-09,Napa,055,140530,33385,1461,34846,161
2022-12-09,Nevada,057,99092,19706,2121,21827,137
2022-12-09,Orange,059,3164182,690911,70374,761285,7708
2022-12-09,Placer,061,380077,78603,10038,88641,671
2022-12-09,Plumas,063,18699,3765,451,4216,13
2022-12-09,Riverside,065,2383286,715347,38088,753435,6710
2022-12-09,Sacramento,067,1510023,359942,36600,396542,3424
2022-12-09,San Benito,069,59416,17060,1046,18106,107
2022-12-09,San Bernardino,071,2135413,691617,32458,724075,8114
2022-12-09,San Diego,073,3302833,952459,75826,1028285,5651
2022-12-09,San Francisco,075,870044,187899,12716,200615,1107
2022-12-09,San Joaquin,077,732212,204002,16061,220063,2375
2022-12-09,San Luis Obispo,079,281455,64704,7531,72235,538
2022-12-09,San Mateo,081,765935,176668,10685,187353,745
2022-12-09,Santa Barbara,083,443738,108717,7199,115916,745
2022-12-09,Santa Clara,085,1922200,456669,19989,476658,2619
2022-12-09,Santa Cruz,087,273765,66243,3674,69917,276
2022-12-09,Shasta,089,179085,35922,8028,43950,604
2022-12-09,Sierra,091,2930,310,61,371,5
2022-12-09,Siskiyou,093,43540,5325,3392,8717,95
2022-12-09,Solano,095,438530,109486,8240,117726,467
2022-12-09,Sonoma,097,501317,110234,5487,115721,542
2022-12-09,Stanislaus,099,539301,141494,22248,163742,1806
2022-12-09,Sutter,101,95872,25021,2499,27520,236
2022-12-09,Tehama,103,63373,14142,3295,17437,221
2022-12-09,Trinity,105,12862,1443,462,1905,23
2022-12-09,Tulare,107,460477,124891,38358,163249,1553
2022-12-09,Tuolumne,109,53932,16234,957,17191,203
2022-12-09,Ventura,111,848112,214860,16837,231697,1618
2022-12-09,Yolo,113,214977,48871,4624,53495,425
2022-12-09,Yuba,115,75493,19472,1778,21250,133
2022-12-08,Alameda,001,1643700,363775,20866,384641,2045
2022-12-08,Alpine,002,1148,139,2,141,0
2022-12-08,Amador,005,37829,10238,949,11187,95
2022-12-08,Butte,007,227075,40786,9673,50459,475
2022-12-08,Calaveras,009,45235,8765,598,9363,135
2022-12-08,Colusa,011,21464,3874,1321,5195,22
2022-12-08,Contra Costa,013,1133247,261753,21571,283324,1500
2022-12-08,Del Norte,015,27424,7632,412,8044,56
2022-12-08,El Dorado,017,186661,33549,4424,37973,238
2022-12-08,Fresno,019,978130,286618,33384,320002,2925
2022-12-08,Glenn,021,27897,5687,1941,7628,56
2022-12-08,Humboldt,023,135768,22784,5463,28247,164
2022-12-08,Imperial,025,180216,68144,17861,86005,969
2022-12-08,Inyo,027,18085,4652,1157,5809,62
2022-12-08,Kern,029,883053,224279,67851,292130,2449
2022-12-08,Kings,031,150075,61223,4323,65546,473
2022-12-08,Lake,033,64148,13234,1237,14471,152
2022-12-08,Lassen,035,31185,10154,1027,11181,65
2022-12-08,Los Angeles,037,10098052,3390436,199042,3589478,34279
2022-12-08,Madera,039,155013,45181,8569,53750,376
2022-12-08,Marin,041,260295,38725,5415,44140,260
2022-12-08,Mariposa,043,17540,3240,353,3593,30
2022-12-08,Mendocino,045,87422,16440,4656,21096,138
2022-12-08,Merced,047,269075,75369,12520,87889,888
2022-12-08,Modoc,049,8938,920,354,1274,11
2022-12-08,Mono,051,14174,3254,279,3533,8
2022-12-08,Monterey,053,433212,96089,22079,118168,779
2022-12-08,Napa,055,140530,33353,1460,34813,161
2022-12-08,Nevada,057,99092,19687,2119,21806,137
2022-12-08,Orange,059,3164182,690439,70229,760668,7707
2022-12-08,Placer,061,380077,78551,10032,88583,670
2022-12-08,Plumas,063,18699,3765,451,4216,13
2022-12-08,Riverside,065,2383286,714869,38014,752883,6709
2022-12-08,Sacramento,067,1510023,359639,36538,396177,3423
2022-12-08,San Benito,069,59416,17051,1046,18097,106
2022-12-08,San Bernardino,071,2135413,691068,32411,723479,8114
2022-12-08,San Diego,073,3302833,951815,75708,1027523,5650
2022-12-08,San Francisco,075,870044,187692,12693,200385,1104
2022-12-08,San Joaquin,077,732212,203869,16039,219908,2374
2022-12-08,San Luis Obispo,079,281455,64672,7516,72188,537
2022-12-08,San Mateo,081,765935,176506,10679,187185,745
2022-12-08,Santa Barbara,083,443738,108645,7196,115841,744
2022-12-08,Santa Clara,085,1922200,456170,19958,476128,2619
2022-12-08,Santa Cruz,087,273765,66215,3671,69886,276
2022-12-08,Shasta,089,179085,35906,8024,43930,604
2022-12-08,Sierra,091,2930,310,61,371,5
2022-12-08,Siskiyou,093,43540,5322,3391,8713,95
2022-12-08,Solano,095,438530,109380,8235,117615,467
2022-12-08,Sonoma,097,501317,110154,5483,115637,541
2022-12-08,Stanislaus,099,539301,141412,22223,163635,1805
2022-12-08,Sutter,101,95872,24998,2496,27494,236
2022-12-08,Tehama,103,63373,14130,3292,17422,221
2022-12-08,Trinity,105,12862,1442,460,1902,23
2022-12-08,Tulare,107,460477,124849,38307,163156,1551
2022-12-08,Tuolumne,109,53932,16211,957,17168,203
2022-12-08,Ventura,111,848112,214736,16801,231537,1618
2022-12-08,Yolo,113,214977,48829,4621,53450,424
2022-12-08,Yuba,115,75493,19461,1775,21236,133
2022-12-07,Alameda,001,1643700,363386,20815,384201,2045
2022-12-07,Alpine,002,1148,139,2,141,0
2022-12-07,Amador,005,37829,10235,949,11184,95
2022-12-07,Butte,007,227075,40754,9658,50412,475
2022-12-07,Calaveras,009,45235,8760,597,9357,135
2022-12-07,Colusa,011,21464,3874,1321,5195,22
2022-12-07,Contra Costa,013,1133247,261518,21539,283057,1499
2022-12-07,Del Norte,015,27424,7630,412,8042,56
2022-12-07,El Dorado,017,186661,33523,4420,37943,238
2022-12-07,Fresno,019,978130,286355,33336,319691,2921
2022-12-07,Glenn,021,27897,5686,1941,7627,56
2022-12-07,Humboldt,023,135768,22768,5448,28216,164
2022-12-07,Imperial,025,180216,68074,17790,85864,969
2022-12-07,Inyo,027,18085,4648,1132,5780,62
2022-12-07,Kern,029,883053,224152,67746,291898,2448
2022-12-07,Kings,031,150075,61180,4319,65499,473
2022-12-07,Lake,033,64148,13226,1237,14463,152
2022-12-07,Lassen,035,31185,10153,1027,11180,65
2022-12-07,Los Angeles,037,10098052,3387746,198530,3586276,34257
2022-12-07,Madera,039,155013,45135,8565,53700,376
2022-12-07,Marin,041,260295,38682,5409,44091,260
2022-12-07,Mariposa,043,17540,3237,353,3590,30
2022-12-07,Mendocino,045,87422,16436,4651,21087,138
2022-12-07,Merced,047,269075,75319,12487,87806,888
2022-12-07,Modoc,049,8938,919,354,1273,11
2022-12-07,Mono,051,14174,3252,279,3531,8
2022-12-07,Monterey,053,433212,96050,22051,118101,779
2022-12-07,Napa,055,140530,33334,1456,34790,161
2022-12-07,Nevada,057,99092,19670,2110,21780,137
2022-12-07,Orange,059,3164182,689916,70060,759976,7707
2022-12-07,Placer,061,380077,78505,10027,88532,669
2022-12-07,Plumas,063,18699,3764,451,4215,13
2022-12-07,Riverside,065,2383286,714315,37940,752255,6703
2022-12-07,Sacramento,067,1510023,359388,36488,395876,3420
2022-12-07,San Benito,069,59416,17028,1042,18070,106
2022-12-07,San Bernardino,071,2135413,690535,32341,722876,8114
2022-12-07,San Diego,073,3302833,951003,75591,1026594,5646
2022-12-07,San Francisco,075,870044,187488,12682,200170,1104
2022-12-07,San Joaquin,077,732212,203707,16009,219716,2374
2022-12-07,San Luis Obispo,079,281455,64646,7496,72142,537
2022-12-07,San Mateo,081,765935,176343,10672,187015,745
2022-12-07,Santa Barbara,083,443738,108563,7188,115751,744
2022-12-07,Santa Clara,085,1922200,455722,19926,475648,2615
2022-12-07,Santa Cruz,087,273765,66121,3661,69782,276
2022-12-07,Shasta,089,179085,35886,8013,43899,604
2022-12-07,Sierra,091,2930,310,61,371,5
2022-12-07,Siskiyou,093,43540,5320,3391,8711,95
2022-12-07,Solano,095,438530,109283,8228,117511,467
2022-12-07,Sonoma,097,501317,110083,5481,115564,541
2022-12-07,Stanislaus,099,539301,141350,22201,163551,1804
2022-12-07,Sutter,101,95872,24983,2496,27479,236
2022-12-07,Tehama,103,63373,14121,3289,17410,221
2022-12-07,Trinity,105,12862,1442,459,1901,23
2022-12-07,Tulare,107,460477,124793,38271,163064,1551
2022-12-07,Tuolumne,109,53932,16200,957,17157,203
2022-12-07,Ventura,111,848112,214612,16776,231388,1617
2022-12-07,Yolo,113,214977,48798,4619,53417,424
2022-12-07,Yuba,115,75493,19455,1773,21228,133
2022-12-06,Alameda,001,1643700,362918,20782,383700,2045
2022-12-06,Alpine,002,1148,139,2,141,0
2022-12-06,Amador,005,37829,10227,948,11175,95
2022-12-06,Butte,007,227075,40725,9647,50372,475
2022-12-06,Calaveras,009,45235,8754,595,9349,135
2022-12-06,Colusa,011,21464,3873,1321,5194,22
2022-12-06,Contra Costa,013,1133247,261204,21508,282712,1499
2022-12-06,Del Norte,015,27424,7626,412,8038,56
2022-12-06,El Dorado,017,186661,33497,4418,37915,238
2022-12-06,Fresno,019,978130,286129,33281,319410,2920
2022-12-06,Glenn,021,27897,5683,1936,7619,56
2022-12-06,Humboldt,023,135768,22746,5438,28184,164
2022-12-06,Imperial,025,180216,67995,17724,85719,967
2022-12-06,Inyo,027,18085,4645,1128,5773,62
2022-12-06,Kern,029,883053,224047,67633,291680,2448
2022-12-06,Kings,031,150075,61138,4314,65452,473
2022-12-06,Lake,033,64148,13219,1237,14456,152
2022-12-06,Lassen,035,31185,10151,1026,11177,65
2022-12-06,Los Angeles,037,10098052,3384870,197957,3582827,34237
2022-12-06,Madera,039,155013,45111,8537,53648,376
2022-12-06,Marin,041,260295,38635,5404,44039,260
2022-12-06,Mariposa,043,17540,3237,353,3590,30
2022-12-06,Mendocino,045,87422,16428,4649,21077,138
2022-12-06,Merced,047,269075,75262,12465,87727,888
2022-12-06,Modoc,049,8938,916,353,1269,11
2022-12-06,Mono,051,14174,3251,279,3530,8
2022-12-06,Monterey,053,433212,96017,22024,118041,779
2022-12-06,Napa,055,140530,33311,1455,34766,161
2022-12-06,Nevada,057,99092,19655,2101,21756,137
2022-12-06,Orange,059,3164182,689364,69876,759240,7699
2022-12-06,Placer,061,380077,78443,10015,88458,669
2022-12-06,Plumas,063,18699,3764,451,4215,13
2022-12-06,Riverside,065,2383286,713809,37831,751640,6700
2022-12-06,Sacramento,067,1510023,359124,36456,395580,3419
2022-12-06,San Benito,069,59416,17009,1038,18047,106
2022-12-06,San Bernardino,071,2135413,689961,32285,722246,8114
2022-12-06,San Diego,073,3302833,950169,75447,1025616,5643
2022-12-06,San Francisco,075,870044,187261,12673,199934,1104
2022-12-06,San Joaquin,077,732212,203541,15986,219527,2371
2022-12-06,San Luis Obispo,079,281455,64609,7466,72075,537
2022-12-06,San Mateo,081,765935,176146,10653,186799,745
2022-12-06,Santa Barbara,083,443738,108494,7171,115665,744
2022-12-06,Santa Clara,085,1922200,455215,19880,475095,2612
2022-12-06,Santa Cruz,087,273765,66014,3659,69673,276
2022-12-06,Shasta,089,179085,35869,8002,43871,604
2022-12-06,Sierra,091,2930,308,61,369,5
2022-12-06,Siskiyou,093,43540,5317,3388,8705,95
2022-12-06,Solano,095,438530,109171,8214,117385,467
2022-12-06,Sonoma,097,501317,109996,5478,115474,540
2022-12-06,Stanislaus,099,539301,141253,22170,163423,1803
2022-12-06,Sutter,101,95872,24968,2493,27461,236
2022-12-06,Tehama,103,63373,14104,3280,17384,221
2022-12-06,Trinity,105,12862,1442,458,1900,23
2022-12-06,Tulare,107,460477,124732,38219,162951,1551
2022-12-06,Tuolumne,109,53932,16191,956,17147,203
2022-12-06,Ventura,111,848112,214445,16742,231187,1615
2022-12-06,Yolo,113,214977,48757,4612,53369,424
2022-12-06,Yuba,115,75493,19441,1772,21213,133
2022-12-05,Alameda,001,1643700,362464,20744,383208,2044
2022-12-05,Alpine,002,1148,139,2,141,0
2022-12-05,Amador,005,37829,10222,948,11170,95
2022-12-05,Butte,007,227075,40687,9632,50319,474
2022-12-05,Calaveras,009,45235,8748,594,9342,135
2022-12-05,Colusa,011,21464,3872,1321,5193,22
2022-12-05,Contra Costa,013,1133247,260932,21488,282420,1496
2022-12-05,Del Norte,015,27424,7618,411,8029,56
2022-12-05,El Dorado,017,186661,33480,4414,37894,238
2022-12-05,Fresno,019,978130,285846,33221,319067,2920
2022-12-05,Glenn,021,27897,5680,1936,7616,56
2022-12-05,Humboldt,023,135768,22730,5430,28160,164
2022-12-05,Imperial,025,180216,67892,17656,85548,967
2022-12-05,Inyo,027,18085,4642,1127,5769,62
2022-12-05,Kern,029,883053,223848,67537,291385,2448
2022-12-05,Kings,031,150075,61074,4306,65380,471
2022-12-05,Lake,033,64148,13209,1237,14446,152
2022-12-05,Lassen,035,31185,10146,1026,11172,65
2022-12-05,Los Angeles,037,10098052,3381760,197385,3579145,34217
2022-12-05,Madera,039,155013,45067,8534,53601,376
2022-12-05,Marin,041,260295,38577,5394,43971,260
2022-12-05,Mariposa,043,17540,3231,353,3584,30
2022-12-05,Mendocino,045,87422,16416,4643,21059,138
2022-12-05,Merced,047,269075,75208,12445,87653,888
2022-12-05,Modoc,049,8938,915,353,1268,11
2022-12-05,Mono,051,14174,3249,279,3528,8
2022-12-05,Monterey,053,433212,95972,22003,117975,779
2022-12-05,Napa,055,140530,33288,1452,34740,161
2022-12-05,Nevada,057,99092,19645,2098,21743,137
2022-12-05,Orange,059,3164182,688713,69660,758373,7689
2022-12-05,Placer,061,380077,78394,10007,88401,669
2022-12-05,Plumas,063,18699,3763,450,4213,13
2022-12-05,Riverside,065,2383286,713208,37727,750935,6699
2022-12-05,Sacramento,067,1510023,358812,36400,395212,3419
2022-12-05,San Benito,069,59416,16972,1034,18006,105
2022-12-05,San Bernardino,071,2135413,689317,32227,721544,8112
2022-12-05,San Diego,073,3302833,949295,75302,1024597,5641
2022-12-05,San Francisco,075,870044,187011,12660,199671,1104
2022-12-05,San Joaquin,077,732212,203365,15960,219325,2370
2022-12-05,San Luis Obispo,079,281455,64566,7452,72018,537
2022-12-05,San Mateo,081,765935,175927,10644,186571,745
2022-12-05,Santa Barbara,083,443738,108410,7156,115566,743
2022-12-05,Santa Clara,085,1922200,454659,19834,474493,2609
2022-12-05,Santa Cruz,087,273765,65889,3653,69542,276
2022-12-05,Shasta,089,179085,35851,7992,43843,604
2022-12-05,Sierra,091,2930,308,61,369,5
2022-12-05,Siskiyou,093,43540,5316,3386,8702,95
2022-12-05,Solano,095,438530,109071,8198,117269,467
2022-12-05,Sonoma,097,501317,109902,5472,115374,540
2022-12-05,Stanislaus,099,539301,141140,22153,163293,1802
2022-12-05,Sutter,101,95872,24944,2490,27434,236
2022-12-05,Tehama,103,63373,14088,3276,17364,220
2022-12-05,Trinity,105,12862,1442,457,1899,23
2022-12-05,Tulare,107,460477,124640,38163,162803,1551
2022-12-05,Tuolumne,109,53932,16172,955,17127,203
2022-12-05,Ventura,111,848112,214278,16713,230991,1615
2022-12-05,Yolo,113,214977,48723,4608,53331,424
2022-12-05,Yuba,115,75493,19429,1772,21201,133
2022-12-04,Alameda,001,1643700,361905,20688,382593,2043
2022-12-04,Alpine,002,1148,139,2,141,0
2022-12-04,Amador,005,37829,10218,948,11166,95
2022-12-04,Butte,007,227075,40625,9615,50240,473
2022-12-04,Calaveras,009,45235,8737,592,9329,135
2022-12-04,Colusa,011,21464,3870,1321,5191,22
2022-12-04,Contra Costa,013,1133247,260569,21449,282018,1496
2022-12-04,Del Norte,015,27424,7612,411,8023,56
2022-12-04,El Dorado,017,186661,33458,4405,37863,238
2022-12-04,Fresno,019,978130,285542,33152,318694,2920
2022-12-04,Glenn,021,27897,5675,1933,7608,56
2022-12-04,Humboldt,023,135768,22699,5420,28119,163
2022-12-04,Imperial,025,180216,67809,17549,85358,966
2022-12-04,Inyo,027,18085,4640,1125,5765,62
2022-12-04,Kern,029,883053,223705,67408,291113,2448
2022-12-04,Kings,031,150075,61017,4291,65308,471
2022-12-04,Lake,033,64148,13195,1236,14431,152
2022-12-04,Lassen,035,31185,10143,1024,11167,65
2022-12-04,Los Angeles,037,10098052,3377908,196702,3574610,34193
2022-12-04,Madera,039,155013,45039,8524,53563,376
2022-12-04,Marin,041,260295,38510,5385,43895,260
2022-12-04,Mariposa,043,17540,3228,353,3581,30
2022-12-04,Mendocino,045,87422,16408,4639,21047,138
2022-12-04,Merced,047,269075,75154,12406,87560,888
2022-12-04,Modoc,049,8938,913,353,1266,11
2022-12-04,Mono,051,14174,3248,279,3527,8
2022-12-04,Monterey,053,433212,95930,21978,117908,779
2022-12-04,Napa,055,140530,33264,1444,34708,161
2022-12-04,Nevada,057,99092,19620,2086,21706,137
2022-12-04,Orange,059,3164182,688017,69395,757412,7685
2022-12-04,Placer,061,380077,78321,9994,88315,669
2022-12-04,Plumas,063,18699,3760,448,4208,13
2022-12-04,Riverside,065,2383286,712509,37607,750116,6697
2022-12-04,Sacramento,067,1510023,358455,36331,394786,3418
2022-12-04,San Benito,069,59416,16956,1034,17990,105
2022-12-04,San Bernardino,071,2135413,688512,32169,720681,8112
2022-12-04,San Diego,073,3302833,948233,75135,1023368,5640
2022-12-04,San Francisco,075,870044,186712,12624,199336,1103
2022-12-04,San Joaquin,077,732212,203178,15921,219099,2370
2022-12-04,San Luis Obispo,079,281455,64524,7438,71962,537
2022-12-04,San Mateo,081,765935,175719,10631,186350,745
2022-12-04,Santa Barbara,083,443738,108311,7147,115458,743
2022-12-04,Santa Clara,085,1922200,454011,19780,473791,2607
2022-12-04,Santa Cruz,087,273765,65825,3642,69467,276
2022-12-04,Shasta,089,179085,35831,7969,43800,604
2022-12-04,Sierra,091,2930,308,61,369,5
2022-12-04,Siskiyou,093,43540,5311,3385,8696,95
2022-12-04,Solano,095,438530,108925,8193,117118,467
2022-12-04,Sonoma,097,501317,109801,5465,115266,540
2022-12-04,Stanislaus,099,539301,141021,22130,163151,1801
2022-12-04,Sutter,101,95872,24924,2479,27403,236
2022-12-04,Tehama,103,63373,14073,3275,17348,220
2022-12-04,Trinity,105,12862,1442,457,1899,23
2022-12-04,Tulare,107,460477,124528,38096,162624,1551
2022-12-04,Tuolumne,109,53932,16149,954,17103,203
2022-12-04,Ventura,111,848112,214108,16670,230778,1615
2022-12-04,Yolo,113,214977,48675,4599,53274,424
2022-12-04,Yuba,115,75493,19419,1770,21189,133
2022-12-03,Alameda,001,1643700,361647,20659,382306,2040
2022-12-03,Alpine,002,1148,139,2,141,0
2022-12-03,Amador,005,37829,10211,948,11159,95
2022-12-03,Butte,007,227075,40609,9606,50215,471
2022-12-03,Calaveras,009,45235,8734,592,9326,135
2022-12-03,Colusa,011,21464,3868,1321,5189,22
2022-12-03,Contra Costa,013,1133247,260390,21432,281822,1496
2022-12-03,Del Norte,015,27424,7608,410,8018,56
2022-12-03,El Dorado,017,186661,33442,4403,37845,238
2022-12-03,Fresno,019,978130,285416,33130,318546,2918
2022-12-03,Glenn,021,27897,5673,1933,7606,56
2022-12-03,Humboldt,023,135768,22673,5409,28082,163
2022-12-03,Imperial,025,180216,67772,17528,85300,966
2022-12-03,Inyo,027,18085,4639,1124,5763,62
2022-12-03,Kern,029,883053,223651,67331,290982,2448
2022-12-03,Kings,031,150075,60997,4289,65286,471
2022-12-03,Lake,033,64148,13190,1235,14425,152
2022-12-03,Lassen,035,31185,10141,1024,11165,65
2022-12-03,Los Angeles,037,10098052,3376008,196342,3572350,34177
2022-12-03,Madera,039,155013,45019,8521,53540,376
2022-12-03,Marin,041,260295,38469,5380,43849,260
2022-12-03,Mariposa,043,17540,3226,353,3579,30
2022-12-03,Mendocino,045,87422,16402,4638,21040,137
2022-12-03,Merced,047,269075,75114,12394,87508,887
2022-12-03,Modoc,049,8938,911,352,1263,11
2022-12-03,Mono,051,14174,3246,279,3525,8
2022-12-03,Monterey,053,433212,95909,21961,117870,778
2022-12-03,Napa,055,140530,33256,1444,34700,161
2022-12-03,Nevada,057,99092,19613,2084,21697,137
2022-12-03,Orange,059,3164182,687655,69243,756898,7682
2022-12-03,Placer,061,380077,78271,9993,88264,668
2022-12-03,Plumas,063,18699,3758,447,4205,13
2022-12-03,Riverside,065,2383286,712109,37554,749663,6695
2022-12-03,Sacramento,067,1510023,358274,36311,394585,3416
2022-12-03,San Benito,069,59416,16935,1031,17966,105
2022-12-03,San Bernardino,071,2135413,688140,32127,720267,8112
2022-12-03,San Diego,073,3302833,947732,75073,1022805,5639
2022-12-03,San Francisco,075,870044,186569,12619,199188,1101
2022-12-03,San Joaquin,077,732212,203066,15898,218964,2368
2022-12-03,San Luis Obispo,079,281455,64511,7433,71944,537
2022-12-03,San Mateo,081,765935,175592,10624,186216,745
2022-12-03,Santa Barbara,083,443738,108271,7141,115412,743
2022-12-03,Santa Clara,085,1922200,453652,19748,473400,2605
2022-12-03,Santa Cruz,087,273765,65783,3631,69414,276
2022-12-03,Shasta,089,179085,35821,7966,43787,604
2022-12-03,Sierra,091,2930,308,61,369,5
2022-12-03,Siskiyou,093,43540,5310,3385,8695,95
2022-12-03,Solano,095,438530,108896,8184,117080,467
2022-12-03,Sonoma,097,501317,109752,5463,115215,539
2022-12-03,Stanislaus,099,539301,140955,22114,163069,1801
2022-12-03,Sutter,101,95872,24908,2479,27387,235
2022-12-03,Tehama,103,63373,14069,3272,17341,220
2022-12-03,Trinity,105,12862,1442,457,1899,23
2022-12-03,Tulare,107,460477,124466,38061,162527,1551
2022-12-03,Tuolumne,109,53932,16133,951,17084,203
2022-12-03,Ventura,111,848112,214013,16649,230662,1614
2022-12-03,Yolo,113,214977,48649,4592,53241,424
2022-12-03,Yuba,115,75493,19414,1769,21183,133
2022-12-02,Alameda,001,1643700,361369,20633,382002,2039
2022-12-02,Alpine,002,1148,139,2,141,0
2022-12-02,Amador,005,37829,10205,948,11153,95
2022-12-02,Butte,007,227075,40594,9592,50186,470
2022-12-02,Calaveras,009,45235,8731,592,9323,135
2022-12-02,Colusa,011,21464,3868,1321,5189,22
2022-12-02,Contra Costa,013,1133247,260228,21425,281653,1496
2022-12-02,Del Norte,015,27424,7604,410,8014,56
2022-12-02,El Dorado,017,186661,33425,4403,37828,237
2022-12-02,Fresno,019,978130,285254,33100,318354,2917
2022-12-02,Glenn,021,27897,5672,1932,7604,56
2022-12-02,Humboldt,023,135768,22659,5405,28064,163
2022-12-02,Imperial,025,180216,67729,17510,85239,965
2022-12-02,Inyo,027,18085,4636,1122,5758,62
2022-12-02,Kern,029,883053,223558,67282,290840,2447
2022-12-02,Kings,031,150075,60979,4287,65266,471
2022-12-02,Lake,033,64148,13184,1234,14418,152
2022-12-02,Lassen,035,31185,10140,1023,11163,65
2022-12-02,Los Angeles,037,10098052,3373952,195925,3569877,34161
2022-12-02,Madera,039,155013,44995,8520,53515,376
2022-12-02,Marin,041,260295,38432,5377,43809,260
2022-12-02,Mariposa,043,17540,3224,352,3576,30
2022-12-02,Mendocino,045,87422,16397,4638,21035,137
2022-12-02,Merced,047,269075,75081,12388,87469,887
2022-12-02,Modoc,049,8938,910,351,1261,11
2022-12-02,Mono,051,14174,3246,278,3524,8
2022-12-02,Monterey,053,433212,95877,21943,117820,778
2022-12-02,Napa,055,140530,33242,1440,34682,161
2022-12-02,Nevada,057,99092,19607,2079,21686,137
2022-12-02,Orange,059,3164182,687260,69081,756341,7677
2022-12-02,Placer,061,380077,78243,9986,88229,668
2022-12-02,Plumas,063,18699,3758,447,4205,13
2022-12-02,Riverside,065,2383286,711655,37498,749153,6694
2022-12-02,Sacramento,067,1510023,358048,36280,394328,3414
2022-12-02,San Benito,069,59416,16912,1028,17940,105
2022-12-02,San Bernardino,071,2135413,687759,32101,719860,8112
2022-12-02,San Diego,073,3302833,947225,74996,1022221,5636
2022-12-02,San Francisco,075,870044,186444,12606,199050,1100
2022-12-02,San Joaquin,077,732212,202968,15878,218846,2367
2022-12-02,San Luis Obispo,079,281455,64490,7423,71913,537
2022-12-02,San Mateo,081,765935,175463,10617,186080,745
2022-12-02,Santa Barbara,083,443738,108216,7139,115355,743
2022-12-02,Santa Clara,085,1922200,453327,19729,473056,2603
2022-12-02,Santa Cruz,087,273765,65728,3627,69355,276
2022-12-02,Shasta,089,179085,35804,7964,43768,604
2022-12-02,Sierra,091,2930,308,61,369,5
2022-12-02,Siskiyou,093,43540,5308,3385,8693,95
2022-12-02,Solano,095,438530,108825,8177,117002,466
2022-12-02,Sonoma,097,501317,109701,5456,115157,536
2022-12-02,Stanislaus,099,539301,140892,22107,162999,1801
2022-12-02,Sutter,101,95872,24899,2479,27378,235
2022-12-02,Tehama,103,63373,14064,3268,17332,220
2022-12-02,Trinity,105,12862,1442,456,1898,23
2022-12-02,Tulare,107,460477,124420,38008,162428,1551
2022-12-02,Tuolumne,109,53932,16121,949,17070,203
2022-12-02,Ventura,111,848112,213909,16623,230532,1614
2022-12-02,Yolo,113,214977,48637,4591,53228,424
2022-12-02,Yuba,115,75493,19403,1769,21172,133
2022-12-01,Alameda,001,1643700,360953,20587,381540,2039
2022-12-01,Alpine,002,1148,139,2,141,0
2022-12-01,Amador,005,37829,10199,948,11147,95
2022-12-01,Butte,007,227075,40566,9577,50143,469
2022-12-01,Calaveras,009,45235,8724,589,9313,135
2022-12-01,Colusa,011,21464,3868,1317,5185,22
2022-12-01,Contra Costa,013,1133247,259985,21404,281389,1496
2022-12-01,Del Norte,015,27424,7602,410,8012,56
2022-12-01,El Dorado,017,186661,33397,4396,37793,237
2022-12-01,Fresno,019,978130,285070,33045,318115,2917
2022-12-01,Glenn,021,27897,5664,1929,7593,56
2022-12-01,Humboldt,023,135768,22642,5400,28042,163
2022-12-01,Imperial,025,180216,67656,17410,85066,965
2022-12-01,Inyo,027,18085,4630,1118,5748,62
2022-12-01,Kern,029,883053,223412,67194,290606,2447
2022-12-01,Kings,031,150075,60940,4284,65224,471
2022-12-01,Lake,033,64148,13178,1234,14412,152
2022-12-01,Lassen,035,31185,10138,1023,11161,65
2022-12-01,Los Angeles,037,10098052,3371061,195393,3566454,34145
2022-12-01,Madera,039,155013,44962,8507,53469,376
2022-12-01,Marin,041,260295,38391,5364,43755,260
2022-12-01,Mariposa,043,17540,3220,352,3572,30
2022-12-01,Mendocino,045,87422,16392,4638,21030,137
2022-12-01,Merced,047,269075,75034,12373,87407,887
2022-12-01,Modoc,049,8938,907,350,1257,11
2022-12-01,Mono,051,14174,3243,277,3520,8
2022-12-01,Monterey,053,433212,95841,21929,117770,778
2022-12-01,Napa,055,140530,33213,1439,34652,161
2022-12-01,Nevada,057,99092,19590,2076,21666,137
2022-12-01,Orange,059,3164182,686653,68891,755544,7675
2022-12-01,Placer,061,380077,78185,9977,88162,668
2022-12-01,Plumas,063,18699,3751,447,4198,13
2022-12-01,Riverside,065,2383286,711113,37408,748521,6689
2022-12-01,Sacramento,067,1510023,357734,36225,393959,3414
2022-12-01,San Benito,069,59416,16881,1025,17906,104
2022-12-01,San Bernardino,071,2135413,687182,32034,719216,8112
2022-12-01,San Diego,073,3302833,946418,74845,1021263,5635
2022-12-01,San Francisco,075,870044,186233,12578,198811,1099
2022-12-01,San Joaquin,077,732212,202815,15851,218666,2364
2022-12-01,San Luis Obispo,079,281455,64468,7409,71877,536
2022-12-01,San Mateo,081,765935,175295,10611,185906,745
2022-12-01,Santa Barbara,083,443738,108150,7132,115282,743
2022-12-01,Santa Clara,085,1922200,452817,19699,472516,2602
2022-12-01,Santa Cruz,087,273765,65660,3620,69280,276
2022-12-01,Shasta,089,179085,35785,7956,43741,604
2022-12-01,Sierra,091,2930,308,61,369,5
2022-12-01,Siskiyou,093,43540,5306,3384,8690,95
2022-12-01,Solano,095,438530,108744,8172,116916,466
2022-12-01,Sonoma,097,501317,109632,5443,115075,535
2022-12-01,Stanislaus,099,539301,140808,22094,162902,1801
2022-12-01,Sutter,101,95872,24889,2478,27367,235
2022-12-01,Tehama,103,63373,14047,3263,17310,219
2022-12-01,Trinity,105,12862,1442,455,1897,23
2022-12-01,Tulare,107,460477,124358,37952,162310,1551
2022-12-01,Tuolumne,109,53932,16106,949,17055,203
2022-12-01,Ventura,111,848112,213762,16592,230354,1613
2022-12-01,Yolo,113,214977,48603,4586,53189,424
2022-12-01,Yuba,115,75493,19384,1769,21153,133
2022-11-30,Alameda,001,1643700,360519,20552,381071,2038
2022-11-30,Alpine,002,1148,139,2,141,0
2022-11-30,Amador,005,37829,10193,948,11141,95
2022-11-30,Butte,007,227075,40530,9551,50081,468
2022-11-30,Calaveras,009,45235,8719,588,9307,135
2022-11-30,Colusa,011,21464,3865,1316,5181,22
2022-11-30,Contra Costa,013,1133247,259726,21382,281108,1496
2022-11-30,Del Norte,015,27424,7597,409,8006,56
2022-11-30,El Dorado,017,186661,33371,4393,37764,237
2022-11-30,Fresno,019,978130,284804,32996,317800,2917
2022-11-30,Glenn,021,27897,5662,1923,7585,56
2022-11-30,Humboldt,023,135768,22627,5389,28016,163
2022-11-30,Imperial,025,180216,67543,17319,84862,965
2022-11-30,Inyo,027,18085,4629,1115,5744,62
2022-11-30,Kern,029,883053,223310,67117,290427,2447
2022-11-30,Kings,031,150075,60882,4273,65155,471
2022-11-30,Lake,033,64148,13166,1234,14400,152
2022-11-30,Lassen,035,31185,10136,1023,11159,65
2022-11-30,Los Angeles,037,10098052,3367583,194795,3562378,34137
2022-11-30,Madera,039,155013,44935,8502,53437,376
2022-11-30,Marin,041,260295,38352,5358,43710,260
2022-11-30,Mariposa,043,17540,3216,351,3567,30
2022-11-30,Mendocino,045,87422,16385,4633,21018,137
2022-11-30,Merced,047,269075,74972,12350,87322,887
2022-11-30,Modoc,049,8938,907,349,1256,11
2022-11-30,Mono,051,14174,3241,277,3518,8
2022-11-30,Monterey,053,433212,95793,21910,117703,778
2022-11-30,Napa,055,140530,33181,1439,34620,161
2022-11-30,Nevada,057,99092,19578,2071,21649,137
2022-11-30,Orange,059,3164182,686008,68677,754685,7672
2022-11-30,Placer,061,380077,78117,9969,88086,668
2022-11-30,Plumas,063,18699,3749,447,4196,13
2022-11-30,Riverside,065,2383286,710442,37311,747753,6688
2022-11-30,Sacramento,067,1510023,357443,36192,393635,3413
2022-11-30,San Benito,069,59416,16842,1023,17865,104
2022-11-30,San Bernardino,071,2135413,686551,31972,718523,8112
2022-11-30,San Diego,073,3302833,945569,74708,1020277,5631
2022-11-30,San Francisco,075,870044,186004,12562,198566,1098
2022-11-30,San Joaquin,077,732212,202635,15799,218434,2364
2022-11-30,San Luis Obispo,079,281455,64433,7393,71826,534
2022-11-30,San Mateo,081,765935,175105,10599,185704,744
2022-11-30,Santa Barbara,083,443738,108071,7116,115187,743
2022-11-30,Santa Clara,085,1922200,452291,19665,471956,2601
2022-11-30,Santa Cruz,087,273765,65596,3614,69210,276
2022-11-30,Shasta,089,179085,35767,7947,43714,604
2022-11-30,Sierra,091,2930,308,61,369,5
2022-11-30,Siskiyou,093,43540,5303,3383,8686,95
2022-11-30,Solano,095,438530,108654,8165,116819,466
2022-11-30,Sonoma,097,501317,109560,5437,114997,535
2022-11-30,Stanislaus,099,539301,140701,22078,162779,1801
2022-11-30,Sutter,101,95872,24871,2475,27346,235
2022-11-30,Tehama,103,63373,14028,3258,17286,219
2022-11-30,Trinity,105,12862,1441,454,1895,23
2022-11-30,Tulare,107,460477,124276,37893,162169,1551
2022-11-30,Tuolumne,109,53932,16090,947,17037,203
2022-11-30,Ventura,111,848112,213570,16548,230118,1613
2022-11-30,Yolo,113,214977,48576,4580,53156,423
2022-11-30,Yuba,115,75493,19372,1769,21141,133
2022-11-29,Alameda,001,1643700,360086,20493,380579,2037
2022-11-29,Alpine,002,1148,139,1,140,0
2022-11-29,Amador,005,37829,10189,948,11137,95
2022-11-29,Butte,007,227075,40487,9532,50019,468
2022-11-29,Calaveras,009,45235,8712,588,9300,135
2022-11-29,Colusa,011,21464,3864,1312,5176,22
2022-11-29,Contra Costa,013,1133247,259457,21362,280819,1496
2022-11-29,Del Norte,015,27424,7588,409,7997,56
2022-11-29,El Dorado,017,186661,33330,4390,37720,237
2022-11-29,Fresno,019,978130,284573,32935,317508,2915
2022-11-29,Glenn,021,27897,5660,1922,7582,56
2022-11-29,Humboldt,023,135768,22609,5372,27981,163
2022-11-29,Imperial,025,180216,67449,17231,84680,965
2022-11-29,Inyo,027,18085,4623,1110,5733,62
2022-11-29,Kern,029,883053,223189,67012,290201,2447
2022-11-29,Kings,031,150075,60843,4270,65113,471
2022-11-29,Lake,033,64148,13158,1234,14392,152
2022-11-29,Lassen,035,31185,10133,1022,11155,65
2022-11-29,Los Angeles,037,10098052,3363608,194159,3557767,34122
2022-11-29,Madera,039,155013,44893,8477,53370,376
2022-11-29,Marin,041,260295,38306,5354,43660,260
2022-11-29,Mariposa,043,17540,3214,350,3564,30
2022-11-29,Mendocino,045,87422,16376,4629,21005,137
2022-11-29,Merced,047,269075,74918,12323,87241,887
2022-11-29,Modoc,049,8938,905,349,1254,11
2022-11-29,Mono,051,14174,3240,277,3517,8
2022-11-29,Monterey,053,433212,95751,21879,117630,778
2022-11-29,Napa,055,140530,33156,1439,34595,161
2022-11-29,Nevada,057,99092,19557,2065,21622,137
2022-11-29,Orange,059,3164182,685220,68456,753676,7669
2022-11-29,Placer,061,380077,78046,9959,88005,668
2022-11-29,Plumas,063,18699,3743,446,4189,13
2022-11-29,Riverside,065,2383286,709831,37210,747041,6687
2022-11-29,Sacramento,067,1510023,357053,36146,393199,3412
2022-11-29,San Benito,069,59416,16800,1019,17819,104
2022-11-29,San Bernardino,071,2135413,685900,31910,717810,8112
2022-11-29,San Diego,073,3302833,944663,74532,1019195,5629
2022-11-29,San Francisco,075,870044,185774,12545,198319,1098
2022-11-29,San Joaquin,077,732212,202434,15760,218194,2363
2022-11-29,San Luis Obispo,079,281455,64393,7383,71776,534
2022-11-29,San Mateo,081,765935,174910,10596,185506,744
2022-11-29,Santa Barbara,083,443738,107987,7106,115093,742
2022-11-29,Santa Clara,085,1922200,451731,19628,471359,2599
2022-11-29,Santa Cruz,087,273765,65512,3610,69122,276
2022-11-29,Shasta,089,179085,35747,7932,43679,604
2022-11-29,Sierra,091,2930,308,61,369,5
2022-11-29,Siskiyou,093,43540,5299,3382,8681,95
2022-11-29,Solano,095,438530,108545,8158,116703,466
2022-11-29,Sonoma,097,501317,109480,5427,114907,535
2022-11-29,Stanislaus,099,539301,140615,22053,162668,1801
2022-11-29,Sutter,101,95872,24863,2474,27337,235
2022-11-29,Tehama,103,63373,14013,3249,17262,218
2022-11-29,Trinity,105,12862,1439,454,1893,23
2022-11-29,Tulare,107,460477,124189,37851,162040,1551
2022-11-29,Tuolumne,109,53932,16075,945,17020,203
2022-11-29,Ventura,111,848112,213386,16507,229893,1613
2022-11-29,Yolo,113,214977,48541,4569,53110,423
2022-11-29,Yuba,115,75493,19361,1768,21129,133
2022-11-28,Alameda,001,1643700,359629,20460,380089,2037
2022-11-28,Alpine,002,1148,139,1,140,0
2022-11-28,Amador,005,37829,10181,948,11129,95
2022-11-28,Butte,007,227075,40448,9509,49957,467
2022-11-28,Calaveras,009,45235,8703,588,9291,135
2022-11-28,Colusa,011,21464,3859,1311,5170,22
2022-11-28,Contra Costa,013,1133247,259152,21324,280476,1496
2022-11-28,Del Norte,015,27424,7579,408,7987,56
2022-11-28,El Dorado,017,186661,33298,4386,37684,237
2022-11-28,Fresno,019,978130,284297,32870,317167,2914
2022-11-28,Glenn,021,27897,5656,1921,7577,56
2022-11-28,Humboldt,023,135768,22589,5352,27941,163
2022-11-28,Imperial,025,180216,67305,17137,84442,965
2022-11-28,Inyo,027,18085,4616,1105,5721,61
2022-11-28,Kern,029,883053,223029,66915,289944,2447
2022-11-28,Kings,031,150075,60780,4258,65038,471
2022-11-28,Lake,033,64148,13145,1231,14376,152
2022-11-28,Lassen,035,31185,10132,1020,11152,65
2022-11-28,Los Angeles,037,10098052,3359277,193545,3552822,34106
2022-11-28,Madera,039,155013,44862,8467,53329,376
2022-11-28,Marin,041,260295,38264,5346,43610,260
2022-11-28,Mariposa,043,17540,3212,349,3561,30
2022-11-28,Mendocino,045,87422,16369,4616,20985,137
2022-11-28,Merced,047,269075,74856,12299,87155,886
2022-11-28,Modoc,049,8938,903,346,1249,11
2022-11-28,Mono,051,14174,3240,275,3515,8
2022-11-28,Monterey,053,433212,95700,21837,117537,778
2022-11-28,Napa,055,140530,33127,1437,34564,161
2022-11-28,Nevada,057,99092,19530,2061,21591,137
2022-11-28,Orange,059,3164182,684358,68199,752557,7667
2022-11-28,Placer,061,380077,77998,9950,87948,668
2022-11-28,Plumas,063,18699,3741,446,4187,13
2022-11-28,Riverside,065,2383286,709161,37117,746278,6686
2022-11-28,Sacramento,067,1510023,356655,36098,392753,3410
2022-11-28,San Benito,069,59416,16754,1007,17761,104
2022-11-28,San Bernardino,071,2135413,685191,31832,717023,8112
2022-11-28,San Diego,073,3302833,943609,74396,1018005,5628
2022-11-28,San Francisco,075,870044,185518,12530,198048,1097
2022-11-28,San Joaquin,077,732212,202243,15717,217960,2361
2022-11-28,San Luis Obispo,079,281455,64360,7374,71734,534
2022-11-28,San Mateo,081,765935,174668,10587,185255,744
2022-11-28,Santa Barbara,083,443738,107889,7093,114982,742
2022-11-28,Santa Clara,085,1922200,451129,19584,470713,2598
2022-11-28,Santa Cruz,087,273765,65418,3606,69024,276
2022-11-28,Shasta,089,179085,35719,7919,43638,604
2022-11-28,Sierra,091,2930,308,61,369,5
2022-11-28,Siskiyou,093,43540,5294,3381,8675,95
2022-11-28,Solano,095,438530,108427,8147,116574,466
2022-11-28,Sonoma,097,501317,109393,5418,114811,535
2022-11-28,Stanislaus,099,539301,140500,22016,162516,1801
2022-11-28,Sutter,101,95872,24848,2474,27322,235
2022-11-28,Tehama,103,63373,13995,3248,17243,218
2022-11-28,Trinity,105,12862,1439,454,1893,23
2022-11-28,Tulare,107,460477,124114,37797,161911,1551
2022-11-28,Tuolumne,109,53932,16065,941,17006,203
2022-11-28,Ventura,111,848112,213176,16458,229634,1613
2022-11-28,Yolo,113,214977,48507,4554,53061,423
2022-11-28,Yuba,115,75493,19347,1768,21115,133
2022-11-27,Alameda,001,1643700,359031,20390,379421,2036
2022-11-27,Alpine,002,1148,139,1,140,0
2022-11-27,Amador,005,37829,10176,947,11123,95
2022-11-27,Butte,007,227075,40403,9489,49892,467
2022-11-27,Calaveras,009,45235,8697,587,9284,135
2022-11-27,Colusa,011,21464,3856,1309,5165,22
2022-11-27,Contra Costa,013,1133247,258791,21275,280066,1495
2022-11-27,Del Norte,015,27424,7566,405,7971,56
2022-11-27,El Dorado,017,186661,33256,4380,37636,237
2022-11-27,Fresno,019,978130,283955,32803,316758,2913
2022-11-27,Glenn,021,27897,5655,1919,7574,56
2022-11-27,Humboldt,023,135768,22564,5331,27895,163
2022-11-27,Imperial,025,180216,67214,17067,84281,965
2022-11-27,Inyo,027,18085,4608,1102,5710,61
2022-11-27,Kern,029,883053,222869,66773,289642,2446
2022-11-27,Kings,031,150075,60706,4246,64952,471
2022-11-27,Lake,033,64148,13131,1229,14360,152
2022-11-27,Lassen,035,31185,10125,1020,11145,65
2022-11-27,Los Angeles,037,10098052,3354132,192834,3546966,34090
2022-11-27,Madera,039,155013,44813,8449,53262,376
2022-11-27,Marin,041,260295,38205,5332,43537,260
2022-11-27,Mariposa,043,17540,3208,349,3557,30
2022-11-27,Mendocino,045,87422,16355,4604,20959,137
2022-11-27,Merced,047,269075,74743,12273,87016,885
2022-11-27,Modoc,049,8938,901,346,1247,11
2022-11-27,Mono,051,14174,3240,274,3514,8
2022-11-27,Monterey,053,433212,95638,21806,117444,777
2022-11-27,Napa,055,140530,33091,1435,34526,161
2022-11-27,Nevada,057,99092,19499,2050,21549,137
2022-11-27,Orange,059,3164182,683498,67917,751415,7663
2022-11-27,Placer,061,380077,77902,9933,87835,668
2022-11-27,Plumas,063,18699,3739,445,4184,13
2022-11-27,Riverside,065,2383286,708302,36987,745289,6684
2022-11-27,Sacramento,067,1510023,356194,36017,392211,3409
2022-11-27,San Benito,069,59416,16712,1004,17716,104
2022-11-27,San Bernardino,071,2135413,684263,31744,716007,8112
2022-11-27,San Diego,073,3302833,942362,74207,1016569,5628
2022-11-27,San Francisco,075,870044,185208,12502,197710,1097
2022-11-27,San Joaquin,077,732212,201975,15642,217617,2361
2022-11-27,San Luis Obispo,079,281455,64287,7353,71640,534
2022-11-27,San Mateo,081,765935,174348,10572,184920,744
2022-11-27,Santa Barbara,083,443738,107781,7067,114848,742
2022-11-27,Santa Clara,085,1922200,450439,19545,469984,2597
2022-11-27,Santa Cruz,087,273765,65270,3600,68870,276
2022-11-27,Shasta,089,179085,35698,7904,43602,604
2022-11-27,Sierra,091,2930,308,61,369,5
2022-11-27,Siskiyou,093,43540,5289,3379,8668,95
2022-11-27,Solano,095,438530,108285,8131,116416,466
2022-11-27,Sonoma,097,501317,109285,5416,114701,534
2022-11-27,Stanislaus,099,539301,140388,21991,162379,1801
2022-11-27,Sutter,101,95872,24828,2473,27301,235
2022-11-27,Tehama,103,63373,13974,3230,17204,218
2022-11-27,Trinity,105,12862,1438,454,1892,23
2022-11-27,Tulare,107,460477,123962,37719,161681,1551
2022-11-27,Tuolumne,109,53932,16058,939,16997,203
2022-11-27,Ventura,111,848112,212937,16410,229347,1613
2022-11-27,Yolo,113,214977,48469,4547,53016,422
2022-11-27,Yuba,115,75493,19327,1765,21092,133
2022-11-26,Alameda,001,1643700,358752,20364,379116,2036
2022-11-26,Alpine,002,1148,139,1,140,0
2022-11-26,Amador,005,37829,10171,946,11117,95
2022-11-26,Butte,007,227075,40379,9477,49856,467
2022-11-26,Calaveras,009,45235,8694,587,9281,135
2022-11-26,Colusa,011,21464,3853,1308,5161,22
2022-11-26,Contra Costa,013,1133247,258566,21263,279829,1493
2022-11-26,Del Norte,015,27424,7556,404,7960,56
2022-11-26,El Dorado,017,186661,33235,4380,37615,237
2022-11-26,Fresno,019,978130,283786,32774,316560,2913
2022-11-26,Glenn,021,27897,5651,1913,7564,56
2022-11-26,Humboldt,023,135768,22550,5323,27873,163
2022-11-26,Imperial,025,180216,67172,17051,84223,965
2022-11-26,Inyo,027,18085,4601,1100,5701,61
2022-11-26,Kern,029,883053,222782,66706,289488,2445
2022-11-26,Kings,031,150075,60678,4245,64923,471
2022-11-26,Lake,033,64148,13123,1228,14351,152
2022-11-26,Lassen,035,31185,10124,1020,11144,65
2022-11-26,Los Angeles,037,10098052,3351624,192452,3544076,34070
2022-11-26,Madera,039,155013,44792,8440,53232,376
2022-11-26,Marin,041,260295,38165,5326,43491,260
2022-11-26,Mariposa,043,17540,3208,349,3557,30
2022-11-26,Mendocino,045,87422,16349,4604,20953,137
2022-11-26,Merced,047,269075,74703,12265,86968,885
2022-11-26,Modoc,049,8938,901,346,1247,11
2022-11-26,Mono,051,14174,3239,273,3512,8
2022-11-26,Monterey,053,433212,95597,21788,117385,777
2022-11-26,Napa,055,140530,33079,1435,34514,161
2022-11-26,Nevada,057,99092,19492,2043,21535,137
2022-11-26,Orange,059,3164182,683065,67777,750842,7661
2022-11-26,Placer,061,380077,77843,9925,87768,668
2022-11-26,Plumas,063,18699,3739,445,4184,13
2022-11-26,Riverside,065,2383286,707847,36922,744769,6683
2022-11-26,Sacramento,067,1510023,355992,35982,391974,3409
2022-11-26,San Benito,069,59416,16690,1004,17694,104
2022-11-26,San Bernardino,071,2135413,683852,31703,715555,8111
2022-11-26,San Diego,073,3302833,941914,74113,1016027,5626
2022-11-26,San Francisco,075,870044,185050,12496,197546,1096
2022-11-26,San Joaquin,077,732212,201845,15608,217453,2361
2022-11-26,San Luis Obispo,079,281455,64270,7350,71620,534
2022-11-26,San Mateo,081,765935,174197,10568,184765,744
2022-11-26,Santa Barbara,083,443738,107692,7058,114750,740
2022-11-26,Santa Clara,085,1922200,449936,19516,469452,2595
2022-11-26,Santa Cruz,087,273765,65222,3597,68819,276
2022-11-26,Shasta,089,179085,35684,7899,43583,604
2022-11-26,Sierra,091,2930,308,61,369,5
2022-11-26,Siskiyou,093,43540,5282,3379,8661,95
2022-11-26,Solano,095,438530,108236,8124,116360,466
2022-11-26,Sonoma,097,501317,109234,5412,114646,533
2022-11-26,Stanislaus,099,539301,140321,21973,162294,1800
2022-11-26,Sutter,101,95872,24822,2472,27294,235
2022-11-26,Tehama,103,63373,13968,3223,17191,218
2022-11-26,Trinity,105,12862,1438,454,1892,23
2022-11-26,Tulare,107,460477,123913,37661,161574,1551
2022-11-26,Tuolumne,109,53932,16046,938,16984,203
2022-11-26,Ventura,111,848112,212797,16387,229184,1611
2022-11-26,Yolo,113,214977,48449,4542,52991,422
2022-11-26,Yuba,115,75493,19320,1765,21085,133
2022-11-25,Alameda,001,1643700,358476,20336,378812,2036
2022-11-25,Alpine,002,1148,139,1,140,0
2022-11-25,Amador,005,37829,10164,945,11109,94
2022-11-25,Butte,007,227075,40362,9463,49825,467
2022-11-25,Calaveras,009,45235,8691,587,9278,135
2022-11-25,Colusa,011,21464,3851,1308,5159,22
2022-11-25,Contra Costa,013,1133247,258398,21249,279647,1493
2022-11-25,Del Norte,015,27424,7555,404,7959,55
2022-11-25,El Dorado,017,186661,33209,4374,37583,237
2022-11-25,Fresno,019,978130,283615,32742,316357,2911
2022-11-25,Glenn,021,27897,5650,1911,7561,56
2022-11-25,Humboldt,023,135768,22537,5320,27857,163
2022-11-25,Imperial,025,180216,67135,17019,84154,965
2022-11-25,Inyo,027,18085,4597,1094,5691,61
2022-11-25,Kern,029,883053,222715,66653,289368,2445
2022-11-25,Kings,031,150075,60655,4245,64900,471
2022-11-25,Lake,033,64148,13121,1228,14349,152
2022-11-25,Lassen,035,31185,10124,1019,11143,65
2022-11-25,Los Angeles,037,10098052,3349299,192030,3541329,34061
2022-11-25,Madera,039,155013,44766,8432,53198,376
2022-11-25,Marin,041,260295,38124,5324,43448,260
2022-11-25,Mariposa,043,17540,3205,348,3553,30
2022-11-25,Mendocino,045,87422,16341,4601,20942,137
2022-11-25,Merced,047,269075,74668,12260,86928,884
2022-11-25,Modoc,049,8938,900,346,1246,11
2022-11-25,Mono,051,14174,3239,273,3512,8
2022-11-25,Monterey,053,433212,95549,21762,117311,777
2022-11-25,Napa,055,140530,33066,1435,34501,161
2022-11-25,Nevada,057,99092,19477,2039,21516,137
2022-11-25,Orange,059,3164182,682654,67662,750316,7659
2022-11-25,Placer,061,380077,77802,9919,87721,666
2022-11-25,Plumas,063,18699,3739,445,4184,13
2022-11-25,Riverside,065,2383286,707460,36846,744306,6680
2022-11-25,Sacramento,067,1510023,355774,35951,391725,3407
2022-11-25,San Benito,069,59416,16664,1004,17668,104
2022-11-25,San Bernardino,071,2135413,683437,31671,715108,8111
2022-11-25,San Diego,073,3302833,941421,74048,1015469,5626
2022-11-25,San Francisco,075,870044,184903,12468,197371,1096
2022-11-25,San Joaquin,077,732212,201731,15589,217320,2361
2022-11-25,San Luis Obispo,079,281455,64255,7342,71597,532
2022-11-25,San Mateo,081,765935,174013,10562,184575,744
2022-11-25,Santa Barbara,083,443738,107629,7056,114685,740
2022-11-25,Santa Clara,085,1922200,449507,19492,468999,2594
2022-11-25,Santa Cruz,087,273765,65185,3595,68780,276
2022-11-25,Shasta,089,179085,35677,7894,43571,603
2022-11-25,Sierra,091,2930,308,61,369,5
2022-11-25,Siskiyou,093,43540,5279,3379,8658,95
2022-11-25,Solano,095,438530,108155,8116,116271,465
2022-11-25,Sonoma,097,501317,109180,5412,114592,533
2022-11-25,Stanislaus,099,539301,140247,21962,162209,1799
2022-11-25,Sutter,101,95872,24811,2472,27283,235
2022-11-25,Tehama,103,63373,13959,3218,17177,218
2022-11-25,Trinity,105,12862,1438,454,1892,23
2022-11-25,Tulare,107,460477,123854,37624,161478,1551
2022-11-25,Tuolumne,109,53932,16036,937,16973,203
2022-11-25,Ventura,111,848112,212666,16362,229028,1611
2022-11-25,Yolo,113,214977,48430,4535,52965,422
2022-11-25,Yuba,115,75493,19309,1764,21073,133
2022-11-24,Alameda,001,1643700,358164,20311,378475,2036
2022-11-24,Alpine,002,1148,139,1,140,0
2022-11-24,Amador,005,37829,10161,945,11106,94
2022-11-24,Butte,007,227075,40323,9448,49771,467
2022-11-24,Calaveras,009,45235,8684,587,9271,135
2022-11-24,Colusa,011,21464,3848,1308,5156,22
2022-11-24,Contra Costa,013,1133247,258217,21238,279455,1492
2022-11-24,Del Norte,015,27424,7554,404,7958,55
2022-11-24,El Dorado,017,186661,33177,4372,37549,236
2022-11-24,Fresno,019,978130,283427,32693,316120,2910
2022-11-24,Glenn,021,27897,5646,1909,7555,56
2022-11-24,Humboldt,023,135768,22523,5315,27838,163
2022-11-24,Imperial,025,180216,67073,17008,84081,965
2022-11-24,Inyo,027,18085,4593,1093,5686,61
2022-11-24,Kern,029,883053,222641,66582,289223,2444
2022-11-24,Kings,031,150075,60621,4240,64861,471
2022-11-24,Lake,033,64148,13114,1228,14342,152
2022-11-24,Lassen,035,31185,10120,1019,11139,65
2022-11-24,Los Angeles,037,10098052,3346690,191558,3538248,34049
2022-11-24,Madera,039,155013,44744,8424,53168,376
2022-11-24,Marin,041,260295,38079,5323,43402,260
2022-11-24,Mariposa,043,17540,3201,348,3549,30
2022-11-24,Mendocino,045,87422,16335,4598,20933,137
2022-11-24,Merced,047,269075,74609,12255,86864,884
2022-11-24,Modoc,049,8938,900,346,1246,11
2022-11-24,Mono,051,14174,3237,273,3510,8
2022-11-24,Monterey,053,433212,95509,21748,117257,777
2022-11-24,Napa,055,140530,33047,1435,34482,161
2022-11-24,Nevada,057,99092,19462,2035,21497,137
2022-11-24,Orange,059,3164182,682208,67499,749707,7658
2022-11-24,Placer,061,380077,77761,9908,87669,665
2022-11-24,Plumas,063,18699,3738,445,4183,13
2022-11-24,Riverside,065,2383286,706984,36764,743748,6679
2022-11-24,Sacramento,067,1510023,355515,35931,391446,3404
2022-11-24,San Benito,069,59416,16654,1003,17657,104
2022-11-24,San Bernardino,071,2135413,682944,31622,714566,8111
2022-11-24,San Diego,073,3302833,940830,73959,1014789,5624
2022-11-24,San Francisco,075,870044,184743,12452,197195,1094
2022-11-24,San Joaquin,077,732212,201574,15556,217130,2359
2022-11-24,San Luis Obispo,079,281455,64235,7337,71572,532
2022-11-24,San Mateo,081,765935,173875,10558,184433,743
2022-11-24,Santa Barbara,083,443738,107584,7054,114638,740
2022-11-24,Santa Clara,085,1922200,449169,19481,468650,2593
2022-11-24,Santa Cruz,087,273765,65155,3594,68749,276
2022-11-24,Shasta,089,179085,35664,7888,43552,603
2022-11-24,Sierra,091,2930,308,61,369,5
2022-11-24,Siskiyou,093,43540,5279,3379,8658,95
2022-11-24,Solano,095,438530,108036,8113,116149,465
2022-11-24,Sonoma,097,501317,109118,5410,114528,533
2022-11-24,Stanislaus,099,539301,140166,21950,162116,1799
2022-11-24,Sutter,101,95872,24799,2472,27271,235
2022-11-24,Tehama,103,63373,13948,3215,17163,218
2022-11-24,Trinity,105,12862,1438,453,1891,23
2022-11-24,Tulare,107,460477,123799,37591,161390,1551
2022-11-24,Tuolumne,109,53932,16022,935,16957,203
2022-11-24,Ventura,111,848112,212523,16325,228848,1611
2022-11-24,Yolo,113,214977,48410,4533,52943,421
2022-11-24,Yuba,115,75493,19292,1764,21056,133
2022-11-23,Alameda,001,1643700,358009,20299,378308,2035
2022-11-23,Alpine,002,1148,139,1,140,0
2022-11-23,Amador,005,37829,10158,945,11103,94
2022-11-23,Butte,007,227075,40306,9437,49743,467
2022-11-23,Calaveras,009,45235,8678,587,9265,135
2022-11-23,Colusa,011,21464,3848,1308,5156,22
2022-11-23,Contra Costa,013,1133247,258103,21234,279337,1492
2022-11-23,Del Norte,015,27424,7553,404,7957,55
2022-11-23,El Dorado,017,186661,33167,4371,37538,236
2022-11-23,Fresno,019,978130,283338,32670,316008,2910
2022-11-23,Glenn,021,27897,5645,1908,7553,56
2022-11-23,Humboldt,023,135768,22516,5313,27829,163
2022-11-23,Imperial,025,180216,67031,17002,84033,965
2022-11-23,Inyo,027,18085,4592,1092,5684,61
2022-11-23,Kern,029,883053,222599,66569,289168,2443
2022-11-23,Kings,031,150075,60609,4239,64848,471
2022-11-23,Lake,033,64148,13108,1228,14336,152
2022-11-23,Lassen,035,31185,10116,1019,11135,65
2022-11-23,Los Angeles,037,10098052,3345631,191335,3536966,34040
2022-11-23,Madera,039,155013,44743,8421,53164,376
2022-11-23,Marin,041,260295,38054,5321,43375,260
2022-11-23,Mariposa,043,17540,3201,348,3549,30
2022-11-23,Mendocino,045,87422,16334,4595,20929,137
2022-11-23,Merced,047,269075,74588,12251,86839,884
2022-11-23,Modoc,049,8938,900,346,1246,11
2022-11-23,Mono,051,14174,3237,273,3510,8
2022-11-23,Monterey,053,433212,95488,21740,117228,777
2022-11-23,Napa,055,140530,33036,1435,34471,161
2022-11-23,Nevada,057,99092,19455,2034,21489,137
2022-11-23,Orange,059,3164182,682073,67422,749495,7656
2022-11-23,Placer,061,380077,77723,9904,87627,665
2022-11-23,Plumas,063,18699,3737,445,4182,13
2022-11-23,Riverside,065,2383286,706799,36736,743535,6678
2022-11-23,Sacramento,067,1510023,355395,35914,391309,3402
2022-11-23,San Benito,069,59416,16651,1003,17654,104
2022-11-23,San Bernardino,071,2135413,682747,31604,714351,8111
2022-11-23,San Diego,073,3302833,940620,73920,1014540,5624
2022-11-23,San Francisco,075,870044,184668,12449,197117,1093
2022-11-23,San Joaquin,077,732212,201507,15536,217043,2359
2022-11-23,San Luis Obispo,079,281455,64229,7337,71566,532
2022-11-23,San Mateo,081,765935,173818,10557,184375,743
2022-11-23,Santa Barbara,083,443738,107550,7052,114602,740
2022-11-23,Santa Clara,085,1922200,448992,19466,468458,2592
2022-11-23,Santa Cruz,087,273765,65137,3594,68731,276
2022-11-23,Shasta,089,179085,35658,7886,43544,603
2022-11-23,Sierra,091,2930,308,61,369,5
2022-11-23,Siskiyou,093,43540,5276,3379,8655,95
2022-11-23,Solano,095,438530,108021,8111,116132,464
2022-11-23,Sonoma,097,501317,109088,5410,114498,533
2022-11-23,Stanislaus,099,539301,140126,21946,162072,1799
2022-11-23,Sutter,101,95872,24795,2472,27267,235
2022-11-23,Tehama,103,63373,13943,3214,17157,218
2022-11-23,Trinity,105,12862,1438,453,1891,23
2022-11-23,Tulare,107,460477,123750,37571,161321,1551
2022-11-23,Tuolumne,109,53932,16009,935,16944,203
2022-11-23,Ventura,111,848112,212456,16317,228773,1611
2022-11-23,Yolo,113,214977,48392,4530,52922,420
2022-11-23,Yuba,115,75493,19285,1763,21048,133
2022-11-22,Alameda,001,1643700,357639,20257,377896,2032
2022-11-22,Alpine,002,1148,139,1,140,0
2022-11-22,Amador,005,37829,10154,945,11099,94
2022-11-22,Butte,007,227075,40278,9428,49706,467
2022-11-22,Calaveras,009,45235,8676,586,9262,135
2022-11-22,Colusa,011,21464,3847,1308,5155,22
2022-11-22,Contra Costa,013,1133247,257861,21213,279074,1492
2022-11-22,Del Norte,015,27424,7548,404,7952,55
2022-11-22,El Dorado,017,186661,33140,4366,37506,236
2022-11-22,Fresno,019,978130,283147,32627,315774,2910
2022-11-22,Glenn,021,27897,5642,1903,7545,56
2022-11-22,Humboldt,023,135768,22491,5302,27793,163
2022-11-22,Imperial,025,180216,66979,16907,83886,965
2022-11-22,Inyo,027,18085,4588,1090,5678,61
2022-11-22,Kern,029,883053,222530,66515,289045,2442
2022-11-22,Kings,031,150075,60567,4237,64804,471
2022-11-22,Lake,033,64148,13105,1226,14331,152
2022-11-22,Lassen,035,31185,10109,1018,11127,65
2022-11-22,Los Angeles,037,10098052,3342926,190863,3533789,34026
2022-11-22,Madera,039,155013,44718,8410,53128,376
2022-11-22,Marin,041,260295,38012,5319,43331,260
2022-11-22,Mariposa,043,17540,3196,348,3544,30
2022-11-22,Mendocino,045,87422,16328,4591,20919,137
2022-11-22,Merced,047,269075,74548,12244,86792,881
2022-11-22,Modoc,049,8938,900,343,1243,11
2022-11-22,Mono,051,14174,3236,273,3509,8
2022-11-22,Monterey,053,433212,95456,21719,117175,777
2022-11-22,Napa,055,140530,33008,1432,34440,161
2022-11-22,Nevada,057,99092,19434,2023,21457,137
2022-11-22,Orange,059,3164182,681649,67262,748911,7654
2022-11-22,Placer,061,380077,77663,9896,87559,665
2022-11-22,Plumas,063,18699,3735,445,4180,13
2022-11-22,Riverside,065,2383286,706372,36658,743030,6675
2022-11-22,Sacramento,067,1510023,355145,35888,391033,3401
2022-11-22,San Benito,069,59416,16635,1001,17636,104
2022-11-22,San Bernardino,071,2135413,682336,31572,713908,8111
2022-11-22,San Diego,073,3302833,940109,73818,1013927,5622
2022-11-22,San Francisco,075,870044,184521,12436,196957,1093
2022-11-22,San Joaquin,077,732212,201378,15505,216883,2358
2022-11-22,San Luis Obispo,079,281455,64208,7324,71532,531
2022-11-22,San Mateo,081,765935,173678,10549,184227,743
2022-11-22,Santa Barbara,083,443738,107498,7038,114536,740
2022-11-22,Santa Clara,085,1922200,448599,19440,468039,2589
2022-11-22,Santa Cruz,087,273765,65092,3590,68682,276
2022-11-22,Shasta,089,179085,35640,7880,43520,603
2022-11-22,Sierra,091,2930,308,61,369,5
2022-11-22,Siskiyou,093,43540,5272,3379,8651,95
2022-11-22,Solano,095,438530,107936,8108,116044,464
2022-11-22,Sonoma,097,501317,109021,5401,114422,533
2022-11-22,Stanislaus,099,539301,140054,21934,161988,1799
2022-11-22,Sutter,101,95872,24781,2471,27252,235
2022-11-22,Tehama,103,63373,13933,3213,17146,218
2022-11-22,Trinity,105,12862,1437,452,1889,23
2022-11-22,Tulare,107,460477,123675,37527,161202,1551
2022-11-22,Tuolumne,109,53932,15998,934,16932,203
2022-11-22,Ventura,111,848112,212351,16296,228647,1611
2022-11-22,Yolo,113,214977,48367,4521,52888,420
2022-11-22,Yuba,115,75493,19275,1763,21038,133
2022-11-21,Alameda,001,1643700,357355,20231,377586,2032
2022-11-21,Alpine,002,1148,139,1,140,0
2022-11-21,Amador,005,37829,10149,944,11093,94
2022-11-21,Butte,007,227075,40244,9420,49664,467
2022-11-21,Calaveras,009,45235,8671,585,9256,135
2022-11-21,Colusa,011,21464,3845,1308,5153,22
2022-11-21,Contra Costa,013,1133247,257681,21201,278882,1492
2022-11-21,Del Norte,015,27424,7546,404,7950,55
2022-11-21,El Dorado,017,186661,33113,4360,37473,236
2022-11-21,Fresno,019,978130,282975,32578,315553,2908
2022-11-21,Glenn,021,27897,5639,1900,7539,56
2022-11-21,Humboldt,023,135768,22471,5291,27762,163
2022-11-21,Imperial,025,180216,66926,16849,83775,964
2022-11-21,Inyo,027,18085,4582,1086,5668,61
2022-11-21,Kern,029,883053,222430,66463,288893,2442
2022-11-21,Kings,031,150075,60534,4235,64769,471
2022-11-21,Lake,033,64148,13096,1225,14321,152
2022-11-21,Lassen,035,31185,10105,1017,11122,65
2022-11-21,Los Angeles,037,10098052,3340306,190374,3530680,34017
2022-11-21,Madera,039,155013,44700,8408,53108,376
2022-11-21,Marin,041,260295,37966,5318,43284,260
2022-11-21,Mariposa,043,17540,3189,348,3537,30
2022-11-21,Mendocino,045,87422,16320,4590,20910,137
2022-11-21,Merced,047,269075,74507,12242,86749,881
2022-11-21,Modoc,049,8938,898,342,1240,11
2022-11-21,Mono,051,14174,3236,272,3508,8
2022-11-21,Monterey,053,433212,95417,21688,117105,777
2022-11-21,Napa,055,140530,32987,1431,34418,161
2022-11-21,Nevada,057,99092,19412,2016,21428,137
2022-11-21,Orange,059,3164182,681168,67072,748240,7650
2022-11-21,Placer,061,380077,77607,9889,87496,665
2022-11-21,Plumas,063,18699,3735,445,4180,13
2022-11-21,Riverside,065,2383286,705924,36578,742502,6674
2022-11-21,Sacramento,067,1510023,354839,35844,390683,3401
2022-11-21,San Benito,069,59416,16623,1000,17623,104
2022-11-21,San Bernardino,071,2135413,681823,31521,713344,8111
2022-11-21,San Diego,073,3302833,939511,73692,1013203,5621
2022-11-21,San Francisco,075,870044,184347,12428,196775,1091
2022-11-21,San Joaquin,077,732212,201249,15471,216720,2358
2022-11-21,San Luis Obispo,079,281455,64181,7317,71498,531
2022-11-21,San Mateo,081,765935,173551,10544,184095,743
2022-11-21,Santa Barbara,083,443738,107423,7035,114458,740
2022-11-21,Santa Clara,085,1922200,448188,19421,467609,2589
2022-11-21,Santa Cruz,087,273765,65047,3582,68629,276
2022-11-21,Shasta,089,179085,35620,7872,43492,602
2022-11-21,Sierra,091,2930,308,60,368,5
2022-11-21,Siskiyou,093,43540,5267,3379,8646,95
2022-11-21,Solano,095,438530,107835,8101,115936,464
2022-11-21,Sonoma,097,501317,108939,5397,114336,533
2022-11-21,Stanislaus,099,539301,139977,21919,161896,1798
2022-11-21,Sutter,101,95872,24765,2471,27236,235
2022-11-21,Tehama,103,63373,13925,3210,17135,218
2022-11-21,Trinity,105,12862,1436,449,1885,23
2022-11-21,Tulare,107,460477,123602,37489,161091,1551
2022-11-21,Tuolumne,109,53932,15993,934,16927,203
2022-11-21,Ventura,111,848112,212210,16267,228477,1611
2022-11-21,Yolo,113,214977,48338,4516,52854,419
2022-11-21,Yuba,115,75493,19255,1762,21017,133
2022-11-20,Alameda,001,1643700,357004,20196,377200,2032
2022-11-20,Alpine,002,1148,139,1,140,0
2022-11-20,Amador,005,37829,10146,943,11089,94
2022-11-20,Butte,007,227075,40213,9402,49615,467
2022-11-20,Calaveras,009,45235,8663,585,9248,135
2022-11-20,Colusa,011,21464,3843,1308,5151,22
2022-11-20,Contra Costa,013,1133247,257468,21183,278651,1492
2022-11-20,Del Norte,015,27424,7539,404,7943,55
2022-11-20,El Dorado,017,186661,33061,4356,37417,236
2022-11-20,Fresno,019,978130,282763,32526,315289,2908
2022-11-20,Glenn,021,27897,5634,1899,7533,56
2022-11-20,Humboldt,023,135768,22446,5288,27734,163
2022-11-20,Imperial,025,180216,66860,16801,83661,964
2022-11-20,Inyo,027,18085,4575,1085,5660,61
2022-11-20,Kern,029,883053,222321,66410,288731,2442
2022-11-20,Kings,031,150075,60485,4234,64719,471
2022-11-20,Lake,033,64148,13085,1220,14305,152
2022-11-20,Lassen,035,31185,10104,1015,11119,65
2022-11-20,Los Angeles,037,10098052,3337413,189883,3527296,34008
2022-11-20,Madera,039,155013,44682,8403,53085,376
2022-11-20,Marin,041,260295,37937,5314,43251,260
2022-11-20,Mariposa,043,17540,3185,348,3533,30
2022-11-20,Mendocino,045,87422,16315,4587,20902,137
2022-11-20,Merced,047,269075,74429,12235,86664,880
2022-11-20,Modoc,049,8938,894,342,1236,11
2022-11-20,Mono,051,14174,3234,272,3506,8
2022-11-20,Monterey,053,433212,95377,21660,117037,777
2022-11-20,Napa,055,140530,32964,1428,34392,161
2022-11-20,Nevada,057,99092,19382,2008,21390,137
2022-11-20,Orange,059,3164182,680694,66913,747607,7648
2022-11-20,Placer,061,380077,77546,9886,87432,665
2022-11-20,Plumas,063,18699,3734,445,4179,13
2022-11-20,Riverside,065,2383286,705502,36500,742002,6672
2022-11-20,Sacramento,067,1510023,354545,35816,390361,3401
2022-11-20,San Benito,069,59416,16604,999,17603,104
2022-11-20,San Bernardino,071,2135413,681288,31476,712764,8111
2022-11-20,San Diego,073,3302833,938832,73575,1012407,5621
2022-11-20,San Francisco,075,870044,184137,12407,196544,1091
2022-11-20,San Joaquin,077,732212,201123,15449,216572,2358
2022-11-20,San Luis Obispo,079,281455,64148,7313,71461,530
2022-11-20,San Mateo,081,765935,173399,10532,183931,743
2022-11-20,Santa Barbara,083,443738,107359,7024,114383,740
2022-11-20,Santa Clara,085,1922200,447784,19399,467183,2588
2022-11-20,Santa Cruz,087,273765,64977,3578,68555,276
2022-11-20,Shasta,089,179085,35601,7860,43461,602
2022-11-20,Sierra,091,2930,308,60,368,5
2022-11-20,Siskiyou,093,43540,5265,3378,8643,95
2022-11-20,Solano,095,438530,107724,8092,115816,464
2022-11-20,Sonoma,097,501317,108878,5395,114273,533
2022-11-20,Stanislaus,099,539301,139886,21898,161784,1798
2022-11-20,Sutter,101,95872,24748,2470,27218,235
2022-11-20,Tehama,103,63373,13914,3210,17124,218
2022-11-20,Trinity,105,12862,1436,446,1882,23
2022-11-20,Tulare,107,460477,123532,37445,160977,1551
2022-11-20,Tuolumne,109,53932,15981,933,16914,203
2022-11-20,Ventura,111,848112,212079,16243,228322,1611
2022-11-20,Yolo,113,214977,48312,4507,52819,418
2022-11-20,Yuba,115,75493,19250,1762,21012,133
2022-11-19,Alameda,001,1643700,356820,20182,377002,2029
2022-11-19,Alpine,002,1148,139,1,140,0
2022-11-19,Amador,005,37829,10143,943,11086,94
2022-11-19,Butte,007,227075,40201,9392,49593,467
2022-11-19,Calaveras,009,45235,8660,583,9243,135
2022-11-19,Colusa,011,21464,3841,1308,5149,22
2022-11-19,Contra Costa,013,1133247,257369,21180,278549,1492
2022-11-19,Del Norte,015,27424,7538,404,7942,55
2022-11-19,El Dorado,017,186661,33037,4355,37392,236
2022-11-19,Fresno,019,978130,282657,32505,315162,2908
2022-11-19,Glenn,021,27897,5634,1899,7533,56
2022-11-19,Humboldt,023,135768,22431,5282,27713,163
2022-11-19,Imperial,025,180216,66838,16793,83631,964
2022-11-19,Inyo,027,18085,4573,1081,5654,61
2022-11-19,Kern,029,883053,222283,66388,288671,2442
2022-11-19,Kings,031,150075,60463,4232,64695,471
2022-11-19,Lake,033,64148,13081,1220,14301,151
2022-11-19,Lassen,035,31185,10103,1015,11118,65
2022-11-19,Los Angeles,037,10098052,3335901,189630,3525531,34001
2022-11-19,Madera,039,155013,44667,8402,53069,376
2022-11-19,Marin,041,260295,37914,5314,43228,260
2022-11-19,Mariposa,043,17540,3185,348,3533,30
2022-11-19,Mendocino,045,87422,16312,4582,20894,137
2022-11-19,Merced,047,269075,74405,12231,86636,880
2022-11-19,Modoc,049,8938,894,342,1236,11
2022-11-19,Mono,051,14174,3234,272,3506,8
2022-11-19,Monterey,053,433212,95351,21647,116998,777
2022-11-19,Napa,055,140530,32953,1426,34379,161
2022-11-19,Nevada,057,99092,19372,2005,21377,137
2022-11-19,Orange,059,3164182,680466,66838,747304,7643
2022-11-19,Placer,061,380077,77495,9881,87376,665
2022-11-19,Plumas,063,18699,3734,445,4179,13
2022-11-19,Riverside,065,2383286,705264,36452,741716,6671
2022-11-19,Sacramento,067,1510023,354423,35806,390229,3401
2022-11-19,San Benito,069,59416,16591,999,17590,104
2022-11-19,San Bernardino,071,2135413,681023,31453,712476,8111
2022-11-19,San Diego,073,3302833,938594,73534,1012128,5621
2022-11-19,San Francisco,075,870044,184041,12403,196444,1091
2022-11-19,San Joaquin,077,732212,201032,15421,216453,2358
2022-11-19,San Luis Obispo,079,281455,64133,7309,71442,530
2022-11-19,San Mateo,081,765935,173316,10528,183844,743
2022-11-19,Santa Barbara,083,443738,107322,7019,114341,740
2022-11-19,Santa Clara,085,1922200,447563,19387,466950,2587
2022-11-19,Santa Cruz,087,273765,64959,3576,68535,276
2022-11-19,Shasta,089,179085,35592,7853,43445,601
2022-11-19,Sierra,091,2930,308,60,368,5
2022-11-19,Siskiyou,093,43540,5258,3378,8636,95
2022-11-19,Solano,095,438530,107693,8087,115780,464
2022-11-19,Sonoma,097,501317,108854,5394,114248,533
2022-11-19,Stanislaus,099,539301,139825,21897,161722,1798
2022-11-19,Sutter,101,95872,24739,2470,27209,235
2022-11-19,Tehama,103,63373,13907,3209,17116,218
2022-11-19,Trinity,105,12862,1436,446,1882,23
2022-11-19,Tulare,107,460477,123495,37422,160917,1551
2022-11-19,Tuolumne,109,53932,15964,932,16896,202
2022-11-19,Ventura,111,848112,211999,16228,228227,1611
2022-11-19,Yolo,113,214977,48295,4505,52800,417
2022-11-19,Yuba,115,75493,19244,1762,21006,133
2022-11-18,Alameda,001,1643700,356624,20165,376789,2028
2022-11-18,Alpine,002,1148,139,1,140,0
2022-11-18,Amador,005,37829,10137,943,11080,94
2022-11-18,Butte,007,227075,40189,9385,49574,467
2022-11-18,Calaveras,009,45235,8655,583,9238,135
2022-11-18,Colusa,011,21464,3839,1308,5147,22
2022-11-18,Contra Costa,013,1133247,257249,21173,278422,1492
2022-11-18,Del Norte,015,27424,7536,404,7940,55
2022-11-18,El Dorado,017,186661,33026,4354,37380,236
2022-11-18,Fresno,019,978130,282543,32485,315028,2905
2022-11-18,Glenn,021,27897,5633,1899,7532,56
2022-11-18,Humboldt,023,135768,22417,5278,27695,163
2022-11-18,Imperial,025,180216,66821,16782,83603,963
2022-11-18,Inyo,027,18085,4571,1076,5647,60
2022-11-18,Kern,029,883053,222249,66339,288588,2442
2022-11-18,Kings,031,150075,60444,4230,64674,471
2022-11-18,Lake,033,64148,13077,1220,14297,151
2022-11-18,Lassen,035,31185,10103,1015,11118,65
2022-11-18,Los Angeles,037,10098052,3334499,189366,3523865,33990
2022-11-18,Madera,039,155013,44645,8396,53041,376
2022-11-18,Marin,041,260295,37893,5310,43203,260
2022-11-18,Mariposa,043,17540,3178,348,3526,30
2022-11-18,Mendocino,045,87422,16309,4581,20890,137
2022-11-18,Merced,047,269075,74386,12227,86613,880
2022-11-18,Modoc,049,8938,894,341,1235,11
2022-11-18,Mono,051,14174,3234,271,3505,8
2022-11-18,Monterey,053,433212,95325,21634,116959,777
2022-11-18,Napa,055,140530,32942,1426,34368,161
2022-11-18,Nevada,057,99092,19365,1996,21361,137
2022-11-18,Orange,059,3164182,680245,66749,746994,7642
2022-11-18,Placer,061,380077,77459,9875,87334,665
2022-11-18,Plumas,063,18699,3733,444,4177,13
2022-11-18,Riverside,065,2383286,705042,36411,741453,6671
2022-11-18,Sacramento,067,1510023,354261,35790,390051,3399
2022-11-18,San Benito,069,59416,16588,999,17587,104
2022-11-18,San Bernardino,071,2135413,680796,31435,712231,8111
2022-11-18,San Diego,073,3302833,938266,73482,1011748,5618
2022-11-18,San Francisco,075,870044,183936,12382,196318,1091
2022-11-18,San Joaquin,077,732212,200956,15407,216363,2358
2022-11-18,San Luis Obispo,079,281455,64117,7306,71423,530
2022-11-18,San Mateo,081,765935,173256,10520,183776,743
2022-11-18,Santa Barbara,083,443738,107294,7015,114309,740
2022-11-18,Santa Clara,085,1922200,447327,19373,466700,2584
2022-11-18,Santa Cruz,087,273765,64936,3573,68509,276
2022-11-18,Shasta,089,179085,35583,7849,43432,601
2022-11-18,Sierra,091,2930,308,60,368,5
2022-11-18,Siskiyou,093,43540,5256,3378,8634,95
2022-11-18,Solano,095,438530,107636,8085,115721,464
2022-11-18,Sonoma,097,501317,108816,5392,114208,533
2022-11-18,Stanislaus,099,539301,139776,21891,161667,1798
2022-11-18,Sutter,101,95872,24732,2470,27202,235
2022-11-18,Tehama,103,63373,13903,3208,17111,218
2022-11-18,Trinity,105,12862,1436,445,1881,23
2022-11-18,Tulare,107,460477,123451,37389,160840,1551
2022-11-18,Tuolumne,109,53932,15951,932,16883,202
2022-11-18,Ventura,111,848112,211921,16207,228128,1611
2022-11-18,Yolo,113,214977,48279,4500,52779,416
2022-11-18,Yuba,115,75493,19233,1762,20995,133
2022-11-17,Alameda,001,1643700,356361,20136,376497,2027
2022-11-17,Alpine,002,1148,138,1,139,0
2022-11-17,Amador,005,37829,10134,943,11077,94
2022-11-17,Butte,007,227075,40166,9374,49540,467
2022-11-17,Calaveras,009,45235,8650,581,9231,135
2022-11-17,Colusa,011,21464,3839,1308,5147,22
2022-11-17,Contra Costa,013,1133247,257095,21164,278259,1491
2022-11-17,Del Norte,015,27424,7531,404,7935,55
2022-11-17,El Dorado,017,186661,32996,4354,37350,236
2022-11-17,Fresno,019,978130,282379,32459,314838,2905
2022-11-17,Glenn,021,27897,5627,1895,7522,56
2022-11-17,Humboldt,023,135768,22404,5274,27678,163
2022-11-17,Imperial,025,180216,66770,16743,83513,963
2022-11-17,Inyo,027,18085,4564,1074,5638,60
2022-11-17,Kern,029,883053,222170,66301,288471,2442
2022-11-17,Kings,031,150075,60409,4224,64633,471
2022-11-17,Lake,033,64148,13071,1220,14291,151
2022-11-17,Lassen,035,31185,10096,1012,11108,65
2022-11-17,Los Angeles,037,10098052,3332554,189066,3521620,33982
2022-11-17,Madera,039,155013,44589,8392,52981,376
2022-11-17,Marin,041,260295,37866,5307,43173,260
2022-11-17,Mariposa,043,17540,3173,348,3521,30
2022-11-17,Mendocino,045,87422,16303,4581,20884,137
2022-11-17,Merced,047,269075,74347,12224,86571,879
2022-11-17,Modoc,049,8938,892,341,1233,11
2022-11-17,Mono,051,14174,3233,271,3504,8
2022-11-17,Monterey,053,433212,95296,21609,116905,777
2022-11-17,Napa,055,140530,32918,1425,34343,161
2022-11-17,Nevada,057,99092,19353,1992,21345,137
2022-11-17,Orange,059,3164182,679914,66634,746548,7640
2022-11-17,Placer,061,380077,77413,9869,87282,665
2022-11-17,Plumas,063,18699,3729,444,4173,13
2022-11-17,Riverside,065,2383286,704735,36368,741103,6669
2022-11-17,Sacramento,067,1510023,354037,35761,389798,3399
2022-11-17,San Benito,069,59416,16580,997,17577,104
2022-11-17,San Bernardino,071,2135413,680478,31404,711882,8111
2022-11-17,San Diego,073,3302833,937860,73430,1011290,5618
2022-11-17,San Francisco,075,870044,183805,12364,196169,1088
2022-11-17,San Joaquin,077,732212,200836,15367,216203,2358
2022-11-17,San Luis Obispo,079,281455,64096,7303,71399,530
2022-11-17,San Mateo,081,765935,173155,10519,183674,743
2022-11-17,Santa Barbara,083,443738,107254,7012,114266,739
2022-11-17,Santa Clara,085,1922200,446981,19351,466332,2583
2022-11-17,Santa Cruz,087,273765,64899,3571,68470,276
2022-11-17,Shasta,089,179085,35571,7840,43411,601
2022-11-17,Sierra,091,2930,308,60,368,5
2022-11-17,Siskiyou,093,43540,5253,3378,8631,95
2022-11-17,Solano,095,438530,107570,8081,115651,464
2022-11-17,Sonoma,097,501317,108764,5391,114155,533
2022-11-17,Stanislaus,099,539301,139716,21878,161594,1798
2022-11-17,Sutter,101,95872,24721,2470,27191,235
2022-11-17,Tehama,103,63373,13889,3206,17095,218
2022-11-17,Trinity,105,12862,1434,442,1876,23
2022-11-17,Tulare,107,460477,123384,37356,160740,1551
2022-11-17,Tuolumne,109,53932,15935,932,16867,202
2022-11-17,Ventura,111,848112,211820,16186,228006,1610
2022-11-17,Yolo,113,214977,48268,4495,52763,416
2022-11-17,Yuba,115,75493,19218,1760,20978,133
2022-11-16,Alameda,001,1643700,356127,20114,376241,2026
2022-11-16,Alpine,002,1148,138,1,139,0
2022-11-16,Amador,005,37829,10127,943,11070,94
2022-11-16,Butte,007,227075,40143,9358,49501,467
2022-11-16,Calaveras,009,45235,8643,580,9223,135
2022-11-16,Colusa,011,21464,3837,1307,5144,22
2022-11-16,Contra Costa,013,1133247,256961,21144,278105,1490
2022-11-16,Del Norte,015,27424,7531,404,7935,55
2022-11-16,El Dorado,017,186661,32973,4353,37326,236
2022-11-16,Fresno,019,978130,282222,32432,314654,2905
2022-11-16,Glenn,021,27897,5624,1894,7518,56
2022-11-16,Humboldt,023,135768,22384,5268,27652,163
2022-11-16,Imperial,025,180216,66731,16680,83411,963
2022-11-16,Inyo,027,18085,4559,1067,5626,60
2022-11-16,Kern,029,883053,222087,66253,288340,2441
2022-11-16,Kings,031,150075,60350,4220,64570,470
2022-11-16,Lake,033,64148,13056,1220,14276,151
2022-11-16,Lassen,035,31185,10092,1010,11102,65
2022-11-16,Los Angeles,037,10098052,3330731,188734,3519465,33974
2022-11-16,Madera,039,155013,44569,8386,52955,376
2022-11-16,Marin,041,260295,37840,5302,43142,260
2022-11-16,Mariposa,043,17540,3173,348,3521,30
2022-11-16,Mendocino,045,87422,16297,4580,20877,137
2022-11-16,Merced,047,269075,74296,12218,86514,879
2022-11-16,Modoc,049,8938,891,341,1232,11
2022-11-16,Mono,051,14174,3233,271,3504,8
2022-11-16,Monterey,053,433212,95258,21585,116843,777
2022-11-16,Napa,055,140530,32887,1422,34309,161
2022-11-16,Nevada,057,99092,19342,1989,21331,137
2022-11-16,Orange,059,3164182,679582,66515,746097,7639
2022-11-16,Placer,061,380077,77354,9867,87221,665
2022-11-16,Plumas,063,18699,3729,444,4173,13
2022-11-16,Riverside,065,2383286,704413,36306,740719,6667
2022-11-16,Sacramento,067,1510023,353789,35729,389518,3399
2022-11-16,San Benito,069,59416,16571,995,17566,104
2022-11-16,San Bernardino,071,2135413,680106,31387,711493,8110
2022-11-16,San Diego,073,3302833,937393,73374,1010767,5618
2022-11-16,San Francisco,075,870044,183671,12354,196025,1088
2022-11-16,San Joaquin,077,732212,200715,15355,216070,2358
2022-11-16,San Luis Obispo,079,281455,64073,7298,71371,530
2022-11-16,San Mateo,081,765935,173046,10516,183562,743
2022-11-16,Santa Barbara,083,443738,107204,7002,114206,739
2022-11-16,Santa Clara,085,1922200,446639,19338,465977,2582
2022-11-16,Santa Cruz,087,273765,64857,3569,68426,276
2022-11-16,Shasta,089,179085,35560,7833,43393,600
2022-11-16,Sierra,091,2930,308,60,368,5
2022-11-16,Siskiyou,093,43540,5250,3377,8627,95
2022-11-16,Solano,095,438530,107501,8075,115576,464
2022-11-16,Sonoma,097,501317,108713,5389,114102,533
2022-11-16,Stanislaus,099,539301,139655,21866,161521,1798
2022-11-16,Sutter,101,95872,24706,2470,27176,235
2022-11-16,Tehama,103,63373,13878,3192,17070,218
2022-11-16,Trinity,105,12862,1433,441,1874,23
2022-11-16,Tulare,107,460477,123325,37318,160643,1551
2022-11-16,Tuolumne,109,53932,15920,932,16852,202
2022-11-16,Ventura,111,848112,211704,16164,227868,1610
2022-11-16,Yolo,113,214977,48245,4488,52733,416
2022-11-16,Yuba,115,75493,19204,1760,20964,133
2022-11-15,Alameda,001,1643700,355890,20104,375994,2026
2022-11-15,Alpine,002,1148,138,1,139,0
2022-11-15,Amador,005,37829,10121,943,11064,94
2022-11-15,Butte,007,227075,40126,9351,49477,467
2022-11-15,Calaveras,009,45235,8637,580,9217,135
2022-11-15,Colusa,011,21464,3836,1307,5143,22
2022-11-15,Contra Costa,013,1133247,256804,21122,277926,1489
2022-11-15,Del Norte,015,27424,7529,404,7933,55
2022-11-15,El Dorado,017,186661,32948,4348,37296,236
2022-11-15,Fresno,019,978130,282052,32396,314448,2904
2022-11-15,Glenn,021,27897,5620,1893,7513,56
2022-11-15,Humboldt,023,135768,22366,5262,27628,163
2022-11-15,Imperial,025,180216,66694,16644,83338,963
2022-11-15,Inyo,027,18085,4555,1063,5618,60
2022-11-15,Kern,029,883053,221998,65885,287883,2440
2022-11-15,Kings,031,150075,60313,4217,64530,469
2022-11-15,Lake,033,64148,13048,1220,14268,151
2022-11-15,Lassen,035,31185,10085,1009,11094,65
2022-11-15,Los Angeles,037,10098052,3328847,188460,3517307,33960
2022-11-15,Madera,039,155013,44549,8383,52932,376
2022-11-15,Marin,041,260295,37817,5299,43116,260
2022-11-15,Mariposa,043,17540,3170,348,3518,30
2022-11-15,Mendocino,045,87422,16291,4576,20867,137
2022-11-15,Merced,047,269075,74266,12210,86476,879
2022-11-15,Modoc,049,8938,890,341,1231,11
2022-11-15,Mono,051,14174,3233,271,3504,8
2022-11-15,Monterey,053,433212,95226,21553,116779,777
2022-11-15,Napa,055,140530,32863,1421,34284,161
2022-11-15,Nevada,057,99092,19329,1983,21312,137
2022-11-15,Orange,059,3164182,679227,66392,745619,7638
2022-11-15,Placer,061,380077,77306,9859,87165,665
2022-11-15,Plumas,063,18699,3728,444,4172,13
2022-11-15,Riverside,065,2383286,704088,36257,740345,6667
2022-11-15,Sacramento,067,1510023,353538,35697,389235,3399
2022-11-15,San Benito,069,59416,16568,995,17563,104
2022-11-15,San Bernardino,071,2135413,679828,31360,711188,8110
2022-11-15,San Diego,073,3302833,936925,73320,1010245,5618
2022-11-15,San Francisco,075,870044,183539,12342,195881,1087
2022-11-15,San Joaquin,077,732212,200598,15339,215937,2358
2022-11-15,San Luis Obispo,079,281455,64040,7293,71333,530
2022-11-15,San Mateo,081,765935,172934,10512,183446,743
2022-11-15,Santa Barbara,083,443738,107161,6997,114158,738
2022-11-15,Santa Clara,085,1922200,446316,19326,465642,2580
2022-11-15,Santa Cruz,087,273765,64817,3564,68381,276
2022-11-15,Shasta,089,179085,35546,7818,43364,600
2022-11-15,Sierra,091,2930,308,60,368,5
2022-11-15,Siskiyou,093,43540,5246,3377,8623,95
2022-11-15,Solano,095,438530,107415,8068,115483,463
2022-11-15,Sonoma,097,501317,108671,5383,114054,533
2022-11-15,Stanislaus,099,539301,139588,21840,161428,1798
2022-11-15,Sutter,101,95872,24696,2469,27165,235
2022-11-15,Tehama,103,63373,13864,3187,17051,218
2022-11-15,Trinity,105,12862,1432,441,1873,23
2022-11-15,Tulare,107,460477,123254,37275,160529,1551
2022-11-15,Tuolumne,109,53932,15914,932,16846,202
2022-11-15,Ventura,111,848112,211592,16152,227744,1610
2022-11-15,Yolo,113,214977,48221,4481,52702,416
2022-11-15,Yuba,115,75493,19194,1758,20952,133
2022-11-14,Alameda,001,1643700,355611,20073,375684,2024
2022-11-14,Alpine,002,1148,138,1,139,0
2022-11-14,Amador,005,37829,10121,943,11064,94
2022-11-14,Butte,007,227075,40101,9344,49445,467
2022-11-14,Calaveras,009,45235,8631,580,9211,135
2022-11-14,Colusa,011,21464,3836,1306,5142,22
2022-11-14,Contra Costa,013,1133247,256652,21114,277766,1489
2022-11-14,Del Norte,015,27424,7528,404,7932,55
2022-11-14,El Dorado,017,186661,32927,4348,37275,236
2022-11-14,Fresno,019,978130,281905,32366,314271,2903
2022-11-14,Glenn,021,27897,5618,1892,7510,56
2022-11-14,Humboldt,023,135768,22344,5252,27596,162
2022-11-14,Imperial,025,180216,66646,16604,83250,963
2022-11-14,Inyo,027,18085,4553,1058,5611,60
2022-11-14,Kern,029,883053,221924,65830,287754,2439
2022-11-14,Kings,031,150075,60239,4211,64450,469
2022-11-14,Lake,033,64148,13041,1216,14257,151
2022-11-14,Lassen,035,31185,10071,1008,11079,65
2022-11-14,Los Angeles,037,10098052,3327070,188133,3515203,33948
2022-11-14,Madera,039,155013,44532,8380,52912,376
2022-11-14,Marin,041,260295,37787,5297,43084,260
2022-11-14,Mariposa,043,17540,3170,348,3518,30
2022-11-14,Mendocino,045,87422,16281,4572,20853,137
2022-11-14,Merced,047,269075,74238,12202,86440,879
2022-11-14,Modoc,049,8938,890,334,1224,11
2022-11-14,Mono,051,14174,3233,271,3504,8
2022-11-14,Monterey,053,433212,95190,21519,116709,776
2022-11-14,Napa,055,140530,32841,1419,34260,161
2022-11-14,Nevada,057,99092,19320,1978,21298,137
2022-11-14,Orange,059,3164182,678928,66278,745206,7636
2022-11-14,Placer,061,380077,77245,9852,87097,665
2022-11-14,Plumas,063,18699,3728,444,4172,13
2022-11-14,Riverside,065,2383286,703743,36203,739946,6667
2022-11-14,Sacramento,067,1510023,353286,35662,388948,3398
2022-11-14,San Benito,069,59416,16559,994,17553,104
2022-11-14,San Bernardino,071,2135413,679432,31319,710751,8110
2022-11-14,San Diego,073,3302833,936337,73262,1009599,5618
2022-11-14,San Francisco,075,870044,183389,12334,195723,1086
2022-11-14,San Joaquin,077,732212,200482,15325,215807,2357
2022-11-14,San Luis Obispo,079,281455,64011,7290,71301,530
2022-11-14,San Mateo,081,765935,172792,10505,183297,743
2022-11-14,Santa Barbara,083,443738,107102,6996,114098,737
2022-11-14,Santa Clara,085,1922200,445978,19304,465282,2579
2022-11-14,Santa Cruz,087,273765,64761,3558,68319,276
2022-11-14,Shasta,089,179085,35522,7805,43327,600
2022-11-14,Sierra,091,2930,308,60,368,5
2022-11-14,Siskiyou,093,43540,5243,3376,8619,95
2022-11-14,Solano,095,438530,107345,8062,115407,463
2022-11-14,Sonoma,097,501317,108612,5377,113989,533
2022-11-14,Stanislaus,099,539301,139532,21831,161363,1798
2022-11-14,Sutter,101,95872,24674,2469,27143,235
2022-11-14,Tehama,103,63373,13851,3184,17035,218
2022-11-14,Trinity,105,12862,1431,439,1870,23
2022-11-14,Tulare,107,460477,123171,37246,160417,1551
2022-11-14,Tuolumne,109,53932,15896,932,16828,202
2022-11-14,Ventura,111,848112,211482,16134,227616,1610
2022-11-14,Yolo,113,214977,48206,4478,52684,415
2022-11-14,Yuba,115,75493,19185,1758,20943,133
2022-11-13,Alameda,001,1643700,355287,20050,375337,2023
2022-11-13,Alpine,002,1148,137,1,138,0
2022-11-13,Amador,005,37829,10118,942,11060,94
2022-11-13,Butte,007,227075,40072,9336,49408,467
2022-11-13,Calaveras,009,45235,8628,577,9205,135
2022-11-13,Colusa,011,21464,3834,1304,5138,22
2022-11-13,Contra Costa,013,1133247,256456,21098,277554,1489
2022-11-13,Del Norte,015,27424,7524,404,7928,55
2022-11-13,El Dorado,017,186661,32903,4345,37248,236
2022-11-13,Fresno,019,978130,281722,32335,314057,2902
2022-11-13,Glenn,021,27897,5610,1892,7502,56
2022-11-13,Humboldt,023,135768,22326,5244,27570,162
2022-11-13,Imperial,025,180216,66583,16555,83138,963
2022-11-13,Inyo,027,18085,4548,1057,5605,60
2022-11-13,Kern,029,883053,221808,65750,287558,2439
2022-11-13,Kings,031,150075,60198,4194,64392,469
2022-11-13,Lake,033,64148,13020,1215,14235,151
2022-11-13,Lassen,035,31185,10055,1008,11063,65
2022-11-13,Los Angeles,037,10098052,3325112,187833,3512945,33937
2022-11-13,Madera,039,155013,44515,8367,52882,376
2022-11-13,Marin,041,260295,37754,5296,43050,260
2022-11-13,Mariposa,043,17540,3167,348,3515,30
2022-11-13,Mendocino,045,87422,16271,4561,20832,137
2022-11-13,Merced,047,269075,74198,12193,86391,879
2022-11-13,Modoc,049,8938,890,331,1221,11
2022-11-13,Mono,051,14174,3233,271,3504,8
2022-11-13,Monterey,053,433212,95145,21485,116630,775
2022-11-13,Napa,055,140530,32823,1418,34241,161
2022-11-13,Nevada,057,99092,19298,1965,21263,137
2022-11-13,Orange,059,3164182,678573,66147,744720,7635
2022-11-13,Placer,061,380077,77177,9849,87026,665
2022-11-13,Plumas,063,18699,3727,444,4171,13
2022-11-13,Riverside,065,2383286,703352,36142,739494,6667
2022-11-13,Sacramento,067,1510023,353031,35614,388645,3397
2022-11-13,San Benito,069,59416,16550,993,17543,104
2022-11-13,San Bernardino,071,2135413,679032,31287,710319,8110
2022-11-13,San Diego,073,3302833,935760,73198,1008958,5616
2022-11-13,San Francisco,075,870044,183247,12323,195570,1085
2022-11-13,San Joaquin,077,732212,200335,15310,215645,2357
2022-11-13,San Luis Obispo,079,281455,63990,7289,71279,530
2022-11-13,San Mateo,081,765935,172661,10501,183162,743
2022-11-13,Santa Barbara,083,443738,107040,6985,114025,737
2022-11-13,Santa Clara,085,1922200,445601,19286,464887,2579
2022-11-13,Santa Cruz,087,273765,64697,3555,68252,276
2022-11-13,Shasta,089,179085,35498,7796,43294,600
2022-11-13,Sierra,091,2930,308,60,368,5
2022-11-13,Siskiyou,093,43540,5236,3374,8610,95
2022-11-13,Solano,095,438530,107248,8059,115307,463
2022-11-13,Sonoma,097,501317,108557,5373,113930,533
2022-11-13,Stanislaus,099,539301,139470,21822,161292,1798
2022-11-13,Sutter,101,95872,24661,2467,27128,235
2022-11-13,Tehama,103,63373,13834,3180,17014,218
2022-11-13,Trinity,105,12862,1430,437,1867,23
2022-11-13,Tulare,107,460477,123103,37205,160308,1551
2022-11-13,Tuolumne,109,53932,15884,932,16816,202
2022-11-13,Ventura,111,848112,211367,16120,227487,1610
2022-11-13,Yolo,113,214977,48180,4475,52655,414
2022-11-13,Yuba,115,75493,19171,1756,20927,133
2022-11-12,Alameda,001,1643700,355134,20033,375167,2023
2022-11-12,Alpine,002,1148,137,1,138,0
2022-11-12,Amador,005,37829,10117,942,11059,94
2022-11-12,Butte,007,227075,40060,9326,49386,467
2022-11-12,Calaveras,009,45235,8622,576,9198,135
2022-11-12,Colusa,011,21464,3833,1303,5136,22
2022-11-12,Contra Costa,013,1133247,256329,21095,277424,1489
2022-11-12,Del Norte,015,27424,7523,404,7927,55
2022-11-12,El Dorado,017,186661,32886,4343,37229,236
2022-11-12,Fresno,019,978130,281655,32324,313979,2900
2022-11-12,Glenn,021,27897,5606,1892,7498,56
2022-11-12,Humboldt,023,135768,22315,5237,27552,162
2022-11-12,Imperial,025,180216,66570,16543,83113,963
2022-11-12,Inyo,027,18085,4546,1057,5603,60
2022-11-12,Kern,029,883053,221767,65725,287492,2439
2022-11-12,Kings,031,150075,60166,4189,64355,469
2022-11-12,Lake,033,64148,13015,1215,14230,151
2022-11-12,Lassen,035,31185,10050,1008,11058,64
2022-11-12,Los Angeles,037,10098052,3324133,187665,3511798,33930
2022-11-12,Madera,039,155013,44505,8367,52872,376
2022-11-12,Marin,041,260295,37737,5295,43032,260
2022-11-12,Mariposa,043,17540,3166,348,3514,30
2022-11-12,Mendocino,045,87422,16267,4561,20828,137
2022-11-12,Merced,047,269075,74180,12191,86371,879
2022-11-12,Modoc,049,8938,890,331,1221,11
2022-11-12,Mono,051,14174,3232,271,3503,8
2022-11-12,Monterey,053,433212,95117,21461,116578,775
2022-11-12,Napa,055,140530,32811,1418,34229,161
2022-11-12,Nevada,057,99092,19289,1964,21253,137
2022-11-12,Orange,059,3164182,678410,66072,744482,7634
2022-11-12,Placer,061,380077,77130,9847,86977,665
2022-11-12,Plumas,063,18699,3727,444,4171,13
2022-11-12,Riverside,065,2383286,703171,36105,739276,6665
2022-11-12,Sacramento,067,1510023,352916,35603,388519,3397
2022-11-12,San Benito,069,59416,16546,993,17539,104
2022-11-12,San Bernardino,071,2135413,678812,31271,710083,8110
2022-11-12,San Diego,073,3302833,935520,73164,1008684,5616
2022-11-12,San Francisco,075,870044,183180,12315,195495,1084
2022-11-12,San Joaquin,077,732212,200276,15302,215578,2357
2022-11-12,San Luis Obispo,079,281455,63976,7286,71262,530
2022-11-12,San Mateo,081,765935,172595,10493,183088,743
2022-11-12,Santa Barbara,083,443738,107019,6982,114001,737
2022-11-12,Santa Clara,085,1922200,445396,19275,464671,2579
2022-11-12,Santa Cruz,087,273765,64684,3552,68236,276
2022-11-12,Shasta,089,179085,35485,7792,43277,600
2022-11-12,Sierra,091,2930,308,60,368,5
2022-11-12,Siskiyou,093,43540,5231,3373,8604,95
2022-11-12,Solano,095,438530,107215,8053,115268,463
2022-11-12,Sonoma,097,501317,108535,5369,113904,533
2022-11-12,Stanislaus,099,539301,139430,21819,161249,1798
2022-11-12,Sutter,101,95872,24651,2467,27118,235
2022-11-12,Tehama,103,63373,13828,3173,17001,218
2022-11-12,Trinity,105,12862,1429,436,1865,23
2022-11-12,Tulare,107,460477,123066,37188,160254,1551
2022-11-12,Tuolumne,109,53932,15873,932,16805,202
2022-11-12,Ventura,111,848112,211292,16109,227401,1610
2022-11-12,Yolo,113,214977,48155,4472,52627,414
2022-11-12,Yuba,115,75493,19164,1754,20918,133
2022-11-11,Alameda,001,1643700,354987,20022,375009,2023
2022-11-11,Alpine,002,1148,137,1,138,0
2022-11-11,Amador,005,37829,10109,942,11051,94
2022-11-11,Butte,007,227075,40052,9319,49371,467
2022-11-11,Calaveras,009,45235,8619,576,9195,135
2022-11-11,Colusa,011,21464,3828,1302,5130,22
2022-11-11,Contra Costa,013,1133247,256223,21090,277313,1489
2022-11-11,Del Norte,015,27424,7518,404,7922,55
2022-11-11,El Dorado,017,186661,32872,4340,37212,236
2022-11-11,Fresno,019,978130,281577,32311,313888,2897
2022-11-11,Glenn,021,27897,5604,1892,7496,56
2022-11-11,Humboldt,023,135768,22302,5234,27536,162
2022-11-11,Imperial,025,180216,66554,16530,83084,963
2022-11-11,Inyo,027,18085,4545,1054,5599,60
2022-11-11,Kern,029,883053,221722,65684,287406,2439
2022-11-11,Kings,031,150075,60150,4184,64334,469
2022-11-11,Lake,033,64148,13012,1215,14227,151
2022-11-11,Lassen,035,31185,10048,1008,11056,64
2022-11-11,Los Angeles,037,10098052,3323182,187490,3510672,33927
2022-11-11,Madera,039,155013,44488,8361,52849,376
2022-11-11,Marin,041,260295,37711,5294,43005,260
2022-11-11,Mariposa,043,17540,3164,348,3512,30
2022-11-11,Mendocino,045,87422,16263,4561,20824,137
2022-11-11,Merced,047,269075,74160,12187,86347,879
2022-11-11,Modoc,049,8938,889,331,1220,11
2022-11-11,Mono,051,14174,3231,271,3502,8
2022-11-11,Monterey,053,433212,95102,21444,116546,775
2022-11-11,Napa,055,140530,32801,1417,34218,161
2022-11-11,Nevada,057,99092,19281,1964,21245,137
2022-11-11,Orange,059,3164182,678245,66007,744252,7634
2022-11-11,Placer,061,380077,77104,9845,86949,665
2022-11-11,Plumas,063,18699,3727,444,4171,13
2022-11-11,Riverside,065,2383286,703006,36081,739087,6665
2022-11-11,Sacramento,067,1510023,352792,35595,388387,3397
2022-11-11,San Benito,069,59416,16543,993,17536,104
2022-11-11,San Bernardino,071,2135413,678620,31258,709878,8110
2022-11-11,San Diego,073,3302833,935241,73140,1008381,5614
2022-11-11,San Francisco,075,870044,183106,12303,195409,1083
2022-11-11,San Joaquin,077,732212,200209,15292,215501,2357
2022-11-11,San Luis Obispo,079,281455,63967,7285,71252,530
2022-11-11,San Mateo,081,765935,172523,10492,183015,743
2022-11-11,Santa Barbara,083,443738,107008,6980,113988,737
2022-11-11,Santa Clara,085,1922200,445222,19270,464492,2578
2022-11-11,Santa Cruz,087,273765,64654,3552,68206,276
2022-11-11,Shasta,089,179085,35475,7788,43263,600
2022-11-11,Sierra,091,2930,308,60,368,5
2022-11-11,Siskiyou,093,43540,5229,3373,8602,95
2022-11-11,Solano,095,438530,107187,8050,115237,463
2022-11-11,Sonoma,097,501317,108501,5367,113868,533
2022-11-11,Stanislaus,099,539301,139390,21812,161202,1798
2022-11-11,Sutter,101,95872,24643,2467,27110,235
2022-11-11,Tehama,103,63373,13820,3171,16991,218
2022-11-11,Trinity,105,12862,1426,436,1862,23
2022-11-11,Tulare,107,460477,123035,37166,160201,1551
2022-11-11,Tuolumne,109,53932,15863,932,16795,202
2022-11-11,Ventura,111,848112,211227,16094,227321,1610
2022-11-11,Yolo,113,214977,48143,4471,52614,413
2022-11-11,Yuba,115,75493,19157,1754,20911,133
2022-11-10,Alameda,001,1643700,354791,20012,374803,2022
2022-11-10,Alpine,002,1148,137,1,138,0
2022-11-10,Amador,005,37829,10109,942,11051,94
2022-11-10,Butte,007,227075,40038,9315,49353,467
2022-11-10,Calaveras,009,45235,8616,574,9190,135
2022-11-10,Colusa,011,21464,3828,1300,5128,22
2022-11-10,Contra Costa,013,1133247,256100,21085,277185,1489
2022-11-10,Del Norte,015,27424,7517,404,7921,55
2022-11-10,El Dorado,017,186661,32849,4339,37188,236
2022-11-10,Fresno,019,978130,281464,32299,313763,2897
2022-11-10,Glenn,021,27897,5602,1892,7494,56
2022-11-10,Humboldt,023,135768,22296,5230,27526,162
2022-11-10,Imperial,025,180216,66525,16497,83022,963
2022-11-10,Inyo,027,18085,4544,1052,5596,60
2022-11-10,Kern,029,883053,221668,65633,287301,2439
2022-11-10,Kings,031,150075,60131,4183,64314,468
2022-11-10,Lake,033,64148,13010,1214,14224,151
2022-11-10,Lassen,035,31185,10045,1008,11053,64
2022-11-10,Los Angeles,037,10098052,3321908,187315,3509223,33919
2022-11-10,Madera,039,155013,44474,8355,52829,376
2022-11-10,Marin,041,260295,37689,5294,42983,260
2022-11-10,Mariposa,043,17540,3164,348,3512,30
2022-11-10,Mendocino,045,87422,16256,4560,20816,137
2022-11-10,Merced,047,269075,74145,12185,86330,879
2022-11-10,Modoc,049,8938,888,331,1219,11
2022-11-10,Mono,051,14174,3230,271,3501,8
2022-11-10,Monterey,053,433212,95078,21415,116493,775
2022-11-10,Napa,055,140530,32788,1416,34204,161
2022-11-10,Nevada,057,99092,19271,1962,21233,137
2022-11-10,Orange,059,3164182,678039,65944,743983,7632
2022-11-10,Placer,061,380077,77060,9843,86903,665
2022-11-10,Plumas,063,18699,3727,444,4171,13
2022-11-10,Riverside,065,2383286,702829,36043,738872,6664
2022-11-10,Sacramento,067,1510023,352622,35582,388204,3396
2022-11-10,San Benito,069,59416,16542,993,17535,104
2022-11-10,San Bernardino,071,2135413,678395,31241,709636,8110
2022-11-10,San Diego,073,3302833,934981,73105,1008086,5612
2022-11-10,San Francisco,075,870044,183000,12294,195294,1082
2022-11-10,San Joaquin,077,732212,200131,15280,215411,2357
2022-11-10,San Luis Obispo,079,281455,63952,7283,71235,530
2022-11-10,San Mateo,081,765935,172433,10490,182923,743
2022-11-10,Santa Barbara,083,443738,106990,6974,113964,737
2022-11-10,Santa Clara,085,1922200,444974,19254,464228,2577
2022-11-10,Santa Cruz,087,273765,64624,3547,68171,276
2022-11-10,Shasta,089,179085,35463,7784,43247,600
2022-11-10,Sierra,091,2930,308,60,368,5
2022-11-10,Siskiyou,093,43540,5226,3372,8598,95
2022-11-10,Solano,095,438530,107125,8047,115172,463
2022-11-10,Sonoma,097,501317,108468,5366,113834,533
2022-11-10,Stanislaus,099,539301,139345,21810,161155,1798
2022-11-10,Sutter,101,95872,24629,2467,27096,235
2022-11-10,Tehama,103,63373,13819,3168,16987,218
2022-11-10,Trinity,105,12862,1426,436,1862,22
2022-11-10,Tulare,107,460477,122978,37125,160103,1551
2022-11-10,Tuolumne,109,53932,15854,931,16785,202
2022-11-10,Ventura,111,848112,211132,16080,227212,1610
2022-11-10,Yolo,113,214977,48128,4470,52598,413
2022-11-10,Yuba,115,75493,19152,1753,20905,133
2022-11-09,Alameda,001,1643700,354556,19993,374549,2021
2022-11-09,Alpine,002,1148,137,1,138,0
2022-11-09,Amador,005,37829,10107,942,11049,94
2022-11-09,Butte,007,227075,40015,9305,49320,467
2022-11-09,Calaveras,009,45235,8610,572,9182,135
2022-11-09,Colusa,011,21464,3827,1297,5124,22
2022-11-09,Contra Costa,013,1133247,255963,21075,277038,1488
2022-11-09,Del Norte,015,27424,7516,404,7920,55
2022-11-09,El Dorado,017,186661,32824,4338,37162,236
2022-11-09,Fresno,019,978130,281355,32287,313642,2895
2022-11-09,Glenn,021,27897,5601,1892,7493,56
2022-11-09,Humboldt,023,135768,22284,5225,27509,162
2022-11-09,Imperial,025,180216,66487,16449,82936,963
2022-11-09,Inyo,027,18085,4543,1048,5591,60
2022-11-09,Kern,029,883053,221597,65574,287171,2438
2022-11-09,Kings,031,150075,60085,4178,64263,468
2022-11-09,Lake,033,64148,13005,1210,14215,151
2022-11-09,Lassen,035,31185,10042,1008,11050,64
2022-11-09,Los Angeles,037,10098052,3320437,187124,3507561,33913
2022-11-09,Madera,039,155013,44461,8352,52813,376
2022-11-09,Marin,041,260295,37668,5290,42958,260
2022-11-09,Mariposa,043,17540,3162,348,3510,30
2022-11-09,Mendocino,045,87422,16253,4557,20810,137
2022-11-09,Merced,047,269075,74117,12181,86298,879
2022-11-09,Modoc,049,8938,888,331,1219,11
2022-11-09,Mono,051,14174,3229,270,3499,8
2022-11-09,Monterey,053,433212,95047,21394,116441,775
2022-11-09,Napa,055,140530,32769,1415,34184,161
2022-11-09,Nevada,057,99092,19267,1956,21223,137
2022-11-09,Orange,059,3164182,677796,65840,743636,7631
2022-11-09,Placer,061,380077,77014,9838,86852,664
2022-11-09,Plumas,063,18699,3724,444,4168,13
2022-11-09,Riverside,065,2383286,702589,36019,738608,6663
2022-11-09,Sacramento,067,1510023,352451,35545,387996,3396
2022-11-09,San Benito,069,59416,16534,992,17526,104
2022-11-09,San Bernardino,071,2135413,678137,31226,709363,8110
2022-11-09,San Diego,073,3302833,934660,73047,1007707,5611
2022-11-09,San Francisco,075,870044,182901,12289,195190,1079
2022-11-09,San Joaquin,077,732212,200044,15268,215312,2357
2022-11-09,San Luis Obispo,079,281455,63931,7280,71211,530
2022-11-09,San Mateo,081,765935,172324,10489,182813,743
2022-11-09,Santa Barbara,083,443738,106967,6971,113938,737
2022-11-09,Santa Clara,085,1922200,444732,19243,463975,2577
2022-11-09,Santa Cruz,087,273765,64593,3545,68138,276
2022-11-09,Shasta,089,179085,35452,7775,43227,600
2022-11-09,Sierra,091,2930,308,60,368,5
2022-11-09,Siskiyou,093,43540,5225,3371,8596,95
2022-11-09,Solano,095,438530,107066,8041,115107,463
2022-11-09,Sonoma,097,501317,108420,5361,113781,533
2022-11-09,Stanislaus,099,539301,139304,21795,161099,1798
2022-11-09,Sutter,101,95872,24614,2466,27080,235
2022-11-09,Tehama,103,63373,13812,3165,16977,218
2022-11-09,Trinity,105,12862,1422,434,1856,21
2022-11-09,Tulare,107,460477,122941,37098,160039,1551
2022-11-09,Tuolumne,109,53932,15840,931,16771,202
2022-11-09,Ventura,111,848112,211058,16058,227116,1609
2022-11-09,Yolo,113,214977,48106,4468,52574,413
2022-11-09,Yuba,115,75493,19143,1747,20890,133
2022-11-08,Alameda,001,1643700,354345,19966,374311,2021
2022-11-08,Alpine,002,1148,137,1,138,0
2022-11-08,Amador,005,37829,10105,942,11047,94
2022-11-08,Butte,007,227075,39997,9297,49294,467
2022-11-08,Calaveras,009,45235,8607,572,9179,135
2022-11-08,Colusa,011,21464,3826,1297,5123,22
2022-11-08,Contra Costa,013,1133247,255829,21058,276887,1488
2022-11-08,Del Norte,015,27424,7512,401,7913,55
2022-11-08,El Dorado,017,186661,32800,4336,37136,236
2022-11-08,Fresno,019,978130,281254,32270,313524,2895
2022-11-08,Glenn,021,27897,5600,1892,7492,56
2022-11-08,Humboldt,023,135768,22276,5218,27494,162
2022-11-08,Imperial,025,180216,66433,16391,82824,963
2022-11-08,Inyo,027,18085,4543,1045,5588,60
2022-11-08,Kern,029,883053,221515,65520,287035,2438
2022-11-08,Kings,031,150075,60060,4176,64236,467
2022-11-08,Lake,033,64148,12995,1209,14204,151
2022-11-08,Lassen,035,31185,10040,1007,11047,64
2022-11-08,Los Angeles,037,10098052,3319008,186917,3505925,33904
2022-11-08,Madera,039,155013,44445,8348,52793,376
2022-11-08,Marin,041,260295,37639,5283,42922,260
2022-11-08,Mariposa,043,17540,3157,348,3505,30
2022-11-08,Mendocino,045,87422,16245,4557,20802,137
2022-11-08,Merced,047,269075,74087,12176,86263,879
2022-11-08,Modoc,049,8938,887,331,1218,11
2022-11-08,Mono,051,14174,3225,268,3493,8
2022-11-08,Monterey,053,433212,95018,21385,116403,775
2022-11-08,Napa,055,140530,32756,1415,34171,161
2022-11-08,Nevada,057,99092,19261,1953,21214,137
2022-11-08,Orange,059,3164182,677545,65755,743300,7630
2022-11-08,Placer,061,380077,76968,9832,86800,664
2022-11-08,Plumas,063,18699,3724,444,4168,13
2022-11-08,Riverside,065,2383286,702346,35983,738329,6663
2022-11-08,Sacramento,067,1510023,352255,35507,387762,3392
2022-11-08,San Benito,069,59416,16525,991,17516,104
2022-11-08,San Bernardino,071,2135413,677895,31187,709082,8110
2022-11-08,San Diego,073,3302833,934248,73008,1007256,5611
2022-11-08,San Francisco,075,870044,182780,12276,195056,1079
2022-11-08,San Joaquin,077,732212,199956,15258,215214,2357
2022-11-08,San Luis Obispo,079,281455,63912,7277,71189,530
2022-11-08,San Mateo,081,765935,172225,10488,182713,743
2022-11-08,Santa Barbara,083,443738,106931,6968,113899,737
2022-11-08,Santa Clara,085,1922200,444460,19230,463690,2577
2022-11-08,Santa Cruz,087,273765,64561,3543,68104,276
2022-11-08,Shasta,089,179085,35429,7759,43188,599
2022-11-08,Sierra,091,2930,308,60,368,5
2022-11-08,Siskiyou,093,43540,5224,3367,8591,95
2022-11-08,Solano,095,438530,106990,8034,115024,463
2022-11-08,Sonoma,097,501317,108380,5360,113740,532
2022-11-08,Stanislaus,099,539301,139242,21792,161034,1798
2022-11-08,Sutter,101,95872,24597,2466,27063,235
2022-11-08,Tehama,103,63373,13807,3164,16971,218
2022-11-08,Trinity,105,12862,1420,433,1853,21
2022-11-08,Tulare,107,460477,122889,37066,159955,1551
2022-11-08,Tuolumne,109,53932,15830,931,16761,202
2022-11-08,Ventura,111,848112,210992,16049,227041,1609
2022-11-08,Yolo,113,214977,48086,4462,52548,411
2022-11-08,Yuba,115,75493,19133,1745,20878,133
2022-11-07,Alameda,001,1643700,354102,19946,374048,2021
2022-11-07,Alpine,002,1148,136,1,137,0
2022-11-07,Amador,005,37829,10101,941,11042,94
2022-11-07,Butte,007,227075,39981,9289,49270,467
2022-11-07,Calaveras,009,45235,8601,572,9173,135
2022-11-07,Colusa,011,21464,3825,1297,5122,22
2022-11-07,Contra Costa,013,1133247,255684,21042,276726,1488
2022-11-07,Del Norte,015,27424,7508,401,7909,55
2022-11-07,El Dorado,017,186661,32784,4335,37119,236
2022-11-07,Fresno,019,978130,281133,32246,313379,2895
2022-11-07,Glenn,021,27897,5598,1890,7488,56
2022-11-07,Humboldt,023,135768,22260,5205,27465,162
2022-11-07,Imperial,025,180216,66395,16354,82749,963
2022-11-07,Inyo,027,18085,4542,1043,5585,60
2022-11-07,Kern,029,883053,221454,65453,286907,2438
2022-11-07,Kings,031,150075,60038,4169,64207,467
2022-11-07,Lake,033,64148,12987,1209,14196,151
2022-11-07,Lassen,035,31185,10036,1007,11043,64
2022-11-07,Los Angeles,037,10098052,3317635,186665,3504300,33899
2022-11-07,Madera,039,155013,44437,8341,52778,376
2022-11-07,Marin,041,260295,37612,5283,42895,260
2022-11-07,Mariposa,043,17540,3152,348,3500,30
2022-11-07,Mendocino,045,87422,16242,4554,20796,137
2022-11-07,Merced,047,269075,74052,12170,86222,879
2022-11-07,Modoc,049,8938,887,331,1218,11
2022-11-07,Mono,051,14174,3223,268,3491,8
2022-11-07,Monterey,053,433212,94990,21367,116357,775
2022-11-07,Napa,055,140530,32736,1415,34151,161
2022-11-07,Nevada,057,99092,19255,1952,21207,137
2022-11-07,Orange,059,3164182,677309,65673,742982,7628
2022-11-07,Placer,061,380077,76925,9826,86751,664
2022-11-07,Plumas,063,18699,3724,444,4168,13
2022-11-07,Riverside,065,2383286,702081,35950,738031,6663
2022-11-07,Sacramento,067,1510023,352072,35474,387546,3391
2022-11-07,San Benito,069,59416,16517,990,17507,104
2022-11-07,San Bernardino,071,2135413,677616,31164,708780,8110
2022-11-07,San Diego,073,3302833,933881,72964,1006845,5611
2022-11-07,San Francisco,075,870044,182672,12263,194935,1079
2022-11-07,San Joaquin,077,732212,199873,15244,215117,2357
2022-11-07,San Luis Obispo,079,281455,63891,7275,71166,530
2022-11-07,San Mateo,081,765935,172130,10486,182616,743
2022-11-07,Santa Barbara,083,443738,106910,6964,113874,736
2022-11-07,Santa Clara,085,1922200,444205,19214,463419,2576
2022-11-07,Santa Cruz,087,273765,64512,3542,68054,275
2022-11-07,Shasta,089,179085,35415,7744,43159,599
2022-11-07,Sierra,091,2930,308,60,368,5
2022-11-07,Siskiyou,093,43540,5216,3365,8581,95
2022-11-07,Solano,095,438530,106907,8027,114934,463
2022-11-07,Sonoma,097,501317,108342,5359,113701,532
2022-11-07,Stanislaus,099,539301,139204,21776,160980,1798
2022-11-07,Sutter,101,95872,24579,2466,27045,235
2022-11-07,Tehama,103,63373,13802,3159,16961,218
2022-11-07,Trinity,105,12862,1420,433,1853,21
2022-11-07,Tulare,107,460477,122860,37036,159896,1551
2022-11-07,Tuolumne,109,53932,15819,931,16750,202
2022-11-07,Ventura,111,848112,210910,16035,226945,1609
2022-11-07,Yolo,113,214977,48054,4459,52513,409
2022-11-07,Yuba,115,75493,19125,1743,20868,133
2022-11-06,Alameda,001,1643700,353865,19926,373791,2021
2022-11-06,Alpine,002,1148,136,1,137,0
2022-11-06,Amador,005,37829,10096,940,11036,94
2022-11-06,Butte,007,227075,39949,9284,49233,467
2022-11-06,Calaveras,009,45235,8597,572,9169,135
2022-11-06,Colusa,011,21464,3825,1297,5122,22
2022-11-06,Contra Costa,013,1133247,255527,21032,276559,1487
2022-11-06,Del Norte,015,27424,7501,401,7902,55
2022-11-06,El Dorado,017,186661,32770,4331,37101,236
2022-11-06,Fresno,019,978130,281000,32223,313223,2895
2022-11-06,Glenn,021,27897,5581,1883,7464,56
2022-11-06,Humboldt,023,135768,22247,5196,27443,162
2022-11-06,Imperial,025,180216,66345,16316,82661,963
2022-11-06,Inyo,027,18085,4540,1041,5581,60
2022-11-06,Kern,029,883053,221348,65396,286744,2438
2022-11-06,Kings,031,150075,59994,4159,64153,467
2022-11-06,Lake,033,64148,12974,1205,14179,151
2022-11-06,Lassen,035,31185,10035,1006,11041,64
2022-11-06,Los Angeles,037,10098052,3315992,186423,3502415,33892
2022-11-06,Madera,039,155013,44426,8334,52760,376
2022-11-06,Marin,041,260295,37581,5280,42861,260
2022-11-06,Mariposa,043,17540,3151,348,3499,30
2022-11-06,Mendocino,045,87422,16235,4551,20786,136
2022-11-06,Merced,047,269075,74024,12159,86183,879
2022-11-06,Modoc,049,8938,887,331,1218,11
2022-11-06,Mono,051,14174,3223,266,3489,8
2022-11-06,Monterey,053,433212,94940,21345,116285,775
2022-11-06,Napa,055,140530,32714,1415,34129,161
2022-11-06,Nevada,057,99092,19240,1938,21178,137
2022-11-06,Orange,059,3164182,677036,65610,742646,7625
2022-11-06,Placer,061,380077,76873,9822,86695,664
2022-11-06,Plumas,063,18699,3724,444,4168,13
2022-11-06,Riverside,065,2383286,701770,35913,737683,6663
2022-11-06,Sacramento,067,1510023,351846,35435,387281,3390
2022-11-06,San Benito,069,59416,16509,990,17499,104
2022-11-06,San Bernardino,071,2135413,677315,31133,708448,8110
2022-11-06,San Diego,073,3302833,933373,72904,1006277,5610
2022-11-06,San Francisco,075,870044,182536,12250,194786,1078
2022-11-06,San Joaquin,077,732212,199785,15233,215018,2356
2022-11-06,San Luis Obispo,079,281455,63872,7272,71144,530
2022-11-06,San Mateo,081,765935,172026,10481,182507,743
2022-11-06,Santa Barbara,083,443738,106854,6954,113808,736
2022-11-06,Santa Clara,085,1922200,443911,19193,463104,2576
2022-11-06,Santa Cruz,087,273765,64441,3538,67979,275
2022-11-06,Shasta,089,179085,35393,7724,43117,599
2022-11-06,Sierra,091,2930,308,60,368,5
2022-11-06,Siskiyou,093,43540,5216,3364,8580,95
2022-11-06,Solano,095,438530,106809,8021,114830,463
2022-11-06,Sonoma,097,501317,108278,5357,113635,532
2022-11-06,Stanislaus,099,539301,139150,21765,160915,1798
2022-11-06,Sutter,101,95872,24559,2465,27024,235
2022-11-06,Tehama,103,63373,13796,3144,16940,218
2022-11-06,Trinity,105,12862,1420,433,1853,21
2022-11-06,Tulare,107,460477,122824,37000,159824,1551
2022-11-06,Tuolumne,109,53932,15808,931,16739,202
2022-11-06,Ventura,111,848112,210823,16013,226836,1609
2022-11-06,Yolo,113,214977,48039,4448,52487,409
2022-11-06,Yuba,115,75493,19117,1742,20859,133
2022-11-05,Alameda,001,1643700,353714,19916,373630,2021
2022-11-05,Alpine,002,1148,136,1,137,0
2022-11-05,Amador,005,37829,10094,940,11034,94
2022-11-05,Butte,007,227075,39940,9281,49221,467
2022-11-05,Calaveras,009,45235,8596,572,9168,135
2022-11-05,Colusa,011,21464,3823,1297,5120,22
2022-11-05,Contra Costa,013,1133247,255418,21029,276447,1487
2022-11-05,Del Norte,015,27424,7501,401,7902,55
2022-11-05,El Dorado,017,186661,32753,4327,37080,235
2022-11-05,Fresno,019,978130,280944,32212,313156,2895
2022-11-05,Glenn,021,27897,5579,1882,7461,56
2022-11-05,Humboldt,023,135768,22237,5194,27431,162
2022-11-05,Imperial,025,180216,66321,16303,82624,963
2022-11-05,Inyo,027,18085,4539,1041,5580,60
2022-11-05,Kern,029,883053,221298,65372,286670,2438
2022-11-05,Kings,031,150075,59978,4156,64134,466
2022-11-05,Lake,033,64148,12969,1205,14174,151
2022-11-05,Lassen,035,31185,10035,1006,11041,64
2022-11-05,Los Angeles,037,10098052,3315131,186282,3501413,33884
2022-11-05,Madera,039,155013,44420,8332,52752,376
2022-11-05,Marin,041,260295,37564,5280,42844,260
2022-11-05,Mariposa,043,17540,3150,348,3498,30
2022-11-05,Mendocino,045,87422,16233,4550,20783,136
2022-11-05,Merced,047,269075,74010,12157,86167,879
2022-11-05,Modoc,049,8938,887,331,1218,11
2022-11-05,Mono,051,14174,3223,265,3488,8
2022-11-05,Monterey,053,433212,94915,21335,116250,775
2022-11-05,Napa,055,140530,32710,1414,34124,161
2022-11-05,Nevada,057,99092,19235,1934,21169,137
2022-11-05,Orange,059,3164182,676893,65569,742462,7623
2022-11-05,Placer,061,380077,76832,9818,86650,664
2022-11-05,Plumas,063,18699,3724,443,4167,13
2022-11-05,Riverside,065,2383286,701587,35890,737477,6663
2022-11-05,Sacramento,067,1510023,351724,35421,387145,3388
2022-11-05,San Benito,069,59416,16501,990,17491,104
2022-11-05,San Bernardino,071,2135413,677166,31123,708289,8109
2022-11-05,San Diego,073,3302833,933178,72887,1006065,5609
2022-11-05,San Francisco,075,870044,182455,12245,194700,1078
2022-11-05,San Joaquin,077,732212,199732,15226,214958,2356
2022-11-05,San Luis Obispo,079,281455,63863,7272,71135,530
2022-11-05,San Mateo,081,765935,171965,10479,182444,743
2022-11-05,Santa Barbara,083,443738,106833,6952,113785,736
2022-11-05,Santa Clara,085,1922200,443710,19182,462892,2575
2022-11-05,Santa Cruz,087,273765,64412,3537,67949,275
2022-11-05,Shasta,089,179085,35384,7715,43099,598
2022-11-05,Sierra,091,2930,308,60,368,5
2022-11-05,Siskiyou,093,43540,5215,3362,8577,95
2022-11-05,Solano,095,438530,106780,8019,114799,462
2022-11-05,Sonoma,097,501317,108258,5352,113610,532
2022-11-05,Stanislaus,099,539301,139109,21760,160869,1798
2022-11-05,Sutter,101,95872,24549,2465,27014,235
2022-11-05,Tehama,103,63373,13792,3142,16934,218
2022-11-05,Trinity,105,12862,1420,433,1853,21
2022-11-05,Tulare,107,460477,122807,36977,159784,1551
2022-11-05,Tuolumne,109,53932,15800,931,16731,202
2022-11-05,Ventura,111,848112,210772,16004,226776,1607
2022-11-05,Yolo,113,214977,48026,4443,52469,409
2022-11-05,Yuba,115,75493,19112,1741,20853,133
2022-11-04,Alameda,001,1643700,353562,19902,373464,2021
2022-11-04,Alpine,002,1148,136,1,137,0
2022-11-04,Amador,005,37829,10091,940,11031,94
2022-11-04,Butte,007,227075,39931,9276,49207,467
2022-11-04,Calaveras,009,45235,8595,572,9167,135
2022-11-04,Colusa,011,21464,3823,1297,5120,22
2022-11-04,Contra Costa,013,1133247,255322,21025,276347,1487
2022-11-04,Del Norte,015,27424,7501,401,7902,55
2022-11-04,El Dorado,017,186661,32744,4327,37071,235
2022-11-04,Fresno,019,978130,280889,32203,313092,2894
2022-11-04,Glenn,021,27897,5578,1881,7459,56
2022-11-04,Humboldt,023,135768,22229,5192,27421,162
2022-11-04,Imperial,025,180216,66308,16296,82604,963
2022-11-04,Inyo,027,18085,4536,1040,5576,60
2022-11-04,Kern,029,883053,221255,65339,286594,2438
2022-11-04,Kings,031,150075,59963,4151,64114,466
2022-11-04,Lake,033,64148,12962,1205,14167,151
2022-11-04,Lassen,035,31185,10034,1006,11040,64
2022-11-04,Los Angeles,037,10098052,3314305,186136,3500441,33879
2022-11-04,Madera,039,155013,44413,8331,52744,376
2022-11-04,Marin,041,260295,37548,5279,42827,260
2022-11-04,Mariposa,043,17540,3148,348,3496,30
2022-11-04,Mendocino,045,87422,16229,4548,20777,136
2022-11-04,Merced,047,269075,74002,12156,86158,878
2022-11-04,Modoc,049,8938,887,330,1217,11
2022-11-04,Mono,051,14174,3221,265,3486,8
2022-11-04,Monterey,053,433212,94888,21323,116211,774
2022-11-04,Napa,055,140530,32705,1413,34118,161
2022-11-04,Nevada,057,99092,19229,1925,21154,137
2022-11-04,Orange,059,3164182,676784,65527,742311,7622
2022-11-04,Placer,061,380077,76813,9817,86630,664
2022-11-04,Plumas,063,18699,3723,442,4165,13
2022-11-04,Riverside,065,2383286,701412,35859,737271,6663
2022-11-04,Sacramento,067,1510023,351613,35408,387021,3386
2022-11-04,San Benito,069,59416,16497,990,17487,104
2022-11-04,San Bernardino,071,2135413,677012,31118,708130,8109
2022-11-04,San Diego,073,3302833,932973,72875,1005848,5608
2022-11-04,San Francisco,075,870044,182387,12239,194626,1078
2022-11-04,San Joaquin,077,732212,199680,15221,214901,2356
2022-11-04,San Luis Obispo,079,281455,63851,7270,71121,530
2022-11-04,San Mateo,081,765935,171893,10476,182369,743
2022-11-04,Santa Barbara,083,443738,106812,6950,113762,736
2022-11-04,Santa Clara,085,1922200,443508,19176,462684,2574
2022-11-04,Santa Cruz,087,273765,64385,3537,67922,275
2022-11-04,Shasta,089,179085,35378,7706,43084,598
2022-11-04,Sierra,091,2930,308,60,368,5
2022-11-04,Siskiyou,093,43540,5211,3362,8573,95
2022-11-04,Solano,095,438530,106724,8016,114740,462
2022-11-04,Sonoma,097,501317,108234,5351,113585,531
2022-11-04,Stanislaus,099,539301,139081,21758,160839,1798
2022-11-04,Sutter,101,95872,24541,2465,27006,235
2022-11-04,Tehama,103,63373,13787,3131,16918,218
2022-11-04,Trinity,105,12862,1419,433,1852,21
2022-11-04,Tulare,107,460477,122789,36955,159744,1551
2022-11-04,Tuolumne,109,53932,15788,931,16719,202
2022-11-04,Ventura,111,848112,210719,15995,226714,1607
2022-11-04,Yolo,113,214977,48007,4442,52449,409
2022-11-04,Yuba,115,75493,19109,1741,20850,133
2022-11-03,Alameda,001,1643700,353374,19877,373251,2019
2022-11-03,Alpine,002,1148,136,1,137,0
2022-11-03,Amador,005,37829,10086,938,11024,94
2022-11-03,Butte,007,227075,39914,9267,49181,467
2022-11-03,Calaveras,009,45235,8594,572,9166,135
2022-11-03,Colusa,011,21464,3823,1297,5120,22
2022-11-03,Contra Costa,013,1133247,255189,21017,276206,1486
2022-11-03,Del Norte,015,27424,7501,400,7901,55
2022-11-03,El Dorado,017,186661,32728,4327,37055,235
2022-11-03,Fresno,019,978130,280813,32184,312997,2894
2022-11-03,Glenn,021,27897,5575,1880,7455,56
2022-11-03,Humboldt,023,135768,22213,5184,27397,162
2022-11-03,Imperial,025,180216,66283,16258,82541,963
2022-11-03,Inyo,027,18085,4534,1039,5573,60
2022-11-03,Kern,029,883053,221204,65291,286495,2438
2022-11-03,Kings,031,150075,59946,4146,64092,466
2022-11-03,Lake,033,64148,12959,1204,14163,151
2022-11-03,Lassen,035,31185,10031,1005,11036,64
2022-11-03,Los Angeles,037,10098052,3313210,185933,3499143,33866
2022-11-03,Madera,039,155013,44401,8329,52730,376
2022-11-03,Marin,041,260295,37521,5279,42800,260
2022-11-03,Mariposa,043,17540,3145,348,3493,30
2022-11-03,Mendocino,045,87422,16218,4547,20765,136
2022-11-03,Merced,047,269075,73973,12152,86125,877
2022-11-03,Modoc,049,8938,887,330,1217,11
2022-11-03,Mono,051,14174,3220,265,3485,8
2022-11-03,Monterey,053,433212,94862,21308,116170,774
2022-11-03,Napa,055,140530,32695,1411,34106,161
2022-11-03,Nevada,057,99092,19219,1923,21142,137
2022-11-03,Orange,059,3164182,676611,65483,742094,7622
2022-11-03,Placer,061,380077,76778,9813,86591,663
2022-11-03,Plumas,063,18699,3723,442,4165,13
2022-11-03,Riverside,065,2383286,701202,35825,737027,6662
2022-11-03,Sacramento,067,1510023,351443,35380,386823,3386
2022-11-03,San Benito,069,59416,16493,990,17483,104
2022-11-03,San Bernardino,071,2135413,676806,31106,707912,8109
2022-11-03,San Diego,073,3302833,932718,72846,1005564,5607
2022-11-03,San Francisco,075,870044,182280,12234,194514,1077
2022-11-03,San Joaquin,077,732212,199618,15206,214824,2356
2022-11-03,San Luis Obispo,079,281455,63833,7268,71101,530
2022-11-03,San Mateo,081,765935,171794,10475,182269,743
2022-11-03,Santa Barbara,083,443738,106788,6946,113734,736
2022-11-03,Santa Clara,085,1922200,443263,19163,462426,2571
2022-11-03,Santa Cruz,087,273765,64336,3535,67871,275
2022-11-03,Shasta,089,179085,35363,7692,43055,598
2022-11-03,Sierra,091,2930,308,60,368,5
2022-11-03,Siskiyou,093,43540,5208,3360,8568,95
2022-11-03,Solano,095,438530,106679,8009,114688,461
2022-11-03,Sonoma,097,501317,108204,5351,113555,531
2022-11-03,Stanislaus,099,539301,139035,21747,160782,1798
2022-11-03,Sutter,101,95872,24533,2464,26997,235
2022-11-03,Tehama,103,63373,13779,3127,16906,218
2022-11-03,Trinity,105,12862,1419,432,1851,21
2022-11-03,Tulare,107,460477,122767,36933,159700,1551
2022-11-03,Tuolumne,109,53932,15781,930,16711,202
2022-11-03,Ventura,111,848112,210662,15984,226646,1607
2022-11-03,Yolo,113,214977,47989,4440,52429,409
2022-11-03,Yuba,115,75493,19102,1741,20843,133
2022-11-02,Alameda,001,1643700,353185,19856,373041,2017
2022-11-02,Alpine,002,1148,136,1,137,0
2022-11-02,Amador,005,37829,10076,936,11012,94
2022-11-02,Butte,007,227075,39896,9260,49156,467
2022-11-02,Calaveras,009,45235,8589,572,9161,135
2022-11-02,Colusa,011,21464,3823,1296,5119,22
2022-11-02,Contra Costa,013,1133247,255063,21000,276063,1485
2022-11-02,Del Norte,015,27424,7501,400,7901,55
2022-11-02,El Dorado,017,186661,32713,4324,37037,234
2022-11-02,Fresno,019,978130,280725,32167,312892,2893
2022-11-02,Glenn,021,27897,5571,1878,7449,56
2022-11-02,Humboldt,023,135768,22201,5182,27383,162
2022-11-02,Imperial,025,180216,66249,16240,82489,963
2022-11-02,Inyo,027,18085,4531,1039,5570,60
2022-11-02,Kern,029,883053,221157,65247,286404,2438
2022-11-02,Kings,031,150075,59933,4139,64072,466
2022-11-02,Lake,033,64148,12955,1197,14152,151
2022-11-02,Lassen,035,31185,10029,1004,11033,64
2022-11-02,Los Angeles,037,10098052,3312002,185742,3497744,33857
2022-11-02,Madera,039,155013,44385,8326,52711,376
2022-11-02,Marin,041,260295,37504,5277,42781,260
2022-11-02,Mariposa,043,17540,3144,348,3492,30
2022-11-02,Mendocino,045,87422,16216,4546,20762,136
2022-11-02,Merced,047,269075,73950,12147,86097,877
2022-11-02,Modoc,049,8938,887,328,1215,11
2022-11-02,Mono,051,14174,3220,265,3485,8
2022-11-02,Monterey,053,433212,94836,21299,116135,774
2022-11-02,Napa,055,140530,32685,1411,34096,161
2022-11-02,Nevada,057,99092,19212,1918,21130,137
2022-11-02,Orange,059,3164182,676416,65408,741824,7620
2022-11-02,Placer,061,380077,76741,9806,86547,663
2022-11-02,Plumas,063,18699,3723,442,4165,13
2022-11-02,Riverside,065,2383286,701028,35804,736832,6662
2022-11-02,Sacramento,067,1510023,351266,35348,386614,3385
2022-11-02,San Benito,069,59416,16487,990,17477,104
2022-11-02,San Bernardino,071,2135413,676601,31090,707691,8109
2022-11-02,San Diego,073,3302833,932385,72812,1005197,5604
2022-11-02,San Francisco,075,870044,182175,12230,194405,1077
2022-11-02,San Joaquin,077,732212,199541,15194,214735,2355
2022-11-02,San Luis Obispo,079,281455,63809,7261,71070,530
2022-11-02,San Mateo,081,765935,171729,10469,182198,743
2022-11-02,Santa Barbara,083,443738,106757,6940,113697,736
2022-11-02,Santa Clara,085,1922200,443045,19154,462199,2570
2022-11-02,Santa Cruz,087,273765,64302,3534,67836,275
2022-11-02,Shasta,089,179085,35352,7678,43030,598
2022-11-02,Sierra,091,2930,308,60,368,5
2022-11-02,Siskiyou,093,43540,5207,3353,8560,95
2022-11-02,Solano,095,438530,106626,8003,114629,461
2022-11-02,Sonoma,097,501317,108168,5349,113517,531
2022-11-02,Stanislaus,099,539301,139000,21743,160743,1798
2022-11-02,Sutter,101,95872,24515,2464,26979,235
2022-11-02,Tehama,103,63373,13773,3122,16895,218
2022-11-02,Trinity,105,12862,1419,429,1848,21
2022-11-02,Tulare,107,460477,122744,36917,159661,1551
2022-11-02,Tuolumne,109,53932,15777,930,16707,202
2022-11-02,Ventura,111,848112,210609,15974,226583,1607
2022-11-02,Yolo,113,214977,47969,4438,52407,407
2022-11-02,Yuba,115,75493,19093,1741,20834,133
2022-11-01,Alameda,001,1643700,352983,19840,372823,2017
2022-11-01,Alpine,002,1148,136,1,137,0
2022-11-01,Amador,005,37829,10070,935,11005,94
2022-11-01,Butte,007,227075,39881,9252,49133,467
2022-11-01,Calaveras,009,45235,8587,572,9159,135
2022-11-01,Colusa,011,21464,3823,1295,5118,22
2022-11-01,Contra Costa,013,1133247,254950,20991,275941,1485
2022-11-01,Del Norte,015,27424,7501,400,7901,55
2022-11-01,El Dorado,017,186661,32693,4322,37015,234
2022-11-01,Fresno,019,978130,280644,32154,312798,2892
2022-11-01,Glenn,021,27897,5570,1876,7446,56
2022-11-01,Humboldt,023,135768,22187,5176,27363,162
2022-11-01,Imperial,025,180216,66220,16232,82452,963
2022-11-01,Inyo,027,18085,4528,1038,5566,60
2022-11-01,Kern,029,883053,221078,65194,286272,2438
2022-11-01,Kings,031,150075,59913,4136,64049,466
2022-11-01,Lake,033,64148,12951,1194,14145,151
2022-11-01,Lassen,035,31185,10027,1003,11030,64
2022-11-01,Los Angeles,037,10098052,3310759,185525,3496284,33850
2022-11-01,Madera,039,155013,44372,8316,52688,376
2022-11-01,Marin,041,260295,37484,5275,42759,260
2022-11-01,Mariposa,043,17540,3141,348,3489,30
2022-11-01,Mendocino,045,87422,16213,4540,20753,136
2022-11-01,Merced,047,269075,73928,12139,86067,877
2022-11-01,Modoc,049,8938,886,327,1213,11
2022-11-01,Mono,051,14174,3220,264,3484,8
2022-11-01,Monterey,053,433212,94806,21288,116094,774
2022-11-01,Napa,055,140530,32673,1410,34083,161
2022-11-01,Nevada,057,99092,19198,1915,21113,137
2022-11-01,Orange,059,3164182,676213,65319,741532,7618
2022-11-01,Placer,061,380077,76713,9797,86510,663
2022-11-01,Plumas,063,18699,3720,442,4162,13
2022-11-01,Riverside,065,2383286,700802,35776,736578,6661
2022-11-01,Sacramento,067,1510023,351104,35324,386428,3383
2022-11-01,San Benito,069,59416,16480,989,17469,104
2022-11-01,San Bernardino,071,2135413,676401,31078,707479,8109
2022-11-01,San Diego,073,3302833,932057,72781,1004838,5603
2022-11-01,San Francisco,075,870044,182066,12220,194286,1077
2022-11-01,San Joaquin,077,732212,199467,15189,214656,2355
2022-11-01,San Luis Obispo,079,281455,63785,7259,71044,530
2022-11-01,San Mateo,081,765935,171650,10467,182117,743
2022-11-01,Santa Barbara,083,443738,106723,6934,113657,736
2022-11-01,Santa Clara,085,1922200,442799,19144,461943,2570
2022-11-01,Santa Cruz,087,273765,64271,3533,67804,275
2022-11-01,Shasta,089,179085,35341,7661,43002,598
2022-11-01,Sierra,091,2930,308,60,368,5
2022-11-01,Siskiyou,093,43540,5205,3351,8556,95
2022-11-01,Solano,095,438530,106579,7999,114578,461
2022-11-01,Sonoma,097,501317,108132,5345,113477,531
2022-11-01,Stanislaus,099,539301,138955,21732,160687,1797
2022-11-01,Sutter,101,95872,24508,2464,26972,235
2022-11-01,Tehama,103,63373,13765,3117,16882,218
2022-11-01,Trinity,105,12862,1419,429,1848,21
2022-11-01,Tulare,107,460477,122717,36897,159614,1551
2022-11-01,Tuolumne,109,53932,15771,930,16701,202
2022-11-01,Ventura,111,848112,210538,15960,226498,1607
2022-11-01,Yolo,113,214977,47950,4437,52387,407
2022-11-01,Yuba,115,75493,19086,1741,20827,133
2022-10-31,Alameda,001,1643700,352759,19815,372574,2017
2022-10-31,Alpine,002,1148,136,1,137,0
2022-10-31,Amador,005,37829,10069,935,11004,94
2022-10-31,Butte,007,227075,39863,9243,49106,467
2022-10-31,Calaveras,009,45235,8585,572,9157,135
2022-10-31,Colusa,011,21464,3823,1293,5116,22
2022-10-31,Contra Costa,013,1133247,254804,20977,275781,1485
2022-10-31,Del Norte,015,27424,7498,400,7898,55
2022-10-31,El Dorado,017,186661,32676,4318,36994,234
2022-10-31,Fresno,019,978130,280534,32136,312670,2892
2022-10-31,Glenn,021,27897,5569,1875,7444,56
2022-10-31,Humboldt,023,135768,22175,5172,27347,162
2022-10-31,Imperial,025,180216,66185,16217,82402,963
2022-10-31,Inyo,027,18085,4523,1038,5561,60
2022-10-31,Kern,029,883053,220976,65144,286120,2437
2022-10-31,Kings,031,150075,59890,4132,64022,466
2022-10-31,Lake,033,64148,12936,1193,14129,151
2022-10-31,Lassen,035,31185,10026,1003,11029,64
2022-10-31,Los Angeles,037,10098052,3309522,185298,3494820,33844
2022-10-31,Madera,039,155013,44359,8316,52675,376
2022-10-31,Marin,041,260295,37460,5272,42732,260
2022-10-31,Mariposa,043,17540,3138,348,3486,30
2022-10-31,Mendocino,045,87422,16205,4538,20743,136
2022-10-31,Merced,047,269075,73910,12132,86042,875
2022-10-31,Modoc,049,8938,885,327,1212,11
2022-10-31,Mono,051,14174,3220,263,3483,8
2022-10-31,Monterey,053,433212,94771,21266,116037,774
2022-10-31,Napa,055,140530,32659,1409,34068,161
2022-10-31,Nevada,057,99092,19195,1915,21110,137
2022-10-31,Orange,059,3164182,676023,65246,741269,7617
2022-10-31,Placer,061,380077,76694,9791,86485,662
2022-10-31,Plumas,063,18699,3719,442,4161,13
2022-10-31,Riverside,065,2383286,700573,35748,736321,6661
2022-10-31,Sacramento,067,1510023,350950,35299,386249,3383
2022-10-31,San Benito,069,59416,16474,989,17463,104
2022-10-31,San Bernardino,071,2135413,676153,31055,707208,8108
2022-10-31,San Diego,073,3302833,931724,72750,1004474,5603
2022-10-31,San Francisco,075,870044,181956,12216,194172,1077
2022-10-31,San Joaquin,077,732212,199390,15175,214565,2355
2022-10-31,San Luis Obispo,079,281455,63760,7251,71011,530
2022-10-31,San Mateo,081,765935,171548,10465,182013,743
2022-10-31,Santa Barbara,083,443738,106685,6931,113616,735
2022-10-31,Santa Clara,085,1922200,442530,19133,461663,2569
2022-10-31,Santa Cruz,087,273765,64230,3530,67760,275
2022-10-31,Shasta,089,179085,35318,7654,42972,598
2022-10-31,Sierra,091,2930,308,60,368,5
2022-10-31,Siskiyou,093,43540,5201,3349,8550,95
2022-10-31,Solano,095,438530,106523,7994,114517,461
2022-10-31,Sonoma,097,501317,108092,5341,113433,530
2022-10-31,Stanislaus,099,539301,138904,21719,160623,1796
2022-10-31,Sutter,101,95872,24493,2464,26957,235
2022-10-31,Tehama,103,63373,13755,3116,16871,218
2022-10-31,Trinity,105,12862,1418,429,1847,21
2022-10-31,Tulare,107,460477,122700,36874,159574,1551
2022-10-31,Tuolumne,109,53932,15736,928,16664,202
2022-10-31,Ventura,111,848112,210462,15948,226410,1607
2022-10-31,Yolo,113,214977,47881,4434,52315,406
2022-10-31,Yuba,115,75493,19078,1741,20819,133
2022-10-30,Alameda,001,1643700,352541,19788,372329,2016
2022-10-30,Alpine,002,1148,136,1,137,0
2022-10-30,Amador,005,37829,10065,934,10999,94
2022-10-30,Butte,007,227075,39842,9232,49074,467
2022-10-30,Calaveras,009,45235,8583,572,9155,135
2022-10-30,Colusa,011,21464,3822,1293,5115,22
2022-10-30,Contra Costa,013,1133247,254646,20968,275614,1485
2022-10-30,Del Norte,015,27424,7495,400,7895,55
2022-10-30,El Dorado,017,186661,32667,4314,36981,234
2022-10-30,Fresno,019,978130,280446,32120,312566,2892
2022-10-30,Glenn,021,27897,5561,1875,7436,56
2022-10-30,Humboldt,023,135768,22169,5165,27334,162
2022-10-30,Imperial,025,180216,66161,16192,82353,963
2022-10-30,Inyo,027,18085,4523,1037,5560,60
2022-10-30,Kern,029,883053,220903,65095,285998,2437
2022-10-30,Kings,031,150075,59880,4131,64011,466
2022-10-30,Lake,033,64148,12928,1193,14121,151
2022-10-30,Lassen,035,31185,10021,1003,11024,64
2022-10-30,Los Angeles,037,10098052,3308254,185060,3493314,33838
2022-10-30,Madera,039,155013,44350,8310,52660,376
2022-10-30,Marin,041,260295,37441,5271,42712,260
2022-10-30,Mariposa,043,17540,3138,348,3486,30
2022-10-30,Mendocino,045,87422,16202,4537,20739,136
2022-10-30,Merced,047,269075,73877,12127,86004,875
2022-10-30,Modoc,049,8938,885,327,1212,11
2022-10-30,Mono,051,14174,3219,263,3482,8
2022-10-30,Monterey,053,433212,94741,21255,115996,774
2022-10-30,Napa,055,140530,32644,1407,34051,161
2022-10-30,Nevada,057,99092,19188,1910,21098,137
2022-10-30,Orange,059,3164182,675789,65172,740961,7617
2022-10-30,Placer,061,380077,76674,9788,86462,662
2022-10-30,Plumas,063,18699,3718,442,4160,13
2022-10-30,Riverside,065,2383286,700349,35719,736068,6660
2022-10-30,Sacramento,067,1510023,350815,35263,386078,3383
2022-10-30,San Benito,069,59416,16468,989,17457,104
2022-10-30,San Bernardino,071,2135413,675952,31036,706988,8108
2022-10-30,San Diego,073,3302833,931367,72691,1004058,5603
2022-10-30,San Francisco,075,870044,181829,12206,194035,1076
2022-10-30,San Joaquin,077,732212,199321,15153,214474,2351
2022-10-30,San Luis Obispo,079,281455,63747,7247,70994,530
2022-10-30,San Mateo,081,765935,171454,10462,181916,743
2022-10-30,Santa Barbara,083,443738,106659,6926,113585,734
2022-10-30,Santa Clara,085,1922200,442293,19127,461420,2569
2022-10-30,Santa Cruz,087,273765,64176,3527,67703,275
2022-10-30,Shasta,089,179085,35304,7649,42953,598
2022-10-30,Sierra,091,2930,308,60,368,5
2022-10-30,Siskiyou,093,43540,5199,3348,8547,95
2022-10-30,Solano,095,438530,106463,7991,114454,461
2022-10-30,Sonoma,097,501317,108055,5337,113392,530
2022-10-30,Stanislaus,099,539301,138862,21712,160574,1795
2022-10-30,Sutter,101,95872,24483,2464,26947,235
2022-10-30,Tehama,103,63373,13746,3112,16858,218
2022-10-30,Trinity,105,12862,1418,428,1846,21
2022-10-30,Tulare,107,460477,122668,36853,159521,1551
2022-10-30,Tuolumne,109,53932,15730,927,16657,202
2022-10-30,Ventura,111,848112,210391,15934,226325,1606
2022-10-30,Yolo,113,214977,47857,4426,52283,406
2022-10-30,Yuba,115,75493,19070,1739,20809,133
2022-10-29,Alameda,001,1643700,352424,19781,372205,2015
2022-10-29,Alpine,002,1148,136,1,137,0
2022-10-29,Amador,005,37829,10063,934,10997,94
2022-10-29,Butte,007,227075,39835,9228,49063,467
2022-10-29,Calaveras,009,45235,8577,572,9149,135
2022-10-29,Colusa,011,21464,3821,1293,5114,22
2022-10-29,Contra Costa,013,1133247,254556,20963,275519,1483
2022-10-29,Del Norte,015,27424,7495,400,7895,55
2022-10-29,El Dorado,017,186661,32660,4312,36972,234
2022-10-29,Fresno,019,978130,280396,32111,312507,2892
2022-10-29,Glenn,021,27897,5560,1875,7435,56
2022-10-29,Humboldt,023,135768,22163,5164,27327,162
2022-10-29,Imperial,025,180216,66150,16176,82326,963
2022-10-29,Inyo,027,18085,4523,1036,5559,60
2022-10-29,Kern,029,883053,220869,65070,285939,2436
2022-10-29,Kings,031,150075,59872,4131,64003,466
2022-10-29,Lake,033,64148,12924,1193,14117,151
2022-10-29,Lassen,035,31185,10021,1003,11024,64
2022-10-29,Los Angeles,037,10098052,3307621,184947,3492568,33836
2022-10-29,Madera,039,155013,44345,8310,52655,376
2022-10-29,Marin,041,260295,37422,5270,42692,260
2022-10-29,Mariposa,043,17540,3138,348,3486,30
2022-10-29,Mendocino,045,87422,16201,4537,20738,136
2022-10-29,Merced,047,269075,73863,12126,85989,875
2022-10-29,Modoc,049,8938,885,327,1212,11
2022-10-29,Mono,051,14174,3219,263,3482,8
2022-10-29,Monterey,053,433212,94728,21248,115976,774
2022-10-29,Napa,055,140530,32634,1407,34041,161
2022-10-29,Nevada,057,99092,19182,1909,21091,137
2022-10-29,Orange,059,3164182,675688,65139,740827,7616
2022-10-29,Placer,061,380077,76658,9786,86444,662
2022-10-29,Plumas,063,18699,3718,442,4160,13
2022-10-29,Riverside,065,2383286,700232,35700,735932,6660
2022-10-29,Sacramento,067,1510023,350745,35248,385993,3383
2022-10-29,San Benito,069,59416,16464,989,17453,104
2022-10-29,San Bernardino,071,2135413,675843,31026,706869,8108
2022-10-29,San Diego,073,3302833,931211,72679,1003890,5601
2022-10-29,San Francisco,075,870044,181760,12204,193964,1076
2022-10-29,San Joaquin,077,732212,199287,15143,214430,2351
2022-10-29,San Luis Obispo,079,281455,63744,7245,70989,530
2022-10-29,San Mateo,081,765935,171399,10461,181860,743
2022-10-29,Santa Barbara,083,443738,106640,6923,113563,734
2022-10-29,Santa Clara,085,1922200,442153,19120,461273,2569
2022-10-29,Santa Cruz,087,273765,64162,3525,67687,275
2022-10-29,Shasta,089,179085,35297,7646,42943,598
2022-10-29,Sierra,091,2930,308,60,368,5
2022-10-29,Siskiyou,093,43540,5198,3346,8544,95
2022-10-29,Solano,095,438530,106430,7987,114417,461
2022-10-29,Sonoma,097,501317,108037,5335,113372,530
2022-10-29,Stanislaus,099,539301,138826,21706,160532,1795
2022-10-29,Sutter,101,95872,24477,2464,26941,235
2022-10-29,Tehama,103,63373,13743,3108,16851,218
2022-10-29,Trinity,105,12862,1413,426,1839,21
2022-10-29,Tulare,107,460477,122648,36838,159486,1551
2022-10-29,Tuolumne,109,53932,15724,927,16651,202
2022-10-29,Ventura,111,848112,210349,15920,226269,1606
2022-10-29,Yolo,113,214977,47843,4424,52267,406
2022-10-29,Yuba,115,75493,19066,1739,20805,133
2022-10-28,Alameda,001,1643700,352332,19776,372108,2015
2022-10-28,Alpine,002,1148,136,1,137,0
2022-10-28,Amador,005,37829,10057,933,10990,94
2022-10-28,Butte,007,227075,39829,9225,49054,467
2022-10-28,Calaveras,009,45235,8577,572,9149,135
2022-10-28,Colusa,011,21464,3821,1293,5114,22
2022-10-28,Contra Costa,013,1133247,254472,20959,275431,1482
2022-10-28,Del Norte,015,27424,7494,400,7894,55
2022-10-28,El Dorado,017,186661,32650,4310,36960,234
2022-10-28,Fresno,019,978130,280347,32104,312451,2890
2022-10-28,Glenn,021,27897,5559,1873,7432,56
2022-10-28,Humboldt,023,135768,22158,5163,27321,162
2022-10-28,Imperial,025,180216,66135,16168,82303,963
2022-10-28,Inyo,027,18085,4520,1036,5556,60
2022-10-28,Kern,029,883053,220841,65061,285902,2436
2022-10-28,Kings,031,150075,59870,4131,64001,466
2022-10-28,Lake,033,64148,12922,1193,14115,151
2022-10-28,Lassen,035,31185,10021,1003,11024,64
2022-10-28,Los Angeles,037,10098052,3306985,184822,3491807,33834
2022-10-28,Madera,039,155013,44337,8307,52644,376
2022-10-28,Marin,041,260295,37410,5270,42680,260
2022-10-28,Mariposa,043,17540,3135,348,3483,30
2022-10-28,Mendocino,045,87422,16198,4534,20732,136
2022-10-28,Merced,047,269075,73851,12124,85975,875
2022-10-28,Modoc,049,8938,885,327,1212,11
2022-10-28,Mono,051,14174,3219,263,3482,8
2022-10-28,Monterey,053,433212,94714,21239,115953,773
2022-10-28,Napa,055,140530,32626,1407,34033,161
2022-10-28,Nevada,057,99092,19178,1908,21086,137
2022-10-28,Orange,059,3164182,675576,65083,740659,7614
2022-10-28,Placer,061,380077,76645,9784,86429,662
2022-10-28,Plumas,063,18699,3718,442,4160,13
2022-10-28,Riverside,065,2383286,700114,35687,735801,6660
2022-10-28,Sacramento,067,1510023,350644,35241,385885,3380
2022-10-28,San Benito,069,59416,16460,989,17449,104
2022-10-28,San Bernardino,071,2135413,675728,31019,706747,8107
2022-10-28,San Diego,073,3302833,931027,72665,1003692,5600
2022-10-28,San Francisco,075,870044,181702,12199,193901,1076
2022-10-28,San Joaquin,077,732212,199258,15139,214397,2351
2022-10-28,San Luis Obispo,079,281455,63739,7244,70983,530
2022-10-28,San Mateo,081,765935,171342,10458,181800,743
2022-10-28,Santa Barbara,083,443738,106626,6923,113549,734
2022-10-28,Santa Clara,085,1922200,442002,19114,461116,2568
2022-10-28,Santa Cruz,087,273765,64147,3523,67670,275
2022-10-28,Shasta,089,179085,35291,7641,42932,597
2022-10-28,Sierra,091,2930,308,60,368,5
2022-10-28,Siskiyou,093,43540,5194,3344,8538,94
2022-10-28,Solano,095,438530,106403,7986,114389,461
2022-10-28,Sonoma,097,501317,108016,5335,113351,530
2022-10-28,Stanislaus,099,539301,138796,21704,160500,1795
2022-10-28,Sutter,101,95872,24468,2463,26931,235
2022-10-28,Tehama,103,63373,13740,3107,16847,218
2022-10-28,Trinity,105,12862,1410,425,1835,21
2022-10-28,Tulare,107,460477,122625,36828,159453,1551
2022-10-28,Tuolumne,109,53932,15722,927,16649,202
2022-10-28,Ventura,111,848112,210309,15913,226222,1606
2022-10-28,Yolo,113,214977,47832,4424,52256,406
2022-10-28,Yuba,115,75493,19060,1738,20798,133
2022-10-27,Alameda,001,1643700,352190,19765,371955,2015
2022-10-27,Alpine,002,1148,136,1,137,0
2022-10-27,Amador,005,37829,10056,933,10989,94
2022-10-27,Butte,007,227075,39822,9221,49043,467
2022-10-27,Calaveras,009,45235,8575,571,9146,135
2022-10-27,Colusa,011,21464,3818,1293,5111,22
2022-10-27,Contra Costa,013,1133247,254374,20952,275326,1482
2022-10-27,Del Norte,015,27424,7489,400,7889,55
2022-10-27,El Dorado,017,186661,32632,4310,36942,234
2022-10-27,Fresno,019,978130,280281,32099,312380,2888
2022-10-27,Glenn,021,27897,5556,1873,7429,56
2022-10-27,Humboldt,023,135768,22149,5163,27312,162
2022-10-27,Imperial,025,180216,66122,16156,82278,963
2022-10-27,Inyo,027,18085,4518,1036,5554,60
2022-10-27,Kern,029,883053,220778,65029,285807,2436
2022-10-27,Kings,031,150075,59811,4130,63941,466
2022-10-27,Lake,033,64148,12916,1192,14108,151
2022-10-27,Lassen,035,31185,10019,1002,11021,64
2022-10-27,Los Angeles,037,10098052,3306117,184672,3490789,33825
2022-10-27,Madera,039,155013,44327,8304,52631,376
2022-10-27,Marin,041,260295,37392,5270,42662,260
2022-10-27,Mariposa,043,17540,3134,348,3482,30
2022-10-27,Mendocino,045,87422,16195,4533,20728,136
2022-10-27,Merced,047,269075,73842,12119,85961,875
2022-10-27,Modoc,049,8938,885,327,1212,11
2022-10-27,Mono,051,14174,3219,263,3482,8
2022-10-27,Monterey,053,433212,94693,21223,115916,772
2022-10-27,Napa,055,140530,32620,1405,34025,161
2022-10-27,Nevada,057,99092,19172,1905,21077,137
2022-10-27,Orange,059,3164182,675395,65042,740437,7612
2022-10-27,Placer,061,380077,76632,9779,86411,662
2022-10-27,Plumas,063,18699,3718,442,4160,13
2022-10-27,Riverside,065,2383286,699980,35665,735645,6658
2022-10-27,Sacramento,067,1510023,350508,35225,385733,3380
2022-10-27,San Benito,069,59416,16459,989,17448,104
2022-10-27,San Bernardino,071,2135413,675593,31010,706603,8107
2022-10-27,San Diego,073,3302833,930782,72635,1003417,5600
2022-10-27,San Francisco,075,870044,181612,12189,193801,1075
2022-10-27,San Joaquin,077,732212,199225,15130,214355,2351
2022-10-27,San Luis Obispo,079,281455,63726,7242,70968,530
2022-10-27,San Mateo,081,765935,171252,10456,181708,743
2022-10-27,Santa Barbara,083,443738,106596,6922,113518,734
2022-10-27,Santa Clara,085,1922200,441827,19105,460932,2567
2022-10-27,Santa Cruz,087,273765,64126,3520,67646,275
2022-10-27,Shasta,089,179085,35281,7634,42915,597
2022-10-27,Sierra,091,2930,308,60,368,5
2022-10-27,Siskiyou,093,43540,5190,3343,8533,94
2022-10-27,Solano,095,438530,106364,7984,114348,461
2022-10-27,Sonoma,097,501317,107986,5335,113321,530
2022-10-27,Stanislaus,099,539301,138757,21700,160457,1795
2022-10-27,Sutter,101,95872,24460,2462,26922,235
2022-10-27,Tehama,103,63373,13739,3107,16846,218
2022-10-27,Trinity,105,12862,1407,422,1829,21
2022-10-27,Tulare,107,460477,122609,36806,159415,1551
2022-10-27,Tuolumne,109,53932,15719,927,16646,202
2022-10-27,Ventura,111,848112,210249,15906,226155,1606
2022-10-27,Yolo,113,214977,47830,4422,52252,406
2022-10-27,Yuba,115,75493,19055,1737,20792,133
2022-10-26,Alameda,001,1643700,352017,19751,371768,2014
2022-10-26,Alpine,002,1148,136,1,137,0
2022-10-26,Amador,005,37829,10055,933,10988,93
2022-10-26,Butte,007,227075,39811,9213,49024,467
2022-10-26,Calaveras,009,45235,8574,570,9144,135
2022-10-26,Colusa,011,21464,3815,1293,5108,22
2022-10-26,Contra Costa,013,1133247,254283,20947,275230,1481
2022-10-26,Del Norte,015,27424,7488,400,7888,55
2022-10-26,El Dorado,017,186661,32610,4309,36919,234
2022-10-26,Fresno,019,978130,280228,32079,312307,2888
2022-10-26,Glenn,021,27897,5556,1872,7428,56
2022-10-26,Humboldt,023,135768,22144,5156,27300,162
2022-10-26,Imperial,025,180216,66102,16145,82247,963
2022-10-26,Inyo,027,18085,4517,1034,5551,60
2022-10-26,Kern,029,883053,220738,65001,285739,2435
2022-10-26,Kings,031,150075,59806,4130,63936,466
2022-10-26,Lake,033,64148,12914,1192,14106,151
2022-10-26,Lassen,035,31185,10014,1001,11015,64
2022-10-26,Los Angeles,037,10098052,3305189,184528,3489717,33817
2022-10-26,Madera,039,155013,44319,8302,52621,376
2022-10-26,Marin,041,260295,37379,5268,42647,260
2022-10-26,Mariposa,043,17540,3133,348,3481,30
2022-10-26,Mendocino,045,87422,16193,4531,20724,136
2022-10-26,Merced,047,269075,73826,12115,85941,875
2022-10-26,Modoc,049,8938,885,327,1212,11
2022-10-26,Mono,051,14174,3219,263,3482,8
2022-10-26,Monterey,053,433212,94668,21213,115881,772
2022-10-26,Napa,055,140530,32612,1405,34017,161
2022-10-26,Nevada,057,99092,19169,1897,21066,137
2022-10-26,Orange,059,3164182,675205,64983,740188,7608
2022-10-26,Placer,061,380077,76610,9773,86383,662
2022-10-26,Plumas,063,18699,3716,442,4158,13
2022-10-26,Riverside,065,2383286,699834,35641,735475,6657
2022-10-26,Sacramento,067,1510023,350429,35209,385638,3379
2022-10-26,San Benito,069,59416,16454,989,17443,104
2022-10-26,San Bernardino,071,2135413,675424,31001,706425,8106
2022-10-26,San Diego,073,3302833,930495,72592,1003087,5598
2022-10-26,San Francisco,075,870044,181533,12185,193718,1074
2022-10-26,San Joaquin,077,732212,199173,15118,214291,2351
2022-10-26,San Luis Obispo,079,281455,63711,7240,70951,530
2022-10-26,San Mateo,081,765935,171161,10453,181614,743
2022-10-26,Santa Barbara,083,443738,106562,6917,113479,734
2022-10-26,Santa Clara,085,1922200,441647,19088,460735,2567
2022-10-26,Santa Cruz,087,273765,64100,3519,67619,275
2022-10-26,Shasta,089,179085,35273,7629,42902,596
2022-10-26,Sierra,091,2930,308,60,368,5
2022-10-26,Siskiyou,093,43540,5188,3342,8530,94
2022-10-26,Solano,095,438530,106307,7983,114290,461
2022-10-26,Sonoma,097,501317,107960,5330,113290,530
2022-10-26,Stanislaus,099,539301,138725,21696,160421,1795
2022-10-26,Sutter,101,95872,24450,2462,26912,235
2022-10-26,Tehama,103,63373,13734,3107,16841,218
2022-10-26,Trinity,105,12862,1401,420,1821,21
2022-10-26,Tulare,107,460477,122593,36789,159382,1551
2022-10-26,Tuolumne,109,53932,15713,927,16640,202
2022-10-26,Ventura,111,848112,210186,15899,226085,1606
2022-10-26,Yolo,113,214977,47821,4418,52239,406
2022-10-26,Yuba,115,75493,19048,1737,20785,133
2022-10-25,Alameda,001,1643700,351862,19736,371598,2014
2022-10-25,Alpine,002,1148,136,1,137,0
2022-10-25,Amador,005,37829,10053,933,10986,93
2022-10-25,Butte,007,227075,39795,9213,49008,467
2022-10-25,Calaveras,009,45235,8572,570,9142,135
2022-10-25,Colusa,011,21464,3814,1293,5107,22
2022-10-25,Contra Costa,013,1133247,254177,20939,275116,1481
2022-10-25,Del Norte,015,27424,7487,400,7887,55
2022-10-25,El Dorado,017,186661,32589,4307,36896,234
2022-10-25,Fresno,019,978130,280171,32065,312236,2888
2022-10-25,Glenn,021,27897,5554,1872,7426,56
2022-10-25,Humboldt,023,135768,22137,5153,27290,162
2022-10-25,Imperial,025,180216,66080,16138,82218,963
2022-10-25,Inyo,027,18085,4517,1033,5550,60
2022-10-25,Kern,029,883053,220687,64958,285645,2435
2022-10-25,Kings,031,150075,59790,4129,63919,466
2022-10-25,Lake,033,64148,12911,1192,14103,151
2022-10-25,Lassen,035,31185,10007,1001,11008,64
2022-10-25,Los Angeles,037,10098052,3304296,184384,3488680,33817
2022-10-25,Madera,039,155013,44310,8298,52608,376
2022-10-25,Marin,041,260295,37352,5266,42618,260
2022-10-25,Mariposa,043,17540,3132,348,3480,30
2022-10-25,Mendocino,045,87422,16186,4530,20716,136
2022-10-25,Merced,047,269075,73809,12112,85921,874
2022-10-25,Modoc,049,8938,885,326,1211,11
2022-10-25,Mono,051,14174,3219,262,3481,8
2022-10-25,Monterey,053,433212,94643,21201,115844,772
2022-10-25,Napa,055,140530,32609,1404,34013,161
2022-10-25,Nevada,057,99092,19165,1894,21059,137
2022-10-25,Orange,059,3164182,675018,64923,739941,7606
2022-10-25,Placer,061,380077,76574,9770,86344,662
2022-10-25,Plumas,063,18699,3715,442,4157,13
2022-10-25,Riverside,065,2383286,699664,35628,735292,6657
2022-10-25,Sacramento,067,1510023,350317,35172,385489,3378
2022-10-25,San Benito,069,59416,16447,987,17434,104
2022-10-25,San Bernardino,071,2135413,675280,30992,706272,8106
2022-10-25,San Diego,073,3302833,930226,72535,1002761,5598
2022-10-25,San Francisco,075,870044,181443,12175,193618,1074
2022-10-25,San Joaquin,077,732212,199114,15111,214225,2349
2022-10-25,San Luis Obispo,079,281455,63691,7237,70928,530
2022-10-25,San Mateo,081,765935,171089,10452,181541,743
2022-10-25,Santa Barbara,083,443738,106527,6911,113438,734
2022-10-25,Santa Clara,085,1922200,441453,19079,460532,2566
2022-10-25,Santa Cruz,087,273765,64065,3515,67580,275
2022-10-25,Shasta,089,179085,35267,7623,42890,596
2022-10-25,Sierra,091,2930,308,60,368,5
2022-10-25,Siskiyou,093,43540,5186,3338,8524,94
2022-10-25,Solano,095,438530,106261,7977,114238,461
2022-10-25,Sonoma,097,501317,107917,5329,113246,530
2022-10-25,Stanislaus,099,539301,138696,21686,160382,1795
2022-10-25,Sutter,101,95872,24443,2462,26905,235
2022-10-25,Tehama,103,63373,13731,3106,16837,218
2022-10-25,Trinity,105,12862,1401,416,1817,21
2022-10-25,Tulare,107,460477,122568,36772,159340,1551
2022-10-25,Tuolumne,109,53932,15712,927,16639,202
2022-10-25,Ventura,111,848112,210134,15889,226023,1605
2022-10-25,Yolo,113,214977,47810,4409,52219,406
2022-10-25,Yuba,115,75493,19041,1737,20778,132
2022-10-24,Alameda,001,1643700,351700,19727,371427,2013
2022-10-24,Alpine,002,1148,136,1,137,0
2022-10-24,Amador,005,37829,10051,932,10983,93
2022-10-24,Butte,007,227075,39781,9210,48991,467
2022-10-24,Calaveras,009,45235,8572,569,9141,135
2022-10-24,Colusa,011,21464,3812,1293,5105,22
2022-10-24,Contra Costa,013,1133247,254058,20932,274990,1479
2022-10-24,Del Norte,015,27424,7482,400,7882,55
2022-10-24,El Dorado,017,186661,32576,4306,36882,234
2022-10-24,Fresno,019,978130,280107,32044,312151,2888
2022-10-24,Glenn,021,27897,5553,1872,7425,56
2022-10-24,Humboldt,023,135768,22131,5146,27277,162
2022-10-24,Imperial,025,180216,66059,16129,82188,963
2022-10-24,Inyo,027,18085,4516,1030,5546,60
2022-10-24,Kern,029,883053,220635,64925,285560,2435
2022-10-24,Kings,031,150075,59772,4129,63901,466
2022-10-24,Lake,033,64148,12906,1192,14098,151
2022-10-24,Lassen,035,31185,10007,1001,11008,64
2022-10-24,Los Angeles,037,10098052,3303294,184214,3487508,33807
2022-10-24,Madera,039,155013,44305,8297,52602,376
2022-10-24,Marin,041,260295,37323,5266,42589,259
2022-10-24,Mariposa,043,17540,3130,346,3476,30
2022-10-24,Mendocino,045,87422,16182,4527,20709,136
2022-10-24,Merced,047,269075,73796,12109,85905,874
2022-10-24,Modoc,049,8938,884,326,1210,11
2022-10-24,Mono,051,14174,3219,261,3480,8
2022-10-24,Monterey,053,433212,94621,21186,115807,772
2022-10-24,Napa,055,140530,32605,1404,34009,161
2022-10-24,Nevada,057,99092,19157,1884,21041,137
2022-10-24,Orange,059,3164182,674834,64879,739713,7603
2022-10-24,Placer,061,380077,76543,9767,86310,662
2022-10-24,Plumas,063,18699,3714,441,4155,13
2022-10-24,Riverside,065,2383286,699524,35607,735131,6656
2022-10-24,Sacramento,067,1510023,350196,35145,385341,3375
2022-10-24,San Benito,069,59416,16441,986,17427,104
2022-10-24,San Bernardino,071,2135413,675105,30981,706086,8106
2022-10-24,San Diego,073,3302833,929952,72482,1002434,5598
2022-10-24,San Francisco,075,870044,181336,12172,193508,1074
2022-10-24,San Joaquin,077,732212,199058,15089,214147,2349
2022-10-24,San Luis Obispo,079,281455,63679,7236,70915,529
2022-10-24,San Mateo,081,765935,171027,10449,181476,743
2022-10-24,Santa Barbara,083,443738,106504,6910,113414,734
2022-10-24,Santa Clara,085,1922200,441242,19070,460312,2566
2022-10-24,Santa Cruz,087,273765,64042,3513,67555,275
2022-10-24,Shasta,089,179085,35252,7612,42864,596
2022-10-24,Sierra,091,2930,308,60,368,5
2022-10-24,Siskiyou,093,43540,5184,3338,8522,94
2022-10-24,Solano,095,438530,106213,7976,114189,461
2022-10-24,Sonoma,097,501317,107886,5329,113215,530
2022-10-24,Stanislaus,099,539301,138669,21683,160352,1795
2022-10-24,Sutter,101,95872,24438,2462,26900,235
2022-10-24,Tehama,103,63373,13729,3105,16834,218
2022-10-24,Trinity,105,12862,1400,415,1815,21
2022-10-24,Tulare,107,460477,122547,36755,159302,1551
2022-10-24,Tuolumne,109,53932,15709,927,16636,202
2022-10-24,Ventura,111,848112,210084,15884,225968,1605
2022-10-24,Yolo,113,214977,47799,4407,52206,406
2022-10-24,Yuba,115,75493,19032,1737,20769,132
2022-10-23,Alameda,001,1643700,351503,19710,371213,2012
2022-10-23,Alpine,002,1148,136,1,137,0
2022-10-23,Amador,005,37829,10050,932,10982,93
2022-10-23,Butte,007,227075,39769,9208,48977,467
2022-10-23,Calaveras,009,45235,8567,569,9136,135
2022-10-23,Colusa,011,21464,3812,1291,5103,22
2022-10-23,Contra Costa,013,1133247,253949,20920,274869,1479
2022-10-23,Del Norte,015,27424,7481,400,7881,55
2022-10-23,El Dorado,017,186661,32563,4304,36867,234
2022-10-23,Fresno,019,978130,280043,32030,312073,2888
2022-10-23,Glenn,021,27897,5551,1870,7421,56
2022-10-23,Humboldt,023,135768,22123,5139,27262,162
2022-10-23,Imperial,025,180216,66046,16111,82157,963
2022-10-23,Inyo,027,18085,4514,1030,5544,60
2022-10-23,Kern,029,883053,220582,64855,285437,2434
2022-10-23,Kings,031,150075,59753,4126,63879,466
2022-10-23,Lake,033,64148,12905,1192,14097,151
2022-10-23,Lassen,035,31185,10004,1000,11004,64
2022-10-23,Los Angeles,037,10098052,3302329,184024,3486353,33800
2022-10-23,Madera,039,155013,44293,8295,52588,376
2022-10-23,Marin,041,260295,37308,5264,42572,259
2022-10-23,Mariposa,043,17540,3127,345,3472,30
2022-10-23,Mendocino,045,87422,16175,4526,20701,136
2022-10-23,Merced,047,269075,73788,12105,85893,874
2022-10-23,Modoc,049,8938,884,326,1210,11
2022-10-23,Mono,051,14174,3219,260,3479,8
2022-10-23,Monterey,053,433212,94601,21171,115772,772
2022-10-23,Napa,055,140530,32587,1404,33991,161
2022-10-23,Nevada,057,99092,19145,1882,21027,137
2022-10-23,Orange,059,3164182,674604,64811,739415,7601
2022-10-23,Placer,061,380077,76513,9763,86276,662
2022-10-23,Plumas,063,18699,3713,440,4153,13
2022-10-23,Riverside,065,2383286,699342,35590,734932,6656
2022-10-23,Sacramento,067,1510023,350046,35120,385166,3374
2022-10-23,San Benito,069,59416,16434,985,17419,104
2022-10-23,San Bernardino,071,2135413,674966,30965,705931,8106
2022-10-23,San Diego,073,3302833,929601,72439,1002040,5598
2022-10-23,San Francisco,075,870044,181228,12164,193392,1074
2022-10-23,San Joaquin,077,732212,198997,15077,214074,2349
2022-10-23,San Luis Obispo,079,281455,63665,7228,70893,529
2022-10-23,San Mateo,081,765935,170938,10446,181384,743
2022-10-23,Santa Barbara,083,443738,106464,6907,113371,733
2022-10-23,Santa Clara,085,1922200,441016,19049,460065,2565
2022-10-23,Santa Cruz,087,273765,63988,3510,67498,275
2022-10-23,Shasta,089,179085,35239,7601,42840,596
2022-10-23,Sierra,091,2930,308,60,368,5
2022-10-23,Siskiyou,093,43540,5182,3335,8517,94
2022-10-23,Solano,095,438530,106162,7972,114134,461
2022-10-23,Sonoma,097,501317,107828,5325,113153,530
2022-10-23,Stanislaus,099,539301,138627,21679,160306,1795
2022-10-23,Sutter,101,95872,24432,2462,26894,235
2022-10-23,Tehama,103,63373,13723,3105,16828,218
2022-10-23,Trinity,105,12862,1400,412,1812,21
2022-10-23,Tulare,107,460477,122517,36731,159248,1550
2022-10-23,Tuolumne,109,53932,15706,926,16632,202
2022-10-23,Ventura,111,848112,210033,15871,225904,1605
2022-10-23,Yolo,113,214977,47780,4396,52176,406
2022-10-23,Yuba,115,75493,19026,1736,20762,132
2022-10-22,Alameda,001,1643700,351393,19706,371099,2012
2022-10-22,Alpine,002,1148,136,1,137,0
2022-10-22,Amador,005,37829,10048,932,10980,93
2022-10-22,Butte,007,227075,39763,9203,48966,467
2022-10-22,Calaveras,009,45235,8564,569,9133,135
2022-10-22,Colusa,011,21464,3812,1290,5102,22
2022-10-22,Contra Costa,013,1133247,253882,20913,274795,1478
2022-10-22,Del Norte,015,27424,7480,400,7880,55
2022-10-22,El Dorado,017,186661,32556,4303,36859,234
2022-10-22,Fresno,019,978130,280004,32026,312030,2888
2022-10-22,Glenn,021,27897,5550,1870,7420,56
2022-10-22,Humboldt,023,135768,22118,5137,27255,162
2022-10-22,Imperial,025,180216,66032,16104,82136,963
2022-10-22,Inyo,027,18085,4513,1028,5541,60
2022-10-22,Kern,029,883053,220562,64825,285387,2434
2022-10-22,Kings,031,150075,59744,4125,63869,466
2022-10-22,Lake,033,64148,12903,1191,14094,151
2022-10-22,Lassen,035,31185,10004,999,11003,64
2022-10-22,Los Angeles,037,10098052,3301807,183938,3485745,33791
2022-10-22,Madera,039,155013,44285,8294,52579,376
2022-10-22,Marin,041,260295,37288,5260,42548,259
2022-10-22,Mariposa,043,17540,3127,345,3472,30
2022-10-22,Mendocino,045,87422,16174,4526,20700,136
2022-10-22,Merced,047,269075,73778,12105,85883,873
2022-10-22,Modoc,049,8938,884,326,1210,11
2022-10-22,Mono,051,14174,3218,260,3478,8
2022-10-22,Monterey,053,433212,94589,21162,115751,772
2022-10-22,Napa,055,140530,32583,1404,33987,161
2022-10-22,Nevada,057,99092,19141,1882,21023,137
2022-10-22,Orange,059,3164182,674508,64770,739278,7599
2022-10-22,Placer,061,380077,76493,9758,86251,662
2022-10-22,Plumas,063,18699,3713,440,4153,13
2022-10-22,Riverside,065,2383286,699247,35572,734819,6656
2022-10-22,Sacramento,067,1510023,349966,35112,385078,3373
2022-10-22,San Benito,069,59416,16426,985,17411,104
2022-10-22,San Bernardino,071,2135413,674884,30961,705845,8105
2022-10-22,San Diego,073,3302833,929470,72416,1001886,5598
2022-10-22,San Francisco,075,870044,181175,12162,193337,1074
2022-10-22,San Joaquin,077,732212,198973,15070,214043,2349
2022-10-22,San Luis Obispo,079,281455,63661,7227,70888,529
2022-10-22,San Mateo,081,765935,170881,10443,181324,743
2022-10-22,Santa Barbara,083,443738,106451,6904,113355,733
2022-10-22,Santa Clara,085,1922200,440878,19043,459921,2565
2022-10-22,Santa Cruz,087,273765,63975,3510,67485,275
2022-10-22,Shasta,089,179085,35234,7597,42831,596
2022-10-22,Sierra,091,2930,308,60,368,5
2022-10-22,Siskiyou,093,43540,5178,3335,8513,94
2022-10-22,Solano,095,438530,106141,7972,114113,461
2022-10-22,Sonoma,097,501317,107815,5324,113139,530
2022-10-22,Stanislaus,099,539301,138609,21676,160285,1793
2022-10-22,Sutter,101,95872,24430,2462,26892,235
2022-10-22,Tehama,103,63373,13719,3103,16822,218
2022-10-22,Trinity,105,12862,1400,412,1812,21
2022-10-22,Tulare,107,460477,122506,36720,159226,1550
2022-10-22,Tuolumne,109,53932,15704,926,16630,202
2022-10-22,Ventura,111,848112,210007,15866,225873,1605
2022-10-22,Yolo,113,214977,47770,4396,52166,406
2022-10-22,Yuba,115,75493,19019,1735,20754,132
2022-10-21,Alameda,001,1643700,351311,19700,371011,2012
2022-10-21,Alpine,002,1148,136,1,137,0
2022-10-21,Amador,005,37829,10047,932,10979,93
2022-10-21,Butte,007,227075,39751,9198,48949,466
2022-10-21,Calaveras,009,45235,8564,569,9133,135
2022-10-21,Colusa,011,21464,3811,1290,5101,22
2022-10-21,Contra Costa,013,1133247,253813,20904,274717,1477
2022-10-21,Del Norte,015,27424,7480,400,7880,55
2022-10-21,El Dorado,017,186661,32546,4301,36847,234
2022-10-21,Fresno,019,978130,279968,32021,311989,2888
2022-10-21,Glenn,021,27897,5550,1869,7419,56
2022-10-21,Humboldt,023,135768,22110,5134,27244,162
2022-10-21,Imperial,025,180216,66027,16098,82125,963
2022-10-21,Inyo,027,18085,4513,1028,5541,60
2022-10-21,Kern,029,883053,220541,64805,285346,2434
2022-10-21,Kings,031,150075,59738,4125,63863,466
2022-10-21,Lake,033,64148,12902,1191,14093,151
2022-10-21,Lassen,035,31185,10002,999,11001,64
2022-10-21,Los Angeles,037,10098052,3301244,183816,3485060,33784
2022-10-21,Madera,039,155013,44278,8291,52569,376
2022-10-21,Marin,041,260295,37268,5258,42526,259
2022-10-21,Mariposa,043,17540,3126,345,3471,30
2022-10-21,Mendocino,045,87422,16167,4526,20693,136
2022-10-21,Merced,047,269075,73772,12104,85876,872
2022-10-21,Modoc,049,8938,884,326,1210,11
2022-10-21,Mono,051,14174,3218,260,3478,8
2022-10-21,Monterey,053,433212,94572,21160,115732,772
2022-10-21,Napa,055,140530,32581,1404,33985,161
2022-10-21,Nevada,057,99092,19137,1881,21018,137
2022-10-21,Orange,059,3164182,674386,64732,739118,7596
2022-10-21,Placer,061,380077,76472,9753,86225,662
2022-10-21,Plumas,063,18699,3712,440,4152,13
2022-10-21,Riverside,065,2383286,699156,35560,734716,6656
2022-10-21,Sacramento,067,1510023,349893,35105,384998,3372
2022-10-21,San Benito,069,59416,16424,984,17408,104
2022-10-21,San Bernardino,071,2135413,674805,30955,705760,8105
2022-10-21,San Diego,073,3302833,929320,72394,1001714,5598
2022-10-21,San Francisco,075,870044,181136,12158,193294,1073
2022-10-21,San Joaquin,077,732212,198944,15066,214010,2349
2022-10-21,San Luis Obispo,079,281455,63653,7227,70880,529
2022-10-21,San Mateo,081,765935,170835,10441,181276,743
2022-10-21,Santa Barbara,083,443738,106437,6904,113341,733
2022-10-21,Santa Clara,085,1922200,440745,19035,459780,2563
2022-10-21,Santa Cruz,087,273765,63960,3510,67470,275
2022-10-21,Shasta,089,179085,35227,7590,42817,596
2022-10-21,Sierra,091,2930,308,60,368,5
2022-10-21,Siskiyou,093,43540,5178,3335,8513,94
2022-10-21,Solano,095,438530,106118,7971,114089,461
2022-10-21,Sonoma,097,501317,107791,5322,113113,530
2022-10-21,Stanislaus,099,539301,138594,21674,160268,1793
2022-10-21,Sutter,101,95872,24423,2462,26885,235
2022-10-21,Tehama,103,63373,13715,3103,16818,218
2022-10-21,Trinity,105,12862,1400,411,1811,21
2022-10-21,Tulare,107,460477,122499,36714,159213,1550
2022-10-21,Tuolumne,109,53932,15698,926,16624,202
2022-10-21,Ventura,111,848112,209977,15863,225840,1605
2022-10-21,Yolo,113,214977,47760,4395,52155,406
2022-10-21,Yuba,115,75493,19009,1735,20744,132
2022-10-20,Alameda,001,1643700,351166,19697,370863,2012
2022-10-20,Alpine,002,1148,136,1,137,0
2022-10-20,Amador,005,37829,10042,932,10974,93
2022-10-20,Butte,007,227075,39744,9196,48940,466
2022-10-20,Calaveras,009,45235,8563,568,9131,135
2022-10-20,Colusa,011,21464,3811,1289,5100,22
2022-10-20,Contra Costa,013,1133247,253711,20900,274611,1476
2022-10-20,Del Norte,015,27424,7480,399,7879,55
2022-10-20,El Dorado,017,186661,32530,4299,36829,234
2022-10-20,Fresno,019,978130,279916,32013,311929,2888
2022-10-20,Glenn,021,27897,5550,1869,7419,56
2022-10-20,Humboldt,023,135768,22104,5128,27232,162
2022-10-20,Imperial,025,180216,66018,16087,82105,963
2022-10-20,Inyo,027,18085,4508,1025,5533,60
2022-10-20,Kern,029,883053,220503,64760,285263,2433
2022-10-20,Kings,031,150075,59723,4123,63846,466
2022-10-20,Lake,033,64148,12898,1191,14089,151
2022-10-20,Lassen,035,31185,9999,999,10998,64
2022-10-20,Los Angeles,037,10098052,3300495,183688,3484183,33773
2022-10-20,Madera,039,155013,44266,8291,52557,376
2022-10-20,Marin,041,260295,37251,5257,42508,259
2022-10-20,Mariposa,043,17540,3125,344,3469,30
2022-10-20,Mendocino,045,87422,16162,4525,20687,136
2022-10-20,Merced,047,269075,73763,12104,85867,872
2022-10-20,Modoc,049,8938,883,325,1208,11
2022-10-20,Mono,051,14174,3218,260,3478,8
2022-10-20,Monterey,053,433212,94556,21147,115703,772
2022-10-20,Napa,055,140530,32575,1404,33979,161
2022-10-20,Nevada,057,99092,19135,1875,21010,137
2022-10-20,Orange,059,3164182,674250,64680,738930,7595
2022-10-20,Placer,061,380077,76441,9749,86190,662
2022-10-20,Plumas,063,18699,3711,440,4151,13
2022-10-20,Riverside,065,2383286,699027,35542,734569,6656
2022-10-20,Sacramento,067,1510023,349753,35087,384840,3371
2022-10-20,San Benito,069,59416,16421,983,17404,104
2022-10-20,San Bernardino,071,2135413,674692,30941,705633,8105
2022-10-20,San Diego,073,3302833,929125,72353,1001478,5597
2022-10-20,San Francisco,075,870044,181074,12152,193226,1073
2022-10-20,San Joaquin,077,732212,198911,15058,213969,2347
2022-10-20,San Luis Obispo,079,281455,63643,7222,70865,529
2022-10-20,San Mateo,081,765935,170764,10439,181203,743
2022-10-20,Santa Barbara,083,443738,106415,6902,113317,733
2022-10-20,Santa Clara,085,1922200,440590,19025,459615,2563
2022-10-20,Santa Cruz,087,273765,63922,3509,67431,275
2022-10-20,Shasta,089,179085,35215,7575,42790,596
2022-10-20,Sierra,091,2930,308,60,368,5
2022-10-20,Siskiyou,093,43540,5176,3335,8511,94
2022-10-20,Solano,095,438530,106082,7968,114050,461
2022-10-20,Sonoma,097,501317,107758,5322,113080,530
2022-10-20,Stanislaus,099,539301,138557,21671,160228,1792
2022-10-20,Sutter,101,95872,24419,2462,26881,235
2022-10-20,Tehama,103,63373,13709,3099,16808,218
2022-10-20,Trinity,105,12862,1400,411,1811,21
2022-10-20,Tulare,107,460477,122484,36708,159192,1550
2022-10-20,Tuolumne,109,53932,15692,926,16618,202
2022-10-20,Ventura,111,848112,209938,15854,225792,1605
2022-10-20,Yolo,113,214977,47750,4391,52141,406
2022-10-20,Yuba,115,75493,19003,1735,20738,132
2022-10-19,Alameda,001,1643700,351026,19688,370714,2011
2022-10-19,Alpine,002,1148,136,1,137,0
2022-10-19,Amador,005,37829,10040,931,10971,93
2022-10-19,Butte,007,227075,39737,9193,48930,466
2022-10-19,Calaveras,009,45235,8561,568,9129,135
2022-10-19,Colusa,011,21464,3810,1289,5099,22
2022-10-19,Contra Costa,013,1133247,253628,20884,274512,1476
2022-10-19,Del Norte,015,27424,7480,399,7879,55
2022-10-19,El Dorado,017,186661,32515,4297,36812,234
2022-10-19,Fresno,019,978130,279851,32000,311851,2888
2022-10-19,Glenn,021,27897,5547,1869,7416,56
2022-10-19,Humboldt,023,135768,22088,5118,27206,162
2022-10-19,Imperial,025,180216,66002,16076,82078,963
2022-10-19,Inyo,027,18085,4508,1023,5531,60
2022-10-19,Kern,029,883053,220453,64719,285172,2433
2022-10-19,Kings,031,150075,59710,4123,63833,466
2022-10-19,Lake,033,64148,12893,1190,14083,151
2022-10-19,Lassen,035,31185,9996,998,10994,64
2022-10-19,Los Angeles,037,10098052,3299665,183550,3483215,33765
2022-10-19,Madera,039,155013,44258,8290,52548,376
2022-10-19,Marin,041,260295,37229,5256,42485,259
2022-10-19,Mariposa,043,17540,3122,344,3466,30
2022-10-19,Mendocino,045,87422,16157,4523,20680,136
2022-10-19,Merced,047,269075,73745,12101,85846,871
2022-10-19,Modoc,049,8938,883,325,1208,11
2022-10-19,Mono,051,14174,3217,259,3476,7
2022-10-19,Monterey,053,433212,94542,21140,115682,772
2022-10-19,Napa,055,140530,32568,1403,33971,161
2022-10-19,Nevada,057,99092,19130,1872,21002,137
2022-10-19,Orange,059,3164182,674032,64629,738661,7594
2022-10-19,Placer,061,380077,76413,9745,86158,662
2022-10-19,Plumas,063,18699,3708,440,4148,13
2022-10-19,Riverside,065,2383286,698902,35522,734424,6656
2022-10-19,Sacramento,067,1510023,349645,35073,384718,3371
2022-10-19,San Benito,069,59416,16417,983,17400,104
2022-10-19,San Bernardino,071,2135413,674555,30936,705491,8105
2022-10-19,San Diego,073,3302833,928868,72307,1001175,5595
2022-10-19,San Francisco,075,870044,180994,12146,193140,1073
2022-10-19,San Joaquin,077,732212,198868,15048,213916,2347
2022-10-19,San Luis Obispo,079,281455,63629,7221,70850,529
2022-10-19,San Mateo,081,765935,170696,10433,181129,743
2022-10-19,Santa Barbara,083,443738,106386,6900,113286,732
2022-10-19,Santa Clara,085,1922200,440430,19016,459446,2563
2022-10-19,Santa Cruz,087,273765,63873,3508,67381,275
2022-10-19,Shasta,089,179085,35205,7561,42766,596
2022-10-19,Sierra,091,2930,308,60,368,5
2022-10-19,Siskiyou,093,43540,5175,3332,8507,94
2022-10-19,Solano,095,438530,106050,7966,114016,461
2022-10-19,Sonoma,097,501317,107727,5319,113046,530
2022-10-19,Stanislaus,099,539301,138524,21668,160192,1792
2022-10-19,Sutter,101,95872,24416,2462,26878,235
2022-10-19,Tehama,103,63373,13704,3097,16801,218
2022-10-19,Trinity,105,12862,1399,411,1810,21
2022-10-19,Tulare,107,460477,122473,36688,159161,1550
2022-10-19,Tuolumne,109,53932,15688,926,16614,202
2022-10-19,Ventura,111,848112,209895,15841,225736,1605
2022-10-19,Yolo,113,214977,47740,4383,52123,406
2022-10-19,Yuba,115,75493,18994,1734,20728,132
2022-10-18,Alameda,001,1643700,350897,19675,370572,2009
2022-10-18,Alpine,002,1148,136,1,137,0
2022-10-18,Amador,005,37829,10037,929,10966,93
2022-10-18,Butte,007,227075,39728,9193,48921,466
2022-10-18,Calaveras,009,45235,8556,567,9123,135
2022-10-18,Colusa,011,21464,3809,1287,5096,22
2022-10-18,Contra Costa,013,1133247,253540,20880,274420,1475
2022-10-18,Del Norte,015,27424,7476,399,7875,55
2022-10-18,El Dorado,017,186661,32498,4292,36790,234
2022-10-18,Fresno,019,978130,279794,31987,311781,2888
2022-10-18,Glenn,021,27897,5547,1869,7416,56
2022-10-18,Humboldt,023,135768,22075,5115,27190,162
2022-10-18,Imperial,025,180216,65981,16060,82041,963
2022-10-18,Inyo,027,18085,4508,1020,5528,60
2022-10-18,Kern,029,883053,220402,64682,285084,2433
2022-10-18,Kings,031,150075,59695,4121,63816,466
2022-10-18,Lake,033,64148,12887,1190,14077,151
2022-10-18,Lassen,035,31185,9993,998,10991,64
2022-10-18,Los Angeles,037,10098052,3298855,183416,3482271,33760
2022-10-18,Madera,039,155013,44249,8288,52537,376
2022-10-18,Marin,041,260295,37203,5254,42457,258
2022-10-18,Mariposa,043,17540,3120,344,3464,30
2022-10-18,Mendocino,045,87422,16146,4523,20669,136
2022-10-18,Merced,047,269075,73726,12094,85820,871
2022-10-18,Modoc,049,8938,883,325,1208,11
2022-10-18,Mono,051,14174,3216,259,3475,7
2022-10-18,Monterey,053,433212,94514,21132,115646,772
2022-10-18,Napa,055,140530,32563,1403,33966,161
2022-10-18,Nevada,057,99092,19124,1872,20996,137
2022-10-18,Orange,059,3164182,673849,64550,738399,7593
2022-10-18,Placer,061,380077,76382,9742,86124,662
2022-10-18,Plumas,063,18699,3707,440,4147,13
2022-10-18,Riverside,065,2383286,698751,35506,734257,6656
2022-10-18,Sacramento,067,1510023,349519,35055,384574,3371
2022-10-18,San Benito,069,59416,16412,980,17392,104
2022-10-18,San Bernardino,071,2135413,674441,30920,705361,8105
2022-10-18,San Diego,073,3302833,928570,72259,1000829,5593
2022-10-18,San Francisco,075,870044,180910,12144,193054,1073
2022-10-18,San Joaquin,077,732212,198832,15035,213867,2347
2022-10-18,San Luis Obispo,079,281455,63605,7219,70824,529
2022-10-18,San Mateo,081,765935,170619,10429,181048,743
2022-10-18,Santa Barbara,083,443738,106360,6897,113257,732
2022-10-18,Santa Clara,085,1922200,440253,18998,459251,2563
2022-10-18,Santa Cruz,087,273765,63851,3505,67356,274
2022-10-18,Shasta,089,179085,35198,7557,42755,596
2022-10-18,Sierra,091,2930,308,60,368,5
2022-10-18,Siskiyou,093,43540,5175,3330,8505,94
2022-10-18,Solano,095,438530,106012,7961,113973,461
2022-10-18,Sonoma,097,501317,107684,5312,112996,530
2022-10-18,Stanislaus,099,539301,138500,21661,160161,1792
2022-10-18,Sutter,101,95872,24411,2462,26873,235
2022-10-18,Tehama,103,63373,13697,3094,16791,218
2022-10-18,Trinity,105,12862,1399,408,1807,21
2022-10-18,Tulare,107,460477,122454,36670,159124,1550
2022-10-18,Tuolumne,109,53932,15683,926,16609,201
2022-10-18,Ventura,111,848112,209833,15830,225663,1604
2022-10-18,Yolo,113,214977,47731,4380,52111,405
2022-10-18,Yuba,115,75493,18987,1734,20721,132
2022-10-17,Alameda,001,1643700,350745,19670,370415,2008
2022-10-17,Alpine,002,1148,136,1,137,0
2022-10-17,Amador,005,37829,10033,929,10962,93
2022-10-17,Butte,007,227075,39713,9191,48904,466
2022-10-17,Calaveras,009,45235,8552,567,9119,135
2022-10-17,Colusa,011,21464,3809,1287,5096,22
2022-10-17,Contra Costa,013,1133247,253432,20873,274305,1474
2022-10-17,Del Norte,015,27424,7476,399,7875,55
2022-10-17,El Dorado,017,186661,32485,4290,36775,234
2022-10-17,Fresno,019,978130,279727,31964,311691,2888
2022-10-17,Glenn,021,27897,5544,1869,7413,56
2022-10-17,Humboldt,023,135768,22062,5103,27165,162
2022-10-17,Imperial,025,180216,65963,16034,81997,962
2022-10-17,Inyo,027,18085,4508,1019,5527,60
2022-10-17,Kern,029,883053,220356,64645,285001,2433
2022-10-17,Kings,031,150075,59684,4120,63804,466
2022-10-17,Lake,033,64148,12884,1189,14073,150
2022-10-17,Lassen,035,31185,9991,998,10989,64
2022-10-17,Los Angeles,037,10098052,3297956,183267,3481223,33753
2022-10-17,Madera,039,155013,44244,8287,52531,376
2022-10-17,Marin,041,260295,37185,5251,42436,258
2022-10-17,Mariposa,043,17540,3118,344,3462,30
2022-10-17,Mendocino,045,87422,16140,4522,20662,136
2022-10-17,Merced,047,269075,73708,12093,85801,871
2022-10-17,Modoc,049,8938,883,325,1208,11
2022-10-17,Mono,051,14174,3216,259,3475,7
2022-10-17,Monterey,053,433212,94490,21126,115616,772
2022-10-17,Napa,055,140530,32554,1402,33956,161
2022-10-17,Nevada,057,99092,19119,1869,20988,137
2022-10-17,Orange,059,3164182,673674,64488,738162,7591
2022-10-17,Placer,061,380077,76351,9730,86081,662
2022-10-17,Plumas,063,18699,3702,438,4140,13
2022-10-17,Riverside,065,2383286,698591,35484,734075,6656
2022-10-17,Sacramento,067,1510023,349380,35042,384422,3370
2022-10-17,San Benito,069,59416,16400,979,17379,104
2022-10-17,San Bernardino,071,2135413,674300,30904,705204,8103
2022-10-17,San Diego,073,3302833,928268,72210,1000478,5593
2022-10-17,San Francisco,075,870044,180825,12142,192967,1073
2022-10-17,San Joaquin,077,732212,198785,15028,213813,2347
2022-10-17,San Luis Obispo,079,281455,63590,7218,70808,529
2022-10-17,San Mateo,081,765935,170555,10429,180984,743
2022-10-17,Santa Barbara,083,443738,106340,6894,113234,732
2022-10-17,Santa Clara,085,1922200,440031,18988,459019,2563
2022-10-17,Santa Cruz,087,273765,63802,3504,67306,274
2022-10-17,Shasta,089,179085,35176,7551,42727,596
2022-10-17,Sierra,091,2930,306,60,366,5
2022-10-17,Siskiyou,093,43540,5172,3327,8499,94
2022-10-17,Solano,095,438530,105974,7958,113932,461
2022-10-17,Sonoma,097,501317,107644,5308,112952,530
2022-10-17,Stanislaus,099,539301,138470,21653,160123,1792
2022-10-17,Sutter,101,95872,24410,2462,26872,235
2022-10-17,Tehama,103,63373,13693,3093,16786,218
2022-10-17,Trinity,105,12862,1399,408,1807,21
2022-10-17,Tulare,107,460477,122436,36657,159093,1550
2022-10-17,Tuolumne,109,53932,15676,925,16601,201
2022-10-17,Ventura,111,848112,209790,15824,225614,1602
2022-10-17,Yolo,113,214977,47708,4374,52082,405
2022-10-17,Yuba,115,75493,18981,1734,20715,132
2022-10-16,Alameda,001,1643700,350577,19653,370230,2008
2022-10-16,Alpine,002,1148,136,1,137,0
2022-10-16,Amador,005,37829,10031,929,10960,93
2022-10-16,Butte,007,227075,39693,9185,48878,466
2022-10-16,Calaveras,009,45235,8551,566,9117,135
2022-10-16,Colusa,011,21464,3808,1287,5095,22
2022-10-16,Contra Costa,013,1133247,253306,20871,274177,1473
2022-10-16,Del Norte,015,27424,7475,399,7874,55
2022-10-16,El Dorado,017,186661,32470,4286,36756,234
2022-10-16,Fresno,019,978130,279639,31946,311585,2888
2022-10-16,Glenn,021,27897,5543,1869,7412,56
2022-10-16,Humboldt,023,135768,22043,5089,27132,162
2022-10-16,Imperial,025,180216,65930,16018,81948,962
2022-10-16,Inyo,027,18085,4507,1016,5523,60
2022-10-16,Kern,029,883053,220307,64600,284907,2433
2022-10-16,Kings,031,150075,59673,4119,63792,466
2022-10-16,Lake,033,64148,12880,1189,14069,150
2022-10-16,Lassen,035,31185,9990,998,10988,64
2022-10-16,Los Angeles,037,10098052,3297035,183113,3480148,33749
2022-10-16,Madera,039,155013,44230,8285,52515,376
2022-10-16,Marin,041,260295,37163,5250,42413,258
2022-10-16,Mariposa,043,17540,3117,344,3461,30
2022-10-16,Mendocino,045,87422,16131,4520,20651,136
2022-10-16,Merced,047,269075,73688,12092,85780,871
2022-10-16,Modoc,049,8938,883,325,1208,11
2022-10-16,Mono,051,14174,3215,259,3474,7
2022-10-16,Monterey,053,433212,94462,21115,115577,772
2022-10-16,Napa,055,140530,32545,1402,33947,161
2022-10-16,Nevada,057,99092,19115,1867,20982,137
2022-10-16,Orange,059,3164182,673468,64438,737906,7587
2022-10-16,Placer,061,380077,76326,9725,86051,662
2022-10-16,Plumas,063,18699,3698,438,4136,13
2022-10-16,Riverside,065,2383286,698418,35456,733874,6656
2022-10-16,Sacramento,067,1510023,349197,35017,384214,3369
2022-10-16,San Benito,069,59416,16396,978,17374,104
2022-10-16,San Bernardino,071,2135413,674135,30899,705034,8102
2022-10-16,San Diego,073,3302833,927948,72160,1000108,5593
2022-10-16,San Francisco,075,870044,180714,12133,192847,1072
2022-10-16,San Joaquin,077,732212,198709,15021,213730,2347
2022-10-16,San Luis Obispo,079,281455,63565,7215,70780,529
2022-10-16,San Mateo,081,765935,170451,10428,180879,743
2022-10-16,Santa Barbara,083,443738,106311,6892,113203,732
2022-10-16,Santa Clara,085,1922200,439829,18978,458807,2563
2022-10-16,Santa Cruz,087,273765,63716,3500,67216,274
2022-10-16,Shasta,089,179085,35160,7542,42702,596
2022-10-16,Sierra,091,2930,306,60,366,5
2022-10-16,Siskiyou,093,43540,5169,3327,8496,94
2022-10-16,Solano,095,438530,105927,7957,113884,461
2022-10-16,Sonoma,097,501317,107592,5302,112894,530
2022-10-16,Stanislaus,099,539301,138440,21652,160092,1792
2022-10-16,Sutter,101,95872,24404,2458,26862,235
2022-10-16,Tehama,103,63373,13688,3092,16780,218
2022-10-16,Trinity,105,12862,1399,408,1807,21
2022-10-16,Tulare,107,460477,122411,36644,159055,1550
2022-10-16,Tuolumne,109,53932,15674,925,16599,201
2022-10-16,Ventura,111,848112,209720,15817,225537,1601
2022-10-16,Yolo,113,214977,47692,4363,52055,405
2022-10-16,Yuba,115,75493,18976,1734,20710,132
2022-10-15,Alameda,001,1643700,350473,19645,370118,2007
2022-10-15,Alpine,002,1148,136,1,137,0
2022-10-15,Amador,005,37829,10029,929,10958,93
2022-10-15,Butte,007,227075,39690,9181,48871,466
2022-10-15,Calaveras,009,45235,8548,566,9114,135
2022-10-15,Colusa,011,21464,3808,1287,5095,22
2022-10-15,Contra Costa,013,1133247,253234,20869,274103,1472
2022-10-15,Del Norte,015,27424,7475,399,7874,55
2022-10-15,El Dorado,017,186661,32460,4286,36746,234
2022-10-15,Fresno,019,978130,279612,31944,311556,2888
2022-10-15,Glenn,021,27897,5542,1869,7411,56
2022-10-15,Humboldt,023,135768,22035,5081,27116,162
2022-10-15,Imperial,025,180216,65923,16013,81936,962
2022-10-15,Inyo,027,18085,4507,1016,5523,60
2022-10-15,Kern,029,883053,220281,64565,284846,2433
2022-10-15,Kings,031,150075,59659,4119,63778,466
2022-10-15,Lake,033,64148,12880,1189,14069,150
2022-10-15,Lassen,035,31185,9989,998,10987,64
2022-10-15,Los Angeles,037,10098052,3296557,183026,3479583,33747
2022-10-15,Madera,039,155013,44227,8285,52512,376
2022-10-15,Marin,041,260295,37146,5248,42394,258
2022-10-15,Mariposa,043,17540,3117,344,3461,30
2022-10-15,Mendocino,045,87422,16124,4520,20644,136
2022-10-15,Merced,047,269075,73675,12091,85766,871
2022-10-15,Modoc,049,8938,883,324,1207,11
2022-10-15,Mono,051,14174,3214,259,3473,7
2022-10-15,Monterey,053,433212,94444,21105,115549,771
2022-10-15,Napa,055,140530,32542,1402,33944,161
2022-10-15,Nevada,057,99092,19111,1865,20976,137
2022-10-15,Orange,059,3164182,673356,64404,737760,7584
2022-10-15,Placer,061,380077,76312,9724,86036,662
2022-10-15,Plumas,063,18699,3697,438,4135,13
2022-10-15,Riverside,065,2383286,698329,35440,733769,6656
2022-10-15,Sacramento,067,1510023,349110,35011,384121,3369
2022-10-15,San Benito,069,59416,16392,977,17369,104
2022-10-15,San Bernardino,071,2135413,674067,30893,704960,8102
2022-10-15,San Diego,073,3302833,927831,72147,999978,5593
2022-10-15,San Francisco,075,870044,180662,12132,192794,1071
2022-10-15,San Joaquin,077,732212,198672,15019,213691,2347
2022-10-15,San Luis Obispo,079,281455,63557,7212,70769,528
2022-10-15,San Mateo,081,765935,170394,10427,180821,743
2022-10-15,Santa Barbara,083,443738,106285,6890,113175,732
2022-10-15,Santa Clara,085,1922200,439719,18974,458693,2562
2022-10-15,Santa Cruz,087,273765,63689,3495,67184,273
2022-10-15,Shasta,089,179085,35153,7540,42693,596
2022-10-15,Sierra,091,2930,306,60,366,5
2022-10-15,Siskiyou,093,43540,5168,3325,8493,93
2022-10-15,Solano,095,438530,105910,7951,113861,461
2022-10-15,Sonoma,097,501317,107565,5302,112867,530
2022-10-15,Stanislaus,099,539301,138422,21651,160073,1792
2022-10-15,Sutter,101,95872,24401,2458,26859,235
2022-10-15,Tehama,103,63373,13686,3092,16778,218
2022-10-15,Trinity,105,12862,1399,408,1807,21
2022-10-15,Tulare,107,460477,122399,36632,159031,1550
2022-10-15,Tuolumne,109,53932,15668,925,16593,201
2022-10-15,Ventura,111,848112,209689,15811,225500,1601
2022-10-15,Yolo,113,214977,47683,4361,52044,405
2022-10-15,Yuba,115,75493,18974,1733,20707,132
2022-10-14,Alameda,001,1643700,350392,19636,370028,2007
2022-10-14,Alpine,002,1148,136,1,137,0
2022-10-14,Amador,005,37829,10029,929,10958,93
2022-10-14,Butte,007,227075,39682,9177,48859,466
2022-10-14,Calaveras,009,45235,8544,566,9110,135
2022-10-14,Colusa,011,21464,3807,1287,5094,22
2022-10-14,Contra Costa,013,1133247,253172,20866,274038,1472
2022-10-14,Del Norte,015,27424,7475,399,7874,55
2022-10-14,El Dorado,017,186661,32453,4284,36737,234
2022-10-14,Fresno,019,978130,279578,31940,311518,2888
2022-10-14,Glenn,021,27897,5541,1867,7408,56
2022-10-14,Humboldt,023,135768,22033,5077,27110,162
2022-10-14,Imperial,025,180216,65912,16007,81919,962
2022-10-14,Inyo,027,18085,4507,1014,5521,60
2022-10-14,Kern,029,883053,220261,64541,284802,2433
2022-10-14,Kings,031,150075,59652,4119,63771,465
2022-10-14,Lake,033,64148,12878,1189,14067,150
2022-10-14,Lassen,035,31185,9989,998,10987,64
2022-10-14,Los Angeles,037,10098052,3296053,182930,3478983,33742
2022-10-14,Madera,039,155013,44222,8279,52501,376
2022-10-14,Marin,041,260295,37135,5247,42382,258
2022-10-14,Mariposa,043,17540,3117,344,3461,30
2022-10-14,Mendocino,045,87422,16118,4519,20637,136
2022-10-14,Merced,047,269075,73662,12090,85752,871
2022-10-14,Modoc,049,8938,883,324,1207,11
2022-10-14,Mono,051,14174,3214,259,3473,7
2022-10-14,Monterey,053,433212,94424,21101,115525,771
2022-10-14,Napa,055,140530,32534,1402,33936,161
2022-10-14,Nevada,057,99092,19104,1863,20967,137
2022-10-14,Orange,059,3164182,673245,64374,737619,7579
2022-10-14,Placer,061,380077,76295,9720,86015,662
2022-10-14,Plumas,063,18699,3696,438,4134,13
2022-10-14,Riverside,065,2383286,698233,35431,733664,6654
2022-10-14,Sacramento,067,1510023,349034,35008,384042,3369
2022-10-14,San Benito,069,59416,16388,977,17365,104
2022-10-14,San Bernardino,071,2135413,673984,30886,704870,8102
2022-10-14,San Diego,073,3302833,927619,72125,999744,5593
2022-10-14,San Francisco,075,870044,180613,12128,192741,1071
2022-10-14,San Joaquin,077,732212,198639,15015,213654,2346
2022-10-14,San Luis Obispo,079,281455,63547,7210,70757,528
2022-10-14,San Mateo,081,765935,170344,10427,180771,743
2022-10-14,Santa Barbara,083,443738,106270,6890,113160,732
2022-10-14,Santa Clara,085,1922200,439582,18966,458548,2562
2022-10-14,Santa Cruz,087,273765,63657,3494,67151,273
2022-10-14,Shasta,089,179085,35148,7540,42688,596
2022-10-14,Sierra,091,2930,306,60,366,5
2022-10-14,Siskiyou,093,43540,5167,3325,8492,93
2022-10-14,Solano,095,438530,105878,7948,113826,461
2022-10-14,Sonoma,097,501317,107545,5301,112846,530
2022-10-14,Stanislaus,099,539301,138399,21646,160045,1792
2022-10-14,Sutter,101,95872,24394,2458,26852,235
2022-10-14,Tehama,103,63373,13682,3091,16773,218
2022-10-14,Trinity,105,12862,1399,408,1807,21
2022-10-14,Tulare,107,460477,122382,36627,159009,1550
2022-10-14,Tuolumne,109,53932,15664,925,16589,201
2022-10-14,Ventura,111,848112,209639,15810,225449,1600
2022-10-14,Yolo,113,214977,47674,4356,52030,405
2022-10-14,Yuba,115,75493,18968,1733,20701,132
2022-10-13,Alameda,001,1643700,350248,19626,369874,2006
2022-10-13,Alpine,002,1148,136,1,137,0
2022-10-13,Amador,005,37829,10027,929,10956,93
2022-10-13,Butte,007,227075,39672,9172,48844,466
2022-10-13,Calaveras,009,45235,8542,566,9108,135
2022-10-13,Colusa,011,21464,3807,1287,5094,22
2022-10-13,Contra Costa,013,1133247,253087,20857,273944,1472
2022-10-13,Del Norte,015,27424,7473,399,7872,55
2022-10-13,El Dorado,017,186661,32440,4281,36721,234
2022-10-13,Fresno,019,978130,279535,31932,311467,2888
2022-10-13,Glenn,021,27897,5541,1867,7408,56
2022-10-13,Humboldt,023,135768,22022,5070,27092,162
2022-10-13,Imperial,025,180216,65898,15995,81893,962
2022-10-13,Inyo,027,18085,4506,1014,5520,60
2022-10-13,Kern,029,883053,220228,64504,284732,2433
2022-10-13,Kings,031,150075,59642,4119,63761,465
2022-10-13,Lake,033,64148,12875,1188,14063,150
2022-10-13,Lassen,035,31185,9988,998,10986,64
2022-10-13,Los Angeles,037,10098052,3295319,182800,3478119,33733
2022-10-13,Madera,039,155013,44214,8276,52490,376
2022-10-13,Marin,041,260295,37106,5243,42349,258
2022-10-13,Mariposa,043,17540,3116,344,3460,30
2022-10-13,Mendocino,045,87422,16112,4519,20631,136
2022-10-13,Merced,047,269075,73646,12086,85732,871
2022-10-13,Modoc,049,8938,883,324,1207,11
2022-10-13,Mono,051,14174,3213,258,3471,7
2022-10-13,Monterey,053,433212,94410,21090,115500,771
2022-10-13,Napa,055,140530,32520,1400,33920,161
2022-10-13,Nevada,057,99092,19093,1861,20954,137
2022-10-13,Orange,059,3164182,673088,64327,737415,7577
2022-10-13,Placer,061,380077,76278,9716,85994,662
2022-10-13,Plumas,063,18699,3694,438,4132,13
2022-10-13,Riverside,065,2383286,698107,35417,733524,6654
2022-10-13,Sacramento,067,1510023,348904,34993,383897,3366
2022-10-13,San Benito,069,59416,16387,977,17364,104
2022-10-13,San Bernardino,071,2135413,673885,30880,704765,8102
2022-10-13,San Diego,073,3302833,927414,72101,999515,5590
2022-10-13,San Francisco,075,870044,180521,12125,192646,1071
2022-10-13,San Joaquin,077,732212,198596,15008,213604,2346
2022-10-13,San Luis Obispo,079,281455,63539,7200,70739,528
2022-10-13,San Mateo,081,765935,170250,10427,180677,743
2022-10-13,Santa Barbara,083,443738,106248,6886,113134,732
2022-10-13,Santa Clara,085,1922200,439435,18964,458399,2560
2022-10-13,Santa Cruz,087,273765,63632,3492,67124,273
2022-10-13,Shasta,089,179085,35136,7535,42671,596
2022-10-13,Sierra,091,2930,306,60,366,5
2022-10-13,Siskiyou,093,43540,5164,3322,8486,93
2022-10-13,Solano,095,438530,105840,7942,113782,461
2022-10-13,Sonoma,097,501317,107508,5301,112809,530
2022-10-13,Stanislaus,099,539301,138368,21646,160014,1792
2022-10-13,Sutter,101,95872,24389,2458,26847,235
2022-10-13,Tehama,103,63373,13679,3090,16769,218
2022-10-13,Trinity,105,12862,1399,407,1806,21
2022-10-13,Tulare,107,460477,122367,36614,158981,1550
2022-10-13,Tuolumne,109,53932,15657,925,16582,201
2022-10-13,Ventura,111,848112,209591,15804,225395,1600
2022-10-13,Yolo,113,214977,47656,4350,52006,404
2022-10-13,Yuba,115,75493,18962,1733,20695,132
2022-10-12,Alameda,001,1643700,350121,19611,369732,2005
2022-10-12,Alpine,002,1148,135,1,136,0
2022-10-12,Amador,005,37829,10025,929,10954,93
2022-10-12,Butte,007,227075,39663,9171,48834,466
2022-10-12,Calaveras,009,45235,8537,566,9103,135
2022-10-12,Colusa,011,21464,3807,1287,5094,22
2022-10-12,Contra Costa,013,1133247,252992,20847,273839,1471
2022-10-12,Del Norte,015,27424,7473,399,7872,55
2022-10-12,El Dorado,017,186661,32430,4280,36710,234
2022-10-12,Fresno,019,978130,279490,31923,311413,2888
2022-10-12,Glenn,021,27897,5540,1867,7407,56
2022-10-12,Humboldt,023,135768,22017,5066,27083,162
2022-10-12,Imperial,025,180216,65877,15986,81863,962
2022-10-12,Inyo,027,18085,4505,1013,5518,60
2022-10-12,Kern,029,883053,220188,64470,284658,2433
2022-10-12,Kings,031,150075,59637,4116,63753,465
2022-10-12,Lake,033,64148,12867,1188,14055,150
2022-10-12,Lassen,035,31185,9985,998,10983,64
2022-10-12,Los Angeles,037,10098052,3294568,182658,3477226,33723
2022-10-12,Madera,039,155013,44204,8274,52478,376
2022-10-12,Marin,041,260295,37088,5240,42328,258
2022-10-12,Mariposa,043,17540,3115,344,3459,30
2022-10-12,Mendocino,045,87422,16110,4517,20627,136
2022-10-12,Merced,047,269075,73623,12082,85705,871
2022-10-12,Modoc,049,8938,883,324,1207,11
2022-10-12,Mono,051,14174,3212,257,3469,7
2022-10-12,Monterey,053,433212,94392,21080,115472,771
2022-10-12,Napa,055,140530,32509,1400,33909,161
2022-10-12,Nevada,057,99092,19085,1860,20945,137
2022-10-12,Orange,059,3164182,672915,64307,737222,7576
2022-10-12,Placer,061,380077,76258,9712,85970,662
2022-10-12,Plumas,063,18699,3692,437,4129,13
2022-10-12,Riverside,065,2383286,697982,35396,733378,6654
2022-10-12,Sacramento,067,1510023,348796,34973,383769,3364
2022-10-12,San Benito,069,59416,16382,975,17357,104
2022-10-12,San Bernardino,071,2135413,673755,30870,704625,8102
2022-10-12,San Diego,073,3302833,927160,72066,999226,5590
2022-10-12,San Francisco,075,870044,180441,12124,192565,1071
2022-10-12,San Joaquin,077,732212,198539,15003,213542,2345
2022-10-12,San Luis Obispo,079,281455,63526,7196,70722,528
2022-10-12,San Mateo,081,765935,170169,10425,180594,743
2022-10-12,Santa Barbara,083,443738,106232,6885,113117,732
2022-10-12,Santa Clara,085,1922200,439248,18958,458206,2558
2022-10-12,Santa Cruz,087,273765,63595,3492,67087,273
2022-10-12,Shasta,089,179085,35122,7528,42650,596
2022-10-12,Sierra,091,2930,306,60,366,5
2022-10-12,Siskiyou,093,43540,5164,3319,8483,93
2022-10-12,Solano,095,438530,105797,7939,113736,461
2022-10-12,Sonoma,097,501317,107477,5300,112777,529
2022-10-12,Stanislaus,099,539301,138322,21641,159963,1792
2022-10-12,Sutter,101,95872,24383,2458,26841,235
2022-10-12,Tehama,103,63373,13677,3089,16766,218
2022-10-12,Trinity,105,12862,1399,405,1804,21
2022-10-12,Tulare,107,460477,122343,36593,158936,1550
2022-10-12,Tuolumne,109,53932,15653,925,16578,201
2022-10-12,Ventura,111,848112,209539,15802,225341,1600
2022-10-12,Yolo,113,214977,47636,4346,51982,404
2022-10-12,Yuba,115,75493,18955,1731,20686,132
2022-10-11,Alameda,001,1643700,349953,19604,369557,2005
2022-10-11,Alpine,002,1148,135,1,136,0
2022-10-11,Amador,005,37829,10021,929,10950,93
2022-10-11,Butte,007,227075,39648,9171,48819,466
2022-10-11,Calaveras,009,45235,8533,565,9098,135
2022-10-11,Colusa,011,21464,3806,1287,5093,22
2022-10-11,Contra Costa,013,1133247,252877,20842,273719,1470
2022-10-11,Del Norte,015,27424,7468,399,7867,55
2022-10-11,El Dorado,017,186661,32411,4280,36691,234
2022-10-11,Fresno,019,978130,279435,31910,311345,2887
2022-10-11,Glenn,021,27897,5539,1866,7405,56
2022-10-11,Humboldt,023,135768,22011,5056,27067,162
2022-10-11,Imperial,025,180216,65864,15968,81832,962
2022-10-11,Inyo,027,18085,4503,1012,5515,60
2022-10-11,Kern,029,883053,220161,64445,284606,2433
2022-10-11,Kings,031,150075,59623,4111,63734,465
2022-10-11,Lake,033,64148,12863,1186,14049,150
2022-10-11,Lassen,035,31185,9984,998,10982,64
2022-10-11,Los Angeles,037,10098052,3293744,182532,3476276,33718
2022-10-11,Madera,039,155013,44197,8273,52470,376
2022-10-11,Marin,041,260295,37071,5236,42307,258
2022-10-11,Mariposa,043,17540,3114,344,3458,30
2022-10-11,Mendocino,045,87422,16105,4515,20620,136
2022-10-11,Merced,047,269075,73597,12081,85678,871
2022-10-11,Modoc,049,8938,882,324,1206,11
2022-10-11,Mono,051,14174,3212,256,3468,7
2022-10-11,Monterey,053,433212,94382,21072,115454,771
2022-10-11,Napa,055,140530,32505,1399,33904,161
2022-10-11,Nevada,057,99092,19074,1858,20932,137
2022-10-11,Orange,059,3164182,672732,64297,737029,7571
2022-10-11,Placer,061,380077,76228,9710,85938,662
2022-10-11,Plumas,063,18699,3692,436,4128,13
2022-10-11,Riverside,065,2383286,697848,35386,733234,6654
2022-10-11,Sacramento,067,1510023,348633,34953,383586,3363
2022-10-11,San Benito,069,59416,16376,974,17350,104
2022-10-11,San Bernardino,071,2135413,673619,30861,704480,8102
2022-10-11,San Diego,073,3302833,926881,72029,998910,5587
2022-10-11,San Francisco,075,870044,180347,12123,192470,1070
2022-10-11,San Joaquin,077,732212,198493,14998,213491,2345
2022-10-11,San Luis Obispo,079,281455,63504,7184,70688,528
2022-10-11,San Mateo,081,765935,170090,10423,180513,743
2022-10-11,Santa Barbara,083,443738,106203,6883,113086,732
2022-10-11,Santa Clara,085,1922200,439072,18950,458022,2558
2022-10-11,Santa Cruz,087,273765,63553,3490,67043,273
2022-10-11,Shasta,089,179085,35110,7518,42628,596
2022-10-11,Sierra,091,2930,306,60,366,5
2022-10-11,Siskiyou,093,43540,5163,3317,8480,93
2022-10-11,Solano,095,438530,105755,7937,113692,461
2022-10-11,Sonoma,097,501317,107434,5296,112730,529
2022-10-11,Stanislaus,099,539301,138290,21637,159927,1791
2022-10-11,Sutter,101,95872,24379,2458,26837,235
2022-10-11,Tehama,103,63373,13676,3086,16762,218
2022-10-11,Trinity,105,12862,1399,404,1803,21
2022-10-11,Tulare,107,460477,122318,36581,158899,1549
2022-10-11,Tuolumne,109,53932,15647,925,16572,201
2022-10-11,Ventura,111,848112,209486,15797,225283,1599
2022-10-11,Yolo,113,214977,47629,4340,51969,404
2022-10-11,Yuba,115,75493,18943,1731,20674,132
2022-10-10,Alameda,001,1643700,349800,19595,369395,2005
2022-10-10,Alpine,002,1148,135,1,136,0
2022-10-10,Amador,005,37829,10018,929,10947,93
2022-10-10,Butte,007,227075,39637,9169,48806,466
2022-10-10,Calaveras,009,45235,8533,564,9097,135
2022-10-10,Colusa,011,21464,3805,1287,5092,22
2022-10-10,Contra Costa,013,1133247,252757,20828,273585,1470
2022-10-10,Del Norte,015,27424,7465,398,7863,55
2022-10-10,El Dorado,017,186661,32396,4278,36674,234
2022-10-10,Fresno,019,978130,279377,31899,311276,2886
2022-10-10,Glenn,021,27897,5538,1866,7404,56
2022-10-10,Humboldt,023,135768,21992,5052,27044,162
2022-10-10,Imperial,025,180216,65846,15951,81797,962
2022-10-10,Inyo,027,18085,4502,1010,5512,60
2022-10-10,Kern,029,883053,220118,64407,284525,2433
2022-10-10,Kings,031,150075,59614,4109,63723,465
2022-10-10,Lake,033,64148,12859,1186,14045,150
2022-10-10,Lassen,035,31185,9984,997,10981,64
2022-10-10,Los Angeles,037,10098052,3292868,182382,3475250,33711
2022-10-10,Madera,039,155013,44185,8269,52454,376
2022-10-10,Marin,041,260295,37053,5232,42285,258
2022-10-10,Mariposa,043,17540,3112,344,3456,30
2022-10-10,Mendocino,045,87422,16092,4512,20604,136
2022-10-10,Merced,047,269075,73579,12075,85654,871
2022-10-10,Modoc,049,8938,882,324,1206,11
2022-10-10,Mono,051,14174,3210,256,3466,7
2022-10-10,Monterey,053,433212,94365,21069,115434,771
2022-10-10,Napa,055,140530,32494,1399,33893,161
2022-10-10,Nevada,057,99092,19070,1857,20927,137
2022-10-10,Orange,059,3164182,672537,64248,736785,7570
2022-10-10,Placer,061,380077,76202,9705,85907,662
2022-10-10,Plumas,063,18699,3691,435,4126,13
2022-10-10,Riverside,065,2383286,697693,35374,733067,6654
2022-10-10,Sacramento,067,1510023,348509,34916,383425,3359
2022-10-10,San Benito,069,59416,16372,974,17346,103
2022-10-10,San Bernardino,071,2135413,673465,30851,704316,8102
2022-10-10,San Diego,073,3302833,926619,71989,998608,5585
2022-10-10,San Francisco,075,870044,180257,12119,192376,1070
2022-10-10,San Joaquin,077,732212,198433,14994,213427,2345
2022-10-10,San Luis Obispo,079,281455,63481,7179,70660,528
2022-10-10,San Mateo,081,765935,170003,10420,180423,743
2022-10-10,Santa Barbara,083,443738,106158,6882,113040,732
2022-10-10,Santa Clara,085,1922200,438861,18937,457798,2558
2022-10-10,Santa Cruz,087,273765,63518,3489,67007,273
2022-10-10,Shasta,089,179085,35094,7512,42606,596
2022-10-10,Sierra,091,2930,306,60,366,5
2022-10-10,Siskiyou,093,43540,5160,3316,8476,93
2022-10-10,Solano,095,438530,105708,7932,113640,460
2022-10-10,Sonoma,097,501317,107398,5292,112690,529
2022-10-10,Stanislaus,099,539301,138248,21633,159881,1791
2022-10-10,Sutter,101,95872,24370,2458,26828,235
2022-10-10,Tehama,103,63373,13672,3086,16758,218
2022-10-10,Trinity,105,12862,1399,400,1799,21
2022-10-10,Tulare,107,460477,122300,36563,158863,1549
2022-10-10,Tuolumne,109,53932,15641,925,16566,201
2022-10-10,Ventura,111,848112,209414,15790,225204,1599
2022-10-10,Yolo,113,214977,47606,4339,51945,403
2022-10-10,Yuba,115,75493,18937,1731,20668,132
2022-10-09,Alameda,001,1643700,349641,19577,369218,2005
2022-10-09,Alpine,002,1148,135,1,136,0
2022-10-09,Amador,005,37829,10016,929,10945,93
2022-10-09,Butte,007,227075,39629,9168,48797,465
2022-10-09,Calaveras,009,45235,8530,564,9094,135
2022-10-09,Colusa,011,21464,3805,1287,5092,22
2022-10-09,Contra Costa,013,1133247,252645,20815,273460,1468
2022-10-09,Del Norte,015,27424,7464,398,7862,55
2022-10-09,El Dorado,017,186661,32384,4278,36662,234
2022-10-09,Fresno,019,978130,279287,31888,311175,2886
2022-10-09,Glenn,021,27897,5535,1865,7400,56
2022-10-09,Humboldt,023,135768,21979,5046,27025,162
2022-10-09,Imperial,025,180216,65814,15931,81745,962
2022-10-09,Inyo,027,18085,4502,1008,5510,60
2022-10-09,Kern,029,883053,220081,64343,284424,2433
2022-10-09,Kings,031,150075,59597,4108,63705,465
2022-10-09,Lake,033,64148,12852,1186,14038,150
2022-10-09,Lassen,035,31185,9984,997,10981,64
2022-10-09,Los Angeles,037,10098052,3291880,182217,3474097,33703
2022-10-09,Madera,039,155013,44175,8267,52442,376
2022-10-09,Marin,041,260295,37020,5226,42246,258
2022-10-09,Mariposa,043,17540,3110,344,3454,30
2022-10-09,Mendocino,045,87422,16086,4512,20598,136
2022-10-09,Merced,047,269075,73561,12070,85631,871
2022-10-09,Modoc,049,8938,882,324,1206,11
2022-10-09,Mono,051,14174,3210,256,3466,7
2022-10-09,Monterey,053,433212,94349,21059,115408,771
2022-10-09,Napa,055,140530,32480,1398,33878,161
2022-10-09,Nevada,057,99092,19063,1855,20918,137
2022-10-09,Orange,059,3164182,672309,64178,736487,7568
2022-10-09,Placer,061,380077,76184,9702,85886,662
2022-10-09,Plumas,063,18699,3689,435,4124,13
2022-10-09,Riverside,065,2383286,697495,35363,732858,6654
2022-10-09,Sacramento,067,1510023,348347,34896,383243,3359
2022-10-09,San Benito,069,59416,16370,974,17344,103
2022-10-09,San Bernardino,071,2135413,673309,30842,704151,8102
2022-10-09,San Diego,073,3302833,926338,71955,998293,5583
2022-10-09,San Francisco,075,870044,180160,12116,192276,1070
2022-10-09,San Joaquin,077,732212,198354,14989,213343,2345
2022-10-09,San Luis Obispo,079,281455,63474,7172,70646,528
2022-10-09,San Mateo,081,765935,169891,10417,180308,743
2022-10-09,Santa Barbara,083,443738,106124,6878,113002,732
2022-10-09,Santa Clara,085,1922200,438644,18925,457569,2558
2022-10-09,Santa Cruz,087,273765,63453,3487,66940,273
2022-10-09,Shasta,089,179085,35070,7505,42575,596
2022-10-09,Sierra,091,2930,306,60,366,5
2022-10-09,Siskiyou,093,43540,5160,3315,8475,93
2022-10-09,Solano,095,438530,105653,7930,113583,460
2022-10-09,Sonoma,097,501317,107352,5291,112643,529
2022-10-09,Stanislaus,099,539301,138222,21625,159847,1789
2022-10-09,Sutter,101,95872,24359,2457,26816,235
2022-10-09,Tehama,103,63373,13670,3086,16756,218
2022-10-09,Trinity,105,12862,1399,400,1799,21
2022-10-09,Tulare,107,460477,122277,36543,158820,1549
2022-10-09,Tuolumne,109,53932,15634,925,16559,201
2022-10-09,Ventura,111,848112,209365,15785,225150,1598
2022-10-09,Yolo,113,214977,47583,4336,51919,403
2022-10-09,Yuba,115,75493,18934,1731,20665,132
2022-10-08,Alameda,001,1643700,349552,19570,369122,2004
2022-10-08,Alpine,002,1148,135,1,136,0
2022-10-08,Amador,005,37829,10015,928,10943,93
2022-10-08,Butte,007,227075,39624,9162,48786,465
2022-10-08,Calaveras,009,45235,8528,564,9092,135
2022-10-08,Colusa,011,21464,3805,1287,5092,22
2022-10-08,Contra Costa,013,1133247,252565,20812,273377,1468
2022-10-08,Del Norte,015,27424,7464,398,7862,55
2022-10-08,El Dorado,017,186661,32375,4277,36652,234
2022-10-08,Fresno,019,978130,279257,31885,311142,2886
2022-10-08,Glenn,021,27897,5534,1865,7399,56
2022-10-08,Humboldt,023,135768,21968,5040,27008,162
2022-10-08,Imperial,025,180216,65789,15925,81714,962
2022-10-08,Inyo,027,18085,4502,1006,5508,60
2022-10-08,Kern,029,883053,220046,64322,284368,2432
2022-10-08,Kings,031,150075,59593,4108,63701,464
2022-10-08,Lake,033,64148,12849,1186,14035,150
2022-10-08,Lassen,035,31185,9984,997,10981,64
2022-10-08,Los Angeles,037,10098052,3291319,182128,3473447,33697
2022-10-08,Madera,039,155013,44170,8267,52437,376
2022-10-08,Marin,041,260295,37000,5220,42220,258
2022-10-08,Mariposa,043,17540,3110,344,3454,30
2022-10-08,Mendocino,045,87422,16085,4509,20594,136
2022-10-08,Merced,047,269075,73551,12069,85620,871
2022-10-08,Modoc,049,8938,880,324,1204,11
2022-10-08,Mono,051,14174,3210,256,3466,7
2022-10-08,Monterey,053,433212,94339,21057,115396,771
2022-10-08,Napa,055,140530,32473,1398,33871,161
2022-10-08,Nevada,057,99092,19061,1854,20915,137
2022-10-08,Orange,059,3164182,672191,64135,736326,7568
2022-10-08,Placer,061,380077,76155,9699,85854,662
2022-10-08,Plumas,063,18699,3688,435,4123,13
2022-10-08,Riverside,065,2383286,697396,35351,732747,6653
2022-10-08,Sacramento,067,1510023,348287,34893,383180,3357
2022-10-08,San Benito,069,59416,16367,974,17341,103
2022-10-08,San Bernardino,071,2135413,673230,30836,704066,8102
2022-10-08,San Diego,073,3302833,926205,71940,998145,5582
2022-10-08,San Francisco,075,870044,180111,12112,192223,1070
2022-10-08,San Joaquin,077,732212,198319,14984,213303,2345
2022-10-08,San Luis Obispo,079,281455,63468,7171,70639,528
2022-10-08,San Mateo,081,765935,169840,10414,180254,743
2022-10-08,Santa Barbara,083,443738,106100,6876,112976,732
2022-10-08,Santa Clara,085,1922200,438521,18921,457442,2558
2022-10-08,Santa Cruz,087,273765,63431,3487,66918,273
2022-10-08,Shasta,089,179085,35064,7500,42564,596
2022-10-08,Sierra,091,2930,306,60,366,5
2022-10-08,Siskiyou,093,43540,5160,3314,8474,93
2022-10-08,Solano,095,438530,105632,7924,113556,460
2022-10-08,Sonoma,097,501317,107321,5291,112612,529
2022-10-08,Stanislaus,099,539301,138205,21622,159827,1787
2022-10-08,Sutter,101,95872,24356,2457,26813,234
2022-10-08,Tehama,103,63373,13669,3085,16754,218
2022-10-08,Trinity,105,12862,1399,400,1799,21
2022-10-08,Tulare,107,460477,122253,36537,158790,1548
2022-10-08,Tuolumne,109,53932,15629,925,16554,200
2022-10-08,Ventura,111,848112,209331,15781,225112,1598
2022-10-08,Yolo,113,214977,47573,4335,51908,403
2022-10-08,Yuba,115,75493,18931,1731,20662,132
2022-10-07,Alameda,001,1643700,349435,19568,369003,2004
2022-10-07,Alpine,002,1148,135,1,136,0
2022-10-07,Amador,005,37829,10013,928,10941,93
2022-10-07,Butte,007,227075,39623,9160,48783,465
2022-10-07,Calaveras,009,45235,8527,564,9091,135
2022-10-07,Colusa,011,21464,3805,1286,5091,22
2022-10-07,Contra Costa,013,1133247,252483,20811,273294,1467
2022-10-07,Del Norte,015,27424,7464,397,7861,55
2022-10-07,El Dorado,017,186661,32366,4275,36641,234
2022-10-07,Fresno,019,978130,279227,31882,311109,2886
2022-10-07,Glenn,021,27897,5533,1864,7397,56
2022-10-07,Humboldt,023,135768,21961,5033,26994,162
2022-10-07,Imperial,025,180216,65777,15920,81697,962
2022-10-07,Inyo,027,18085,4500,1004,5504,60
2022-10-07,Kern,029,883053,220015,64295,284310,2431
2022-10-07,Kings,031,150075,59585,4108,63693,464
2022-10-07,Lake,033,64148,12845,1186,14031,150
2022-10-07,Lassen,035,31185,9984,997,10981,64
2022-10-07,Los Angeles,037,10098052,3290709,182025,3472734,33687
2022-10-07,Madera,039,155013,44166,8265,52431,376
2022-10-07,Marin,041,260295,36981,5218,42199,258
2022-10-07,Mariposa,043,17540,3107,344,3451,30
2022-10-07,Mendocino,045,87422,16081,4508,20589,136
2022-10-07,Merced,047,269075,73544,12067,85611,871
2022-10-07,Modoc,049,8938,880,324,1204,11
2022-10-07,Mono,051,14174,3209,256,3465,7
2022-10-07,Monterey,053,433212,94324,21053,115377,771
2022-10-07,Napa,055,140530,32465,1398,33863,161
2022-10-07,Nevada,057,99092,19059,1850,20909,137
2022-10-07,Orange,059,3164182,672068,64101,736169,7567
2022-10-07,Placer,061,380077,76136,9695,85831,662
2022-10-07,Plumas,063,18699,3685,435,4120,13
2022-10-07,Riverside,065,2383286,697304,35339,732643,6653
2022-10-07,Sacramento,067,1510023,348196,34887,383083,3355
2022-10-07,San Benito,069,59416,16365,974,17339,103
2022-10-07,San Bernardino,071,2135413,673144,30832,703976,8102
2022-10-07,San Diego,073,3302833,926034,71922,997956,5582
2022-10-07,San Francisco,075,870044,180047,12108,192155,1070
2022-10-07,San Joaquin,077,732212,198283,14983,213266,2344
2022-10-07,San Luis Obispo,079,281455,63456,7170,70626,528
2022-10-07,San Mateo,081,765935,169769,10414,180183,743
2022-10-07,Santa Barbara,083,443738,106075,6875,112950,732
2022-10-07,Santa Clara,085,1922200,438387,18916,457303,2556
2022-10-07,Santa Cruz,087,273765,63399,3486,66885,273
2022-10-07,Shasta,089,179085,35058,7497,42555,596
2022-10-07,Sierra,091,2930,306,60,366,5
2022-10-07,Siskiyou,093,43540,5159,3313,8472,93
2022-10-07,Solano,095,438530,105603,7920,113523,460
2022-10-07,Sonoma,097,501317,107294,5290,112584,529
2022-10-07,Stanislaus,099,539301,138187,21621,159808,1787
2022-10-07,Sutter,101,95872,24349,2457,26806,234
2022-10-07,Tehama,103,63373,13669,3083,16752,218
2022-10-07,Trinity,105,12862,1398,400,1798,21
2022-10-07,Tulare,107,460477,122236,36524,158760,1548
2022-10-07,Tuolumne,109,53932,15625,925,16550,200
2022-10-07,Ventura,111,848112,209288,15777,225065,1597
2022-10-07,Yolo,113,214977,47566,4331,51897,403
2022-10-07,Yuba,115,75493,18931,1731,20662,132
2022-10-06,Alameda,001,1643700,349297,19557,368854,2003
2022-10-06,Alpine,002,1148,135,1,136,0
2022-10-06,Amador,005,37829,10011,928,10939,93
2022-10-06,Butte,007,227075,39614,9155,48769,465
2022-10-06,Calaveras,009,45235,8525,563,9088,135
2022-10-06,Colusa,011,21464,3805,1286,5091,22
2022-10-06,Contra Costa,013,1133247,252390,20807,273197,1466
2022-10-06,Del Norte,015,27424,7462,397,7859,55
2022-10-06,El Dorado,017,186661,32356,4273,36629,234
2022-10-06,Fresno,019,978130,279177,31876,311053,2884
2022-10-06,Glenn,021,27897,5532,1863,7395,56
2022-10-06,Humboldt,023,135768,21949,5025,26974,162
2022-10-06,Imperial,025,180216,65753,15912,81665,962
2022-10-06,Inyo,027,18085,4500,1003,5503,60
2022-10-06,Kern,029,883053,219983,64269,284252,2431
2022-10-06,Kings,031,150075,59571,4106,63677,464
2022-10-06,Lake,033,64148,12844,1186,14030,150
2022-10-06,Lassen,035,31185,9984,997,10981,64
2022-10-06,Los Angeles,037,10098052,3289863,181878,3471741,33678
2022-10-06,Madera,039,155013,44157,8265,52422,376
2022-10-06,Marin,041,260295,36963,5216,42179,258
2022-10-06,Mariposa,043,17540,3107,344,3451,30
2022-10-06,Mendocino,045,87422,16079,4507,20586,136
2022-10-06,Merced,047,269075,73532,12066,85598,871
2022-10-06,Modoc,049,8938,879,324,1203,11
2022-10-06,Mono,051,14174,3209,256,3465,7
2022-10-06,Monterey,053,433212,94315,21044,115359,771
2022-10-06,Napa,055,140530,32458,1398,33856,161
2022-10-06,Nevada,057,99092,19053,1849,20902,137
2022-10-06,Orange,059,3164182,671868,64051,735919,7563
2022-10-06,Placer,061,380077,76111,9693,85804,662
2022-10-06,Plumas,063,18699,3683,435,4118,13
2022-10-06,Riverside,065,2383286,697171,35330,732501,6652
2022-10-06,Sacramento,067,1510023,348079,34872,382951,3355
2022-10-06,San Benito,069,59416,16362,973,17335,103
2022-10-06,San Bernardino,071,2135413,673006,30822,703828,8102
2022-10-06,San Diego,073,3302833,925786,71874,997660,5582
2022-10-06,San Francisco,075,870044,179967,12106,192073,1070
2022-10-06,San Joaquin,077,732212,198233,14976,213209,2344
2022-10-06,San Luis Obispo,079,281455,63438,7166,70604,528
2022-10-06,San Mateo,081,765935,169700,10412,180112,743
2022-10-06,Santa Barbara,083,443738,106050,6873,112923,731
2022-10-06,Santa Clara,085,1922200,438221,18910,457131,2555
2022-10-06,Santa Cruz,087,273765,63360,3483,66843,273
2022-10-06,Shasta,089,179085,35047,7491,42538,596
2022-10-06,Sierra,091,2930,306,60,366,5
2022-10-06,Siskiyou,093,43540,5157,3313,8470,93
2022-10-06,Solano,095,438530,105572,7916,113488,460
2022-10-06,Sonoma,097,501317,107269,5289,112558,528
2022-10-06,Stanislaus,099,539301,138156,21614,159770,1786
2022-10-06,Sutter,101,95872,24339,2457,26796,234
2022-10-06,Tehama,103,63373,13663,3082,16745,218
2022-10-06,Trinity,105,12862,1398,398,1796,21
2022-10-06,Tulare,107,460477,122219,36519,158738,1548
2022-10-06,Tuolumne,109,53932,15622,924,16546,200
2022-10-06,Ventura,111,848112,209225,15767,224992,1597
2022-10-06,Yolo,113,214977,47553,4329,51882,402
2022-10-06,Yuba,115,75493,18930,1731,20661,132
2022-10-05,Alameda,001,1643700,349133,19548,368681,2003
2022-10-05,Alpine,002,1148,135,1,136,0
2022-10-05,Amador,005,37829,10009,928,10937,93
2022-10-05,Butte,007,227075,39607,9152,48759,465
2022-10-05,Calaveras,009,45235,8523,563,9086,135
2022-10-05,Colusa,011,21464,3804,1286,5090,22
2022-10-05,Contra Costa,013,1133247,252295,20796,273091,1466
2022-10-05,Del Norte,015,27424,7459,397,7856,55
2022-10-05,El Dorado,017,186661,32340,4273,36613,234
2022-10-05,Fresno,019,978130,279105,31870,310975,2883
2022-10-05,Glenn,021,27897,5532,1862,7394,56
2022-10-05,Humboldt,023,135768,21935,5020,26955,162
2022-10-05,Imperial,025,180216,65729,15898,81627,962
2022-10-05,Inyo,027,18085,4500,1000,5500,60
2022-10-05,Kern,029,883053,219935,64226,284161,2431
2022-10-05,Kings,031,150075,59562,4105,63667,464
2022-10-05,Lake,033,64148,12842,1185,14027,150
2022-10-05,Lassen,035,31185,9984,996,10980,64
2022-10-05,Los Angeles,037,10098052,3289029,181730,3470759,33669
2022-10-05,Madera,039,155013,44149,8262,52411,376
2022-10-05,Marin,041,260295,36939,5212,42151,258
2022-10-05,Mariposa,043,17540,3106,344,3450,30
2022-10-05,Mendocino,045,87422,16077,4502,20579,136
2022-10-05,Merced,047,269075,73520,12063,85583,871
2022-10-05,Modoc,049,8938,879,324,1203,11
2022-10-05,Mono,051,14174,3209,256,3465,7
2022-10-05,Monterey,053,433212,94301,21039,115340,771
2022-10-05,Napa,055,140530,32449,1398,33847,161
2022-10-05,Nevada,057,99092,19045,1849,20894,137
2022-10-05,Orange,059,3164182,671682,64000,735682,7562
2022-10-05,Placer,061,380077,76087,9690,85777,662
2022-10-05,Plumas,063,18699,3680,434,4114,13
2022-10-05,Riverside,065,2383286,697027,35312,732339,6651
2022-10-05,Sacramento,067,1510023,347981,34860,382841,3354
2022-10-05,San Benito,069,59416,16359,973,17332,103
2022-10-05,San Bernardino,071,2135413,672840,30814,703654,8102
2022-10-05,San Diego,073,3302833,925561,71849,997410,5582
2022-10-05,San Francisco,075,870044,179867,12100,191967,1069
2022-10-05,San Joaquin,077,732212,198188,14966,213154,2343
2022-10-05,San Luis Obispo,079,281455,63433,7161,70594,527
2022-10-05,San Mateo,081,765935,169620,10412,180032,743
2022-10-05,Santa Barbara,083,443738,106022,6870,112892,731
2022-10-05,Santa Clara,085,1922200,438038,18905,456943,2555
2022-10-05,Santa Cruz,087,273765,63328,3483,66811,273
2022-10-05,Shasta,089,179085,35040,7484,42524,593
2022-10-05,Sierra,091,2930,306,60,366,5
2022-10-05,Siskiyou,093,43540,5152,3311,8463,93
2022-10-05,Solano,095,438530,105536,7912,113448,460
2022-10-05,Sonoma,097,501317,107234,5289,112523,528
2022-10-05,Stanislaus,099,539301,138127,21606,159733,1786
2022-10-05,Sutter,101,95872,24335,2457,26792,234
2022-10-05,Tehama,103,63373,13659,3081,16740,218
2022-10-05,Trinity,105,12862,1398,398,1796,21
2022-10-05,Tulare,107,460477,122201,36497,158698,1548
2022-10-05,Tuolumne,109,53932,15616,924,16540,200
2022-10-05,Ventura,111,848112,209165,15765,224930,1597
2022-10-05,Yolo,113,214977,47537,4327,51864,402
2022-10-05,Yuba,115,75493,18925,1728,20653,132
2022-10-04,Alameda,001,1643700,348987,19536,368523,2003
2022-10-04,Alpine,002,1148,135,1,136,0
2022-10-04,Amador,005,37829,10007,928,10935,93
2022-10-04,Butte,007,227075,39595,9150,48745,464
2022-10-04,Calaveras,009,45235,8522,561,9083,135
2022-10-04,Colusa,011,21464,3804,1286,5090,22
2022-10-04,Contra Costa,013,1133247,252210,20789,272999,1466
2022-10-04,Del Norte,015,27424,7457,397,7854,55
2022-10-04,El Dorado,017,186661,32335,4272,36607,234
2022-10-04,Fresno,019,978130,279044,31864,310908,2883
2022-10-04,Glenn,021,27897,5531,1862,7393,56
2022-10-04,Humboldt,023,135768,21922,5019,26941,162
2022-10-04,Imperial,025,180216,65694,15883,81577,962
2022-10-04,Inyo,027,18085,4499,998,5497,60
2022-10-04,Kern,029,883053,219876,64185,284061,2431
2022-10-04,Kings,031,150075,59547,4104,63651,464
2022-10-04,Lake,033,64148,12837,1185,14022,150
2022-10-04,Lassen,035,31185,9983,995,10978,64
2022-10-04,Los Angeles,037,10098052,3288132,181567,3469699,33658
2022-10-04,Madera,039,155013,44135,8260,52395,376
2022-10-04,Marin,041,260295,36908,5212,42120,258
2022-10-04,Mariposa,043,17540,3106,344,3450,30
2022-10-04,Mendocino,045,87422,16073,4496,20569,136
2022-10-04,Merced,047,269075,73500,12061,85561,870
2022-10-04,Modoc,049,8938,879,324,1203,11
2022-10-04,Mono,051,14174,3209,255,3464,7
2022-10-04,Monterey,053,433212,94288,21034,115322,771
2022-10-04,Napa,055,140530,32445,1398,33843,161
2022-10-04,Nevada,057,99092,19042,1849,20891,137
2022-10-04,Orange,059,3164182,671466,63924,735390,7559
2022-10-04,Placer,061,380077,76054,9686,85740,662
2022-10-04,Plumas,063,18699,3674,433,4107,13
2022-10-04,Riverside,065,2383286,696868,35297,732165,6650
2022-10-04,Sacramento,067,1510023,347856,34836,382692,3354
2022-10-04,San Benito,069,59416,16346,972,17318,103
2022-10-04,San Bernardino,071,2135413,672689,30806,703495,8102
2022-10-04,San Diego,073,3302833,925228,71798,997026,5581
2022-10-04,San Francisco,075,870044,179775,12097,191872,1069
2022-10-04,San Joaquin,077,732212,198143,14958,213101,2343
2022-10-04,San Luis Obispo,079,281455,63416,7152,70568,527
2022-10-04,San Mateo,081,765935,169530,10411,179941,743
2022-10-04,Santa Barbara,083,443738,105991,6868,112859,731
2022-10-04,Santa Clara,085,1922200,437844,18899,456743,2555
2022-10-04,Santa Cruz,087,273765,63292,3481,66773,273
2022-10-04,Shasta,089,179085,35026,7479,42505,593
2022-10-04,Sierra,091,2930,306,60,366,5
2022-10-04,Siskiyou,093,43540,5151,3311,8462,93
2022-10-04,Solano,095,438530,105488,7910,113398,460
2022-10-04,Sonoma,097,501317,107199,5286,112485,528
2022-10-04,Stanislaus,099,539301,138100,21604,159704,1786
2022-10-04,Sutter,101,95872,24325,2456,26781,234
2022-10-04,Tehama,103,63373,13656,3079,16735,218
2022-10-04,Trinity,105,12862,1398,398,1796,21
2022-10-04,Tulare,107,460477,122177,36487,158664,1548
2022-10-04,Tuolumne,109,53932,15615,924,16539,200
2022-10-04,Ventura,111,848112,209096,15761,224857,1597
2022-10-04,Yolo,113,214977,47520,4324,51844,401
2022-10-04,Yuba,115,75493,18920,1726,20646,132
2022-10-03,Alameda,001,1643700,348798,19529,368327,2003
2022-10-03,Alpine,002,1148,135,1,136,0
2022-10-03,Amador,005,37829,10005,928,10933,93
2022-10-03,Butte,007,227075,39580,9146,48726,464
2022-10-03,Calaveras,009,45235,8521,561,9082,134
2022-10-03,Colusa,011,21464,3804,1285,5089,22
2022-10-03,Contra Costa,013,1133247,252095,20784,272879,1463
2022-10-03,Del Norte,015,27424,7456,397,7853,55
2022-10-03,El Dorado,017,186661,32327,4270,36597,234
2022-10-03,Fresno,019,978130,278985,31851,310836,2883
2022-10-03,Glenn,021,27897,5531,1862,7393,56
2022-10-03,Humboldt,023,135768,21907,5017,26924,161
2022-10-03,Imperial,025,180216,65675,15868,81543,962
2022-10-03,Inyo,027,18085,4498,995,5493,60
2022-10-03,Kern,029,883053,219817,64134,283951,2431
2022-10-03,Kings,031,150075,59529,4101,63630,464
2022-10-03,Lake,033,64148,12833,1185,14018,150
2022-10-03,Lassen,035,31185,9981,994,10975,64
2022-10-03,Los Angeles,037,10098052,3287102,181407,3468509,33648
2022-10-03,Madera,039,155013,44127,8257,52384,375
2022-10-03,Marin,041,260295,36879,5211,42090,258
2022-10-03,Mariposa,043,17540,3105,343,3448,30
2022-10-03,Mendocino,045,87422,16066,4490,20556,136
2022-10-03,Merced,047,269075,73486,12058,85544,870
2022-10-03,Modoc,049,8938,877,324,1201,11
2022-10-03,Mono,051,14174,3209,255,3464,7
2022-10-03,Monterey,053,433212,94273,21019,115292,771
2022-10-03,Napa,055,140530,32430,1398,33828,161
2022-10-03,Nevada,057,99092,19035,1847,20882,137
2022-10-03,Orange,059,3164182,671241,63857,735098,7558
2022-10-03,Placer,061,380077,76033,9681,85714,662
2022-10-03,Plumas,063,18699,3673,433,4106,13
2022-10-03,Riverside,065,2383286,696696,35280,731976,6649
2022-10-03,Sacramento,067,1510023,347712,34820,382532,3354
2022-10-03,San Benito,069,59416,16339,972,17311,103
2022-10-03,San Bernardino,071,2135413,672509,30789,703298,8102
2022-10-03,San Diego,073,3302833,924909,71754,996663,5580
2022-10-03,San Francisco,075,870044,179663,12091,191754,1068
2022-10-03,San Joaquin,077,732212,198079,14953,213032,2343
2022-10-03,San Luis Obispo,079,281455,63400,7146,70546,526
2022-10-03,San Mateo,081,765935,169447,10410,179857,743
2022-10-03,Santa Barbara,083,443738,105950,6866,112816,731
2022-10-03,Santa Clara,085,1922200,437621,18887,456508,2553
2022-10-03,Santa Cruz,087,273765,63245,3480,66725,273
2022-10-03,Shasta,089,179085,35019,7474,42493,593
2022-10-03,Sierra,091,2930,306,60,366,5
2022-10-03,Siskiyou,093,43540,5151,3308,8459,92
2022-10-03,Solano,095,438530,105430,7908,113338,460
2022-10-03,Sonoma,097,501317,107157,5280,112437,528
2022-10-03,Stanislaus,099,539301,138066,21600,159666,1786
2022-10-03,Sutter,101,95872,24323,2456,26779,234
2022-10-03,Tehama,103,63373,13653,3079,16732,218
2022-10-03,Trinity,105,12862,1398,397,1795,21
2022-10-03,Tulare,107,460477,122156,36468,158624,1548
2022-10-03,Tuolumne,109,53932,15612,924,16536,200
2022-10-03,Ventura,111,848112,209025,15746,224771,1596
2022-10-03,Yolo,113,214977,47503,4319,51822,401
2022-10-03,Yuba,115,75493,18917,1721,20638,132
2022-10-02,Alameda,001,1643700,348589,19515,368104,2002
2022-10-02,Alpine,002,1148,135,1,136,0
2022-10-02,Amador,005,37829,10005,928,10933,93
2022-10-02,Butte,007,227075,39568,9144,48712,464
2022-10-02,Calaveras,009,45235,8517,560,9077,134
2022-10-02,Colusa,011,21464,3802,1285,5087,22
2022-10-02,Contra Costa,013,1133247,251981,20772,272753,1463
2022-10-02,Del Norte,015,27424,7453,397,7850,55
2022-10-02,El Dorado,017,186661,32316,4269,36585,234
2022-10-02,Fresno,019,978130,278909,31838,310747,2883
2022-10-02,Glenn,021,27897,5528,1862,7390,56
2022-10-02,Humboldt,023,135768,21890,5008,26898,161
2022-10-02,Imperial,025,180216,65641,15845,81486,962
2022-10-02,Inyo,027,18085,4498,993,5491,60
2022-10-02,Kern,029,883053,219766,64081,283847,2430
2022-10-02,Kings,031,150075,59514,4100,63614,464
2022-10-02,Lake,033,64148,12827,1185,14012,150
2022-10-02,Lassen,035,31185,9980,992,10972,64
2022-10-02,Los Angeles,037,10098052,3285955,181249,3467204,33643
2022-10-02,Madera,039,155013,44119,8254,52373,375
2022-10-02,Marin,041,260295,36846,5206,42052,258
2022-10-02,Mariposa,043,17540,3105,343,3448,30
2022-10-02,Mendocino,045,87422,16057,4487,20544,136
2022-10-02,Merced,047,269075,73458,12054,85512,870
2022-10-02,Modoc,049,8938,877,324,1201,11
2022-10-02,Mono,051,14174,3209,255,3464,7
2022-10-02,Monterey,053,433212,94257,21007,115264,770
2022-10-02,Napa,055,140530,32419,1396,33815,161
2022-10-02,Nevada,057,99092,19029,1847,20876,137
2022-10-02,Orange,059,3164182,670971,63776,734747,7555
2022-10-02,Placer,061,380077,76005,9678,85683,662
2022-10-02,Plumas,063,18699,3669,432,4101,13
2022-10-02,Riverside,065,2383286,696504,35261,731765,6648
2022-10-02,Sacramento,067,1510023,347531,34789,382320,3353
2022-10-02,San Benito,069,59416,16334,972,17306,103
2022-10-02,San Bernardino,071,2135413,672271,30763,703034,8101
2022-10-02,San Diego,073,3302833,924539,71705,996244,5580
2022-10-02,San Francisco,075,870044,179535,12085,191620,1068
2022-10-02,San Joaquin,077,732212,198002,14949,212951,2343
2022-10-02,San Luis Obispo,079,281455,63363,7137,70500,526
2022-10-02,San Mateo,081,765935,169325,10407,179732,743
2022-10-02,Santa Barbara,083,443738,105902,6859,112761,731
2022-10-02,Santa Clara,085,1922200,437396,18873,456269,2553
2022-10-02,Santa Cruz,087,273765,63205,3473,66678,273
2022-10-02,Shasta,089,179085,35004,7471,42475,593
2022-10-02,Sierra,091,2930,306,60,366,5
2022-10-02,Siskiyou,093,43540,5151,3307,8458,92
2022-10-02,Solano,095,438530,105367,7901,113268,460
2022-10-02,Sonoma,097,501317,107107,5277,112384,528
2022-10-02,Stanislaus,099,539301,138032,21596,159628,1786
2022-10-02,Sutter,101,95872,24313,2456,26769,234
2022-10-02,Tehama,103,63373,13648,3073,16721,218
2022-10-02,Trinity,105,12862,1398,397,1795,21
2022-10-02,Tulare,107,460477,122130,36449,158579,1548
2022-10-02,Tuolumne,109,53932,15607,924,16531,200
2022-10-02,Ventura,111,848112,208943,15727,224670,1595
2022-10-02,Yolo,113,214977,47491,4314,51805,401
2022-10-02,Yuba,115,75493,18911,1719,20630,132
2022-10-01,Alameda,001,1643700,348470,19514,367984,2002
2022-10-01,Alpine,002,1148,135,1,136,0
2022-10-01,Amador,005,37829,10003,928,10931,93
2022-10-01,Butte,007,227075,39557,9137,48694,464
2022-10-01,Calaveras,009,45235,8517,559,9076,134
2022-10-01,Colusa,011,21464,3802,1283,5085,22
2022-10-01,Contra Costa,013,1133247,251907,20769,272676,1463
2022-10-01,Del Norte,015,27424,7451,397,7848,55
2022-10-01,El Dorado,017,186661,32309,4269,36578,234
2022-10-01,Fresno,019,978130,278878,31836,310714,2883
2022-10-01,Glenn,021,27897,5527,1862,7389,56
2022-10-01,Humboldt,023,135768,21887,5007,26894,161
2022-10-01,Imperial,025,180216,65624,15836,81460,962
2022-10-01,Inyo,027,18085,4498,993,5491,60
2022-10-01,Kern,029,883053,219748,64051,283799,2430
2022-10-01,Kings,031,150075,59505,4100,63605,464
2022-10-01,Lake,033,64148,12824,1185,14009,150
2022-10-01,Lassen,035,31185,9978,992,10970,64
2022-10-01,Los Angeles,037,10098052,3285327,181136,3466463,33634
2022-10-01,Madera,039,155013,44115,8254,52369,375
2022-10-01,Marin,041,260295,36823,5206,42029,258
2022-10-01,Mariposa,043,17540,3105,343,3448,30
2022-10-01,Mendocino,045,87422,16050,4483,20533,136
2022-10-01,Merced,047,269075,73448,12052,85500,869
2022-10-01,Modoc,049,8938,877,324,1201,11
2022-10-01,Mono,051,14174,3209,255,3464,7
2022-10-01,Monterey,053,433212,94244,21000,115244,770
2022-10-01,Napa,055,140530,32414,1396,33810,161
2022-10-01,Nevada,057,99092,19026,1846,20872,137
2022-10-01,Orange,059,3164182,670824,63730,734554,7553
2022-10-01,Placer,061,380077,75978,9676,85654,662
2022-10-01,Plumas,063,18699,3668,432,4100,13
2022-10-01,Riverside,065,2383286,696381,35248,731629,6647
2022-10-01,Sacramento,067,1510023,347456,34783,382239,3352
2022-10-01,San Benito,069,59416,16326,969,17295,103
2022-10-01,San Bernardino,071,2135413,672167,30753,702920,8101
2022-10-01,San Diego,073,3302833,924421,71675,996096,5579
2022-10-01,San Francisco,075,870044,179477,12079,191556,1068
2022-10-01,San Joaquin,077,732212,197971,14943,212914,2342
2022-10-01,San Luis Obispo,079,281455,63353,7134,70487,526
2022-10-01,San Mateo,081,765935,169280,10405,179685,743
2022-10-01,Santa Barbara,083,443738,105872,6857,112729,731
2022-10-01,Santa Clara,085,1922200,437223,18871,456094,2551
2022-10-01,Santa Cruz,087,273765,63191,3467,66658,273
2022-10-01,Shasta,089,179085,34998,7467,42465,593
2022-10-01,Sierra,091,2930,306,60,366,5
2022-10-01,Siskiyou,093,43540,5149,3305,8454,92
2022-10-01,Solano,095,438530,105359,7899,113258,460
2022-10-01,Sonoma,097,501317,107081,5275,112356,528
2022-10-01,Stanislaus,099,539301,138009,21595,159604,1786
2022-10-01,Sutter,101,95872,24308,2456,26764,232
2022-10-01,Tehama,103,63373,13646,3072,16718,218
2022-10-01,Trinity,105,12862,1398,397,1795,21
2022-10-01,Tulare,107,460477,122122,36437,158559,1548
2022-10-01,Tuolumne,109,53932,15605,924,16529,200
2022-10-01,Ventura,111,848112,208895,15720,224615,1595
2022-10-01,Yolo,113,214977,47481,4312,51793,399
2022-10-01,Yuba,115,75493,18904,1718,20622,132
2022-09-30,Alameda,001,1643700,348351,19508,367859,2002
2022-09-30,Alpine,002,1148,135,1,136,0
2022-09-30,Amador,005,37829,10001,928,10929,93
2022-09-30,Butte,007,227075,39546,9135,48681,464
2022-09-30,Calaveras,009,45235,8514,559,9073,134
2022-09-30,Colusa,011,21464,3801,1282,5083,22
2022-09-30,Contra Costa,013,1133247,251812,20767,272579,1463
2022-09-30,Del Norte,015,27424,7450,397,7847,55
2022-09-30,El Dorado,017,186661,32300,4265,36565,234
2022-09-30,Fresno,019,978130,278835,31828,310663,2882
2022-09-30,Glenn,021,27897,5526,1862,7388,56
2022-09-30,Humboldt,023,135768,21874,5004,26878,161
2022-09-30,Imperial,025,180216,65614,15828,81442,962
2022-09-30,Inyo,027,18085,4497,991,5488,60
2022-09-30,Kern,029,883053,219727,64019,283746,2428
2022-09-30,Kings,031,150075,59499,4100,63599,464
2022-09-30,Lake,033,64148,12821,1185,14006,150
2022-09-30,Lassen,035,31185,9978,992,10970,64
2022-09-30,Los Angeles,037,10098052,3284582,181020,3465602,33629
2022-09-30,Madera,039,155013,44109,8253,52362,375
2022-09-30,Marin,041,260295,36799,5205,42004,258
2022-09-30,Mariposa,043,17540,3104,343,3447,30
2022-09-30,Mendocino,045,87422,16042,4479,20521,136
2022-09-30,Merced,047,269075,73436,12052,85488,869
2022-09-30,Modoc,049,8938,877,324,1201,11
2022-09-30,Mono,051,14174,3209,255,3464,7
2022-09-30,Monterey,053,433212,94225,20994,115219,770
2022-09-30,Napa,055,140530,32403,1396,33799,161
2022-09-30,Nevada,057,99092,19020,1846,20866,137
2022-09-30,Orange,059,3164182,670686,63692,734378,7547
2022-09-30,Placer,061,380077,75960,9670,85630,662
2022-09-30,Plumas,063,18699,3667,432,4099,13
2022-09-30,Riverside,065,2383286,696268,35237,731505,6646
2022-09-30,Sacramento,067,1510023,347370,34777,382147,3351
2022-09-30,San Benito,069,59416,16323,969,17292,103
2022-09-30,San Bernardino,071,2135413,672040,30745,702785,8100
2022-09-30,San Diego,073,3302833,924204,71646,995850,5577
2022-09-30,San Francisco,075,870044,179412,12073,191485,1067
2022-09-30,San Joaquin,077,732212,197936,14940,212876,2340
2022-09-30,San Luis Obispo,079,281455,63348,7131,70479,526
2022-09-30,San Mateo,081,765935,169214,10402,179616,743
2022-09-30,Santa Barbara,083,443738,105847,6857,112704,731
2022-09-30,Santa Clara,085,1922200,437036,18863,455899,2551
2022-09-30,Santa Cruz,087,273765,63169,3465,66634,273
2022-09-30,Shasta,089,179085,34995,7463,42458,593
2022-09-30,Sierra,091,2930,306,60,366,5
2022-09-30,Siskiyou,093,43540,5148,3305,8453,92
2022-09-30,Solano,095,438530,105329,7896,113225,460
2022-09-30,Sonoma,097,501317,107047,5273,112320,528
2022-09-30,Stanislaus,099,539301,137989,21593,159582,1786
2022-09-30,Sutter,101,95872,24306,2456,26762,232
2022-09-30,Tehama,103,63373,13644,3072,16716,218
2022-09-30,Trinity,105,12862,1397,397,1794,21
2022-09-30,Tulare,107,460477,122101,36424,158525,1547
2022-09-30,Tuolumne,109,53932,15602,924,16526,200
2022-09-30,Ventura,111,848112,208843,15715,224558,1595
2022-09-30,Yolo,113,214977,47470,4312,51782,399
2022-09-30,Yuba,115,75493,18899,1718,20617,132
2022-09-29,Alameda,001,1643700,348184,19494,367678,2002
2022-09-29,Alpine,002,1148,135,1,136,0
2022-09-29,Amador,005,37829,9998,927,10925,93
2022-09-29,Butte,007,227075,39540,9130,48670,463
2022-09-29,Calaveras,009,45235,8509,558,9067,134
2022-09-29,Colusa,011,21464,3800,1282,5082,22
2022-09-29,Contra Costa,013,1133247,251711,20757,272468,1462
2022-09-29,Del Norte,015,27424,7447,397,7844,55
2022-09-29,El Dorado,017,186661,32289,4260,36549,234
2022-09-29,Fresno,019,978130,278741,31818,310559,2882
2022-09-29,Glenn,021,27897,5526,1862,7388,56
2022-09-29,Humboldt,023,135768,21862,5002,26864,161
2022-09-29,Imperial,025,180216,65594,15816,81410,962
2022-09-29,Inyo,027,18085,4497,989,5486,60
2022-09-29,Kern,029,883053,219693,63979,283672,2428
2022-09-29,Kings,031,150075,59492,4099,63591,464
2022-09-29,Lake,033,64148,12817,1185,14002,150
2022-09-29,Lassen,035,31185,9977,992,10969,64
2022-09-29,Los Angeles,037,10098052,3283591,180908,3464499,33622
2022-09-29,Madera,039,155013,44099,8250,52349,375
2022-09-29,Marin,041,260295,36774,5201,41975,258
2022-09-29,Mariposa,043,17540,3102,343,3445,30
2022-09-29,Mendocino,045,87422,16038,4479,20517,136
2022-09-29,Merced,047,269075,73421,12051,85472,869
2022-09-29,Modoc,049,8938,877,324,1201,11
2022-09-29,Mono,051,14174,3208,255,3463,7
2022-09-29,Monterey,053,433212,94214,20987,115201,770
2022-09-29,Napa,055,140530,32391,1396,33787,161
2022-09-29,Nevada,057,99092,19010,1843,20853,137
2022-09-29,Orange,059,3164182,670453,63642,734095,7545
2022-09-29,Placer,061,380077,75936,9661,85597,661
2022-09-29,Plumas,063,18699,3666,431,4097,13
2022-09-29,Riverside,065,2383286,696117,35225,731342,6646
2022-09-29,Sacramento,067,1510023,347230,34758,381988,3348
2022-09-29,San Benito,069,59416,16318,968,17286,103
2022-09-29,San Bernardino,071,2135413,671890,30734,702624,8100
2022-09-29,San Diego,073,3302833,923958,71615,995573,5577
2022-09-29,San Francisco,075,870044,179323,12063,191386,1067
2022-09-29,San Joaquin,077,732212,197891,14931,212822,2340
2022-09-29,San Luis Obispo,079,281455,63328,7125,70453,526
2022-09-29,San Mateo,081,765935,169131,10400,179531,743
2022-09-29,Santa Barbara,083,443738,105813,6854,112667,731
2022-09-29,Santa Clara,085,1922200,436837,18855,455692,2551
2022-09-29,Santa Cruz,087,273765,63125,3459,66584,273
2022-09-29,Shasta,089,179085,34988,7457,42445,593
2022-09-29,Sierra,091,2930,306,60,366,5
2022-09-29,Siskiyou,093,43540,5145,3304,8449,92
2022-09-29,Solano,095,438530,105294,7891,113185,460
2022-09-29,Sonoma,097,501317,106988,5271,112259,528
2022-09-29,Stanislaus,099,539301,137957,21592,159549,1785
2022-09-29,Sutter,101,95872,24303,2456,26759,232
2022-09-29,Tehama,103,63373,13642,3071,16713,218
2022-09-29,Trinity,105,12862,1397,394,1791,21
2022-09-29,Tulare,107,460477,122085,36403,158488,1547
2022-09-29,Tuolumne,109,53932,15598,924,16522,199
2022-09-29,Ventura,111,848112,208783,15706,224489,1595
2022-09-29,Yolo,113,214977,47456,4310,51766,399
2022-09-29,Yuba,115,75493,18897,1718,20615,132
2022-09-28,Alameda,001,1643700,348020,19479,367499,2001
2022-09-28,Alpine,002,1148,134,1,135,0
2022-09-28,Amador,005,37829,9996,927,10923,93
2022-09-28,Butte,007,227075,39533,9122,48655,462
2022-09-28,Calaveras,009,45235,8507,558,9065,134
2022-09-28,Colusa,011,21464,3800,1282,5082,22
2022-09-28,Contra Costa,013,1133247,251601,20744,272345,1461
2022-09-28,Del Norte,015,27424,7445,397,7842,55
2022-09-28,El Dorado,017,186661,32282,4258,36540,234
2022-09-28,Fresno,019,978130,278660,31801,310461,2882
2022-09-28,Glenn,021,27897,5525,1862,7387,56
2022-09-28,Humboldt,023,135768,21852,4999,26851,161
2022-09-28,Imperial,025,180216,65578,15809,81387,962
2022-09-28,Inyo,027,18085,4495,989,5484,60
2022-09-28,Kern,029,883053,219640,63930,283570,2427
2022-09-28,Kings,031,150075,59470,4095,63565,464
2022-09-28,Lake,033,64148,12808,1185,13993,150
2022-09-28,Lassen,035,31185,9976,992,10968,64
2022-09-28,Los Angeles,037,10098052,3282470,180802,3463272,33613
2022-09-28,Madera,039,155013,44093,8249,52342,375
2022-09-28,Marin,041,260295,36747,5200,41947,258
2022-09-28,Mariposa,043,17540,3102,343,3445,30
2022-09-28,Mendocino,045,87422,16035,4475,20510,136
2022-09-28,Merced,047,269075,73409,12045,85454,867
2022-09-28,Modoc,049,8938,877,323,1200,11
2022-09-28,Mono,051,14174,3208,255,3463,7
2022-09-28,Monterey,053,433212,94200,20979,115179,770
2022-09-28,Napa,055,140530,32376,1394,33770,161
2022-09-28,Nevada,057,99092,19002,1830,20832,137
2022-09-28,Orange,059,3164182,670219,63584,733803,7544
2022-09-28,Placer,061,380077,75902,9658,85560,661
2022-09-28,Plumas,063,18699,3664,431,4095,13
2022-09-28,Riverside,065,2383286,695952,35208,731160,6645
2022-09-28,Sacramento,067,1510023,347101,34735,381836,3346
2022-09-28,San Benito,069,59416,16313,965,17278,103
2022-09-28,San Bernardino,071,2135413,671719,30719,702438,8099
2022-09-28,San Diego,073,3302833,923640,71584,995224,5575
2022-09-28,San Francisco,075,870044,179222,12060,191282,1066
2022-09-28,San Joaquin,077,732212,197851,14928,212779,2340
2022-09-28,San Luis Obispo,079,281455,63311,7117,70428,526
2022-09-28,San Mateo,081,765935,169052,10396,179448,743
2022-09-28,Santa Barbara,083,443738,105779,6849,112628,731
2022-09-28,Santa Clara,085,1922200,436669,18846,455515,2551
2022-09-28,Santa Cruz,087,273765,63088,3458,66546,273
2022-09-28,Shasta,089,179085,34983,7452,42435,593
2022-09-28,Sierra,091,2930,306,60,366,5
2022-09-28,Siskiyou,093,43540,5143,3303,8446,92
2022-09-28,Solano,095,438530,105265,7889,113154,460
2022-09-28,Sonoma,097,501317,106953,5265,112218,528
2022-09-28,Stanislaus,099,539301,137924,21588,159512,1785
2022-09-28,Sutter,101,95872,24289,2455,26744,232
2022-09-28,Tehama,103,63373,13638,3071,16709,218
2022-09-28,Trinity,105,12862,1397,392,1789,21
2022-09-28,Tulare,107,460477,122058,36394,158452,1546
2022-09-28,Tuolumne,109,53932,15594,924,16518,199
2022-09-28,Ventura,111,848112,208718,15703,224421,1594
2022-09-28,Yolo,113,214977,47433,4307,51740,399
2022-09-28,Yuba,115,75493,18892,1715,20607,132
2022-09-27,Alameda,001,1643700,347846,19466,367312,2000
2022-09-27,Alpine,002,1148,134,1,135,0
2022-09-27,Amador,005,37829,9992,925,10917,93
2022-09-27,Butte,007,227075,39525,9117,48642,462
2022-09-27,Calaveras,009,45235,8505,558,9063,134
2022-09-27,Colusa,011,21464,3800,1282,5082,22
2022-09-27,Contra Costa,013,1133247,251490,20735,272225,1461
2022-09-27,Del Norte,015,27424,7445,397,7842,55
2022-09-27,El Dorado,017,186661,32265,4256,36521,234
2022-09-27,Fresno,019,978130,278596,31791,310387,2882
2022-09-27,Glenn,021,27897,5524,1862,7386,56
2022-09-27,Humboldt,023,135768,21841,4994,26835,161
2022-09-27,Imperial,025,180216,65555,15804,81359,962
2022-09-27,Inyo,027,18085,4493,987,5480,60
2022-09-27,Kern,029,883053,219582,63902,283484,2427
2022-09-27,Kings,031,150075,59454,4095,63549,464
2022-09-27,Lake,033,64148,12804,1184,13988,150
2022-09-27,Lassen,035,31185,9974,992,10966,64
2022-09-27,Los Angeles,037,10098052,3281271,180643,3461914,33609
2022-09-27,Madera,039,155013,44081,8248,52329,375
2022-09-27,Marin,041,260295,36719,5196,41915,258
2022-09-27,Mariposa,043,17540,3101,343,3444,30
2022-09-27,Mendocino,045,87422,16026,4469,20495,136
2022-09-27,Merced,047,269075,73390,12039,85429,867
2022-09-27,Modoc,049,8938,877,323,1200,11
2022-09-27,Mono,051,14174,3207,255,3462,7
2022-09-27,Monterey,053,433212,94179,20963,115142,770
2022-09-27,Napa,055,140530,32359,1394,33753,161
2022-09-27,Nevada,057,99092,18993,1829,20822,137
2022-09-27,Orange,059,3164182,669934,63523,733457,7539
2022-09-27,Placer,061,380077,75861,9653,85514,660
2022-09-27,Plumas,063,18699,3661,431,4092,13
2022-09-27,Riverside,065,2383286,695755,35185,730940,6643
2022-09-27,Sacramento,067,1510023,346952,34707,381659,3344
2022-09-27,San Benito,069,59416,16312,965,17277,103
2022-09-27,San Bernardino,071,2135413,671467,30705,702172,8098
2022-09-27,San Diego,073,3302833,923245,71548,994793,5573
2022-09-27,San Francisco,075,870044,179110,12058,191168,1066
2022-09-27,San Joaquin,077,732212,197799,14921,212720,2340
2022-09-27,San Luis Obispo,079,281455,63282,7116,70398,525
2022-09-27,San Mateo,081,765935,168980,10394,179374,743
2022-09-27,Santa Barbara,083,443738,105736,6843,112579,731
2022-09-27,Santa Clara,085,1922200,436440,18832,455272,2548
2022-09-27,Santa Cruz,087,273765,63057,3453,66510,273
2022-09-27,Shasta,089,179085,34971,7444,42415,593
2022-09-27,Sierra,091,2930,304,60,364,5
2022-09-27,Siskiyou,093,43540,5141,3303,8444,92
2022-09-27,Solano,095,438530,105222,7887,113109,460
2022-09-27,Sonoma,097,501317,106903,5262,112165,528
2022-09-27,Stanislaus,099,539301,137896,21587,159483,1785
2022-09-27,Sutter,101,95872,24275,2455,26730,232
2022-09-27,Tehama,103,63373,13636,3070,16706,218
2022-09-27,Trinity,105,12862,1397,389,1786,21
2022-09-27,Tulare,107,460477,122032,36377,158409,1544
2022-09-27,Tuolumne,109,53932,15588,924,16512,199
2022-09-27,Ventura,111,848112,208638,15693,224331,1594
2022-09-27,Yolo,113,214977,47405,4306,51711,399
2022-09-27,Yuba,115,75493,18888,1714,20602,132
2022-09-26,Alameda,001,1643700,347653,19460,367113,2000
2022-09-26,Alpine,002,1148,134,1,135,0
2022-09-26,Amador,005,37829,9991,924,10915,93
2022-09-26,Butte,007,227075,39513,9114,48627,462
2022-09-26,Calaveras,009,45235,8502,555,9057,134
2022-09-26,Colusa,011,21464,3797,1280,5077,22
2022-09-26,Contra Costa,013,1133247,251355,20721,272076,1460
2022-09-26,Del Norte,015,27424,7444,397,7841,55
2022-09-26,El Dorado,017,186661,32247,4253,36500,234
2022-09-26,Fresno,019,978130,278523,31775,310298,2881
2022-09-26,Glenn,021,27897,5524,1862,7386,56
2022-09-26,Humboldt,023,135768,21829,4989,26818,161
2022-09-26,Imperial,025,180216,65534,15789,81323,962
2022-09-26,Inyo,027,18085,4493,986,5479,60
2022-09-26,Kern,029,883053,219522,63874,283396,2427
2022-09-26,Kings,031,150075,59442,4093,63535,464
2022-09-26,Lake,033,64148,12798,1184,13982,149
2022-09-26,Lassen,035,31185,9974,991,10965,64
2022-09-26,Los Angeles,037,10098052,3280082,180471,3460553,33598
2022-09-26,Madera,039,155013,44062,8245,52307,375
2022-09-26,Marin,041,260295,36688,5191,41879,258
2022-09-26,Mariposa,043,17540,3100,343,3443,30
2022-09-26,Mendocino,045,87422,16016,4469,20485,136
2022-09-26,Merced,047,269075,73377,12035,85412,867
2022-09-26,Modoc,049,8938,875,323,1198,11
2022-09-26,Mono,051,14174,3205,255,3460,7
2022-09-26,Monterey,053,433212,94162,20942,115104,770
2022-09-26,Napa,055,140530,32341,1393,33734,161
2022-09-26,Nevada,057,99092,18984,1827,20811,137
2022-09-26,Orange,059,3164182,669662,63460,733122,7536
2022-09-26,Placer,061,380077,75825,9645,85470,660
2022-09-26,Plumas,063,18699,3661,431,4092,13
2022-09-26,Riverside,065,2383286,695550,35171,730721,6642
2022-09-26,Sacramento,067,1510023,346788,34680,381468,3342
2022-09-26,San Benito,069,59416,16305,965,17270,103
2022-09-26,San Bernardino,071,2135413,671266,30695,701961,8098
2022-09-26,San Diego,073,3302833,922823,71519,994342,5571
2022-09-26,San Francisco,075,870044,179008,12057,191065,1065
2022-09-26,San Joaquin,077,732212,197732,14911,212643,2339
2022-09-26,San Luis Obispo,079,281455,63250,7112,70362,525
2022-09-26,San Mateo,081,765935,168887,10392,179279,743
2022-09-26,Santa Barbara,083,443738,105696,6838,112534,731
2022-09-26,Santa Clara,085,1922200,436185,18815,455000,2547
2022-09-26,Santa Cruz,087,273765,63018,3451,66469,273
2022-09-26,Shasta,089,179085,34962,7435,42397,593
2022-09-26,Sierra,091,2930,304,60,364,5
2022-09-26,Siskiyou,093,43540,5141,3301,8442,92
2022-09-26,Solano,095,438530,105179,7881,113060,460
2022-09-26,Sonoma,097,501317,106835,5258,112093,528
2022-09-26,Stanislaus,099,539301,137866,21581,159447,1785
2022-09-26,Sutter,101,95872,24266,2455,26721,232
2022-09-26,Tehama,103,63373,13633,3070,16703,218
2022-09-26,Trinity,105,12862,1397,388,1785,21
2022-09-26,Tulare,107,460477,121992,36357,158349,1544
2022-09-26,Tuolumne,109,53932,15586,923,16509,199
2022-09-26,Ventura,111,848112,208546,15685,224231,1594
2022-09-26,Yolo,113,214977,47380,4300,51680,399
2022-09-26,Yuba,115,75493,18882,1712,20594,132
2022-09-25,Alameda,001,1643700,347430,19443,366873,2000
2022-09-25,Alpine,002,1148,134,1,135,0
2022-09-25,Amador,005,37829,9987,922,10909,93
2022-09-25,Butte,007,227075,39491,9107,48598,462
2022-09-25,Calaveras,009,45235,8498,550,9048,134
2022-09-25,Colusa,011,21464,3795,1274,5069,22
2022-09-25,Contra Costa,013,1133247,251203,20702,271905,1459
2022-09-25,Del Norte,015,27424,7439,397,7836,55
2022-09-25,El Dorado,017,186661,32233,4250,36483,234
2022-09-25,Fresno,019,978130,278416,31749,310165,2881
2022-09-25,Glenn,021,27897,5524,1862,7386,56
2022-09-25,Humboldt,023,135768,21819,4985,26804,160
2022-09-25,Imperial,025,180216,65514,15776,81290,962
2022-09-25,Inyo,027,18085,4490,985,5475,60
2022-09-25,Kern,029,883053,219458,63801,283259,2427
2022-09-25,Kings,031,150075,59423,4092,63515,464
2022-09-25,Lake,033,64148,12793,1182,13975,149
2022-09-25,Lassen,035,31185,9973,991,10964,64
2022-09-25,Los Angeles,037,10098052,3278613,180279,3458892,33586
2022-09-25,Madera,039,155013,44048,8240,52288,375
2022-09-25,Marin,041,260295,36647,5191,41838,258
2022-09-25,Mariposa,043,17540,3100,343,3443,30
2022-09-25,Mendocino,045,87422,16006,4462,20468,136
2022-09-25,Merced,047,269075,73353,12028,85381,867
2022-09-25,Modoc,049,8938,875,323,1198,11
2022-09-25,Mono,051,14174,3205,253,3458,7
2022-09-25,Monterey,053,433212,94138,20931,115069,770
2022-09-25,Napa,055,140530,32323,1392,33715,161
2022-09-25,Nevada,057,99092,18971,1827,20798,137
2022-09-25,Orange,059,3164182,669351,63395,732746,7533
2022-09-25,Placer,061,380077,75779,9632,85411,659
2022-09-25,Plumas,063,18699,3655,431,4086,13
2022-09-25,Riverside,065,2383286,695328,35154,730482,6642
2022-09-25,Sacramento,067,1510023,346628,34645,381273,3341
2022-09-25,San Benito,069,59416,16293,965,17258,103
2022-09-25,San Bernardino,071,2135413,671024,30674,701698,8098
2022-09-25,San Diego,073,3302833,922373,71479,993852,5570
2022-09-25,San Francisco,075,870044,178880,12053,190933,1065
2022-09-25,San Joaquin,077,732212,197645,14894,212539,2339
2022-09-25,San Luis Obispo,079,281455,63216,7104,70320,525
2022-09-25,San Mateo,081,765935,168755,10386,179141,743
2022-09-25,Santa Barbara,083,443738,105642,6837,112479,731
2022-09-25,Santa Clara,085,1922200,435936,18800,454736,2545
2022-09-25,Santa Cruz,087,273765,62969,3443,66412,273
2022-09-25,Shasta,089,179085,34949,7426,42375,593
2022-09-25,Sierra,091,2930,304,60,364,5
2022-09-25,Siskiyou,093,43540,5139,3300,8439,92
2022-09-25,Solano,095,438530,105113,7877,112990,460
2022-09-25,Sonoma,097,501317,106778,5255,112033,528
2022-09-25,Stanislaus,099,539301,137814,21578,159392,1785
2022-09-25,Sutter,101,95872,24250,2455,26705,232
2022-09-25,Tehama,103,63373,13625,3070,16695,218
2022-09-25,Trinity,105,12862,1397,388,1785,21
2022-09-25,Tulare,107,460477,121961,36335,158296,1543
2022-09-25,Tuolumne,109,53932,15580,922,16502,199
2022-09-25,Ventura,111,848112,208442,15673,224115,1594
2022-09-25,Yolo,113,214977,47353,4295,51648,399
2022-09-25,Yuba,115,75493,18878,1711,20589,132
2022-09-24,Alameda,001,1643700,347316,19438,366754,1999
2022-09-24,Alpine,002,1148,134,1,135,0
2022-09-24,Amador,005,37829,9985,921,10906,93
2022-09-24,Butte,007,227075,39484,9105,48589,462
2022-09-24,Calaveras,009,45235,8495,550,9045,133
2022-09-24,Colusa,011,21464,3794,1273,5067,22
2022-09-24,Contra Costa,013,1133247,251116,20698,271814,1458
2022-09-24,Del Norte,015,27424,7436,397,7833,55
2022-09-24,El Dorado,017,186661,32221,4246,36467,234
2022-09-24,Fresno,019,978130,278377,31743,310120,2880
2022-09-24,Glenn,021,27897,5523,1862,7385,56
2022-09-24,Humboldt,023,135768,21806,4984,26790,160
2022-09-24,Imperial,025,180216,65499,15770,81269,962
2022-09-24,Inyo,027,18085,4490,985,5475,60
2022-09-24,Kern,029,883053,219426,63764,283190,2427
2022-09-24,Kings,031,150075,59411,4092,63503,464
2022-09-24,Lake,033,64148,12791,1181,13972,149
2022-09-24,Lassen,035,31185,9972,991,10963,64
2022-09-24,Los Angeles,037,10098052,3277886,180135,3458021,33576
2022-09-24,Madera,039,155013,44045,8237,52282,375
2022-09-24,Marin,041,260295,36632,5191,41823,258
2022-09-24,Mariposa,043,17540,3098,343,3441,30
2022-09-24,Mendocino,045,87422,16002,4461,20463,136
2022-09-24,Merced,047,269075,73340,12028,85368,867
2022-09-24,Modoc,049,8938,875,322,1197,11
2022-09-24,Mono,051,14174,3205,253,3458,7
2022-09-24,Monterey,053,433212,94128,20926,115054,770
2022-09-24,Napa,055,140530,32313,1392,33705,160
2022-09-24,Nevada,057,99092,18966,1824,20790,137
2022-09-24,Orange,059,3164182,669175,63337,732512,7527
2022-09-24,Placer,061,380077,75755,9626,85381,659
2022-09-24,Plumas,063,18699,3652,431,4083,13
2022-09-24,Riverside,065,2383286,695200,35145,730345,6640
2022-09-24,Sacramento,067,1510023,346554,34637,381191,3339
2022-09-24,San Benito,069,59416,16285,965,17250,103
2022-09-24,San Bernardino,071,2135413,670906,30667,701573,8098
2022-09-24,San Diego,073,3302833,922166,71465,993631,5568
2022-09-24,San Francisco,075,870044,178802,12047,190849,1065
2022-09-24,San Joaquin,077,732212,197619,14887,212506,2339
2022-09-24,San Luis Obispo,079,281455,63204,7103,70307,525
2022-09-24,San Mateo,081,765935,168676,10382,179058,743
2022-09-24,Santa Barbara,083,443738,105618,6837,112455,731
2022-09-24,Santa Clara,085,1922200,435774,18790,454564,2542
2022-09-24,Santa Cruz,087,273765,62952,3440,66392,273
2022-09-24,Shasta,089,179085,34943,7424,42367,593
2022-09-24,Sierra,091,2930,304,60,364,5
2022-09-24,Siskiyou,093,43540,5136,3300,8436,92
2022-09-24,Solano,095,438530,105094,7876,112970,460
2022-09-24,Sonoma,097,501317,106750,5252,112002,528
2022-09-24,Stanislaus,099,539301,137787,21572,159359,1785
2022-09-24,Sutter,101,95872,24243,2455,26698,232
2022-09-24,Tehama,103,63373,13620,3069,16689,218
2022-09-24,Trinity,105,12862,1397,388,1785,21
2022-09-24,Tulare,107,460477,121942,36318,158260,1542
2022-09-24,Tuolumne,109,53932,15572,922,16494,199
2022-09-24,Ventura,111,848112,208395,15666,224061,1593
2022-09-24,Yolo,113,214977,47338,4293,51631,399
2022-09-24,Yuba,115,75493,18873,1710,20583,132
2022-09-23,Alameda,001,1643700,347174,19429,366603,1999
2022-09-23,Alpine,002,1148,134,1,135,0
2022-09-23,Amador,005,37829,9981,921,10902,93
2022-09-23,Butte,007,227075,39476,9102,48578,462
2022-09-23,Calaveras,009,45235,8494,550,9044,133
2022-09-23,Colusa,011,21464,3794,1273,5067,22
2022-09-23,Contra Costa,013,1133247,251034,20694,271728,1458
2022-09-23,Del Norte,015,27424,7433,397,7830,55
2022-09-23,El Dorado,017,186661,32207,4244,36451,234
2022-09-23,Fresno,019,978130,278330,31734,310064,2880
2022-09-23,Glenn,021,27897,5521,1861,7382,56
2022-09-23,Humboldt,023,135768,21789,4977,26766,160
2022-09-23,Imperial,025,180216,65489,15763,81252,962
2022-09-23,Inyo,027,18085,4490,981,5471,60
2022-09-23,Kern,029,883053,219385,63740,283125,2426
2022-09-23,Kings,031,150075,59403,4092,63495,464
2022-09-23,Lake,033,64148,12791,1181,13972,149
2022-09-23,Lassen,035,31185,9970,991,10961,64
2022-09-23,Los Angeles,037,10098052,3277118,180054,3457172,33566
2022-09-23,Madera,039,155013,44035,8237,52272,375
2022-09-23,Marin,041,260295,36609,5189,41798,258
2022-09-23,Mariposa,043,17540,3097,343,3440,30
2022-09-23,Mendocino,045,87422,16000,4461,20461,136
2022-09-23,Merced,047,269075,73329,12027,85356,867
2022-09-23,Modoc,049,8938,875,322,1197,11
2022-09-23,Mono,051,14174,3205,253,3458,7
2022-09-23,Monterey,053,433212,94120,20916,115036,770
2022-09-23,Napa,055,140530,32304,1392,33696,160
2022-09-23,Nevada,057,99092,18962,1823,20785,137
2022-09-23,Orange,059,3164182,668998,63306,732304,7525
2022-09-23,Placer,061,380077,75733,9620,85353,659
2022-09-23,Plumas,063,18699,3649,431,4080,13
2022-09-23,Riverside,065,2383286,695067,35135,730202,6639
2022-09-23,Sacramento,067,1510023,346480,34633,381113,3338
2022-09-23,San Benito,069,59416,16285,965,17250,102
2022-09-23,San Bernardino,071,2135413,670773,30660,701433,8098
2022-09-23,San Diego,073,3302833,921921,71432,993353,5568
2022-09-23,San Francisco,075,870044,178726,12042,190768,1065
2022-09-23,San Joaquin,077,732212,197581,14876,212457,2339
2022-09-23,San Luis Obispo,079,281455,63194,7102,70296,524
2022-09-23,San Mateo,081,765935,168600,10380,178980,743
2022-09-23,Santa Barbara,083,443738,105591,6836,112427,731
2022-09-23,Santa Clara,085,1922200,435604,18780,454384,2542
2022-09-23,Santa Cruz,087,273765,62936,3438,66374,273
2022-09-23,Shasta,089,179085,34938,7419,42357,593
2022-09-23,Sierra,091,2930,304,60,364,5
2022-09-23,Siskiyou,093,43540,5134,3300,8434,92
2022-09-23,Solano,095,438530,105065,7873,112938,460
2022-09-23,Sonoma,097,501317,106723,5251,111974,527
2022-09-23,Stanislaus,099,539301,137762,21568,159330,1785
2022-09-23,Sutter,101,95872,24235,2455,26690,232
2022-09-23,Tehama,103,63373,13616,3067,16683,218
2022-09-23,Trinity,105,12862,1396,388,1784,21
2022-09-23,Tulare,107,460477,121922,36299,158221,1542
2022-09-23,Tuolumne,109,53932,15566,922,16488,199
2022-09-23,Ventura,111,848112,208333,15660,223993,1592
2022-09-23,Yolo,113,214977,47320,4293,51613,399
2022-09-23,Yuba,115,75493,18871,1710,20581,132
2022-09-22,Alameda,001,1643700,347002,19426,366428,1999
2022-09-22,Alpine,002,1148,134,1,135,0
2022-09-22,Amador,005,37829,9977,921,10898,93
2022-09-22,Butte,007,227075,39464,9098,48562,462
2022-09-22,Calaveras,009,45235,8492,544,9036,133
2022-09-22,Colusa,011,21464,3792,1273,5065,22
2022-09-22,Contra Costa,013,1133247,250917,20680,271597,1458
2022-09-22,Del Norte,015,27424,7432,397,7829,55
2022-09-22,El Dorado,017,186661,32196,4241,36437,234
2022-09-22,Fresno,019,978130,278246,31718,309964,2879
2022-09-22,Glenn,021,27897,5520,1861,7381,56
2022-09-22,Humboldt,023,135768,21775,4975,26750,159
2022-09-22,Imperial,025,180216,65476,15750,81226,962
2022-09-22,Inyo,027,18085,4490,979,5469,60
2022-09-22,Kern,029,883053,219338,63692,283030,2425
2022-09-22,Kings,031,150075,59388,4092,63480,464
2022-09-22,Lake,033,64148,12788,1181,13969,149
2022-09-22,Lassen,035,31185,9969,991,10960,64
2022-09-22,Los Angeles,037,10098052,3276074,179905,3455979,33561
2022-09-22,Madera,039,155013,44028,8237,52265,375
2022-09-22,Marin,041,260295,36594,5187,41781,258
2022-09-22,Mariposa,043,17540,3096,343,3439,30
2022-09-22,Mendocino,045,87422,15995,4461,20456,136
2022-09-22,Merced,047,269075,73308,12025,85333,866
2022-09-22,Modoc,049,8938,875,322,1197,11
2022-09-22,Mono,051,14174,3204,252,3456,7
2022-09-22,Monterey,053,433212,94101,20907,115008,770
2022-09-22,Napa,055,140530,32286,1391,33677,160
2022-09-22,Nevada,057,99092,18956,1822,20778,137
2022-09-22,Orange,059,3164182,668768,63257,732025,7520
2022-09-22,Placer,061,380077,75701,9614,85315,659
2022-09-22,Plumas,063,18699,3646,431,4077,13
2022-09-22,Riverside,065,2383286,694886,35127,730013,6636
2022-09-22,Sacramento,067,1510023,346319,34614,380933,3336
2022-09-22,San Benito,069,59416,16285,964,17249,102
2022-09-22,San Bernardino,071,2135413,670623,30646,701269,8097
2022-09-22,San Diego,073,3302833,921558,71392,992950,5567
2022-09-22,San Francisco,075,870044,178620,12036,190656,1064
2022-09-22,San Joaquin,077,732212,197533,14867,212400,2338
2022-09-22,San Luis Obispo,079,281455,63176,7100,70276,524
2022-09-22,San Mateo,081,765935,168531,10378,178909,743
2022-09-22,Santa Barbara,083,443738,105561,6833,112394,729
2022-09-22,Santa Clara,085,1922200,435421,18770,454191,2541
2022-09-22,Santa Cruz,087,273765,62892,3427,66319,273
2022-09-22,Shasta,089,179085,34923,7413,42336,593
2022-09-22,Sierra,091,2930,304,60,364,5
2022-09-22,Siskiyou,093,43540,5133,3299,8432,92
2022-09-22,Solano,095,438530,105005,7868,112873,459
2022-09-22,Sonoma,097,501317,106687,5250,111937,527
2022-09-22,Stanislaus,099,539301,137729,21565,159294,1785
2022-09-22,Sutter,101,95872,24224,2455,26679,232
2022-09-22,Tehama,103,63373,13610,3065,16675,217
2022-09-22,Trinity,105,12862,1394,388,1782,21
2022-09-22,Tulare,107,460477,121904,36283,158187,1542
2022-09-22,Tuolumne,109,53932,15559,921,16480,199
2022-09-22,Ventura,111,848112,208247,15653,223900,1592
2022-09-22,Yolo,113,214977,47306,4287,51593,398
2022-09-22,Yuba,115,75493,18863,1707,20570,132
2022-09-21,Alameda,001,1643700,346832,19415,366247,1999
2022-09-21,Alpine,002,1148,134,1,135,0
2022-09-21,Amador,005,37829,9976,921,10897,93
2022-09-21,Butte,007,227075,39451,9089,48540,462
2022-09-21,Calaveras,009,45235,8489,543,9032,133
2022-09-21,Colusa,011,21464,3792,1273,5065,22
2022-09-21,Contra Costa,013,1133247,250799,20671,271470,1458
2022-09-21,Del Norte,015,27424,7430,397,7827,55
2022-09-21,El Dorado,017,186661,32184,4238,36422,234
2022-09-21,Fresno,019,978130,278169,31706,309875,2879
2022-09-21,Glenn,021,27897,5519,1860,7379,56
2022-09-21,Humboldt,023,135768,21758,4973,26731,159
2022-09-21,Imperial,025,180216,65460,15740,81200,962
2022-09-21,Inyo,027,18085,4490,976,5466,60
2022-09-21,Kern,029,883053,219284,63646,282930,2424
2022-09-21,Kings,031,150075,59372,4092,63464,464
2022-09-21,Lake,033,64148,12781,1180,13961,149
2022-09-21,Lassen,035,31185,9969,991,10960,64
2022-09-21,Los Angeles,037,10098052,3274906,179739,3454645,33551
2022-09-21,Madera,039,155013,44013,8237,52250,375
2022-09-21,Marin,041,260295,36570,5187,41757,258
2022-09-21,Mariposa,043,17540,3096,343,3439,30
2022-09-21,Mendocino,045,87422,15987,4460,20447,136
2022-09-21,Merced,047,269075,73291,12025,85316,866
2022-09-21,Modoc,049,8938,875,322,1197,11
2022-09-21,Mono,051,14174,3204,252,3456,7
2022-09-21,Monterey,053,433212,94080,20899,114979,770
2022-09-21,Napa,055,140530,32278,1391,33669,160
2022-09-21,Nevada,057,99092,18946,1822,20768,137
2022-09-21,Orange,059,3164182,668503,63209,731712,7518
2022-09-21,Placer,061,380077,75667,9610,85277,659
2022-09-21,Plumas,063,18699,3644,431,4075,13
2022-09-21,Riverside,065,2383286,694701,35108,729809,6635
2022-09-21,Sacramento,067,1510023,346162,34598,380760,3335
2022-09-21,San Benito,069,59416,16272,962,17234,102
2022-09-21,San Bernardino,071,2135413,670468,30640,701108,8097
2022-09-21,San Diego,073,3302833,921179,71345,992524,5567
2022-09-21,San Francisco,075,870044,178523,12027,190550,1063
2022-09-21,San Joaquin,077,732212,197478,14861,212339,2338
2022-09-21,San Luis Obispo,079,281455,63158,7093,70251,524
2022-09-21,San Mateo,081,765935,168455,10377,178832,743
2022-09-21,Santa Barbara,083,443738,105515,6831,112346,729
2022-09-21,Santa Clara,085,1922200,435229,18763,453992,2541
2022-09-21,Santa Cruz,087,273765,62845,3423,66268,273
2022-09-21,Shasta,089,179085,34915,7408,42323,592
2022-09-21,Sierra,091,2930,303,60,363,5
2022-09-21,Siskiyou,093,43540,5130,3298,8428,90
2022-09-21,Solano,095,438530,104961,7865,112826,459
2022-09-21,Sonoma,097,501317,106653,5244,111897,527
2022-09-21,Stanislaus,099,539301,137695,21555,159250,1785
2022-09-21,Sutter,101,95872,24215,2455,26670,232
2022-09-21,Tehama,103,63373,13604,3065,16669,216
2022-09-21,Trinity,105,12862,1394,388,1782,21
2022-09-21,Tulare,107,460477,121875,36265,158140,1541
2022-09-21,Tuolumne,109,53932,15554,918,16472,199
2022-09-21,Ventura,111,848112,208171,15646,223817,1591
2022-09-21,Yolo,113,214977,47286,4281,51567,398
2022-09-21,Yuba,115,75493,18855,1707,20562,132
2022-09-20,Alameda,001,1643700,346674,19404,366078,1999
2022-09-20,Alpine,002,1148,134,1,135,0
2022-09-20,Amador,005,37829,9968,921,10889,93
2022-09-20,Butte,007,227075,39436,9079,48515,462
2022-09-20,Calaveras,009,45235,8487,543,9030,133
2022-09-20,Colusa,011,21464,3792,1273,5065,22
2022-09-20,Contra Costa,013,1133247,250673,20658,271331,1457
2022-09-20,Del Norte,015,27424,7425,397,7822,55
2022-09-20,El Dorado,017,186661,32170,4234,36404,234
2022-09-20,Fresno,019,978130,278093,31693,309786,2879
2022-09-20,Glenn,021,27897,5518,1859,7377,56
2022-09-20,Humboldt,023,135768,21745,4970,26715,159
2022-09-20,Imperial,025,180216,65438,15729,81167,961
2022-09-20,Inyo,027,18085,4489,973,5462,60
2022-09-20,Kern,029,883053,219228,63604,282832,2424
2022-09-20,Kings,031,150075,59349,4091,63440,464
2022-09-20,Lake,033,64148,12778,1180,13958,149
2022-09-20,Lassen,035,31185,9966,991,10957,64
2022-09-20,Los Angeles,037,10098052,3273743,179594,3453337,33540
2022-09-20,Madera,039,155013,44004,8232,52236,375
2022-09-20,Marin,041,260295,36545,5182,41727,258
2022-09-20,Mariposa,043,17540,3096,343,3439,30
2022-09-20,Mendocino,045,87422,15982,4458,20440,136
2022-09-20,Merced,047,269075,73265,12023,85288,866
2022-09-20,Modoc,049,8938,875,322,1197,11
2022-09-20,Mono,051,14174,3204,252,3456,7
2022-09-20,Monterey,053,433212,94061,20890,114951,770
2022-09-20,Napa,055,140530,32269,1390,33659,160
2022-09-20,Nevada,057,99092,18941,1822,20763,137
2022-09-20,Orange,059,3164182,668215,63163,731378,7518
2022-09-20,Placer,061,380077,75638,9605,85243,659
2022-09-20,Plumas,063,18699,3642,431,4073,13
2022-09-20,Riverside,065,2383286,694498,35080,729578,6635
2022-09-20,Sacramento,067,1510023,346006,34575,380581,3333
2022-09-20,San Benito,069,59416,16265,962,17227,102
2022-09-20,San Bernardino,071,2135413,670252,30628,700880,8093
2022-09-20,San Diego,073,3302833,920768,71289,992057,5564
2022-09-20,San Francisco,075,870044,178422,12021,190443,1063
2022-09-20,San Joaquin,077,732212,197416,14856,212272,2338
2022-09-20,San Luis Obispo,079,281455,63141,7085,70226,524
2022-09-20,San Mateo,081,765935,168371,10373,178744,743
2022-09-20,Santa Barbara,083,443738,105479,6826,112305,729
2022-09-20,Santa Clara,085,1922200,435021,18752,453773,2541
2022-09-20,Santa Cruz,087,273765,62823,3418,66241,273
2022-09-20,Shasta,089,179085,34904,7404,42308,592
2022-09-20,Sierra,091,2930,303,60,363,5
2022-09-20,Siskiyou,093,43540,5126,3298,8424,90
2022-09-20,Solano,095,438530,104915,7858,112773,459
2022-09-20,Sonoma,097,501317,106600,5243,111843,527
2022-09-20,Stanislaus,099,539301,137651,21550,159201,1784
2022-09-20,Sutter,101,95872,24211,2455,26666,232
2022-09-20,Tehama,103,63373,13602,3065,16667,216
2022-09-20,Trinity,105,12862,1394,388,1782,21
2022-09-20,Tulare,107,460477,121853,36243,158096,1541
2022-09-20,Tuolumne,109,53932,15548,917,16465,199
2022-09-20,Ventura,111,848112,208088,15641,223729,1591
2022-09-20,Yolo,113,214977,47265,4277,51542,397
2022-09-20,Yuba,115,75493,18851,1707,20558,132
2022-09-19,Alameda,001,1643700,346499,19390,365889,1999
2022-09-19,Alpine,002,1148,134,1,135,0
2022-09-19,Amador,005,37829,9964,921,10885,93
2022-09-19,Butte,007,227075,39423,9071,48494,462
2022-09-19,Calaveras,009,45235,8482,542,9024,133
2022-09-19,Colusa,011,21464,3790,1273,5063,22
2022-09-19,Contra Costa,013,1133247,250578,20635,271213,1455
2022-09-19,Del Norte,015,27424,7422,397,7819,55
2022-09-19,El Dorado,017,186661,32161,4230,36391,234
2022-09-19,Fresno,019,978130,278006,31685,309691,2878
2022-09-19,Glenn,021,27897,5517,1858,7375,56
2022-09-19,Humboldt,023,135768,21732,4965,26697,159
2022-09-19,Imperial,025,180216,65419,15715,81134,961
2022-09-19,Inyo,027,18085,4488,971,5459,60
2022-09-19,Kern,029,883053,219165,63545,282710,2424
2022-09-19,Kings,031,150075,59335,4091,63426,464
2022-09-19,Lake,033,64148,12772,1180,13952,149
2022-09-19,Lassen,035,31185,9961,991,10952,64
2022-09-19,Los Angeles,037,10098052,3272360,179412,3451772,33535
2022-09-19,Madera,039,155013,43978,8227,52205,375
2022-09-19,Marin,041,260295,36515,5178,41693,258
2022-09-19,Mariposa,043,17540,3096,343,3439,30
2022-09-19,Mendocino,045,87422,15975,4456,20431,136
2022-09-19,Merced,047,269075,73250,12016,85266,866
2022-09-19,Modoc,049,8938,875,322,1197,11
2022-09-19,Mono,051,14174,3204,252,3456,7
2022-09-19,Monterey,053,433212,94027,20877,114904,770
2022-09-19,Napa,055,140530,32254,1389,33643,160
2022-09-19,Nevada,057,99092,18935,1820,20755,137
2022-09-19,Orange,059,3164182,667922,63109,731031,7517
2022-09-19,Placer,061,380077,75616,9603,85219,659
2022-09-19,Plumas,063,18699,3640,431,4071,13
2022-09-19,Riverside,065,2383286,694261,35067,729328,6634
2022-09-19,Sacramento,067,1510023,345856,34556,380412,3331
2022-09-19,San Benito,069,59416,16255,962,17217,102
2022-09-19,San Bernardino,071,2135413,670025,30613,700638,8092
2022-09-19,San Diego,073,3302833,920340,71202,991542,5564
2022-09-19,San Francisco,075,870044,178330,12013,190343,1063
2022-09-19,San Joaquin,077,732212,197323,14849,212172,2338
2022-09-19,San Luis Obispo,079,281455,63119,7079,70198,524
2022-09-19,San Mateo,081,765935,168270,10367,178637,743
2022-09-19,Santa Barbara,083,443738,105437,6821,112258,729
2022-09-19,Santa Clara,085,1922200,434784,18740,453524,2537
2022-09-19,Santa Cruz,087,273765,62793,3412,66205,273
2022-09-19,Shasta,089,179085,34885,7397,42282,592
2022-09-19,Sierra,091,2930,303,60,363,5
2022-09-19,Siskiyou,093,43540,5123,3296,8419,90
2022-09-19,Solano,095,438530,104870,7855,112725,459
2022-09-19,Sonoma,097,501317,106543,5243,111786,527
2022-09-19,Stanislaus,099,539301,137605,21539,159144,1783
2022-09-19,Sutter,101,95872,24197,2455,26652,232
2022-09-19,Tehama,103,63373,13597,3064,16661,216
2022-09-19,Trinity,105,12862,1394,388,1782,21
2022-09-19,Tulare,107,460477,121824,36224,158048,1541
2022-09-19,Tuolumne,109,53932,15542,917,16459,199
2022-09-19,Ventura,111,848112,207989,15638,223627,1590
2022-09-19,Yolo,113,214977,47250,4275,51525,396
2022-09-19,Yuba,115,75493,18841,1700,20541,132
2022-09-18,Alameda,001,1643700,346291,19377,365668,1998
2022-09-18,Alpine,002,1148,134,1,135,0
2022-09-18,Amador,005,37829,9958,921,10879,93
2022-09-18,Butte,007,227075,39405,9060,48465,462
2022-09-18,Calaveras,009,45235,8476,539,9015,133
2022-09-18,Colusa,011,21464,3789,1273,5062,22
2022-09-18,Contra Costa,013,1133247,250427,20623,271050,1454
2022-09-18,Del Norte,015,27424,7416,397,7813,55
2022-09-18,El Dorado,017,186661,32147,4227,36374,234
2022-09-18,Fresno,019,978130,277908,31660,309568,2878
2022-09-18,Glenn,021,27897,5512,1858,7370,56
2022-09-18,Humboldt,023,135768,21718,4957,26675,159
2022-09-18,Imperial,025,180216,65400,15693,81093,961
2022-09-18,Inyo,027,18085,4486,970,5456,60
2022-09-18,Kern,029,883053,219090,63472,282562,2424
2022-09-18,Kings,031,150075,59317,4087,63404,464
2022-09-18,Lake,033,64148,12766,1177,13943,149
2022-09-18,Lassen,035,31185,9957,991,10948,64
2022-09-18,Los Angeles,037,10098052,3270810,179245,3450055,33525
2022-09-18,Madera,039,155013,43954,8224,52178,375
2022-09-18,Marin,041,260295,36492,5174,41666,258
2022-09-18,Mariposa,043,17540,3095,343,3438,29
2022-09-18,Mendocino,045,87422,15971,4451,20422,136
2022-09-18,Merced,047,269075,73222,12009,85231,865
2022-09-18,Modoc,049,8938,874,322,1196,11
2022-09-18,Mono,051,14174,3204,251,3455,7
2022-09-18,Monterey,053,433212,93998,20861,114859,769
2022-09-18,Napa,055,140530,32237,1389,33626,160
2022-09-18,Nevada,057,99092,18922,1819,20741,137
2022-09-18,Orange,059,3164182,667626,63028,730654,7517
2022-09-18,Placer,061,380077,75579,9594,85173,659
2022-09-18,Plumas,063,18699,3634,431,4065,13
2022-09-18,Riverside,065,2383286,694023,35040,729063,6633
2022-09-18,Sacramento,067,1510023,345668,34526,380194,3330
2022-09-18,San Benito,069,59416,16249,959,17208,102
2022-09-18,San Bernardino,071,2135413,669780,30597,700377,8092
2022-09-18,San Diego,073,3302833,919861,71151,991012,5563
2022-09-18,San Francisco,075,870044,178188,12009,190197,1061
2022-09-18,San Joaquin,077,732212,197243,14843,212086,2337
2022-09-18,San Luis Obispo,079,281455,63099,7070,70169,524
2022-09-18,San Mateo,081,765935,168161,10362,178523,743
2022-09-18,Santa Barbara,083,443738,105391,6817,112208,729
2022-09-18,Santa Clara,085,1922200,434534,18720,453254,2536
2022-09-18,Santa Cruz,087,273765,62763,3407,66170,273
2022-09-18,Shasta,089,179085,34866,7384,42250,592
2022-09-18,Sierra,091,2930,303,60,363,5
2022-09-18,Siskiyou,093,43540,5120,3294,8414,90
2022-09-18,Solano,095,438530,104815,7844,112659,459
2022-09-18,Sonoma,097,501317,106487,5240,111727,526
2022-09-18,Stanislaus,099,539301,137552,21527,159079,1783
2022-09-18,Sutter,101,95872,24184,2455,26639,232
2022-09-18,Tehama,103,63373,13587,3062,16649,216
2022-09-18,Trinity,105,12862,1394,384,1778,21
2022-09-18,Tulare,107,460477,121774,36194,157968,1541
2022-09-18,Tuolumne,109,53932,15532,916,16448,199
2022-09-18,Ventura,111,848112,207878,15625,223503,1589
2022-09-18,Yolo,113,214977,47237,4272,51509,394
2022-09-18,Yuba,115,75493,18831,1700,20531,132
2022-09-17,Alameda,001,1643700,346168,19374,365542,1997
2022-09-17,Alpine,002,1148,134,1,135,0
2022-09-17,Amador,005,37829,9956,921,10877,92
2022-09-17,Butte,007,227075,39394,9055,48449,462
2022-09-17,Calaveras,009,45235,8472,537,9009,133
2022-09-17,Colusa,011,21464,3785,1273,5058,22
2022-09-17,Contra Costa,013,1133247,250342,20620,270962,1450
2022-09-17,Del Norte,015,27424,7414,397,7811,55
2022-09-17,El Dorado,017,186661,32141,4227,36368,234
2022-09-17,Fresno,019,978130,277862,31650,309512,2877
2022-09-17,Glenn,021,27897,5508,1856,7364,56
2022-09-17,Humboldt,023,135768,21710,4951,26661,159
2022-09-17,Imperial,025,180216,65379,15685,81064,961
2022-09-17,Inyo,027,18085,4486,968,5454,60
2022-09-17,Kern,029,883053,219053,63429,282482,2424
2022-09-17,Kings,031,150075,59306,4085,63391,464
2022-09-17,Lake,033,64148,12765,1177,13942,148
2022-09-17,Lassen,035,31185,9957,991,10948,64
2022-09-17,Los Angeles,037,10098052,3269977,179101,3449078,33512
2022-09-17,Madera,039,155013,43947,8224,52171,375
2022-09-17,Marin,041,260295,36476,5170,41646,258
2022-09-17,Mariposa,043,17540,3094,343,3437,29
2022-09-17,Mendocino,045,87422,15969,4451,20420,136
2022-09-17,Merced,047,269075,73208,12005,85213,865
2022-09-17,Modoc,049,8938,874,322,1196,11
2022-09-17,Mono,051,14174,3204,251,3455,7
2022-09-17,Monterey,053,433212,93985,20852,114837,769
2022-09-17,Napa,055,140530,32230,1389,33619,160
2022-09-17,Nevada,057,99092,18913,1817,20730,137
2022-09-17,Orange,059,3164182,667437,62991,730428,7513
2022-09-17,Placer,061,380077,75544,9588,85132,659
2022-09-17,Plumas,063,18699,3632,431,4063,13
2022-09-17,Riverside,065,2383286,693876,35025,728901,6632
2022-09-17,Sacramento,067,1510023,345588,34507,380095,3329
2022-09-17,San Benito,069,59416,16244,958,17202,102
2022-09-17,San Bernardino,071,2135413,669646,30587,700233,8091
2022-09-17,San Diego,073,3302833,919683,71130,990813,5562
2022-09-17,San Francisco,075,870044,178126,12005,190131,1061
2022-09-17,San Joaquin,077,732212,197218,14840,212058,2336
2022-09-17,San Luis Obispo,079,281455,63088,7070,70158,524
2022-09-17,San Mateo,081,765935,168094,10355,178449,743
2022-09-17,Santa Barbara,083,443738,105361,6816,112177,729
2022-09-17,Santa Clara,085,1922200,434387,18715,453102,2535
2022-09-17,Santa Cruz,087,273765,62755,3407,66162,273
2022-09-17,Shasta,089,179085,34855,7379,42234,592
2022-09-17,Sierra,091,2930,303,60,363,5
2022-09-17,Siskiyou,093,43540,5119,3293,8412,90
2022-09-17,Solano,095,438530,104804,7841,112645,458
2022-09-17,Sonoma,097,501317,106451,5239,111690,526
2022-09-17,Stanislaus,099,539301,137527,21521,159048,1783
2022-09-17,Sutter,101,95872,24178,2455,26633,232
2022-09-17,Tehama,103,63373,13585,3061,16646,216
2022-09-17,Trinity,105,12862,1394,384,1778,21
2022-09-17,Tulare,107,460477,121756,36182,157938,1541
2022-09-17,Tuolumne,109,53932,15526,916,16442,199
2022-09-17,Ventura,111,848112,207832,15616,223448,1589
2022-09-17,Yolo,113,214977,47227,4267,51494,394
2022-09-17,Yuba,115,75493,18828,1700,20528,132
2022-09-16,Alameda,001,1643700,346033,19361,365394,1997
2022-09-16,Alpine,002,1148,134,1,135,0
2022-09-16,Amador,005,37829,9954,921,10875,92
2022-09-16,Butte,007,227075,39378,9052,48430,462
2022-09-16,Calaveras,009,45235,8469,537,9006,133
2022-09-16,Colusa,011,21464,3784,1273,5057,22
2022-09-16,Contra Costa,013,1133247,250257,20613,270870,1450
2022-09-16,Del Norte,015,27424,7413,397,7810,55
2022-09-16,El Dorado,017,186661,32134,4225,36359,234
2022-09-16,Fresno,019,978130,277822,31641,309463,2876
2022-09-16,Glenn,021,27897,5508,1856,7364,56
2022-09-16,Humboldt,023,135768,21700,4951,26651,159
2022-09-16,Imperial,025,180216,65366,15680,81046,961
2022-09-16,Inyo,027,18085,4486,966,5452,60
2022-09-16,Kern,029,883053,219011,63407,282418,2424
2022-09-16,Kings,031,150075,59291,4085,63376,463
2022-09-16,Lake,033,64148,12761,1177,13938,148
2022-09-16,Lassen,035,31185,9956,990,10946,64
2022-09-16,Los Angeles,037,10098052,3269078,179002,3448080,33502
2022-09-16,Madera,039,155013,43933,8224,52157,374
2022-09-16,Marin,041,260295,36454,5167,41621,258
2022-09-16,Mariposa,043,17540,3093,343,3436,29
2022-09-16,Mendocino,045,87422,15964,4450,20414,136
2022-09-16,Merced,047,269075,73193,12003,85196,865
2022-09-16,Modoc,049,8938,874,322,1196,11
2022-09-16,Mono,051,14174,3204,251,3455,7
2022-09-16,Monterey,053,433212,93968,20849,114817,769
2022-09-16,Napa,055,140530,32220,1388,33608,160
2022-09-16,Nevada,057,99092,18908,1817,20725,137
2022-09-16,Orange,059,3164182,667267,62938,730205,7512
2022-09-16,Placer,061,380077,75526,9583,85109,659
2022-09-16,Plumas,063,18699,3630,431,4061,13
2022-09-16,Riverside,065,2383286,693757,35007,728764,6632
2022-09-16,Sacramento,067,1510023,345492,34500,379992,3327
2022-09-16,San Benito,069,59416,16237,958,17195,102
2022-09-16,San Bernardino,071,2135413,669496,30578,700074,8090
2022-09-16,San Diego,073,3302833,919403,71103,990506,5560
2022-09-16,San Francisco,075,870044,178067,11999,190066,1060
2022-09-16,San Joaquin,077,732212,197181,14836,212017,2336
2022-09-16,San Luis Obispo,079,281455,63072,7069,70141,524
2022-09-16,San Mateo,081,765935,168023,10352,178375,743
2022-09-16,Santa Barbara,083,443738,105335,6814,112149,729
2022-09-16,Santa Clara,085,1922200,434245,18708,452953,2534
2022-09-16,Santa Cruz,087,273765,62734,3407,66141,273
2022-09-16,Shasta,089,179085,34848,7375,42223,592
2022-09-16,Sierra,091,2930,303,60,363,5
2022-09-16,Siskiyou,093,43540,5117,3293,8410,90
2022-09-16,Solano,095,438530,104780,7838,112618,458
2022-09-16,Sonoma,097,501317,106421,5239,111660,526
2022-09-16,Stanislaus,099,539301,137490,21518,159008,1782
2022-09-16,Sutter,101,95872,24165,2455,26620,232
2022-09-16,Tehama,103,63373,13583,3060,16643,215
2022-09-16,Trinity,105,12862,1394,384,1778,21
2022-09-16,Tulare,107,460477,121730,36164,157894,1541
2022-09-16,Tuolumne,109,53932,15515,916,16431,199
2022-09-16,Ventura,111,848112,207763,15605,223368,1589
2022-09-16,Yolo,113,214977,47216,4262,51478,393
2022-09-16,Yuba,115,75493,18819,1700,20519,132
2022-09-15,Alameda,001,1643700,345855,19349,365204,1997
2022-09-15,Alpine,002,1148,134,1,135,0
2022-09-15,Amador,005,37829,9950,921,10871,92
2022-09-15,Butte,007,227075,39368,9047,48415,462
2022-09-15,Calaveras,009,45235,8467,534,9001,133
2022-09-15,Colusa,011,21464,3783,1273,5056,22
2022-09-15,Contra Costa,013,1133247,250124,20595,270719,1449
2022-09-15,Del Norte,015,27424,7410,397,7807,55
2022-09-15,El Dorado,017,186661,32125,4223,36348,234
2022-09-15,Fresno,019,978130,277718,31631,309349,2876
2022-09-15,Glenn,021,27897,5508,1855,7363,56
2022-09-15,Humboldt,023,135768,21683,4943,26626,159
2022-09-15,Imperial,025,180216,65342,15665,81007,961
2022-09-15,Inyo,027,18085,4486,963,5449,60
2022-09-15,Kern,029,883053,218952,63353,282305,2424
2022-09-15,Kings,031,150075,59273,4085,63358,463
2022-09-15,Lake,033,64148,12758,1176,13934,148
2022-09-15,Lassen,035,31185,9955,990,10945,64
2022-09-15,Los Angeles,037,10098052,3267915,178843,3446758,33497
2022-09-15,Madera,039,155013,43922,8221,52143,374
2022-09-15,Marin,041,260295,36436,5164,41600,258
2022-09-15,Mariposa,043,17540,3092,342,3434,29
2022-09-15,Mendocino,045,87422,15953,4448,20401,136
2022-09-15,Merced,047,269075,73171,11999,85170,865
2022-09-15,Modoc,049,8938,874,321,1195,11
2022-09-15,Mono,051,14174,3204,249,3453,7
2022-09-15,Monterey,053,433212,93947,20839,114786,769
2022-09-15,Napa,055,140530,32207,1388,33595,160
2022-09-15,Nevada,057,99092,18900,1814,20714,137
2022-09-15,Orange,059,3164182,667030,62865,729895,7508
2022-09-15,Placer,061,380077,75489,9578,85067,659
2022-09-15,Plumas,063,18699,3630,431,4061,13
2022-09-15,Riverside,065,2383286,693582,34991,728573,6632
2022-09-15,Sacramento,067,1510023,345333,34473,379806,3325
2022-09-15,San Benito,069,59416,16231,958,17189,102
2022-09-15,San Bernardino,071,2135413,669299,30564,699863,8090
2022-09-15,San Diego,073,3302833,919044,71063,990107,5559
2022-09-15,San Francisco,075,870044,177959,11992,189951,1058
2022-09-15,San Joaquin,077,732212,197113,14823,211936,2335
2022-09-15,San Luis Obispo,079,281455,63048,7066,70114,524
2022-09-15,San Mateo,081,765935,167928,10344,178272,743
2022-09-15,Santa Barbara,083,443738,105295,6808,112103,728
2022-09-15,Santa Clara,085,1922200,434030,18694,452724,2532
2022-09-15,Santa Cruz,087,273765,62712,3403,66115,273
2022-09-15,Shasta,089,179085,34841,7367,42208,592
2022-09-15,Sierra,091,2930,303,60,363,5
2022-09-15,Siskiyou,093,43540,5113,3290,8403,90
2022-09-15,Solano,095,438530,104738,7832,112570,458
2022-09-15,Sonoma,097,501317,106383,5237,111620,526
2022-09-15,Stanislaus,099,539301,137447,21514,158961,1781
2022-09-15,Sutter,101,95872,24157,2455,26612,232
2022-09-15,Tehama,103,63373,13578,3058,16636,215
2022-09-15,Trinity,105,12862,1393,383,1776,21
2022-09-15,Tulare,107,460477,121702,36144,157846,1541
2022-09-15,Tuolumne,109,53932,15506,916,16422,199
2022-09-15,Ventura,111,848112,207668,15591,223259,1589
2022-09-15,Yolo,113,214977,47203,4260,51463,393
2022-09-15,Yuba,115,75493,18811,1698,20509,132
2022-09-14,Alameda,001,1643700,345672,19337,365009,1997
2022-09-14,Alpine,002,1148,134,1,135,0
2022-09-14,Amador,005,37829,9944,921,10865,92
2022-09-14,Butte,007,227075,39349,9040,48389,462
2022-09-14,Calaveras,009,45235,8461,532,8993,133
2022-09-14,Colusa,011,21464,3780,1273,5053,22
2022-09-14,Contra Costa,013,1133247,250014,20581,270595,1448
2022-09-14,Del Norte,015,27424,7407,397,7804,55
2022-09-14,El Dorado,017,186661,32113,4217,36330,234
2022-09-14,Fresno,019,978130,277623,31616,309239,2874
2022-09-14,Glenn,021,27897,5508,1852,7360,56
2022-09-14,Humboldt,023,135768,21661,4940,26601,159
2022-09-14,Imperial,025,180216,65316,15648,80964,961
2022-09-14,Inyo,027,18085,4484,961,5445,60
2022-09-14,Kern,029,883053,218890,63297,282187,2422
2022-09-14,Kings,031,150075,59251,4081,63332,463
2022-09-14,Lake,033,64148,12750,1175,13925,148
2022-09-14,Lassen,035,31185,9955,988,10943,64
2022-09-14,Los Angeles,037,10098052,3266660,178700,3445360,33486
2022-09-14,Madera,039,155013,43892,8216,52108,374
2022-09-14,Marin,041,260295,36414,5156,41570,258
2022-09-14,Mariposa,043,17540,3091,342,3433,29
2022-09-14,Mendocino,045,87422,15948,4447,20395,136
2022-09-14,Merced,047,269075,73143,11989,85132,865
2022-09-14,Modoc,049,8938,873,320,1193,11
2022-09-14,Mono,051,14174,3204,248,3452,7
2022-09-14,Monterey,053,433212,93928,20831,114759,769
2022-09-14,Napa,055,140530,32193,1384,33577,160
2022-09-14,Nevada,057,99092,18889,1812,20701,137
2022-09-14,Orange,059,3164182,666730,62816,729546,7502
2022-09-14,Placer,061,380077,75458,9575,85033,659
2022-09-14,Plumas,063,18699,3624,431,4055,13
2022-09-14,Riverside,065,2383286,693345,34964,728309,6632
2022-09-14,Sacramento,067,1510023,345173,34433,379606,3324
2022-09-14,San Benito,069,59416,16223,958,17181,102
2022-09-14,San Bernardino,071,2135413,669102,30549,699651,8087
2022-09-14,San Diego,073,3302833,918664,71015,989679,5558
2022-09-14,San Francisco,075,870044,177860,11985,189845,1057
2022-09-14,San Joaquin,077,732212,197043,14811,211854,2334
2022-09-14,San Luis Obispo,079,281455,63024,7061,70085,524
2022-09-14,San Mateo,081,765935,167846,10340,178186,743
2022-09-14,Santa Barbara,083,443738,105260,6806,112066,728
2022-09-14,Santa Clara,085,1922200,433829,18685,452514,2531
2022-09-14,Santa Cruz,087,273765,62698,3401,66099,273
2022-09-14,Shasta,089,179085,34829,7357,42186,592
2022-09-14,Sierra,091,2930,303,60,363,5
2022-09-14,Siskiyou,093,43540,5109,3289,8398,90
2022-09-14,Solano,095,438530,104705,7827,112532,458
2022-09-14,Sonoma,097,501317,106331,5233,111564,525
2022-09-14,Stanislaus,099,539301,137380,21504,158884,1781
2022-09-14,Sutter,101,95872,24144,2455,26599,232
2022-09-14,Tehama,103,63373,13577,3055,16632,215
2022-09-14,Trinity,105,12862,1393,379,1772,21
2022-09-14,Tulare,107,460477,121677,36120,157797,1541
2022-09-14,Tuolumne,109,53932,15498,916,16414,199
2022-09-14,Ventura,111,848112,207579,15581,223160,1589
2022-09-14,Yolo,113,214977,47194,4254,51448,393
2022-09-14,Yuba,115,75493,18804,1697,20501,132
2022-09-13,Alameda,001,1643700,345476,19326,364802,1997
2022-09-13,Alpine,002,1148,134,1,135,0
2022-09-13,Amador,005,37829,9939,921,10860,91
2022-09-13,Butte,007,227075,39321,9034,48355,462
2022-09-13,Calaveras,009,45235,8458,530,8988,133
2022-09-13,Colusa,011,21464,3778,1273,5051,22
2022-09-13,Contra Costa,013,1133247,249882,20571,270453,1448
2022-09-13,Del Norte,015,27424,7403,397,7800,55
2022-09-13,El Dorado,017,186661,32099,4213,36312,234
2022-09-13,Fresno,019,978130,277529,31598,309127,2873
2022-09-13,Glenn,021,27897,5507,1850,7357,56
2022-09-13,Humboldt,023,135768,21643,4931,26574,159
2022-09-13,Imperial,025,180216,65293,15638,80931,961
2022-09-13,Inyo,027,18085,4482,958,5440,60
2022-09-13,Kern,029,883053,218797,63213,282010,2422
2022-09-13,Kings,031,150075,59215,4079,63294,462
2022-09-13,Lake,033,64148,12744,1175,13919,148
2022-09-13,Lassen,035,31185,9955,985,10940,64
2022-09-13,Los Angeles,037,10098052,3265336,178551,3443887,33477
2022-09-13,Madera,039,155013,43881,8208,52089,374
2022-09-13,Marin,041,260295,36398,5152,41550,258
2022-09-13,Mariposa,043,17540,3089,342,3431,29
2022-09-13,Mendocino,045,87422,15943,4443,20386,136
2022-09-13,Merced,047,269075,73120,11986,85106,864
2022-09-13,Modoc,049,8938,873,320,1193,11
2022-09-13,Mono,051,14174,3204,248,3452,7
2022-09-13,Monterey,053,433212,93899,20819,114718,769
2022-09-13,Napa,055,140530,32173,1384,33557,160
2022-09-13,Nevada,057,99092,18878,1810,20688,137
2022-09-13,Orange,059,3164182,666434,62749,729183,7502
2022-09-13,Placer,061,380077,75424,9571,84995,658
2022-09-13,Plumas,063,18699,3621,431,4052,13
2022-09-13,Riverside,065,2383286,693121,34940,728061,6631
2022-09-13,Sacramento,067,1510023,344988,34399,379387,3324
2022-09-13,San Benito,069,59416,16214,958,17172,102
2022-09-13,San Bernardino,071,2135413,668853,30532,699385,8086
2022-09-13,San Diego,073,3302833,918261,70976,989237,5557
2022-09-13,San Francisco,075,870044,177753,11979,189732,1056
2022-09-13,San Joaquin,077,732212,196959,14802,211761,2334
2022-09-13,San Luis Obispo,079,281455,62994,7053,70047,524
2022-09-13,San Mateo,081,765935,167760,10338,178098,743
2022-09-13,Santa Barbara,083,443738,105205,6799,112004,728
2022-09-13,Santa Clara,085,1922200,433593,18675,452268,2530
2022-09-13,Santa Cruz,087,273765,62673,3399,66072,273
2022-09-13,Shasta,089,179085,34804,7353,42157,592
2022-09-13,Sierra,091,2930,303,60,363,5
2022-09-13,Siskiyou,093,43540,5105,3288,8393,89
2022-09-13,Solano,095,438530,104649,7818,112467,458
2022-09-13,Sonoma,097,501317,106275,5231,111506,525
2022-09-13,Stanislaus,099,539301,137330,21498,158828,1780
2022-09-13,Sutter,101,95872,24133,2454,26587,232
2022-09-13,Tehama,103,63373,13568,3054,16622,215
2022-09-13,Trinity,105,12862,1392,379,1771,21
2022-09-13,Tulare,107,460477,121647,36092,157739,1540
2022-09-13,Tuolumne,109,53932,15492,916,16408,199
2022-09-13,Ventura,111,848112,207483,15565,223048,1589
2022-09-13,Yolo,113,214977,47182,4249,51431,393
2022-09-13,Yuba,115,75493,18795,1696,20491,132
2022-09-12,Alameda,001,1643700,345249,19309,364558,1997
2022-09-12,Alpine,002,1148,134,1,135,0
2022-09-12,Amador,005,37829,9931,920,10851,90
2022-09-12,Butte,007,227075,39302,9025,48327,462
2022-09-12,Calaveras,009,45235,8454,530,8984,133
2022-09-12,Colusa,011,21464,3777,1272,5049,22
2022-09-12,Contra Costa,013,1133247,249752,20554,270306,1447
2022-09-12,Del Norte,015,27424,7400,397,7797,55
2022-09-12,El Dorado,017,186661,32082,4207,36289,234
2022-09-12,Fresno,019,978130,277402,31578,308980,2871
2022-09-12,Glenn,021,27897,5503,1850,7353,56
2022-09-12,Humboldt,023,135768,21627,4920,26547,159
2022-09-12,Imperial,025,180216,65269,15620,80889,961
2022-09-12,Inyo,027,18085,4480,956,5436,60
2022-09-12,Kern,029,883053,218720,63143,281863,2422
2022-09-12,Kings,031,150075,59198,4075,63273,462
2022-09-12,Lake,033,64148,12735,1172,13907,148
2022-09-12,Lassen,035,31185,9954,985,10939,64
2022-09-12,Los Angeles,037,10098052,3263807,178366,3442173,33469
2022-09-12,Madera,039,155013,43869,8198,52067,374
2022-09-12,Marin,041,260295,36378,5148,41526,258
2022-09-12,Mariposa,043,17540,3084,342,3426,29
2022-09-12,Mendocino,045,87422,15932,4435,20367,136
2022-09-12,Merced,047,269075,73080,11973,85053,863
2022-09-12,Modoc,049,8938,873,318,1191,11
2022-09-12,Mono,051,14174,3200,248,3448,7
2022-09-12,Monterey,053,433212,93865,20796,114661,769
2022-09-12,Napa,055,140530,32151,1384,33535,160
2022-09-12,Nevada,057,99092,18869,1809,20678,136
2022-09-12,Orange,059,3164182,666117,62679,728796,7501
2022-09-12,Placer,061,380077,75393,9566,84959,658
2022-09-12,Plumas,063,18699,3618,430,4048,13
2022-09-12,Riverside,065,2383286,692833,34918,727751,6630
2022-09-12,Sacramento,067,1510023,344814,34368,379182,3323
2022-09-12,San Benito,069,59416,16201,958,17159,102
2022-09-12,San Bernardino,071,2135413,668539,30515,699054,8085
2022-09-12,San Diego,073,3302833,917777,70927,988704,5555
2022-09-12,San Francisco,075,870044,177635,11972,189607,1054
2022-09-12,San Joaquin,077,732212,196863,14789,211652,2333
2022-09-12,San Luis Obispo,079,281455,62964,7048,70012,524
2022-09-12,San Mateo,081,765935,167663,10329,177992,743
2022-09-12,Santa Barbara,083,443738,105168,6795,111963,727
2022-09-12,Santa Clara,085,1922200,433334,18663,451997,2530
2022-09-12,Santa Cruz,087,273765,62645,3398,66043,273
2022-09-12,Shasta,089,179085,34783,7347,42130,592
2022-09-12,Sierra,091,2930,303,60,363,5
2022-09-12,Siskiyou,093,43540,5102,3285,8387,89
2022-09-12,Solano,095,438530,104596,7809,112405,458
2022-09-12,Sonoma,097,501317,106226,5224,111450,524
2022-09-12,Stanislaus,099,539301,137272,21493,158765,1779
2022-09-12,Sutter,101,95872,24122,2452,26574,232
2022-09-12,Tehama,103,63373,13562,3053,16615,215
2022-09-12,Trinity,105,12862,1391,378,1769,21
2022-09-12,Tulare,107,460477,121590,36061,157651,1540
2022-09-12,Tuolumne,109,53932,15483,916,16399,199
2022-09-12,Ventura,111,848112,207373,15550,222923,1588
2022-09-12,Yolo,113,214977,47167,4247,51414,393
2022-09-12,Yuba,115,75493,18781,1691,20472,132
2022-09-11,Alameda,001,1643700,344978,19286,364264,1994
2022-09-11,Alpine,002,1148,134,1,135,0
2022-09-11,Amador,005,37829,9924,917,10841,90
2022-09-11,Butte,007,227075,39267,9018,48285,462
2022-09-11,Calaveras,009,45235,8451,529,8980,133
2022-09-11,Colusa,011,21464,3775,1270,5045,22
2022-09-11,Contra Costa,013,1133247,249585,20526,270111,1447
2022-09-11,Del Norte,015,27424,7395,396,7791,55
2022-09-11,El Dorado,017,186661,32066,4199,36265,234
2022-09-11,Fresno,019,978130,277291,31556,308847,2868
2022-09-11,Glenn,021,27897,5500,1850,7350,56
2022-09-11,Humboldt,023,135768,21608,4907,26515,159
2022-09-11,Imperial,025,180216,65226,15592,80818,961
2022-09-11,Inyo,027,18085,4479,947,5426,59
2022-09-11,Kern,029,883053,218614,63042,281656,2419
2022-09-11,Kings,031,150075,59161,4072,63233,462
2022-09-11,Lake,033,64148,12721,1169,13890,148
2022-09-11,Lassen,035,31185,9948,985,10933,64
2022-09-11,Los Angeles,037,10098052,3262060,178127,3440187,33461
2022-09-11,Madera,039,155013,43837,8191,52028,374
2022-09-11,Marin,041,260295,36351,5146,41497,258
2022-09-11,Mariposa,043,17540,3081,342,3423,29
2022-09-11,Mendocino,045,87422,15922,4429,20351,136
2022-09-11,Merced,047,269075,73043,11962,85005,863
2022-09-11,Modoc,049,8938,873,317,1190,11
2022-09-11,Mono,051,14174,3197,248,3445,7
2022-09-11,Monterey,053,433212,93835,20778,114613,769
2022-09-11,Napa,055,140530,32130,1383,33513,160
2022-09-11,Nevada,057,99092,18859,1805,20664,136
2022-09-11,Orange,059,3164182,665810,62611,728421,7497
2022-09-11,Placer,061,380077,75359,9560,84919,658
2022-09-11,Plumas,063,18699,3612,430,4042,13
2022-09-11,Riverside,065,2383286,692548,34889,727437,6628
2022-09-11,Sacramento,067,1510023,344608,34306,378914,3321
2022-09-11,San Benito,069,59416,16192,954,17146,102
2022-09-11,San Bernardino,071,2135413,668213,30498,698711,8085
2022-09-11,San Diego,073,3302833,917235,70864,988099,5554
2022-09-11,San Francisco,075,870044,177481,11958,189439,1052
2022-09-11,San Joaquin,077,732212,196759,14768,211527,2333
2022-09-11,San Luis Obispo,079,281455,62932,7034,69966,524
2022-09-11,San Mateo,081,765935,167549,10324,177873,743
2022-09-11,Santa Barbara,083,443738,105127,6792,111919,727
2022-09-11,Santa Clara,085,1922200,433038,18651,451689,2530
2022-09-11,Santa Cruz,087,273765,62609,3394,66003,273
2022-09-11,Shasta,089,179085,34752,7339,42091,591
2022-09-11,Sierra,091,2930,303,60,363,5
2022-09-11,Siskiyou,093,43540,5100,3279,8379,89
2022-09-11,Solano,095,438530,104515,7803,112318,458
2022-09-11,Sonoma,097,501317,106159,5218,111377,524
2022-09-11,Stanislaus,099,539301,137205,21477,158682,1778
2022-09-11,Sutter,101,95872,24100,2451,26551,232
2022-09-11,Tehama,103,63373,13548,3050,16598,215
2022-09-11,Trinity,105,12862,1391,378,1769,21
2022-09-11,Tulare,107,460477,121537,36029,157566,1539
2022-09-11,Tuolumne,109,53932,15474,916,16390,199
2022-09-11,Ventura,111,848112,207232,15526,222758,1587
2022-09-11,Yolo,113,214977,47139,4244,51383,393
2022-09-11,Yuba,115,75493,18772,1688,20460,131
2022-09-10,Alameda,001,1643700,344833,19283,364116,1994
2022-09-10,Alpine,002,1148,134,1,135,0
2022-09-10,Amador,005,37829,9921,916,10837,90
2022-09-10,Butte,007,227075,39250,9017,48267,462
2022-09-10,Calaveras,009,45235,8449,529,8978,133
2022-09-10,Colusa,011,21464,3774,1270,5044,22
2022-09-10,Contra Costa,013,1133247,249475,20516,269991,1446
2022-09-10,Del Norte,015,27424,7392,396,7788,55
2022-09-10,El Dorado,017,186661,32058,4198,36256,234
2022-09-10,Fresno,019,978130,277206,31545,308751,2868
2022-09-10,Glenn,021,27897,5497,1849,7346,56
2022-09-10,Humboldt,023,135768,21599,4903,26502,159
2022-09-10,Imperial,025,180216,65204,15581,80785,961
2022-09-10,Inyo,027,18085,4479,947,5426,59
2022-09-10,Kern,029,883053,218560,63002,281562,2418
2022-09-10,Kings,031,150075,59151,4072,63223,462
2022-09-10,Lake,033,64148,12718,1169,13887,148
2022-09-10,Lassen,035,31185,9947,985,10932,64
2022-09-10,Los Angeles,037,10098052,3261118,177986,3439104,33451
2022-09-10,Madera,039,155013,43820,8188,52008,374
2022-09-10,Marin,041,260295,36326,5141,41467,258
2022-09-10,Mariposa,043,17540,3081,341,3422,29
2022-09-10,Mendocino,045,87422,15919,4427,20346,136
2022-09-10,Merced,047,269075,73029,11959,84988,863
2022-09-10,Modoc,049,8938,873,316,1189,11
2022-09-10,Mono,051,14174,3196,248,3444,7
2022-09-10,Monterey,053,433212,93814,20774,114588,769
2022-09-10,Napa,055,140530,32122,1383,33505,160
2022-09-10,Nevada,057,99092,18855,1805,20660,136
2022-09-10,Orange,059,3164182,665625,62575,728200,7494
2022-09-10,Placer,061,380077,75330,9558,84888,658
2022-09-10,Plumas,063,18699,3608,430,4038,13
2022-09-10,Riverside,065,2383286,692364,34878,727242,6627
2022-09-10,Sacramento,067,1510023,344508,34300,378808,3317
2022-09-10,San Benito,069,59416,16185,954,17139,102
2022-09-10,San Bernardino,071,2135413,668051,30483,698534,8084
2022-09-10,San Diego,073,3302833,917007,70840,987847,5553
2022-09-10,San Francisco,075,870044,177423,11955,189378,1051
2022-09-10,San Joaquin,077,732212,196707,14760,211467,2333
2022-09-10,San Luis Obispo,079,281455,62919,7032,69951,524
2022-09-10,San Mateo,081,765935,167473,10316,177789,743
2022-09-10,Santa Barbara,083,443738,105106,6790,111896,727
2022-09-10,Santa Clara,085,1922200,432810,18642,451452,2530
2022-09-10,Santa Cruz,087,273765,62598,3392,65990,273
2022-09-10,Shasta,089,179085,34741,7336,42077,591
2022-09-10,Sierra,091,2930,303,60,363,5
2022-09-10,Siskiyou,093,43540,5100,3279,8379,89
2022-09-10,Solano,095,438530,104490,7800,112290,458
2022-09-10,Sonoma,097,501317,106137,5218,111355,523
2022-09-10,Stanislaus,099,539301,137165,21471,158636,1778
2022-09-10,Sutter,101,95872,24085,2451,26536,232
2022-09-10,Tehama,103,63373,13547,3050,16597,215
2022-09-10,Trinity,105,12862,1391,378,1769,21
2022-09-10,Tulare,107,460477,121511,36016,157527,1539
2022-09-10,Tuolumne,109,53932,15468,916,16384,199
2022-09-10,Ventura,111,848112,207163,15512,222675,1587
2022-09-10,Yolo,113,214977,47129,4241,51370,393
2022-09-10,Yuba,115,75493,18764,1687,20451,131
2022-09-09,Alameda,001,1643700,344651,19276,363927,1994
2022-09-09,Alpine,002,1148,134,1,135,0
2022-09-09,Amador,005,37829,9916,916,10832,90
2022-09-09,Butte,007,227075,39237,9012,48249,461
2022-09-09,Calaveras,009,45235,8447,529,8976,133
2022-09-09,Colusa,011,21464,3772,1269,5041,22
2022-09-09,Contra Costa,013,1133247,249398,20505,269903,1445
2022-09-09,Del Norte,015,27424,7391,396,7787,55
2022-09-09,El Dorado,017,186661,32050,4196,36246,234
2022-09-09,Fresno,019,978130,277136,31534,308670,2868
2022-09-09,Glenn,021,27897,5495,1849,7344,56
2022-09-09,Humboldt,023,135768,21592,4898,26490,159
2022-09-09,Imperial,025,180216,65179,15573,80752,961
2022-09-09,Inyo,027,18085,4477,939,5416,59
2022-09-09,Kern,029,883053,218497,62958,281455,2417
2022-09-09,Kings,031,150075,59132,4072,63204,462
2022-09-09,Lake,033,64148,12715,1168,13883,148
2022-09-09,Lassen,035,31185,9947,985,10932,64
2022-09-09,Los Angeles,037,10098052,3260076,177846,3437922,33441
2022-09-09,Madera,039,155013,43802,8186,51988,374
2022-09-09,Marin,041,260295,36313,5140,41453,258
2022-09-09,Mariposa,043,17540,3080,341,3421,29
2022-09-09,Mendocino,045,87422,15913,4423,20336,136
2022-09-09,Merced,047,269075,73008,11957,84965,862
2022-09-09,Modoc,049,8938,873,316,1189,11
2022-09-09,Mono,051,14174,3196,248,3444,7
2022-09-09,Monterey,053,433212,93799,20765,114564,768
2022-09-09,Napa,055,140530,32110,1383,33493,160
2022-09-09,Nevada,057,99092,18848,1805,20653,136
2022-09-09,Orange,059,3164182,665435,62532,727967,7492
2022-09-09,Placer,061,380077,75308,9555,84863,658
2022-09-09,Plumas,063,18699,3606,430,4036,13
2022-09-09,Riverside,065,2383286,692176,34864,727040,6627
2022-09-09,Sacramento,067,1510023,344368,34291,378659,3314
2022-09-09,San Benito,069,59416,16172,954,17126,102
2022-09-09,San Bernardino,071,2135413,667873,30475,698348,8084
2022-09-09,San Diego,073,3302833,916745,70815,987560,5552
2022-09-09,San Francisco,075,870044,177350,11947,189297,1048
2022-09-09,San Joaquin,077,732212,196651,14745,211396,2332
2022-09-09,San Luis Obispo,079,281455,62913,7029,69942,524
2022-09-09,San Mateo,081,765935,167417,10314,177731,743
2022-09-09,Santa Barbara,083,443738,105069,6787,111856,727
2022-09-09,Santa Clara,085,1922200,432614,18633,451247,2529
2022-09-09,Santa Cruz,087,273765,62577,3390,65967,273
2022-09-09,Shasta,089,179085,34725,7330,42055,591
2022-09-09,Sierra,091,2930,303,60,363,5
2022-09-09,Siskiyou,093,43540,5093,3279,8372,89
2022-09-09,Solano,095,438530,104456,7795,112251,458
2022-09-09,Sonoma,097,501317,106109,5218,111327,523
2022-09-09,Stanislaus,099,539301,137137,21464,158601,1778
2022-09-09,Sutter,101,95872,24078,2450,26528,232
2022-09-09,Tehama,103,63373,13542,3050,16592,215
2022-09-09,Trinity,105,12862,1390,378,1768,21
2022-09-09,Tulare,107,460477,121471,35998,157469,1537
2022-09-09,Tuolumne,109,53932,15467,916,16383,199
2022-09-09,Ventura,111,848112,207093,15498,222591,1587
2022-09-09,Yolo,113,214977,47114,4241,51355,392
2022-09-09,Yuba,115,75493,18755,1687,20442,131
2022-09-08,Alameda,001,1643700,344420,19267,363687,1993
2022-09-08,Alpine,002,1148,134,1,135,0
2022-09-08,Amador,005,37829,9909,916,10825,90
2022-09-08,Butte,007,227075,39214,9002,48216,461
2022-09-08,Calaveras,009,45235,8447,528,8975,133
2022-09-08,Colusa,011,21464,3772,1269,5041,22
2022-09-08,Contra Costa,013,1133247,249269,20487,269756,1443
2022-09-08,Del Norte,015,27424,7381,396,7777,55
2022-09-08,El Dorado,017,186661,32033,4194,36227,234
2022-09-08,Fresno,019,978130,277020,31512,308532,2868
2022-09-08,Glenn,021,27897,5495,1849,7344,56
2022-09-08,Humboldt,023,135768,21566,4894,26460,159
2022-09-08,Imperial,025,180216,65147,15553,80700,961
2022-09-08,Inyo,027,18085,4475,937,5412,59
2022-09-08,Kern,029,883053,218406,62868,281274,2415
2022-09-08,Kings,031,150075,59103,4070,63173,461
2022-09-08,Lake,033,64148,12706,1168,13874,148
2022-09-08,Lassen,035,31185,9946,985,10931,64
2022-09-08,Los Angeles,037,10098052,3258609,177653,3436262,33424
2022-09-08,Madera,039,155013,43772,8180,51952,374
2022-09-08,Marin,041,260295,36287,5136,41423,258
2022-09-08,Mariposa,043,17540,3077,341,3418,29
2022-09-08,Mendocino,045,87422,15906,4423,20329,136
2022-09-08,Merced,047,269075,72979,11944,84923,862
2022-09-08,Modoc,049,8938,873,316,1189,11
2022-09-08,Mono,051,14174,3196,247,3443,7
2022-09-08,Monterey,053,433212,93767,20744,114511,768
2022-09-08,Napa,055,140530,32096,1383,33479,160
2022-09-08,Nevada,057,99092,18838,1804,20642,136
2022-09-08,Orange,059,3164182,665145,62468,727613,7487
2022-09-08,Placer,061,380077,75276,9551,84827,658
2022-09-08,Plumas,063,18699,3603,430,4033,13
2022-09-08,Riverside,065,2383286,691898,34841,726739,6626
2022-09-08,Sacramento,067,1510023,344192,34268,378460,3313
2022-09-08,San Benito,069,59416,16160,954,17114,102
2022-09-08,San Bernardino,071,2135413,667572,30465,698037,8082
2022-09-08,San Diego,073,3302833,916368,70762,987130,5552
2022-09-08,San Francisco,075,870044,177225,11939,189164,1047
2022-09-08,San Joaquin,077,732212,196566,14728,211294,2331
2022-09-08,San Luis Obispo,079,281455,62895,7023,69918,524
2022-09-08,San Mateo,081,765935,167327,10310,177637,743
2022-09-08,Santa Barbara,083,443738,105027,6782,111809,727
2022-09-08,Santa Clara,085,1922200,432343,18623,450966,2527
2022-09-08,Santa Cruz,087,273765,62546,3387,65933,273
2022-09-08,Shasta,089,179085,34703,7321,42024,591
2022-09-08,Sierra,091,2930,303,60,363,5
2022-09-08,Siskiyou,093,43540,5088,3278,8366,89
2022-09-08,Solano,095,438530,104401,7783,112184,458
2022-09-08,Sonoma,097,501317,106026,5212,111238,523
2022-09-08,Stanislaus,099,539301,137071,21449,158520,1778
2022-09-08,Sutter,101,95872,24066,2450,26516,232
2022-09-08,Tehama,103,63373,13534,3047,16581,215
2022-09-08,Trinity,105,12862,1390,378,1768,21
2022-09-08,Tulare,107,460477,121425,35969,157394,1536
2022-09-08,Tuolumne,109,53932,15460,915,16375,199
2022-09-08,Ventura,111,848112,206975,15474,222449,1587
2022-09-08,Yolo,113,214977,47093,4233,51326,392
2022-09-08,Yuba,115,75493,18745,1683,20428,131
2022-09-07,Alameda,001,1643700,344171,19261,363432,1993
2022-09-07,Alpine,002,1148,134,1,135,0
2022-09-07,Amador,005,37829,9906,916,10822,90
2022-09-07,Butte,007,227075,39184,8990,48174,461
2022-09-07,Calaveras,009,45235,8445,526,8971,133
2022-09-07,Colusa,011,21464,3769,1269,5038,22
2022-09-07,Contra Costa,013,1133247,249128,20471,269599,1442
2022-09-07,Del Norte,015,27424,7379,396,7775,55
2022-09-07,El Dorado,017,186661,32020,4193,36213,234
2022-09-07,Fresno,019,978130,276859,31485,308344,2868
2022-09-07,Glenn,021,27897,5493,1848,7341,56
2022-09-07,Humboldt,023,135768,21548,4891,26439,159
2022-09-07,Imperial,025,180216,65114,15531,80645,961
2022-09-07,Inyo,027,18085,4470,930,5400,59
2022-09-07,Kern,029,883053,218306,62775,281081,2415
2022-09-07,Kings,031,150075,59068,4066,63134,461
2022-09-07,Lake,033,64148,12697,1167,13864,148
2022-09-07,Lassen,035,31185,9946,984,10930,64
2022-09-07,Los Angeles,037,10098052,3257002,177458,3434460,33412
2022-09-07,Madera,039,155013,43725,8180,51905,374
2022-09-07,Marin,041,260295,36264,5134,41398,256
2022-09-07,Mariposa,043,17540,3075,341,3416,29
2022-09-07,Mendocino,045,87422,15901,4417,20318,136
2022-09-07,Merced,047,269075,72944,11932,84876,861
2022-09-07,Modoc,049,8938,873,316,1189,11
2022-09-07,Mono,051,14174,3195,247,3442,7
2022-09-07,Monterey,053,433212,93738,20725,114463,768
2022-09-07,Napa,055,140530,32076,1383,33459,160
2022-09-07,Nevada,057,99092,18825,1802,20627,136
2022-09-07,Orange,059,3164182,664827,62396,727223,7484
2022-09-07,Placer,061,380077,75248,9542,84790,658
2022-09-07,Plumas,063,18699,3601,429,4030,13
2022-09-07,Riverside,065,2383286,691561,34814,726375,6625
2022-09-07,Sacramento,067,1510023,344027,34234,378261,3312
2022-09-07,San Benito,069,59416,16147,953,17100,102
2022-09-07,San Bernardino,071,2135413,667311,30449,697760,8078
2022-09-07,San Diego,073,3302833,915875,70717,986592,5550
2022-09-07,San Francisco,075,870044,177122,11929,189051,1047
2022-09-07,San Joaquin,077,732212,196452,14716,211168,2330
2022-09-07,San Luis Obispo,079,281455,62874,7020,69894,524
2022-09-07,San Mateo,081,765935,167221,10304,177525,742
2022-09-07,Santa Barbara,083,443738,104983,6777,111760,727
2022-09-07,Santa Clara,085,1922200,432051,18612,450663,2524
2022-09-07,Santa Cruz,087,273765,62513,3384,65897,273
2022-09-07,Shasta,089,179085,34681,7304,41985,591
2022-09-07,Sierra,091,2930,303,60,363,5
2022-09-07,Siskiyou,093,43540,5083,3277,8360,89
2022-09-07,Solano,095,438530,104343,7776,112119,458
2022-09-07,Sonoma,097,501317,105962,5209,111171,523
2022-09-07,Stanislaus,099,539301,136993,21439,158432,1778
2022-09-07,Sutter,101,95872,24052,2450,26502,232
2022-09-07,Tehama,103,63373,13531,3043,16574,215
2022-09-07,Trinity,105,12862,1390,378,1768,21
2022-09-07,Tulare,107,460477,121374,35939,157313,1536
2022-09-07,Tuolumne,109,53932,15453,915,16368,199
2022-09-07,Ventura,111,848112,206854,15457,222311,1587
2022-09-07,Yolo,113,214977,47065,4227,51292,392
2022-09-07,Yuba,115,75493,18732,1682,20414,131
2022-09-06,Alameda,001,1643700,343905,19249,363154,1993
2022-09-06,Alpine,002,1148,133,1,134,0
2022-09-06,Amador,005,37829,9903,916,10819,90
2022-09-06,Butte,007,227075,39153,8979,48132,460
2022-09-06,Calaveras,009,45235,8443,524,8967,133
2022-09-06,Colusa,011,21464,3767,1269,5036,22
2022-09-06,Contra Costa,013,1133247,248960,20444,269404,1442
2022-09-06,Del Norte,015,27424,7371,396,7767,55
2022-09-06,El Dorado,017,186661,32002,4187,36189,234
2022-09-06,Fresno,019,978130,276729,31452,308181,2867
2022-09-06,Glenn,021,27897,5491,1846,7337,56
2022-09-06,Humboldt,023,135768,21530,4886,26416,159
2022-09-06,Imperial,025,180216,65064,15503,80567,961
2022-09-06,Inyo,027,18085,4467,924,5391,59
2022-09-06,Kern,029,883053,218210,62675,280885,2415
2022-09-06,Kings,031,150075,59027,4061,63088,461
2022-09-06,Lake,033,64148,12694,1151,13845,148
2022-09-06,Lassen,035,31185,9943,982,10925,64
2022-09-06,Los Angeles,037,10098052,3255214,177248,3432462,33398
2022-09-06,Madera,039,155013,43683,8175,51858,374
2022-09-06,Marin,041,260295,36233,5130,41363,256
2022-09-06,Mariposa,043,17540,3073,341,3414,29
2022-09-06,Mendocino,045,87422,15895,4410,20305,136
2022-09-06,Merced,047,269075,72906,11915,84821,861
2022-09-06,Modoc,049,8938,872,316,1188,11
2022-09-06,Mono,051,14174,3195,246,3441,7
2022-09-06,Monterey,053,433212,93704,20708,114412,768
2022-09-06,Napa,055,140530,32060,1383,33443,160
2022-09-06,Nevada,057,99092,18815,1798,20613,136
2022-09-06,Orange,059,3164182,664444,62326,726770,7477
2022-09-06,Placer,061,380077,75204,9540,84744,658
2022-09-06,Plumas,063,18699,3597,429,4026,13
2022-09-06,Riverside,065,2383286,691083,34783,725866,6625
2022-09-06,Sacramento,067,1510023,343808,34195,378003,3311
2022-09-06,San Benito,069,59416,16131,953,17084,102
2022-09-06,San Bernardino,071,2135413,667030,30434,697464,8076
2022-09-06,San Diego,073,3302833,915368,70662,986030,5549
2022-09-06,San Francisco,075,870044,176983,11917,188900,1046
2022-09-06,San Joaquin,077,732212,196359,14703,211062,2327
2022-09-06,San Luis Obispo,079,281455,62832,7018,69850,524
2022-09-06,San Mateo,081,765935,167112,10296,177408,742
2022-09-06,Santa Barbara,083,443738,104926,6772,111698,726
2022-09-06,Santa Clara,085,1922200,431784,18601,450385,2523
2022-09-06,Santa Cruz,087,273765,62432,3384,65816,273
2022-09-06,Shasta,089,179085,34633,7281,41914,591
2022-09-06,Sierra,091,2930,303,60,363,5
2022-09-06,Siskiyou,093,43540,5081,3273,8354,89
2022-09-06,Solano,095,438530,104277,7764,112041,458
2022-09-06,Sonoma,097,501317,105899,5206,111105,522
2022-09-06,Stanislaus,099,539301,136922,21425,158347,1778
2022-09-06,Sutter,101,95872,24027,2450,26477,232
2022-09-06,Tehama,103,63373,13522,3040,16562,215
2022-09-06,Trinity,105,12862,1389,378,1767,21
2022-09-06,Tulare,107,460477,121320,35902,157222,1536
2022-09-06,Tuolumne,109,53932,15441,915,16356,199
2022-09-06,Ventura,111,848112,206708,15440,222148,1587
2022-09-06,Yolo,113,214977,47049,4216,51265,392
2022-09-06,Yuba,115,75493,18710,1681,20391,131
2022-09-05,Alameda,001,1643700,343609,19241,362850,1993
2022-09-05,Alpine,002,1148,133,1,134,0
2022-09-05,Amador,005,37829,9899,916,10815,90
2022-09-05,Butte,007,227075,39106,8966,48072,459
2022-09-05,Calaveras,009,45235,8440,523,8963,133
2022-09-05,Colusa,011,21464,3760,1266,5026,22
2022-09-05,Contra Costa,013,1133247,248773,20425,269198,1441
2022-09-05,Del Norte,015,27424,7366,394,7760,55
2022-09-05,El Dorado,017,186661,31978,4181,36159,234
2022-09-05,Fresno,019,978130,276495,31383,307878,2865
2022-09-05,Glenn,021,27897,5488,1842,7330,56
2022-09-05,Humboldt,023,135768,21514,4880,26394,159
2022-09-05,Imperial,025,180216,65010,15459,80469,961
2022-09-05,Inyo,027,18085,4465,922,5387,59
2022-09-05,Kern,029,883053,218074,62546,280620,2415
2022-09-05,Kings,031,150075,58969,4058,63027,461
2022-09-05,Lake,033,64148,12687,1149,13836,148
2022-09-05,Lassen,035,31185,9934,981,10915,64
2022-09-05,Los Angeles,037,10098052,3252782,176986,3429768,33385
2022-09-05,Madera,039,155013,43627,8153,51780,374
2022-09-05,Marin,041,260295,36204,5130,41334,256
2022-09-05,Mariposa,043,17540,3068,341,3409,29
2022-09-05,Mendocino,045,87422,15874,4399,20273,136
2022-09-05,Merced,047,269075,72843,11884,84727,861
2022-09-05,Modoc,049,8938,871,315,1186,11
2022-09-05,Mono,051,14174,3193,243,3436,7
2022-09-05,Monterey,053,433212,93636,20688,114324,768
2022-09-05,Napa,055,140530,32031,1380,33411,160
2022-09-05,Nevada,057,99092,18808,1793,20601,135
2022-09-05,Orange,059,3164182,663946,62229,726175,7473
2022-09-05,Placer,061,380077,75153,9535,84688,658
2022-09-05,Plumas,063,18699,3596,429,4025,13
2022-09-05,Riverside,065,2383286,690569,34732,725301,6625
2022-09-05,Sacramento,067,1510023,343513,34133,377646,3308
2022-09-05,San Benito,069,59416,16105,950,17055,102
2022-09-05,San Bernardino,071,2135413,666587,30404,696991,8071
2022-09-05,San Diego,073,3302833,914743,70567,985310,5548
2022-09-05,San Francisco,075,870044,176820,11910,188730,1046
2022-09-05,San Joaquin,077,732212,196219,14688,210907,2327
2022-09-05,San Luis Obispo,079,281455,62777,7001,69778,524
2022-09-05,San Mateo,081,765935,166992,10288,177280,742
2022-09-05,Santa Barbara,083,443738,104839,6767,111606,726
2022-09-05,Santa Clara,085,1922200,431411,18585,449996,2522
2022-09-05,Santa Cruz,087,273765,62373,3380,65753,273
2022-09-05,Shasta,089,179085,34601,7268,41869,591
2022-09-05,Sierra,091,2930,303,60,363,5
2022-09-05,Siskiyou,093,43540,5075,3273,8348,89
2022-09-05,Solano,095,438530,104181,7746,111927,458
2022-09-05,Sonoma,097,501317,105826,5199,111025,521
2022-09-05,Stanislaus,099,539301,136825,21407,158232,1778
2022-09-05,Sutter,101,95872,24003,2448,26451,232
2022-09-05,Tehama,103,63373,13514,3039,16553,215
2022-09-05,Trinity,105,12862,1389,377,1766,21
2022-09-05,Tulare,107,460477,121219,35843,157062,1536
2022-09-05,Tuolumne,109,53932,15422,914,16336,199
2022-09-05,Ventura,111,848112,206531,15405,221936,1587
2022-09-05,Yolo,113,214977,47024,4208,51232,391
2022-09-05,Yuba,115,75493,18688,1679,20367,131
2022-09-04,Alameda,001,1643700,343460,19234,362694,1993
2022-09-04,Alpine,002,1148,133,1,134,0
2022-09-04,Amador,005,37829,9895,915,10810,90
2022-09-04,Butte,007,227075,39084,8959,48043,459
2022-09-04,Calaveras,009,45235,8438,522,8960,133
2022-09-04,Colusa,011,21464,3759,1263,5022,22
2022-09-04,Contra Costa,013,1133247,248667,20419,269086,1441
2022-09-04,Del Norte,015,27424,7364,393,7757,55
2022-09-04,El Dorado,017,186661,31961,4178,36139,233
2022-09-04,Fresno,019,978130,276390,31368,307758,2864
2022-09-04,Glenn,021,27897,5487,1842,7329,56
2022-09-04,Humboldt,023,135768,21504,4876,26380,158
2022-09-04,Imperial,025,180216,64983,15447,80430,961
2022-09-04,Inyo,027,18085,4463,919,5382,59
2022-09-04,Kern,029,883053,217989,62450,280439,2414
2022-09-04,Kings,031,150075,58955,4058,63013,461
2022-09-04,Lake,033,64148,12680,1148,13828,148
2022-09-04,Lassen,035,31185,9931,981,10912,64
2022-09-04,Los Angeles,037,10098052,3251832,176870,3428702,33370
2022-09-04,Madera,039,155013,43613,8146,51759,374
2022-09-04,Marin,041,260295,36177,5126,41303,256
2022-09-04,Mariposa,043,17540,3067,341,3408,29
2022-09-04,Mendocino,045,87422,15870,4398,20268,136
2022-09-04,Merced,047,269075,72819,11879,84698,860
2022-09-04,Modoc,049,8938,871,315,1186,11
2022-09-04,Mono,051,14174,3193,243,3436,7
2022-09-04,Monterey,053,433212,93602,20666,114268,767
2022-09-04,Napa,055,140530,32022,1380,33402,160
2022-09-04,Nevada,057,99092,18798,1792,20590,135
2022-09-04,Orange,059,3164182,663759,62180,725939,7472
2022-09-04,Placer,061,380077,75118,9533,84651,658
2022-09-04,Plumas,063,18699,3594,429,4023,13
2022-09-04,Riverside,065,2383286,690373,34716,725089,6623
2022-09-04,Sacramento,067,1510023,343408,34117,377525,3308
2022-09-04,San Benito,069,59416,16100,949,17049,102
2022-09-04,San Bernardino,071,2135413,666434,30391,696825,8070
2022-09-04,San Diego,073,3302833,914504,70548,985052,5546
2022-09-04,San Francisco,075,870044,176741,11905,188646,1045
2022-09-04,San Joaquin,077,732212,196095,14670,210765,2327
2022-09-04,San Luis Obispo,079,281455,62767,6997,69764,524
2022-09-04,San Mateo,081,765935,166929,10285,177214,742
2022-09-04,Santa Barbara,083,443738,104788,6762,111550,724
2022-09-04,Santa Clara,085,1922200,431206,18578,449784,2522
2022-09-04,Santa Cruz,087,273765,62354,3379,65733,273
2022-09-04,Shasta,089,179085,34594,7261,41855,591
2022-09-04,Sierra,091,2930,303,60,363,5
2022-09-04,Siskiyou,093,43540,5072,3270,8342,89
2022-09-04,Solano,095,438530,104163,7742,111905,458
2022-09-04,Sonoma,097,501317,105800,5194,110994,521
2022-09-04,Stanislaus,099,539301,136765,21398,158163,1777
2022-09-04,Sutter,101,95872,23988,2448,26436,232
2022-09-04,Tehama,103,63373,13506,3036,16542,215
2022-09-04,Trinity,105,12862,1389,376,1765,21
2022-09-04,Tulare,107,460477,121174,35808,156982,1536
2022-09-04,Tuolumne,109,53932,15408,913,16321,199
2022-09-04,Ventura,111,848112,206440,15396,221836,1586
2022-09-04,Yolo,113,214977,47014,4202,51216,391
2022-09-04,Yuba,115,75493,18684,1679,20363,131
2022-09-03,Alameda,001,1643700,343332,19230,362562,1993
2022-09-03,Alpine,002,1148,133,1,134,0
2022-09-03,Amador,005,37829,9890,914,10804,90
2022-09-03,Butte,007,227075,39067,8951,48018,459
2022-09-03,Calaveras,009,45235,8437,522,8959,133
2022-09-03,Colusa,011,21464,3759,1262,5021,22
2022-09-03,Contra Costa,013,1133247,248556,20414,268970,1439
2022-09-03,Del Norte,015,27424,7364,393,7757,55
2022-09-03,El Dorado,017,186661,31953,4176,36129,233
2022-09-03,Fresno,019,978130,276310,31352,307662,2861
2022-09-03,Glenn,021,27897,5486,1842,7328,56
2022-09-03,Humboldt,023,135768,21496,4876,26372,158
2022-09-03,Imperial,025,180216,64964,15437,80401,960
2022-09-03,Inyo,027,18085,4462,917,5379,59
2022-09-03,Kern,029,883053,217919,62384,280303,2414
2022-09-03,Kings,031,150075,58942,4058,63000,461
2022-09-03,Lake,033,64148,12674,1148,13822,148
2022-09-03,Lassen,035,31185,9931,981,10912,64
2022-09-03,Los Angeles,037,10098052,3250880,176738,3427618,33354
2022-09-03,Madera,039,155013,43594,8145,51739,374
2022-09-03,Marin,041,260295,36163,5124,41287,256
2022-09-03,Mariposa,043,17540,3066,340,3406,29
2022-09-03,Mendocino,045,87422,15858,4395,20253,136
2022-09-03,Merced,047,269075,72793,11876,84669,860
2022-09-03,Modoc,049,8938,871,315,1186,11
2022-09-03,Mono,051,14174,3193,242,3435,7
2022-09-03,Monterey,053,433212,93586,20655,114241,766
2022-09-03,Napa,055,140530,32016,1380,33396,160
2022-09-03,Nevada,057,99092,18792,1792,20584,135
2022-09-03,Orange,059,3164182,663556,62124,725680,7472
2022-09-03,Placer,061,380077,75086,9531,84617,658
2022-09-03,Plumas,063,18699,3592,429,4021,13
2022-09-03,Riverside,065,2383286,690165,34693,724858,6623
2022-09-03,Sacramento,067,1510023,343285,34108,377393,3305
2022-09-03,San Benito,069,59416,16094,948,17042,102
2022-09-03,San Bernardino,071,2135413,666243,30368,696611,8069
2022-09-03,San Diego,073,3302833,914258,70528,984786,5544
2022-09-03,San Francisco,075,870044,176686,11901,188587,1045
2022-09-03,San Joaquin,077,732212,196039,14661,210700,2326
2022-09-03,San Luis Obispo,079,281455,62757,6994,69751,523
2022-09-03,San Mateo,081,765935,166863,10279,177142,742
2022-09-03,Santa Barbara,083,443738,104742,6758,111500,724
2022-09-03,Santa Clara,085,1922200,431018,18575,449593,2520
2022-09-03,Santa Cruz,087,273765,62335,3378,65713,273
2022-09-03,Shasta,089,179085,34581,7258,41839,591
2022-09-03,Sierra,091,2930,303,60,363,5
2022-09-03,Siskiyou,093,43540,5069,3270,8339,89
2022-09-03,Solano,095,438530,104149,7737,111886,458
2022-09-03,Sonoma,097,501317,105777,5194,110971,521
2022-09-03,Stanislaus,099,539301,136722,21393,158115,1777
2022-09-03,Sutter,101,95872,23978,2447,26425,232
2022-09-03,Tehama,103,63373,13501,3035,16536,215
2022-09-03,Trinity,105,12862,1389,376,1765,21
2022-09-03,Tulare,107,460477,121142,35770,156912,1536
2022-09-03,Tuolumne,109,53932,15403,913,16316,199
2022-09-03,Ventura,111,848112,206359,15384,221743,1585
2022-09-03,Yolo,113,214977,47004,4200,51204,391
2022-09-03,Yuba,115,75493,18675,1678,20353,131
2022-09-02,Alameda,001,1643700,343196,19225,362421,1993
2022-09-02,Alpine,002,1148,133,1,134,0
2022-09-02,Amador,005,37829,9888,914,10802,90
2022-09-02,Butte,007,227075,39055,8939,47994,458
2022-09-02,Calaveras,009,45235,8432,522,8954,133
2022-09-02,Colusa,011,21464,3758,1262,5020,22
2022-09-02,Contra Costa,013,1133247,248460,20403,268863,1438
2022-09-02,Del Norte,015,27424,7363,392,7755,55
2022-09-02,El Dorado,017,186661,31941,4175,36116,233
2022-09-02,Fresno,019,978130,276195,31329,307524,2860
2022-09-02,Glenn,021,27897,5482,1842,7324,56
2022-09-02,Humboldt,023,135768,21487,4873,26360,158
2022-09-02,Imperial,025,180216,64943,15424,80367,960
2022-09-02,Inyo,027,18085,4459,916,5375,59
2022-09-02,Kern,029,883053,217836,62317,280153,2413
2022-09-02,Kings,031,150075,58930,4055,62985,461
2022-09-02,Lake,033,64148,12670,1147,13817,148
2022-09-02,Lassen,035,31185,9930,981,10911,64
2022-09-02,Los Angeles,037,10098052,3249822,176579,3426401,33338
2022-09-02,Madera,039,155013,43580,8141,51721,374
2022-09-02,Marin,041,260295,36144,5114,41258,256
2022-09-02,Mariposa,043,17540,3062,339,3401,29
2022-09-02,Mendocino,045,87422,15856,4394,20250,136
2022-09-02,Merced,047,269075,72767,11872,84639,859
2022-09-02,Modoc,049,8938,871,315,1186,11
2022-09-02,Mono,051,14174,3193,242,3435,7
2022-09-02,Monterey,053,433212,93559,20639,114198,765
2022-09-02,Napa,055,140530,32003,1380,33383,160
2022-09-02,Nevada,057,99092,18787,1790,20577,135
2022-09-02,Orange,059,3164182,663357,62063,725420,7469
2022-09-02,Placer,061,380077,75069,9525,84594,658
2022-09-02,Plumas,063,18699,3591,429,4020,13
2022-09-02,Riverside,065,2383286,689915,34680,724595,6622
2022-09-02,Sacramento,067,1510023,343134,34101,377235,3304
2022-09-02,San Benito,069,59416,16087,948,17035,102
2022-09-02,San Bernardino,071,2135413,666060,30355,696415,8069
2022-09-02,San Diego,073,3302833,913985,70501,984486,5542
2022-09-02,San Francisco,075,870044,176619,11885,188504,1044
2022-09-02,San Joaquin,077,732212,195934,14643,210577,2326
2022-09-02,San Luis Obispo,079,281455,62741,6993,69734,522
2022-09-02,San Mateo,081,765935,166779,10276,177055,742
2022-09-02,Santa Barbara,083,443738,104694,6756,111450,723
2022-09-02,Santa Clara,085,1922200,430814,18563,449377,2519
2022-09-02,Santa Cruz,087,273765,62312,3376,65688,273
2022-09-02,Shasta,089,179085,34575,7255,41830,591
2022-09-02,Sierra,091,2930,303,60,363,5
2022-09-02,Siskiyou,093,43540,5066,3270,8336,89
2022-09-02,Solano,095,438530,104115,7732,111847,458
2022-09-02,Sonoma,097,501317,105741,5192,110933,521
2022-09-02,Stanislaus,099,539301,136676,21387,158063,1775
2022-09-02,Sutter,101,95872,23967,2447,26414,232
2022-09-02,Tehama,103,63373,13499,3033,16532,215
2022-09-02,Trinity,105,12862,1388,376,1764,21
2022-09-02,Tulare,107,460477,121098,35747,156845,1535
2022-09-02,Tuolumne,109,53932,15401,912,16313,199
2022-09-02,Ventura,111,848112,206268,15371,221639,1584
2022-09-02,Yolo,113,214977,46993,4196,51189,391
2022-09-02,Yuba,115,75493,18667,1675,20342,131
2022-09-01,Alameda,001,1643700,342956,19214,362170,1993
2022-09-01,Alpine,002,1148,133,1,134,0
2022-09-01,Amador,005,37829,9884,914,10798,90
2022-09-01,Butte,007,227075,39026,8925,47951,458
2022-09-01,Calaveras,009,45235,8426,521,8947,133
2022-09-01,Colusa,011,21464,3754,1262,5016,22
2022-09-01,Contra Costa,013,1133247,248309,20381,268690,1438
2022-09-01,Del Norte,015,27424,7362,390,7752,55
2022-09-01,El Dorado,017,186661,31932,4174,36106,233
2022-09-01,Fresno,019,978130,276020,31268,307288,2858
2022-09-01,Glenn,021,27897,5480,1842,7322,56
2022-09-01,Humboldt,023,135768,21474,4866,26340,158
2022-09-01,Imperial,025,180216,64896,15402,80298,960
2022-09-01,Inyo,027,18085,4457,915,5372,59
2022-09-01,Kern,029,883053,217758,62202,279960,2411
2022-09-01,Kings,031,150075,58902,4053,62955,461
2022-09-01,Lake,033,64148,12660,1145,13805,148
2022-09-01,Lassen,035,31185,9930,979,10909,64
2022-09-01,Los Angeles,037,10098052,3248235,176360,3424595,33324
2022-09-01,Madera,039,155013,43543,8138,51681,374
2022-09-01,Marin,041,260295,36111,5106,41217,256
2022-09-01,Mariposa,043,17540,3061,339,3400,29
2022-09-01,Mendocino,045,87422,15851,4392,20243,136
2022-09-01,Merced,047,269075,72733,11857,84590,859
2022-09-01,Modoc,049,8938,871,314,1185,11
2022-09-01,Mono,051,14174,3193,241,3434,7
2022-09-01,Monterey,053,433212,93519,20618,114137,765
2022-09-01,Napa,055,140530,31984,1380,33364,160
2022-09-01,Nevada,057,99092,18778,1790,20568,135
2022-09-01,Orange,059,3164182,663028,61986,725014,7468
2022-09-01,Placer,061,380077,75032,9518,84550,658
2022-09-01,Plumas,063,18699,3590,429,4019,13
2022-09-01,Riverside,065,2383286,689572,34642,724214,6621
2022-09-01,Sacramento,067,1510023,342932,34061,376993,3303
2022-09-01,San Benito,069,59416,16079,947,17026,102
2022-09-01,San Bernardino,071,2135413,665726,30324,696050,8065
2022-09-01,San Diego,073,3302833,913565,70452,984017,5540
2022-09-01,San Francisco,075,870044,176481,11874,188355,1040
2022-09-01,San Joaquin,077,732212,195843,14623,210466,2324
2022-09-01,San Luis Obispo,079,281455,62703,6986,69689,522
2022-09-01,San Mateo,081,765935,166682,10267,176949,742
2022-09-01,Santa Barbara,083,443738,104632,6748,111380,723
2022-09-01,Santa Clara,085,1922200,430518,18555,449073,2517
2022-09-01,Santa Cruz,087,273765,62259,3371,65630,273
2022-09-01,Shasta,089,179085,34555,7250,41805,591
2022-09-01,Sierra,091,2930,303,60,363,5
2022-09-01,Siskiyou,093,43540,5065,3269,8334,89
2022-09-01,Solano,095,438530,104045,7728,111773,458
2022-09-01,Sonoma,097,501317,105672,5185,110857,521
2022-09-01,Stanislaus,099,539301,136593,21372,157965,1774
2022-09-01,Sutter,101,95872,23948,2445,26393,232
2022-09-01,Tehama,103,63373,13493,3030,16523,215
2022-09-01,Trinity,105,12862,1387,373,1760,21
2022-09-01,Tulare,107,460477,121044,35703,156747,1535
2022-09-01,Tuolumne,109,53932,15393,912,16305,199
2022-09-01,Ventura,111,848112,206122,15354,221476,1582
2022-09-01,Yolo,113,214977,46964,4189,51153,391
2022-09-01,Yuba,115,75493,18653,1675,20328,131
2022-08-31,Alameda,001,1643700,342722,19201,361923,1993
2022-08-31,Alpine,002,1148,133,1,134,0
2022-08-31,Amador,005,37829,9880,912,10792,90
2022-08-31,Butte,007,227075,38990,8909,47899,458
2022-08-31,Calaveras,009,45235,8422,520,8942,133
2022-08-31,Colusa,011,21464,3753,1262,5015,22
2022-08-31,Contra Costa,013,1133247,248150,20355,268505,1438
2022-08-31,Del Norte,015,27424,7359,390,7749,55
2022-08-31,El Dorado,017,186661,31923,4170,36093,233
2022-08-31,Fresno,019,978130,275835,31135,306970,2856
2022-08-31,Glenn,021,27897,5479,1841,7320,56
2022-08-31,Humboldt,023,135768,21448,4861,26309,158
2022-08-31,Imperial,025,180216,64866,15380,80246,960
2022-08-31,Inyo,027,18085,4455,913,5368,59
2022-08-31,Kern,029,883053,217642,62066,279708,2411
2022-08-31,Kings,031,150075,58866,4048,62914,461
2022-08-31,Lake,033,64148,12649,1145,13794,147
2022-08-31,Lassen,035,31185,9925,978,10903,64
2022-08-31,Los Angeles,037,10098052,3246412,176125,3422537,33312
2022-08-31,Madera,039,155013,43511,8124,51635,374
2022-08-31,Marin,041,260295,36080,5100,41180,256
2022-08-31,Mariposa,043,17540,3060,339,3399,29
2022-08-31,Mendocino,045,87422,15843,4388,20231,136
2022-08-31,Merced,047,269075,72701,11835,84536,859
2022-08-31,Modoc,049,8938,869,314,1183,11
2022-08-31,Mono,051,14174,3192,241,3433,7
2022-08-31,Monterey,053,433212,93475,20596,114071,765
2022-08-31,Napa,055,140530,31967,1379,33346,159
2022-08-31,Nevada,057,99092,18761,1789,20550,135
2022-08-31,Orange,059,3164182,662609,61904,724513,7467
2022-08-31,Placer,061,380077,74990,9512,84502,658
2022-08-31,Plumas,063,18699,3589,429,4018,13
2022-08-31,Riverside,065,2383286,689157,34605,723762,6620
2022-08-31,Sacramento,067,1510023,342718,34017,376735,3302
2022-08-31,San Benito,069,59416,16067,945,17012,102
2022-08-31,San Bernardino,071,2135413,665283,30288,695571,8063
2022-08-31,San Diego,073,3302833,913097,70394,983491,5539
2022-08-31,San Francisco,075,870044,176366,11865,188231,1039
2022-08-31,San Joaquin,077,732212,195684,14604,210288,2324
2022-08-31,San Luis Obispo,079,281455,62673,6974,69647,522
2022-08-31,San Mateo,081,765935,166575,10260,176835,741
2022-08-31,Santa Barbara,083,443738,104545,6739,111284,723
2022-08-31,Santa Clara,085,1922200,430210,18538,448748,2514
2022-08-31,Santa Cruz,087,273765,62210,3368,65578,273
2022-08-31,Shasta,089,179085,34539,7243,41782,591
2022-08-31,Sierra,091,2930,303,60,363,5
2022-08-31,Siskiyou,093,43540,5057,3268,8325,89
2022-08-31,Solano,095,438530,103982,7723,111705,458
2022-08-31,Sonoma,097,501317,105600,5175,110775,521
2022-08-31,Stanislaus,099,539301,136503,21350,157853,1774
2022-08-31,Sutter,101,95872,23931,2444,26375,232
2022-08-31,Tehama,103,63373,13480,3025,16505,215
2022-08-31,Trinity,105,12862,1387,373,1760,21
2022-08-31,Tulare,107,460477,120967,35658,156625,1534
2022-08-31,Tuolumne,109,53932,15384,910,16294,199
2022-08-31,Ventura,111,848112,205977,15337,221314,1582
2022-08-31,Yolo,113,214977,46930,4177,51107,391
2022-08-31,Yuba,115,75493,18630,1672,20302,131
2022-08-30,Alameda,001,1643700,342476,19183,361659,1991
2022-08-30,Alpine,002,1148,133,1,134,0
2022-08-30,Amador,005,37829,9869,912,10781,90
2022-08-30,Butte,007,227075,38955,8894,47849,457
2022-08-30,Calaveras,009,45235,8419,518,8937,133
2022-08-30,Colusa,011,21464,3752,1260,5012,22
2022-08-30,Contra Costa,013,1133247,247994,20337,268331,1438
2022-08-30,Del Norte,015,27424,7358,390,7748,55
2022-08-30,El Dorado,017,186661,31904,4167,36071,233
2022-08-30,Fresno,019,978130,275635,31036,306671,2856
2022-08-30,Glenn,021,27897,5479,1840,7319,56
2022-08-30,Humboldt,023,135768,21427,4857,26284,158
2022-08-30,Imperial,025,180216,64819,15345,80164,960
2022-08-30,Inyo,027,18085,4454,910,5364,59
2022-08-30,Kern,029,883053,217506,61920,279426,2411
2022-08-30,Kings,031,150075,58810,4044,62854,461
2022-08-30,Lake,033,64148,12639,1143,13782,147
2022-08-30,Lassen,035,31185,9921,978,10899,64
2022-08-30,Los Angeles,037,10098052,3244314,175861,3420175,33298
2022-08-30,Madera,039,155013,43460,8108,51568,374
2022-08-30,Marin,041,260295,36047,5096,41143,256
2022-08-30,Mariposa,043,17540,3056,339,3395,29
2022-08-30,Mendocino,045,87422,15832,4378,20210,135
2022-08-30,Merced,047,269075,72652,11812,84464,859
2022-08-30,Modoc,049,8938,869,314,1183,11
2022-08-30,Mono,051,14174,3190,241,3431,7
2022-08-30,Monterey,053,433212,93429,20580,114009,764
2022-08-30,Napa,055,140530,31949,1378,33327,159
2022-08-30,Nevada,057,99092,18743,1769,20512,135
2022-08-30,Orange,059,3164182,662146,61796,723942,7463
2022-08-30,Placer,061,380077,74953,9504,84457,658
2022-08-30,Plumas,063,18699,3588,429,4017,13
2022-08-30,Riverside,065,2383286,688709,34567,723276,6620
2022-08-30,Sacramento,067,1510023,342518,33975,376493,3300
2022-08-30,San Benito,069,59416,16053,942,16995,102
2022-08-30,San Bernardino,071,2135413,664805,30255,695060,8058
2022-08-30,San Diego,073,3302833,912569,70299,982868,5537
2022-08-30,San Francisco,075,870044,176244,11856,188100,1038
2022-08-30,San Joaquin,077,732212,195532,14570,210102,2323
2022-08-30,San Luis Obispo,079,281455,62634,6960,69594,522
2022-08-30,San Mateo,081,765935,166468,10251,176719,741
2022-08-30,Santa Barbara,083,443738,104449,6729,111178,723
2022-08-30,Santa Clara,085,1922200,429880,18526,448406,2513
2022-08-30,Santa Cruz,087,273765,62158,3362,65520,273
2022-08-30,Shasta,089,179085,34515,7238,41753,591
2022-08-30,Sierra,091,2930,303,60,363,5
2022-08-30,Siskiyou,093,43540,5049,3266,8315,89
2022-08-30,Solano,095,438530,103894,7716,111610,458
2022-08-30,Sonoma,097,501317,105538,5168,110706,521
2022-08-30,Stanislaus,099,539301,136397,21336,157733,1774
2022-08-30,Sutter,101,95872,23913,2444,26357,232
2022-08-30,Tehama,103,63373,13473,3018,16491,215
2022-08-30,Trinity,105,12862,1386,372,1758,21
2022-08-30,Tulare,107,460477,120882,35605,156487,1534
2022-08-30,Tuolumne,109,53932,15369,910,16279,199
2022-08-30,Ventura,111,848112,205815,15299,221114,1580
2022-08-30,Yolo,113,214977,46910,4169,51079,389
2022-08-30,Yuba,115,75493,18618,1670,20288,130
2022-08-29,Alameda,001,1643700,342140,19159,361299,1990
2022-08-29,Alpine,002,1148,133,1,134,0
2022-08-29,Amador,005,37829,9855,911,10766,90
2022-08-29,Butte,007,227075,38913,8878,47791,457
2022-08-29,Calaveras,009,45235,8418,516,8934,133
2022-08-29,Colusa,011,21464,3752,1260,5012,22
2022-08-29,Contra Costa,013,1133247,247819,20313,268132,1436
2022-08-29,Del Norte,015,27424,7357,390,7747,55
2022-08-29,El Dorado,017,186661,31887,4163,36050,233
2022-08-29,Fresno,019,978130,275408,30997,306405,2855
2022-08-29,Glenn,021,27897,5477,1837,7314,56
2022-08-29,Humboldt,023,135768,21404,4850,26254,158
2022-08-29,Imperial,025,180216,64775,15306,80081,960
2022-08-29,Inyo,027,18085,4453,906,5359,59
2022-08-29,Kern,029,883053,217335,61778,279113,2410
2022-08-29,Kings,031,150075,58740,4040,62780,461
2022-08-29,Lake,033,64148,12625,1142,13767,145
2022-08-29,Lassen,035,31185,9915,978,10893,64
2022-08-29,Los Angeles,037,10098052,3242076,175586,3417662,33289
2022-08-29,Madera,039,155013,43421,8088,51509,374
2022-08-29,Marin,041,260295,36013,5090,41103,256
2022-08-29,Mariposa,043,17540,3052,338,3390,29
2022-08-29,Mendocino,045,87422,15817,4367,20184,135
2022-08-29,Merced,047,269075,72592,11783,84375,859
2022-08-29,Modoc,049,8938,868,313,1181,11
2022-08-29,Mono,051,14174,3189,241,3430,7
2022-08-29,Monterey,053,433212,93391,20550,113941,764
2022-08-29,Napa,055,140530,31929,1378,33307,159
2022-08-29,Nevada,057,99092,18727,1767,20494,135
2022-08-29,Orange,059,3164182,661687,61719,723406,7460
2022-08-29,Placer,061,380077,74915,9492,84407,658
2022-08-29,Plumas,063,18699,3587,429,4016,13
2022-08-29,Riverside,065,2383286,688136,34513,722649,6618
2022-08-29,Sacramento,067,1510023,342240,33918,376158,3296
2022-08-29,San Benito,069,59416,16040,940,16980,102
2022-08-29,San Bernardino,071,2135413,664219,30217,694436,8057
2022-08-29,San Diego,073,3302833,911941,70232,982173,5533
2022-08-29,San Francisco,075,870044,176139,11845,187984,1037
2022-08-29,San Joaquin,077,732212,195388,14540,209928,2323
2022-08-29,San Luis Obispo,079,281455,62601,6947,69548,522
2022-08-29,San Mateo,081,765935,166360,10243,176603,741
2022-08-29,Santa Barbara,083,443738,104354,6718,111072,722
2022-08-29,Santa Clara,085,1922200,429481,18502,447983,2511
2022-08-29,Santa Cruz,087,273765,62091,3355,65446,273
2022-08-29,Shasta,089,179085,34496,7225,41721,591
2022-08-29,Sierra,091,2930,303,60,363,5
2022-08-29,Siskiyou,093,43540,5045,3265,8310,89
2022-08-29,Solano,095,438530,103813,7705,111518,457
2022-08-29,Sonoma,097,501317,105458,5162,110620,521
2022-08-29,Stanislaus,099,539301,136277,21301,157578,1773
2022-08-29,Sutter,101,95872,23885,2441,26326,232
2022-08-29,Tehama,103,63373,13464,3017,16481,214
2022-08-29,Trinity,105,12862,1385,372,1757,21
2022-08-29,Tulare,107,460477,120789,35537,156326,1534
2022-08-29,Tuolumne,109,53932,15354,910,16264,199
2022-08-29,Ventura,111,848112,205667,15276,220943,1579
2022-08-29,Yolo,113,214977,46884,4159,51043,388
2022-08-29,Yuba,115,75493,18600,1665,20265,130
2022-08-28,Alameda,001,1643700,341806,19137,360943,1990
2022-08-28,Alpine,002,1148,133,1,134,0
2022-08-28,Amador,005,37829,9848,909,10757,90
2022-08-28,Butte,007,227075,38862,8867,47729,457
2022-08-28,Calaveras,009,45235,8410,515,8925,133
2022-08-28,Colusa,011,21464,3749,1256,5005,22
2022-08-28,Contra Costa,013,1133247,247596,20294,267890,1436
2022-08-28,Del Norte,015,27424,7351,389,7740,55
2022-08-28,El Dorado,017,186661,31856,4155,36011,233
2022-08-28,Fresno,019,978130,275160,30941,306101,2854
2022-08-28,Glenn,021,27897,5474,1835,7309,56
2022-08-28,Humboldt,023,135768,21379,4836,26215,158
2022-08-28,Imperial,025,180216,64722,15257,79979,960
2022-08-28,Inyo,027,18085,4452,903,5355,59
2022-08-28,Kern,029,883053,217195,61592,278787,2410
2022-08-28,Kings,031,150075,58683,4029,62712,461
2022-08-28,Lake,033,64148,12613,1138,13751,145
2022-08-28,Lassen,035,31185,9903,978,10881,64
2022-08-28,Los Angeles,037,10098052,3239374,175232,3414606,33281
2022-08-28,Madera,039,155013,43371,8054,51425,374
2022-08-28,Marin,041,260295,35981,5081,41062,256
2022-08-28,Mariposa,043,17540,3046,337,3383,29
2022-08-28,Mendocino,045,87422,15803,4363,20166,135
2022-08-28,Merced,047,269075,72517,11733,84250,859
2022-08-28,Modoc,049,8938,868,313,1181,11
2022-08-28,Mono,051,14174,3188,241,3429,7
2022-08-28,Monterey,053,433212,93325,20521,113846,764
2022-08-28,Napa,055,140530,31899,1377,33276,159
2022-08-28,Nevada,057,99092,18704,1766,20470,135
2022-08-28,Orange,059,3164182,661198,61618,722816,7459
2022-08-28,Placer,061,380077,74869,9480,84349,658
2022-08-28,Plumas,063,18699,3585,429,4014,13
2022-08-28,Riverside,065,2383286,687498,34448,721946,6615
2022-08-28,Sacramento,067,1510023,341912,33846,375758,3295
2022-08-28,San Benito,069,59416,16027,937,16964,102
2022-08-28,San Bernardino,071,2135413,663610,30162,693772,8055
2022-08-28,San Diego,073,3302833,911182,70124,981306,5530
2022-08-28,San Francisco,075,870044,175987,11833,187820,1036
2022-08-28,San Joaquin,077,732212,195153,14510,209663,2322
2022-08-28,San Luis Obispo,079,281455,62552,6928,69480,520
2022-08-28,San Mateo,081,765935,166205,10232,176437,741
2022-08-28,Santa Barbara,083,443738,104220,6699,110919,722
2022-08-28,Santa Clara,085,1922200,429067,18481,447548,2511
2022-08-28,Santa Cruz,087,273765,61990,3341,65331,273
2022-08-28,Shasta,089,179085,34459,7212,41671,591
2022-08-28,Sierra,091,2930,302,60,362,5
2022-08-28,Siskiyou,093,43540,5039,3263,8302,89
2022-08-28,Solano,095,438530,103717,7697,111414,456
2022-08-28,Sonoma,097,501317,105375,5151,110526,521
2022-08-28,Stanislaus,099,539301,136124,21274,157398,1769
2022-08-28,Sutter,101,95872,23856,2438,26294,232
2022-08-28,Tehama,103,63373,13444,3015,16459,214
2022-08-28,Trinity,105,12862,1385,370,1755,21
2022-08-28,Tulare,107,460477,120675,35430,156105,1534
2022-08-28,Tuolumne,109,53932,15348,905,16253,199
2022-08-28,Ventura,111,848112,205468,15208,220676,1578
2022-08-28,Yolo,113,214977,46832,4148,50980,388
2022-08-28,Yuba,115,75493,18581,1659,20240,130
2022-08-27,Alameda,001,1643700,341609,19131,360740,1989
2022-08-27,Alpine,002,1148,133,1,134,0
2022-08-27,Amador,005,37829,9842,908,10750,90
2022-08-27,Butte,007,227075,38834,8854,47688,457
2022-08-27,Calaveras,009,45235,8405,515,8920,133
2022-08-27,Colusa,011,21464,3747,1251,4998,22
2022-08-27,Contra Costa,013,1133247,247455,20285,267740,1435
2022-08-27,Del Norte,015,27424,7349,389,7738,55
2022-08-27,El Dorado,017,186661,31844,4151,35995,233
2022-08-27,Fresno,019,978130,275037,30925,305962,2854
2022-08-27,Glenn,021,27897,5472,1835,7307,56
2022-08-27,Humboldt,023,135768,21363,4828,26191,158
2022-08-27,Imperial,025,180216,64700,15247,79947,960
2022-08-27,Inyo,027,18085,4451,903,5354,59
2022-08-27,Kern,029,883053,217109,61479,278588,2410
2022-08-27,Kings,031,150075,58653,4026,62679,461
2022-08-27,Lake,033,64148,12608,1134,13742,145
2022-08-27,Lassen,035,31185,9899,978,10877,64
2022-08-27,Los Angeles,037,10098052,3238046,175020,3413066,33267
2022-08-27,Madera,039,155013,43336,8050,51386,374
2022-08-27,Marin,041,260295,35960,5072,41032,256
2022-08-27,Mariposa,043,17540,3045,336,3381,29
2022-08-27,Mendocino,045,87422,15797,4361,20158,135
2022-08-27,Merced,047,269075,72473,11725,84198,858
2022-08-27,Modoc,049,8938,868,313,1181,11
2022-08-27,Mono,051,14174,3187,241,3428,7
2022-08-27,Monterey,053,433212,93293,20506,113799,764
2022-08-27,Napa,055,140530,31884,1375,33259,159
2022-08-27,Nevada,057,99092,18693,1764,20457,135
2022-08-27,Orange,059,3164182,660921,61519,722440,7456
2022-08-27,Placer,061,380077,74832,9476,84308,658
2022-08-27,Plumas,063,18699,3584,429,4013,13
2022-08-27,Riverside,065,2383286,687163,34422,721585,6615
2022-08-27,Sacramento,067,1510023,341774,33832,375606,3294
2022-08-27,San Benito,069,59416,16011,933,16944,102
2022-08-27,San Bernardino,071,2135413,663289,30133,693422,8055
2022-08-27,San Diego,073,3302833,910844,70083,980927,5527
2022-08-27,San Francisco,075,870044,175914,11827,187741,1034
2022-08-27,San Joaquin,077,732212,195094,14489,209583,2320
2022-08-27,San Luis Obispo,079,281455,62537,6921,69458,519
2022-08-27,San Mateo,081,765935,166108,10231,176339,741
2022-08-27,Santa Barbara,083,443738,104157,6688,110845,721
2022-08-27,Santa Clara,085,1922200,428849,18471,447320,2509
2022-08-27,Santa Cruz,087,273765,61977,3340,65317,273
2022-08-27,Shasta,089,179085,34448,7207,41655,590
2022-08-27,Sierra,091,2930,302,60,362,5
2022-08-27,Siskiyou,093,43540,5037,3263,8300,89
2022-08-27,Solano,095,438530,103680,7689,111369,455
2022-08-27,Sonoma,097,501317,105333,5148,110481,521
2022-08-27,Stanislaus,099,539301,136045,21253,157298,1769
2022-08-27,Sutter,101,95872,23841,2438,26279,232
2022-08-27,Tehama,103,63373,13438,3014,16452,214
2022-08-27,Trinity,105,12862,1384,368,1752,21
2022-08-27,Tulare,107,460477,120615,35381,155996,1534
2022-08-27,Tuolumne,109,53932,15341,904,16245,199
2022-08-27,Ventura,111,848112,205383,15195,220578,1577
2022-08-27,Yolo,113,214977,46812,4144,50956,388
2022-08-27,Yuba,115,75493,18569,1658,20227,130
2022-08-26,Alameda,001,1643700,341435,19128,360563,1989
2022-08-26,Alpine,002,1148,133,1,134,0
2022-08-26,Amador,005,37829,9839,906,10745,90
2022-08-26,Butte,007,227075,38820,8842,47662,457
2022-08-26,Calaveras,009,45235,8400,515,8915,133
2022-08-26,Colusa,011,21464,3746,1251,4997,22
2022-08-26,Contra Costa,013,1133247,247298,20278,267576,1434
2022-08-26,Del Norte,015,27424,7347,389,7736,55
2022-08-26,El Dorado,017,186661,31824,4150,35974,233
2022-08-26,Fresno,019,978130,274881,30888,305769,2854
2022-08-26,Glenn,021,27897,5469,1833,7302,56
2022-08-26,Humboldt,023,135768,21356,4826,26182,158
2022-08-26,Imperial,025,180216,64677,15234,79911,959
2022-08-26,Inyo,027,18085,4450,896,5346,59
2022-08-26,Kern,029,883053,217017,61378,278395,2410
2022-08-26,Kings,031,150075,58639,4024,62663,461
2022-08-26,Lake,033,64148,12600,1133,13733,145
2022-08-26,Lassen,035,31185,9897,978,10875,64
2022-08-26,Los Angeles,037,10098052,3236633,174807,3411440,33258
2022-08-26,Madera,039,155013,43306,8044,51350,374
2022-08-26,Marin,041,260295,35928,5070,40998,256
2022-08-26,Mariposa,043,17540,3040,332,3372,29
2022-08-26,Mendocino,045,87422,15791,4359,20150,135
2022-08-26,Merced,047,269075,72433,11716,84149,858
2022-08-26,Modoc,049,8938,867,313,1180,11
2022-08-26,Mono,051,14174,3187,241,3428,7
2022-08-26,Monterey,053,433212,93252,20491,113743,764
2022-08-26,Napa,055,140530,31870,1375,33245,159
2022-08-26,Nevada,057,99092,18681,1762,20443,135
2022-08-26,Orange,059,3164182,660655,61458,722113,7453
2022-08-26,Placer,061,380077,74798,9465,84263,657
2022-08-26,Plumas,063,18699,3583,429,4012,13
2022-08-26,Riverside,065,2383286,686808,34390,721198,6614
2022-08-26,Sacramento,067,1510023,341585,33814,375399,3291
2022-08-26,San Benito,069,59416,16000,933,16933,102
2022-08-26,San Bernardino,071,2135413,662959,30112,693071,8054
2022-08-26,San Diego,073,3302833,910422,70060,980482,5527
2022-08-26,San Francisco,075,870044,175830,11822,187652,1034
2022-08-26,San Joaquin,077,732212,195020,14472,209492,2320
2022-08-26,San Luis Obispo,079,281455,62515,6917,69432,519
2022-08-26,San Mateo,081,765935,166014,10226,176240,741
2022-08-26,Santa Barbara,083,443738,104105,6682,110787,721
2022-08-26,Santa Clara,085,1922200,428628,18461,447089,2508
2022-08-26,Santa Cruz,087,273765,61930,3336,65266,273
2022-08-26,Shasta,089,179085,34436,7203,41639,590
2022-08-26,Sierra,091,2930,302,60,362,5
2022-08-26,Siskiyou,093,43540,5034,3263,8297,89
2022-08-26,Solano,095,438530,103622,7678,111300,455
2022-08-26,Sonoma,097,501317,105288,5148,110436,521
2022-08-26,Stanislaus,099,539301,135968,21244,157212,1769
2022-08-26,Sutter,101,95872,23822,2437,26259,232
2022-08-26,Tehama,103,63373,13427,3012,16439,214
2022-08-26,Trinity,105,12862,1384,368,1752,21
2022-08-26,Tulare,107,460477,120553,35333,155886,1534
2022-08-26,Tuolumne,109,53932,15329,904,16233,199
2022-08-26,Ventura,111,848112,205303,15180,220483,1575
2022-08-26,Yolo,113,214977,46800,4140,50940,388
2022-08-26,Yuba,115,75493,18556,1658,20214,130
2022-08-25,Alameda,001,1643700,341140,19101,360241,1987
2022-08-25,Alpine,002,1148,133,1,134,0
2022-08-25,Amador,005,37829,9832,906,10738,90
2022-08-25,Butte,007,227075,38796,8833,47629,457
2022-08-25,Calaveras,009,45235,8394,515,8909,133
2022-08-25,Colusa,011,21464,3746,1249,4995,22
2022-08-25,Contra Costa,013,1133247,247094,20257,267351,1433
2022-08-25,Del Norte,015,27424,7338,389,7727,55
2022-08-25,El Dorado,017,186661,31803,4145,35948,233
2022-08-25,Fresno,019,978130,274680,30837,305517,2853
2022-08-25,Glenn,021,27897,5464,1832,7296,56
2022-08-25,Humboldt,023,135768,21335,4816,26151,158
2022-08-25,Imperial,025,180216,64635,15206,79841,959
2022-08-25,Inyo,027,18085,4450,889,5339,59
2022-08-25,Kern,029,883053,216872,61271,278143,2410
2022-08-25,Kings,031,150075,58583,4016,62599,461
2022-08-25,Lake,033,64148,12586,1131,13717,145
2022-08-25,Lassen,035,31185,9896,977,10873,64
2022-08-25,Los Angeles,037,10098052,3234473,174514,3408987,33243
2022-08-25,Madera,039,155013,43259,8030,51289,374
2022-08-25,Marin,041,260295,35900,5062,40962,256
2022-08-25,Mariposa,043,17540,3038,332,3370,29
2022-08-25,Mendocino,045,87422,15782,4358,20140,135
2022-08-25,Merced,047,269075,72386,11684,84070,858
2022-08-25,Modoc,049,8938,867,313,1180,11
2022-08-25,Mono,051,14174,3187,241,3428,7
2022-08-25,Monterey,053,433212,93200,20470,113670,764
2022-08-25,Napa,055,140530,31852,1375,33227,159
2022-08-25,Nevada,057,99092,18659,1757,20416,135
2022-08-25,Orange,059,3164182,660227,61373,721600,7450
2022-08-25,Placer,061,380077,74748,9458,84206,657
2022-08-25,Plumas,063,18699,3581,429,4010,13
2022-08-25,Riverside,065,2383286,686284,34343,720627,6613
2022-08-25,Sacramento,067,1510023,341307,33769,375076,3289
2022-08-25,San Benito,069,59416,15987,932,16919,102
2022-08-25,San Bernardino,071,2135413,662423,30081,692504,8050
2022-08-25,San Diego,073,3302833,909876,69981,979857,5524
2022-08-25,San Francisco,075,870044,175717,11817,187534,1032
2022-08-25,San Joaquin,077,732212,194873,14447,209320,2319
2022-08-25,San Luis Obispo,079,281455,62415,6907,69322,519
2022-08-25,San Mateo,081,765935,165883,10219,176102,741
2022-08-25,Santa Barbara,083,443738,104010,6667,110677,721
2022-08-25,Santa Clara,085,1922200,428307,18443,446750,2506
2022-08-25,Santa Cruz,087,273765,61870,3332,65202,273
2022-08-25,Shasta,089,179085,34417,7191,41608,590
2022-08-25,Sierra,091,2930,302,60,362,5
2022-08-25,Siskiyou,093,43540,5029,3258,8287,88
2022-08-25,Solano,095,438530,103536,7668,111204,455
2022-08-25,Sonoma,097,501317,105212,5141,110353,521
2022-08-25,Stanislaus,099,539301,135842,21221,157063,1767
2022-08-25,Sutter,101,95872,23799,2435,26234,232
2022-08-25,Tehama,103,63373,13419,3005,16424,214
2022-08-25,Trinity,105,12862,1384,367,1751,21
2022-08-25,Tulare,107,460477,120457,35263,155720,1534
2022-08-25,Tuolumne,109,53932,15311,903,16214,199
2022-08-25,Ventura,111,848112,205149,15131,220280,1575
2022-08-25,Yolo,113,214977,46773,4131,50904,388
2022-08-25,Yuba,115,75493,18537,1655,20192,130
2022-08-24,Alameda,001,1643700,340827,19077,359904,1984
2022-08-24,Alpine,002,1148,133,1,134,0
2022-08-24,Amador,005,37829,9825,903,10728,90
2022-08-24,Butte,007,227075,38758,8817,47575,457
2022-08-24,Calaveras,009,45235,8379,514,8893,133
2022-08-24,Colusa,011,21464,3746,1246,4992,22
2022-08-24,Contra Costa,013,1133247,246906,20231,267137,1433
2022-08-24,Del Norte,015,27424,7334,387,7721,55
2022-08-24,El Dorado,017,186661,31788,4140,35928,233
2022-08-24,Fresno,019,978130,274484,30780,305264,2853
2022-08-24,Glenn,021,27897,5462,1832,7294,56
2022-08-24,Humboldt,023,135768,21314,4805,26119,158
2022-08-24,Imperial,025,180216,64598,15189,79787,959
2022-08-24,Inyo,027,18085,4449,888,5337,59
2022-08-24,Kern,029,883053,216721,61148,277869,2410
2022-08-24,Kings,031,150075,58529,4012,62541,461
2022-08-24,Lake,033,64148,12576,1130,13706,145
2022-08-24,Lassen,035,31185,9893,974,10867,64
2022-08-24,Los Angeles,037,10098052,3232110,174203,3406313,33232
2022-08-24,Madera,039,155013,43218,8005,51223,374
2022-08-24,Marin,041,260295,35863,5054,40917,254
2022-08-24,Mariposa,043,17540,3038,332,3370,29
2022-08-24,Mendocino,045,87422,15770,4348,20118,135
2022-08-24,Merced,047,269075,72336,11651,83987,856
2022-08-24,Modoc,049,8938,867,312,1179,11
2022-08-24,Mono,051,14174,3187,241,3428,7
2022-08-24,Monterey,053,433212,93139,20430,113569,763
2022-08-24,Napa,055,140530,31842,1373,33215,159
2022-08-24,Nevada,057,99092,18643,1754,20397,135
2022-08-24,Orange,059,3164182,659767,61281,721048,7448
2022-08-24,Placer,061,380077,74687,9453,84140,657
2022-08-24,Plumas,063,18699,3577,429,4006,13
2022-08-24,Riverside,065,2383286,685745,34290,720035,6612
2022-08-24,Sacramento,067,1510023,341028,33722,374750,3288
2022-08-24,San Benito,069,59416,15965,929,16894,102
2022-08-24,San Bernardino,071,2135413,661906,30043,691949,8046
2022-08-24,San Diego,073,3302833,909312,69912,979224,5523
2022-08-24,San Francisco,075,870044,175574,11812,187386,1030
2022-08-24,San Joaquin,077,732212,194717,14421,209138,2319
2022-08-24,San Luis Obispo,079,281455,62376,6894,69270,519
2022-08-24,San Mateo,081,765935,165764,10213,175977,741
2022-08-24,Santa Barbara,083,443738,103933,6651,110584,721
2022-08-24,Santa Clara,085,1922200,427950,18431,446381,2506
2022-08-24,Santa Cruz,087,273765,61843,3326,65169,273
2022-08-24,Shasta,089,179085,34403,7177,41580,590
2022-08-24,Sierra,091,2930,302,60,362,5
2022-08-24,Siskiyou,093,43540,5025,3257,8282,88
2022-08-24,Solano,095,438530,103449,7657,111106,455
2022-08-24,Sonoma,097,501317,105135,5140,110275,521
2022-08-24,Stanislaus,099,539301,135713,21195,156908,1767
2022-08-24,Sutter,101,95872,23767,2434,26201,232
2022-08-24,Tehama,103,63373,13414,3001,16415,214
2022-08-24,Trinity,105,12862,1383,367,1750,21
2022-08-24,Tulare,107,460477,120349,35162,155511,1534
2022-08-24,Tuolumne,109,53932,15301,903,16204,199
2022-08-24,Ventura,111,848112,204983,15091,220074,1573
2022-08-24,Yolo,113,214977,46743,4122,50865,388
2022-08-24,Yuba,115,75493,18513,1649,20162,130
2022-08-23,Alameda,001,1643700,340506,19052,359558,1983
2022-08-23,Alpine,002,1148,133,1,134,0
2022-08-23,Amador,005,37829,9814,902,10716,89
2022-08-23,Butte,007,227075,38726,8797,47523,457
2022-08-23,Calaveras,009,45235,8370,510,8880,133
2022-08-23,Colusa,011,21464,3743,1242,4985,22
2022-08-23,Contra Costa,013,1133247,246707,20201,266908,1433
2022-08-23,Del Norte,015,27424,7330,387,7717,55
2022-08-23,El Dorado,017,186661,31768,4137,35905,233
2022-08-23,Fresno,019,978130,274230,30717,304947,2852
2022-08-23,Glenn,021,27897,5456,1831,7287,56
2022-08-23,Humboldt,023,135768,21301,4793,26094,158
2022-08-23,Imperial,025,180216,64555,15170,79725,959
2022-08-23,Inyo,027,18085,4447,881,5328,59
2022-08-23,Kern,029,883053,216586,60977,277563,2410
2022-08-23,Kings,031,150075,58478,4007,62485,461
2022-08-23,Lake,033,64148,12556,1129,13685,144
2022-08-23,Lassen,035,31185,9889,974,10863,64
2022-08-23,Los Angeles,037,10098052,3229441,173883,3403324,33213
2022-08-23,Madera,039,155013,43173,7981,51154,374
2022-08-23,Marin,041,260295,35831,5051,40882,254
2022-08-23,Mariposa,043,17540,3034,328,3362,29
2022-08-23,Mendocino,045,87422,15752,4340,20092,135
2022-08-23,Merced,047,269075,72275,11598,83873,856
2022-08-23,Modoc,049,8938,867,312,1179,11
2022-08-23,Mono,051,14174,3187,241,3428,7
2022-08-23,Monterey,053,433212,93071,20386,113457,763
2022-08-23,Napa,055,140530,31824,1373,33197,159
2022-08-23,Nevada,057,99092,18629,1746,20375,135
2022-08-23,Orange,059,3164182,659231,61172,720403,7445
2022-08-23,Placer,061,380077,74622,9439,84061,657
2022-08-23,Plumas,063,18699,3571,429,4000,13
2022-08-23,Riverside,065,2383286,685129,34225,719354,6610
2022-08-23,Sacramento,067,1510023,340700,33671,374371,3287
2022-08-23,San Benito,069,59416,15942,925,16867,102
2022-08-23,San Bernardino,071,2135413,661282,29993,691275,8044
2022-08-23,San Diego,073,3302833,908695,69834,978529,5523
2022-08-23,San Francisco,075,870044,175418,11802,187220,1030
2022-08-23,San Joaquin,077,732212,194562,14378,208940,2319
2022-08-23,San Luis Obispo,079,281455,62328,6883,69211,519
2022-08-23,San Mateo,081,765935,165635,10210,175845,741
2022-08-23,Santa Barbara,083,443738,103838,6636,110474,721
2022-08-23,Santa Clara,085,1922200,427561,18419,445980,2506
2022-08-23,Santa Cruz,087,273765,61790,3323,65113,273
2022-08-23,Shasta,089,179085,34380,7171,41551,590
2022-08-23,Sierra,091,2930,302,60,362,5
2022-08-23,Siskiyou,093,43540,5025,3255,8280,88
2022-08-23,Solano,095,438530,103354,7651,111005,455
2022-08-23,Sonoma,097,501317,105054,5129,110183,520
2022-08-23,Stanislaus,099,539301,135593,21151,156744,1766
2022-08-23,Sutter,101,95872,23748,2429,26177,232
2022-08-23,Tehama,103,63373,13403,2999,16402,214
2022-08-23,Trinity,105,12862,1381,367,1748,21
2022-08-23,Tulare,107,460477,120237,35060,155297,1534
2022-08-23,Tuolumne,109,53932,15286,902,16188,199
2022-08-23,Ventura,111,848112,204808,15055,219863,1573
2022-08-23,Yolo,113,214977,46717,4120,50837,388
2022-08-23,Yuba,115,75493,18492,1645,20137,130
2022-08-22,Alameda,001,1643700,340135,19026,359161,1980
2022-08-22,Alpine,002,1148,133,1,134,0
2022-08-22,Amador,005,37829,9809,901,10710,89
2022-08-22,Butte,007,227075,38677,8780,47457,457
2022-08-22,Calaveras,009,45235,8359,508,8867,133
2022-08-22,Colusa,011,21464,3741,1238,4979,22
2022-08-22,Contra Costa,013,1133247,246459,20163,266622,1431
2022-08-22,Del Norte,015,27424,7329,387,7716,55
2022-08-22,El Dorado,017,186661,31744,4133,35877,233
2022-08-22,Fresno,019,978130,273989,30632,304621,2852
2022-08-22,Glenn,021,27897,5455,1829,7284,56
2022-08-22,Humboldt,023,135768,21280,4778,26058,158
2022-08-22,Imperial,025,180216,64481,15129,79610,959
2022-08-22,Inyo,027,18085,4445,881,5326,59
2022-08-22,Kern,029,883053,216429,60785,277214,2410
2022-08-22,Kings,031,150075,58426,3999,62425,461
2022-08-22,Lake,033,64148,12532,1126,13658,144
2022-08-22,Lassen,035,31185,9887,974,10861,64
2022-08-22,Los Angeles,037,10098052,3226505,173538,3400043,33202
2022-08-22,Madera,039,155013,43119,7956,51075,374
2022-08-22,Marin,041,260295,35798,5043,40841,254
2022-08-22,Mariposa,043,17540,3027,327,3354,29
2022-08-22,Mendocino,045,87422,15730,4323,20053,135
2022-08-22,Merced,047,269075,72199,11556,83755,856
2022-08-22,Modoc,049,8938,867,312,1179,11
2022-08-22,Mono,051,14174,3187,241,3428,7
2022-08-22,Monterey,053,433212,92996,20336,113332,762
2022-08-22,Napa,055,140530,31798,1370,33168,159
2022-08-22,Nevada,057,99092,18611,1740,20351,135
2022-08-22,Orange,059,3164182,658623,61054,719677,7442
2022-08-22,Placer,061,380077,74545,9432,83977,657
2022-08-22,Plumas,063,18699,3570,429,3999,13
2022-08-22,Riverside,065,2383286,684459,34160,718619,6609
2022-08-22,Sacramento,067,1510023,340359,33587,373946,3285
2022-08-22,San Benito,069,59416,15920,924,16844,102
2022-08-22,San Bernardino,071,2135413,660538,29931,690469,8043
2022-08-22,San Diego,073,3302833,908009,69713,977722,5521
2022-08-22,San Francisco,075,870044,175267,11788,187055,1030
2022-08-22,San Joaquin,077,732212,194383,14338,208721,2318
2022-08-22,San Luis Obispo,079,281455,62275,6870,69145,519
2022-08-22,San Mateo,081,765935,165488,10199,175687,741
2022-08-22,Santa Barbara,083,443738,103716,6618,110334,721
2022-08-22,Santa Clara,085,1922200,427124,18397,445521,2506
2022-08-22,Santa Cruz,087,273765,61707,3319,65026,273
2022-08-22,Shasta,089,179085,34363,7161,41524,590
2022-08-22,Sierra,091,2930,302,60,362,5
2022-08-22,Siskiyou,093,43540,5021,3253,8274,88
2022-08-22,Solano,095,438530,103264,7638,110902,455
2022-08-22,Sonoma,097,501317,104971,5116,110087,520
2022-08-22,Stanislaus,099,539301,135427,21115,156542,1766
2022-08-22,Sutter,101,95872,23713,2429,26142,232
2022-08-22,Tehama,103,63373,13397,2996,16393,214
2022-08-22,Trinity,105,12862,1376,365,1741,21
2022-08-22,Tulare,107,460477,120107,34958,155065,1534
2022-08-22,Tuolumne,109,53932,15263,902,16165,199
2022-08-22,Ventura,111,848112,204646,14981,219627,1573
2022-08-22,Yolo,113,214977,46679,4110,50789,388
2022-08-22,Yuba,115,75493,18465,1641,20106,130
2022-08-21,Alameda,001,1643700,339703,18998,358701,1978
2022-08-21,Alpine,002,1148,132,1,133,0
2022-08-21,Amador,005,37829,9802,896,10698,89
2022-08-21,Butte,007,227075,38631,8762,47393,457
2022-08-21,Calaveras,009,45235,8346,506,8852,133
2022-08-21,Colusa,011,21464,3735,1232,4967,22
2022-08-21,Contra Costa,013,1133247,246170,20132,266302,1431
2022-08-21,Del Norte,015,27424,7322,386,7708,55
2022-08-21,El Dorado,017,186661,31711,4128,35839,232
2022-08-21,Fresno,019,978130,273713,30542,304255,2850
2022-08-21,Glenn,021,27897,5451,1828,7279,56
2022-08-21,Humboldt,023,135768,21256,4760,26016,158
2022-08-21,Imperial,025,180216,64420,15089,79509,959
2022-08-21,Inyo,027,18085,4445,877,5322,59
2022-08-21,Kern,029,883053,216235,60591,276826,2408
2022-08-21,Kings,031,150075,58355,3988,62343,461
2022-08-21,Lake,033,64148,12508,1124,13632,144
2022-08-21,Lassen,035,31185,9880,974,10854,64
2022-08-21,Los Angeles,037,10098052,3223241,173138,3396379,33186
2022-08-21,Madera,039,155013,43069,7918,50987,374
2022-08-21,Marin,041,260295,35749,5024,40773,254
2022-08-21,Mariposa,043,17540,3025,327,3352,29
2022-08-21,Mendocino,045,87422,15700,4300,20000,135
2022-08-21,Merced,047,269075,72107,11482,83589,856
2022-08-21,Modoc,049,8938,866,312,1178,11
2022-08-21,Mono,051,14174,3187,239,3426,7
2022-08-21,Monterey,053,433212,92892,20281,113173,761
2022-08-21,Napa,055,140530,31776,1369,33145,159
2022-08-21,Nevada,057,99092,18599,1736,20335,135
2022-08-21,Orange,059,3164182,657947,60923,718870,7440
2022-08-21,Placer,061,380077,74483,9428,83911,657
2022-08-21,Plumas,063,18699,3563,429,3992,13
2022-08-21,Riverside,065,2383286,683618,34081,717699,6607
2022-08-21,Sacramento,067,1510023,339989,33516,373505,3284
2022-08-21,San Benito,069,59416,15897,921,16818,102
2022-08-21,San Bernardino,071,2135413,659672,29876,689548,8039
2022-08-21,San Diego,073,3302833,907154,69632,976786,5519
2022-08-21,San Francisco,075,870044,175064,11771,186835,1028
2022-08-21,San Joaquin,077,732212,194136,14298,208434,2317
2022-08-21,San Luis Obispo,079,281455,62223,6845,69068,519
2022-08-21,San Mateo,081,765935,165328,10194,175522,741
2022-08-21,Santa Barbara,083,443738,103586,6593,110179,721
2022-08-21,Santa Clara,085,1922200,426582,18369,444951,2506
2022-08-21,Santa Cruz,087,273765,61592,3314,64906,273
2022-08-21,Shasta,089,179085,34323,7146,41469,590
2022-08-21,Sierra,091,2930,302,60,362,5
2022-08-21,Siskiyou,093,43540,5020,3246,8266,87
2022-08-21,Solano,095,438530,103179,7627,110806,455
2022-08-21,Sonoma,097,501317,104864,5103,109967,520
2022-08-21,Stanislaus,099,539301,135260,21045,156305,1764
2022-08-21,Sutter,101,95872,23680,2422,26102,232
2022-08-21,Tehama,103,63373,13385,2992,16377,214
2022-08-21,Trinity,105,12862,1374,364,1738,21
2022-08-21,Tulare,107,460477,119978,34807,154785,1533
2022-08-21,Tuolumne,109,53932,15246,900,16146,198
2022-08-21,Ventura,111,848112,204412,14912,219324,1573
2022-08-21,Yolo,113,214977,46639,4105,50744,388
2022-08-21,Yuba,115,75493,18442,1634,20076,130
2022-08-20,Alameda,001,1643700,339486,18983,358469,1978
2022-08-20,Alpine,002,1148,132,1,133,0
2022-08-20,Amador,005,37829,9799,896,10695,89
2022-08-20,Butte,007,227075,38602,8758,47360,457
2022-08-20,Calaveras,009,45235,8343,505,8848,133
2022-08-20,Colusa,011,21464,3731,1226,4957,22
2022-08-20,Contra Costa,013,1133247,246029,20123,266152,1430
2022-08-20,Del Norte,015,27424,7321,386,7707,55
2022-08-20,El Dorado,017,186661,31691,4126,35817,232
2022-08-20,Fresno,019,978130,273567,30518,304085,2849
2022-08-20,Glenn,021,27897,5448,1828,7276,56
2022-08-20,Humboldt,023,135768,21237,4748,25985,158
2022-08-20,Imperial,025,180216,64383,15070,79453,959
2022-08-20,Inyo,027,18085,4445,877,5322,59
2022-08-20,Kern,029,883053,216142,60464,276606,2407
2022-08-20,Kings,031,150075,58328,3983,62311,461
2022-08-20,Lake,033,64148,12498,1120,13618,144
2022-08-20,Lassen,035,31185,9877,974,10851,64
2022-08-20,Los Angeles,037,10098052,3221650,172915,3394565,33173
2022-08-20,Madera,039,155013,43045,7912,50957,374
2022-08-20,Marin,041,260295,35731,5022,40753,254
2022-08-20,Mariposa,043,17540,3025,327,3352,29
2022-08-20,Mendocino,045,87422,15684,4299,19983,135
2022-08-20,Merced,047,269075,72083,11474,83557,855
2022-08-20,Modoc,049,8938,866,312,1178,11
2022-08-20,Mono,051,14174,3187,237,3424,7
2022-08-20,Monterey,053,433212,92846,20253,113099,761
2022-08-20,Napa,055,140530,31768,1369,33137,158
2022-08-20,Nevada,057,99092,18596,1734,20330,135
2022-08-20,Orange,059,3164182,657615,60842,718457,7435
2022-08-20,Placer,061,380077,74434,9424,83858,657
2022-08-20,Plumas,063,18699,3563,429,3992,13
2022-08-20,Riverside,065,2383286,683189,34055,717244,6605
2022-08-20,Sacramento,067,1510023,339824,33493,373317,3280
2022-08-20,San Benito,069,59416,15878,918,16796,102
2022-08-20,San Bernardino,071,2135413,659235,29847,689082,8037
2022-08-20,San Diego,073,3302833,906773,69606,976379,5518
2022-08-20,San Francisco,075,870044,174940,11770,186710,1027
2022-08-20,San Joaquin,077,732212,194036,14271,208307,2317
2022-08-20,San Luis Obispo,079,281455,62205,6837,69042,519
2022-08-20,San Mateo,081,765935,165227,10191,175418,741
2022-08-20,Santa Barbara,083,443738,103515,6586,110101,721
2022-08-20,Santa Clara,085,1922200,426306,18357,444663,2503
2022-08-20,Santa Cruz,087,273765,61562,3310,64872,273
2022-08-20,Shasta,089,179085,34297,7144,41441,590
2022-08-20,Sierra,091,2930,302,60,362,5
2022-08-20,Siskiyou,093,43540,5015,3245,8260,87
2022-08-20,Solano,095,438530,103133,7619,110752,455
2022-08-20,Sonoma,097,501317,104810,5100,109910,520
2022-08-20,Stanislaus,099,539301,135168,21030,156198,1764
2022-08-20,Sutter,101,95872,23652,2422,26074,232
2022-08-20,Tehama,103,63373,13377,2992,16369,214
2022-08-20,Trinity,105,12862,1374,364,1738,21
2022-08-20,Tulare,107,460477,119897,34758,154655,1532
2022-08-20,Tuolumne,109,53932,15237,898,16135,198
2022-08-20,Ventura,111,848112,204303,14896,219199,1573
2022-08-20,Yolo,113,214977,46611,4097,50708,388
2022-08-20,Yuba,115,75493,18435,1633,20068,130
2022-08-19,Alameda,001,1643700,339271,18959,358230,1977
2022-08-19,Alpine,002,1148,132,1,133,0
2022-08-19,Amador,005,37829,9798,896,10694,89
2022-08-19,Butte,007,227075,38581,8747,47328,457
2022-08-19,Calaveras,009,45235,8338,505,8843,133
2022-08-19,Colusa,011,21464,3730,1225,4955,22
2022-08-19,Contra Costa,013,1133247,245887,20112,265999,1429
2022-08-19,Del Norte,015,27424,7316,386,7702,54
2022-08-19,El Dorado,017,186661,31679,4122,35801,232
2022-08-19,Fresno,019,978130,273403,30494,303897,2847
2022-08-19,Glenn,021,27897,5447,1828,7275,56
2022-08-19,Humboldt,023,135768,21227,4738,25965,158
2022-08-19,Imperial,025,180216,64355,15055,79410,959
2022-08-19,Inyo,027,18085,4445,873,5318,59
2022-08-19,Kern,029,883053,216049,60367,276416,2405
2022-08-19,Kings,031,150075,58286,3976,62262,461
2022-08-19,Lake,033,64148,12485,1118,13603,144
2022-08-19,Lassen,035,31185,9874,974,10848,64
2022-08-19,Los Angeles,037,10098052,3219820,172698,3392518,33154
2022-08-19,Madera,039,155013,43023,7908,50931,374
2022-08-19,Marin,041,260295,35696,5016,40712,254
2022-08-19,Mariposa,043,17540,3023,327,3350,29
2022-08-19,Mendocino,045,87422,15671,4291,19962,135
2022-08-19,Merced,047,269075,72043,11469,83512,855
2022-08-19,Modoc,049,8938,866,312,1178,11
2022-08-19,Mono,051,14174,3187,237,3424,7
2022-08-19,Monterey,053,433212,92793,20223,113016,761
2022-08-19,Napa,055,140530,31750,1367,33117,158
2022-08-19,Nevada,057,99092,18591,1733,20324,135
2022-08-19,Orange,059,3164182,657239,60758,717997,7431
2022-08-19,Placer,061,380077,74398,9416,83814,656
2022-08-19,Plumas,063,18699,3562,429,3991,13
2022-08-19,Riverside,065,2383286,682769,34025,716794,6602
2022-08-19,Sacramento,067,1510023,339634,33466,373100,3280
2022-08-19,San Benito,069,59416,15875,916,16791,102
2022-08-19,San Bernardino,071,2135413,658773,29836,688609,8035
2022-08-19,San Diego,073,3302833,906275,69555,975830,5518
2022-08-19,San Francisco,075,870044,174802,11753,186555,1025
2022-08-19,San Joaquin,077,732212,193933,14248,208181,2317
2022-08-19,San Luis Obispo,079,281455,62190,6835,69025,519
2022-08-19,San Mateo,081,765935,165109,10186,175295,741
2022-08-19,Santa Barbara,083,443738,103435,6582,110017,721
2022-08-19,Santa Clara,085,1922200,425989,18343,444332,2502
2022-08-19,Santa Cruz,087,273765,61499,3305,64804,273
2022-08-19,Shasta,089,179085,34280,7144,41424,589
2022-08-19,Sierra,091,2930,302,60,362,5
2022-08-19,Siskiyou,093,43540,5008,3245,8253,87
2022-08-19,Solano,095,438530,103073,7612,110685,455
2022-08-19,Sonoma,097,501317,104750,5097,109847,520
2022-08-19,Stanislaus,099,539301,135085,21013,156098,1762
2022-08-19,Sutter,101,95872,23635,2421,26056,232
2022-08-19,Tehama,103,63373,13367,2986,16353,214
2022-08-19,Trinity,105,12862,1373,364,1737,21
2022-08-19,Tulare,107,460477,119810,34706,154516,1532
2022-08-19,Tuolumne,109,53932,15230,897,16127,198
2022-08-19,Ventura,111,848112,204176,14876,219052,1572
2022-08-19,Yolo,113,214977,46588,4094,50682,387
2022-08-19,Yuba,115,75493,18420,1633,20053,130
2022-08-18,Alameda,001,1643700,338972,18930,357902,1974
2022-08-18,Alpine,002,1148,131,1,132,0
2022-08-18,Amador,005,37829,9793,895,10688,88
2022-08-18,Butte,007,227075,38551,8733,47284,456
2022-08-18,Calaveras,009,45235,8333,505,8838,133
2022-08-18,Colusa,011,21464,3730,1221,4951,22
2022-08-18,Contra Costa,013,1133247,245674,20083,265757,1429
2022-08-18,Del Norte,015,27424,7311,385,7696,54
2022-08-18,El Dorado,017,186661,31664,4119,35783,232
2022-08-18,Fresno,019,978130,273179,30437,303616,2846
2022-08-18,Glenn,021,27897,5442,1827,7269,56
2022-08-18,Humboldt,023,135768,21202,4711,25913,158
2022-08-18,Imperial,025,180216,64330,15014,79344,959
2022-08-18,Inyo,027,18085,4444,868,5312,59
2022-08-18,Kern,029,883053,215900,60232,276132,2405
2022-08-18,Kings,031,150075,58241,3965,62206,460
2022-08-18,Lake,033,64148,12471,1117,13588,144
2022-08-18,Lassen,035,31185,9873,973,10846,64
2022-08-18,Los Angeles,037,10098052,3217323,172416,3389739,33140
2022-08-18,Madera,039,155013,42982,7890,50872,373
2022-08-18,Marin,041,260295,35664,5005,40669,254
2022-08-18,Mariposa,043,17540,3021,327,3348,29
2022-08-18,Mendocino,045,87422,15657,4290,19947,135
2022-08-18,Merced,047,269075,71961,11438,83399,855
2022-08-18,Modoc,049,8938,866,312,1178,11
2022-08-18,Mono,051,14174,3185,236,3421,7
2022-08-18,Monterey,053,433212,92705,20187,112892,761
2022-08-18,Napa,055,140530,31730,1367,33097,158
2022-08-18,Nevada,057,99092,18574,1729,20303,135
2022-08-18,Orange,059,3164182,656750,60651,717401,7429
2022-08-18,Placer,061,380077,74342,9412,83754,656
2022-08-18,Plumas,063,18699,3558,429,3987,13
2022-08-18,Riverside,065,2383286,682182,33980,716162,6601
2022-08-18,Sacramento,067,1510023,339337,33407,372744,3278
2022-08-18,San Benito,069,59416,15863,913,16776,102
2022-08-18,San Bernardino,071,2135413,658086,29794,687880,8033
2022-08-18,San Diego,073,3302833,905630,69479,975109,5517
2022-08-18,San Francisco,075,870044,174650,11729,186379,1019
2022-08-18,San Joaquin,077,732212,193762,14220,207982,2317
2022-08-18,San Luis Obispo,079,281455,62146,6822,68968,519
2022-08-18,San Mateo,081,765935,164928,10179,175107,741
2022-08-18,Santa Barbara,083,443738,103326,6573,109899,721
2022-08-18,Santa Clara,085,1922200,425546,18312,443858,2500
2022-08-18,Santa Cruz,087,273765,61428,3299,64727,273
2022-08-18,Shasta,089,179085,34259,7140,41399,589
2022-08-18,Sierra,091,2930,301,60,361,5
2022-08-18,Siskiyou,093,43540,5006,3243,8249,87
2022-08-18,Solano,095,438530,103001,7601,110602,455
2022-08-18,Sonoma,097,501317,104662,5088,109750,520
2022-08-18,Stanislaus,099,539301,134957,20978,155935,1761
2022-08-18,Sutter,101,95872,23614,2420,26034,232
2022-08-18,Tehama,103,63373,13360,2982,16342,214
2022-08-18,Trinity,105,12862,1372,361,1733,21
2022-08-18,Tulare,107,460477,119712,34612,154324,1531
2022-08-18,Tuolumne,109,53932,15187,894,16081,198
2022-08-18,Ventura,111,848112,203998,14839,218837,1570
2022-08-18,Yolo,113,214977,46563,4086,50649,387
2022-08-18,Yuba,115,75493,18400,1630,20030,130
2022-08-17,Alameda,001,1643700,338632,18895,357527,1973
2022-08-17,Alpine,002,1148,131,1,132,0
2022-08-17,Amador,005,37829,9785,895,10680,88
2022-08-17,Butte,007,227075,38512,8721,47233,456
2022-08-17,Calaveras,009,45235,8326,502,8828,133
2022-08-17,Colusa,011,21464,3729,1219,4948,22
2022-08-17,Contra Costa,013,1133247,245447,20048,265495,1428
2022-08-17,Del Norte,015,27424,7307,385,7692,54
2022-08-17,El Dorado,017,186661,31646,4115,35761,232
2022-08-17,Fresno,019,978130,272949,30373,303322,2846
2022-08-17,Glenn,021,27897,5441,1825,7266,56
2022-08-17,Humboldt,023,135768,21178,4697,25875,158
2022-08-17,Imperial,025,180216,64287,14983,79270,959
2022-08-17,Inyo,027,18085,4442,865,5307,59
2022-08-17,Kern,029,883053,215767,60099,275866,2405
2022-08-17,Kings,031,150075,58177,3963,62140,460
2022-08-17,Lake,033,64148,12461,1116,13577,144
2022-08-17,Lassen,035,31185,9864,973,10837,64
2022-08-17,Los Angeles,037,10098052,3214518,172093,3386611,33117
2022-08-17,Madera,039,155013,42932,7853,50785,373
2022-08-17,Marin,041,260295,35631,5001,40632,254
2022-08-17,Mariposa,043,17540,3017,326,3343,29
2022-08-17,Mendocino,045,87422,15647,4284,19931,135
2022-08-17,Merced,047,269075,71902,11395,83297,853
2022-08-17,Modoc,049,8938,865,312,1177,11
2022-08-17,Mono,051,14174,3185,236,3421,7
2022-08-17,Monterey,053,433212,92641,20132,112773,761
2022-08-17,Napa,055,140530,31714,1366,33080,158
2022-08-17,Nevada,057,99092,18557,1727,20284,135
2022-08-17,Orange,059,3164182,656126,60535,716661,7426
2022-08-17,Placer,061,380077,74291,9406,83697,656
2022-08-17,Plumas,063,18699,3556,428,3984,13
2022-08-17,Riverside,065,2383286,681537,33924,715461,6600
2022-08-17,Sacramento,067,1510023,339009,33363,372372,3276
2022-08-17,San Benito,069,59416,15847,912,16759,102
2022-08-17,San Bernardino,071,2135413,657434,29743,687177,8031
2022-08-17,San Diego,073,3302833,904885,69411,974296,5517
2022-08-17,San Francisco,075,870044,174514,11717,186231,1018
2022-08-17,San Joaquin,077,732212,193612,14183,207795,2317
2022-08-17,San Luis Obispo,079,281455,62092,6810,68902,519
2022-08-17,San Mateo,081,765935,164828,10173,175001,741
2022-08-17,Santa Barbara,083,443738,103209,6558,109767,721
2022-08-17,Santa Clara,085,1922200,425072,18305,443377,2498
2022-08-17,Santa Cruz,087,273765,61338,3294,64632,273
2022-08-17,Shasta,089,179085,34241,7131,41372,588
2022-08-17,Sierra,091,2930,301,60,361,5
2022-08-17,Siskiyou,093,43540,5003,3240,8243,87
2022-08-17,Solano,095,438530,102916,7595,110511,455
2022-08-17,Sonoma,097,501317,104559,5082,109641,520
2022-08-17,Stanislaus,099,539301,134811,20941,155752,1761
2022-08-17,Sutter,101,95872,23580,2414,25994,232
2022-08-17,Tehama,103,63373,13357,2977,16334,214
2022-08-17,Trinity,105,12862,1372,359,1731,21
2022-08-17,Tulare,107,460477,119603,34506,154109,1531
2022-08-17,Tuolumne,109,53932,15179,892,16071,198
2022-08-17,Ventura,111,848112,203817,14784,218601,1569
2022-08-17,Yolo,113,214977,46531,4081,50612,387
2022-08-17,Yuba,115,75493,18380,1627,20007,130
2022-08-16,Alameda,001,1643700,338257,18879,357136,1973
2022-08-16,Alpine,002,1148,131,1,132,0
2022-08-16,Amador,005,37829,9772,890,10662,88
2022-08-16,Butte,007,227075,38478,8708,47186,456
2022-08-16,Calaveras,009,45235,8318,502,8820,133
2022-08-16,Colusa,011,21464,3728,1217,4945,22
2022-08-16,Contra Costa,013,1133247,245211,20008,265219,1428
2022-08-16,Del Norte,015,27424,7302,385,7687,54
2022-08-16,El Dorado,017,186661,31625,4109,35734,232
2022-08-16,Fresno,019,978130,272701,30325,303026,2846
2022-08-16,Glenn,021,27897,5440,1822,7262,56
2022-08-16,Humboldt,023,135768,21151,4670,25821,157
2022-08-16,Imperial,025,180216,64236,14945,79181,959
2022-08-16,Inyo,027,18085,4438,861,5299,59
2022-08-16,Kern,029,883053,215624,59953,275577,2405
2022-08-16,Kings,031,150075,58131,3960,62091,459
2022-08-16,Lake,033,64148,12445,1112,13557,144
2022-08-16,Lassen,035,31185,9851,972,10823,64
2022-08-16,Los Angeles,037,10098052,3211433,171747,3383180,33101
2022-08-16,Madera,039,155013,42874,7831,50705,372
2022-08-16,Marin,041,260295,35593,4996,40589,254
2022-08-16,Mariposa,043,17540,3015,326,3341,29
2022-08-16,Mendocino,045,87422,15628,4271,19899,135
2022-08-16,Merced,047,269075,71823,11352,83175,853
2022-08-16,Modoc,049,8938,865,312,1177,11
2022-08-16,Mono,051,14174,3185,235,3420,7
2022-08-16,Monterey,053,433212,92560,20063,112623,761
2022-08-16,Napa,055,140530,31695,1365,33060,157
2022-08-16,Nevada,057,99092,18541,1724,20265,135
2022-08-16,Orange,059,3164182,655433,60408,715841,7423
2022-08-16,Placer,061,380077,74221,9398,83619,656
2022-08-16,Plumas,063,18699,3554,428,3982,13
2022-08-16,Riverside,065,2383286,680837,33879,714716,6596
2022-08-16,Sacramento,067,1510023,338673,33328,372001,3272
2022-08-16,San Benito,069,59416,15834,909,16743,101
2022-08-16,San Bernardino,071,2135413,656692,29677,686369,8029
2022-08-16,San Diego,073,3302833,904068,69317,973385,5517
2022-08-16,San Francisco,075,870044,174351,11712,186063,1017
2022-08-16,San Joaquin,077,732212,193396,14152,207548,2317
2022-08-16,San Luis Obispo,079,281455,62054,6803,68857,519
2022-08-16,San Mateo,081,765935,164664,10162,174826,741
2022-08-16,Santa Barbara,083,443738,103078,6538,109616,721
2022-08-16,Santa Clara,085,1922200,424581,18286,442867,2498
2022-08-16,Santa Cruz,087,273765,61285,3289,64574,273
2022-08-16,Shasta,089,179085,34214,7122,41336,588
2022-08-16,Sierra,091,2930,300,60,360,5
2022-08-16,Siskiyou,093,43540,4999,3235,8234,87
2022-08-16,Solano,095,438530,102843,7577,110420,455
2022-08-16,Sonoma,097,501317,104456,5074,109530,519
2022-08-16,Stanislaus,099,539301,134674,20881,155555,1760
2022-08-16,Sutter,101,95872,23556,2408,25964,232
2022-08-16,Tehama,103,63373,13351,2973,16324,214
2022-08-16,Trinity,105,12862,1369,359,1728,21
2022-08-16,Tulare,107,460477,119513,34389,153902,1530
2022-08-16,Tuolumne,109,53932,15165,892,16057,198
2022-08-16,Ventura,111,848112,203581,14735,218316,1569
2022-08-16,Yolo,113,214977,46513,4076,50589,387
2022-08-16,Yuba,115,75493,18361,1621,19982,130
2022-08-15,Alameda,001,1643700,337870,18846,356716,1973
2022-08-15,Alpine,002,1148,131,1,132,0
2022-08-15,Amador,005,37829,9760,890,10650,88
2022-08-15,Butte,007,227075,38455,8690,47145,456
2022-08-15,Calaveras,009,45235,8316,501,8817,133
2022-08-15,Colusa,011,21464,3725,1216,4941,22
2022-08-15,Contra Costa,013,1133247,244928,19976,264904,1426
2022-08-15,Del Norte,015,27424,7297,384,7681,54
2022-08-15,El Dorado,017,186661,31592,4106,35698,232
2022-08-15,Fresno,019,978130,272392,30259,302651,2846
2022-08-15,Glenn,021,27897,5432,1821,7253,56
2022-08-15,Humboldt,023,135768,21129,4649,25778,157
2022-08-15,Imperial,025,180216,64190,14909,79099,959
2022-08-15,Inyo,027,18085,4437,859,5296,59
2022-08-15,Kern,029,883053,215430,59811,275241,2404
2022-08-15,Kings,031,150075,58057,3951,62008,459
2022-08-15,Lake,033,64148,12428,1111,13539,144
2022-08-15,Lassen,035,31185,9850,972,10822,64
2022-08-15,Los Angeles,037,10098052,3208010,171402,3379412,33080
2022-08-15,Madera,039,155013,42819,7792,50611,372
2022-08-15,Marin,041,260295,35548,4990,40538,254
2022-08-15,Mariposa,043,17540,3013,325,3338,29
2022-08-15,Mendocino,045,87422,15609,4266,19875,135
2022-08-15,Merced,047,269075,71752,11304,83056,852
2022-08-15,Modoc,049,8938,861,312,1173,11
2022-08-15,Mono,051,14174,3183,235,3418,7
2022-08-15,Monterey,053,433212,92448,19997,112445,761
2022-08-15,Napa,055,140530,31671,1365,33036,157
2022-08-15,Nevada,057,99092,18527,1723,20250,135
2022-08-15,Orange,059,3164182,654697,60283,714980,7421
2022-08-15,Placer,061,380077,74161,9389,83550,656
2022-08-15,Plumas,063,18699,3550,428,3978,13
2022-08-15,Riverside,065,2383286,680038,33822,713860,6595
2022-08-15,Sacramento,067,1510023,338270,33288,371558,3270
2022-08-15,San Benito,069,59416,15818,907,16725,101
2022-08-15,San Bernardino,071,2135413,655842,29612,685454,8025
2022-08-15,San Diego,073,3302833,903226,69207,972433,5515
2022-08-15,San Francisco,075,870044,174170,11707,185877,1014
2022-08-15,San Joaquin,077,732212,193188,14114,207302,2317
2022-08-15,San Luis Obispo,079,281455,62016,6785,68801,518
2022-08-15,San Mateo,081,765935,164460,10156,174616,741
2022-08-15,Santa Barbara,083,443738,102980,6517,109497,720
2022-08-15,Santa Clara,085,1922200,424045,18262,442307,2496
2022-08-15,Santa Cruz,087,273765,61205,3284,64489,273
2022-08-15,Shasta,089,179085,34189,7112,41301,588
2022-08-15,Sierra,091,2930,300,60,360,5
2022-08-15,Siskiyou,093,43540,4996,3231,8227,87
2022-08-15,Solano,095,438530,102730,7562,110292,455
2022-08-15,Sonoma,097,501317,104366,5067,109433,518
2022-08-15,Stanislaus,099,539301,134533,20847,155380,1759
2022-08-15,Sutter,101,95872,23524,2406,25930,232
2022-08-15,Tehama,103,63373,13343,2966,16309,214
2022-08-15,Trinity,105,12862,1366,357,1723,21
2022-08-15,Tulare,107,460477,119376,34279,153655,1530
2022-08-15,Tuolumne,109,53932,15157,892,16049,198
2022-08-15,Ventura,111,848112,203327,14674,218001,1569
2022-08-15,Yolo,113,214977,46479,4073,50552,387
2022-08-15,Yuba,115,75493,18338,1616,19954,130
2022-08-14,Alameda,001,1643700,337403,18825,356228,1970
2022-08-14,Alpine,002,1148,131,1,132,0
2022-08-14,Amador,005,37829,9751,888,10639,88
2022-08-14,Butte,007,227075,38404,8674,47078,456
2022-08-14,Calaveras,009,45235,8307,500,8807,133
2022-08-14,Colusa,011,21464,3725,1213,4938,22
2022-08-14,Contra Costa,013,1133247,244655,19927,264582,1425
2022-08-14,Del Norte,015,27424,7287,383,7670,54
2022-08-14,El Dorado,017,186661,31561,4101,35662,232
2022-08-14,Fresno,019,978130,272091,30204,302295,2846
2022-08-14,Glenn,021,27897,5429,1820,7249,56
2022-08-14,Humboldt,023,135768,21100,4635,25735,157
2022-08-14,Imperial,025,180216,64123,14869,78992,959
2022-08-14,Inyo,027,18085,4430,855,5285,59
2022-08-14,Kern,029,883053,215241,59633,274874,2404
2022-08-14,Kings,031,150075,58001,3944,61945,459
2022-08-14,Lake,033,64148,12409,1108,13517,143
2022-08-14,Lassen,035,31185,9830,971,10801,64
2022-08-14,Los Angeles,037,10098052,3204431,171003,3375434,33066
2022-08-14,Madera,039,155013,42757,7749,50506,372
2022-08-14,Marin,041,260295,35501,4985,40486,254
2022-08-14,Mariposa,043,17540,3011,324,3335,29
2022-08-14,Mendocino,045,87422,15589,4260,19849,135
2022-08-14,Merced,047,269075,71639,11245,82884,852
2022-08-14,Modoc,049,8938,860,312,1172,11
2022-08-14,Mono,051,14174,3181,235,3416,7
2022-08-14,Monterey,053,433212,92323,19923,112246,761
2022-08-14,Napa,055,140530,31634,1364,32998,157
2022-08-14,Nevada,057,99092,18507,1720,20227,135
2022-08-14,Orange,059,3164182,653952,60134,714086,7420
2022-08-14,Placer,061,380077,74097,9376,83473,656
2022-08-14,Plumas,063,18699,3548,428,3976,13
2022-08-14,Riverside,065,2383286,679219,33742,712961,6593
2022-08-14,Sacramento,067,1510023,337789,33233,371022,3267
2022-08-14,San Benito,069,59416,15796,898,16694,101
2022-08-14,San Bernardino,071,2135413,654965,29547,684512,8022
2022-08-14,San Diego,073,3302833,902331,69095,971426,5514
2022-08-14,San Francisco,075,870044,173956,11695,185651,1014
2022-08-14,San Joaquin,077,732212,192891,14054,206945,2317
2022-08-14,San Luis Obispo,079,281455,61954,6758,68712,518
2022-08-14,San Mateo,081,765935,164251,10143,174394,741
2022-08-14,Santa Barbara,083,443738,102841,6491,109332,720
2022-08-14,Santa Clara,085,1922200,423462,18228,441690,2495
2022-08-14,Santa Cruz,087,273765,61099,3277,64376,272
2022-08-14,Shasta,089,179085,34144,7098,41242,588
2022-08-14,Sierra,091,2930,300,60,360,5
2022-08-14,Siskiyou,093,43540,4990,3229,8219,87
2022-08-14,Solano,095,438530,102590,7553,110143,455
2022-08-14,Sonoma,097,501317,104258,5054,109312,518
2022-08-14,Stanislaus,099,539301,134349,20793,155142,1757
2022-08-14,Sutter,101,95872,23482,2402,25884,232
2022-08-14,Tehama,103,63373,13336,2965,16301,214
2022-08-14,Trinity,105,12862,1365,357,1722,21
2022-08-14,Tulare,107,460477,119220,34164,153384,1529
2022-08-14,Tuolumne,109,53932,15137,891,16028,198
2022-08-14,Ventura,111,848112,203060,14634,217694,1568
2022-08-14,Yolo,113,214977,46432,4067,50499,387
2022-08-14,Yuba,115,75493,18316,1613,19929,130
2022-08-13,Alameda,001,1643700,337148,18810,355958,1968
2022-08-13,Alpine,002,1148,131,1,132,0
2022-08-13,Amador,005,37829,9747,888,10635,88
2022-08-13,Butte,007,227075,38380,8663,47043,456
2022-08-13,Calaveras,009,45235,8303,499,8802,133
2022-08-13,Colusa,011,21464,3722,1213,4935,22
2022-08-13,Contra Costa,013,1133247,244486,19904,264390,1424
2022-08-13,Del Norte,015,27424,7285,383,7668,54
2022-08-13,El Dorado,017,186661,31548,4100,35648,232
2022-08-13,Fresno,019,978130,271951,30175,302126,2844
2022-08-13,Glenn,021,27897,5429,1818,7247,56
2022-08-13,Humboldt,023,135768,21083,4626,25709,157
2022-08-13,Imperial,025,180216,64081,14852,78933,959
2022-08-13,Inyo,027,18085,4428,854,5282,59
2022-08-13,Kern,029,883053,215146,59552,274698,2401
2022-08-13,Kings,031,150075,57976,3944,61920,459
2022-08-13,Lake,033,64148,12398,1108,13506,143
2022-08-13,Lassen,035,31185,9824,970,10794,64
2022-08-13,Los Angeles,037,10098052,3202568,170737,3373305,33050
2022-08-13,Madera,039,155013,42741,7742,50483,372
2022-08-13,Marin,041,260295,35481,4982,40463,254
2022-08-13,Mariposa,043,17540,3010,324,3334,29
2022-08-13,Mendocino,045,87422,15577,4257,19834,135
2022-08-13,Merced,047,269075,71600,11239,82839,851
2022-08-13,Modoc,049,8938,860,312,1172,11
2022-08-13,Mono,051,14174,3181,234,3415,7
2022-08-13,Monterey,053,433212,92259,19887,112146,761
2022-08-13,Napa,055,140530,31620,1363,32983,157
2022-08-13,Nevada,057,99092,18496,1718,20214,135
2022-08-13,Orange,059,3164182,653543,60058,713601,7415
2022-08-13,Placer,061,380077,74049,9370,83419,656
2022-08-13,Plumas,063,18699,3546,428,3974,13
2022-08-13,Riverside,065,2383286,678779,33713,712492,6592
2022-08-13,Sacramento,067,1510023,337596,33223,370819,3265
2022-08-13,San Benito,069,59416,15788,893,16681,101
2022-08-13,San Bernardino,071,2135413,654485,29525,684010,8021
2022-08-13,San Diego,073,3302833,901881,69052,970933,5511
2022-08-13,San Francisco,075,870044,173839,11689,185528,1012
2022-08-13,San Joaquin,077,732212,192767,14032,206799,2315
2022-08-13,San Luis Obispo,079,281455,61935,6753,68688,518
2022-08-13,San Mateo,081,765935,164139,10131,174270,741
2022-08-13,Santa Barbara,083,443738,102761,6478,109239,719
2022-08-13,Santa Clara,085,1922200,423132,18210,441342,2493
2022-08-13,Santa Cruz,087,273765,61061,3272,64333,270
2022-08-13,Shasta,089,179085,34106,7094,41200,588
2022-08-13,Sierra,091,2930,300,60,360,4
2022-08-13,Siskiyou,093,43540,4989,3226,8215,87
2022-08-13,Solano,095,438530,102550,7544,110094,455
2022-08-13,Sonoma,097,501317,104202,5054,109256,518
2022-08-13,Stanislaus,099,539301,134247,20769,155016,1755
2022-08-13,Sutter,101,95872,23468,2402,25870,232
2022-08-13,Tehama,103,63373,13331,2964,16295,214
2022-08-13,Trinity,105,12862,1364,357,1721,21
2022-08-13,Tulare,107,460477,119147,34108,153255,1529
2022-08-13,Tuolumne,109,53932,15122,887,16009,198
2022-08-13,Ventura,111,848112,202896,14620,217516,1567
2022-08-13,Yolo,113,214977,46403,4065,50468,387
2022-08-13,Yuba,115,75493,18307,1611,19918,130
2022-08-12,Alameda,001,1643700,336896,18797,355693,1968
2022-08-12,Alpine,002,1148,131,1,132,0
2022-08-12,Amador,005,37829,9737,885,10622,88
2022-08-12,Butte,007,227075,38360,8654,47014,456
2022-08-12,Calaveras,009,45235,8295,496,8791,133
2022-08-12,Colusa,011,21464,3719,1213,4932,22
2022-08-12,Contra Costa,013,1133247,244317,19887,264204,1423
2022-08-12,Del Norte,015,27424,7281,383,7664,54
2022-08-12,El Dorado,017,186661,31530,4096,35626,232
2022-08-12,Fresno,019,978130,271741,30150,301891,2844
2022-08-12,Glenn,021,27897,5429,1818,7247,56
2022-08-12,Humboldt,023,135768,21061,4618,25679,157
2022-08-12,Imperial,025,180216,64054,14837,78891,959
2022-08-12,Inyo,027,18085,4427,852,5279,59
2022-08-12,Kern,029,883053,215043,59465,274508,2401
2022-08-12,Kings,031,150075,57956,3943,61899,459
2022-08-12,Lake,033,64148,12394,1105,13499,143
2022-08-12,Lassen,035,31185,9822,970,10792,64
2022-08-12,Los Angeles,037,10098052,3200469,170488,3370957,33038
2022-08-12,Madera,039,155013,42712,7736,50448,372
2022-08-12,Marin,041,260295,35450,4975,40425,254
2022-08-12,Mariposa,043,17540,3010,324,3334,29
2022-08-12,Mendocino,045,87422,15565,4250,19815,135
2022-08-12,Merced,047,269075,71567,11232,82799,851
2022-08-12,Modoc,049,8938,860,312,1172,11
2022-08-12,Mono,051,14174,3181,234,3415,7
2022-08-12,Monterey,053,433212,92201,19855,112056,761
2022-08-12,Napa,055,140530,31599,1362,32961,157
2022-08-12,Nevada,057,99092,18492,1716,20208,135
2022-08-12,Orange,059,3164182,653117,59967,713084,7411
2022-08-12,Placer,061,380077,73998,9360,83358,656
2022-08-12,Plumas,063,18699,3544,428,3972,13
2022-08-12,Riverside,065,2383286,678352,33684,712036,6589
2022-08-12,Sacramento,067,1510023,337379,33204,370583,3264
2022-08-12,San Benito,069,59416,15771,892,16663,101
2022-08-12,San Bernardino,071,2135413,654072,29509,683581,8019
2022-08-12,San Diego,073,3302833,901349,68978,970327,5510
2022-08-12,San Francisco,075,870044,173711,11681,185392,1009
2022-08-12,San Joaquin,077,732212,192642,14013,206655,2314
2022-08-12,San Luis Obispo,079,281455,61912,6747,68659,518
2022-08-12,San Mateo,081,765935,164006,10128,174134,740
2022-08-12,Santa Barbara,083,443738,102679,6473,109152,719
2022-08-12,Santa Clara,085,1922200,422785,18192,440977,2493
2022-08-12,Santa Cruz,087,273765,61008,3270,64278,270
2022-08-12,Shasta,089,179085,34092,7086,41178,588
2022-08-12,Sierra,091,2930,298,59,357,4
2022-08-12,Siskiyou,093,43540,4987,3226,8213,87
2022-08-12,Solano,095,438530,102478,7532,110010,455
2022-08-12,Sonoma,097,501317,104144,5053,109197,518
2022-08-12,Stanislaus,099,539301,134160,20758,154918,1754
2022-08-12,Sutter,101,95872,23453,2402,25855,232
2022-08-12,Tehama,103,63373,13324,2963,16287,214
2022-08-12,Trinity,105,12862,1361,356,1717,21
2022-08-12,Tulare,107,460477,119084,34052,153136,1529
2022-08-12,Tuolumne,109,53932,15114,887,16001,198
2022-08-12,Ventura,111,848112,202750,14603,217353,1567
2022-08-12,Yolo,113,214977,46381,4060,50441,385
2022-08-12,Yuba,115,75493,18296,1610,19906,130
2022-08-11,Alameda,001,1643700,336569,18770,355339,1967
2022-08-11,Alpine,002,1148,131,1,132,0
2022-08-11,Amador,005,37829,9734,882,10616,88
2022-08-11,Butte,007,227075,38322,8642,46964,456
2022-08-11,Calaveras,009,45235,8288,495,8783,133
2022-08-11,Colusa,011,21464,3716,1212,4928,22
2022-08-11,Contra Costa,013,1133247,244055,19856,263911,1422
2022-08-11,Del Norte,015,27424,7274,382,7656,54
2022-08-11,El Dorado,017,186661,31499,4089,35588,232
2022-08-11,Fresno,019,978130,271491,30104,301595,2841
2022-08-11,Glenn,021,27897,5427,1817,7244,56
2022-08-11,Humboldt,023,135768,21031,4609,25640,157
2022-08-11,Imperial,025,180216,64007,14791,78798,959
2022-08-11,Inyo,027,18085,4425,847,5272,59
2022-08-11,Kern,029,883053,214850,59318,274168,2400
2022-08-11,Kings,031,150075,57898,3936,61834,459
2022-08-11,Lake,033,64148,12384,1104,13488,143
2022-08-11,Lassen,035,31185,9817,970,10787,64
2022-08-11,Los Angeles,037,10098052,3197451,170108,3367559,33018
2022-08-11,Madera,039,155013,42665,7711,50376,372
2022-08-11,Marin,041,260295,35411,4968,40379,254
2022-08-11,Mariposa,043,17540,3008,323,3331,29
2022-08-11,Mendocino,045,87422,15553,4248,19801,135
2022-08-11,Merced,047,269075,71507,11197,82704,851
2022-08-11,Modoc,049,8938,859,312,1171,11
2022-08-11,Mono,051,14174,3181,234,3415,7
2022-08-11,Monterey,053,433212,92100,19801,111901,761
2022-08-11,Napa,055,140530,31560,1361,32921,157
2022-08-11,Nevada,057,99092,18472,1714,20186,135
2022-08-11,Orange,059,3164182,652459,59820,712279,7405
2022-08-11,Placer,061,380077,73932,9349,83281,655
2022-08-11,Plumas,063,18699,3543,428,3971,13
2022-08-11,Riverside,065,2383286,677734,33644,711378,6585
2022-08-11,Sacramento,067,1510023,337066,33170,370236,3262
2022-08-11,San Benito,069,59416,15755,891,16646,101
2022-08-11,San Bernardino,071,2135413,653312,29467,682779,8015
2022-08-11,San Diego,073,3302833,900571,68853,969424,5506
2022-08-11,San Francisco,075,870044,173552,11664,185216,1006
2022-08-11,San Joaquin,077,732212,192451,13981,206432,2314
2022-08-11,San Luis Obispo,079,281455,61860,6723,68583,517
2022-08-11,San Mateo,081,765935,163840,10119,173959,740
2022-08-11,Santa Barbara,083,443738,102568,6453,109021,719
2022-08-11,Santa Clara,085,1922200,422340,18173,440513,2493
2022-08-11,Santa Cruz,087,273765,60943,3266,64209,270
2022-08-11,Shasta,089,179085,34071,7074,41145,588
2022-08-11,Sierra,091,2930,297,59,356,4
2022-08-11,Siskiyou,093,43540,4985,3222,8207,87
2022-08-11,Solano,095,438530,102410,7518,109928,455
2022-08-11,Sonoma,097,501317,104046,5047,109093,518
2022-08-11,Stanislaus,099,539301,134002,20716,154718,1752
2022-08-11,Sutter,101,95872,23423,2402,25825,232
2022-08-11,Tehama,103,63373,13315,2963,16278,214
2022-08-11,Trinity,105,12862,1361,355,1716,21
2022-08-11,Tulare,107,460477,118983,33964,152947,1529
2022-08-11,Tuolumne,109,53932,15106,885,15991,198
2022-08-11,Ventura,111,848112,202545,14569,217114,1566
2022-08-11,Yolo,113,214977,46347,4056,50403,385
2022-08-11,Yuba,115,75493,18273,1607,19880,130
2022-08-10,Alameda,001,1643700,336167,18744,354911,1964
2022-08-10,Alpine,002,1148,131,1,132,0
2022-08-10,Amador,005,37829,9729,879,10608,88
2022-08-10,Butte,007,227075,38286,8634,46920,456
2022-08-10,Calaveras,009,45235,8282,492,8774,133
2022-08-10,Colusa,011,21464,3712,1212,4924,22
2022-08-10,Contra Costa,013,1133247,243801,19819,263620,1421
2022-08-10,Del Norte,015,27424,7269,382,7651,54
2022-08-10,El Dorado,017,186661,31472,4076,35548,232
2022-08-10,Fresno,019,978130,271218,30044,301262,2840
2022-08-10,Glenn,021,27897,5425,1814,7239,56
2022-08-10,Humboldt,023,135768,21016,4592,25608,157
2022-08-10,Imperial,025,180216,63949,14749,78698,959
2022-08-10,Inyo,027,18085,4425,846,5271,59
2022-08-10,Kern,029,883053,214660,59170,273830,2400
2022-08-10,Kings,031,150075,57851,3934,61785,459
2022-08-10,Lake,033,64148,12370,1104,13474,143
2022-08-10,Lassen,035,31185,9810,970,10780,64
2022-08-10,Los Angeles,037,10098052,3194230,169740,3363970,33005
2022-08-10,Madera,039,155013,42626,7697,50323,372
2022-08-10,Marin,041,260295,35365,4965,40330,254
2022-08-10,Mariposa,043,17540,3007,323,3330,29
2022-08-10,Mendocino,045,87422,15538,4247,19785,135
2022-08-10,Merced,047,269075,71434,11173,82607,850
2022-08-10,Modoc,049,8938,858,311,1169,11
2022-08-10,Mono,051,14174,3179,234,3413,7
2022-08-10,Monterey,053,433212,91998,19736,111734,761
2022-08-10,Napa,055,140530,31522,1360,32882,157
2022-08-10,Nevada,057,99092,18458,1712,20170,135
2022-08-10,Orange,059,3164182,651728,59695,711423,7403
2022-08-10,Placer,061,380077,73876,9341,83217,655
2022-08-10,Plumas,063,18699,3541,428,3969,13
2022-08-10,Riverside,065,2383286,677001,33594,710595,6582
2022-08-10,Sacramento,067,1510023,336737,33137,369874,3261
2022-08-10,San Benito,069,59416,15725,885,16610,101
2022-08-10,San Bernardino,071,2135413,652657,29421,682078,8013
2022-08-10,San Diego,073,3302833,899719,68737,968456,5504
2022-08-10,San Francisco,075,870044,173385,11646,185031,1002
2022-08-10,San Joaquin,077,732212,192224,13936,206160,2312
2022-08-10,San Luis Obispo,079,281455,61815,6708,68523,516
2022-08-10,San Mateo,081,765935,163640,10113,173753,740
2022-08-10,Santa Barbara,083,443738,102441,6435,108876,719
2022-08-10,Santa Clara,085,1922200,421803,18152,439955,2491
2022-08-10,Santa Cruz,087,273765,60862,3264,64126,270
2022-08-10,Shasta,089,179085,34048,7067,41115,588
2022-08-10,Sierra,091,2930,297,59,356,4
2022-08-10,Siskiyou,093,43540,4982,3216,8198,87
2022-08-10,Solano,095,438530,102317,7514,109831,455
2022-08-10,Sonoma,097,501317,103951,5041,108992,518
2022-08-10,Stanislaus,099,539301,133861,20684,154545,1751
2022-08-10,Sutter,101,95872,23394,2401,25795,232
2022-08-10,Tehama,103,63373,13307,2963,16270,214
2022-08-10,Trinity,105,12862,1360,355,1715,21
2022-08-10,Tulare,107,460477,118896,33884,152780,1529
2022-08-10,Tuolumne,109,53932,15071,883,15954,198
2022-08-10,Ventura,111,848112,202316,14536,216852,1565
2022-08-10,Yolo,113,214977,46311,4051,50362,384
2022-08-10,Yuba,115,75493,18253,1603,19856,130
2022-08-09,Alameda,001,1643700,335739,18706,354445,1964
2022-08-09,Alpine,002,1148,131,1,132,0
2022-08-09,Amador,005,37829,9719,878,10597,88
2022-08-09,Butte,007,227075,38247,8623,46870,456
2022-08-09,Calaveras,009,45235,8275,492,8767,133
2022-08-09,Colusa,011,21464,3709,1211,4920,22
2022-08-09,Contra Costa,013,1133247,243524,19774,263298,1421
2022-08-09,Del Norte,015,27424,7252,381,7633,54
2022-08-09,El Dorado,017,186661,31443,4070,35513,232
2022-08-09,Fresno,019,978130,270887,30008,300895,2840
2022-08-09,Glenn,021,27897,5423,1814,7237,56
2022-08-09,Humboldt,023,135768,20990,4583,25573,157
2022-08-09,Imperial,025,180216,63885,14693,78578,959
2022-08-09,Inyo,027,18085,4424,842,5266,59
2022-08-09,Kern,029,883053,214457,59026,273483,2398
2022-08-09,Kings,031,150075,57785,3931,61716,459
2022-08-09,Lake,033,64148,12346,1103,13449,143
2022-08-09,Lassen,035,31185,9804,970,10774,64
2022-08-09,Los Angeles,037,10098052,3190717,169355,3360072,32987
2022-08-09,Madera,039,155013,42572,7686,50258,372
2022-08-09,Marin,041,260295,35310,4961,40271,254
2022-08-09,Mariposa,043,17540,3003,322,3325,29
2022-08-09,Mendocino,045,87422,15519,4238,19757,135
2022-08-09,Merced,047,269075,71369,11143,82512,850
2022-08-09,Modoc,049,8938,858,310,1168,11
2022-08-09,Mono,051,14174,3179,233,3412,7
2022-08-09,Monterey,053,433212,91886,19669,111555,761
2022-08-09,Napa,055,140530,31494,1358,32852,157
2022-08-09,Nevada,057,99092,18446,1710,20156,135
2022-08-09,Orange,059,3164182,650886,59537,710423,7396
2022-08-09,Placer,061,380077,73810,9334,83144,655
2022-08-09,Plumas,063,18699,3536,428,3964,13
2022-08-09,Riverside,065,2383286,676247,33539,709786,6581
2022-08-09,Sacramento,067,1510023,336316,33104,369420,3260
2022-08-09,San Benito,069,59416,15706,881,16587,101
2022-08-09,San Bernardino,071,2135413,651952,29365,681317,8011
2022-08-09,San Diego,073,3302833,898816,68608,967424,5504
2022-08-09,San Francisco,075,870044,173126,11627,184753,1001
2022-08-09,San Joaquin,077,732212,192010,13894,205904,2310
2022-08-09,San Luis Obispo,079,281455,61757,6685,68442,515
2022-08-09,San Mateo,081,765935,163441,10098,173539,740
2022-08-09,Santa Barbara,083,443738,102283,6406,108689,719
2022-08-09,Santa Clara,085,1922200,421268,18130,439398,2490
2022-08-09,Santa Cruz,087,273765,60788,3255,64043,270
2022-08-09,Shasta,089,179085,34026,7064,41090,588
2022-08-09,Sierra,091,2930,297,59,356,4
2022-08-09,Siskiyou,093,43540,4980,3212,8192,87
2022-08-09,Solano,095,438530,102213,7503,109716,455
2022-08-09,Sonoma,097,501317,103846,5035,108881,516
2022-08-09,Stanislaus,099,539301,133717,20653,154370,1750
2022-08-09,Sutter,101,95872,23363,2400,25763,231
2022-08-09,Tehama,103,63373,13293,2954,16247,214
2022-08-09,Trinity,105,12862,1358,354,1712,21
2022-08-09,Tulare,107,460477,118781,33801,152582,1527
2022-08-09,Tuolumne,109,53932,15055,883,15938,198
2022-08-09,Ventura,111,848112,202080,14503,216583,1565
2022-08-09,Yolo,113,214977,46269,4039,50308,383
2022-08-09,Yuba,115,75493,18234,1593,19827,130
2022-08-08,Alameda,001,1643700,335275,18663,353938,1964
2022-08-08,Alpine,002,1148,131,1,132,0
2022-08-08,Amador,005,37829,9713,877,10590,88
2022-08-08,Butte,007,227075,38193,8610,46803,456
2022-08-08,Calaveras,009,45235,8270,489,8759,133
2022-08-08,Colusa,011,21464,3709,1210,4919,22
2022-08-08,Contra Costa,013,1133247,243150,19727,262877,1419
2022-08-08,Del Norte,015,27424,7244,381,7625,54
2022-08-08,El Dorado,017,186661,31414,4063,35477,232
2022-08-08,Fresno,019,978130,270521,29955,300476,2839
2022-08-08,Glenn,021,27897,5417,1813,7230,56
2022-08-08,Humboldt,023,135768,20950,4568,25518,157
2022-08-08,Imperial,025,180216,63825,14625,78450,959
2022-08-08,Inyo,027,18085,4423,841,5264,58
2022-08-08,Kern,029,883053,214192,58870,273062,2397
2022-08-08,Kings,031,150075,57725,3922,61647,459
2022-08-08,Lake,033,64148,12324,1100,13424,143
2022-08-08,Lassen,035,31185,9791,967,10758,64
2022-08-08,Los Angeles,037,10098052,3187055,168922,3355977,32970
2022-08-08,Madera,039,155013,42514,7663,50177,372
2022-08-08,Marin,041,260295,35253,4950,40203,254
2022-08-08,Mariposa,043,17540,2998,319,3317,29
2022-08-08,Mendocino,045,87422,15505,4228,19733,135
2022-08-08,Merced,047,269075,71299,11114,82413,850
2022-08-08,Modoc,049,8938,857,310,1167,11
2022-08-08,Mono,051,14174,3179,233,3412,7
2022-08-08,Monterey,053,433212,91786,19591,111377,761
2022-08-08,Napa,055,140530,31459,1357,32816,157
2022-08-08,Nevada,057,99092,18429,1703,20132,135
2022-08-08,Orange,059,3164182,650013,59376,709389,7390
2022-08-08,Placer,061,380077,73750,9324,83074,655
2022-08-08,Plumas,063,18699,3533,427,3960,13
2022-08-08,Riverside,065,2383286,675438,33488,708926,6579
2022-08-08,Sacramento,067,1510023,335911,33065,368976,3258
2022-08-08,San Benito,069,59416,15678,878,16556,100
2022-08-08,San Bernardino,071,2135413,651104,29309,680413,8010
2022-08-08,San Diego,073,3302833,897724,68476,966200,5501
2022-08-08,San Francisco,075,870044,172903,11610,184513,999
2022-08-08,San Joaquin,077,732212,191745,13852,205597,2309
2022-08-08,San Luis Obispo,079,281455,61691,6663,68354,514
2022-08-08,San Mateo,081,765935,163224,10090,173314,740
2022-08-08,Santa Barbara,083,443738,102149,6390,108539,719
2022-08-08,Santa Clara,085,1922200,420646,18106,438752,2487
2022-08-08,Santa Cruz,087,273765,60712,3252,63964,270
2022-08-08,Shasta,089,179085,33995,7056,41051,587
2022-08-08,Sierra,091,2930,297,59,356,4
2022-08-08,Siskiyou,093,43540,4977,3209,8186,87
2022-08-08,Solano,095,438530,102068,7489,109557,455
2022-08-08,Sonoma,097,501317,103734,5026,108760,516
2022-08-08,Stanislaus,099,539301,133593,20625,154218,1750
2022-08-08,Sutter,101,95872,23327,2400,25727,231
2022-08-08,Tehama,103,63373,13283,2952,16235,214
2022-08-08,Trinity,105,12862,1358,353,1711,21
2022-08-08,Tulare,107,460477,118638,33714,152352,1527
2022-08-08,Tuolumne,109,53932,15047,882,15929,198
2022-08-08,Ventura,111,848112,201833,14454,216287,1563
2022-08-08,Yolo,113,214977,46215,4033,50248,383
2022-08-08,Yuba,115,75493,18210,1591,19801,130
2022-08-07,Alameda,001,1643700,334712,18627,353339,1962
2022-08-07,Alpine,002,1148,131,1,132,0
2022-08-07,Amador,005,37829,9706,875,10581,88
2022-08-07,Butte,007,227075,38121,8598,46719,456
2022-08-07,Calaveras,009,45235,8257,485,8742,133
2022-08-07,Colusa,011,21464,3705,1209,4914,22
2022-08-07,Contra Costa,013,1133247,242759,19681,262440,1418
2022-08-07,Del Norte,015,27424,7232,378,7610,53
2022-08-07,El Dorado,017,186661,31374,4058,35432,232
2022-08-07,Fresno,019,978130,270095,29879,299974,2836
2022-08-07,Glenn,021,27897,5415,1810,7225,56
2022-08-07,Humboldt,023,135768,20911,4548,25459,157
2022-08-07,Imperial,025,180216,63741,14552,78293,958
2022-08-07,Inyo,027,18085,4423,838,5261,58
2022-08-07,Kern,029,883053,213960,58668,272628,2396
2022-08-07,Kings,031,150075,57628,3915,61543,458
2022-08-07,Lake,033,64148,12310,1100,13410,143
2022-08-07,Lassen,035,31185,9735,967,10702,64
2022-08-07,Los Angeles,037,10098052,3182587,168531,3351118,32953
2022-08-07,Madera,039,155013,42457,7624,50081,372
2022-08-07,Marin,041,260295,35196,4940,40136,254
2022-08-07,Mariposa,043,17540,2995,318,3313,29
2022-08-07,Mendocino,045,87422,15485,4210,19695,135
2022-08-07,Merced,047,269075,71172,11063,82235,849
2022-08-07,Modoc,049,8938,856,310,1166,11
2022-08-07,Mono,051,14174,3176,233,3409,7
2022-08-07,Monterey,053,433212,91652,19502,111154,761
2022-08-07,Napa,055,140530,31414,1355,32769,157
2022-08-07,Nevada,057,99092,18405,1697,20102,135
2022-08-07,Orange,059,3164182,649075,59179,708254,7386
2022-08-07,Placer,061,380077,73660,9308,82968,654
2022-08-07,Plumas,063,18699,3532,427,3959,13
2022-08-07,Riverside,065,2383286,674498,33409,707907,6576
2022-08-07,Sacramento,067,1510023,335425,33011,368436,3258
2022-08-07,San Benito,069,59416,15651,875,16526,100
2022-08-07,San Bernardino,071,2135413,650200,29246,679446,8004
2022-08-07,San Diego,073,3302833,896454,68363,964817,5500
2022-08-07,San Francisco,075,870044,172622,11583,184205,999
2022-08-07,San Joaquin,077,732212,191440,13794,205234,2308
2022-08-07,San Luis Obispo,079,281455,61593,6631,68224,514
2022-08-07,San Mateo,081,765935,162973,10073,173046,740
2022-08-07,Santa Barbara,083,443738,101960,6364,108324,718
2022-08-07,Santa Clara,085,1922200,419927,18089,438016,2487
2022-08-07,Santa Cruz,087,273765,60590,3237,63827,270
2022-08-07,Shasta,089,179085,33946,7042,40988,587
2022-08-07,Sierra,091,2930,296,59,355,4
2022-08-07,Siskiyou,093,43540,4975,3205,8180,87
2022-08-07,Solano,095,438530,101909,7473,109382,455
2022-08-07,Sonoma,097,501317,103615,5019,108634,516
2022-08-07,Stanislaus,099,539301,133398,20591,153989,1750
2022-08-07,Sutter,101,95872,23291,2399,25690,231
2022-08-07,Tehama,103,63373,13272,2948,16220,214
2022-08-07,Trinity,105,12862,1356,352,1708,21
2022-08-07,Tulare,107,460477,118484,33618,152102,1527
2022-08-07,Tuolumne,109,53932,15030,882,15912,198
2022-08-07,Ventura,111,848112,201574,14409,215983,1561
2022-08-07,Yolo,113,214977,46165,4023,50188,383
2022-08-07,Yuba,115,75493,18191,1587,19778,130
2022-08-06,Alameda,001,1643700,334461,18617,353078,1959
2022-08-06,Alpine,002,1148,131,1,132,0
2022-08-06,Amador,005,37829,9699,873,10572,88
2022-08-06,Butte,007,227075,38083,8588,46671,456
2022-08-06,Calaveras,009,45235,8250,484,8734,133
2022-08-06,Colusa,011,21464,3703,1206,4909,22
2022-08-06,Contra Costa,013,1133247,242513,19662,262175,1417
2022-08-06,Del Norte,015,27424,7226,378,7604,53
2022-08-06,El Dorado,017,186661,31357,4055,35412,232
2022-08-06,Fresno,019,978130,269915,29858,299773,2835
2022-08-06,Glenn,021,27897,5415,1809,7224,56
2022-08-06,Humboldt,023,135768,20890,4540,25430,157
2022-08-06,Imperial,025,180216,63694,14524,78218,958
2022-08-06,Inyo,027,18085,4423,837,5260,58
2022-08-06,Kern,029,883053,213860,58555,272415,2396
2022-08-06,Kings,031,150075,57588,3915,61503,458
2022-08-06,Lake,033,64148,12305,1099,13404,143
2022-08-06,Lassen,035,31185,9702,967,10669,64
2022-08-06,Los Angeles,037,10098052,3180381,168250,3348631,32945
2022-08-06,Madera,039,155013,42413,7618,50031,372
2022-08-06,Marin,041,260295,35167,4935,40102,254
2022-08-06,Mariposa,043,17540,2994,318,3312,29
2022-08-06,Mendocino,045,87422,15476,4209,19685,135
2022-08-06,Merced,047,269075,71142,11058,82200,849
2022-08-06,Modoc,049,8938,856,310,1166,11
2022-08-06,Mono,051,14174,3173,233,3406,7
2022-08-06,Monterey,053,433212,91599,19457,111056,761
2022-08-06,Napa,055,140530,31393,1354,32747,157
2022-08-06,Nevada,057,99092,18396,1696,20092,135
2022-08-06,Orange,059,3164182,648616,59069,707685,7384
2022-08-06,Placer,061,380077,73603,9301,82904,654
2022-08-06,Plumas,063,18699,3530,427,3957,13
2022-08-06,Riverside,065,2383286,673975,33373,707348,6575
2022-08-06,Sacramento,067,1510023,335250,33002,368252,3253
2022-08-06,San Benito,069,59416,15634,873,16507,100
2022-08-06,San Bernardino,071,2135413,649726,29212,678938,8001
2022-08-06,San Diego,073,3302833,895897,68320,964217,5498
2022-08-06,San Francisco,075,870044,172465,11573,184038,997
2022-08-06,San Joaquin,077,732212,191311,13758,205069,2308
2022-08-06,San Luis Obispo,079,281455,61565,6626,68191,514
2022-08-06,San Mateo,081,765935,162834,10067,172901,740
2022-08-06,Santa Barbara,083,443738,101886,6352,108238,718
2022-08-06,Santa Clara,085,1922200,419455,18071,437526,2482
2022-08-06,Santa Cruz,087,273765,60533,3230,63763,270
2022-08-06,Shasta,089,179085,33915,7032,40947,587
2022-08-06,Sierra,091,2930,296,59,355,4
2022-08-06,Siskiyou,093,43540,4973,3203,8176,87
2022-08-06,Solano,095,438530,101860,7467,109327,455
2022-08-06,Sonoma,097,501317,103551,5012,108563,516
2022-08-06,Stanislaus,099,539301,133295,20581,153876,1749
2022-08-06,Sutter,101,95872,23267,2399,25666,231
2022-08-06,Tehama,103,63373,13267,2944,16211,214
2022-08-06,Trinity,105,12862,1356,352,1708,21
2022-08-06,Tulare,107,460477,118403,33575,151978,1525
2022-08-06,Tuolumne,109,53932,15022,881,15903,198
2022-08-06,Ventura,111,848112,201465,14387,215852,1560
2022-08-06,Yolo,113,214977,46134,4015,50149,383
2022-08-06,Yuba,115,75493,18175,1586,19761,129
2022-08-05,Alameda,001,1643700,334150,18607,352757,1959
2022-08-05,Alpine,002,1148,131,1,132,0
2022-08-05,Amador,005,37829,9697,872,10569,88
2022-08-05,Butte,007,227075,38045,8577,46622,456
2022-08-05,Calaveras,009,45235,8246,484,8730,133
2022-08-05,Colusa,011,21464,3702,1206,4908,22
2022-08-05,Contra Costa,013,1133247,242321,19636,261957,1417
2022-08-05,Del Norte,015,27424,7222,377,7599,53
2022-08-05,El Dorado,017,186661,31349,4054,35403,232
2022-08-05,Fresno,019,978130,269732,29835,299567,2834
2022-08-05,Glenn,021,27897,5414,1808,7222,56
2022-08-05,Humboldt,023,135768,20873,4527,25400,156
2022-08-05,Imperial,025,180216,63619,14485,78104,958
2022-08-05,Inyo,027,18085,4423,837,5260,58
2022-08-05,Kern,029,883053,213743,58464,272207,2395
2022-08-05,Kings,031,150075,57563,3914,61477,458
2022-08-05,Lake,033,64148,12295,1099,13394,143
2022-08-05,Lassen,035,31185,9690,966,10656,64
2022-08-05,Los Angeles,037,10098052,3177869,167967,3345836,32931
2022-08-05,Madera,039,155013,42370,7608,49978,372
2022-08-05,Marin,041,260295,35124,4929,40053,254
2022-08-05,Mariposa,043,17540,2989,317,3306,29
2022-08-05,Mendocino,045,87422,15460,4207,19667,135
2022-08-05,Merced,047,269075,71091,11052,82143,849
2022-08-05,Modoc,049,8938,856,310,1166,11
2022-08-05,Mono,051,14174,3172,233,3405,7
2022-08-05,Monterey,053,433212,91531,19422,110953,761
2022-08-05,Napa,055,140530,31364,1353,32717,157
2022-08-05,Nevada,057,99092,18386,1695,20081,135
2022-08-05,Orange,059,3164182,648090,58962,707052,7380
2022-08-05,Placer,061,380077,73551,9294,82845,653
2022-08-05,Plumas,063,18699,3528,427,3955,13
2022-08-05,Riverside,065,2383286,673408,33331,706739,6575
2022-08-05,Sacramento,067,1510023,335000,32981,367981,3249
2022-08-05,San Benito,069,59416,15612,871,16483,100
2022-08-05,San Bernardino,071,2135413,649259,29187,678446,7999
2022-08-05,San Diego,073,3302833,895236,68239,963475,5496
2022-08-05,San Francisco,075,870044,172322,11553,183875,994
2022-08-05,San Joaquin,077,732212,191183,13724,204907,2307
2022-08-05,San Luis Obispo,079,281455,61530,6618,68148,514
2022-08-05,San Mateo,081,765935,162657,10058,172715,740
2022-08-05,Santa Barbara,083,443738,101784,6344,108128,718
2022-08-05,Santa Clara,085,1922200,418950,18041,436991,2479
2022-08-05,Santa Cruz,087,273765,60466,3226,63692,270
2022-08-05,Shasta,089,179085,33905,7029,40934,586
2022-08-05,Sierra,091,2930,296,59,355,4
2022-08-05,Siskiyou,093,43540,4970,3201,8171,87
2022-08-05,Solano,095,438530,101782,7459,109241,455
2022-08-05,Sonoma,097,501317,103473,5008,108481,516
2022-08-05,Stanislaus,099,539301,133194,20570,153764,1748
2022-08-05,Sutter,101,95872,23248,2397,25645,231
2022-08-05,Tehama,103,63373,13259,2944,16203,214
2022-08-05,Trinity,105,12862,1355,352,1707,21
2022-08-05,Tulare,107,460477,118317,33521,151838,1525
2022-08-05,Tuolumne,109,53932,15009,880,15889,197
2022-08-05,Ventura,111,848112,201315,14358,215673,1558
2022-08-05,Yolo,113,214977,46115,4001,50116,383
2022-08-05,Yuba,115,75493,18167,1585,19752,129
2022-08-04,Alameda,001,1643700,333683,18570,352253,1956
2022-08-04,Alpine,002,1148,130,1,131,0
2022-08-04,Amador,005,37829,9686,868,10554,88
2022-08-04,Butte,007,227075,38001,8562,46563,455
2022-08-04,Calaveras,009,45235,8239,483,8722,133
2022-08-04,Colusa,011,21464,3701,1206,4907,22
2022-08-04,Contra Costa,013,1133247,242047,19596,261643,1416
2022-08-04,Del Norte,015,27424,7214,376,7590,53
2022-08-04,El Dorado,017,186661,31318,4051,35369,232
2022-08-04,Fresno,019,978130,269397,29783,299180,2833
2022-08-04,Glenn,021,27897,5409,1805,7214,56
2022-08-04,Humboldt,023,135768,20847,4516,25363,156
2022-08-04,Imperial,025,180216,63552,14431,77983,957
2022-08-04,Inyo,027,18085,4422,836,5258,58
2022-08-04,Kern,029,883053,213530,58334,271864,2392
2022-08-04,Kings,031,150075,57496,3907,61403,458
2022-08-04,Lake,033,64148,12280,1099,13379,143
2022-08-04,Lassen,035,31185,9685,963,10648,64
2022-08-04,Los Angeles,037,10098052,3174145,167579,3341724,32905
2022-08-04,Madera,039,155013,42327,7567,49894,372
2022-08-04,Marin,041,260295,35068,4902,39970,254
2022-08-04,Mariposa,043,17540,2983,316,3299,29
2022-08-04,Mendocino,045,87422,15445,4201,19646,134
2022-08-04,Merced,047,269075,71018,11014,82032,849
2022-08-04,Modoc,049,8938,856,310,1166,11
2022-08-04,Mono,051,14174,3172,233,3405,7
2022-08-04,Monterey,053,433212,91421,19360,110781,761
2022-08-04,Napa,055,140530,31327,1353,32680,156
2022-08-04,Nevada,057,99092,18374,1689,20063,135
2022-08-04,Orange,059,3164182,647287,58823,706110,7377
2022-08-04,Placer,061,380077,73478,9282,82760,652
2022-08-04,Plumas,063,18699,3522,427,3949,13
2022-08-04,Riverside,065,2383286,672676,33293,705969,6571
2022-08-04,Sacramento,067,1510023,334574,32956,367530,3247
2022-08-04,San Benito,069,59416,15582,865,16447,100
2022-08-04,San Bernardino,071,2135413,648542,29134,677676,7995
2022-08-04,San Diego,073,3302833,894255,68138,962393,5494
2022-08-04,San Francisco,075,870044,172109,11525,183634,992
2022-08-04,San Joaquin,077,732212,190978,13684,204662,2305
2022-08-04,San Luis Obispo,079,281455,61457,6596,68053,514
2022-08-04,San Mateo,081,765935,162433,10051,172484,740
2022-08-04,Santa Barbara,083,443738,101651,6324,107975,718
2022-08-04,Santa Clara,085,1922200,418364,18013,436377,2476
2022-08-04,Santa Cruz,087,273765,60378,3225,63603,270
2022-08-04,Shasta,089,179085,33881,7016,40897,586
2022-08-04,Sierra,091,2930,296,59,355,4
2022-08-04,Siskiyou,093,43540,4966,3195,8161,87
2022-08-04,Solano,095,438530,101671,7448,109119,455
2022-08-04,Sonoma,097,501317,103364,4998,108362,514
2022-08-04,Stanislaus,099,539301,133035,20546,153581,1746
2022-08-04,Sutter,101,95872,23222,2395,25617,231
2022-08-04,Tehama,103,63373,13245,2939,16184,214
2022-08-04,Trinity,105,12862,1354,351,1705,21
2022-08-04,Tulare,107,460477,118200,33461,151661,1525
2022-08-04,Tuolumne,109,53932,14985,878,15863,197
2022-08-04,Ventura,111,848112,201082,14321,215403,1558
2022-08-04,Yolo,113,214977,46077,3993,50070,383
2022-08-04,Yuba,115,75493,18148,1584,19732,129
2022-08-03,Alameda,001,1643700,333165,18532,351697,1954
2022-08-03,Alpine,002,1148,130,1,131,0
2022-08-03,Amador,005,37829,9680,865,10545,88
2022-08-03,Butte,007,227075,37956,8552,46508,455
2022-08-03,Calaveras,009,45235,8231,482,8713,133
2022-08-03,Colusa,011,21464,3701,1206,4907,22
2022-08-03,Contra Costa,013,1133247,241721,19548,261269,1416
2022-08-03,Del Norte,015,27424,7210,376,7586,53
2022-08-03,El Dorado,017,186661,31283,4042,35325,232
2022-08-03,Fresno,019,978130,268986,29735,298721,2831
2022-08-03,Glenn,021,27897,5407,1801,7208,56
2022-08-03,Humboldt,023,135768,20813,4499,25312,156
2022-08-03,Imperial,025,180216,63472,14382,77854,957
2022-08-03,Inyo,027,18085,4422,830,5252,58
2022-08-03,Kern,029,883053,213341,58158,271499,2392
2022-08-03,Kings,031,150075,57432,3903,61335,458
2022-08-03,Lake,033,64148,12261,1098,13359,143
2022-08-03,Lassen,035,31185,9682,963,10645,63
2022-08-03,Los Angeles,037,10098052,3170395,167186,3337581,32887
2022-08-03,Madera,039,155013,42284,7549,49833,372
2022-08-03,Marin,041,260295,35004,4890,39894,252
2022-08-03,Mariposa,043,17540,2979,316,3295,29
2022-08-03,Mendocino,045,87422,15427,4193,19620,134
2022-08-03,Merced,047,269075,70952,10981,81933,849
2022-08-03,Modoc,049,8938,855,310,1165,11
2022-08-03,Mono,051,14174,3171,232,3403,7
2022-08-03,Monterey,053,433212,91315,19297,110612,761
2022-08-03,Napa,055,140530,31288,1350,32638,156
2022-08-03,Nevada,057,99092,18363,1686,20049,135
2022-08-03,Orange,059,3164182,646435,58653,705088,7370
2022-08-03,Placer,061,380077,73394,9266,82660,652
2022-08-03,Plumas,063,18699,3519,427,3946,13
2022-08-03,Riverside,065,2383286,671816,33233,705049,6570
2022-08-03,Sacramento,067,1510023,334146,32922,367068,3245
2022-08-03,San Benito,069,59416,15552,858,16410,100
2022-08-03,San Bernardino,071,2135413,647783,29086,676869,7994
2022-08-03,San Diego,073,3302833,893040,68014,961054,5494
2022-08-03,San Francisco,075,870044,171899,11507,183406,989
2022-08-03,San Joaquin,077,732212,190733,13651,204384,2305
2022-08-03,San Luis Obispo,079,281455,61370,6583,67953,514
2022-08-03,San Mateo,081,765935,162240,10043,172283,740
2022-08-03,Santa Barbara,083,443738,101527,6304,107831,716
2022-08-03,Santa Clara,085,1922200,417878,17984,435862,2476
2022-08-03,Santa Cruz,087,273765,60289,3222,63511,269
2022-08-03,Shasta,089,179085,33851,7012,40863,585
2022-08-03,Sierra,091,2930,296,59,355,4
2022-08-03,Siskiyou,093,43540,4964,3193,8157,87
2022-08-03,Solano,095,438530,101551,7435,108986,455
2022-08-03,Sonoma,097,501317,103238,4985,108223,513
2022-08-03,Stanislaus,099,539301,132892,20517,153409,1744
2022-08-03,Sutter,101,95872,23194,2393,25587,231
2022-08-03,Tehama,103,63373,13233,2935,16168,214
2022-08-03,Trinity,105,12862,1354,350,1704,21
2022-08-03,Tulare,107,460477,118066,33394,151460,1524
2022-08-03,Tuolumne,109,53932,14965,878,15843,197
2022-08-03,Ventura,111,848112,200842,14287,215129,1557
2022-08-03,Yolo,113,214977,46028,3976,50004,382
2022-08-03,Yuba,115,75493,18119,1583,19702,129
2022-08-02,Alameda,001,1643700,332622,18501,351123,1954
2022-08-02,Alpine,002,1148,130,1,131,0
2022-08-02,Amador,005,37829,9670,858,10528,88
2022-08-02,Butte,007,227075,37917,8540,46457,455
2022-08-02,Calaveras,009,45235,8216,480,8696,133
2022-08-02,Colusa,011,21464,3698,1205,4903,22
2022-08-02,Contra Costa,013,1133247,241369,19488,260857,1416
2022-08-02,Del Norte,015,27424,7200,376,7576,53
2022-08-02,El Dorado,017,186661,31250,4036,35286,232
2022-08-02,Fresno,019,978130,268558,29650,298208,2830
2022-08-02,Glenn,021,27897,5403,1800,7203,56
2022-08-02,Humboldt,023,135768,20775,4477,25252,156
2022-08-02,Imperial,025,180216,63390,14334,77724,957
2022-08-02,Inyo,027,18085,4419,820,5239,58
2022-08-02,Kern,029,883053,213098,57961,271059,2392
2022-08-02,Kings,031,150075,57351,3898,61249,458
2022-08-02,Lake,033,64148,12248,1096,13344,143
2022-08-02,Lassen,035,31185,9679,962,10641,63
2022-08-02,Los Angeles,037,10098052,3166023,166700,3332723,32859
2022-08-02,Madera,039,155013,42217,7526,49743,372
2022-08-02,Marin,041,260295,34946,4882,39828,252
2022-08-02,Mariposa,043,17540,2975,316,3291,29
2022-08-02,Mendocino,045,87422,15397,4179,19576,134
2022-08-02,Merced,047,269075,70873,10941,81814,849
2022-08-02,Modoc,049,8938,855,310,1165,11
2022-08-02,Mono,051,14174,3170,230,3400,7
2022-08-02,Monterey,053,433212,91192,19228,110420,761
2022-08-02,Napa,055,140530,31249,1348,32597,156
2022-08-02,Nevada,057,99092,18347,1686,20033,135
2022-08-02,Orange,059,3164182,645522,58478,704000,7364
2022-08-02,Placer,061,380077,73305,9253,82558,652
2022-08-02,Plumas,063,18699,3514,427,3941,13
2022-08-02,Riverside,065,2383286,670890,33186,704076,6567
2022-08-02,Sacramento,067,1510023,333729,32873,366602,3243
2022-08-02,San Benito,069,59416,15513,854,16367,100
2022-08-02,San Bernardino,071,2135413,646927,29038,675965,7992
2022-08-02,San Diego,073,3302833,891880,67884,959764,5492
2022-08-02,San Francisco,075,870044,171663,11493,183156,988
2022-08-02,San Joaquin,077,732212,190495,13606,204101,2303
2022-08-02,San Luis Obispo,079,281455,61281,6556,67837,514
2022-08-02,San Mateo,081,765935,161993,10038,172031,740
2022-08-02,Santa Barbara,083,443738,101360,6278,107638,716
2022-08-02,Santa Clara,085,1922200,417249,17950,435199,2471
2022-08-02,Santa Cruz,087,273765,60199,3215,63414,269
2022-08-02,Shasta,089,179085,33826,7001,40827,585
2022-08-02,Sierra,091,2930,296,59,355,4
2022-08-02,Siskiyou,093,43540,4956,3189,8145,87
2022-08-02,Solano,095,438530,101368,7413,108781,455
2022-08-02,Sonoma,097,501317,103063,4972,108035,513
2022-08-02,Stanislaus,099,539301,132733,20474,153207,1743
2022-08-02,Sutter,101,95872,23159,2393,25552,231
2022-08-02,Tehama,103,63373,13221,2932,16153,214
2022-08-02,Trinity,105,12862,1354,348,1702,21
2022-08-02,Tulare,107,460477,117929,33309,151238,1524
2022-08-02,Tuolumne,109,53932,14948,876,15824,196
2022-08-02,Ventura,111,848112,200587,14245,214832,1557
2022-08-02,Yolo,113,214977,45979,3970,49949,382
2022-08-02,Yuba,115,75493,18098,1578,19676,129
2022-08-01,Alameda,001,1643700,331956,18464,350420,1953
2022-08-01,Alpine,002,1148,130,1,131,0
2022-08-01,Amador,005,37829,9663,856,10519,88
2022-08-01,Butte,007,227075,37859,8526,46385,455
2022-08-01,Calaveras,009,45235,8213,479,8692,132
2022-08-01,Colusa,011,21464,3694,1196,4890,22
2022-08-01,Contra Costa,013,1133247,240975,19435,260410,1415
2022-08-01,Del Norte,015,27424,7195,376,7571,53
2022-08-01,El Dorado,017,186661,31223,4031,35254,232
2022-08-01,Fresno,019,978130,268101,29568,297669,2830
2022-08-01,Glenn,021,27897,5395,1799,7194,56
2022-08-01,Humboldt,023,135768,20742,4461,25203,156
2022-08-01,Imperial,025,180216,63277,14275,77552,957
2022-08-01,Inyo,027,18085,4415,816,5231,58
2022-08-01,Kern,029,883053,212853,57791,270644,2391
2022-08-01,Kings,031,150075,57258,3888,61146,458
2022-08-01,Lake,033,64148,12218,1096,13314,143
2022-08-01,Lassen,035,31185,9659,962,10621,63
2022-08-01,Los Angeles,037,10098052,3161268,166215,3327483,32841
2022-08-01,Madera,039,155013,42134,7495,49629,372
2022-08-01,Marin,041,260295,34892,4858,39750,252
2022-08-01,Mariposa,043,17540,2970,315,3285,29
2022-08-01,Mendocino,045,87422,15373,4170,19543,134
2022-08-01,Merced,047,269075,70761,10910,81671,849
2022-08-01,Modoc,049,8938,855,310,1165,11
2022-08-01,Mono,051,14174,3169,228,3397,7
2022-08-01,Monterey,053,433212,91048,19154,110202,760
2022-08-01,Napa,055,140530,31196,1344,32540,155
2022-08-01,Nevada,057,99092,18335,1681,20016,135
2022-08-01,Orange,059,3164182,644537,58301,702838,7361
2022-08-01,Placer,061,380077,73237,9239,82476,652
2022-08-01,Plumas,063,18699,3510,427,3937,13
2022-08-01,Riverside,065,2383286,669870,33139,703009,6566
2022-08-01,Sacramento,067,1510023,333285,32830,366115,3241
2022-08-01,San Benito,069,59416,15492,854,16346,100
2022-08-01,San Bernardino,071,2135413,645992,28979,674971,7990
2022-08-01,San Diego,073,3302833,890454,67709,958163,5490
2022-08-01,San Francisco,075,870044,171408,11479,182887,988
2022-08-01,San Joaquin,077,732212,190223,13564,203787,2302
2022-08-01,San Luis Obispo,079,281455,61182,6542,67724,514
2022-08-01,San Mateo,081,765935,161697,10026,171723,740
2022-08-01,Santa Barbara,083,443738,101185,6253,107438,716
2022-08-01,Santa Clara,085,1922200,416462,17924,434386,2469
2022-08-01,Santa Cruz,087,273765,60093,3203,63296,269
2022-08-01,Shasta,089,179085,33797,6991,40788,585
2022-08-01,Sierra,091,2930,296,59,355,4
2022-08-01,Siskiyou,093,43540,4950,3183,8133,86
2022-08-01,Solano,095,438530,101185,7394,108579,455
2022-08-01,Sonoma,097,501317,102894,4962,107856,512
2022-08-01,Stanislaus,099,539301,132558,20445,153003,1743
2022-08-01,Sutter,101,95872,23104,2392,25496,231
2022-08-01,Tehama,103,63373,13205,2926,16131,214
2022-08-01,Trinity,105,12862,1353,347,1700,21
2022-08-01,Tulare,107,460477,117752,33232,150984,1523
2022-08-01,Tuolumne,109,53932,14929,876,15805,196
2022-08-01,Ventura,111,848112,200330,14201,214531,1556
2022-08-01,Yolo,113,214977,45928,3955,49883,382
2022-08-01,Yuba,115,75493,18074,1574,19648,129
2022-07-31,Alameda,001,1643700,331218,18426,349644,1953
2022-07-31,Alpine,002,1148,130,1,131,0
2022-07-31,Amador,005,37829,9650,851,10501,88
2022-07-31,Butte,007,227075,37783,8506,46289,454
2022-07-31,Calaveras,009,45235,8201,476,8677,132
2022-07-31,Colusa,011,21464,3690,1194,4884,22
2022-07-31,Contra Costa,013,1133247,240497,19366,259863,1413
2022-07-31,Del Norte,015,27424,7183,373,7556,53
2022-07-31,El Dorado,017,186661,31196,4022,35218,232
2022-07-31,Fresno,019,978130,267544,29483,297027,2829
2022-07-31,Glenn,021,27897,5392,1797,7189,56
2022-07-31,Humboldt,023,135768,20702,4430,25132,156
2022-07-31,Imperial,025,180216,63172,14196,77368,955
2022-07-31,Inyo,027,18085,4410,811,5221,58
2022-07-31,Kern,029,883053,212538,57546,270084,2390
2022-07-31,Kings,031,150075,57132,3879,61011,458
2022-07-31,Lake,033,64148,12202,1094,13296,143
2022-07-31,Lassen,035,31185,9579,962,10541,63
2022-07-31,Los Angeles,037,10098052,3156008,165587,3321595,32821
2022-07-31,Madera,039,155013,42046,7462,49508,372
2022-07-31,Marin,041,260295,34820,4845,39665,251
2022-07-31,Mariposa,043,17540,2964,314,3278,29
2022-07-31,Mendocino,045,87422,15354,4161,19515,134
2022-07-31,Merced,047,269075,70632,10866,81498,849
2022-07-31,Modoc,049,8938,851,310,1161,11
2022-07-31,Mono,051,14174,3168,225,3393,7
2022-07-31,Monterey,053,433212,90888,19070,109958,759
2022-07-31,Napa,055,140530,31129,1341,32470,155
2022-07-31,Nevada,057,99092,18297,1679,19976,135
2022-07-31,Orange,059,3164182,643497,58092,701589,7358
2022-07-31,Placer,061,380077,73134,9223,82357,652
2022-07-31,Plumas,063,18699,3504,426,3930,13
2022-07-31,Riverside,065,2383286,668781,33057,701838,6565
2022-07-31,Sacramento,067,1510023,332686,32773,365459,3238
2022-07-31,San Benito,069,59416,15459,848,16307,100
2022-07-31,San Bernardino,071,2135413,644837,28881,673718,7987
2022-07-31,San Diego,073,3302833,888843,67560,956403,5490
2022-07-31,San Francisco,075,870044,171011,11439,182450,986
2022-07-31,San Joaquin,077,732212,189863,13476,203339,2300
2022-07-31,San Luis Obispo,079,281455,61034,6507,67541,514
2022-07-31,San Mateo,081,765935,161448,9999,171447,740
2022-07-31,Santa Barbara,083,443738,100953,6211,107164,716
2022-07-31,Santa Clara,085,1922200,415683,17891,433574,2464
2022-07-31,Santa Cruz,087,273765,59925,3187,63112,269
2022-07-31,Shasta,089,179085,33746,6968,40714,584
2022-07-31,Sierra,091,2930,296,59,355,4
2022-07-31,Siskiyou,093,43540,4940,3180,8120,86
2022-07-31,Solano,095,438530,100985,7380,108365,455
2022-07-31,Sonoma,097,501317,102740,4936,107676,512
2022-07-31,Stanislaus,099,539301,132320,20398,152718,1743
2022-07-31,Sutter,101,95872,23060,2381,25441,231
2022-07-31,Tehama,103,63373,13197,2917,16114,214
2022-07-31,Trinity,105,12862,1351,346,1697,21
2022-07-31,Tulare,107,460477,117561,33111,150672,1522
2022-07-31,Tuolumne,109,53932,14905,873,15778,196
2022-07-31,Ventura,111,848112,200011,14121,214132,1555
2022-07-31,Yolo,113,214977,45867,3944,49811,382
2022-07-31,Yuba,115,75493,18043,1566,19609,129
2022-07-30,Alameda,001,1643700,330879,18407,349286,1953
2022-07-30,Alpine,002,1148,130,1,131,0
2022-07-30,Amador,005,37829,9648,846,10494,88
2022-07-30,Butte,007,227075,37754,8497,46251,454
2022-07-30,Calaveras,009,45235,8191,475,8666,132
2022-07-30,Colusa,011,21464,3685,1194,4879,22
2022-07-30,Contra Costa,013,1133247,240221,19325,259546,1411
2022-07-30,Del Norte,015,27424,7178,371,7549,53
2022-07-30,El Dorado,017,186661,31177,4018,35195,231
2022-07-30,Fresno,019,978130,267337,29438,296775,2827
2022-07-30,Glenn,021,27897,5387,1796,7183,56
2022-07-30,Humboldt,023,135768,20683,4418,25101,156
2022-07-30,Imperial,025,180216,63124,14168,77292,955
2022-07-30,Inyo,027,18085,4409,807,5216,58
2022-07-30,Kern,029,883053,212409,57404,269813,2389
2022-07-30,Kings,031,150075,57099,3879,60978,458
2022-07-30,Lake,033,64148,12192,1093,13285,143
2022-07-30,Lassen,035,31185,9578,960,10538,63
2022-07-30,Los Angeles,037,10098052,3153522,165185,3318707,32807
2022-07-30,Madera,039,155013,42012,7457,49469,372
2022-07-30,Marin,041,260295,34788,4843,39631,251
2022-07-30,Mariposa,043,17540,2962,313,3275,29
2022-07-30,Mendocino,045,87422,15330,4157,19487,134
2022-07-30,Merced,047,269075,70581,10859,81440,847
2022-07-30,Modoc,049,8938,851,310,1161,11
2022-07-30,Mono,051,14174,3167,224,3391,7
2022-07-30,Monterey,053,433212,90796,19023,109819,759
2022-07-30,Napa,055,140530,31101,1338,32439,155
2022-07-30,Nevada,057,99092,18288,1675,19963,135
2022-07-30,Orange,059,3164182,642936,57982,700918,7352
2022-07-30,Placer,061,380077,73095,9210,82305,652
2022-07-30,Plumas,063,18699,3504,426,3930,13
2022-07-30,Riverside,065,2383286,668229,33028,701257,6564
2022-07-30,Sacramento,067,1510023,332443,32762,365205,3235
2022-07-30,San Benito,069,59416,15446,845,16291,100
2022-07-30,San Bernardino,071,2135413,644348,28838,673186,7980
2022-07-30,San Diego,073,3302833,888198,67501,955699,5487
2022-07-30,San Francisco,075,870044,170859,11429,182288,984
2022-07-30,San Joaquin,077,732212,189737,13446,203183,2299
2022-07-30,San Luis Obispo,079,281455,60994,6494,67488,514
2022-07-30,San Mateo,081,765935,161263,9981,171244,740
2022-07-30,Santa Barbara,083,443738,100860,6192,107052,716
2022-07-30,Santa Clara,085,1922200,415196,17873,433069,2461
2022-07-30,Santa Cruz,087,273765,59859,3180,63039,269
2022-07-30,Shasta,089,179085,33726,6967,40693,584
2022-07-30,Sierra,091,2930,296,59,355,4
2022-07-30,Siskiyou,093,43540,4940,3178,8118,86
2022-07-30,Solano,095,438530,100927,7367,108294,455
2022-07-30,Sonoma,097,501317,102650,4929,107579,512
2022-07-30,Stanislaus,099,539301,132188,20373,152561,1742
2022-07-30,Sutter,101,95872,23035,2380,25415,230
2022-07-30,Tehama,103,63373,13191,2914,16105,214
2022-07-30,Trinity,105,12862,1351,346,1697,20
2022-07-30,Tulare,107,460477,117469,33046,150515,1522
2022-07-30,Tuolumne,109,53932,14886,873,15759,196
2022-07-30,Ventura,111,848112,199839,14088,213927,1553
2022-07-30,Yolo,113,214977,45840,3941,49781,382
2022-07-30,Yuba,115,75493,18030,1566,19596,129
2022-07-29,Alameda,001,1643700,330518,18379,348897,1952
2022-07-29,Alpine,002,1148,130,1,131,0
2022-07-29,Amador,005,37829,9647,845,10492,88
2022-07-29,Butte,007,227075,37723,8480,46203,453
2022-07-29,Calaveras,009,45235,8187,475,8662,132
2022-07-29,Colusa,011,21464,3685,1194,4879,22
2022-07-29,Contra Costa,013,1133247,239992,19301,259293,1410
2022-07-29,Del Norte,015,27424,7173,370,7543,53
2022-07-29,El Dorado,017,186661,31155,4017,35172,231
2022-07-29,Fresno,019,978130,267091,29389,296480,2827
2022-07-29,Glenn,021,27897,5384,1795,7179,56
2022-07-29,Humboldt,023,135768,20657,4408,25065,156
2022-07-29,Imperial,025,180216,63063,14140,77203,954
2022-07-29,Inyo,027,18085,4408,806,5214,58
2022-07-29,Kern,029,883053,212240,57264,269504,2389
2022-07-29,Kings,031,150075,57062,3878,60940,458
2022-07-29,Lake,033,64148,12177,1090,13267,143
2022-07-29,Lassen,035,31185,9576,960,10536,63
2022-07-29,Los Angeles,037,10098052,3150655,164852,3315507,32789
2022-07-29,Madera,039,155013,41967,7446,49413,372
2022-07-29,Marin,041,260295,34741,4835,39576,251
2022-07-29,Mariposa,043,17540,2961,313,3274,29
2022-07-29,Mendocino,045,87422,15312,4145,19457,134
2022-07-29,Merced,047,269075,70519,10843,81362,847
2022-07-29,Modoc,049,8938,851,310,1161,11
2022-07-29,Mono,051,14174,3166,223,3389,7
2022-07-29,Monterey,053,433212,90703,18988,109691,759
2022-07-29,Napa,055,140530,31076,1337,32413,155
2022-07-29,Nevada,057,99092,18277,1673,19950,135
2022-07-29,Orange,059,3164182,642341,57838,700179,7344
2022-07-29,Placer,061,380077,73022,9196,82218,652
2022-07-29,Plumas,063,18699,3503,426,3929,13
2022-07-29,Riverside,065,2383286,667686,32983,700669,6564
2022-07-29,Sacramento,067,1510023,332131,32742,364873,3232
2022-07-29,San Benito,069,59416,15428,844,16272,100
2022-07-29,San Bernardino,071,2135413,643812,28804,672616,7975
2022-07-29,San Diego,073,3302833,887346,67391,954737,5484
2022-07-29,San Francisco,075,870044,170682,11417,182099,981
2022-07-29,San Joaquin,077,732212,189621,13421,203042,2299
2022-07-29,San Luis Obispo,079,281455,60958,6482,67440,514
2022-07-29,San Mateo,081,765935,161087,9972,171059,740
2022-07-29,Santa Barbara,083,443738,100737,6182,106919,716
2022-07-29,Santa Clara,085,1922200,414719,17852,432571,2459
2022-07-29,Santa Cruz,087,273765,59783,3177,62960,269
2022-07-29,Shasta,089,179085,33699,6960,40659,584
2022-07-29,Sierra,091,2930,296,58,354,4
2022-07-29,Siskiyou,093,43540,4939,3178,8117,86
2022-07-29,Solano,095,438530,100797,7355,108152,455
2022-07-29,Sonoma,097,501317,102546,4918,107464,509
2022-07-29,Stanislaus,099,539301,132086,20361,152447,1742
2022-07-29,Sutter,101,95872,23015,2380,25395,229
2022-07-29,Tehama,103,63373,13184,2912,16096,214
2022-07-29,Trinity,105,12862,1347,345,1692,20
2022-07-29,Tulare,107,460477,117368,32986,150354,1522
2022-07-29,Tuolumne,109,53932,14872,872,15744,196
2022-07-29,Ventura,111,848112,199689,14048,213737,1553
2022-07-29,Yolo,113,214977,45805,3928,49733,382
2022-07-29,Yuba,115,75493,18009,1564,19573,129
2022-07-28,Alameda,001,1643700,330027,18331,348358,1951
2022-07-28,Alpine,002,1148,130,1,131,0
2022-07-28,Amador,005,37829,9640,844,10484,88
2022-07-28,Butte,007,227075,37671,8467,46138,453
2022-07-28,Calaveras,009,45235,8176,474,8650,132
2022-07-28,Colusa,011,21464,3679,1194,4873,22
2022-07-28,Contra Costa,013,1133247,239625,19248,258873,1408
2022-07-28,Del Norte,015,27424,7167,369,7536,53
2022-07-28,El Dorado,017,186661,31120,4012,35132,231
2022-07-28,Fresno,019,978130,266659,29314,295973,2826
2022-07-28,Glenn,021,27897,5382,1791,7173,56
2022-07-28,Humboldt,023,135768,20623,4397,25020,156
2022-07-28,Imperial,025,180216,62964,14076,77040,954
2022-07-28,Inyo,027,18085,4404,804,5208,58
2022-07-28,Kern,029,883053,211984,57095,269079,2387
2022-07-28,Kings,031,150075,56959,3875,60834,458
2022-07-28,Lake,033,64148,12160,1089,13249,143
2022-07-28,Lassen,035,31185,9571,960,10531,63
2022-07-28,Los Angeles,037,10098052,3146328,164300,3310628,32773
2022-07-28,Madera,039,155013,41909,7437,49346,372
2022-07-28,Marin,041,260295,34693,4830,39523,251
2022-07-28,Mariposa,043,17540,2958,310,3268,29
2022-07-28,Mendocino,045,87422,15291,4134,19425,134
2022-07-28,Merced,047,269075,70437,10803,81240,847
2022-07-28,Modoc,049,8938,848,310,1158,11
2022-07-28,Mono,051,14174,3166,222,3388,7
2022-07-28,Monterey,053,433212,90547,18913,109460,759
2022-07-28,Napa,055,140530,31037,1335,32372,155
2022-07-28,Nevada,057,99092,18264,1667,19931,135
2022-07-28,Orange,059,3164182,641383,57682,699065,7340
2022-07-28,Placer,061,380077,72931,9175,82106,652
2022-07-28,Plumas,063,18699,3502,426,3928,13
2022-07-28,Riverside,065,2383286,666879,32932,699811,6563
2022-07-28,Sacramento,067,1510023,331715,32713,364428,3229
2022-07-28,San Benito,069,59416,15399,839,16238,99
2022-07-28,San Bernardino,071,2135413,642963,28761,671724,7973
2022-07-28,San Diego,073,3302833,885996,67260,953256,5481
2022-07-28,San Francisco,075,870044,170445,11387,181832,979
2022-07-28,San Joaquin,077,732212,189367,13373,202740,2298
2022-07-28,San Luis Obispo,079,281455,60870,6462,67332,514
2022-07-28,San Mateo,081,765935,160830,9959,170789,739
2022-07-28,Santa Barbara,083,443738,100598,6151,106749,716
2022-07-28,Santa Clara,085,1922200,414076,17819,431895,2459
2022-07-28,Santa Cruz,087,273765,59665,3165,62830,269
2022-07-28,Shasta,089,179085,33671,6945,40616,584
2022-07-28,Sierra,091,2930,296,58,354,4
2022-07-28,Siskiyou,093,43540,4935,3172,8107,86
2022-07-28,Solano,095,438530,100647,7344,107991,455
2022-07-28,Sonoma,097,501317,102422,4892,107314,509
2022-07-28,Stanislaus,099,539301,131937,20320,152257,1742
2022-07-28,Sutter,101,95872,22984,2375,25359,229
2022-07-28,Tehama,103,63373,13166,2903,16069,214
2022-07-28,Trinity,105,12862,1346,344,1690,20
2022-07-28,Tulare,107,460477,117240,32888,150128,1522
2022-07-28,Tuolumne,109,53932,14853,870,15723,196
2022-07-28,Ventura,111,848112,199421,14008,213429,1553
2022-07-28,Yolo,113,214977,45756,3916,49672,381
2022-07-28,Yuba,115,75493,17995,1555,19550,129
2022-07-27,Alameda,001,1643700,329499,18285,347784,1951
2022-07-27,Alpine,002,1148,130,1,131,0
2022-07-27,Amador,005,37829,9632,843,10475,88
2022-07-27,Butte,007,227075,37627,8456,46083,453
2022-07-27,Calaveras,009,45235,8166,473,8639,132
2022-07-27,Colusa,011,21464,3671,1194,4865,22
2022-07-27,Contra Costa,013,1133247,239267,19199,258466,1406
2022-07-27,Del Norte,015,27424,7163,369,7532,53
2022-07-27,El Dorado,017,186661,31074,4003,35077,231
2022-07-27,Fresno,019,978130,266241,29233,295474,2826
2022-07-27,Glenn,021,27897,5378,1790,7168,56
2022-07-27,Humboldt,023,135768,20583,4389,24972,156
2022-07-27,Imperial,025,180216,62880,14022,76902,954
2022-07-27,Inyo,027,18085,4400,800,5200,58
2022-07-27,Kern,029,883053,211747,56881,268628,2386
2022-07-27,Kings,031,150075,56884,3867,60751,458
2022-07-27,Lake,033,64148,12144,1087,13231,143
2022-07-27,Lassen,035,31185,9566,959,10525,63
2022-07-27,Los Angeles,037,10098052,3141550,163786,3305336,32750
2022-07-27,Madera,039,155013,41822,7424,49246,372
2022-07-27,Marin,041,260295,34621,4822,39443,251
2022-07-27,Mariposa,043,17540,2953,310,3263,29
2022-07-27,Mendocino,045,87422,15262,4119,19381,134
2022-07-27,Merced,047,269075,70323,10773,81096,845
2022-07-27,Modoc,049,8938,846,310,1156,11
2022-07-27,Mono,051,14174,3164,220,3384,7
2022-07-27,Monterey,053,433212,90413,18841,109254,758
2022-07-27,Napa,055,140530,30992,1334,32326,155
2022-07-27,Nevada,057,99092,18245,1667,19912,135
2022-07-27,Orange,059,3164182,640376,57501,697877,7333
2022-07-27,Placer,061,380077,72850,9154,82004,652
2022-07-27,Plumas,063,18699,3496,426,3922,13
2022-07-27,Riverside,065,2383286,665867,32852,698719,6563
2022-07-27,Sacramento,067,1510023,331256,32659,363915,3227
2022-07-27,San Benito,069,59416,15379,837,16216,99
2022-07-27,San Bernardino,071,2135413,642085,28706,670791,7970
2022-07-27,San Diego,073,3302833,884557,67118,951675,5480
2022-07-27,San Francisco,075,870044,170198,11371,181569,977
2022-07-27,San Joaquin,077,732212,189077,13330,202407,2297
2022-07-27,San Luis Obispo,079,281455,60788,6428,67216,513
2022-07-27,San Mateo,081,765935,160581,9950,170531,739
2022-07-27,Santa Barbara,083,443738,100440,6113,106553,715
2022-07-27,Santa Clara,085,1922200,413393,17796,431189,2456
2022-07-27,Santa Cruz,087,273765,59570,3152,62722,269
2022-07-27,Shasta,089,179085,33637,6935,40572,584
2022-07-27,Sierra,091,2930,295,58,353,4
2022-07-27,Siskiyou,093,43540,4929,3169,8098,86
2022-07-27,Solano,095,438530,100483,7333,107816,455
2022-07-27,Sonoma,097,501317,102281,4878,107159,509
2022-07-27,Stanislaus,099,539301,131737,20278,152015,1742
2022-07-27,Sutter,101,95872,22948,2369,25317,229
2022-07-27,Tehama,103,63373,13152,2898,16050,214
2022-07-27,Trinity,105,12862,1345,343,1688,20
2022-07-27,Tulare,107,460477,117079,32815,149894,1522
2022-07-27,Tuolumne,109,53932,14823,867,15690,196
2022-07-27,Ventura,111,848112,199141,13943,213084,1550
2022-07-27,Yolo,113,214977,45710,3899,49609,380
2022-07-27,Yuba,115,75493,17971,1547,19518,129
2022-07-26,Alameda,001,1643700,328857,18246,347103,1948
2022-07-26,Alpine,002,1148,130,1,131,0
2022-07-26,Amador,005,37829,9623,839,10462,88
2022-07-26,Butte,007,227075,37567,8439,46006,453
2022-07-26,Calaveras,009,45235,8156,471,8627,131
2022-07-26,Colusa,011,21464,3670,1194,4864,22
2022-07-26,Contra Costa,013,1133247,238831,19143,257974,1403
2022-07-26,Del Norte,015,27424,7150,369,7519,53
2022-07-26,El Dorado,017,186661,31030,3998,35028,229
2022-07-26,Fresno,019,978130,265697,29137,294834,2824
2022-07-26,Glenn,021,27897,5375,1786,7161,56
2022-07-26,Humboldt,023,135768,20551,4375,24926,156
2022-07-26,Imperial,025,180216,62760,13941,76701,953
2022-07-26,Inyo,027,18085,4397,798,5195,58
2022-07-26,Kern,029,883053,211421,56661,268082,2385
2022-07-26,Kings,031,150075,56770,3865,60635,458
2022-07-26,Lake,033,64148,12114,1085,13199,143
2022-07-26,Lassen,035,31185,9563,957,10520,63
2022-07-26,Los Angeles,037,10098052,3136516,163190,3299706,32730
2022-07-26,Madera,039,155013,41758,7398,49156,372
2022-07-26,Marin,041,260295,34555,4811,39366,251
2022-07-26,Mariposa,043,17540,2951,310,3261,29
2022-07-26,Mendocino,045,87422,15238,4108,19346,133
2022-07-26,Merced,047,269075,70231,10748,80979,844
2022-07-26,Modoc,049,8938,844,310,1154,11
2022-07-26,Mono,051,14174,3162,219,3381,7
2022-07-26,Monterey,053,433212,90274,18755,109029,758
2022-07-26,Napa,055,140530,30954,1328,32282,155
2022-07-26,Nevada,057,99092,18222,1664,19886,135
2022-07-26,Orange,059,3164182,639258,57272,696530,7329
2022-07-26,Placer,061,380077,72732,9134,81866,651
2022-07-26,Plumas,063,18699,3493,425,3918,13
2022-07-26,Riverside,065,2383286,664835,32773,697608,6561
2022-07-26,Sacramento,067,1510023,330723,32588,363311,3224
2022-07-26,San Benito,069,59416,15349,835,16184,99
2022-07-26,San Bernardino,071,2135413,641091,28637,669728,7966
2022-07-26,San Diego,073,3302833,882868,66926,949794,5480
2022-07-26,San Francisco,075,870044,169909,11356,181265,977
2022-07-26,San Joaquin,077,732212,188782,13270,202052,2297
2022-07-26,San Luis Obispo,079,281455,60709,6401,67110,512
2022-07-26,San Mateo,081,765935,160297,9939,170236,739
2022-07-26,Santa Barbara,083,443738,100261,6090,106351,715
2022-07-26,Santa Clara,085,1922200,412530,17758,430288,2454
2022-07-26,Santa Cruz,087,273765,59466,3135,62601,268
2022-07-26,Shasta,089,179085,33603,6920,40523,583
2022-07-26,Sierra,091,2930,294,58,352,4
2022-07-26,Siskiyou,093,43540,4924,3161,8085,86
2022-07-26,Solano,095,438530,100287,7317,107604,455
2022-07-26,Sonoma,097,501317,102132,4850,106982,509
2022-07-26,Stanislaus,099,539301,131524,20253,151777,1741
2022-07-26,Sutter,101,95872,22918,2368,25286,228
2022-07-26,Tehama,103,63373,13133,2893,16026,214
2022-07-26,Trinity,105,12862,1344,341,1685,20
2022-07-26,Tulare,107,460477,116928,32728,149656,1522
2022-07-26,Tuolumne,109,53932,14804,865,15669,196
2022-07-26,Ventura,111,848112,198830,13884,212714,1549
2022-07-26,Yolo,113,214977,45659,3888,49547,380
2022-07-26,Yuba,115,75493,17953,1546,19499,129
2022-07-25,Alameda,001,1643700,328132,18189,346321,1948
2022-07-25,Alpine,002,1148,130,1,131,0
2022-07-25,Amador,005,37829,9610,836,10446,87
2022-07-25,Butte,007,227075,37491,8424,45915,453
2022-07-25,Calaveras,009,45235,8145,470,8615,131
2022-07-25,Colusa,011,21464,3668,1191,4859,22
2022-07-25,Contra Costa,013,1133247,238347,19062,257409,1402
2022-07-25,Del Norte,015,27424,7142,368,7510,53
2022-07-25,El Dorado,017,186661,30991,3984,34975,229
2022-07-25,Fresno,019,978130,265102,29032,294134,2820
2022-07-25,Glenn,021,27897,5367,1783,7150,56
2022-07-25,Humboldt,023,135768,20518,4354,24872,156
2022-07-25,Imperial,025,180216,62641,13853,76494,952
2022-07-25,Inyo,027,18085,4395,792,5187,58
2022-07-25,Kern,029,883053,211124,56433,267557,2385
2022-07-25,Kings,031,150075,56634,3856,60490,458
2022-07-25,Lake,033,64148,12093,1083,13176,143
2022-07-25,Lassen,035,31185,9556,956,10512,63
2022-07-25,Los Angeles,037,10098052,3130660,162627,3293287,32711
2022-07-25,Madera,039,155013,41671,7372,49043,372
2022-07-25,Marin,041,260295,34481,4804,39285,251
2022-07-25,Mariposa,043,17540,2948,307,3255,29
2022-07-25,Mendocino,045,87422,15199,4095,19294,133
2022-07-25,Merced,047,269075,70118,10717,80835,843
2022-07-25,Modoc,049,8938,839,308,1147,11
2022-07-25,Mono,051,14174,3160,218,3378,7
2022-07-25,Monterey,053,433212,90118,18645,108763,758
2022-07-25,Napa,055,140530,30909,1327,32236,155
2022-07-25,Nevada,057,99092,18210,1657,19867,135
2022-07-25,Orange,059,3164182,637998,57064,695062,7327
2022-07-25,Placer,061,380077,72649,9128,81777,651
2022-07-25,Plumas,063,18699,3487,424,3911,13
2022-07-25,Riverside,065,2383286,663742,32695,696437,6561
2022-07-25,Sacramento,067,1510023,330188,32525,362713,3223
2022-07-25,San Benito,069,59416,15315,833,16148,99
2022-07-25,San Bernardino,071,2135413,639920,28580,668500,7964
2022-07-25,San Diego,073,3302833,881088,66733,947821,5474
2022-07-25,San Francisco,075,870044,169593,11341,180934,975
2022-07-25,San Joaquin,077,732212,188489,13194,201683,2295
2022-07-25,San Luis Obispo,079,281455,60604,6368,66972,511
2022-07-25,San Mateo,081,765935,159923,9918,169841,739
2022-07-25,Santa Barbara,083,443738,100066,6065,106131,715
2022-07-25,Santa Clara,085,1922200,411635,17672,429307,2450
2022-07-25,Santa Cruz,087,273765,59345,3122,62467,268
2022-07-25,Shasta,089,179085,33550,6912,40462,583
2022-07-25,Sierra,091,2930,293,58,351,4
2022-07-25,Siskiyou,093,43540,4921,3152,8073,86
2022-07-25,Solano,095,438530,100039,7301,107340,455
2022-07-25,Sonoma,097,501317,101973,4833,106806,509
2022-07-25,Stanislaus,099,539301,131325,20223,151548,1737
2022-07-25,Sutter,101,95872,22872,2367,25239,228
2022-07-25,Tehama,103,63373,13116,2885,16001,214
2022-07-25,Trinity,105,12862,1342,341,1683,20
2022-07-25,Tulare,107,460477,116718,32630,149348,1522
2022-07-25,Tuolumne,109,53932,14785,865,15650,196
2022-07-25,Ventura,111,848112,198522,13829,212351,1546
2022-07-25,Yolo,113,214977,45595,3872,49467,379
2022-07-25,Yuba,115,75493,17915,1545,19460,129
2022-07-24,Alameda,001,1643700,327328,18142,345470,1944
2022-07-24,Alpine,002,1148,130,1,131,0
2022-07-24,Amador,005,37829,9588,833,10421,87
2022-07-24,Butte,007,227075,37426,8396,45822,453
2022-07-24,Calaveras,009,45235,8128,468,8596,131
2022-07-24,Colusa,011,21464,3662,1191,4853,22
2022-07-24,Contra Costa,013,1133247,237814,18982,256796,1401
2022-07-24,Del Norte,015,27424,7123,364,7487,53
2022-07-24,El Dorado,017,186661,30945,3968,34913,229
2022-07-24,Fresno,019,978130,264448,28928,293376,2820
2022-07-24,Glenn,021,27897,5361,1781,7142,56
2022-07-24,Humboldt,023,135768,20485,4337,24822,156
2022-07-24,Imperial,025,180216,62480,13732,76212,952
2022-07-24,Inyo,027,18085,4391,781,5172,57
2022-07-24,Kern,029,883053,210749,56189,266938,2384
2022-07-24,Kings,031,150075,56510,3844,60354,458
2022-07-24,Lake,033,64148,12067,1080,13147,142
2022-07-24,Lassen,035,31185,9529,953,10482,63
2022-07-24,Los Angeles,037,10098052,3124165,161941,3286106,32689
2022-07-24,Madera,039,155013,41572,7341,48913,372
2022-07-24,Marin,041,260295,34411,4792,39203,251
2022-07-24,Mariposa,043,17540,2945,306,3251,29
2022-07-24,Mendocino,045,87422,15149,4063,19212,133
2022-07-24,Merced,047,269075,69959,10658,80617,843
2022-07-24,Modoc,049,8938,839,307,1146,11
2022-07-24,Mono,051,14174,3159,218,3377,7
2022-07-24,Monterey,053,433212,89940,18545,108485,758
2022-07-24,Napa,055,140530,30855,1326,32181,155
2022-07-24,Nevada,057,99092,18191,1648,19839,135
2022-07-24,Orange,059,3164182,636630,56811,693441,7320
2022-07-24,Placer,061,380077,72524,9115,81639,649
2022-07-24,Plumas,063,18699,3486,424,3910,13
2022-07-24,Riverside,065,2383286,662440,32582,695022,6560
2022-07-24,Sacramento,067,1510023,329503,32454,361957,3220
2022-07-24,San Benito,069,59416,15291,832,16123,98
2022-07-24,San Bernardino,071,2135413,638531,28501,667032,7958
2022-07-24,San Diego,073,3302833,879015,66540,945555,5468
2022-07-24,San Francisco,075,870044,169138,11311,180449,973
2022-07-24,San Joaquin,077,732212,188128,13117,201245,2294
2022-07-24,San Luis Obispo,079,281455,60457,6336,66793,511
2022-07-24,San Mateo,081,765935,159580,9897,169477,739
2022-07-24,Santa Barbara,083,443738,99839,6026,105865,714
2022-07-24,Santa Clara,085,1922200,410671,17632,428303,2448
2022-07-24,Santa Cruz,087,273765,59173,3101,62274,268
2022-07-24,Shasta,089,179085,33485,6897,40382,582
2022-07-24,Sierra,091,2930,293,58,351,4
2022-07-24,Siskiyou,093,43540,4917,3137,8054,86
2022-07-24,Solano,095,438530,99822,7286,107108,455
2022-07-24,Sonoma,097,501317,101770,4812,106582,507
2022-07-24,Stanislaus,099,539301,131032,20186,151218,1736
2022-07-24,Sutter,101,95872,22821,2364,25185,228
2022-07-24,Tehama,103,63373,13103,2875,15978,212
2022-07-24,Trinity,105,12862,1341,339,1680,20
2022-07-24,Tulare,107,460477,116531,32527,149058,1521
2022-07-24,Tuolumne,109,53932,14751,864,15615,196
2022-07-24,Ventura,111,848112,198114,13727,211841,1546
2022-07-24,Yolo,113,214977,45519,3860,49379,379
2022-07-24,Yuba,115,75493,17888,1543,19431,129
2022-07-23,Alameda,001,1643700,326915,18126,345041,1944
2022-07-23,Alpine,002,1148,130,1,131,0
2022-07-23,Amador,005,37829,9578,833,10411,87
2022-07-23,Butte,007,227075,37379,8388,45767,452
2022-07-23,Calaveras,009,45235,8117,468,8585,131
2022-07-23,Colusa,011,21464,3657,1191,4848,22
2022-07-23,Contra Costa,013,1133247,237515,18952,256467,1400
2022-07-23,Del Norte,015,27424,7120,363,7483,53
2022-07-23,El Dorado,017,186661,30927,3966,34893,229
2022-07-23,Fresno,019,978130,264222,28866,293088,2818
2022-07-23,Glenn,021,27897,5359,1779,7138,56
2022-07-23,Humboldt,023,135768,20458,4324,24782,156
2022-07-23,Imperial,025,180216,62417,13710,76127,952
2022-07-23,Inyo,027,18085,4389,780,5169,57
2022-07-23,Kern,029,883053,210576,56045,266621,2384
2022-07-23,Kings,031,150075,56467,3841,60308,458
2022-07-23,Lake,033,64148,12056,1079,13135,142
2022-07-23,Lassen,035,31185,9527,953,10480,63
2022-07-23,Los Angeles,037,10098052,3121318,161486,3282804,32672
2022-07-23,Madera,039,155013,41510,7335,48845,372
2022-07-23,Marin,041,260295,34336,4782,39118,251
2022-07-23,Mariposa,043,17540,2942,306,3248,29
2022-07-23,Mendocino,045,87422,15129,4056,19185,133
2022-07-23,Merced,047,269075,69889,10643,80532,842
2022-07-23,Modoc,049,8938,839,307,1146,11
2022-07-23,Mono,051,14174,3158,218,3376,7
2022-07-23,Monterey,053,433212,89852,18524,108376,758
2022-07-23,Napa,055,140530,30822,1325,32147,155
2022-07-23,Nevada,057,99092,18179,1646,19825,135
2022-07-23,Orange,059,3164182,635922,56609,692531,7318
2022-07-23,Placer,061,380077,72453,9105,81558,649
2022-07-23,Plumas,063,18699,3485,424,3909,13
2022-07-23,Riverside,065,2383286,661733,32542,694275,6555
2022-07-23,Sacramento,067,1510023,329228,32435,361663,3216
2022-07-23,San Benito,069,59416,15283,823,16106,98
2022-07-23,San Bernardino,071,2135413,637901,28458,666359,7954
2022-07-23,San Diego,073,3302833,878190,66480,944670,5464
2022-07-23,San Francisco,075,870044,168946,11295,180241,972
2022-07-23,San Joaquin,077,732212,187972,13094,201066,2294
2022-07-23,San Luis Obispo,079,281455,60428,6325,66753,511
2022-07-23,San Mateo,081,765935,159400,9884,169284,739
2022-07-23,Santa Barbara,083,443738,99740,5995,105735,713
2022-07-23,Santa Clara,085,1922200,410057,17607,427664,2446
2022-07-23,Santa Cruz,087,273765,59122,3089,62211,268
2022-07-23,Shasta,089,179085,33446,6891,40337,582
2022-07-23,Sierra,091,2930,293,58,351,4
2022-07-23,Siskiyou,093,43540,4915,3135,8050,86
2022-07-23,Solano,095,438530,99754,7280,107034,455
2022-07-23,Sonoma,097,501317,101682,4802,106484,507
2022-07-23,Stanislaus,099,539301,130901,20150,151051,1735
2022-07-23,Sutter,101,95872,22800,2364,25164,228
2022-07-23,Tehama,103,63373,13089,2872,15961,212
2022-07-23,Trinity,105,12862,1341,338,1679,20
2022-07-23,Tulare,107,460477,116414,32458,148872,1521
2022-07-23,Tuolumne,109,53932,14728,864,15592,195
2022-07-23,Ventura,111,848112,197929,13692,211621,1546
2022-07-23,Yolo,113,214977,45483,3852,49335,379
2022-07-23,Yuba,115,75493,17875,1539,19414,129
2022-07-22,Alameda,001,1643700,326499,18097,344596,1942
2022-07-22,Alpine,002,1148,130,1,131,0
2022-07-22,Amador,005,37829,9572,832,10404,87
2022-07-22,Butte,007,227075,37344,8372,45716,452
2022-07-22,Calaveras,009,45235,8108,468,8576,131
2022-07-22,Colusa,011,21464,3656,1187,4843,22
2022-07-22,Contra Costa,013,1133247,237221,18915,256136,1400
2022-07-22,Del Norte,015,27424,7113,363,7476,53
2022-07-22,El Dorado,017,186661,30898,3961,34859,228
2022-07-22,Fresno,019,978130,263938,28813,292751,2817
2022-07-22,Glenn,021,27897,5355,1778,7133,56
2022-07-22,Humboldt,023,135768,20434,4314,24748,155
2022-07-22,Imperial,025,180216,62326,13678,76004,951
2022-07-22,Inyo,027,18085,4389,773,5162,57
2022-07-22,Kern,029,883053,210367,55896,266263,2383
2022-07-22,Kings,031,150075,56431,3840,60271,458
2022-07-22,Lake,033,64148,12042,1077,13119,142
2022-07-22,Lassen,035,31185,9527,953,10480,63
2022-07-22,Los Angeles,037,10098052,3117781,161037,3278818,32658
2022-07-22,Madera,039,155013,41467,7324,48791,372
2022-07-22,Marin,041,260295,34281,4774,39055,250
2022-07-22,Mariposa,043,17540,2940,306,3246,29
2022-07-22,Mendocino,045,87422,15105,4048,19153,133
2022-07-22,Merced,047,269075,69819,10631,80450,842
2022-07-22,Modoc,049,8938,839,307,1146,11
2022-07-22,Mono,051,14174,3157,217,3374,7
2022-07-22,Monterey,053,433212,89762,18490,108252,758
2022-07-22,Napa,055,140530,30790,1325,32115,154
2022-07-22,Nevada,057,99092,18167,1639,19806,135
2022-07-22,Orange,059,3164182,635143,56451,691594,7313
2022-07-22,Placer,061,380077,72407,9097,81504,649
2022-07-22,Plumas,063,18699,3484,424,3908,13
2022-07-22,Riverside,065,2383286,660989,32478,693467,6552
2022-07-22,Sacramento,067,1510023,328871,32410,361281,3216
2022-07-22,San Benito,069,59416,15273,823,16096,98
2022-07-22,San Bernardino,071,2135413,637275,28413,665688,7953
2022-07-22,San Diego,073,3302833,877109,66341,943450,5463
2022-07-22,San Francisco,075,870044,168752,11266,180018,971
2022-07-22,San Joaquin,077,732212,187811,13062,200873,2294
2022-07-22,San Luis Obispo,079,281455,60373,6313,66686,511
2022-07-22,San Mateo,081,765935,159168,9872,169040,739
2022-07-22,Santa Barbara,083,443738,99638,5989,105627,713
2022-07-22,Santa Clara,085,1922200,409404,17581,426985,2446
2022-07-22,Santa Cruz,087,273765,59016,3081,62097,268
2022-07-22,Shasta,089,179085,33415,6886,40301,582
2022-07-22,Sierra,091,2930,293,58,351,4
2022-07-22,Siskiyou,093,43540,4912,3132,8044,86
2022-07-22,Solano,095,438530,99616,7266,106882,455
2022-07-22,Sonoma,097,501317,101575,4785,106360,507
2022-07-22,Stanislaus,099,539301,130771,20125,150896,1734
2022-07-22,Sutter,101,95872,22776,2363,25139,228
2022-07-22,Tehama,103,63373,13080,2870,15950,212
2022-07-22,Trinity,105,12862,1339,337,1676,20
2022-07-22,Tulare,107,460477,116300,32401,148701,1521
2022-07-22,Tuolumne,109,53932,14704,860,15564,195
2022-07-22,Ventura,111,848112,197742,13658,211400,1545
2022-07-22,Yolo,113,214977,45429,3835,49264,379
2022-07-22,Yuba,115,75493,17861,1537,19398,129
2022-07-21,Alameda,001,1643700,325817,18049,343866,1941
2022-07-21,Alpine,002,1148,130,1,131,0
2022-07-21,Amador,005,37829,9565,830,10395,87
2022-07-21,Butte,007,227075,37304,8352,45656,452
2022-07-21,Calaveras,009,45235,8093,466,8559,130
2022-07-21,Colusa,011,21464,3652,1185,4837,22
2022-07-21,Contra Costa,013,1133247,236838,18857,255695,1399
2022-07-21,Del Norte,015,27424,7103,363,7466,53
2022-07-21,El Dorado,017,186661,30847,3958,34805,228
2022-07-21,Fresno,019,978130,263463,28726,292189,2817
2022-07-21,Glenn,021,27897,5349,1778,7127,56
2022-07-21,Humboldt,023,135768,20403,4291,24694,155
2022-07-21,Imperial,025,180216,62213,13582,75795,951
2022-07-21,Inyo,027,18085,4385,766,5151,57
2022-07-21,Kern,029,883053,210091,55713,265804,2383
2022-07-21,Kings,031,150075,56358,3827,60185,457
2022-07-21,Lake,033,64148,12029,1074,13103,142
2022-07-21,Lassen,035,31185,9524,953,10477,63
2022-07-21,Los Angeles,037,10098052,3112159,160426,3272585,32637
2022-07-21,Madera,039,155013,41389,7302,48691,372
2022-07-21,Marin,041,260295,34216,4770,38986,250
2022-07-21,Mariposa,043,17540,2936,305,3241,29
2022-07-21,Mendocino,045,87422,15079,4042,19121,133
2022-07-21,Merced,047,269075,69714,10606,80320,842
2022-07-21,Modoc,049,8938,837,307,1144,11
2022-07-21,Mono,051,14174,3153,216,3369,7
2022-07-21,Monterey,053,433212,89638,18416,108054,758
2022-07-21,Napa,055,140530,30745,1325,32070,154
2022-07-21,Nevada,057,99092,18148,1633,19781,135
2022-07-21,Orange,059,3164182,634007,56219,690226,7308
2022-07-21,Placer,061,380077,72300,9074,81374,649
2022-07-21,Plumas,063,18699,3483,424,3907,13
2022-07-21,Riverside,065,2383286,659926,32404,692330,6550
2022-07-21,Sacramento,067,1510023,328358,32367,360725,3214
2022-07-21,San Benito,069,59416,15231,820,16051,98
2022-07-21,San Bernardino,071,2135413,636249,28348,664597,7951
2022-07-21,San Diego,073,3302833,875430,66146,941576,5461
2022-07-21,San Francisco,075,870044,168396,11214,179610,970
2022-07-21,San Joaquin,077,732212,187556,13014,200570,2293
2022-07-21,San Luis Obispo,079,281455,60316,6283,66599,511
2022-07-21,San Mateo,081,765935,158865,9857,168722,738
2022-07-21,Santa Barbara,083,443738,99477,5969,105446,713
2022-07-21,Santa Clara,085,1922200,408600,17543,426143,2442
2022-07-21,Santa Cruz,087,273765,58898,3066,61964,268
2022-07-21,Shasta,089,179085,33366,6872,40238,582
2022-07-21,Sierra,091,2930,293,58,351,4
2022-07-21,Siskiyou,093,43540,4906,3126,8032,86
2022-07-21,Solano,095,438530,99467,7258,106725,455
2022-07-21,Sonoma,097,501317,101431,4771,106202,507
2022-07-21,Stanislaus,099,539301,130581,20101,150682,1733
2022-07-21,Sutter,101,95872,22749,2361,25110,228
2022-07-21,Tehama,103,63373,13063,2859,15922,212
2022-07-21,Trinity,105,12862,1335,337,1672,20
2022-07-21,Tulare,107,460477,116140,32328,148468,1521
2022-07-21,Tuolumne,109,53932,14671,857,15528,195
2022-07-21,Ventura,111,848112,197416,13568,210984,1545
2022-07-21,Yolo,113,214977,45367,3822,49189,377
2022-07-21,Yuba,115,75493,17832,1534,19366,129
2022-07-20,Alameda,001,1643700,325136,18006,343142,1941
2022-07-20,Alpine,002,1148,130,1,131,0
2022-07-20,Amador,005,37829,9547,828,10375,87
2022-07-20,Butte,007,227075,37255,8332,45587,452
2022-07-20,Calaveras,009,45235,8084,465,8549,129
2022-07-20,Colusa,011,21464,3648,1183,4831,22
2022-07-20,Contra Costa,013,1133247,236438,18808,255246,1398
2022-07-20,Del Norte,015,27424,7094,363,7457,53
2022-07-20,El Dorado,017,186661,30816,3948,34764,228
2022-07-20,Fresno,019,978130,262944,28649,291593,2817
2022-07-20,Glenn,021,27897,5345,1775,7120,56
2022-07-20,Humboldt,023,135768,20364,4273,24637,155
2022-07-20,Imperial,025,180216,62068,13488,75556,951
2022-07-20,Inyo,027,18085,4383,761,5144,57
2022-07-20,Kern,029,883053,209791,55524,265315,2383
2022-07-20,Kings,031,150075,56273,3816,60089,457
2022-07-20,Lake,033,64148,12008,1069,13077,142
2022-07-20,Lassen,035,31185,9515,953,10468,63
2022-07-20,Los Angeles,037,10098052,3106548,159803,3266351,32622
2022-07-20,Madera,039,155013,41317,7282,48599,371
2022-07-20,Marin,041,260295,34136,4763,38899,249
2022-07-20,Mariposa,043,17540,2921,303,3224,29
2022-07-20,Mendocino,045,87422,15064,4030,19094,133
2022-07-20,Merced,047,269075,69614,10582,80196,842
2022-07-20,Modoc,049,8938,836,306,1142,11
2022-07-20,Mono,051,14174,3150,213,3363,7
2022-07-20,Monterey,053,433212,89500,18335,107835,758
2022-07-20,Napa,055,140530,30707,1322,32029,154
2022-07-20,Nevada,057,99092,18122,1627,19749,135
2022-07-20,Orange,059,3164182,632726,55976,688702,7302
2022-07-20,Placer,061,380077,72218,9056,81274,649
2022-07-20,Plumas,063,18699,3477,423,3900,13
2022-07-20,Riverside,065,2383286,658825,32305,691130,6549
2022-07-20,Sacramento,067,1510023,327809,32313,360122,3212
2022-07-20,San Benito,069,59416,15199,817,16016,98
2022-07-20,San Bernardino,071,2135413,635203,28284,663487,7946
2022-07-20,San Diego,073,3302833,873603,65962,939565,5460
2022-07-20,San Francisco,075,870044,168067,11196,179263,967
2022-07-20,San Joaquin,077,732212,187268,12957,200225,2293
2022-07-20,San Luis Obispo,079,281455,60246,6254,66500,511
2022-07-20,San Mateo,081,765935,158566,9837,168403,738
2022-07-20,Santa Barbara,083,443738,99297,5942,105239,713
2022-07-20,Santa Clara,085,1922200,407794,17505,425299,2440
2022-07-20,Santa Cruz,087,273765,58785,3053,61838,268
2022-07-20,Shasta,089,179085,33325,6865,40190,582
2022-07-20,Sierra,091,2930,293,58,351,4
2022-07-20,Siskiyou,093,43540,4894,3120,8014,86
2022-07-20,Solano,095,438530,99297,7236,106533,455
2022-07-20,Sonoma,097,501317,101243,4758,106001,507
2022-07-20,Stanislaus,099,539301,130414,20057,150471,1732
2022-07-20,Sutter,101,95872,22714,2358,25072,228
2022-07-20,Tehama,103,63373,13047,2855,15902,212
2022-07-20,Trinity,105,12862,1335,336,1671,20
2022-07-20,Tulare,107,460477,115954,32217,148171,1521
2022-07-20,Tuolumne,109,53932,14645,856,15501,195
2022-07-20,Ventura,111,848112,197097,13495,210592,1544
2022-07-20,Yolo,113,214977,45311,3811,49122,376
2022-07-20,Yuba,115,75493,17808,1533,19341,129
2022-07-19,Alameda,001,1643700,324461,17982,342443,1939
2022-07-19,Alpine,002,1148,130,1,131,0
2022-07-19,Amador,005,37829,9535,824,10359,87
2022-07-19,Butte,007,227075,37202,8318,45520,452
2022-07-19,Calaveras,009,45235,8074,465,8539,129
2022-07-19,Colusa,011,21464,3645,1179,4824,22
2022-07-19,Contra Costa,013,1133247,235986,18751,254737,1398
2022-07-19,Del Norte,015,27424,7086,362,7448,53
2022-07-19,El Dorado,017,186661,30773,3939,34712,228
2022-07-19,Fresno,019,978130,262335,28552,290887,2817
2022-07-19,Glenn,021,27897,5338,1774,7112,56
2022-07-19,Humboldt,023,135768,20329,4259,24588,154
2022-07-19,Imperial,025,180216,61934,13398,75332,951
2022-07-19,Inyo,027,18085,4381,759,5140,57
2022-07-19,Kern,029,883053,209511,55331,264842,2383
2022-07-19,Kings,031,150075,56170,3797,59967,457
2022-07-19,Lake,033,64148,11987,1061,13048,142
2022-07-19,Lassen,035,31185,9507,953,10460,63
2022-07-19,Los Angeles,037,10098052,3100371,159096,3259467,32606
2022-07-19,Madera,039,155013,41238,7259,48497,371
2022-07-19,Marin,041,260295,34073,4750,38823,249
2022-07-19,Mariposa,043,17540,2916,302,3218,29
2022-07-19,Mendocino,045,87422,15032,4019,19051,133
2022-07-19,Merced,047,269075,69509,10550,80059,841
2022-07-19,Modoc,049,8938,835,306,1141,11
2022-07-19,Mono,051,14174,3146,213,3359,7
2022-07-19,Monterey,053,433212,89349,18255,107604,758
2022-07-19,Napa,055,140530,30651,1318,31969,152
2022-07-19,Nevada,057,99092,18108,1620,19728,134
2022-07-19,Orange,059,3164182,631425,55726,687151,7294
2022-07-19,Placer,061,380077,72130,9039,81169,646
2022-07-19,Plumas,063,18699,3471,421,3892,13
2022-07-19,Riverside,065,2383286,657513,32210,689723,6547
2022-07-19,Sacramento,067,1510023,327177,32271,359448,3208
2022-07-19,San Benito,069,59416,15155,815,15970,98
2022-07-19,San Bernardino,071,2135413,634082,28211,662293,7939
2022-07-19,San Diego,073,3302833,871513,65716,937229,5457
2022-07-19,San Francisco,075,870044,167716,11177,178893,966
2022-07-19,San Joaquin,077,732212,186985,12895,199880,2292
2022-07-19,San Luis Obispo,079,281455,60162,6216,66378,507
2022-07-19,San Mateo,081,765935,158268,9814,168082,738
2022-07-19,Santa Barbara,083,443738,99086,5920,105006,713
2022-07-19,Santa Clara,085,1922200,406843,17453,424296,2438
2022-07-19,Santa Cruz,087,273765,58662,3038,61700,268
2022-07-19,Shasta,089,179085,33293,6851,40144,581
2022-07-19,Sierra,091,2930,293,58,351,4
2022-07-19,Siskiyou,093,43540,4889,3113,8002,86
2022-07-19,Solano,095,438530,99071,7209,106280,455
2022-07-19,Sonoma,097,501317,101086,4730,105816,507
2022-07-19,Stanislaus,099,539301,130171,20024,150195,1730
2022-07-19,Sutter,101,95872,22684,2355,25039,228
2022-07-19,Tehama,103,63373,13033,2848,15881,212
2022-07-19,Trinity,105,12862,1332,335,1667,20
2022-07-19,Tulare,107,460477,115767,32110,147877,1520
2022-07-19,Tuolumne,109,53932,14621,847,15468,195
2022-07-19,Ventura,111,848112,196752,13417,210169,1542
2022-07-19,Yolo,113,214977,45251,3801,49052,376
2022-07-19,Yuba,115,75493,17775,1532,19307,129
2022-07-18,Alameda,001,1643700,323720,17950,341670,1937
2022-07-18,Alpine,002,1148,130,1,131,0
2022-07-18,Amador,005,37829,9520,824,10344,87
2022-07-18,Butte,007,227075,37132,8305,45437,452
2022-07-18,Calaveras,009,45235,8063,462,8525,129
2022-07-18,Colusa,011,21464,3642,1173,4815,22
2022-07-18,Contra Costa,013,1133247,235520,18681,254201,1395
2022-07-18,Del Norte,015,27424,7075,360,7435,53
2022-07-18,El Dorado,017,186661,30721,3930,34651,228
2022-07-18,Fresno,019,978130,261743,28470,290213,2814
2022-07-18,Glenn,021,27897,5336,1774,7110,56
2022-07-18,Humboldt,023,135768,20288,4239,24527,154
2022-07-18,Imperial,025,180216,61769,13301,75070,951
2022-07-18,Inyo,027,18085,4377,758,5135,57
2022-07-18,Kern,029,883053,209194,55078,264272,2382
2022-07-18,Kings,031,150075,56063,3789,59852,457
2022-07-18,Lake,033,64148,11965,1055,13020,142
2022-07-18,Lassen,035,31185,9503,952,10455,63
2022-07-18,Los Angeles,037,10098052,3093528,158430,3251958,32590
2022-07-18,Madera,039,155013,41132,7231,48363,371
2022-07-18,Marin,041,260295,33992,4740,38732,249
2022-07-18,Mariposa,043,17540,2908,301,3209,29
2022-07-18,Mendocino,045,87422,15003,4008,19011,133
2022-07-18,Merced,047,269075,69387,10524,79911,841
2022-07-18,Modoc,049,8938,834,306,1140,10
2022-07-18,Mono,051,14174,3145,213,3358,7
2022-07-18,Monterey,053,433212,89185,18177,107362,757
2022-07-18,Napa,055,140530,30611,1315,31926,152
2022-07-18,Nevada,057,99092,18094,1608,19702,134
2022-07-18,Orange,059,3164182,629932,55460,685392,7290
2022-07-18,Placer,061,380077,72043,9023,81066,646
2022-07-18,Plumas,063,18699,3462,420,3882,13
2022-07-18,Riverside,065,2383286,656225,32100,688325,6545
2022-07-18,Sacramento,067,1510023,326555,32213,358768,3205
2022-07-18,San Benito,069,59416,15114,810,15924,98
2022-07-18,San Bernardino,071,2135413,632819,28139,660958,7934
2022-07-18,San Diego,073,3302833,869195,65446,934641,5455
2022-07-18,San Francisco,075,870044,167296,11152,178448,966
2022-07-18,San Joaquin,077,732212,186651,12836,199487,2290
2022-07-18,San Luis Obispo,079,281455,60065,6191,66256,507
2022-07-18,San Mateo,081,765935,157893,9794,167687,738
2022-07-18,Santa Barbara,083,443738,98888,5899,104787,711
2022-07-18,Santa Clara,085,1922200,405863,17401,423264,2434
2022-07-18,Santa Cruz,087,273765,58513,3026,61539,268
2022-07-18,Shasta,089,179085,33244,6835,40079,581
2022-07-18,Sierra,091,2930,293,58,351,4
2022-07-18,Siskiyou,093,43540,4885,3106,7991,86
2022-07-18,Solano,095,438530,98836,7188,106024,455
2022-07-18,Sonoma,097,501317,100907,4712,105619,507
2022-07-18,Stanislaus,099,539301,129948,19985,149933,1729
2022-07-18,Sutter,101,95872,22650,2355,25005,228
2022-07-18,Tehama,103,63373,13012,2848,15860,212
2022-07-18,Trinity,105,12862,1330,334,1664,20
2022-07-18,Tulare,107,460477,115573,32022,147595,1520
2022-07-18,Tuolumne,109,53932,14585,845,15430,195
2022-07-18,Ventura,111,848112,196369,13344,209713,1541
2022-07-18,Yolo,113,214977,45181,3790,48971,376
2022-07-18,Yuba,115,75493,17740,1523,19263,129
2022-07-17,Alameda,001,1643700,322816,17893,340709,1935
2022-07-17,Alpine,002,1148,130,1,131,0
2022-07-17,Amador,005,37829,9511,820,10331,87
2022-07-17,Butte,007,227075,37071,8283,45354,452
2022-07-17,Calaveras,009,45235,8047,452,8499,129
2022-07-17,Colusa,011,21464,3636,1167,4803,22
2022-07-17,Contra Costa,013,1133247,234957,18607,253564,1394
2022-07-17,Del Norte,015,27424,7048,358,7406,53
2022-07-17,El Dorado,017,186661,30673,3916,34589,228
2022-07-17,Fresno,019,978130,261043,28360,289403,2813
2022-07-17,Glenn,021,27897,5330,1772,7102,56
2022-07-17,Humboldt,023,135768,20232,4222,24454,154
2022-07-17,Imperial,025,180216,61574,13155,74729,951
2022-07-17,Inyo,027,18085,4367,754,5121,57
2022-07-17,Kern,029,883053,208692,54848,263540,2381
2022-07-17,Kings,031,150075,55925,3766,59691,456
2022-07-17,Lake,033,64148,11933,1051,12984,142
2022-07-17,Lassen,035,31185,9477,948,10425,63
2022-07-17,Los Angeles,037,10098052,3086207,157634,3243841,32575
2022-07-17,Madera,039,155013,41022,7186,48208,371
2022-07-17,Marin,041,260295,33894,4733,38627,249
2022-07-17,Mariposa,043,17540,2901,301,3202,29
2022-07-17,Mendocino,045,87422,14963,3990,18953,133
2022-07-17,Merced,047,269075,69251,10484,79735,841
2022-07-17,Modoc,049,8938,831,306,1137,10
2022-07-17,Mono,051,14174,3143,209,3352,7
2022-07-17,Monterey,053,433212,88992,18107,107099,757
2022-07-17,Napa,055,140530,30552,1314,31866,150
2022-07-17,Nevada,057,99092,18067,1600,19667,134
2022-07-17,Orange,059,3164182,628336,55179,683515,7287
2022-07-17,Placer,061,380077,71954,9004,80958,646
2022-07-17,Plumas,063,18699,3447,420,3867,13
2022-07-17,Riverside,065,2383286,654760,31984,686744,6544
2022-07-17,Sacramento,067,1510023,325887,32154,358041,3203
2022-07-17,San Benito,069,59416,15088,804,15892,97
2022-07-17,San Bernardino,071,2135413,631383,28030,659413,7933
2022-07-17,San Diego,073,3302833,866820,65243,932063,5449
2022-07-17,San Francisco,075,870044,166832,11108,177940,965
2022-07-17,San Joaquin,077,732212,186274,12756,199030,2290
2022-07-17,San Luis Obispo,079,281455,59947,6152,66099,507
2022-07-17,San Mateo,081,765935,157521,9773,167294,738
2022-07-17,Santa Barbara,083,443738,98619,5872,104491,711
2022-07-17,Santa Clara,085,1922200,404801,17346,422147,2430
2022-07-17,Santa Cruz,087,273765,58316,3008,61324,268
2022-07-17,Shasta,089,179085,33191,6809,40000,581
2022-07-17,Sierra,091,2930,293,58,351,4
2022-07-17,Siskiyou,093,43540,4879,3092,7971,86
2022-07-17,Solano,095,438530,98634,7163,105797,455
2022-07-17,Sonoma,097,501317,100713,4694,105407,507
2022-07-17,Stanislaus,099,539301,129681,19948,149629,1728
2022-07-17,Sutter,101,95872,22597,2352,24949,228
2022-07-17,Tehama,103,63373,12988,2840,15828,211
2022-07-17,Trinity,105,12862,1327,332,1659,20
2022-07-17,Tulare,107,460477,115349,31929,147278,1520
2022-07-17,Tuolumne,109,53932,14552,837,15389,195
2022-07-17,Ventura,111,848112,195911,13227,209138,1541
2022-07-17,Yolo,113,214977,45105,3773,48878,376
2022-07-17,Yuba,115,75493,17700,1513,19213,129
2022-07-16,Alameda,001,1643700,322398,17875,340273,1934
2022-07-16,Alpine,002,1148,130,1,131,0
2022-07-16,Amador,005,37829,9503,820,10323,87
2022-07-16,Butte,007,227075,37050,8268,45318,452
2022-07-16,Calaveras,009,45235,8042,446,8488,129
2022-07-16,Colusa,011,21464,3632,1163,4795,22
2022-07-16,Contra Costa,013,1133247,234648,18555,253203,1394
2022-07-16,Del Norte,015,27424,7037,358,7395,53
2022-07-16,El Dorado,017,186661,30652,3914,34566,228
2022-07-16,Fresno,019,978130,260753,28314,289067,2813
2022-07-16,Glenn,021,27897,5325,1769,7094,56
2022-07-16,Humboldt,023,135768,20201,4210,24411,154
2022-07-16,Imperial,025,180216,61489,13111,74600,951
2022-07-16,Inyo,027,18085,4366,753,5119,57
2022-07-16,Kern,029,883053,208517,54681,263198,2380
2022-07-16,Kings,031,150075,55885,3762,59647,456
2022-07-16,Lake,033,64148,11917,1051,12968,142
2022-07-16,Lassen,035,31185,9475,947,10422,63
2022-07-16,Los Angeles,037,10098052,3082731,157156,3239887,32545
2022-07-16,Madera,039,155013,40979,7173,48152,371
2022-07-16,Marin,041,260295,33858,4726,38584,249
2022-07-16,Mariposa,043,17540,2899,301,3200,29
2022-07-16,Mendocino,045,87422,14955,3987,18942,133
2022-07-16,Merced,047,269075,69162,10473,79635,841
2022-07-16,Modoc,049,8938,831,306,1137,10
2022-07-16,Mono,051,14174,3142,208,3350,7
2022-07-16,Monterey,053,433212,88898,18065,106963,756
2022-07-16,Napa,055,140530,30523,1312,31835,150
2022-07-16,Nevada,057,99092,18053,1593,19646,134
2022-07-16,Orange,059,3164182,627597,55021,682618,7283
2022-07-16,Placer,061,380077,71869,8988,80857,646
2022-07-16,Plumas,063,18699,3443,419,3862,13
2022-07-16,Riverside,065,2383286,653970,31933,685903,6542
2022-07-16,Sacramento,067,1510023,325614,32138,357752,3202
2022-07-16,San Benito,069,59416,15071,800,15871,97
2022-07-16,San Bernardino,071,2135413,630637,27968,658605,7931
2022-07-16,San Diego,073,3302833,865908,65159,931067,5447
2022-07-16,San Francisco,075,870044,166648,11092,177740,962
2022-07-16,San Joaquin,077,732212,186115,12726,198841,2290
2022-07-16,San Luis Obispo,079,281455,59919,6132,66051,507
2022-07-16,San Mateo,081,765935,157279,9763,167042,738
2022-07-16,Santa Barbara,083,443738,98503,5852,104355,711
2022-07-16,Santa Clara,085,1922200,404131,17320,421451,2430
2022-07-16,Santa Cruz,087,273765,58244,3003,61247,268
2022-07-16,Shasta,089,179085,33171,6805,39976,581
2022-07-16,Sierra,091,2930,293,58,351,4
2022-07-16,Siskiyou,093,43540,4878,3087,7965,86
2022-07-16,Solano,095,438530,98559,7146,105705,455
2022-07-16,Sonoma,097,501317,100625,4683,105308,507
2022-07-16,Stanislaus,099,539301,129550,19914,149464,1727
2022-07-16,Sutter,101,95872,22574,2351,24925,228
2022-07-16,Tehama,103,63373,12979,2835,15814,211
2022-07-16,Trinity,105,12862,1325,332,1657,20
2022-07-16,Tulare,107,460477,115241,31869,147110,1520
2022-07-16,Tuolumne,109,53932,14528,837,15365,195
2022-07-16,Ventura,111,848112,195685,13187,208872,1540
2022-07-16,Yolo,113,214977,45059,3760,48819,376
2022-07-16,Yuba,115,75493,17676,1513,19189,129
2022-07-15,Alameda,001,1643700,321935,17840,339775,1932
2022-07-15,Alpine,002,1148,130,1,131,0
2022-07-15,Amador,005,37829,9500,819,10319,87
2022-07-15,Butte,007,227075,37011,8263,45274,452
2022-07-15,Calaveras,009,45235,8036,442,8478,129
2022-07-15,Colusa,011,21464,3630,1161,4791,22
2022-07-15,Contra Costa,013,1133247,234371,18504,252875,1393
2022-07-15,Del Norte,015,27424,7026,355,7381,53
2022-07-15,El Dorado,017,186661,30624,3911,34535,228
2022-07-15,Fresno,019,978130,260356,28250,288606,2809
2022-07-15,Glenn,021,27897,5322,1766,7088,56
2022-07-15,Humboldt,023,135768,20177,4198,24375,154
2022-07-15,Imperial,025,180216,61416,13070,74486,951
2022-07-15,Inyo,027,18085,4361,748,5109,57
2022-07-15,Kern,029,883053,208298,54510,262808,2379
2022-07-15,Kings,031,150075,55821,3755,59576,456
2022-07-15,Lake,033,64148,11905,1048,12953,142
2022-07-15,Lassen,035,31185,9473,945,10418,63
2022-07-15,Los Angeles,037,10098052,3078533,156638,3235171,32533
2022-07-15,Madera,039,155013,40916,7154,48070,371
2022-07-15,Marin,041,260295,33798,4715,38513,249
2022-07-15,Mariposa,043,17540,2896,300,3196,29
2022-07-15,Mendocino,045,87422,14931,3982,18913,133
2022-07-15,Merced,047,269075,69098,10461,79559,840
2022-07-15,Modoc,049,8938,830,306,1136,10
2022-07-15,Mono,051,14174,3140,207,3347,7
2022-07-15,Monterey,053,433212,88784,18038,106822,755
2022-07-15,Napa,055,140530,30488,1311,31799,150
2022-07-15,Nevada,057,99092,18041,1591,19632,134
2022-07-15,Orange,059,3164182,626754,54845,681599,7281
2022-07-15,Placer,061,380077,71796,8962,80758,646
2022-07-15,Plumas,063,18699,3436,417,3853,13
2022-07-15,Riverside,065,2383286,653144,31871,685015,6540
2022-07-15,Sacramento,067,1510023,325243,32109,357352,3199
2022-07-15,San Benito,069,59416,15056,800,15856,97
2022-07-15,San Bernardino,071,2135413,629887,27926,657813,7931
2022-07-15,San Diego,073,3302833,864634,64995,929629,5444
2022-07-15,San Francisco,075,870044,166395,11052,177447,961
2022-07-15,San Joaquin,077,732212,185936,12681,198617,2290
2022-07-15,San Luis Obispo,079,281455,59887,6120,66007,507
2022-07-15,San Mateo,081,765935,157041,9746,166787,738
2022-07-15,Santa Barbara,083,443738,98374,5845,104219,711
2022-07-15,Santa Clara,085,1922200,403447,17291,420738,2427
2022-07-15,Santa Cruz,087,273765,58154,2991,61145,268
2022-07-15,Shasta,089,179085,33148,6798,39946,580
2022-07-15,Sierra,091,2930,293,58,351,4
2022-07-15,Siskiyou,093,43540,4878,3085,7963,86
2022-07-15,Solano,095,438530,98410,7134,105544,455
2022-07-15,Sonoma,097,501317,100502,4676,105178,507
2022-07-15,Stanislaus,099,539301,129427,19893,149320,1727
2022-07-15,Sutter,101,95872,22547,2350,24897,228
2022-07-15,Tehama,103,63373,12972,2827,15799,210
2022-07-15,Trinity,105,12862,1321,332,1653,20
2022-07-15,Tulare,107,460477,115090,31784,146874,1520
2022-07-15,Tuolumne,109,53932,14485,834,15319,194
2022-07-15,Ventura,111,848112,195459,13148,208607,1540
2022-07-15,Yolo,113,214977,45013,3750,48763,375
2022-07-15,Yuba,115,75493,17650,1513,19163,129
2022-07-14,Alameda,001,1643700,321169,17779,338948,1932
2022-07-14,Alpine,002,1148,130,1,131,0
2022-07-14,Amador,005,37829,9487,813,10300,87
2022-07-14,Butte,007,227075,36971,8257,45228,452
2022-07-14,Calaveras,009,45235,8029,438,8467,129
2022-07-14,Colusa,011,21464,3630,1159,4789,22
2022-07-14,Contra Costa,013,1133247,233928,18417,252345,1392
2022-07-14,Del Norte,015,27424,7004,354,7358,53
2022-07-14,El Dorado,017,186661,30588,3902,34490,228
2022-07-14,Fresno,019,978130,259818,28153,287971,2807
2022-07-14,Glenn,021,27897,5313,1763,7076,56
2022-07-14,Humboldt,023,135768,20137,4183,24320,154
2022-07-14,Imperial,025,180216,61236,12955,74191,951
2022-07-14,Inyo,027,18085,4359,743,5102,57
2022-07-14,Kern,029,883053,207968,54311,262279,2377
2022-07-14,Kings,031,150075,55726,3744,59470,456
2022-07-14,Lake,033,64148,11889,1046,12935,142
2022-07-14,Lassen,035,31185,9468,944,10412,63
2022-07-14,Los Angeles,037,10098052,3072334,155927,3228261,32517
2022-07-14,Madera,039,155013,40842,7096,47938,371
2022-07-14,Marin,041,260295,33707,4709,38416,249
2022-07-14,Mariposa,043,17540,2890,295,3185,29
2022-07-14,Mendocino,045,87422,14917,3976,18893,133
2022-07-14,Merced,047,269075,69005,10434,79439,840
2022-07-14,Modoc,049,8938,830,306,1136,10
2022-07-14,Mono,051,14174,3139,207,3346,7
2022-07-14,Monterey,053,433212,88667,17961,106628,755
2022-07-14,Napa,055,140530,30444,1307,31751,150
2022-07-14,Nevada,057,99092,18016,1582,19598,134
2022-07-14,Orange,059,3164182,625472,54607,680079,7278
2022-07-14,Placer,061,380077,71686,8941,80627,646
2022-07-14,Plumas,063,18699,3427,416,3843,13
2022-07-14,Riverside,065,2383286,651909,31796,683705,6534
2022-07-14,Sacramento,067,1510023,324690,32059,356749,3199
2022-07-14,San Benito,069,59416,15026,796,15822,97
2022-07-14,San Bernardino,071,2135413,628726,27849,656575,7929
2022-07-14,San Diego,073,3302833,862756,64766,927522,5443
2022-07-14,San Francisco,075,870044,166051,11004,177055,961
2022-07-14,San Joaquin,077,732212,185622,12639,198261,2290
2022-07-14,San Luis Obispo,079,281455,59800,6074,65874,505
2022-07-14,San Mateo,081,765935,156750,9725,166475,738
2022-07-14,Santa Barbara,083,443738,98195,5833,104028,711
2022-07-14,Santa Clara,085,1922200,402588,17248,419836,2425
2022-07-14,Santa Cruz,087,273765,58062,2977,61039,268
2022-07-14,Shasta,089,179085,33100,6786,39886,579
2022-07-14,Sierra,091,2930,293,58,351,4
2022-07-14,Siskiyou,093,43540,4871,3077,7948,86
2022-07-14,Solano,095,438530,98227,7121,105348,455
2022-07-14,Sonoma,097,501317,100367,4653,105020,507
2022-07-14,Stanislaus,099,539301,129220,19859,149079,1725
2022-07-14,Sutter,101,95872,22521,2349,24870,228
2022-07-14,Tehama,103,63373,12949,2822,15771,210
2022-07-14,Trinity,105,12862,1321,328,1649,20
2022-07-14,Tulare,107,460477,114961,31685,146646,1520
2022-07-14,Tuolumne,109,53932,14445,830,15275,194
2022-07-14,Ventura,111,848112,195110,13075,208185,1540
2022-07-14,Yolo,113,214977,44949,3735,48684,374
2022-07-14,Yuba,115,75493,17618,1504,19122,129
2022-07-13,Alameda,001,1643700,320463,17740,338203,1931
2022-07-13,Alpine,002,1148,130,1,131,0
2022-07-13,Amador,005,37829,9476,812,10288,87
2022-07-13,Butte,007,227075,36914,8243,45157,452
2022-07-13,Calaveras,009,45235,8016,437,8453,129
2022-07-13,Colusa,011,21464,3625,1159,4784,22
2022-07-13,Contra Costa,013,1133247,233445,18332,251777,1392
2022-07-13,Del Norte,015,27424,6985,354,7339,53
2022-07-13,El Dorado,017,186661,30539,3896,34435,228
2022-07-13,Fresno,019,978130,259260,28038,287298,2807
2022-07-13,Glenn,021,27897,5309,1762,7071,56
2022-07-13,Humboldt,023,135768,20103,4168,24271,154
2022-07-13,Imperial,025,180216,61080,12875,73955,951
2022-07-13,Inyo,027,18085,4358,738,5096,57
2022-07-13,Kern,029,883053,207552,54076,261628,2376
2022-07-13,Kings,031,150075,55615,3735,59350,456
2022-07-13,Lake,033,64148,11871,1045,12916,142
2022-07-13,Lassen,035,31185,9446,943,10389,63
2022-07-13,Los Angeles,037,10098052,3065648,155224,3220872,32511
2022-07-13,Madera,039,155013,40776,7068,47844,371
2022-07-13,Marin,041,260295,33640,4701,38341,249
2022-07-13,Mariposa,043,17540,2885,294,3179,28
2022-07-13,Mendocino,045,87422,14897,3959,18856,133
2022-07-13,Merced,047,269075,68871,10403,79274,840
2022-07-13,Modoc,049,8938,829,305,1134,10
2022-07-13,Mono,051,14174,3138,203,3341,7
2022-07-13,Monterey,053,433212,88522,17885,106407,752
2022-07-13,Napa,055,140530,30404,1305,31709,150
2022-07-13,Nevada,057,99092,17998,1574,19572,134
2022-07-13,Orange,059,3164182,624075,54355,678430,7270
2022-07-13,Placer,061,380077,71578,8927,80505,645
2022-07-13,Plumas,063,18699,3419,415,3834,13
2022-07-13,Riverside,065,2383286,650699,31699,682398,6533
2022-07-13,Sacramento,067,1510023,324158,32012,356170,3195
2022-07-13,San Benito,069,59416,14999,790,15789,97
2022-07-13,San Bernardino,071,2135413,627538,27753,655291,7928
2022-07-13,San Diego,073,3302833,860853,64535,925388,5442
2022-07-13,San Francisco,075,870044,165643,10976,176619,958
2022-07-13,San Joaquin,077,732212,185293,12595,197888,2289
2022-07-13,San Luis Obispo,079,281455,59694,6026,65720,504
2022-07-13,San Mateo,081,765935,156407,9708,166115,738
2022-07-13,Santa Barbara,083,443738,98015,5820,103835,711
2022-07-13,Santa Clara,085,1922200,401697,17208,418905,2425
2022-07-13,Santa Cruz,087,273765,57926,2970,60896,267
2022-07-13,Shasta,089,179085,33043,6771,39814,579
2022-07-13,Sierra,091,2930,293,58,351,4
2022-07-13,Siskiyou,093,43540,4866,3075,7941,86
2022-07-13,Solano,095,438530,98020,7095,105115,455
2022-07-13,Sonoma,097,501317,100209,4636,104845,507
2022-07-13,Stanislaus,099,539301,129023,19801,148824,1725
2022-07-13,Sutter,101,95872,22474,2347,24821,228
2022-07-13,Tehama,103,63373,12936,2819,15755,210
2022-07-13,Trinity,105,12862,1320,326,1646,20
2022-07-13,Tulare,107,460477,114767,31591,146358,1520
2022-07-13,Tuolumne,109,53932,14420,825,15245,193
2022-07-13,Ventura,111,848112,194773,12992,207765,1539
2022-07-13,Yolo,113,214977,44888,3725,48613,373
2022-07-13,Yuba,115,75493,17591,1496,19087,129
2022-07-12,Alameda,001,1643700,319691,17696,337387,1931
2022-07-12,Alpine,002,1148,130,1,131,0
2022-07-12,Amador,005,37829,9443,805,10248,87
2022-07-12,Butte,007,227075,36857,8224,45081,452
2022-07-12,Calaveras,009,45235,8001,435,8436,129
2022-07-12,Colusa,011,21464,3623,1156,4779,22
2022-07-12,Contra Costa,013,1133247,232940,18256,251196,1392
2022-07-12,Del Norte,015,27424,6938,351,7289,53
2022-07-12,El Dorado,017,186661,30499,3890,34389,228
2022-07-12,Fresno,019,978130,258712,27947,286659,2806
2022-07-12,Glenn,021,27897,5305,1758,7063,56
2022-07-12,Humboldt,023,135768,20052,4151,24203,154
2022-07-12,Imperial,025,180216,60904,12775,73679,951
2022-07-12,Inyo,027,18085,4350,738,5088,57
2022-07-12,Kern,029,883053,207214,53866,261080,2373
2022-07-12,Kings,031,150075,55505,3725,59230,456
2022-07-12,Lake,033,64148,11859,1040,12899,142
2022-07-12,Lassen,035,31185,9432,937,10369,63
2022-07-12,Los Angeles,037,10098052,3058830,154529,3213359,32499
2022-07-12,Madera,039,155013,40690,7053,47743,371
2022-07-12,Marin,041,260295,33565,4692,38257,249
2022-07-12,Mariposa,043,17540,2874,294,3168,28
2022-07-12,Mendocino,045,87422,14857,3935,18792,133
2022-07-12,Merced,047,269075,68760,10371,79131,840
2022-07-12,Modoc,049,8938,827,302,1129,10
2022-07-12,Mono,051,14174,3135,203,3338,7
2022-07-12,Monterey,053,433212,88369,17797,106166,752
2022-07-12,Napa,055,140530,30348,1302,31650,150
2022-07-12,Nevada,057,99092,17976,1567,19543,134
2022-07-12,Orange,059,3164182,622660,54092,676752,7269
2022-07-12,Placer,061,380077,71468,8912,80380,645
2022-07-12,Plumas,063,18699,3413,414,3827,13
2022-07-12,Riverside,065,2383286,649418,31604,681022,6529
2022-07-12,Sacramento,067,1510023,323557,31961,355518,3194
2022-07-12,San Benito,069,59416,14953,784,15737,97
2022-07-12,San Bernardino,071,2135413,626203,27665,653868,7926
2022-07-12,San Diego,073,3302833,858493,64302,922795,5440
2022-07-12,San Francisco,075,870044,165235,10952,176187,958
2022-07-12,San Joaquin,077,732212,184980,12537,197517,2289
2022-07-12,San Luis Obispo,079,281455,59615,5996,65611,504
2022-07-12,San Mateo,081,765935,156007,9689,165696,738
2022-07-12,Santa Barbara,083,443738,97799,5803,103602,710
2022-07-12,Santa Clara,085,1922200,400736,17166,417902,2422
2022-07-12,Santa Cruz,087,273765,57789,2961,60750,267
2022-07-12,Shasta,089,179085,32980,6752,39732,579
2022-07-12,Sierra,091,2930,292,58,350,4
2022-07-12,Siskiyou,093,43540,4857,3073,7930,86
2022-07-12,Solano,095,438530,97804,7070,104874,454
2022-07-12,Sonoma,097,501317,100046,4608,104654,507
2022-07-12,Stanislaus,099,539301,128777,19761,148538,1725
2022-07-12,Sutter,101,95872,22440,2345,24785,228
2022-07-12,Tehama,103,63373,12916,2812,15728,210
2022-07-12,Trinity,105,12862,1312,326,1638,20
2022-07-12,Tulare,107,460477,114573,31491,146064,1520
2022-07-12,Tuolumne,109,53932,14386,821,15207,191
2022-07-12,Ventura,111,848112,194441,12893,207334,1537
2022-07-12,Yolo,113,214977,44818,3717,48535,373
2022-07-12,Yuba,115,75493,17563,1483,19046,129
2022-07-11,Alameda,001,1643700,318771,17635,336406,1930
2022-07-11,Alpine,002,1148,130,1,131,0
2022-07-11,Amador,005,37829,9435,799,10234,87
2022-07-11,Butte,007,227075,36798,8205,45003,451
2022-07-11,Calaveras,009,45235,7985,433,8418,129
2022-07-11,Colusa,011,21464,3619,1153,4772,22
2022-07-11,Contra Costa,013,1133247,232462,18196,250658,1391
2022-07-11,Del Norte,015,27424,6907,341,7248,53
2022-07-11,El Dorado,017,186661,30442,3879,34321,227
2022-07-11,Fresno,019,978130,258038,27864,285902,2805
2022-07-11,Glenn,021,27897,5302,1756,7058,56
2022-07-11,Humboldt,023,135768,19993,4132,24125,154
2022-07-11,Imperial,025,180216,60745,12664,73409,949
2022-07-11,Inyo,027,18085,4347,734,5081,57
2022-07-11,Kern,029,883053,206876,53664,260540,2372
2022-07-11,Kings,031,150075,55355,3716,59071,456
2022-07-11,Lake,033,64148,11833,1038,12871,142
2022-07-11,Lassen,035,31185,9425,937,10362,63
2022-07-11,Los Angeles,037,10098052,3051676,153735,3205411,32478
2022-07-11,Madera,039,155013,40603,7008,47611,371
2022-07-11,Marin,041,260295,33476,4683,38159,248
2022-07-11,Mariposa,043,17540,2866,292,3158,28
2022-07-11,Mendocino,045,87422,14818,3921,18739,133
2022-07-11,Merced,047,269075,68634,10336,78970,840
2022-07-11,Modoc,049,8938,821,300,1121,10
2022-07-11,Mono,051,14174,3135,202,3337,7
2022-07-11,Monterey,053,433212,88200,17733,105933,751
2022-07-11,Napa,055,140530,30284,1302,31586,150
2022-07-11,Nevada,057,99092,17959,1565,19524,134
2022-07-11,Orange,059,3164182,621073,53826,674899,7266
2022-07-11,Placer,061,380077,71359,8896,80255,645
2022-07-11,Plumas,063,18699,3402,412,3814,13
2022-07-11,Riverside,065,2383286,647982,31520,679502,6529
2022-07-11,Sacramento,067,1510023,323011,31909,354920,3193
2022-07-11,San Benito,069,59416,14915,781,15696,96
2022-07-11,San Bernardino,071,2135413,624817,27574,652391,7921
2022-07-11,San Diego,073,3302833,856115,64057,920172,5437
2022-07-11,San Francisco,075,870044,164807,10924,175731,956
2022-07-11,San Joaquin,077,732212,184598,12490,197088,2288
2022-07-11,San Luis Obispo,079,281455,59506,5964,65470,504
2022-07-11,San Mateo,081,765935,155603,9656,165259,738
2022-07-11,Santa Barbara,083,443738,97590,5790,103380,710
2022-07-11,Santa Clara,085,1922200,399669,17108,416777,2422
2022-07-11,Santa Cruz,087,273765,57639,2947,60586,267
2022-07-11,Shasta,089,179085,32924,6722,39646,578
2022-07-11,Sierra,091,2930,292,58,350,4
2022-07-11,Siskiyou,093,43540,4851,3066,7917,86
2022-07-11,Solano,095,438530,97590,7052,104642,454
2022-07-11,Sonoma,097,501317,99852,4589,104441,507
2022-07-11,Stanislaus,099,539301,128553,19722,148275,1724
2022-07-11,Sutter,101,95872,22397,2338,24735,228
2022-07-11,Tehama,103,63373,12902,2805,15707,210
2022-07-11,Trinity,105,12862,1310,325,1635,20
2022-07-11,Tulare,107,460477,114384,31386,145770,1520
2022-07-11,Tuolumne,109,53932,14346,819,15165,191
2022-07-11,Ventura,111,848112,194045,12805,206850,1537
2022-07-11,Yolo,113,214977,44751,3702,48453,373
2022-07-11,Yuba,115,75493,17527,1480,19007,129
2022-07-10,Alameda,001,1643700,317770,17558,335328,1929
2022-07-10,Alpine,002,1148,130,1,131,0
2022-07-10,Amador,005,37829,9425,796,10221,87
2022-07-10,Butte,007,227075,36698,8183,44881,451
2022-07-10,Calaveras,009,45235,7976,432,8408,129
2022-07-10,Colusa,011,21464,3615,1145,4760,22
2022-07-10,Contra Costa,013,1133247,231851,18101,249952,1391
2022-07-10,Del Norte,015,27424,6867,335,7202,53
2022-07-10,El Dorado,017,186661,30357,3871,34228,226
2022-07-10,Fresno,019,978130,257364,27771,285135,2804
2022-07-10,Glenn,021,27897,5297,1752,7049,56
2022-07-10,Humboldt,023,135768,19934,4118,24052,154
2022-07-10,Imperial,025,180216,60520,12525,73045,948
2022-07-10,Inyo,027,18085,4342,728,5070,57
2022-07-10,Kern,029,883053,206358,53421,259779,2372
2022-07-10,Kings,031,150075,55181,3710,58891,456
2022-07-10,Lake,033,64148,11808,1035,12843,142
2022-07-10,Lassen,035,31185,9410,935,10345,63
2022-07-10,Los Angeles,037,10098052,3044361,152915,3197276,32464
2022-07-10,Madera,039,155013,40495,6974,47469,371
2022-07-10,Marin,041,260295,33379,4674,38053,248
2022-07-10,Mariposa,043,17540,2859,288,3147,28
2022-07-10,Mendocino,045,87422,14788,3906,18694,133
2022-07-10,Merced,047,269075,68477,10279,78756,839
2022-07-10,Modoc,049,8938,820,292,1112,10
2022-07-10,Mono,051,14174,3134,200,3334,7
2022-07-10,Monterey,053,433212,88007,17658,105665,750
2022-07-10,Napa,055,140530,30221,1300,31521,150
2022-07-10,Nevada,057,99092,17898,1556,19454,134
2022-07-10,Orange,059,3164182,619364,53495,672859,7265
2022-07-10,Placer,061,380077,71242,8877,80119,645
2022-07-10,Plumas,063,18699,3389,408,3797,13
2022-07-10,Riverside,065,2383286,646388,31388,677776,6528
2022-07-10,Sacramento,067,1510023,322306,31826,354132,3190
2022-07-10,San Benito,069,59416,14879,770,15649,96
2022-07-10,San Bernardino,071,2135413,623350,27493,650843,7918
2022-07-10,San Diego,073,3302833,853626,63786,917412,5435
2022-07-10,San Francisco,075,870044,164256,10851,175107,955
2022-07-10,San Joaquin,077,732212,184221,12429,196650,2287
2022-07-10,San Luis Obispo,079,281455,59385,5926,65311,504
2022-07-10,San Mateo,081,765935,155133,9629,164762,737
2022-07-10,Santa Barbara,083,443738,97357,5764,103121,709
2022-07-10,Santa Clara,085,1922200,398533,17046,415579,2420
2022-07-10,Santa Cruz,087,273765,57448,2930,60378,267
2022-07-10,Shasta,089,179085,32857,6698,39555,578
2022-07-10,Sierra,091,2930,290,58,348,4
2022-07-10,Siskiyou,093,43540,4848,3053,7901,86
2022-07-10,Solano,095,438530,97337,7019,104356,454
2022-07-10,Sonoma,097,501317,99649,4557,104206,507
2022-07-10,Stanislaus,099,539301,128312,19675,147987,1724
2022-07-10,Sutter,101,95872,22348,2337,24685,228
2022-07-10,Tehama,103,63373,12875,2792,15667,210
2022-07-10,Trinity,105,12862,1304,323,1627,20
2022-07-10,Tulare,107,460477,114127,31291,145418,1519
2022-07-10,Tuolumne,109,53932,14309,811,15120,191
2022-07-10,Ventura,111,848112,193568,12701,206269,1536
2022-07-10,Yolo,113,214977,44673,3687,48360,373
2022-07-10,Yuba,115,75493,17488,1478,18966,129
2022-07-09,Alameda,001,1643700,317282,17534,334816,1929
2022-07-09,Alpine,002,1148,130,1,131,0
2022-07-09,Amador,005,37829,9417,794,10211,87
2022-07-09,Butte,007,227075,36653,8169,44822,451
2022-07-09,Calaveras,009,45235,7961,431,8392,129
2022-07-09,Colusa,011,21464,3614,1144,4758,22
2022-07-09,Contra Costa,013,1133247,231543,18042,249585,1390
2022-07-09,Del Norte,015,27424,6859,335,7194,53
2022-07-09,El Dorado,017,186661,30314,3866,34180,226
2022-07-09,Fresno,019,978130,257102,27730,284832,2802
2022-07-09,Glenn,021,27897,5290,1752,7042,56
2022-07-09,Humboldt,023,135768,19916,4108,24024,154
2022-07-09,Imperial,025,180216,60441,12472,72913,948
2022-07-09,Inyo,027,18085,4337,727,5064,56
2022-07-09,Kern,029,883053,206171,53278,259449,2372
2022-07-09,Kings,031,150075,55142,3708,58850,456
2022-07-09,Lake,033,64148,11800,1034,12834,142
2022-07-09,Lassen,035,31185,9409,935,10344,63
2022-07-09,Los Angeles,037,10098052,3040856,152424,3193280,32452
2022-07-09,Madera,039,155013,40455,6966,47421,371
2022-07-09,Marin,041,260295,33323,4663,37986,248
2022-07-09,Mariposa,043,17540,2854,288,3142,28
2022-07-09,Mendocino,045,87422,14773,3896,18669,133
2022-07-09,Merced,047,269075,68425,10274,78699,837
2022-07-09,Modoc,049,8938,820,288,1108,10
2022-07-09,Mono,051,14174,3133,200,3333,7
2022-07-09,Monterey,053,433212,87909,17609,105518,750
2022-07-09,Napa,055,140530,30189,1297,31486,150
2022-07-09,Nevada,057,99092,17886,1552,19438,134
2022-07-09,Orange,059,3164182,618491,53297,671788,7260
2022-07-09,Placer,061,380077,71153,8869,80022,645
2022-07-09,Plumas,063,18699,3382,406,3788,13
2022-07-09,Riverside,065,2383286,645488,31333,676821,6525
2022-07-09,Sacramento,067,1510023,322005,31802,353807,3189
2022-07-09,San Benito,069,59416,14859,769,15628,96
2022-07-09,San Bernardino,071,2135413,622630,27442,650072,7917
2022-07-09,San Diego,073,3302833,852717,63698,916415,5435
2022-07-09,San Francisco,075,870044,164027,10830,174857,952
2022-07-09,San Joaquin,077,732212,184053,12399,196452,2285
2022-07-09,San Luis Obispo,079,281455,59328,5907,65235,503
2022-07-09,San Mateo,081,765935,154888,9614,164502,736
2022-07-09,Santa Barbara,083,443738,97224,5754,102978,708
2022-07-09,Santa Clara,085,1922200,397797,17018,414815,2418
2022-07-09,Santa Cruz,087,273765,57371,2921,60292,267
2022-07-09,Shasta,089,179085,32835,6688,39523,578
2022-07-09,Sierra,091,2930,290,58,348,4
2022-07-09,Siskiyou,093,43540,4845,3051,7896,86
2022-07-09,Solano,095,438530,97250,7004,104254,454
2022-07-09,Sonoma,097,501317,99564,4551,104115,507
2022-07-09,Stanislaus,099,539301,128149,19644,147793,1722
2022-07-09,Sutter,101,95872,22320,2337,24657,228
2022-07-09,Tehama,103,63373,12859,2783,15642,210
2022-07-09,Trinity,105,12862,1304,322,1626,20
2022-07-09,Tulare,107,460477,114016,31233,145249,1519
2022-07-09,Tuolumne,109,53932,14271,809,15080,191
2022-07-09,Ventura,111,848112,193306,12654,205960,1535
2022-07-09,Yolo,113,214977,44623,3673,48296,373
2022-07-09,Yuba,115,75493,17465,1478,18943,129
2022-07-08,Alameda,001,1643700,316759,17490,334249,1929
2022-07-08,Alpine,002,1148,130,1,131,0
2022-07-08,Amador,005,37829,9407,792,10199,87
2022-07-08,Butte,007,227075,36622,8155,44777,451
2022-07-08,Calaveras,009,45235,7946,431,8377,129
2022-07-08,Colusa,011,21464,3610,1144,4754,22
2022-07-08,Contra Costa,013,1133247,231191,17993,249184,1386
2022-07-08,Del Norte,015,27424,6848,333,7181,53
2022-07-08,El Dorado,017,186661,30289,3858,34147,226
2022-07-08,Fresno,019,978130,256731,27677,284408,2801
2022-07-08,Glenn,021,27897,5285,1749,7034,56
2022-07-08,Humboldt,023,135768,19903,4097,24000,154
2022-07-08,Imperial,025,180216,60353,12432,72785,948
2022-07-08,Inyo,027,18085,4336,723,5059,56
2022-07-08,Kern,029,883053,205922,53140,259062,2372
2022-07-08,Kings,031,150075,55101,3707,58808,454
2022-07-08,Lake,033,64148,11783,1031,12814,142
2022-07-08,Lassen,035,31185,9403,934,10337,63
2022-07-08,Los Angeles,037,10098052,3036574,151843,3188417,32439
2022-07-08,Madera,039,155013,40401,6952,47353,371
2022-07-08,Marin,041,260295,33237,4647,37884,248
2022-07-08,Mariposa,043,17540,2851,287,3138,28
2022-07-08,Mendocino,045,87422,14755,3892,18647,133
2022-07-08,Merced,047,269075,68357,10264,78621,836
2022-07-08,Modoc,049,8938,820,288,1108,10
2022-07-08,Mono,051,14174,3131,199,3330,7
2022-07-08,Monterey,053,433212,87781,17579,105360,750
2022-07-08,Napa,055,140530,30165,1296,31461,149
2022-07-08,Nevada,057,99092,17878,1550,19428,134
2022-07-08,Orange,059,3164182,617588,53089,670677,7258
2022-07-08,Placer,061,380077,71078,8855,79933,645
2022-07-08,Plumas,063,18699,3377,406,3783,13
2022-07-08,Riverside,065,2383286,644577,31276,675853,6519
2022-07-08,Sacramento,067,1510023,321565,31773,353338,3185
2022-07-08,San Benito,069,59416,14842,766,15608,96
2022-07-08,San Bernardino,071,2135413,621870,27399,649269,7916
2022-07-08,San Diego,073,3302833,851463,63530,914993,5434
2022-07-08,San Francisco,075,870044,163762,10803,174565,950
2022-07-08,San Joaquin,077,732212,183879,12382,196261,2285
2022-07-08,San Luis Obispo,079,281455,59292,5892,65184,502
2022-07-08,San Mateo,081,765935,154591,9600,164191,735
2022-07-08,Santa Barbara,083,443738,97097,5750,102847,708
2022-07-08,Santa Clara,085,1922200,397025,16996,414021,2416
2022-07-08,Santa Cruz,087,273765,57283,2913,60196,267
2022-07-08,Shasta,089,179085,32805,6680,39485,577
2022-07-08,Sierra,091,2930,290,58,348,4
2022-07-08,Siskiyou,093,43540,4843,3048,7891,86
2022-07-08,Solano,095,438530,97131,6990,104121,453
2022-07-08,Sonoma,097,501317,99412,4534,103946,507
2022-07-08,Stanislaus,099,539301,128012,19631,147643,1720
2022-07-08,Sutter,101,95872,22295,2336,24631,228
2022-07-08,Tehama,103,63373,12847,2781,15628,210
2022-07-08,Trinity,105,12862,1302,321,1623,20
2022-07-08,Tulare,107,460477,113895,31165,145060,1518
2022-07-08,Tuolumne,109,53932,14240,803,15043,191
2022-07-08,Ventura,111,848112,193067,12615,205682,1534
2022-07-08,Yolo,113,214977,44570,3661,48231,373
2022-07-08,Yuba,115,75493,17449,1477,18926,129
2022-07-07,Alameda,001,1643700,315953,17440,333393,1928
2022-07-07,Alpine,002,1148,129,1,130,0
2022-07-07,Amador,005,37829,9391,785,10176,87
2022-07-07,Butte,007,227075,36558,8135,44693,451
2022-07-07,Calaveras,009,45235,7937,426,8363,129
2022-07-07,Colusa,011,21464,3605,1143,4748,22
2022-07-07,Contra Costa,013,1133247,230643,17917,248560,1384
2022-07-07,Del Norte,015,27424,6822,329,7151,53
2022-07-07,El Dorado,017,186661,30237,3847,34084,226
2022-07-07,Fresno,019,978130,256181,27572,283753,2799
2022-07-07,Glenn,021,27897,5279,1747,7026,56
2022-07-07,Humboldt,023,135768,19858,4081,23939,153
2022-07-07,Imperial,025,180216,60178,12322,72500,948
2022-07-07,Inyo,027,18085,4331,715,5046,56
2022-07-07,Kern,029,883053,205618,52931,258549,2371
2022-07-07,Kings,031,150075,55023,3703,58726,453
2022-07-07,Lake,033,64148,11762,1031,12793,142
2022-07-07,Lassen,035,31185,9402,934,10336,63
2022-07-07,Los Angeles,037,10098052,3030232,151156,3181388,32422
2022-07-07,Madera,039,155013,40321,6936,47257,371
2022-07-07,Marin,041,260295,33159,4636,37795,248
2022-07-07,Mariposa,043,17540,2844,284,3128,28
2022-07-07,Mendocino,045,87422,14738,3887,18625,133
2022-07-07,Merced,047,269075,68242,10231,78473,836
2022-07-07,Modoc,049,8938,815,285,1100,9
2022-07-07,Mono,051,14174,3130,197,3327,7
2022-07-07,Monterey,053,433212,87621,17516,105137,749
2022-07-07,Napa,055,140530,30095,1288,31383,149
2022-07-07,Nevada,057,99092,17848,1545,19393,134
2022-07-07,Orange,059,3164182,616183,52874,669057,7253
2022-07-07,Placer,061,380077,70968,8830,79798,644
2022-07-07,Plumas,063,18699,3370,405,3775,13
2022-07-07,Riverside,065,2383286,643250,31213,674463,6516
2022-07-07,Sacramento,067,1510023,320928,31721,352649,3180
2022-07-07,San Benito,069,59416,14812,766,15578,96
2022-07-07,San Bernardino,071,2135413,620566,27335,647901,7914
2022-07-07,San Diego,073,3302833,849549,63299,912848,5429
2022-07-07,San Francisco,075,870044,163380,10751,174131,950
2022-07-07,San Joaquin,077,732212,183542,12331,195873,2285
2022-07-07,San Luis Obispo,079,281455,59213,5860,65073,502
2022-07-07,San Mateo,081,765935,154242,9591,163833,734
2022-07-07,Santa Barbara,083,443738,96903,5735,102638,707
2022-07-07,Santa Clara,085,1922200,396035,16945,412980,2415
2022-07-07,Santa Cruz,087,273765,57124,2899,60023,267
2022-07-07,Shasta,089,179085,32769,6663,39432,576
2022-07-07,Sierra,091,2930,289,57,346,4
2022-07-07,Siskiyou,093,43540,4837,3043,7880,85
2022-07-07,Solano,095,438530,96855,6977,103832,453
2022-07-07,Sonoma,097,501317,99274,4515,103789,507
2022-07-07,Stanislaus,099,539301,127812,19594,147406,1719
2022-07-07,Sutter,101,95872,22249,2334,24583,228
2022-07-07,Tehama,103,63373,12830,2772,15602,210
2022-07-07,Trinity,105,12862,1297,320,1617,20
2022-07-07,Tulare,107,460477,113687,31072,144759,1518
2022-07-07,Tuolumne,109,53932,14203,798,15001,191
2022-07-07,Ventura,111,848112,192747,12534,205281,1531
2022-07-07,Yolo,113,214977,44513,3648,48161,373
2022-07-07,Yuba,115,75493,17415,1475,18890,129
2022-07-06,Alameda,001,1643700,315116,17398,332514,1928
2022-07-06,Alpine,002,1148,129,1,130,0
2022-07-06,Amador,005,37829,9371,785,10156,87
2022-07-06,Butte,007,227075,36494,8119,44613,451
2022-07-06,Calaveras,009,45235,7928,424,8352,128
2022-07-06,Colusa,011,21464,3602,1142,4744,22
2022-07-06,Contra Costa,013,1133247,230125,17862,247987,1384
2022-07-06,Del Norte,015,27424,6792,327,7119,53
2022-07-06,El Dorado,017,186661,30192,3835,34027,226
2022-07-06,Fresno,019,978130,255623,27489,283112,2799
2022-07-06,Glenn,021,27897,5274,1747,7021,56
2022-07-06,Humboldt,023,135768,19811,4070,23881,153
2022-07-06,Imperial,025,180216,59978,12235,72213,948
2022-07-06,Inyo,027,18085,4325,709,5034,56
2022-07-06,Kern,029,883053,205292,52715,258007,2371
2022-07-06,Kings,031,150075,54905,3698,58603,452
2022-07-06,Lake,033,64148,11743,1031,12774,142
2022-07-06,Lassen,035,31185,9385,934,10319,62
2022-07-06,Los Angeles,037,10098052,3023775,150437,3174212,32407
2022-07-06,Madera,039,155013,40250,6914,47164,371
2022-07-06,Marin,041,260295,33091,4626,37717,248
2022-07-06,Mariposa,043,17540,2834,284,3118,28
2022-07-06,Mendocino,045,87422,14710,3875,18585,133
2022-07-06,Merced,047,269075,68120,10208,78328,835
2022-07-06,Modoc,049,8938,809,283,1092,9
2022-07-06,Mono,051,14174,3129,197,3326,7
2022-07-06,Monterey,053,433212,87462,17450,104912,749
2022-07-06,Napa,055,140530,30034,1286,31320,149
2022-07-06,Nevada,057,99092,17819,1539,19358,134
2022-07-06,Orange,059,3164182,614650,52647,667297,7251
2022-07-06,Placer,061,380077,70855,8809,79664,644
2022-07-06,Plumas,063,18699,3359,404,3763,13
2022-07-06,Riverside,065,2383286,641888,31141,673029,6515
2022-07-06,Sacramento,067,1510023,320238,31670,351908,3177
2022-07-06,San Benito,069,59416,14770,755,15525,96
2022-07-06,San Bernardino,071,2135413,619313,27259,646572,7914
2022-07-06,San Diego,073,3302833,847422,63044,910466,5427
2022-07-06,San Francisco,075,870044,162958,10718,173676,950
2022-07-06,San Joaquin,077,732212,183227,12301,195528,2285
2022-07-06,San Luis Obispo,079,281455,59101,5820,64921,501
2022-07-06,San Mateo,081,765935,153834,9561,163395,733
2022-07-06,Santa Barbara,083,443738,96712,5714,102426,707
2022-07-06,Santa Clara,085,1922200,394928,16879,411807,2413
2022-07-06,Santa Cruz,087,273765,56982,2880,59862,267
2022-07-06,Shasta,089,179085,32715,6640,39355,576
2022-07-06,Sierra,091,2930,289,57,346,4
2022-07-06,Siskiyou,093,43540,4832,3037,7869,85
2022-07-06,Solano,095,438530,96602,6952,103554,453
2022-07-06,Sonoma,097,501317,99092,4497,103589,507
2022-07-06,Stanislaus,099,539301,127589,19563,147152,1718
2022-07-06,Sutter,101,95872,22198,2333,24531,228
2022-07-06,Tehama,103,63373,12819,2766,15585,210
2022-07-06,Trinity,105,12862,1289,316,1605,20
2022-07-06,Tulare,107,460477,113474,30976,144450,1518
2022-07-06,Tuolumne,109,53932,14169,786,14955,191
2022-07-06,Ventura,111,848112,192364,12459,204823,1529
2022-07-06,Yolo,113,214977,44429,3628,48057,371
2022-07-06,Yuba,115,75493,17377,1469,18846,129
2022-07-05,Alameda,001,1643700,314127,17342,331469,1927
2022-07-05,Alpine,002,1148,129,1,130,0
2022-07-05,Amador,005,37829,9356,781,10137,87
2022-07-05,Butte,007,227075,36411,8098,44509,450
2022-07-05,Calaveras,009,45235,7917,423,8340,128
2022-07-05,Colusa,011,21464,3597,1140,4737,22
2022-07-05,Contra Costa,013,1133247,229492,17786,247278,1381
2022-07-05,Del Norte,015,27424,6766,322,7088,53
2022-07-05,El Dorado,017,186661,30142,3826,33968,226
2022-07-05,Fresno,019,978130,255020,27402,282422,2798
2022-07-05,Glenn,021,27897,5265,1746,7011,56
2022-07-05,Humboldt,023,135768,19773,4059,23832,153
2022-07-05,Imperial,025,180216,59837,12137,71974,948
2022-07-05,Inyo,027,18085,4311,699,5010,56
2022-07-05,Kern,029,883053,204850,52476,257326,2371
2022-07-05,Kings,031,150075,54774,3684,58458,452
2022-07-05,Lake,033,64148,11720,1028,12748,142
2022-07-05,Lassen,035,31185,9374,934,10308,62
2022-07-05,Los Angeles,037,10098052,3016838,149679,3166517,32396
2022-07-05,Madera,039,155013,40165,6889,47054,371
2022-07-05,Marin,041,260295,32990,4616,37606,247
2022-07-05,Mariposa,043,17540,2824,281,3105,28
2022-07-05,Mendocino,045,87422,14664,3859,18523,133
2022-07-05,Merced,047,269075,68000,10177,78177,835
2022-07-05,Modoc,049,8938,801,283,1084,9
2022-07-05,Mono,051,14174,3126,194,3320,7
2022-07-05,Monterey,053,433212,87297,17399,104696,746
2022-07-05,Napa,055,140530,29977,1281,31258,149
2022-07-05,Nevada,057,99092,17780,1529,19309,134
2022-07-05,Orange,059,3164182,613089,52380,665469,7250
2022-07-05,Placer,061,380077,70749,8788,79537,643
2022-07-05,Plumas,063,18699,3349,403,3752,13
2022-07-05,Riverside,065,2383286,640416,31054,671470,6514
2022-07-05,Sacramento,067,1510023,319585,31595,351180,3174
2022-07-05,San Benito,069,59416,14736,748,15484,96
2022-07-05,San Bernardino,071,2135413,617982,27181,645163,7909
2022-07-05,San Diego,073,3302833,845077,62809,907886,5427
2022-07-05,San Francisco,075,870044,162434,10692,173126,946
2022-07-05,San Joaquin,077,732212,182863,12228,195091,2283
2022-07-05,San Luis Obispo,079,281455,58941,5778,64719,501
2022-07-05,San Mateo,081,765935,153349,9539,162888,733
2022-07-05,Santa Barbara,083,443738,96488,5685,102173,706
2022-07-05,Santa Clara,085,1922200,393762,16817,410579,2411
2022-07-05,Santa Cruz,087,273765,56806,2864,59670,267
2022-07-05,Shasta,089,179085,32673,6616,39289,576
2022-07-05,Sierra,091,2930,289,57,346,4
2022-07-05,Siskiyou,093,43540,4828,3025,7853,85
2022-07-05,Solano,095,438530,96311,6928,103239,453
2022-07-05,Sonoma,097,501317,98846,4480,103326,507
2022-07-05,Stanislaus,099,539301,127349,19521,146870,1717
2022-07-05,Sutter,101,95872,22156,2331,24487,228
2022-07-05,Tehama,103,63373,12794,2762,15556,210
2022-07-05,Trinity,105,12862,1280,314,1594,20
2022-07-05,Tulare,107,460477,113232,30895,144127,1517
2022-07-05,Tuolumne,109,53932,14135,779,14914,191
2022-07-05,Ventura,111,848112,191964,12396,204360,1529
2022-07-05,Yolo,113,214977,44343,3618,47961,370
2022-07-05,Yuba,115,75493,17348,1468,18816,129
2022-07-04,Alameda,001,1643700,312975,17260,330235,1925
2022-07-04,Alpine,002,1148,129,1,130,0
2022-07-04,Amador,005,37829,9343,780,10123,87
2022-07-04,Butte,007,227075,36301,8080,44381,450
2022-07-04,Calaveras,009,45235,7907,423,8330,128
2022-07-04,Colusa,011,21464,3593,1138,4731,22
2022-07-04,Contra Costa,013,1133247,228778,17684,246462,1380
2022-07-04,Del Norte,015,27424,6733,318,7051,53
2022-07-04,El Dorado,017,186661,30058,3808,33866,226
2022-07-04,Fresno,019,978130,254376,27271,281647,2798
2022-07-04,Glenn,021,27897,5257,1740,6997,56
2022-07-04,Humboldt,023,135768,19702,4045,23747,153
2022-07-04,Imperial,025,180216,59627,12017,71644,948
2022-07-04,Inyo,027,18085,4307,689,4996,56
2022-07-04,Kern,029,883053,204395,52202,256597,2370
2022-07-04,Kings,031,150075,54623,3680,58303,452
2022-07-04,Lake,033,64148,11707,1026,12733,142
2022-07-04,Lassen,035,31185,9366,933,10299,62
2022-07-04,Los Angeles,037,10098052,3008347,148760,3157107,32388
2022-07-04,Madera,039,155013,40071,6863,46934,371
2022-07-04,Marin,041,260295,32873,4605,37478,247
2022-07-04,Mariposa,043,17540,2814,276,3090,28
2022-07-04,Mendocino,045,87422,14628,3813,18441,133
2022-07-04,Merced,047,269075,67870,10129,77999,835
2022-07-04,Modoc,049,8938,793,279,1072,9
2022-07-04,Mono,051,14174,3124,192,3316,7
2022-07-04,Monterey,053,433212,87103,17329,104432,746
2022-07-04,Napa,055,140530,29912,1277,31189,149
2022-07-04,Nevada,057,99092,17738,1521,19259,134
2022-07-04,Orange,059,3164182,611261,52054,663315,7246
2022-07-04,Placer,061,380077,70575,8758,79333,643
2022-07-04,Plumas,063,18699,3331,402,3733,13
2022-07-04,Riverside,065,2383286,638771,30959,669730,6512
2022-07-04,Sacramento,067,1510023,318801,31497,350298,3171
2022-07-04,San Benito,069,59416,14680,743,15423,96
2022-07-04,San Bernardino,071,2135413,616375,27105,643480,7907
2022-07-04,San Diego,073,3302833,842450,62473,904923,5426
2022-07-04,San Francisco,075,870044,161808,10633,172441,945
2022-07-04,San Joaquin,077,732212,182457,12162,194619,2281
2022-07-04,San Luis Obispo,079,281455,58752,5707,64459,501
2022-07-04,San Mateo,081,765935,152825,9500,162325,732
2022-07-04,Santa Barbara,083,443738,96264,5662,101926,705
2022-07-04,Santa Clara,085,1922200,392266,16749,409015,2409
2022-07-04,Santa Cruz,087,273765,56608,2842,59450,267
2022-07-04,Shasta,089,179085,32596,6587,39183,576
2022-07-04,Sierra,091,2930,289,57,346,4
2022-07-04,Siskiyou,093,43540,4822,3019,7841,85
2022-07-04,Solano,095,438530,95958,6892,102850,453
2022-07-04,Sonoma,097,501317,98552,4453,103005,507
2022-07-04,Stanislaus,099,539301,127059,19466,146525,1717
2022-07-04,Sutter,101,95872,22110,2329,24439,228
2022-07-04,Tehama,103,63373,12768,2748,15516,210
2022-07-04,Trinity,105,12862,1275,312,1587,20
2022-07-04,Tulare,107,460477,112994,30785,143779,1516
2022-07-04,Tuolumne,109,53932,14092,775,14867,191
2022-07-04,Ventura,111,848112,191493,12290,203783,1528
2022-07-04,Yolo,113,214977,44249,3600,47849,370
2022-07-04,Yuba,115,75493,17309,1468,18777,129
2022-07-03,Alameda,001,1643700,312417,17229,329646,1925
2022-07-03,Alpine,002,1148,129,1,130,0
2022-07-03,Amador,005,37829,9335,777,10112,87
2022-07-03,Butte,007,227075,36287,8073,44360,450
2022-07-03,Calaveras,009,45235,7891,423,8314,128
2022-07-03,Colusa,011,21464,3591,1136,4727,22
2022-07-03,Contra Costa,013,1133247,228426,17653,246079,1378
2022-07-03,Del Norte,015,27424,6724,317,7041,53
2022-07-03,El Dorado,017,186661,30026,3802,33828,226
2022-07-03,Fresno,019,978130,254124,27235,281359,2796
2022-07-03,Glenn,021,27897,5256,1737,6993,56
2022-07-03,Humboldt,023,135768,19680,4036,23716,153
2022-07-03,Imperial,025,180216,59552,11978,71530,948
2022-07-03,Inyo,027,18085,4303,687,4990,56
2022-07-03,Kern,029,883053,204251,52047,256298,2370
2022-07-03,Kings,031,150075,54599,3678,58277,452
2022-07-03,Lake,033,64148,11696,1026,12722,142
2022-07-03,Lassen,035,31185,9363,932,10295,62
2022-07-03,Los Angeles,037,10098052,3005524,148381,3153905,32373
2022-07-03,Madera,039,155013,40044,6858,46902,371
2022-07-03,Marin,041,260295,32803,4596,37399,247
2022-07-03,Mariposa,043,17540,2810,275,3085,28
2022-07-03,Mendocino,045,87422,14616,3812,18428,133
2022-07-03,Merced,047,269075,67823,10124,77947,834
2022-07-03,Modoc,049,8938,793,279,1072,9
2022-07-03,Mono,051,14174,3123,191,3314,7
2022-07-03,Monterey,053,433212,86991,17275,104266,746
2022-07-03,Napa,055,140530,29892,1274,31166,149
2022-07-03,Nevada,057,99092,17719,1514,19233,134
2022-07-03,Orange,059,3164182,610714,51909,662623,7242
2022-07-03,Placer,061,380077,70488,8744,79232,642
2022-07-03,Plumas,063,18699,3324,402,3726,13
2022-07-03,Riverside,065,2383286,638200,30916,669116,6512
2022-07-03,Sacramento,067,1510023,318532,31475,350007,3164
2022-07-03,San Benito,069,59416,14673,742,15415,96
2022-07-03,San Bernardino,071,2135413,615767,27070,642837,7906
2022-07-03,San Diego,073,3302833,841720,62401,904121,5426
2022-07-03,San Francisco,075,870044,161473,10621,172094,941
2022-07-03,San Joaquin,077,732212,182284,12125,194409,2280
2022-07-03,San Luis Obispo,079,281455,58683,5697,64380,501
2022-07-03,San Mateo,081,765935,152519,9483,162002,732
2022-07-03,Santa Barbara,083,443738,96156,5650,101806,705
2022-07-03,Santa Clara,085,1922200,391538,16718,408256,2408
2022-07-03,Santa Cruz,087,273765,56547,2821,59368,267
2022-07-03,Shasta,089,179085,32561,6577,39138,575
2022-07-03,Sierra,091,2930,288,57,345,4
2022-07-03,Siskiyou,093,43540,4819,3017,7836,85
2022-07-03,Solano,095,438530,95880,6886,102766,453
2022-07-03,Sonoma,097,501317,98443,4448,102891,506
2022-07-03,Stanislaus,099,539301,126939,19450,146389,1717
2022-07-03,Sutter,101,95872,22089,2328,24417,228
2022-07-03,Tehama,103,63373,12750,2746,15496,210
2022-07-03,Trinity,105,12862,1274,309,1583,20
2022-07-03,Tulare,107,460477,112896,30746,143642,1514
2022-07-03,Tuolumne,109,53932,14069,772,14841,191
2022-07-03,Ventura,111,848112,191282,12269,203551,1528
2022-07-03,Yolo,113,214977,44206,3590,47796,370
2022-07-03,Yuba,115,75493,17295,1467,18762,129
2022-07-02,Alameda,001,1643700,312039,17203,329242,1923
2022-07-02,Alpine,002,1148,129,1,130,0
2022-07-02,Amador,005,37829,9319,776,10095,87
2022-07-02,Butte,007,227075,36262,8060,44322,450
2022-07-02,Calaveras,009,45235,7885,423,8308,128
2022-07-02,Colusa,011,21464,3587,1134,4721,22
2022-07-02,Contra Costa,013,1133247,228081,17600,245681,1376
2022-07-02,Del Norte,015,27424,6714,317,7031,53
2022-07-02,El Dorado,017,186661,29992,3798,33790,226
2022-07-02,Fresno,019,978130,253896,27198,281094,2794
2022-07-02,Glenn,021,27897,5251,1736,6987,56
2022-07-02,Humboldt,023,135768,19654,4032,23686,153
2022-07-02,Imperial,025,180216,59472,11957,71429,948
2022-07-02,Inyo,027,18085,4299,685,4984,56
2022-07-02,Kern,029,883053,204092,51885,255977,2368
2022-07-02,Kings,031,150075,54554,3678,58232,452
2022-07-02,Lake,033,64148,11687,1024,12711,142
2022-07-02,Lassen,035,31185,9362,931,10293,62
2022-07-02,Los Angeles,037,10098052,3002762,147955,3150717,32357
2022-07-02,Madera,039,155013,40014,6854,46868,371
2022-07-02,Marin,041,260295,32741,4579,37320,246
2022-07-02,Mariposa,043,17540,2806,274,3080,28
2022-07-02,Mendocino,045,87422,14588,3812,18400,131
2022-07-02,Merced,047,269075,67764,10115,77879,834
2022-07-02,Modoc,049,8938,793,278,1071,9
2022-07-02,Mono,051,14174,3120,191,3311,7
2022-07-02,Monterey,053,433212,86900,17237,104137,746
2022-07-02,Napa,055,140530,29862,1274,31136,149
2022-07-02,Nevada,057,99092,17704,1508,19212,134
2022-07-02,Orange,059,3164182,610052,51750,661802,7236
2022-07-02,Placer,061,380077,70395,8730,79125,642
2022-07-02,Plumas,063,18699,3315,402,3717,13
2022-07-02,Riverside,065,2383286,637605,30871,668476,6510
2022-07-02,Sacramento,067,1510023,318197,31450,349647,3162
2022-07-02,San Benito,069,59416,14654,733,15387,96
2022-07-02,San Bernardino,071,2135413,615233,27035,642268,7905
2022-07-02,San Diego,073,3302833,840913,62336,903249,5424
2022-07-02,San Francisco,075,870044,161192,10597,171789,940
2022-07-02,San Joaquin,077,732212,182151,12099,194250,2280
2022-07-02,San Luis Obispo,079,281455,58634,5683,64317,501
2022-07-02,San Mateo,081,765935,152260,9464,161724,732
2022-07-02,Santa Barbara,083,443738,96029,5640,101669,705
2022-07-02,Santa Clara,085,1922200,390805,16688,407493,2406
2022-07-02,Santa Cruz,087,273765,56488,2810,59298,267
2022-07-02,Shasta,089,179085,32531,6566,39097,575
2022-07-02,Sierra,091,2930,288,57,345,4
2022-07-02,Siskiyou,093,43540,4815,3016,7831,85
2022-07-02,Solano,095,438530,95807,6870,102677,453
2022-07-02,Sonoma,097,501317,98337,4440,102777,506
2022-07-02,Stanislaus,099,539301,126820,19434,146254,1716
2022-07-02,Sutter,101,95872,22070,2328,24398,228
2022-07-02,Tehama,103,63373,12727,2745,15472,209
2022-07-02,Trinity,105,12862,1272,308,1580,20
2022-07-02,Tulare,107,460477,112795,30705,143500,1514
2022-07-02,Tuolumne,109,53932,14056,763,14819,191
2022-07-02,Ventura,111,848112,191110,12244,203354,1528
2022-07-02,Yolo,113,214977,44161,3583,47744,370
2022-07-02,Yuba,115,75493,17283,1467,18750,129
2022-07-01,Alameda,001,1643700,311557,17171,328728,1921
2022-07-01,Alpine,002,1148,129,1,130,0
2022-07-01,Amador,005,37829,9314,774,10088,87
2022-07-01,Butte,007,227075,36235,8042,44277,450
2022-07-01,Calaveras,009,45235,7874,423,8297,127
2022-07-01,Colusa,011,21464,3584,1134,4718,22
2022-07-01,Contra Costa,013,1133247,227779,17557,245336,1375
2022-07-01,Del Norte,015,27424,6694,315,7009,53
2022-07-01,El Dorado,017,186661,29967,3790,33757,226
2022-07-01,Fresno,019,978130,253609,27143,280752,2793
2022-07-01,Glenn,021,27897,5251,1736,6987,56
2022-07-01,Humboldt,023,135768,19632,4023,23655,152
2022-07-01,Imperial,025,180216,59395,11930,71325,948
2022-07-01,Inyo,027,18085,4292,679,4971,56
2022-07-01,Kern,029,883053,203880,51748,255628,2368
2022-07-01,Kings,031,150075,54521,3674,58195,452
2022-07-01,Lake,033,64148,11676,1023,12699,142
2022-07-01,Lassen,035,31185,9359,931,10290,62
2022-07-01,Los Angeles,037,10098052,2999275,147439,3146714,32338
2022-07-01,Madera,039,155013,39971,6840,46811,371
2022-07-01,Marin,041,260295,32668,4566,37234,246
2022-07-01,Mariposa,043,17540,2804,273,3077,28
2022-07-01,Mendocino,045,87422,14568,3808,18376,131
2022-07-01,Merced,047,269075,67679,10111,77790,834
2022-07-01,Modoc,049,8938,793,277,1070,9
2022-07-01,Mono,051,14174,3112,190,3302,7
2022-07-01,Monterey,053,433212,86818,17206,104024,745
2022-07-01,Napa,055,140530,29817,1274,31091,149
2022-07-01,Nevada,057,99092,17684,1503,19187,134
2022-07-01,Orange,059,3164182,609332,51584,660916,7232
2022-07-01,Placer,061,380077,70328,8710,79038,642
2022-07-01,Plumas,063,18699,3312,402,3714,13
2022-07-01,Riverside,065,2383286,636888,30818,667706,6510
2022-07-01,Sacramento,067,1510023,317814,31424,349238,3161
2022-07-01,San Benito,069,59416,14636,732,15368,96
2022-07-01,San Bernardino,071,2135413,614591,27001,641592,7901
2022-07-01,San Diego,073,3302833,839878,62195,902073,5423
2022-07-01,San Francisco,075,870044,160916,10558,171474,940
2022-07-01,San Joaquin,077,732212,182006,12067,194073,2280
2022-07-01,San Luis Obispo,079,281455,58605,5671,64276,501
2022-07-01,San Mateo,081,765935,151978,9448,161426,732
2022-07-01,Santa Barbara,083,443738,95913,5631,101544,704
2022-07-01,Santa Clara,085,1922200,390099,16653,406752,2403
2022-07-01,Santa Cruz,087,273765,56422,2797,59219,267
2022-07-01,Shasta,089,179085,32511,6556,39067,572
2022-07-01,Sierra,091,2930,288,57,345,4
2022-07-01,Siskiyou,093,43540,4815,3014,7829,85
2022-07-01,Solano,095,438530,95638,6853,102491,453
2022-07-01,Sonoma,097,501317,98216,4421,102637,506
2022-07-01,Stanislaus,099,539301,126691,19407,146098,1713
2022-07-01,Sutter,101,95872,22041,2328,24369,228
2022-07-01,Tehama,103,63373,12718,2743,15461,208
2022-07-01,Trinity,105,12862,1271,308,1579,20
2022-07-01,Tulare,107,460477,112698,30664,143362,1514
2022-07-01,Tuolumne,109,53932,14037,756,14793,191
2022-07-01,Ventura,111,848112,190899,12208,203107,1527
2022-07-01,Yolo,113,214977,44125,3568,47693,369
2022-07-01,Yuba,115,75493,17262,1467,18729,129
2022-06-30,Alameda,001,1643700,310731,17115,327846,1919
2022-06-30,Alpine,002,1148,129,1,130,0
2022-06-30,Amador,005,37829,9304,771,10075,87
2022-06-30,Butte,007,227075,36185,8025,44210,449
2022-06-30,Calaveras,009,45235,7863,422,8285,126
2022-06-30,Colusa,011,21464,3580,1132,4712,22
2022-06-30,Contra Costa,013,1133247,227229,17486,244715,1375
2022-06-30,Del Norte,015,27424,6677,312,6989,53
2022-06-30,El Dorado,017,186661,29922,3780,33702,225
2022-06-30,Fresno,019,978130,253210,27093,280303,2792
2022-06-30,Glenn,021,27897,5248,1736,6984,56
2022-06-30,Humboldt,023,135768,19595,4017,23612,152
2022-06-30,Imperial,025,180216,59281,11898,71179,948
2022-06-30,Inyo,027,18085,4286,679,4965,56
2022-06-30,Kern,029,883053,203554,51563,255117,2367
2022-06-30,Kings,031,150075,54445,3671,58116,452
2022-06-30,Lake,033,64148,11657,1020,12677,142
2022-06-30,Lassen,035,31185,9356,930,10286,62
2022-06-30,Los Angeles,037,10098052,2993867,146839,3140706,32327
2022-06-30,Madera,039,155013,39905,6813,46718,371
2022-06-30,Marin,041,260295,32584,4559,37143,246
2022-06-30,Mariposa,043,17540,2797,271,3068,28
2022-06-30,Mendocino,045,87422,14551,3802,18353,131
2022-06-30,Merced,047,269075,67581,10093,77674,834
2022-06-30,Modoc,049,8938,792,276,1068,9
2022-06-30,Mono,051,14174,3110,189,3299,7
2022-06-30,Monterey,053,433212,86669,17143,103812,745
2022-06-30,Napa,055,140530,29759,1268,31027,149
2022-06-30,Nevada,057,99092,17656,1496,19152,134
2022-06-30,Orange,059,3164182,608151,51372,659523,7228
2022-06-30,Placer,061,380077,70178,8681,78859,640
2022-06-30,Plumas,063,18699,3307,401,3708,13
2022-06-30,Riverside,065,2383286,635788,30748,666536,6510
2022-06-30,Sacramento,067,1510023,317219,31385,348604,3160
2022-06-30,San Benito,069,59416,14600,729,15329,96
2022-06-30,San Bernardino,071,2135413,613543,26959,640502,7900
2022-06-30,San Diego,073,3302833,838361,61984,900345,5421
2022-06-30,San Francisco,075,870044,160492,10528,171020,939
2022-06-30,San Joaquin,077,732212,181726,12036,193762,2277
2022-06-30,San Luis Obispo,079,281455,58505,5643,64148,501
2022-06-30,San Mateo,081,765935,151554,9417,160971,731
2022-06-30,Santa Barbara,083,443738,95715,5619,101334,704
2022-06-30,Santa Clara,085,1922200,389004,16608,405612,2402
2022-06-30,Santa Cruz,087,273765,56303,2783,59086,267
2022-06-30,Shasta,089,179085,32471,6537,39008,572
2022-06-30,Sierra,091,2930,288,57,345,4
2022-06-30,Siskiyou,093,43540,4810,3007,7817,85
2022-06-30,Solano,095,438530,95434,6821,102255,453
2022-06-30,Sonoma,097,501317,98052,4400,102452,505
2022-06-30,Stanislaus,099,539301,126497,19376,145873,1712
2022-06-30,Sutter,101,95872,22008,2326,24334,228
2022-06-30,Tehama,103,63373,12697,2740,15437,208
2022-06-30,Trinity,105,12862,1265,306,1571,20
2022-06-30,Tulare,107,460477,112548,30588,143136,1514
2022-06-30,Tuolumne,109,53932,14018,750,14768,191
2022-06-30,Ventura,111,848112,190555,12133,202688,1526
2022-06-30,Yolo,113,214977,44053,3551,47604,369
2022-06-30,Yuba,115,75493,17234,1461,18695,129
2022-06-29,Alameda,001,1643700,309931,17074,327005,1918
2022-06-29,Alpine,002,1148,129,1,130,0
2022-06-29,Amador,005,37829,9297,771,10068,87
2022-06-29,Butte,007,227075,36137,8009,44146,449
2022-06-29,Calaveras,009,45235,7852,419,8271,126
2022-06-29,Colusa,011,21464,3577,1130,4707,22
2022-06-29,Contra Costa,013,1133247,226747,17432,244179,1372
2022-06-29,Del Norte,015,27424,6651,308,6959,53
2022-06-29,El Dorado,017,186661,29864,3764,33628,225
2022-06-29,Fresno,019,978130,252816,27027,279843,2792
2022-06-29,Glenn,021,27897,5247,1734,6981,56
2022-06-29,Humboldt,023,135768,19569,4007,23576,152
2022-06-29,Imperial,025,180216,59162,11851,71013,948
2022-06-29,Inyo,027,18085,4282,674,4956,56
2022-06-29,Kern,029,883053,203265,51384,254649,2367
2022-06-29,Kings,031,150075,54355,3669,58024,452
2022-06-29,Lake,033,64148,11630,1016,12646,141
2022-06-29,Lassen,035,31185,9351,930,10281,62
2022-06-29,Los Angeles,037,10098052,2988226,146245,3134471,32318
2022-06-29,Madera,039,155013,39854,6804,46658,371
2022-06-29,Marin,041,260295,32480,4553,37033,246
2022-06-29,Mariposa,043,17540,2795,271,3066,28
2022-06-29,Mendocino,045,87422,14522,3786,18308,131
2022-06-29,Merced,047,269075,67487,10081,77568,833
2022-06-29,Modoc,049,8938,790,275,1065,9
2022-06-29,Mono,051,14174,3110,187,3297,7
2022-06-29,Monterey,053,433212,86536,17094,103630,744
2022-06-29,Napa,055,140530,29706,1265,30971,149
2022-06-29,Nevada,057,99092,17622,1492,19114,134
2022-06-29,Orange,059,3164182,606976,51184,658160,7226
2022-06-29,Placer,061,380077,70042,8672,78714,640
2022-06-29,Plumas,063,18699,3304,399,3703,13
2022-06-29,Riverside,065,2383286,634727,30680,665407,6510
2022-06-29,Sacramento,067,1510023,316623,31339,347962,3157
2022-06-29,San Benito,069,59416,14563,721,15284,96
2022-06-29,San Bernardino,071,2135413,612548,26862,639410,7898
2022-06-29,San Diego,073,3302833,836633,61750,898383,5419
2022-06-29,San Francisco,075,870044,159999,10494,170493,939
2022-06-29,San Joaquin,077,732212,181430,11998,193428,2277
2022-06-29,San Luis Obispo,079,281455,58370,5605,63975,501
2022-06-29,San Mateo,081,765935,151167,9397,160564,731
2022-06-29,Santa Barbara,083,443738,95564,5608,101172,703
2022-06-29,Santa Clara,085,1922200,388009,16548,404557,2398
2022-06-29,Santa Cruz,087,273765,56178,2769,58947,267
2022-06-29,Shasta,089,179085,32424,6521,38945,571
2022-06-29,Sierra,091,2930,286,57,343,4
2022-06-29,Siskiyou,093,43540,4804,3007,7811,85
2022-06-29,Solano,095,438530,95199,6802,102001,453
2022-06-29,Sonoma,097,501317,97867,4388,102255,505
2022-06-29,Stanislaus,099,539301,126321,19346,145667,1710
2022-06-29,Sutter,101,95872,21955,2321,24276,228
2022-06-29,Tehama,103,63373,12678,2739,15417,208
2022-06-29,Trinity,105,12862,1263,305,1568,20
2022-06-29,Tulare,107,460477,112409,30514,142923,1512
2022-06-29,Tuolumne,109,53932,13993,734,14727,191
2022-06-29,Ventura,111,848112,190248,12069,202317,1526
2022-06-29,Yolo,113,214977,43951,3540,47491,369
2022-06-29,Yuba,115,75493,17205,1459,18664,129
2022-06-28,Alameda,001,1643700,309083,17038,326121,1916
2022-06-28,Alpine,002,1148,129,1,130,0
2022-06-28,Amador,005,37829,9292,770,10062,87
2022-06-28,Butte,007,227075,36071,7991,44062,448
2022-06-28,Calaveras,009,45235,7840,419,8259,126
2022-06-28,Colusa,011,21464,3576,1129,4705,22
2022-06-28,Contra Costa,013,1133247,226139,17369,243508,1370
2022-06-28,Del Norte,015,27424,6614,306,6920,53
2022-06-28,El Dorado,017,186661,29816,3753,33569,225
2022-06-28,Fresno,019,978130,252380,26970,279350,2792
2022-06-28,Glenn,021,27897,5239,1729,6968,56
2022-06-28,Humboldt,023,135768,19549,4000,23549,151
2022-06-28,Imperial,025,180216,59067,11772,70839,947
2022-06-28,Inyo,027,18085,4275,668,4943,56
2022-06-28,Kern,029,883053,202967,51170,254137,2367
2022-06-28,Kings,031,150075,54274,3664,57938,452
2022-06-28,Lake,033,64148,11619,1014,12633,141
2022-06-28,Lassen,035,31185,9344,930,10274,62
2022-06-28,Los Angeles,037,10098052,2982284,145636,3127920,32310
2022-06-28,Madera,039,155013,39795,6787,46582,371
2022-06-28,Marin,041,260295,32372,4546,36918,246
2022-06-28,Mariposa,043,17540,2787,269,3056,28
2022-06-28,Mendocino,045,87422,14494,3774,18268,131
2022-06-28,Merced,047,269075,67384,10063,77447,833
2022-06-28,Modoc,049,8938,788,274,1062,9
2022-06-28,Mono,051,14174,3103,185,3288,7
2022-06-28,Monterey,053,433212,86411,17047,103458,744
2022-06-28,Napa,055,140530,29638,1262,30900,149
2022-06-28,Nevada,057,99092,17591,1487,19078,134
2022-06-28,Orange,059,3164182,605612,50997,656609,7223
2022-06-28,Placer,061,380077,69882,8653,78535,640
2022-06-28,Plumas,063,18699,3304,398,3702,13
2022-06-28,Riverside,065,2383286,633527,30633,664160,6509
2022-06-28,Sacramento,067,1510023,315948,31273,347221,3155
2022-06-28,San Benito,069,59416,14524,720,15244,96
2022-06-28,San Bernardino,071,2135413,611419,26816,638235,7897
2022-06-28,San Diego,073,3302833,834774,61509,896283,5418
2022-06-28,San Francisco,075,870044,159470,10469,169939,936
2022-06-28,San Joaquin,077,732212,181120,11962,193082,2276
2022-06-28,San Luis Obispo,079,281455,58251,5568,63819,501
2022-06-28,San Mateo,081,765935,150703,9372,160075,731
2022-06-28,Santa Barbara,083,443738,95394,5592,100986,702
2022-06-28,Santa Clara,085,1922200,386887,16490,403377,2395
2022-06-28,Santa Cruz,087,273765,56045,2761,58806,267
2022-06-28,Shasta,089,179085,32377,6508,38885,571
2022-06-28,Sierra,091,2930,286,57,343,4
2022-06-28,Siskiyou,093,43540,4798,3001,7799,85
2022-06-28,Solano,095,438530,94924,6784,101708,453
2022-06-28,Sonoma,097,501317,97657,4372,102029,505
2022-06-28,Stanislaus,099,539301,126120,19323,145443,1710
2022-06-28,Sutter,101,95872,21920,2319,24239,228
2022-06-28,Tehama,103,63373,12658,2735,15393,208
2022-06-28,Trinity,105,12862,1260,303,1563,20
2022-06-28,Tulare,107,460477,112223,30439,142662,1512
2022-06-28,Tuolumne,109,53932,13962,728,14690,191
2022-06-28,Ventura,111,848112,189925,11991,201916,1526
2022-06-28,Yolo,113,214977,43840,3534,47374,368
2022-06-28,Yuba,115,75493,17169,1455,18624,129
2022-06-27,Alameda,001,1643700,308144,16983,325127,1915
2022-06-27,Alpine,002,1148,129,1,130,0
2022-06-27,Amador,005,37829,9277,768,10045,87
2022-06-27,Butte,007,227075,36017,7972,43989,448
2022-06-27,Calaveras,009,45235,7826,419,8245,126
2022-06-27,Colusa,011,21464,3572,1127,4699,22
2022-06-27,Contra Costa,013,1133247,225458,17305,242763,1370
2022-06-27,Del Norte,015,27424,6593,300,6893,53
2022-06-27,El Dorado,017,186661,29751,3735,33486,225
2022-06-27,Fresno,019,978130,251907,26898,278805,2792
2022-06-27,Glenn,021,27897,5233,1722,6955,56
2022-06-27,Humboldt,023,135768,19514,3988,23502,151
2022-06-27,Imperial,025,180216,58930,11706,70636,947
2022-06-27,Inyo,027,18085,4265,659,4924,56
2022-06-27,Kern,029,883053,202601,50964,253565,2366
2022-06-27,Kings,031,150075,54187,3661,57848,452
2022-06-27,Lake,033,64148,11600,1009,12609,140
2022-06-27,Lassen,035,31185,9335,930,10265,62
2022-06-27,Los Angeles,037,10098052,2976082,145071,3121153,32300
2022-06-27,Madera,039,155013,39730,6775,46505,371
2022-06-27,Marin,041,260295,32265,4533,36798,246
2022-06-27,Mariposa,043,17540,2778,267,3045,28
2022-06-27,Mendocino,045,87422,14464,3768,18232,131
2022-06-27,Merced,047,269075,67275,10028,77303,833
2022-06-27,Modoc,049,8938,783,273,1056,9
2022-06-27,Mono,051,14174,3102,185,3287,7
2022-06-27,Monterey,053,433212,86260,16986,103246,744
2022-06-27,Napa,055,140530,29567,1259,30826,149
2022-06-27,Nevada,057,99092,17561,1473,19034,134
2022-06-27,Orange,059,3164182,604240,50774,655014,7221
2022-06-27,Placer,061,380077,69767,8628,78395,640
2022-06-27,Plumas,063,18699,3299,397,3696,13
2022-06-27,Riverside,065,2383286,632375,30567,662942,6507
2022-06-27,Sacramento,067,1510023,315222,31215,346437,3152
2022-06-27,San Benito,069,59416,14469,717,15186,96
2022-06-27,San Bernardino,071,2135413,610309,26769,637078,7895
2022-06-27,San Diego,073,3302833,832853,61279,894132,5416
2022-06-27,San Francisco,075,870044,158917,10443,169360,934
2022-06-27,San Joaquin,077,732212,180775,11920,192695,2276
2022-06-27,San Luis Obispo,079,281455,58136,5531,63667,501
2022-06-27,San Mateo,081,765935,150225,9338,159563,731
2022-06-27,Santa Barbara,083,443738,95207,5578,100785,701
2022-06-27,Santa Clara,085,1922200,385462,16436,401898,2393
2022-06-27,Santa Cruz,087,273765,55875,2753,58628,267
2022-06-27,Shasta,089,179085,32316,6490,38806,571
2022-06-27,Sierra,091,2930,286,57,343,4
2022-06-27,Siskiyou,093,43540,4788,2994,7782,85
2022-06-27,Solano,095,438530,94613,6752,101365,453
2022-06-27,Sonoma,097,501317,97464,4353,101817,505
2022-06-27,Stanislaus,099,539301,125894,19302,145196,1710
2022-06-27,Sutter,101,95872,21880,2316,24196,228
2022-06-27,Tehama,103,63373,12636,2733,15369,208
2022-06-27,Trinity,105,12862,1258,301,1559,20
2022-06-27,Tulare,107,460477,112046,30353,142399,1512
2022-06-27,Tuolumne,109,53932,13927,720,14647,191
2022-06-27,Ventura,111,848112,189545,11929,201474,1526
2022-06-27,Yolo,113,214977,43714,3526,47240,367
2022-06-27,Yuba,115,75493,17141,1452,18593,129
2022-06-26,Alameda,001,1643700,307063,16928,323991,1914
2022-06-26,Alpine,002,1148,129,1,130,0
2022-06-26,Amador,005,37829,9238,766,10004,87
2022-06-26,Butte,007,227075,35944,7946,43890,448
2022-06-26,Calaveras,009,45235,7811,416,8227,126
2022-06-26,Colusa,011,21464,3563,1123,4686,22
2022-06-26,Contra Costa,013,1133247,224831,17221,242052,1368
2022-06-26,Del Norte,015,27424,6571,296,6867,53
2022-06-26,El Dorado,017,186661,29668,3710,33378,225
2022-06-26,Fresno,019,978130,251367,26832,278199,2792
2022-06-26,Glenn,021,27897,5228,1719,6947,56
2022-06-26,Humboldt,023,135768,19479,3977,23456,151
2022-06-26,Imperial,025,180216,58782,11611,70393,947
2022-06-26,Inyo,027,18085,4254,646,4900,56
2022-06-26,Kern,029,883053,202292,50762,253054,2365
2022-06-26,Kings,031,150075,54079,3657,57736,452
2022-06-26,Lake,033,64148,11581,1007,12588,140
2022-06-26,Lassen,035,31185,9326,930,10256,62
2022-06-26,Los Angeles,037,10098052,2969490,144429,3113919,32291
2022-06-26,Madera,039,155013,39661,6755,46416,371
2022-06-26,Marin,041,260295,32145,4512,36657,246
2022-06-26,Mariposa,043,17540,2770,267,3037,28
2022-06-26,Mendocino,045,87422,14435,3741,18176,130
2022-06-26,Merced,047,269075,67144,10001,77145,833
2022-06-26,Modoc,049,8938,782,271,1053,9
2022-06-26,Mono,051,14174,3092,185,3277,7
2022-06-26,Monterey,053,433212,86085,16926,103011,744
2022-06-26,Napa,055,140530,29486,1256,30742,149
2022-06-26,Nevada,057,99092,17517,1469,18986,134
2022-06-26,Orange,059,3164182,602743,50561,653304,7216
2022-06-26,Placer,061,380077,69638,8599,78237,640
2022-06-26,Plumas,063,18699,3287,397,3684,13
2022-06-26,Riverside,065,2383286,631148,30510,661658,6505
2022-06-26,Sacramento,067,1510023,314398,31147,345545,3152
2022-06-26,San Benito,069,59416,14424,714,15138,96
2022-06-26,San Bernardino,071,2135413,609097,26710,635807,7894
2022-06-26,San Diego,073,3302833,830669,61107,891776,5416
2022-06-26,San Francisco,075,870044,158286,10391,168677,932
2022-06-26,San Joaquin,077,732212,180397,11875,192272,2276
2022-06-26,San Luis Obispo,079,281455,58001,5480,63481,501
2022-06-26,San Mateo,081,765935,149707,9308,159015,730
2022-06-26,Santa Barbara,083,443738,94999,5550,100549,701
2022-06-26,Santa Clara,085,1922200,384078,16356,400434,2392
2022-06-26,Santa Cruz,087,273765,55718,2744,58462,267
2022-06-26,Shasta,089,179085,32233,6472,38705,571
2022-06-26,Sierra,091,2930,285,57,342,4
2022-06-26,Siskiyou,093,43540,4770,2987,7757,85
2022-06-26,Solano,095,438530,94340,6714,101054,453
2022-06-26,Sonoma,097,501317,97229,4317,101546,505
2022-06-26,Stanislaus,099,539301,125693,19273,144966,1710
2022-06-26,Sutter,101,95872,21840,2315,24155,228
2022-06-26,Tehama,103,63373,12619,2727,15346,208
2022-06-26,Trinity,105,12862,1253,299,1552,20
2022-06-26,Tulare,107,460477,111866,30273,142139,1512
2022-06-26,Tuolumne,109,53932,13899,713,14612,191
2022-06-26,Ventura,111,848112,189150,11850,201000,1525
2022-06-26,Yolo,113,214977,43599,3512,47111,367
2022-06-26,Yuba,115,75493,17104,1443,18547,128
2022-06-25,Alameda,001,1643700,306593,16913,323506,1913
2022-06-25,Alpine,002,1148,129,1,130,0
2022-06-25,Amador,005,37829,9228,765,9993,87
2022-06-25,Butte,007,227075,35905,7924,43829,448
2022-06-25,Calaveras,009,45235,7802,416,8218,126
2022-06-25,Colusa,011,21464,3558,1123,4681,22
2022-06-25,Contra Costa,013,1133247,224470,17178,241648,1368
2022-06-25,Del Norte,015,27424,6557,293,6850,53
2022-06-25,El Dorado,017,186661,29629,3704,33333,225
2022-06-25,Fresno,019,978130,251134,26806,277940,2792
2022-06-25,Glenn,021,27897,5223,1717,6940,56
2022-06-25,Humboldt,023,135768,19458,3966,23424,151
2022-06-25,Imperial,025,180216,58700,11580,70280,947
2022-06-25,Inyo,027,18085,4252,642,4894,56
2022-06-25,Kern,029,883053,202133,50657,252790,2365
2022-06-25,Kings,031,150075,54041,3657,57698,452
2022-06-25,Lake,033,64148,11572,1006,12578,140
2022-06-25,Lassen,035,31185,9320,928,10248,62
2022-06-25,Los Angeles,037,10098052,2966474,144047,3110521,32277
2022-06-25,Madera,039,155013,39628,6752,46380,371
2022-06-25,Marin,041,260295,32092,4505,36597,246
2022-06-25,Mariposa,043,17540,2768,267,3035,28
2022-06-25,Mendocino,045,87422,14423,3736,18159,130
2022-06-25,Merced,047,269075,67067,9998,77065,833
2022-06-25,Modoc,049,8938,782,271,1053,9
2022-06-25,Mono,051,14174,3087,185,3272,7
2022-06-25,Monterey,053,433212,85984,16897,102881,744
2022-06-25,Napa,055,140530,29455,1252,30707,148
2022-06-25,Nevada,057,99092,17493,1465,18958,134
2022-06-25,Orange,059,3164182,602036,50419,652455,7212
2022-06-25,Placer,061,380077,69539,8579,78118,639
2022-06-25,Plumas,063,18699,3283,397,3680,13
2022-06-25,Riverside,065,2383286,630503,30468,660971,6503
2022-06-25,Sacramento,067,1510023,314087,31119,345206,3151
2022-06-25,San Benito,069,59416,14399,713,15112,96
2022-06-25,San Bernardino,071,2135413,608495,26682,635177,7893
2022-06-25,San Diego,073,3302833,829762,61043,890805,5414
2022-06-25,San Francisco,075,870044,157991,10373,168364,932
2022-06-25,San Joaquin,077,732212,180247,11860,192107,2276
2022-06-25,San Luis Obispo,079,281455,57930,5470,63400,500
2022-06-25,San Mateo,081,765935,149431,9287,158718,729
2022-06-25,Santa Barbara,083,443738,94856,5537,100393,701
2022-06-25,Santa Clara,085,1922200,383223,16328,399551,2391
2022-06-25,Santa Cruz,087,273765,55648,2741,58389,267
2022-06-25,Shasta,089,179085,32197,6458,38655,571
2022-06-25,Sierra,091,2930,285,57,342,4
2022-06-25,Siskiyou,093,43540,4767,2984,7751,85
2022-06-25,Solano,095,438530,94255,6693,100948,453
2022-06-25,Sonoma,097,501317,97118,4306,101424,505
2022-06-25,Stanislaus,099,539301,125563,19254,144817,1709
2022-06-25,Sutter,101,95872,21819,2314,24133,228
2022-06-25,Tehama,103,63373,12607,2722,15329,208
2022-06-25,Trinity,105,12862,1252,297,1549,20
2022-06-25,Tulare,107,460477,111784,30232,142016,1512
2022-06-25,Tuolumne,109,53932,13880,710,14590,191
2022-06-25,Ventura,111,848112,188942,11822,200764,1525
2022-06-25,Yolo,113,214977,43534,3506,47040,367
2022-06-25,Yuba,115,75493,17083,1442,18525,128
2022-06-24,Alameda,001,1643700,306017,16879,322896,1912
2022-06-24,Alpine,002,1148,129,1,130,0
2022-06-24,Amador,005,37829,9221,763,9984,87
2022-06-24,Butte,007,227075,35875,7910,43785,448
2022-06-24,Calaveras,009,45235,7797,415,8212,126
2022-06-24,Colusa,011,21464,3557,1120,4677,22
2022-06-24,Contra Costa,013,1133247,224129,17151,241280,1368
2022-06-24,Del Norte,015,27424,6546,291,6837,53
2022-06-24,El Dorado,017,186661,29586,3700,33286,225
2022-06-24,Fresno,019,978130,250842,26770,277612,2792
2022-06-24,Glenn,021,27897,5221,1717,6938,56
2022-06-24,Humboldt,023,135768,19427,3961,23388,151
2022-06-24,Imperial,025,180216,58628,11550,70178,947
2022-06-24,Inyo,027,18085,4250,638,4888,56
2022-06-24,Kern,029,883053,201958,50561,252519,2362
2022-06-24,Kings,031,150075,53997,3653,57650,452
2022-06-24,Lake,033,64148,11561,1006,12567,140
2022-06-24,Lassen,035,31185,9317,927,10244,62
2022-06-24,Los Angeles,037,10098052,2963187,143722,3106909,32271
2022-06-24,Madera,039,155013,39582,6746,46328,371
2022-06-24,Marin,041,260295,32016,4493,36509,246
2022-06-24,Mariposa,043,17540,2761,267,3028,28
2022-06-24,Mendocino,045,87422,14414,3733,18147,130
2022-06-24,Merced,047,269075,67029,9989,77018,833
2022-06-24,Modoc,049,8938,782,271,1053,9
2022-06-24,Mono,051,14174,3083,184,3267,7
2022-06-24,Monterey,053,433212,85903,16871,102774,743
2022-06-24,Napa,055,140530,29427,1251,30678,148
2022-06-24,Nevada,057,99092,17477,1459,18936,134
2022-06-24,Orange,059,3164182,601346,50273,651619,7209
2022-06-24,Placer,061,380077,69462,8562,78024,638
2022-06-24,Plumas,063,18699,3279,397,3676,13
2022-06-24,Riverside,065,2383286,629856,30424,660280,6503
2022-06-24,Sacramento,067,1510023,313691,31092,344783,3150
2022-06-24,San Benito,069,59416,14386,711,15097,96
2022-06-24,San Bernardino,071,2135413,607908,26657,634565,7892
2022-06-24,San Diego,073,3302833,828724,60961,889685,5413
2022-06-24,San Francisco,075,870044,157679,10346,168025,931
2022-06-24,San Joaquin,077,732212,180069,11834,191903,2276
2022-06-24,San Luis Obispo,079,281455,57885,5465,63350,500
2022-06-24,San Mateo,081,765935,149095,9274,158369,729
2022-06-24,Santa Barbara,083,443738,94725,5534,100259,701
2022-06-24,Santa Clara,085,1922200,382390,16275,398665,2390
2022-06-24,Santa Cruz,087,273765,55547,2730,58277,267
2022-06-24,Shasta,089,179085,32167,6449,38616,571
2022-06-24,Sierra,091,2930,285,57,342,4
2022-06-24,Siskiyou,093,43540,4759,2983,7742,85
2022-06-24,Solano,095,438530,94103,6679,100782,453
2022-06-24,Sonoma,097,501317,96978,4289,101267,505
2022-06-24,Stanislaus,099,539301,125438,19232,144670,1709
2022-06-24,Sutter,101,95872,21804,2313,24117,228
2022-06-24,Tehama,103,63373,12592,2716,15308,208
2022-06-24,Trinity,105,12862,1249,297,1546,20
2022-06-24,Tulare,107,460477,111684,30174,141858,1512
2022-06-24,Tuolumne,109,53932,13861,704,14565,191
2022-06-24,Ventura,111,848112,188715,11793,200508,1524
2022-06-24,Yolo,113,214977,43441,3497,46938,367
2022-06-24,Yuba,115,75493,17065,1442,18507,128
2022-06-23,Alameda,001,1643700,305194,16818,322012,1912
2022-06-23,Alpine,002,1148,129,1,130,0
2022-06-23,Amador,005,37829,9212,762,9974,87
2022-06-23,Butte,007,227075,35815,7891,43706,447
2022-06-23,Calaveras,009,45235,7786,414,8200,126
2022-06-23,Colusa,011,21464,3550,1118,4668,22
2022-06-23,Contra Costa,013,1133247,223618,17056,240674,1367
2022-06-23,Del Norte,015,27424,6514,289,6803,53
2022-06-23,El Dorado,017,186661,29529,3688,33217,225
2022-06-23,Fresno,019,978130,250431,26707,277138,2790
2022-06-23,Glenn,021,27897,5218,1708,6926,56
2022-06-23,Humboldt,023,135768,19405,3957,23362,151
2022-06-23,Imperial,025,180216,58554,11497,70051,947
2022-06-23,Inyo,027,18085,4247,635,4882,56
2022-06-23,Kern,029,883053,201674,50411,252085,2359
2022-06-23,Kings,031,150075,53937,3650,57587,452
2022-06-23,Lake,033,64148,11540,1006,12546,140
2022-06-23,Lassen,035,31185,9307,926,10233,62
2022-06-23,Los Angeles,037,10098052,2958516,143180,3101696,32258
2022-06-23,Madera,039,155013,39519,6731,46250,371
2022-06-23,Marin,041,260295,31902,4469,36371,246
2022-06-23,Mariposa,043,17540,2749,267,3016,28
2022-06-23,Mendocino,045,87422,14385,3729,18114,130
2022-06-23,Merced,047,269075,66951,9973,76924,832
2022-06-23,Modoc,049,8938,781,271,1052,9
2022-06-23,Mono,051,14174,3081,183,3264,7
2022-06-23,Monterey,053,433212,85757,16819,102576,742
2022-06-23,Napa,055,140530,29369,1250,30619,148
2022-06-23,Nevada,057,99092,17444,1459,18903,134
2022-06-23,Orange,059,3164182,600328,50087,650415,7209
2022-06-23,Placer,061,380077,69322,8536,77858,637
2022-06-23,Plumas,063,18699,3274,395,3669,13
2022-06-23,Riverside,065,2383286,628934,30376,659310,6501
2022-06-23,Sacramento,067,1510023,313086,31045,344131,3149
2022-06-23,San Benito,069,59416,14355,709,15064,96
2022-06-23,San Bernardino,071,2135413,607112,26623,633735,7891
2022-06-23,San Diego,073,3302833,827254,60762,888016,5412
2022-06-23,San Francisco,075,870044,157219,10314,167533,931
2022-06-23,San Joaquin,077,732212,179791,11807,191598,2276
2022-06-23,San Luis Obispo,079,281455,57796,5433,63229,500
2022-06-23,San Mateo,081,765935,148746,9240,157986,729
2022-06-23,Santa Barbara,083,443738,94559,5506,100065,700
2022-06-23,Santa Clara,085,1922200,381393,16227,397620,2388
2022-06-23,Santa Cruz,087,273765,55436,2718,58154,267
2022-06-23,Shasta,089,179085,32125,6437,38562,571
2022-06-23,Sierra,091,2930,284,57,341,4
2022-06-23,Siskiyou,093,43540,4753,2976,7729,85
2022-06-23,Solano,095,438530,93853,6637,100490,453
2022-06-23,Sonoma,097,501317,96782,4269,101051,505
2022-06-23,Stanislaus,099,539301,125258,19201,144459,1709
2022-06-23,Sutter,101,95872,21770,2313,24083,228
2022-06-23,Tehama,103,63373,12583,2713,15296,208
2022-06-23,Trinity,105,12862,1247,297,1544,20
2022-06-23,Tulare,107,460477,111557,30105,141662,1512
2022-06-23,Tuolumne,109,53932,13834,692,14526,189
2022-06-23,Ventura,111,848112,188419,11756,200175,1524
2022-06-23,Yolo,113,214977,43336,3486,46822,367
2022-06-23,Yuba,115,75493,17044,1436,18480,127
2022-06-22,Alameda,001,1643700,304368,16759,321127,1911
2022-06-22,Alpine,002,1148,129,1,130,0
2022-06-22,Amador,005,37829,9206,761,9967,87
2022-06-22,Butte,007,227075,35749,7873,43622,446
2022-06-22,Calaveras,009,45235,7774,414,8188,125
2022-06-22,Colusa,011,21464,3547,1118,4665,22
2022-06-22,Contra Costa,013,1133247,223095,17001,240096,1364
2022-06-22,Del Norte,015,27424,6496,288,6784,52
2022-06-22,El Dorado,017,186661,29466,3675,33141,225
2022-06-22,Fresno,019,978130,250008,26652,276660,2790
2022-06-22,Glenn,021,27897,5216,1703,6919,56
2022-06-22,Humboldt,023,135768,19353,3937,23290,151
2022-06-22,Imperial,025,180216,58453,11463,69916,947
2022-06-22,Inyo,027,18085,4242,634,4876,56
2022-06-22,Kern,029,883053,201401,50277,251678,2359
2022-06-22,Kings,031,150075,53873,3646,57519,452
2022-06-22,Lake,033,64148,11523,1000,12523,140
2022-06-22,Lassen,035,31185,9299,924,10223,62
2022-06-22,Los Angeles,037,10098052,2953552,142715,3096267,32248
2022-06-22,Madera,039,155013,39462,6712,46174,371
2022-06-22,Marin,041,260295,31799,4463,36262,246
2022-06-22,Mariposa,043,17540,2743,264,3007,28
2022-06-22,Mendocino,045,87422,14369,3708,18077,130
2022-06-22,Merced,047,269075,66854,9949,76803,832
2022-06-22,Modoc,049,8938,780,267,1047,9
2022-06-22,Mono,051,14174,3080,181,3261,7
2022-06-22,Monterey,053,433212,85630,16776,102406,742
2022-06-22,Napa,055,140530,29298,1246,30544,148
2022-06-22,Nevada,057,99092,17425,1449,18874,134
2022-06-22,Orange,059,3164182,599129,49895,649024,7208
2022-06-22,Placer,061,380077,69207,8515,77722,636
2022-06-22,Plumas,063,18699,3264,395,3659,13
2022-06-22,Riverside,065,2383286,628083,30321,658404,6500
2022-06-22,Sacramento,067,1510023,312458,31009,343467,3146
2022-06-22,San Benito,069,59416,14330,706,15036,96
2022-06-22,San Bernardino,071,2135413,606313,26593,632906,7888
2022-06-22,San Diego,073,3302833,825650,60573,886223,5411
2022-06-22,San Francisco,075,870044,156741,10284,167025,930
2022-06-22,San Joaquin,077,732212,179528,11784,191312,2275
2022-06-22,San Luis Obispo,079,281455,57706,5398,63104,499
2022-06-22,San Mateo,081,765935,148336,9217,157553,729
2022-06-22,Santa Barbara,083,443738,94411,5492,99903,700
2022-06-22,Santa Clara,085,1922200,380291,16117,396408,2387
2022-06-22,Santa Cruz,087,273765,55317,2705,58022,266
2022-06-22,Shasta,089,179085,32080,6422,38502,571
2022-06-22,Sierra,091,2930,284,57,341,4
2022-06-22,Siskiyou,093,43540,4746,2973,7719,85
2022-06-22,Solano,095,438530,93594,6571,100165,453
2022-06-22,Sonoma,097,501317,96572,4248,100820,503
2022-06-22,Stanislaus,099,539301,125061,19144,144205,1708
2022-06-22,Sutter,101,95872,21738,2312,24050,228
2022-06-22,Tehama,103,63373,12572,2711,15283,208
2022-06-22,Trinity,105,12862,1245,297,1542,20
2022-06-22,Tulare,107,460477,111421,30025,141446,1512
2022-06-22,Tuolumne,109,53932,13815,686,14501,188
2022-06-22,Ventura,111,848112,188114,11704,199818,1524
2022-06-22,Yolo,113,214977,43214,3475,46689,367
2022-06-22,Yuba,115,75493,17023,1432,18455,127
2022-06-21,Alameda,001,1643700,303570,16722,320292,1910
2022-06-21,Alpine,002,1148,129,1,130,0
2022-06-21,Amador,005,37829,9199,758,9957,87
2022-06-21,Butte,007,227075,35677,7862,43539,446
2022-06-21,Calaveras,009,45235,7765,413,8178,124
2022-06-21,Colusa,011,21464,3545,1116,4661,22
2022-06-21,Contra Costa,013,1133247,222531,16952,239483,1361
2022-06-21,Del Norte,015,27424,6465,286,6751,52
2022-06-21,El Dorado,017,186661,29394,3668,33062,225
2022-06-21,Fresno,019,978130,249570,26585,276155,2790
2022-06-21,Glenn,021,27897,5209,1701,6910,56
2022-06-21,Humboldt,023,135768,19301,3924,23225,151
2022-06-21,Imperial,025,180216,58358,11428,69786,947
2022-06-21,Inyo,027,18085,4237,628,4865,56
2022-06-21,Kern,029,883053,201079,50094,251173,2359
2022-06-21,Kings,031,150075,53798,3645,57443,452
2022-06-21,Lake,033,64148,11500,997,12497,140
2022-06-21,Lassen,035,31185,9289,921,10210,62
2022-06-21,Los Angeles,037,10098052,2948728,142206,3090934,32239
2022-06-21,Madera,039,155013,39378,6701,46079,371
2022-06-21,Marin,041,260295,31709,4451,36160,246
2022-06-21,Mariposa,043,17540,2737,263,3000,28
2022-06-21,Mendocino,045,87422,14340,3699,18039,130
2022-06-21,Merced,047,269075,66754,9916,76670,831
2022-06-21,Modoc,049,8938,777,266,1043,9
2022-06-21,Mono,051,14174,3078,180,3258,7
2022-06-21,Monterey,053,433212,85474,16734,102208,742
2022-06-21,Napa,055,140530,29245,1245,30490,147
2022-06-21,Nevada,057,99092,17397,1446,18843,134
2022-06-21,Orange,059,3164182,597927,49744,647671,7205
2022-06-21,Placer,061,380077,69079,8491,77570,636
2022-06-21,Plumas,063,18699,3255,394,3649,13
2022-06-21,Riverside,065,2383286,627120,30261,657381,6499
2022-06-21,Sacramento,067,1510023,311764,30957,342721,3142
2022-06-21,San Benito,069,59416,14294,703,14997,96
2022-06-21,San Bernardino,071,2135413,605487,26546,632033,7884
2022-06-21,San Diego,073,3302833,823970,60371,884341,5409
2022-06-21,San Francisco,075,870044,156264,10253,166517,930
2022-06-21,San Joaquin,077,732212,179209,11755,190964,2274
2022-06-21,San Luis Obispo,079,281455,57595,5353,62948,499
2022-06-21,San Mateo,081,765935,147843,9197,157040,729
2022-06-21,Santa Barbara,083,443738,94244,5478,99722,699
2022-06-21,Santa Clara,085,1922200,379125,16068,395193,2383
2022-06-21,Santa Cruz,087,273765,55187,2697,57884,266
2022-06-21,Shasta,089,179085,32034,6404,38438,571
2022-06-21,Sierra,091,2930,284,57,341,4
2022-06-21,Siskiyou,093,43540,4738,2965,7703,84
2022-06-21,Solano,095,438530,93331,6553,99884,453
2022-06-21,Sonoma,097,501317,96335,4224,100559,503
2022-06-21,Stanislaus,099,539301,124869,19114,143983,1708
2022-06-21,Sutter,101,95872,21714,2310,24024,228
2022-06-21,Tehama,103,63373,12558,2711,15269,208
2022-06-21,Trinity,105,12862,1239,297,1536,20
2022-06-21,Tulare,107,460477,111283,29967,141250,1512
2022-06-21,Tuolumne,109,53932,13791,680,14471,187
2022-06-21,Ventura,111,848112,187791,11649,199440,1523
2022-06-21,Yolo,113,214977,43082,3463,46545,367
2022-06-21,Yuba,115,75493,16994,1431,18425,127
2022-06-20,Alameda,001,1643700,302671,16660,319331,1909
2022-06-20,Alpine,002,1148,129,1,130,0
2022-06-20,Amador,005,37829,9189,756,9945,87
2022-06-20,Butte,007,227075,35607,7847,43454,446
2022-06-20,Calaveras,009,45235,7757,413,8170,124
2022-06-20,Colusa,011,21464,3544,1115,4659,22
2022-06-20,Contra Costa,013,1133247,221929,16884,238813,1358
2022-06-20,Del Norte,015,27424,6453,282,6735,52
2022-06-20,El Dorado,017,186661,29324,3649,32973,225
2022-06-20,Fresno,019,978130,249079,26517,275596,2790
2022-06-20,Glenn,021,27897,5205,1698,6903,56
2022-06-20,Humboldt,023,135768,19253,3907,23160,150
2022-06-20,Imperial,025,180216,58225,11393,69618,947
2022-06-20,Inyo,027,18085,4233,623,4856,56
2022-06-20,Kern,029,883053,200782,49946,250728,2359
2022-06-20,Kings,031,150075,53717,3643,57360,452
2022-06-20,Lake,033,64148,11478,995,12473,140
2022-06-20,Lassen,035,31185,9284,920,10204,62
2022-06-20,Los Angeles,037,10098052,2943318,141724,3085042,32227
2022-06-20,Madera,039,155013,39316,6683,45999,371
2022-06-20,Marin,041,260295,31606,4428,36034,246
2022-06-20,Mariposa,043,17540,2723,263,2986,28
2022-06-20,Mendocino,045,87422,14311,3694,18005,130
2022-06-20,Merced,047,269075,66661,9890,76551,831
2022-06-20,Modoc,049,8938,776,265,1041,9
2022-06-20,Mono,051,14174,3077,177,3254,7
2022-06-20,Monterey,053,433212,85325,16670,101995,742
2022-06-20,Napa,055,140530,29173,1242,30415,147
2022-06-20,Nevada,057,99092,17372,1437,18809,134
2022-06-20,Orange,059,3164182,596645,49579,646224,7205
2022-06-20,Placer,061,380077,68959,8463,77422,634
2022-06-20,Plumas,063,18699,3249,394,3643,13
2022-06-20,Riverside,065,2383286,626180,30193,656373,6496
2022-06-20,Sacramento,067,1510023,311057,30880,341937,3142
2022-06-20,San Benito,069,59416,14248,697,14945,96
2022-06-20,San Bernardino,071,2135413,604585,26508,631093,7883
2022-06-20,San Diego,073,3302833,821982,60117,882099,5407
2022-06-20,San Francisco,075,870044,155648,10214,165862,929
2022-06-20,San Joaquin,077,732212,178882,11709,190591,2274
2022-06-20,San Luis Obispo,079,281455,57491,5305,62796,498
2022-06-20,San Mateo,081,765935,147335,9172,156507,729
2022-06-20,Santa Barbara,083,443738,94059,5453,99512,699
2022-06-20,Santa Clara,085,1922200,377920,16007,393927,2382
2022-06-20,Santa Cruz,087,273765,55014,2690,57704,265
2022-06-20,Shasta,089,179085,31977,6392,38369,571
2022-06-20,Sierra,091,2930,284,56,340,4
2022-06-20,Siskiyou,093,43540,4725,2953,7678,84
2022-06-20,Solano,095,438530,92999,6531,99530,453
2022-06-20,Sonoma,097,501317,96096,4198,100294,503
2022-06-20,Stanislaus,099,539301,124683,19085,143768,1708
2022-06-20,Sutter,101,95872,21683,2292,23975,228
2022-06-20,Tehama,103,63373,12543,2708,15251,208
2022-06-20,Trinity,105,12862,1234,297,1531,20
2022-06-20,Tulare,107,460477,111137,29902,141039,1512
2022-06-20,Tuolumne,109,53932,13755,680,14435,187
2022-06-20,Ventura,111,848112,187455,11609,199064,1523
2022-06-20,Yolo,113,214977,42920,3445,46365,367
2022-06-20,Yuba,115,75493,16968,1425,18393,126
2022-06-19,Alameda,001,1643700,301752,16629,318381,1908
2022-06-19,Alpine,002,1148,129,1,130,0
2022-06-19,Amador,005,37829,9139,743,9882,87
2022-06-19,Butte,007,227075,35545,7824,43369,446
2022-06-19,Calaveras,009,45235,7739,412,8151,124
2022-06-19,Colusa,011,21464,3540,1111,4651,21
2022-06-19,Contra Costa,013,1133247,221239,16819,238058,1357
2022-06-19,Del Norte,015,27424,6436,279,6715,52
2022-06-19,El Dorado,017,186661,29243,3634,32877,225
2022-06-19,Fresno,019,978130,248628,26448,275076,2789
2022-06-19,Glenn,021,27897,5196,1696,6892,56
2022-06-19,Humboldt,023,135768,19207,3882,23089,150
2022-06-19,Imperial,025,180216,58102,11360,69462,947
2022-06-19,Inyo,027,18085,4232,622,4854,56
2022-06-19,Kern,029,883053,200415,49773,250188,2359
2022-06-19,Kings,031,150075,53623,3640,57263,452
2022-06-19,Lake,033,64148,11464,994,12458,140
2022-06-19,Lassen,035,31185,9271,920,10191,62
2022-06-19,Los Angeles,037,10098052,2938451,141168,3079619,32219
2022-06-19,Madera,039,155013,39224,6662,45886,371
2022-06-19,Marin,041,260295,31478,4418,35896,246
2022-06-19,Mariposa,043,17540,2716,262,2978,28
2022-06-19,Mendocino,045,87422,14284,3681,17965,130
2022-06-19,Merced,047,269075,66560,9860,76420,831
2022-06-19,Modoc,049,8938,773,264,1037,9
2022-06-19,Mono,051,14174,3075,176,3251,7
2022-06-19,Monterey,053,433212,85177,16624,101801,742
2022-06-19,Napa,055,140530,29112,1238,30350,147
2022-06-19,Nevada,057,99092,17342,1429,18771,134
2022-06-19,Orange,059,3164182,595343,49379,644722,7203
2022-06-19,Placer,061,380077,68840,8435,77275,634
2022-06-19,Plumas,063,18699,3241,394,3635,13
2022-06-19,Riverside,065,2383286,625307,30144,655451,6495
2022-06-19,Sacramento,067,1510023,310326,30823,341149,3139
2022-06-19,San Benito,069,59416,14229,695,14924,96
2022-06-19,San Bernardino,071,2135413,603760,26471,630231,7882
2022-06-19,San Diego,073,3302833,820451,59994,880445,5406
2022-06-19,San Francisco,075,870044,155129,10175,165304,928
2022-06-19,San Joaquin,077,732212,178559,11671,190230,2273
2022-06-19,San Luis Obispo,079,281455,57350,5248,62598,497
2022-06-19,San Mateo,081,765935,146880,9139,156019,729
2022-06-19,Santa Barbara,083,443738,93889,5437,99326,699
2022-06-19,Santa Clara,085,1922200,376742,15944,392686,2380
2022-06-19,Santa Cruz,087,273765,54851,2671,57522,265
2022-06-19,Shasta,089,179085,31918,6381,38299,571
2022-06-19,Sierra,091,2930,284,56,340,4
2022-06-19,Siskiyou,093,43540,4713,2947,7660,84
2022-06-19,Solano,095,438530,92740,6518,99258,453
2022-06-19,Sonoma,097,501317,95854,4177,100031,503
2022-06-19,Stanislaus,099,539301,124497,19036,143533,1708
2022-06-19,Sutter,101,95872,21648,2284,23932,228
2022-06-19,Tehama,103,63373,12534,2702,15236,208
2022-06-19,Trinity,105,12862,1231,297,1528,20
2022-06-19,Tulare,107,460477,110953,29847,140800,1510
2022-06-19,Tuolumne,109,53932,13728,680,14408,187
2022-06-19,Ventura,111,848112,187103,11564,198667,1523
2022-06-19,Yolo,113,214977,42832,3432,46264,366
2022-06-19,Yuba,115,75493,16936,1422,18358,126
2022-06-18,Alameda,001,1643700,301284,16609,317893,1905
2022-06-18,Alpine,002,1148,129,1,130,0
2022-06-18,Amador,005,37829,9132,739,9871,87
2022-06-18,Butte,007,227075,35495,7813,43308,446
2022-06-18,Calaveras,009,45235,7727,412,8139,124
2022-06-18,Colusa,011,21464,3537,1111,4648,21
2022-06-18,Contra Costa,013,1133247,220924,16791,237715,1356
2022-06-18,Del Norte,015,27424,6430,278,6708,52
2022-06-18,El Dorado,017,186661,29214,3631,32845,224
2022-06-18,Fresno,019,978130,248427,26429,274856,2789
2022-06-18,Glenn,021,27897,5193,1695,6888,56
2022-06-18,Humboldt,023,135768,19178,3875,23053,150
2022-06-18,Imperial,025,180216,58032,11347,69379,947
2022-06-18,Inyo,027,18085,4231,621,4852,56
2022-06-18,Kern,029,883053,200291,49676,249967,2358
2022-06-18,Kings,031,150075,53587,3639,57226,452
2022-06-18,Lake,033,64148,11453,992,12445,140
2022-06-18,Lassen,035,31185,9267,920,10187,62
2022-06-18,Los Angeles,037,10098052,2936008,140878,3076886,32214
2022-06-18,Madera,039,155013,39200,6656,45856,371
2022-06-18,Marin,041,260295,31414,4408,35822,246
2022-06-18,Mariposa,043,17540,2711,262,2973,28
2022-06-18,Mendocino,045,87422,14262,3678,17940,130
2022-06-18,Merced,047,269075,66495,9850,76345,831
2022-06-18,Modoc,049,8938,773,264,1037,9
2022-06-18,Mono,051,14174,3074,176,3250,7
2022-06-18,Monterey,053,433212,85086,16596,101682,742
2022-06-18,Napa,055,140530,29087,1237,30324,146
2022-06-18,Nevada,057,99092,17330,1428,18758,133
2022-06-18,Orange,059,3164182,594702,49259,643961,7200
2022-06-18,Placer,061,380077,68774,8421,77195,634
2022-06-18,Plumas,063,18699,3233,394,3627,13
2022-06-18,Riverside,065,2383286,624773,30129,654902,6495
2022-06-18,Sacramento,067,1510023,310006,30799,340805,3138
2022-06-18,San Benito,069,59416,14214,688,14902,96
2022-06-18,San Bernardino,071,2135413,603330,26449,629779,7879
2022-06-18,San Diego,073,3302833,819734,59933,879667,5405
2022-06-18,San Francisco,075,870044,154798,10156,164954,927
2022-06-18,San Joaquin,077,732212,178396,11662,190058,2270
2022-06-18,San Luis Obispo,079,281455,57305,5239,62544,496
2022-06-18,San Mateo,081,765935,146610,9117,155727,728
2022-06-18,Santa Barbara,083,443738,93778,5427,99205,698
2022-06-18,Santa Clara,085,1922200,375988,15898,391886,2380
2022-06-18,Santa Cruz,087,273765,54775,2661,57436,265
2022-06-18,Shasta,089,179085,31897,6378,38275,571
2022-06-18,Sierra,091,2930,284,56,340,4
2022-06-18,Siskiyou,093,43540,4705,2943,7648,84
2022-06-18,Solano,095,438530,92656,6509,99165,453
2022-06-18,Sonoma,097,501317,95714,4159,99873,503
2022-06-18,Stanislaus,099,539301,124390,19015,143405,1708
2022-06-18,Sutter,101,95872,21627,2281,23908,228
2022-06-18,Tehama,103,63373,12525,2698,15223,208
2022-06-18,Trinity,105,12862,1230,297,1527,20
2022-06-18,Tulare,107,460477,110867,29807,140674,1508
2022-06-18,Tuolumne,109,53932,13706,677,14383,187
2022-06-18,Ventura,111,848112,186928,11541,198469,1523
2022-06-18,Yolo,113,214977,42763,3427,46190,366
2022-06-18,Yuba,115,75493,16923,1422,18345,126
2022-06-17,Alameda,001,1643700,300811,16596,317407,1904
2022-06-17,Alpine,002,1148,129,1,130,0
2022-06-17,Amador,005,37829,9123,739,9862,87
2022-06-17,Butte,007,227075,35464,7803,43267,445
2022-06-17,Calaveras,009,45235,7719,412,8131,124
2022-06-17,Colusa,011,21464,3536,1106,4642,21
2022-06-17,Contra Costa,013,1133247,220623,16765,237388,1355
2022-06-17,Del Norte,015,27424,6416,278,6694,51
2022-06-17,El Dorado,017,186661,29181,3627,32808,224
2022-06-17,Fresno,019,978130,248181,26401,274582,2789
2022-06-17,Glenn,021,27897,5192,1689,6881,56
2022-06-17,Humboldt,023,135768,19151,3871,23022,150
2022-06-17,Imperial,025,180216,57979,11335,69314,947
2022-06-17,Inyo,027,18085,4227,615,4842,56
2022-06-17,Kern,029,883053,200137,49620,249757,2357
2022-06-17,Kings,031,150075,53560,3638,57198,452
2022-06-17,Lake,033,64148,11445,991,12436,140
2022-06-17,Lassen,035,31185,9266,919,10185,62
2022-06-17,Los Angeles,037,10098052,2933163,140579,3073742,32205
2022-06-17,Madera,039,155013,39173,6650,45823,371
2022-06-17,Marin,041,260295,31319,4395,35714,246
2022-06-17,Mariposa,043,17540,2707,262,2969,28
2022-06-17,Mendocino,045,87422,14245,3674,17919,130
2022-06-17,Merced,047,269075,66438,9845,76283,831
2022-06-17,Modoc,049,8938,773,264,1037,9
2022-06-17,Mono,051,14174,3074,176,3250,7
2022-06-17,Monterey,053,433212,84996,16566,101562,742
2022-06-17,Napa,055,140530,29048,1234,30282,146
2022-06-17,Nevada,057,99092,17312,1423,18735,133
2022-06-17,Orange,059,3164182,594023,49121,643144,7200
2022-06-17,Placer,061,380077,68714,8407,77121,634
2022-06-17,Plumas,063,18699,3232,393,3625,13
2022-06-17,Riverside,065,2383286,624222,30093,654315,6494
2022-06-17,Sacramento,067,1510023,309618,30776,340394,3136
2022-06-17,San Benito,069,59416,14202,688,14890,95
2022-06-17,San Bernardino,071,2135413,602891,26418,629309,7878
2022-06-17,San Diego,073,3302833,818769,59830,878599,5401
2022-06-17,San Francisco,075,870044,154483,10123,164606,923
2022-06-17,San Joaquin,077,732212,178243,11651,189894,2270
2022-06-17,San Luis Obispo,079,281455,57268,5233,62501,496
2022-06-17,San Mateo,081,765935,146306,9098,155404,727
2022-06-17,Santa Barbara,083,443738,93672,5415,99087,698
2022-06-17,Santa Clara,085,1922200,375162,15867,391029,2379
2022-06-17,Santa Cruz,087,273765,54709,2656,57365,265
2022-06-17,Shasta,089,179085,31870,6370,38240,571
2022-06-17,Sierra,091,2930,284,56,340,4
2022-06-17,Siskiyou,093,43540,4698,2943,7641,84
2022-06-17,Solano,095,438530,92510,6497,99007,453
2022-06-17,Sonoma,097,501317,95548,4142,99690,503
2022-06-17,Stanislaus,099,539301,124294,19005,143299,1706
2022-06-17,Sutter,101,95872,21605,2275,23880,228
2022-06-17,Tehama,103,63373,12510,2695,15205,208
2022-06-17,Trinity,105,12862,1230,297,1527,20
2022-06-17,Tulare,107,460477,110778,29775,140553,1508
2022-06-17,Tuolumne,109,53932,13693,676,14369,187
2022-06-17,Ventura,111,848112,186748,11520,198268,1523
2022-06-17,Yolo,113,214977,42680,3414,46094,366
2022-06-17,Yuba,115,75493,16916,1419,18335,126
2022-06-16,Alameda,001,1643700,300028,16548,316576,1903
2022-06-16,Alpine,002,1148,129,1,130,0
2022-06-16,Amador,005,37829,9116,734,9850,87
2022-06-16,Butte,007,227075,35389,7787,43176,444
2022-06-16,Calaveras,009,45235,7707,410,8117,124
2022-06-16,Colusa,011,21464,3534,1105,4639,21
2022-06-16,Contra Costa,013,1133247,220159,16714,236873,1355
2022-06-16,Del Norte,015,27424,6402,277,6679,51
2022-06-16,El Dorado,017,186661,29129,3615,32744,224
2022-06-16,Fresno,019,978130,247807,26339,274146,2788
2022-06-16,Glenn,021,27897,5183,1688,6871,56
2022-06-16,Humboldt,023,135768,19121,3857,22978,150
2022-06-16,Imperial,025,180216,57880,11306,69186,947
2022-06-16,Inyo,027,18085,4226,612,4838,56
2022-06-16,Kern,029,883053,199926,49502,249428,2355
2022-06-16,Kings,031,150075,53493,3635,57128,452
2022-06-16,Lake,033,64148,11429,991,12420,140
2022-06-16,Lassen,035,31185,9259,919,10178,62
2022-06-16,Los Angeles,037,10098052,2929174,140221,3069395,32193
2022-06-16,Madera,039,155013,39142,6640,45782,371
2022-06-16,Marin,041,260295,31219,4382,35601,246
2022-06-16,Mariposa,043,17540,2699,260,2959,28
2022-06-16,Mendocino,045,87422,14216,3664,17880,130
2022-06-16,Merced,047,269075,66359,9826,76185,831
2022-06-16,Modoc,049,8938,773,264,1037,9
2022-06-16,Mono,051,14174,3073,175,3248,7
2022-06-16,Monterey,053,433212,84848,16512,101360,742
2022-06-16,Napa,055,140530,29001,1231,30232,146
2022-06-16,Nevada,057,99092,17289,1418,18707,133
2022-06-16,Orange,059,3164182,592994,48963,641957,7197
2022-06-16,Placer,061,380077,68629,8384,77013,634
2022-06-16,Plumas,063,18699,3225,392,3617,13
2022-06-16,Riverside,065,2383286,623476,30049,653525,6494
2022-06-16,Sacramento,067,1510023,309038,30741,339779,3133
2022-06-16,San Benito,069,59416,14177,685,14862,95
2022-06-16,San Bernardino,071,2135413,602232,26380,628612,7875
2022-06-16,San Diego,073,3302833,817248,59671,876919,5399
2022-06-16,San Francisco,075,870044,154035,10082,164117,920
2022-06-16,San Joaquin,077,732212,177990,11631,189621,2268
2022-06-16,San Luis Obispo,079,281455,57190,5213,62403,495
2022-06-16,San Mateo,081,765935,145939,9082,155021,727
2022-06-16,Santa Barbara,083,443738,93523,5402,98925,698
2022-06-16,Santa Clara,085,1922200,374216,15819,390035,2377
2022-06-16,Santa Cruz,087,273765,54576,2644,57220,265
2022-06-16,Shasta,089,179085,31839,6359,38198,571
2022-06-16,Sierra,091,2930,283,56,339,4
2022-06-16,Siskiyou,093,43540,4689,2934,7623,84
2022-06-16,Solano,095,438530,92314,6485,98799,453
2022-06-16,Sonoma,097,501317,95361,4125,99486,503
2022-06-16,Stanislaus,099,539301,124132,18988,143120,1706
2022-06-16,Sutter,101,95872,21580,2273,23853,228
2022-06-16,Tehama,103,63373,12491,2693,15184,208
2022-06-16,Trinity,105,12862,1228,294,1522,20
2022-06-16,Tulare,107,460477,110647,29735,140382,1508
2022-06-16,Tuolumne,109,53932,13669,672,14341,187
2022-06-16,Ventura,111,848112,186477,11475,197952,1523
2022-06-16,Yolo,113,214977,42589,3403,45992,365
2022-06-16,Yuba,115,75493,16892,1415,18307,126
2022-06-15,Alameda,001,1643700,299244,16522,315766,1900
2022-06-15,Alpine,002,1148,129,1,130,0
2022-06-15,Amador,005,37829,9108,734,9842,87
2022-06-15,Butte,007,227075,35326,7768,43094,443
2022-06-15,Calaveras,009,45235,7704,408,8112,124
2022-06-15,Colusa,011,21464,3530,1103,4633,21
2022-06-15,Contra Costa,013,1133247,219696,16670,236366,1352
2022-06-15,Del Norte,015,27424,6391,276,6667,51
2022-06-15,El Dorado,017,186661,29075,3603,32678,223
2022-06-15,Fresno,019,978130,247434,26293,273727,2788
2022-06-15,Glenn,021,27897,5177,1680,6857,56
2022-06-15,Humboldt,023,135768,19083,3832,22915,150
2022-06-15,Imperial,025,180216,57797,11281,69078,947
2022-06-15,Inyo,027,18085,4224,611,4835,56
2022-06-15,Kern,029,883053,199661,49389,249050,2355
2022-06-15,Kings,031,150075,53440,3632,57072,452
2022-06-15,Lake,033,64148,11409,986,12395,140
2022-06-15,Lassen,035,31185,9255,918,10173,62
2022-06-15,Los Angeles,037,10098052,2924886,139860,3064746,32182
2022-06-15,Madera,039,155013,39097,6623,45720,371
2022-06-15,Marin,041,260295,31129,4376,35505,246
2022-06-15,Mariposa,043,17540,2695,258,2953,28
2022-06-15,Mendocino,045,87422,14184,3654,17838,130
2022-06-15,Merced,047,269075,66278,9814,76092,829
2022-06-15,Modoc,049,8938,772,264,1036,9
2022-06-15,Mono,051,14174,3073,174,3247,7
2022-06-15,Monterey,053,433212,84705,16473,101178,742
2022-06-15,Napa,055,140530,28941,1222,30163,146
2022-06-15,Nevada,057,99092,17264,1414,18678,133
2022-06-15,Orange,059,3164182,591956,48775,640731,7197
2022-06-15,Placer,061,380077,68505,8368,76873,633
2022-06-15,Plumas,063,18699,3220,390,3610,13
2022-06-15,Riverside,065,2383286,622747,29997,652744,6491
2022-06-15,Sacramento,067,1510023,308439,30690,339129,3133
2022-06-15,San Benito,069,59416,14137,678,14815,95
2022-06-15,San Bernardino,071,2135413,601574,26340,627914,7873
2022-06-15,San Diego,073,3302833,815700,59503,875203,5399
2022-06-15,San Francisco,075,870044,153609,10057,163666,920
2022-06-15,San Joaquin,077,732212,177745,11596,189341,2268
2022-06-15,San Luis Obispo,079,281455,57102,5176,62278,493
2022-06-15,San Mateo,081,765935,145539,9066,154605,727
2022-06-15,Santa Barbara,083,443738,93390,5395,98785,697
2022-06-15,Santa Clara,085,1922200,373206,15783,388989,2376
2022-06-15,Santa Cruz,087,273765,54461,2639,57100,265
2022-06-15,Shasta,089,179085,31799,6352,38151,571
2022-06-15,Sierra,091,2930,281,56,337,4
2022-06-15,Siskiyou,093,43540,4678,2924,7602,84
2022-06-15,Solano,095,438530,92083,6473,98556,453
2022-06-15,Sonoma,097,501317,95169,4113,99282,502
2022-06-15,Stanislaus,099,539301,123990,18963,142953,1706
2022-06-15,Sutter,101,95872,21552,2268,23820,228
2022-06-15,Tehama,103,63373,12483,2687,15170,208
2022-06-15,Trinity,105,12862,1227,292,1519,20
2022-06-15,Tulare,107,460477,110543,29698,140241,1506
2022-06-15,Tuolumne,109,53932,13658,672,14330,187
2022-06-15,Ventura,111,848112,186205,11426,197631,1522
2022-06-15,Yolo,113,214977,42485,3388,45873,365
2022-06-15,Yuba,115,75493,16867,1410,18277,126
2022-06-14,Alameda,001,1643700,298544,16480,315024,1898
2022-06-14,Alpine,002,1148,129,1,130,0
2022-06-14,Amador,005,37829,9092,729,9821,87
2022-06-14,Butte,007,227075,35271,7752,43023,442
2022-06-14,Calaveras,009,45235,7693,407,8100,124
2022-06-14,Colusa,011,21464,3528,1102,4630,21
2022-06-14,Contra Costa,013,1133247,219160,16610,235770,1352
2022-06-14,Del Norte,015,27424,6383,273,6656,51
2022-06-14,El Dorado,017,186661,29023,3595,32618,223
2022-06-14,Fresno,019,978130,247036,26231,273267,2788
2022-06-14,Glenn,021,27897,5168,1677,6845,56
2022-06-14,Humboldt,023,135768,19033,3815,22848,150
2022-06-14,Imperial,025,180216,57723,11250,68973,947
2022-06-14,Inyo,027,18085,4218,610,4828,56
2022-06-14,Kern,029,883053,199399,49260,248659,2354
2022-06-14,Kings,031,150075,53370,3630,57000,451
2022-06-14,Lake,033,64148,11383,985,12368,140
2022-06-14,Lassen,035,31185,9249,915,10164,62
2022-06-14,Los Angeles,037,10098052,2920363,139440,3059803,32176
2022-06-14,Madera,039,155013,39043,6614,45657,371
2022-06-14,Marin,041,260295,31020,4365,35385,246
2022-06-14,Mariposa,043,17540,2684,255,2939,28
2022-06-14,Mendocino,045,87422,14156,3641,17797,130
2022-06-14,Merced,047,269075,66196,9789,75985,829
2022-06-14,Modoc,049,8938,772,263,1035,9
2022-06-14,Mono,051,14174,3073,173,3246,7
2022-06-14,Monterey,053,433212,84567,16427,100994,741
2022-06-14,Napa,055,140530,28876,1221,30097,146
2022-06-14,Nevada,057,99092,17233,1408,18641,133
2022-06-14,Orange,059,3164182,590824,48599,639423,7195
2022-06-14,Placer,061,380077,68382,8353,76735,633
2022-06-14,Plumas,063,18699,3216,390,3606,13
2022-06-14,Riverside,065,2383286,621964,29962,651926,6491
2022-06-14,Sacramento,067,1510023,307807,30605,338412,3131
2022-06-14,San Benito,069,59416,14102,676,14778,95
2022-06-14,San Bernardino,071,2135413,600854,26296,627150,7872
2022-06-14,San Diego,073,3302833,813989,59356,873345,5399
2022-06-14,San Francisco,075,870044,153124,10028,163152,917
2022-06-14,San Joaquin,077,732212,177475,11559,189034,2268
2022-06-14,San Luis Obispo,079,281455,56993,5128,62121,493
2022-06-14,San Mateo,081,765935,145152,9052,154204,727
2022-06-14,Santa Barbara,083,443738,93254,5379,98633,697
2022-06-14,Santa Clara,085,1922200,372137,15739,387876,2374
2022-06-14,Santa Cruz,087,273765,54334,2628,56962,265
2022-06-14,Shasta,089,179085,31769,6344,38113,571
2022-06-14,Sierra,091,2930,281,56,337,4
2022-06-14,Siskiyou,093,43540,4668,2918,7586,83
2022-06-14,Solano,095,438530,91820,6451,98271,453
2022-06-14,Sonoma,097,501317,94954,4099,99053,502
2022-06-14,Stanislaus,099,539301,123813,18933,142746,1704
2022-06-14,Sutter,101,95872,21514,2264,23778,228
2022-06-14,Tehama,103,63373,12465,2686,15151,208
2022-06-14,Trinity,105,12862,1226,292,1518,20
2022-06-14,Tulare,107,460477,110397,29652,140049,1504
2022-06-14,Tuolumne,109,53932,13637,668,14305,187
2022-06-14,Ventura,111,848112,185912,11388,197300,1522
2022-06-14,Yolo,113,214977,42378,3377,45755,365
2022-06-14,Yuba,115,75493,16837,1407,18244,126
2022-06-13,Alameda,001,1643700,297720,16427,314147,1898
2022-06-13,Alpine,002,1148,129,1,130,0
2022-06-13,Amador,005,37829,9085,727,9812,87
2022-06-13,Butte,007,227075,35193,7727,42920,442
2022-06-13,Calaveras,009,45235,7675,407,8082,124
2022-06-13,Colusa,011,21464,3528,1099,4627,21
2022-06-13,Contra Costa,013,1133247,218581,16543,235124,1351
2022-06-13,Del Norte,015,27424,6371,269,6640,51
2022-06-13,El Dorado,017,186661,28973,3583,32556,223
2022-06-13,Fresno,019,978130,246608,26175,272783,2788
2022-06-13,Glenn,021,27897,5164,1673,6837,56
2022-06-13,Humboldt,023,135768,18979,3791,22770,150
2022-06-13,Imperial,025,180216,57623,11205,68828,947
2022-06-13,Inyo,027,18085,4214,605,4819,56
2022-06-13,Kern,029,883053,199130,49110,248240,2354
2022-06-13,Kings,031,150075,53304,3626,56930,451
2022-06-13,Lake,033,64148,11358,984,12342,140
2022-06-13,Lassen,035,31185,9241,912,10153,62
2022-06-13,Los Angeles,037,10098052,2915790,139050,3054840,32170
2022-06-13,Madera,039,155013,38976,6596,45572,371
2022-06-13,Marin,041,260295,30913,4337,35250,246
2022-06-13,Mariposa,043,17540,2670,254,2924,28
2022-06-13,Mendocino,045,87422,14131,3625,17756,130
2022-06-13,Merced,047,269075,66120,9761,75881,828
2022-06-13,Modoc,049,8938,771,263,1034,9
2022-06-13,Mono,051,14174,3071,173,3244,6
2022-06-13,Monterey,053,433212,84431,16376,100807,741
2022-06-13,Napa,055,140530,28802,1217,30019,146
2022-06-13,Nevada,057,99092,17202,1405,18607,133
2022-06-13,Orange,059,3164182,589584,48407,637991,7195
2022-06-13,Placer,061,380077,68285,8330,76615,633
2022-06-13,Plumas,063,18699,3211,389,3600,13
2022-06-13,Riverside,065,2383286,621220,29928,651148,6491
2022-06-13,Sacramento,067,1510023,307126,30535,337661,3130
2022-06-13,San Benito,069,59416,14075,670,14745,95
2022-06-13,San Bernardino,071,2135413,600052,26265,626317,7871
2022-06-13,San Diego,073,3302833,812285,59248,871533,5398
2022-06-13,San Francisco,075,870044,152589,10010,162599,917
2022-06-13,San Joaquin,077,732212,177211,11521,188732,2268
2022-06-13,San Luis Obispo,079,281455,56890,5076,61966,488
2022-06-13,San Mateo,081,765935,144712,9030,153742,727
2022-06-13,Santa Barbara,083,443738,93125,5366,98491,697
2022-06-13,Santa Clara,085,1922200,371111,15688,386799,2372
2022-06-13,Santa Cruz,087,273765,54196,2621,56817,264
2022-06-13,Shasta,089,179085,31736,6337,38073,570
2022-06-13,Sierra,091,2930,281,56,337,4
2022-06-13,Siskiyou,093,43540,4664,2910,7574,83
2022-06-13,Solano,095,438530,91579,6427,98006,453
2022-06-13,Sonoma,097,501317,94696,4080,98776,502
2022-06-13,Stanislaus,099,539301,123646,18909,142555,1703
2022-06-13,Sutter,101,95872,21486,2260,23746,228
2022-06-13,Tehama,103,63373,12446,2683,15129,208
2022-06-13,Trinity,105,12862,1224,292,1516,20
2022-06-13,Tulare,107,460477,110239,29602,139841,1504
2022-06-13,Tuolumne,109,53932,13614,665,14279,187
2022-06-13,Ventura,111,848112,185620,11336,196956,1522
2022-06-13,Yolo,113,214977,42240,3365,45605,365
2022-06-13,Yuba,115,75493,16819,1403,18222,126
2022-06-12,Alameda,001,1643700,296900,16372,313272,1898
2022-06-12,Alpine,002,1148,129,1,130,0
2022-06-12,Amador,005,37829,9062,726,9788,87
2022-06-12,Butte,007,227075,35136,7706,42842,441
2022-06-12,Calaveras,009,45235,7661,404,8065,124
2022-06-12,Colusa,011,21464,3527,1098,4625,21
2022-06-12,Contra Costa,013,1133247,217990,16472,234462,1350
2022-06-12,Del Norte,015,27424,6357,269,6626,51
2022-06-12,El Dorado,017,186661,28912,3566,32478,223
2022-06-12,Fresno,019,978130,246140,26121,272261,2788
2022-06-12,Glenn,021,27897,5161,1671,6832,56
2022-06-12,Humboldt,023,135768,18914,3755,22669,150
2022-06-12,Imperial,025,180216,57545,11161,68706,947
2022-06-12,Inyo,027,18085,4212,604,4816,56
2022-06-12,Kern,029,883053,198848,48976,247824,2354
2022-06-12,Kings,031,150075,53226,3621,56847,451
2022-06-12,Lake,033,64148,11334,983,12317,140
2022-06-12,Lassen,035,31185,9223,910,10133,62
2022-06-12,Los Angeles,037,10098052,2910840,138569,3049409,32163
2022-06-12,Madera,039,155013,38883,6570,45453,371
2022-06-12,Marin,041,260295,30803,4313,35116,246
2022-06-12,Mariposa,043,17540,2664,253,2917,28
2022-06-12,Mendocino,045,87422,14108,3619,17727,130
2022-06-12,Merced,047,269075,66005,9732,75737,828
2022-06-12,Modoc,049,8938,771,263,1034,9
2022-06-12,Mono,051,14174,3067,172,3239,6
2022-06-12,Monterey,053,433212,84274,16298,100572,741
2022-06-12,Napa,055,140530,28740,1208,29948,146
2022-06-12,Nevada,057,99092,17158,1399,18557,133
2022-06-12,Orange,059,3164182,588303,48207,636510,7194
2022-06-12,Placer,061,380077,68171,8308,76479,633
2022-06-12,Plumas,063,18699,3205,388,3593,13
2022-06-12,Riverside,065,2383286,620274,29860,650134,6489
2022-06-12,Sacramento,067,1510023,306380,30424,336804,3129
2022-06-12,San Benito,069,59416,14041,664,14705,95
2022-06-12,San Bernardino,071,2135413,599123,26215,625338,7871
2022-06-12,San Diego,073,3302833,810552,59112,869664,5398
2022-06-12,San Francisco,075,870044,152042,9966,162008,915
2022-06-12,San Joaquin,077,732212,176853,11495,188348,2268
2022-06-12,San Luis Obispo,079,281455,56753,5015,61768,488
2022-06-12,San Mateo,081,765935,144245,8990,153235,727
2022-06-12,Santa Barbara,083,443738,92952,5351,98303,697
2022-06-12,Santa Clara,085,1922200,369927,15642,385569,2370
2022-06-12,Santa Cruz,087,273765,54036,2616,56652,264
2022-06-12,Shasta,089,179085,31689,6323,38012,570
2022-06-12,Sierra,091,2930,281,56,337,4
2022-06-12,Siskiyou,093,43540,4656,2905,7561,83
2022-06-12,Solano,095,438530,91285,6408,97693,453
2022-06-12,Sonoma,097,501317,94440,4056,98496,501
2022-06-12,Stanislaus,099,539301,123446,18868,142314,1703
2022-06-12,Sutter,101,95872,21446,2245,23691,228
2022-06-12,Tehama,103,63373,12427,2678,15105,208
2022-06-12,Trinity,105,12862,1221,292,1513,20
2022-06-12,Tulare,107,460477,110043,29537,139580,1504
2022-06-12,Tuolumne,109,53932,13586,663,14249,187
2022-06-12,Ventura,111,848112,185264,11289,196553,1522
2022-06-12,Yolo,113,214977,42119,3360,45479,364
2022-06-12,Yuba,115,75493,16791,1396,18187,126
2022-06-11,Alameda,001,1643700,296485,16350,312835,1898
2022-06-11,Alpine,002,1148,129,1,130,0
2022-06-11,Amador,005,37829,9048,726,9774,87
2022-06-11,Butte,007,227075,35101,7690,42791,441
2022-06-11,Calaveras,009,45235,7654,403,8057,124
2022-06-11,Colusa,011,21464,3525,1097,4622,21
2022-06-11,Contra Costa,013,1133247,217677,16437,234114,1346
2022-06-11,Del Norte,015,27424,6349,269,6618,51
2022-06-11,El Dorado,017,186661,28893,3564,32457,223
2022-06-11,Fresno,019,978130,245944,26101,272045,2787
2022-06-11,Glenn,021,27897,5159,1671,6830,56
2022-06-11,Humboldt,023,135768,18894,3747,22641,150
2022-06-11,Imperial,025,180216,57489,11145,68634,946
2022-06-11,Inyo,027,18085,4212,602,4814,56
2022-06-11,Kern,029,883053,198724,48897,247621,2354
2022-06-11,Kings,031,150075,53194,3620,56814,451
2022-06-11,Lake,033,64148,11326,980,12306,140
2022-06-11,Lassen,035,31185,9218,909,10127,62
2022-06-11,Los Angeles,037,10098052,2908490,138278,3046768,32153
2022-06-11,Madera,039,155013,38862,6568,45430,371
2022-06-11,Marin,041,260295,30725,4279,35004,245
2022-06-11,Mariposa,043,17540,2660,252,2912,28
2022-06-11,Mendocino,045,87422,14097,3615,17712,130
2022-06-11,Merced,047,269075,65957,9728,75685,828
2022-06-11,Modoc,049,8938,771,263,1034,9
2022-06-11,Mono,051,14174,3067,172,3239,6
2022-06-11,Monterey,053,433212,84189,16266,100455,741
2022-06-11,Napa,055,140530,28701,1204,29905,146
2022-06-11,Nevada,057,99092,17144,1397,18541,133
2022-06-11,Orange,059,3164182,587655,48058,635713,7190
2022-06-11,Placer,061,380077,68085,8299,76384,633
2022-06-11,Plumas,063,18699,3202,388,3590,13
2022-06-11,Riverside,065,2383286,619748,29831,649579,6489
2022-06-11,Sacramento,067,1510023,306069,30389,336458,3128
2022-06-11,San Benito,069,59416,14031,661,14692,95
2022-06-11,San Bernardino,071,2135413,598700,26192,624892,7870
2022-06-11,San Diego,073,3302833,809851,59066,868917,5397
2022-06-11,San Francisco,075,870044,151724,9946,161670,914
2022-06-11,San Joaquin,077,732212,176699,11476,188175,2268
2022-06-11,San Luis Obispo,079,281455,56719,5005,61724,488
2022-06-11,San Mateo,081,765935,144022,8967,152989,726
2022-06-11,Santa Barbara,083,443738,92886,5337,98223,697
2022-06-11,Santa Clara,085,1922200,369164,15605,384769,2369
2022-06-11,Santa Cruz,087,273765,53981,2602,56583,264
2022-06-11,Shasta,089,179085,31673,6317,37990,570
2022-06-11,Sierra,091,2930,281,56,337,4
2022-06-11,Siskiyou,093,43540,4650,2897,7547,83
2022-06-11,Solano,095,438530,91195,6398,97593,453
2022-06-11,Sonoma,097,501317,94333,4031,98364,501
2022-06-11,Stanislaus,099,539301,123344,18845,142189,1703
2022-06-11,Sutter,101,95872,21428,2244,23672,228
2022-06-11,Tehama,103,63373,12420,2678,15098,208
2022-06-11,Trinity,105,12862,1220,292,1512,20
2022-06-11,Tulare,107,460477,109955,29508,139463,1503
2022-06-11,Tuolumne,109,53932,13560,662,14222,187
2022-06-11,Ventura,111,848112,185086,11257,196343,1522
2022-06-11,Yolo,113,214977,42054,3353,45407,364
2022-06-11,Yuba,115,75493,16772,1392,18164,126
2022-06-10,Alameda,001,1643700,296010,16327,312337,1898
2022-06-10,Alpine,002,1148,129,1,130,0
2022-06-10,Amador,005,37829,9035,725,9760,87
2022-06-10,Butte,007,227075,35069,7676,42745,440
2022-06-10,Calaveras,009,45235,7649,402,8051,124
2022-06-10,Colusa,011,21464,3520,1096,4616,21
2022-06-10,Contra Costa,013,1133247,217410,16406,233816,1346
2022-06-10,Del Norte,015,27424,6343,268,6611,51
2022-06-10,El Dorado,017,186661,28865,3561,32426,223
2022-06-10,Fresno,019,978130,245714,26078,271792,2786
2022-06-10,Glenn,021,27897,5157,1668,6825,56
2022-06-10,Humboldt,023,135768,18872,3740,22612,150
2022-06-10,Imperial,025,180216,57443,11142,68585,946
2022-06-10,Inyo,027,18085,4211,599,4810,56
2022-06-10,Kern,029,883053,198578,48804,247382,2354
2022-06-10,Kings,031,150075,53173,3619,56792,451
2022-06-10,Lake,033,64148,11311,979,12290,140
2022-06-10,Lassen,035,31185,9215,907,10122,62
2022-06-10,Los Angeles,037,10098052,2905762,138010,3043772,32143
2022-06-10,Madera,039,155013,38834,6560,45394,371
2022-06-10,Marin,041,260295,30630,4252,34882,245
2022-06-10,Mariposa,043,17540,2656,251,2907,28
2022-06-10,Mendocino,045,87422,14079,3607,17686,130
2022-06-10,Merced,047,269075,65913,9723,75636,828
2022-06-10,Modoc,049,8938,771,263,1034,9
2022-06-10,Mono,051,14174,3067,171,3238,6
2022-06-10,Monterey,053,433212,84097,16226,100323,740
2022-06-10,Napa,055,140530,28666,1203,29869,146
2022-06-10,Nevada,057,99092,17131,1396,18527,133
2022-06-10,Orange,059,3164182,586991,47933,634924,7188
2022-06-10,Placer,061,380077,68013,8276,76289,633
2022-06-10,Plumas,063,18699,3198,388,3586,13
2022-06-10,Riverside,065,2383286,619225,29802,649027,6489
2022-06-10,Sacramento,067,1510023,305673,30366,336039,3124
2022-06-10,San Benito,069,59416,14018,660,14678,95
2022-06-10,San Bernardino,071,2135413,598290,26161,624451,7870
2022-06-10,San Diego,073,3302833,808937,59030,867967,5393
2022-06-10,San Francisco,075,870044,151407,9908,161315,912
2022-06-10,San Joaquin,077,732212,176583,11460,188043,2268
2022-06-10,San Luis Obispo,079,281455,56684,4998,61682,488
2022-06-10,San Mateo,081,765935,143765,8954,152719,726
2022-06-10,Santa Barbara,083,443738,92787,5333,98120,697
2022-06-10,Santa Clara,085,1922200,368417,15571,383988,2366
2022-06-10,Santa Cruz,087,273765,53882,2592,56474,264
2022-06-10,Shasta,089,179085,31653,6308,37961,570
2022-06-10,Sierra,091,2930,280,56,336,4
2022-06-10,Siskiyou,093,43540,4643,2891,7534,83
2022-06-10,Solano,095,438530,91033,6384,97417,453
2022-06-10,Sonoma,097,501317,94170,4008,98178,501
2022-06-10,Stanislaus,099,539301,123224,18831,142055,1703
2022-06-10,Sutter,101,95872,21413,2242,23655,228
2022-06-10,Tehama,103,63373,12412,2677,15089,208
2022-06-10,Trinity,105,12862,1218,292,1510,20
2022-06-10,Tulare,107,460477,109887,29486,139373,1503
2022-06-10,Tuolumne,109,53932,13546,660,14206,187
2022-06-10,Ventura,111,848112,184900,11223,196123,1521
2022-06-10,Yolo,113,214977,41964,3346,45310,364
2022-06-10,Yuba,115,75493,16751,1389,18140,126
2022-06-09,Alameda,001,1643700,295098,16277,311375,1897
2022-06-09,Alpine,002,1148,129,1,130,0
2022-06-09,Amador,005,37829,9025,722,9747,87
2022-06-09,Butte,007,227075,35009,7665,42674,438
2022-06-09,Calaveras,009,45235,7639,402,8041,124
2022-06-09,Colusa,011,21464,3519,1094,4613,21
2022-06-09,Contra Costa,013,1133247,216898,16361,233259,1346
2022-06-09,Del Norte,015,27424,6330,265,6595,51
2022-06-09,El Dorado,017,186661,28808,3551,32359,222
2022-06-09,Fresno,019,978130,245359,26032,271391,2785
2022-06-09,Glenn,021,27897,5151,1666,6817,56
2022-06-09,Humboldt,023,135768,18823,3729,22552,150
2022-06-09,Imperial,025,180216,57385,11125,68510,946
2022-06-09,Inyo,027,18085,4208,594,4802,56
2022-06-09,Kern,029,883053,198376,48703,247079,2354
2022-06-09,Kings,031,150075,53132,3616,56748,451
2022-06-09,Lake,033,64148,11286,977,12263,140
2022-06-09,Lassen,035,31185,9196,905,10101,62
2022-06-09,Los Angeles,037,10098052,2901361,137630,3038991,32138
2022-06-09,Madera,039,155013,38780,6546,45326,371
2022-06-09,Marin,041,260295,30528,4227,34755,245
2022-06-09,Mariposa,043,17540,2652,250,2902,28
2022-06-09,Mendocino,045,87422,14051,3605,17656,130
2022-06-09,Merced,047,269075,65836,9714,75550,828
2022-06-09,Modoc,049,8938,770,263,1033,8
2022-06-09,Mono,051,14174,3061,169,3230,6
2022-06-09,Monterey,053,433212,83973,16158,100131,740
2022-06-09,Napa,055,140530,28605,1201,29806,146
2022-06-09,Nevada,057,99092,17097,1395,18492,133
2022-06-09,Orange,059,3164182,585916,47761,633677,7184
2022-06-09,Placer,061,380077,67891,8256,76147,631
2022-06-09,Plumas,063,18699,3192,388,3580,13
2022-06-09,Riverside,065,2383286,618532,29762,648294,6489
2022-06-09,Sacramento,067,1510023,305092,30278,335370,3121
2022-06-09,San Benito,069,59416,14000,658,14658,95
2022-06-09,San Bernardino,071,2135413,597621,26128,623749,7868
2022-06-09,San Diego,073,3302833,807533,58890,866423,5393
2022-06-09,San Francisco,075,870044,151017,9878,160895,910
2022-06-09,San Joaquin,077,732212,176289,11440,187729,2265
2022-06-09,San Luis Obispo,079,281455,56597,4969,61566,488
2022-06-09,San Mateo,081,765935,143380,8928,152308,726
2022-06-09,Santa Barbara,083,443738,92656,5328,97984,697
2022-06-09,Santa Clara,085,1922200,367449,15504,382953,2364
2022-06-09,Santa Cruz,087,273765,53750,2582,56332,264
2022-06-09,Shasta,089,179085,31621,6298,37919,569
2022-06-09,Sierra,091,2930,280,56,336,4
2022-06-09,Siskiyou,093,43540,4636,2877,7513,83
2022-06-09,Solano,095,438530,90784,6370,97154,453
2022-06-09,Sonoma,097,501317,94014,3989,98003,501
2022-06-09,Stanislaus,099,539301,123056,18816,141872,1702
2022-06-09,Sutter,101,95872,21376,2242,23618,228
2022-06-09,Tehama,103,63373,12393,2676,15069,208
2022-06-09,Trinity,105,12862,1217,292,1509,20
2022-06-09,Tulare,107,460477,109763,29450,139213,1503
2022-06-09,Tuolumne,109,53932,13514,657,14171,187
2022-06-09,Ventura,111,848112,184632,11189,195821,1521
2022-06-09,Yolo,113,214977,41852,3330,45182,364
2022-06-09,Yuba,115,75493,16728,1386,18114,126
2022-06-08,Alameda,001,1643700,294334,16226,310560,1895
2022-06-08,Alpine,002,1148,129,1,130,0
2022-06-08,Amador,005,37829,9017,720,9737,87
2022-06-08,Butte,007,227075,34942,7647,42589,438
2022-06-08,Calaveras,009,45235,7625,402,8027,124
2022-06-08,Colusa,011,21464,3517,1091,4608,21
2022-06-08,Contra Costa,013,1133247,216385,16298,232683,1345
2022-06-08,Del Norte,015,27424,6308,265,6573,51
2022-06-08,El Dorado,017,186661,28757,3541,32298,221
2022-06-08,Fresno,019,978130,245020,25960,270980,2785
2022-06-08,Glenn,021,27897,5147,1663,6810,56
2022-06-08,Humboldt,023,135768,18793,3703,22496,150
2022-06-08,Imperial,025,180216,57310,11105,68415,946
2022-06-08,Inyo,027,18085,4206,593,4799,56
2022-06-08,Kern,029,883053,198105,48590,246695,2354
2022-06-08,Kings,031,150075,53062,3612,56674,451
2022-06-08,Lake,033,64148,11265,974,12239,140
2022-06-08,Lassen,035,31185,9183,905,10088,62
2022-06-08,Los Angeles,037,10098052,2896746,137240,3033986,32130
2022-06-08,Madera,039,155013,38735,6533,45268,371
2022-06-08,Marin,041,260295,30436,4210,34646,245
2022-06-08,Mariposa,043,17540,2642,249,2891,28
2022-06-08,Mendocino,045,87422,14030,3593,17623,130
2022-06-08,Merced,047,269075,65770,9692,75462,828
2022-06-08,Modoc,049,8938,766,263,1029,8
2022-06-08,Mono,051,14174,3057,169,3226,6
2022-06-08,Monterey,053,433212,83862,16108,99970,740
2022-06-08,Napa,055,140530,28515,1196,29711,145
2022-06-08,Nevada,057,99092,17071,1391,18462,133
2022-06-08,Orange,059,3164182,584802,47553,632355,7184
2022-06-08,Placer,061,380077,67762,8228,75990,631
2022-06-08,Plumas,063,18699,3189,387,3576,13
2022-06-08,Riverside,065,2383286,617845,29727,647572,6488
2022-06-08,Sacramento,067,1510023,304448,30192,334640,3119
2022-06-08,San Benito,069,59416,13966,656,14622,95
2022-06-08,San Bernardino,071,2135413,596926,26084,623010,7866
2022-06-08,San Diego,073,3302833,806036,58716,864752,5391
2022-06-08,San Francisco,075,870044,150594,9852,160446,910
2022-06-08,San Joaquin,077,732212,176011,11410,187421,2264
2022-06-08,San Luis Obispo,079,281455,56441,4906,61347,488
2022-06-08,San Mateo,081,765935,142981,8880,151861,725
2022-06-08,Santa Barbara,083,443738,92517,5317,97834,696
2022-06-08,Santa Clara,085,1922200,366476,15456,381932,2360
2022-06-08,Santa Cruz,087,273765,53610,2571,56181,264
2022-06-08,Shasta,089,179085,31588,6287,37875,569
2022-06-08,Sierra,091,2930,280,56,336,4
2022-06-08,Siskiyou,093,43540,4631,2875,7506,83
2022-06-08,Solano,095,438530,90515,6350,96865,453
2022-06-08,Sonoma,097,501317,93828,3955,97783,501
2022-06-08,Stanislaus,099,539301,122875,18781,141656,1702
2022-06-08,Sutter,101,95872,21352,2237,23589,228
2022-06-08,Tehama,103,63373,12386,2675,15061,208
2022-06-08,Trinity,105,12862,1216,291,1507,20
2022-06-08,Tulare,107,460477,109676,29394,139070,1502
2022-06-08,Tuolumne,109,53932,13499,656,14155,187
2022-06-08,Ventura,111,848112,184356,11139,195495,1520
2022-06-08,Yolo,113,214977,41747,3316,45063,364
2022-06-08,Yuba,115,75493,16703,1378,18081,126
2022-06-07,Alameda,001,1643700,293528,16182,309710,1893
2022-06-07,Alpine,002,1148,129,1,130,0
2022-06-07,Amador,005,37829,9007,717,9724,87
2022-06-07,Butte,007,227075,34863,7622,42485,438
2022-06-07,Calaveras,009,45235,7617,400,8017,124
2022-06-07,Colusa,011,21464,3517,1088,4605,21
2022-06-07,Contra Costa,013,1133247,215823,16245,232068,1345
2022-06-07,Del Norte,015,27424,6300,262,6562,51
2022-06-07,El Dorado,017,186661,28696,3530,32226,220
2022-06-07,Fresno,019,978130,244634,25894,270528,2785
2022-06-07,Glenn,021,27897,5140,1663,6803,56
2022-06-07,Humboldt,023,135768,18755,3687,22442,150
2022-06-07,Imperial,025,180216,57250,11070,68320,946
2022-06-07,Inyo,027,18085,4205,585,4790,56
2022-06-07,Kern,029,883053,197848,48477,246325,2353
2022-06-07,Kings,031,150075,53004,3608,56612,450
2022-06-07,Lake,033,64148,11240,968,12208,140
2022-06-07,Lassen,035,31185,9174,904,10078,62
2022-06-07,Los Angeles,037,10098052,2891429,136808,3028237,32124
2022-06-07,Madera,039,155013,38663,6517,45180,371
2022-06-07,Marin,041,260295,30352,4183,34535,245
2022-06-07,Mariposa,043,17540,2635,247,2882,28
2022-06-07,Mendocino,045,87422,13998,3562,17560,130
2022-06-07,Merced,047,269075,65679,9676,75355,828
2022-06-07,Modoc,049,8938,766,261,1027,8
2022-06-07,Mono,051,14174,3055,167,3222,6
2022-06-07,Monterey,053,433212,83733,16054,99787,739
2022-06-07,Napa,055,140530,28436,1189,29625,145
2022-06-07,Nevada,057,99092,17044,1385,18429,133
2022-06-07,Orange,059,3164182,583672,47378,631050,7181
2022-06-07,Placer,061,380077,67613,8196,75809,631
2022-06-07,Plumas,063,18699,3184,386,3570,13
2022-06-07,Riverside,065,2383286,616965,29676,646641,6488
2022-06-07,Sacramento,067,1510023,303723,30087,333810,3119
2022-06-07,San Benito,069,59416,13923,652,14575,95
2022-06-07,San Bernardino,071,2135413,596152,26056,622208,7865
2022-06-07,San Diego,073,3302833,804460,58505,862965,5389
2022-06-07,San Francisco,075,870044,150079,9830,159909,908
2022-06-07,San Joaquin,077,732212,175675,11373,187048,2264
2022-06-07,San Luis Obispo,079,281455,56338,4861,61199,488
2022-06-07,San Mateo,081,765935,142562,8825,151387,725
2022-06-07,Santa Barbara,083,443738,92371,5304,97675,696
2022-06-07,Santa Clara,085,1922200,365331,15376,380707,2359
2022-06-07,Santa Cruz,087,273765,53509,2564,56073,264
2022-06-07,Shasta,089,179085,31551,6280,37831,569
2022-06-07,Sierra,091,2930,279,56,335,4
2022-06-07,Siskiyou,093,43540,4624,2871,7495,83
2022-06-07,Solano,095,438530,90185,6333,96518,453
2022-06-07,Sonoma,097,501317,93601,3923,97524,499
2022-06-07,Stanislaus,099,539301,122702,18761,141463,1702
2022-06-07,Sutter,101,95872,21323,2235,23558,228
2022-06-07,Tehama,103,63373,12370,2671,15041,208
2022-06-07,Trinity,105,12862,1215,291,1506,20
2022-06-07,Tulare,107,460477,109547,29340,138887,1502
2022-06-07,Tuolumne,109,53932,13484,654,14138,187
2022-06-07,Ventura,111,848112,183991,11095,195086,1519
2022-06-07,Yolo,113,214977,41630,3307,44937,364
2022-06-07,Yuba,115,75493,16674,1377,18051,126
2022-06-06,Alameda,001,1643700,292642,16134,308776,1893
2022-06-06,Alpine,002,1148,129,1,130,0
2022-06-06,Amador,005,37829,8956,715,9671,87
2022-06-06,Butte,007,227075,34799,7608,42407,438
2022-06-06,Calaveras,009,45235,7606,400,8006,124
2022-06-06,Colusa,011,21464,3516,1084,4600,21
2022-06-06,Contra Costa,013,1133247,215168,16162,231330,1343
2022-06-06,Del Norte,015,27424,6292,261,6553,51
2022-06-06,El Dorado,017,186661,28649,3518,32167,220
2022-06-06,Fresno,019,978130,244209,25824,270033,2784
2022-06-06,Glenn,021,27897,5132,1661,6793,56
2022-06-06,Humboldt,023,135768,18717,3674,22391,150
2022-06-06,Imperial,025,180216,57176,11036,68212,946
2022-06-06,Inyo,027,18085,4201,582,4783,56
2022-06-06,Kern,029,883053,197565,48339,245904,2353
2022-06-06,Kings,031,150075,52947,3605,56552,450
2022-06-06,Lake,033,64148,11220,962,12182,140
2022-06-06,Lassen,035,31185,9164,903,10067,62
2022-06-06,Los Angeles,037,10098052,2885798,136391,3022189,32116
2022-06-06,Madera,039,155013,38595,6490,45085,371
2022-06-06,Marin,041,260295,30227,4146,34373,244
2022-06-06,Mariposa,043,17540,2625,245,2870,28
2022-06-06,Mendocino,045,87422,13969,3551,17520,130
2022-06-06,Merced,047,269075,65559,9652,75211,828
2022-06-06,Modoc,049,8938,764,259,1023,8
2022-06-06,Mono,051,14174,3052,166,3218,6
2022-06-06,Monterey,053,433212,83590,15989,99579,738
2022-06-06,Napa,055,140530,28357,1180,29537,145
2022-06-06,Nevada,057,99092,17016,1381,18397,133
2022-06-06,Orange,059,3164182,582535,47201,629736,7180
2022-06-06,Placer,061,380077,67495,8163,75658,631
2022-06-06,Plumas,063,18699,3177,385,3562,13
2022-06-06,Riverside,065,2383286,616173,29626,645799,6487
2022-06-06,Sacramento,067,1510023,302947,29982,332929,3117
2022-06-06,San Benito,069,59416,13875,648,14523,95
2022-06-06,San Bernardino,071,2135413,595378,26014,621392,7865
2022-06-06,San Diego,073,3302833,802671,58273,860944,5389
2022-06-06,San Francisco,075,870044,149560,9809,159369,906
2022-06-06,San Joaquin,077,732212,175292,11341,186633,2263
2022-06-06,San Luis Obispo,079,281455,56229,4828,61057,488
2022-06-06,San Mateo,081,765935,142077,8788,150865,724
2022-06-06,Santa Barbara,083,443738,92194,5287,97481,696
2022-06-06,Santa Clara,085,1922200,364067,15292,379359,2359
2022-06-06,Santa Cruz,087,273765,53354,2552,55906,264
2022-06-06,Shasta,089,179085,31516,6268,37784,569
2022-06-06,Sierra,091,2930,279,56,335,4
2022-06-06,Siskiyou,093,43540,4614,2861,7475,83
2022-06-06,Solano,095,438530,89890,6313,96203,453
2022-06-06,Sonoma,097,501317,93360,3895,97255,499
2022-06-06,Stanislaus,099,539301,122513,18735,141248,1702
2022-06-06,Sutter,101,95872,21293,2229,23522,228
2022-06-06,Tehama,103,63373,12358,2669,15027,208
2022-06-06,Trinity,105,12862,1213,291,1504,20
2022-06-06,Tulare,107,460477,109406,29285,138691,1502
2022-06-06,Tuolumne,109,53932,13465,653,14118,187
2022-06-06,Ventura,111,848112,183684,11052,194736,1519
2022-06-06,Yolo,113,214977,41473,3296,44769,364
2022-06-06,Yuba,115,75493,16631,1370,18001,126
2022-06-05,Alameda,001,1643700,291591,16071,307662,1892
2022-06-05,Alpine,002,1148,128,1,129,0
2022-06-05,Amador,005,37829,8919,712,9631,87
2022-06-05,Butte,007,227075,34720,7590,42310,438
2022-06-05,Calaveras,009,45235,7590,394,7984,124
2022-06-05,Colusa,011,21464,3510,1084,4594,21
2022-06-05,Contra Costa,013,1133247,214460,16052,230512,1342
2022-06-05,Del Norte,015,27424,6281,257,6538,51
2022-06-05,El Dorado,017,186661,28572,3509,32081,220
2022-06-05,Fresno,019,978130,243740,25734,269474,2783
2022-06-05,Glenn,021,27897,5125,1661,6786,56
2022-06-05,Humboldt,023,135768,18667,3652,22319,150
2022-06-05,Imperial,025,180216,57082,10986,68068,946
2022-06-05,Inyo,027,18085,4197,577,4774,56
2022-06-05,Kern,029,883053,197253,48222,245475,2352
2022-06-05,Kings,031,150075,52870,3599,56469,450
2022-06-05,Lake,033,64148,11201,958,12159,140
2022-06-05,Lassen,035,31185,9156,899,10055,62
2022-06-05,Los Angeles,037,10098052,2879734,135867,3015601,32112
2022-06-05,Madera,039,155013,38532,6474,45006,371
2022-06-05,Marin,041,260295,30113,4113,34226,243
2022-06-05,Mariposa,043,17540,2623,244,2867,28
2022-06-05,Mendocino,045,87422,13933,3504,17437,129
2022-06-05,Merced,047,269075,65468,9618,75086,828
2022-06-05,Modoc,049,8938,763,259,1022,8
2022-06-05,Mono,051,14174,3049,164,3213,6
2022-06-05,Monterey,053,433212,83427,15908,99335,737
2022-06-05,Napa,055,140530,28226,1171,29397,145
2022-06-05,Nevada,057,99092,16973,1365,18338,133
2022-06-05,Orange,059,3164182,581259,47006,628265,7179
2022-06-05,Placer,061,380077,67353,8131,75484,631
2022-06-05,Plumas,063,18699,3169,385,3554,13
2022-06-05,Riverside,065,2383286,615234,29563,644797,6486
2022-06-05,Sacramento,067,1510023,302034,29833,331867,3115
2022-06-05,San Benito,069,59416,13830,642,14472,95
2022-06-05,San Bernardino,071,2135413,594388,25970,620358,7864
2022-06-05,San Diego,073,3302833,800777,58082,858859,5386
2022-06-05,San Francisco,075,870044,148976,9756,158732,906
2022-06-05,San Joaquin,077,732212,174852,11292,186144,2262
2022-06-05,San Luis Obispo,079,281455,56067,4757,60824,488
2022-06-05,San Mateo,081,765935,141561,8740,150301,724
2022-06-05,Santa Barbara,083,443738,92002,5268,97270,696
2022-06-05,Santa Clara,085,1922200,362645,15204,377849,2359
2022-06-05,Santa Cruz,087,273765,53162,2539,55701,263
2022-06-05,Shasta,089,179085,31475,6257,37732,568
2022-06-05,Sierra,091,2930,279,56,335,4
2022-06-05,Siskiyou,093,43540,4609,2849,7458,83
2022-06-05,Solano,095,438530,89545,6296,95841,453
2022-06-05,Sonoma,097,501317,93081,3866,96947,499
2022-06-05,Stanislaus,099,539301,122319,18707,141026,1702
2022-06-05,Sutter,101,95872,21261,2222,23483,228
2022-06-05,Tehama,103,63373,12339,2666,15005,208
2022-06-05,Trinity,105,12862,1213,291,1504,20
2022-06-05,Tulare,107,460477,109218,29212,138430,1502
2022-06-05,Tuolumne,109,53932,13436,640,14076,187
2022-06-05,Ventura,111,848112,183331,10995,194326,1516
2022-06-05,Yolo,113,214977,41342,3284,44626,364
2022-06-05,Yuba,115,75493,16590,1362,17952,126
2022-06-04,Alameda,001,1643700,291086,16047,307133,1892
2022-06-04,Alpine,002,1148,128,1,129,0
2022-06-04,Amador,005,37829,8910,710,9620,87
2022-06-04,Butte,007,227075,34681,7585,42266,438
2022-06-04,Calaveras,009,45235,7576,394,7970,124
2022-06-04,Colusa,011,21464,3507,1079,4586,21
2022-06-04,Contra Costa,013,1133247,214071,16012,230083,1341
2022-06-04,Del Norte,015,27424,6280,257,6537,51
2022-06-04,El Dorado,017,186661,28533,3505,32038,220
2022-06-04,Fresno,019,978130,243569,25717,269286,2783
2022-06-04,Glenn,021,27897,5121,1660,6781,56
2022-06-04,Humboldt,023,135768,18645,3646,22291,150
2022-06-04,Imperial,025,180216,57030,10971,68001,946
2022-06-04,Inyo,027,18085,4197,576,4773,56
2022-06-04,Kern,029,883053,197130,48154,245284,2352
2022-06-04,Kings,031,150075,52829,3599,56428,450
2022-06-04,Lake,033,64148,11186,952,12138,140
2022-06-04,Lassen,035,31185,9151,898,10049,62
2022-06-04,Los Angeles,037,10098052,2877277,135594,3012871,32104
2022-06-04,Madera,039,155013,38497,6470,44967,371
2022-06-04,Marin,041,260295,30036,4072,34108,243
2022-06-04,Mariposa,043,17540,2620,244,2864,28
2022-06-04,Mendocino,045,87422,13920,3503,17423,129
2022-06-04,Merced,047,269075,65418,9609,75027,828
2022-06-04,Modoc,049,8938,762,258,1020,8
2022-06-04,Mono,051,14174,3049,164,3213,6
2022-06-04,Monterey,053,433212,83342,15873,99215,737
2022-06-04,Napa,055,140530,28178,1169,29347,145
2022-06-04,Nevada,057,99092,16960,1364,18324,133
2022-06-04,Orange,059,3164182,580610,46880,627490,7175
2022-06-04,Placer,061,380077,67273,8114,75387,631
2022-06-04,Plumas,063,18699,3165,384,3549,13
2022-06-04,Riverside,065,2383286,614698,29538,644236,6486
2022-06-04,Sacramento,067,1510023,301673,29802,331475,3112
2022-06-04,San Benito,069,59416,13804,639,14443,95
2022-06-04,San Bernardino,071,2135413,593938,25941,619879,7864
2022-06-04,San Diego,073,3302833,800051,58035,858086,5383
2022-06-04,San Francisco,075,870044,148646,9735,158381,906
2022-06-04,San Joaquin,077,732212,174707,11255,185962,2262
2022-06-04,San Luis Obispo,079,281455,56028,4751,60779,488
2022-06-04,San Mateo,081,765935,141255,8712,149967,724
2022-06-04,Santa Barbara,083,443738,91904,5247,97151,696
2022-06-04,Santa Clara,085,1922200,361775,15163,376938,2359
2022-06-04,Santa Cruz,087,273765,53077,2526,55603,263
2022-06-04,Shasta,089,179085,31452,6254,37706,568
2022-06-04,Sierra,091,2930,279,56,335,4
2022-06-04,Siskiyou,093,43540,4605,2843,7448,83
2022-06-04,Solano,095,438530,89459,6279,95738,453
2022-06-04,Sonoma,097,501317,92927,3852,96779,499
2022-06-04,Stanislaus,099,539301,122181,18692,140873,1702
2022-06-04,Sutter,101,95872,21234,2219,23453,228
2022-06-04,Tehama,103,63373,12325,2665,14990,208
2022-06-04,Trinity,105,12862,1213,291,1504,20
2022-06-04,Tulare,107,460477,109152,29168,138320,1502
2022-06-04,Tuolumne,109,53932,13426,637,14063,187
2022-06-04,Ventura,111,848112,183146,10978,194124,1516
2022-06-04,Yolo,113,214977,41259,3279,44538,364
2022-06-04,Yuba,115,75493,16574,1358,17932,126
2022-06-03,Alameda,001,1643700,290549,16017,306566,1892
2022-06-03,Alpine,002,1148,128,1,129,0
2022-06-03,Amador,005,37829,8904,708,9612,87
2022-06-03,Butte,007,227075,34630,7575,42205,437
2022-06-03,Calaveras,009,45235,7571,394,7965,124
2022-06-03,Colusa,011,21464,3507,1077,4584,21
2022-06-03,Contra Costa,013,1133247,213761,15983,229744,1339
2022-06-03,Del Norte,015,27424,6276,254,6530,51
2022-06-03,El Dorado,017,186661,28504,3502,32006,220
2022-06-03,Fresno,019,978130,243339,25684,269023,2782
2022-06-03,Glenn,021,27897,5115,1658,6773,56
2022-06-03,Humboldt,023,135768,18625,3641,22266,150
2022-06-03,Imperial,025,180216,56984,10961,67945,946
2022-06-03,Inyo,027,18085,4196,576,4772,56
2022-06-03,Kern,029,883053,196988,48086,245074,2352
2022-06-03,Kings,031,150075,52805,3599,56404,450
2022-06-03,Lake,033,64148,11175,949,12124,140
2022-06-03,Lassen,035,31185,9146,898,10044,62
2022-06-03,Los Angeles,037,10098052,2874372,135305,3009677,32099
2022-06-03,Madera,039,155013,38453,6461,44914,371
2022-06-03,Marin,041,260295,29967,4037,34004,243
2022-06-03,Mariposa,043,17540,2617,244,2861,28
2022-06-03,Mendocino,045,87422,13898,3502,17400,129
2022-06-03,Merced,047,269075,65367,9606,74973,828
2022-06-03,Modoc,049,8938,762,258,1020,8
2022-06-03,Mono,051,14174,3046,164,3210,6
2022-06-03,Monterey,053,433212,83243,15826,99069,737
2022-06-03,Napa,055,140530,28128,1161,29289,144
2022-06-03,Nevada,057,99092,16940,1363,18303,133
2022-06-03,Orange,059,3164182,579925,46765,626690,7174
2022-06-03,Placer,061,380077,67188,8097,75285,631
2022-06-03,Plumas,063,18699,3163,383,3546,13
2022-06-03,Riverside,065,2383286,614170,29508,643678,6485
2022-06-03,Sacramento,067,1510023,301202,29766,330968,3112
2022-06-03,San Benito,069,59416,13791,635,14426,95
2022-06-03,San Bernardino,071,2135413,593486,25906,619392,7862
2022-06-03,San Diego,073,3302833,799105,57912,857017,5383
2022-06-03,San Francisco,075,870044,148276,9703,157979,906
2022-06-03,San Joaquin,077,732212,174542,11236,185778,2262
2022-06-03,San Luis Obispo,079,281455,55983,4742,60725,487
2022-06-03,San Mateo,081,765935,140971,8700,149671,724
2022-06-03,Santa Barbara,083,443738,91785,5245,97030,696
2022-06-03,Santa Clara,085,1922200,360882,15116,375998,2356
2022-06-03,Santa Cruz,087,273765,52945,2513,55458,263
2022-06-03,Shasta,089,179085,31440,6253,37693,568
2022-06-03,Sierra,091,2930,279,56,335,4
2022-06-03,Siskiyou,093,43540,4600,2842,7442,83
2022-06-03,Solano,095,438530,89342,6268,95610,452
2022-06-03,Sonoma,097,501317,92780,3843,96623,499
2022-06-03,Stanislaus,099,539301,122076,18671,140747,1702
2022-06-03,Sutter,101,95872,21211,2218,23429,228
2022-06-03,Tehama,103,63373,12319,2664,14983,208
2022-06-03,Trinity,105,12862,1211,291,1502,20
2022-06-03,Tulare,107,460477,109084,29132,138216,1502
2022-06-03,Tuolumne,109,53932,13415,634,14049,187
2022-06-03,Ventura,111,848112,182958,10953,193911,1516
2022-06-03,Yolo,113,214977,41197,3265,44462,364
2022-06-03,Yuba,115,75493,16549,1356,17905,126
2022-06-02,Alameda,001,1643700,289647,15953,305600,1890
2022-06-02,Alpine,002,1148,128,1,129,0
2022-06-02,Amador,005,37829,8881,706,9587,87
2022-06-02,Butte,007,227075,34554,7559,42113,437
2022-06-02,Calaveras,009,45235,7558,393,7951,123
2022-06-02,Colusa,011,21464,3504,1077,4581,21
2022-06-02,Contra Costa,013,1133247,213177,15891,229068,1337
2022-06-02,Del Norte,015,27424,6265,253,6518,51
2022-06-02,El Dorado,017,186661,28436,3490,31926,220
2022-06-02,Fresno,019,978130,242992,25629,268621,2782
2022-06-02,Glenn,021,27897,5109,1655,6764,56
2022-06-02,Humboldt,023,135768,18584,3620,22204,150
2022-06-02,Imperial,025,180216,56924,10949,67873,946
2022-06-02,Inyo,027,18085,4196,573,4769,56
2022-06-02,Kern,029,883053,196705,47981,244686,2352
2022-06-02,Kings,031,150075,52753,3594,56347,450
2022-06-02,Lake,033,64148,11153,947,12100,140
2022-06-02,Lassen,035,31185,9135,898,10033,62
2022-06-02,Los Angeles,037,10098052,2869453,134880,3004333,32093
2022-06-02,Madera,039,155013,38399,6448,44847,371
2022-06-02,Marin,041,260295,29869,4010,33879,243
2022-06-02,Mariposa,043,17540,2612,243,2855,28
2022-06-02,Mendocino,045,87422,13869,3494,17363,129
2022-06-02,Merced,047,269075,65290,9596,74886,828
2022-06-02,Modoc,049,8938,761,258,1019,8
2022-06-02,Mono,051,14174,3046,164,3210,6
2022-06-02,Monterey,053,433212,83092,15762,98854,737
2022-06-02,Napa,055,140530,28052,1158,29210,144
2022-06-02,Nevada,057,99092,16903,1358,18261,133
2022-06-02,Orange,059,3164182,578891,46601,625492,7173
2022-06-02,Placer,061,380077,67068,8071,75139,631
2022-06-02,Plumas,063,18699,3154,383,3537,13
2022-06-02,Riverside,065,2383286,613487,29450,642937,6484
2022-06-02,Sacramento,067,1510023,300559,29660,330219,3109
2022-06-02,San Benito,069,59416,13758,633,14391,95
2022-06-02,San Bernardino,071,2135413,592816,25860,618676,7862
2022-06-02,San Diego,073,3302833,797731,57743,855474,5383
2022-06-02,San Francisco,075,870044,147857,9654,157511,906
2022-06-02,San Joaquin,077,732212,174231,11203,185434,2260
2022-06-02,San Luis Obispo,079,281455,55853,4707,60560,487
2022-06-02,San Mateo,081,765935,140589,8648,149237,723
2022-06-02,Santa Barbara,083,443738,91611,5230,96841,696
2022-06-02,Santa Clara,085,1922200,359791,14996,374787,2355
2022-06-02,Santa Cruz,087,273765,52829,2502,55331,263
2022-06-02,Shasta,089,179085,31410,6246,37656,568
2022-06-02,Sierra,091,2930,279,56,335,4
2022-06-02,Siskiyou,093,43540,4593,2833,7426,83
2022-06-02,Solano,095,438530,89066,6258,95324,451
2022-06-02,Sonoma,097,501317,92554,3817,96371,499
2022-06-02,Stanislaus,099,539301,121916,18642,140558,1702
2022-06-02,Sutter,101,95872,21184,2212,23396,228
2022-06-02,Tehama,103,63373,12307,2657,14964,208
2022-06-02,Trinity,105,12862,1209,291,1500,20
2022-06-02,Tulare,107,460477,108952,29065,138017,1502
2022-06-02,Tuolumne,109,53932,13396,632,14028,187
2022-06-02,Ventura,111,848112,182687,10919,193606,1516
2022-06-02,Yolo,113,214977,41088,3255,44343,364
2022-06-02,Yuba,115,75493,16528,1349,17877,126
2022-06-01,Alameda,001,1643700,288635,15898,304533,1888
2022-06-01,Alpine,002,1148,128,1,129,0
2022-06-01,Amador,005,37829,8875,704,9579,87
2022-06-01,Butte,007,227075,34484,7545,42029,437
2022-06-01,Calaveras,009,45235,7553,390,7943,122
2022-06-01,Colusa,011,21464,3501,1077,4578,21
2022-06-01,Contra Costa,013,1133247,212532,15814,228346,1335
2022-06-01,Del Norte,015,27424,6255,252,6507,51
2022-06-01,El Dorado,017,186661,28375,3472,31847,220
2022-06-01,Fresno,019,978130,242633,25574,268207,2782
2022-06-01,Glenn,021,27897,5104,1654,6758,56
2022-06-01,Humboldt,023,135768,18541,3597,22138,150
2022-06-01,Imperial,025,180216,56856,10922,67778,946
2022-06-01,Inyo,027,18085,4192,567,4759,56
2022-06-01,Kern,029,883053,196479,47898,244377,2352
2022-06-01,Kings,031,150075,52695,3590,56285,450
2022-06-01,Lake,033,64148,11132,942,12074,140
2022-06-01,Lassen,035,31185,9121,897,10018,62
2022-06-01,Los Angeles,037,10098052,2864059,134448,2998507,32089
2022-06-01,Madera,039,155013,38361,6434,44795,371
2022-06-01,Marin,041,260295,29753,3970,33723,243
2022-06-01,Mariposa,043,17540,2597,242,2839,28
2022-06-01,Mendocino,045,87422,13842,3478,17320,129
2022-06-01,Merced,047,269075,65211,9576,74787,828
2022-06-01,Modoc,049,8938,758,257,1015,8
2022-06-01,Mono,051,14174,3044,163,3207,6
2022-06-01,Monterey,053,433212,82938,15699,98637,737
2022-06-01,Napa,055,140530,27973,1148,29121,144
2022-06-01,Nevada,057,99092,16864,1349,18213,133
2022-06-01,Orange,059,3164182,577631,46432,624063,7171
2022-06-01,Placer,061,380077,66926,8039,74965,631
2022-06-01,Plumas,063,18699,3147,382,3529,13
2022-06-01,Riverside,065,2383286,612747,29404,642151,6483
2022-06-01,Sacramento,067,1510023,299803,29551,329354,3105
2022-06-01,San Benito,069,59416,13720,622,14342,95
2022-06-01,San Bernardino,071,2135413,592102,25822,617924,7860
2022-06-01,San Diego,073,3302833,796041,57545,853586,5383
2022-06-01,San Francisco,075,870044,147338,9616,156954,906
2022-06-01,San Joaquin,077,732212,173932,11174,185106,2259
2022-06-01,San Luis Obispo,079,281455,55686,4674,60360,487
2022-06-01,San Mateo,081,765935,140105,8573,148678,723
2022-06-01,Santa Barbara,083,443738,91428,5215,96643,695
2022-06-01,Santa Clara,085,1922200,358629,14905,373534,2354
2022-06-01,Santa Cruz,087,273765,52716,2492,55208,263
2022-06-01,Shasta,089,179085,31379,6243,37622,568
2022-06-01,Sierra,091,2930,279,56,335,4
2022-06-01,Siskiyou,093,43540,4587,2828,7415,83
2022-06-01,Solano,095,438530,88829,6230,95059,451
2022-06-01,Sonoma,097,501317,92300,3793,96093,498
2022-06-01,Stanislaus,099,539301,121726,18620,140346,1702
2022-06-01,Sutter,101,95872,21155,2208,23363,228
2022-06-01,Tehama,103,63373,12300,2653,14953,208
2022-06-01,Trinity,105,12862,1208,290,1498,20
2022-06-01,Tulare,107,460477,108840,29009,137849,1502
2022-06-01,Tuolumne,109,53932,13381,631,14012,187
2022-06-01,Ventura,111,848112,182404,10888,193292,1516
2022-06-01,Yolo,113,214977,41005,3244,44249,363
2022-06-01,Yuba,115,75493,16504,1341,17845,126
2022-05-31,Alameda,001,1643700,287530,15844,303374,1888
2022-05-31,Alpine,002,1148,128,1,129,0
2022-05-31,Amador,005,37829,8857,698,9555,87
2022-05-31,Butte,007,227075,34423,7527,41950,437
2022-05-31,Calaveras,009,45235,7542,390,7932,122
2022-05-31,Colusa,011,21464,3496,1076,4572,21
2022-05-31,Contra Costa,013,1133247,211778,15719,227497,1334
2022-05-31,Del Norte,015,27424,6246,250,6496,51
2022-05-31,El Dorado,017,186661,28314,3452,31766,220
2022-05-31,Fresno,019,978130,242230,25505,267735,2782
2022-05-31,Glenn,021,27897,5096,1652,6748,56
2022-05-31,Humboldt,023,135768,18510,3577,22087,149
2022-05-31,Imperial,025,180216,56792,10896,67688,946
2022-05-31,Inyo,027,18085,4186,565,4751,56
2022-05-31,Kern,029,883053,196234,47802,244036,2352
2022-05-31,Kings,031,150075,52645,3584,56229,450
2022-05-31,Lake,033,64148,11113,938,12051,140
2022-05-31,Lassen,035,31185,9109,896,10005,62
2022-05-31,Los Angeles,037,10098052,2857990,133981,2991971,32083
2022-05-31,Madera,039,155013,38297,6414,44711,371
2022-05-31,Marin,041,260295,29614,3935,33549,242
2022-05-31,Mariposa,043,17540,2591,237,2828,28
2022-05-31,Mendocino,045,87422,13807,3461,17268,129
2022-05-31,Merced,047,269075,65124,9553,74677,828
2022-05-31,Modoc,049,8938,756,257,1013,8
2022-05-31,Mono,051,14174,3040,163,3203,6
2022-05-31,Monterey,053,433212,82778,15633,98411,737
2022-05-31,Napa,055,140530,27878,1145,29023,144
2022-05-31,Nevada,057,99092,16817,1347,18164,133
2022-05-31,Orange,059,3164182,576388,46232,622620,7169
2022-05-31,Placer,061,380077,66767,8009,74776,631
2022-05-31,Plumas,063,18699,3143,381,3524,13
2022-05-31,Riverside,065,2383286,611828,29342,641170,6482
2022-05-31,Sacramento,067,1510023,298949,29404,328353,3104
2022-05-31,San Benito,069,59416,13664,617,14281,95
2022-05-31,San Bernardino,071,2135413,591220,25786,617006,7859
2022-05-31,San Diego,073,3302833,794164,57341,851505,5382
2022-05-31,San Francisco,075,870044,146695,9574,156269,906
2022-05-31,San Joaquin,077,732212,173556,11131,184687,2259
2022-05-31,San Luis Obispo,079,281455,55535,4609,60144,487
2022-05-31,San Mateo,081,765935,139545,8531,148076,723
2022-05-31,Santa Barbara,083,443738,91204,5192,96396,695
2022-05-31,Santa Clara,085,1922200,357119,14828,371947,2352
2022-05-31,Santa Cruz,087,273765,52596,2472,55068,263
2022-05-31,Shasta,089,179085,31345,6232,37577,567
2022-05-31,Sierra,091,2930,278,55,333,4
2022-05-31,Siskiyou,093,43540,4582,2822,7404,83
2022-05-31,Solano,095,438530,88490,6206,94696,451
2022-05-31,Sonoma,097,501317,92011,3754,95765,498
2022-05-31,Stanislaus,099,539301,121521,18595,140116,1701
2022-05-31,Sutter,101,95872,21126,2202,23328,228
2022-05-31,Tehama,103,63373,12291,2648,14939,208
2022-05-31,Trinity,105,12862,1207,290,1497,20
2022-05-31,Tulare,107,460477,108704,28949,137653,1502
2022-05-31,Tuolumne,109,53932,13366,628,13994,187
2022-05-31,Ventura,111,848112,182084,10839,192923,1515
2022-05-31,Yolo,113,214977,40832,3233,44065,363
2022-05-31,Yuba,115,75493,16472,1335,17807,126
2022-05-30,Alameda,001,1643700,286155,15758,301913,1887
2022-05-30,Alpine,002,1148,128,1,129,0
2022-05-30,Amador,005,37829,8842,697,9539,87
2022-05-30,Butte,007,227075,34346,7504,41850,437
2022-05-30,Calaveras,009,45235,7533,390,7923,122
2022-05-30,Colusa,011,21464,3494,1075,4569,21
2022-05-30,Contra Costa,013,1133247,210935,15584,226519,1334
2022-05-30,Del Norte,015,27424,6228,249,6477,51
2022-05-30,El Dorado,017,186661,28236,3432,31668,220
2022-05-30,Fresno,019,978130,241758,25430,267188,2782
2022-05-30,Glenn,021,27897,5091,1649,6740,56
2022-05-30,Humboldt,023,135768,18456,3549,22005,149
2022-05-30,Imperial,025,180216,56711,10866,67577,946
2022-05-30,Inyo,027,18085,4181,564,4745,56
2022-05-30,Kern,029,883053,195953,47686,243639,2352
2022-05-30,Kings,031,150075,52550,3583,56133,450
2022-05-30,Lake,033,64148,11084,929,12013,140
2022-05-30,Lassen,035,31185,9093,893,9986,62
2022-05-30,Los Angeles,037,10098052,2850695,133477,2984172,32077
2022-05-30,Madera,039,155013,38241,6374,44615,371
2022-05-30,Marin,041,260295,29488,3893,33381,242
2022-05-30,Mariposa,043,17540,2568,233,2801,28
2022-05-30,Mendocino,045,87422,13760,3443,17203,129
2022-05-30,Merced,047,269075,65027,9516,74543,828
2022-05-30,Modoc,049,8938,753,255,1008,8
2022-05-30,Mono,051,14174,3037,163,3200,6
2022-05-30,Monterey,053,433212,82588,15545,98133,736
2022-05-30,Napa,055,140530,27801,1137,28938,144
2022-05-30,Nevada,057,99092,16770,1342,18112,133
2022-05-30,Orange,059,3164182,574908,46015,620923,7168
2022-05-30,Placer,061,380077,66627,7980,74607,631
2022-05-30,Plumas,063,18699,3137,378,3515,13
2022-05-30,Riverside,065,2383286,610818,29264,640082,6481
2022-05-30,Sacramento,067,1510023,297996,29244,327240,3103
2022-05-30,San Benito,069,59416,13602,609,14211,95
2022-05-30,San Bernardino,071,2135413,590244,25750,615994,7858
2022-05-30,San Diego,073,3302833,791895,57048,848943,5381
2022-05-30,San Francisco,075,870044,146039,9522,155561,906
2022-05-30,San Joaquin,077,732212,173158,11091,184249,2259
2022-05-30,San Luis Obispo,079,281455,55328,4538,59866,487
2022-05-30,San Mateo,081,765935,138863,8479,147342,722
2022-05-30,Santa Barbara,083,443738,90948,5158,96106,695
2022-05-30,Santa Clara,085,1922200,355564,14740,370304,2352
2022-05-30,Santa Cruz,087,273765,52458,2462,54920,263
2022-05-30,Shasta,089,179085,31306,6225,37531,567
2022-05-30,Sierra,091,2930,278,55,333,4
2022-05-30,Siskiyou,093,43540,4573,2810,7383,83
2022-05-30,Solano,095,438530,88142,6150,94292,451
2022-05-30,Sonoma,097,501317,91725,3710,95435,498
2022-05-30,Stanislaus,099,539301,121330,18565,139895,1701
2022-05-30,Sutter,101,95872,21087,2196,23283,228
2022-05-30,Tehama,103,63373,12275,2644,14919,208
2022-05-30,Trinity,105,12862,1206,290,1496,20
2022-05-30,Tulare,107,460477,108542,28860,137402,1502
2022-05-30,Tuolumne,109,53932,13341,624,13965,187
2022-05-30,Ventura,111,848112,181711,10787,192498,1515
2022-05-30,Yolo,113,214977,40645,3223,43868,363
2022-05-30,Yuba,115,75493,16444,1331,17775,126
2022-05-29,Alameda,001,1643700,285668,15734,301402,1887
2022-05-29,Alpine,002,1148,128,1,129,0
2022-05-29,Amador,005,37829,8837,694,9531,87
2022-05-29,Butte,007,227075,34330,7497,41827,437
2022-05-29,Calaveras,009,45235,7522,390,7912,122
2022-05-29,Colusa,011,21464,3493,1074,4567,21
2022-05-29,Contra Costa,013,1133247,210590,15559,226149,1334
2022-05-29,Del Norte,015,27424,6226,248,6474,51
2022-05-29,El Dorado,017,186661,28210,3429,31639,220
2022-05-29,Fresno,019,978130,241628,25410,267038,2781
2022-05-29,Glenn,021,27897,5086,1649,6735,56
2022-05-29,Humboldt,023,135768,18435,3538,21973,149
2022-05-29,Imperial,025,180216,56673,10849,67522,945
2022-05-29,Inyo,027,18085,4180,564,4744,56
2022-05-29,Kern,029,883053,195855,47621,243476,2352
2022-05-29,Kings,031,150075,52524,3583,56107,450
2022-05-29,Lake,033,64148,11075,927,12002,140
2022-05-29,Lassen,035,31185,9089,893,9982,62
2022-05-29,Los Angeles,037,10098052,2848454,133205,2981659,32068
2022-05-29,Madera,039,155013,38218,6369,44587,371
2022-05-29,Marin,041,260295,29419,3861,33280,242
2022-05-29,Mariposa,043,17540,2563,233,2796,28
2022-05-29,Mendocino,045,87422,13739,3442,17181,129
2022-05-29,Merced,047,269075,65006,9513,74519,828
2022-05-29,Modoc,049,8938,753,255,1008,8
2022-05-29,Mono,051,14174,3036,163,3199,6
2022-05-29,Monterey,053,433212,82523,15501,98024,736
2022-05-29,Napa,055,140530,27765,1136,28901,144
2022-05-29,Nevada,057,99092,16755,1340,18095,133
2022-05-29,Orange,059,3164182,574331,45837,620168,7167
2022-05-29,Placer,061,380077,66558,7970,74528,631
2022-05-29,Plumas,063,18699,3130,378,3508,13
2022-05-29,Riverside,065,2383286,610471,29230,639701,6481
2022-05-29,Sacramento,067,1510023,297538,29213,326751,3101
2022-05-29,San Benito,069,59416,13596,607,14203,95
2022-05-29,San Bernardino,071,2135413,589950,25734,615684,7858
2022-05-29,San Diego,073,3302833,791154,56969,848123,5380
2022-05-29,San Francisco,075,870044,145611,9513,155124,903
2022-05-29,San Joaquin,077,732212,172996,11074,184070,2258
2022-05-29,San Luis Obispo,079,281455,55276,4526,59802,487
2022-05-29,San Mateo,081,765935,138608,8466,147074,721
2022-05-29,Santa Barbara,083,443738,90818,5157,95975,694
2022-05-29,Santa Clara,085,1922200,354769,14701,369470,2352
2022-05-29,Santa Cruz,087,273765,52382,2456,54838,263
2022-05-29,Shasta,089,179085,31294,6221,37515,567
2022-05-29,Sierra,091,2930,278,55,333,4
2022-05-29,Siskiyou,093,43540,4568,2808,7376,83
2022-05-29,Solano,095,438530,88087,6139,94226,451
2022-05-29,Sonoma,097,501317,91632,3695,95327,498
2022-05-29,Stanislaus,099,539301,121231,18546,139777,1701
2022-05-29,Sutter,101,95872,21067,2196,23263,228
2022-05-29,Tehama,103,63373,12265,2643,14908,208
2022-05-29,Trinity,105,12862,1205,290,1495,20
2022-05-29,Tulare,107,460477,108457,28815,137272,1502
2022-05-29,Tuolumne,109,53932,13326,624,13950,187
2022-05-29,Ventura,111,848112,181566,10777,192343,1515
2022-05-29,Yolo,113,214977,40593,3220,43813,363
2022-05-29,Yuba,115,75493,16428,1327,17755,126
2022-05-28,Alameda,001,1643700,285291,15707,300998,1887
2022-05-28,Alpine,002,1148,128,1,129,0
2022-05-28,Amador,005,37829,8828,694,9522,87
2022-05-28,Butte,007,227075,34306,7481,41787,437
2022-05-28,Calaveras,009,45235,7518,390,7908,122
2022-05-28,Colusa,011,21464,3488,1073,4561,21
2022-05-28,Contra Costa,013,1133247,210322,15535,225857,1333
2022-05-28,Del Norte,015,27424,6222,246,6468,51
2022-05-28,El Dorado,017,186661,28180,3428,31608,220
2022-05-28,Fresno,019,978130,241470,25377,266847,2779
2022-05-28,Glenn,021,27897,5083,1649,6732,56
2022-05-28,Humboldt,023,135768,18411,3528,21939,149
2022-05-28,Imperial,025,180216,56647,10839,67486,945
2022-05-28,Inyo,027,18085,4180,562,4742,56
2022-05-28,Kern,029,883053,195756,47571,243327,2352
2022-05-28,Kings,031,150075,52500,3582,56082,450
2022-05-28,Lake,033,64148,11065,927,11992,140
2022-05-28,Lassen,035,31185,9084,893,9977,62
2022-05-28,Los Angeles,037,10098052,2846473,132938,2979411,32062
2022-05-28,Madera,039,155013,38201,6366,44567,371
2022-05-28,Marin,041,260295,29352,3831,33183,241
2022-05-28,Mariposa,043,17540,2559,233,2792,28
2022-05-28,Mendocino,045,87422,13727,3442,17169,129
2022-05-28,Merced,047,269075,64973,9507,74480,828
2022-05-28,Modoc,049,8938,753,255,1008,8
2022-05-28,Mono,051,14174,3036,162,3198,6
2022-05-28,Monterey,053,433212,82455,15469,97924,736
2022-05-28,Napa,055,140530,27720,1135,28855,144
2022-05-28,Nevada,057,99092,16743,1338,18081,133
2022-05-28,Orange,059,3164182,573815,45716,619531,7166
2022-05-28,Placer,061,380077,66485,7957,74442,631
2022-05-28,Plumas,063,18699,3124,377,3501,13
2022-05-28,Riverside,065,2383286,610091,29202,639293,6480
2022-05-28,Sacramento,067,1510023,297265,29193,326458,3097
2022-05-28,San Benito,069,59416,13581,607,14188,95
2022-05-28,San Bernardino,071,2135413,589587,25707,615294,7855
2022-05-28,San Diego,073,3302833,790497,56917,847414,5377
2022-05-28,San Francisco,075,870044,145304,9492,154796,902
2022-05-28,San Joaquin,077,732212,172893,11058,183951,2258
2022-05-28,San Luis Obispo,079,281455,55241,4523,59764,486
2022-05-28,San Mateo,081,765935,138330,8439,146769,721
2022-05-28,Santa Barbara,083,443738,90718,5147,95865,694
2022-05-28,Santa Clara,085,1922200,353983,14674,368657,2351
2022-05-28,Santa Cruz,087,273765,52342,2448,54790,263
2022-05-28,Shasta,089,179085,31283,6216,37499,565
2022-05-28,Sierra,091,2930,278,54,332,4
2022-05-28,Siskiyou,093,43540,4560,2804,7364,83
2022-05-28,Solano,095,438530,88013,6129,94142,451
2022-05-28,Sonoma,097,501317,91490,3684,95174,497
2022-05-28,Stanislaus,099,539301,121132,18538,139670,1701
2022-05-28,Sutter,101,95872,21052,2194,23246,228
2022-05-28,Tehama,103,63373,12253,2640,14893,208
2022-05-28,Trinity,105,12862,1204,290,1494,20
2022-05-28,Tulare,107,460477,108402,28781,137183,1502
2022-05-28,Tuolumne,109,53932,13310,623,13933,187
2022-05-28,Ventura,111,848112,181400,10757,192157,1515
2022-05-28,Yolo,113,214977,40539,3213,43752,363
2022-05-28,Yuba,115,75493,16414,1325,17739,126
2022-05-27,Alameda,001,1643700,284816,15666,300482,1887
2022-05-27,Alpine,002,1148,127,1,128,0
2022-05-27,Amador,005,37829,8823,694,9517,87
2022-05-27,Butte,007,227075,34280,7466,41746,437
2022-05-27,Calaveras,009,45235,7511,390,7901,122
2022-05-27,Colusa,011,21464,3488,1073,4561,21
2022-05-27,Contra Costa,013,1133247,210038,15503,225541,1333
2022-05-27,Del Norte,015,27424,6216,246,6462,50
2022-05-27,El Dorado,017,186661,28156,3420,31576,220
2022-05-27,Fresno,019,978130,241296,25345,266641,2778
2022-05-27,Glenn,021,27897,5081,1648,6729,56
2022-05-27,Humboldt,023,135768,18401,3522,21923,149
2022-05-27,Imperial,025,180216,56563,10834,67397,945
2022-05-27,Inyo,027,18085,4178,561,4739,56
2022-05-27,Kern,029,883053,195647,47503,243150,2352
2022-05-27,Kings,031,150075,52472,3579,56051,450
2022-05-27,Lake,033,64148,11059,925,11984,140
2022-05-27,Lassen,035,31185,9080,893,9973,62
2022-05-27,Los Angeles,037,10098052,2844123,132692,2976815,32053
2022-05-27,Madera,039,155013,38167,6357,44524,371
2022-05-27,Marin,041,260295,29283,3797,33080,240
2022-05-27,Mariposa,043,17540,2553,233,2786,28
2022-05-27,Mendocino,045,87422,13710,3438,17148,129
2022-05-27,Merced,047,269075,64932,9502,74434,828
2022-05-27,Modoc,049,8938,753,255,1008,8
2022-05-27,Mono,051,14174,3035,162,3197,6
2022-05-27,Monterey,053,433212,82396,15424,97820,736
2022-05-27,Napa,055,140530,27686,1132,28818,144
2022-05-27,Nevada,057,99092,16732,1334,18066,133
2022-05-27,Orange,059,3164182,573253,45604,618857,7161
2022-05-27,Placer,061,380077,66415,7947,74362,631
2022-05-27,Plumas,063,18699,3121,377,3498,13
2022-05-27,Riverside,065,2383286,609676,29170,638846,6479
2022-05-27,Sacramento,067,1510023,296888,29151,326039,3097
2022-05-27,San Benito,069,59416,13569,607,14176,95
2022-05-27,San Bernardino,071,2135413,589249,25682,614931,7855
2022-05-27,San Diego,073,3302833,789621,56826,846447,5376
2022-05-27,San Francisco,075,870044,144972,9452,154424,902
2022-05-27,San Joaquin,077,732212,172761,11037,183798,2257
2022-05-27,San Luis Obispo,079,281455,55178,4512,59690,486
2022-05-27,San Mateo,081,765935,138079,8415,146494,721
2022-05-27,Santa Barbara,083,443738,90629,5146,95775,694
2022-05-27,Santa Clara,085,1922200,353239,14658,367897,2349
2022-05-27,Santa Cruz,087,273765,52287,2436,54723,263
2022-05-27,Shasta,089,179085,31273,6210,37483,565
2022-05-27,Sierra,091,2930,278,54,332,4
2022-05-27,Siskiyou,093,43540,4558,2802,7360,83
2022-05-27,Solano,095,438530,87885,6118,94003,451
2022-05-27,Sonoma,097,501317,91345,3672,95017,497
2022-05-27,Stanislaus,099,539301,121050,18523,139573,1700
2022-05-27,Sutter,101,95872,21035,2193,23228,228
2022-05-27,Tehama,103,63373,12250,2639,14889,208
2022-05-27,Trinity,105,12862,1204,290,1494,20
2022-05-27,Tulare,107,460477,108334,28744,137078,1502
2022-05-27,Tuolumne,109,53932,13300,622,13922,187
2022-05-27,Ventura,111,848112,181224,10734,191958,1515
2022-05-27,Yolo,113,214977,40468,3205,43673,363
2022-05-27,Yuba,115,75493,16400,1324,17724,126
2022-05-26,Alameda,001,1643700,283965,15591,299556,1886
2022-05-26,Alpine,002,1148,127,1,128,0
2022-05-26,Amador,005,37829,8810,694,9504,87
2022-05-26,Butte,007,227075,34224,7444,41668,437
2022-05-26,Calaveras,009,45235,7501,390,7891,122
2022-05-26,Colusa,011,21464,3485,1070,4555,21
2022-05-26,Contra Costa,013,1133247,209559,15431,224990,1332
2022-05-26,Del Norte,015,27424,6208,242,6450,50
2022-05-26,El Dorado,017,186661,28107,3409,31516,220
2022-05-26,Fresno,019,978130,241040,25289,266329,2778
2022-05-26,Glenn,021,27897,5075,1648,6723,56
2022-05-26,Humboldt,023,135768,18360,3509,21869,149
2022-05-26,Imperial,025,180216,56531,10819,67350,945
2022-05-26,Inyo,027,18085,4177,558,4735,56
2022-05-26,Kern,029,883053,195483,47428,242911,2352
2022-05-26,Kings,031,150075,52425,3576,56001,450
2022-05-26,Lake,033,64148,11044,925,11969,140
2022-05-26,Lassen,035,31185,9071,893,9964,62
2022-05-26,Los Angeles,037,10098052,2839954,132358,2972312,32050
2022-05-26,Madera,039,155013,38123,6346,44469,371
2022-05-26,Marin,041,260295,29188,3756,32944,240
2022-05-26,Mariposa,043,17540,2548,231,2779,28
2022-05-26,Mendocino,045,87422,13684,3429,17113,129
2022-05-26,Merced,047,269075,64867,9492,74359,828
2022-05-26,Modoc,049,8938,752,255,1007,8
2022-05-26,Mono,051,14174,3034,161,3195,6
2022-05-26,Monterey,053,433212,82317,15371,97688,735
2022-05-26,Napa,055,140530,27634,1130,28764,144
2022-05-26,Nevada,057,99092,16701,1325,18026,131
2022-05-26,Orange,059,3164182,572344,45479,617823,7159
2022-05-26,Placer,061,380077,66274,7927,74201,631
2022-05-26,Plumas,063,18699,3117,376,3493,13
2022-05-26,Riverside,065,2383286,609059,29119,638178,6479
2022-05-26,Sacramento,067,1510023,296232,29058,325290,3096
2022-05-26,San Benito,069,59416,13553,605,14158,95
2022-05-26,San Bernardino,071,2135413,588703,25667,614370,7855
2022-05-26,San Diego,073,3302833,788317,56686,845003,5374
2022-05-26,San Francisco,075,870044,144515,9405,153920,900
2022-05-26,San Joaquin,077,732212,172537,11013,183550,2257
2022-05-26,San Luis Obispo,079,281455,55079,4481,59560,486
2022-05-26,San Mateo,081,765935,137686,8377,146063,720
2022-05-26,Santa Barbara,083,443738,90481,5126,95607,694
2022-05-26,Santa Clara,085,1922200,352277,14572,366849,2347
2022-05-26,Santa Cruz,087,273765,52196,2428,54624,263
2022-05-26,Shasta,089,179085,31246,6207,37453,565
2022-05-26,Sierra,091,2930,278,54,332,4
2022-05-26,Siskiyou,093,43540,4554,2800,7354,83
2022-05-26,Solano,095,438530,87682,6109,93791,451
2022-05-26,Sonoma,097,501317,91154,3645,94799,496
2022-05-26,Stanislaus,099,539301,120946,18504,139450,1700
2022-05-26,Sutter,101,95872,21015,2189,23204,228
2022-05-26,Tehama,103,63373,12240,2638,14878,208
2022-05-26,Trinity,105,12862,1202,290,1492,20
2022-05-26,Tulare,107,460477,108268,28689,136957,1502
2022-05-26,Tuolumne,109,53932,13280,618,13898,187
2022-05-26,Ventura,111,848112,180962,10697,191659,1515
2022-05-26,Yolo,113,214977,40365,3196,43561,363
2022-05-26,Yuba,115,75493,16384,1322,17706,126
2022-05-25,Alameda,001,1643700,283061,15534,298595,1886
2022-05-25,Alpine,002,1148,126,1,127,0
2022-05-25,Amador,005,37829,8793,692,9485,87
2022-05-25,Butte,007,227075,34162,7421,41583,437
2022-05-25,Calaveras,009,45235,7493,388,7881,122
2022-05-25,Colusa,011,21464,3484,1068,4552,21
2022-05-25,Contra Costa,013,1133247,209007,15357,224364,1332
2022-05-25,Del Norte,015,27424,6202,236,6438,50
2022-05-25,El Dorado,017,186661,28056,3400,31456,220
2022-05-25,Fresno,019,978130,240751,25238,265989,2778
2022-05-25,Glenn,021,27897,5070,1646,6716,56
2022-05-25,Humboldt,023,135768,18334,3490,21824,149
2022-05-25,Imperial,025,180216,56475,10807,67282,945
2022-05-25,Inyo,027,18085,4174,558,4732,56
2022-05-25,Kern,029,883053,195289,47341,242630,2352
2022-05-25,Kings,031,150075,52372,3572,55944,450
2022-05-25,Lake,033,64148,11031,924,11955,140
2022-05-25,Lassen,035,31185,9064,893,9957,62
2022-05-25,Los Angeles,037,10098052,2835328,131988,2967316,32046
2022-05-25,Madera,039,155013,38084,6333,44417,371
2022-05-25,Marin,041,260295,29088,3728,32816,239
2022-05-25,Mariposa,043,17540,2538,229,2767,28
2022-05-25,Mendocino,045,87422,13669,3423,17092,129
2022-05-25,Merced,047,269075,64800,9462,74262,828
2022-05-25,Modoc,049,8938,751,254,1005,8
2022-05-25,Mono,051,14174,3034,160,3194,6
2022-05-25,Monterey,053,433212,82252,15328,97580,735
2022-05-25,Napa,055,140530,27585,1124,28709,144
2022-05-25,Nevada,057,99092,16666,1319,17985,131
2022-05-25,Orange,059,3164182,571323,45321,616644,7159
2022-05-25,Placer,061,380077,66130,7905,74035,631
2022-05-25,Plumas,063,18699,3111,375,3486,13
2022-05-25,Riverside,065,2383286,608379,29067,637446,6479
2022-05-25,Sacramento,067,1510023,295588,28946,324534,3095
2022-05-25,San Benito,069,59416,13518,598,14116,95
2022-05-25,San Bernardino,071,2135413,588173,25641,613814,7855
2022-05-25,San Diego,073,3302833,786852,56500,843352,5374
2022-05-25,San Francisco,075,870044,144013,9377,153390,898
2022-05-25,San Joaquin,077,732212,172300,10992,183292,2257
2022-05-25,San Luis Obispo,079,281455,54972,4429,59401,486
2022-05-25,San Mateo,081,765935,137227,8312,145539,720
2022-05-25,Santa Barbara,083,443738,90314,5111,95425,694
2022-05-25,Santa Clara,085,1922200,351208,14467,365675,2344
2022-05-25,Santa Cruz,087,273765,52112,2413,54525,263
2022-05-25,Shasta,089,179085,31221,6198,37419,565
2022-05-25,Sierra,091,2930,278,54,332,4
2022-05-25,Siskiyou,093,43540,4544,2797,7341,83
2022-05-25,Solano,095,438530,87466,6092,93558,451
2022-05-25,Sonoma,097,501317,90962,3606,94568,496
2022-05-25,Stanislaus,099,539301,120811,18481,139292,1699
2022-05-25,Sutter,101,95872,20990,2186,23176,228
2022-05-25,Tehama,103,63373,12234,2634,14868,208
2022-05-25,Trinity,105,12862,1202,290,1492,20
2022-05-25,Tulare,107,460477,108183,28646,136829,1502
2022-05-25,Tuolumne,109,53932,13258,615,13873,187
2022-05-25,Ventura,111,848112,180672,10660,191332,1514
2022-05-25,Yolo,113,214977,40271,3186,43457,363
2022-05-25,Yuba,115,75493,16357,1316,17673,126
2022-05-24,Alameda,001,1643700,282178,15475,297653,1885
2022-05-24,Alpine,002,1148,126,1,127,0
2022-05-24,Amador,005,37829,8786,688,9474,87
2022-05-24,Butte,007,227075,34118,7399,41517,437
2022-05-24,Calaveras,009,45235,7486,386,7872,122
2022-05-24,Colusa,011,21464,3482,1066,4548,21
2022-05-24,Contra Costa,013,1133247,208355,15257,223612,1330
2022-05-24,Del Norte,015,27424,6197,234,6431,50
2022-05-24,El Dorado,017,186661,27987,3393,31380,219
2022-05-24,Fresno,019,978130,240438,25201,265639,2776
2022-05-24,Glenn,021,27897,5068,1646,6714,56
2022-05-24,Humboldt,023,135768,18302,3472,21774,149
2022-05-24,Imperial,025,180216,56422,10794,67216,945
2022-05-24,Inyo,027,18085,4166,555,4721,56
2022-05-24,Kern,029,883053,195093,47235,242328,2352
2022-05-24,Kings,031,150075,52307,3567,55874,450
2022-05-24,Lake,033,64148,11014,922,11936,140
2022-05-24,Lassen,035,31185,9051,889,9940,62
2022-05-24,Los Angeles,037,10098052,2830058,131599,2961657,32041
2022-05-24,Madera,039,155013,38037,6318,44355,371
2022-05-24,Marin,041,260295,28979,3679,32658,239
2022-05-24,Mariposa,043,17540,2531,227,2758,28
2022-05-24,Mendocino,045,87422,13645,3413,17058,129
2022-05-24,Merced,047,269075,64740,9431,74171,828
2022-05-24,Modoc,049,8938,750,253,1003,8
2022-05-24,Mono,051,14174,3031,160,3191,6
2022-05-24,Monterey,053,433212,82162,15267,97429,735
2022-05-24,Napa,055,140530,27533,1112,28645,144
2022-05-24,Nevada,057,99092,16624,1312,17936,131
2022-05-24,Orange,059,3164182,570269,45149,615418,7157
2022-05-24,Placer,061,380077,66027,7889,73916,631
2022-05-24,Plumas,063,18699,3105,375,3480,13
2022-05-24,Riverside,065,2383286,607685,29018,636703,6478
2022-05-24,Sacramento,067,1510023,294902,28824,323726,3095
2022-05-24,San Benito,069,59416,13483,596,14079,95
2022-05-24,San Bernardino,071,2135413,587548,25612,613160,7854
2022-05-24,San Diego,073,3302833,785203,56286,841489,5372
2022-05-24,San Francisco,075,870044,143475,9350,152825,898
2022-05-24,San Joaquin,077,732212,172031,10960,182991,2257
2022-05-24,San Luis Obispo,079,281455,54821,4376,59197,486
2022-05-24,San Mateo,081,765935,136687,8258,144945,719
2022-05-24,Santa Barbara,083,443738,90151,5084,95235,694
2022-05-24,Santa Clara,085,1922200,349918,14377,364295,2343
2022-05-24,Santa Cruz,087,273765,52035,2403,54438,262
2022-05-24,Shasta,089,179085,31196,6186,37382,564
2022-05-24,Sierra,091,2930,278,54,332,4
2022-05-24,Siskiyou,093,43540,4534,2789,7323,83
2022-05-24,Solano,095,438530,87230,6065,93295,451
2022-05-24,Sonoma,097,501317,90753,3568,94321,496
2022-05-24,Stanislaus,099,539301,120670,18445,139115,1699
2022-05-24,Sutter,101,95872,20969,2182,23151,228
2022-05-24,Tehama,103,63373,12225,2632,14857,208
2022-05-24,Trinity,105,12862,1199,290,1489,20
2022-05-24,Tulare,107,460477,108062,28592,136654,1502
2022-05-24,Tuolumne,109,53932,13243,615,13858,187
2022-05-24,Ventura,111,848112,180361,10610,190971,1514
2022-05-24,Yolo,113,214977,40167,3181,43348,363
2022-05-24,Yuba,115,75493,16330,1308,17638,126
2022-05-23,Alameda,001,1643700,281242,15386,296628,1883
2022-05-23,Alpine,002,1148,126,1,127,0
2022-05-23,Amador,005,37829,8753,685,9438,86
2022-05-23,Butte,007,227075,34070,7371,41441,437
2022-05-23,Calaveras,009,45235,7479,384,7863,122
2022-05-23,Colusa,011,21464,3481,1064,4545,21
2022-05-23,Contra Costa,013,1133247,207613,15175,222788,1327
2022-05-23,Del Norte,015,27424,6192,230,6422,50
2022-05-23,El Dorado,017,186661,27904,3384,31288,218
2022-05-23,Fresno,019,978130,240089,25132,265221,2776
2022-05-23,Glenn,021,27897,5064,1642,6706,56
2022-05-23,Humboldt,023,135768,18275,3450,21725,149
2022-05-23,Imperial,025,180216,56379,10773,67152,945
2022-05-23,Inyo,027,18085,4163,554,4717,56
2022-05-23,Kern,029,883053,194875,47149,242024,2352
2022-05-23,Kings,031,150075,52258,3562,55820,450
2022-05-23,Lake,033,64148,10995,920,11915,140
2022-05-23,Lassen,035,31185,9043,886,9929,62
2022-05-23,Los Angeles,037,10098052,2824651,131235,2955886,32030
2022-05-23,Madera,039,155013,38006,6295,44301,371
2022-05-23,Marin,041,260295,28837,3634,32471,239
2022-05-23,Mariposa,043,17540,2529,225,2754,28
2022-05-23,Mendocino,045,87422,13623,3399,17022,129
2022-05-23,Merced,047,269075,64662,9403,74065,828
2022-05-23,Modoc,049,8938,749,253,1002,8
2022-05-23,Mono,051,14174,3031,160,3191,6
2022-05-23,Monterey,053,433212,82062,15203,97265,735
2022-05-23,Napa,055,140530,27473,1105,28578,144
2022-05-23,Nevada,057,99092,16589,1309,17898,131
2022-05-23,Orange,059,3164182,569241,45003,614244,7156
2022-05-23,Placer,061,380077,65889,7856,73745,631
2022-05-23,Plumas,063,18699,3102,374,3476,13
2022-05-23,Riverside,065,2383286,606955,28966,635921,6478
2022-05-23,Sacramento,067,1510023,294152,28696,322848,3094
2022-05-23,San Benito,069,59416,13448,593,14041,95
2022-05-23,San Bernardino,071,2135413,586907,25578,612485,7853
2022-05-23,San Diego,073,3302833,783481,56075,839556,5371
2022-05-23,San Francisco,075,870044,142903,9317,152220,895
2022-05-23,San Joaquin,077,732212,171759,10927,182686,2257
2022-05-23,San Luis Obispo,079,281455,54675,4329,59004,486
2022-05-23,San Mateo,081,765935,136106,8208,144314,719
2022-05-23,Santa Barbara,083,443738,89916,5060,94976,693
2022-05-23,Santa Clara,085,1922200,348534,14289,362823,2342
2022-05-23,Santa Cruz,087,273765,51932,2388,54320,262
2022-05-23,Shasta,089,179085,31173,6180,37353,564
2022-05-23,Sierra,091,2930,278,54,332,4
2022-05-23,Siskiyou,093,43540,4520,2785,7305,83
2022-05-23,Solano,095,438530,86956,6045,93001,451
2022-05-23,Sonoma,097,501317,90525,3519,94044,496
2022-05-23,Stanislaus,099,539301,120529,18405,138934,1699
2022-05-23,Sutter,101,95872,20929,2177,23106,228
2022-05-23,Tehama,103,63373,12213,2631,14844,208
2022-05-23,Trinity,105,12862,1198,290,1488,20
2022-05-23,Tulare,107,460477,107941,28522,136463,1502
2022-05-23,Tuolumne,109,53932,13219,611,13830,187
2022-05-23,Ventura,111,848112,180030,10579,190609,1514
2022-05-23,Yolo,113,214977,40034,3164,43198,363
2022-05-23,Yuba,115,75493,16300,1304,17604,126
2022-05-22,Alameda,001,1643700,280157,15277,295434,1883
2022-05-22,Alpine,002,1148,126,1,127,0
2022-05-22,Amador,005,37829,8736,679,9415,86
2022-05-22,Butte,007,227075,34018,7343,41361,437
2022-05-22,Calaveras,009,45235,7468,380,7848,122
2022-05-22,Colusa,011,21464,3477,1061,4538,21
2022-05-22,Contra Costa,013,1133247,206884,15042,221926,1327
2022-05-22,Del Norte,015,27424,6176,219,6395,50
2022-05-22,El Dorado,017,186661,27828,3368,31196,218
2022-05-22,Fresno,019,978130,239741,25079,264820,2775
2022-05-22,Glenn,021,27897,5054,1641,6695,56
2022-05-22,Humboldt,023,135768,18222,3423,21645,149
2022-05-22,Imperial,025,180216,56311,10757,67068,945
2022-05-22,Inyo,027,18085,4155,552,4707,56
2022-05-22,Kern,029,883053,194638,47049,241687,2352
2022-05-22,Kings,031,150075,52195,3556,55751,450
2022-05-22,Lake,033,64148,10963,918,11881,140
2022-05-22,Lassen,035,31185,9027,883,9910,62
2022-05-22,Los Angeles,037,10098052,2818809,130809,2949618,32025
2022-05-22,Madera,039,155013,37959,6260,44219,371
2022-05-22,Marin,041,260295,28691,3590,32281,239
2022-05-22,Mariposa,043,17540,2525,224,2749,28
2022-05-22,Mendocino,045,87422,13595,3370,16965,129
2022-05-22,Merced,047,269075,64586,9372,73958,828
2022-05-22,Modoc,049,8938,748,253,1001,8
2022-05-22,Mono,051,14174,3030,160,3190,6
2022-05-22,Monterey,053,433212,81904,15105,97009,735
2022-05-22,Napa,055,140530,27399,1097,28496,144
2022-05-22,Nevada,057,99092,16555,1298,17853,131
2022-05-22,Orange,059,3164182,568130,44819,612949,7154
2022-05-22,Placer,061,380077,65726,7823,73549,631
2022-05-22,Plumas,063,18699,3095,372,3467,13
2022-05-22,Riverside,065,2383286,606112,28900,635012,6477
2022-05-22,Sacramento,067,1510023,293349,28530,321879,3093
2022-05-22,San Benito,069,59416,13416,587,14003,95
2022-05-22,San Bernardino,071,2135413,586194,25539,611733,7853
2022-05-22,San Diego,073,3302833,781862,55882,837744,5369
2022-05-22,San Francisco,075,870044,142218,9300,151518,895
2022-05-22,San Joaquin,077,732212,171449,10883,182332,2257
2022-05-22,San Luis Obispo,079,281455,54520,4268,58788,486
2022-05-22,San Mateo,081,765935,135534,8154,143688,719
2022-05-22,Santa Barbara,083,443738,89684,5025,94709,693
2022-05-22,Santa Clara,085,1922200,347089,14212,361301,2341
2022-05-22,Santa Cruz,087,273765,51839,2374,54213,262
2022-05-22,Shasta,089,179085,31124,6168,37292,564
2022-05-22,Sierra,091,2930,278,54,332,4
2022-05-22,Siskiyou,093,43540,4511,2784,7295,83
2022-05-22,Solano,095,438530,86671,6012,92683,451
2022-05-22,Sonoma,097,501317,90238,3464,93702,496
2022-05-22,Stanislaus,099,539301,120355,18380,138735,1699
2022-05-22,Sutter,101,95872,20899,2169,23068,228
2022-05-22,Tehama,103,63373,12205,2626,14831,208
2022-05-22,Trinity,105,12862,1198,289,1487,20
2022-05-22,Tulare,107,460477,107837,28438,136275,1502
2022-05-22,Tuolumne,109,53932,13199,609,13808,187
2022-05-22,Ventura,111,848112,179683,10527,190210,1514
2022-05-22,Yolo,113,214977,39909,3140,43049,363
2022-05-22,Yuba,115,75493,16273,1295,17568,126
2022-05-21,Alameda,001,1643700,279693,15256,294949,1883
2022-05-21,Alpine,002,1148,126,1,127,0
2022-05-21,Amador,005,37829,8725,679,9404,86
2022-05-21,Butte,007,227075,33997,7329,41326,437
2022-05-21,Calaveras,009,45235,7462,380,7842,122
2022-05-21,Colusa,011,21464,3477,1060,4537,21
2022-05-21,Contra Costa,013,1133247,206523,15010,221533,1325
2022-05-21,Del Norte,015,27424,6171,217,6388,50
2022-05-21,El Dorado,017,186661,27791,3366,31157,218
2022-05-21,Fresno,019,978130,239608,25058,264666,2775
2022-05-21,Glenn,021,27897,5051,1640,6691,56
2022-05-21,Humboldt,023,135768,18197,3415,21612,148
2022-05-21,Imperial,025,180216,56277,10753,67030,945
2022-05-21,Inyo,027,18085,4153,550,4703,56
2022-05-21,Kern,029,883053,194540,46989,241529,2352
2022-05-21,Kings,031,150075,52172,3555,55727,450
2022-05-21,Lake,033,64148,10955,918,11873,140
2022-05-21,Lassen,035,31185,9024,883,9907,62
2022-05-21,Los Angeles,037,10098052,2816494,130564,2947058,32022
2022-05-21,Madera,039,155013,37941,6254,44195,371
2022-05-21,Marin,041,260295,28596,3546,32142,239
2022-05-21,Mariposa,043,17540,2523,224,2747,28
2022-05-21,Mendocino,045,87422,13584,3365,16949,128
2022-05-21,Merced,047,269075,64551,9366,73917,828
2022-05-21,Modoc,049,8938,747,253,1000,8
2022-05-21,Mono,051,14174,3030,160,3190,6
2022-05-21,Monterey,053,433212,81838,15050,96888,735
2022-05-21,Napa,055,140530,27366,1094,28460,144
2022-05-21,Nevada,057,99092,16549,1298,17847,131
2022-05-21,Orange,059,3164182,567608,44705,612313,7153
2022-05-21,Placer,061,380077,65621,7811,73432,631
2022-05-21,Plumas,063,18699,3088,372,3460,13
2022-05-21,Riverside,065,2383286,605638,28875,634513,6476
2022-05-21,Sacramento,067,1510023,293020,28499,321519,3093
2022-05-21,San Benito,069,59416,13404,579,13983,95
2022-05-21,San Bernardino,071,2135413,585854,25514,611368,7852
2022-05-21,San Diego,073,3302833,781169,55818,836987,5369
2022-05-21,San Francisco,075,870044,141911,9287,151198,893
2022-05-21,San Joaquin,077,732212,171332,10864,182196,2257
2022-05-21,San Luis Obispo,079,281455,54441,4254,58695,486
2022-05-21,San Mateo,081,765935,135220,8128,143348,719
2022-05-21,Santa Barbara,083,443738,89592,5012,94604,693
2022-05-21,Santa Clara,085,1922200,346238,14169,360407,2339
2022-05-21,Santa Cruz,087,273765,51794,2355,54149,262
2022-05-21,Shasta,089,179085,31113,6166,37279,564
2022-05-21,Sierra,091,2930,277,54,331,4
2022-05-21,Siskiyou,093,43540,4507,2782,7289,83
2022-05-21,Solano,095,438530,86586,6006,92592,450
2022-05-21,Sonoma,097,501317,90112,3455,93567,496
2022-05-21,Stanislaus,099,539301,120273,18356,138629,1699
2022-05-21,Sutter,101,95872,20889,2164,23053,228
2022-05-21,Tehama,103,63373,12203,2625,14828,208
2022-05-21,Trinity,105,12862,1198,289,1487,20
2022-05-21,Tulare,107,460477,107776,28401,136177,1502
2022-05-21,Tuolumne,109,53932,13192,609,13801,187
2022-05-21,Ventura,111,848112,179508,10508,190016,1514
2022-05-21,Yolo,113,214977,39846,3129,42975,363
2022-05-21,Yuba,115,75493,16260,1293,17553,126
2022-05-20,Alameda,001,1643700,279153,15230,294383,1882
2022-05-20,Alpine,002,1148,126,1,127,0
2022-05-20,Amador,005,37829,8718,679,9397,86
2022-05-20,Butte,007,227075,33975,7317,41292,437
2022-05-20,Calaveras,009,45235,7454,380,7834,122
2022-05-20,Colusa,011,21464,3477,1060,4537,21
2022-05-20,Contra Costa,013,1133247,206165,14992,221157,1325
2022-05-20,Del Norte,015,27424,6166,216,6382,50
2022-05-20,El Dorado,017,186661,27757,3363,31120,217
2022-05-20,Fresno,019,978130,239448,25027,264475,2775
2022-05-20,Glenn,021,27897,5048,1640,6688,56
2022-05-20,Humboldt,023,135768,18175,3407,21582,148
2022-05-20,Imperial,025,180216,56253,10750,67003,945
2022-05-20,Inyo,027,18085,4150,546,4696,56
2022-05-20,Kern,029,883053,194436,46941,241377,2352
2022-05-20,Kings,031,150075,52157,3554,55711,450
2022-05-20,Lake,033,64148,10938,918,11856,140
2022-05-20,Lassen,035,31185,9022,883,9905,62
2022-05-20,Los Angeles,037,10098052,2814132,130334,2944466,32015
2022-05-20,Madera,039,155013,37922,6246,44168,371
2022-05-20,Marin,041,260295,28522,3507,32029,239
2022-05-20,Mariposa,043,17540,2518,224,2742,28
2022-05-20,Mendocino,045,87422,13569,3361,16930,128
2022-05-20,Merced,047,269075,64517,9363,73880,828
2022-05-20,Modoc,049,8938,747,253,1000,8
2022-05-20,Mono,051,14174,3026,160,3186,6
2022-05-20,Monterey,053,433212,81780,15010,96790,735
2022-05-20,Napa,055,140530,27336,1090,28426,144
2022-05-20,Nevada,057,99092,16541,1296,17837,131
2022-05-20,Orange,059,3164182,567032,44607,611639,7152
2022-05-20,Placer,061,380077,65542,7795,73337,630
2022-05-20,Plumas,063,18699,3086,372,3458,13
2022-05-20,Riverside,065,2383286,605185,28852,634037,6474
2022-05-20,Sacramento,067,1510023,292644,28474,321118,3093
2022-05-20,San Benito,069,59416,13387,578,13965,95
2022-05-20,San Bernardino,071,2135413,585533,25495,611028,7852
2022-05-20,San Diego,073,3302833,780370,55728,836098,5368
2022-05-20,San Francisco,075,870044,141576,9256,150832,891
2022-05-20,San Joaquin,077,732212,171210,10856,182066,2256
2022-05-20,San Luis Obispo,079,281455,54405,4249,58654,485
2022-05-20,San Mateo,081,765935,134899,8105,143004,719
2022-05-20,Santa Barbara,083,443738,89508,5007,94515,693
2022-05-20,Santa Clara,085,1922200,345442,14118,359560,2338
2022-05-20,Santa Cruz,087,273765,51749,2337,54086,262
2022-05-20,Shasta,089,179085,31100,6163,37263,564
2022-05-20,Sierra,091,2930,277,54,331,4
2022-05-20,Siskiyou,093,43540,4504,2780,7284,83
2022-05-20,Solano,095,438530,86442,5998,92440,450
2022-05-20,Sonoma,097,501317,89985,3442,93427,495
2022-05-20,Stanislaus,099,539301,120191,18343,138534,1699
2022-05-20,Sutter,101,95872,20880,2163,23043,227
2022-05-20,Tehama,103,63373,12199,2624,14823,208
2022-05-20,Trinity,105,12862,1198,289,1487,20
2022-05-20,Tulare,107,460477,107717,28362,136079,1502
2022-05-20,Tuolumne,109,53932,13173,607,13780,187
2022-05-20,Ventura,111,848112,179311,10490,189801,1514
2022-05-20,Yolo,113,214977,39777,3123,42900,363
2022-05-20,Yuba,115,75493,16245,1289,17534,126
2022-05-19,Alameda,001,1643700,278330,15161,293491,1882
2022-05-19,Alpine,002,1148,126,1,127,0
2022-05-19,Amador,005,37829,8710,679,9389,86
2022-05-19,Butte,007,227075,33937,7308,41245,437
2022-05-19,Calaveras,009,45235,7448,377,7825,122
2022-05-19,Colusa,011,21464,3476,1059,4535,21
2022-05-19,Contra Costa,013,1133247,205621,14918,220539,1322
2022-05-19,Del Norte,015,27424,6162,211,6373,50
2022-05-19,El Dorado,017,186661,27705,3348,31053,217
2022-05-19,Fresno,019,978130,239222,24987,264209,2775
2022-05-19,Glenn,021,27897,5047,1636,6683,56
2022-05-19,Humboldt,023,135768,18141,3392,21533,148
2022-05-19,Imperial,025,180216,56205,10749,66954,945
2022-05-19,Inyo,027,18085,4146,545,4691,56
2022-05-19,Kern,029,883053,194295,46866,241161,2352
2022-05-19,Kings,031,150075,52130,3553,55683,450
2022-05-19,Lake,033,64148,10930,916,11846,140
2022-05-19,Lassen,035,31185,9018,883,9901,62
2022-05-19,Los Angeles,037,10098052,2810171,130003,2940174,32013
2022-05-19,Madera,039,155013,37885,6230,44115,371
2022-05-19,Marin,041,260295,28426,3474,31900,239
2022-05-19,Mariposa,043,17540,2510,224,2734,28
2022-05-19,Mendocino,045,87422,13546,3354,16900,128
2022-05-19,Merced,047,269075,64455,9347,73802,828
2022-05-19,Modoc,049,8938,747,253,1000,8
2022-05-19,Mono,051,14174,3025,156,3181,6
2022-05-19,Monterey,053,433212,81699,14945,96644,735
2022-05-19,Napa,055,140530,27275,1087,28362,144
2022-05-19,Nevada,057,99092,16507,1289,17796,131
2022-05-19,Orange,059,3164182,566189,44476,610665,7150
2022-05-19,Placer,061,380077,65418,7779,73197,630
2022-05-19,Plumas,063,18699,3080,372,3452,13
2022-05-19,Riverside,065,2383286,604554,28808,633362,6473
2022-05-19,Sacramento,067,1510023,292081,28389,320470,3091
2022-05-19,San Benito,069,59416,13359,575,13934,95
2022-05-19,San Bernardino,071,2135413,585017,25474,610491,7852
2022-05-19,San Diego,073,3302833,779133,55563,834696,5367
2022-05-19,San Francisco,075,870044,141106,9223,150329,890
2022-05-19,San Joaquin,077,732212,170965,10839,181804,2256
2022-05-19,San Luis Obispo,079,281455,54301,4217,58518,483
2022-05-19,San Mateo,081,765935,134428,8047,142475,719
2022-05-19,Santa Barbara,083,443738,89355,4980,94335,693
2022-05-19,Santa Clara,085,1922200,344360,14031,358391,2337
2022-05-19,Santa Cruz,087,273765,51671,2323,53994,262
2022-05-19,Shasta,089,179085,31071,6157,37228,564
2022-05-19,Sierra,091,2930,277,54,331,4
2022-05-19,Siskiyou,093,43540,4501,2778,7279,83
2022-05-19,Solano,095,438530,86254,5973,92227,450
2022-05-19,Sonoma,097,501317,89780,3408,93188,495
2022-05-19,Stanislaus,099,539301,120060,18321,138381,1699
2022-05-19,Sutter,101,95872,20844,2160,23004,227
2022-05-19,Tehama,103,63373,12189,2621,14810,208
2022-05-19,Trinity,105,12862,1197,289,1486,20
2022-05-19,Tulare,107,460477,107625,28315,135940,1502
2022-05-19,Tuolumne,109,53932,13149,604,13753,186
2022-05-19,Ventura,111,848112,179036,10451,189487,1513
2022-05-19,Yolo,113,214977,39687,3115,42802,362
2022-05-19,Yuba,115,75493,16225,1281,17506,126
2022-05-18,Alameda,001,1643700,277485,15093,292578,1881
2022-05-18,Alpine,002,1148,126,1,127,0
2022-05-18,Amador,005,37829,8692,679,9371,86
2022-05-18,Butte,007,227075,33896,7293,41189,436
2022-05-18,Calaveras,009,45235,7440,377,7817,121
2022-05-18,Colusa,011,21464,3476,1059,4535,21
2022-05-18,Contra Costa,013,1133247,205063,14831,219894,1322
2022-05-18,Del Norte,015,27424,6153,207,6360,50
2022-05-18,El Dorado,017,186661,27655,3341,30996,217
2022-05-18,Fresno,019,978130,238958,24945,263903,2775
2022-05-18,Glenn,021,27897,5046,1636,6682,56
2022-05-18,Humboldt,023,135768,18116,3371,21487,148
2022-05-18,Imperial,025,180216,56143,10742,66885,945
2022-05-18,Inyo,027,18085,4142,539,4681,56
2022-05-18,Kern,029,883053,194178,46806,240984,2352
2022-05-18,Kings,031,150075,52101,3550,55651,450
2022-05-18,Lake,033,64148,10921,915,11836,140
2022-05-18,Lassen,035,31185,9012,883,9895,62
2022-05-18,Los Angeles,037,10098052,2805848,129721,2935569,32009
2022-05-18,Madera,039,155013,37847,6221,44068,371
2022-05-18,Marin,041,260295,28336,3433,31769,239
2022-05-18,Mariposa,043,17540,2503,224,2727,28
2022-05-18,Mendocino,045,87422,13525,3339,16864,128
2022-05-18,Merced,047,269075,64390,9320,73710,828
2022-05-18,Modoc,049,8938,747,253,1000,8
2022-05-18,Mono,051,14174,3024,154,3178,6
2022-05-18,Monterey,053,433212,81591,14889,96480,735
2022-05-18,Napa,055,140530,27233,1080,28313,144
2022-05-18,Nevada,057,99092,16487,1284,17771,131
2022-05-18,Orange,059,3164182,565372,44370,609742,7149
2022-05-18,Placer,061,380077,65272,7763,73035,629
2022-05-18,Plumas,063,18699,3072,369,3441,13
2022-05-18,Riverside,065,2383286,603904,28756,632660,6472
2022-05-18,Sacramento,067,1510023,291558,28300,319858,3088
2022-05-18,San Benito,069,59416,13335,571,13906,95
2022-05-18,San Bernardino,071,2135413,584546,25447,609993,7850
2022-05-18,San Diego,073,3302833,777698,55400,833098,5367
2022-05-18,San Francisco,075,870044,140579,9196,149775,889
2022-05-18,San Joaquin,077,732212,170731,10754,181485,2255
2022-05-18,San Luis Obispo,079,281455,54202,4183,58385,483
2022-05-18,San Mateo,081,765935,133997,7980,141977,719
2022-05-18,Santa Barbara,083,443738,89195,4959,94154,693
2022-05-18,Santa Clara,085,1922200,343211,13938,357149,2337
2022-05-18,Santa Cruz,087,273765,51583,2310,53893,262
2022-05-18,Shasta,089,179085,31048,6152,37200,564
2022-05-18,Sierra,091,2930,277,54,331,4
2022-05-18,Siskiyou,093,43540,4496,2776,7272,83
2022-05-18,Solano,095,438530,85990,5955,91945,450
2022-05-18,Sonoma,097,501317,89581,3369,92950,495
2022-05-18,Stanislaus,099,539301,119950,18288,138238,1699
2022-05-18,Sutter,101,95872,20822,2151,22973,227
2022-05-18,Tehama,103,63373,12183,2618,14801,208
2022-05-18,Trinity,105,12862,1197,289,1486,20
2022-05-18,Tulare,107,460477,107556,28257,135813,1502
2022-05-18,Tuolumne,109,53932,13130,602,13732,186
2022-05-18,Ventura,111,848112,178766,10407,189173,1513
2022-05-18,Yolo,113,214977,39575,3103,42678,362
2022-05-18,Yuba,115,75493,16201,1272,17473,126
2022-05-17,Alameda,001,1643700,276646,15026,291672,1880
2022-05-17,Alpine,002,1148,126,1,127,0
2022-05-17,Amador,005,37829,8683,677,9360,86
2022-05-17,Butte,007,227075,33844,7272,41116,436
2022-05-17,Calaveras,009,45235,7433,377,7810,121
2022-05-17,Colusa,011,21464,3475,1058,4533,21
2022-05-17,Contra Costa,013,1133247,204427,14747,219174,1317
2022-05-17,Del Norte,015,27424,6138,207,6345,50
2022-05-17,El Dorado,017,186661,27604,3335,30939,217
2022-05-17,Fresno,019,978130,238703,24914,263617,2775
2022-05-17,Glenn,021,27897,5043,1635,6678,56
2022-05-17,Humboldt,023,135768,18076,3354,21430,148
2022-05-17,Imperial,025,180216,56100,10732,66832,945
2022-05-17,Inyo,027,18085,4140,530,4670,56
2022-05-17,Kern,029,883053,194021,46750,240771,2352
2022-05-17,Kings,031,150075,52058,3546,55604,450
2022-05-17,Lake,033,64148,10906,913,11819,140
2022-05-17,Lassen,035,31185,9007,882,9889,62
2022-05-17,Los Angeles,037,10098052,2801324,129409,2930733,32006
2022-05-17,Madera,039,155013,37821,6206,44027,371
2022-05-17,Marin,041,260295,28203,3372,31575,239
2022-05-17,Mariposa,043,17540,2498,223,2721,28
2022-05-17,Mendocino,045,87422,13499,3329,16828,128
2022-05-17,Merced,047,269075,64324,9301,73625,828
2022-05-17,Modoc,049,8938,747,253,1000,8
2022-05-17,Mono,051,14174,3020,154,3174,6
2022-05-17,Monterey,053,433212,81473,14825,96298,735
2022-05-17,Napa,055,140530,27185,1072,28257,144
2022-05-17,Nevada,057,99092,16458,1276,17734,131
2022-05-17,Orange,059,3164182,564455,44228,608683,7146
2022-05-17,Placer,061,380077,65111,7726,72837,629
2022-05-17,Plumas,063,18699,3066,368,3434,13
2022-05-17,Riverside,065,2383286,603215,28713,631928,6472
2022-05-17,Sacramento,067,1510023,290924,28195,319119,3087
2022-05-17,San Benito,069,59416,13298,570,13868,95
2022-05-17,San Bernardino,071,2135413,584055,25433,609488,7850
2022-05-17,San Diego,073,3302833,776183,55235,831418,5367
2022-05-17,San Francisco,075,870044,140001,9165,149166,889
2022-05-17,San Joaquin,077,732212,170489,10713,181202,2255
2022-05-17,San Luis Obispo,079,281455,54109,4139,58248,483
2022-05-17,San Mateo,081,765935,133497,7941,141438,719
2022-05-17,Santa Barbara,083,443738,88997,4941,93938,693
2022-05-17,Santa Clara,085,1922200,342030,13865,355895,2336
2022-05-17,Santa Cruz,087,273765,51506,2302,53808,262
2022-05-17,Shasta,089,179085,31011,6149,37160,563
2022-05-17,Sierra,091,2930,277,54,331,4
2022-05-17,Siskiyou,093,43540,4494,2774,7268,83
2022-05-17,Solano,095,438530,85704,5925,91629,450
2022-05-17,Sonoma,097,501317,89338,3324,92662,494
2022-05-17,Stanislaus,099,539301,119801,18259,138060,1697
2022-05-17,Sutter,101,95872,20802,2147,22949,227
2022-05-17,Tehama,103,63373,12171,2615,14786,208
2022-05-17,Trinity,105,12862,1196,289,1485,20
2022-05-17,Tulare,107,460477,107462,28219,135681,1502
2022-05-17,Tuolumne,109,53932,13116,602,13718,186
2022-05-17,Ventura,111,848112,178443,10353,188796,1513
2022-05-17,Yolo,113,214977,39438,3096,42534,362
2022-05-17,Yuba,115,75493,16176,1269,17445,126
2022-05-16,Alameda,001,1643700,275641,14949,290590,1879
2022-05-16,Alpine,002,1148,126,1,127,0
2022-05-16,Amador,005,37829,8673,676,9349,86
2022-05-16,Butte,007,227075,33786,7256,41042,436
2022-05-16,Calaveras,009,45235,7427,375,7802,121
2022-05-16,Colusa,011,21464,3474,1058,4532,21
2022-05-16,Contra Costa,013,1133247,203783,14665,218448,1317
2022-05-16,Del Norte,015,27424,6125,204,6329,49
2022-05-16,El Dorado,017,186661,27545,3327,30872,216
2022-05-16,Fresno,019,978130,238438,24873,263311,2774
2022-05-16,Glenn,021,27897,5038,1630,6668,56
2022-05-16,Humboldt,023,135768,18030,3340,21370,148
2022-05-16,Imperial,025,180216,56036,10719,66755,945
2022-05-16,Inyo,027,18085,4136,527,4663,56
2022-05-16,Kern,029,883053,193869,46684,240553,2352
2022-05-16,Kings,031,150075,52008,3545,55553,450
2022-05-16,Lake,033,64148,10899,912,11811,140
2022-05-16,Lassen,035,31185,9002,880,9882,62
2022-05-16,Los Angeles,037,10098052,2796903,129123,2926026,31999
2022-05-16,Madera,039,155013,37790,6183,43973,371
2022-05-16,Marin,041,260295,28039,3324,31363,239
2022-05-16,Mariposa,043,17540,2497,222,2719,28
2022-05-16,Mendocino,045,87422,13473,3317,16790,128
2022-05-16,Merced,047,269075,64253,9265,73518,828
2022-05-16,Modoc,049,8938,747,253,1000,8
2022-05-16,Mono,051,14174,3017,154,3171,6
2022-05-16,Monterey,053,433212,81361,14739,96100,734
2022-05-16,Napa,055,140530,27134,1067,28201,144
2022-05-16,Nevada,057,99092,16439,1271,17710,131
2022-05-16,Orange,059,3164182,563597,44100,607697,7145
2022-05-16,Placer,061,380077,65001,7694,72695,629
2022-05-16,Plumas,063,18699,3056,367,3423,13
2022-05-16,Riverside,065,2383286,602500,28657,631157,6472
2022-05-16,Sacramento,067,1510023,290253,28095,318348,3087
2022-05-16,San Benito,069,59416,13280,564,13844,95
2022-05-16,San Bernardino,071,2135413,583582,25404,608986,7850
2022-05-16,San Diego,073,3302833,774642,55067,829709,5367
2022-05-16,San Francisco,075,870044,139298,9133,148431,889
2022-05-16,San Joaquin,077,732212,170211,10528,180739,2254
2022-05-16,San Luis Obispo,079,281455,54006,4110,58116,483
2022-05-16,San Mateo,081,765935,132950,7886,140836,719
2022-05-16,Santa Barbara,083,443738,88852,4930,93782,693
2022-05-16,Santa Clara,085,1922200,340705,13778,354483,2335
2022-05-16,Santa Cruz,087,273765,51427,2287,53714,262
2022-05-16,Shasta,089,179085,30978,6141,37119,563
2022-05-16,Sierra,091,2930,277,53,330,4
2022-05-16,Siskiyou,093,43540,4491,2767,7258,83
2022-05-16,Solano,095,438530,85443,5899,91342,450
2022-05-16,Sonoma,097,501317,89038,3286,92324,494
2022-05-16,Stanislaus,099,539301,119656,18226,137882,1697
2022-05-16,Sutter,101,95872,20788,2140,22928,227
2022-05-16,Tehama,103,63373,12163,2612,14775,208
2022-05-16,Trinity,105,12862,1195,289,1484,20
2022-05-16,Tulare,107,460477,107380,28174,135554,1502
2022-05-16,Tuolumne,109,53932,13083,599,13682,186
2022-05-16,Ventura,111,848112,178112,10295,188407,1513
2022-05-16,Yolo,113,214977,39303,3087,42390,362
2022-05-16,Yuba,115,75493,16149,1266,17415,126
2022-05-15,Alameda,001,1643700,274574,14880,289454,1878
2022-05-15,Alpine,002,1148,126,1,127,0
2022-05-15,Amador,005,37829,8657,671,9328,86
2022-05-15,Butte,007,227075,33728,7235,40963,436
2022-05-15,Calaveras,009,45235,7408,373,7781,121
2022-05-15,Colusa,011,21464,3471,1056,4527,21
2022-05-15,Contra Costa,013,1133247,203013,14584,217597,1316
2022-05-15,Del Norte,015,27424,6051,202,6253,49
2022-05-15,El Dorado,017,186661,27483,3314,30797,216
2022-05-15,Fresno,019,978130,238170,24837,263007,2774
2022-05-15,Glenn,021,27897,5035,1629,6664,56
2022-05-15,Humboldt,023,135768,17981,3300,21281,148
2022-05-15,Imperial,025,180216,56000,10697,66697,945
2022-05-15,Inyo,027,18085,4132,523,4655,56
2022-05-15,Kern,029,883053,193691,46601,240292,2352
2022-05-15,Kings,031,150075,51948,3541,55489,450
2022-05-15,Lake,033,64148,10881,909,11790,140
2022-05-15,Lassen,035,31185,8993,879,9872,62
2022-05-15,Los Angeles,037,10098052,2792315,128751,2921066,31996
2022-05-15,Madera,039,155013,37748,6165,43913,371
2022-05-15,Marin,041,260295,27868,3285,31153,239
2022-05-15,Mariposa,043,17540,2492,221,2713,28
2022-05-15,Mendocino,045,87422,13453,3290,16743,128
2022-05-15,Merced,047,269075,64169,9219,73388,828
2022-05-15,Modoc,049,8938,746,253,999,8
2022-05-15,Mono,051,14174,3014,152,3166,6
2022-05-15,Monterey,053,433212,81251,14651,95902,734
2022-05-15,Napa,055,140530,27079,1063,28142,144
2022-05-15,Nevada,057,99092,16409,1268,17677,131
2022-05-15,Orange,059,3164182,562643,43957,606600,7145
2022-05-15,Placer,061,380077,64824,7665,72489,628
2022-05-15,Plumas,063,18699,3050,367,3417,13
2022-05-15,Riverside,065,2383286,601780,28588,630368,6472
2022-05-15,Sacramento,067,1510023,289535,27956,317491,3086
2022-05-15,San Benito,069,59416,13255,562,13817,95
2022-05-15,San Bernardino,071,2135413,583034,25375,608409,7849
2022-05-15,San Diego,073,3302833,773137,54869,828006,5367
2022-05-15,San Francisco,075,870044,138584,9098,147682,889
2022-05-15,San Joaquin,077,732212,169968,10451,180419,2254
2022-05-15,San Luis Obispo,079,281455,53878,4068,57946,483
2022-05-15,San Mateo,081,765935,132415,7816,140231,719
2022-05-15,Santa Barbara,083,443738,88622,4895,93517,693
2022-05-15,Santa Clara,085,1922200,339287,13686,352973,2334
2022-05-15,Santa Cruz,087,273765,51322,2271,53593,262
2022-05-15,Shasta,089,179085,30938,6135,37073,563
2022-05-15,Sierra,091,2930,277,53,330,4
2022-05-15,Siskiyou,093,43540,4489,2764,7253,83
2022-05-15,Solano,095,438530,85123,5866,90989,450
2022-05-15,Sonoma,097,501317,88713,3261,91974,494
2022-05-15,Stanislaus,099,539301,119484,18194,137678,1696
2022-05-15,Sutter,101,95872,20761,2130,22891,227
2022-05-15,Tehama,103,63373,12145,2606,14751,208
2022-05-15,Trinity,105,12862,1194,289,1483,20
2022-05-15,Tulare,107,460477,107278,28127,135405,1502
2022-05-15,Tuolumne,109,53932,13028,597,13625,186
2022-05-15,Ventura,111,848112,177766,10233,187999,1512
2022-05-15,Yolo,113,214977,39188,3075,42263,362
2022-05-15,Yuba,115,75493,16115,1257,17372,126
2022-05-14,Alameda,001,1643700,274146,14860,289006,1878
2022-05-14,Alpine,002,1148,125,1,126,0
2022-05-14,Amador,005,37829,8651,671,9322,86
2022-05-14,Butte,007,227075,33708,7227,40935,436
2022-05-14,Calaveras,009,45235,7406,373,7779,121
2022-05-14,Colusa,011,21464,3471,1056,4527,21
2022-05-14,Contra Costa,013,1133247,202633,14553,217186,1316
2022-05-14,Del Norte,015,27424,6042,200,6242,49
2022-05-14,El Dorado,017,186661,27452,3309,30761,216
2022-05-14,Fresno,019,978130,238046,24826,262872,2774
2022-05-14,Glenn,021,27897,5034,1625,6659,56
2022-05-14,Humboldt,023,135768,17955,3293,21248,147
2022-05-14,Imperial,025,180216,55969,10694,66663,945
2022-05-14,Inyo,027,18085,4127,523,4650,56
2022-05-14,Kern,029,883053,193620,46555,240175,2352
2022-05-14,Kings,031,150075,51921,3541,55462,450
2022-05-14,Lake,033,64148,10871,904,11775,140
2022-05-14,Lassen,035,31185,8991,879,9870,62
2022-05-14,Los Angeles,037,10098052,2790383,128536,2918919,31990
2022-05-14,Madera,039,155013,37733,6165,43898,371
2022-05-14,Marin,041,260295,27761,3236,30997,239
2022-05-14,Mariposa,043,17540,2491,221,2712,28
2022-05-14,Mendocino,045,87422,13443,3286,16729,127
2022-05-14,Merced,047,269075,64133,9216,73349,827
2022-05-14,Modoc,049,8938,745,253,998,8
2022-05-14,Mono,051,14174,3014,151,3165,6
2022-05-14,Monterey,053,433212,81186,14598,95784,734
2022-05-14,Napa,055,140530,27055,1056,28111,144
2022-05-14,Nevada,057,99092,16394,1267,17661,131
2022-05-14,Orange,059,3164182,562194,43867,606061,7141
2022-05-14,Placer,061,380077,64715,7642,72357,628
2022-05-14,Plumas,063,18699,3046,367,3413,13
2022-05-14,Riverside,065,2383286,601368,28553,629921,6472
2022-05-14,Sacramento,067,1510023,289264,27934,317198,3083
2022-05-14,San Benito,069,59416,13245,559,13804,95
2022-05-14,San Bernardino,071,2135413,582756,25363,608119,7847
2022-05-14,San Diego,073,3302833,772536,54823,827359,5364
2022-05-14,San Francisco,075,870044,138226,9074,147300,887
2022-05-14,San Joaquin,077,732212,169823,10435,180258,2254
2022-05-14,San Luis Obispo,079,281455,53851,4065,57916,483
2022-05-14,San Mateo,081,765935,132090,7788,139878,719
2022-05-14,Santa Barbara,083,443738,88515,4890,93405,693
2022-05-14,Santa Clara,085,1922200,338456,13647,352103,2332
2022-05-14,Santa Cruz,087,273765,51275,2257,53532,262
2022-05-14,Shasta,089,179085,30934,6134,37068,563
2022-05-14,Sierra,091,2930,277,53,330,4
2022-05-14,Siskiyou,093,43540,4486,2762,7248,83
2022-05-14,Solano,095,438530,85059,5856,90915,450
2022-05-14,Sonoma,097,501317,88569,3249,91818,494
2022-05-14,Stanislaus,099,539301,119399,18182,137581,1696
2022-05-14,Sutter,101,95872,20754,2129,22883,227
2022-05-14,Tehama,103,63373,12139,2605,14744,207
2022-05-14,Trinity,105,12862,1194,289,1483,20
2022-05-14,Tulare,107,460477,107228,28102,135330,1502
2022-05-14,Tuolumne,109,53932,13017,597,13614,186
2022-05-14,Ventura,111,848112,177604,10208,187812,1512
2022-05-14,Yolo,113,214977,39119,3068,42187,362
2022-05-14,Yuba,115,75493,16108,1256,17364,126
2022-05-13,Alameda,001,1643700,273662,14829,288491,1876
2022-05-13,Alpine,002,1148,125,1,126,0
2022-05-13,Amador,005,37829,8646,670,9316,86
2022-05-13,Butte,007,227075,33691,7225,40916,435
2022-05-13,Calaveras,009,45235,7403,373,7776,120
2022-05-13,Colusa,011,21464,3470,1056,4526,21
2022-05-13,Contra Costa,013,1133247,202288,14524,216812,1315
2022-05-13,Del Norte,015,27424,6039,200,6239,49
2022-05-13,El Dorado,017,186661,27424,3309,30733,216
2022-05-13,Fresno,019,978130,237938,24807,262745,2774
2022-05-13,Glenn,021,27897,5032,1624,6656,56
2022-05-13,Humboldt,023,135768,17931,3285,21216,147
2022-05-13,Imperial,025,180216,55950,10693,66643,945
2022-05-13,Inyo,027,18085,4127,522,4649,56
2022-05-13,Kern,029,883053,193545,46526,240071,2351
2022-05-13,Kings,031,150075,51897,3541,55438,450
2022-05-13,Lake,033,64148,10868,904,11772,140
2022-05-13,Lassen,035,31185,8990,879,9869,62
2022-05-13,Los Angeles,037,10098052,2788441,128342,2916783,31983
2022-05-13,Madera,039,155013,37713,6156,43869,371
2022-05-13,Marin,041,260295,27658,3193,30851,239
2022-05-13,Mariposa,043,17540,2489,221,2710,28
2022-05-13,Mendocino,045,87422,13429,3279,16708,127
2022-05-13,Merced,047,269075,64098,9207,73305,827
2022-05-13,Modoc,049,8938,745,253,998,8
2022-05-13,Mono,051,14174,3012,150,3162,6
2022-05-13,Monterey,053,433212,81130,14559,95689,734
2022-05-13,Napa,055,140530,27019,1054,28073,144
2022-05-13,Nevada,057,99092,16379,1266,17645,131
2022-05-13,Orange,059,3164182,561726,43792,605518,7140
2022-05-13,Placer,061,380077,64637,7632,72269,627
2022-05-13,Plumas,063,18699,3039,367,3406,13
2022-05-13,Riverside,065,2383286,600981,28524,629505,6471
2022-05-13,Sacramento,067,1510023,288926,27908,316834,3083
2022-05-13,San Benito,069,59416,13241,559,13800,95
2022-05-13,San Bernardino,071,2135413,582515,25355,607870,7847
2022-05-13,San Diego,073,3302833,771897,54744,826641,5364
2022-05-13,San Francisco,075,870044,137876,9054,146930,887
2022-05-13,San Joaquin,077,732212,169703,10423,180126,2254
2022-05-13,San Luis Obispo,079,281455,53815,4061,57876,483
2022-05-13,San Mateo,081,765935,131798,7767,139565,719
2022-05-13,Santa Barbara,083,443738,88421,4887,93308,693
2022-05-13,Santa Clara,085,1922200,337653,13614,351267,2331
2022-05-13,Santa Cruz,087,273765,51188,2249,53437,262
2022-05-13,Shasta,089,179085,30930,6134,37064,563
2022-05-13,Sierra,091,2930,276,50,326,4
2022-05-13,Siskiyou,093,43540,4485,2762,7247,83
2022-05-13,Solano,095,438530,84935,5849,90784,450
2022-05-13,Sonoma,097,501317,88392,3235,91627,494
2022-05-13,Stanislaus,099,539301,119305,18168,137473,1696
2022-05-13,Sutter,101,95872,20742,2128,22870,227
2022-05-13,Tehama,103,63373,12137,2603,14740,207
2022-05-13,Trinity,105,12862,1193,289,1482,20
2022-05-13,Tulare,107,460477,107181,28066,135247,1502
2022-05-13,Tuolumne,109,53932,13001,597,13598,186
2022-05-13,Ventura,111,848112,177424,10194,187618,1512
2022-05-13,Yolo,113,214977,39056,3064,42120,362
2022-05-13,Yuba,115,75493,16095,1253,17348,126
2022-05-12,Alameda,001,1643700,272917,14776,287693,1875
2022-05-12,Alpine,002,1148,125,1,126,0
2022-05-12,Amador,005,37829,8637,670,9307,86
2022-05-12,Butte,007,227075,33664,7211,40875,434
2022-05-12,Calaveras,009,45235,7399,372,7771,120
2022-05-12,Colusa,011,21464,3470,1055,4525,21
2022-05-12,Contra Costa,013,1133247,201769,14461,216230,1314
2022-05-12,Del Norte,015,27424,6022,199,6221,49
2022-05-12,El Dorado,017,186661,27384,3300,30684,216
2022-05-12,Fresno,019,978130,237784,24787,262571,2773
2022-05-12,Glenn,021,27897,5028,1622,6650,56
2022-05-12,Humboldt,023,135768,17889,3272,21161,147
2022-05-12,Imperial,025,180216,55923,10680,66603,945
2022-05-12,Inyo,027,18085,4123,517,4640,56
2022-05-12,Kern,029,883053,193479,46479,239958,2350
2022-05-12,Kings,031,150075,51877,3539,55416,450
2022-05-12,Lake,033,64148,10850,898,11748,140
2022-05-12,Lassen,035,31185,8989,879,9868,62
2022-05-12,Los Angeles,037,10098052,2785234,128077,2913311,31976
2022-05-12,Madera,039,155013,37688,6144,43832,371
2022-05-12,Marin,041,260295,27558,3170,30728,239
2022-05-12,Mariposa,043,17540,2484,220,2704,28
2022-05-12,Mendocino,045,87422,13412,3267,16679,127
2022-05-12,Merced,047,269075,64066,9196,73262,827
2022-05-12,Modoc,049,8938,744,253,997,8
2022-05-12,Mono,051,14174,3012,149,3161,6
2022-05-12,Monterey,053,433212,81073,14516,95589,733
2022-05-12,Napa,055,140530,26974,1052,28026,144
2022-05-12,Nevada,057,99092,16357,1265,17622,131
2022-05-12,Orange,059,3164182,561080,43683,604763,7140
2022-05-12,Placer,061,380077,64531,7609,72140,627
2022-05-12,Plumas,063,18699,3033,367,3400,13
2022-05-12,Riverside,065,2383286,600522,28491,629013,6471
2022-05-12,Sacramento,067,1510023,288469,27840,316309,3082
2022-05-12,San Benito,069,59416,13226,558,13784,95
2022-05-12,San Bernardino,071,2135413,582163,25338,607501,7845
2022-05-12,San Diego,073,3302833,770946,54654,825600,5363
2022-05-12,San Francisco,075,870044,137497,9016,146513,886
2022-05-12,San Joaquin,077,732212,169522,10383,179905,2254
2022-05-12,San Luis Obispo,079,281455,53756,4032,57788,483
2022-05-12,San Mateo,081,765935,131386,7716,139102,719
2022-05-12,Santa Barbara,083,443738,88315,4876,93191,693
2022-05-12,Santa Clara,085,1922200,336679,13530,350209,2328
2022-05-12,Santa Cruz,087,273765,51044,2243,53287,262
2022-05-12,Shasta,089,179085,30917,6132,37049,563
2022-05-12,Sierra,091,2930,275,50,325,4
2022-05-12,Siskiyou,093,43540,4480,2760,7240,83
2022-05-12,Solano,095,438530,84715,5836,90551,450
2022-05-12,Sonoma,097,501317,88172,3209,91381,494
2022-05-12,Stanislaus,099,539301,119201,18139,137340,1696
2022-05-12,Sutter,101,95872,20726,2127,22853,227
2022-05-12,Tehama,103,63373,12130,2600,14730,207
2022-05-12,Trinity,105,12862,1192,288,1480,20
2022-05-12,Tulare,107,460477,107128,28019,135147,1502
2022-05-12,Tuolumne,109,53932,12981,595,13576,186
2022-05-12,Ventura,111,848112,177194,10151,187345,1511
2022-05-12,Yolo,113,214977,38943,3054,41997,362
2022-05-12,Yuba,115,75493,16079,1250,17329,126
2022-05-11,Alameda,001,1643700,272207,14724,286931,1875
2022-05-11,Alpine,002,1148,125,1,126,0
2022-05-11,Amador,005,37829,8629,670,9299,86
2022-05-11,Butte,007,227075,33632,7205,40837,434
2022-05-11,Calaveras,009,45235,7394,368,7762,120
2022-05-11,Colusa,011,21464,3469,1055,4524,21
2022-05-11,Contra Costa,013,1133247,201250,14404,215654,1313
2022-05-11,Del Norte,015,27424,6012,199,6211,49
2022-05-11,El Dorado,017,186661,27348,3292,30640,216
2022-05-11,Fresno,019,978130,237619,24755,262374,2773
2022-05-11,Glenn,021,27897,5028,1620,6648,56
2022-05-11,Humboldt,023,135768,17845,3256,21101,147
2022-05-11,Imperial,025,180216,55898,10669,66567,945
2022-05-11,Inyo,027,18085,4122,516,4638,56
2022-05-11,Kern,029,883053,193381,46434,239815,2350
2022-05-11,Kings,031,150075,51850,3537,55387,450
2022-05-11,Lake,033,64148,10837,897,11734,140
2022-05-11,Lassen,035,31185,8988,878,9866,62
2022-05-11,Los Angeles,037,10098052,2782118,127848,2909966,31975
2022-05-11,Madera,039,155013,37656,6133,43789,371
2022-05-11,Marin,041,260295,27457,3129,30586,239
2022-05-11,Mariposa,043,17540,2479,220,2699,28
2022-05-11,Mendocino,045,87422,13397,3250,16647,127
2022-05-11,Merced,047,269075,64023,9175,73198,827
2022-05-11,Modoc,049,8938,743,253,996,8
2022-05-11,Mono,051,14174,3012,148,3160,6
2022-05-11,Monterey,053,433212,81010,14465,95475,733
2022-05-11,Napa,055,140530,26923,1050,27973,144
2022-05-11,Nevada,057,99092,16341,1260,17601,131
2022-05-11,Orange,059,3164182,560401,43598,603999,7139
2022-05-11,Placer,061,380077,64434,7592,72026,627
2022-05-11,Plumas,063,18699,3025,367,3392,13
2022-05-11,Riverside,065,2383286,600070,28454,628524,6471
2022-05-11,Sacramento,067,1510023,288049,27782,315831,3080
2022-05-11,San Benito,069,59416,13206,554,13760,95
2022-05-11,San Bernardino,071,2135413,581800,25329,607129,7844
2022-05-11,San Diego,073,3302833,769964,54523,824487,5362
2022-05-11,San Francisco,075,870044,137000,8991,145991,885
2022-05-11,San Joaquin,077,732212,169348,10362,179710,2253
2022-05-11,San Luis Obispo,079,281455,53709,4015,57724,483
2022-05-11,San Mateo,081,765935,130984,7673,138657,718
2022-05-11,Santa Barbara,083,443738,88185,4864,93049,693
2022-05-11,Santa Clara,085,1922200,335675,13482,349157,2327
2022-05-11,Santa Cruz,087,273765,50886,2229,53115,262
2022-05-11,Shasta,089,179085,30885,6129,37014,563
2022-05-11,Sierra,091,2930,275,50,325,4
2022-05-11,Siskiyou,093,43540,4478,2760,7238,83
2022-05-11,Solano,095,438530,84512,5823,90335,450
2022-05-11,Sonoma,097,501317,87968,3196,91164,494
2022-05-11,Stanislaus,099,539301,119098,18117,137215,1696
2022-05-11,Sutter,101,95872,20711,2126,22837,227
2022-05-11,Tehama,103,63373,12130,2600,14730,207
2022-05-11,Trinity,105,12862,1190,288,1478,20
2022-05-11,Tulare,107,460477,107072,27987,135059,1502
2022-05-11,Tuolumne,109,53932,12964,595,13559,186
2022-05-11,Ventura,111,848112,176995,10109,187104,1511
2022-05-11,Yolo,113,214977,38828,3049,41877,362
2022-05-11,Yuba,115,75493,16060,1240,17300,126
2022-05-10,Alameda,001,1643700,271425,14670,286095,1874
2022-05-10,Alpine,002,1148,125,1,126,0
2022-05-10,Amador,005,37829,8625,669,9294,86
2022-05-10,Butte,007,227075,33605,7201,40806,434
2022-05-10,Calaveras,009,45235,7390,367,7757,120
2022-05-10,Colusa,011,21464,3469,1054,4523,21
2022-05-10,Contra Costa,013,1133247,200764,14362,215126,1312
2022-05-10,Del Norte,015,27424,5959,199,6158,49
2022-05-10,El Dorado,017,186661,27311,3286,30597,216
2022-05-10,Fresno,019,978130,237456,24725,262181,2773
2022-05-10,Glenn,021,27897,5025,1620,6645,56
2022-05-10,Humboldt,023,135768,17807,3239,21046,147
2022-05-10,Imperial,025,180216,55863,10651,66514,945
2022-05-10,Inyo,027,18085,4120,510,4630,56
2022-05-10,Kern,029,883053,193279,46393,239672,2350
2022-05-10,Kings,031,150075,51819,3537,55356,449
2022-05-10,Lake,033,64148,10832,897,11729,140
2022-05-10,Lassen,035,31185,8983,878,9861,62
2022-05-10,Los Angeles,037,10098052,2778831,127615,2906446,31970
2022-05-10,Madera,039,155013,37623,6120,43743,371
2022-05-10,Marin,041,260295,27340,3086,30426,239
2022-05-10,Mariposa,043,17540,2479,220,2699,28
2022-05-10,Mendocino,045,87422,13385,3237,16622,127
2022-05-10,Merced,047,269075,63979,9156,73135,827
2022-05-10,Modoc,049,8938,743,253,996,8
2022-05-10,Mono,051,14174,3008,145,3153,6
2022-05-10,Monterey,053,433212,80944,14417,95361,733
2022-05-10,Napa,055,140530,26885,1048,27933,144
2022-05-10,Nevada,057,99092,16321,1257,17578,131
2022-05-10,Orange,059,3164182,559695,43503,603198,7138
2022-05-10,Placer,061,380077,64320,7576,71896,627
2022-05-10,Plumas,063,18699,3017,366,3383,13
2022-05-10,Riverside,065,2383286,599644,28425,628069,6471
2022-05-10,Sacramento,067,1510023,287543,27715,315258,3079
2022-05-10,San Benito,069,59416,13189,549,13738,95
2022-05-10,San Bernardino,071,2135413,581450,25303,606753,7844
2022-05-10,San Diego,073,3302833,768949,54401,823350,5362
2022-05-10,San Francisco,075,870044,136445,8964,145409,885
2022-05-10,San Joaquin,077,732212,169193,10300,179493,2253
2022-05-10,San Luis Obispo,079,281455,53633,3990,57623,483
2022-05-10,San Mateo,081,765935,130601,7635,138236,718
2022-05-10,Santa Barbara,083,443738,88069,4849,92918,693
2022-05-10,Santa Clara,085,1922200,334641,13402,348043,2326
2022-05-10,Santa Cruz,087,273765,50760,2218,52978,262
2022-05-10,Shasta,089,179085,30865,6128,36993,563
2022-05-10,Sierra,091,2930,275,49,324,4
2022-05-10,Siskiyou,093,43540,4474,2760,7234,83
2022-05-10,Solano,095,438530,84324,5804,90128,450
2022-05-10,Sonoma,097,501317,87726,3158,90884,494
2022-05-10,Stanislaus,099,539301,119003,18098,137101,1696
2022-05-10,Sutter,101,95872,20692,2123,22815,227
2022-05-10,Tehama,103,63373,12127,2593,14720,207
2022-05-10,Trinity,105,12862,1190,288,1478,20
2022-05-10,Tulare,107,460477,107030,27959,134989,1502
2022-05-10,Tuolumne,109,53932,12952,595,13547,186
2022-05-10,Ventura,111,848112,176777,10071,186848,1511
2022-05-10,Yolo,113,214977,38724,3038,41762,362
2022-05-10,Yuba,115,75493,16039,1237,17276,126
2022-05-09,Alameda,001,1643700,270648,14626,285274,1872
2022-05-09,Alpine,002,1148,125,1,126,0
2022-05-09,Amador,005,37829,8619,669,9288,86
2022-05-09,Butte,007,227075,33579,7192,40771,434
2022-05-09,Calaveras,009,45235,7384,367,7751,120
2022-05-09,Colusa,011,21464,3467,1052,4519,21
2022-05-09,Contra Costa,013,1133247,200291,14304,214595,1312
2022-05-09,Del Norte,015,27424,5950,198,6148,49
2022-05-09,El Dorado,017,186661,27279,3277,30556,216
2022-05-09,Fresno,019,978130,237299,24703,262002,2772
2022-05-09,Glenn,021,27897,5023,1619,6642,56
2022-05-09,Humboldt,023,135768,17756,3217,20973,147
2022-05-09,Imperial,025,180216,55829,10638,66467,945
2022-05-09,Inyo,027,18085,4117,507,4624,56
2022-05-09,Kern,029,883053,193182,46337,239519,2349
2022-05-09,Kings,031,150075,51788,3536,55324,449
2022-05-09,Lake,033,64148,10824,896,11720,140
2022-05-09,Lassen,035,31185,8981,878,9859,62
2022-05-09,Los Angeles,037,10098052,2775482,127372,2902854,31961
2022-05-09,Madera,039,155013,37591,6111,43702,371
2022-05-09,Marin,041,260295,27223,3051,30274,239
2022-05-09,Mariposa,043,17540,2474,220,2694,28
2022-05-09,Mendocino,045,87422,13374,3226,16600,127
2022-05-09,Merced,047,269075,63939,9137,73076,827
2022-05-09,Modoc,049,8938,743,253,996,8
2022-05-09,Mono,051,14174,3006,143,3149,6
2022-05-09,Monterey,053,433212,80852,14364,95216,733
2022-05-09,Napa,055,140530,26835,1046,27881,144
2022-05-09,Nevada,057,99092,16293,1251,17544,131
2022-05-09,Orange,059,3164182,559023,43420,602443,7138
2022-05-09,Placer,061,380077,64259,7561,71820,627
2022-05-09,Plumas,063,18699,3008,366,3374,13
2022-05-09,Riverside,065,2383286,599153,28389,627542,6471
2022-05-09,Sacramento,067,1510023,287112,27637,314749,3079
2022-05-09,San Benito,069,59416,13170,547,13717,95
2022-05-09,San Bernardino,071,2135413,581111,25292,606403,7842
2022-05-09,San Diego,073,3302833,767976,54259,822235,5361
2022-05-09,San Francisco,075,870044,135885,8938,144823,884
2022-05-09,San Joaquin,077,732212,169011,10278,179289,2253
2022-05-09,San Luis Obispo,079,281455,53580,3969,57549,483
2022-05-09,San Mateo,081,765935,130174,7597,137771,718
2022-05-09,Santa Barbara,083,443738,87939,4838,92777,693
2022-05-09,Santa Clara,085,1922200,333500,13338,346838,2325
2022-05-09,Santa Cruz,087,273765,50619,2210,52829,262
2022-05-09,Shasta,089,179085,30852,6126,36978,563
2022-05-09,Sierra,091,2930,275,49,324,4
2022-05-09,Siskiyou,093,43540,4472,2760,7232,83
2022-05-09,Solano,095,438530,84165,5791,89956,450
2022-05-09,Sonoma,097,501317,87465,3132,90597,494
2022-05-09,Stanislaus,099,539301,118907,18080,136987,1695
2022-05-09,Sutter,101,95872,20679,2122,22801,227
2022-05-09,Tehama,103,63373,12125,2591,14716,207
2022-05-09,Trinity,105,12862,1190,288,1478,20
2022-05-09,Tulare,107,460477,106982,27923,134905,1501
2022-05-09,Tuolumne,109,53932,12944,595,13539,185
2022-05-09,Ventura,111,848112,176560,10021,186581,1511
2022-05-09,Yolo,113,214977,38615,3029,41644,362
2022-05-09,Yuba,115,75493,16030,1236,17266,126
2022-05-08,Alameda,001,1643700,269756,14560,284316,1871
2022-05-08,Alpine,002,1148,125,1,126,0
2022-05-08,Amador,005,37829,8608,666,9274,86
2022-05-08,Butte,007,227075,33555,7181,40736,434
2022-05-08,Calaveras,009,45235,7377,366,7743,120
2022-05-08,Colusa,011,21464,3466,1052,4518,21
2022-05-08,Contra Costa,013,1133247,199776,14223,213999,1312
2022-05-08,Del Norte,015,27424,5934,198,6132,49
2022-05-08,El Dorado,017,186661,27241,3272,30513,216
2022-05-08,Fresno,019,978130,237130,24680,261810,2772
2022-05-08,Glenn,021,27897,5021,1619,6640,56
2022-05-08,Humboldt,023,135768,17703,3178,20881,147
2022-05-08,Imperial,025,180216,55795,10629,66424,945
2022-05-08,Inyo,027,18085,4110,507,4617,56
2022-05-08,Kern,029,883053,193088,46290,239378,2348
2022-05-08,Kings,031,150075,51771,3536,55307,449
2022-05-08,Lake,033,64148,10817,896,11713,140
2022-05-08,Lassen,035,31185,8977,878,9855,62
2022-05-08,Los Angeles,037,10098052,2771892,127082,2898974,31958
2022-05-08,Madera,039,155013,37569,6092,43661,371
2022-05-08,Marin,041,260295,27097,3004,30101,239
2022-05-08,Mariposa,043,17540,2467,219,2686,28
2022-05-08,Mendocino,045,87422,13355,3200,16555,127
2022-05-08,Merced,047,269075,63890,9108,72998,826
2022-05-08,Modoc,049,8938,743,253,996,8
2022-05-08,Mono,051,14174,3005,141,3146,6
2022-05-08,Monterey,053,433212,80759,14282,95041,733
2022-05-08,Napa,055,140530,26794,1043,27837,144
2022-05-08,Nevada,057,99092,16269,1249,17518,131
2022-05-08,Orange,059,3164182,558336,43315,601651,7137
2022-05-08,Placer,061,380077,64148,7534,71682,627
2022-05-08,Plumas,063,18699,3004,366,3370,13
2022-05-08,Riverside,065,2383286,598665,28354,627019,6471
2022-05-08,Sacramento,067,1510023,286601,27557,314158,3078
2022-05-08,San Benito,069,59416,13155,544,13699,95
2022-05-08,San Bernardino,071,2135413,580675,25257,605932,7842
2022-05-08,San Diego,073,3302833,766947,54155,821102,5361
2022-05-08,San Francisco,075,870044,135230,8906,144136,884
2022-05-08,San Joaquin,077,732212,168826,10245,179071,2253
2022-05-08,San Luis Obispo,079,281455,53508,3949,57457,483
2022-05-08,San Mateo,081,765935,129710,7545,137255,716
2022-05-08,Santa Barbara,083,443738,87805,4829,92634,693
2022-05-08,Santa Clara,085,1922200,332427,13265,345692,2323
2022-05-08,Santa Cruz,087,273765,50439,2206,52645,262
2022-05-08,Shasta,089,179085,30823,6122,36945,563
2022-05-08,Sierra,091,2930,275,49,324,4
2022-05-08,Siskiyou,093,43540,4469,2755,7224,83
2022-05-08,Solano,095,438530,83990,5767,89757,450
2022-05-08,Sonoma,097,501317,87246,3097,90343,494
2022-05-08,Stanislaus,099,539301,118799,18055,136854,1695
2022-05-08,Sutter,101,95872,20658,2118,22776,227
2022-05-08,Tehama,103,63373,12119,2588,14707,207
2022-05-08,Trinity,105,12862,1189,288,1477,20
2022-05-08,Tulare,107,460477,106940,27889,134829,1501
2022-05-08,Tuolumne,109,53932,12931,591,13522,185
2022-05-08,Ventura,111,848112,176324,9975,186299,1511
2022-05-08,Yolo,113,214977,38508,3015,41523,362
2022-05-08,Yuba,115,75493,16008,1232,17240,126
2022-05-07,Alameda,001,1643700,269376,14542,283918,1869
2022-05-07,Alpine,002,1148,125,1,126,0
2022-05-07,Amador,005,37829,8606,666,9272,86
2022-05-07,Butte,007,227075,33547,7175,40722,434
2022-05-07,Calaveras,009,45235,7370,366,7736,120
2022-05-07,Colusa,011,21464,3466,1052,4518,21
2022-05-07,Contra Costa,013,1133247,199534,14206,213740,1310
2022-05-07,Del Norte,015,27424,5932,198,6130,49
2022-05-07,El Dorado,017,186661,27223,3270,30493,216
2022-05-07,Fresno,019,978130,237072,24674,261746,2772
2022-05-07,Glenn,021,27897,5020,1619,6639,56
2022-05-07,Humboldt,023,135768,17674,3170,20844,147
2022-05-07,Imperial,025,180216,55772,10623,66395,945
2022-05-07,Inyo,027,18085,4107,507,4614,56
2022-05-07,Kern,029,883053,193053,46269,239322,2348
2022-05-07,Kings,031,150075,51760,3536,55296,449
2022-05-07,Lake,033,64148,10813,896,11709,140
2022-05-07,Lassen,035,31185,8977,878,9855,62
2022-05-07,Los Angeles,037,10098052,2770314,126910,2897224,31953
2022-05-07,Madera,039,155013,37562,6092,43654,371
2022-05-07,Marin,041,260295,27023,2972,29995,239
2022-05-07,Mariposa,043,17540,2464,219,2683,28
2022-05-07,Mendocino,045,87422,13346,3197,16543,127
2022-05-07,Merced,047,269075,63877,9108,72985,826
2022-05-07,Modoc,049,8938,743,253,996,8
2022-05-07,Mono,051,14174,3004,140,3144,6
2022-05-07,Monterey,053,433212,80699,14256,94955,733
2022-05-07,Napa,055,140530,26764,1042,27806,144
2022-05-07,Nevada,057,99092,16258,1244,17502,131
2022-05-07,Orange,059,3164182,558002,43261,601263,7135
2022-05-07,Placer,061,380077,64080,7524,71604,627
2022-05-07,Plumas,063,18699,3004,365,3369,13
2022-05-07,Riverside,065,2383286,598409,28327,626736,6470
2022-05-07,Sacramento,067,1510023,286406,27545,313951,3077
2022-05-07,San Benito,069,59416,13146,539,13685,95
2022-05-07,San Bernardino,071,2135413,580463,25252,605715,7840
2022-05-07,San Diego,073,3302833,766461,54125,820586,5361
2022-05-07,San Francisco,075,870044,134901,8886,143787,882
2022-05-07,San Joaquin,077,732212,168721,10236,178957,2253
2022-05-07,San Luis Obispo,079,281455,53496,3938,57434,483
2022-05-07,San Mateo,081,765935,129425,7524,136949,716
2022-05-07,Santa Barbara,083,443738,87725,4826,92551,693
2022-05-07,Santa Clara,085,1922200,331806,13235,345041,2323
2022-05-07,Santa Cruz,087,273765,50386,2196,52582,262
2022-05-07,Shasta,089,179085,30815,6122,36937,563
2022-05-07,Sierra,091,2930,275,49,324,4
2022-05-07,Siskiyou,093,43540,4467,2755,7222,83
2022-05-07,Solano,095,438530,83932,5762,89694,450
2022-05-07,Sonoma,097,501317,87120,3088,90208,493
2022-05-07,Stanislaus,099,539301,118752,18046,136798,1695
2022-05-07,Sutter,101,95872,20649,2118,22767,227
2022-05-07,Tehama,103,63373,12117,2587,14704,207
2022-05-07,Trinity,105,12862,1189,288,1477,20
2022-05-07,Tulare,107,460477,106916,27876,134792,1501
2022-05-07,Tuolumne,109,53932,12924,591,13515,185
2022-05-07,Ventura,111,848112,176213,9951,186164,1511
2022-05-07,Yolo,113,214977,38463,3013,41476,362
2022-05-07,Yuba,115,75493,15999,1232,17231,126
2022-05-06,Alameda,001,1643700,268994,14521,283515,1869
2022-05-06,Alpine,002,1148,125,1,126,0
2022-05-06,Amador,005,37829,8605,665,9270,86
2022-05-06,Butte,007,227075,33538,7172,40710,434
2022-05-06,Calaveras,009,45235,7368,366,7734,120
2022-05-06,Colusa,011,21464,3466,1052,4518,21
2022-05-06,Contra Costa,013,1133247,199302,14193,213495,1310
2022-05-06,Del Norte,015,27424,5922,198,6120,49
2022-05-06,El Dorado,017,186661,27198,3267,30465,216
2022-05-06,Fresno,019,978130,236995,24665,261660,2772
2022-05-06,Glenn,021,27897,5020,1619,6639,56
2022-05-06,Humboldt,023,135768,17647,3163,20810,147
2022-05-06,Imperial,025,180216,55763,10620,66383,945
2022-05-06,Inyo,027,18085,4098,504,4602,56
2022-05-06,Kern,029,883053,193001,46239,239240,2348
2022-05-06,Kings,031,150075,51752,3536,55288,449
2022-05-06,Lake,033,64148,10811,896,11707,140
2022-05-06,Lassen,035,31185,8977,878,9855,62
2022-05-06,Los Angeles,037,10098052,2768497,126761,2895258,31947
2022-05-06,Madera,039,155013,37548,6089,43637,371
2022-05-06,Marin,041,260295,26945,2927,29872,239
2022-05-06,Mariposa,043,17540,2463,212,2675,28
2022-05-06,Mendocino,045,87422,13334,3195,16529,127
2022-05-06,Merced,047,269075,63860,9107,72967,826
2022-05-06,Modoc,049,8938,743,253,996,8
2022-05-06,Mono,051,14174,3003,140,3143,6
2022-05-06,Monterey,053,433212,80660,14219,94879,733
2022-05-06,Napa,055,140530,26747,1042,27789,144
2022-05-06,Nevada,057,99092,16246,1242,17488,131
2022-05-06,Orange,059,3164182,557659,43194,600853,7134
2022-05-06,Placer,061,380077,64019,7513,71532,627
2022-05-06,Plumas,063,18699,3002,365,3367,13
2022-05-06,Riverside,065,2383286,598179,28307,626486,6469
2022-05-06,Sacramento,067,1510023,286149,27522,313671,3077
2022-05-06,San Benito,069,59416,13141,539,13680,95
2022-05-06,San Bernardino,071,2135413,580286,25246,605532,7839
2022-05-06,San Diego,073,3302833,765950,54089,820039,5361
2022-05-06,San Francisco,075,870044,134575,8865,143440,882
2022-05-06,San Joaquin,077,732212,168631,10224,178855,2253
2022-05-06,San Luis Obispo,079,281455,53470,3933,57403,483
2022-05-06,San Mateo,081,765935,129196,7516,136712,716
2022-05-06,Santa Barbara,083,443738,87671,4824,92495,693
2022-05-06,Santa Clara,085,1922200,331214,13220,344434,2323
2022-05-06,Santa Cruz,087,273765,50321,2192,52513,262
2022-05-06,Shasta,089,179085,30809,6121,36930,563
2022-05-06,Sierra,091,2930,275,49,324,4
2022-05-06,Siskiyou,093,43540,4465,2753,7218,83
2022-05-06,Solano,095,438530,83843,5754,89597,450
2022-05-06,Sonoma,097,501317,86998,3073,90071,493
2022-05-06,Stanislaus,099,539301,118695,18039,136734,1695
2022-05-06,Sutter,101,95872,20643,2118,22761,227
2022-05-06,Tehama,103,63373,12112,2587,14699,207
2022-05-06,Trinity,105,12862,1188,288,1476,20
2022-05-06,Tulare,107,460477,106896,27866,134762,1501
2022-05-06,Tuolumne,109,53932,12917,590,13507,185
2022-05-06,Ventura,111,848112,176096,9921,186017,1510
2022-05-06,Yolo,113,214977,38416,3009,41425,362
2022-05-06,Yuba,115,75493,15988,1231,17219,126
2022-05-05,Alameda,001,1643700,268405,14478,282883,1869
2022-05-05,Alpine,002,1148,125,1,126,0
2022-05-05,Amador,005,37829,8603,664,9267,86
2022-05-05,Butte,007,227075,33519,7165,40684,434
2022-05-05,Calaveras,009,45235,7364,364,7728,120
2022-05-05,Colusa,011,21464,3466,1049,4515,21
2022-05-05,Contra Costa,013,1133247,198909,14149,213058,1310
2022-05-05,Del Norte,015,27424,5921,198,6119,49
2022-05-05,El Dorado,017,186661,27173,3260,30433,216
2022-05-05,Fresno,019,978130,236894,24642,261536,2772
2022-05-05,Glenn,021,27897,5020,1618,6638,56
2022-05-05,Humboldt,023,135768,17610,3149,20759,147
2022-05-05,Imperial,025,180216,55756,10609,66365,945
2022-05-05,Inyo,027,18085,4094,503,4597,56
2022-05-05,Kern,029,883053,192943,46202,239145,2348
2022-05-05,Kings,031,150075,51744,3536,55280,449
2022-05-05,Lake,033,64148,10807,896,11703,140
2022-05-05,Lassen,035,31185,8977,878,9855,62
2022-05-05,Los Angeles,037,10098052,2765919,126541,2892460,31941
2022-05-05,Madera,039,155013,37531,6084,43615,371
2022-05-05,Marin,041,260295,26835,2905,29740,239
2022-05-05,Mariposa,043,17540,2461,211,2672,28
2022-05-05,Mendocino,045,87422,13323,3187,16510,127
2022-05-05,Merced,047,269075,63828,9103,72931,826
2022-05-05,Modoc,049,8938,743,251,994,8
2022-05-05,Mono,051,14174,3002,139,3141,6
2022-05-05,Monterey,053,433212,80604,14190,94794,733
2022-05-05,Napa,055,140530,26714,1041,27755,144
2022-05-05,Nevada,057,99092,16236,1239,17475,131
2022-05-05,Orange,059,3164182,557145,43136,600281,7133
2022-05-05,Placer,061,380077,63955,7502,71457,627
2022-05-05,Plumas,063,18699,3001,365,3366,13
2022-05-05,Riverside,065,2383286,597842,28280,626122,6468
2022-05-05,Sacramento,067,1510023,285810,27467,313277,3076
2022-05-05,San Benito,069,59416,13130,537,13667,95
2022-05-05,San Bernardino,071,2135413,579995,25230,605225,7839
2022-05-05,San Diego,073,3302833,765209,54020,819229,5360
2022-05-05,San Francisco,075,870044,134157,8830,142987,880
2022-05-05,San Joaquin,077,732212,168541,10196,178737,2253
2022-05-05,San Luis Obispo,079,281455,53434,3918,57352,483
2022-05-05,San Mateo,081,765935,128858,7491,136349,716
2022-05-05,Santa Barbara,083,443738,87596,4819,92415,693
2022-05-05,Santa Clara,085,1922200,330417,13158,343575,2323
2022-05-05,Santa Cruz,087,273765,50223,2188,52411,262
2022-05-05,Shasta,089,179085,30799,6119,36918,563
2022-05-05,Sierra,091,2930,275,49,324,4
2022-05-05,Siskiyou,093,43540,4463,2753,7216,83
2022-05-05,Solano,095,438530,83722,5736,89458,450
2022-05-05,Sonoma,097,501317,86825,3055,89880,493
2022-05-05,Stanislaus,099,539301,118637,18025,136662,1695
2022-05-05,Sutter,101,95872,20641,2116,22757,227
2022-05-05,Tehama,103,63373,12108,2585,14693,207
2022-05-05,Trinity,105,12862,1188,288,1476,20
2022-05-05,Tulare,107,460477,106866,27848,134714,1501
2022-05-05,Tuolumne,109,53932,12899,587,13486,184
2022-05-05,Ventura,111,848112,175909,9878,185787,1510
2022-05-05,Yolo,113,214977,38344,2998,41342,362
2022-05-05,Yuba,115,75493,15978,1228,17206,126
2022-05-04,Alameda,001,1643700,267734,14436,282170,1867
2022-05-04,Alpine,002,1148,125,1,126,0
2022-05-04,Amador,005,37829,8600,663,9263,86
2022-05-04,Butte,007,227075,33502,7160,40662,434
2022-05-04,Calaveras,009,45235,7359,364,7723,120
2022-05-04,Colusa,011,21464,3465,1049,4514,21
2022-05-04,Contra Costa,013,1133247,198542,14094,212636,1310
2022-05-04,Del Norte,015,27424,5913,198,6111,49
2022-05-04,El Dorado,017,186661,27145,3253,30398,216
2022-05-04,Fresno,019,978130,236776,24632,261408,2772
2022-05-04,Glenn,021,27897,5018,1618,6636,56
2022-05-04,Humboldt,023,135768,17570,3139,20709,147
2022-05-04,Imperial,025,180216,55733,10601,66334,945
2022-05-04,Inyo,027,18085,4094,500,4594,56
2022-05-04,Kern,029,883053,192877,46166,239043,2348
2022-05-04,Kings,031,150075,51726,3535,55261,449
2022-05-04,Lake,033,64148,10802,896,11698,140
2022-05-04,Lassen,035,31185,8976,876,9852,62
2022-05-04,Los Angeles,037,10098052,2763138,126352,2889490,31939
2022-05-04,Madera,039,155013,37507,6079,43586,371
2022-05-04,Marin,041,260295,26748,2883,29631,239
2022-05-04,Mariposa,043,17540,2455,206,2661,28
2022-05-04,Mendocino,045,87422,13315,3179,16494,127
2022-05-04,Merced,047,269075,63801,9092,72893,826
2022-05-04,Modoc,049,8938,743,251,994,8
2022-05-04,Mono,051,14174,3001,136,3137,6
2022-05-04,Monterey,053,433212,80542,14166,94708,733
2022-05-04,Napa,055,140530,26676,1038,27714,144
2022-05-04,Nevada,057,99092,16220,1235,17455,131
2022-05-04,Orange,059,3164182,556557,43059,599616,7133
2022-05-04,Placer,061,380077,63872,7497,71369,627
2022-05-04,Plumas,063,18699,2999,365,3364,13
2022-05-04,Riverside,065,2383286,597507,28254,625761,6467
2022-05-04,Sacramento,067,1510023,285478,27428,312906,3076
2022-05-04,San Benito,069,59416,13121,531,13652,95
2022-05-04,San Bernardino,071,2135413,579729,25217,604946,7839
2022-05-04,San Diego,073,3302833,764460,53928,818388,5360
2022-05-04,San Francisco,075,870044,133748,8809,142557,879
2022-05-04,San Joaquin,077,732212,168437,10167,178604,2253
2022-05-04,San Luis Obispo,079,281455,53390,3907,57297,483
2022-05-04,San Mateo,081,765935,128533,7457,135990,716
2022-05-04,Santa Barbara,083,443738,87491,4804,92295,693
2022-05-04,Santa Clara,085,1922200,329610,13105,342715,2323
2022-05-04,Santa Cruz,087,273765,50108,2185,52293,262
2022-05-04,Shasta,089,179085,30783,6117,36900,563
2022-05-04,Sierra,091,2930,275,49,324,4
2022-05-04,Siskiyou,093,43540,4460,2751,7211,83
2022-05-04,Solano,095,438530,83576,5725,89301,450
2022-05-04,Sonoma,097,501317,86649,3030,89679,493
2022-05-04,Stanislaus,099,539301,118574,18014,136588,1695
2022-05-04,Sutter,101,95872,20630,2114,22744,227
2022-05-04,Tehama,103,63373,12106,2580,14686,207
2022-05-04,Trinity,105,12862,1188,288,1476,20
2022-05-04,Tulare,107,460477,106846,27833,134679,1501
2022-05-04,Tuolumne,109,53932,12892,585,13477,184
2022-05-04,Ventura,111,848112,175741,9836,185577,1510
2022-05-04,Yolo,113,214977,38268,2993,41261,362
2022-05-04,Yuba,115,75493,15969,1225,17194,126
2022-05-03,Alameda,001,1643700,267133,14393,281526,1867
2022-05-03,Alpine,002,1148,125,1,126,0
2022-05-03,Amador,005,37829,8597,662,9259,86
2022-05-03,Butte,007,227075,33486,7155,40641,434
2022-05-03,Calaveras,009,45235,7352,364,7716,120
2022-05-03,Colusa,011,21464,3464,1049,4513,21
2022-05-03,Contra Costa,013,1133247,198149,14051,212200,1308
2022-05-03,Del Norte,015,27424,5906,196,6102,49
2022-05-03,El Dorado,017,186661,27124,3249,30373,216
2022-05-03,Fresno,019,978130,236666,24613,261279,2772
2022-05-03,Glenn,021,27897,5017,1616,6633,56
2022-05-03,Humboldt,023,135768,17534,3120,20654,147
2022-05-03,Imperial,025,180216,55711,10595,66306,945
2022-05-03,Inyo,027,18085,4092,500,4592,56
2022-05-03,Kern,029,883053,192799,46134,238933,2348
2022-05-03,Kings,031,150075,51714,3535,55249,449
2022-05-03,Lake,033,64148,10798,895,11693,140
2022-05-03,Lassen,035,31185,8976,876,9852,62
2022-05-03,Los Angeles,037,10098052,2760079,126119,2886198,31937
2022-05-03,Madera,039,155013,37476,6074,43550,371
2022-05-03,Marin,041,260295,26638,2860,29498,239
2022-05-03,Mariposa,043,17540,2447,206,2653,28
2022-05-03,Mendocino,045,87422,13300,3161,16461,126
2022-05-03,Merced,047,269075,63773,9068,72841,826
2022-05-03,Modoc,049,8938,742,251,993,8
2022-05-03,Mono,051,14174,2999,135,3134,6
2022-05-03,Monterey,053,433212,80490,14132,94622,733
2022-05-03,Napa,055,140530,26640,1031,27671,144
2022-05-03,Nevada,057,99092,16209,1235,17444,131
2022-05-03,Orange,059,3164182,556030,42980,599010,7130
2022-05-03,Placer,061,380077,63778,7482,71260,627
2022-05-03,Plumas,063,18699,2995,365,3360,13
2022-05-03,Riverside,065,2383286,597141,28230,625371,6467
2022-05-03,Sacramento,067,1510023,285160,27380,312540,3075
2022-05-03,San Benito,069,59416,13108,528,13636,95
2022-05-03,San Bernardino,071,2135413,579460,25205,604665,7837
2022-05-03,San Diego,073,3302833,763617,53828,817445,5359
2022-05-03,San Francisco,075,870044,133271,8779,142050,878
2022-05-03,San Joaquin,077,732212,168355,10140,178495,2252
2022-05-03,San Luis Obispo,079,281455,53343,3898,57241,483
2022-05-03,San Mateo,081,765935,128184,7424,135608,716
2022-05-03,Santa Barbara,083,443738,87402,4802,92204,693
2022-05-03,Santa Clara,085,1922200,328792,13055,341847,2323
2022-05-03,Santa Cruz,087,273765,50016,2179,52195,262
2022-05-03,Shasta,089,179085,30764,6116,36880,563
2022-05-03,Sierra,091,2930,275,49,324,4
2022-05-03,Siskiyou,093,43540,4459,2751,7210,83
2022-05-03,Solano,095,438530,83386,5713,89099,450
2022-05-03,Sonoma,097,501317,86467,3006,89473,493
2022-05-03,Stanislaus,099,539301,118520,18001,136521,1695
2022-05-03,Sutter,101,95872,20625,2112,22737,227
2022-05-03,Tehama,103,63373,12102,2579,14681,207
2022-05-03,Trinity,105,12862,1187,288,1475,20
2022-05-03,Tulare,107,460477,106818,27819,134637,1501
2022-05-03,Tuolumne,109,53932,12879,585,13464,184
2022-05-03,Ventura,111,848112,175572,9793,185365,1510
2022-05-03,Yolo,113,214977,38200,2992,41192,362
2022-05-03,Yuba,115,75493,15958,1217,17175,126
2022-05-02,Alameda,001,1643700,266496,14351,280847,1867
2022-05-02,Alpine,002,1148,125,1,126,0
2022-05-02,Amador,005,37829,8594,659,9253,86
2022-05-02,Butte,007,227075,33463,7152,40615,434
2022-05-02,Calaveras,009,45235,7351,363,7714,120
2022-05-02,Colusa,011,21464,3464,1049,4513,21
2022-05-02,Contra Costa,013,1133247,197775,14014,211789,1308
2022-05-02,Del Norte,015,27424,5901,191,6092,49
2022-05-02,El Dorado,017,186661,27100,3244,30344,216
2022-05-02,Fresno,019,978130,236553,24585,261138,2771
2022-05-02,Glenn,021,27897,5015,1616,6631,56
2022-05-02,Humboldt,023,135768,17483,3106,20589,147
2022-05-02,Imperial,025,180216,55698,10588,66286,945
2022-05-02,Inyo,027,18085,4091,498,4589,56
2022-05-02,Kern,029,883053,192715,46105,238820,2347
2022-05-02,Kings,031,150075,51697,3535,55232,449
2022-05-02,Lake,033,64148,10794,895,11689,140
2022-05-02,Lassen,035,31185,8974,876,9850,62
2022-05-02,Los Angeles,037,10098052,2757053,125900,2882953,31932
2022-05-02,Madera,039,155013,37459,6067,43526,371
2022-05-02,Marin,041,260295,26512,2837,29349,239
2022-05-02,Mariposa,043,17540,2442,206,2648,28
2022-05-02,Mendocino,045,87422,13282,3148,16430,126
2022-05-02,Merced,047,269075,63741,9061,72802,826
2022-05-02,Modoc,049,8938,741,251,992,8
2022-05-02,Mono,051,14174,2997,134,3131,6
2022-05-02,Monterey,053,433212,80412,14091,94503,733
2022-05-02,Napa,055,140530,26601,1029,27630,144
2022-05-02,Nevada,057,99092,16191,1233,17424,131
2022-05-02,Orange,059,3164182,555487,42884,598371,7130
2022-05-02,Placer,061,380077,63722,7475,71197,627
2022-05-02,Plumas,063,18699,2995,365,3360,13
2022-05-02,Riverside,065,2383286,596750,28203,624953,6467
2022-05-02,Sacramento,067,1510023,284854,27334,312188,3075
2022-05-02,San Benito,069,59416,13096,528,13624,95
2022-05-02,San Bernardino,071,2135413,579173,25187,604360,7837
2022-05-02,San Diego,073,3302833,762754,53732,816486,5359
2022-05-02,San Francisco,075,870044,132835,8752,141587,878
2022-05-02,San Joaquin,077,732212,168239,10128,178367,2252
2022-05-02,San Luis Obispo,079,281455,53290,3889,57179,483
2022-05-02,San Mateo,081,765935,127859,7409,135268,715
2022-05-02,Santa Barbara,083,443738,87301,4798,92099,693
2022-05-02,Santa Clara,085,1922200,327877,13009,340886,2322
2022-05-02,Santa Cruz,087,273765,49890,2175,52065,262
2022-05-02,Shasta,089,179085,30745,6115,36860,563
2022-05-02,Sierra,091,2930,275,49,324,4
2022-05-02,Siskiyou,093,43540,4456,2749,7205,83
2022-05-02,Solano,095,438530,83245,5703,88948,450
2022-05-02,Sonoma,097,501317,86286,2985,89271,493
2022-05-02,Stanislaus,099,539301,118447,17987,136434,1695
2022-05-02,Sutter,101,95872,20618,2109,22727,227
2022-05-02,Tehama,103,63373,12097,2576,14673,207
2022-05-02,Trinity,105,12862,1186,288,1474,20
2022-05-02,Tulare,107,460477,106795,27803,134598,1500
2022-05-02,Tuolumne,109,53932,12873,585,13458,183
2022-05-02,Ventura,111,848112,175409,9761,185170,1510
2022-05-02,Yolo,113,214977,38122,2986,41108,362
2022-05-02,Yuba,115,75493,15953,1215,17168,126
2022-05-01,Alameda,001,1643700,265795,14298,280093,1867
2022-05-01,Alpine,002,1148,125,1,126,0
2022-05-01,Amador,005,37829,8594,659,9253,86
2022-05-01,Butte,007,227075,33436,7147,40583,434
2022-05-01,Calaveras,009,45235,7347,357,7704,120
2022-05-01,Colusa,011,21464,3464,1049,4513,21
2022-05-01,Contra Costa,013,1133247,197389,13943,211332,1308
2022-05-01,Del Norte,015,27424,5893,191,6084,49
2022-05-01,El Dorado,017,186661,27069,3240,30309,216
2022-05-01,Fresno,019,978130,236447,24565,261012,2770
2022-05-01,Glenn,021,27897,5015,1616,6631,56
2022-05-01,Humboldt,023,135768,17419,3081,20500,147
2022-05-01,Imperial,025,180216,55674,10585,66259,945
2022-05-01,Inyo,027,18085,4090,497,4587,56
2022-05-01,Kern,029,883053,192651,46059,238710,2347
2022-05-01,Kings,031,150075,51676,3531,55207,449
2022-05-01,Lake,033,64148,10787,893,11680,140
2022-05-01,Lassen,035,31185,8974,876,9850,62
2022-05-01,Los Angeles,037,10098052,2754045,125665,2879710,31929
2022-05-01,Madera,039,155013,37442,6056,43498,371
2022-05-01,Marin,041,260295,26425,2804,29229,239
2022-05-01,Mariposa,043,17540,2441,206,2647,28
2022-05-01,Mendocino,045,87422,13263,3132,16395,126
2022-05-01,Merced,047,269075,63709,9045,72754,825
2022-05-01,Modoc,049,8938,741,251,992,8
2022-05-01,Mono,051,14174,2994,132,3126,6
2022-05-01,Monterey,053,433212,80333,14050,94383,733
2022-05-01,Napa,055,140530,26556,1025,27581,144
2022-05-01,Nevada,057,99092,16172,1232,17404,131
2022-05-01,Orange,059,3164182,554927,42780,597707,7130
2022-05-01,Placer,061,380077,63649,7461,71110,627
2022-05-01,Plumas,063,18699,2994,365,3359,13
2022-05-01,Riverside,065,2383286,596287,28168,624455,6467
2022-05-01,Sacramento,067,1510023,284519,27271,311790,3075
2022-05-01,San Benito,069,59416,13088,528,13616,95
2022-05-01,San Bernardino,071,2135413,578854,25170,604024,7836
2022-05-01,San Diego,073,3302833,761872,53641,815513,5358
2022-05-01,San Francisco,075,870044,132343,8721,141064,876
2022-05-01,San Joaquin,077,732212,168096,10098,178194,2252
2022-05-01,San Luis Obispo,079,281455,53218,3873,57091,483
2022-05-01,San Mateo,081,765935,127493,7370,134863,715
2022-05-01,Santa Barbara,083,443738,87196,4788,91984,693
2022-05-01,Santa Clara,085,1922200,326928,12959,339887,2321
2022-05-01,Santa Cruz,087,273765,49738,2167,51905,261
2022-05-01,Shasta,089,179085,30729,6113,36842,563
2022-05-01,Sierra,091,2930,275,49,324,4
2022-05-01,Siskiyou,093,43540,4455,2743,7198,83
2022-05-01,Solano,095,438530,83113,5688,88801,450
2022-05-01,Sonoma,097,501317,86067,2957,89024,493
2022-05-01,Stanislaus,099,539301,118392,17971,136363,1695
2022-05-01,Sutter,101,95872,20610,2102,22712,227
2022-05-01,Tehama,103,63373,12096,2575,14671,207
2022-05-01,Trinity,105,12862,1186,288,1474,20
2022-05-01,Tulare,107,460477,106762,27782,134544,1499
2022-05-01,Tuolumne,109,53932,12853,579,13432,183
2022-05-01,Ventura,111,848112,175237,9708,184945,1510
2022-05-01,Yolo,113,214977,38057,2976,41033,362
2022-05-01,Yuba,115,75493,15943,1213,17156,126
2022-04-30,Alameda,001,1643700,265386,14281,279667,1867
2022-04-30,Alpine,002,1148,125,1,126,0
2022-04-30,Amador,005,37829,8592,659,9251,86
2022-04-30,Butte,007,227075,33430,7143,40573,434
2022-04-30,Calaveras,009,45235,7344,356,7700,120
2022-04-30,Colusa,011,21464,3463,1049,4512,21
2022-04-30,Contra Costa,013,1133247,197142,13933,211075,1308
2022-04-30,Del Norte,015,27424,5888,191,6079,49
2022-04-30,El Dorado,017,186661,27050,3236,30286,216
2022-04-30,Fresno,019,978130,236400,24558,260958,2769
2022-04-30,Glenn,021,27897,5014,1615,6629,56
2022-04-30,Humboldt,023,135768,17376,3072,20448,147
2022-04-30,Imperial,025,180216,55661,10582,66243,945
2022-04-30,Inyo,027,18085,4090,497,4587,56
2022-04-30,Kern,029,883053,192615,46041,238656,2347
2022-04-30,Kings,031,150075,51670,3530,55200,449
2022-04-30,Lake,033,64148,10784,893,11677,140
2022-04-30,Lassen,035,31185,8974,876,9850,62
2022-04-30,Los Angeles,037,10098052,2752663,125489,2878152,31926
2022-04-30,Madera,039,155013,37431,6055,43486,371
2022-04-30,Marin,041,260295,26379,2774,29153,239
2022-04-30,Mariposa,043,17540,2439,205,2644,28
2022-04-30,Mendocino,045,87422,13259,3132,16391,126
2022-04-30,Merced,047,269075,63694,9043,72737,825
2022-04-30,Modoc,049,8938,741,251,992,8
2022-04-30,Mono,051,14174,2993,130,3123,6
2022-04-30,Monterey,053,433212,80265,14027,94292,733
2022-04-30,Napa,055,140530,26533,1024,27557,144
2022-04-30,Nevada,057,99092,16157,1231,17388,131
2022-04-30,Orange,059,3164182,554660,42737,597397,7130
2022-04-30,Placer,061,380077,63603,7453,71056,627
2022-04-30,Plumas,063,18699,2991,365,3356,13
2022-04-30,Riverside,065,2383286,596042,28150,624192,6466
2022-04-30,Sacramento,067,1510023,284397,27258,311655,3074
2022-04-30,San Benito,069,59416,13085,528,13613,95
2022-04-30,San Bernardino,071,2135413,578679,25161,603840,7835
2022-04-30,San Diego,073,3302833,761498,53608,815106,5358
2022-04-30,San Francisco,075,870044,132054,8698,140752,876
2022-04-30,San Joaquin,077,732212,168041,10093,178134,2252
2022-04-30,San Luis Obispo,079,281455,53207,3870,57077,483
2022-04-30,San Mateo,081,765935,127274,7352,134626,714
2022-04-30,Santa Barbara,083,443738,87140,4785,91925,693
2022-04-30,Santa Clara,085,1922200,326354,12935,339289,2321
2022-04-30,Santa Cruz,087,273765,49692,2167,51859,261
2022-04-30,Shasta,089,179085,30722,6111,36833,563
2022-04-30,Sierra,091,2930,275,49,324,4
2022-04-30,Siskiyou,093,43540,4453,2742,7195,83
2022-04-30,Solano,095,438530,83094,5686,88780,450
2022-04-30,Sonoma,097,501317,85950,2945,88895,492
2022-04-30,Stanislaus,099,539301,118361,17965,136326,1695
2022-04-30,Sutter,101,95872,20605,2102,22707,227
2022-04-30,Tehama,103,63373,12092,2573,14665,207
2022-04-30,Trinity,105,12862,1186,288,1474,20
2022-04-30,Tulare,107,460477,106742,27770,134512,1498
2022-04-30,Tuolumne,109,53932,12844,579,13423,183
2022-04-30,Ventura,111,848112,175153,9676,184829,1510
2022-04-30,Yolo,113,214977,38011,2975,40986,362
2022-04-30,Yuba,115,75493,15937,1212,17149,126
2022-04-29,Alameda,001,1643700,265076,14267,279343,1867
2022-04-29,Alpine,002,1148,124,1,125,0
2022-04-29,Amador,005,37829,8585,657,9242,86
2022-04-29,Butte,007,227075,33425,7137,40562,434
2022-04-29,Calaveras,009,45235,7342,356,7698,120
2022-04-29,Colusa,011,21464,3462,1049,4511,21
2022-04-29,Contra Costa,013,1133247,196947,13914,210861,1307
2022-04-29,Del Norte,015,27424,5884,191,6075,49
2022-04-29,El Dorado,017,186661,27038,3234,30272,216
2022-04-29,Fresno,019,978130,236349,24550,260899,2768
2022-04-29,Glenn,021,27897,5014,1614,6628,56
2022-04-29,Humboldt,023,135768,17351,3064,20415,147
2022-04-29,Imperial,025,180216,55645,10581,66226,945
2022-04-29,Inyo,027,18085,4090,495,4585,56
2022-04-29,Kern,029,883053,192587,46030,238617,2347
2022-04-29,Kings,031,150075,51664,3530,55194,449
2022-04-29,Lake,033,64148,10783,893,11676,140
2022-04-29,Lassen,035,31185,8973,876,9849,62
2022-04-29,Los Angeles,037,10098052,2751368,125344,2876712,31925
2022-04-29,Madera,039,155013,37421,6054,43475,371
2022-04-29,Marin,041,260295,26314,2754,29068,239
2022-04-29,Mariposa,043,17540,2437,205,2642,28
2022-04-29,Mendocino,045,87422,13254,3131,16385,126
2022-04-29,Merced,047,269075,63682,9041,72723,823
2022-04-29,Modoc,049,8938,741,251,992,8
2022-04-29,Mono,051,14174,2993,130,3123,6
2022-04-29,Monterey,053,433212,80231,14013,94244,733
2022-04-29,Napa,055,140530,26505,1022,27527,144
2022-04-29,Nevada,057,99092,16150,1230,17380,131
2022-04-29,Orange,059,3164182,554393,42683,597076,7129
2022-04-29,Placer,061,380077,63573,7446,71019,627
2022-04-29,Plumas,063,18699,2990,365,3355,13
2022-04-29,Riverside,065,2383286,595822,28129,623951,6464
2022-04-29,Sacramento,067,1510023,284250,27250,311500,3074
2022-04-29,San Benito,069,59416,13080,528,13608,95
2022-04-29,San Bernardino,071,2135413,578521,25151,603672,7834
2022-04-29,San Diego,073,3302833,761082,53582,814664,5356
2022-04-29,San Francisco,075,870044,131831,8678,140509,875
2022-04-29,San Joaquin,077,732212,167986,10089,178075,2252
2022-04-29,San Luis Obispo,079,281455,53192,3865,57057,481
2022-04-29,San Mateo,081,765935,127075,7339,134414,714
2022-04-29,Santa Barbara,083,443738,87100,4783,91883,693
2022-04-29,Santa Clara,085,1922200,325843,12905,338748,2321
2022-04-29,Santa Cruz,087,273765,49636,2163,51799,261
2022-04-29,Shasta,089,179085,30720,6110,36830,563
2022-04-29,Sierra,091,2930,275,49,324,4
2022-04-29,Siskiyou,093,43540,4452,2742,7194,83
2022-04-29,Solano,095,438530,83037,5681,88718,450
2022-04-29,Sonoma,097,501317,85842,2932,88774,492
2022-04-29,Stanislaus,099,539301,118338,17959,136297,1695
2022-04-29,Sutter,101,95872,20598,2101,22699,227
2022-04-29,Tehama,103,63373,12090,2573,14663,207
2022-04-29,Trinity,105,12862,1186,288,1474,20
2022-04-29,Tulare,107,460477,106724,27753,134477,1498
2022-04-29,Tuolumne,109,53932,12837,576,13413,183
2022-04-29,Ventura,111,848112,175077,9654,184731,1510
2022-04-29,Yolo,113,214977,37978,2972,40950,361
2022-04-29,Yuba,115,75493,15932,1212,17144,126
2022-04-28,Alameda,001,1643700,264635,14231,278866,1866
2022-04-28,Alpine,002,1148,124,1,125,0
2022-04-28,Amador,005,37829,8582,657,9239,86
2022-04-28,Butte,007,227075,33416,7131,40547,433
2022-04-28,Calaveras,009,45235,7338,356,7694,120
2022-04-28,Colusa,011,21464,3462,1049,4511,21
2022-04-28,Contra Costa,013,1133247,196689,13873,210562,1307
2022-04-28,Del Norte,015,27424,5878,191,6069,49
2022-04-28,El Dorado,017,186661,27016,3230,30246,216
2022-04-28,Fresno,019,978130,236290,24541,260831,2768
2022-04-28,Glenn,021,27897,5011,1614,6625,56
2022-04-28,Humboldt,023,135768,17317,3048,20365,147
2022-04-28,Imperial,025,180216,55633,10576,66209,945
2022-04-28,Inyo,027,18085,4090,495,4585,56
2022-04-28,Kern,029,883053,192548,46016,238564,2347
2022-04-28,Kings,031,150075,51658,3530,55188,449
2022-04-28,Lake,033,64148,10779,893,11672,140
2022-04-28,Lassen,035,31185,8973,876,9849,62
2022-04-28,Los Angeles,037,10098052,2749310,125157,2874467,31919
2022-04-28,Madera,039,155013,37415,6051,43466,371
2022-04-28,Marin,041,260295,26264,2739,29003,239
2022-04-28,Mariposa,043,17540,2437,205,2642,28
2022-04-28,Mendocino,045,87422,13243,3114,16357,126
2022-04-28,Merced,047,269075,63661,9032,72693,822
2022-04-28,Modoc,049,8938,741,251,992,8
2022-04-28,Mono,051,14174,2991,130,3121,6
2022-04-28,Monterey,053,433212,80192,13989,94181,733
2022-04-28,Napa,055,140530,26474,1019,27493,144
2022-04-28,Nevada,057,99092,16142,1227,17369,131
2022-04-28,Orange,059,3164182,554034,42615,596649,7128
2022-04-28,Placer,061,380077,63526,7438,70964,627
2022-04-28,Plumas,063,18699,2989,365,3354,13
2022-04-28,Riverside,065,2383286,595540,28107,623647,6464
2022-04-28,Sacramento,067,1510023,284064,27208,311272,3072
2022-04-28,San Benito,069,59416,13070,526,13596,95
2022-04-28,San Bernardino,071,2135413,578321,25143,603464,7833
2022-04-28,San Diego,073,3302833,760542,53518,814060,5356
2022-04-28,San Francisco,075,870044,131526,8643,140169,875
2022-04-28,San Joaquin,077,732212,167916,10073,177989,2252
2022-04-28,San Luis Obispo,079,281455,53164,3847,57011,481
2022-04-28,San Mateo,081,765935,126826,7318,134144,714
2022-04-28,Santa Barbara,083,443738,87047,4780,91827,693
2022-04-28,Santa Clara,085,1922200,325299,12871,338170,2321
2022-04-28,Santa Cruz,087,273765,49539,2157,51696,261
2022-04-28,Shasta,089,179085,30712,6110,36822,563
2022-04-28,Sierra,091,2930,275,49,324,4
2022-04-28,Siskiyou,093,43540,4449,2742,7191,83
2022-04-28,Solano,095,438530,82953,5676,88629,450
2022-04-28,Sonoma,097,501317,85727,2918,88645,492
2022-04-28,Stanislaus,099,539301,118300,17952,136252,1695
2022-04-28,Sutter,101,95872,20588,2098,22686,227
2022-04-28,Tehama,103,63373,12089,2572,14661,207
2022-04-28,Trinity,105,12862,1186,288,1474,20
2022-04-28,Tulare,107,460477,106701,27744,134445,1498
2022-04-28,Tuolumne,109,53932,12825,575,13400,183
2022-04-28,Ventura,111,848112,174988,9618,184606,1508
2022-04-28,Yolo,113,214977,37941,2969,40910,361
2022-04-28,Yuba,115,75493,15923,1210,17133,126
2022-04-27,Alameda,001,1643700,264154,14189,278343,1866
2022-04-27,Alpine,002,1148,124,1,125,0
2022-04-27,Amador,005,37829,8581,657,9238,86
2022-04-27,Butte,007,227075,33405,7126,40531,432
2022-04-27,Calaveras,009,45235,7335,356,7691,120
2022-04-27,Colusa,011,21464,3462,1049,4511,21
2022-04-27,Contra Costa,013,1133247,196424,13843,210267,1307
2022-04-27,Del Norte,015,27424,5873,191,6064,49
2022-04-27,El Dorado,017,186661,27004,3225,30229,215
2022-04-27,Fresno,019,978130,236223,24528,260751,2768
2022-04-27,Glenn,021,27897,5011,1614,6625,56
2022-04-27,Humboldt,023,135768,17287,3037,20324,147
2022-04-27,Imperial,025,180216,55615,10573,66188,945
2022-04-27,Inyo,027,18085,4089,494,4583,56
2022-04-27,Kern,029,883053,192512,45997,238509,2347
2022-04-27,Kings,031,150075,51653,3529,55182,449
2022-04-27,Lake,033,64148,10775,893,11668,140
2022-04-27,Lassen,035,31185,8972,876,9848,62
2022-04-27,Los Angeles,037,10098052,2747000,124969,2871969,31917
2022-04-27,Madera,039,155013,37405,6050,43455,371
2022-04-27,Marin,041,260295,26203,2725,28928,239
2022-04-27,Mariposa,043,17540,2435,205,2640,28
2022-04-27,Mendocino,045,87422,13236,3106,16342,126
2022-04-27,Merced,047,269075,63647,9027,72674,822
2022-04-27,Modoc,049,8938,741,251,992,8
2022-04-27,Mono,051,14174,2991,130,3121,6
2022-04-27,Monterey,053,433212,80150,13950,94100,732
2022-04-27,Napa,055,140530,26445,1014,27459,144
2022-04-27,Nevada,057,99092,16126,1224,17350,131
2022-04-27,Orange,059,3164182,553659,42554,596213,7126
2022-04-27,Placer,061,380077,63484,7423,70907,627
2022-04-27,Plumas,063,18699,2988,365,3353,13
2022-04-27,Riverside,065,2383286,595274,28091,623365,6464
2022-04-27,Sacramento,067,1510023,283861,27175,311036,3071
2022-04-27,San Benito,069,59416,13057,524,13581,95
2022-04-27,San Bernardino,071,2135413,578123,25136,603259,7833
2022-04-27,San Diego,073,3302833,759968,53455,813423,5356
2022-04-27,San Francisco,075,870044,131172,8618,139790,875
2022-04-27,San Joaquin,077,732212,167839,10058,177897,2252
2022-04-27,San Luis Obispo,079,281455,53119,3836,56955,481
2022-04-27,San Mateo,081,765935,126591,7267,133858,714
2022-04-27,Santa Barbara,083,443738,86983,4773,91756,693
2022-04-27,Santa Clara,085,1922200,324728,12826,337554,2319
2022-04-27,Santa Cruz,087,273765,49454,2150,51604,261
2022-04-27,Shasta,089,179085,30701,6107,36808,563
2022-04-27,Sierra,091,2930,274,49,323,4
2022-04-27,Siskiyou,093,43540,4449,2738,7187,83
2022-04-27,Solano,095,438530,82839,5668,88507,450
2022-04-27,Sonoma,097,501317,85618,2900,88518,492
2022-04-27,Stanislaus,099,539301,118258,17942,136200,1695
2022-04-27,Sutter,101,95872,20584,2094,22678,227
2022-04-27,Tehama,103,63373,12089,2572,14661,207
2022-04-27,Trinity,105,12862,1186,288,1474,20
2022-04-27,Tulare,107,460477,106684,27735,134419,1498
2022-04-27,Tuolumne,109,53932,12808,574,13382,183
2022-04-27,Ventura,111,848112,174884,9603,184487,1508
2022-04-27,Yolo,113,214977,37892,2964,40856,361
2022-04-27,Yuba,115,75493,15919,1205,17124,126
2022-04-26,Alameda,001,1643700,263631,14152,277783,1866
2022-04-26,Alpine,002,1148,124,1,125,0
2022-04-26,Amador,005,37829,8578,656,9234,86
2022-04-26,Butte,007,227075,33388,7119,40507,432
2022-04-26,Calaveras,009,45235,7331,355,7686,120
2022-04-26,Colusa,011,21464,3462,1049,4511,21
2022-04-26,Contra Costa,013,1133247,196162,13806,209968,1306
2022-04-26,Del Norte,015,27424,5865,191,6056,49
2022-04-26,El Dorado,017,186661,26982,3221,30203,215
2022-04-26,Fresno,019,978130,236142,24518,260660,2768
2022-04-26,Glenn,021,27897,5011,1613,6624,56
2022-04-26,Humboldt,023,135768,17256,3031,20287,147
2022-04-26,Imperial,025,180216,55595,10568,66163,945
2022-04-26,Inyo,027,18085,4089,494,4583,56
2022-04-26,Kern,029,883053,192465,45972,238437,2347
2022-04-26,Kings,031,150075,51647,3529,55176,449
2022-04-26,Lake,033,64148,10768,893,11661,140
2022-04-26,Lassen,035,31185,8967,876,9843,62
2022-04-26,Los Angeles,037,10098052,2744620,124782,2869402,31911
2022-04-26,Madera,039,155013,37397,6043,43440,371
2022-04-26,Marin,041,260295,26149,2706,28855,239
2022-04-26,Mariposa,043,17540,2435,205,2640,28
2022-04-26,Mendocino,045,87422,13232,3100,16332,126
2022-04-26,Merced,047,269075,63624,9010,72634,822
2022-04-26,Modoc,049,8938,741,251,992,8
2022-04-26,Mono,051,14174,2991,129,3120,6
2022-04-26,Monterey,053,433212,80096,13911,94007,732
2022-04-26,Napa,055,140530,26413,1010,27423,144
2022-04-26,Nevada,057,99092,16117,1224,17341,131
2022-04-26,Orange,059,3164182,553246,42494,595740,7125
2022-04-26,Placer,061,380077,63451,7419,70870,627
2022-04-26,Plumas,063,18699,2988,365,3353,13
2022-04-26,Riverside,065,2383286,594964,28065,623029,6464
2022-04-26,Sacramento,067,1510023,283623,27152,310775,3071
2022-04-26,San Benito,069,59416,13053,523,13576,95
2022-04-26,San Bernardino,071,2135413,577913,25122,603035,7832
2022-04-26,San Diego,073,3302833,759309,53350,812659,5356
2022-04-26,San Francisco,075,870044,130773,8593,139366,875
2022-04-26,San Joaquin,077,732212,167778,10048,177826,2251
2022-04-26,San Luis Obispo,079,281455,53090,3825,56915,481
2022-04-26,San Mateo,081,765935,126313,7238,133551,714
2022-04-26,Santa Barbara,083,443738,86922,4769,91691,693
2022-04-26,Santa Clara,085,1922200,324166,12782,336948,2317
2022-04-26,Santa Cruz,087,273765,49354,2147,51501,261
2022-04-26,Shasta,089,179085,30689,6107,36796,563
2022-04-26,Sierra,091,2930,274,49,323,4
2022-04-26,Siskiyou,093,43540,4447,2736,7183,83
2022-04-26,Solano,095,438530,82739,5657,88396,450
2022-04-26,Sonoma,097,501317,85512,2884,88396,492
2022-04-26,Stanislaus,099,539301,118223,17932,136155,1695
2022-04-26,Sutter,101,95872,20574,2094,22668,227
2022-04-26,Tehama,103,63373,12080,2572,14652,207
2022-04-26,Trinity,105,12862,1186,288,1474,20
2022-04-26,Tulare,107,460477,106657,27720,134377,1498
2022-04-26,Tuolumne,109,53932,12789,572,13361,183
2022-04-26,Ventura,111,848112,174775,9577,184352,1506
2022-04-26,Yolo,113,214977,37833,2959,40792,361
2022-04-26,Yuba,115,75493,15917,1205,17122,126
2022-04-25,Alameda,001,1643700,263118,14111,277229,1866
2022-04-25,Alpine,002,1148,124,1,125,0
2022-04-25,Amador,005,37829,8575,656,9231,86
2022-04-25,Butte,007,227075,33372,7110,40482,432
2022-04-25,Calaveras,009,45235,7328,355,7683,120
2022-04-25,Colusa,011,21464,3462,1049,4511,21
2022-04-25,Contra Costa,013,1133247,195898,13769,209667,1306
2022-04-25,Del Norte,015,27424,5859,189,6048,49
2022-04-25,El Dorado,017,186661,26960,3219,30179,215
2022-04-25,Fresno,019,978130,236050,24506,260556,2768
2022-04-25,Glenn,021,27897,5011,1613,6624,56
2022-04-25,Humboldt,023,135768,17214,3023,20237,147
2022-04-25,Imperial,025,180216,55575,10563,66138,945
2022-04-25,Inyo,027,18085,4089,494,4583,56
2022-04-25,Kern,029,883053,192421,45954,238375,2347
2022-04-25,Kings,031,150075,51638,3528,55166,449
2022-04-25,Lake,033,64148,10765,892,11657,140
2022-04-25,Lassen,035,31185,8966,876,9842,62
2022-04-25,Los Angeles,037,10098052,2742240,124618,2866858,31908
2022-04-25,Madera,039,155013,37383,6039,43422,371
2022-04-25,Marin,041,260295,26085,2682,28767,239
2022-04-25,Mariposa,043,17540,2435,204,2639,28
2022-04-25,Mendocino,045,87422,13222,3083,16305,126
2022-04-25,Merced,047,269075,63610,9008,72618,822
2022-04-25,Modoc,049,8938,741,251,992,8
2022-04-25,Mono,051,14174,2991,129,3120,6
2022-04-25,Monterey,053,433212,80057,13885,93942,732
2022-04-25,Napa,055,140530,26372,1008,27380,144
2022-04-25,Nevada,057,99092,16111,1222,17333,131
2022-04-25,Orange,059,3164182,552832,42431,595263,7125
2022-04-25,Placer,061,380077,63416,7415,70831,627
2022-04-25,Plumas,063,18699,2986,365,3351,13
2022-04-25,Riverside,065,2383286,594699,28048,622747,6464
2022-04-25,Sacramento,067,1510023,283458,27121,310579,3070
2022-04-25,San Benito,069,59416,13046,523,13569,95
2022-04-25,San Bernardino,071,2135413,577683,25105,602788,7830
2022-04-25,San Diego,073,3302833,758632,53272,811904,5356
2022-04-25,San Francisco,075,870044,130411,8571,138982,875
2022-04-25,San Joaquin,077,732212,167694,10035,177729,2251
2022-04-25,San Luis Obispo,079,281455,53041,3817,56858,481
2022-04-25,San Mateo,081,765935,126038,7220,133258,713
2022-04-25,Santa Barbara,083,443738,86861,4763,91624,693
2022-04-25,Santa Clara,085,1922200,323519,12738,336257,2317
2022-04-25,Santa Cruz,087,273765,49212,2138,51350,261
2022-04-25,Shasta,089,179085,30677,6104,36781,563
2022-04-25,Sierra,091,2930,274,49,323,4
2022-04-25,Siskiyou,093,43540,4447,2735,7182,83
2022-04-25,Solano,095,438530,82621,5646,88267,450
2022-04-25,Sonoma,097,501317,85388,2866,88254,492
2022-04-25,Stanislaus,099,539301,118177,17925,136102,1695
2022-04-25,Sutter,101,95872,20571,2094,22665,226
2022-04-25,Tehama,103,63373,12080,2572,14652,207
2022-04-25,Trinity,105,12862,1185,288,1473,20
2022-04-25,Tulare,107,460477,106632,27710,134342,1497
2022-04-25,Tuolumne,109,53932,12779,572,13351,183
2022-04-25,Ventura,111,848112,174665,9553,184218,1506
2022-04-25,Yolo,113,214977,37770,2955,40725,361
2022-04-25,Yuba,115,75493,15907,1204,17111,126
2022-04-24,Alameda,001,1643700,262535,14066,276601,1865
2022-04-24,Alpine,002,1148,124,1,125,0
2022-04-24,Amador,005,37829,8566,655,9221,86
2022-04-24,Butte,007,227075,33355,7103,40458,432
2022-04-24,Calaveras,009,45235,7319,353,7672,120
2022-04-24,Colusa,011,21464,3461,1049,4510,21
2022-04-24,Contra Costa,013,1133247,195594,13736,209330,1305
2022-04-24,Del Norte,015,27424,5850,187,6037,49
2022-04-24,El Dorado,017,186661,26942,3217,30159,215
2022-04-24,Fresno,019,978130,235969,24493,260462,2767
2022-04-24,Glenn,021,27897,5011,1611,6622,56
2022-04-24,Humboldt,023,135768,17189,3009,20198,147
2022-04-24,Imperial,025,180216,55563,10555,66118,945
2022-04-24,Inyo,027,18085,4085,493,4578,56
2022-04-24,Kern,029,883053,192368,45940,238308,2347
2022-04-24,Kings,031,150075,51629,3528,55157,449
2022-04-24,Lake,033,64148,10757,889,11646,140
2022-04-24,Lassen,035,31185,8965,876,9841,62
2022-04-24,Los Angeles,037,10098052,2739899,124473,2864372,31903
2022-04-24,Madera,039,155013,37368,6033,43401,371
2022-04-24,Marin,041,260295,26031,2648,28679,239
2022-04-24,Mariposa,043,17540,2432,204,2636,28
2022-04-24,Mendocino,045,87422,13217,3071,16288,126
2022-04-24,Merced,047,269075,63586,8999,72585,822
2022-04-24,Modoc,049,8938,741,251,992,8
2022-04-24,Mono,051,14174,2989,129,3118,6
2022-04-24,Monterey,053,433212,80004,13852,93856,732
2022-04-24,Napa,055,140530,26333,1007,27340,144
2022-04-24,Nevada,057,99092,16095,1220,17315,131
2022-04-24,Orange,059,3164182,552408,42368,594776,7125
2022-04-24,Placer,061,380077,63364,7408,70772,627
2022-04-24,Plumas,063,18699,2984,365,3349,13
2022-04-24,Riverside,065,2383286,594420,28013,622433,6462
2022-04-24,Sacramento,067,1510023,283248,27086,310334,3070
2022-04-24,San Benito,069,59416,13042,523,13565,95
2022-04-24,San Bernardino,071,2135413,577449,25083,602532,7828
2022-04-24,San Diego,073,3302833,758003,53209,811212,5355
2022-04-24,San Francisco,075,870044,129966,8545,138511,875
2022-04-24,San Joaquin,077,732212,167608,9998,177606,2251
2022-04-24,San Luis Obispo,079,281455,52965,3807,56772,481
2022-04-24,San Mateo,081,765935,125721,7191,132912,713
2022-04-24,Santa Barbara,083,443738,86792,4761,91553,691
2022-04-24,Santa Clara,085,1922200,322833,12687,335520,2316
2022-04-24,Santa Cruz,087,273765,49098,2132,51230,261
2022-04-24,Shasta,089,179085,30666,6102,36768,563
2022-04-24,Sierra,091,2930,274,49,323,4
2022-04-24,Siskiyou,093,43540,4445,2733,7178,83
2022-04-24,Solano,095,438530,82511,5637,88148,450
2022-04-24,Sonoma,097,501317,85252,2844,88096,492
2022-04-24,Stanislaus,099,539301,118125,17919,136044,1695
2022-04-24,Sutter,101,95872,20562,2091,22653,226
2022-04-24,Tehama,103,63373,12076,2572,14648,207
2022-04-24,Trinity,105,12862,1185,288,1473,20
2022-04-24,Tulare,107,460477,106602,27699,134301,1496
2022-04-24,Tuolumne,109,53932,12766,571,13337,183
2022-04-24,Ventura,111,848112,174553,9532,184085,1506
2022-04-24,Yolo,113,214977,37730,2952,40682,361
2022-04-24,Yuba,115,75493,15903,1204,17107,126
2022-04-23,Alameda,001,1643700,262287,14054,276341,1864
2022-04-23,Alpine,002,1148,124,1,125,0
2022-04-23,Amador,005,37829,8560,655,9215,86
2022-04-23,Butte,007,227075,33346,7100,40446,432
2022-04-23,Calaveras,009,45235,7311,353,7664,120
2022-04-23,Colusa,011,21464,3461,1049,4510,21
2022-04-23,Contra Costa,013,1133247,195438,13718,209156,1305
2022-04-23,Del Norte,015,27424,5848,186,6034,49
2022-04-23,El Dorado,017,186661,26932,3216,30148,215
2022-04-23,Fresno,019,978130,235936,24487,260423,2766
2022-04-23,Glenn,021,27897,5011,1611,6622,56
2022-04-23,Humboldt,023,135768,17173,3006,20179,147
2022-04-23,Imperial,025,180216,55552,10554,66106,945
2022-04-23,Inyo,027,18085,4085,492,4577,56
2022-04-23,Kern,029,883053,192340,45926,238266,2346
2022-04-23,Kings,031,150075,51624,3527,55151,449
2022-04-23,Lake,033,64148,10756,889,11645,140
2022-04-23,Lassen,035,31185,8965,876,9841,62
2022-04-23,Los Angeles,037,10098052,2738953,124368,2863321,31896
2022-04-23,Madera,039,155013,37361,6032,43393,371
2022-04-23,Marin,041,260295,25996,2602,28598,239
2022-04-23,Mariposa,043,17540,2432,204,2636,28
2022-04-23,Mendocino,045,87422,13210,3071,16281,126
2022-04-23,Merced,047,269075,63576,8999,72575,822
2022-04-23,Modoc,049,8938,741,251,992,8
2022-04-23,Mono,051,14174,2989,129,3118,6
2022-04-23,Monterey,053,433212,79935,13837,93772,732
2022-04-23,Napa,055,140530,26311,1005,27316,144
2022-04-23,Nevada,057,99092,16089,1218,17307,131
2022-04-23,Orange,059,3164182,552189,42320,594509,7123
2022-04-23,Placer,061,380077,63334,7407,70741,627
2022-04-23,Plumas,063,18699,2984,365,3349,13
2022-04-23,Riverside,065,2383286,594284,28003,622287,6462
2022-04-23,Sacramento,067,1510023,283148,27082,310230,3068
2022-04-23,San Benito,069,59416,13041,523,13564,95
2022-04-23,San Bernardino,071,2135413,577327,25080,602407,7828
2022-04-23,San Diego,073,3302833,757740,53190,810930,5354
2022-04-23,San Francisco,075,870044,129760,8519,138279,875
2022-04-23,San Joaquin,077,732212,167567,9990,177557,2251
2022-04-23,San Luis Obispo,079,281455,52950,3803,56753,481
2022-04-23,San Mateo,081,765935,125558,7185,132743,713
2022-04-23,Santa Barbara,083,443738,86756,4760,91516,691
2022-04-23,Santa Clara,085,1922200,322451,12660,335111,2315
2022-04-23,Santa Cruz,087,273765,49048,2130,51178,261
2022-04-23,Shasta,089,179085,30663,6102,36765,563
2022-04-23,Sierra,091,2930,274,49,323,4
2022-04-23,Siskiyou,093,43540,4443,2733,7176,83
2022-04-23,Solano,095,438530,82483,5632,88115,450
2022-04-23,Sonoma,097,501317,85183,2835,88018,492
2022-04-23,Stanislaus,099,539301,118089,17917,136006,1694
2022-04-23,Sutter,101,95872,20556,2091,22647,226
2022-04-23,Tehama,103,63373,12075,2572,14647,207
2022-04-23,Trinity,105,12862,1185,288,1473,20
2022-04-23,Tulare,107,460477,106594,27689,134283,1496
2022-04-23,Tuolumne,109,53932,12761,571,13332,183
2022-04-23,Ventura,111,848112,174490,9524,184014,1506
2022-04-23,Yolo,113,214977,37702,2948,40650,361
2022-04-23,Yuba,115,75493,15901,1204,17105,126
2022-04-22,Alameda,001,1643700,262057,14035,276092,1862
2022-04-22,Alpine,002,1148,124,1,125,0
2022-04-22,Amador,005,37829,8559,653,9212,86
2022-04-22,Butte,007,227075,33340,7095,40435,432
2022-04-22,Calaveras,009,45235,7310,353,7663,120
2022-04-22,Colusa,011,21464,3461,1049,4510,21
2022-04-22,Contra Costa,013,1133247,195300,13702,209002,1304
2022-04-22,Del Norte,015,27424,5848,186,6034,49
2022-04-22,El Dorado,017,186661,26919,3212,30131,215
2022-04-22,Fresno,019,978130,235906,24483,260389,2766
2022-04-22,Glenn,021,27897,5009,1611,6620,56
2022-04-22,Humboldt,023,135768,17157,3000,20157,147
2022-04-22,Imperial,025,180216,55546,10554,66100,945
2022-04-22,Inyo,027,18085,4085,491,4576,56
2022-04-22,Kern,029,883053,192319,45923,238242,2346
2022-04-22,Kings,031,150075,51620,3526,55146,449
2022-04-22,Lake,033,64148,10755,889,11644,140
2022-04-22,Lassen,035,31185,8965,876,9841,62
2022-04-22,Los Angeles,037,10098052,2737873,124308,2862181,31894
2022-04-22,Madera,039,155013,37356,6031,43387,371
2022-04-22,Marin,041,260295,25959,2591,28550,239
2022-04-22,Mariposa,043,17540,2431,204,2635,28
2022-04-22,Mendocino,045,87422,13205,3066,16271,126
2022-04-22,Merced,047,269075,63569,8987,72556,822
2022-04-22,Modoc,049,8938,741,251,992,8
2022-04-22,Mono,051,14174,2989,128,3117,6
2022-04-22,Monterey,053,433212,79900,13823,93723,732
2022-04-22,Napa,055,140530,26292,1003,27295,144
2022-04-22,Nevada,057,99092,16089,1218,17307,131
2022-04-22,Orange,059,3164182,552004,42267,594271,7123
2022-04-22,Placer,061,380077,63311,7404,70715,627
2022-04-22,Plumas,063,18699,2984,365,3349,13
2022-04-22,Riverside,065,2383286,594140,27988,622128,6461
2022-04-22,Sacramento,067,1510023,283060,27070,310130,3068
2022-04-22,San Benito,069,59416,13036,523,13559,95
2022-04-22,San Bernardino,071,2135413,577214,25072,602286,7825
2022-04-22,San Diego,073,3302833,757421,53162,810583,5354
2022-04-22,San Francisco,075,870044,129593,8493,138086,875
2022-04-22,San Joaquin,077,732212,167536,9988,177524,2251
2022-04-22,San Luis Obispo,079,281455,52944,3802,56746,481
2022-04-22,San Mateo,081,765935,125391,7174,132565,713
2022-04-22,Santa Barbara,083,443738,86710,4759,91469,691
2022-04-22,Santa Clara,085,1922200,322104,12646,334750,2315
2022-04-22,Santa Cruz,087,273765,49008,2129,51137,261
2022-04-22,Shasta,089,179085,30657,6101,36758,563
2022-04-22,Sierra,091,2930,274,48,322,4
2022-04-22,Siskiyou,093,43540,4443,2733,7176,83
2022-04-22,Solano,095,438530,82426,5629,88055,450
2022-04-22,Sonoma,097,501317,85118,2831,87949,492
2022-04-22,Stanislaus,099,539301,118067,17912,135979,1692
2022-04-22,Sutter,101,95872,20550,2091,22641,225
2022-04-22,Tehama,103,63373,12070,2571,14641,207
2022-04-22,Trinity,105,12862,1185,287,1472,20
2022-04-22,Tulare,107,460477,106584,27681,134265,1496
2022-04-22,Tuolumne,109,53932,12755,569,13324,183
2022-04-22,Ventura,111,848112,174415,9513,183928,1506
2022-04-22,Yolo,113,214977,37681,2946,40627,361
2022-04-22,Yuba,115,75493,15898,1203,17101,126
2022-04-21,Alameda,001,1643700,261695,13999,275694,1860
2022-04-21,Alpine,002,1148,124,1,125,0
2022-04-21,Amador,005,37829,8556,653,9209,86
2022-04-21,Butte,007,227075,33333,7087,40420,432
2022-04-21,Calaveras,009,45235,7307,353,7660,120
2022-04-21,Colusa,011,21464,3460,1049,4509,21
2022-04-21,Contra Costa,013,1133247,195104,13681,208785,1304
2022-04-21,Del Norte,015,27424,5847,186,6033,49
2022-04-21,El Dorado,017,186661,26903,3211,30114,215
2022-04-21,Fresno,019,978130,235863,24474,260337,2766
2022-04-21,Glenn,021,27897,5009,1610,6619,56
2022-04-21,Humboldt,023,135768,17134,2992,20126,147
2022-04-21,Imperial,025,180216,55537,10554,66091,945
2022-04-21,Inyo,027,18085,4085,491,4576,56
2022-04-21,Kern,029,883053,192286,45908,238194,2346
2022-04-21,Kings,031,150075,51612,3526,55138,449
2022-04-21,Lake,033,64148,10752,889,11641,140
2022-04-21,Lassen,035,31185,8965,876,9841,62
2022-04-21,Los Angeles,037,10098052,2736226,124195,2860421,31890
2022-04-21,Madera,039,155013,37353,6030,43383,371
2022-04-21,Marin,041,260295,25911,2581,28492,239
2022-04-21,Mariposa,043,17540,2430,204,2634,28
2022-04-21,Mendocino,045,87422,13198,3063,16261,125
2022-04-21,Merced,047,269075,63551,8984,72535,822
2022-04-21,Modoc,049,8938,741,251,992,8
2022-04-21,Mono,051,14174,2988,127,3115,6
2022-04-21,Monterey,053,433212,79873,13809,93682,731
2022-04-21,Napa,055,140530,26261,1002,27263,144
2022-04-21,Nevada,057,99092,16085,1218,17303,131
2022-04-21,Orange,059,3164182,551749,42230,593979,7121
2022-04-21,Placer,061,380077,63272,7400,70672,627
2022-04-21,Plumas,063,18699,2984,365,3349,13
2022-04-21,Riverside,065,2383286,593979,27970,621949,6461
2022-04-21,Sacramento,067,1510023,282911,27049,309960,3067
2022-04-21,San Benito,069,59416,13030,523,13553,95
2022-04-21,San Bernardino,071,2135413,577022,25060,602082,7825
2022-04-21,San Diego,073,3302833,756995,53118,810113,5354
2022-04-21,San Francisco,075,870044,129372,8466,137838,875
2022-04-21,San Joaquin,077,732212,167483,9983,177466,2251
2022-04-21,San Luis Obispo,079,281455,52924,3795,56719,481
2022-04-21,San Mateo,081,765935,125185,7157,132342,713
2022-04-21,Santa Barbara,083,443738,86651,4756,91407,691
2022-04-21,Santa Clara,085,1922200,321654,12624,334278,2315
2022-04-21,Santa Cruz,087,273765,48962,2127,51089,261
2022-04-21,Shasta,089,179085,30649,6101,36750,563
2022-04-21,Sierra,091,2930,274,48,322,4
2022-04-21,Siskiyou,093,43540,4443,2733,7176,83
2022-04-21,Solano,095,438530,82362,5623,87985,450
2022-04-21,Sonoma,097,501317,85003,2811,87814,492
2022-04-21,Stanislaus,099,539301,118028,17904,135932,1691
2022-04-21,Sutter,101,95872,20541,2089,22630,225
2022-04-21,Tehama,103,63373,12070,2571,14641,207
2022-04-21,Trinity,105,12862,1185,287,1472,20
2022-04-21,Tulare,107,460477,106576,27677,134253,1496
2022-04-21,Tuolumne,109,53932,12750,569,13319,183
2022-04-21,Ventura,111,848112,174333,9507,183840,1506
2022-04-21,Yolo,113,214977,37651,2946,40597,361
2022-04-21,Yuba,115,75493,15896,1203,17099,126
2022-04-20,Alameda,001,1643700,261329,13973,275302,1860
2022-04-20,Alpine,002,1148,124,1,125,0
2022-04-20,Amador,005,37829,8554,653,9207,86
2022-04-20,Butte,007,227075,33317,7080,40397,431
2022-04-20,Calaveras,009,45235,7301,352,7653,120
2022-04-20,Colusa,011,21464,3460,1049,4509,21
2022-04-20,Contra Costa,013,1133247,194869,13656,208525,1304
2022-04-20,Del Norte,015,27424,5841,186,6027,49
2022-04-20,El Dorado,017,186661,26888,3207,30095,215
2022-04-20,Fresno,019,978130,235813,24473,260286,2766
2022-04-20,Glenn,021,27897,5008,1607,6615,56
2022-04-20,Humboldt,023,135768,17112,2988,20100,147
2022-04-20,Imperial,025,180216,55529,10551,66080,945
2022-04-20,Inyo,027,18085,4085,490,4575,56
2022-04-20,Kern,029,883053,192251,45892,238143,2345
2022-04-20,Kings,031,150075,51603,3524,55127,449
2022-04-20,Lake,033,64148,10752,889,11641,140
2022-04-20,Lassen,035,31185,8965,876,9841,62
2022-04-20,Los Angeles,037,10098052,2734488,124076,2858564,31889
2022-04-20,Madera,039,155013,37350,6027,43377,371
2022-04-20,Marin,041,260295,25870,2558,28428,239
2022-04-20,Mariposa,043,17540,2428,204,2632,28
2022-04-20,Mendocino,045,87422,13192,3055,16247,125
2022-04-20,Merced,047,269075,63541,8972,72513,822
2022-04-20,Modoc,049,8938,741,251,992,8
2022-04-20,Mono,051,14174,2988,127,3115,6
2022-04-20,Monterey,053,433212,79828,13790,93618,731
2022-04-20,Napa,055,140530,26225,998,27223,144
2022-04-20,Nevada,057,99092,16075,1215,17290,131
2022-04-20,Orange,059,3164182,551420,42184,593604,7120
2022-04-20,Placer,061,380077,63244,7394,70638,627
2022-04-20,Plumas,063,18699,2984,365,3349,13
2022-04-20,Riverside,065,2383286,593787,27948,621735,6461
2022-04-20,Sacramento,067,1510023,282763,27030,309793,3066
2022-04-20,San Benito,069,59416,13024,520,13544,95
2022-04-20,San Bernardino,071,2135413,576815,25043,601858,7823
2022-04-20,San Diego,073,3302833,756554,53057,809611,5354
2022-04-20,San Francisco,075,870044,129063,8448,137511,874
2022-04-20,San Joaquin,077,732212,167415,9976,177391,2251
2022-04-20,San Luis Obispo,079,281455,52897,3788,56685,481
2022-04-20,San Mateo,081,765935,124966,7126,132092,712
2022-04-20,Santa Barbara,083,443738,86615,4750,91365,691
2022-04-20,Santa Clara,085,1922200,321243,12586,333829,2314
2022-04-20,Santa Cruz,087,273765,48898,2123,51021,261
2022-04-20,Shasta,089,179085,30646,6100,36746,563
2022-04-20,Sierra,091,2930,274,48,322,4
2022-04-20,Siskiyou,093,43540,4442,2732,7174,83
2022-04-20,Solano,095,438530,82291,5620,87911,450
2022-04-20,Sonoma,097,501317,84916,2787,87703,492
2022-04-20,Stanislaus,099,539301,117991,17893,135884,1691
2022-04-20,Sutter,101,95872,20534,2089,22623,225
2022-04-20,Tehama,103,63373,12068,2571,14639,207
2022-04-20,Trinity,105,12862,1185,287,1472,20
2022-04-20,Tulare,107,460477,106568,27666,134234,1496
2022-04-20,Tuolumne,109,53932,12745,568,13313,183
2022-04-20,Ventura,111,848112,174245,9498,183743,1506
2022-04-20,Yolo,113,214977,37601,2943,40544,361
2022-04-20,Yuba,115,75493,15892,1201,17093,126
2022-04-19,Alameda,001,1643700,260966,13944,274910,1860
2022-04-19,Alpine,002,1148,124,1,125,0
2022-04-19,Amador,005,37829,8550,650,9200,86
2022-04-19,Butte,007,227075,33310,7076,40386,431
2022-04-19,Calaveras,009,45235,7298,352,7650,120
2022-04-19,Colusa,011,21464,3460,1049,4509,21
2022-04-19,Contra Costa,013,1133247,194623,13638,208261,1303
2022-04-19,Del Norte,015,27424,5839,184,6023,49
2022-04-19,El Dorado,017,186661,26874,3204,30078,215
2022-04-19,Fresno,019,978130,235757,24463,260220,2766
2022-04-19,Glenn,021,27897,5007,1607,6614,56
2022-04-19,Humboldt,023,135768,17075,2977,20052,147
2022-04-19,Imperial,025,180216,55522,10548,66070,945
2022-04-19,Inyo,027,18085,4082,490,4572,56
2022-04-19,Kern,029,883053,192215,45882,238097,2345
2022-04-19,Kings,031,150075,51589,3523,55112,449
2022-04-19,Lake,033,64148,10748,888,11636,140
2022-04-19,Lassen,035,31185,8965,876,9841,62
2022-04-19,Los Angeles,037,10098052,2732695,123949,2856644,31882
2022-04-19,Madera,039,155013,37347,6026,43373,371
2022-04-19,Marin,041,260295,25819,2542,28361,239
2022-04-19,Mariposa,043,17540,2428,203,2631,28
2022-04-19,Mendocino,045,87422,13184,3044,16228,125
2022-04-19,Merced,047,269075,63523,8969,72492,822
2022-04-19,Modoc,049,8938,741,251,992,8
2022-04-19,Mono,051,14174,2988,127,3115,6
2022-04-19,Monterey,053,433212,79809,13777,93586,731
2022-04-19,Napa,055,140530,26200,989,27189,144
2022-04-19,Nevada,057,99092,16069,1213,17282,131
2022-04-19,Orange,059,3164182,551139,42140,593279,7118
2022-04-19,Placer,061,380077,63211,7389,70600,627
2022-04-19,Plumas,063,18699,2984,365,3349,13
2022-04-19,Riverside,065,2383286,593605,27936,621541,6460
2022-04-19,Sacramento,067,1510023,282588,27006,309594,3066
2022-04-19,San Benito,069,59416,13018,519,13537,95
2022-04-19,San Bernardino,071,2135413,576601,25021,601622,7820
2022-04-19,San Diego,073,3302833,756089,52992,809081,5354
2022-04-19,San Francisco,075,870044,128728,8431,137159,874
2022-04-19,San Joaquin,077,732212,167365,9972,177337,2251
2022-04-19,San Luis Obispo,079,281455,52861,3782,56643,481
2022-04-19,San Mateo,081,765935,124730,7106,131836,712
2022-04-19,Santa Barbara,083,443738,86561,4742,91303,691
2022-04-19,Santa Clara,085,1922200,320823,12558,333381,2313
2022-04-19,Santa Cruz,087,273765,48843,2121,50964,261
2022-04-19,Shasta,089,179085,30634,6099,36733,563
2022-04-19,Sierra,091,2930,274,48,322,4
2022-04-19,Siskiyou,093,43540,4441,2730,7171,83
2022-04-19,Solano,095,438530,82207,5613,87820,450
2022-04-19,Sonoma,097,501317,84814,2758,87572,492
2022-04-19,Stanislaus,099,539301,117965,17888,135853,1691
2022-04-19,Sutter,101,95872,20534,2089,22623,225
2022-04-19,Tehama,103,63373,12067,2571,14638,207
2022-04-19,Trinity,105,12862,1184,287,1471,20
2022-04-19,Tulare,107,460477,106553,27660,134213,1496
2022-04-19,Tuolumne,109,53932,12743,568,13311,183
2022-04-19,Ventura,111,848112,174152,9485,183637,1506
2022-04-19,Yolo,113,214977,37556,2941,40497,361
2022-04-19,Yuba,115,75493,15885,1201,17086,126
2022-04-18,Alameda,001,1643700,260578,13923,274501,1860
2022-04-18,Alpine,002,1148,124,1,125,0
2022-04-18,Amador,005,37829,8549,649,9198,86
2022-04-18,Butte,007,227075,33306,7071,40377,431
2022-04-18,Calaveras,009,45235,7294,351,7645,120
2022-04-18,Colusa,011,21464,3459,1049,4508,21
2022-04-18,Contra Costa,013,1133247,194389,13614,208003,1303
2022-04-18,Del Norte,015,27424,5834,184,6018,49
2022-04-18,El Dorado,017,186661,26857,3202,30059,215
2022-04-18,Fresno,019,978130,235714,24452,260166,2765
2022-04-18,Glenn,021,27897,5007,1606,6613,56
2022-04-18,Humboldt,023,135768,17046,2974,20020,147
2022-04-18,Imperial,025,180216,55510,10546,66056,945
2022-04-18,Inyo,027,18085,4082,490,4572,56
2022-04-18,Kern,029,883053,192170,45870,238040,2345
2022-04-18,Kings,031,150075,51584,3523,55107,449
2022-04-18,Lake,033,64148,10744,887,11631,140
2022-04-18,Lassen,035,31185,8965,876,9841,62
2022-04-18,Los Angeles,037,10098052,2730869,123835,2854704,31878
2022-04-18,Madera,039,155013,37339,6025,43364,371
2022-04-18,Marin,041,260295,25756,2519,28275,239
2022-04-18,Mariposa,043,17540,2426,203,2629,28
2022-04-18,Mendocino,045,87422,13167,3039,16206,125
2022-04-18,Merced,047,269075,63511,8963,72474,822
2022-04-18,Modoc,049,8938,740,251,991,8
2022-04-18,Mono,051,14174,2987,127,3114,6
2022-04-18,Monterey,053,433212,79734,13761,93495,731
2022-04-18,Napa,055,140530,26164,988,27152,144
2022-04-18,Nevada,057,99092,16059,1211,17270,131
2022-04-18,Orange,059,3164182,550849,42103,592952,7118
2022-04-18,Placer,061,380077,63177,7387,70564,627
2022-04-18,Plumas,063,18699,2984,365,3349,13
2022-04-18,Riverside,065,2383286,593395,27916,621311,6460
2022-04-18,Sacramento,067,1510023,282432,26994,309426,3066
2022-04-18,San Benito,069,59416,13012,519,13531,95
2022-04-18,San Bernardino,071,2135413,576390,25003,601393,7820
2022-04-18,San Diego,073,3302833,755619,52933,808552,5351
2022-04-18,San Francisco,075,870044,128410,8419,136829,874
2022-04-18,San Joaquin,077,732212,167305,9965,177270,2251
2022-04-18,San Luis Obispo,079,281455,52832,3777,56609,481
2022-04-18,San Mateo,081,765935,124497,7087,131584,712
2022-04-18,Santa Barbara,083,443738,86491,4737,91228,691
2022-04-18,Santa Clara,085,1922200,320377,12534,332911,2313
2022-04-18,Santa Cruz,087,273765,48738,2119,50857,260
2022-04-18,Shasta,089,179085,30628,6096,36724,563
2022-04-18,Sierra,091,2930,274,48,322,4
2022-04-18,Siskiyou,093,43540,4440,2729,7169,83
2022-04-18,Solano,095,438530,82142,5607,87749,450
2022-04-18,Sonoma,097,501317,84715,2743,87458,492
2022-04-18,Stanislaus,099,539301,117936,17885,135821,1691
2022-04-18,Sutter,101,95872,20532,2087,22619,225
2022-04-18,Tehama,103,63373,12063,2571,14634,207
2022-04-18,Trinity,105,12862,1184,287,1471,20
2022-04-18,Tulare,107,460477,106532,27652,134184,1496
2022-04-18,Tuolumne,109,53932,12736,567,13303,183
2022-04-18,Ventura,111,848112,174061,9475,183536,1505
2022-04-18,Yolo,113,214977,37498,2941,40439,361
2022-04-18,Yuba,115,75493,15876,1200,17076,126
2022-04-17,Alameda,001,1643700,260182,13899,274081,1858
2022-04-17,Alpine,002,1148,124,1,125,0
2022-04-17,Amador,005,37829,8544,647,9191,86
2022-04-17,Butte,007,227075,33303,7068,40371,431
2022-04-17,Calaveras,009,45235,7291,350,7641,120
2022-04-17,Colusa,011,21464,3458,1049,4507,21
2022-04-17,Contra Costa,013,1133247,194159,13578,207737,1303
2022-04-17,Del Norte,015,27424,5829,184,6013,49
2022-04-17,El Dorado,017,186661,26847,3200,30047,215
2022-04-17,Fresno,019,978130,235636,24447,260083,2764
2022-04-17,Glenn,021,27897,5007,1606,6613,56
2022-04-17,Humboldt,023,135768,17011,2968,19979,146
2022-04-17,Imperial,025,180216,55501,10545,66046,945
2022-04-17,Inyo,027,18085,4080,490,4570,56
2022-04-17,Kern,029,883053,192135,45855,237990,2345
2022-04-17,Kings,031,150075,51573,3521,55094,449
2022-04-17,Lake,033,64148,10743,887,11630,139
2022-04-17,Lassen,035,31185,8965,876,9841,62
2022-04-17,Los Angeles,037,10098052,2728886,123716,2852602,31877
2022-04-17,Madera,039,155013,37333,6025,43358,371
2022-04-17,Marin,041,260295,25689,2489,28178,239
2022-04-17,Mariposa,043,17540,2418,203,2621,28
2022-04-17,Mendocino,045,87422,13152,3035,16187,125
2022-04-17,Merced,047,269075,63491,8957,72448,821
2022-04-17,Modoc,049,8938,740,251,991,8
2022-04-17,Mono,051,14174,2986,127,3113,6
2022-04-17,Monterey,053,433212,79701,13741,93442,730
2022-04-17,Napa,055,140530,26119,982,27101,144
2022-04-17,Nevada,057,99092,16043,1206,17249,131
2022-04-17,Orange,059,3164182,550484,42052,592536,7116
2022-04-17,Placer,061,380077,63138,7380,70518,627
2022-04-17,Plumas,063,18699,2984,365,3349,13
2022-04-17,Riverside,065,2383286,593172,27897,621069,6459
2022-04-17,Sacramento,067,1510023,282269,26969,309238,3065
2022-04-17,San Benito,069,59416,13009,518,13527,95
2022-04-17,San Bernardino,071,2135413,576152,24990,601142,7820
2022-04-17,San Diego,073,3302833,755133,52865,807998,5350
2022-04-17,San Francisco,075,870044,128091,8403,136494,874
2022-04-17,San Joaquin,077,732212,167255,9959,177214,2251
2022-04-17,San Luis Obispo,079,281455,52763,3772,56535,481
2022-04-17,San Mateo,081,765935,124256,7073,131329,712
2022-04-17,Santa Barbara,083,443738,86432,4730,91162,691
2022-04-17,Santa Clara,085,1922200,319885,12508,332393,2313
2022-04-17,Santa Cruz,087,273765,48616,2117,50733,260
2022-04-17,Shasta,089,179085,30618,6092,36710,563
2022-04-17,Sierra,091,2930,274,48,322,4
2022-04-17,Siskiyou,093,43540,4435,2728,7163,83
2022-04-17,Solano,095,438530,82075,5601,87676,450
2022-04-17,Sonoma,097,501317,84603,2736,87339,492
2022-04-17,Stanislaus,099,539301,117906,17878,135784,1691
2022-04-17,Sutter,101,95872,20527,2086,22613,225
2022-04-17,Tehama,103,63373,12062,2571,14633,207
2022-04-17,Trinity,105,12862,1183,287,1470,20
2022-04-17,Tulare,107,460477,106518,27644,134162,1496
2022-04-17,Tuolumne,109,53932,12730,567,13297,183
2022-04-17,Ventura,111,848112,173964,9456,183420,1503
2022-04-17,Yolo,113,214977,37449,2939,40388,361
2022-04-17,Yuba,115,75493,15870,1200,17070,126
2022-04-16,Alameda,001,1643700,260029,13889,273918,1857
2022-04-16,Alpine,002,1148,124,1,125,0
2022-04-16,Amador,005,37829,8542,647,9189,86
2022-04-16,Butte,007,227075,33299,7066,40365,430
2022-04-16,Calaveras,009,45235,7289,350,7639,120
2022-04-16,Colusa,011,21464,3458,1049,4507,21
2022-04-16,Contra Costa,013,1133247,194068,13572,207640,1303
2022-04-16,Del Norte,015,27424,5829,184,6013,49
2022-04-16,El Dorado,017,186661,26836,3200,30036,215
2022-04-16,Fresno,019,978130,235608,24446,260054,2763
2022-04-16,Glenn,021,27897,5007,1606,6613,56
2022-04-16,Humboldt,023,135768,17003,2963,19966,146
2022-04-16,Imperial,025,180216,55495,10544,66039,945
2022-04-16,Inyo,027,18085,4080,490,4570,56
2022-04-16,Kern,029,883053,192124,45843,237967,2345
2022-04-16,Kings,031,150075,51570,3521,55091,449
2022-04-16,Lake,033,64148,10741,887,11628,139
2022-04-16,Lassen,035,31185,8965,876,9841,62
2022-04-16,Los Angeles,037,10098052,2728169,123666,2851835,31873
2022-04-16,Madera,039,155013,37331,6025,43356,371
2022-04-16,Marin,041,260295,25651,2463,28114,239
2022-04-16,Mariposa,043,17540,2417,203,2620,28
2022-04-16,Mendocino,045,87422,13146,3035,16181,125
2022-04-16,Merced,047,269075,63488,8956,72444,820
2022-04-16,Modoc,049,8938,740,251,991,8
2022-04-16,Mono,051,14174,2986,127,3113,6
2022-04-16,Monterey,053,433212,79686,13732,93418,730
2022-04-16,Napa,055,140530,26096,980,27076,144
2022-04-16,Nevada,057,99092,16040,1203,17243,131
2022-04-16,Orange,059,3164182,550368,42021,592389,7115
2022-04-16,Placer,061,380077,63121,7378,70499,627
2022-04-16,Plumas,063,18699,2982,365,3347,13
2022-04-16,Riverside,065,2383286,593092,27890,620982,6458
2022-04-16,Sacramento,067,1510023,282217,26966,309183,3063
2022-04-16,San Benito,069,59416,13008,518,13526,95
2022-04-16,San Bernardino,071,2135413,576052,24986,601038,7818
2022-04-16,San Diego,073,3302833,754985,52851,807836,5350
2022-04-16,San Francisco,075,870044,127934,8394,136328,874
2022-04-16,San Joaquin,077,732212,167214,9956,177170,2250
2022-04-16,San Luis Obispo,079,281455,52757,3771,56528,481
2022-04-16,San Mateo,081,765935,124150,7070,131220,712
2022-04-16,Santa Barbara,083,443738,86402,4730,91132,691
2022-04-16,Santa Clara,085,1922200,319644,12500,332144,2313
2022-04-16,Santa Cruz,087,273765,48588,2117,50705,260
2022-04-16,Shasta,089,179085,30614,6092,36706,562
2022-04-16,Sierra,091,2930,274,48,322,4
2022-04-16,Siskiyou,093,43540,4435,2728,7163,83
2022-04-16,Solano,095,438530,82060,5599,87659,450
2022-04-16,Sonoma,097,501317,84554,2727,87281,492
2022-04-16,Stanislaus,099,539301,117886,17873,135759,1691
2022-04-16,Sutter,101,95872,20523,2086,22609,225
2022-04-16,Tehama,103,63373,12061,2571,14632,207
2022-04-16,Trinity,105,12862,1183,287,1470,20
2022-04-16,Tulare,107,460477,106508,27642,134150,1496
2022-04-16,Tuolumne,109,53932,12729,567,13296,183
2022-04-16,Ventura,111,848112,173936,9452,183388,1503
2022-04-16,Yolo,113,214977,37441,2938,40379,361
2022-04-16,Yuba,115,75493,15866,1200,17066,126
2022-04-15,Alameda,001,1643700,259848,13881,273729,1857
2022-04-15,Alpine,002,1148,124,1,125,0
2022-04-15,Amador,005,37829,8541,645,9186,86
2022-04-15,Butte,007,227075,33297,7064,40361,430
2022-04-15,Calaveras,009,45235,7287,350,7637,119
2022-04-15,Colusa,011,21464,3458,1049,4507,21
2022-04-15,Contra Costa,013,1133247,193950,13565,207515,1303
2022-04-15,Del Norte,015,27424,5828,184,6012,49
2022-04-15,El Dorado,017,186661,26821,3199,30020,215
2022-04-15,Fresno,019,978130,235579,24445,260024,2763
2022-04-15,Glenn,021,27897,5006,1606,6612,56
2022-04-15,Humboldt,023,135768,16991,2962,19953,146
2022-04-15,Imperial,025,180216,55493,10544,66037,945
2022-04-15,Inyo,027,18085,4080,489,4569,56
2022-04-15,Kern,029,883053,192109,45833,237942,2344
2022-04-15,Kings,031,150075,51566,3521,55087,449
2022-04-15,Lake,033,64148,10736,887,11623,139
2022-04-15,Lassen,035,31185,8965,876,9841,62
2022-04-15,Los Angeles,037,10098052,2727391,123599,2850990,31867
2022-04-15,Madera,039,155013,37329,6025,43354,371
2022-04-15,Marin,041,260295,25617,2442,28059,239
2022-04-15,Mariposa,043,17540,2416,203,2619,28
2022-04-15,Mendocino,045,87422,13140,3033,16173,125
2022-04-15,Merced,047,269075,63484,8956,72440,820
2022-04-15,Modoc,049,8938,740,251,991,8
2022-04-15,Mono,051,14174,2981,126,3107,6
2022-04-15,Monterey,053,433212,79659,13726,93385,730
2022-04-15,Napa,055,140530,26079,979,27058,144
2022-04-15,Nevada,057,99092,16038,1202,17240,131
2022-04-15,Orange,059,3164182,550247,41989,592236,7114
2022-04-15,Placer,061,380077,63106,7377,70483,627
2022-04-15,Plumas,063,18699,2982,365,3347,13
2022-04-15,Riverside,065,2383286,592991,27884,620875,6458
2022-04-15,Sacramento,067,1510023,282138,26962,309100,3061
2022-04-15,San Benito,069,59416,13006,517,13523,95
2022-04-15,San Bernardino,071,2135413,575971,24983,600954,7817
2022-04-15,San Diego,073,3302833,754792,52832,807624,5350
2022-04-15,San Francisco,075,870044,127785,8378,136163,874
2022-04-15,San Joaquin,077,732212,167191,9954,177145,2250
2022-04-15,San Luis Obispo,079,281455,52749,3771,56520,481
2022-04-15,San Mateo,081,765935,124014,7063,131077,712
2022-04-15,Santa Barbara,083,443738,86369,4729,91098,691
2022-04-15,Santa Clara,085,1922200,319352,12491,331843,2313
2022-04-15,Santa Cruz,087,273765,48560,2116,50676,260
2022-04-15,Shasta,089,179085,30605,6092,36697,562
2022-04-15,Sierra,091,2930,274,48,322,4
2022-04-15,Siskiyou,093,43540,4433,2728,7161,83
2022-04-15,Solano,095,438530,82035,5599,87634,450
2022-04-15,Sonoma,097,501317,84501,2711,87212,491
2022-04-15,Stanislaus,099,539301,117866,17871,135737,1691
2022-04-15,Sutter,101,95872,20520,2086,22606,225
2022-04-15,Tehama,103,63373,12061,2571,14632,207
2022-04-15,Trinity,105,12862,1183,287,1470,20
2022-04-15,Tulare,107,460477,106502,27635,134137,1496
2022-04-15,Tuolumne,109,53932,12726,564,13290,183
2022-04-15,Ventura,111,848112,173907,9446,183353,1503
2022-04-15,Yolo,113,214977,37424,2938,40362,360
2022-04-15,Yuba,115,75493,15863,1200,17063,126
2022-04-14,Alameda,001,1643700,259585,13870,273455,1857
2022-04-14,Alpine,002,1148,124,1,125,0
2022-04-14,Amador,005,37829,8541,645,9186,86
2022-04-14,Butte,007,227075,33292,7061,40353,430
2022-04-14,Calaveras,009,45235,7286,350,7636,119
2022-04-14,Colusa,011,21464,3458,1049,4507,21
2022-04-14,Contra Costa,013,1133247,193794,13553,207347,1302
2022-04-14,Del Norte,015,27424,5827,184,6011,49
2022-04-14,El Dorado,017,186661,26818,3197,30015,215
2022-04-14,Fresno,019,978130,235552,24444,259996,2762
2022-04-14,Glenn,021,27897,5006,1604,6610,56
2022-04-14,Humboldt,023,135768,16976,2961,19937,146
2022-04-14,Imperial,025,180216,55483,10544,66027,945
2022-04-14,Inyo,027,18085,4080,488,4568,56
2022-04-14,Kern,029,883053,192090,45825,237915,2344
2022-04-14,Kings,031,150075,51558,3521,55079,448
2022-04-14,Lake,033,64148,10735,887,11622,139
2022-04-14,Lassen,035,31185,8965,875,9840,62
2022-04-14,Los Angeles,037,10098052,2726305,123510,2849815,31859
2022-04-14,Madera,039,155013,37327,6025,43352,371
2022-04-14,Marin,041,260295,25577,2421,27998,239
2022-04-14,Mariposa,043,17540,2415,203,2618,28
2022-04-14,Mendocino,045,87422,13135,3033,16168,124
2022-04-14,Merced,047,269075,63480,8955,72435,820
2022-04-14,Modoc,049,8938,739,251,990,8
2022-04-14,Mono,051,14174,2981,125,3106,6
2022-04-14,Monterey,053,433212,79634,13721,93355,730
2022-04-14,Napa,055,140530,26057,978,27035,144
2022-04-14,Nevada,057,99092,16031,1201,17232,131
2022-04-14,Orange,059,3164182,550054,41960,592014,7113
2022-04-14,Placer,061,380077,63088,7372,70460,627
2022-04-14,Plumas,063,18699,2982,365,3347,13
2022-04-14,Riverside,065,2383286,592870,27874,620744,6456
2022-04-14,Sacramento,067,1510023,282018,26948,308966,3059
2022-04-14,San Benito,069,59416,13000,517,13517,95
2022-04-14,San Bernardino,071,2135413,575800,24978,600778,7817
2022-04-14,San Diego,073,3302833,754515,52794,807309,5348
2022-04-14,San Francisco,075,870044,127581,8365,135946,874
2022-04-14,San Joaquin,077,732212,167159,9953,177112,2250
2022-04-14,San Luis Obispo,079,281455,52733,3767,56500,480
2022-04-14,San Mateo,081,765935,123852,7051,130903,712
2022-04-14,Santa Barbara,083,443738,86324,4727,91051,691
2022-04-14,Santa Clara,085,1922200,319049,12482,331531,2312
2022-04-14,Santa Cruz,087,273765,48530,2115,50645,260
2022-04-14,Shasta,089,179085,30603,6091,36694,562
2022-04-14,Sierra,091,2930,274,48,322,4
2022-04-14,Siskiyou,093,43540,4433,2727,7160,83
2022-04-14,Solano,095,438530,81995,5593,87588,450
2022-04-14,Sonoma,097,501317,84411,2706,87117,491
2022-04-14,Stanislaus,099,539301,117847,17868,135715,1691
2022-04-14,Sutter,101,95872,20518,2077,22595,225
2022-04-14,Tehama,103,63373,12060,2570,14630,207
2022-04-14,Trinity,105,12862,1183,287,1470,20
2022-04-14,Tulare,107,460477,106488,27631,134119,1496
2022-04-14,Tuolumne,109,53932,12721,563,13284,183
2022-04-14,Ventura,111,848112,173858,9440,183298,1502
2022-04-14,Yolo,113,214977,37397,2935,40332,360
2022-04-14,Yuba,115,75493,15860,1200,17060,126
2022-04-13,Alameda,001,1643700,259334,13850,273184,1856
2022-04-13,Alpine,002,1148,124,1,125,0
2022-04-13,Amador,005,37829,8539,645,9184,86
2022-04-13,Butte,007,227075,33284,7061,40345,430
2022-04-13,Calaveras,009,45235,7285,350,7635,119
2022-04-13,Colusa,011,21464,3458,1049,4507,21
2022-04-13,Contra Costa,013,1133247,193660,13539,207199,1302
2022-04-13,Del Norte,015,27424,5825,184,6009,49
2022-04-13,El Dorado,017,186661,26814,3197,30011,215
2022-04-13,Fresno,019,978130,235519,24432,259951,2762
2022-04-13,Glenn,021,27897,5004,1604,6608,56
2022-04-13,Humboldt,023,135768,16962,2960,19922,146
2022-04-13,Imperial,025,180216,55470,10541,66011,945
2022-04-13,Inyo,027,18085,4080,485,4565,56
2022-04-13,Kern,029,883053,192065,45819,237884,2344
2022-04-13,Kings,031,150075,51552,3521,55073,448
2022-04-13,Lake,033,64148,10733,887,11620,139
2022-04-13,Lassen,035,31185,8964,875,9839,62
2022-04-13,Los Angeles,037,10098052,2725044,123436,2848480,31851
2022-04-13,Madera,039,155013,37324,6025,43349,371
2022-04-13,Marin,041,260295,25538,2392,27930,239
2022-04-13,Mariposa,043,17540,2409,203,2612,28
2022-04-13,Mendocino,045,87422,13126,3031,16157,124
2022-04-13,Merced,047,269075,63470,8954,72424,820
2022-04-13,Modoc,049,8938,739,251,990,8
2022-04-13,Mono,051,14174,2979,125,3104,6
2022-04-13,Monterey,053,433212,79621,13715,93336,730
2022-04-13,Napa,055,140530,26040,975,27015,144
2022-04-13,Nevada,057,99092,16025,1201,17226,131
2022-04-13,Orange,059,3164182,549857,41935,591792,7112
2022-04-13,Placer,061,380077,63061,7369,70430,627
2022-04-13,Plumas,063,18699,2981,365,3346,13
2022-04-13,Riverside,065,2383286,592731,27867,620598,6455
2022-04-13,Sacramento,067,1510023,281930,26945,308875,3058
2022-04-13,San Benito,069,59416,12994,517,13511,95
2022-04-13,San Bernardino,071,2135413,575655,24973,600628,7816
2022-04-13,San Diego,073,3302833,754231,52762,806993,5346
2022-04-13,San Francisco,075,870044,127413,8345,135758,874
2022-04-13,San Joaquin,077,732212,167124,9951,177075,2250
2022-04-13,San Luis Obispo,079,281455,52709,3767,56476,479
2022-04-13,San Mateo,081,765935,123697,7030,130727,712
2022-04-13,Santa Barbara,083,443738,86286,4722,91008,691
2022-04-13,Santa Clara,085,1922200,318777,12465,331242,2312
2022-04-13,Santa Cruz,087,273765,48475,2114,50589,260
2022-04-13,Shasta,089,179085,30601,6091,36692,562
2022-04-13,Sierra,091,2930,274,48,322,4
2022-04-13,Siskiyou,093,43540,4432,2726,7158,83
2022-04-13,Solano,095,438530,81956,5590,87546,449
2022-04-13,Sonoma,097,501317,84340,2692,87032,491
2022-04-13,Stanislaus,099,539301,117829,17863,135692,1691
2022-04-13,Sutter,101,95872,20514,2077,22591,225
2022-04-13,Tehama,103,63373,12059,2569,14628,207
2022-04-13,Trinity,105,12862,1183,287,1470,20
2022-04-13,Tulare,107,460477,106480,27626,134106,1496
2022-04-13,Tuolumne,109,53932,12715,563,13278,183
2022-04-13,Ventura,111,848112,173801,9434,183235,1502
2022-04-13,Yolo,113,214977,37358,2933,40291,360
2022-04-13,Yuba,115,75493,15857,1200,17057,126
2022-04-12,Alameda,001,1643700,259089,13839,272928,1856
2022-04-12,Alpine,002,1148,124,1,125,0
2022-04-12,Amador,005,37829,8538,645,9183,86
2022-04-12,Butte,007,227075,33272,7055,40327,429
2022-04-12,Calaveras,009,45235,7281,349,7630,119
2022-04-12,Colusa,011,21464,3458,1049,4507,21
2022-04-12,Contra Costa,013,1133247,193505,13525,207030,1302
2022-04-12,Del Norte,015,27424,5822,184,6006,49
2022-04-12,El Dorado,017,186661,26803,3197,30000,215
2022-04-12,Fresno,019,978130,235489,24425,259914,2761
2022-04-12,Glenn,021,27897,5004,1604,6608,56
2022-04-12,Humboldt,023,135768,16954,2958,19912,146
2022-04-12,Imperial,025,180216,55466,10532,65998,945
2022-04-12,Inyo,027,18085,4080,485,4565,56
2022-04-12,Kern,029,883053,192045,45809,237854,2344
2022-04-12,Kings,031,150075,51544,3519,55063,448
2022-04-12,Lake,033,64148,10729,886,11615,139
2022-04-12,Lassen,035,31185,8964,875,9839,62
2022-04-12,Los Angeles,037,10098052,2723803,123334,2847137,31847
2022-04-12,Madera,039,155013,37323,6025,43348,371
2022-04-12,Marin,041,260295,25492,2366,27858,239
2022-04-12,Mariposa,043,17540,2409,203,2612,28
2022-04-12,Mendocino,045,87422,13118,3025,16143,124
2022-04-12,Merced,047,269075,63456,8952,72408,820
2022-04-12,Modoc,049,8938,739,250,989,8
2022-04-12,Mono,051,14174,2979,125,3104,6
2022-04-12,Monterey,053,433212,79597,13708,93305,730
2022-04-12,Napa,055,140530,26017,965,26982,144
2022-04-12,Nevada,057,99092,16022,1200,17222,131
2022-04-12,Orange,059,3164182,549606,41898,591504,7112
2022-04-12,Placer,061,380077,63038,7363,70401,627
2022-04-12,Plumas,063,18699,2980,365,3345,13
2022-04-12,Riverside,065,2383286,592586,27847,620433,6454
2022-04-12,Sacramento,067,1510023,281815,26940,308755,3058
2022-04-12,San Benito,069,59416,12989,516,13505,95
2022-04-12,San Bernardino,071,2135413,575482,24970,600452,7816
2022-04-12,San Diego,073,3302833,753899,52720,806619,5343
2022-04-12,San Francisco,075,870044,127200,8331,135531,872
2022-04-12,San Joaquin,077,732212,167094,9949,177043,2250
2022-04-12,San Luis Obispo,079,281455,52675,3761,56436,479
2022-04-12,San Mateo,081,765935,123532,7016,130548,710
2022-04-12,Santa Barbara,083,443738,86240,4718,90958,691
2022-04-12,Santa Clara,085,1922200,318484,12455,330939,2310
2022-04-12,Santa Cruz,087,273765,48395,2111,50506,260
2022-04-12,Shasta,089,179085,30601,6090,36691,562
2022-04-12,Sierra,091,2930,274,48,322,4
2022-04-12,Siskiyou,093,43540,4432,2724,7156,83
2022-04-12,Solano,095,438530,81916,5588,87504,449
2022-04-12,Sonoma,097,501317,84281,2686,86967,491
2022-04-12,Stanislaus,099,539301,117809,17859,135668,1691
2022-04-12,Sutter,101,95872,20511,2077,22588,225
2022-04-12,Tehama,103,63373,12057,2569,14626,207
2022-04-12,Trinity,105,12862,1183,287,1470,20
2022-04-12,Tulare,107,460477,106464,27622,134086,1496
2022-04-12,Tuolumne,109,53932,12713,561,13274,183
2022-04-12,Ventura,111,848112,173753,9428,183181,1502
2022-04-12,Yolo,113,214977,37318,2927,40245,360
2022-04-12,Yuba,115,75493,15852,1200,17052,126
2022-04-11,Alameda,001,1643700,258797,13824,272621,1856
2022-04-11,Alpine,002,1148,124,1,125,0
2022-04-11,Amador,005,37829,8537,645,9182,86
2022-04-11,Butte,007,227075,33259,7051,40310,429
2022-04-11,Calaveras,009,45235,7278,349,7627,119
2022-04-11,Colusa,011,21464,3456,1049,4505,21
2022-04-11,Contra Costa,013,1133247,193338,13508,206846,1302
2022-04-11,Del Norte,015,27424,5821,184,6005,49
2022-04-11,El Dorado,017,186661,26791,3196,29987,215
2022-04-11,Fresno,019,978130,235467,24424,259891,2761
2022-04-11,Glenn,021,27897,5003,1603,6606,56
2022-04-11,Humboldt,023,135768,16939,2956,19895,146
2022-04-11,Imperial,025,180216,55461,10530,65991,945
2022-04-11,Inyo,027,18085,4080,485,4565,56
2022-04-11,Kern,029,883053,192020,45807,237827,2344
2022-04-11,Kings,031,150075,51540,3519,55059,448
2022-04-11,Lake,033,64148,10728,885,11613,139
2022-04-11,Lassen,035,31185,8964,875,9839,62
2022-04-11,Los Angeles,037,10098052,2722550,123262,2845812,31841
2022-04-11,Madera,039,155013,37316,6025,43341,371
2022-04-11,Marin,041,260295,25434,2349,27783,239
2022-04-11,Mariposa,043,17540,2408,203,2611,28
2022-04-11,Mendocino,045,87422,13114,3023,16137,124
2022-04-11,Merced,047,269075,63446,8950,72396,820
2022-04-11,Modoc,049,8938,739,250,989,8
2022-04-11,Mono,051,14174,2978,124,3102,6
2022-04-11,Monterey,053,433212,79577,13699,93276,730
2022-04-11,Napa,055,140530,26000,963,26963,144
2022-04-11,Nevada,057,99092,16018,1200,17218,131
2022-04-11,Orange,059,3164182,549400,41864,591264,7112
2022-04-11,Placer,061,380077,63016,7362,70378,627
2022-04-11,Plumas,063,18699,2978,365,3343,13
2022-04-11,Riverside,065,2383286,592458,27830,620288,6453
2022-04-11,Sacramento,067,1510023,281716,26936,308652,3057
2022-04-11,San Benito,069,59416,12988,516,13504,95
2022-04-11,San Bernardino,071,2135413,575332,24961,600293,7813
2022-04-11,San Diego,073,3302833,753572,52681,806253,5342
2022-04-11,San Francisco,075,870044,126970,8319,135289,872
2022-04-11,San Joaquin,077,732212,167056,9943,176999,2250
2022-04-11,San Luis Obispo,079,281455,52652,3760,56412,479
2022-04-11,San Mateo,081,765935,123342,7006,130348,710
2022-04-11,Santa Barbara,083,443738,86191,4713,90904,691
2022-04-11,Santa Clara,085,1922200,318139,12440,330579,2309
2022-04-11,Santa Cruz,087,273765,48300,2108,50408,260
2022-04-11,Shasta,089,179085,30596,6089,36685,562
2022-04-11,Sierra,091,2930,274,48,322,4
2022-04-11,Siskiyou,093,43540,4432,2722,7154,83
2022-04-11,Solano,095,438530,81888,5587,87475,449
2022-04-11,Sonoma,097,501317,84213,2674,86887,491
2022-04-11,Stanislaus,099,539301,117774,17851,135625,1691
2022-04-11,Sutter,101,95872,20508,2077,22585,225
2022-04-11,Tehama,103,63373,12056,2568,14624,207
2022-04-11,Trinity,105,12862,1183,287,1470,20
2022-04-11,Tulare,107,460477,106453,27614,134067,1496
2022-04-11,Tuolumne,109,53932,12710,561,13271,183
2022-04-11,Ventura,111,848112,173694,9427,183121,1502
2022-04-11,Yolo,113,214977,37281,2925,40206,360
2022-04-11,Yuba,115,75493,15849,1199,17048,126
2022-04-10,Alameda,001,1643700,258462,13813,272275,1855
2022-04-10,Alpine,002,1148,124,1,125,0
2022-04-10,Amador,005,37829,8535,645,9180,86
2022-04-10,Butte,007,227075,33255,7047,40302,429
2022-04-10,Calaveras,009,45235,7275,349,7624,119
2022-04-10,Colusa,011,21464,3455,1049,4504,21
2022-04-10,Contra Costa,013,1133247,193178,13488,206666,1302
2022-04-10,Del Norte,015,27424,5818,184,6002,49
2022-04-10,El Dorado,017,186661,26783,3194,29977,215
2022-04-10,Fresno,019,978130,235429,24422,259851,2759
2022-04-10,Glenn,021,27897,5003,1603,6606,56
2022-04-10,Humboldt,023,135768,16929,2954,19883,146
2022-04-10,Imperial,025,180216,55457,10527,65984,945
2022-04-10,Inyo,027,18085,4080,483,4563,56
2022-04-10,Kern,029,883053,192002,45802,237804,2343
2022-04-10,Kings,031,150075,51538,3519,55057,448
2022-04-10,Lake,033,64148,10724,883,11607,139
2022-04-10,Lassen,035,31185,8963,875,9838,62
2022-04-10,Los Angeles,037,10098052,2721226,123174,2844400,31834
2022-04-10,Madera,039,155013,37311,6024,43335,371
2022-04-10,Marin,041,260295,25394,2320,27714,239
2022-04-10,Mariposa,043,17540,2406,203,2609,28
2022-04-10,Mendocino,045,87422,13106,3022,16128,124
2022-04-10,Merced,047,269075,63436,8948,72384,818
2022-04-10,Modoc,049,8938,739,250,989,8
2022-04-10,Mono,051,14174,2975,124,3099,6
2022-04-10,Monterey,053,433212,79561,13689,93250,730
2022-04-10,Napa,055,140530,25978,961,26939,144
2022-04-10,Nevada,057,99092,16001,1200,17201,131
2022-04-10,Orange,059,3164182,549149,41824,590973,7110
2022-04-10,Placer,061,380077,62983,7361,70344,627
2022-04-10,Plumas,063,18699,2975,365,3340,13
2022-04-10,Riverside,065,2383286,592308,27817,620125,6452
2022-04-10,Sacramento,067,1510023,281617,26926,308543,3055
2022-04-10,San Benito,069,59416,12985,516,13501,95
2022-04-10,San Bernardino,071,2135413,575099,24952,600051,7813
2022-04-10,San Diego,073,3302833,753242,52634,805876,5342
2022-04-10,San Francisco,075,870044,126729,8304,135033,872
2022-04-10,San Joaquin,077,732212,167010,9935,176945,2250
2022-04-10,San Luis Obispo,079,281455,52617,3758,56375,479
2022-04-10,San Mateo,081,765935,123173,6993,130166,709
2022-04-10,Santa Barbara,083,443738,86108,4703,90811,691
2022-04-10,Santa Clara,085,1922200,317809,12426,330235,2308
2022-04-10,Santa Cruz,087,273765,48210,2107,50317,260
2022-04-10,Shasta,089,179085,30589,6089,36678,562
2022-04-10,Sierra,091,2930,274,48,322,4
2022-04-10,Siskiyou,093,43540,4432,2721,7153,83
2022-04-10,Solano,095,438530,81841,5582,87423,449
2022-04-10,Sonoma,097,501317,84113,2667,86780,491
2022-04-10,Stanislaus,099,539301,117751,17844,135595,1690
2022-04-10,Sutter,101,95872,20504,2073,22577,225
2022-04-10,Tehama,103,63373,12054,2568,14622,207
2022-04-10,Trinity,105,12862,1183,287,1470,20
2022-04-10,Tulare,107,460477,106436,27607,134043,1496
2022-04-10,Tuolumne,109,53932,12703,561,13264,183
2022-04-10,Ventura,111,848112,173615,9422,183037,1502
2022-04-10,Yolo,113,214977,37251,2920,40171,360
2022-04-10,Yuba,115,75493,15848,1199,17047,126
2022-04-09,Alameda,001,1643700,258289,13808,272097,1855
2022-04-09,Alpine,002,1148,124,1,125,0
2022-04-09,Amador,005,37829,8535,644,9179,86
2022-04-09,Butte,007,227075,33252,7047,40299,429
2022-04-09,Calaveras,009,45235,7274,349,7623,119
2022-04-09,Colusa,011,21464,3454,1049,4503,21
2022-04-09,Contra Costa,013,1133247,193080,13481,206561,1302
2022-04-09,Del Norte,015,27424,5817,184,6001,49
2022-04-09,El Dorado,017,186661,26775,3194,29969,215
2022-04-09,Fresno,019,978130,235408,24422,259830,2759
2022-04-09,Glenn,021,27897,5003,1603,6606,56
2022-04-09,Humboldt,023,135768,16922,2954,19876,146
2022-04-09,Imperial,025,180216,55452,10525,65977,945
2022-04-09,Inyo,027,18085,4080,483,4563,56
2022-04-09,Kern,029,883053,191993,45797,237790,2342
2022-04-09,Kings,031,150075,51532,3519,55051,448
2022-04-09,Lake,033,64148,10722,883,11605,139
2022-04-09,Lassen,035,31185,8963,875,9838,62
2022-04-09,Los Angeles,037,10098052,2720541,123102,2843643,31829
2022-04-09,Madera,039,155013,37308,6024,43332,371
2022-04-09,Marin,041,260295,25356,2284,27640,239
2022-04-09,Mariposa,043,17540,2406,203,2609,28
2022-04-09,Mendocino,045,87422,13104,3022,16126,124
2022-04-09,Merced,047,269075,63425,8946,72371,818
2022-04-09,Modoc,049,8938,739,250,989,8
2022-04-09,Mono,051,14174,2974,123,3097,6
2022-04-09,Monterey,053,433212,79552,13685,93237,730
2022-04-09,Napa,055,140530,25953,961,26914,144
2022-04-09,Nevada,057,99092,15998,1200,17198,131
2022-04-09,Orange,059,3164182,549028,41802,590830,7110
2022-04-09,Placer,061,380077,62967,7359,70326,627
2022-04-09,Plumas,063,18699,2975,365,3340,13
2022-04-09,Riverside,065,2383286,592218,27807,620025,6452
2022-04-09,Sacramento,067,1510023,281570,26924,308494,3055
2022-04-09,San Benito,069,59416,12984,515,13499,95
2022-04-09,San Bernardino,071,2135413,575033,24949,599982,7812
2022-04-09,San Diego,073,3302833,753094,52621,805715,5342
2022-04-09,San Francisco,075,870044,126604,8296,134900,872
2022-04-09,San Joaquin,077,732212,166994,9933,176927,2250
2022-04-09,San Luis Obispo,079,281455,52617,3755,56372,479
2022-04-09,San Mateo,081,765935,123079,6990,130069,709
2022-04-09,Santa Barbara,083,443738,86074,4703,90777,691
2022-04-09,Santa Clara,085,1922200,317613,12423,330036,2306
2022-04-09,Santa Cruz,087,273765,48177,2105,50282,260
2022-04-09,Shasta,089,179085,30587,6089,36676,562
2022-04-09,Sierra,091,2930,274,48,322,4
2022-04-09,Siskiyou,093,43540,4431,2720,7151,83
2022-04-09,Solano,095,438530,81823,5580,87403,449
2022-04-09,Sonoma,097,501317,84074,2663,86737,491
2022-04-09,Stanislaus,099,539301,117738,17842,135580,1690
2022-04-09,Sutter,101,95872,20504,2073,22577,225
2022-04-09,Tehama,103,63373,12054,2568,14622,207
2022-04-09,Trinity,105,12862,1183,287,1470,20
2022-04-09,Tulare,107,460477,106433,27605,134038,1495
2022-04-09,Tuolumne,109,53932,12701,561,13262,183
2022-04-09,Ventura,111,848112,173578,9419,182997,1502
2022-04-09,Yolo,113,214977,37232,2920,40152,360
2022-04-09,Yuba,115,75493,15847,1199,17046,126
2022-04-08,Alameda,001,1643700,258128,13802,271930,1855
2022-04-08,Alpine,002,1148,124,1,125,0
2022-04-08,Amador,005,37829,8533,643,9176,86
2022-04-08,Butte,007,227075,33246,7044,40290,429
2022-04-08,Calaveras,009,45235,7272,349,7621,119
2022-04-08,Colusa,011,21464,3454,1049,4503,21
2022-04-08,Contra Costa,013,1133247,193002,13468,206470,1302
2022-04-08,Del Norte,015,27424,5815,184,5999,49
2022-04-08,El Dorado,017,186661,26773,3194,29967,215
2022-04-08,Fresno,019,978130,235388,24420,259808,2759
2022-04-08,Glenn,021,27897,5003,1603,6606,56
2022-04-08,Humboldt,023,135768,16918,2952,19870,146
2022-04-08,Imperial,025,180216,55448,10525,65973,945
2022-04-08,Inyo,027,18085,4078,482,4560,56
2022-04-08,Kern,029,883053,191974,45796,237770,2342
2022-04-08,Kings,031,150075,51527,3519,55046,448
2022-04-08,Lake,033,64148,10722,883,11605,139
2022-04-08,Lassen,035,31185,8963,875,9838,62
2022-04-08,Los Angeles,037,10098052,2719915,123044,2842959,31824
2022-04-08,Madera,039,155013,37306,6023,43329,371
2022-04-08,Marin,041,260295,25334,2270,27604,239
2022-04-08,Mariposa,043,17540,2406,202,2608,28
2022-04-08,Mendocino,045,87422,13102,3022,16124,124
2022-04-08,Merced,047,269075,63419,8943,72362,818
2022-04-08,Modoc,049,8938,739,250,989,8
2022-04-08,Mono,051,14174,2972,123,3095,6
2022-04-08,Monterey,053,433212,79542,13684,93226,730
2022-04-08,Napa,055,140530,25941,953,26894,144
2022-04-08,Nevada,057,99092,15995,1200,17195,131
2022-04-08,Orange,059,3164182,548907,41788,590695,7110
2022-04-08,Placer,061,380077,62949,7357,70306,627
2022-04-08,Plumas,063,18699,2972,365,3337,13
2022-04-08,Riverside,065,2383286,592142,27804,619946,6451
2022-04-08,Sacramento,067,1510023,281523,26923,308446,3054
2022-04-08,San Benito,069,59416,12984,515,13499,95
2022-04-08,San Bernardino,071,2135413,574979,24946,599925,7811
2022-04-08,San Diego,073,3302833,752926,52610,805536,5342
2022-04-08,San Francisco,075,870044,126507,8291,134798,872
2022-04-08,San Joaquin,077,732212,166976,9931,176907,2250
2022-04-08,San Luis Obispo,079,281455,52612,3755,56367,479
2022-04-08,San Mateo,081,765935,122972,6986,129958,709
2022-04-08,Santa Barbara,083,443738,86053,4703,90756,691
2022-04-08,Santa Clara,085,1922200,317427,12416,329843,2306
2022-04-08,Santa Cruz,087,273765,48160,2102,50262,260
2022-04-08,Shasta,089,179085,30584,6089,36673,562
2022-04-08,Sierra,091,2930,274,48,322,4
2022-04-08,Siskiyou,093,43540,4431,2720,7151,83
2022-04-08,Solano,095,438530,81803,5579,87382,449
2022-04-08,Sonoma,097,501317,84022,2659,86681,490
2022-04-08,Stanislaus,099,539301,117723,17840,135563,1690
2022-04-08,Sutter,101,95872,20504,2073,22577,225
2022-04-08,Tehama,103,63373,12054,2568,14622,207
2022-04-08,Trinity,105,12862,1183,287,1470,20
2022-04-08,Tulare,107,460477,106428,27601,134029,1495
2022-04-08,Tuolumne,109,53932,12700,560,13260,183
2022-04-08,Ventura,111,848112,173549,9417,182966,1502
2022-04-08,Yolo,113,214977,37223,2919,40142,360
2022-04-08,Yuba,115,75493,15846,1199,17045,126
2022-04-07,Alameda,001,1643700,257932,13794,271726,1855
2022-04-07,Alpine,002,1148,124,1,125,0
2022-04-07,Amador,005,37829,8532,640,9172,86
2022-04-07,Butte,007,227075,33242,7042,40284,429
2022-04-07,Calaveras,009,45235,7270,349,7619,119
2022-04-07,Colusa,011,21464,3453,1049,4502,21
2022-04-07,Contra Costa,013,1133247,192883,13456,206339,1302
2022-04-07,Del Norte,015,27424,5814,184,5998,49
2022-04-07,El Dorado,017,186661,26761,3192,29953,215
2022-04-07,Fresno,019,978130,235361,24419,259780,2759
2022-04-07,Glenn,021,27897,5002,1602,6604,56
2022-04-07,Humboldt,023,135768,16911,2950,19861,146
2022-04-07,Imperial,025,180216,55446,10523,65969,944
2022-04-07,Inyo,027,18085,4078,482,4560,56
2022-04-07,Kern,029,883053,191950,45793,237743,2342
2022-04-07,Kings,031,150075,51519,3519,55038,448
2022-04-07,Lake,033,64148,10718,883,11601,139
2022-04-07,Lassen,035,31185,8963,875,9838,62
2022-04-07,Los Angeles,037,10098052,2719007,122969,2841976,31821
2022-04-07,Madera,039,155013,37302,6023,43325,371
2022-04-07,Marin,041,260295,25314,2251,27565,239
2022-04-07,Mariposa,043,17540,2403,201,2604,28
2022-04-07,Mendocino,045,87422,13098,3021,16119,124
2022-04-07,Merced,047,269075,63409,8938,72347,818
2022-04-07,Modoc,049,8938,739,250,989,8
2022-04-07,Mono,051,14174,2971,123,3094,6
2022-04-07,Monterey,053,433212,79520,13680,93200,729
2022-04-07,Napa,055,140530,25925,949,26874,144
2022-04-07,Nevada,057,99092,15987,1199,17186,131
2022-04-07,Orange,059,3164182,548751,41758,590509,7107
2022-04-07,Placer,061,380077,62932,7354,70286,626
2022-04-07,Plumas,063,18699,2972,365,3337,13
2022-04-07,Riverside,065,2383286,592040,27790,619830,6451
2022-04-07,Sacramento,067,1510023,281458,26916,308374,3050
2022-04-07,San Benito,069,59416,12983,515,13498,95
2022-04-07,San Bernardino,071,2135413,574818,24933,599751,7811
2022-04-07,San Diego,073,3302833,752660,52578,805238,5342
2022-04-07,San Francisco,075,870044,126350,8276,134626,872
2022-04-07,San Joaquin,077,732212,166936,9928,176864,2250
2022-04-07,San Luis Obispo,079,281455,52594,3753,56347,479
2022-04-07,San Mateo,081,765935,122849,6970,129819,709
2022-04-07,Santa Barbara,083,443738,86009,4701,90710,690
2022-04-07,Santa Clara,085,1922200,317204,12404,329608,2305
2022-04-07,Santa Cruz,087,273765,48141,2098,50239,260
2022-04-07,Shasta,089,179085,30582,6089,36671,562
2022-04-07,Sierra,091,2930,274,48,322,4
2022-04-07,Siskiyou,093,43540,4431,2719,7150,83
2022-04-07,Solano,095,438530,81773,5579,87352,449
2022-04-07,Sonoma,097,501317,83979,2653,86632,490
2022-04-07,Stanislaus,099,539301,117701,17837,135538,1690
2022-04-07,Sutter,101,95872,20500,2072,22572,225
2022-04-07,Tehama,103,63373,12053,2568,14621,207
2022-04-07,Trinity,105,12862,1183,287,1470,20
2022-04-07,Tulare,107,460477,106421,27600,134021,1494
2022-04-07,Tuolumne,109,53932,12698,559,13257,183
2022-04-07,Ventura,111,848112,173520,9415,182935,1501
2022-04-07,Yolo,113,214977,37205,2919,40124,360
2022-04-07,Yuba,115,75493,15844,1199,17043,126
2022-04-06,Alameda,001,1643700,257746,13787,271533,1852
2022-04-06,Alpine,002,1148,124,1,125,0
2022-04-06,Amador,005,37829,8531,640,9171,86
2022-04-06,Butte,007,227075,33237,7040,40277,429
2022-04-06,Calaveras,009,45235,7268,349,7617,119
2022-04-06,Colusa,011,21464,3453,1049,4502,21
2022-04-06,Contra Costa,013,1133247,192817,13440,206257,1302
2022-04-06,Del Norte,015,27424,5814,184,5998,49
2022-04-06,El Dorado,017,186661,26758,3192,29950,215
2022-04-06,Fresno,019,978130,235326,24415,259741,2758
2022-04-06,Glenn,021,27897,5002,1601,6603,56
2022-04-06,Humboldt,023,135768,16907,2949,19856,145
2022-04-06,Imperial,025,180216,55440,10523,65963,944
2022-04-06,Inyo,027,18085,4077,480,4557,56
2022-04-06,Kern,029,883053,191928,45791,237719,2342
2022-04-06,Kings,031,150075,51518,3518,55036,448
2022-04-06,Lake,033,64148,10714,883,11597,139
2022-04-06,Lassen,035,31185,8963,875,9838,62
2022-04-06,Los Angeles,037,10098052,2717962,122899,2840861,31812
2022-04-06,Madera,039,155013,37298,6023,43321,371
2022-04-06,Marin,041,260295,25292,2243,27535,239
2022-04-06,Mariposa,043,17540,2402,201,2603,28
2022-04-06,Mendocino,045,87422,13094,3020,16114,124
2022-04-06,Merced,047,269075,63401,8934,72335,818
2022-04-06,Modoc,049,8938,739,250,989,8
2022-04-06,Mono,051,14174,2970,123,3093,6
2022-04-06,Monterey,053,433212,79509,13672,93181,729
2022-04-06,Napa,055,140530,25906,945,26851,144
2022-04-06,Nevada,057,99092,15985,1199,17184,131
2022-04-06,Orange,059,3164182,548582,41735,590317,7106
2022-04-06,Placer,061,380077,62926,7353,70279,626
2022-04-06,Plumas,063,18699,2972,365,3337,13
2022-04-06,Riverside,065,2383286,591943,27785,619728,6450
2022-04-06,Sacramento,067,1510023,281380,26912,308292,3050
2022-04-06,San Benito,069,59416,12982,515,13497,95
2022-04-06,San Bernardino,071,2135413,574685,24931,599616,7810
2022-04-06,San Diego,073,3302833,752366,52540,804906,5342
2022-04-06,San Francisco,075,870044,126191,8270,134461,872
2022-04-06,San Joaquin,077,732212,166903,9925,176828,2250
2022-04-06,San Luis Obispo,079,281455,52572,3751,56323,479
2022-04-06,San Mateo,081,765935,122739,6960,129699,709
2022-04-06,Santa Barbara,083,443738,85969,4697,90666,690
2022-04-06,Santa Clara,085,1922200,317006,12384,329390,2305
2022-04-06,Santa Cruz,087,273765,48087,2093,50180,260
2022-04-06,Shasta,089,179085,30581,6089,36670,561
2022-04-06,Sierra,091,2930,274,47,321,4
2022-04-06,Siskiyou,093,43540,4431,2719,7150,83
2022-04-06,Solano,095,438530,81738,5574,87312,449
2022-04-06,Sonoma,097,501317,83915,2648,86563,490
2022-04-06,Stanislaus,099,539301,117685,17831,135516,1690
2022-04-06,Sutter,101,95872,20495,2072,22567,225
2022-04-06,Tehama,103,63373,12051,2568,14619,207
2022-04-06,Trinity,105,12862,1183,287,1470,20
2022-04-06,Tulare,107,460477,106414,27595,134009,1494
2022-04-06,Tuolumne,109,53932,12696,559,13255,183
2022-04-06,Ventura,111,848112,173467,9409,182876,1501
2022-04-06,Yolo,113,214977,37180,2918,40098,360
2022-04-06,Yuba,115,75493,15839,1199,17038,126
2022-04-05,Alameda,001,1643700,257533,13777,271310,1851
2022-04-05,Alpine,002,1148,124,1,125,0
2022-04-05,Amador,005,37829,8529,640,9169,86
2022-04-05,Butte,007,227075,33232,7037,40269,429
2022-04-05,Calaveras,009,45235,7264,349,7613,119
2022-04-05,Colusa,011,21464,3451,1048,4499,21
2022-04-05,Contra Costa,013,1133247,192725,13433,206158,1301
2022-04-05,Del Norte,015,27424,5812,184,5996,49
2022-04-05,El Dorado,017,186661,26747,3192,29939,215
2022-04-05,Fresno,019,978130,235289,24407,259696,2758
2022-04-05,Glenn,021,27897,5002,1600,6602,56
2022-04-05,Humboldt,023,135768,16901,2949,19850,145
2022-04-05,Imperial,025,180216,55438,10522,65960,944
2022-04-05,Inyo,027,18085,4076,479,4555,56
2022-04-05,Kern,029,883053,191908,45788,237696,2342
2022-04-05,Kings,031,150075,51515,3518,55033,448
2022-04-05,Lake,033,64148,10711,883,11594,139
2022-04-05,Lassen,035,31185,8963,874,9837,62
2022-04-05,Los Angeles,037,10098052,2716908,122825,2839733,31800
2022-04-05,Madera,039,155013,37291,6021,43312,371
2022-04-05,Marin,041,260295,25237,2228,27465,239
2022-04-05,Mariposa,043,17540,2402,201,2603,28
2022-04-05,Mendocino,045,87422,13088,3019,16107,124
2022-04-05,Merced,047,269075,63389,8929,72318,818
2022-04-05,Modoc,049,8938,739,250,989,8
2022-04-05,Mono,051,14174,2969,123,3092,6
2022-04-05,Monterey,053,433212,79485,13661,93146,729
2022-04-05,Napa,055,140530,25897,940,26837,144
2022-04-05,Nevada,057,99092,15977,1199,17176,131
2022-04-05,Orange,059,3164182,548400,41706,590106,7105
2022-04-05,Placer,061,380077,62900,7353,70253,626
2022-04-05,Plumas,063,18699,2972,365,3337,13
2022-04-05,Riverside,065,2383286,591822,27773,619595,6448
2022-04-05,Sacramento,067,1510023,281299,26907,308206,3049
2022-04-05,San Benito,069,59416,12975,515,13490,95
2022-04-05,San Bernardino,071,2135413,574554,24921,599475,7810
2022-04-05,San Diego,073,3302833,752058,52496,804554,5341
2022-04-05,San Francisco,075,870044,125990,8262,134252,870
2022-04-05,San Joaquin,077,732212,166861,9923,176784,2250
2022-04-05,San Luis Obispo,079,281455,52555,3746,56301,479
2022-04-05,San Mateo,081,765935,122621,6950,129571,709
2022-04-05,Santa Barbara,083,443738,85933,4696,90629,689
2022-04-05,Santa Clara,085,1922200,316746,12371,329117,2305
2022-04-05,Santa Cruz,087,273765,48020,2090,50110,259
2022-04-05,Shasta,089,179085,30581,6087,36668,561
2022-04-05,Sierra,091,2930,274,47,321,4
2022-04-05,Siskiyou,093,43540,4431,2719,7150,83
2022-04-05,Solano,095,438530,81685,5571,87256,449
2022-04-05,Sonoma,097,501317,83851,2639,86490,490
2022-04-05,Stanislaus,099,539301,117671,17822,135493,1690
2022-04-05,Sutter,101,95872,20491,2071,22562,224
2022-04-05,Tehama,103,63373,12049,2567,14616,207
2022-04-05,Trinity,105,12862,1183,287,1470,20
2022-04-05,Tulare,107,460477,106404,27592,133996,1494
2022-04-05,Tuolumne,109,53932,12695,559,13254,183
2022-04-05,Ventura,111,848112,173411,9402,182813,1501
2022-04-05,Yolo,113,214977,37165,2915,40080,360
2022-04-05,Yuba,115,75493,15837,1199,17036,126
2022-04-04,Alameda,001,1643700,257302,13762,271064,1851
2022-04-04,Alpine,002,1148,124,1,125,0
2022-04-04,Amador,005,37829,8528,639,9167,86
2022-04-04,Butte,007,227075,33226,7034,40260,429
2022-04-04,Calaveras,009,45235,7264,349,7613,119
2022-04-04,Colusa,011,21464,3450,1048,4498,21
2022-04-04,Contra Costa,013,1133247,192624,13425,206049,1301
2022-04-04,Del Norte,015,27424,5812,184,5996,49
2022-04-04,El Dorado,017,186661,26743,3192,29935,215
2022-04-04,Fresno,019,978130,235271,24402,259673,2758
2022-04-04,Glenn,021,27897,5001,1600,6601,56
2022-04-04,Humboldt,023,135768,16893,2944,19837,145
2022-04-04,Imperial,025,180216,55433,10522,65955,944
2022-04-04,Inyo,027,18085,4076,477,4553,56
2022-04-04,Kern,029,883053,191885,45783,237668,2342
2022-04-04,Kings,031,150075,51509,3518,55027,448
2022-04-04,Lake,033,64148,10706,883,11589,139
2022-04-04,Lassen,035,31185,8963,874,9837,62
2022-04-04,Los Angeles,037,10098052,2715813,122781,2838594,31795
2022-04-04,Madera,039,155013,37287,6021,43308,371
2022-04-04,Marin,041,260295,25220,2220,27440,239
2022-04-04,Mariposa,043,17540,2401,201,2602,28
2022-04-04,Mendocino,045,87422,13082,3017,16099,124
2022-04-04,Merced,047,269075,63378,8924,72302,818
2022-04-04,Modoc,049,8938,739,250,989,8
2022-04-04,Mono,051,14174,2969,123,3092,6
2022-04-04,Monterey,053,433212,79469,13655,93124,728
2022-04-04,Napa,055,140530,25880,939,26819,144
2022-04-04,Nevada,057,99092,15973,1198,17171,131
2022-04-04,Orange,059,3164182,548231,41680,589911,7103
2022-04-04,Placer,061,380077,62890,7352,70242,625
2022-04-04,Plumas,063,18699,2971,365,3336,13
2022-04-04,Riverside,065,2383286,591730,27761,619491,6448
2022-04-04,Sacramento,067,1510023,281207,26899,308106,3046
2022-04-04,San Benito,069,59416,12972,515,13487,95
2022-04-04,San Bernardino,071,2135413,574415,24914,599329,7808
2022-04-04,San Diego,073,3302833,751739,52459,804198,5338
2022-04-04,San Francisco,075,870044,125790,8253,134043,866
2022-04-04,San Joaquin,077,732212,166835,9920,176755,2250
2022-04-04,San Luis Obispo,079,281455,52532,3744,56276,478
2022-04-04,San Mateo,081,765935,122483,6938,129421,708
2022-04-04,Santa Barbara,083,443738,85889,4695,90584,689
2022-04-04,Santa Clara,085,1922200,316478,12359,328837,2305
2022-04-04,Santa Cruz,087,273765,47973,2090,50063,259
2022-04-04,Shasta,089,179085,30578,6086,36664,561
2022-04-04,Sierra,091,2930,274,47,321,4
2022-04-04,Siskiyou,093,43540,4431,2719,7150,83
2022-04-04,Solano,095,438530,81639,5568,87207,449
2022-04-04,Sonoma,097,501317,83797,2632,86429,490
2022-04-04,Stanislaus,099,539301,117650,17815,135465,1690
2022-04-04,Sutter,101,95872,20488,2071,22559,224
2022-04-04,Tehama,103,63373,12047,2567,14614,207
2022-04-04,Trinity,105,12862,1183,287,1470,20
2022-04-04,Tulare,107,460477,106395,27589,133984,1493
2022-04-04,Tuolumne,109,53932,12688,559,13247,183
2022-04-04,Ventura,111,848112,173371,9399,182770,1500
2022-04-04,Yolo,113,214977,37151,2913,40064,360
2022-04-04,Yuba,115,75493,15834,1199,17033,126
2022-04-03,Alameda,001,1643700,257048,13759,270807,1851
2022-04-03,Alpine,002,1148,124,1,125,0
2022-04-03,Amador,005,37829,8527,639,9166,86
2022-04-03,Butte,007,227075,33219,7032,40251,429
2022-04-03,Calaveras,009,45235,7264,349,7613,119
2022-04-03,Colusa,011,21464,3450,1048,4498,21
2022-04-03,Contra Costa,013,1133247,192519,13415,205934,1301
2022-04-03,Del Norte,015,27424,5812,184,5996,49
2022-04-03,El Dorado,017,186661,26728,3189,29917,215
2022-04-03,Fresno,019,978130,235239,24399,259638,2758
2022-04-03,Glenn,021,27897,5001,1600,6601,56
2022-04-03,Humboldt,023,135768,16887,2944,19831,145
2022-04-03,Imperial,025,180216,55431,10519,65950,944
2022-04-03,Inyo,027,18085,4074,477,4551,56
2022-04-03,Kern,029,883053,191860,45778,237638,2342
2022-04-03,Kings,031,150075,51503,3516,55019,448
2022-04-03,Lake,033,64148,10704,883,11587,139
2022-04-03,Lassen,035,31185,8962,874,9836,62
2022-04-03,Los Angeles,037,10098052,2714623,122696,2837319,31788
2022-04-03,Madera,039,155013,37285,6020,43305,371
2022-04-03,Marin,041,260295,25185,2212,27397,239
2022-04-03,Mariposa,043,17540,2400,201,2601,28
2022-04-03,Mendocino,045,87422,13076,3016,16092,124
2022-04-03,Merced,047,269075,63363,8918,72281,818
2022-04-03,Modoc,049,8938,738,250,988,8
2022-04-03,Mono,051,14174,2969,123,3092,6
2022-04-03,Monterey,053,433212,79452,13630,93082,728
2022-04-03,Napa,055,140530,25861,938,26799,144
2022-04-03,Nevada,057,99092,15967,1197,17164,131
2022-04-03,Orange,059,3164182,548028,41655,589683,7099
2022-04-03,Placer,061,380077,62864,7347,70211,625
2022-04-03,Plumas,063,18699,2970,365,3335,13
2022-04-03,Riverside,065,2383286,591573,27746,619319,6448
2022-04-03,Sacramento,067,1510023,281132,26886,308018,3045
2022-04-03,San Benito,069,59416,12968,515,13483,95
2022-04-03,San Bernardino,071,2135413,574270,24911,599181,7804
2022-04-03,San Diego,073,3302833,751411,52422,803833,5337
2022-04-03,San Francisco,075,870044,125558,8247,133805,866
2022-04-03,San Joaquin,077,732212,166780,9915,176695,2250
2022-04-03,San Luis Obispo,079,281455,52513,3744,56257,477
2022-04-03,San Mateo,081,765935,122343,6931,129274,708
2022-04-03,Santa Barbara,083,443738,85844,4693,90537,689
2022-04-03,Santa Clara,085,1922200,316177,12350,328527,2305
2022-04-03,Santa Cruz,087,273765,47918,2088,50006,259
2022-04-03,Shasta,089,179085,30568,6085,36653,561
2022-04-03,Sierra,091,2930,274,47,321,4
2022-04-03,Siskiyou,093,43540,4431,2719,7150,83
2022-04-03,Solano,095,438530,81597,5562,87159,449
2022-04-03,Sonoma,097,501317,83718,2624,86342,490
2022-04-03,Stanislaus,099,539301,117619,17809,135428,1689
2022-04-03,Sutter,101,95872,20485,2071,22556,224
2022-04-03,Tehama,103,63373,12045,2567,14612,207
2022-04-03,Trinity,105,12862,1183,287,1470,20
2022-04-03,Tulare,107,460477,106388,27582,133970,1492
2022-04-03,Tuolumne,109,53932,12687,559,13246,183
2022-04-03,Ventura,111,848112,173318,9395,182713,1500
2022-04-03,Yolo,113,214977,37130,2911,40041,360
2022-04-03,Yuba,115,75493,15832,1199,17031,126
2022-04-02,Alameda,001,1643700,256945,13759,270704,1851
2022-04-02,Alpine,002,1148,124,1,125,0
2022-04-02,Amador,005,37829,8527,639,9166,86
2022-04-02,Butte,007,227075,33215,7031,40246,428
2022-04-02,Calaveras,009,45235,7264,349,7613,119
2022-04-02,Colusa,011,21464,3450,1048,4498,21
2022-04-02,Contra Costa,013,1133247,192460,13412,205872,1301
2022-04-02,Del Norte,015,27424,5811,184,5995,49
2022-04-02,El Dorado,017,186661,26725,3189,29914,215
2022-04-02,Fresno,019,978130,235210,24399,259609,2758
2022-04-02,Glenn,021,27897,5001,1600,6601,56
2022-04-02,Humboldt,023,135768,16883,2944,19827,145
2022-04-02,Imperial,025,180216,55428,10517,65945,944
2022-04-02,Inyo,027,18085,4074,477,4551,56
2022-04-02,Kern,029,883053,191845,45774,237619,2341
2022-04-02,Kings,031,150075,51500,3516,55016,448
2022-04-02,Lake,033,64148,10703,883,11586,139
2022-04-02,Lassen,035,31185,8962,874,9836,62
2022-04-02,Los Angeles,037,10098052,2714103,122656,2836759,31786
2022-04-02,Madera,039,155013,37282,6020,43302,371
2022-04-02,Marin,041,260295,25162,2204,27366,239
2022-04-02,Mariposa,043,17540,2399,201,2600,28
2022-04-02,Mendocino,045,87422,13074,3016,16090,124
2022-04-02,Merced,047,269075,63360,8918,72278,818
2022-04-02,Modoc,049,8938,738,250,988,8
2022-04-02,Mono,051,14174,2969,122,3091,6
2022-04-02,Monterey,053,433212,79438,13624,93062,728
2022-04-02,Napa,055,140530,25847,937,26784,144
2022-04-02,Nevada,057,99092,15963,1196,17159,131
2022-04-02,Orange,059,3164182,547923,41643,589566,7098
2022-04-02,Placer,061,380077,62853,7345,70198,624
2022-04-02,Plumas,063,18699,2970,365,3335,13
2022-04-02,Riverside,065,2383286,591499,27741,619240,6447
2022-04-02,Sacramento,067,1510023,281092,26885,307977,3043
2022-04-02,San Benito,069,59416,12967,515,13482,95
2022-04-02,San Bernardino,071,2135413,574217,24908,599125,7804
2022-04-02,San Diego,073,3302833,751287,52412,803699,5335
2022-04-02,San Francisco,075,870044,125453,8239,133692,865
2022-04-02,San Joaquin,077,732212,166758,9913,176671,2250
2022-04-02,San Luis Obispo,079,281455,52508,3744,56252,477
2022-04-02,San Mateo,081,765935,122246,6924,129170,706
2022-04-02,Santa Barbara,083,443738,85824,4692,90516,689
2022-04-02,Santa Clara,085,1922200,316013,12346,328359,2305
2022-04-02,Santa Cruz,087,273765,47906,2087,49993,259
2022-04-02,Shasta,089,179085,30567,6085,36652,561
2022-04-02,Sierra,091,2930,274,47,321,4
2022-04-02,Siskiyou,093,43540,4431,2718,7149,83
2022-04-02,Solano,095,438530,81582,5561,87143,449
2022-04-02,Sonoma,097,501317,83670,2618,86288,490
2022-04-02,Stanislaus,099,539301,117610,17807,135417,1688
2022-04-02,Sutter,101,95872,20480,2071,22551,224
2022-04-02,Tehama,103,63373,12045,2567,14612,207
2022-04-02,Trinity,105,12862,1183,287,1470,20
2022-04-02,Tulare,107,460477,106384,27579,133963,1491
2022-04-02,Tuolumne,109,53932,12685,559,13244,183
2022-04-02,Ventura,111,848112,173277,9395,182672,1499
2022-04-02,Yolo,113,214977,37118,2908,40026,360
2022-04-02,Yuba,115,75493,15831,1199,17030,126
2022-04-01,Alameda,001,1643700,256830,13754,270584,1851
2022-04-01,Alpine,002,1148,124,1,125,0
2022-04-01,Amador,005,37829,8527,639,9166,86
2022-04-01,Butte,007,227075,33211,7028,40239,428
2022-04-01,Calaveras,009,45235,7262,349,7611,119
2022-04-01,Colusa,011,21464,3449,1048,4497,21
2022-04-01,Contra Costa,013,1133247,192407,13411,205818,1300
2022-04-01,Del Norte,015,27424,5809,184,5993,49
2022-04-01,El Dorado,017,186661,26722,3188,29910,215
2022-04-01,Fresno,019,978130,235185,24397,259582,2758
2022-04-01,Glenn,021,27897,5001,1600,6601,56
2022-04-01,Humboldt,023,135768,16881,2944,19825,145
2022-04-01,Imperial,025,180216,55426,10517,65943,944
2022-04-01,Inyo,027,18085,4072,476,4548,56
2022-04-01,Kern,029,883053,191834,45771,237605,2340
2022-04-01,Kings,031,150075,51497,3516,55013,448
2022-04-01,Lake,033,64148,10700,883,11583,139
2022-04-01,Lassen,035,31185,8961,874,9835,62
2022-04-01,Los Angeles,037,10098052,2713609,122613,2836222,31780
2022-04-01,Madera,039,155013,37281,6020,43301,371
2022-04-01,Marin,041,260295,25144,2197,27341,239
2022-04-01,Mariposa,043,17540,2396,201,2597,28
2022-04-01,Mendocino,045,87422,13071,3015,16086,124
2022-04-01,Merced,047,269075,63353,8917,72270,817
2022-04-01,Modoc,049,8938,738,250,988,8
2022-04-01,Mono,051,14174,2969,122,3091,6
2022-04-01,Monterey,053,433212,79421,13621,93042,728
2022-04-01,Napa,055,140530,25837,937,26774,144
2022-04-01,Nevada,057,99092,15963,1195,17158,131
2022-04-01,Orange,059,3164182,547815,41635,589450,7095
2022-04-01,Placer,061,380077,62839,7345,70184,624
2022-04-01,Plumas,063,18699,2970,364,3334,13
2022-04-01,Riverside,065,2383286,591433,27728,619161,6446
2022-04-01,Sacramento,067,1510023,281054,26878,307932,3041
2022-04-01,San Benito,069,59416,12966,515,13481,95
2022-04-01,San Bernardino,071,2135413,574161,24904,599065,7802
2022-04-01,San Diego,073,3302833,751142,52396,803538,5334
2022-04-01,San Francisco,075,870044,125343,8233,133576,865
2022-04-01,San Joaquin,077,732212,166738,9910,176648,2250
2022-04-01,San Luis Obispo,079,281455,52502,3743,56245,477
2022-04-01,San Mateo,081,765935,122182,6920,129102,706
2022-04-01,Santa Barbara,083,443738,85804,4692,90496,689
2022-04-01,Santa Clara,085,1922200,315863,12345,328208,2305
2022-04-01,Santa Cruz,087,273765,47891,2085,49976,259
2022-04-01,Shasta,089,179085,30566,6085,36651,561
2022-04-01,Sierra,091,2930,274,47,321,4
2022-04-01,Siskiyou,093,43540,4431,2717,7148,83
2022-04-01,Solano,095,438530,81566,5561,87127,449
2022-04-01,Sonoma,097,501317,83626,2617,86243,490
2022-04-01,Stanislaus,099,539301,117598,17804,135402,1688
2022-04-01,Sutter,101,95872,20480,2071,22551,224
2022-04-01,Tehama,103,63373,12045,2567,14612,207
2022-04-01,Trinity,105,12862,1183,287,1470,20
2022-04-01,Tulare,107,460477,106379,27575,133954,1490
2022-04-01,Tuolumne,109,53932,12684,559,13243,182
2022-04-01,Ventura,111,848112,173246,9391,182637,1499
2022-04-01,Yolo,113,214977,37104,2907,40011,360
2022-04-01,Yuba,115,75493,15830,1199,17029,126
2022-03-31,Alameda,001,1643700,256656,13741,270397,1850
2022-03-31,Alpine,002,1148,124,1,125,0
2022-03-31,Amador,005,37829,8527,639,9166,86
2022-03-31,Butte,007,227075,33207,7025,40232,427
2022-03-31,Calaveras,009,45235,7259,349,7608,119
2022-03-31,Colusa,011,21464,3448,1048,4496,21
2022-03-31,Contra Costa,013,1133247,192309,13405,205714,1300
2022-03-31,Del Norte,015,27424,5808,184,5992,49
2022-03-31,El Dorado,017,186661,26714,3188,29902,215
2022-03-31,Fresno,019,978130,235150,24376,259526,2758
2022-03-31,Glenn,021,27897,5000,1600,6600,56
2022-03-31,Humboldt,023,135768,16877,2944,19821,145
2022-03-31,Imperial,025,180216,55423,10516,65939,944
2022-03-31,Inyo,027,18085,4071,473,4544,56
2022-03-31,Kern,029,883053,191819,45762,237581,2340
2022-03-31,Kings,031,150075,51488,3516,55004,448
2022-03-31,Lake,033,64148,10699,882,11581,139
2022-03-31,Lassen,035,31185,8959,874,9833,62
2022-03-31,Los Angeles,037,10098052,2712868,122556,2835424,31769
2022-03-31,Madera,039,155013,37278,6020,43298,371
2022-03-31,Marin,041,260295,25118,2185,27303,239
2022-03-31,Mariposa,043,17540,2395,200,2595,28
2022-03-31,Mendocino,045,87422,13067,3015,16082,124
2022-03-31,Merced,047,269075,63348,8914,72262,817
2022-03-31,Modoc,049,8938,738,250,988,8
2022-03-31,Mono,051,14174,2969,122,3091,6
2022-03-31,Monterey,053,433212,79405,13610,93015,727
2022-03-31,Napa,055,140530,25830,935,26765,144
2022-03-31,Nevada,057,99092,15956,1194,17150,131
2022-03-31,Orange,059,3164182,547667,41621,589288,7094
2022-03-31,Placer,061,380077,62815,7342,70157,624
2022-03-31,Plumas,063,18699,2970,363,3333,13
2022-03-31,Riverside,065,2383286,591323,27725,619048,6446
2022-03-31,Sacramento,067,1510023,280978,26868,307846,3039
2022-03-31,San Benito,069,59416,12965,515,13480,95
2022-03-31,San Bernardino,071,2135413,574064,24893,598957,7801
2022-03-31,San Diego,073,3302833,750906,52369,803275,5334
2022-03-31,San Francisco,075,870044,125186,8221,133407,865
2022-03-31,San Joaquin,077,732212,166704,9895,176599,2250
2022-03-31,San Luis Obispo,079,281455,52488,3742,56230,477
2022-03-31,San Mateo,081,765935,122071,6919,128990,706
2022-03-31,Santa Barbara,083,443738,85774,4692,90466,689
2022-03-31,Santa Clara,085,1922200,315636,12334,327970,2305
2022-03-31,Santa Cruz,087,273765,47872,2083,49955,259
2022-03-31,Shasta,089,179085,30560,6085,36645,561
2022-03-31,Sierra,091,2930,271,47,318,4
2022-03-31,Siskiyou,093,43540,4430,2717,7147,83
2022-03-31,Solano,095,438530,81537,5558,87095,449
2022-03-31,Sonoma,097,501317,83583,2611,86194,490
2022-03-31,Stanislaus,099,539301,117581,17799,135380,1688
2022-03-31,Sutter,101,95872,20477,2070,22547,224
2022-03-31,Tehama,103,63373,12044,2566,14610,207
2022-03-31,Trinity,105,12862,1183,287,1470,20
2022-03-31,Tulare,107,460477,106369,27567,133936,1490
2022-03-31,Tuolumne,109,53932,12683,559,13242,182
2022-03-31,Ventura,111,848112,173207,9388,182595,1499
2022-03-31,Yolo,113,214977,37088,2907,39995,360
2022-03-31,Yuba,115,75493,15830,1196,17026,126
2022-03-30,Alameda,001,1643700,256525,13733,270258,1850
2022-03-30,Alpine,002,1148,124,1,125,0
2022-03-30,Amador,005,37829,8527,639,9166,86
2022-03-30,Butte,007,227075,33202,7019,40221,427
2022-03-30,Calaveras,009,45235,7257,348,7605,119
2022-03-30,Colusa,011,21464,3448,1048,4496,21
2022-03-30,Contra Costa,013,1133247,192248,13394,205642,1300
2022-03-30,Del Norte,015,27424,5806,184,5990,49
2022-03-30,El Dorado,017,186661,26705,3188,29893,214
2022-03-30,Fresno,019,978130,235139,24370,259509,2757
2022-03-30,Glenn,021,27897,4999,1600,6599,56
2022-03-30,Humboldt,023,135768,16874,2944,19818,145
2022-03-30,Imperial,025,180216,55419,10513,65932,944
2022-03-30,Inyo,027,18085,4070,471,4541,56
2022-03-30,Kern,029,883053,191791,45757,237548,2340
2022-03-30,Kings,031,150075,51482,3515,54997,448
2022-03-30,Lake,033,64148,10698,882,11580,139
2022-03-30,Lassen,035,31185,8959,874,9833,62
2022-03-30,Los Angeles,037,10098052,2712052,122502,2834554,31762
2022-03-30,Madera,039,155013,37272,6019,43291,371
2022-03-30,Marin,041,260295,25098,2166,27264,239
2022-03-30,Mariposa,043,17540,2395,200,2595,28
2022-03-30,Mendocino,045,87422,13063,3012,16075,124
2022-03-30,Merced,047,269075,63343,8909,72252,816
2022-03-30,Modoc,049,8938,738,250,988,8
2022-03-30,Mono,051,14174,2968,122,3090,6
2022-03-30,Monterey,053,433212,79388,13603,92991,727
2022-03-30,Napa,055,140530,25818,934,26752,144
2022-03-30,Nevada,057,99092,15953,1192,17145,131
2022-03-30,Orange,059,3164182,547514,41601,589115,7091
2022-03-30,Placer,061,380077,62800,7338,70138,624
2022-03-30,Plumas,063,18699,2970,361,3331,13
2022-03-30,Riverside,065,2383286,591240,27712,618952,6445
2022-03-30,Sacramento,067,1510023,280910,26861,307771,3038
2022-03-30,San Benito,069,59416,12961,515,13476,95
2022-03-30,San Bernardino,071,2135413,573980,24889,598869,7799
2022-03-30,San Diego,073,3302833,750675,52342,803017,5334
2022-03-30,San Francisco,075,870044,125080,8212,133292,865
2022-03-30,San Joaquin,077,732212,166675,9889,176564,2248
2022-03-30,San Luis Obispo,079,281455,52474,3738,56212,477
2022-03-30,San Mateo,081,765935,121971,6919,128890,706
2022-03-30,Santa Barbara,083,443738,85752,4689,90441,688
2022-03-30,Santa Clara,085,1922200,315453,12314,327767,2304
2022-03-30,Santa Cruz,087,273765,47816,2082,49898,259
2022-03-30,Shasta,089,179085,30557,6085,36642,560
2022-03-30,Sierra,091,2930,271,47,318,4
2022-03-30,Siskiyou,093,43540,4430,2717,7147,83
2022-03-30,Solano,095,438530,81518,5554,87072,449
2022-03-30,Sonoma,097,501317,83546,2610,86156,490
2022-03-30,Stanislaus,099,539301,117568,17796,135364,1688
2022-03-30,Sutter,101,95872,20472,2070,22542,224
2022-03-30,Tehama,103,63373,12043,2565,14608,207
2022-03-30,Trinity,105,12862,1182,287,1469,20
2022-03-30,Tulare,107,460477,106363,27560,133923,1490
2022-03-30,Tuolumne,109,53932,12681,559,13240,182
2022-03-30,Ventura,111,848112,173167,9380,182547,1497
2022-03-30,Yolo,113,214977,37078,2904,39982,360
2022-03-30,Yuba,115,75493,15828,1196,17024,126
2022-03-29,Alameda,001,1643700,256400,13723,270123,1848
2022-03-29,Alpine,002,1148,124,1,125,0
2022-03-29,Amador,005,37829,8527,639,9166,86
2022-03-29,Butte,007,227075,33199,7019,40218,427
2022-03-29,Calaveras,009,45235,7256,347,7603,119
2022-03-29,Colusa,011,21464,3448,1048,4496,21
2022-03-29,Contra Costa,013,1133247,192160,13387,205547,1300
2022-03-29,Del Norte,015,27424,5806,183,5989,49
2022-03-29,El Dorado,017,186661,26700,3188,29888,214
2022-03-29,Fresno,019,978130,235111,24366,259477,2755
2022-03-29,Glenn,021,27897,4999,1600,6599,56
2022-03-29,Humboldt,023,135768,16871,2941,19812,145
2022-03-29,Imperial,025,180216,55405,10512,65917,944
2022-03-29,Inyo,027,18085,4068,470,4538,56
2022-03-29,Kern,029,883053,191759,45750,237509,2340
2022-03-29,Kings,031,150075,51475,3514,54989,448
2022-03-29,Lake,033,64148,10694,882,11576,139
2022-03-29,Lassen,035,31185,8958,874,9832,62
2022-03-29,Los Angeles,037,10098052,2711222,122456,2833678,31758
2022-03-29,Madera,039,155013,37264,6016,43280,371
2022-03-29,Marin,041,260295,25078,2161,27239,239
2022-03-29,Mariposa,043,17540,2395,200,2595,28
2022-03-29,Mendocino,045,87422,13059,3011,16070,124
2022-03-29,Merced,047,269075,63330,8908,72238,816
2022-03-29,Modoc,049,8938,736,250,986,8
2022-03-29,Mono,051,14174,2968,122,3090,6
2022-03-29,Monterey,053,433212,79375,13595,92970,726
2022-03-29,Napa,055,140530,25811,934,26745,144
2022-03-29,Nevada,057,99092,15945,1192,17137,130
2022-03-29,Orange,059,3164182,547366,41585,588951,7088
2022-03-29,Placer,061,380077,62782,7333,70115,624
2022-03-29,Plumas,063,18699,2968,361,3329,13
2022-03-29,Riverside,065,2383286,591138,27704,618842,6445
2022-03-29,Sacramento,067,1510023,280844,26849,307693,3038
2022-03-29,San Benito,069,59416,12959,515,13474,95
2022-03-29,San Bernardino,071,2135413,573884,24881,598765,7798
2022-03-29,San Diego,073,3302833,750433,52319,802752,5333
2022-03-29,San Francisco,075,870044,124929,8206,133135,865
2022-03-29,San Joaquin,077,732212,166639,9881,176520,2248
2022-03-29,San Luis Obispo,079,281455,52458,3734,56192,477
2022-03-29,San Mateo,081,765935,121875,6917,128792,705
2022-03-29,Santa Barbara,083,443738,85729,4689,90418,687
2022-03-29,Santa Clara,085,1922200,315214,12297,327511,2303
2022-03-29,Santa Cruz,087,273765,47796,2081,49877,259
2022-03-29,Shasta,089,179085,30550,6083,36633,560
2022-03-29,Sierra,091,2930,271,47,318,4
2022-03-29,Siskiyou,093,43540,4430,2716,7146,83
2022-03-29,Solano,095,438530,81494,5551,87045,448
2022-03-29,Sonoma,097,501317,83513,2604,86117,490
2022-03-29,Stanislaus,099,539301,117549,17790,135339,1687
2022-03-29,Sutter,101,95872,20470,2069,22539,224
2022-03-29,Tehama,103,63373,12041,2565,14606,207
2022-03-29,Trinity,105,12862,1182,287,1469,20
2022-03-29,Tulare,107,460477,106359,27555,133914,1490
2022-03-29,Tuolumne,109,53932,12678,559,13237,182
2022-03-29,Ventura,111,848112,173111,9379,182490,1495
2022-03-29,Yolo,113,214977,37065,2903,39968,360
2022-03-29,Yuba,115,75493,15824,1195,17019,126
2022-03-28,Alameda,001,1643700,256246,13714,269960,1848
2022-03-28,Alpine,002,1148,124,1,125,0
2022-03-28,Amador,005,37829,8526,639,9165,86
2022-03-28,Butte,007,227075,33182,7019,40201,427
2022-03-28,Calaveras,009,45235,7256,347,7603,119
2022-03-28,Colusa,011,21464,3448,1048,4496,21
2022-03-28,Contra Costa,013,1133247,192080,13382,205462,1300
2022-03-28,Del Norte,015,27424,5804,183,5987,49
2022-03-28,El Dorado,017,186661,26693,3186,29879,214
2022-03-28,Fresno,019,978130,235083,24349,259432,2754
2022-03-28,Glenn,021,27897,4998,1600,6598,56
2022-03-28,Humboldt,023,135768,16870,2941,19811,145
2022-03-28,Imperial,025,180216,55394,10512,65906,944
2022-03-28,Inyo,027,18085,4067,470,4537,56
2022-03-28,Kern,029,883053,191733,45741,237474,2340
2022-03-28,Kings,031,150075,51462,3514,54976,448
2022-03-28,Lake,033,64148,10692,882,11574,139
2022-03-28,Lassen,035,31185,8958,874,9832,62
2022-03-28,Los Angeles,037,10098052,2710353,122417,2832770,31748
2022-03-28,Madera,039,155013,37260,6016,43276,371
2022-03-28,Marin,041,260295,25053,2156,27209,239
2022-03-28,Mariposa,043,17540,2394,200,2594,28
2022-03-28,Mendocino,045,87422,13057,3010,16067,124
2022-03-28,Merced,047,269075,63320,8901,72221,816
2022-03-28,Modoc,049,8938,735,250,985,8
2022-03-28,Mono,051,14174,2968,122,3090,6
2022-03-28,Monterey,053,433212,79341,13591,92932,725
2022-03-28,Napa,055,140530,25805,933,26738,144
2022-03-28,Nevada,057,99092,15943,1192,17135,130
2022-03-28,Orange,059,3164182,547236,41559,588795,7086
2022-03-28,Placer,061,380077,62762,7332,70094,624
2022-03-28,Plumas,063,18699,2967,361,3328,13
2022-03-28,Riverside,065,2383286,591038,27696,618734,6443
2022-03-28,Sacramento,067,1510023,280775,26836,307611,3038
2022-03-28,San Benito,069,59416,12959,515,13474,95
2022-03-28,San Bernardino,071,2135413,573802,24870,598672,7797
2022-03-28,San Diego,073,3302833,750196,52285,802481,5331
2022-03-28,San Francisco,075,870044,124788,8196,132984,865
2022-03-28,San Joaquin,077,732212,166608,9879,176487,2248
2022-03-28,San Luis Obispo,079,281455,52433,3731,56164,477
2022-03-28,San Mateo,081,765935,121759,6912,128671,705
2022-03-28,Santa Barbara,083,443738,85702,4687,90389,687
2022-03-28,Santa Clara,085,1922200,314985,12288,327273,2302
2022-03-28,Santa Cruz,087,273765,47763,2081,49844,259
2022-03-28,Shasta,089,179085,30549,6082,36631,559
2022-03-28,Sierra,091,2930,271,47,318,4
2022-03-28,Siskiyou,093,43540,4429,2716,7145,83
2022-03-28,Solano,095,438530,81466,5546,87012,448
2022-03-28,Sonoma,097,501317,83467,2599,86066,489
2022-03-28,Stanislaus,099,539301,117537,17785,135322,1687
2022-03-28,Sutter,101,95872,20464,2069,22533,224
2022-03-28,Tehama,103,63373,12041,2565,14606,206
2022-03-28,Trinity,105,12862,1182,287,1469,20
2022-03-28,Tulare,107,460477,106347,27549,133896,1490
2022-03-28,Tuolumne,109,53932,12678,559,13237,182
2022-03-28,Ventura,111,848112,173073,9378,182451,1495
2022-03-28,Yolo,113,214977,37047,2901,39948,360
2022-03-28,Yuba,115,75493,15823,1193,17016,126
2022-03-27,Alameda,001,1643700,256057,13705,269762,1847
2022-03-27,Alpine,002,1148,124,1,125,0
2022-03-27,Amador,005,37829,8523,639,9162,86
2022-03-27,Butte,007,227075,33169,7013,40182,427
2022-03-27,Calaveras,009,45235,7254,347,7601,119
2022-03-27,Colusa,011,21464,3448,1048,4496,21
2022-03-27,Contra Costa,013,1133247,191966,13365,205331,1300
2022-03-27,Del Norte,015,27424,5803,183,5986,49
2022-03-27,El Dorado,017,186661,26679,3183,29862,214
2022-03-27,Fresno,019,978130,235036,24331,259367,2754
2022-03-27,Glenn,021,27897,4996,1600,6596,56
2022-03-27,Humboldt,023,135768,16866,2941,19807,145
2022-03-27,Imperial,025,180216,55381,10511,65892,944
2022-03-27,Inyo,027,18085,4066,468,4534,56
2022-03-27,Kern,029,883053,191695,45735,237430,2340
2022-03-27,Kings,031,150075,51453,3514,54967,448
2022-03-27,Lake,033,64148,10691,881,11572,139
2022-03-27,Lassen,035,31185,8958,874,9832,62
2022-03-27,Los Angeles,037,10098052,2709536,122370,2831906,31740
2022-03-27,Madera,039,155013,37256,6014,43270,371
2022-03-27,Marin,041,260295,25016,2146,27162,239
2022-03-27,Mariposa,043,17540,2394,200,2594,28
2022-03-27,Mendocino,045,87422,13053,3008,16061,124
2022-03-27,Merced,047,269075,63310,8900,72210,816
2022-03-27,Modoc,049,8938,734,248,982,8
2022-03-27,Mono,051,14174,2968,122,3090,6
2022-03-27,Monterey,053,433212,79320,13579,92899,725
2022-03-27,Napa,055,140530,25789,933,26722,144
2022-03-27,Nevada,057,99092,15939,1190,17129,130
2022-03-27,Orange,059,3164182,547102,41524,588626,7084
2022-03-27,Placer,061,380077,62745,7331,70076,624
2022-03-27,Plumas,063,18699,2966,359,3325,13
2022-03-27,Riverside,065,2383286,590952,27685,618637,6443
2022-03-27,Sacramento,067,1510023,280695,26827,307522,3038
2022-03-27,San Benito,069,59416,12954,514,13468,95
2022-03-27,San Bernardino,071,2135413,573685,24868,598553,7796
2022-03-27,San Diego,073,3302833,749940,52261,802201,5330
2022-03-27,San Francisco,075,870044,124603,8185,132788,861
2022-03-27,San Joaquin,077,732212,166573,9875,176448,2247
2022-03-27,San Luis Obispo,079,281455,52412,3729,56141,477
2022-03-27,San Mateo,081,765935,121654,6907,128561,705
2022-03-27,Santa Barbara,083,443738,85666,4685,90351,687
2022-03-27,Santa Clara,085,1922200,314774,12281,327055,2299
2022-03-27,Santa Cruz,087,273765,47730,2079,49809,259
2022-03-27,Shasta,089,179085,30544,6080,36624,559
2022-03-27,Sierra,091,2930,271,47,318,4
2022-03-27,Siskiyou,093,43540,4429,2715,7144,83
2022-03-27,Solano,095,438530,81424,5543,86967,448
2022-03-27,Sonoma,097,501317,83414,2595,86009,489
2022-03-27,Stanislaus,099,539301,117517,17783,135300,1687
2022-03-27,Sutter,101,95872,20458,2069,22527,224
2022-03-27,Tehama,103,63373,12041,2565,14606,205
2022-03-27,Trinity,105,12862,1182,287,1469,20
2022-03-27,Tulare,107,460477,106338,27540,133878,1487
2022-03-27,Tuolumne,109,53932,12677,559,13236,182
2022-03-27,Ventura,111,848112,173028,9376,182404,1495
2022-03-27,Yolo,113,214977,37026,2898,39924,360
2022-03-27,Yuba,115,75493,15820,1186,17006,126
2022-03-26,Alameda,001,1643700,255977,13704,269681,1847
2022-03-26,Alpine,002,1148,124,1,125,0
2022-03-26,Amador,005,37829,8523,639,9162,86
2022-03-26,Butte,007,227075,33165,7011,40176,427
2022-03-26,Calaveras,009,45235,7252,347,7599,119
2022-03-26,Colusa,011,21464,3446,1048,4494,21
2022-03-26,Contra Costa,013,1133247,191913,13362,205275,1300
2022-03-26,Del Norte,015,27424,5801,183,5984,49
2022-03-26,El Dorado,017,186661,26671,3181,29852,214
2022-03-26,Fresno,019,978130,235013,24330,259343,2754
2022-03-26,Glenn,021,27897,4995,1600,6595,56
2022-03-26,Humboldt,023,135768,16862,2941,19803,145
2022-03-26,Imperial,025,180216,55375,10510,65885,944
2022-03-26,Inyo,027,18085,4066,467,4533,56
2022-03-26,Kern,029,883053,191682,45731,237413,2339
2022-03-26,Kings,031,150075,51452,3514,54966,448
2022-03-26,Lake,033,64148,10691,881,11572,139
2022-03-26,Lassen,035,31185,8958,874,9832,62
2022-03-26,Los Angeles,037,10098052,2709080,122329,2831409,31734
2022-03-26,Madera,039,155013,37253,6012,43265,371
2022-03-26,Marin,041,260295,25005,2142,27147,239
2022-03-26,Mariposa,043,17540,2394,200,2594,27
2022-03-26,Mendocino,045,87422,13049,3008,16057,124
2022-03-26,Merced,047,269075,63303,8899,72202,816
2022-03-26,Modoc,049,8938,734,248,982,8
2022-03-26,Mono,051,14174,2968,122,3090,6
2022-03-26,Monterey,053,433212,79312,13577,92889,724
2022-03-26,Napa,055,140530,25785,933,26718,143
2022-03-26,Nevada,057,99092,15935,1190,17125,129
2022-03-26,Orange,059,3164182,547026,41513,588539,7084
2022-03-26,Placer,061,380077,62732,7327,70059,623
2022-03-26,Plumas,063,18699,2966,358,3324,13
2022-03-26,Riverside,065,2383286,590883,27684,618567,6441
2022-03-26,Sacramento,067,1510023,280662,26825,307487,3035
2022-03-26,San Benito,069,59416,12954,514,13468,95
2022-03-26,San Bernardino,071,2135413,573625,24864,598489,7794
2022-03-26,San Diego,073,3302833,749815,52255,802070,5330
2022-03-26,San Francisco,075,870044,124496,8179,132675,861
2022-03-26,San Joaquin,077,732212,166551,9874,176425,2247
2022-03-26,San Luis Obispo,079,281455,52406,3729,56135,477
2022-03-26,San Mateo,081,765935,121596,6899,128495,704
2022-03-26,Santa Barbara,083,443738,85646,4683,90329,687
2022-03-26,Santa Clara,085,1922200,314616,12274,326890,2297
2022-03-26,Santa Cruz,087,273765,47719,2079,49798,259
2022-03-26,Shasta,089,179085,30543,6079,36622,559
2022-03-26,Sierra,091,2930,271,47,318,4
2022-03-26,Siskiyou,093,43540,4428,2715,7143,83
2022-03-26,Solano,095,438530,81415,5543,86958,448
2022-03-26,Sonoma,097,501317,83384,2590,85974,489
2022-03-26,Stanislaus,099,539301,117510,17782,135292,1687
2022-03-26,Sutter,101,95872,20456,2069,22525,224
2022-03-26,Tehama,103,63373,12041,2564,14605,205
2022-03-26,Trinity,105,12862,1182,287,1469,20
2022-03-26,Tulare,107,460477,106330,27539,133869,1487
2022-03-26,Tuolumne,109,53932,12675,559,13234,181
2022-03-26,Ventura,111,848112,172986,9372,182358,1494
2022-03-26,Yolo,113,214977,37017,2898,39915,360
2022-03-26,Yuba,115,75493,15819,1186,17005,126
2022-03-25,Alameda,001,1643700,255912,13701,269613,1846
2022-03-25,Alpine,002,1148,124,1,125,0
2022-03-25,Amador,005,37829,8522,639,9161,86
2022-03-25,Butte,007,227075,33160,7011,40171,427
2022-03-25,Calaveras,009,45235,7251,347,7598,119
2022-03-25,Colusa,011,21464,3446,1048,4494,21
2022-03-25,Contra Costa,013,1133247,191865,13359,205224,1300
2022-03-25,Del Norte,015,27424,5801,183,5984,49
2022-03-25,El Dorado,017,186661,26667,3181,29848,214
2022-03-25,Fresno,019,978130,234984,24322,259306,2752
2022-03-25,Glenn,021,27897,4995,1600,6595,56
2022-03-25,Humboldt,023,135768,16862,2941,19803,145
2022-03-25,Imperial,025,180216,55370,10509,65879,944
2022-03-25,Inyo,027,18085,4065,467,4532,56
2022-03-25,Kern,029,883053,191672,45730,237402,2339
2022-03-25,Kings,031,150075,51451,3514,54965,448
2022-03-25,Lake,033,64148,10691,881,11572,139
2022-03-25,Lassen,035,31185,8957,874,9831,62
2022-03-25,Los Angeles,037,10098052,2708656,122297,2830953,31728
2022-03-25,Madera,039,155013,37252,6011,43263,371
2022-03-25,Marin,041,260295,24990,2133,27123,239
2022-03-25,Mariposa,043,17540,2394,200,2594,27
2022-03-25,Mendocino,045,87422,13049,3008,16057,124
2022-03-25,Merced,047,269075,63297,8898,72195,816
2022-03-25,Modoc,049,8938,734,248,982,8
2022-03-25,Mono,051,14174,2967,122,3089,6
2022-03-25,Monterey,053,433212,79301,13574,92875,724
2022-03-25,Napa,055,140530,25778,933,26711,143
2022-03-25,Nevada,057,99092,15934,1190,17124,129
2022-03-25,Orange,059,3164182,546952,41496,588448,7083
2022-03-25,Placer,061,380077,62725,7324,70049,621
2022-03-25,Plumas,063,18699,2965,358,3323,13
2022-03-25,Riverside,065,2383286,590823,27673,618496,6438
2022-03-25,Sacramento,067,1510023,280620,26823,307443,3034
2022-03-25,San Benito,069,59416,12954,514,13468,95
2022-03-25,San Bernardino,071,2135413,573585,24861,598446,7791
2022-03-25,San Diego,073,3302833,749692,52244,801936,5330
2022-03-25,San Francisco,075,870044,124416,8166,132582,861
2022-03-25,San Joaquin,077,732212,166537,9872,176409,2246
2022-03-25,San Luis Obispo,079,281455,52403,3728,56131,477
2022-03-25,San Mateo,081,765935,121543,6899,128442,702
2022-03-25,Santa Barbara,083,443738,85631,4681,90312,687
2022-03-25,Santa Clara,085,1922200,314465,12269,326734,2294
2022-03-25,Santa Cruz,087,273765,47711,2079,49790,259
2022-03-25,Shasta,089,179085,30539,6078,36617,559
2022-03-25,Sierra,091,2930,271,47,318,4
2022-03-25,Siskiyou,093,43540,4426,2713,7139,83
2022-03-25,Solano,095,438530,81401,5541,86942,448
2022-03-25,Sonoma,097,501317,83347,2590,85937,489
2022-03-25,Stanislaus,099,539301,117496,17781,135277,1686
2022-03-25,Sutter,101,95872,20451,2069,22520,224
2022-03-25,Tehama,103,63373,12039,2564,14603,205
2022-03-25,Trinity,105,12862,1182,287,1469,20
2022-03-25,Tulare,107,460477,106326,27539,133865,1487
2022-03-25,Tuolumne,109,53932,12674,559,13233,181
2022-03-25,Ventura,111,848112,172948,9372,182320,1493
2022-03-25,Yolo,113,214977,37005,2897,39902,360
2022-03-25,Yuba,115,75493,15814,1185,16999,126
2022-03-24,Alameda,001,1643700,255799,13685,269484,1845
2022-03-24,Alpine,002,1148,124,1,125,0
2022-03-24,Amador,005,37829,8522,639,9161,86
2022-03-24,Butte,007,227075,33154,7011,40165,427
2022-03-24,Calaveras,009,45235,7249,347,7596,119
2022-03-24,Colusa,011,21464,3446,1048,4494,21
2022-03-24,Contra Costa,013,1133247,191786,13356,205142,1300
2022-03-24,Del Norte,015,27424,5797,183,5980,49
2022-03-24,El Dorado,017,186661,26657,3181,29838,214
2022-03-24,Fresno,019,978130,234942,24312,259254,2752
2022-03-24,Glenn,021,27897,4994,1600,6594,56
2022-03-24,Humboldt,023,135768,16857,2939,19796,145
2022-03-24,Imperial,025,180216,55363,10509,65872,944
2022-03-24,Inyo,027,18085,4064,467,4531,56
2022-03-24,Kern,029,883053,191662,45728,237390,2338
2022-03-24,Kings,031,150075,51442,3512,54954,448
2022-03-24,Lake,033,64148,10690,881,11571,139
2022-03-24,Lassen,035,31185,8956,874,9830,62
2022-03-24,Los Angeles,037,10098052,2708083,122253,2830336,31713
2022-03-24,Madera,039,155013,37250,6009,43259,371
2022-03-24,Marin,041,260295,24968,2124,27092,239
2022-03-24,Mariposa,043,17540,2394,200,2594,27
2022-03-24,Mendocino,045,87422,13043,3005,16048,123
2022-03-24,Merced,047,269075,63290,8897,72187,815
2022-03-24,Modoc,049,8938,734,248,982,8
2022-03-24,Mono,051,14174,2967,122,3089,6
2022-03-24,Monterey,053,433212,79275,13560,92835,724
2022-03-24,Napa,055,140530,25769,933,26702,142
2022-03-24,Nevada,057,99092,15930,1189,17119,129
2022-03-24,Orange,059,3164182,546848,41481,588329,7082
2022-03-24,Placer,061,380077,62705,7323,70028,621
2022-03-24,Plumas,063,18699,2965,358,3323,13
2022-03-24,Riverside,065,2383286,590746,27665,618411,6438
2022-03-24,Sacramento,067,1510023,280550,26819,307369,3033
2022-03-24,San Benito,069,59416,12953,513,13466,95
2022-03-24,San Bernardino,071,2135413,573500,24857,598357,7785
2022-03-24,San Diego,073,3302833,749485,52231,801716,5327
2022-03-24,San Francisco,075,870044,124333,8160,132493,861
2022-03-24,San Joaquin,077,732212,166510,9872,176382,2246
2022-03-24,San Luis Obispo,079,281455,52387,3727,56114,477
2022-03-24,San Mateo,081,765935,121494,6896,128390,701
2022-03-24,Santa Barbara,083,443738,85616,4678,90294,687
2022-03-24,Santa Clara,085,1922200,314318,12253,326571,2294
2022-03-24,Santa Cruz,087,273765,47693,2078,49771,259
2022-03-24,Shasta,089,179085,30531,6078,36609,559
2022-03-24,Sierra,091,2930,271,47,318,4
2022-03-24,Siskiyou,093,43540,4424,2713,7137,83
2022-03-24,Solano,095,438530,81382,5540,86922,448
2022-03-24,Sonoma,097,501317,83312,2588,85900,489
2022-03-24,Stanislaus,099,539301,117487,17778,135265,1686
2022-03-24,Sutter,101,95872,20446,2069,22515,224
2022-03-24,Tehama,103,63373,12037,2563,14600,205
2022-03-24,Trinity,105,12862,1182,287,1469,20
2022-03-24,Tulare,107,460477,106315,27534,133849,1486
2022-03-24,Tuolumne,109,53932,12672,559,13231,181
2022-03-24,Ventura,111,848112,172905,9369,182274,1492
2022-03-24,Yolo,113,214977,36999,2893,39892,359
2022-03-24,Yuba,115,75493,15810,1183,16993,125
2022-03-23,Alameda,001,1643700,255665,13674,269339,1845
2022-03-23,Alpine,002,1148,124,1,125,0
2022-03-23,Amador,005,37829,8522,639,9161,86
2022-03-23,Butte,007,227075,33139,7010,40149,427
2022-03-23,Calaveras,009,45235,7244,347,7591,119
2022-03-23,Colusa,011,21464,3445,1048,4493,21
2022-03-23,Contra Costa,013,1133247,191688,13345,205033,1300
2022-03-23,Del Norte,015,27424,5795,183,5978,49
2022-03-23,El Dorado,017,186661,26651,3181,29832,214
2022-03-23,Fresno,019,978130,234906,24299,259205,2750
2022-03-23,Glenn,021,27897,4994,1600,6594,56
2022-03-23,Humboldt,023,135768,16856,2938,19794,145
2022-03-23,Imperial,025,180216,55357,10508,65865,943
2022-03-23,Inyo,027,18085,4064,467,4531,56
2022-03-23,Kern,029,883053,191645,45723,237368,2338
2022-03-23,Kings,031,150075,51430,3512,54942,448
2022-03-23,Lake,033,64148,10686,880,11566,139
2022-03-23,Lassen,035,31185,8955,873,9828,62
2022-03-23,Los Angeles,037,10098052,2707403,122224,2829627,31710
2022-03-23,Madera,039,155013,37245,6007,43252,371
2022-03-23,Marin,041,260295,24942,2119,27061,239
2022-03-23,Mariposa,043,17540,2392,199,2591,27
2022-03-23,Mendocino,045,87422,13039,3004,16043,123
2022-03-23,Merced,047,269075,63279,8894,72173,815
2022-03-23,Modoc,049,8938,734,248,982,8
2022-03-23,Mono,051,14174,2967,122,3089,6
2022-03-23,Monterey,053,433212,79258,13536,92794,724
2022-03-23,Napa,055,140530,25754,931,26685,142
2022-03-23,Nevada,057,99092,15928,1189,17117,129
2022-03-23,Orange,059,3164182,546715,41468,588183,7080
2022-03-23,Placer,061,380077,62687,7321,70008,621
2022-03-23,Plumas,063,18699,2965,358,3323,13
2022-03-23,Riverside,065,2383286,590672,27660,618332,6436
2022-03-23,Sacramento,067,1510023,280487,26811,307298,3033
2022-03-23,San Benito,069,59416,12952,513,13465,95
2022-03-23,San Bernardino,071,2135413,573427,24853,598280,7783
2022-03-23,San Diego,073,3302833,749292,52208,801500,5324
2022-03-23,San Francisco,075,870044,124219,8153,132372,861
2022-03-23,San Joaquin,077,732212,166473,9864,176337,2246
2022-03-23,San Luis Obispo,079,281455,52370,3722,56092,477
2022-03-23,San Mateo,081,765935,121409,6886,128295,701
2022-03-23,Santa Barbara,083,443738,85599,4677,90276,687
2022-03-23,Santa Clara,085,1922200,314150,12241,326391,2293
2022-03-23,Santa Cruz,087,273765,47674,2074,49748,259
2022-03-23,Shasta,089,179085,30527,6077,36604,558
2022-03-23,Sierra,091,2930,271,47,318,4
2022-03-23,Siskiyou,093,43540,4424,2713,7137,83
2022-03-23,Solano,095,438530,81348,5539,86887,448
2022-03-23,Sonoma,097,501317,83279,2585,85864,489
2022-03-23,Stanislaus,099,539301,117470,17775,135245,1686
2022-03-23,Sutter,101,95872,20443,2069,22512,224
2022-03-23,Tehama,103,63373,12034,2563,14597,205
2022-03-23,Trinity,105,12862,1182,287,1469,20
2022-03-23,Tulare,107,460477,106298,27529,133827,1485
2022-03-23,Tuolumne,109,53932,12671,559,13230,181
2022-03-23,Ventura,111,848112,172857,9367,182224,1491
2022-03-23,Yolo,113,214977,36980,2891,39871,358
2022-03-23,Yuba,115,75493,15803,1182,16985,125
2022-03-22,Alameda,001,1643700,255542,13611,269153,1844
2022-03-22,Alpine,002,1148,124,1,125,0
2022-03-22,Amador,005,37829,8521,638,9159,86
2022-03-22,Butte,007,227075,33129,7005,40134,427
2022-03-22,Calaveras,009,45235,7242,347,7589,119
2022-03-22,Colusa,011,21464,3444,1048,4492,21
2022-03-22,Contra Costa,013,1133247,191611,13324,204935,1300
2022-03-22,Del Norte,015,27424,5789,183,5972,49
2022-03-22,El Dorado,017,186661,26644,3181,29825,214
2022-03-22,Fresno,019,978130,234857,24290,259147,2750
2022-03-22,Glenn,021,27897,4992,1600,6592,56
2022-03-22,Humboldt,023,135768,16853,2938,19791,145
2022-03-22,Imperial,025,180216,55345,10506,65851,943
2022-03-22,Inyo,027,18085,4064,467,4531,56
2022-03-22,Kern,029,883053,191622,45715,237337,2338
2022-03-22,Kings,031,150075,51419,3511,54930,446
2022-03-22,Lake,033,64148,10684,879,11563,139
2022-03-22,Lassen,035,31185,8955,873,9828,62
2022-03-22,Los Angeles,037,10098052,2706736,122178,2828914,31703
2022-03-22,Madera,039,155013,37242,6004,43246,371
2022-03-22,Marin,041,260295,24916,2115,27031,239
2022-03-22,Mariposa,043,17540,2390,199,2589,27
2022-03-22,Mendocino,045,87422,13034,3002,16036,123
2022-03-22,Merced,047,269075,63268,8890,72158,815
2022-03-22,Modoc,049,8938,734,248,982,8
2022-03-22,Mono,051,14174,2967,122,3089,6
2022-03-22,Monterey,053,433212,79242,13527,92769,724
2022-03-22,Napa,055,140530,25743,930,26673,142
2022-03-22,Nevada,057,99092,15920,1189,17109,129
2022-03-22,Orange,059,3164182,546572,41451,588023,7078
2022-03-22,Placer,061,380077,62674,7319,69993,621
2022-03-22,Plumas,063,18699,2964,358,3322,13
2022-03-22,Riverside,065,2383286,590597,27657,618254,6436
2022-03-22,Sacramento,067,1510023,280411,26800,307211,3032
2022-03-22,San Benito,069,59416,12951,512,13463,95
2022-03-22,San Bernardino,071,2135413,573345,24833,598178,7781
2022-03-22,San Diego,073,3302833,749094,52188,801282,5324
2022-03-22,San Francisco,075,870044,124112,8147,132259,861
2022-03-22,San Joaquin,077,732212,166445,9861,176306,2245
2022-03-22,San Luis Obispo,079,281455,52362,3722,56084,477
2022-03-22,San Mateo,081,765935,121336,6883,128219,700
2022-03-22,Santa Barbara,083,443738,85582,4676,90258,687
2022-03-22,Santa Clara,085,1922200,313971,12230,326201,2292
2022-03-22,Santa Cruz,087,273765,47654,2073,49727,259
2022-03-22,Shasta,089,179085,30521,6077,36598,557
2022-03-22,Sierra,091,2930,271,47,318,4
2022-03-22,Siskiyou,093,43540,4424,2712,7136,83
2022-03-22,Solano,095,438530,81325,5536,86861,448
2022-03-22,Sonoma,097,501317,83250,2582,85832,489
2022-03-22,Stanislaus,099,539301,117453,17771,135224,1685
2022-03-22,Sutter,101,95872,20442,2066,22508,224
2022-03-22,Tehama,103,63373,12032,2563,14595,205
2022-03-22,Trinity,105,12862,1182,287,1469,20
2022-03-22,Tulare,107,460477,106286,27521,133807,1484
2022-03-22,Tuolumne,109,53932,12671,559,13230,181
2022-03-22,Ventura,111,848112,172808,9365,182173,1489
2022-03-22,Yolo,113,214977,36960,2890,39850,358
2022-03-22,Yuba,115,75493,15800,1181,16981,124
2022-03-21,Alameda,001,1643700,255316,13604,268920,1844
2022-03-21,Alpine,002,1148,124,1,125,0
2022-03-21,Amador,005,37829,8518,637,9155,86
2022-03-21,Butte,007,227075,33118,7002,40120,427
2022-03-21,Calaveras,009,45235,7241,347,7588,119
2022-03-21,Colusa,011,21464,3444,1048,4492,21
2022-03-21,Contra Costa,013,1133247,191547,13309,204856,1299
2022-03-21,Del Norte,015,27424,5788,183,5971,49
2022-03-21,El Dorado,017,186661,26633,3181,29814,214
2022-03-21,Fresno,019,978130,234808,24281,259089,2749
2022-03-21,Glenn,021,27897,4990,1595,6585,56
2022-03-21,Humboldt,023,135768,16843,2926,19769,145
2022-03-21,Imperial,025,180216,55331,10505,65836,943
2022-03-21,Inyo,027,18085,4063,467,4530,56
2022-03-21,Kern,029,883053,191589,45709,237298,2336
2022-03-21,Kings,031,150075,51405,3509,54914,446
2022-03-21,Lake,033,64148,10682,879,11561,139
2022-03-21,Lassen,035,31185,8954,873,9827,62
2022-03-21,Los Angeles,037,10098052,2705878,122130,2828008,31695
2022-03-21,Madera,039,155013,37236,6001,43237,371
2022-03-21,Marin,041,260295,24872,2110,26982,239
2022-03-21,Mariposa,043,17540,2389,198,2587,27
2022-03-21,Mendocino,045,87422,13026,3000,16026,123
2022-03-21,Merced,047,269075,63256,8885,72141,815
2022-03-21,Modoc,049,8938,732,248,980,8
2022-03-21,Mono,051,14174,2967,122,3089,6
2022-03-21,Monterey,053,433212,79193,13514,92707,724
2022-03-21,Napa,055,140530,25735,928,26663,142
2022-03-21,Nevada,057,99092,15916,1188,17104,129
2022-03-21,Orange,059,3164182,546421,41434,587855,7074
2022-03-21,Placer,061,380077,62654,7318,69972,620
2022-03-21,Plumas,063,18699,2964,358,3322,13
2022-03-21,Riverside,065,2383286,590516,27653,618169,6436
2022-03-21,Sacramento,067,1510023,280321,26784,307105,3032
2022-03-21,San Benito,069,59416,12945,512,13457,95
2022-03-21,San Bernardino,071,2135413,573257,24820,598077,7779
2022-03-21,San Diego,073,3302833,748869,52169,801038,5322
2022-03-21,San Francisco,075,870044,123944,8138,132082,860
2022-03-21,San Joaquin,077,732212,166419,9858,176277,2244
2022-03-21,San Luis Obispo,079,281455,52337,3717,56054,476
2022-03-21,San Mateo,081,765935,121177,6881,128058,700
2022-03-21,Santa Barbara,083,443738,85567,4674,90241,686
2022-03-21,Santa Clara,085,1922200,313709,12227,325936,2291
2022-03-21,Santa Cruz,087,273765,47618,2072,49690,259
2022-03-21,Shasta,089,179085,30515,6075,36590,557
2022-03-21,Sierra,091,2930,271,47,318,4
2022-03-21,Siskiyou,093,43540,4424,2712,7136,83
2022-03-21,Solano,095,438530,81297,5535,86832,448
2022-03-21,Sonoma,097,501317,83208,2580,85788,489
2022-03-21,Stanislaus,099,539301,117418,17769,135187,1685
2022-03-21,Sutter,101,95872,20439,2054,22493,223
2022-03-21,Tehama,103,63373,12028,2563,14591,205
2022-03-21,Trinity,105,12862,1182,287,1469,20
2022-03-21,Tulare,107,460477,106266,27516,133782,1484
2022-03-21,Tuolumne,109,53932,12671,559,13230,181
2022-03-21,Ventura,111,848112,172738,9361,182099,1489
2022-03-21,Yolo,113,214977,36944,2888,39832,358
2022-03-21,Yuba,115,75493,15797,1180,16977,124
2022-03-20,Alameda,001,1643700,255179,13594,268773,1844
2022-03-20,Alpine,002,1148,122,1,123,0
2022-03-20,Amador,005,37829,8515,637,9152,86
2022-03-20,Butte,007,227075,33104,6998,40102,427
2022-03-20,Calaveras,009,45235,7241,344,7585,119
2022-03-20,Colusa,011,21464,3444,1048,4492,21
2022-03-20,Contra Costa,013,1133247,191444,13299,204743,1297
2022-03-20,Del Norte,015,27424,5786,183,5969,49
2022-03-20,El Dorado,017,186661,26624,3181,29805,213
2022-03-20,Fresno,019,978130,234730,24270,259000,2749
2022-03-20,Glenn,021,27897,4989,1595,6584,56
2022-03-20,Humboldt,023,135768,16841,2924,19765,144
2022-03-20,Imperial,025,180216,55320,10505,65825,941
2022-03-20,Inyo,027,18085,4063,467,4530,56
2022-03-20,Kern,029,883053,191547,45704,237251,2335
2022-03-20,Kings,031,150075,51394,3509,54903,446
2022-03-20,Lake,033,64148,10678,879,11557,139
2022-03-20,Lassen,035,31185,8952,873,9825,62
2022-03-20,Los Angeles,037,10098052,2705086,122087,2827173,31686
2022-03-20,Madera,039,155013,37231,5998,43229,371
2022-03-20,Marin,041,260295,24856,2109,26965,239
2022-03-20,Mariposa,043,17540,2389,198,2587,27
2022-03-20,Mendocino,045,87422,13019,2995,16014,123
2022-03-20,Merced,047,269075,63244,8881,72125,814
2022-03-20,Modoc,049,8938,732,248,980,8
2022-03-20,Mono,051,14174,2965,122,3087,6
2022-03-20,Monterey,053,433212,79161,13503,92664,724
2022-03-20,Napa,055,140530,25723,927,26650,142
2022-03-20,Nevada,057,99092,15912,1188,17100,129
2022-03-20,Orange,059,3164182,546299,41415,587714,7071
2022-03-20,Placer,061,380077,62632,7318,69950,620
2022-03-20,Plumas,063,18699,2964,358,3322,13
2022-03-20,Riverside,065,2383286,590420,27649,618069,6433
2022-03-20,Sacramento,067,1510023,280238,26771,307009,3031
2022-03-20,San Benito,069,59416,12945,511,13456,95
2022-03-20,San Bernardino,071,2135413,573176,24811,597987,7774
2022-03-20,San Diego,073,3302833,748633,52135,800768,5319
2022-03-20,San Francisco,075,870044,123796,8126,131922,859
2022-03-20,San Joaquin,077,732212,166388,9853,176241,2243
2022-03-20,San Luis Obispo,079,281455,52313,3714,56027,476
2022-03-20,San Mateo,081,765935,121117,6875,127992,700
2022-03-20,Santa Barbara,083,443738,85541,4673,90214,685
2022-03-20,Santa Clara,085,1922200,313501,12219,325720,2290
2022-03-20,Santa Cruz,087,273765,47591,2071,49662,259
2022-03-20,Shasta,089,179085,30506,6074,36580,556
2022-03-20,Sierra,091,2930,271,47,318,4
2022-03-20,Siskiyou,093,43540,4423,2712,7135,83
2022-03-20,Solano,095,438530,81267,5533,86800,448
2022-03-20,Sonoma,097,501317,83163,2579,85742,489
2022-03-20,Stanislaus,099,539301,117393,17766,135159,1684
2022-03-20,Sutter,101,95872,20432,2046,22478,223
2022-03-20,Tehama,103,63373,12026,2563,14589,205
2022-03-20,Trinity,105,12862,1182,287,1469,20
2022-03-20,Tulare,107,460477,106246,27504,133750,1484
2022-03-20,Tuolumne,109,53932,12666,559,13225,181
2022-03-20,Ventura,111,848112,172688,9356,182044,1488
2022-03-20,Yolo,113,214977,36926,2887,39813,358
2022-03-20,Yuba,115,75493,15788,1178,16966,124
2022-03-19,Alameda,001,1643700,255103,13592,268695,1844
2022-03-19,Alpine,002,1148,122,1,123,0
2022-03-19,Amador,005,37829,8512,637,9149,86
2022-03-19,Butte,007,227075,33096,6998,40094,427
2022-03-19,Calaveras,009,45235,7241,344,7585,119
2022-03-19,Colusa,011,21464,3442,1048,4490,21
2022-03-19,Contra Costa,013,1133247,191408,13298,204706,1297
2022-03-19,Del Norte,015,27424,5783,183,5966,49
2022-03-19,El Dorado,017,186661,26620,3181,29801,213
2022-03-19,Fresno,019,978130,234707,24269,258976,2748
2022-03-19,Glenn,021,27897,4989,1595,6584,56
2022-03-19,Humboldt,023,135768,16835,2924,19759,144
2022-03-19,Imperial,025,180216,55319,10504,65823,941
2022-03-19,Inyo,027,18085,4063,467,4530,56
2022-03-19,Kern,029,883053,191532,45696,237228,2334
2022-03-19,Kings,031,150075,51389,3509,54898,446
2022-03-19,Lake,033,64148,10678,879,11557,139
2022-03-19,Lassen,035,31185,8952,873,9825,62
2022-03-19,Los Angeles,037,10098052,2704709,122053,2826762,31673
2022-03-19,Madera,039,155013,37231,5998,43229,371
2022-03-19,Marin,041,260295,24837,2105,26942,238
2022-03-19,Mariposa,043,17540,2388,198,2586,27
2022-03-19,Mendocino,045,87422,13019,2995,16014,123
2022-03-19,Merced,047,269075,63239,8878,72117,814
2022-03-19,Modoc,049,8938,732,248,980,8
2022-03-19,Mono,051,14174,2965,122,3087,6
2022-03-19,Monterey,053,433212,79150,13496,92646,724
2022-03-19,Napa,055,140530,25719,927,26646,142
2022-03-19,Nevada,057,99092,15910,1188,17098,129
2022-03-19,Orange,059,3164182,546226,41399,587625,7069
2022-03-19,Placer,061,380077,62618,7318,69936,619
2022-03-19,Plumas,063,18699,2964,358,3322,13
2022-03-19,Riverside,065,2383286,590371,27642,618013,6432
2022-03-19,Sacramento,067,1510023,280196,26767,306963,3029
2022-03-19,San Benito,069,59416,12944,511,13455,95
2022-03-19,San Bernardino,071,2135413,573130,24809,597939,7771
2022-03-19,San Diego,073,3302833,748533,52121,800654,5318
2022-03-19,San Francisco,075,870044,123726,8124,131850,859
2022-03-19,San Joaquin,077,732212,166363,9850,176213,2241
2022-03-19,San Luis Obispo,079,281455,52307,3714,56021,475
2022-03-19,San Mateo,081,765935,121080,6874,127954,700
2022-03-19,Santa Barbara,083,443738,85526,4672,90198,683
2022-03-19,Santa Clara,085,1922200,313379,12210,325589,2287
2022-03-19,Santa Cruz,087,273765,47583,2067,49650,259
2022-03-19,Shasta,089,179085,30502,6074,36576,556
2022-03-19,Sierra,091,2930,271,47,318,4
2022-03-19,Siskiyou,093,43540,4422,2712,7134,83
2022-03-19,Solano,095,438530,81258,5530,86788,447
2022-03-19,Sonoma,097,501317,83146,2576,85722,489
2022-03-19,Stanislaus,099,539301,117383,17764,135147,1682
2022-03-19,Sutter,101,95872,20429,2046,22475,223
2022-03-19,Tehama,103,63373,12026,2563,14589,205
2022-03-19,Trinity,105,12862,1182,287,1469,20
2022-03-19,Tulare,107,460477,106237,27499,133736,1483
2022-03-19,Tuolumne,109,53932,12665,559,13224,181
2022-03-19,Ventura,111,848112,172657,9355,182012,1488
2022-03-19,Yolo,113,214977,36917,2887,39804,358
2022-03-19,Yuba,115,75493,15784,1177,16961,124
2022-03-18,Alameda,001,1643700,255041,13588,268629,1844
2022-03-18,Alpine,002,1148,122,1,123,0
2022-03-18,Amador,005,37829,8512,637,9149,86
2022-03-18,Butte,007,227075,33090,6995,40085,427
2022-03-18,Calaveras,009,45235,7241,344,7585,119
2022-03-18,Colusa,011,21464,3442,1048,4490,21
2022-03-18,Contra Costa,013,1133247,191376,13296,204672,1297
2022-03-18,Del Norte,015,27424,5781,183,5964,49
2022-03-18,El Dorado,017,186661,26615,3179,29794,213
2022-03-18,Fresno,019,978130,234674,24269,258943,2747
2022-03-18,Glenn,021,27897,4988,1595,6583,56
2022-03-18,Humboldt,023,135768,16832,2923,19755,144
2022-03-18,Imperial,025,180216,55317,10504,65821,941
2022-03-18,Inyo,027,18085,4063,467,4530,56
2022-03-18,Kern,029,883053,191521,45693,237214,2334
2022-03-18,Kings,031,150075,51381,3509,54890,446
2022-03-18,Lake,033,64148,10676,878,11554,139
2022-03-18,Lassen,035,31185,8951,873,9824,62
2022-03-18,Los Angeles,037,10098052,2704355,122027,2826382,31665
2022-03-18,Madera,039,155013,37226,5998,43224,371
2022-03-18,Marin,041,260295,24823,2105,26928,238
2022-03-18,Mariposa,043,17540,2387,198,2585,27
2022-03-18,Mendocino,045,87422,13015,2995,16010,123
2022-03-18,Merced,047,269075,63227,8878,72105,814
2022-03-18,Modoc,049,8938,732,248,980,8
2022-03-18,Mono,051,14174,2964,122,3086,6
2022-03-18,Monterey,053,433212,79131,13494,92625,724
2022-03-18,Napa,055,140530,25716,927,26643,142
2022-03-18,Nevada,057,99092,15907,1187,17094,129
2022-03-18,Orange,059,3164182,546158,41390,587548,7068
2022-03-18,Placer,061,380077,62609,7318,69927,619
2022-03-18,Plumas,063,18699,2964,358,3322,13
2022-03-18,Riverside,065,2383286,590310,27638,617948,6430
2022-03-18,Sacramento,067,1510023,280160,26763,306923,3028
2022-03-18,San Benito,069,59416,12942,511,13453,94
2022-03-18,San Bernardino,071,2135413,573092,24807,597899,7769
2022-03-18,San Diego,073,3302833,748425,52106,800531,5317
2022-03-18,San Francisco,075,870044,123646,8119,131765,859
2022-03-18,San Joaquin,077,732212,166348,9845,176193,2240
2022-03-18,San Luis Obispo,079,281455,52300,3714,56014,474
2022-03-18,San Mateo,081,765935,121045,6871,127916,699
2022-03-18,Santa Barbara,083,443738,85516,4671,90187,682
2022-03-18,Santa Clara,085,1922200,313273,12207,325480,2287
2022-03-18,Santa Cruz,087,273765,47571,2066,49637,259
2022-03-18,Shasta,089,179085,30501,6074,36575,554
2022-03-18,Sierra,091,2930,271,47,318,4
2022-03-18,Siskiyou,093,43540,4422,2712,7134,83
2022-03-18,Solano,095,438530,81247,5524,86771,447
2022-03-18,Sonoma,097,501317,83125,2575,85700,489
2022-03-18,Stanislaus,099,539301,117370,17764,135134,1681
2022-03-18,Sutter,101,95872,20426,2046,22472,223
2022-03-18,Tehama,103,63373,12025,2563,14588,205
2022-03-18,Trinity,105,12862,1182,287,1469,20
2022-03-18,Tulare,107,460477,106231,27494,133725,1483
2022-03-18,Tuolumne,109,53932,12664,559,13223,181
2022-03-18,Ventura,111,848112,172637,9350,181987,1488
2022-03-18,Yolo,113,214977,36906,2887,39793,358
2022-03-18,Yuba,115,75493,15782,1177,16959,124
2022-03-17,Alameda,001,1643700,254940,13582,268522,1843
2022-03-17,Alpine,002,1148,122,1,123,0
2022-03-17,Amador,005,37829,8505,637,9142,86
2022-03-17,Butte,007,227075,33077,6993,40070,427
2022-03-17,Calaveras,009,45235,7238,344,7582,119
2022-03-17,Colusa,011,21464,3442,1048,4490,21
2022-03-17,Contra Costa,013,1133247,191312,13285,204597,1296
2022-03-17,Del Norte,015,27424,5779,183,5962,49
2022-03-17,El Dorado,017,186661,26609,3179,29788,213
2022-03-17,Fresno,019,978130,234624,24265,258889,2744
2022-03-17,Glenn,021,27897,4988,1595,6583,56
2022-03-17,Humboldt,023,135768,16828,2921,19749,144
2022-03-17,Imperial,025,180216,55306,10504,65810,941
2022-03-17,Inyo,027,18085,4063,467,4530,56
2022-03-17,Kern,029,883053,191490,45690,237180,2333
2022-03-17,Kings,031,150075,51378,3508,54886,445
2022-03-17,Lake,033,64148,10673,878,11551,139
2022-03-17,Lassen,035,31185,8949,873,9822,62
2022-03-17,Los Angeles,037,10098052,2703697,121992,2825689,31655
2022-03-17,Madera,039,155013,37222,5998,43220,371
2022-03-17,Marin,041,260295,24811,2104,26915,238
2022-03-17,Mariposa,043,17540,2387,198,2585,27
2022-03-17,Mendocino,045,87422,13011,2992,16003,123
2022-03-17,Merced,047,269075,63221,8875,72096,813
2022-03-17,Modoc,049,8938,732,248,980,8
2022-03-17,Mono,051,14174,2964,121,3085,6
2022-03-17,Monterey,053,433212,79108,13489,92597,724
2022-03-17,Napa,055,140530,25711,927,26638,142
2022-03-17,Nevada,057,99092,15904,1187,17091,129
2022-03-17,Orange,059,3164182,546064,41380,587444,7067
2022-03-17,Placer,061,380077,62593,7316,69909,618
2022-03-17,Plumas,063,18699,2963,358,3321,13
2022-03-17,Riverside,065,2383286,590230,27631,617861,6429
2022-03-17,Sacramento,067,1510023,280094,26757,306851,3027
2022-03-17,San Benito,069,59416,12941,511,13452,94
2022-03-17,San Bernardino,071,2135413,573028,24804,597832,7767
2022-03-17,San Diego,073,3302833,748250,52090,800340,5315
2022-03-17,San Francisco,075,870044,123566,8114,131680,859
2022-03-17,San Joaquin,077,732212,166328,9843,176171,2239
2022-03-17,San Luis Obispo,079,281455,52286,3712,55998,473
2022-03-17,San Mateo,081,765935,120997,6867,127864,699
2022-03-17,Santa Barbara,083,443738,85501,4671,90172,682
2022-03-17,Santa Clara,085,1922200,313152,12203,325355,2286
2022-03-17,Santa Cruz,087,273765,47555,2064,49619,259
2022-03-17,Shasta,089,179085,30497,6072,36569,554
2022-03-17,Sierra,091,2930,271,47,318,4
2022-03-17,Siskiyou,093,43540,4422,2712,7134,83
2022-03-17,Solano,095,438530,81218,5520,86738,447
2022-03-17,Sonoma,097,501317,83096,2573,85669,489
2022-03-17,Stanislaus,099,539301,117355,17759,135114,1677
2022-03-17,Sutter,101,95872,20416,2035,22451,223
2022-03-17,Tehama,103,63373,12025,2563,14588,205
2022-03-17,Trinity,105,12862,1182,287,1469,20
2022-03-17,Tulare,107,460477,106216,27484,133700,1481
2022-03-17,Tuolumne,109,53932,12662,558,13220,181
2022-03-17,Ventura,111,848112,172588,9348,181936,1488
2022-03-17,Yolo,113,214977,36892,2887,39779,358
2022-03-17,Yuba,115,75493,15780,1176,16956,124
2022-03-16,Alameda,001,1643700,254841,13579,268420,1843
2022-03-16,Alpine,002,1148,122,1,123,0
2022-03-16,Amador,005,37829,8497,637,9134,86
2022-03-16,Butte,007,227075,33066,6988,40054,427
2022-03-16,Calaveras,009,45235,7236,344,7580,119
2022-03-16,Colusa,011,21464,3442,1048,4490,21
2022-03-16,Contra Costa,013,1133247,191254,13274,204528,1295
2022-03-16,Del Norte,015,27424,5778,181,5959,49
2022-03-16,El Dorado,017,186661,26596,3178,29774,212
2022-03-16,Fresno,019,978130,234577,24254,258831,2740
2022-03-16,Glenn,021,27897,4987,1595,6582,56
2022-03-16,Humboldt,023,135768,16825,2921,19746,144
2022-03-16,Imperial,025,180216,55295,10503,65798,940
2022-03-16,Inyo,027,18085,4062,467,4529,56
2022-03-16,Kern,029,883053,191447,45683,237130,2332
2022-03-16,Kings,031,150075,51363,3508,54871,445
2022-03-16,Lake,033,64148,10671,877,11548,139
2022-03-16,Lassen,035,31185,8946,873,9819,62
2022-03-16,Los Angeles,037,10098052,2703066,121952,2825018,31640
2022-03-16,Madera,039,155013,37212,5997,43209,370
2022-03-16,Marin,041,260295,24790,2102,26892,238
2022-03-16,Mariposa,043,17540,2385,198,2583,27
2022-03-16,Mendocino,045,87422,13008,2991,15999,123
2022-03-16,Merced,047,269075,63205,8871,72076,812
2022-03-16,Modoc,049,8938,731,248,979,8
2022-03-16,Mono,051,14174,2964,121,3085,6
2022-03-16,Monterey,053,433212,79086,13484,92570,724
2022-03-16,Napa,055,140530,25702,927,26629,141
2022-03-16,Nevada,057,99092,15902,1187,17089,129
2022-03-16,Orange,059,3164182,545940,41357,587297,7066
2022-03-16,Placer,061,380077,62578,7314,69892,618
2022-03-16,Plumas,063,18699,2963,358,3321,13
2022-03-16,Riverside,065,2383286,590134,27628,617762,6427
2022-03-16,Sacramento,067,1510023,280025,26750,306775,3026
2022-03-16,San Benito,069,59416,12936,511,13447,94
2022-03-16,San Bernardino,071,2135413,572947,24797,597744,7763
2022-03-16,San Diego,073,3302833,748043,52066,800109,5311
2022-03-16,San Francisco,075,870044,123465,8107,131572,858
2022-03-16,San Joaquin,077,732212,166281,9840,176121,2238
2022-03-16,San Luis Obispo,079,281455,52268,3708,55976,473
2022-03-16,San Mateo,081,765935,120934,6859,127793,699
2022-03-16,Santa Barbara,083,443738,85468,4667,90135,681
2022-03-16,Santa Clara,085,1922200,312966,12188,325154,2286
2022-03-16,Santa Cruz,087,273765,47525,2064,49589,259
2022-03-16,Shasta,089,179085,30488,6068,36556,553
2022-03-16,Sierra,091,2930,271,47,318,4
2022-03-16,Siskiyou,093,43540,4420,2710,7130,83
2022-03-16,Solano,095,438530,81195,5518,86713,447
2022-03-16,Sonoma,097,501317,83053,2564,85617,488
2022-03-16,Stanislaus,099,539301,117329,17757,135086,1676
2022-03-16,Sutter,101,95872,20414,2034,22448,223
2022-03-16,Tehama,103,63373,12023,2563,14586,205
2022-03-16,Trinity,105,12862,1182,287,1469,20
2022-03-16,Tulare,107,460477,106203,27478,133681,1481
2022-03-16,Tuolumne,109,53932,12657,558,13215,181
2022-03-16,Ventura,111,848112,172547,9344,181891,1487
2022-03-16,Yolo,113,214977,36869,2886,39755,358
2022-03-16,Yuba,115,75493,15775,1176,16951,124
2022-03-15,Alameda,001,1643700,254707,13570,268277,1840
2022-03-15,Alpine,002,1148,122,1,123,0
2022-03-15,Amador,005,37829,8494,637,9131,86
2022-03-15,Butte,007,227075,33053,6987,40040,427
2022-03-15,Calaveras,009,45235,7234,344,7578,119
2022-03-15,Colusa,011,21464,3442,1048,4490,21
2022-03-15,Contra Costa,013,1133247,191173,13267,204440,1294
2022-03-15,Del Norte,015,27424,5775,178,5953,49
2022-03-15,El Dorado,017,186661,26593,3178,29771,212
2022-03-15,Fresno,019,978130,234534,24244,258778,2738
2022-03-15,Glenn,021,27897,4985,1595,6580,56
2022-03-15,Humboldt,023,135768,16819,2920,19739,144
2022-03-15,Imperial,025,180216,55284,10498,65782,940
2022-03-15,Inyo,027,18085,4062,466,4528,56
2022-03-15,Kern,029,883053,191418,45673,237091,2332
2022-03-15,Kings,031,150075,51344,3504,54848,445
2022-03-15,Lake,033,64148,10667,877,11544,139
2022-03-15,Lassen,035,31185,8944,873,9817,62
2022-03-15,Los Angeles,037,10098052,2702378,121895,2824273,31630
2022-03-15,Madera,039,155013,37203,5996,43199,370
2022-03-15,Marin,041,260295,24767,2101,26868,238
2022-03-15,Mariposa,043,17540,2383,198,2581,27
2022-03-15,Mendocino,045,87422,13003,2990,15993,123
2022-03-15,Merced,047,269075,63188,8862,72050,810
2022-03-15,Modoc,049,8938,731,248,979,8
2022-03-15,Mono,051,14174,2964,121,3085,6
2022-03-15,Monterey,053,433212,79056,13475,92531,724
2022-03-15,Napa,055,140530,25694,925,26619,141
2022-03-15,Nevada,057,99092,15900,1185,17085,129
2022-03-15,Orange,059,3164182,545799,41350,587149,7064
2022-03-15,Placer,061,380077,62560,7310,69870,618
2022-03-15,Plumas,063,18699,2962,358,3320,13
2022-03-15,Riverside,065,2383286,590037,27620,617657,6424
2022-03-15,Sacramento,067,1510023,279940,26744,306684,3023
2022-03-15,San Benito,069,59416,12931,511,13442,94
2022-03-15,San Bernardino,071,2135413,572870,24794,597664,7761
2022-03-15,San Diego,073,3302833,747800,52044,799844,5309
2022-03-15,San Francisco,075,870044,123349,8098,131447,858
2022-03-15,San Joaquin,077,732212,166238,9834,176072,2238
2022-03-15,San Luis Obispo,079,281455,52258,3704,55962,473
2022-03-15,San Mateo,081,765935,120882,6853,127735,699
2022-03-15,Santa Barbara,083,443738,85443,4663,90106,681
2022-03-15,Santa Clara,085,1922200,312802,12177,324979,2286
2022-03-15,Santa Cruz,087,273765,47472,2064,49536,259
2022-03-15,Shasta,089,179085,30479,6065,36544,552
2022-03-15,Sierra,091,2930,271,47,318,4
2022-03-15,Siskiyou,093,43540,4420,2710,7130,83
2022-03-15,Solano,095,438530,81159,5517,86676,447
2022-03-15,Sonoma,097,501317,83013,2564,85577,488
2022-03-15,Stanislaus,099,539301,117311,17754,135065,1675
2022-03-15,Sutter,101,95872,20411,2025,22436,223
2022-03-15,Tehama,103,63373,12020,2563,14583,205
2022-03-15,Trinity,105,12862,1182,287,1469,20
2022-03-15,Tulare,107,460477,106184,27466,133650,1480
2022-03-15,Tuolumne,109,53932,12653,558,13211,181
2022-03-15,Ventura,111,848112,172502,9341,181843,1486
2022-03-15,Yolo,113,214977,36854,2882,39736,358
2022-03-15,Yuba,115,75493,15767,1176,16943,124
2022-03-14,Alameda,001,1643700,254595,13566,268161,1838
2022-03-14,Alpine,002,1148,122,1,123,0
2022-03-14,Amador,005,37829,8489,637,9126,86
2022-03-14,Butte,007,227075,33037,6987,40024,427
2022-03-14,Calaveras,009,45235,7233,344,7577,119
2022-03-14,Colusa,011,21464,3441,1048,4489,21
2022-03-14,Contra Costa,013,1133247,191081,13259,204340,1292
2022-03-14,Del Norte,015,27424,5769,178,5947,49
2022-03-14,El Dorado,017,186661,26587,3178,29765,212
2022-03-14,Fresno,019,978130,234462,24234,258696,2738
2022-03-14,Glenn,021,27897,4983,1595,6578,56
2022-03-14,Humboldt,023,135768,16812,2918,19730,144
2022-03-14,Imperial,025,180216,55273,10497,65770,940
2022-03-14,Inyo,027,18085,4062,466,4528,56
2022-03-14,Kern,029,883053,191383,45662,237045,2332
2022-03-14,Kings,031,150075,51326,3503,54829,445
2022-03-14,Lake,033,64148,10664,877,11541,139
2022-03-14,Lassen,035,31185,8944,872,9816,62
2022-03-14,Los Angeles,037,10098052,2701747,121830,2823577,31619
2022-03-14,Madera,039,155013,37196,5995,43191,370
2022-03-14,Marin,041,260295,24739,2101,26840,238
2022-03-14,Mariposa,043,17540,2382,198,2580,27
2022-03-14,Mendocino,045,87422,12998,2983,15981,123
2022-03-14,Merced,047,269075,63169,8860,72029,810
2022-03-14,Modoc,049,8938,730,248,978,8
2022-03-14,Mono,051,14174,2963,121,3084,6
2022-03-14,Monterey,053,433212,79041,13440,92481,724
2022-03-14,Napa,055,140530,25680,925,26605,141
2022-03-14,Nevada,057,99092,15898,1185,17083,129
2022-03-14,Orange,059,3164182,545660,41336,586996,7062
2022-03-14,Placer,061,380077,62542,7308,69850,618
2022-03-14,Plumas,063,18699,2962,358,3320,13
2022-03-14,Riverside,065,2383286,589902,27611,617513,6423
2022-03-14,Sacramento,067,1510023,279857,26737,306594,3019
2022-03-14,San Benito,069,59416,12926,511,13437,94
2022-03-14,San Bernardino,071,2135413,572783,24789,597572,7759
2022-03-14,San Diego,073,3302833,747498,52015,799513,5307
2022-03-14,San Francisco,075,870044,123257,8091,131348,857
2022-03-14,San Joaquin,077,732212,166199,9833,176032,2238
2022-03-14,San Luis Obispo,079,281455,52230,3701,55931,471
2022-03-14,San Mateo,081,765935,120809,6851,127660,699
2022-03-14,Santa Barbara,083,443738,85406,4662,90068,681
2022-03-14,Santa Clara,085,1922200,312610,12174,324784,2286
2022-03-14,Santa Cruz,087,273765,47434,2062,49496,259
2022-03-14,Shasta,089,179085,30474,6062,36536,551
2022-03-14,Sierra,091,2930,271,47,318,4
2022-03-14,Siskiyou,093,43540,4415,2709,7124,83
2022-03-14,Solano,095,438530,81110,5512,86622,447
2022-03-14,Sonoma,097,501317,82978,2560,85538,487
2022-03-14,Stanislaus,099,539301,117276,17750,135026,1673
2022-03-14,Sutter,101,95872,20405,2025,22430,222
2022-03-14,Tehama,103,63373,12018,2563,14581,205
2022-03-14,Trinity,105,12862,1182,287,1469,20
2022-03-14,Tulare,107,460477,106158,27459,133617,1479
2022-03-14,Tuolumne,109,53932,12652,557,13209,181
2022-03-14,Ventura,111,848112,172449,9339,181788,1484
2022-03-14,Yolo,113,214977,36838,2880,39718,358
2022-03-14,Yuba,115,75493,15755,1176,16931,124
2022-03-13,Alameda,001,1643700,254468,13558,268026,1838
2022-03-13,Alpine,002,1148,122,1,123,0
2022-03-13,Amador,005,37829,8487,637,9124,86
2022-03-13,Butte,007,227075,33018,6984,40002,427
2022-03-13,Calaveras,009,45235,7228,344,7572,119
2022-03-13,Colusa,011,21464,3441,1046,4487,21
2022-03-13,Contra Costa,013,1133247,190982,13246,204228,1292
2022-03-13,Del Norte,015,27424,5765,178,5943,49
2022-03-13,El Dorado,017,186661,26582,3177,29759,211
2022-03-13,Fresno,019,978130,234379,24220,258599,2737
2022-03-13,Glenn,021,27897,4980,1594,6574,56
2022-03-13,Humboldt,023,135768,16804,2918,19722,144
2022-03-13,Imperial,025,180216,55262,10495,65757,940
2022-03-13,Inyo,027,18085,4062,465,4527,56
2022-03-13,Kern,029,883053,191329,45650,236979,2331
2022-03-13,Kings,031,150075,51317,3503,54820,445
2022-03-13,Lake,033,64148,10661,877,11538,139
2022-03-13,Lassen,035,31185,8943,871,9814,62
2022-03-13,Los Angeles,037,10098052,2701022,121788,2822810,31613
2022-03-13,Madera,039,155013,37188,5995,43183,370
2022-03-13,Marin,041,260295,24715,2099,26814,238
2022-03-13,Mariposa,043,17540,2380,198,2578,27
2022-03-13,Mendocino,045,87422,12992,2978,15970,121
2022-03-13,Merced,047,269075,63147,8850,71997,810
2022-03-13,Modoc,049,8938,730,248,978,8
2022-03-13,Mono,051,14174,2963,121,3084,6
2022-03-13,Monterey,053,433212,79005,13392,92397,724
2022-03-13,Napa,055,140530,25662,924,26586,141
2022-03-13,Nevada,057,99092,15891,1185,17076,129
2022-03-13,Orange,059,3164182,545540,41312,586852,7058
2022-03-13,Placer,061,380077,62518,7305,69823,618
2022-03-13,Plumas,063,18699,2962,358,3320,13
2022-03-13,Riverside,065,2383286,589768,27604,617372,6423
2022-03-13,Sacramento,067,1510023,279748,26724,306472,3017
2022-03-13,San Benito,069,59416,12920,509,13429,94
2022-03-13,San Bernardino,071,2135413,572691,24779,597470,7753
2022-03-13,San Diego,073,3302833,747157,51981,799138,5306
2022-03-13,San Francisco,075,870044,123137,8085,131222,856
2022-03-13,San Joaquin,077,732212,166150,9831,175981,2234
2022-03-13,San Luis Obispo,079,281455,52200,3699,55899,471
2022-03-13,San Mateo,081,765935,120731,6842,127573,699
2022-03-13,Santa Barbara,083,443738,85366,4660,90026,680
2022-03-13,Santa Clara,085,1922200,312424,12166,324590,2286
2022-03-13,Santa Cruz,087,273765,47382,2062,49444,259
2022-03-13,Shasta,089,179085,30457,6060,36517,551
2022-03-13,Sierra,091,2930,271,47,318,4
2022-03-13,Siskiyou,093,43540,4415,2709,7124,83
2022-03-13,Solano,095,438530,81074,5507,86581,447
2022-03-13,Sonoma,097,501317,82944,2556,85500,486
2022-03-13,Stanislaus,099,539301,117243,17745,134988,1672
2022-03-13,Sutter,101,95872,20401,2025,22426,222
2022-03-13,Tehama,103,63373,12017,2562,14579,204
2022-03-13,Trinity,105,12862,1182,287,1469,20
2022-03-13,Tulare,107,460477,106124,27451,133575,1479
2022-03-13,Tuolumne,109,53932,12649,557,13206,181
2022-03-13,Ventura,111,848112,172391,9332,181723,1483
2022-03-13,Yolo,113,214977,36819,2878,39697,356
2022-03-13,Yuba,115,75493,15750,1176,16926,124
2022-03-12,Alameda,001,1643700,254401,13553,267954,1836
2022-03-12,Alpine,002,1148,122,1,123,0
2022-03-12,Amador,005,37829,8483,637,9120,86
2022-03-12,Butte,007,227075,33013,6982,39995,427
2022-03-12,Calaveras,009,45235,7227,344,7571,119
2022-03-12,Colusa,011,21464,3441,1046,4487,21
2022-03-12,Contra Costa,013,1133247,190940,13245,204185,1291
2022-03-12,Del Norte,015,27424,5764,178,5942,49
2022-03-12,El Dorado,017,186661,26578,3177,29755,211
2022-03-12,Fresno,019,978130,234357,24220,258577,2735
2022-03-12,Glenn,021,27897,4980,1594,6574,56
2022-03-12,Humboldt,023,135768,16800,2917,19717,144
2022-03-12,Imperial,025,180216,55257,10492,65749,939
2022-03-12,Inyo,027,18085,4062,465,4527,56
2022-03-12,Kern,029,883053,191312,45645,236957,2327
2022-03-12,Kings,031,150075,51311,3503,54814,445
2022-03-12,Lake,033,64148,10659,876,11535,139
2022-03-12,Lassen,035,31185,8942,871,9813,62
2022-03-12,Los Angeles,037,10098052,2700696,121766,2822462,31604
2022-03-12,Madera,039,155013,37183,5995,43178,370
2022-03-12,Marin,041,260295,24690,2098,26788,238
2022-03-12,Mariposa,043,17540,2380,198,2578,27
2022-03-12,Mendocino,045,87422,12988,2978,15966,121
2022-03-12,Merced,047,269075,63140,8848,71988,810
2022-03-12,Modoc,049,8938,730,248,978,8
2022-03-12,Mono,051,14174,2963,120,3083,6
2022-03-12,Monterey,053,433212,78998,13390,92388,723
2022-03-12,Napa,055,140530,25652,923,26575,141
2022-03-12,Nevada,057,99092,15885,1185,17070,129
2022-03-12,Orange,059,3164182,545475,41303,586778,7052
2022-03-12,Placer,061,380077,62508,7305,69813,618
2022-03-12,Plumas,063,18699,2962,358,3320,13
2022-03-12,Riverside,065,2383286,589702,27599,617301,6421
2022-03-12,Sacramento,067,1510023,279708,26719,306427,3016
2022-03-12,San Benito,069,59416,12917,509,13426,94
2022-03-12,San Bernardino,071,2135413,572643,24778,597421,7750
2022-03-12,San Diego,073,3302833,747035,51959,798994,5304
2022-03-12,San Francisco,075,870044,123072,8079,131151,856
2022-03-12,San Joaquin,077,732212,166129,9828,175957,2234
2022-03-12,San Luis Obispo,079,281455,52191,3696,55887,470
2022-03-12,San Mateo,081,765935,120695,6841,127536,699
2022-03-12,Santa Barbara,083,443738,85347,4660,90007,679
2022-03-12,Santa Clara,085,1922200,312320,12161,324481,2286
2022-03-12,Santa Cruz,087,273765,47369,2061,49430,259
2022-03-12,Shasta,089,179085,30445,6058,36503,550
2022-03-12,Sierra,091,2930,271,47,318,4
2022-03-12,Siskiyou,093,43540,4415,2709,7124,82
2022-03-12,Solano,095,438530,81060,5507,86567,447
2022-03-12,Sonoma,097,501317,82927,2554,85481,486
2022-03-12,Stanislaus,099,539301,117229,17744,134973,1670
2022-03-12,Sutter,101,95872,20400,2025,22425,222
2022-03-12,Tehama,103,63373,12017,2562,14579,203
2022-03-12,Trinity,105,12862,1181,287,1468,20
2022-03-12,Tulare,107,460477,106119,27447,133566,1479
2022-03-12,Tuolumne,109,53932,12648,557,13205,181
2022-03-12,Ventura,111,848112,172366,9331,181697,1483
2022-03-12,Yolo,113,214977,36812,2876,39688,356
2022-03-12,Yuba,115,75493,15750,1176,16926,124
2022-03-11,Alameda,001,1643700,254339,13553,267892,1836
2022-03-11,Alpine,002,1148,122,1,123,0
2022-03-11,Amador,005,37829,8481,637,9118,86
2022-03-11,Butte,007,227075,33009,6981,39990,427
2022-03-11,Calaveras,009,45235,7227,344,7571,119
2022-03-11,Colusa,011,21464,3441,1046,4487,21
2022-03-11,Contra Costa,013,1133247,190891,13243,204134,1290
2022-03-11,Del Norte,015,27424,5760,178,5938,49
2022-03-11,El Dorado,017,186661,26574,3177,29751,211
2022-03-11,Fresno,019,978130,234302,24216,258518,2735
2022-03-11,Glenn,021,27897,4980,1594,6574,56
2022-03-11,Humboldt,023,135768,16795,2916,19711,144
2022-03-11,Imperial,025,180216,55251,10491,65742,939
2022-03-11,Inyo,027,18085,4062,465,4527,56
2022-03-11,Kern,029,883053,191290,45640,236930,2326
2022-03-11,Kings,031,150075,51292,3503,54795,445
2022-03-11,Lake,033,64148,10655,876,11531,139
2022-03-11,Lassen,035,31185,8941,871,9812,62
2022-03-11,Los Angeles,037,10098052,2700375,121738,2822113,31585
2022-03-11,Madera,039,155013,37178,5995,43173,370
2022-03-11,Marin,041,260295,24674,2097,26771,238
2022-03-11,Mariposa,043,17540,2379,198,2577,27
2022-03-11,Mendocino,045,87422,12982,2978,15960,121
2022-03-11,Merced,047,269075,63133,8846,71979,809
2022-03-11,Modoc,049,8938,730,248,978,8
2022-03-11,Mono,051,14174,2962,120,3082,6
2022-03-11,Monterey,053,433212,78985,13383,92368,722
2022-03-11,Napa,055,140530,25641,923,26564,140
2022-03-11,Nevada,057,99092,15882,1185,17067,129
2022-03-11,Orange,059,3164182,545406,41289,586695,7050
2022-03-11,Placer,061,380077,62495,7304,69799,618
2022-03-11,Plumas,063,18699,2960,358,3318,13
2022-03-11,Riverside,065,2383286,589624,27595,617219,6420
2022-03-11,Sacramento,067,1510023,279638,26717,306355,3015
2022-03-11,San Benito,069,59416,12916,509,13425,94
2022-03-11,San Bernardino,071,2135413,572586,24773,597359,7749
2022-03-11,San Diego,073,3302833,746869,51945,798814,5302
2022-03-11,San Francisco,075,870044,123016,8075,131091,854
2022-03-11,San Joaquin,077,732212,166091,9825,175916,2233
2022-03-11,San Luis Obispo,079,281455,52183,3695,55878,469
2022-03-11,San Mateo,081,765935,120646,6838,127484,699
2022-03-11,Santa Barbara,083,443738,85327,4659,89986,679
2022-03-11,Santa Clara,085,1922200,312183,12158,324341,2283
2022-03-11,Santa Cruz,087,273765,47354,2061,49415,257
2022-03-11,Shasta,089,179085,30440,6055,36495,549
2022-03-11,Sierra,091,2930,271,47,318,4
2022-03-11,Siskiyou,093,43540,4415,2707,7122,82
2022-03-11,Solano,095,438530,81046,5506,86552,447
2022-03-11,Sonoma,097,501317,82901,2552,85453,486
2022-03-11,Stanislaus,099,539301,117215,17742,134957,1669
2022-03-11,Sutter,101,95872,20398,2025,22423,222
2022-03-11,Tehama,103,63373,12015,2562,14577,203
2022-03-11,Trinity,105,12862,1181,287,1468,20
2022-03-11,Tulare,107,460477,106106,27441,133547,1479
2022-03-11,Tuolumne,109,53932,12646,557,13203,181
2022-03-11,Ventura,111,848112,172330,9326,181656,1482
2022-03-11,Yolo,113,214977,36801,2876,39677,356
2022-03-11,Yuba,115,75493,15747,1176,16923,124
2022-03-10,Alameda,001,1643700,254214,13549,267763,1834
2022-03-10,Alpine,002,1148,122,1,123,0
2022-03-10,Amador,005,37829,8480,637,9117,86
2022-03-10,Butte,007,227075,32993,6979,39972,427
2022-03-10,Calaveras,009,45235,7226,343,7569,119
2022-03-10,Colusa,011,21464,3441,1046,4487,21
2022-03-10,Contra Costa,013,1133247,190807,13233,204040,1289
2022-03-10,Del Norte,015,27424,5751,178,5929,48
2022-03-10,El Dorado,017,186661,26563,3176,29739,211
2022-03-10,Fresno,019,978130,234226,24206,258432,2734
2022-03-10,Glenn,021,27897,4977,1594,6571,56
2022-03-10,Humboldt,023,135768,16786,2915,19701,143
2022-03-10,Imperial,025,180216,55241,10490,65731,939
2022-03-10,Inyo,027,18085,4061,465,4526,56
2022-03-10,Kern,029,883053,191257,45626,236883,2323
2022-03-10,Kings,031,150075,51263,3502,54765,445
2022-03-10,Lake,033,64148,10645,875,11520,139
2022-03-10,Lassen,035,31185,8941,871,9812,62
2022-03-10,Los Angeles,037,10098052,2699821,121697,2821518,31564
2022-03-10,Madera,039,155013,37172,5988,43160,370
2022-03-10,Marin,041,260295,24661,2093,26754,238
2022-03-10,Mariposa,043,17540,2379,198,2577,27
2022-03-10,Mendocino,045,87422,12978,2978,15956,121
2022-03-10,Merced,047,269075,63113,8841,71954,809
2022-03-10,Modoc,049,8938,729,248,977,8
2022-03-10,Mono,051,14174,2962,120,3082,6
2022-03-10,Monterey,053,433212,78962,13358,92320,722
2022-03-10,Napa,055,140530,25632,922,26554,140
2022-03-10,Nevada,057,99092,15875,1185,17060,129
2022-03-10,Orange,059,3164182,545285,41271,586556,7046
2022-03-10,Placer,061,380077,62474,7299,69773,618
2022-03-10,Plumas,063,18699,2959,358,3317,13
2022-03-10,Riverside,065,2383286,589509,27590,617099,6418
2022-03-10,Sacramento,067,1510023,279561,26710,306271,3013
2022-03-10,San Benito,069,59416,12915,508,13423,94
2022-03-10,San Bernardino,071,2135413,572513,24769,597282,7746
2022-03-10,San Diego,073,3302833,746612,51914,798526,5300
2022-03-10,San Francisco,075,870044,122948,8069,131017,853
2022-03-10,San Joaquin,077,732212,166058,9823,175881,2233
2022-03-10,San Luis Obispo,079,281455,52160,3692,55852,469
2022-03-10,San Mateo,081,765935,120583,6836,127419,699
2022-03-10,Santa Barbara,083,443738,85296,4658,89954,679
2022-03-10,Santa Clara,085,1922200,312011,12151,324162,2282
2022-03-10,Santa Cruz,087,273765,47322,2061,49383,257
2022-03-10,Shasta,089,179085,30431,6053,36484,547
2022-03-10,Sierra,091,2930,271,47,318,4
2022-03-10,Siskiyou,093,43540,4415,2707,7122,82
2022-03-10,Solano,095,438530,81010,5501,86511,446
2022-03-10,Sonoma,097,501317,82874,2552,85426,486
2022-03-10,Stanislaus,099,539301,117180,17740,134920,1667
2022-03-10,Sutter,101,95872,20394,2025,22419,222
2022-03-10,Tehama,103,63373,12014,2562,14576,202
2022-03-10,Trinity,105,12862,1181,287,1468,20
2022-03-10,Tulare,107,460477,106087,27435,133522,1479
2022-03-10,Tuolumne,109,53932,12643,557,13200,181
2022-03-10,Ventura,111,848112,172289,9323,181612,1480
2022-03-10,Yolo,113,214977,36788,2875,39663,355
2022-03-10,Yuba,115,75493,15737,1175,16912,124
2022-03-09,Alameda,001,1643700,254082,13545,267627,1833
2022-03-09,Alpine,002,1148,122,1,123,0
2022-03-09,Amador,005,37829,8474,637,9111,86
2022-03-09,Butte,007,227075,32984,6975,39959,426
2022-03-09,Calaveras,009,45235,7224,343,7567,119
2022-03-09,Colusa,011,21464,3440,1046,4486,21
2022-03-09,Contra Costa,013,1133247,190701,13218,203919,1289
2022-03-09,Del Norte,015,27424,5747,178,5925,48
2022-03-09,El Dorado,017,186661,26559,3175,29734,211
2022-03-09,Fresno,019,978130,234125,24198,258323,2733
2022-03-09,Glenn,021,27897,4977,1593,6570,56
2022-03-09,Humboldt,023,135768,16781,2912,19693,143
2022-03-09,Imperial,025,180216,55235,10488,65723,939
2022-03-09,Inyo,027,18085,4061,465,4526,56
2022-03-09,Kern,029,883053,191209,45613,236822,2322
2022-03-09,Kings,031,150075,51242,3502,54744,444
2022-03-09,Lake,033,64148,10638,875,11513,138
2022-03-09,Lassen,035,31185,8941,871,9812,62
2022-03-09,Los Angeles,037,10098052,2699176,121657,2820833,31540
2022-03-09,Madera,039,155013,37164,5987,43151,370
2022-03-09,Marin,041,260295,24643,2093,26736,238
2022-03-09,Mariposa,043,17540,2376,198,2574,27
2022-03-09,Mendocino,045,87422,12974,2973,15947,121
2022-03-09,Merced,047,269075,63096,8835,71931,809
2022-03-09,Modoc,049,8938,728,247,975,8
2022-03-09,Mono,051,14174,2962,120,3082,6
2022-03-09,Monterey,053,433212,78939,13315,92254,722
2022-03-09,Napa,055,140530,25611,921,26532,140
2022-03-09,Nevada,057,99092,15866,1184,17050,129
2022-03-09,Orange,059,3164182,545154,41259,586413,7039
2022-03-09,Placer,061,380077,62451,7295,69746,617
2022-03-09,Plumas,063,18699,2958,358,3316,13
2022-03-09,Riverside,065,2383286,589397,27580,616977,6415
2022-03-09,Sacramento,067,1510023,279472,26692,306164,3011
2022-03-09,San Benito,069,59416,12898,508,13406,94
2022-03-09,San Bernardino,071,2135413,572411,24758,597169,7741
2022-03-09,San Diego,073,3302833,746340,51888,798228,5296
2022-03-09,San Francisco,075,870044,122857,8065,130922,853
2022-03-09,San Joaquin,077,732212,166018,9817,175835,2233
2022-03-09,San Luis Obispo,079,281455,52141,3690,55831,467
2022-03-09,San Mateo,081,765935,120525,6824,127349,699
2022-03-09,Santa Barbara,083,443738,85282,4656,89938,677
2022-03-09,Santa Clara,085,1922200,311856,12141,323997,2278
2022-03-09,Santa Cruz,087,273765,47282,2060,49342,257
2022-03-09,Shasta,089,179085,30409,6052,36461,546
2022-03-09,Sierra,091,2930,271,47,318,4
2022-03-09,Siskiyou,093,43540,4414,2706,7120,81
2022-03-09,Solano,095,438530,80974,5500,86474,446
2022-03-09,Sonoma,097,501317,82841,2550,85391,486
2022-03-09,Stanislaus,099,539301,117143,17735,134878,1665
2022-03-09,Sutter,101,95872,20383,2021,22404,222
2022-03-09,Tehama,103,63373,12010,2562,14572,202
2022-03-09,Trinity,105,12862,1181,287,1468,20
2022-03-09,Tulare,107,460477,106059,27422,133481,1479
2022-03-09,Tuolumne,109,53932,12641,557,13198,181
2022-03-09,Ventura,111,848112,172238,9320,181558,1480
2022-03-09,Yolo,113,214977,36769,2863,39632,355
2022-03-09,Yuba,115,75493,15732,1174,16906,123
2022-03-08,Alameda,001,1643700,253925,13533,267458,1831
2022-03-08,Alpine,002,1148,122,1,123,0
2022-03-08,Amador,005,37829,8460,637,9097,86
2022-03-08,Butte,007,227075,32970,6971,39941,426
2022-03-08,Calaveras,009,45235,7220,343,7563,119
2022-03-08,Colusa,011,21464,3437,1045,4482,21
2022-03-08,Contra Costa,013,1133247,190614,13205,203819,1288
2022-03-08,Del Norte,015,27424,5742,178,5920,47
2022-03-08,El Dorado,017,186661,26549,3170,29719,211
2022-03-08,Fresno,019,978130,234027,24189,258216,2731
2022-03-08,Glenn,021,27897,4975,1592,6567,56
2022-03-08,Humboldt,023,135768,16769,2899,19668,143
2022-03-08,Imperial,025,180216,55220,10486,65706,938
2022-03-08,Inyo,027,18085,4058,465,4523,56
2022-03-08,Kern,029,883053,191146,45599,236745,2320
2022-03-08,Kings,031,150075,51200,3500,54700,444
2022-03-08,Lake,033,64148,10628,875,11503,138
2022-03-08,Lassen,035,31185,8940,871,9811,62
2022-03-08,Los Angeles,037,10098052,2698484,121621,2820105,31522
2022-03-08,Madera,039,155013,37154,5986,43140,370
2022-03-08,Marin,041,260295,24606,2092,26698,237
2022-03-08,Mariposa,043,17540,2374,198,2572,27
2022-03-08,Mendocino,045,87422,12970,2972,15942,121
2022-03-08,Merced,047,269075,63075,8824,71899,809
2022-03-08,Modoc,049,8938,727,247,974,8
2022-03-08,Mono,051,14174,2961,120,3081,6
2022-03-08,Monterey,053,433212,78919,13278,92197,721
2022-03-08,Napa,055,140530,25585,920,26505,140
2022-03-08,Nevada,057,99092,15855,1183,17038,129
2022-03-08,Orange,059,3164182,545006,41239,586245,7033
2022-03-08,Placer,061,380077,62423,7294,69717,617
2022-03-08,Plumas,063,18699,2958,358,3316,13
2022-03-08,Riverside,065,2383286,589288,27573,616861,6413
2022-03-08,Sacramento,067,1510023,279370,26671,306041,3005
2022-03-08,San Benito,069,59416,12896,508,13404,94
2022-03-08,San Bernardino,071,2135413,572318,24748,597066,7738
2022-03-08,San Diego,073,3302833,745997,51871,797868,5292
2022-03-08,San Francisco,075,870044,122761,8060,130821,852
2022-03-08,San Joaquin,077,732212,165982,9813,175795,2233
2022-03-08,San Luis Obispo,079,281455,52113,3687,55800,464
2022-03-08,San Mateo,081,765935,120444,6814,127258,699
2022-03-08,Santa Barbara,083,443738,85250,4656,89906,676
2022-03-08,Santa Clara,085,1922200,311629,12134,323763,2275
2022-03-08,Santa Cruz,087,273765,47245,2059,49304,256
2022-03-08,Shasta,089,179085,30390,6049,36439,546
2022-03-08,Sierra,091,2930,271,47,318,4
2022-03-08,Siskiyou,093,43540,4410,2706,7116,81
2022-03-08,Solano,095,438530,80946,5497,86443,446
2022-03-08,Sonoma,097,501317,82794,2549,85343,486
2022-03-08,Stanislaus,099,539301,117099,17726,134825,1664
2022-03-08,Sutter,101,95872,20375,2021,22396,222
2022-03-08,Tehama,103,63373,12006,2561,14567,202
2022-03-08,Trinity,105,12862,1181,287,1468,20
2022-03-08,Tulare,107,460477,106021,27411,133432,1479
2022-03-08,Tuolumne,109,53932,12636,555,13191,181
2022-03-08,Ventura,111,848112,172174,9313,181487,1479
2022-03-08,Yolo,113,214977,36743,2862,39605,355
2022-03-08,Yuba,115,75493,15727,1173,16900,123
2022-03-07,Alameda,001,1643700,253716,13522,267238,1830
2022-03-07,Alpine,002,1148,122,1,123,0
2022-03-07,Amador,005,37829,8457,637,9094,86
2022-03-07,Butte,007,227075,32955,6967,39922,426
2022-03-07,Calaveras,009,45235,7216,343,7559,118
2022-03-07,Colusa,011,21464,3437,1045,4482,21
2022-03-07,Contra Costa,013,1133247,190514,13184,203698,1287
2022-03-07,Del Norte,015,27424,5738,178,5916,47
2022-03-07,El Dorado,017,186661,26543,3169,29712,211
2022-03-07,Fresno,019,978130,233936,24165,258101,2728
2022-03-07,Glenn,021,27897,4972,1592,6564,56
2022-03-07,Humboldt,023,135768,16756,2894,19650,143
2022-03-07,Imperial,025,180216,55198,10481,65679,938
2022-03-07,Inyo,027,18085,4056,465,4521,56
2022-03-07,Kern,029,883053,191082,45576,236658,2318
2022-03-07,Kings,031,150075,51170,3495,54665,444
2022-03-07,Lake,033,64148,10616,874,11490,138
2022-03-07,Lassen,035,31185,8939,871,9810,62
2022-03-07,Los Angeles,037,10098052,2697686,121579,2819265,31504
2022-03-07,Madera,039,155013,37144,5984,43128,370
2022-03-07,Marin,041,260295,24569,2089,26658,237
2022-03-07,Mariposa,043,17540,2373,198,2571,27
2022-03-07,Mendocino,045,87422,12963,2971,15934,121
2022-03-07,Merced,047,269075,63035,8817,71852,808
2022-03-07,Modoc,049,8938,727,247,974,8
2022-03-07,Mono,051,14174,2961,120,3081,6
2022-03-07,Monterey,053,433212,78885,13230,92115,720
2022-03-07,Napa,055,140530,25557,920,26477,140
2022-03-07,Nevada,057,99092,15848,1177,17025,129
2022-03-07,Orange,059,3164182,544833,41213,586046,7030
2022-03-07,Placer,061,380077,62394,7293,69687,615
2022-03-07,Plumas,063,18699,2958,358,3316,13
2022-03-07,Riverside,065,2383286,589161,27565,616726,6408
2022-03-07,Sacramento,067,1510023,279269,26656,305925,3002
2022-03-07,San Benito,069,59416,12890,508,13398,94
2022-03-07,San Bernardino,071,2135413,572213,24738,596951,7733
2022-03-07,San Diego,073,3302833,745655,51828,797483,5290
2022-03-07,San Francisco,075,870044,122649,8054,130703,850
2022-03-07,San Joaquin,077,732212,165931,9806,175737,2231
2022-03-07,San Luis Obispo,079,281455,52068,3685,55753,464
2022-03-07,San Mateo,081,765935,120368,6807,127175,699
2022-03-07,Santa Barbara,083,443738,85211,4655,89866,674
2022-03-07,Santa Clara,085,1922200,311433,12126,323559,2273
2022-03-07,Santa Cruz,087,273765,47195,2058,49253,256
2022-03-07,Shasta,089,179085,30377,6046,36423,546
2022-03-07,Sierra,091,2930,271,47,318,4
2022-03-07,Siskiyou,093,43540,4406,2705,7111,80
2022-03-07,Solano,095,438530,80889,5495,86384,446
2022-03-07,Sonoma,097,501317,82749,2548,85297,486
2022-03-07,Stanislaus,099,539301,117060,17719,134779,1662
2022-03-07,Sutter,101,95872,20364,2020,22384,222
2022-03-07,Tehama,103,63373,12001,2560,14561,202
2022-03-07,Trinity,105,12862,1179,287,1466,20
2022-03-07,Tulare,107,460477,105984,27401,133385,1479
2022-03-07,Tuolumne,109,53932,12630,554,13184,181
2022-03-07,Ventura,111,848112,172123,9311,181434,1478
2022-03-07,Yolo,113,214977,36720,2856,39576,355
2022-03-07,Yuba,115,75493,15720,1172,16892,122
2022-03-06,Alameda,001,1643700,253523,13513,267036,1829
2022-03-06,Alpine,002,1148,122,1,123,0
2022-03-06,Amador,005,37829,8454,635,9089,86
2022-03-06,Butte,007,227075,32943,6962,39905,425
2022-03-06,Calaveras,009,45235,7214,342,7556,118
2022-03-06,Colusa,011,21464,3435,1044,4479,21
2022-03-06,Contra Costa,013,1133247,190400,13159,203559,1287
2022-03-06,Del Norte,015,27424,5723,177,5900,47
2022-03-06,El Dorado,017,186661,26536,3167,29703,211
2022-03-06,Fresno,019,978130,233794,24155,257949,2727
2022-03-06,Glenn,021,27897,4968,1592,6560,55
2022-03-06,Humboldt,023,135768,16746,2891,19637,143
2022-03-06,Imperial,025,180216,55180,10471,65651,938
2022-03-06,Inyo,027,18085,4054,465,4519,56
2022-03-06,Kern,029,883053,191026,45556,236582,2314
2022-03-06,Kings,031,150075,51100,3493,54593,443
2022-03-06,Lake,033,64148,10602,873,11475,138
2022-03-06,Lassen,035,31185,8926,870,9796,62
2022-03-06,Los Angeles,037,10098052,2696762,121525,2818287,31478
2022-03-06,Madera,039,155013,37114,5977,43091,370
2022-03-06,Marin,041,260295,24543,2088,26631,236
2022-03-06,Mariposa,043,17540,2372,197,2569,27
2022-03-06,Mendocino,045,87422,12951,2967,15918,121
2022-03-06,Merced,047,269075,63003,8799,71802,808
2022-03-06,Modoc,049,8938,727,247,974,8
2022-03-06,Mono,051,14174,2961,120,3081,6
2022-03-06,Monterey,053,433212,78839,13199,92038,720
2022-03-06,Napa,055,140530,25522,918,26440,140
2022-03-06,Nevada,057,99092,15837,1176,17013,129
2022-03-06,Orange,059,3164182,544676,41166,585842,7025
2022-03-06,Placer,061,380077,62362,7290,69652,614
2022-03-06,Plumas,063,18699,2953,358,3311,13
2022-03-06,Riverside,065,2383286,588998,27545,616543,6408
2022-03-06,Sacramento,067,1510023,279133,26632,305765,3002
2022-03-06,San Benito,069,59416,12879,507,13386,94
2022-03-06,San Bernardino,071,2135413,572091,24726,596817,7726
2022-03-06,San Diego,073,3302833,745260,51779,797039,5288
2022-03-06,San Francisco,075,870044,122517,8051,130568,850
2022-03-06,San Joaquin,077,732212,165849,9800,175649,2229
2022-03-06,San Luis Obispo,079,281455,52030,3683,55713,464
2022-03-06,San Mateo,081,765935,120285,6798,127083,698
2022-03-06,Santa Barbara,083,443738,85170,4650,89820,674
2022-03-06,Santa Clara,085,1922200,311165,12124,323289,2271
2022-03-06,Santa Cruz,087,273765,47144,2057,49201,256
2022-03-06,Shasta,089,179085,30354,6030,36384,545
2022-03-06,Sierra,091,2930,271,47,318,4
2022-03-06,Siskiyou,093,43540,4404,2703,7107,80
2022-03-06,Solano,095,438530,80832,5489,86321,446
2022-03-06,Sonoma,097,501317,82714,2544,85258,486
2022-03-06,Stanislaus,099,539301,117014,17707,134721,1662
2022-03-06,Sutter,101,95872,20352,2016,22368,222
2022-03-06,Tehama,103,63373,11993,2560,14553,202
2022-03-06,Trinity,105,12862,1179,286,1465,20
2022-03-06,Tulare,107,460477,105928,27389,133317,1475
2022-03-06,Tuolumne,109,53932,12624,552,13176,181
2022-03-06,Ventura,111,848112,172054,9309,181363,1478
2022-03-06,Yolo,113,214977,36694,2853,39547,353
2022-03-06,Yuba,115,75493,15716,1171,16887,122
2022-03-05,Alameda,001,1643700,253406,13508,266914,1824
2022-03-05,Alpine,002,1148,122,1,123,0
2022-03-05,Amador,005,37829,8451,635,9086,86
2022-03-05,Butte,007,227075,32935,6958,39893,425
2022-03-05,Calaveras,009,45235,7211,342,7553,118
2022-03-05,Colusa,011,21464,3435,1044,4479,21
2022-03-05,Contra Costa,013,1133247,190337,13154,203491,1287
2022-03-05,Del Norte,015,27424,5720,177,5897,47
2022-03-05,El Dorado,017,186661,26530,3164,29694,211
2022-03-05,Fresno,019,978130,233742,24154,257896,2725
2022-03-05,Glenn,021,27897,4964,1592,6556,55
2022-03-05,Humboldt,023,135768,16740,2889,19629,142
2022-03-05,Imperial,025,180216,55170,10469,65639,938
2022-03-05,Inyo,027,18085,4053,464,4517,56
2022-03-05,Kern,029,883053,190993,45538,236531,2313
2022-03-05,Kings,031,150075,51093,3492,54585,442
2022-03-05,Lake,033,64148,10594,872,11466,138
2022-03-05,Lassen,035,31185,8917,870,9787,62
2022-03-05,Los Angeles,037,10098052,2696398,121489,2817887,31458
2022-03-05,Madera,039,155013,37099,5977,43076,370
2022-03-05,Marin,041,260295,24531,2088,26619,236
2022-03-05,Mariposa,043,17540,2372,197,2569,27
2022-03-05,Mendocino,045,87422,12948,2967,15915,121
2022-03-05,Merced,047,269075,62992,8799,71791,808
2022-03-05,Modoc,049,8938,727,247,974,8
2022-03-05,Mono,051,14174,2961,120,3081,6
2022-03-05,Monterey,053,433212,78820,13192,92012,720
2022-03-05,Napa,055,140530,25503,918,26421,140
2022-03-05,Nevada,057,99092,15833,1176,17009,129
2022-03-05,Orange,059,3164182,544551,41154,585705,7021
2022-03-05,Placer,061,380077,62347,7283,69630,613
2022-03-05,Plumas,063,18699,2952,358,3310,13
2022-03-05,Riverside,065,2383286,588907,27541,616448,6407
2022-03-05,Sacramento,067,1510023,279069,26626,305695,2999
2022-03-05,San Benito,069,59416,12877,507,13384,93
2022-03-05,San Bernardino,071,2135413,572033,24720,596753,7721
2022-03-05,San Diego,073,3302833,745072,51768,796840,5283
2022-03-05,San Francisco,075,870044,122447,8048,130495,850
2022-03-05,San Joaquin,077,732212,165809,9792,175601,2227
2022-03-05,San Luis Obispo,079,281455,52022,3682,55704,463
2022-03-05,San Mateo,081,765935,120230,6794,127024,698
2022-03-05,Santa Barbara,083,443738,85155,4650,89805,674
2022-03-05,Santa Clara,085,1922200,311048,12121,323169,2268
2022-03-05,Santa Cruz,087,273765,47124,2057,49181,256
2022-03-05,Shasta,089,179085,30342,6030,36372,544
2022-03-05,Sierra,091,2930,271,46,317,4
2022-03-05,Siskiyou,093,43540,4403,2702,7105,79
2022-03-05,Solano,095,438530,80815,5489,86304,446
2022-03-05,Sonoma,097,501317,82692,2544,85236,486
2022-03-05,Stanislaus,099,539301,116988,17705,134693,1661
2022-03-05,Sutter,101,95872,20344,2016,22360,222
2022-03-05,Tehama,103,63373,11990,2560,14550,200
2022-03-05,Trinity,105,12862,1179,284,1463,20
2022-03-05,Tulare,107,460477,105914,27380,133294,1473
2022-03-05,Tuolumne,109,53932,12620,551,13171,181
2022-03-05,Ventura,111,848112,172013,9307,181320,1477
2022-03-05,Yolo,113,214977,36680,2853,39533,353
2022-03-05,Yuba,115,75493,15708,1171,16879,122
2022-03-04,Alameda,001,1643700,253311,13500,266811,1823
2022-03-04,Alpine,002,1148,122,1,123,0
2022-03-04,Amador,005,37829,8450,635,9085,86
2022-03-04,Butte,007,227075,32929,6953,39882,425
2022-03-04,Calaveras,009,45235,7210,342,7552,118
2022-03-04,Colusa,011,21464,3433,1044,4477,21
2022-03-04,Contra Costa,013,1133247,190269,13151,203420,1287
2022-03-04,Del Norte,015,27424,5710,177,5887,47
2022-03-04,El Dorado,017,186661,26526,3164,29690,211
2022-03-04,Fresno,019,978130,233680,24146,257826,2720
2022-03-04,Glenn,021,27897,4963,1592,6555,55
2022-03-04,Humboldt,023,135768,16736,2889,19625,140
2022-03-04,Imperial,025,180216,55163,10465,65628,938
2022-03-04,Inyo,027,18085,4053,464,4517,56
2022-03-04,Kern,029,883053,190951,45528,236479,2312
2022-03-04,Kings,031,150075,51080,3492,54572,441
2022-03-04,Lake,033,64148,10593,872,11465,138
2022-03-04,Lassen,035,31185,8915,870,9785,62
2022-03-04,Los Angeles,037,10098052,2695868,121459,2817327,31431
2022-03-04,Madera,039,155013,37090,5977,43067,370
2022-03-04,Marin,041,260295,24509,2086,26595,236
2022-03-04,Mariposa,043,17540,2367,197,2564,27
2022-03-04,Mendocino,045,87422,12942,2967,15909,121
2022-03-04,Merced,047,269075,62982,8797,71779,806
2022-03-04,Modoc,049,8938,727,247,974,8
2022-03-04,Mono,051,14174,2961,120,3081,6
2022-03-04,Monterey,053,433212,78800,13186,91986,719
2022-03-04,Napa,055,140530,25488,917,26405,140
2022-03-04,Nevada,057,99092,15828,1176,17004,128
2022-03-04,Orange,059,3164182,544432,41136,585568,7018
2022-03-04,Placer,061,380077,62335,7280,69615,613
2022-03-04,Plumas,063,18699,2952,357,3309,13
2022-03-04,Riverside,065,2383286,588820,27540,616360,6404
2022-03-04,Sacramento,067,1510023,278995,26621,305616,2997
2022-03-04,San Benito,069,59416,12873,507,13380,93
2022-03-04,San Bernardino,071,2135413,571951,24719,596670,7717
2022-03-04,San Diego,073,3302833,744834,51750,796584,5278
2022-03-04,San Francisco,075,870044,122381,8041,130422,850
2022-03-04,San Joaquin,077,732212,165777,9791,175568,2226
2022-03-04,San Luis Obispo,079,281455,52013,3681,55694,461
2022-03-04,San Mateo,081,765935,120172,6792,126964,698
2022-03-04,Santa Barbara,083,443738,85132,4650,89782,672
2022-03-04,Santa Clara,085,1922200,310897,12119,323016,2266
2022-03-04,Santa Cruz,087,273765,47101,2057,49158,256
2022-03-04,Shasta,089,179085,30334,6027,36361,544
2022-03-04,Sierra,091,2930,271,46,317,4
2022-03-04,Siskiyou,093,43540,4402,2698,7100,79
2022-03-04,Solano,095,438530,80782,5486,86268,445
2022-03-04,Sonoma,097,501317,82661,2543,85204,486
2022-03-04,Stanislaus,099,539301,116969,17703,134672,1661
2022-03-04,Sutter,101,95872,20340,2016,22356,221
2022-03-04,Tehama,103,63373,11987,2560,14547,200
2022-03-04,Trinity,105,12862,1179,284,1463,20
2022-03-04,Tulare,107,460477,105895,27375,133270,1473
2022-03-04,Tuolumne,109,53932,12615,551,13166,181
2022-03-04,Ventura,111,848112,171965,9304,181269,1476
2022-03-04,Yolo,113,214977,36663,2853,39516,353
2022-03-04,Yuba,115,75493,15703,1170,16873,122
2022-03-03,Alameda,001,1643700,253193,13488,266681,1823
2022-03-03,Alpine,002,1148,122,1,123,0
2022-03-03,Amador,005,37829,8449,635,9084,85
2022-03-03,Butte,007,227075,32912,6946,39858,425
2022-03-03,Calaveras,009,45235,7198,342,7540,118
2022-03-03,Colusa,011,21464,3433,1044,4477,21
2022-03-03,Contra Costa,013,1133247,190195,13136,203331,1285
2022-03-03,Del Norte,015,27424,5703,177,5880,47
2022-03-03,El Dorado,017,186661,26507,3163,29670,210
2022-03-03,Fresno,019,978130,233551,24139,257690,2719
2022-03-03,Glenn,021,27897,4960,1591,6551,55
2022-03-03,Humboldt,023,135768,16721,2888,19609,140
2022-03-03,Imperial,025,180216,55146,10463,65609,938
2022-03-03,Inyo,027,18085,4052,464,4516,56
2022-03-03,Kern,029,883053,190883,45510,236393,2310
2022-03-03,Kings,031,150075,51057,3490,54547,441
2022-03-03,Lake,033,64148,10588,870,11458,138
2022-03-03,Lassen,035,31185,8907,870,9777,62
2022-03-03,Los Angeles,037,10098052,2695143,121417,2816560,31410
2022-03-03,Madera,039,155013,37074,5972,43046,369
2022-03-03,Marin,041,260295,24483,2085,26568,236
2022-03-03,Mariposa,043,17540,2366,197,2563,26
2022-03-03,Mendocino,045,87422,12931,2965,15896,121
2022-03-03,Merced,047,269075,62962,8791,71753,804
2022-03-03,Modoc,049,8938,727,247,974,8
2022-03-03,Mono,051,14174,2960,120,3080,6
2022-03-03,Monterey,053,433212,78771,13169,91940,719
2022-03-03,Napa,055,140530,25464,916,26380,140
2022-03-03,Nevada,057,99092,15823,1171,16994,128
2022-03-03,Orange,059,3164182,544252,41109,585361,7015
2022-03-03,Placer,061,380077,62314,7276,69590,613
2022-03-03,Plumas,063,18699,2951,357,3308,13
2022-03-03,Riverside,065,2383286,588687,27535,616222,6403
2022-03-03,Sacramento,067,1510023,278882,26604,305486,2994
2022-03-03,San Benito,069,59416,12869,507,13376,93
2022-03-03,San Bernardino,071,2135413,571850,24713,596563,7711
2022-03-03,San Diego,073,3302833,744490,51732,796222,5272
2022-03-03,San Francisco,075,870044,122307,8030,130337,849
2022-03-03,San Joaquin,077,732212,165703,9788,175491,2225
2022-03-03,San Luis Obispo,079,281455,51958,3673,55631,460
2022-03-03,San Mateo,081,765935,120096,6783,126879,698
2022-03-03,Santa Barbara,083,443738,85113,4641,89754,671
2022-03-03,Santa Clara,085,1922200,310715,12105,322820,2265
2022-03-03,Santa Cruz,087,273765,47051,2055,49106,256
2022-03-03,Shasta,089,179085,30316,6025,36341,544
2022-03-03,Sierra,091,2930,271,46,317,4
2022-03-03,Siskiyou,093,43540,4400,2698,7098,79
2022-03-03,Solano,095,438530,80734,5484,86218,444
2022-03-03,Sonoma,097,501317,82611,2539,85150,486
2022-03-03,Stanislaus,099,539301,116936,17695,134631,1660
2022-03-03,Sutter,101,95872,20332,2016,22348,221
2022-03-03,Tehama,103,63373,11984,2560,14544,200
2022-03-03,Trinity,105,12862,1178,284,1462,20
2022-03-03,Tulare,107,460477,105852,27367,133219,1470
2022-03-03,Tuolumne,109,53932,12604,551,13155,181
2022-03-03,Ventura,111,848112,171913,9302,181215,1476
2022-03-03,Yolo,113,214977,36639,2848,39487,353
2022-03-03,Yuba,115,75493,15697,1165,16862,122
2022-03-02,Alameda,001,1643700,253016,13471,266487,1821
2022-03-02,Alpine,002,1148,122,1,123,0
2022-03-02,Amador,005,37829,8436,635,9071,85
2022-03-02,Butte,007,227075,32900,6942,39842,423
2022-03-02,Calaveras,009,45235,7197,342,7539,118
2022-03-02,Colusa,011,21464,3430,1044,4474,21
2022-03-02,Contra Costa,013,1133247,190101,13118,203219,1284
2022-03-02,Del Norte,015,27424,5696,175,5871,47
2022-03-02,El Dorado,017,186661,26495,3160,29655,208
2022-03-02,Fresno,019,978130,233418,24129,257547,2716
2022-03-02,Glenn,021,27897,4959,1590,6549,55
2022-03-02,Humboldt,023,135768,16711,2881,19592,140
2022-03-02,Imperial,025,180216,55120,10458,65578,936
2022-03-02,Inyo,027,18085,4050,463,4513,56
2022-03-02,Kern,029,883053,190815,45491,236306,2310
2022-03-02,Kings,031,150075,51031,3487,54518,440
2022-03-02,Lake,033,64148,10575,868,11443,136
2022-03-02,Lassen,035,31185,8904,869,9773,62
2022-03-02,Los Angeles,037,10098052,2694265,121370,2815635,31386
2022-03-02,Madera,039,155013,37057,5970,43027,369
2022-03-02,Marin,041,260295,24466,2084,26550,236
2022-03-02,Mariposa,043,17540,2366,197,2563,26
2022-03-02,Mendocino,045,87422,12918,2960,15878,121
2022-03-02,Merced,047,269075,62937,8782,71719,803
2022-03-02,Modoc,049,8938,727,247,974,8
2022-03-02,Mono,051,14174,2960,120,3080,6
2022-03-02,Monterey,053,433212,78734,13146,91880,717
2022-03-02,Napa,055,140530,25415,915,26330,139
2022-03-02,Nevada,057,99092,15812,1170,16982,128
2022-03-02,Orange,059,3164182,544047,41082,585129,7011
2022-03-02,Placer,061,380077,62291,7273,69564,613
2022-03-02,Plumas,063,18699,2951,357,3308,13
2022-03-02,Riverside,065,2383286,588537,27525,616062,6394
2022-03-02,Sacramento,067,1510023,278765,26593,305358,2991
2022-03-02,San Benito,069,59416,12858,507,13365,92
2022-03-02,San Bernardino,071,2135413,571740,24707,596447,7702
2022-03-02,San Diego,073,3302833,744130,51684,795814,5269
2022-03-02,San Francisco,075,870044,122213,8028,130241,846
2022-03-02,San Joaquin,077,732212,165643,9783,175426,2223
2022-03-02,San Luis Obispo,079,281455,51920,3668,55588,460
2022-03-02,San Mateo,081,765935,120009,6767,126776,697
2022-03-02,Santa Barbara,083,443738,85088,4640,89728,671
2022-03-02,Santa Clara,085,1922200,310501,12092,322593,2264
2022-03-02,Santa Cruz,087,273765,46980,2054,49034,256
2022-03-02,Shasta,089,179085,30291,6015,36306,542
2022-03-02,Sierra,091,2930,271,46,317,4
2022-03-02,Siskiyou,093,43540,4399,2695,7094,79
2022-03-02,Solano,095,438530,80669,5481,86150,444
2022-03-02,Sonoma,097,501317,82565,2535,85100,486
2022-03-02,Stanislaus,099,539301,116900,17670,134570,1656
2022-03-02,Sutter,101,95872,20310,1999,22309,221
2022-03-02,Tehama,103,63373,11980,2559,14539,200
2022-03-02,Trinity,105,12862,1176,284,1460,20
2022-03-02,Tulare,107,460477,105812,27352,133164,1468
2022-03-02,Tuolumne,109,53932,12599,551,13150,181
2022-03-02,Ventura,111,848112,171860,9299,181159,1476
2022-03-02,Yolo,113,214977,36621,2843,39464,353
2022-03-02,Yuba,115,75493,15684,1160,16844,122
2022-03-01,Alameda,001,1643700,252846,13459,266305,1819
2022-03-01,Alpine,002,1148,122,1,123,0
2022-03-01,Amador,005,37829,8388,633,9021,85
2022-03-01,Butte,007,227075,32876,6937,39813,422
2022-03-01,Calaveras,009,45235,7194,341,7535,117
2022-03-01,Colusa,011,21464,3429,1043,4472,21
2022-03-01,Contra Costa,013,1133247,189992,13103,203095,1283
2022-03-01,Del Norte,015,27424,5693,174,5867,47
2022-03-01,El Dorado,017,186661,26476,3157,29633,208
2022-03-01,Fresno,019,978130,233277,24115,257392,2712
2022-03-01,Glenn,021,27897,4957,1588,6545,54
2022-03-01,Humboldt,023,135768,16690,2874,19564,140
2022-03-01,Imperial,025,180216,55103,10452,65555,936
2022-03-01,Inyo,027,18085,4046,462,4508,56
2022-03-01,Kern,029,883053,190741,45467,236208,2307
2022-03-01,Kings,031,150075,51009,3483,54492,440
2022-03-01,Lake,033,64148,10564,866,11430,136
2022-03-01,Lassen,035,31185,8900,869,9769,62
2022-03-01,Los Angeles,037,10098052,2693315,121313,2814628,31366
2022-03-01,Madera,039,155013,37037,5964,43001,369
2022-03-01,Marin,041,260295,24440,2083,26523,236
2022-03-01,Mariposa,043,17540,2365,196,2561,26
2022-03-01,Mendocino,045,87422,12907,2958,15865,121
2022-03-01,Merced,047,269075,62906,8768,71674,802
2022-03-01,Modoc,049,8938,727,247,974,8
2022-03-01,Mono,051,14174,2959,120,3079,6
2022-03-01,Monterey,053,433212,78709,13136,91845,716
2022-03-01,Napa,055,140530,25384,915,26299,138
2022-03-01,Nevada,057,99092,15804,1167,16971,128
2022-03-01,Orange,059,3164182,543831,41047,584878,7008
2022-03-01,Placer,061,380077,62261,7268,69529,613
2022-03-01,Plumas,063,18699,2951,357,3308,13
2022-03-01,Riverside,065,2383286,588373,27524,615897,6389
2022-03-01,Sacramento,067,1510023,278636,26577,305213,2984
2022-03-01,San Benito,069,59416,12854,507,13361,92
2022-03-01,San Bernardino,071,2135413,571606,24705,596311,7698
2022-03-01,San Diego,073,3302833,743706,51642,795348,5264
2022-03-01,San Francisco,075,870044,122110,8022,130132,846
2022-03-01,San Joaquin,077,732212,165576,9779,175355,2222
2022-03-01,San Luis Obispo,079,281455,51884,3664,55548,460
2022-03-01,San Mateo,081,765935,119937,6760,126697,697
2022-03-01,Santa Barbara,083,443738,85052,4636,89688,670
2022-03-01,Santa Clara,085,1922200,310246,12080,322326,2263
2022-03-01,Santa Cruz,087,273765,46930,2051,48981,256
2022-03-01,Shasta,089,179085,30262,6012,36274,539
2022-03-01,Sierra,091,2930,271,46,317,4
2022-03-01,Siskiyou,093,43540,4397,2693,7090,79
2022-03-01,Solano,095,438530,80606,5478,86084,444
2022-03-01,Sonoma,097,501317,82496,2529,85025,484
2022-03-01,Stanislaus,099,539301,116848,17645,134493,1656
2022-03-01,Sutter,101,95872,20296,1995,22291,221
2022-03-01,Tehama,103,63373,11974,2556,14530,200
2022-03-01,Trinity,105,12862,1175,284,1459,20
2022-03-01,Tulare,107,460477,105730,27332,133062,1468
2022-03-01,Tuolumne,109,53932,12592,549,13141,181
2022-03-01,Ventura,111,848112,171790,9292,181082,1475
2022-03-01,Yolo,113,214977,36596,2837,39433,353
2022-03-01,Yuba,115,75493,15676,1160,16836,122
2022-02-28,Alameda,001,1643700,252623,13445,266068,1819
2022-02-28,Alpine,002,1148,122,1,123,0
2022-02-28,Amador,005,37829,8382,632,9014,84
2022-02-28,Butte,007,227075,32857,6931,39788,422
2022-02-28,Calaveras,009,45235,7191,340,7531,117
2022-02-28,Colusa,011,21464,3428,1041,4469,21
2022-02-28,Contra Costa,013,1133247,189887,13084,202971,1279
2022-02-28,Del Norte,015,27424,5688,173,5861,47
2022-02-28,El Dorado,017,186661,26466,3152,29618,208
2022-02-28,Fresno,019,978130,233076,24094,257170,2710
2022-02-28,Glenn,021,27897,4953,1588,6541,54
2022-02-28,Humboldt,023,135768,16675,2870,19545,140
2022-02-28,Imperial,025,180216,55076,10448,65524,933
2022-02-28,Inyo,027,18085,4046,461,4507,56
2022-02-28,Kern,029,883053,190649,45438,236087,2306
2022-02-28,Kings,031,150075,50969,3482,54451,440
2022-02-28,Lake,033,64148,10552,862,11414,136
2022-02-28,Lassen,035,31185,8843,869,9712,61
2022-02-28,Los Angeles,037,10098052,2692150,121219,2813369,31333
2022-02-28,Madera,039,155013,37011,5948,42959,369
2022-02-28,Marin,041,260295,24415,2083,26498,236
2022-02-28,Mariposa,043,17540,2362,194,2556,26
2022-02-28,Mendocino,045,87422,12898,2950,15848,121
2022-02-28,Merced,047,269075,62862,8751,71613,801
2022-02-28,Modoc,049,8938,727,247,974,8
2022-02-28,Mono,051,14174,2959,120,3079,6
2022-02-28,Monterey,053,433212,78642,13115,91757,715
2022-02-28,Napa,055,140530,25357,915,26272,138
2022-02-28,Nevada,057,99092,15798,1161,16959,127
2022-02-28,Orange,059,3164182,543576,41032,584608,7001
2022-02-28,Placer,061,380077,62230,7263,69493,612
2022-02-28,Plumas,063,18699,2951,356,3307,13
2022-02-28,Riverside,065,2383286,588181,27492,615673,6382
2022-02-28,Sacramento,067,1510023,278496,26552,305048,2984
2022-02-28,San Benito,069,59416,12849,507,13356,92
2022-02-28,San Bernardino,071,2135413,571422,24691,596113,7690
2022-02-28,San Diego,073,3302833,743319,51612,794931,5259
2022-02-28,San Francisco,075,870044,121950,8016,129966,845
2022-02-28,San Joaquin,077,732212,165492,9769,175261,2222
2022-02-28,San Luis Obispo,079,281455,51823,3657,55480,459
2022-02-28,San Mateo,081,765935,119839,6754,126593,697
2022-02-28,Santa Barbara,083,443738,85008,4631,89639,670
2022-02-28,Santa Clara,085,1922200,309966,12059,322025,2260
2022-02-28,Santa Cruz,087,273765,46861,2051,48912,256
2022-02-28,Shasta,089,179085,30237,6008,36245,538
2022-02-28,Sierra,091,2930,271,46,317,4
2022-02-28,Siskiyou,093,43540,4394,2688,7082,79
2022-02-28,Solano,095,438530,80538,5466,86004,444
2022-02-28,Sonoma,097,501317,82428,2526,84954,483
2022-02-28,Stanislaus,099,539301,116784,17628,134412,1652
2022-02-28,Sutter,101,95872,20283,1992,22275,221
2022-02-28,Tehama,103,63373,11961,2556,14517,200
2022-02-28,Trinity,105,12862,1175,284,1459,20
2022-02-28,Tulare,107,460477,105682,27316,132998,1466
2022-02-28,Tuolumne,109,53932,12582,549,13131,181
2022-02-28,Ventura,111,848112,171706,9291,180997,1474
2022-02-28,Yolo,113,214977,36560,2830,39390,353
2022-02-28,Yuba,115,75493,15661,1159,16820,122
2022-02-27,Alameda,001,1643700,252349,13436,265785,1816
2022-02-27,Alpine,002,1148,122,1,123,0
2022-02-27,Amador,005,37829,8378,629,9007,84
2022-02-27,Butte,007,227075,32821,6918,39739,421
2022-02-27,Calaveras,009,45235,7183,340,7523,117
2022-02-27,Colusa,011,21464,3426,1041,4467,21
2022-02-27,Contra Costa,013,1133247,189758,13064,202822,1277
2022-02-27,Del Norte,015,27424,5671,171,5842,46
2022-02-27,El Dorado,017,186661,26449,3150,29599,208
2022-02-27,Fresno,019,978130,232877,24066,256943,2707
2022-02-27,Glenn,021,27897,4951,1588,6539,54
2022-02-27,Humboldt,023,135768,16653,2863,19516,140
2022-02-27,Imperial,025,180216,55028,10431,65459,933
2022-02-27,Inyo,027,18085,4045,457,4502,56
2022-02-27,Kern,029,883053,190532,45399,235931,2305
2022-02-27,Kings,031,150075,50941,3481,54422,439
2022-02-27,Lake,033,64148,10533,862,11395,135
2022-02-27,Lassen,035,31185,8835,869,9704,61
2022-02-27,Los Angeles,037,10098052,2690841,121138,2811979,31298
2022-02-27,Madera,039,155013,36985,5940,42925,369
2022-02-27,Marin,041,260295,24377,2081,26458,236
2022-02-27,Mariposa,043,17540,2359,194,2553,26
2022-02-27,Mendocino,045,87422,12881,2937,15818,120
2022-02-27,Merced,047,269075,62809,8733,71542,801
2022-02-27,Modoc,049,8938,726,247,973,8
2022-02-27,Mono,051,14174,2958,120,3078,6
2022-02-27,Monterey,053,433212,78584,13091,91675,714
2022-02-27,Napa,055,140530,25320,915,26235,138
2022-02-27,Nevada,057,99092,15790,1157,16947,127
2022-02-27,Orange,059,3164182,543329,41002,584331,6996
2022-02-27,Placer,061,380077,62189,7259,69448,611
2022-02-27,Plumas,063,18699,2948,356,3304,13
2022-02-27,Riverside,065,2383286,587939,27468,615407,6378
2022-02-27,Sacramento,067,1510023,278307,26523,304830,2983
2022-02-27,San Benito,069,59416,12842,507,13349,92
2022-02-27,San Bernardino,071,2135413,571238,24681,595919,7689
2022-02-27,San Diego,073,3302833,742846,51566,794412,5251
2022-02-27,San Francisco,075,870044,121826,8005,129831,842
2022-02-27,San Joaquin,077,732212,165388,9762,175150,2220
2022-02-27,San Luis Obispo,079,281455,51731,3650,55381,459
2022-02-27,San Mateo,081,765935,119729,6749,126478,697
2022-02-27,Santa Barbara,083,443738,84970,4627,89597,670
2022-02-27,Santa Clara,085,1922200,309677,12032,321709,2258
2022-02-27,Santa Cruz,087,273765,46800,2051,48851,256
2022-02-27,Shasta,089,179085,30205,6003,36208,536
2022-02-27,Sierra,091,2930,271,46,317,4
2022-02-27,Siskiyou,093,43540,4389,2676,7065,79
2022-02-27,Solano,095,438530,80464,5453,85917,442
2022-02-27,Sonoma,097,501317,82346,2519,84865,482
2022-02-27,Stanislaus,099,539301,116718,17608,134326,1651
2022-02-27,Sutter,101,95872,20266,1986,22252,220
2022-02-27,Tehama,103,63373,11948,2555,14503,200
2022-02-27,Trinity,105,12862,1174,284,1458,20
2022-02-27,Tulare,107,460477,105613,27269,132882,1466
2022-02-27,Tuolumne,109,53932,12569,548,13117,180
2022-02-27,Ventura,111,848112,171631,9287,180918,1474
2022-02-27,Yolo,113,214977,36533,2825,39358,352
2022-02-27,Yuba,115,75493,15651,1157,16808,122
2022-02-26,Alameda,001,1643700,252236,13432,265668,1816
2022-02-26,Alpine,002,1148,122,1,123,0
2022-02-26,Amador,005,37829,8376,628,9004,84
2022-02-26,Butte,007,227075,32807,6915,39722,420
2022-02-26,Calaveras,009,45235,7182,340,7522,116
2022-02-26,Colusa,011,21464,3426,1041,4467,21
2022-02-26,Contra Costa,013,1133247,189690,13046,202736,1276
2022-02-26,Del Norte,015,27424,5666,171,5837,46
2022-02-26,El Dorado,017,186661,26438,3147,29585,208
2022-02-26,Fresno,019,978130,232787,24066,256853,2704
2022-02-26,Glenn,021,27897,4949,1587,6536,54
2022-02-26,Humboldt,023,135768,16628,2862,19490,139
2022-02-26,Imperial,025,180216,55001,10429,65430,933
2022-02-26,Inyo,027,18085,4044,452,4496,56
2022-02-26,Kern,029,883053,190479,45380,235859,2303
2022-02-26,Kings,031,150075,50928,3481,54409,438
2022-02-26,Lake,033,64148,10528,862,11390,135
2022-02-26,Lassen,035,31185,8834,869,9703,61
2022-02-26,Los Angeles,037,10098052,2690270,121098,2811368,31275
2022-02-26,Madera,039,155013,36970,5938,42908,369
2022-02-26,Marin,041,260295,24361,2079,26440,235
2022-02-26,Mariposa,043,17540,2358,194,2552,25
2022-02-26,Mendocino,045,87422,12874,2937,15811,120
2022-02-26,Merced,047,269075,62789,8732,71521,800
2022-02-26,Modoc,049,8938,726,247,973,8
2022-02-26,Mono,051,14174,2958,119,3077,6
2022-02-26,Monterey,053,433212,78552,13085,91637,713
2022-02-26,Napa,055,140530,25305,914,26219,138
2022-02-26,Nevada,057,99092,15786,1155,16941,127
2022-02-26,Orange,059,3164182,543217,40985,584202,6989
2022-02-26,Placer,061,380077,62170,7256,69426,611
2022-02-26,Plumas,063,18699,2948,356,3304,13
2022-02-26,Riverside,065,2383286,587817,27459,615276,6370
2022-02-26,Sacramento,067,1510023,278210,26512,304722,2980
2022-02-26,San Benito,069,59416,12838,507,13345,92
2022-02-26,San Bernardino,071,2135413,571149,24674,595823,7680
2022-02-26,San Diego,073,3302833,742623,51542,794165,5249
2022-02-26,San Francisco,075,870044,121755,7997,129752,841
2022-02-26,San Joaquin,077,732212,165355,9761,175116,2217
2022-02-26,San Luis Obispo,079,281455,51719,3648,55367,458
2022-02-26,San Mateo,081,765935,119675,6748,126423,697
2022-02-26,Santa Barbara,083,443738,84939,4627,89566,670
2022-02-26,Santa Clara,085,1922200,309528,12028,321556,2256
2022-02-26,Santa Cruz,087,273765,46777,2051,48828,255
2022-02-26,Shasta,089,179085,30196,5997,36193,534
2022-02-26,Sierra,091,2930,271,46,317,4
2022-02-26,Siskiyou,093,43540,4389,2674,7063,79
2022-02-26,Solano,095,438530,80429,5449,85878,442
2022-02-26,Sonoma,097,501317,82312,2517,84829,482
2022-02-26,Stanislaus,099,539301,116680,17603,134283,1650
2022-02-26,Sutter,101,95872,20257,1986,22243,219
2022-02-26,Tehama,103,63373,11942,2553,14495,200
2022-02-26,Trinity,105,12862,1173,284,1457,20
2022-02-26,Tulare,107,460477,105576,27254,132830,1465
2022-02-26,Tuolumne,109,53932,12566,548,13114,180
2022-02-26,Ventura,111,848112,171599,9284,180883,1474
2022-02-26,Yolo,113,214977,36512,2822,39334,351
2022-02-26,Yuba,115,75493,15639,1157,16796,122
2022-02-25,Alameda,001,1643700,252112,13423,265535,1815
2022-02-25,Alpine,002,1148,122,1,123,0
2022-02-25,Amador,005,37829,8365,628,8993,84
2022-02-25,Butte,007,227075,32794,6912,39706,420
2022-02-25,Calaveras,009,45235,7180,340,7520,116
2022-02-25,Colusa,011,21464,3426,1041,4467,21
2022-02-25,Contra Costa,013,1133247,189606,13025,202631,1271
2022-02-25,Del Norte,015,27424,5657,171,5828,45
2022-02-25,El Dorado,017,186661,26430,3147,29577,208
2022-02-25,Fresno,019,978130,232691,24059,256750,2698
2022-02-25,Glenn,021,27897,4947,1587,6534,54
2022-02-25,Humboldt,023,135768,16617,2862,19479,139
2022-02-25,Imperial,025,180216,54983,10428,65411,933
2022-02-25,Inyo,027,18085,4043,452,4495,56
2022-02-25,Kern,029,883053,190413,45367,235780,2300
2022-02-25,Kings,031,150075,50914,3479,54393,438
2022-02-25,Lake,033,64148,10510,862,11372,135
2022-02-25,Lassen,035,31185,8831,869,9700,61
2022-02-25,Los Angeles,037,10098052,2689682,121066,2810748,31245
2022-02-25,Madera,039,155013,36950,5937,42887,369
2022-02-25,Marin,041,260295,24347,2079,26426,235
2022-02-25,Mariposa,043,17540,2355,194,2549,25
2022-02-25,Mendocino,045,87422,12872,2937,15809,120
2022-02-25,Merced,047,269075,62759,8727,71486,800
2022-02-25,Modoc,049,8938,726,247,973,8
2022-02-25,Mono,051,14174,2957,119,3076,6
2022-02-25,Monterey,053,433212,78524,13079,91603,712
2022-02-25,Napa,055,140530,25296,914,26210,138
2022-02-25,Nevada,057,99092,15775,1152,16927,127
2022-02-25,Orange,059,3164182,543082,40962,584044,6981
2022-02-25,Placer,061,380077,62155,7251,69406,610
2022-02-25,Plumas,063,18699,2946,356,3302,13
2022-02-25,Riverside,065,2383286,587665,27447,615112,6364
2022-02-25,Sacramento,067,1510023,278108,26507,304615,2976
2022-02-25,San Benito,069,59416,12836,507,13343,92
2022-02-25,San Bernardino,071,2135413,571042,24667,595709,7675
2022-02-25,San Diego,073,3302833,742341,51523,793864,5240
2022-02-25,San Francisco,075,870044,121674,7994,129668,839
2022-02-25,San Joaquin,077,732212,165315,9756,175071,2215
2022-02-25,San Luis Obispo,079,281455,51715,3639,55354,457
2022-02-25,San Mateo,081,765935,119613,6744,126357,697
2022-02-25,Santa Barbara,083,443738,84903,4627,89530,670
2022-02-25,Santa Clara,085,1922200,309342,12025,321367,2256
2022-02-25,Santa Cruz,087,273765,46743,2049,48792,255
2022-02-25,Shasta,089,179085,30187,5995,36182,533
2022-02-25,Sierra,091,2930,271,46,317,4
2022-02-25,Siskiyou,093,43540,4389,2673,7062,78
2022-02-25,Solano,095,438530,80400,5448,85848,442
2022-02-25,Sonoma,097,501317,82261,2515,84776,481
2022-02-25,Stanislaus,099,539301,116652,17599,134251,1649
2022-02-25,Sutter,101,95872,20248,1986,22234,219
2022-02-25,Tehama,103,63373,11940,2553,14493,200
2022-02-25,Trinity,105,12862,1173,284,1457,20
2022-02-25,Tulare,107,460477,105543,27232,132775,1464
2022-02-25,Tuolumne,109,53932,12563,548,13111,180
2022-02-25,Ventura,111,848112,171548,9283,180831,1474
2022-02-25,Yolo,113,214977,36497,2822,39319,351
2022-02-25,Yuba,115,75493,15632,1157,16789,122
2022-02-24,Alameda,001,1643700,251904,13414,265318,1814
2022-02-24,Alpine,002,1148,122,1,123,0
2022-02-24,Amador,005,37829,8360,627,8987,84
2022-02-24,Butte,007,227075,32773,6908,39681,420
2022-02-24,Calaveras,009,45235,7178,338,7516,116
2022-02-24,Colusa,011,21464,3425,1040,4465,21
2022-02-24,Contra Costa,013,1133247,189476,13016,202492,1271
2022-02-24,Del Norte,015,27424,5642,170,5812,45
2022-02-24,El Dorado,017,186661,26414,3147,29561,207
2022-02-24,Fresno,019,978130,232497,24044,256541,2694
2022-02-24,Glenn,021,27897,4945,1586,6531,54
2022-02-24,Humboldt,023,135768,16601,2861,19462,139
2022-02-24,Imperial,025,180216,54943,10419,65362,932
2022-02-24,Inyo,027,18085,4042,451,4493,56
2022-02-24,Kern,029,883053,190273,45334,235607,2298
2022-02-24,Kings,031,150075,50884,3474,54358,438
2022-02-24,Lake,033,64148,10493,862,11355,135
2022-02-24,Lassen,035,31185,8827,868,9695,60
2022-02-24,Los Angeles,037,10098052,2688525,121011,2809536,31210
2022-02-24,Madera,039,155013,36924,5935,42859,369
2022-02-24,Marin,041,260295,24327,2078,26405,234
2022-02-24,Mariposa,043,17540,2349,193,2542,25
2022-02-24,Mendocino,045,87422,12865,2933,15798,120
2022-02-24,Merced,047,269075,62729,8718,71447,800
2022-02-24,Modoc,049,8938,725,247,972,8
2022-02-24,Mono,051,14174,2956,119,3075,6
2022-02-24,Monterey,053,433212,78472,13071,91543,710
2022-02-24,Napa,055,140530,25256,910,26166,137
2022-02-24,Nevada,057,99092,15761,1152,16913,127
2022-02-24,Orange,059,3164182,542831,40926,583757,6974
2022-02-24,Placer,061,380077,62118,7249,69367,609
2022-02-24,Plumas,063,18699,2941,355,3296,13
2022-02-24,Riverside,065,2383286,587414,27421,614835,6356
2022-02-24,Sacramento,067,1510023,277934,26491,304425,2974
2022-02-24,San Benito,069,59416,12825,507,13332,92
2022-02-24,San Bernardino,071,2135413,570849,24655,595504,7663
2022-02-24,San Diego,073,3302833,741927,51476,793403,5235
2022-02-24,San Francisco,075,870044,121550,7987,129537,837
2022-02-24,San Joaquin,077,732212,165187,9752,174939,2214
2022-02-24,San Luis Obispo,079,281455,51669,3637,55306,456
2022-02-24,San Mateo,081,765935,119520,6738,126258,696
2022-02-24,Santa Barbara,083,443738,84839,4626,89465,669
2022-02-24,Santa Clara,085,1922200,309107,12012,321119,2252
2022-02-24,Santa Cruz,087,273765,46662,2047,48709,255
2022-02-24,Shasta,089,179085,30168,5989,36157,531
2022-02-24,Sierra,091,2930,271,46,317,4
2022-02-24,Siskiyou,093,43540,4386,2670,7056,78
2022-02-24,Solano,095,438530,80321,5444,85765,442
2022-02-24,Sonoma,097,501317,82207,2510,84717,481
2022-02-24,Stanislaus,099,539301,116577,17586,134163,1648
2022-02-24,Sutter,101,95872,20234,1970,22204,219
2022-02-24,Tehama,103,63373,11934,2552,14486,199
2022-02-24,Trinity,105,12862,1171,284,1455,20
2022-02-24,Tulare,107,460477,105487,27204,132691,1461
2022-02-24,Tuolumne,109,53932,12552,546,13098,178
2022-02-24,Ventura,111,848112,171470,9280,180750,1471
2022-02-24,Yolo,113,214977,36471,2820,39291,348
2022-02-24,Yuba,115,75493,15618,1157,16775,121
2022-02-23,Alameda,001,1643700,251679,13400,265079,1811
2022-02-23,Alpine,002,1148,122,1,123,0
2022-02-23,Amador,005,37829,8342,627,8969,84
2022-02-23,Butte,007,227075,32746,6905,39651,419
2022-02-23,Calaveras,009,45235,7168,337,7505,114
2022-02-23,Colusa,011,21464,3421,1040,4461,21
2022-02-23,Contra Costa,013,1133247,189334,13003,202337,1268
2022-02-23,Del Norte,015,27424,5631,169,5800,45
2022-02-23,El Dorado,017,186661,26398,3143,29541,206
2022-02-23,Fresno,019,978130,232310,24021,256331,2690
2022-02-23,Glenn,021,27897,4941,1584,6525,54
2022-02-23,Humboldt,023,135768,16585,2858,19443,139
2022-02-23,Imperial,025,180216,54904,10406,65310,931
2022-02-23,Inyo,027,18085,4041,448,4489,56
2022-02-23,Kern,029,883053,190170,45287,235457,2297
2022-02-23,Kings,031,150075,50851,3473,54324,437
2022-02-23,Lake,033,64148,10475,861,11336,135
2022-02-23,Lassen,035,31185,8811,868,9679,60
2022-02-23,Los Angeles,037,10098052,2687164,120969,2808133,31183
2022-02-23,Madera,039,155013,36893,5925,42818,369
2022-02-23,Marin,041,260295,24304,2077,26381,234
2022-02-23,Mariposa,043,17540,2344,192,2536,25
2022-02-23,Mendocino,045,87422,12855,2929,15784,120
2022-02-23,Merced,047,269075,62697,8712,71409,797
2022-02-23,Modoc,049,8938,725,246,971,8
2022-02-23,Mono,051,14174,2955,119,3074,6
2022-02-23,Monterey,053,433212,78434,13048,91482,709
2022-02-23,Napa,055,140530,25231,905,26136,136
2022-02-23,Nevada,057,99092,15754,1149,16903,127
2022-02-23,Orange,059,3164182,542524,40904,583428,6969
2022-02-23,Placer,061,380077,62071,7242,69313,609
2022-02-23,Plumas,063,18699,2937,355,3292,13
2022-02-23,Riverside,065,2383286,587123,27385,614508,6353
2022-02-23,Sacramento,067,1510023,277775,26468,304243,2969
2022-02-23,San Benito,069,59416,12818,506,13324,92
2022-02-23,San Bernardino,071,2135413,570689,24639,595328,7655
2022-02-23,San Diego,073,3302833,741423,51427,792850,5231
2022-02-23,San Francisco,075,870044,121424,7985,129409,834
2022-02-23,San Joaquin,077,732212,165095,9746,174841,2214
2022-02-23,San Luis Obispo,079,281455,51621,3635,55256,456
2022-02-23,San Mateo,081,765935,119429,6729,126158,696
2022-02-23,Santa Barbara,083,443738,84778,4622,89400,667
2022-02-23,Santa Clara,085,1922200,308850,12003,320853,2250
2022-02-23,Santa Cruz,087,273765,46592,2046,48638,255
2022-02-23,Shasta,089,179085,30140,5986,36126,529
2022-02-23,Sierra,091,2930,271,46,317,4
2022-02-23,Siskiyou,093,43540,4383,2668,7051,78
2022-02-23,Solano,095,438530,80232,5442,85674,442
2022-02-23,Sonoma,097,501317,82153,2508,84661,480
2022-02-23,Stanislaus,099,539301,116500,17577,134077,1644
2022-02-23,Sutter,101,95872,20217,1966,22183,219
2022-02-23,Tehama,103,63373,11924,2552,14476,199
2022-02-23,Trinity,105,12862,1171,284,1455,20
2022-02-23,Tulare,107,460477,105422,27181,132603,1460
2022-02-23,Tuolumne,109,53932,12543,545,13088,178
2022-02-23,Ventura,111,848112,171382,9273,180655,1470
2022-02-23,Yolo,113,214977,36433,2813,39246,348
2022-02-23,Yuba,115,75493,15615,1155,16770,121
2022-02-22,Alameda,001,1643700,251431,13389,264820,1807
2022-02-22,Alpine,002,1148,122,1,123,0
2022-02-22,Amador,005,37829,8332,627,8959,84
2022-02-22,Butte,007,227075,32712,6898,39610,418
2022-02-22,Calaveras,009,45235,7159,337,7496,114
2022-02-22,Colusa,011,21464,3420,1038,4458,21
2022-02-22,Contra Costa,013,1133247,189181,12984,202165,1266
2022-02-22,Del Norte,015,27424,5622,168,5790,44
2022-02-22,El Dorado,017,186661,26389,3143,29532,206
2022-02-22,Fresno,019,978130,232084,23995,256079,2685
2022-02-22,Glenn,021,27897,4940,1583,6523,54
2022-02-22,Humboldt,023,135768,16561,2854,19415,139
2022-02-22,Imperial,025,180216,54872,10402,65274,929
2022-02-22,Inyo,027,18085,4039,446,4485,56
2022-02-22,Kern,029,883053,190050,45251,235301,2294
2022-02-22,Kings,031,150075,50789,3471,54260,434
2022-02-22,Lake,033,64148,10464,859,11323,135
2022-02-22,Lassen,035,31185,8807,868,9675,59
2022-02-22,Los Angeles,037,10098052,2685705,120879,2806584,31154
2022-02-22,Madera,039,155013,36859,5916,42775,369
2022-02-22,Marin,041,260295,24279,2076,26355,233
2022-02-22,Mariposa,043,17540,2336,192,2528,25
2022-02-22,Mendocino,045,87422,12841,2919,15760,119
2022-02-22,Merced,047,269075,62636,8705,71341,794
2022-02-22,Modoc,049,8938,722,246,968,8
2022-02-22,Mono,051,14174,2955,119,3074,6
2022-02-22,Monterey,053,433212,78380,13029,91409,708
2022-02-22,Napa,055,140530,25202,904,26106,136
2022-02-22,Nevada,057,99092,15738,1148,16886,127
2022-02-22,Orange,059,3164182,542236,40870,583106,6962
2022-02-22,Placer,061,380077,62035,7237,69272,608
2022-02-22,Plumas,063,18699,2931,354,3285,13
2022-02-22,Riverside,065,2383286,586865,27365,614230,6349
2022-02-22,Sacramento,067,1510023,277585,26443,304028,2963
2022-02-22,San Benito,069,59416,12807,505,13312,92
2022-02-22,San Bernardino,071,2135413,570486,24620,595106,7639
2022-02-22,San Diego,073,3302833,740899,51372,792271,5228
2022-02-22,San Francisco,075,870044,121294,7981,129275,831
2022-02-22,San Joaquin,077,732212,164975,9736,174711,2212
2022-02-22,San Luis Obispo,079,281455,51536,3629,55165,456
2022-02-22,San Mateo,081,765935,119335,6724,126059,694
2022-02-22,Santa Barbara,083,443738,84717,4618,89335,665
2022-02-22,Santa Clara,085,1922200,308567,11997,320564,2244
2022-02-22,Santa Cruz,087,273765,46527,2046,48573,255
2022-02-22,Shasta,089,179085,30115,5981,36096,528
2022-02-22,Sierra,091,2930,271,45,316,3
2022-02-22,Siskiyou,093,43540,4380,2663,7043,78
2022-02-22,Solano,095,438530,80156,5440,85596,441
2022-02-22,Sonoma,097,501317,82087,2504,84591,480
2022-02-22,Stanislaus,099,539301,116421,17557,133978,1643
2022-02-22,Sutter,101,95872,20201,1964,22165,219
2022-02-22,Tehama,103,63373,11915,2551,14466,199
2022-02-22,Trinity,105,12862,1171,283,1454,20
2022-02-22,Tulare,107,460477,105314,27152,132466,1454
2022-02-22,Tuolumne,109,53932,12524,544,13068,178
2022-02-22,Ventura,111,848112,171297,9267,180564,1468
2022-02-22,Yolo,113,214977,36396,2808,39204,348
2022-02-22,Yuba,115,75493,15605,1154,16759,121
2022-02-21,Alameda,001,1643700,251148,13373,264521,1804
2022-02-21,Alpine,002,1148,122,1,123,0
2022-02-21,Amador,005,37829,8326,627,8953,84
2022-02-21,Butte,007,227075,32670,6874,39544,416
2022-02-21,Calaveras,009,45235,7151,337,7488,114
2022-02-21,Colusa,011,21464,3418,1036,4454,21
2022-02-21,Contra Costa,013,1133247,188953,12970,201923,1264
2022-02-21,Del Norte,015,27424,5604,167,5771,44
2022-02-21,El Dorado,017,186661,26361,3138,29499,206
2022-02-21,Fresno,019,978130,231767,23939,255706,2682
2022-02-21,Glenn,021,27897,4935,1583,6518,54
2022-02-21,Humboldt,023,135768,16518,2846,19364,139
2022-02-21,Imperial,025,180216,54812,10389,65201,927
2022-02-21,Inyo,027,18085,4036,446,4482,56
2022-02-21,Kern,029,883053,189857,45199,235056,2290
2022-02-21,Kings,031,150075,50723,3468,54191,433
2022-02-21,Lake,033,64148,10442,857,11299,132
2022-02-21,Lassen,035,31185,8799,863,9662,59
2022-02-21,Los Angeles,037,10098052,2683931,120783,2804714,31112
2022-02-21,Madera,039,155013,36822,5895,42717,367
2022-02-21,Marin,041,260295,24255,2076,26331,233
2022-02-21,Mariposa,043,17540,2333,192,2525,25
2022-02-21,Mendocino,045,87422,12814,2908,15722,119
2022-02-21,Merced,047,269075,62579,8687,71266,794
2022-02-21,Modoc,049,8938,721,246,967,8
2022-02-21,Mono,051,14174,2954,119,3073,6
2022-02-21,Monterey,053,433212,78286,12988,91274,706
2022-02-21,Napa,055,140530,25163,904,26067,135
2022-02-21,Nevada,057,99092,15727,1145,16872,127
2022-02-21,Orange,059,3164182,541883,40845,582728,6958
2022-02-21,Placer,061,380077,61982,7234,69216,608
2022-02-21,Plumas,063,18699,2928,349,3277,13
2022-02-21,Riverside,065,2383286,586495,27318,613813,6345
2022-02-21,Sacramento,067,1510023,277332,26407,303739,2960
2022-02-21,San Benito,069,59416,12794,505,13299,92
2022-02-21,San Bernardino,071,2135413,570248,24599,594847,7629
2022-02-21,San Diego,073,3302833,740285,51294,791579,5221
2022-02-21,San Francisco,075,870044,121114,7977,129091,829
2022-02-21,San Joaquin,077,732212,164835,9724,174559,2211
2022-02-21,San Luis Obispo,079,281455,51445,3622,55067,454
2022-02-21,San Mateo,081,765935,119242,6716,125958,693
2022-02-21,Santa Barbara,083,443738,84640,4610,89250,665
2022-02-21,Santa Clara,085,1922200,308236,11991,320227,2237
2022-02-21,Santa Cruz,087,273765,46401,2045,48446,254
2022-02-21,Shasta,089,179085,30070,5973,36043,527
2022-02-21,Sierra,091,2930,271,45,316,3
2022-02-21,Siskiyou,093,43540,4369,2657,7026,77
2022-02-21,Solano,095,438530,80063,5435,85498,441
2022-02-21,Sonoma,097,501317,81974,2497,84471,480
2022-02-21,Stanislaus,099,539301,116314,17533,133847,1641
2022-02-21,Sutter,101,95872,20177,1962,22139,219
2022-02-21,Tehama,103,63373,11901,2550,14451,199
2022-02-21,Trinity,105,12862,1170,283,1453,20
2022-02-21,Tulare,107,460477,105220,27109,132329,1451
2022-02-21,Tuolumne,109,53932,12513,541,13054,178
2022-02-21,Ventura,111,848112,171158,9258,180416,1464
2022-02-21,Yolo,113,214977,36353,2799,39152,348
2022-02-21,Yuba,115,75493,15586,1145,16731,120
2022-02-20,Alameda,001,1643700,250919,13365,264284,1802
2022-02-20,Alpine,002,1148,122,1,123,0
2022-02-20,Amador,005,37829,8314,627,8941,84
2022-02-20,Butte,007,227075,32641,6870,39511,414
2022-02-20,Calaveras,009,45235,7148,336,7484,113
2022-02-20,Colusa,011,21464,3415,1035,4450,21
2022-02-20,Contra Costa,013,1133247,188823,12965,201788,1262
2022-02-20,Del Norte,015,27424,5589,167,5756,44
2022-02-20,El Dorado,017,186661,26340,3137,29477,206
2022-02-20,Fresno,019,978130,231571,23923,255494,2681
2022-02-20,Glenn,021,27897,4932,1583,6515,53
2022-02-20,Humboldt,023,135768,16505,2842,19347,139
2022-02-20,Imperial,025,180216,54746,10379,65125,927
2022-02-20,Inyo,027,18085,4036,445,4481,56
2022-02-20,Kern,029,883053,189722,45154,234876,2288
2022-02-20,Kings,031,150075,50695,3465,54160,433
2022-02-20,Lake,033,64148,10409,856,11265,132
2022-02-20,Lassen,035,31185,8787,863,9650,59
2022-02-20,Los Angeles,037,10098052,2682609,120701,2803310,31074
2022-02-20,Madera,039,155013,36791,5891,42682,367
2022-02-20,Marin,041,260295,24238,2076,26314,233
2022-02-20,Mariposa,043,17540,2327,190,2517,25
2022-02-20,Mendocino,045,87422,12804,2905,15709,119
2022-02-20,Merced,047,269075,62551,8682,71233,793
2022-02-20,Modoc,049,8938,720,246,966,8
2022-02-20,Mono,051,14174,2954,119,3073,6
2022-02-20,Monterey,053,433212,78226,12975,91201,705
2022-02-20,Napa,055,140530,25141,902,26043,134
2022-02-20,Nevada,057,99092,15716,1144,16860,127
2022-02-20,Orange,059,3164182,541564,40807,582371,6946
2022-02-20,Placer,061,380077,61947,7226,69173,608
2022-02-20,Plumas,063,18699,2924,347,3271,13
2022-02-20,Riverside,065,2383286,586226,27292,613518,6337
2022-02-20,Sacramento,067,1510023,277152,26383,303535,2955
2022-02-20,San Benito,069,59416,12791,505,13296,92
2022-02-20,San Bernardino,071,2135413,570040,24582,594622,7621
2022-02-20,San Diego,073,3302833,739714,51229,790943,5215
2022-02-20,San Francisco,075,870044,120977,7967,128944,828
2022-02-20,San Joaquin,077,732212,164716,9713,174429,2205
2022-02-20,San Luis Obispo,079,281455,51416,3618,55034,451
2022-02-20,San Mateo,081,765935,119167,6709,125876,690
2022-02-20,Santa Barbara,083,443738,84596,4608,89204,665
2022-02-20,Santa Clara,085,1922200,307952,11983,319935,2234
2022-02-20,Santa Cruz,087,273765,46335,2042,48377,254
2022-02-20,Shasta,089,179085,30041,5966,36007,525
2022-02-20,Sierra,091,2930,271,45,316,3
2022-02-20,Siskiyou,093,43540,4364,2656,7020,75
2022-02-20,Solano,095,438530,79988,5431,85419,440
2022-02-20,Sonoma,097,501317,81900,2494,84394,480
2022-02-20,Stanislaus,099,539301,116248,17516,133764,1636
2022-02-20,Sutter,101,95872,20165,1959,22124,218
2022-02-20,Tehama,103,63373,11889,2547,14436,196
2022-02-20,Trinity,105,12862,1169,283,1452,20
2022-02-20,Tulare,107,460477,105132,27083,132215,1450
2022-02-20,Tuolumne,109,53932,12492,541,13033,177
2022-02-20,Ventura,111,848112,171062,9251,180313,1460
2022-02-20,Yolo,113,214977,36327,2796,39123,347
2022-02-20,Yuba,115,75493,15571,1144,16715,120
2022-02-19,Alameda,001,1643700,250748,13361,264109,1797
2022-02-19,Alpine,002,1148,122,1,123,0
2022-02-19,Amador,005,37829,8310,627,8937,83
2022-02-19,Butte,007,227075,32617,6867,39484,413
2022-02-19,Calaveras,009,45235,7148,336,7484,112
2022-02-19,Colusa,011,21464,3414,1033,4447,21
2022-02-19,Contra Costa,013,1133247,188726,12964,201690,1260
2022-02-19,Del Norte,015,27424,5579,167,5746,44
2022-02-19,El Dorado,017,186661,26322,3135,29457,206
2022-02-19,Fresno,019,978130,231451,23916,255367,2677
2022-02-19,Glenn,021,27897,4927,1583,6510,53
2022-02-19,Humboldt,023,135768,16490,2842,19332,139
2022-02-19,Imperial,025,180216,54730,10374,65104,926
2022-02-19,Inyo,027,18085,4035,444,4479,56
2022-02-19,Kern,029,883053,189619,45130,234749,2285
2022-02-19,Kings,031,150075,50672,3464,54136,432
2022-02-19,Lake,033,64148,10400,856,11256,131
2022-02-19,Lassen,035,31185,8775,862,9637,59
2022-02-19,Los Angeles,037,10098052,2681821,120659,2802480,31024
2022-02-19,Madera,039,155013,36769,5889,42658,367
2022-02-19,Marin,041,260295,24215,2075,26290,233
2022-02-19,Mariposa,043,17540,2324,190,2514,25
2022-02-19,Mendocino,045,87422,12794,2905,15699,119
2022-02-19,Merced,047,269075,62507,8678,71185,792
2022-02-19,Modoc,049,8938,720,245,965,8
2022-02-19,Mono,051,14174,2953,119,3072,6
2022-02-19,Monterey,053,433212,78137,12964,91101,704
2022-02-19,Napa,055,140530,25131,902,26033,134
2022-02-19,Nevada,057,99092,15708,1144,16852,127
2022-02-19,Orange,059,3164182,541362,40781,582143,6932
2022-02-19,Placer,061,380077,61901,7225,69126,606
2022-02-19,Plumas,063,18699,2923,347,3270,13
2022-02-19,Riverside,065,2383286,586044,27280,613324,6334
2022-02-19,Sacramento,067,1510023,277006,26372,303378,2951
2022-02-19,San Benito,069,59416,12778,504,13282,92
2022-02-19,San Bernardino,071,2135413,569878,24575,594453,7613
2022-02-19,San Diego,073,3302833,739370,51182,790552,5205
2022-02-19,San Francisco,075,870044,120891,7963,128854,824
2022-02-19,San Joaquin,077,732212,164642,9702,174344,2202
2022-02-19,San Luis Obispo,079,281455,51403,3614,55017,448
2022-02-19,San Mateo,081,765935,119125,6708,125833,689
2022-02-19,Santa Barbara,083,443738,84529,4607,89136,665
2022-02-19,Santa Clara,085,1922200,307757,11981,319738,2227
2022-02-19,Santa Cruz,087,273765,46297,2040,48337,254
2022-02-19,Shasta,089,179085,30026,5963,35989,525
2022-02-19,Sierra,091,2930,271,45,316,3
2022-02-19,Siskiyou,093,43540,4361,2656,7017,75
2022-02-19,Solano,095,438530,79946,5430,85376,440
2022-02-19,Sonoma,097,501317,81858,2494,84352,480
2022-02-19,Stanislaus,099,539301,116176,17510,133686,1634
2022-02-19,Sutter,101,95872,20157,1959,22116,218
2022-02-19,Tehama,103,63373,11882,2547,14429,193
2022-02-19,Trinity,105,12862,1167,283,1450,20
2022-02-19,Tulare,107,460477,105085,27058,132143,1447
2022-02-19,Tuolumne,109,53932,12483,541,13024,176
2022-02-19,Ventura,111,848112,170987,9247,180234,1456
2022-02-19,Yolo,113,214977,36296,2792,39088,346
2022-02-19,Yuba,115,75493,15562,1144,16706,120
2022-02-18,Alameda,001,1643700,250583,13353,263936,1795
2022-02-18,Alpine,002,1148,121,1,122,0
2022-02-18,Amador,005,37829,8303,625,8928,82
2022-02-18,Butte,007,227075,32596,6861,39457,412
2022-02-18,Calaveras,009,45235,7143,335,7478,111
2022-02-18,Colusa,011,21464,3412,1033,4445,21
2022-02-18,Contra Costa,013,1133247,188619,12958,201577,1258
2022-02-18,Del Norte,015,27424,5567,167,5734,44
2022-02-18,El Dorado,017,186661,26311,3135,29446,206
2022-02-18,Fresno,019,978130,231266,23903,255169,2670
2022-02-18,Glenn,021,27897,4926,1582,6508,53
2022-02-18,Humboldt,023,135768,16473,2837,19310,138
2022-02-18,Imperial,025,180216,54704,10363,65067,925
2022-02-18,Inyo,027,18085,4033,444,4477,56
2022-02-18,Kern,029,883053,189507,45084,234591,2284
2022-02-18,Kings,031,150075,50585,3464,54049,432
2022-02-18,Lake,033,64148,10382,854,11236,131
2022-02-18,Lassen,035,31185,8755,861,9616,59
2022-02-18,Los Angeles,037,10098052,2680837,120605,2801442,30993
2022-02-18,Madera,039,155013,36746,5887,42633,367
2022-02-18,Marin,041,260295,24196,2073,26269,231
2022-02-18,Mariposa,043,17540,2322,190,2512,24
2022-02-18,Mendocino,045,87422,12784,2905,15689,119
2022-02-18,Merced,047,269075,62465,8669,71134,791
2022-02-18,Modoc,049,8938,720,245,965,8
2022-02-18,Mono,051,14174,2953,119,3072,5
2022-02-18,Monterey,053,433212,78064,12956,91020,703
2022-02-18,Napa,055,140530,25113,902,26015,134
2022-02-18,Nevada,057,99092,15700,1144,16844,127
2022-02-18,Orange,059,3164182,541124,40742,581866,6923
2022-02-18,Placer,061,380077,61871,7218,69089,603
2022-02-18,Plumas,063,18699,2919,347,3266,13
2022-02-18,Riverside,065,2383286,585863,27272,613135,6328
2022-02-18,Sacramento,067,1510023,276813,26363,303176,2945
2022-02-18,San Benito,069,59416,12770,504,13274,92
2022-02-18,San Bernardino,071,2135413,569700,24570,594270,7608
2022-02-18,San Diego,073,3302833,738946,51156,790102,5198
2022-02-18,San Francisco,075,870044,120803,7955,128758,824
2022-02-18,San Joaquin,077,732212,164572,9695,174267,2198
2022-02-18,San Luis Obispo,079,281455,51387,3611,54998,446
2022-02-18,San Mateo,081,765935,119060,6705,125765,689
2022-02-18,Santa Barbara,083,443738,84489,4605,89094,665
2022-02-18,Santa Clara,085,1922200,307521,11980,319501,2226
2022-02-18,Santa Cruz,087,273765,46263,2039,48302,253
2022-02-18,Shasta,089,179085,30011,5962,35973,524
2022-02-18,Sierra,091,2930,271,45,316,3
2022-02-18,Siskiyou,093,43540,4358,2654,7012,75
2022-02-18,Solano,095,438530,79876,5429,85305,438
2022-02-18,Sonoma,097,501317,81802,2493,84295,479
2022-02-18,Stanislaus,099,539301,116126,17496,133622,1632
2022-02-18,Sutter,101,95872,20145,1959,22104,218
2022-02-18,Tehama,103,63373,11871,2547,14418,192
2022-02-18,Trinity,105,12862,1166,282,1448,20
2022-02-18,Tulare,107,460477,105035,27017,132052,1446
2022-02-18,Tuolumne,109,53932,12477,540,13017,176
2022-02-18,Ventura,111,848112,170897,9242,180139,1452
2022-02-18,Yolo,113,214977,36268,2790,39058,346
2022-02-18,Yuba,115,75493,15547,1144,16691,120
2022-02-17,Alameda,001,1643700,250316,13338,263654,1789
2022-02-17,Alpine,002,1148,121,1,122,0
2022-02-17,Amador,005,37829,8299,623,8922,81
2022-02-17,Butte,007,227075,32563,6857,39420,412
2022-02-17,Calaveras,009,45235,7134,332,7466,109
2022-02-17,Colusa,011,21464,3409,1033,4442,21
2022-02-17,Contra Costa,013,1133247,188423,12926,201349,1255
2022-02-17,Del Norte,015,27424,5546,167,5713,44
2022-02-17,El Dorado,017,186661,26285,3125,29410,206
2022-02-17,Fresno,019,978130,230974,23873,254847,2666
2022-02-17,Glenn,021,27897,4924,1579,6503,53
2022-02-17,Humboldt,023,135768,16433,2836,19269,138
2022-02-17,Imperial,025,180216,54632,10347,64979,925
2022-02-17,Inyo,027,18085,4031,443,4474,56
2022-02-17,Kern,029,883053,189353,45035,234388,2283
2022-02-17,Kings,031,150075,50521,3459,53980,432
2022-02-17,Lake,033,64148,10352,850,11202,131
2022-02-17,Lassen,035,31185,8745,859,9604,59
2022-02-17,Los Angeles,037,10098052,2679015,120525,2799540,30947
2022-02-17,Madera,039,155013,36703,5880,42583,366
2022-02-17,Marin,041,260295,24170,2072,26242,230
2022-02-17,Mariposa,043,17540,2320,189,2509,24
2022-02-17,Mendocino,045,87422,12767,2902,15669,118
2022-02-17,Merced,047,269075,62391,8651,71042,788
2022-02-17,Modoc,049,8938,719,245,964,8
2022-02-17,Mono,051,14174,2951,119,3070,5
2022-02-17,Monterey,053,433212,77952,12914,90866,703
2022-02-17,Napa,055,140530,25081,900,25981,134
2022-02-17,Nevada,057,99092,15688,1143,16831,126
2022-02-17,Orange,059,3164182,540785,40715,581500,6911
2022-02-17,Placer,061,380077,61828,7210,69038,602
2022-02-17,Plumas,063,18699,2916,347,3263,13
2022-02-17,Riverside,065,2383286,585488,27245,612733,6320
2022-02-17,Sacramento,067,1510023,276526,26311,302837,2941
2022-02-17,San Benito,069,59416,12759,504,13263,92
2022-02-17,San Bernardino,071,2135413,569397,24556,593953,7591
2022-02-17,San Diego,073,3302833,738350,51102,789452,5190
2022-02-17,San Francisco,075,870044,120669,7945,128614,823
2022-02-17,San Joaquin,077,732212,164407,9682,174089,2195
2022-02-17,San Luis Obispo,079,281455,51282,3603,54885,443
2022-02-17,San Mateo,081,765935,118965,6696,125661,688
2022-02-17,Santa Barbara,083,443738,84388,4598,88986,665
2022-02-17,Santa Clara,085,1922200,307151,11966,319117,2224
2022-02-17,Santa Cruz,087,273765,46180,2037,48217,253
2022-02-17,Shasta,089,179085,29984,5959,35943,521
2022-02-17,Sierra,091,2930,271,45,316,3
2022-02-17,Siskiyou,093,43540,4349,2650,6999,75
2022-02-17,Solano,095,438530,79795,5422,85217,437
2022-02-17,Sonoma,097,501317,81736,2486,84222,478
2022-02-17,Stanislaus,099,539301,116022,17479,133501,1627
2022-02-17,Sutter,101,95872,20130,1951,22081,218
2022-02-17,Tehama,103,63373,11863,2546,14409,192
2022-02-17,Trinity,105,12862,1164,280,1444,20
2022-02-17,Tulare,107,460477,104923,26993,131916,1444
2022-02-17,Tuolumne,109,53932,12466,540,13006,175
2022-02-17,Ventura,111,848112,170757,9241,179998,1449
2022-02-17,Yolo,113,214977,36230,2789,39019,346
2022-02-17,Yuba,115,75493,15532,1144,16676,119
2022-02-16,Alameda,001,1643700,250008,13301,263309,1784
2022-02-16,Alpine,002,1148,121,1,122,0
2022-02-16,Amador,005,37829,8281,622,8903,81
2022-02-16,Butte,007,227075,32517,6844,39361,410
2022-02-16,Calaveras,009,45235,7130,329,7459,109
2022-02-16,Colusa,011,21464,3403,1033,4436,21
2022-02-16,Contra Costa,013,1133247,188190,12890,201080,1250
2022-02-16,Del Norte,015,27424,5526,164,5690,44
2022-02-16,El Dorado,017,186661,26260,3121,29381,206
2022-02-16,Fresno,019,978130,230611,23824,254435,2663
2022-02-16,Glenn,021,27897,4921,1574,6495,53
2022-02-16,Humboldt,023,135768,16409,2826,19235,137
2022-02-16,Imperial,025,180216,54554,10319,64873,923
2022-02-16,Inyo,027,18085,4028,442,4470,56
2022-02-16,Kern,029,883053,189136,44950,234086,2280
2022-02-16,Kings,031,150075,50468,3450,53918,429
2022-02-16,Lake,033,64148,10326,850,11176,131
2022-02-16,Lassen,035,31185,8712,859,9571,59
2022-02-16,Los Angeles,037,10098052,2676937,120417,2797354,30895
2022-02-16,Madera,039,155013,36636,5866,42502,365
2022-02-16,Marin,041,260295,24134,2070,26204,230
2022-02-16,Mariposa,043,17540,2318,189,2507,24
2022-02-16,Mendocino,045,87422,12745,2892,15637,118
2022-02-16,Merced,047,269075,62324,8618,70942,787
2022-02-16,Modoc,049,8938,719,241,960,8
2022-02-16,Mono,051,14174,2949,119,3068,5
2022-02-16,Monterey,053,433212,77804,12873,90677,703
2022-02-16,Napa,055,140530,25043,897,25940,132
2022-02-16,Nevada,057,99092,15670,1139,16809,126
2022-02-16,Orange,059,3164182,540380,40669,581049,6899
2022-02-16,Placer,061,380077,61785,7198,68983,601
2022-02-16,Plumas,063,18699,2913,345,3258,13
2022-02-16,Riverside,065,2383286,585089,27199,612288,6311
2022-02-16,Sacramento,067,1510023,276202,26253,302455,2934
2022-02-16,San Benito,069,59416,12732,504,13236,92
2022-02-16,San Bernardino,071,2135413,569123,24534,593657,7577
2022-02-16,San Diego,073,3302833,737590,51025,788615,5181
2022-02-16,San Francisco,075,870044,120496,7942,128438,820
2022-02-16,San Joaquin,077,732212,164240,9672,173912,2190
2022-02-16,San Luis Obispo,079,281455,51210,3591,54801,442
2022-02-16,San Mateo,081,765935,118847,6678,125525,686
2022-02-16,Santa Barbara,083,443738,84312,4586,88898,664
2022-02-16,Santa Clara,085,1922200,306758,11935,318693,2220
2022-02-16,Santa Cruz,087,273765,46090,2035,48125,253
2022-02-16,Shasta,089,179085,29944,5947,35891,519
2022-02-16,Sierra,091,2930,270,45,315,3
2022-02-16,Siskiyou,093,43540,4342,2644,6986,74
2022-02-16,Solano,095,438530,79681,5416,85097,437
2022-02-16,Sonoma,097,501317,81608,2476,84084,478
2022-02-16,Stanislaus,099,539301,115903,17446,133349,1621
2022-02-16,Sutter,101,95872,20113,1948,22061,217
2022-02-16,Tehama,103,63373,11846,2544,14390,190
2022-02-16,Trinity,105,12862,1164,279,1443,20
2022-02-16,Tulare,107,460477,104804,26943,131747,1437
2022-02-16,Tuolumne,109,53932,12454,539,12993,173
2022-02-16,Ventura,111,848112,170623,9233,179856,1444
2022-02-16,Yolo,113,214977,36180,2787,38967,345
2022-02-16,Yuba,115,75493,15510,1141,16651,118
2022-02-15,Alameda,001,1643700,249654,13275,262929,1780
2022-02-15,Alpine,002,1148,121,1,122,0
2022-02-15,Amador,005,37829,8271,621,8892,81
2022-02-15,Butte,007,227075,32468,6830,39298,407
2022-02-15,Calaveras,009,45235,7120,329,7449,109
2022-02-15,Colusa,011,21464,3395,1032,4427,21
2022-02-15,Contra Costa,013,1133247,187933,12861,200794,1248
2022-02-15,Del Norte,015,27424,5498,163,5661,44
2022-02-15,El Dorado,017,186661,26242,3116,29358,205
2022-02-15,Fresno,019,978130,230237,23766,254003,2660
2022-02-15,Glenn,021,27897,4912,1573,6485,53
2022-02-15,Humboldt,023,135768,16365,2811,19176,136
2022-02-15,Imperial,025,180216,54490,10304,64794,922
2022-02-15,Inyo,027,18085,4027,441,4468,56
2022-02-15,Kern,029,883053,188915,44858,233773,2274
2022-02-15,Kings,031,150075,50375,3441,53816,429
2022-02-15,Lake,033,64148,10294,844,11138,130
2022-02-15,Lassen,035,31185,8698,857,9555,59
2022-02-15,Los Angeles,037,10098052,2674682,120288,2794970,30828
2022-02-15,Madera,039,155013,36570,5846,42416,365
2022-02-15,Marin,041,260295,24092,2068,26160,230
2022-02-15,Mariposa,043,17540,2317,189,2506,24
2022-02-15,Mendocino,045,87422,12728,2873,15601,117
2022-02-15,Merced,047,269075,62243,8586,70829,785
2022-02-15,Modoc,049,8938,717,238,955,8
2022-02-15,Mono,051,14174,2948,119,3067,5
2022-02-15,Monterey,053,433212,77677,12815,90492,702
2022-02-15,Napa,055,140530,24993,890,25883,132
2022-02-15,Nevada,057,99092,15644,1138,16782,125
2022-02-15,Orange,059,3164182,539921,40622,580543,6890
2022-02-15,Placer,061,380077,61723,7187,68910,601
2022-02-15,Plumas,063,18699,2909,345,3254,13
2022-02-15,Riverside,065,2383286,584603,27140,611743,6301
2022-02-15,Sacramento,067,1510023,275812,26172,301984,2930
2022-02-15,San Benito,069,59416,12714,504,13218,92
2022-02-15,San Bernardino,071,2135413,568762,24514,593276,7563
2022-02-15,San Diego,073,3302833,736631,50923,787554,5172
2022-02-15,San Francisco,075,870044,120325,7931,128256,820
2022-02-15,San Joaquin,077,732212,164023,9658,173681,2187
2022-02-15,San Luis Obispo,079,281455,51113,3576,54689,442
2022-02-15,San Mateo,081,765935,118711,6659,125370,686
2022-02-15,Santa Barbara,083,443738,84176,4572,88748,663
2022-02-15,Santa Clara,085,1922200,306258,11900,318158,2217
2022-02-15,Santa Cruz,087,273765,45986,2030,48016,253
2022-02-15,Shasta,089,179085,29894,5933,35827,518
2022-02-15,Sierra,091,2930,270,45,315,3
2022-02-15,Siskiyou,093,43540,4335,2637,6972,73
2022-02-15,Solano,095,438530,79546,5411,84957,436
2022-02-15,Sonoma,097,501317,81486,2470,83956,478
2022-02-15,Stanislaus,099,539301,115760,17416,133176,1618
2022-02-15,Sutter,101,95872,20084,1943,22027,217
2022-02-15,Tehama,103,63373,11828,2542,14370,189
2022-02-15,Trinity,105,12862,1158,276,1434,20
2022-02-15,Tulare,107,460477,104651,26888,131539,1436
2022-02-15,Tuolumne,109,53932,12435,537,12972,172
2022-02-15,Ventura,111,848112,170449,9226,179675,1443
2022-02-15,Yolo,113,214977,36130,2779,38909,344
2022-02-15,Yuba,115,75493,15482,1136,16618,118
2022-02-14,Alameda,001,1643700,249221,13242,262463,1776
2022-02-14,Alpine,002,1148,121,1,122,0
2022-02-14,Amador,005,37829,8256,618,8874,81
2022-02-14,Butte,007,227075,32414,6815,39229,404
2022-02-14,Calaveras,009,45235,7107,327,7434,108
2022-02-14,Colusa,011,21464,3392,1028,4420,21
2022-02-14,Contra Costa,013,1133247,187649,12823,200472,1246
2022-02-14,Del Norte,015,27424,5475,162,5637,44
2022-02-14,El Dorado,017,186661,26206,3107,29313,204
2022-02-14,Fresno,019,978130,229755,23681,253436,2656
2022-02-14,Glenn,021,27897,4907,1573,6480,53
2022-02-14,Humboldt,023,135768,16325,2786,19111,136
2022-02-14,Imperial,025,180216,54418,10278,64696,921
2022-02-14,Inyo,027,18085,4026,440,4466,56
2022-02-14,Kern,029,883053,188572,44750,233322,2267
2022-02-14,Kings,031,150075,50269,3432,53701,429
2022-02-14,Lake,033,64148,10257,841,11098,130
2022-02-14,Lassen,035,31185,8688,855,9543,59
2022-02-14,Los Angeles,037,10098052,2672121,120160,2792281,30789
2022-02-14,Madera,039,155013,36505,5823,42328,365
2022-02-14,Marin,041,260295,24056,2065,26121,230
2022-02-14,Mariposa,043,17540,2310,189,2499,24
2022-02-14,Mendocino,045,87422,12701,2841,15542,117
2022-02-14,Merced,047,269075,62153,8543,70696,784
2022-02-14,Modoc,049,8938,712,238,950,8
2022-02-14,Mono,051,14174,2947,119,3066,5
2022-02-14,Monterey,053,433212,77506,12736,90242,701
2022-02-14,Napa,055,140530,24934,890,25824,131
2022-02-14,Nevada,057,99092,15625,1137,16762,125
2022-02-14,Orange,059,3164182,539415,40555,579970,6879
2022-02-14,Placer,061,380077,61654,7172,68826,599
2022-02-14,Plumas,063,18699,2907,345,3252,13
2022-02-14,Riverside,065,2383286,584057,27072,611129,6292
2022-02-14,Sacramento,067,1510023,275368,26055,301423,2927
2022-02-14,San Benito,069,59416,12690,503,13193,92
2022-02-14,San Bernardino,071,2135413,568347,24494,592841,7547
2022-02-14,San Diego,073,3302833,735663,50820,786483,5158
2022-02-14,San Francisco,075,870044,120139,7921,128060,818
2022-02-14,San Joaquin,077,732212,163786,9635,173421,2186
2022-02-14,San Luis Obispo,079,281455,51004,3566,54570,438
2022-02-14,San Mateo,081,765935,118547,6651,125198,685
2022-02-14,Santa Barbara,083,443738,84029,4562,88591,659
2022-02-14,Santa Clara,085,1922200,305721,11876,317597,2211
2022-02-14,Santa Cruz,087,273765,45823,2026,47849,253
2022-02-14,Shasta,089,179085,29808,5916,35724,518
2022-02-14,Sierra,091,2930,270,45,315,3
2022-02-14,Siskiyou,093,43540,4322,2623,6945,73
2022-02-14,Solano,095,438530,79366,5400,84766,436
2022-02-14,Sonoma,097,501317,81346,2458,83804,478
2022-02-14,Stanislaus,099,539301,115582,17373,132955,1612
2022-02-14,Sutter,101,95872,20056,1937,21993,217
2022-02-14,Tehama,103,63373,11805,2541,14346,189
2022-02-14,Trinity,105,12862,1155,276,1431,20
2022-02-14,Tulare,107,460477,104446,26794,131240,1435
2022-02-14,Tuolumne,109,53932,12406,534,12940,172
2022-02-14,Ventura,111,848112,170272,9214,179486,1442
2022-02-14,Yolo,113,214977,36071,2769,38840,342
2022-02-14,Yuba,115,75493,15452,1132,16584,118
2022-02-13,Alameda,001,1643700,248732,13208,261940,1775
2022-02-13,Alpine,002,1148,121,1,122,0
2022-02-13,Amador,005,37829,8227,615,8842,79
2022-02-13,Butte,007,227075,32339,6793,39132,403
2022-02-13,Calaveras,009,45235,7100,324,7424,108
2022-02-13,Colusa,011,21464,3390,1026,4416,21
2022-02-13,Contra Costa,013,1133247,187288,12759,200047,1243
2022-02-13,Del Norte,015,27424,5443,162,5605,44
2022-02-13,El Dorado,017,186661,26170,3100,29270,204
2022-02-13,Fresno,019,978130,229218,23622,252840,2650
2022-02-13,Glenn,021,27897,4900,1570,6470,53
2022-02-13,Humboldt,023,135768,16278,2759,19037,136
2022-02-13,Imperial,025,180216,54320,10243,64563,921
2022-02-13,Inyo,027,18085,4023,438,4461,56
2022-02-13,Kern,029,883053,188320,44665,232985,2265
2022-02-13,Kings,031,150075,50142,3420,53562,428
2022-02-13,Lake,033,64148,10194,834,11028,130
2022-02-13,Lassen,035,31185,8662,853,9515,59
2022-02-13,Los Angeles,037,10098052,2668970,120021,2788991,30731
2022-02-13,Madera,039,155013,36388,5795,42183,365
2022-02-13,Marin,041,260295,23985,2058,26043,230
2022-02-13,Mariposa,043,17540,2304,187,2491,24
2022-02-13,Mendocino,045,87422,12672,2802,15474,117
2022-02-13,Merced,047,269075,62010,8489,70499,779
2022-02-13,Modoc,049,8938,710,231,941,8
2022-02-13,Mono,051,14174,2946,119,3065,5
2022-02-13,Monterey,053,433212,77299,12662,89961,700
2022-02-13,Napa,055,140530,24857,887,25744,131
2022-02-13,Nevada,057,99092,15591,1130,16721,123
2022-02-13,Orange,059,3164182,538783,40493,579276,6867
2022-02-13,Placer,061,380077,61579,7151,68730,598
2022-02-13,Plumas,063,18699,2899,342,3241,13
2022-02-13,Riverside,065,2383286,583463,27031,610494,6284
2022-02-13,Sacramento,067,1510023,274855,25925,300780,2917
2022-02-13,San Benito,069,59416,12657,502,13159,92
2022-02-13,San Bernardino,071,2135413,567859,24460,592319,7525
2022-02-13,San Diego,073,3302833,734527,50701,785228,5148
2022-02-13,San Francisco,075,870044,119886,7909,127795,817
2022-02-13,San Joaquin,077,732212,163485,9607,173092,2181
2022-02-13,San Luis Obispo,079,281455,50859,3558,54417,437
2022-02-13,San Mateo,081,765935,118326,6625,124951,685
2022-02-13,Santa Barbara,083,443738,83865,4555,88420,658
2022-02-13,Santa Clara,085,1922200,305080,11839,316919,2208
2022-02-13,Santa Cruz,087,273765,45668,2024,47692,253
2022-02-13,Shasta,089,179085,29729,5893,35622,514
2022-02-13,Sierra,091,2930,270,45,315,3
2022-02-13,Siskiyou,093,43540,4315,2607,6922,73
2022-02-13,Solano,095,438530,79208,5377,84585,435
2022-02-13,Sonoma,097,501317,81182,2446,83628,478
2022-02-13,Stanislaus,099,539301,115390,17333,132723,1607
2022-02-13,Sutter,101,95872,20017,1937,21954,217
2022-02-13,Tehama,103,63373,11780,2538,14318,189
2022-02-13,Trinity,105,12862,1152,273,1425,20
2022-02-13,Tulare,107,460477,104233,26707,130940,1431
2022-02-13,Tuolumne,109,53932,12380,529,12909,172
2022-02-13,Ventura,111,848112,170078,9194,179272,1438
2022-02-13,Yolo,113,214977,36004,2758,38762,342
2022-02-13,Yuba,115,75493,15418,1131,16549,118
2022-02-12,Alameda,001,1643700,248512,13194,261706,1773
2022-02-12,Alpine,002,1148,121,1,122,0
2022-02-12,Amador,005,37829,8221,615,8836,79
2022-02-12,Butte,007,227075,32310,6787,39097,402
2022-02-12,Calaveras,009,45235,7097,323,7420,108
2022-02-12,Colusa,011,21464,3387,1026,4413,21
2022-02-12,Contra Costa,013,1133247,187097,12752,199849,1242
2022-02-12,Del Norte,015,27424,5424,162,5586,44
2022-02-12,El Dorado,017,186661,26154,3100,29254,204
2022-02-12,Fresno,019,978130,229006,23607,252613,2645
2022-02-12,Glenn,021,27897,4899,1569,6468,53
2022-02-12,Humboldt,023,135768,16254,2756,19010,136
2022-02-12,Imperial,025,180216,54276,10233,64509,920
2022-02-12,Inyo,027,18085,4021,438,4459,56
2022-02-12,Kern,029,883053,188209,44627,232836,2260
2022-02-12,Kings,031,150075,50102,3413,53515,428
2022-02-12,Lake,033,64148,10173,830,11003,128
2022-02-12,Lassen,035,31185,8639,852,9491,59
2022-02-12,Los Angeles,037,10098052,2667815,119950,2787765,30676
2022-02-12,Madera,039,155013,36353,5789,42142,364
2022-02-12,Marin,041,260295,23953,2055,26008,230
2022-02-12,Mariposa,043,17540,2304,187,2491,24
2022-02-12,Mendocino,045,87422,12656,2802,15458,117
2022-02-12,Merced,047,269075,61957,8484,70441,778
2022-02-12,Modoc,049,8938,710,231,941,8
2022-02-12,Mono,051,14174,2945,119,3064,5
2022-02-12,Monterey,053,433212,77238,12640,89878,698
2022-02-12,Napa,055,140530,24829,887,25716,130
2022-02-12,Nevada,057,99092,15578,1129,16707,123
2022-02-12,Orange,059,3164182,538490,40458,578948,6850
2022-02-12,Placer,061,380077,61523,7148,68671,596
2022-02-12,Plumas,063,18699,2898,341,3239,13
2022-02-12,Riverside,065,2383286,583101,27008,610109,6273
2022-02-12,Sacramento,067,1510023,274619,25915,300534,2909
2022-02-12,San Benito,069,59416,12645,502,13147,92
2022-02-12,San Bernardino,071,2135413,567624,24447,592071,7505
2022-02-12,San Diego,073,3302833,734028,50649,784677,5136
2022-02-12,San Francisco,075,870044,119765,7898,127663,813
2022-02-12,San Joaquin,077,732212,163354,9601,172955,2177
2022-02-12,San Luis Obispo,079,281455,50823,3555,54378,435
2022-02-12,San Mateo,081,765935,118238,6618,124856,683
2022-02-12,Santa Barbara,083,443738,83779,4548,88327,656
2022-02-12,Santa Clara,085,1922200,304743,11832,316575,2203
2022-02-12,Santa Cruz,087,273765,45632,2022,47654,253
2022-02-12,Shasta,089,179085,29700,5889,35589,514
2022-02-12,Sierra,091,2930,270,45,315,3
2022-02-12,Siskiyou,093,43540,4307,2604,6911,73
2022-02-12,Solano,095,438530,79166,5372,84538,435
2022-02-12,Sonoma,097,501317,81078,2444,83522,478
2022-02-12,Stanislaus,099,539301,115266,17320,132586,1600
2022-02-12,Sutter,101,95872,20002,1937,21939,216
2022-02-12,Tehama,103,63373,11764,2538,14302,189
2022-02-12,Trinity,105,12862,1151,273,1424,20
2022-02-12,Tulare,107,460477,104138,26670,130808,1426
2022-02-12,Tuolumne,109,53932,12362,529,12891,171
2022-02-12,Ventura,111,848112,169971,9189,179160,1437
2022-02-12,Yolo,113,214977,35962,2755,38717,341
2022-02-12,Yuba,115,75493,15404,1130,16534,117
2022-02-11,Alameda,001,1643700,248227,13181,261408,1765
2022-02-11,Alpine,002,1148,121,1,122,0
2022-02-11,Amador,005,37829,8209,615,8824,79
2022-02-11,Butte,007,227075,32266,6776,39042,400
2022-02-11,Calaveras,009,45235,7094,323,7417,107
2022-02-11,Colusa,011,21464,3385,1025,4410,21
2022-02-11,Contra Costa,013,1133247,186896,12734,199630,1240
2022-02-11,Del Norte,015,27424,5408,161,5569,44
2022-02-11,El Dorado,017,186661,26135,3099,29234,202
2022-02-11,Fresno,019,978130,228711,23589,252300,2644
2022-02-11,Glenn,021,27897,4895,1569,6464,53
2022-02-11,Humboldt,023,135768,16226,2751,18977,136
2022-02-11,Imperial,025,180216,54247,10222,64469,919
2022-02-11,Inyo,027,18085,4017,434,4451,56
2022-02-11,Kern,029,883053,188051,44576,232627,2259
2022-02-11,Kings,031,150075,50063,3412,53475,426
2022-02-11,Lake,033,64148,10148,828,10976,128
2022-02-11,Lassen,035,31185,8599,852,9451,58
2022-02-11,Los Angeles,037,10098052,2666184,119861,2786045,30620
2022-02-11,Madera,039,155013,36311,5783,42094,364
2022-02-11,Marin,041,260295,23921,2052,25973,228
2022-02-11,Mariposa,043,17540,2299,187,2486,24
2022-02-11,Mendocino,045,87422,12640,2802,15442,116
2022-02-11,Merced,047,269075,61908,8472,70380,778
2022-02-11,Modoc,049,8938,708,231,939,8
2022-02-11,Mono,051,14174,2944,119,3063,5
2022-02-11,Monterey,053,433212,77123,12627,89750,697
2022-02-11,Napa,055,140530,24803,887,25690,130
2022-02-11,Nevada,057,99092,15564,1126,16690,122
2022-02-11,Orange,059,3164182,538139,40397,578536,6832
2022-02-11,Placer,061,380077,61470,7146,68616,594
2022-02-11,Plumas,063,18699,2894,339,3233,13
2022-02-11,Riverside,065,2383286,582681,26992,609673,6262
2022-02-11,Sacramento,067,1510023,274355,25903,300258,2898
2022-02-11,San Benito,069,59416,12640,502,13142,92
2022-02-11,San Bernardino,071,2135413,567306,24433,591739,7497
2022-02-11,San Diego,073,3302833,733330,50590,783920,5125
2022-02-11,San Francisco,075,870044,119644,7882,127526,809
2022-02-11,San Joaquin,077,732212,163185,9590,172775,2171
2022-02-11,San Luis Obispo,079,281455,50786,3551,54337,434
2022-02-11,San Mateo,081,765935,118120,6609,124729,679
2022-02-11,Santa Barbara,083,443738,83695,4547,88242,655
2022-02-11,Santa Clara,085,1922200,304315,11816,316131,2198
2022-02-11,Santa Cruz,087,273765,45540,2022,47562,252
2022-02-11,Shasta,089,179085,29669,5881,35550,513
2022-02-11,Sierra,091,2930,269,44,313,3
2022-02-11,Siskiyou,093,43540,4296,2598,6894,73
2022-02-11,Solano,095,438530,79042,5366,84408,435
2022-02-11,Sonoma,097,501317,80993,2439,83432,478
2022-02-11,Stanislaus,099,539301,115165,17305,132470,1596
2022-02-11,Sutter,101,95872,19979,1935,21914,216
2022-02-11,Tehama,103,63373,11750,2538,14288,188
2022-02-11,Trinity,105,12862,1150,272,1422,20
2022-02-11,Tulare,107,460477,104019,26619,130638,1419
2022-02-11,Tuolumne,109,53932,12346,527,12873,170
2022-02-11,Ventura,111,848112,169832,9184,179016,1433
2022-02-11,Yolo,113,214977,35929,2753,38682,341
2022-02-11,Yuba,115,75493,15387,1129,16516,116
2022-02-10,Alameda,001,1643700,247703,13139,260842,1759
2022-02-10,Alpine,002,1148,121,1,122,0
2022-02-10,Amador,005,37829,8197,609,8806,78
2022-02-10,Butte,007,227075,32216,6762,38978,397
2022-02-10,Calaveras,009,45235,7082,321,7403,107
2022-02-10,Colusa,011,21464,3379,1023,4402,21
2022-02-10,Contra Costa,013,1133247,186535,12668,199203,1235
2022-02-10,Del Norte,015,27424,5379,159,5538,44
2022-02-10,El Dorado,017,186661,26091,3093,29184,202
2022-02-10,Fresno,019,978130,228135,23502,251637,2641
2022-02-10,Glenn,021,27897,4889,1567,6456,53
2022-02-10,Humboldt,023,135768,16176,2729,18905,136
2022-02-10,Imperial,025,180216,54177,10179,64356,918
2022-02-10,Inyo,027,18085,4013,434,4447,56
2022-02-10,Kern,029,883053,187742,44467,232209,2255
2022-02-10,Kings,031,150075,49951,3401,53352,426
2022-02-10,Lake,033,64148,10117,826,10943,128
2022-02-10,Lassen,035,31185,8585,850,9435,57
2022-02-10,Los Angeles,037,10098052,2663047,119679,2782726,30543
2022-02-10,Madera,039,155013,36213,5752,41965,363
2022-02-10,Marin,041,260295,23863,2040,25903,228
2022-02-10,Mariposa,043,17540,2295,186,2481,24
2022-02-10,Mendocino,045,87422,12618,2778,15396,116
2022-02-10,Merced,047,269075,61782,8415,70197,778
2022-02-10,Modoc,049,8938,707,230,937,8
2022-02-10,Mono,051,14174,2942,118,3060,5
2022-02-10,Monterey,053,433212,76941,12547,89488,696
2022-02-10,Napa,055,140530,24738,885,25623,130
2022-02-10,Nevada,057,99092,15539,1125,16664,122
2022-02-10,Orange,059,3164182,537489,40326,577815,6811
2022-02-10,Placer,061,380077,61388,7137,68525,592
2022-02-10,Plumas,063,18699,2891,332,3223,13
2022-02-10,Riverside,065,2383286,581962,26937,608899,6250
2022-02-10,Sacramento,067,1510023,273872,25814,299686,2893
2022-02-10,San Benito,069,59416,12619,500,13119,90
2022-02-10,San Bernardino,071,2135413,566759,24403,591162,7486
2022-02-10,San Diego,073,3302833,732228,50465,782693,5112
2022-02-10,San Francisco,075,870044,119430,7865,127295,803
2022-02-10,San Joaquin,077,732212,162873,9582,172455,2165
2022-02-10,San Luis Obispo,079,281455,50687,3540,54227,431
2022-02-10,San Mateo,081,765935,117894,6592,124486,677
2022-02-10,Santa Barbara,083,443738,83511,4541,88052,655
2022-02-10,Santa Clara,085,1922200,303642,11762,315404,2194
2022-02-10,Santa Cruz,087,273765,45396,2020,47416,252
2022-02-10,Shasta,089,179085,29607,5861,35468,512
2022-02-10,Sierra,091,2930,269,44,313,3
2022-02-10,Siskiyou,093,43540,4291,2585,6876,73
2022-02-10,Solano,095,438530,78849,5347,84196,434
2022-02-10,Sonoma,097,501317,80858,2422,83280,476
2022-02-10,Stanislaus,099,539301,114984,17266,132250,1589
2022-02-10,Sutter,101,95872,19940,1920,21860,216
2022-02-10,Tehama,103,63373,11720,2535,14255,188
2022-02-10,Trinity,105,12862,1147,271,1418,20
2022-02-10,Tulare,107,460477,103830,26543,130373,1417
2022-02-10,Tuolumne,109,53932,12325,522,12847,168
2022-02-10,Ventura,111,848112,169551,9170,178721,1428
2022-02-10,Yolo,113,214977,35854,2747,38601,340
2022-02-10,Yuba,115,75493,15355,1124,16479,116
2022-02-09,Alameda,001,1643700,247169,13084,260253,1755
2022-02-09,Alpine,002,1148,120,1,121,0
2022-02-09,Amador,005,37829,8183,604,8787,78
2022-02-09,Butte,007,227075,32123,6748,38871,396
2022-02-09,Calaveras,009,45235,7067,317,7384,106
2022-02-09,Colusa,011,21464,3376,1022,4398,21
2022-02-09,Contra Costa,013,1133247,186176,12621,198797,1233
2022-02-09,Del Norte,015,27424,5332,158,5490,44
2022-02-09,El Dorado,017,186661,26054,3080,29134,202
2022-02-09,Fresno,019,978130,227509,23411,250920,2636
2022-02-09,Glenn,021,27897,4874,1566,6440,53
2022-02-09,Humboldt,023,135768,16129,2704,18833,136
2022-02-09,Imperial,025,180216,54074,10107,64181,914
2022-02-09,Inyo,027,18085,4007,433,4440,56
2022-02-09,Kern,029,883053,187367,44353,231720,2250
2022-02-09,Kings,031,150075,49840,3395,53235,425
2022-02-09,Lake,033,64148,10077,821,10898,128
2022-02-09,Lassen,035,31185,8560,849,9409,57
2022-02-09,Los Angeles,037,10098052,2659415,119543,2778958,30474
2022-02-09,Madera,039,155013,36116,5722,41838,363
2022-02-09,Marin,041,260295,23814,2033,25847,226
2022-02-09,Mariposa,043,17540,2292,186,2478,24
2022-02-09,Mendocino,045,87422,12584,2749,15333,116
2022-02-09,Merced,047,269075,61652,8358,70010,777
2022-02-09,Modoc,049,8938,703,229,932,8
2022-02-09,Mono,051,14174,2940,118,3058,5
2022-02-09,Monterey,053,433212,76738,12461,89199,693
2022-02-09,Napa,055,140530,24692,880,25572,130
2022-02-09,Nevada,057,99092,15518,1123,16641,122
2022-02-09,Orange,059,3164182,536856,40246,577102,6802
2022-02-09,Placer,061,380077,61292,7117,68409,589
2022-02-09,Plumas,063,18699,2886,328,3214,13
2022-02-09,Riverside,065,2383286,581220,26892,608112,6234
2022-02-09,Sacramento,067,1510023,273307,25693,299000,2883
2022-02-09,San Benito,069,59416,12595,500,13095,90
2022-02-09,San Bernardino,071,2135413,566148,24377,590525,7469
2022-02-09,San Diego,073,3302833,730871,50355,781226,5099
2022-02-09,San Francisco,075,870044,119179,7854,127033,800
2022-02-09,San Joaquin,077,732212,162568,9572,172140,2155
2022-02-09,San Luis Obispo,079,281455,50541,3535,54076,430
2022-02-09,San Mateo,081,765935,117706,6552,124258,675
2022-02-09,Santa Barbara,083,443738,83329,4535,87864,652
2022-02-09,Santa Clara,085,1922200,302920,11704,314624,2190
2022-02-09,Santa Cruz,087,273765,45213,2013,47226,251
2022-02-09,Shasta,089,179085,29538,5840,35378,510
2022-02-09,Sierra,091,2930,268,43,311,3
2022-02-09,Siskiyou,093,43540,4277,2579,6856,73
2022-02-09,Solano,095,438530,78656,5337,83993,434
2022-02-09,Sonoma,097,501317,80683,2415,83098,475
2022-02-09,Stanislaus,099,539301,114735,17036,131771,1587
2022-02-09,Sutter,101,95872,19898,1907,21805,216
2022-02-09,Tehama,103,63373,11695,2531,14226,187
2022-02-09,Trinity,105,12862,1143,270,1413,20
2022-02-09,Tulare,107,460477,103618,26457,130075,1416
2022-02-09,Tuolumne,109,53932,12287,519,12806,168
2022-02-09,Ventura,111,848112,169315,9157,178472,1424
2022-02-09,Yolo,113,214977,35784,2731,38515,340
2022-02-09,Yuba,115,75493,15324,1113,16437,116
2022-02-08,Alameda,001,1643700,246537,13012,259549,1746
2022-02-08,Alpine,002,1148,120,1,121,0
2022-02-08,Amador,005,37829,8175,597,8772,78
2022-02-08,Butte,007,227075,32038,6727,38765,394
2022-02-08,Calaveras,009,45235,7050,315,7365,106
2022-02-08,Colusa,011,21464,3368,1021,4389,21
2022-02-08,Contra Costa,013,1133247,185728,12540,198268,1229
2022-02-08,Del Norte,015,27424,5306,153,5459,44
2022-02-08,El Dorado,017,186661,26009,3070,29079,202
2022-02-08,Fresno,019,978130,226764,23305,250069,2628
2022-02-08,Glenn,021,27897,4857,1562,6419,52
2022-02-08,Humboldt,023,135768,16069,2672,18741,136
2022-02-08,Imperial,025,180216,53945,10063,64008,911
2022-02-08,Inyo,027,18085,4002,433,4435,56
2022-02-08,Kern,029,883053,187031,44224,231255,2243
2022-02-08,Kings,031,150075,49680,3383,53063,423
2022-02-08,Lake,033,64148,10047,815,10862,128
2022-02-08,Lassen,035,31185,8551,845,9396,57
2022-02-08,Los Angeles,037,10098052,2655107,119358,2774465,30392
2022-02-08,Madera,039,155013,36008,5666,41674,363
2022-02-08,Marin,041,260295,23740,2028,25768,225
2022-02-08,Mariposa,043,17540,2291,178,2469,24
2022-02-08,Mendocino,045,87422,12552,2718,15270,116
2022-02-08,Merced,047,269075,61538,8299,69837,773
2022-02-08,Modoc,049,8938,699,229,928,8
2022-02-08,Mono,051,14174,2939,118,3057,5
2022-02-08,Monterey,053,433212,76532,12378,88910,690
2022-02-08,Napa,055,140530,24619,874,25493,130
2022-02-08,Nevada,057,99092,15492,1120,16612,122
2022-02-08,Orange,059,3164182,536169,40159,576328,6786
2022-02-08,Placer,061,380077,61184,7105,68289,589
2022-02-08,Plumas,063,18699,2875,321,3196,13
2022-02-08,Riverside,065,2383286,580389,26820,607209,6220
2022-02-08,Sacramento,067,1510023,272633,25515,298148,2877
2022-02-08,San Benito,069,59416,12571,498,13069,90
2022-02-08,San Bernardino,071,2135413,565435,24333,589768,7454
2022-02-08,San Diego,073,3302833,729304,50223,779527,5084
2022-02-08,San Francisco,075,870044,118869,7845,126714,796
2022-02-08,San Joaquin,077,732212,162183,9554,171737,2151
2022-02-08,San Luis Obispo,079,281455,50376,3505,53881,430
2022-02-08,San Mateo,081,765935,117488,6522,124010,672
2022-02-08,Santa Barbara,083,443738,83161,4510,87671,652
2022-02-08,Santa Clara,085,1922200,302037,11657,313694,2186
2022-02-08,Santa Cruz,087,273765,45058,2008,47066,250
2022-02-08,Shasta,089,179085,29456,5813,35269,509
2022-02-08,Sierra,091,2930,268,43,311,3
2022-02-08,Siskiyou,093,43540,4267,2570,6837,72
2022-02-08,Solano,095,438530,78423,5322,83745,434
2022-02-08,Sonoma,097,501317,80469,2391,82860,472
2022-02-08,Stanislaus,099,539301,114477,16959,131436,1586
2022-02-08,Sutter,101,95872,19859,1895,21754,215
2022-02-08,Tehama,103,63373,11667,2524,14191,185
2022-02-08,Trinity,105,12862,1137,270,1407,20
2022-02-08,Tulare,107,460477,103326,26327,129653,1411
2022-02-08,Tuolumne,109,53932,12262,517,12779,168
2022-02-08,Ventura,111,848112,169078,9142,178220,1412
2022-02-08,Yolo,113,214977,35702,2718,38420,339
2022-02-08,Yuba,115,75493,15279,1091,16370,116
2022-02-07,Alameda,001,1643700,245817,12947,258764,1737
2022-02-07,Alpine,002,1148,120,1,121,0
2022-02-07,Amador,005,37829,8147,589,8736,78
2022-02-07,Butte,007,227075,31950,6696,38646,394
2022-02-07,Calaveras,009,45235,7028,314,7342,106
2022-02-07,Colusa,011,21464,3357,1017,4374,21
2022-02-07,Contra Costa,013,1133247,185246,12465,197711,1223
2022-02-07,Del Norte,015,27424,5265,148,5413,44
2022-02-07,El Dorado,017,186661,25946,3060,29006,200
2022-02-07,Fresno,019,978130,225887,23160,249047,2622
2022-02-07,Glenn,021,27897,4849,1558,6407,51
2022-02-07,Humboldt,023,135768,15994,2647,18641,136
2022-02-07,Imperial,025,180216,53829,9994,63823,907
2022-02-07,Inyo,027,18085,3997,427,4424,56
2022-02-07,Kern,029,883053,186558,44060,230618,2239
2022-02-07,Kings,031,150075,49495,3366,52861,421
2022-02-07,Lake,033,64148,10001,807,10808,128
2022-02-07,Lassen,035,31185,8533,839,9372,57
2022-02-07,Los Angeles,037,10098052,2650677,119141,2769818,30299
2022-02-07,Madera,039,155013,35884,5619,41503,363
2022-02-07,Marin,041,260295,23673,2018,25691,225
2022-02-07,Mariposa,043,17540,2286,174,2460,24
2022-02-07,Mendocino,045,87422,12494,2680,15174,116
2022-02-07,Merced,047,269075,61408,8206,69614,771
2022-02-07,Modoc,049,8938,695,229,924,8
2022-02-07,Mono,051,14174,2937,118,3055,5
2022-02-07,Monterey,053,433212,76277,12271,88548,689
2022-02-07,Napa,055,140530,24534,865,25399,130
2022-02-07,Nevada,057,99092,15456,1114,16570,122
2022-02-07,Orange,059,3164182,535408,40073,575481,6764
2022-02-07,Placer,061,380077,61059,7090,68149,587
2022-02-07,Plumas,063,18699,2864,312,3176,13
2022-02-07,Riverside,065,2383286,579446,26735,606181,6207
2022-02-07,Sacramento,067,1510023,271950,25333,297283,2867
2022-02-07,San Benito,069,59416,12532,496,13028,90
2022-02-07,San Bernardino,071,2135413,564638,24293,588931,7430
2022-02-07,San Diego,073,3302833,727590,50035,777625,5069
2022-02-07,San Francisco,075,870044,118529,7820,126349,793
2022-02-07,San Joaquin,077,732212,161799,9535,171334,2149
2022-02-07,San Luis Obispo,079,281455,50206,3486,53692,429
2022-02-07,San Mateo,081,765935,117202,6493,123695,668
2022-02-07,Santa Barbara,083,443738,82973,4495,87468,651
2022-02-07,Santa Clara,085,1922200,301086,11611,312697,2184
2022-02-07,Santa Cruz,087,273765,44842,2004,46846,250
2022-02-07,Shasta,089,179085,29366,5787,35153,505
2022-02-07,Sierra,091,2930,268,43,311,3
2022-02-07,Siskiyou,093,43540,4256,2554,6810,72
2022-02-07,Solano,095,438530,78166,5293,83459,434
2022-02-07,Sonoma,097,501317,80211,2375,82586,470
2022-02-07,Stanislaus,099,539301,114218,16815,131033,1584
2022-02-07,Sutter,101,95872,19826,1868,21694,214
2022-02-07,Tehama,103,63373,11625,2516,14141,184
2022-02-07,Trinity,105,12862,1133,267,1400,20
2022-02-07,Tulare,107,460477,102967,26196,129163,1408
2022-02-07,Tuolumne,109,53932,12214,513,12727,168
2022-02-07,Ventura,111,848112,168762,9127,177889,1406
2022-02-07,Yolo,113,214977,35592,2704,38296,335
2022-02-07,Yuba,115,75493,15232,1084,16316,116
2022-02-06,Alameda,001,1643700,244906,12863,257769,1732
2022-02-06,Alpine,002,1148,120,1,121,0
2022-02-06,Amador,005,37829,8116,577,8693,77
2022-02-06,Butte,007,227075,31820,6645,38465,393
2022-02-06,Calaveras,009,45235,7001,309,7310,106
2022-02-06,Colusa,011,21464,3347,1016,4363,21
2022-02-06,Contra Costa,013,1133247,184585,12302,196887,1218
2022-02-06,Del Norte,015,27424,5209,146,5355,44
2022-02-06,El Dorado,017,186661,25884,3048,28932,200
2022-02-06,Fresno,019,978130,225021,22908,247929,2615
2022-02-06,Glenn,021,27897,4835,1548,6383,50
2022-02-06,Humboldt,023,135768,15911,2607,18518,136
2022-02-06,Imperial,025,180216,53642,9948,63590,907
2022-02-06,Inyo,027,18085,3995,424,4419,56
2022-02-06,Kern,029,883053,186006,43821,229827,2235
2022-02-06,Kings,031,150075,49270,3342,52612,419
2022-02-06,Lake,033,64148,9932,790,10722,128
2022-02-06,Lassen,035,31185,8513,834,9347,57
2022-02-06,Los Angeles,037,10098052,2645172,118884,2764056,30213
2022-02-06,Madera,039,155013,35699,5527,41226,362
2022-02-06,Marin,041,260295,23575,2005,25580,223
2022-02-06,Mariposa,043,17540,2278,163,2441,24
2022-02-06,Mendocino,045,87422,12451,2610,15061,115
2022-02-06,Merced,047,269075,61182,8039,69221,767
2022-02-06,Modoc,049,8938,690,228,918,8
2022-02-06,Mono,051,14174,2932,116,3048,5
2022-02-06,Monterey,053,433212,75912,12114,88026,687
2022-02-06,Napa,055,140530,24415,858,25273,129
2022-02-06,Nevada,057,99092,15391,1101,16492,122
2022-02-06,Orange,059,3164182,534453,39969,574422,6746
2022-02-06,Placer,061,380077,60883,7064,67947,584
2022-02-06,Plumas,063,18699,2851,303,3154,13
2022-02-06,Riverside,065,2383286,578308,26658,604966,6193
2022-02-06,Sacramento,067,1510023,271084,25065,296149,2859
2022-02-06,San Benito,069,59416,12477,488,12965,90
2022-02-06,San Bernardino,071,2135413,563661,24223,587884,7414
2022-02-06,San Diego,073,3302833,725531,49794,775325,5054
2022-02-06,San Francisco,075,870044,118148,7794,125942,789
2022-02-06,San Joaquin,077,732212,161229,9497,170726,2143
2022-02-06,San Luis Obispo,079,281455,49981,3429,53410,427
2022-02-06,San Mateo,081,765935,116864,6454,123318,668
2022-02-06,Santa Barbara,083,443738,82655,4458,87113,650
2022-02-06,Santa Clara,085,1922200,299964,11495,311459,2179
2022-02-06,Santa Cruz,087,273765,44529,1990,46519,249
2022-02-06,Shasta,089,179085,29243,5738,34981,503
2022-02-06,Sierra,091,2930,268,43,311,3
2022-02-06,Siskiyou,093,43540,4235,2528,6763,72
2022-02-06,Solano,095,438530,77869,5252,83121,434
2022-02-06,Sonoma,097,501317,79876,2355,82231,469
2022-02-06,Stanislaus,099,539301,113822,16667,130489,1579
2022-02-06,Sutter,101,95872,19784,1830,21614,214
2022-02-06,Tehama,103,63373,11585,2496,14081,182
2022-02-06,Trinity,105,12862,1132,266,1398,20
2022-02-06,Tulare,107,460477,102535,26016,128551,1407
2022-02-06,Tuolumne,109,53932,12162,495,12657,168
2022-02-06,Ventura,111,848112,168386,9116,177502,1402
2022-02-06,Yolo,113,214977,35453,2687,38140,334
2022-02-06,Yuba,115,75493,15187,1075,16262,116
2022-02-05,Alameda,001,1643700,244491,12852,257343,1724
2022-02-05,Alpine,002,1148,120,1,121,0
2022-02-05,Amador,005,37829,8107,575,8682,77
2022-02-05,Butte,007,227075,31765,6631,38396,391
2022-02-05,Calaveras,009,45235,6985,309,7294,106
2022-02-05,Colusa,011,21464,3340,1016,4356,21
2022-02-05,Contra Costa,013,1133247,184308,12286,196594,1216
2022-02-05,Del Norte,015,27424,5167,146,5313,44
2022-02-05,El Dorado,017,186661,25853,3046,28899,200
2022-02-05,Fresno,019,978130,224663,22886,247549,2606
2022-02-05,Glenn,021,27897,4833,1542,6375,50
2022-02-05,Humboldt,023,135768,15862,2604,18466,135
2022-02-05,Imperial,025,180216,53581,9935,63516,907
2022-02-05,Inyo,027,18085,3992,424,4416,56
2022-02-05,Kern,029,883053,185797,43719,229516,2230
2022-02-05,Kings,031,150075,49183,3335,52518,415
2022-02-05,Lake,033,64148,9913,783,10696,128
2022-02-05,Lassen,035,31185,8502,832,9334,57
2022-02-05,Los Angeles,037,10098052,2642997,118759,2761756,30143
2022-02-05,Madera,039,155013,35646,5514,41160,362
2022-02-05,Marin,041,260295,23529,2001,25530,223
2022-02-05,Mariposa,043,17540,2277,162,2439,24
2022-02-05,Mendocino,045,87422,12423,2608,15031,115
2022-02-05,Merced,047,269075,61088,8032,69120,767
2022-02-05,Modoc,049,8938,689,228,917,8
2022-02-05,Mono,051,14174,2931,116,3047,5
2022-02-05,Monterey,053,433212,75798,12070,87868,685
2022-02-05,Napa,055,140530,24359,857,25216,128
2022-02-05,Nevada,057,99092,15369,1096,16465,121
2022-02-05,Orange,059,3164182,534011,39876,573887,6728
2022-02-05,Placer,061,380077,60758,7051,67809,581
2022-02-05,Plumas,063,18699,2850,302,3152,13
2022-02-05,Riverside,065,2383286,577705,26588,604293,6180
2022-02-05,Sacramento,067,1510023,270686,25028,295714,2848
2022-02-05,San Benito,069,59416,12432,488,12920,90
2022-02-05,San Bernardino,071,2135413,563149,24203,587352,7400
2022-02-05,San Diego,073,3302833,724674,49718,774392,5036
2022-02-05,San Francisco,075,870044,117934,7767,125701,789
2022-02-05,San Joaquin,077,732212,161041,9485,170526,2139
2022-02-05,San Luis Obispo,079,281455,49944,3427,53371,424
2022-02-05,San Mateo,081,765935,116676,6446,123122,664
2022-02-05,Santa Barbara,083,443738,82492,4446,86938,647
2022-02-05,Santa Clara,085,1922200,299312,11479,310791,2173
2022-02-05,Santa Cruz,087,273765,44455,1987,46442,249
2022-02-05,Shasta,089,179085,29200,5728,34928,503
2022-02-05,Sierra,091,2930,268,43,311,3
2022-02-05,Siskiyou,093,43540,4228,2515,6743,72
2022-02-05,Solano,095,438530,77794,5242,83036,434
2022-02-05,Sonoma,097,501317,79709,2351,82060,469
2022-02-05,Stanislaus,099,539301,113620,16644,130264,1576
2022-02-05,Sutter,101,95872,19754,1824,21578,213
2022-02-05,Tehama,103,63373,11566,2490,14056,182
2022-02-05,Trinity,105,12862,1130,266,1396,20
2022-02-05,Tulare,107,460477,102366,25935,128301,1404
2022-02-05,Tuolumne,109,53932,12136,492,12628,168
2022-02-05,Ventura,111,848112,168160,9100,177260,1395
2022-02-05,Yolo,113,214977,35370,2672,38042,333
2022-02-05,Yuba,115,75493,15156,1067,16223,115
2022-02-04,Alameda,001,1643700,244001,12840,256841,1718
2022-02-04,Alpine,002,1148,120,1,121,0
2022-02-04,Amador,005,37829,8091,571,8662,76
2022-02-04,Butte,007,227075,31706,6619,38325,390
2022-02-04,Calaveras,009,45235,6975,307,7282,106
2022-02-04,Colusa,011,21464,3336,1014,4350,21
2022-02-04,Contra Costa,013,1133247,183974,12258,196232,1209
2022-02-04,Del Norte,015,27424,5146,146,5292,44
2022-02-04,El Dorado,017,186661,25819,3043,28862,200
2022-02-04,Fresno,019,978130,224180,22851,247031,2602
2022-02-04,Glenn,021,27897,4824,1539,6363,50
2022-02-04,Humboldt,023,135768,15835,2601,18436,135
2022-02-04,Imperial,025,180216,53504,9918,63422,904
2022-02-04,Inyo,027,18085,3989,424,4413,56
2022-02-04,Kern,029,883053,185572,43595,229167,2225
2022-02-04,Kings,031,150075,49108,3328,52436,412
2022-02-04,Lake,033,64148,9891,780,10671,128
2022-02-04,Lassen,035,31185,8479,832,9311,57
2022-02-04,Los Angeles,037,10098052,2640360,118628,2758988,30064
2022-02-04,Madera,039,155013,35563,5506,41069,362
2022-02-04,Marin,041,260295,23465,1992,25457,222
2022-02-04,Mariposa,043,17540,2275,160,2435,24
2022-02-04,Mendocino,045,87422,12392,2606,14998,115
2022-02-04,Merced,047,269075,61008,8022,69030,764
2022-02-04,Modoc,049,8938,689,228,917,8
2022-02-04,Mono,051,14174,2929,116,3045,5
2022-02-04,Monterey,053,433212,75608,12027,87635,683
2022-02-04,Napa,055,140530,24312,853,25165,126
2022-02-04,Nevada,057,99092,15335,1092,16427,121
2022-02-04,Orange,059,3164182,533462,39818,573280,6718
2022-02-04,Placer,061,380077,60652,7040,67692,579
2022-02-04,Plumas,063,18699,2843,301,3144,13
2022-02-04,Riverside,065,2383286,576992,26576,603568,6165
2022-02-04,Sacramento,067,1510023,270183,25001,295184,2839
2022-02-04,San Benito,069,59416,12413,486,12899,90
2022-02-04,San Bernardino,071,2135413,562567,24182,586749,7380
2022-02-04,San Diego,073,3302833,723544,49632,773176,5019
2022-02-04,San Francisco,075,870044,117693,7742,125435,785
2022-02-04,San Joaquin,077,732212,160809,9473,170282,2131
2022-02-04,San Luis Obispo,079,281455,49883,3420,53303,422
2022-02-04,San Mateo,081,765935,116444,6432,122876,662
2022-02-04,Santa Barbara,083,443738,82343,4445,86788,645
2022-02-04,Santa Clara,085,1922200,298641,11459,310100,2170
2022-02-04,Santa Cruz,087,273765,44250,1983,46233,248
2022-02-04,Shasta,089,179085,29148,5717,34865,501
2022-02-04,Sierra,091,2930,268,43,311,3
2022-02-04,Siskiyou,093,43540,4220,2508,6728,72
2022-02-04,Solano,095,438530,77602,5204,82806,433
2022-02-04,Sonoma,097,501317,79550,2271,81821,467
2022-02-04,Stanislaus,099,539301,113439,16618,130057,1568
2022-02-04,Sutter,101,95872,19730,1817,21547,211
2022-02-04,Tehama,103,63373,11551,2489,14040,182
2022-02-04,Trinity,105,12862,1129,265,1394,20
2022-02-04,Tulare,107,460477,102185,25855,128040,1397
2022-02-04,Tuolumne,109,53932,12124,491,12615,167
2022-02-04,Ventura,111,848112,167891,9092,176983,1388
2022-02-04,Yolo,113,214977,35276,2666,37942,332
2022-02-04,Yuba,115,75493,15138,1067,16205,114
2022-02-03,Alameda,001,1643700,243227,12778,256005,1712
2022-02-03,Alpine,002,1148,120,1,121,0
2022-02-03,Amador,005,37829,8071,566,8637,76
2022-02-03,Butte,007,227075,31601,6589,38190,387
2022-02-03,Calaveras,009,45235,6945,304,7249,106
2022-02-03,Colusa,011,21464,3323,1012,4335,21
2022-02-03,Contra Costa,013,1133247,183345,12155,195500,1208
2022-02-03,Del Norte,015,27424,5103,143,5246,44
2022-02-03,El Dorado,017,186661,25748,3038,28786,199
2022-02-03,Fresno,019,978130,223239,22689,245928,2590
2022-02-03,Glenn,021,27897,4807,1522,6329,50
2022-02-03,Humboldt,023,135768,15759,2565,18324,135
2022-02-03,Imperial,025,180216,53360,9867,63227,903
2022-02-03,Inyo,027,18085,3986,420,4406,56
2022-02-03,Kern,029,883053,185108,43381,228489,2222
2022-02-03,Kings,031,150075,48950,3321,52271,410
2022-02-03,Lake,033,64148,9837,774,10611,128
2022-02-03,Lassen,035,31185,8455,831,9286,57
2022-02-03,Los Angeles,037,10098052,2634939,118366,2753305,29971
2022-02-03,Madera,039,155013,35427,5462,40889,361
2022-02-03,Marin,041,260295,23370,1987,25357,221
2022-02-03,Mariposa,043,17540,2263,157,2420,24
2022-02-03,Mendocino,045,87422,12348,2583,14931,114
2022-02-03,Merced,047,269075,60856,7924,68780,762
2022-02-03,Modoc,049,8938,686,228,914,8
2022-02-03,Mono,051,14174,2924,115,3039,5
2022-02-03,Monterey,053,433212,75321,11836,87157,681
2022-02-03,Napa,055,140530,24178,853,25031,126
2022-02-03,Nevada,057,99092,15295,1082,16377,120
2022-02-03,Orange,059,3164182,532536,39725,572261,6699
2022-02-03,Placer,061,380077,60454,7017,67471,576
2022-02-03,Plumas,063,18699,2829,297,3126,13
2022-02-03,Riverside,065,2383286,575789,26505,602294,6147
2022-02-03,Sacramento,067,1510023,269227,24803,294030,2825
2022-02-03,San Benito,069,59416,12386,483,12869,90
2022-02-03,San Bernardino,071,2135413,561555,24143,585698,7359
2022-02-03,San Diego,073,3302833,721578,49462,771040,4999
2022-02-03,San Francisco,075,870044,117362,7713,125075,776
2022-02-03,San Joaquin,077,732212,160319,9442,169761,2126
2022-02-03,San Luis Obispo,079,281455,49684,3405,53089,420
2022-02-03,San Mateo,081,765935,116093,6399,122492,660
2022-02-03,Santa Barbara,083,443738,81985,4416,86401,642
2022-02-03,Santa Clara,085,1922200,297446,11353,308799,2163
2022-02-03,Santa Cruz,087,273765,43910,1976,45886,248
2022-02-03,Shasta,089,179085,29041,5690,34731,498
2022-02-03,Sierra,091,2930,268,43,311,3
2022-02-03,Siskiyou,093,43540,4205,2492,6697,72
2022-02-03,Solano,095,438530,77271,5185,82456,432
2022-02-03,Sonoma,097,501317,79252,2264,81516,466
2022-02-03,Stanislaus,099,539301,113062,16530,129592,1560
2022-02-03,Sutter,101,95872,19678,1801,21479,210
2022-02-03,Tehama,103,63373,11521,2481,14002,182
2022-02-03,Trinity,105,12862,1127,264,1391,20
2022-02-03,Tulare,107,460477,101777,25719,127496,1389
2022-02-03,Tuolumne,109,53932,12083,479,12562,167
2022-02-03,Ventura,111,848112,167505,9080,176585,1383
2022-02-03,Yolo,113,214977,35167,2652,37819,329
2022-02-03,Yuba,115,75493,15088,1051,16139,114
2022-02-02,Alameda,001,1643700,242276,12677,254953,1707
2022-02-02,Alpine,002,1148,120,1,121,0
2022-02-02,Amador,005,37829,8041,557,8598,76
2022-02-02,Butte,007,227075,31488,6552,38040,387
2022-02-02,Calaveras,009,45235,6918,300,7218,106
2022-02-02,Colusa,011,21464,3308,1011,4319,21
2022-02-02,Contra Costa,013,1133247,182716,12058,194774,1204
2022-02-02,Del Norte,015,27424,5061,139,5200,44
2022-02-02,El Dorado,017,186661,25685,3019,28704,199
2022-02-02,Fresno,019,978130,222197,22556,244753,2582
2022-02-02,Glenn,021,27897,4788,1512,6300,49
2022-02-02,Humboldt,023,135768,15699,2526,18225,135
2022-02-02,Imperial,025,180216,53162,9740,62902,901
2022-02-02,Inyo,027,18085,3980,419,4399,56
2022-02-02,Kern,029,883053,184512,43168,227680,2216
2022-02-02,Kings,031,150075,48760,3296,52056,410
2022-02-02,Lake,033,64148,9779,767,10546,127
2022-02-02,Lassen,035,31185,8442,822,9264,56
2022-02-02,Los Angeles,037,10098052,2628716,117992,2746708,29882
2022-02-02,Madera,039,155013,35260,5390,40650,361
2022-02-02,Marin,041,260295,23267,1977,25244,219
2022-02-02,Mariposa,043,17540,2252,153,2405,24
2022-02-02,Mendocino,045,87422,12295,2544,14839,114
2022-02-02,Merced,047,269075,60671,7838,68509,762
2022-02-02,Modoc,049,8938,680,228,908,8
2022-02-02,Mono,051,14174,2913,115,3028,5
2022-02-02,Monterey,053,433212,74929,11657,86586,681
2022-02-02,Napa,055,140530,24058,840,24898,125
2022-02-02,Nevada,057,99092,15237,1060,16297,120
2022-02-02,Orange,059,3164182,531474,39627,571101,6682
2022-02-02,Placer,061,380077,60260,6988,67248,576
2022-02-02,Plumas,063,18699,2813,294,3107,13
2022-02-02,Riverside,065,2383286,574509,26458,600967,6137
2022-02-02,Sacramento,067,1510023,268222,24594,292816,2817
2022-02-02,San Benito,069,59416,12346,479,12825,90
2022-02-02,San Bernardino,071,2135413,560534,24080,584614,7334
2022-02-02,San Diego,073,3302833,719380,49276,768656,4984
2022-02-02,San Francisco,075,870044,116991,7697,124688,771
2022-02-02,San Joaquin,077,732212,159746,9416,169162,2119
2022-02-02,San Luis Obispo,079,281455,49485,3392,52877,419
2022-02-02,San Mateo,081,765935,115717,6335,122052,655
2022-02-02,Santa Barbara,083,443738,81642,4385,86027,638
2022-02-02,Santa Clara,085,1922200,296273,11242,307515,2159
2022-02-02,Santa Cruz,087,273765,43621,1965,45586,248
2022-02-02,Shasta,089,179085,28940,5645,34585,496
2022-02-02,Sierra,091,2930,268,43,311,3
2022-02-02,Siskiyou,093,43540,4195,2463,6658,71
2022-02-02,Solano,095,438530,76912,5158,82070,430
2022-02-02,Sonoma,097,501317,78939,2251,81190,465
2022-02-02,Stanislaus,099,539301,112665,16397,129062,1555
2022-02-02,Sutter,101,95872,19614,1772,21386,210
2022-02-02,Tehama,103,63373,11463,2462,13925,182
2022-02-02,Trinity,105,12862,1124,262,1386,20
2022-02-02,Tulare,107,460477,101389,25568,126957,1388
2022-02-02,Tuolumne,109,53932,12006,476,12482,166
2022-02-02,Ventura,111,848112,167107,9061,176168,1376
2022-02-02,Yolo,113,214977,35042,2629,37671,327
2022-02-02,Yuba,115,75493,15023,1043,16066,114
2022-02-01,Alameda,001,1643700,241205,12573,253778,1700
2022-02-01,Alpine,002,1148,120,1,121,0
2022-02-01,Amador,005,37829,7995,551,8546,75
2022-02-01,Butte,007,227075,31343,6510,37853,386
2022-02-01,Calaveras,009,45235,6881,296,7177,106
2022-02-01,Colusa,011,21464,3296,998,4294,21
2022-02-01,Contra Costa,013,1133247,181952,11915,193867,1198
2022-02-01,Del Norte,015,27424,5013,136,5149,44
2022-02-01,El Dorado,017,186661,25625,3002,28627,199
2022-02-01,Fresno,019,978130,220993,22391,243384,2577
2022-02-01,Glenn,021,27897,4772,1502,6274,48
2022-02-01,Humboldt,023,135768,15617,2497,18114,135
2022-02-01,Imperial,025,180216,52949,9675,62624,898
2022-02-01,Inyo,027,18085,3970,416,4386,56
2022-02-01,Kern,029,883053,183865,42923,226788,2209
2022-02-01,Kings,031,150075,48500,3273,51773,408
2022-02-01,Lake,033,64148,9723,760,10483,127
2022-02-01,Lassen,035,31185,8424,818,9242,56
2022-02-01,Los Angeles,037,10098052,2621557,117618,2739175,29774
2022-02-01,Madera,039,155013,35040,5309,40349,361
2022-02-01,Marin,041,260295,23143,1961,25104,219
2022-02-01,Mariposa,043,17540,2245,152,2397,24
2022-02-01,Mendocino,045,87422,12233,2507,14740,114
2022-02-01,Merced,047,269075,60485,7712,68197,759
2022-02-01,Modoc,049,8938,673,228,901,8
2022-02-01,Mono,051,14174,2907,115,3022,5
2022-02-01,Monterey,053,433212,74509,11463,85972,681
2022-02-01,Napa,055,140530,23957,824,24781,124
2022-02-01,Nevada,057,99092,15176,1048,16224,119
2022-02-01,Orange,059,3164182,530328,39482,569810,6664
2022-02-01,Placer,061,380077,60012,6950,66962,571
2022-02-01,Plumas,063,18699,2798,291,3089,13
2022-02-01,Riverside,065,2383286,573122,26410,599532,6122
2022-02-01,Sacramento,067,1510023,267166,24328,291494,2809
2022-02-01,San Benito,069,59416,12280,476,12756,90
2022-02-01,San Bernardino,071,2135413,559239,24015,583254,7312
2022-02-01,San Diego,073,3302833,716862,49050,765912,4973
2022-02-01,San Francisco,075,870044,116524,7678,124202,771
2022-02-01,San Joaquin,077,732212,159214,9393,168607,2112
2022-02-01,San Luis Obispo,079,281455,49256,3331,52587,418
2022-02-01,San Mateo,081,765935,115248,6293,121541,652
2022-02-01,Santa Barbara,083,443738,81197,4348,85545,637
2022-02-01,Santa Clara,085,1922200,294743,11139,305882,2153
2022-02-01,Santa Cruz,087,273765,43321,1949,45270,248
2022-02-01,Shasta,089,179085,28819,5592,34411,492
2022-02-01,Sierra,091,2930,266,43,309,3
2022-02-01,Siskiyou,093,43540,4181,2436,6617,71
2022-02-01,Solano,095,438530,76634,5136,81770,429
2022-02-01,Sonoma,097,501317,78578,2228,80806,464
2022-02-01,Stanislaus,099,539301,112253,16291,128544,1548
2022-02-01,Sutter,101,95872,19546,1739,21285,210
2022-02-01,Tehama,103,63373,11406,2449,13855,181
2022-02-01,Trinity,105,12862,1120,262,1382,20
2022-02-01,Tulare,107,460477,100895,25372,126267,1383
2022-02-01,Tuolumne,109,53932,11956,467,12423,166
2022-02-01,Ventura,111,848112,166602,9036,175638,1368
2022-02-01,Yolo,113,214977,34890,2603,37493,325
2022-02-01,Yuba,115,75493,14962,1036,15998,113
2022-01-31,Alameda,001,1643700,239849,12462,252311,1693
2022-01-31,Alpine,002,1148,119,1,120,0
2022-01-31,Amador,005,37829,7943,534,8477,74
2022-01-31,Butte,007,227075,31166,6462,37628,386
2022-01-31,Calaveras,009,45235,6845,285,7130,104
2022-01-31,Colusa,011,21464,3286,989,4275,21
2022-01-31,Contra Costa,013,1133247,181112,11788,192900,1191
2022-01-31,Del Norte,015,27424,4979,133,5112,44
2022-01-31,El Dorado,017,186661,25519,2972,28491,199
2022-01-31,Fresno,019,978130,219490,22191,241681,2573
2022-01-31,Glenn,021,27897,4736,1490,6226,48
2022-01-31,Humboldt,023,135768,15527,2464,17991,135
2022-01-31,Imperial,025,180216,52732,9568,62300,895
2022-01-31,Inyo,027,18085,3959,410,4369,56
2022-01-31,Kern,029,883053,183085,42607,225692,2206
2022-01-31,Kings,031,150075,48142,3239,51381,407
2022-01-31,Lake,033,64148,9650,748,10398,127
2022-01-31,Lassen,035,31185,8393,812,9205,55
2022-01-31,Los Angeles,037,10098052,2613326,117212,2730538,29661
2022-01-31,Madera,039,155013,34825,5213,40038,359
2022-01-31,Marin,041,260295,23018,1944,24962,217
2022-01-31,Mariposa,043,17540,2235,143,2378,24
2022-01-31,Mendocino,045,87422,12167,2466,14633,114
2022-01-31,Merced,047,269075,60198,7523,67721,758
2022-01-31,Modoc,049,8938,670,228,898,8
2022-01-31,Mono,051,14174,2893,115,3008,5
2022-01-31,Monterey,053,433212,74056,11254,85310,678
2022-01-31,Napa,055,140530,23788,807,24595,124
2022-01-31,Nevada,057,99092,15099,1035,16134,119
2022-01-31,Orange,059,3164182,528998,39342,568340,6646
2022-01-31,Placer,061,380077,59765,6919,66684,565
2022-01-31,Plumas,063,18699,2785,289,3074,12
2022-01-31,Riverside,065,2383286,571303,26346,597649,6100
2022-01-31,Sacramento,067,1510023,265873,24076,289949,2795
2022-01-31,San Benito,069,59416,12221,475,12696,90
2022-01-31,San Bernardino,071,2135413,557588,23934,581522,7289
2022-01-31,San Diego,073,3302833,713958,48783,762741,4953
2022-01-31,San Francisco,075,870044,116120,7644,123764,768
2022-01-31,San Joaquin,077,732212,158452,9362,167814,2106
2022-01-31,San Luis Obispo,079,281455,49002,3274,52276,413
2022-01-31,San Mateo,081,765935,114739,6235,120974,652
2022-01-31,Santa Barbara,083,443738,80691,4306,84997,636
2022-01-31,Santa Clara,085,1922200,293053,11035,304088,2152
2022-01-31,Santa Cruz,087,273765,42942,1942,44884,246
2022-01-31,Shasta,089,179085,28689,5551,34240,489
2022-01-31,Sierra,091,2930,266,43,309,3
2022-01-31,Siskiyou,093,43540,4165,2420,6585,70
2022-01-31,Solano,095,438530,75928,5089,81017,429
2022-01-31,Sonoma,097,501317,78124,2198,80322,463
2022-01-31,Stanislaus,099,539301,111727,16109,127836,1541
2022-01-31,Sutter,101,95872,19466,1689,21155,209
2022-01-31,Tehama,103,63373,11343,2421,13764,181
2022-01-31,Trinity,105,12862,1115,259,1374,20
2022-01-31,Tulare,107,460477,100262,25139,125401,1381
2022-01-31,Tuolumne,109,53932,11866,460,12326,166
2022-01-31,Ventura,111,848112,166066,9011,175077,1366
2022-01-31,Yolo,113,214977,34729,2576,37305,324
2022-01-31,Yuba,115,75493,14899,1016,15915,112
2022-01-30,Alameda,001,1643700,238295,12311,250606,1689
2022-01-30,Alpine,002,1148,119,1,120,0
2022-01-30,Amador,005,37829,7890,512,8402,74
2022-01-30,Butte,007,227075,30960,6383,37343,386
2022-01-30,Calaveras,009,45235,6789,274,7063,104
2022-01-30,Colusa,011,21464,3266,981,4247,21
2022-01-30,Contra Costa,013,1133247,180119,11584,191703,1184
2022-01-30,Del Norte,015,27424,4938,130,5068,44
2022-01-30,El Dorado,017,186661,25396,2948,28344,199
2022-01-30,Fresno,019,978130,217910,21926,239836,2570
2022-01-30,Glenn,021,27897,4703,1481,6184,48
2022-01-30,Humboldt,023,135768,15415,2409,17824,135
2022-01-30,Imperial,025,180216,52408,9399,61807,893
2022-01-30,Inyo,027,18085,3942,407,4349,55
2022-01-30,Kern,029,883053,182220,42285,224505,2193
2022-01-30,Kings,031,150075,47789,3182,50971,406
2022-01-30,Lake,033,64148,9561,727,10288,127
2022-01-30,Lassen,035,31185,8369,804,9173,55
2022-01-30,Los Angeles,037,10098052,2603241,116742,2719983,29562
2022-01-30,Madera,039,155013,34526,5029,39555,357
2022-01-30,Marin,041,260295,22870,1930,24800,217
2022-01-30,Mariposa,043,17540,2223,138,2361,23
2022-01-30,Mendocino,045,87422,12094,2360,14454,114
2022-01-30,Merced,047,269075,59826,7229,67055,757
2022-01-30,Modoc,049,8938,667,228,895,8
2022-01-30,Mono,051,14174,2887,115,3002,5
2022-01-30,Monterey,053,433212,73468,10977,84445,677
2022-01-30,Napa,055,140530,23617,791,24408,121
2022-01-30,Nevada,057,99092,15010,1019,16029,119
2022-01-30,Orange,059,3164182,527358,39189,566547,6628
2022-01-30,Placer,061,380077,59438,6879,66317,560
2022-01-30,Plumas,063,18699,2760,275,3035,12
2022-01-30,Riverside,065,2383286,569235,26245,595480,6086
2022-01-30,Sacramento,067,1510023,264413,23579,287992,2785
2022-01-30,San Benito,069,59416,12155,470,12625,89
2022-01-30,San Bernardino,071,2135413,555817,23823,579640,7260
2022-01-30,San Diego,073,3302833,710429,48349,758778,4939
2022-01-30,San Francisco,075,870044,115573,7610,123183,763
2022-01-30,San Joaquin,077,732212,157463,9324,166787,2103
2022-01-30,San Luis Obispo,079,281455,48604,3238,51842,412
2022-01-30,San Mateo,081,765935,114164,6190,120354,652
2022-01-30,Santa Barbara,083,443738,80014,4245,84259,633
2022-01-30,Santa Clara,085,1922200,291078,10904,301982,2148
2022-01-30,Santa Cruz,087,273765,42483,1934,44417,246
2022-01-30,Shasta,089,179085,28528,5467,33995,487
2022-01-30,Sierra,091,2930,266,43,309,3
2022-01-30,Siskiyou,093,43540,4135,2373,6508,69
2022-01-30,Solano,095,438530,75402,5038,80440,429
2022-01-30,Sonoma,097,501317,77605,2169,79774,461
2022-01-30,Stanislaus,099,539301,111071,15906,126977,1536
2022-01-30,Sutter,101,95872,19374,1592,20966,207
2022-01-30,Tehama,103,63373,11271,2391,13662,181
2022-01-30,Trinity,105,12862,1109,259,1368,20
2022-01-30,Tulare,107,460477,99519,24881,124400,1375
2022-01-30,Tuolumne,109,53932,11756,423,12179,165
2022-01-30,Ventura,111,848112,165489,8981,174470,1358
2022-01-30,Yolo,113,214977,34511,2543,37054,322
2022-01-30,Yuba,115,75493,14809,996,15805,111
2022-01-29,Alameda,001,1643700,237625,12293,249918,1678
2022-01-29,Alpine,002,1148,119,1,120,0
2022-01-29,Amador,005,37829,7868,509,8377,74
2022-01-29,Butte,007,227075,30870,6352,37222,384
2022-01-29,Calaveras,009,45235,6770,274,7044,103
2022-01-29,Colusa,011,21464,3261,977,4238,21
2022-01-29,Contra Costa,013,1133247,179571,11551,191122,1180
2022-01-29,Del Norte,015,27424,4920,128,5048,44
2022-01-29,El Dorado,017,186661,25353,2941,28294,199
2022-01-29,Fresno,019,978130,217448,21887,239335,2563
2022-01-29,Glenn,021,27897,4695,1474,6169,47
2022-01-29,Humboldt,023,135768,15368,2402,17770,134
2022-01-29,Imperial,025,180216,52290,9344,61634,889
2022-01-29,Inyo,027,18085,3940,399,4339,55
2022-01-29,Kern,029,883053,181880,42123,224003,2191
2022-01-29,Kings,031,150075,47670,3175,50845,405
2022-01-29,Lake,033,64148,9528,723,10251,126
2022-01-29,Lassen,035,31185,8348,801,9149,55
2022-01-29,Los Angeles,037,10098052,2599334,116477,2715811,29455
2022-01-29,Madera,039,155013,34416,5001,39417,356
2022-01-29,Marin,041,260295,22805,1928,24733,215
2022-01-29,Mariposa,043,17540,2221,136,2357,23
2022-01-29,Mendocino,045,87422,12070,2344,14414,114
2022-01-29,Merced,047,269075,59718,7224,66942,756
2022-01-29,Modoc,049,8938,667,228,895,8
2022-01-29,Mono,051,14174,2885,115,3000,5
2022-01-29,Monterey,053,433212,73313,10915,84228,673
2022-01-29,Napa,055,140530,23561,789,24350,121
2022-01-29,Nevada,057,99092,14976,1016,15992,119
2022-01-29,Orange,059,3164182,526653,39082,565735,6600
2022-01-29,Placer,061,380077,59249,6863,66112,560
2022-01-29,Plumas,063,18699,2750,271,3021,12
2022-01-29,Riverside,065,2383286,568210,26203,594413,6071
2022-01-29,Sacramento,067,1510023,263772,23528,287300,2772
2022-01-29,San Benito,069,59416,12097,469,12566,88
2022-01-29,San Bernardino,071,2135413,555068,23779,578847,7237
2022-01-29,San Diego,073,3302833,709096,48252,757348,4929
2022-01-29,San Francisco,075,870044,115298,7562,122860,757
2022-01-29,San Joaquin,077,732212,157218,9302,166520,2102
2022-01-29,San Luis Obispo,079,281455,48513,3235,51748,410
2022-01-29,San Mateo,081,765935,113824,6171,119995,649
2022-01-29,Santa Barbara,083,443738,79792,4239,84031,631
2022-01-29,Santa Clara,085,1922200,290143,10876,301019,2138
2022-01-29,Santa Cruz,087,273765,42352,1932,44284,246
2022-01-29,Shasta,089,179085,28468,5454,33922,486
2022-01-29,Sierra,091,2930,266,42,308,3
2022-01-29,Siskiyou,093,43540,4125,2366,6491,69
2022-01-29,Solano,095,438530,75257,5025,80282,428
2022-01-29,Sonoma,097,501317,77390,2164,79554,460
2022-01-29,Stanislaus,099,539301,110822,15855,126677,1530
2022-01-29,Sutter,101,95872,19326,1576,20902,206
2022-01-29,Tehama,103,63373,11236,2382,13618,180
2022-01-29,Trinity,105,12862,1106,258,1364,20
2022-01-29,Tulare,107,460477,99261,24808,124069,1372
2022-01-29,Tuolumne,109,53932,11730,415,12145,165
2022-01-29,Ventura,111,848112,165160,8962,174122,1353
2022-01-29,Yolo,113,214977,34397,2527,36924,321
2022-01-29,Yuba,115,75493,14769,994,15763,111
2022-01-28,Alameda,001,1643700,236679,12274,248953,1669
2022-01-28,Alpine,002,1148,119,1,120,0
2022-01-28,Amador,005,37829,7842,508,8350,73
2022-01-28,Butte,007,227075,30793,6330,37123,383
2022-01-28,Calaveras,009,45235,6752,273,7025,101
2022-01-28,Colusa,011,21464,3256,976,4232,21
2022-01-28,Contra Costa,013,1133247,179022,11513,190535,1173
2022-01-28,Del Norte,015,27424,4896,127,5023,43
2022-01-28,El Dorado,017,186661,25309,2934,28243,199
2022-01-28,Fresno,019,978130,216565,21829,238394,2556
2022-01-28,Glenn,021,27897,4682,1472,6154,47
2022-01-28,Humboldt,023,135768,15332,2392,17724,134
2022-01-28,Imperial,025,180216,52162,9314,61476,888
2022-01-28,Inyo,027,18085,3936,396,4332,53
2022-01-28,Kern,029,883053,181469,41965,223434,2184
2022-01-28,Kings,031,150075,47540,3165,50705,402
2022-01-28,Lake,033,64148,9496,720,10216,125
2022-01-28,Lassen,035,31185,8278,799,9077,55
2022-01-28,Los Angeles,037,10098052,2593606,116266,2709872,29365
2022-01-28,Madera,039,155013,34288,4985,39273,355
2022-01-28,Marin,041,260295,22712,1908,24620,214
2022-01-28,Mariposa,043,17540,2211,134,2345,23
2022-01-28,Mendocino,045,87422,12026,2342,14368,114
2022-01-28,Merced,047,269075,59617,7209,66826,754
2022-01-28,Modoc,049,8938,666,228,894,8
2022-01-28,Mono,051,14174,2880,114,2994,5
2022-01-28,Monterey,053,433212,73111,10866,83977,672
2022-01-28,Napa,055,140530,23482,787,24269,120
2022-01-28,Nevada,057,99092,14939,1014,15953,119
2022-01-28,Orange,059,3164182,525581,38992,564573,6578
2022-01-28,Placer,061,380077,59049,6840,65889,557
2022-01-28,Plumas,063,18699,2742,269,3011,12
2022-01-28,Riverside,065,2383286,566886,26162,593048,6054
2022-01-28,Sacramento,067,1510023,263027,23474,286501,2759
2022-01-28,San Benito,069,59416,12075,464,12539,88
2022-01-28,San Bernardino,071,2135413,554026,23742,577768,7212
2022-01-28,San Diego,073,3302833,707280,48174,755454,4915
2022-01-28,San Francisco,075,870044,114942,7513,122455,753
2022-01-28,San Joaquin,077,732212,156929,9288,166217,2089
2022-01-28,San Luis Obispo,079,281455,48429,3228,51657,405
2022-01-28,San Mateo,081,765935,113470,6151,119621,647
2022-01-28,Santa Barbara,083,443738,79543,4237,83780,626
2022-01-28,Santa Clara,085,1922200,288954,10827,299781,2128
2022-01-28,Santa Cruz,087,273765,42159,1922,44081,245
2022-01-28,Shasta,089,179085,28408,5440,33848,484
2022-01-28,Sierra,091,2930,266,42,308,3
2022-01-28,Siskiyou,093,43540,4115,2362,6477,69
2022-01-28,Solano,095,438530,74706,4959,79665,428
2022-01-28,Sonoma,097,501317,77185,2157,79342,459
2022-01-28,Stanislaus,099,539301,110549,15808,126357,1526
2022-01-28,Sutter,101,95872,19281,1574,20855,205
2022-01-28,Tehama,103,63373,11204,2375,13579,180
2022-01-28,Trinity,105,12862,1097,258,1355,20
2022-01-28,Tulare,107,460477,98988,24703,123691,1367
2022-01-28,Tuolumne,109,53932,11697,411,12108,165
2022-01-28,Ventura,111,848112,164705,8943,173648,1350
2022-01-28,Yolo,113,214977,34292,2521,36813,321
2022-01-28,Yuba,115,75493,14730,990,15720,111
2022-01-27,Alameda,001,1643700,235093,12136,247229,1661
2022-01-27,Alpine,002,1148,119,1,120,0
2022-01-27,Amador,005,37829,7795,497,8292,73
2022-01-27,Butte,007,227075,30640,6276,36916,382
2022-01-27,Calaveras,009,45235,6726,257,6983,101
2022-01-27,Colusa,011,21464,3240,971,4211,21
2022-01-27,Contra Costa,013,1133247,177960,11339,189299,1167
2022-01-27,Del Norte,015,27424,4852,123,4975,42
2022-01-27,El Dorado,017,186661,25200,2915,28115,199
2022-01-27,Fresno,019,978130,214904,21608,236512,2547
2022-01-27,Glenn,021,27897,4650,1464,6114,46
2022-01-27,Humboldt,023,135768,15245,2355,17600,132
2022-01-27,Imperial,025,180216,51889,9203,61092,886
2022-01-27,Inyo,027,18085,3929,387,4316,53
2022-01-27,Kern,029,883053,180690,41604,222294,2178
2022-01-27,Kings,031,150075,47199,3127,50326,402
2022-01-27,Lake,033,64148,9442,703,10145,125
2022-01-27,Lassen,035,31185,8237,793,9030,54
2022-01-27,Los Angeles,037,10098052,2582446,115753,2698199,29279
2022-01-27,Madera,039,155013,34079,4883,38962,355
2022-01-27,Marin,041,260295,22548,1893,24441,214
2022-01-27,Mariposa,043,17540,2188,131,2319,22
2022-01-27,Mendocino,045,87422,11975,2293,14268,113
2022-01-27,Merced,047,269075,59346,7046,66392,751
2022-01-27,Modoc,049,8938,664,227,891,8
2022-01-27,Mono,051,14174,2875,114,2989,5
2022-01-27,Monterey,053,433212,72490,10622,83112,671
2022-01-27,Napa,055,140530,23325,760,24085,118
2022-01-27,Nevada,057,99092,14867,987,15854,119
2022-01-27,Orange,059,3164182,523852,38853,562705,6561
2022-01-27,Placer,061,380077,58733,6788,65521,553
2022-01-27,Plumas,063,18699,2731,257,2988,12
2022-01-27,Riverside,065,2383286,564711,26093,590804,6040
2022-01-27,Sacramento,067,1510023,261744,23138,284882,2747
2022-01-27,San Benito,069,59416,12020,459,12479,88
2022-01-27,San Bernardino,071,2135413,552132,23641,575773,7185
2022-01-27,San Diego,073,3302833,703949,47818,751767,4900
2022-01-27,San Francisco,075,870044,114434,7455,121889,751
2022-01-27,San Joaquin,077,732212,156068,9223,165291,2083
2022-01-27,San Luis Obispo,079,281455,48158,3193,51351,404
2022-01-27,San Mateo,081,765935,112883,6082,118965,646
2022-01-27,Santa Barbara,083,443738,79064,4182,83246,624
2022-01-27,Santa Clara,085,1922200,286882,10681,297563,2116
2022-01-27,Santa Cruz,087,273765,41494,1904,43398,245
2022-01-27,Shasta,089,179085,28283,5391,33674,479
2022-01-27,Sierra,091,2930,265,41,306,3
2022-01-27,Siskiyou,093,43540,4094,2325,6419,68
2022-01-27,Solano,095,438530,74067,4901,78968,427
2022-01-27,Sonoma,097,501317,76720,2143,78863,458
2022-01-27,Stanislaus,099,539301,110023,15651,125674,1519
2022-01-27,Sutter,101,95872,19175,1550,20725,205
2022-01-27,Tehama,103,63373,11152,2359,13511,180
2022-01-27,Trinity,105,12862,1093,257,1350,20
2022-01-27,Tulare,107,460477,98319,24443,122762,1367
2022-01-27,Tuolumne,109,53932,11642,403,12045,165
2022-01-27,Ventura,111,848112,164054,8907,172961,1345
2022-01-27,Yolo,113,214977,34146,2506,36652,321
2022-01-27,Yuba,115,75493,14652,974,15626,111
2022-01-26,Alameda,001,1643700,233204,11968,245172,1651
2022-01-26,Alpine,002,1148,119,1,120,0
2022-01-26,Amador,005,37829,7721,482,8203,73
2022-01-26,Butte,007,227075,30449,6213,36662,380
2022-01-26,Calaveras,009,45235,6688,251,6939,100
2022-01-26,Colusa,011,21464,3221,966,4187,21
2022-01-26,Contra Costa,013,1133247,176760,11170,187930,1158
2022-01-26,Del Norte,015,27424,4794,122,4916,42
2022-01-26,El Dorado,017,186661,25079,2892,27971,199
2022-01-26,Fresno,019,978130,213029,21387,234416,2542
2022-01-26,Glenn,021,27897,4616,1459,6075,45
2022-01-26,Humboldt,023,135768,15147,2312,17459,132
2022-01-26,Imperial,025,180216,51531,9063,60594,883
2022-01-26,Inyo,027,18085,3926,357,4283,53
2022-01-26,Kern,029,883053,179750,41263,221013,2174
2022-01-26,Kings,031,150075,46794,3098,49892,402
2022-01-26,Lake,033,64148,9360,693,10053,125
2022-01-26,Lassen,035,31185,8197,793,8990,54
2022-01-26,Los Angeles,037,10098052,2570234,115308,2685542,29196
2022-01-26,Madera,039,155013,33840,4746,38586,354
2022-01-26,Marin,041,260295,22366,1877,24243,214
2022-01-26,Mariposa,043,17540,2171,124,2295,22
2022-01-26,Mendocino,045,87422,11927,2242,14169,112
2022-01-26,Merced,047,269075,58969,6869,65838,748
2022-01-26,Modoc,049,8938,663,226,889,8
2022-01-26,Mono,051,14174,2872,114,2986,5
2022-01-26,Monterey,053,433212,71933,10335,82268,670
2022-01-26,Napa,055,140530,23168,750,23918,117
2022-01-26,Nevada,057,99092,14772,975,15747,119
2022-01-26,Orange,059,3164182,521859,38686,560545,6536
2022-01-26,Placer,061,380077,58393,6726,65119,550
2022-01-26,Plumas,063,18699,2704,255,2959,12
2022-01-26,Riverside,065,2383286,562181,25977,588158,6024
2022-01-26,Sacramento,067,1510023,260049,22807,282856,2730
2022-01-26,San Benito,069,59416,11949,447,12396,88
2022-01-26,San Bernardino,071,2135413,549859,23534,573393,7157
2022-01-26,San Diego,073,3302833,699742,47463,747205,4881
2022-01-26,San Francisco,075,870044,113790,7425,121215,750
2022-01-26,San Joaquin,077,732212,155072,9171,164243,2078
2022-01-26,San Luis Obispo,079,281455,47853,3167,51020,404
2022-01-26,San Mateo,081,765935,112216,5959,118175,646
2022-01-26,Santa Barbara,083,443738,78536,4122,82658,619
2022-01-26,Santa Clara,085,1922200,284765,10512,295277,2111
2022-01-26,Santa Cruz,087,273765,40975,1890,42865,243
2022-01-26,Shasta,089,179085,28136,5346,33482,478
2022-01-26,Sierra,091,2930,264,40,304,3
2022-01-26,Siskiyou,093,43540,4078,2300,6378,68
2022-01-26,Solano,095,438530,73370,4834,78204,425
2022-01-26,Sonoma,097,501317,76160,2108,78268,455
2022-01-26,Stanislaus,099,539301,109467,15434,124901,1513
2022-01-26,Sutter,101,95872,19066,1506,20572,205
2022-01-26,Tehama,103,63373,11098,2345,13443,180
2022-01-26,Trinity,105,12862,1088,257,1345,20
2022-01-26,Tulare,107,460477,97513,24205,121718,1363
2022-01-26,Tuolumne,109,53932,11458,392,11850,165
2022-01-26,Ventura,111,848112,163344,8865,172209,1338
2022-01-26,Yolo,113,214977,33928,2468,36396,321
2022-01-26,Yuba,115,75493,14567,952,15519,110
2022-01-25,Alameda,001,1643700,231320,11792,243112,1648
2022-01-25,Alpine,002,1148,119,1,120,0
2022-01-25,Amador,005,37829,7644,471,8115,73
2022-01-25,Butte,007,227075,30235,6141,36376,380
2022-01-25,Calaveras,009,45235,6630,238,6868,99
2022-01-25,Colusa,011,21464,3200,964,4164,21
2022-01-25,Contra Costa,013,1133247,175360,10942,186302,1156
2022-01-25,Del Norte,015,27424,4724,117,4841,42
2022-01-25,El Dorado,017,186661,24942,2868,27810,197
2022-01-25,Fresno,019,978130,210847,21088,231935,2537
2022-01-25,Glenn,021,27897,4586,1443,6029,45
2022-01-25,Humboldt,023,135768,15055,2286,17341,132
2022-01-25,Imperial,025,180216,51075,8842,59917,882
2022-01-25,Inyo,027,18085,3910,315,4225,53
2022-01-25,Kern,029,883053,178745,40816,219561,2168
2022-01-25,Kings,031,150075,46326,3053,49379,402
2022-01-25,Lake,033,64148,9281,681,9962,123
2022-01-25,Lassen,035,31185,8166,784,8950,54
2022-01-25,Los Angeles,037,10098052,2555279,114669,2669948,29106
2022-01-25,Madera,039,155013,33516,4613,38129,354
2022-01-25,Marin,041,260295,22188,1864,24052,213
2022-01-25,Mariposa,043,17540,2159,118,2277,22
2022-01-25,Mendocino,045,87422,11807,2139,13946,111
2022-01-25,Merced,047,269075,58553,6720,65273,747
2022-01-25,Modoc,049,8938,661,226,887,8
2022-01-25,Mono,051,14174,2862,113,2975,5
2022-01-25,Monterey,053,433212,71359,9936,81295,670
2022-01-25,Napa,055,140530,22969,716,23685,117
2022-01-25,Nevada,057,99092,14658,953,15611,118
2022-01-25,Orange,059,3164182,519574,38488,558062,6505
2022-01-25,Placer,061,380077,57992,6653,64645,547
2022-01-25,Plumas,063,18699,2680,251,2931,12
2022-01-25,Riverside,065,2383286,559089,25813,584902,6006
2022-01-25,Sacramento,067,1510023,258095,22275,280370,2718
2022-01-25,San Benito,069,59416,11849,443,12292,88
2022-01-25,San Bernardino,071,2135413,547232,23421,570653,7129
2022-01-25,San Diego,073,3302833,694767,47015,741782,4867
2022-01-25,San Francisco,075,870044,113029,7383,120412,746
2022-01-25,San Joaquin,077,732212,154069,9107,163176,2075
2022-01-25,San Luis Obispo,079,281455,47492,3119,50611,402
2022-01-25,San Mateo,081,765935,111379,5848,117227,645
2022-01-25,Santa Barbara,083,443738,77868,4043,81911,617
2022-01-25,Santa Clara,085,1922200,282114,10311,292425,2108
2022-01-25,Santa Cruz,087,273765,40304,1875,42179,242
2022-01-25,Shasta,089,179085,27973,5280,33253,476
2022-01-25,Sierra,091,2930,264,36,300,3
2022-01-25,Siskiyou,093,43540,4054,2265,6319,68
2022-01-25,Solano,095,438530,72798,4775,77573,423
2022-01-25,Sonoma,097,501317,75470,2068,77538,453
2022-01-25,Stanislaus,099,539301,108794,15208,124002,1509
2022-01-25,Sutter,101,95872,18963,1467,20430,205
2022-01-25,Tehama,103,63373,11036,2321,13357,179
2022-01-25,Trinity,105,12862,1081,255,1336,20
2022-01-25,Tulare,107,460477,96652,23887,120539,1360
2022-01-25,Tuolumne,109,53932,11277,368,11645,164
2022-01-25,Ventura,111,848112,162490,8816,171306,1335
2022-01-25,Yolo,113,214977,33669,2424,36093,319
2022-01-25,Yuba,115,75493,14482,925,15407,110
2022-01-24,Alameda,001,1643700,228851,11523,240374,1643
2022-01-24,Alpine,002,1148,119,1,120,0
2022-01-24,Amador,005,37829,7593,434,8027,73
2022-01-24,Butte,007,227075,30003,6075,36078,380
2022-01-24,Calaveras,009,45235,6582,224,6806,99
2022-01-24,Colusa,011,21464,3180,947,4127,21
2022-01-24,Contra Costa,013,1133247,173802,10720,184522,1152
2022-01-24,Del Norte,015,27424,4664,117,4781,42
2022-01-24,El Dorado,017,186661,24778,2841,27619,195
2022-01-24,Fresno,019,978130,208491,20761,229252,2534
2022-01-24,Glenn,021,27897,4546,1434,5980,45
2022-01-24,Humboldt,023,135768,14944,2241,17185,132
2022-01-24,Imperial,025,180216,50535,8562,59097,878
2022-01-24,Inyo,027,18085,3904,291,4195,53
2022-01-24,Kern,029,883053,177435,40346,217781,2159
2022-01-24,Kings,031,150075,45751,2982,48733,402
2022-01-24,Lake,033,64148,9172,666,9838,123
2022-01-24,Lassen,035,31185,8082,765,8847,54
2022-01-24,Los Angeles,037,10098052,2538751,113892,2652643,29021
2022-01-24,Madera,039,155013,33078,4429,37507,353
2022-01-24,Marin,041,260295,21955,1828,23783,212
2022-01-24,Mariposa,043,17540,2134,114,2248,22
2022-01-24,Mendocino,045,87422,11703,2060,13763,111
2022-01-24,Merced,047,269075,58023,6431,64454,746
2022-01-24,Modoc,049,8938,658,225,883,7
2022-01-24,Mono,051,14174,2852,112,2964,5
2022-01-24,Monterey,053,433212,70500,9582,80082,669
2022-01-24,Napa,055,140530,22790,704,23494,117
2022-01-24,Nevada,057,99092,14531,930,15461,116
2022-01-24,Orange,059,3164182,516988,38219,555207,6476
2022-01-24,Placer,061,380077,57509,6603,64112,546
2022-01-24,Plumas,063,18699,2649,237,2886,12
2022-01-24,Riverside,065,2383286,555356,25604,580960,5989
2022-01-24,Sacramento,067,1510023,255727,21715,277442,2702
2022-01-24,San Benito,069,59416,11747,430,12177,88
2022-01-24,San Bernardino,071,2135413,544337,23258,567595,7104
2022-01-24,San Diego,073,3302833,689128,46468,735596,4848
2022-01-24,San Francisco,075,870044,112073,7292,119365,744
2022-01-24,San Joaquin,077,732212,152750,9032,161782,2070
2022-01-24,San Luis Obispo,079,281455,47021,3065,50086,401
2022-01-24,San Mateo,081,765935,110412,5735,116147,642
2022-01-24,Santa Barbara,083,443738,77057,3950,81007,613
2022-01-24,Santa Clara,085,1922200,279216,10103,289319,2097
2022-01-24,Santa Cruz,087,273765,39502,1858,41360,241
2022-01-24,Shasta,089,179085,27789,5193,32982,476
2022-01-24,Sierra,091,2930,264,36,300,3
2022-01-24,Siskiyou,093,43540,4046,2226,6272,68
2022-01-24,Solano,095,438530,72116,4698,76814,423
2022-01-24,Sonoma,097,501317,74555,2031,76586,451
2022-01-24,Stanislaus,099,539301,108036,14921,122957,1508
2022-01-24,Sutter,101,95872,18847,1381,20228,205
2022-01-24,Tehama,103,63373,10966,2301,13267,178
2022-01-24,Trinity,105,12862,1072,253,1325,20
2022-01-24,Tulare,107,460477,95575,23530,119105,1359
2022-01-24,Tuolumne,109,53932,11156,360,11516,164
2022-01-24,Ventura,111,848112,161467,8771,170238,1327
2022-01-24,Yolo,113,214977,33376,2395,35771,319
2022-01-24,Yuba,115,75493,14375,886,15261,110
2022-01-23,Alameda,001,1643700,226157,11188,237345,1636
2022-01-23,Alpine,002,1148,119,1,120,0
2022-01-23,Amador,005,37829,7537,394,7931,73
2022-01-23,Butte,007,227075,29704,5949,35653,379
2022-01-23,Calaveras,009,45235,6517,203,6720,98
2022-01-23,Colusa,011,21464,3155,938,4093,21
2022-01-23,Contra Costa,013,1133247,171859,10349,182208,1150
2022-01-23,Del Norte,015,27424,4596,111,4707,42
2022-01-23,El Dorado,017,186661,24592,2794,27386,194
2022-01-23,Fresno,019,978130,205932,20270,226202,2525
2022-01-23,Glenn,021,27897,4499,1412,5911,45
2022-01-23,Humboldt,023,135768,14822,2159,16981,131
2022-01-23,Imperial,025,180216,49935,8280,58215,878
2022-01-23,Inyo,027,18085,3877,277,4154,53
2022-01-23,Kern,029,883053,176072,39818,215890,2154
2022-01-23,Kings,031,150075,45117,2879,47996,402
2022-01-23,Lake,033,64148,9002,640,9642,122
2022-01-23,Lassen,035,31185,8033,741,8774,54
2022-01-23,Los Angeles,037,10098052,2518415,112750,2631165,28943
2022-01-23,Madera,039,155013,32718,4193,36911,353
2022-01-23,Marin,041,260295,21702,1790,23492,212
2022-01-23,Mariposa,043,17540,2119,111,2230,22
2022-01-23,Mendocino,045,87422,11578,1932,13510,110
2022-01-23,Merced,047,269075,57410,5961,63371,746
2022-01-23,Modoc,049,8938,656,222,878,7
2022-01-23,Mono,051,14174,2844,110,2954,5
2022-01-23,Monterey,053,433212,69660,9152,78812,668
2022-01-23,Napa,055,140530,22527,691,23218,116
2022-01-23,Nevada,057,99092,14369,901,15270,116
2022-01-23,Orange,059,3164182,513874,37921,551795,6456
2022-01-23,Placer,061,380077,56944,6515,63459,544
2022-01-23,Plumas,063,18699,2616,208,2824,12
2022-01-23,Riverside,065,2383286,550913,25302,576215,5975
2022-01-23,Sacramento,067,1510023,253082,20770,273852,2692
2022-01-23,San Benito,069,59416,11625,419,12044,88
2022-01-23,San Bernardino,071,2135413,540772,22980,563752,7077
2022-01-23,San Diego,073,3302833,682529,45667,728196,4831
2022-01-23,San Francisco,075,870044,111007,7185,118192,739
2022-01-23,San Joaquin,077,732212,151124,8949,160073,2068
2022-01-23,San Luis Obispo,079,281455,46324,2991,49315,401
2022-01-23,San Mateo,081,765935,109291,5592,114883,638
2022-01-23,Santa Barbara,083,443738,75934,3828,79762,613
2022-01-23,Santa Clara,085,1922200,275868,9785,285653,2096
2022-01-23,Santa Cruz,087,273765,38971,1827,40798,241
2022-01-23,Shasta,089,179085,27509,5073,32582,473
2022-01-23,Sierra,091,2930,263,36,299,3
2022-01-23,Siskiyou,093,43540,4021,2169,6190,68
2022-01-23,Solano,095,438530,71315,4604,75919,421
2022-01-23,Sonoma,097,501317,73601,1975,75576,451
2022-01-23,Stanislaus,099,539301,107174,14629,121803,1504
2022-01-23,Sutter,101,95872,18688,1268,19956,205
2022-01-23,Tehama,103,63373,10868,2270,13138,178
2022-01-23,Trinity,105,12862,1069,251,1320,20
2022-01-23,Tulare,107,460477,94315,23114,117429,1356
2022-01-23,Tuolumne,109,53932,10964,343,11307,164
2022-01-23,Ventura,111,848112,160285,8694,168979,1325
2022-01-23,Yolo,113,214977,33000,2355,35355,319
2022-01-23,Yuba,115,75493,14251,833,15084,108
2022-01-22,Alameda,001,1643700,225098,11160,236258,1632
2022-01-22,Alpine,002,1148,118,1,119,0
2022-01-22,Amador,005,37829,7503,389,7892,73
2022-01-22,Butte,007,227075,29581,5917,35498,378
2022-01-22,Calaveras,009,45235,6487,202,6689,98
2022-01-22,Colusa,011,21464,3138,935,4073,21
2022-01-22,Contra Costa,013,1133247,170882,10319,181201,1143
2022-01-22,Del Norte,015,27424,4557,107,4664,42
2022-01-22,El Dorado,017,186661,24527,2782,27309,194
2022-01-22,Fresno,019,978130,205091,20200,225291,2519
2022-01-22,Glenn,021,27897,4492,1409,5901,45
2022-01-22,Humboldt,023,135768,14754,2146,16900,131
2022-01-22,Imperial,025,180216,49743,8222,57965,873
2022-01-22,Inyo,027,18085,3873,253,4126,53
2022-01-22,Kern,029,883053,175445,39518,214963,2147
2022-01-22,Kings,031,150075,44909,2866,47775,401
2022-01-22,Lake,033,64148,8968,632,9600,122
2022-01-22,Lassen,035,31185,7999,734,8733,54
2022-01-22,Los Angeles,037,10098052,2510990,112247,2623237,28844
2022-01-22,Madera,039,155013,32599,4178,36777,352
2022-01-22,Marin,041,260295,21575,1785,23360,212
2022-01-22,Mariposa,043,17540,2115,111,2226,22
2022-01-22,Mendocino,045,87422,11528,1910,13438,110
2022-01-22,Merced,047,269075,57240,5952,63192,745
2022-01-22,Modoc,049,8938,655,222,877,7
2022-01-22,Mono,051,14174,2843,106,2949,5
2022-01-22,Monterey,053,433212,69454,9110,78564,666
2022-01-22,Napa,055,140530,22432,681,23113,116
2022-01-22,Nevada,057,99092,14300,893,15193,115
2022-01-22,Orange,059,3164182,512258,37671,549929,6425
2022-01-22,Placer,061,380077,56673,6478,63151,544
2022-01-22,Plumas,063,18699,2599,204,2803,12
2022-01-22,Riverside,065,2383286,548992,25230,574222,5963
2022-01-22,Sacramento,067,1510023,252040,20662,272702,2682
2022-01-22,San Benito,069,59416,11567,414,11981,88
2022-01-22,San Bernardino,071,2135413,539241,22886,562127,7051
2022-01-22,San Diego,073,3302833,680048,45448,725496,4809
2022-01-22,San Francisco,075,870044,110350,7036,117386,736
2022-01-22,San Joaquin,077,732212,150681,8907,159588,2063
2022-01-22,San Luis Obispo,079,281455,46205,2985,49190,399
2022-01-22,San Mateo,081,765935,108705,5530,114235,636
2022-01-22,Santa Barbara,083,443738,75512,3822,79334,612
2022-01-22,Santa Clara,085,1922200,274181,9719,283900,2090
2022-01-22,Santa Cruz,087,273765,38789,1821,40610,241
2022-01-22,Shasta,089,179085,27413,5051,32464,473
2022-01-22,Sierra,091,2930,263,35,298,3
2022-01-22,Siskiyou,093,43540,4003,2148,6151,68
2022-01-22,Solano,095,438530,71092,4567,75659,420
2022-01-22,Sonoma,097,501317,73180,1965,75145,450
2022-01-22,Stanislaus,099,539301,106715,14531,121246,1497
2022-01-22,Sutter,101,95872,18620,1255,19875,205
2022-01-22,Tehama,103,63373,10833,2259,13092,177
2022-01-22,Trinity,105,12862,1067,251,1318,20
2022-01-22,Tulare,107,460477,93937,22992,116929,1355
2022-01-22,Tuolumne,109,53932,10896,337,11233,164
2022-01-22,Ventura,111,848112,159594,8654,168248,1320
2022-01-22,Yolo,113,214977,32822,2338,35160,317
2022-01-22,Yuba,115,75493,14161,829,14990,108
2022-01-21,Alameda,001,1643700,223526,11126,234652,1625
2022-01-21,Alpine,002,1148,118,1,119,0
2022-01-21,Amador,005,37829,7446,386,7832,73
2022-01-21,Butte,007,227075,29455,5874,35329,377
2022-01-21,Calaveras,009,45235,6441,202,6643,98
2022-01-21,Colusa,011,21464,3131,929,4060,21
2022-01-21,Contra Costa,013,1133247,169775,10239,180014,1142
2022-01-21,Del Norte,015,27424,4517,107,4624,42
2022-01-21,El Dorado,017,186661,24442,2766,27208,194
2022-01-21,Fresno,019,978130,203798,20094,223892,2515
2022-01-21,Glenn,021,27897,4470,1405,5875,45
2022-01-21,Humboldt,023,135768,14683,2127,16810,131
2022-01-21,Imperial,025,180216,49554,8146,57700,870
2022-01-21,Inyo,027,18085,3860,248,4108,53
2022-01-21,Kern,029,883053,174730,39150,213880,2143
2022-01-21,Kings,031,150075,44711,2858,47569,401
2022-01-21,Lake,033,64148,8911,620,9531,122
2022-01-21,Lassen,035,31185,7950,730,8680,54
2022-01-21,Los Angeles,037,10098052,2499681,111790,2611471,28755
2022-01-21,Madera,039,155013,32307,4150,36457,350
2022-01-21,Marin,041,260295,21400,1766,23166,211
2022-01-21,Mariposa,043,17540,2103,110,2213,22
2022-01-21,Mendocino,045,87422,11447,1907,13354,110
2022-01-21,Merced,047,269075,57072,5948,63020,743
2022-01-21,Modoc,049,8938,654,222,876,7
2022-01-21,Mono,051,14174,2829,103,2932,5
2022-01-21,Monterey,053,433212,68983,8984,77967,666
2022-01-21,Napa,055,140530,22312,673,22985,116
2022-01-21,Nevada,057,99092,14202,889,15091,115
2022-01-21,Orange,059,3164182,510018,37424,547442,6398
2022-01-21,Placer,061,380077,56280,6415,62695,543
2022-01-21,Plumas,063,18699,2586,199,2785,12
2022-01-21,Riverside,065,2383286,546337,25151,571488,5941
2022-01-21,Sacramento,067,1510023,250599,20563,271162,2673
2022-01-21,San Benito,069,59416,11532,411,11943,88
2022-01-21,San Bernardino,071,2135413,537167,22810,559977,7025
2022-01-21,San Diego,073,3302833,675895,45274,721169,4791
2022-01-21,San Francisco,075,870044,109590,6948,116538,734
2022-01-21,San Joaquin,077,732212,150078,8852,158930,2056
2022-01-21,San Luis Obispo,079,281455,46079,2982,49061,395
2022-01-21,San Mateo,081,765935,108032,5491,113523,631
2022-01-21,Santa Barbara,083,443738,75010,3813,78823,610
2022-01-21,Santa Clara,085,1922200,272348,9611,281959,2083
2022-01-21,Santa Cruz,087,273765,38070,1808,39878,241
2022-01-21,Shasta,089,179085,27324,5004,32328,473
2022-01-21,Sierra,091,2930,261,34,295,3
2022-01-21,Siskiyou,093,43540,3994,2130,6124,66
2022-01-21,Solano,095,438530,70679,4484,75163,419
2022-01-21,Sonoma,097,501317,72655,1955,74610,449
2022-01-21,Stanislaus,099,539301,106209,14456,120665,1495
2022-01-21,Sutter,101,95872,18534,1241,19775,205
2022-01-21,Tehama,103,63373,10796,2257,13053,177
2022-01-21,Trinity,105,12862,1061,250,1311,20
2022-01-21,Tulare,107,460477,93457,22837,116294,1354
2022-01-21,Tuolumne,109,53932,10813,330,11143,164
2022-01-21,Ventura,111,848112,158784,8623,167407,1317
2022-01-21,Yolo,113,214977,32660,2317,34977,314
2022-01-21,Yuba,115,75493,14089,822,14911,108
2022-01-20,Alameda,001,1643700,220473,10889,231362,1621
2022-01-20,Alpine,002,1148,118,1,119,0
2022-01-20,Amador,005,37829,7382,368,7750,73
2022-01-20,Butte,007,227075,29188,5794,34982,374
2022-01-20,Calaveras,009,45235,6336,193,6529,98
2022-01-20,Colusa,011,21464,3105,917,4022,21
2022-01-20,Contra Costa,013,1133247,167720,9965,177685,1139
2022-01-20,Del Norte,015,27424,4477,104,4581,42
2022-01-20,El Dorado,017,186661,24242,2720,26962,193
2022-01-20,Fresno,019,978130,201132,19706,220838,2512
2022-01-20,Glenn,021,27897,4436,1396,5832,45
2022-01-20,Humboldt,023,135768,14556,2077,16633,131
2022-01-20,Imperial,025,180216,49034,7972,57006,869
2022-01-20,Inyo,027,18085,3848,237,4085,53
2022-01-20,Kern,029,883053,173207,38610,211817,2136
2022-01-20,Kings,031,150075,44154,2818,46972,400
2022-01-20,Lake,033,64148,8815,592,9407,121
2022-01-20,Lassen,035,31185,7897,715,8612,54
2022-01-20,Los Angeles,037,10098052,2474936,110822,2585758,28664
2022-01-20,Madera,039,155013,31920,4025,35945,350
2022-01-20,Marin,041,260295,21108,1729,22837,211
2022-01-20,Mariposa,043,17540,2076,107,2183,22
2022-01-20,Mendocino,045,87422,11349,1829,13178,110
2022-01-20,Merced,047,269075,56601,5705,62306,741
2022-01-20,Modoc,049,8938,652,222,874,7
2022-01-20,Mono,051,14174,2821,102,2923,5
2022-01-20,Monterey,053,433212,68217,8568,76785,665
2022-01-20,Napa,055,140530,22046,634,22680,114
2022-01-20,Nevada,057,99092,14057,867,14924,115
2022-01-20,Orange,059,3164182,506071,37052,543123,6363
2022-01-20,Placer,061,380077,55795,6352,62147,540
2022-01-20,Plumas,063,18699,2558,195,2753,12
2022-01-20,Riverside,065,2383286,541765,24919,566684,5921
2022-01-20,Sacramento,067,1510023,248317,19929,268246,2663
2022-01-20,San Benito,069,59416,11421,398,11819,88
2022-01-20,San Bernardino,071,2135413,532954,22531,555485,7003
2022-01-20,San Diego,073,3302833,668820,44577,713397,4775
2022-01-20,San Francisco,075,870044,108443,6809,115252,729
2022-01-20,San Joaquin,077,732212,148426,8724,157150,2051
2022-01-20,San Luis Obispo,079,281455,45568,2948,48516,395
2022-01-20,San Mateo,081,765935,106805,5287,112092,630
2022-01-20,Santa Barbara,083,443738,74111,3701,77812,607
2022-01-20,Santa Clara,085,1922200,268999,9283,278282,2074
2022-01-20,Santa Cruz,087,273765,37185,1785,38970,241
2022-01-20,Shasta,089,179085,27133,4937,32070,473
2022-01-20,Sierra,091,2930,261,32,293,3
2022-01-20,Siskiyou,093,43540,3983,2097,6080,66
2022-01-20,Solano,095,438530,69728,4395,74123,416
2022-01-20,Sonoma,097,501317,71627,1904,73531,449
2022-01-20,Stanislaus,099,539301,105248,14249,119497,1493
2022-01-20,Sutter,101,95872,18370,1213,19583,204
2022-01-20,Tehama,103,63373,10724,2239,12963,175
2022-01-20,Trinity,105,12862,1047,249,1296,20
2022-01-20,Tulare,107,460477,92402,22547,114949,1352
2022-01-20,Tuolumne,109,53932,10671,320,10991,163
2022-01-20,Ventura,111,848112,157400,8546,165946,1312
2022-01-20,Yolo,113,214977,32372,2284,34656,310
2022-01-20,Yuba,115,75493,13983,789,14772,108
2022-01-19,Alameda,001,1643700,217108,10562,227670,1614
2022-01-19,Alpine,002,1148,117,1,118,0
2022-01-19,Amador,005,37829,7301,326,7627,73
2022-01-19,Butte,007,227075,28883,5708,34591,373
2022-01-19,Calaveras,009,45235,6246,184,6430,97
2022-01-19,Colusa,011,21464,3071,909,3980,21
2022-01-19,Contra Costa,013,1133247,165287,9718,175005,1134
2022-01-19,Del Norte,015,27424,4438,103,4541,42
2022-01-19,El Dorado,017,186661,23990,2679,26669,193
2022-01-19,Fresno,019,978130,198160,19380,217540,2504
2022-01-19,Glenn,021,27897,4384,1386,5770,45
2022-01-19,Humboldt,023,135768,14399,2027,16426,131
2022-01-19,Imperial,025,180216,48299,7775,56074,868
2022-01-19,Inyo,027,18085,3825,198,4023,53
2022-01-19,Kern,029,883053,171441,37932,209373,2127
2022-01-19,Kings,031,150075,43455,2750,46205,399
2022-01-19,Lake,033,64148,8688,579,9267,121
2022-01-19,Lassen,035,31185,7840,693,8533,54
2022-01-19,Los Angeles,037,10098052,2446534,109409,2555943,28586
2022-01-19,Madera,039,155013,31539,3855,35394,348
2022-01-19,Marin,041,260295,20810,1689,22499,209
2022-01-19,Mariposa,043,17540,2051,100,2151,22
2022-01-19,Mendocino,045,87422,11178,1736,12914,109
2022-01-19,Merced,047,269075,56009,5331,61340,741
2022-01-19,Modoc,049,8938,650,221,871,7
2022-01-19,Mono,051,14174,2799,100,2899,5
2022-01-19,Monterey,053,433212,67308,8111,75419,663
2022-01-19,Napa,055,140530,21791,607,22398,113
2022-01-19,Nevada,057,99092,13899,840,14739,115
2022-01-19,Orange,059,3164182,501565,36680,538245,6340
2022-01-19,Placer,061,380077,55230,6283,61513,538
2022-01-19,Plumas,063,18699,2518,189,2707,12
2022-01-19,Riverside,065,2383286,536243,24685,560928,5910
2022-01-19,Sacramento,067,1510023,245417,19216,264633,2653
2022-01-19,San Benito,069,59416,11279,386,11665,88
2022-01-19,San Bernardino,071,2135413,528183,22151,550334,6976
2022-01-19,San Diego,073,3302833,660062,43845,703907,4752
2022-01-19,San Francisco,075,870044,107073,6735,113808,727
2022-01-19,San Joaquin,077,732212,146517,8602,155119,2048
2022-01-19,San Luis Obispo,079,281455,44969,2882,47851,395
2022-01-19,San Mateo,081,765935,105389,5023,110412,626
2022-01-19,Santa Barbara,083,443738,73114,3602,76716,604
2022-01-19,Santa Clara,085,1922200,265207,8929,274136,2066
2022-01-19,Santa Cruz,087,273765,35882,1761,37643,240
2022-01-19,Shasta,089,179085,26865,4865,31730,473
2022-01-19,Sierra,091,2930,261,31,292,3
2022-01-19,Siskiyou,093,43540,3959,2044,6003,65
2022-01-19,Solano,095,438530,68881,4266,73147,414
2022-01-19,Sonoma,097,501317,70526,1858,72384,449
2022-01-19,Stanislaus,099,539301,104194,13957,118151,1489
2022-01-19,Sutter,101,95872,18202,1125,19327,203
2022-01-19,Tehama,103,63373,10609,2195,12804,175
2022-01-19,Trinity,105,12862,1035,248,1283,20
2022-01-19,Tulare,107,460477,91117,22075,113192,1351
2022-01-19,Tuolumne,109,53932,10511,295,10806,163
2022-01-19,Ventura,111,848112,155884,8471,164355,1308
2022-01-19,Yolo,113,214977,32006,2248,34254,308
2022-01-19,Yuba,115,75493,13821,776,14597,108
2022-01-18,Alameda,001,1643700,213772,10236,224008,1611
2022-01-18,Alpine,002,1148,117,1,118,0
2022-01-18,Amador,005,37829,7163,290,7453,73
2022-01-18,Butte,007,227075,28490,5626,34116,372
2022-01-18,Calaveras,009,45235,6157,169,6326,97
2022-01-18,Colusa,011,21464,3027,904,3931,21
2022-01-18,Contra Costa,013,1133247,163140,9340,172480,1132
2022-01-18,Del Norte,015,27424,4367,98,4465,42
2022-01-18,El Dorado,017,186661,23623,2635,26258,193
2022-01-18,Fresno,019,978130,194593,18919,213512,2498
2022-01-18,Glenn,021,27897,4350,1374,5724,45
2022-01-18,Humboldt,023,135768,14234,1955,16189,129
2022-01-18,Imperial,025,180216,47601,7596,55197,865
2022-01-18,Inyo,027,18085,3784,188,3972,53
2022-01-18,Kern,029,883053,169419,37177,206596,2117
2022-01-18,Kings,031,150075,42580,2672,45252,399
2022-01-18,Lake,033,64148,8575,560,9135,121
2022-01-18,Lassen,035,31185,7757,654,8411,54
2022-01-18,Los Angeles,037,10098052,2413080,107936,2521016,28490
2022-01-18,Madera,039,155013,31016,3666,34682,347
2022-01-18,Marin,041,260295,20503,1648,22151,208
2022-01-18,Mariposa,043,17540,2026,96,2122,22
2022-01-18,Mendocino,045,87422,11009,1651,12660,109
2022-01-18,Merced,047,269075,55329,5029,60358,739
2022-01-18,Modoc,049,8938,648,216,864,7
2022-01-18,Mono,051,14174,2778,99,2877,5
2022-01-18,Monterey,053,433212,66531,7635,74166,662
2022-01-18,Napa,055,140530,21458,592,22050,112
2022-01-18,Nevada,057,99092,13716,798,14514,115
2022-01-18,Orange,059,3164182,496198,36170,532368,6318
2022-01-18,Placer,061,380077,54583,6209,60792,538
2022-01-18,Plumas,063,18699,2481,183,2664,12
2022-01-18,Riverside,065,2383286,530263,24378,554641,5890
2022-01-18,Sacramento,067,1510023,242330,18229,260559,2647
2022-01-18,San Benito,069,59416,11138,372,11510,88
2022-01-18,San Bernardino,071,2135413,522729,21721,544450,6954
2022-01-18,San Diego,073,3302833,649890,42805,692695,4735
2022-01-18,San Francisco,075,870044,105606,6620,112226,726
2022-01-18,San Joaquin,077,732212,144550,8385,152935,2040
2022-01-18,San Luis Obispo,079,281455,44288,2796,47084,392
2022-01-18,San Mateo,081,765935,103873,4826,108699,624
2022-01-18,Santa Barbara,083,443738,71896,3429,75325,601
2022-01-18,Santa Clara,085,1922200,261022,8534,269556,2056
2022-01-18,Santa Cruz,087,273765,35232,1726,36958,240
2022-01-18,Shasta,089,179085,26583,4771,31354,470
2022-01-18,Sierra,091,2930,257,31,288,3
2022-01-18,Siskiyou,093,43540,3926,1991,5917,65
2022-01-18,Solano,095,438530,68030,4155,72185,409
2022-01-18,Sonoma,097,501317,69136,1803,70939,445
2022-01-18,Stanislaus,099,539301,102974,13583,116557,1486
2022-01-18,Sutter,101,95872,18010,1054,19064,203
2022-01-18,Tehama,103,63373,10513,2143,12656,175
2022-01-18,Trinity,105,12862,1022,247,1269,20
2022-01-18,Tulare,107,460477,89648,21671,111319,1351
2022-01-18,Tuolumne,109,53932,10342,284,10626,163
2022-01-18,Ventura,111,848112,154170,8385,162555,1306
2022-01-18,Yolo,113,214977,31608,2198,33806,307
2022-01-18,Yuba,115,75493,13661,751,14412,107
2022-01-17,Alameda,001,1643700,209111,9600,218711,1604
2022-01-17,Alpine,002,1148,116,0,116,0
2022-01-17,Amador,005,37829,7049,232,7281,73
2022-01-17,Butte,007,227075,28097,5513,33610,370
2022-01-17,Calaveras,009,45235,6026,141,6167,97
2022-01-17,Colusa,011,21464,3003,897,3900,21
2022-01-17,Contra Costa,013,1133247,160207,8840,169047,1127
2022-01-17,Del Norte,015,27424,4316,91,4407,42
2022-01-17,El Dorado,017,186661,23378,2553,25931,193
2022-01-17,Fresno,019,978130,190743,18373,209116,2491
2022-01-17,Glenn,021,27897,4296,1361,5657,45
2022-01-17,Humboldt,023,135768,14028,1789,15817,129
2022-01-17,Imperial,025,180216,46915,7432,54347,864
2022-01-17,Inyo,027,18085,3762,162,3924,52
2022-01-17,Kern,029,883053,166881,36300,203181,2112
2022-01-17,Kings,031,150075,41445,2550,43995,398
2022-01-17,Lake,033,64148,8427,520,8947,121
2022-01-17,Lassen,035,31185,7664,617,8281,54
2022-01-17,Los Angeles,037,10098052,2373836,105976,2479812,28410
2022-01-17,Madera,039,155013,30362,3486,33848,345
2022-01-17,Marin,041,260295,20100,1592,21692,208
2022-01-17,Mariposa,043,17540,2001,89,2090,22
2022-01-17,Mendocino,045,87422,10786,1511,12297,109
2022-01-17,Merced,047,269075,54588,4438,59026,737
2022-01-17,Modoc,049,8938,644,216,860,7
2022-01-17,Mono,051,14174,2755,98,2853,5
2022-01-17,Monterey,053,433212,65410,7217,72627,660
2022-01-17,Napa,055,140530,21111,570,21681,112
2022-01-17,Nevada,057,99092,13530,761,14291,115
2022-01-17,Orange,059,3164182,490225,35687,525912,6299
2022-01-17,Placer,061,380077,53849,6064,59913,538
2022-01-17,Plumas,063,18699,2435,151,2586,12
2022-01-17,Riverside,065,2383286,523447,23925,547372,5867
2022-01-17,Sacramento,067,1510023,238248,16882,255130,2638
2022-01-17,San Benito,069,59416,10971,344,11315,87
2022-01-17,San Bernardino,071,2135413,516256,21180,537436,6933
2022-01-17,San Diego,073,3302833,637681,41616,679297,4717
2022-01-17,San Francisco,075,870044,103978,6430,110408,725
2022-01-17,San Joaquin,077,732212,141694,8195,149889,2036
2022-01-17,San Luis Obispo,079,281455,43460,2695,46155,391
2022-01-17,San Mateo,081,765935,101900,4573,106473,622
2022-01-17,Santa Barbara,083,443738,70574,3229,73803,601
2022-01-17,Santa Clara,085,1922200,256430,8102,264532,2049
2022-01-17,Santa Cruz,087,273765,34458,1689,36147,240
2022-01-17,Shasta,089,179085,26303,4650,30953,469
2022-01-17,Sierra,091,2930,256,31,287,3
2022-01-17,Siskiyou,093,43540,3887,1911,5798,65
2022-01-17,Solano,095,438530,66986,3896,70882,409
2022-01-17,Sonoma,097,501317,67629,1737,69366,444
2022-01-17,Stanislaus,099,539301,101656,13092,114748,1481
2022-01-17,Sutter,101,95872,17800,918,18718,203
2022-01-17,Tehama,103,63373,10389,2086,12475,174
2022-01-17,Trinity,105,12862,1009,243,1252,20
2022-01-17,Tulare,107,460477,87896,21123,109019,1348
2022-01-17,Tuolumne,109,53932,10202,252,10454,162
2022-01-17,Ventura,111,848112,152054,8267,160321,1299
2022-01-17,Yolo,113,214977,31076,2133,33209,307
2022-01-17,Yuba,115,75493,13465,695,14160,107
2022-01-16,Alameda,001,1643700,206072,9350,215422,1599
2022-01-16,Alpine,002,1148,116,0,116,0
2022-01-16,Amador,005,37829,6976,224,7200,73
2022-01-16,Butte,007,227075,27749,5460,33209,367
2022-01-16,Calaveras,009,45235,5925,137,6062,97
2022-01-16,Colusa,011,21464,2986,885,3871,21
2022-01-16,Contra Costa,013,1133247,158191,8625,166816,1125
2022-01-16,Del Norte,015,27424,4274,89,4363,42
2022-01-16,El Dorado,017,186661,23102,2515,25617,193
2022-01-16,Fresno,019,978130,187877,17962,205839,2488
2022-01-16,Glenn,021,27897,4239,1339,5578,44
2022-01-16,Humboldt,023,135768,13879,1770,15649,128
2022-01-16,Imperial,025,180216,46342,7268,53610,861
2022-01-16,Inyo,027,18085,3725,140,3865,52
2022-01-16,Kern,029,883053,165607,35514,201121,2103
2022-01-16,Kings,031,150075,41072,2529,43601,397
2022-01-16,Lake,033,64148,8322,486,8808,120
2022-01-16,Lassen,035,31185,7619,604,8223,54
2022-01-16,Los Angeles,037,10098052,2350617,104474,2455091,28336
2022-01-16,Madera,039,155013,29992,3436,33428,345
2022-01-16,Marin,041,260295,19808,1577,21385,207
2022-01-16,Mariposa,043,17540,1974,84,2058,22
2022-01-16,Mendocino,045,87422,10639,1395,12034,109
2022-01-16,Merced,047,269075,53948,4405,58353,737
2022-01-16,Modoc,049,8938,641,216,857,7
2022-01-16,Mono,051,14174,2751,96,2847,5
2022-01-16,Monterey,053,433212,64645,7074,71719,660
2022-01-16,Napa,055,140530,20842,559,21401,112
2022-01-16,Nevada,057,99092,13316,743,14059,115
2022-01-16,Orange,059,3164182,484813,35137,519950,6284
2022-01-16,Placer,061,380077,53145,5956,59101,537
2022-01-16,Plumas,063,18699,2400,142,2542,12
2022-01-16,Riverside,065,2383286,517936,23705,541641,5846
2022-01-16,Sacramento,067,1510023,235286,16148,251434,2624
2022-01-16,San Benito,069,59416,10812,342,11154,87
2022-01-16,San Bernardino,071,2135413,512218,20925,533143,6908
2022-01-16,San Diego,073,3302833,630098,41181,671279,4704
2022-01-16,San Francisco,075,870044,102460,6291,108751,724
2022-01-16,San Joaquin,077,732212,139893,8052,147945,2035
2022-01-16,San Luis Obispo,079,281455,42803,2656,45459,390
2022-01-16,San Mateo,081,765935,100367,4480,104847,621
2022-01-16,Santa Barbara,083,443738,69543,3189,72732,598
2022-01-16,Santa Clara,085,1922200,252640,7944,260584,2045
2022-01-16,Santa Cruz,087,273765,33829,1667,35496,240
2022-01-16,Shasta,089,179085,26047,4582,30629,468
2022-01-16,Sierra,091,2930,252,31,283,3
2022-01-16,Siskiyou,093,43540,3859,1872,5731,65
2022-01-16,Solano,095,438530,66311,3765,70076,409
2022-01-16,Sonoma,097,501317,66549,1720,68269,444
2022-01-16,Stanislaus,099,539301,100594,12926,113520,1477
2022-01-16,Sutter,101,95872,17600,896,18496,203
2022-01-16,Tehama,103,63373,10303,2065,12368,173
2022-01-16,Trinity,105,12862,1004,241,1245,20
2022-01-16,Tulare,107,460477,86583,20864,107447,1346
2022-01-16,Tuolumne,109,53932,10097,244,10341,162
2022-01-16,Ventura,111,848112,150477,8189,158666,1293
2022-01-16,Yolo,113,214977,30682,2080,32762,307
2022-01-16,Yuba,115,75493,13287,689,13976,106
2022-01-15,Alameda,001,1643700,204732,9294,214026,1590
2022-01-15,Alpine,002,1148,116,0,116,0
2022-01-15,Amador,005,37829,6944,210,7154,73
2022-01-15,Butte,007,227075,27593,5409,33002,366
2022-01-15,Calaveras,009,45235,5893,137,6030,97
2022-01-15,Colusa,011,21464,2972,878,3850,21
2022-01-15,Contra Costa,013,1133247,156924,8577,165501,1123
2022-01-15,Del Norte,015,27424,4259,87,4346,42
2022-01-15,El Dorado,017,186661,22999,2499,25498,193
2022-01-15,Fresno,019,978130,186887,17860,204747,2485
2022-01-15,Glenn,021,27897,4232,1330,5562,44
2022-01-15,Humboldt,023,135768,13776,1754,15530,128
2022-01-15,Imperial,025,180216,46205,7160,53365,857
2022-01-15,Inyo,027,18085,3715,140,3855,52
2022-01-15,Kern,029,883053,164764,35125,199889,2099
2022-01-15,Kings,031,150075,40823,2517,43340,396
2022-01-15,Lake,033,64148,8283,473,8756,120
2022-01-15,Lassen,035,31185,7579,598,8177,54
2022-01-15,Los Angeles,037,10098052,2339066,103530,2442596,28267
2022-01-15,Madera,039,155013,29846,3413,33259,344
2022-01-15,Marin,041,260295,19620,1571,21191,207
2022-01-15,Mariposa,043,17540,1967,84,2051,22
2022-01-15,Mendocino,045,87422,10566,1389,11955,108
2022-01-15,Merced,047,269075,53768,4392,58160,733
2022-01-15,Modoc,049,8938,639,216,855,6
2022-01-15,Mono,051,14174,2746,95,2841,5
2022-01-15,Monterey,053,433212,64132,7010,71142,660
2022-01-15,Napa,055,140530,20721,555,21276,112
2022-01-15,Nevada,057,99092,13256,730,13986,115
2022-01-15,Orange,059,3164182,482195,34848,517043,6268
2022-01-15,Placer,061,380077,52854,5920,58774,535
2022-01-15,Plumas,063,18699,2379,136,2515,12
2022-01-15,Riverside,065,2383286,515252,23570,538822,5836
2022-01-15,Sacramento,067,1510023,234125,16049,250174,2613
2022-01-15,San Benito,069,59416,10712,337,11049,87
2022-01-15,San Bernardino,071,2135413,509853,20777,530630,6880
2022-01-15,San Diego,073,3302833,626314,40928,667242,4683
2022-01-15,San Francisco,075,870044,101468,6156,107624,720
2022-01-15,San Joaquin,077,732212,139320,7955,147275,2032
2022-01-15,San Luis Obispo,079,281455,42614,2643,45257,387
2022-01-15,San Mateo,081,765935,99409,4439,103848,621
2022-01-15,Santa Barbara,083,443738,68947,3178,72125,598
2022-01-15,Santa Clara,085,1922200,250391,7826,258217,2038
2022-01-15,Santa Cruz,087,273765,33477,1659,35136,238
2022-01-15,Shasta,089,179085,25955,4550,30505,467
2022-01-15,Sierra,091,2930,251,30,281,3
2022-01-15,Siskiyou,093,43540,3847,1862,5709,65
2022-01-15,Solano,095,438530,66031,3716,69747,406
2022-01-15,Sonoma,097,501317,65963,1714,67677,442
2022-01-15,Stanislaus,099,539301,100012,12823,112835,1476
2022-01-15,Sutter,101,95872,17511,886,18397,202
2022-01-15,Tehama,103,63373,10255,2046,12301,173
2022-01-15,Trinity,105,12862,1001,241,1242,20
2022-01-15,Tulare,107,460477,86134,20755,106889,1344
2022-01-15,Tuolumne,109,53932,9996,239,10235,161
2022-01-15,Ventura,111,848112,149702,8151,157853,1284
2022-01-15,Yolo,113,214977,30502,2060,32562,306
2022-01-15,Yuba,115,75493,13223,685,13908,106
2022-01-14,Alameda,001,1643700,202701,9243,211944,1587
2022-01-14,Alpine,002,1148,116,0,116,0
2022-01-14,Amador,005,37829,6868,201,7069,73
2022-01-14,Butte,007,227075,27411,5378,32789,366
2022-01-14,Calaveras,009,45235,5856,136,5992,96
2022-01-14,Colusa,011,21464,2963,868,3831,21
2022-01-14,Contra Costa,013,1133247,155396,8471,163867,1119
2022-01-14,Del Norte,015,27424,4234,86,4320,42
2022-01-14,El Dorado,017,186661,22846,2481,25327,192
2022-01-14,Fresno,019,978130,185128,17760,202888,2480
2022-01-14,Glenn,021,27897,4209,1322,5531,44
2022-01-14,Humboldt,023,135768,13670,1722,15392,128
2022-01-14,Imperial,025,180216,46032,7140,53172,855
2022-01-14,Inyo,027,18085,3690,136,3826,52
2022-01-14,Kern,029,883053,163764,34689,198453,2095
2022-01-14,Kings,031,150075,40569,2509,43078,396
2022-01-14,Lake,033,64148,8226,461,8687,120
2022-01-14,Lassen,035,31185,7545,586,8131,54
2022-01-14,Los Angeles,037,10098052,2319734,102495,2422229,28174
2022-01-14,Madera,039,155013,29610,3385,32995,344
2022-01-14,Marin,041,260295,19361,1537,20898,206
2022-01-14,Mariposa,043,17540,1952,84,2036,22
2022-01-14,Mendocino,045,87422,10454,1376,11830,107
2022-01-14,Merced,047,269075,53574,4375,57949,733
2022-01-14,Modoc,049,8938,638,216,854,6
2022-01-14,Mono,051,14174,2725,93,2818,5
2022-01-14,Monterey,053,433212,63433,6917,70350,660
2022-01-14,Napa,055,140530,20550,550,21100,111
2022-01-14,Nevada,057,99092,13133,717,13850,115
2022-01-14,Orange,059,3164182,478457,34507,512964,6251
2022-01-14,Placer,061,380077,52420,5834,58254,530
2022-01-14,Plumas,063,18699,2371,129,2500,12
2022-01-14,Riverside,065,2383286,511732,23426,535158,5826
2022-01-14,Sacramento,067,1510023,232173,15892,248065,2608
2022-01-14,San Benito,069,59416,10660,336,10996,87
2022-01-14,San Bernardino,071,2135413,506647,20590,527237,6864
2022-01-14,San Diego,073,3302833,620686,40620,661306,4669
2022-01-14,San Francisco,075,870044,100297,5982,106279,720
2022-01-14,San Joaquin,077,732212,138465,7875,146340,2030
2022-01-14,San Luis Obispo,079,281455,42447,2622,45069,385
2022-01-14,San Mateo,081,765935,98178,4410,102588,617
2022-01-14,Santa Barbara,083,443738,68427,3168,71595,594
2022-01-14,Santa Clara,085,1922200,247728,7721,255449,2033
2022-01-14,Santa Cruz,087,273765,33099,1650,34749,238
2022-01-14,Shasta,089,179085,25834,4517,30351,466
2022-01-14,Sierra,091,2930,249,28,277,3
2022-01-14,Siskiyou,093,43540,3836,1849,5685,65
2022-01-14,Solano,095,438530,65184,3627,68811,406
2022-01-14,Sonoma,097,501317,65423,1688,67111,442
2022-01-14,Stanislaus,099,539301,99405,12715,112120,1474
2022-01-14,Sutter,101,95872,17384,878,18262,202
2022-01-14,Tehama,103,63373,10202,2034,12236,171
2022-01-14,Trinity,105,12862,996,239,1235,20
2022-01-14,Tulare,107,460477,85606,20594,106200,1339
2022-01-14,Tuolumne,109,53932,9873,235,10108,160
2022-01-14,Ventura,111,848112,148599,8092,156691,1276
2022-01-14,Yolo,113,214977,30261,2032,32293,305
2022-01-14,Yuba,115,75493,13120,680,13800,105
2022-01-13,Alameda,001,1643700,198460,8892,207352,1580
2022-01-13,Alpine,002,1148,115,0,115,0
2022-01-13,Amador,005,37829,6808,180,6988,73
2022-01-13,Butte,007,227075,27104,5265,32369,366
2022-01-13,Calaveras,009,45235,5766,133,5899,95
2022-01-13,Colusa,011,21464,2935,858,3793,21
2022-01-13,Contra Costa,013,1133247,152727,8005,160732,1117
2022-01-13,Del Norte,015,27424,4198,85,4283,42
2022-01-13,El Dorado,017,186661,22599,2435,25034,191
2022-01-13,Fresno,019,978130,182085,17353,199438,2475
2022-01-13,Glenn,021,27897,4162,1296,5458,43
2022-01-13,Humboldt,023,135768,13516,1660,15176,128
2022-01-13,Imperial,025,180216,45490,6929,52419,854
2022-01-13,Inyo,027,18085,3634,119,3753,52
2022-01-13,Kern,029,883053,162179,34097,196276,2094
2022-01-13,Kings,031,150075,40088,2465,42553,396
2022-01-13,Lake,033,64148,8126,440,8566,120
2022-01-13,Lassen,035,31185,7511,570,8081,54
2022-01-13,Los Angeles,037,10098052,2283222,100712,2383934,28108
2022-01-13,Madera,039,155013,29144,3292,32436,342
2022-01-13,Marin,041,260295,19017,1494,20511,205
2022-01-13,Mariposa,043,17540,1929,81,2010,22
2022-01-13,Mendocino,045,87422,10363,1308,11671,107
2022-01-13,Merced,047,269075,52873,4100,56973,731
2022-01-13,Modoc,049,8938,635,216,851,6
2022-01-13,Mono,051,14174,2702,90,2792,5
2022-01-13,Monterey,053,433212,62495,6630,69125,657
2022-01-13,Napa,055,140530,20250,540,20790,110
2022-01-13,Nevada,057,99092,12941,687,13628,115
2022-01-13,Orange,059,3164182,471994,34043,506037,6239
2022-01-13,Placer,061,380077,51790,5718,57508,528
2022-01-13,Plumas,063,18699,2351,119,2470,12
2022-01-13,Riverside,065,2383286,505425,23099,528524,5806
2022-01-13,Sacramento,067,1510023,229074,15091,244165,2598
2022-01-13,San Benito,069,59416,10555,328,10883,87
2022-01-13,San Bernardino,071,2135413,500756,20125,520881,6848
2022-01-13,San Diego,073,3302833,612181,39760,651941,4651
2022-01-13,San Francisco,075,870044,98555,5788,104343,718
2022-01-13,San Joaquin,077,732212,136380,7722,144102,2025
2022-01-13,San Luis Obispo,079,281455,41845,2517,44362,385
2022-01-13,San Mateo,081,765935,96390,4174,100564,616
2022-01-13,Santa Barbara,083,443738,67429,2992,70421,593
2022-01-13,Santa Clara,085,1922200,243308,7395,250703,2030
2022-01-13,Santa Cruz,087,273765,32281,1628,33909,238
2022-01-13,Shasta,089,179085,25624,4445,30069,465
2022-01-13,Sierra,091,2930,248,28,276,3
2022-01-13,Siskiyou,093,43540,3814,1809,5623,65
2022-01-13,Solano,095,438530,64050,3516,67566,406
2022-01-13,Sonoma,097,501317,64356,1632,65988,439
2022-01-13,Stanislaus,099,539301,98283,12422,110705,1473
2022-01-13,Sutter,101,95872,17188,814,18002,202
2022-01-13,Tehama,103,63373,10104,1986,12090,171
2022-01-13,Trinity,105,12862,988,239,1227,20
2022-01-13,Tulare,107,460477,84325,20297,104622,1339
2022-01-13,Tuolumne,109,53932,9731,217,9948,158
2022-01-13,Ventura,111,848112,146816,7998,154814,1274
2022-01-13,Yolo,113,214977,29846,1988,31834,305
2022-01-13,Yuba,115,75493,12985,651,13636,104
2022-01-12,Alameda,001,1643700,193902,8425,202327,1576
2022-01-12,Alpine,002,1148,115,0,115,0
2022-01-12,Amador,005,37829,6760,166,6926,72
2022-01-12,Butte,007,227075,26772,5173,31945,365
2022-01-12,Calaveras,009,45235,5689,127,5816,95
2022-01-12,Colusa,011,21464,2897,845,3742,21
2022-01-12,Contra Costa,013,1133247,150031,7627,157658,1110
2022-01-12,Del Norte,015,27424,4172,83,4255,42
2022-01-12,El Dorado,017,186661,22282,2396,24678,190
2022-01-12,Fresno,019,978130,179102,16919,196021,2471
2022-01-12,Glenn,021,27897,4111,1274,5385,43
2022-01-12,Humboldt,023,135768,13344,1578,14922,128
2022-01-12,Imperial,025,180216,44832,6631,51463,854
2022-01-12,Inyo,027,18085,3588,103,3691,52
2022-01-12,Kern,029,883053,160041,33375,193416,2090
2022-01-12,Kings,031,150075,39457,2423,41880,395
2022-01-12,Lake,033,64148,8010,396,8406,120
2022-01-12,Lassen,035,31185,7468,543,8011,54
2022-01-12,Los Angeles,037,10098052,2243451,98484,2341935,28039
2022-01-12,Madera,039,155013,28826,3195,32021,342
2022-01-12,Marin,041,260295,18527,1443,19970,204
2022-01-12,Mariposa,043,17540,1900,79,1979,22
2022-01-12,Mendocino,045,87422,10198,1210,11408,106
2022-01-12,Merced,047,269075,52108,3817,55925,724
2022-01-12,Modoc,049,8938,633,216,849,6
2022-01-12,Mono,051,14174,2666,86,2752,5
2022-01-12,Monterey,053,433212,61508,6270,67778,654
2022-01-12,Napa,055,140530,19992,517,20509,110
2022-01-12,Nevada,057,99092,12729,641,13370,115
2022-01-12,Orange,059,3164182,465217,33447,498664,6224
2022-01-12,Placer,061,380077,51132,5601,56733,528
2022-01-12,Plumas,063,18699,2311,108,2419,12
2022-01-12,Riverside,065,2383286,498191,22761,520952,5796
2022-01-12,Sacramento,067,1510023,225488,14208,239696,2594
2022-01-12,San Benito,069,59416,10419,316,10735,86
2022-01-12,San Bernardino,071,2135413,494245,19501,513746,6828
2022-01-12,San Diego,073,3302833,601696,38905,640601,4640
2022-01-12,San Francisco,075,870044,96716,5674,102390,715
2022-01-12,San Joaquin,077,732212,134069,7594,141663,2021
2022-01-12,San Luis Obispo,079,281455,41119,2434,43553,382
2022-01-12,San Mateo,081,765935,94357,3801,98158,616
2022-01-12,Santa Barbara,083,443738,66285,2890,69175,592
2022-01-12,Santa Clara,085,1922200,238553,7017,245570,2028
2022-01-12,Santa Cruz,087,273765,31626,1580,33206,237
2022-01-12,Shasta,089,179085,25411,4380,29791,464
2022-01-12,Sierra,091,2930,247,28,275,3
2022-01-12,Siskiyou,093,43540,3786,1762,5548,65
2022-01-12,Solano,095,438530,63000,3396,66396,405
2022-01-12,Sonoma,097,501317,63070,1549,64619,438
2022-01-12,Stanislaus,099,539301,97043,12080,109123,1473
2022-01-12,Sutter,101,95872,16994,781,17775,202
2022-01-12,Tehama,103,63373,10015,1925,11940,170
2022-01-12,Trinity,105,12862,984,238,1222,19
2022-01-12,Tulare,107,460477,83210,19918,103128,1338
2022-01-12,Tuolumne,109,53932,9601,200,9801,157
2022-01-12,Ventura,111,848112,144908,7912,152820,1265
2022-01-12,Yolo,113,214977,29434,1917,31351,305
2022-01-12,Yuba,115,75493,12824,624,13448,104
2022-01-11,Alameda,001,1643700,189468,8031,197499,1574
2022-01-11,Alpine,002,1148,115,0,115,0
2022-01-11,Amador,005,37829,6676,151,6827,72
2022-01-11,Butte,007,227075,26376,5079,31455,364
2022-01-11,Calaveras,009,45235,5560,113,5673,95
2022-01-11,Colusa,011,21464,2872,832,3704,21
2022-01-11,Contra Costa,013,1133247,146881,7133,154014,1108
2022-01-11,Del Norte,015,27424,4139,81,4220,42
2022-01-11,El Dorado,017,186661,21952,2326,24278,189
2022-01-11,Fresno,019,978130,175771,16522,192293,2468
2022-01-11,Glenn,021,27897,4049,1232,5281,43
2022-01-11,Humboldt,023,135768,13125,1485,14610,128
2022-01-11,Imperial,025,180216,44227,6432,50659,852
2022-01-11,Inyo,027,18085,3490,96,3586,52
2022-01-11,Kern,029,883053,157757,32553,190310,2088
2022-01-11,Kings,031,150075,38867,2392,41259,394
2022-01-11,Lake,033,64148,7932,380,8312,120
2022-01-11,Lassen,035,31185,7418,529,7947,54
2022-01-11,Los Angeles,037,10098052,2200931,96243,2297174,27969
2022-01-11,Madera,039,155013,28410,3116,31526,340
2022-01-11,Marin,041,260295,18171,1398,19569,204
2022-01-11,Mariposa,043,17540,1878,75,1953,22
2022-01-11,Mendocino,045,87422,10037,1112,11149,106
2022-01-11,Merced,047,269075,51282,3624,54906,722
2022-01-11,Modoc,049,8938,632,215,847,6
2022-01-11,Mono,051,14174,2623,85,2708,5
2022-01-11,Monterey,053,433212,60463,5922,66385,654
2022-01-11,Napa,055,140530,19549,470,20019,110
2022-01-11,Nevada,057,99092,12506,606,13112,115
2022-01-11,Orange,059,3164182,457525,32802,490327,6206
2022-01-11,Placer,061,380077,50379,5460,55839,526
2022-01-11,Plumas,063,18699,2276,100,2376,12
2022-01-11,Riverside,065,2383286,490454,22444,512898,5780
2022-01-11,Sacramento,067,1510023,221300,13169,234469,2587
2022-01-11,San Benito,069,59416,10240,300,10540,86
2022-01-11,San Bernardino,071,2135413,486306,18893,505199,6801
2022-01-11,San Diego,073,3302833,589708,37798,627506,4626
2022-01-11,San Francisco,075,870044,94515,5520,100035,714
2022-01-11,San Joaquin,077,732212,131670,7423,139093,2017
2022-01-11,San Luis Obispo,079,281455,40344,2315,42659,381
2022-01-11,San Mateo,081,765935,92060,3579,95639,613
2022-01-11,Santa Barbara,083,443738,64980,2753,67733,591
2022-01-11,Santa Clara,085,1922200,232930,6565,239495,2026
2022-01-11,Santa Cruz,087,273765,31116,1530,32646,237
2022-01-11,Shasta,089,179085,25153,4287,29440,462
2022-01-11,Sierra,091,2930,245,28,273,3
2022-01-11,Siskiyou,093,43540,3762,1712,5474,64
2022-01-11,Solano,095,438530,61596,3242,64838,405
2022-01-11,Sonoma,097,501317,61550,1469,63019,438
2022-01-11,Stanislaus,099,539301,95671,11713,107384,1471
2022-01-11,Sutter,101,95872,16796,727,17523,200
2022-01-11,Tehama,103,63373,9888,1878,11766,170
2022-01-11,Trinity,105,12862,972,236,1208,19
2022-01-11,Tulare,107,460477,81912,19516,101428,1334
2022-01-11,Tuolumne,109,53932,9441,193,9634,155
2022-01-11,Ventura,111,848112,142677,7766,150443,1262
2022-01-11,Yolo,113,214977,28863,1856,30719,305
2022-01-11,Yuba,115,75493,12649,603,13252,104
2022-01-10,Alameda,001,1643700,184404,7512,191916,1571
2022-01-10,Alpine,002,1148,115,0,115,0
2022-01-10,Amador,005,37829,6573,136,6709,71
2022-01-10,Butte,007,227075,26034,4982,31016,364
2022-01-10,Calaveras,009,45235,5462,107,5569,95
2022-01-10,Colusa,011,21464,2842,823,3665,21
2022-01-10,Contra Costa,013,1133247,143984,6611,150595,1105
2022-01-10,Del Norte,015,27424,4116,81,4197,42
2022-01-10,El Dorado,017,186661,21414,2271,23685,189
2022-01-10,Fresno,019,978130,172469,16078,188547,2464
2022-01-10,Glenn,021,27897,3990,1218,5208,43
2022-01-10,Humboldt,023,135768,12884,1352,14236,128
2022-01-10,Imperial,025,180216,43499,6214,49713,852
2022-01-10,Inyo,027,18085,3435,84,3519,52
2022-01-10,Kern,029,883053,155188,31810,186998,2083
2022-01-10,Kings,031,150075,38245,2366,40611,394
2022-01-10,Lake,033,64148,7843,357,8200,120
2022-01-10,Lassen,035,31185,7380,507,7887,54
2022-01-10,Los Angeles,037,10098052,2155342,93759,2249101,27906
2022-01-10,Madera,039,155013,27960,3014,30974,340
2022-01-10,Marin,041,260295,17680,1325,19005,204
2022-01-10,Mariposa,043,17540,1838,70,1908,22
2022-01-10,Mendocino,045,87422,9864,1025,10889,106
2022-01-10,Merced,047,269075,50401,3321,53722,719
2022-01-10,Modoc,049,8938,631,213,844,6
2022-01-10,Mono,051,14174,2557,80,2637,5
2022-01-10,Monterey,053,433212,59507,5606,65113,654
2022-01-10,Napa,055,140530,19171,457,19628,110
2022-01-10,Nevada,057,99092,12282,568,12850,114
2022-01-10,Orange,059,3164182,448804,31931,480735,6188
2022-01-10,Placer,061,380077,49536,5296,54832,524
2022-01-10,Plumas,063,18699,2241,98,2339,12
2022-01-10,Riverside,065,2383286,482187,21996,504183,5770
2022-01-10,Sacramento,067,1510023,216779,12116,228895,2574
2022-01-10,San Benito,069,59416,10068,290,10358,86
2022-01-10,San Bernardino,071,2135413,477847,18166,496013,6787
2022-01-10,San Diego,073,3302833,577016,36680,613696,4614
2022-01-10,San Francisco,075,870044,92719,5260,97979,711
2022-01-10,San Joaquin,077,732212,128974,7139,136113,2016
2022-01-10,San Luis Obispo,079,281455,39526,2220,41746,379
2022-01-10,San Mateo,081,765935,89412,3326,92738,612
2022-01-10,Santa Barbara,083,443738,63719,2564,66283,589
2022-01-10,Santa Clara,085,1922200,226867,6089,232956,2025
2022-01-10,Santa Cruz,087,273765,30274,1492,31766,237
2022-01-10,Shasta,089,179085,24956,4210,29166,462
2022-01-10,Sierra,091,2930,242,28,270,3
2022-01-10,Siskiyou,093,43540,3729,1668,5397,64
2022-01-10,Solano,095,438530,60555,3046,63601,403
2022-01-10,Sonoma,097,501317,60003,1423,61426,437
2022-01-10,Stanislaus,099,539301,94330,11362,105692,1471
2022-01-10,Sutter,101,95872,16552,681,17233,199
2022-01-10,Tehama,103,63373,9773,1823,11596,169
2022-01-10,Trinity,105,12862,968,234,1202,19
2022-01-10,Tulare,107,460477,80418,19134,99552,1332
2022-01-10,Tuolumne,109,53932,9315,181,9496,154
2022-01-10,Ventura,111,848112,140076,7617,147693,1258
2022-01-10,Yolo,113,214977,28271,1803,30074,303
2022-01-10,Yuba,115,75493,12401,569,12970,104
2022-01-09,Alameda,001,1643700,179906,6846,186752,1570
2022-01-09,Alpine,002,1148,115,0,115,0
2022-01-09,Amador,005,37829,6484,124,6608,71
2022-01-09,Butte,007,227075,25640,4862,30502,364
2022-01-09,Calaveras,009,45235,5331,98,5429,95
2022-01-09,Colusa,011,21464,2814,800,3614,21
2022-01-09,Contra Costa,013,1133247,140978,5943,146921,1103
2022-01-09,Del Norte,015,27424,4078,77,4155,42
2022-01-09,El Dorado,017,186661,21047,2206,23253,189
2022-01-09,Fresno,019,978130,169630,15660,185290,2462
2022-01-09,Glenn,021,27897,3933,1196,5129,43
2022-01-09,Humboldt,023,135768,12640,1230,13870,128
2022-01-09,Imperial,025,180216,42662,5953,48615,851
2022-01-09,Inyo,027,18085,3332,76,3408,51
2022-01-09,Kern,029,883053,152737,31071,183808,2076
2022-01-09,Kings,031,150075,37573,2332,39905,394
2022-01-09,Lake,033,64148,7732,312,8044,120
2022-01-09,Lassen,035,31185,7315,478,7793,54
2022-01-09,Los Angeles,037,10098052,2107246,90710,2197956,27867
2022-01-09,Madera,039,155013,27579,2915,30494,340
2022-01-09,Marin,041,260295,17230,1235,18465,203
2022-01-09,Mariposa,043,17540,1788,69,1857,22
2022-01-09,Mendocino,045,87422,9656,914,10570,106
2022-01-09,Merced,047,269075,49461,3033,52494,718
2022-01-09,Modoc,049,8938,629,213,842,6
2022-01-09,Mono,051,14174,2522,73,2595,5
2022-01-09,Monterey,053,433212,58444,5343,63787,653
2022-01-09,Napa,055,140530,18676,441,19117,110
2022-01-09,Nevada,057,99092,12026,507,12533,114
2022-01-09,Orange,059,3164182,438754,30967,469721,6171
2022-01-09,Placer,061,380077,48537,5146,53683,524
2022-01-09,Plumas,063,18699,2202,78,2280,12
2022-01-09,Riverside,065,2383286,473190,21454,494644,5756
2022-01-09,Sacramento,067,1510023,211979,10982,222961,2566
2022-01-09,San Benito,069,59416,9882,262,10144,85
2022-01-09,San Bernardino,071,2135413,469356,17349,486705,6770
2022-01-09,San Diego,073,3302833,563900,34843,598743,4593
2022-01-09,San Francisco,075,870044,90836,5014,95850,710
2022-01-09,San Joaquin,077,732212,125874,6972,132846,2015
2022-01-09,San Luis Obispo,079,281455,38721,2114,40835,379
2022-01-09,San Mateo,081,765935,86895,3001,89896,611
2022-01-09,Santa Barbara,083,443738,62034,2303,64337,587
2022-01-09,Santa Clara,085,1922200,220490,5552,226042,2020
2022-01-09,Santa Cruz,087,273765,29525,1460,30985,237
2022-01-09,Shasta,089,179085,24716,4123,28839,462
2022-01-09,Sierra,091,2930,239,26,265,3
2022-01-09,Siskiyou,093,43540,3700,1609,5309,64
2022-01-09,Solano,095,438530,59397,2766,62163,401
2022-01-09,Sonoma,097,501317,58327,1386,59713,436
2022-01-09,Stanislaus,099,539301,92953,11065,104018,1468
2022-01-09,Sutter,101,95872,16264,601,16865,198
2022-01-09,Tehama,103,63373,9655,1772,11427,169
2022-01-09,Trinity,105,12862,964,232,1196,19
2022-01-09,Tulare,107,460477,79007,18758,97765,1331
2022-01-09,Tuolumne,109,53932,9157,162,9319,154
2022-01-09,Ventura,111,848112,137021,7374,144395,1254
2022-01-09,Yolo,113,214977,27663,1758,29421,302
2022-01-09,Yuba,115,75493,12203,538,12741,104
2022-01-08,Alameda,001,1643700,178006,6703,184709,1568
2022-01-08,Alpine,002,1148,115,0,115,0
2022-01-08,Amador,005,37829,6453,119,6572,71
2022-01-08,Butte,007,227075,25449,4821,30270,363
2022-01-08,Calaveras,009,45235,5285,94,5379,95
2022-01-08,Colusa,011,21464,2806,797,3603,21
2022-01-08,Contra Costa,013,1133247,139409,5860,145269,1101
2022-01-08,Del Norte,015,27424,4061,77,4138,42
2022-01-08,El Dorado,017,186661,20860,2172,23032,189
2022-01-08,Fresno,019,978130,168679,15515,184194,2462
2022-01-08,Glenn,021,27897,3925,1191,5116,43
2022-01-08,Humboldt,023,135768,12516,1204,13720,126
2022-01-08,Imperial,025,180216,42474,5811,48285,851
2022-01-08,Inyo,027,18085,3318,73,3391,51
2022-01-08,Kern,029,883053,151599,30640,182239,2074
2022-01-08,Kings,031,150075,37332,2314,39646,393
2022-01-08,Lake,033,64148,7692,304,7996,119
2022-01-08,Lassen,035,31185,7285,462,7747,54
2022-01-08,Los Angeles,037,10098052,2088841,88980,2177821,27828
2022-01-08,Madera,039,155013,27412,2877,30289,340
2022-01-08,Marin,041,260295,16949,1224,18173,203
2022-01-08,Mariposa,043,17540,1778,69,1847,22
2022-01-08,Mendocino,045,87422,9582,912,10494,106
2022-01-08,Merced,047,269075,49277,3009,52286,718
2022-01-08,Modoc,049,8938,629,213,842,6
2022-01-08,Mono,051,14174,2511,68,2579,5
2022-01-08,Monterey,053,433212,58057,5251,63308,653
2022-01-08,Napa,055,140530,18521,415,18936,110
2022-01-08,Nevada,057,99092,11941,494,12435,114
2022-01-08,Orange,059,3164182,434937,30108,465045,6154
2022-01-08,Placer,061,380077,48097,5104,53201,524
2022-01-08,Plumas,063,18699,2192,73,2265,12
2022-01-08,Riverside,065,2383286,469671,21186,490857,5741
2022-01-08,Sacramento,067,1510023,210536,10824,221360,2564
2022-01-08,San Benito,069,59416,9720,259,9979,85
2022-01-08,San Bernardino,071,2135413,465863,16949,482812,6754
2022-01-08,San Diego,073,3302833,558999,34306,593305,4587
2022-01-08,San Francisco,075,870044,89637,4735,94372,707
2022-01-08,San Joaquin,077,732212,124891,6873,131764,2014
2022-01-08,San Luis Obispo,079,281455,38518,2071,40589,379
2022-01-08,San Mateo,081,765935,85509,2914,88423,610
2022-01-08,Santa Barbara,083,443738,61339,2269,63608,586
2022-01-08,Santa Clara,085,1922200,217225,5317,222542,2017
2022-01-08,Santa Cruz,087,273765,29097,1440,30537,237
2022-01-08,Shasta,089,179085,24624,4092,28716,461
2022-01-08,Sierra,091,2930,235,25,260,3
2022-01-08,Siskiyou,093,43540,3688,1595,5283,64
2022-01-08,Solano,095,438530,58988,2694,61682,401
2022-01-08,Sonoma,097,501317,57804,1352,59156,433
2022-01-08,Stanislaus,099,539301,92312,10942,103254,1467
2022-01-08,Sutter,101,95872,16145,588,16733,198
2022-01-08,Tehama,103,63373,9624,1764,11388,169
2022-01-08,Trinity,105,12862,958,232,1190,19
2022-01-08,Tulare,107,460477,78606,18624,97230,1330
2022-01-08,Tuolumne,109,53932,9051,159,9210,153
2022-01-08,Ventura,111,848112,135851,7240,143091,1249
2022-01-08,Yolo,113,214977,27371,1730,29101,302
2022-01-08,Yuba,115,75493,12114,535,12649,104
2022-01-07,Alameda,001,1643700,175316,6587,181903,1567
2022-01-07,Alpine,002,1148,115,0,115,0
2022-01-07,Amador,005,37829,6404,116,6520,71
2022-01-07,Butte,007,227075,25241,4788,30029,362
2022-01-07,Calaveras,009,45235,5246,94,5340,95
2022-01-07,Colusa,011,21464,2797,786,3583,21
2022-01-07,Contra Costa,013,1133247,137456,5736,143192,1099
2022-01-07,Del Norte,015,27424,4045,76,4121,42
2022-01-07,El Dorado,017,186661,20675,2159,22834,189
2022-01-07,Fresno,019,978130,167189,15408,182597,2461
2022-01-07,Glenn,021,27897,3905,1188,5093,43
2022-01-07,Humboldt,023,135768,12371,1177,13548,125
2022-01-07,Imperial,025,180216,42316,5728,48044,850
2022-01-07,Inyo,027,18085,3299,71,3370,51
2022-01-07,Kern,029,883053,150626,30196,180822,2069
2022-01-07,Kings,031,150075,37153,2299,39452,393
2022-01-07,Lake,033,64148,7644,280,7924,118
2022-01-07,Lassen,035,31185,7268,459,7727,54
2022-01-07,Los Angeles,037,10098052,2057644,87528,2145172,27780
2022-01-07,Madera,039,155013,27229,2840,30069,340
2022-01-07,Marin,041,260295,16569,1208,17777,203
2022-01-07,Mariposa,043,17540,1762,69,1831,22
2022-01-07,Mendocino,045,87422,9489,911,10400,105
2022-01-07,Merced,047,269075,49097,2985,52082,718
2022-01-07,Modoc,049,8938,628,213,841,6
2022-01-07,Mono,051,14174,2473,62,2535,5
2022-01-07,Monterey,053,433212,57636,5154,62790,651
2022-01-07,Napa,055,140530,18294,396,18690,110
2022-01-07,Nevada,057,99092,11810,473,12283,113
2022-01-07,Orange,059,3164182,430118,29488,459606,6142
2022-01-07,Placer,061,380077,47596,5055,52651,521
2022-01-07,Plumas,063,18699,2183,72,2255,12
2022-01-07,Riverside,065,2383286,465844,20957,486801,5733
2022-01-07,Sacramento,067,1510023,208262,10669,218931,2561
2022-01-07,San Benito,069,59416,9674,258,9932,85
2022-01-07,San Bernardino,071,2135413,461743,16721,478464,6731
2022-01-07,San Diego,073,3302833,551893,33765,585658,4578
2022-01-07,San Francisco,075,870044,88191,4482,92673,705
2022-01-07,San Joaquin,077,732212,123932,6812,130744,2007
2022-01-07,San Luis Obispo,079,281455,38302,2016,40318,379
2022-01-07,San Mateo,081,765935,84042,2855,86897,610
2022-01-07,Santa Barbara,083,443738,60644,2248,62892,585
2022-01-07,Santa Clara,085,1922200,213751,5202,218953,2010
2022-01-07,Santa Cruz,087,273765,28618,1424,30042,236
2022-01-07,Shasta,089,179085,24525,4058,28583,460
2022-01-07,Sierra,091,2930,232,25,257,3
2022-01-07,Siskiyou,093,43540,3677,1583,5260,64
2022-01-07,Solano,095,438530,58303,2649,60952,401
2022-01-07,Sonoma,097,501317,57202,1267,58469,432
2022-01-07,Stanislaus,099,539301,91784,10841,102625,1466
2022-01-07,Sutter,101,95872,15995,575,16570,198
2022-01-07,Tehama,103,63373,9588,1750,11338,169
2022-01-07,Trinity,105,12862,951,231,1182,19
2022-01-07,Tulare,107,460477,78178,18482,96660,1329
2022-01-07,Tuolumne,109,53932,8963,155,9118,153
2022-01-07,Ventura,111,848112,134225,7104,141329,1245
2022-01-07,Yolo,113,214977,26999,1711,28710,301
2022-01-07,Yuba,115,75493,12008,530,12538,104
2022-01-06,Alameda,001,1643700,170068,6173,176241,1563
2022-01-06,Alpine,002,1148,114,0,114,0
2022-01-06,Amador,005,37829,6354,111,6465,71
2022-01-06,Butte,007,227075,24948,4705,29653,362
2022-01-06,Calaveras,009,45235,5129,92,5221,95
2022-01-06,Colusa,011,21464,2778,778,3556,21
2022-01-06,Contra Costa,013,1133247,134327,5316,139643,1097
2022-01-06,Del Norte,015,27424,4011,74,4085,42
2022-01-06,El Dorado,017,186661,20335,2124,22459,188
2022-01-06,Fresno,019,978130,164847,15133,179980,2460
2022-01-06,Glenn,021,27897,3878,1162,5040,43
2022-01-06,Humboldt,023,135768,12143,1136,13279,124
2022-01-06,Imperial,025,180216,41732,5527,47259,847
2022-01-06,Inyo,027,18085,3261,71,3332,51
2022-01-06,Kern,029,883053,148957,29532,178489,2064
2022-01-06,Kings,031,150075,36827,2273,39100,393
2022-01-06,Lake,033,64148,7571,269,7840,118
2022-01-06,Lassen,035,31185,7245,453,7698,54
2022-01-06,Los Angeles,037,10098052,2003451,85182,2088633,27744
2022-01-06,Madera,039,155013,26924,2782,29706,340
2022-01-06,Marin,041,260295,16167,1175,17342,202
2022-01-06,Mariposa,043,17540,1743,69,1812,22
2022-01-06,Mendocino,045,87422,9393,872,10265,104
2022-01-06,Merced,047,269075,48496,2831,51327,716
2022-01-06,Modoc,049,8938,627,213,840,6
2022-01-06,Mono,051,14174,2450,59,2509,5
2022-01-06,Monterey,053,433212,56910,4907,61817,651
2022-01-06,Napa,055,140530,17898,387,18285,110
2022-01-06,Nevada,057,99092,11611,461,12072,113
2022-01-06,Orange,059,3164182,420637,28733,449370,6133
2022-01-06,Placer,061,380077,46852,4970,51822,521
2022-01-06,Plumas,063,18699,2165,64,2229,12
2022-01-06,Riverside,065,2383286,458368,20669,479037,5720
2022-01-06,Sacramento,067,1510023,204205,9903,214108,2554
2022-01-06,San Benito,069,59416,9572,251,9823,85
2022-01-06,San Bernardino,071,2135413,454068,16233,470301,6714
2022-01-06,San Diego,073,3302833,540270,32781,573051,4569
2022-01-06,San Francisco,075,870044,85857,4226,90083,704
2022-01-06,San Joaquin,077,732212,121743,6729,128472,2007
2022-01-06,San Luis Obispo,079,281455,37603,1946,39549,378
2022-01-06,San Mateo,081,765935,81616,2674,84290,610
2022-01-06,Santa Barbara,083,443738,59478,2189,61667,585
2022-01-06,Santa Clara,085,1922200,208681,4810,213491,2006
2022-01-06,Santa Cruz,087,273765,28056,1400,29456,235
2022-01-06,Shasta,089,179085,24377,4008,28385,460
2022-01-06,Sierra,091,2930,229,25,254,3
2022-01-06,Siskiyou,093,43540,3661,1537,5198,64
2022-01-06,Solano,095,438530,57288,2464,59752,401
2022-01-06,Sonoma,097,501317,55809,1234,57043,431
2022-01-06,Stanislaus,099,539301,90634,10671,101305,1465
2022-01-06,Sutter,101,95872,15818,547,16365,198
2022-01-06,Tehama,103,63373,9509,1723,11232,169
2022-01-06,Trinity,105,12862,944,230,1174,19
2022-01-06,Tulare,107,460477,77469,18314,95783,1328
2022-01-06,Tuolumne,109,53932,8851,149,9000,153
2022-01-06,Ventura,111,848112,131541,6944,138485,1239
2022-01-06,Yolo,113,214977,26448,1666,28114,299
2022-01-06,Yuba,115,75493,11873,513,12386,104
2022-01-05,Alameda,001,1643700,164960,5749,170709,1559
2022-01-05,Alpine,002,1148,114,0,114,0
2022-01-05,Amador,005,37829,6311,108,6419,71
2022-01-05,Butte,007,227075,24633,4645,29278,362
2022-01-05,Calaveras,009,45235,5074,90,5164,95
2022-01-05,Colusa,011,21464,2764,767,3531,21
2022-01-05,Contra Costa,013,1133247,131050,4862,135912,1094
2022-01-05,Del Norte,015,27424,3991,72,4063,42
2022-01-05,El Dorado,017,186661,19940,2094,22034,187
2022-01-05,Fresno,019,978130,162621,14831,177452,2458
2022-01-05,Glenn,021,27897,3829,1152,4981,43
2022-01-05,Humboldt,023,135768,11940,1088,13028,124
2022-01-05,Imperial,025,180216,41107,5375,46482,847
2022-01-05,Inyo,027,18085,3180,67,3247,51
2022-01-05,Kern,029,883053,147172,28962,176134,2061
2022-01-05,Kings,031,150075,36488,2254,38742,393
2022-01-05,Lake,033,64148,7488,252,7740,117
2022-01-05,Lassen,035,31185,7225,445,7670,54
2022-01-05,Los Angeles,037,10098052,1947100,82806,2029906,27706
2022-01-05,Madera,039,155013,26687,2692,29379,340
2022-01-05,Marin,041,260295,15816,1127,16943,201
2022-01-05,Mariposa,043,17540,1717,68,1785,22
2022-01-05,Mendocino,045,87422,9262,837,10099,104
2022-01-05,Merced,047,269075,47792,2691,50483,714
2022-01-05,Modoc,049,8938,624,213,837,6
2022-01-05,Mono,051,14174,2431,55,2486,5
2022-01-05,Monterey,053,433212,56086,4709,60795,651
2022-01-05,Napa,055,140530,17533,357,17890,110
2022-01-05,Nevada,057,99092,11414,444,11858,113
2022-01-05,Orange,059,3164182,410551,27653,438204,6119
2022-01-05,Placer,061,380077,45963,4877,50840,520
2022-01-05,Plumas,063,18699,2145,62,2207,12
2022-01-05,Riverside,065,2383286,450930,20318,471248,5709
2022-01-05,Sacramento,067,1510023,199421,8939,208360,2547
2022-01-05,San Benito,069,59416,9377,238,9615,85
2022-01-05,San Bernardino,071,2135413,445311,15674,460985,6703
2022-01-05,San Diego,073,3302833,526698,31816,558514,4561
2022-01-05,San Francisco,075,870044,83279,4089,87368,702
2022-01-05,San Joaquin,077,732212,119201,6650,125851,2005
2022-01-05,San Luis Obispo,079,281455,36806,1869,38675,378
2022-01-05,San Mateo,081,765935,79425,2475,81900,609
2022-01-05,Santa Barbara,083,443738,58171,2110,60281,581
2022-01-05,Santa Clara,085,1922200,202710,4396,207106,2003
2022-01-05,Santa Cruz,087,273765,27301,1379,28680,235
2022-01-05,Shasta,089,179085,24221,3979,28200,457
2022-01-05,Sierra,091,2930,226,23,249,3
2022-01-05,Siskiyou,093,43540,3651,1508,5159,64
2022-01-05,Solano,095,438530,56242,2329,58571,399
2022-01-05,Sonoma,097,501317,54539,1077,55616,431
2022-01-05,Stanislaus,099,539301,89637,10499,100136,1461
2022-01-05,Sutter,101,95872,15617,508,16125,198
2022-01-05,Tehama,103,63373,9412,1692,11104,168
2022-01-05,Trinity,105,12862,940,228,1168,19
2022-01-05,Tulare,107,460477,76686,18141,94827,1325
2022-01-05,Tuolumne,109,53932,8758,142,8900,153
2022-01-05,Ventura,111,848112,128791,6736,135527,1237
2022-01-05,Yolo,113,214977,25843,1627,27470,299
2022-01-05,Yuba,115,75493,11691,487,12178,104
2022-01-04,Alameda,001,1643700,159334,5343,164677,1558
2022-01-04,Alpine,002,1148,114,0,114,0
2022-01-04,Amador,005,37829,6246,102,6348,71
2022-01-04,Butte,007,227075,24336,4573,28909,362
2022-01-04,Calaveras,009,45235,5000,87,5087,95
2022-01-04,Colusa,011,21464,2747,761,3508,21
2022-01-04,Contra Costa,013,1133247,127695,4493,132188,1093
2022-01-04,Del Norte,015,27424,3959,69,4028,42
2022-01-04,El Dorado,017,186661,19587,2073,21660,185
2022-01-04,Fresno,019,978130,160246,14564,174810,2456
2022-01-04,Glenn,021,27897,3800,1137,4937,43
2022-01-04,Humboldt,023,135768,11693,1038,12731,124
2022-01-04,Imperial,025,180216,40507,5114,45621,845
2022-01-04,Inyo,027,18085,3097,66,3163,51
2022-01-04,Kern,029,883053,145240,28380,173620,2058
2022-01-04,Kings,031,150075,36167,2237,38404,393
2022-01-04,Lake,033,64148,7447,243,7690,117
2022-01-04,Lassen,035,31185,7202,441,7643,54
2022-01-04,Los Angeles,037,10098052,1887108,80449,1967557,27664
2022-01-04,Madera,039,155013,26341,2620,28961,339
2022-01-04,Marin,041,260295,15334,1068,16402,201
2022-01-04,Mariposa,043,17540,1681,67,1748,22
2022-01-04,Mendocino,045,87422,9139,813,9952,104
2022-01-04,Merced,047,269075,47130,2558,49688,711
2022-01-04,Modoc,049,8938,621,213,834,6
2022-01-04,Mono,051,14174,2382,45,2427,4
2022-01-04,Monterey,053,433212,55355,4484,59839,651
2022-01-04,Napa,055,140530,17027,327,17354,109
2022-01-04,Nevada,057,99092,11254,431,11685,113
2022-01-04,Orange,059,3164182,399753,26484,426237,6103
2022-01-04,Placer,061,380077,45143,4764,49907,518
2022-01-04,Plumas,063,18699,2119,60,2179,12
2022-01-04,Riverside,065,2383286,442408,19970,462378,5697
2022-01-04,Sacramento,067,1510023,194425,8183,202608,2542
2022-01-04,San Benito,069,59416,9191,230,9421,85
2022-01-04,San Bernardino,071,2135413,436143,15135,451278,6684
2022-01-04,San Diego,073,3302833,510369,30866,541235,4553
2022-01-04,San Francisco,075,870044,80426,3946,84372,700
2022-01-04,San Joaquin,077,732212,116780,6497,123277,2002
2022-01-04,San Luis Obispo,079,281455,35999,1782,37781,377
2022-01-04,San Mateo,081,765935,77106,2287,79393,607
2022-01-04,Santa Barbara,083,443738,56646,2033,58679,581
2022-01-04,Santa Clara,085,1922200,196467,3932,200399,2000
2022-01-04,Santa Cruz,087,273765,26540,1344,27884,235
2022-01-04,Shasta,089,179085,24075,3925,28000,455
2022-01-04,Sierra,091,2930,225,22,247,3
2022-01-04,Siskiyou,093,43540,3636,1489,5125,64
2022-01-04,Solano,095,438530,54932,2133,57065,397
2022-01-04,Sonoma,097,501317,52829,957,53786,431
2022-01-04,Stanislaus,099,539301,88574,10329,98903,1460
2022-01-04,Sutter,101,95872,15464,484,15948,197
2022-01-04,Tehama,103,63373,9334,1670,11004,168
2022-01-04,Trinity,105,12862,935,224,1159,19
2022-01-04,Tulare,107,460477,75899,17940,93839,1323
2022-01-04,Tuolumne,109,53932,8646,137,8783,153
2022-01-04,Ventura,111,848112,125731,6506,132237,1236
2022-01-04,Yolo,113,214977,25196,1582,26778,299
2022-01-04,Yuba,115,75493,11512,471,11983,104
2022-01-03,Alameda,001,1643700,153197,4909,158106,1557
2022-01-03,Alpine,002,1148,113,0,113,0
2022-01-03,Amador,005,37829,6183,97,6280,71
2022-01-03,Butte,007,227075,24034,4516,28550,362
2022-01-03,Calaveras,009,45235,4940,81,5021,94
2022-01-03,Colusa,011,21464,2737,754,3491,21
2022-01-03,Contra Costa,013,1133247,124246,3904,128150,1093
2022-01-03,Del Norte,015,27424,3939,65,4004,42
2022-01-03,El Dorado,017,186661,19200,2042,21242,183
2022-01-03,Fresno,019,978130,158046,14347,172393,2450
2022-01-03,Glenn,021,27897,3771,1102,4873,43
2022-01-03,Humboldt,023,135768,11483,990,12473,123
2022-01-03,Imperial,025,180216,39875,4938,44813,841
2022-01-03,Inyo,027,18085,3027,62,3089,50
2022-01-03,Kern,029,883053,143243,27783,171026,2057
2022-01-03,Kings,031,150075,35841,2208,38049,393
2022-01-03,Lake,033,64148,7346,225,7571,117
2022-01-03,Lassen,035,31185,7184,438,7622,54
2022-01-03,Los Angeles,037,10098052,1826229,77705,1903934,27636
2022-01-03,Madera,039,155013,26047,2575,28622,339
2022-01-03,Marin,041,260295,14739,1030,15769,201
2022-01-03,Mariposa,043,17540,1639,67,1706,21
2022-01-03,Mendocino,045,87422,8990,763,9753,104
2022-01-03,Merced,047,269075,46478,2444,48922,709
2022-01-03,Modoc,049,8938,618,213,831,6
2022-01-03,Mono,051,14174,2304,40,2344,4
2022-01-03,Monterey,053,433212,54528,4277,58805,649
2022-01-03,Napa,055,140530,16513,295,16808,109
2022-01-03,Nevada,057,99092,11089,422,11511,112
2022-01-03,Orange,059,3164182,388545,25250,413795,6088
2022-01-03,Placer,061,380077,44334,4705,49039,518
2022-01-03,Plumas,063,18699,2100,60,2160,12
2022-01-03,Riverside,065,2383286,433937,19477,453414,5687
2022-01-03,Sacramento,067,1510023,189249,7599,196848,2537
2022-01-03,San Benito,069,59416,9029,223,9252,85
2022-01-03,San Bernardino,071,2135413,427227,14666,441893,6674
2022-01-03,San Diego,073,3302833,494280,29922,524202,4548
2022-01-03,San Francisco,075,870044,77614,3696,81310,699
2022-01-03,San Joaquin,077,732212,114463,6372,120835,2001
2022-01-03,San Luis Obispo,079,281455,35189,1689,36878,377
2022-01-03,San Mateo,081,765935,74388,2130,76518,607
2022-01-03,Santa Barbara,083,443738,55182,1939,57121,580
2022-01-03,Santa Clara,085,1922200,190364,3458,193822,1998
2022-01-03,Santa Cruz,087,273765,25732,1312,27044,235
2022-01-03,Shasta,089,179085,23896,3898,27794,455
2022-01-03,Sierra,091,2930,218,21,239,3
2022-01-03,Siskiyou,093,43540,3609,1467,5076,63
2022-01-03,Solano,095,438530,53629,1947,55576,397
2022-01-03,Sonoma,097,501317,51132,861,51993,428
2022-01-03,Stanislaus,099,539301,87576,10138,97714,1458
2022-01-03,Sutter,101,95872,15306,464,15770,197
2022-01-03,Tehama,103,63373,9260,1644,10904,168
2022-01-03,Trinity,105,12862,930,223,1153,19
2022-01-03,Tulare,107,460477,75202,17736,92938,1323
2022-01-03,Tuolumne,109,53932,8509,133,8642,153
2022-01-03,Ventura,111,848112,122564,6267,128831,1235
2022-01-03,Yolo,113,214977,24515,1518,26033,299
2022-01-03,Yuba,115,75493,11380,452,11832,104
2022-01-02,Alameda,001,1643700,148627,4419,153046,1557
2022-01-02,Alpine,002,1148,111,0,111,0
2022-01-02,Amador,005,37829,6113,92,6205,71
2022-01-02,Butte,007,227075,23689,4452,28141,362
2022-01-02,Calaveras,009,45235,4869,73,4942,94
2022-01-02,Colusa,011,21464,2730,743,3473,21
2022-01-02,Contra Costa,013,1133247,120659,3465,124124,1091
2022-01-02,Del Norte,015,27424,3907,63,3970,42
2022-01-02,El Dorado,017,186661,18862,1991,20853,183
2022-01-02,Fresno,019,978130,156194,14110,170304,2447
2022-01-02,Glenn,021,27897,3750,1093,4843,42
2022-01-02,Humboldt,023,135768,11241,914,12155,122
2022-01-02,Imperial,025,180216,39221,4729,43950,839
2022-01-02,Inyo,027,18085,2957,51,3008,50
2022-01-02,Kern,029,883053,141324,27183,168507,2053
2022-01-02,Kings,031,150075,35516,2173,37689,393
2022-01-02,Lake,033,64148,7277,212,7489,117
2022-01-02,Lassen,035,31185,7168,436,7604,54
2022-01-02,Los Angeles,037,10098052,1774999,74814,1849813,27600
2022-01-02,Madera,039,155013,25794,2521,28315,338
2022-01-02,Marin,041,260295,14173,957,15130,201
2022-01-02,Mariposa,043,17540,1608,65,1673,21
2022-01-02,Mendocino,045,87422,8866,745,9611,103
2022-01-02,Merced,047,269075,45889,2339,48228,707
2022-01-02,Modoc,049,8938,616,212,828,6
2022-01-02,Mono,051,14174,2275,35,2310,4
2022-01-02,Monterey,053,433212,53900,4065,57965,649
2022-01-02,Napa,055,140530,15972,284,16256,109
2022-01-02,Nevada,057,99092,10900,407,11307,112
2022-01-02,Orange,059,3164182,377464,24088,401552,6083
2022-01-02,Placer,061,380077,43603,4616,48219,516
2022-01-02,Plumas,063,18699,2083,56,2139,12
2022-01-02,Riverside,065,2383286,425587,18961,444548,5679
2022-01-02,Sacramento,067,1510023,185159,6763,191922,2531
2022-01-02,San Benito,069,59416,8848,208,9056,85
2022-01-02,San Bernardino,071,2135413,419091,14109,433200,6661
2022-01-02,San Diego,073,3302833,479247,28765,508012,4542
2022-01-02,San Francisco,075,870044,74659,3455,78114,698
2022-01-02,San Joaquin,077,732212,112576,6231,118807,1997
2022-01-02,San Luis Obispo,079,281455,34453,1606,36059,377
2022-01-02,San Mateo,081,765935,71815,1890,73705,607
2022-01-02,Santa Barbara,083,443738,53743,1878,55621,580
2022-01-02,Santa Clara,085,1922200,184133,3058,187191,1994
2022-01-02,Santa Cruz,087,273765,25064,1279,26343,234
2022-01-02,Shasta,089,179085,23702,3849,27551,454
2022-01-02,Sierra,091,2930,217,21,238,3
2022-01-02,Siskiyou,093,43540,3585,1444,5029,63
2022-01-02,Solano,095,438530,52686,1783,54469,396
2022-01-02,Sonoma,097,501317,49816,824,50640,427
2022-01-02,Stanislaus,099,539301,86718,10001,96719,1455
2022-01-02,Sutter,101,95872,15133,445,15578,197
2022-01-02,Tehama,103,63373,9195,1621,10816,168
2022-01-02,Trinity,105,12862,928,222,1150,19
2022-01-02,Tulare,107,460477,74538,17541,92079,1323
2022-01-02,Tuolumne,109,53932,8403,128,8531,151
2022-01-02,Ventura,111,848112,119641,6046,125687,1232
2022-01-02,Yolo,113,214977,23835,1451,25286,299
2022-01-02,Yuba,115,75493,11256,436,11692,104
2022-01-01,Alameda,001,1643700,146742,4162,150904,1555
2022-01-01,Alpine,002,1148,111,0,111,0
2022-01-01,Amador,005,37829,6077,87,6164,71
2022-01-01,Butte,007,227075,23494,4414,27908,362
2022-01-01,Calaveras,009,45235,4830,71,4901,94
2022-01-01,Colusa,011,21464,2726,732,3458,21
2022-01-01,Contra Costa,013,1133247,119285,3339,122624,1091
2022-01-01,Del Norte,015,27424,3902,63,3965,42
2022-01-01,El Dorado,017,186661,18711,1976,20687,182
2022-01-01,Fresno,019,978130,155492,14026,169518,2445
2022-01-01,Glenn,021,27897,3743,1093,4836,42
2022-01-01,Humboldt,023,135768,11102,893,11995,122
2022-01-01,Imperial,025,180216,39071,4680,43751,838
2022-01-01,Inyo,027,18085,2928,49,2977,50
2022-01-01,Kern,029,883053,140625,26877,167502,2050
2022-01-01,Kings,031,150075,35373,2146,37519,392
2022-01-01,Lake,033,64148,7239,207,7446,117
2022-01-01,Lassen,035,31185,7162,431,7593,54
2022-01-01,Los Angeles,037,10098052,1754839,72866,1827705,27582
2022-01-01,Madera,039,155013,25711,2506,28217,337
2022-01-01,Marin,041,260295,13860,916,14776,201
2022-01-01,Mariposa,043,17540,1597,65,1662,21
2022-01-01,Mendocino,045,87422,8774,739,9513,103
2022-01-01,Merced,047,269075,45750,2324,48074,706
2022-01-01,Modoc,049,8938,613,212,825,6
2022-01-01,Mono,051,14174,2251,30,2281,4
2022-01-01,Monterey,053,433212,53589,3978,57567,649
2022-01-01,Napa,055,140530,15820,269,16089,109
2022-01-01,Nevada,057,99092,10823,400,11223,112
2022-01-01,Orange,059,3164182,373202,23378,396580,6077
2022-01-01,Placer,061,380077,43299,4549,47848,514
2022-01-01,Plumas,063,18699,2071,56,2127,12
2022-01-01,Riverside,065,2383286,422077,18759,440836,5670
2022-01-01,Sacramento,067,1510023,183882,6502,190384,2528
2022-01-01,San Benito,069,59416,8756,208,8964,85
2022-01-01,San Bernardino,071,2135413,415820,13829,429649,6648
2022-01-01,San Diego,073,3302833,473299,28251,501550,4536
2022-01-01,San Francisco,075,870044,73254,3247,76501,698
2022-01-01,San Joaquin,077,732212,111867,6158,118025,1995
2022-01-01,San Luis Obispo,079,281455,34249,1597,35846,376
2022-01-01,San Mateo,081,765935,70349,1741,72090,605
2022-01-01,Santa Barbara,083,443738,53001,1842,54843,579
2022-01-01,Santa Clara,085,1922200,181060,2862,183922,1994
2022-01-01,Santa Cruz,087,273765,24742,1261,26003,233
2022-01-01,Shasta,089,179085,23616,3831,27447,454
2022-01-01,Sierra,091,2930,216,21,237,3
2022-01-01,Siskiyou,093,43540,3582,1434,5016,63
2022-01-01,Solano,095,438530,52417,1724,54141,396
2022-01-01,Sonoma,097,501317,49422,794,50216,425
2022-01-01,Stanislaus,099,539301,86312,9914,96226,1453
2022-01-01,Sutter,101,95872,15056,443,15499,197
2022-01-01,Tehama,103,63373,9162,1609,10771,168
2022-01-01,Trinity,105,12862,925,222,1147,19
2022-01-01,Tulare,107,460477,74292,17442,91734,1322
2022-01-01,Tuolumne,109,53932,8343,125,8468,151
2022-01-01,Ventura,111,848112,118253,5916,124169,1229
2022-01-01,Yolo,113,214977,23413,1411,24824,298
2022-01-01,Yuba,115,75493,11189,430,11619,104
2021-12-31,Alameda,001,1643700,145920,4062,149982,1554
2021-12-31,Alpine,002,1148,111,0,111,0
2021-12-31,Amador,005,37829,6053,86,6139,71
2021-12-31,Butte,007,227075,23386,4377,27763,362
2021-12-31,Calaveras,009,45235,4797,71,4868,93
2021-12-31,Colusa,011,21464,2717,726,3443,21
2021-12-31,Contra Costa,013,1133247,118390,3259,121649,1088
2021-12-31,Del Norte,015,27424,3893,61,3954,42
2021-12-31,El Dorado,017,186661,18620,1959,20579,182
2021-12-31,Fresno,019,978130,155174,14003,169177,2444
2021-12-31,Glenn,021,27897,3742,1091,4833,42
2021-12-31,Humboldt,023,135768,11014,874,11888,122
2021-12-31,Imperial,025,180216,38939,4664,43603,836
2021-12-31,Inyo,027,18085,2901,48,2949,50
2021-12-31,Kern,029,883053,140117,26740,166857,2048
2021-12-31,Kings,031,150075,35261,2136,37397,392
2021-12-31,Lake,033,64148,7215,202,7417,117
2021-12-31,Lassen,035,31185,7148,431,7579,54
2021-12-31,Los Angeles,037,10098052,1744050,72116,1816166,27559
2021-12-31,Madera,039,155013,25642,2489,28131,336
2021-12-31,Marin,041,260295,13703,885,14588,201
2021-12-31,Mariposa,043,17540,1590,64,1654,21
2021-12-31,Mendocino,045,87422,8741,736,9477,103
2021-12-31,Merced,047,269075,45666,2305,47971,705
2021-12-31,Modoc,049,8938,609,210,819,6
2021-12-31,Mono,051,14174,2239,29,2268,4
2021-12-31,Monterey,053,433212,53461,3912,57373,648
2021-12-31,Napa,055,140530,15708,259,15967,108
2021-12-31,Nevada,057,99092,10756,394,11150,111
2021-12-31,Orange,059,3164182,370681,22952,393633,6070
2021-12-31,Placer,061,380077,43048,4476,47524,512
2021-12-31,Plumas,063,18699,2066,56,2122,12
2021-12-31,Riverside,065,2383286,420385,18604,438989,5667
2021-12-31,Sacramento,067,1510023,183013,6393,189406,2526
2021-12-31,San Benito,069,59416,8742,207,8949,85
2021-12-31,San Bernardino,071,2135413,413475,13638,427113,6630
2021-12-31,San Diego,073,3302833,470074,27941,498015,4530
2021-12-31,San Francisco,075,870044,72327,3190,75517,695
2021-12-31,San Joaquin,077,732212,111237,6092,117329,1991
2021-12-31,San Luis Obispo,079,281455,34141,1585,35726,375
2021-12-31,San Mateo,081,765935,69468,1689,71157,603
2021-12-31,Santa Barbara,083,443738,52602,1830,54432,577
2021-12-31,Santa Clara,085,1922200,179075,2722,181797,1993
2021-12-31,Santa Cruz,087,273765,24503,1240,25743,231
2021-12-31,Shasta,089,179085,23554,3810,27364,453
2021-12-31,Sierra,091,2930,216,21,237,3
2021-12-31,Siskiyou,093,43540,3575,1423,4998,63
2021-12-31,Solano,095,438530,52259,1698,53957,395
2021-12-31,Sonoma,097,501317,49165,781,49946,424
2021-12-31,Stanislaus,099,539301,85986,9853,95839,1451
2021-12-31,Sutter,101,95872,14995,437,15432,197
2021-12-31,Tehama,103,63373,9130,1600,10730,168
2021-12-31,Trinity,105,12862,924,222,1146,19
2021-12-31,Tulare,107,460477,74088,17357,91445,1321
2021-12-31,Tuolumne,109,53932,8298,124,8422,151
2021-12-31,Ventura,111,848112,117279,5834,123113,1229
2021-12-31,Yolo,113,214977,23192,1389,24581,298
2021-12-31,Yuba,115,75493,11132,424,11556,104
2021-12-30,Alameda,001,1643700,144618,3926,148544,1553
2021-12-30,Alpine,002,1148,110,0,110,0
2021-12-30,Amador,005,37829,6034,85,6119,71
2021-12-30,Butte,007,227075,23254,4351,27605,362
2021-12-30,Calaveras,009,45235,4778,71,4849,93
2021-12-30,Colusa,011,21464,2716,724,3440,21
2021-12-30,Contra Costa,013,1133247,117292,3147,120439,1085
2021-12-30,Del Norte,015,27424,3882,60,3942,42
2021-12-30,El Dorado,017,186661,18516,1938,20454,182
2021-12-30,Fresno,019,978130,154634,13932,168566,2443
2021-12-30,Glenn,021,27897,3736,1088,4824,42
2021-12-30,Humboldt,023,135768,10947,862,11809,122
2021-12-30,Imperial,025,180216,38771,4554,43325,830
2021-12-30,Inyo,027,18085,2882,46,2928,50
2021-12-30,Kern,029,883053,139583,26440,166023,2048
2021-12-30,Kings,031,150075,35142,2121,37263,392
2021-12-30,Lake,033,64148,7198,196,7394,117
2021-12-30,Lassen,035,31185,7142,431,7573,54
2021-12-30,Los Angeles,037,10098052,1720729,70856,1791585,27540
2021-12-30,Madera,039,155013,25565,2469,28034,336
2021-12-30,Marin,041,260295,13529,860,14389,201
2021-12-30,Mariposa,043,17540,1584,64,1648,21
2021-12-30,Mendocino,045,87422,8724,725,9449,103
2021-12-30,Merced,047,269075,45563,2290,47853,702
2021-12-30,Modoc,049,8938,608,210,818,6
2021-12-30,Mono,051,14174,2234,28,2262,4
2021-12-30,Monterey,053,433212,53148,3851,56999,647
2021-12-30,Napa,055,140530,15564,250,15814,108
2021-12-30,Nevada,057,99092,10692,385,11077,111
2021-12-30,Orange,059,3164182,365618,22397,388015,6065
2021-12-30,Placer,061,380077,42760,4426,47186,509
2021-12-30,Plumas,063,18699,2062,55,2117,12
2021-12-30,Riverside,065,2383286,417111,18452,435563,5658
2021-12-30,Sacramento,067,1510023,181755,6244,187999,2521
2021-12-30,San Benito,069,59416,8695,205,8900,85
2021-12-30,San Bernardino,071,2135413,410849,13491,424340,6615
2021-12-30,San Diego,073,3302833,464924,27441,492365,4527
2021-12-30,San Francisco,075,870044,71239,3118,74357,695
2021-12-30,San Joaquin,077,732212,110641,6048,116689,1991
2021-12-30,San Luis Obispo,079,281455,34022,1572,35594,372
2021-12-30,San Mateo,081,765935,68427,1560,69987,603
2021-12-30,Santa Barbara,083,443738,52124,1811,53935,577
2021-12-30,Santa Clara,085,1922200,176748,2599,179347,1993
2021-12-30,Santa Cruz,087,273765,24264,1206,25470,231
2021-12-30,Shasta,089,179085,23501,3804,27305,453
2021-12-30,Sierra,091,2930,216,21,237,3
2021-12-30,Siskiyou,093,43540,3566,1421,4987,63
2021-12-30,Solano,095,438530,51911,1651,53562,395
2021-12-30,Sonoma,097,501317,48829,772,49601,422
2021-12-30,Stanislaus,099,539301,85669,9793,95462,1451
2021-12-30,Sutter,101,95872,14933,436,15369,196
2021-12-30,Tehama,103,63373,9103,1594,10697,168
2021-12-30,Trinity,105,12862,921,222,1143,19
2021-12-30,Tulare,107,460477,73897,17281,91178,1320
2021-12-30,Tuolumne,109,53932,8259,124,8383,150
2021-12-30,Ventura,111,848112,116022,5731,121753,1228
2021-12-30,Yolo,113,214977,23053,1363,24416,296
2021-12-30,Yuba,115,75493,11085,422,11507,103
2021-12-29,Alameda,001,1643700,141375,3774,145149,1553
2021-12-29,Alpine,002,1148,110,0,110,0
2021-12-29,Amador,005,37829,6011,82,6093,71
2021-12-29,Butte,007,227075,23111,4313,27424,362
2021-12-29,Calaveras,009,45235,4751,69,4820,93
2021-12-29,Colusa,011,21464,2706,719,3425,21
2021-12-29,Contra Costa,013,1133247,115194,3021,118215,1085
2021-12-29,Del Norte,015,27424,3868,58,3926,42
2021-12-29,El Dorado,017,186661,18293,1920,20213,182
2021-12-29,Fresno,019,978130,153490,13816,167306,2442
2021-12-29,Glenn,021,27897,3726,1085,4811,42
2021-12-29,Humboldt,023,135768,10837,840,11677,122
2021-12-29,Imperial,025,180216,38532,4485,43017,829
2021-12-29,Inyo,027,18085,2849,46,2895,50
2021-12-29,Kern,029,883053,138779,26056,164835,2045
2021-12-29,Kings,031,150075,35028,2115,37143,390
2021-12-29,Lake,033,64148,7166,194,7360,117
2021-12-29,Lassen,035,31185,7138,430,7568,54
2021-12-29,Los Angeles,037,10098052,1690712,69142,1759854,27524
2021-12-29,Madera,039,155013,25461,2458,27919,336
2021-12-29,Marin,041,260295,13174,839,14013,201
2021-12-29,Mariposa,043,17540,1562,64,1626,21
2021-12-29,Mendocino,045,87422,8665,721,9386,103
2021-12-29,Merced,047,269075,45346,2275,47621,701
2021-12-29,Modoc,049,8938,605,210,815,6
2021-12-29,Mono,051,14174,2210,27,2237,4
2021-12-29,Monterey,053,433212,52737,3745,56482,646
2021-12-29,Napa,055,140530,15241,232,15473,108
2021-12-29,Nevada,057,99092,10601,384,10985,111
2021-12-29,Orange,059,3164182,358110,21714,379824,6062
2021-12-29,Placer,061,380077,42269,4352,46621,505
2021-12-29,Plumas,063,18699,2050,55,2105,12
2021-12-29,Riverside,065,2383286,411688,18245,429933,5649
2021-12-29,Sacramento,067,1510023,179420,6073,185493,2517
2021-12-29,San Benito,069,59416,8552,204,8756,85
2021-12-29,San Bernardino,071,2135413,405259,13276,418535,6605
2021-12-29,San Diego,073,3302833,454088,26737,480825,4523
2021-12-29,San Francisco,075,870044,69544,3048,72592,695
2021-12-29,San Joaquin,077,732212,109457,5978,115435,1989
2021-12-29,San Luis Obispo,079,281455,33627,1523,35150,372
2021-12-29,San Mateo,081,765935,66802,1452,68254,603
2021-12-29,Santa Barbara,083,443738,51286,1786,53072,577
2021-12-29,Santa Clara,085,1922200,173544,2468,176012,1991
2021-12-29,Santa Cruz,087,273765,23987,1174,25161,231
2021-12-29,Shasta,089,179085,23427,3792,27219,453
2021-12-29,Sierra,091,2930,215,21,236,3
2021-12-29,Siskiyou,093,43540,3553,1410,4963,63
2021-12-29,Solano,095,438530,51206,1598,52804,395
2021-12-29,Sonoma,097,501317,48028,750,48778,422
2021-12-29,Stanislaus,099,539301,85181,9733,94914,1451
2021-12-29,Sutter,101,95872,14864,434,15298,195
2021-12-29,Tehama,103,63373,9078,1582,10660,167
2021-12-29,Trinity,105,12862,918,222,1140,19
2021-12-29,Tulare,107,460477,73610,17160,90770,1319
2021-12-29,Tuolumne,109,53932,8206,123,8329,150
2021-12-29,Ventura,111,848112,114084,5553,119637,1225
2021-12-29,Yolo,113,214977,22814,1332,24146,295
2021-12-29,Yuba,115,75493,11024,418,11442,103
2021-12-28,Alameda,001,1643700,138210,3621,141831,1552
2021-12-28,Alpine,002,1148,110,0,110,0
2021-12-28,Amador,005,37829,5991,81,6072,70
2021-12-28,Butte,007,227075,22966,4297,27263,362
2021-12-28,Calaveras,009,45235,4733,68,4801,93
2021-12-28,Colusa,011,21464,2700,717,3417,21
2021-12-28,Contra Costa,013,1133247,112892,2907,115799,1084
2021-12-28,Del Norte,015,27424,3862,58,3920,42
2021-12-28,El Dorado,017,186661,18069,1910,19979,180
2021-12-28,Fresno,019,978130,152402,13733,166135,2437
2021-12-28,Glenn,021,27897,3701,1081,4782,42
2021-12-28,Humboldt,023,135768,10716,816,11532,122
2021-12-28,Imperial,025,180216,38236,4385,42621,829
2021-12-28,Inyo,027,18085,2791,45,2836,50
2021-12-28,Kern,029,883053,138058,25707,163765,2043
2021-12-28,Kings,031,150075,34892,2100,36992,390
2021-12-28,Lake,033,64148,7147,189,7336,117
2021-12-28,Lassen,035,31185,7129,430,7559,54
2021-12-28,Los Angeles,037,10098052,1658419,67499,1725918,27506
2021-12-28,Madera,039,155013,25335,2438,27773,336
2021-12-28,Marin,041,260295,12762,809,13571,200
2021-12-28,Mariposa,043,17540,1551,63,1614,21
2021-12-28,Mendocino,045,87422,8604,713,9317,103
2021-12-28,Merced,047,269075,45104,2263,47367,701
2021-12-28,Modoc,049,8938,605,209,814,6
2021-12-28,Mono,051,14174,2187,25,2212,4
2021-12-28,Monterey,053,433212,52359,3672,56031,646
2021-12-28,Napa,055,140530,14923,206,15129,108
2021-12-28,Nevada,057,99092,10510,381,10891,111
2021-12-28,Orange,059,3164182,350430,20978,371408,6057
2021-12-28,Placer,061,380077,41800,4284,46084,505
2021-12-28,Plumas,063,18699,2047,55,2102,12
2021-12-28,Riverside,065,2383286,406447,18002,424449,5640
2021-12-28,Sacramento,067,1510023,177133,5943,183076,2514
2021-12-28,San Benito,069,59416,8408,202,8610,84
2021-12-28,San Bernardino,071,2135413,399349,13055,412404,6587
2021-12-28,San Diego,073,3302833,443395,26188,469583,4514
2021-12-28,San Francisco,075,870044,67922,2991,70913,695
2021-12-28,San Joaquin,077,732212,108402,5934,114336,1988
2021-12-28,San Luis Obispo,079,281455,33161,1507,34668,372
2021-12-28,San Mateo,081,765935,65289,1364,66653,603
2021-12-28,Santa Barbara,083,443738,50640,1766,52406,576
2021-12-28,Santa Clara,085,1922200,170338,2373,172711,1990
2021-12-28,Santa Cruz,087,273765,23613,1136,24749,231
2021-12-28,Shasta,089,179085,23356,3787,27143,453
2021-12-28,Sierra,091,2930,212,21,233,3
2021-12-28,Siskiyou,093,43540,3544,1405,4949,63
2021-12-28,Solano,095,438530,50292,1543,51835,395
2021-12-28,Sonoma,097,501317,47169,726,47895,422
2021-12-28,Stanislaus,099,539301,84698,9672,94370,1450
2021-12-28,Sutter,101,95872,14815,431,15246,195
2021-12-28,Tehama,103,63373,9060,1580,10640,167
2021-12-28,Trinity,105,12862,916,221,1137,19
2021-12-28,Tulare,107,460477,73330,17045,90375,1318
2021-12-28,Tuolumne,109,53932,8164,123,8287,150
2021-12-28,Ventura,111,848112,111977,5423,117400,1225
2021-12-28,Yolo,113,214977,22480,1283,23763,295
2021-12-28,Yuba,115,75493,10967,415,11382,103
2021-12-27,Alameda,001,1643700,135527,3491,139018,1552
2021-12-27,Alpine,002,1148,110,0,110,0
2021-12-27,Amador,005,37829,5963,81,6044,70
2021-12-27,Butte,007,227075,22830,4270,27100,362
2021-12-27,Calaveras,009,45235,4708,67,4775,93
2021-12-27,Colusa,011,21464,2689,711,3400,21
2021-12-27,Contra Costa,013,1133247,110725,2824,113549,1083
2021-12-27,Del Norte,015,27424,3853,57,3910,42
2021-12-27,El Dorado,017,186661,17908,1898,19806,179
2021-12-27,Fresno,019,978130,151435,13650,165085,2436
2021-12-27,Glenn,021,27897,3693,1075,4768,42
2021-12-27,Humboldt,023,135768,10602,794,11396,122
2021-12-27,Imperial,025,180216,37995,4291,42286,827
2021-12-27,Inyo,027,18085,2762,43,2805,50
2021-12-27,Kern,029,883053,137408,25404,162812,2041
2021-12-27,Kings,031,150075,34741,2087,36828,390
2021-12-27,Lake,033,64148,7124,179,7303,117
2021-12-27,Lassen,035,31185,7123,430,7553,54
2021-12-27,Los Angeles,037,10098052,1622051,65758,1687809,27487
2021-12-27,Madera,039,155013,25216,2419,27635,336
2021-12-27,Marin,041,260295,12373,782,13155,200
2021-12-27,Mariposa,043,17540,1536,63,1599,21
2021-12-27,Mendocino,045,87422,8537,708,9245,103
2021-12-27,Merced,047,269075,44872,2245,47117,700
2021-12-27,Modoc,049,8938,603,209,812,6
2021-12-27,Mono,051,14174,2124,25,2149,4
2021-12-27,Monterey,053,433212,52059,3621,55680,645
2021-12-27,Napa,055,140530,14654,197,14851,108
2021-12-27,Nevada,057,99092,10441,373,10814,111
2021-12-27,Orange,059,3164182,342923,20172,363095,6054
2021-12-27,Placer,061,380077,41421,4235,45656,503
2021-12-27,Plumas,063,18699,2045,53,2098,12
2021-12-27,Riverside,065,2383286,401867,17746,419613,5633
2021-12-27,Sacramento,067,1510023,175101,5771,180872,2512
2021-12-27,San Benito,069,59416,8290,198,8488,84
2021-12-27,San Bernardino,071,2135413,393352,12854,406206,6580
2021-12-27,San Diego,073,3302833,433188,25700,458888,4513
2021-12-27,San Francisco,075,870044,66173,2926,69099,694
2021-12-27,San Joaquin,077,732212,107482,5869,113351,1988
2021-12-27,San Luis Obispo,079,281455,32716,1486,34202,372
2021-12-27,San Mateo,081,765935,63761,1265,65026,603
2021-12-27,Santa Barbara,083,443738,49854,1746,51600,575
2021-12-27,Santa Clara,085,1922200,167330,2247,169577,1988
2021-12-27,Santa Cruz,087,273765,23322,1118,24440,230
2021-12-27,Shasta,089,179085,23295,3776,27071,453
2021-12-27,Sierra,091,2930,212,21,233,3
2021-12-27,Siskiyou,093,43540,3535,1400,4935,63
2021-12-27,Solano,095,438530,49560,1495,51055,394
2021-12-27,Sonoma,097,501317,46591,708,47299,421
2021-12-27,Stanislaus,099,539301,84243,9631,93874,1449
2021-12-27,Sutter,101,95872,14759,426,15185,195
2021-12-27,Tehama,103,63373,9044,1572,10616,167
2021-12-27,Trinity,105,12862,916,221,1137,19
2021-12-27,Tulare,107,460477,73061,16950,90011,1318
2021-12-27,Tuolumne,109,53932,8126,122,8248,150
2021-12-27,Ventura,111,848112,109892,5288,115180,1224
2021-12-27,Yolo,113,214977,22188,1249,23437,295
2021-12-27,Yuba,115,75493,10905,414,11319,103
2021-12-26,Alameda,001,1643700,133406,3419,136825,1550
2021-12-26,Alpine,002,1148,110,0,110,0
2021-12-26,Amador,005,37829,5947,79,6026,70
2021-12-26,Butte,007,227075,22676,4240,26916,361
2021-12-26,Calaveras,009,45235,4686,67,4753,93
2021-12-26,Colusa,011,21464,2678,705,3383,21
2021-12-26,Contra Costa,013,1133247,108964,2726,111690,1082
2021-12-26,Del Norte,015,27424,3848,57,3905,42
2021-12-26,El Dorado,017,186661,17754,1890,19644,179
2021-12-26,Fresno,019,978130,150725,13568,164293,2435
2021-12-26,Glenn,021,27897,3681,1061,4742,41
2021-12-26,Humboldt,023,135768,10459,771,11230,122
2021-12-26,Imperial,025,180216,37691,4201,41892,827
2021-12-26,Inyo,027,18085,2738,40,2778,50
2021-12-26,Kern,029,883053,136684,25148,161832,2038
2021-12-26,Kings,031,150075,34587,2081,36668,390
2021-12-26,Lake,033,64148,7102,176,7278,117
2021-12-26,Lassen,035,31185,7117,429,7546,54
2021-12-26,Los Angeles,037,10098052,1592139,63969,1656108,27463
2021-12-26,Madera,039,155013,25097,2403,27500,335
2021-12-26,Marin,041,260295,11994,723,12717,200
2021-12-26,Mariposa,043,17540,1530,63,1593,21
2021-12-26,Mendocino,045,87422,8486,706,9192,103
2021-12-26,Merced,047,269075,44620,2231,46851,699
2021-12-26,Modoc,049,8938,602,207,809,6
2021-12-26,Mono,051,14174,2098,25,2123,4
2021-12-26,Monterey,053,433212,51779,3572,55351,644
2021-12-26,Napa,055,140530,14416,192,14608,108
2021-12-26,Nevada,057,99092,10381,366,10747,111
2021-12-26,Orange,059,3164182,336562,19376,355938,6051
2021-12-26,Placer,061,380077,41061,4163,45224,502
2021-12-26,Plumas,063,18699,2037,52,2089,12
2021-12-26,Riverside,065,2383286,397678,17577,415255,5622
2021-12-26,Sacramento,067,1510023,173369,5623,178992,2504
2021-12-26,San Benito,069,59416,8201,194,8395,82
2021-12-26,San Bernardino,071,2135413,388479,12677,401156,6573
2021-12-26,San Diego,073,3302833,424191,25210,449401,4509
2021-12-26,San Francisco,075,870044,64594,2864,67458,693
2021-12-26,San Joaquin,077,732212,106675,5816,112491,1988
2021-12-26,San Luis Obispo,079,281455,32269,1468,33737,371
2021-12-26,San Mateo,081,765935,62357,1218,63575,603
2021-12-26,Santa Barbara,083,443738,49177,1716,50893,573
2021-12-26,Santa Clara,085,1922200,164614,2113,166727,1986
2021-12-26,Santa Cruz,087,273765,23038,1104,24142,230
2021-12-26,Shasta,089,179085,23212,3764,26976,453
2021-12-26,Sierra,091,2930,212,21,233,3
2021-12-26,Siskiyou,093,43540,3527,1391,4918,63
2021-12-26,Solano,095,438530,49055,1457,50512,392
2021-12-26,Sonoma,097,501317,46094,676,46770,420
2021-12-26,Stanislaus,099,539301,83869,9589,93458,1446
2021-12-26,Sutter,101,95872,14693,423,15116,195
2021-12-26,Tehama,103,63373,9011,1568,10579,165
2021-12-26,Trinity,105,12862,916,220,1136,19
2021-12-26,Tulare,107,460477,72811,16844,89655,1318
2021-12-26,Tuolumne,109,53932,8089,122,8211,150
2021-12-26,Ventura,111,848112,108057,5141,113198,1223
2021-12-26,Yolo,113,214977,21903,1210,23113,295
2021-12-26,Yuba,115,75493,10854,412,11266,103
2021-12-25,Alameda,001,1643700,132318,3354,135672,1548
2021-12-25,Alpine,002,1148,110,0,110,0
2021-12-25,Amador,005,37829,5928,79,6007,70
2021-12-25,Butte,007,227075,22578,4223,26801,361
2021-12-25,Calaveras,009,45235,4657,66,4723,93
2021-12-25,Colusa,011,21464,2673,699,3372,21
2021-12-25,Contra Costa,013,1133247,108137,2671,110808,1081
2021-12-25,Del Norte,015,27424,3841,56,3897,42
2021-12-25,El Dorado,017,186661,17701,1879,19580,179
2021-12-25,Fresno,019,978130,150408,13520,163928,2431
2021-12-25,Glenn,021,27897,3670,1057,4727,41
2021-12-25,Humboldt,023,135768,10377,764,11141,122
2021-12-25,Imperial,025,180216,37568,4179,41747,826
2021-12-25,Inyo,027,18085,2718,40,2758,50
2021-12-25,Kern,029,883053,136337,25022,161359,2037
2021-12-25,Kings,031,150075,34497,2074,36571,390
2021-12-25,Lake,033,64148,7090,174,7264,117
2021-12-25,Lassen,035,31185,7115,429,7544,54
2021-12-25,Los Angeles,037,10098052,1579311,62627,1641938,27449
2021-12-25,Madera,039,155013,25046,2397,27443,335
2021-12-25,Marin,041,260295,11653,674,12327,200
2021-12-25,Mariposa,043,17540,1524,63,1587,21
2021-12-25,Mendocino,045,87422,8448,706,9154,103
2021-12-25,Merced,047,269075,44518,2229,46747,699
2021-12-25,Modoc,049,8938,602,207,809,6
2021-12-25,Mono,051,14174,2081,25,2106,4
2021-12-25,Monterey,053,433212,51611,3537,55148,644
2021-12-25,Napa,055,140530,14301,184,14485,108
2021-12-25,Nevada,057,99092,10352,366,10718,111
2021-12-25,Orange,059,3164182,333671,18806,352477,6045
2021-12-25,Placer,061,380077,40869,4129,44998,502
2021-12-25,Plumas,063,18699,2035,52,2087,12
2021-12-25,Riverside,065,2383286,395393,17458,412851,5618
2021-12-25,Sacramento,067,1510023,172552,5518,178070,2501
2021-12-25,San Benito,069,59416,8136,194,8330,82
2021-12-25,San Bernardino,071,2135413,386230,12544,398774,6561
2021-12-25,San Diego,073,3302833,420122,24943,445065,4505
2021-12-25,San Francisco,075,870044,63564,2828,66392,693
2021-12-25,San Joaquin,077,732212,106338,5784,112122,1985
2021-12-25,San Luis Obispo,079,281455,32116,1459,33575,371
2021-12-25,San Mateo,081,765935,61322,1175,62497,603
2021-12-25,Santa Barbara,083,443738,48813,1704,50517,573
2021-12-25,Santa Clara,085,1922200,163126,2046,165172,1986
2021-12-25,Santa Cruz,087,273765,22877,1098,23975,230
2021-12-25,Shasta,089,179085,23179,3758,26937,451
2021-12-25,Sierra,091,2930,212,21,233,3
2021-12-25,Siskiyou,093,43540,3524,1385,4909,63
2021-12-25,Solano,095,438530,48929,1439,50368,391
2021-12-25,Sonoma,097,501317,45709,649,46358,420
2021-12-25,Stanislaus,099,539301,83655,9563,93218,1446
2021-12-25,Sutter,101,95872,14652,421,15073,194
2021-12-25,Tehama,103,63373,8991,1564,10555,165
2021-12-25,Trinity,105,12862,915,220,1135,19
2021-12-25,Tulare,107,460477,72677,16766,89443,1314
2021-12-25,Tuolumne,109,53932,8057,122,8179,150
2021-12-25,Ventura,111,848112,106884,5035,111919,1222
2021-12-25,Yolo,113,214977,21792,1189,22981,295
2021-12-25,Yuba,115,75493,10827,411,11238,103
2021-12-24,Alameda,001,1643700,131696,3338,135034,1546
2021-12-24,Alpine,002,1148,110,0,110,0
2021-12-24,Amador,005,37829,5920,78,5998,70
2021-12-24,Butte,007,227075,22521,4206,26727,361
2021-12-24,Calaveras,009,45235,4651,66,4717,93
2021-12-24,Colusa,011,21464,2671,698,3369,21
2021-12-24,Contra Costa,013,1133247,107816,2637,110453,1081
2021-12-24,Del Norte,015,27424,3834,56,3890,42
2021-12-24,El Dorado,017,186661,17646,1874,19520,179
2021-12-24,Fresno,019,978130,150241,13507,163748,2431
2021-12-24,Glenn,021,27897,3669,1057,4726,41
2021-12-24,Humboldt,023,135768,10322,759,11081,122
2021-12-24,Imperial,025,180216,37484,4175,41659,823
2021-12-24,Inyo,027,18085,2698,40,2738,50
2021-12-24,Kern,029,883053,136214,24980,161194,2034
2021-12-24,Kings,031,150075,34428,2073,36501,390
2021-12-24,Lake,033,64148,7086,174,7260,117
2021-12-24,Lassen,035,31185,7112,429,7541,54
2021-12-24,Los Angeles,037,10098052,1574433,62099,1636532,27433
2021-12-24,Madera,039,155013,25011,2392,27403,335
2021-12-24,Marin,041,260295,11507,643,12150,200
2021-12-24,Mariposa,043,17540,1522,63,1585,21
2021-12-24,Mendocino,045,87422,8431,706,9137,103
2021-12-24,Merced,047,269075,44468,2227,46695,698
2021-12-24,Modoc,049,8938,602,207,809,6
2021-12-24,Mono,051,14174,2068,25,2093,4
2021-12-24,Monterey,053,433212,51516,3511,55027,644
2021-12-24,Napa,055,140530,14236,180,14416,108
2021-12-24,Nevada,057,99092,10326,364,10690,111
2021-12-24,Orange,059,3164182,332605,18648,351253,6039
2021-12-24,Placer,061,380077,40746,4112,44858,501
2021-12-24,Plumas,063,18699,2034,52,2086,12
2021-12-24,Riverside,065,2383286,394393,17368,411761,5611
2021-12-24,Sacramento,067,1510023,172236,5483,177719,2498
2021-12-24,San Benito,069,59416,8127,193,8320,82
2021-12-24,San Bernardino,071,2135413,385083,12472,397555,6551
2021-12-24,San Diego,073,3302833,418996,24819,443815,4501
2021-12-24,San Francisco,075,870044,63056,2811,65867,693
2021-12-24,San Joaquin,077,732212,106142,5776,111918,1981
2021-12-24,San Luis Obispo,079,281455,32054,1449,33503,371
2021-12-24,San Mateo,081,765935,60889,1152,62041,602
2021-12-24,Santa Barbara,083,443738,48607,1697,50304,573
2021-12-24,Santa Clara,085,1922200,162300,2012,164312,1984
2021-12-24,Santa Cruz,087,273765,22794,1095,23889,230
2021-12-24,Shasta,089,179085,23145,3754,26899,450
2021-12-24,Sierra,091,2930,211,21,232,3
2021-12-24,Siskiyou,093,43540,3519,1381,4900,63
2021-12-24,Solano,095,438530,48877,1437,50314,390
2021-12-24,Sonoma,097,501317,45543,641,46184,420
2021-12-24,Stanislaus,099,539301,83544,9540,93084,1445
2021-12-24,Sutter,101,95872,14632,418,15050,194
2021-12-24,Tehama,103,63373,8982,1561,10543,165
2021-12-24,Trinity,105,12862,913,220,1133,19
2021-12-24,Tulare,107,460477,72609,16724,89333,1313
2021-12-24,Tuolumne,109,53932,8032,122,8154,150
2021-12-24,Ventura,111,848112,106437,4979,111416,1221
2021-12-24,Yolo,113,214977,21718,1171,22889,295
2021-12-24,Yuba,115,75493,10804,410,11214,102
2021-12-23,Alameda,001,1643700,130960,3303,134263,1545
2021-12-23,Alpine,002,1148,110,0,110,0
2021-12-23,Amador,005,37829,5908,76,5984,70
2021-12-23,Butte,007,227075,22468,4195,26663,361
2021-12-23,Calaveras,009,45235,4640,66,4706,93
2021-12-23,Colusa,011,21464,2665,694,3359,21
2021-12-23,Contra Costa,013,1133247,107385,2594,109979,1081
2021-12-23,Del Norte,015,27424,3831,56,3887,42
2021-12-23,El Dorado,017,186661,17582,1868,19450,179
2021-12-23,Fresno,019,978130,150035,13490,163525,2427
2021-12-23,Glenn,021,27897,3665,1057,4722,41
2021-12-23,Humboldt,023,135768,10269,756,11025,121
2021-12-23,Imperial,025,180216,37411,4148,41559,819
2021-12-23,Inyo,027,18085,2685,40,2725,50
2021-12-23,Kern,029,883053,136064,24883,160947,2032
2021-12-23,Kings,031,150075,34387,2072,36459,390
2021-12-23,Lake,033,64148,7074,172,7246,117
2021-12-23,Lassen,035,31185,7111,429,7540,54
2021-12-23,Los Angeles,037,10098052,1564867,61025,1625892,27420
2021-12-23,Madera,039,155013,24978,2388,27366,335
2021-12-23,Marin,041,260295,11373,626,11999,200
2021-12-23,Mariposa,043,17540,1517,63,1580,21
2021-12-23,Mendocino,045,87422,8422,706,9128,103
2021-12-23,Merced,047,269075,44419,2225,46644,697
2021-12-23,Modoc,049,8938,602,207,809,6
2021-12-23,Mono,051,14174,2047,24,2071,4
2021-12-23,Monterey,053,433212,51395,3490,54885,643
2021-12-23,Napa,055,140530,14156,175,14331,108
2021-12-23,Nevada,057,99092,10302,363,10665,111
2021-12-23,Orange,059,3164182,330915,18318,349233,6032
2021-12-23,Placer,061,380077,40621,4096,44717,501
2021-12-23,Plumas,063,18699,2034,52,2086,12
2021-12-23,Riverside,065,2383286,393175,17299,410474,5602
2021-12-23,Sacramento,067,1510023,171779,5435,177214,2497
2021-12-23,San Benito,069,59416,8108,191,8299,82
2021-12-23,San Bernardino,071,2135413,383891,12367,396258,6542
2021-12-23,San Diego,073,3302833,417143,24622,441765,4497
2021-12-23,San Francisco,075,870044,62326,2783,65109,693
2021-12-23,San Joaquin,077,732212,105924,5763,111687,1979
2021-12-23,San Luis Obispo,079,281455,31982,1445,33427,371
2021-12-23,San Mateo,081,765935,60327,1132,61459,602
2021-12-23,Santa Barbara,083,443738,48408,1695,50103,571
2021-12-23,Santa Clara,085,1922200,161392,1953,163345,1983
2021-12-23,Santa Cruz,087,273765,22680,1083,23763,230
2021-12-23,Shasta,089,179085,23114,3751,26865,449
2021-12-23,Sierra,091,2930,208,21,229,3
2021-12-23,Siskiyou,093,43540,3519,1379,4898,63
2021-12-23,Solano,095,438530,48769,1421,50190,389
2021-12-23,Sonoma,097,501317,45364,640,46004,420
2021-12-23,Stanislaus,099,539301,83415,9520,92935,1440
2021-12-23,Sutter,101,95872,14615,417,15032,193
2021-12-23,Tehama,103,63373,8970,1557,10527,165
2021-12-23,Trinity,105,12862,913,220,1133,19
2021-12-23,Tulare,107,460477,72533,16681,89214,1313
2021-12-23,Tuolumne,109,53932,8014,121,8135,150
2021-12-23,Ventura,111,848112,105902,4913,110815,1219
2021-12-23,Yolo,113,214977,21646,1153,22799,295
2021-12-23,Yuba,115,75493,10791,410,11201,102
2021-12-22,Alameda,001,1643700,130004,3220,133224,1544
2021-12-22,Alpine,002,1148,110,0,110,0
2021-12-22,Amador,005,37829,5895,75,5970,70
2021-12-22,Butte,007,227075,22416,4181,26597,361
2021-12-22,Calaveras,009,45235,4631,66,4697,93
2021-12-22,Colusa,011,21464,2665,691,3356,21
2021-12-22,Contra Costa,013,1133247,106747,2550,109297,1080
2021-12-22,Del Norte,015,27424,3831,56,3887,42
2021-12-22,El Dorado,017,186661,17520,1859,19379,179
2021-12-22,Fresno,019,978130,149756,13458,163214,2425
2021-12-22,Glenn,021,27897,3660,1057,4717,41
2021-12-22,Humboldt,023,135768,10207,751,10958,121
2021-12-22,Imperial,025,180216,37325,4111,41436,818
2021-12-22,Inyo,027,18085,2667,40,2707,49
2021-12-22,Kern,029,883053,135829,24801,160630,2030
2021-12-22,Kings,031,150075,34337,2065,36402,389
2021-12-22,Lake,033,64148,7067,170,7237,116
2021-12-22,Lassen,035,31185,7106,428,7534,54
2021-12-22,Los Angeles,037,10098052,1551307,59865,1611172,27399
2021-12-22,Madera,039,155013,24940,2384,27324,335
2021-12-22,Marin,041,260295,11152,603,11755,200
2021-12-22,Mariposa,043,17540,1510,63,1573,21
2021-12-22,Mendocino,045,87422,8413,706,9119,103
2021-12-22,Merced,047,269075,44348,2222,46570,696
2021-12-22,Modoc,049,8938,602,207,809,6
2021-12-22,Mono,051,14174,2043,24,2067,4
2021-12-22,Monterey,053,433212,51239,3473,54712,643
2021-12-22,Napa,055,140530,14028,165,14193,108
2021-12-22,Nevada,057,99092,10274,358,10632,111
2021-12-22,Orange,059,3164182,328605,17890,346495,6029
2021-12-22,Placer,061,380077,40437,4059,44496,501
2021-12-22,Plumas,063,18699,2030,52,2082,12
2021-12-22,Riverside,065,2383286,391346,17186,408532,5589
2021-12-22,Sacramento,067,1510023,171119,5375,176494,2495
2021-12-22,San Benito,069,59416,8056,189,8245,82
2021-12-22,San Bernardino,071,2135413,382163,12282,394445,6532
2021-12-22,San Diego,073,3302833,413025,24297,437322,4489
2021-12-22,San Francisco,075,870044,61339,2741,64080,693
2021-12-22,San Joaquin,077,732212,105655,5749,111404,1978
2021-12-22,San Luis Obispo,079,281455,31841,1425,33266,371
2021-12-22,San Mateo,081,765935,59645,1102,60747,602
2021-12-22,Santa Barbara,083,443738,48151,1679,49830,570
2021-12-22,Santa Clara,085,1922200,160267,1912,162179,1980
2021-12-22,Santa Cruz,087,273765,22574,1078,23652,230
2021-12-22,Shasta,089,179085,23085,3746,26831,449
2021-12-22,Sierra,091,2930,208,21,229,3
2021-12-22,Siskiyou,093,43540,3516,1376,4892,63
2021-12-22,Solano,095,438530,48540,1408,49948,389
2021-12-22,Sonoma,097,501317,45089,629,45718,420
2021-12-22,Stanislaus,099,539301,83274,9500,92774,1440
2021-12-22,Sutter,101,95872,14579,414,14993,193
2021-12-22,Tehama,103,63373,8957,1553,10510,165
2021-12-22,Trinity,105,12862,913,220,1133,19
2021-12-22,Tulare,107,460477,72434,16633,89067,1311
2021-12-22,Tuolumne,109,53932,7993,121,8114,150
2021-12-22,Ventura,111,848112,105296,4808,110104,1219
2021-12-22,Yolo,113,214977,21571,1139,22710,295
2021-12-22,Yuba,115,75493,10774,410,11184,102
2021-12-21,Alameda,001,1643700,128981,3165,132146,1541
2021-12-21,Alpine,002,1148,110,0,110,0
2021-12-21,Amador,005,37829,5885,75,5960,70
2021-12-21,Butte,007,227075,22352,4167,26519,361
2021-12-21,Calaveras,009,45235,4618,66,4684,92
2021-12-21,Colusa,011,21464,2663,690,3353,21
2021-12-21,Contra Costa,013,1133247,106116,2485,108601,1080
2021-12-21,Del Norte,015,27424,3830,56,3886,42
2021-12-21,El Dorado,017,186661,17457,1847,19304,179
2021-12-21,Fresno,019,978130,149465,13423,162888,2424
2021-12-21,Glenn,021,27897,3646,1057,4703,41
2021-12-21,Humboldt,023,135768,10143,746,10889,121
2021-12-21,Imperial,025,180216,37227,4070,41297,818
2021-12-21,Inyo,027,18085,2656,40,2696,49
2021-12-21,Kern,029,883053,135620,24696,160316,2026
2021-12-21,Kings,031,150075,34276,2064,36340,389
2021-12-21,Lake,033,64148,7062,168,7230,116
2021-12-21,Lassen,035,31185,7104,428,7532,54
2021-12-21,Los Angeles,037,10098052,1537398,58847,1596245,27385
2021-12-21,Madera,039,155013,24903,2377,27280,335
2021-12-21,Marin,041,260295,10982,568,11550,200
2021-12-21,Mariposa,043,17540,1509,62,1571,21
2021-12-21,Mendocino,045,87422,8397,704,9101,103
2021-12-21,Merced,047,269075,44276,2218,46494,694
2021-12-21,Modoc,049,8938,600,205,805,6
2021-12-21,Mono,051,14174,2024,24,2048,4
2021-12-21,Monterey,053,433212,51148,3456,54604,643
2021-12-21,Napa,055,140530,13926,154,14080,108
2021-12-21,Nevada,057,99092,10245,358,10603,110
2021-12-21,Orange,059,3164182,326460,17444,343904,6025
2021-12-21,Placer,061,380077,40297,4030,44327,501
2021-12-21,Plumas,063,18699,2030,52,2082,12
2021-12-21,Riverside,065,2383286,389622,17067,406689,5586
2021-12-21,Sacramento,067,1510023,170473,5320,175793,2492
2021-12-21,San Benito,069,59416,8017,186,8203,82
2021-12-21,San Bernardino,071,2135413,380488,12170,392658,6520
2021-12-21,San Diego,073,3302833,409289,23965,433254,4484
2021-12-21,San Francisco,075,870044,60375,2708,63083,693
2021-12-21,San Joaquin,077,732212,105371,5730,111101,1977
2021-12-21,San Luis Obispo,079,281455,31677,1413,33090,371
2021-12-21,San Mateo,081,765935,59026,1079,60105,602
2021-12-21,Santa Barbara,083,443738,47923,1664,49587,570
2021-12-21,Santa Clara,085,1922200,159243,1870,161113,1980
2021-12-21,Santa Cruz,087,273765,22457,1068,23525,230
2021-12-21,Shasta,089,179085,23053,3742,26795,449
2021-12-21,Sierra,091,2930,206,21,227,3
2021-12-21,Siskiyou,093,43540,3515,1376,4891,63
2021-12-21,Solano,095,438530,48385,1401,49786,389
2021-12-21,Sonoma,097,501317,44867,619,45486,420
2021-12-21,Stanislaus,099,539301,83120,9469,92589,1436
2021-12-21,Sutter,101,95872,14556,413,14969,193
2021-12-21,Tehama,103,63373,8949,1548,10497,165
2021-12-21,Trinity,105,12862,912,220,1132,19
2021-12-21,Tulare,107,460477,72340,16592,88932,1309
2021-12-21,Tuolumne,109,53932,7969,121,8090,150
2021-12-21,Ventura,111,848112,104678,4695,109373,1218
2021-12-21,Yolo,113,214977,21464,1135,22599,295
2021-12-21,Yuba,115,75493,10757,410,11167,102
2021-12-20,Alameda,001,1643700,128016,3096,131112,1540
2021-12-20,Alpine,002,1148,110,0,110,0
2021-12-20,Amador,005,37829,5871,75,5946,70
2021-12-20,Butte,007,227075,22290,4153,26443,359
2021-12-20,Calaveras,009,45235,4608,66,4674,92
2021-12-20,Colusa,011,21464,2662,690,3352,21
2021-12-20,Contra Costa,013,1133247,105580,2437,108017,1080
2021-12-20,Del Norte,015,27424,3828,56,3884,42
2021-12-20,El Dorado,017,186661,17397,1839,19236,179
2021-12-20,Fresno,019,978130,149224,13393,162617,2420
2021-12-20,Glenn,021,27897,3640,1057,4697,41
2021-12-20,Humboldt,023,135768,10101,742,10843,121
2021-12-20,Imperial,025,180216,37111,4040,41151,817
2021-12-20,Inyo,027,18085,2653,40,2693,49
2021-12-20,Kern,029,883053,135421,24636,160057,2023
2021-12-20,Kings,031,150075,34234,2063,36297,389
2021-12-20,Lake,033,64148,7057,168,7225,116
2021-12-20,Lassen,035,31185,7102,427,7529,54
2021-12-20,Los Angeles,037,10098052,1525902,58122,1584024,27372
2021-12-20,Madera,039,155013,24874,2373,27247,334
2021-12-20,Marin,041,260295,10767,550,11317,200
2021-12-20,Mariposa,043,17540,1500,62,1562,21
2021-12-20,Mendocino,045,87422,8385,702,9087,103
2021-12-20,Merced,047,269075,44219,2213,46432,693
2021-12-20,Modoc,049,8938,600,202,802,6
2021-12-20,Mono,051,14174,2001,24,2025,4
2021-12-20,Monterey,053,433212,51052,3436,54488,642
2021-12-20,Napa,055,140530,13840,144,13984,108
2021-12-20,Nevada,057,99092,10205,357,10562,110
2021-12-20,Orange,059,3164182,324850,17130,341980,6023
2021-12-20,Placer,061,380077,40165,4000,44165,501
2021-12-20,Plumas,063,18699,2027,50,2077,12
2021-12-20,Riverside,065,2383286,388175,16978,405153,5580
2021-12-20,Sacramento,067,1510023,169902,5280,175182,2490
2021-12-20,San Benito,069,59416,7973,184,8157,81
2021-12-20,San Bernardino,071,2135413,378947,12085,391032,6511
2021-12-20,San Diego,073,3302833,406072,23727,429799,4479
2021-12-20,San Francisco,075,870044,59315,2651,61966,693
2021-12-20,San Joaquin,077,732212,105129,5719,110848,1973
2021-12-20,San Luis Obispo,079,281455,31563,1405,32968,371
2021-12-20,San Mateo,081,765935,58478,1060,59538,601
2021-12-20,Santa Barbara,083,443738,47711,1659,49370,570
2021-12-20,Santa Clara,085,1922200,158279,1821,160100,1978
2021-12-20,Santa Cruz,087,273765,22376,1063,23439,230
2021-12-20,Shasta,089,179085,23032,3737,26769,448
2021-12-20,Sierra,091,2930,205,21,226,3
2021-12-20,Siskiyou,093,43540,3514,1374,4888,63
2021-12-20,Solano,095,438530,48258,1393,49651,389
2021-12-20,Sonoma,097,501317,44677,611,45288,420
2021-12-20,Stanislaus,099,539301,82994,9440,92434,1432
2021-12-20,Sutter,101,95872,14533,413,14946,193
2021-12-20,Tehama,103,63373,8941,1545,10486,165
2021-12-20,Trinity,105,12862,912,220,1132,19
2021-12-20,Tulare,107,460477,72246,16534,88780,1308
2021-12-20,Tuolumne,109,53932,7955,117,8072,150
2021-12-20,Ventura,111,848112,104171,4619,108790,1216
2021-12-20,Yolo,113,214977,21370,1123,22493,294
2021-12-20,Yuba,115,75493,10741,407,11148,102
2021-12-19,Alameda,001,1643700,127123,3056,130179,1538
2021-12-19,Alpine,002,1148,110,0,110,0
2021-12-19,Amador,005,37829,5859,74,5933,70
2021-12-19,Butte,007,227075,22235,4145,26380,358
2021-12-19,Calaveras,009,45235,4592,65,4657,92
2021-12-19,Colusa,011,21464,2662,687,3349,21
2021-12-19,Contra Costa,013,1133247,105088,2403,107491,1080
2021-12-19,Del Norte,015,27424,3824,56,3880,42
2021-12-19,El Dorado,017,186661,17338,1837,19175,178
2021-12-19,Fresno,019,978130,148982,13367,162349,2420
2021-12-19,Glenn,021,27897,3636,1056,4692,41
2021-12-19,Humboldt,023,135768,10058,737,10795,120
2021-12-19,Imperial,025,180216,36982,3997,40979,816
2021-12-19,Inyo,027,18085,2644,40,2684,48
2021-12-19,Kern,029,883053,135222,24568,159790,2021
2021-12-19,Kings,031,150075,34175,2059,36234,389
2021-12-19,Lake,033,64148,7048,165,7213,116
2021-12-19,Lassen,035,31185,7098,427,7525,54
2021-12-19,Los Angeles,037,10098052,1516890,57522,1574412,27359
2021-12-19,Madera,039,155013,24849,2367,27216,334
2021-12-19,Marin,041,260295,10591,527,11118,200
2021-12-19,Mariposa,043,17540,1494,62,1556,21
2021-12-19,Mendocino,045,87422,8368,699,9067,102
2021-12-19,Merced,047,269075,44124,2206,46330,691
2021-12-19,Modoc,049,8938,599,202,801,6
2021-12-19,Mono,051,14174,1990,23,2013,4
2021-12-19,Monterey,053,433212,50949,3415,54364,642
2021-12-19,Napa,055,140530,13767,135,13902,108
2021-12-19,Nevada,057,99092,10169,354,10523,110
2021-12-19,Orange,059,3164182,323436,16903,340339,6018
2021-12-19,Placer,061,380077,40041,3984,44025,501
2021-12-19,Plumas,063,18699,2024,50,2074,12
2021-12-19,Riverside,065,2383286,386730,16904,403634,5575
2021-12-19,Sacramento,067,1510023,169406,5251,174657,2488
2021-12-19,San Benito,069,59416,7948,183,8131,79
2021-12-19,San Bernardino,071,2135413,377613,12047,389660,6501
2021-12-19,San Diego,073,3302833,403594,23531,427125,4476
2021-12-19,San Francisco,075,870044,58434,2595,61029,692
2021-12-19,San Joaquin,077,732212,104870,5705,110575,1970
2021-12-19,San Luis Obispo,079,281455,31439,1394,32833,370
2021-12-19,San Mateo,081,765935,58011,1045,59056,601
2021-12-19,Santa Barbara,083,443738,47488,1652,49140,569
2021-12-19,Santa Clara,085,1922200,157390,1795,159185,1976
2021-12-19,Santa Cruz,087,273765,22277,1058,23335,230
2021-12-19,Shasta,089,179085,22995,3733,26728,446
2021-12-19,Sierra,091,2930,204,21,225,3
2021-12-19,Siskiyou,093,43540,3511,1374,4885,62
2021-12-19,Solano,095,438530,48137,1387,49524,389
2021-12-19,Sonoma,097,501317,44493,609,45102,420
2021-12-19,Stanislaus,099,539301,82856,9408,92264,1429
2021-12-19,Sutter,101,95872,14493,412,14905,193
2021-12-19,Tehama,103,63373,8933,1545,10478,165
2021-12-19,Trinity,105,12862,912,220,1132,18
2021-12-19,Tulare,107,460477,72153,16492,88645,1305
2021-12-19,Tuolumne,109,53932,7938,116,8054,150
2021-12-19,Ventura,111,848112,103591,4554,108145,1216
2021-12-19,Yolo,113,214977,21288,1105,22393,294
2021-12-19,Yuba,115,75493,10724,405,11129,102
2021-12-18,Alameda,001,1643700,126712,3029,129741,1536
2021-12-18,Alpine,002,1148,110,0,110,0
2021-12-18,Amador,005,37829,5853,74,5927,70
2021-12-18,Butte,007,227075,22219,4140,26359,358
2021-12-18,Calaveras,009,45235,4585,65,4650,92
2021-12-18,Colusa,011,21464,2658,685,3343,21
2021-12-18,Contra Costa,013,1133247,104874,2389,107263,1079
2021-12-18,Del Norte,015,27424,3821,56,3877,42
2021-12-18,El Dorado,017,186661,17310,1834,19144,178
2021-12-18,Fresno,019,978130,148879,13353,162232,2417
2021-12-18,Glenn,021,27897,3633,1056,4689,41
2021-12-18,Humboldt,023,135768,10042,737,10779,120
2021-12-18,Imperial,025,180216,36909,3985,40894,814
2021-12-18,Inyo,027,18085,2638,40,2678,48
2021-12-18,Kern,029,883053,135132,24523,159655,2019
2021-12-18,Kings,031,150075,34142,2055,36197,388
2021-12-18,Lake,033,64148,7047,165,7212,116
2021-12-18,Lassen,035,31185,7096,426,7522,54
2021-12-18,Los Angeles,037,10098052,1512791,57210,1570001,27340
2021-12-18,Madera,039,155013,24834,2365,27199,334
2021-12-18,Marin,041,260295,10491,515,11006,200
2021-12-18,Mariposa,043,17540,1493,62,1555,21
2021-12-18,Mendocino,045,87422,8362,699,9061,102
2021-12-18,Merced,047,269075,44089,2205,46294,690
2021-12-18,Modoc,049,8938,597,202,799,6
2021-12-18,Mono,051,14174,1988,23,2011,4
2021-12-18,Monterey,053,433212,50891,3410,54301,641
2021-12-18,Napa,055,140530,13741,133,13874,108
2021-12-18,Nevada,057,99092,10147,352,10499,110
2021-12-18,Orange,059,3164182,322767,16767,339534,6014
2021-12-18,Placer,061,380077,39939,3970,43909,498
2021-12-18,Plumas,063,18699,2024,50,2074,12
2021-12-18,Riverside,065,2383286,386029,16863,402892,5569
2021-12-18,Sacramento,067,1510023,169169,5231,174400,2481
2021-12-18,San Benito,069,59416,7933,183,8116,79
2021-12-18,San Bernardino,071,2135413,376943,12019,388962,6489
2021-12-18,San Diego,073,3302833,402628,23480,426108,4475
2021-12-18,San Francisco,075,870044,57940,2565,60505,691
2021-12-18,San Joaquin,077,732212,104783,5695,110478,1969
2021-12-18,San Luis Obispo,079,281455,31397,1388,32785,370
2021-12-18,San Mateo,081,765935,57771,1040,58811,601
2021-12-18,Santa Barbara,083,443738,47392,1650,49042,569
2021-12-18,Santa Clara,085,1922200,156934,1782,158716,1974
2021-12-18,Santa Cruz,087,273765,22225,1056,23281,230
2021-12-18,Shasta,089,179085,22974,3733,26707,446
2021-12-18,Sierra,091,2930,204,21,225,3
2021-12-18,Siskiyou,093,43540,3509,1373,4882,62
2021-12-18,Solano,095,438530,48090,1385,49475,388
2021-12-18,Sonoma,097,501317,44383,605,44988,420
2021-12-18,Stanislaus,099,539301,82774,9396,92170,1427
2021-12-18,Sutter,101,95872,14475,412,14887,193
2021-12-18,Tehama,103,63373,8926,1544,10470,165
2021-12-18,Trinity,105,12862,912,220,1132,18
2021-12-18,Tulare,107,460477,72115,16467,88582,1302
2021-12-18,Tuolumne,109,53932,7924,116,8040,150
2021-12-18,Ventura,111,848112,103306,4532,107838,1215
2021-12-18,Yolo,113,214977,21248,1100,22348,294
2021-12-18,Yuba,115,75493,10713,405,11118,102
2021-12-17,Alameda,001,1643700,126368,3010,129378,1534
2021-12-17,Alpine,002,1148,110,0,110,0
2021-12-17,Amador,005,37829,5846,74,5920,70
2021-12-17,Butte,007,227075,22198,4133,26331,358
2021-12-17,Calaveras,009,45235,4581,65,4646,92
2021-12-17,Colusa,011,21464,2657,684,3341,21
2021-12-17,Contra Costa,013,1133247,104672,2385,107057,1079
2021-12-17,Del Norte,015,27424,3820,56,3876,42
2021-12-17,El Dorado,017,186661,17282,1831,19113,178
2021-12-17,Fresno,019,978130,148776,13352,162128,2412
2021-12-17,Glenn,021,27897,3626,1056,4682,41
2021-12-17,Humboldt,023,135768,10022,735,10757,120
2021-12-17,Imperial,025,180216,36846,3967,40813,814
2021-12-17,Inyo,027,18085,2633,40,2673,48
2021-12-17,Kern,029,883053,135040,24482,159522,2016
2021-12-17,Kings,031,150075,34123,2055,36178,386
2021-12-17,Lake,033,64148,7043,165,7208,116
2021-12-17,Lassen,035,31185,7096,425,7521,54
2021-12-17,Los Angeles,037,10098052,1508845,56973,1565818,27327
2021-12-17,Madera,039,155013,24818,2360,27178,334
2021-12-17,Marin,041,260295,10415,511,10926,199
2021-12-17,Mariposa,043,17540,1489,62,1551,21
2021-12-17,Mendocino,045,87422,8351,699,9050,102
2021-12-17,Merced,047,269075,44063,2204,46267,689
2021-12-17,Modoc,049,8938,597,202,799,6
2021-12-17,Mono,051,14174,1985,23,2008,4
2021-12-17,Monterey,053,433212,50833,3405,54238,641
2021-12-17,Napa,055,140530,13714,132,13846,108
2021-12-17,Nevada,057,99092,10136,352,10488,110
2021-12-17,Orange,059,3164182,322202,16700,338902,6010
2021-12-17,Placer,061,380077,39884,3964,43848,497
2021-12-17,Plumas,063,18699,2023,50,2073,12
2021-12-17,Riverside,065,2383286,385373,16853,402226,5566
2021-12-17,Sacramento,067,1510023,168936,5218,174154,2477
2021-12-17,San Benito,069,59416,7931,183,8114,79
2021-12-17,San Bernardino,071,2135413,376381,12002,388383,6478
2021-12-17,San Diego,073,3302833,401700,23432,425132,4474
2021-12-17,San Francisco,075,870044,57612,2535,60147,690
2021-12-17,San Joaquin,077,732212,104708,5678,110386,1967
2021-12-17,San Luis Obispo,079,281455,31367,1385,32752,370
2021-12-17,San Mateo,081,765935,57583,1033,58616,601
2021-12-17,Santa Barbara,083,443738,47314,1644,48958,569
2021-12-17,Santa Clara,085,1922200,156561,1768,158329,1974
2021-12-17,Santa Cruz,087,273765,22178,1052,23230,230
2021-12-17,Shasta,089,179085,22962,3731,26693,444
2021-12-17,Sierra,091,2930,203,21,224,3
2021-12-17,Siskiyou,093,43540,3505,1371,4876,62
2021-12-17,Solano,095,438530,48024,1381,49405,387
2021-12-17,Sonoma,097,501317,44286,602,44888,420
2021-12-17,Stanislaus,099,539301,82723,9389,92112,1426
2021-12-17,Sutter,101,95872,14463,410,14873,193
2021-12-17,Tehama,103,63373,8919,1543,10462,165
2021-12-17,Trinity,105,12862,912,220,1132,18
2021-12-17,Tulare,107,460477,72073,16437,88510,1296
2021-12-17,Tuolumne,109,53932,7912,116,8028,150
2021-12-17,Ventura,111,848112,103056,4520,107576,1214
2021-12-17,Yolo,113,214977,21212,1098,22310,294
2021-12-17,Yuba,115,75493,10702,403,11105,102
2021-12-16,Alameda,001,1643700,125988,2995,128983,1534
2021-12-16,Alpine,002,1148,108,0,108,0
2021-12-16,Amador,005,37829,5838,74,5912,70
2021-12-16,Butte,007,227075,22178,4129,26307,358
2021-12-16,Calaveras,009,45235,4574,65,4639,92
2021-12-16,Colusa,011,21464,2657,684,3341,21
2021-12-16,Contra Costa,013,1133247,104450,2375,106825,1078
2021-12-16,Del Norte,015,27424,3817,56,3873,42
2021-12-16,El Dorado,017,186661,17247,1826,19073,177
2021-12-16,Fresno,019,978130,148617,13343,161960,2409
2021-12-16,Glenn,021,27897,3626,1053,4679,41
2021-12-16,Humboldt,023,135768,9998,725,10723,120
2021-12-16,Imperial,025,180216,36762,3939,40701,813
2021-12-16,Inyo,027,18085,2629,39,2668,48
2021-12-16,Kern,029,883053,134896,24433,159329,2011
2021-12-16,Kings,031,150075,34099,2054,36153,385
2021-12-16,Lake,033,64148,7039,165,7204,116
2021-12-16,Lassen,035,31185,7093,424,7517,54
2021-12-16,Los Angeles,037,10098052,1504631,56710,1561341,27309
2021-12-16,Madera,039,155013,24789,2356,27145,334
2021-12-16,Marin,041,260295,10368,504,10872,199
2021-12-16,Mariposa,043,17540,1487,62,1549,21
2021-12-16,Mendocino,045,87422,8340,694,9034,102
2021-12-16,Merced,047,269075,44024,2203,46227,689
2021-12-16,Modoc,049,8938,597,202,799,6
2021-12-16,Mono,051,14174,1982,23,2005,4
2021-12-16,Monterey,053,433212,50762,3388,54150,641
2021-12-16,Napa,055,140530,13682,132,13814,108
2021-12-16,Nevada,057,99092,10110,352,10462,110
2021-12-16,Orange,059,3164182,321588,16620,338208,6004
2021-12-16,Placer,061,380077,39805,3959,43764,497
2021-12-16,Plumas,063,18699,2023,50,2073,12
2021-12-16,Riverside,065,2383286,384564,16839,401403,5559
2021-12-16,Sacramento,067,1510023,168651,5194,173845,2474
2021-12-16,San Benito,069,59416,7924,183,8107,78
2021-12-16,San Bernardino,071,2135413,375715,11982,387697,6470
2021-12-16,San Diego,073,3302833,400531,23366,423897,4469
2021-12-16,San Francisco,075,870044,57232,2513,59745,690
2021-12-16,San Joaquin,077,732212,104586,5671,110257,1965
2021-12-16,San Luis Obispo,079,281455,31297,1379,32676,370
2021-12-16,San Mateo,081,765935,57383,1030,58413,601
2021-12-16,Santa Barbara,083,443738,47193,1640,48833,567
2021-12-16,Santa Clara,085,1922200,156229,1758,157987,1974
2021-12-16,Santa Cruz,087,273765,22132,1051,23183,230
2021-12-16,Shasta,089,179085,22932,3729,26661,444
2021-12-16,Sierra,091,2930,203,21,224,3
2021-12-16,Siskiyou,093,43540,3504,1367,4871,62
2021-12-16,Solano,095,438530,47955,1374,49329,387
2021-12-16,Sonoma,097,501317,44186,600,44786,419
2021-12-16,Stanislaus,099,539301,82637,9375,92012,1426
2021-12-16,Sutter,101,95872,14449,409,14858,193
2021-12-16,Tehama,103,63373,8912,1542,10454,165
2021-12-16,Trinity,105,12862,912,220,1132,18
2021-12-16,Tulare,107,460477,72024,16412,88436,1295
2021-12-16,Tuolumne,109,53932,7891,116,8007,150
2021-12-16,Ventura,111,848112,102789,4513,107302,1212
2021-12-16,Yolo,113,214977,21161,1093,22254,294
2021-12-16,Yuba,115,75493,10686,402,11088,102
2021-12-15,Alameda,001,1643700,125659,2984,128643,1532
2021-12-15,Alpine,002,1148,108,0,108,0
2021-12-15,Amador,005,37829,5832,74,5906,70
2021-12-15,Butte,007,227075,22154,4128,26282,356
2021-12-15,Calaveras,009,45235,4568,65,4633,92
2021-12-15,Colusa,011,21464,2656,683,3339,21
2021-12-15,Contra Costa,013,1133247,104231,2372,106603,1078
2021-12-15,Del Norte,015,27424,3816,55,3871,42
2021-12-15,El Dorado,017,186661,17217,1820,19037,176
2021-12-15,Fresno,019,978130,148488,13328,161816,2406
2021-12-15,Glenn,021,27897,3625,1053,4678,41
2021-12-15,Humboldt,023,135768,9978,724,10702,120
2021-12-15,Imperial,025,180216,36683,3895,40578,811
2021-12-15,Inyo,027,18085,2624,39,2663,48
2021-12-15,Kern,029,883053,134758,24387,159145,2008
2021-12-15,Kings,031,150075,34070,2050,36120,385
2021-12-15,Lake,033,64148,7031,164,7195,116
2021-12-15,Lassen,035,31185,7093,424,7517,54
2021-12-15,Los Angeles,037,10098052,1500722,56511,1557233,27294
2021-12-15,Madera,039,155013,24771,2350,27121,334
2021-12-15,Marin,041,260295,10309,499,10808,199
2021-12-15,Mariposa,043,17540,1484,62,1546,21
2021-12-15,Mendocino,045,87422,8335,691,9026,102
2021-12-15,Merced,047,269075,43982,2191,46173,688
2021-12-15,Modoc,049,8938,597,202,799,6
2021-12-15,Mono,051,14174,1978,23,2001,4
2021-12-15,Monterey,053,433212,50707,3370,54077,641
2021-12-15,Napa,055,140530,13653,130,13783,108
2021-12-15,Nevada,057,99092,10089,352,10441,110
2021-12-15,Orange,059,3164182,321002,16578,337580,5998
2021-12-15,Placer,061,380077,39747,3949,43696,496
2021-12-15,Plumas,063,18699,2019,50,2069,12
2021-12-15,Riverside,065,2383286,383842,16828,400670,5553
2021-12-15,Sacramento,067,1510023,168342,5174,173516,2472
2021-12-15,San Benito,069,59416,7909,183,8092,78
2021-12-15,San Bernardino,071,2135413,375148,11949,387097,6461
2021-12-15,San Diego,073,3302833,399335,23296,422631,4460
2021-12-15,San Francisco,075,870044,56913,2495,59408,690
2021-12-15,San Joaquin,077,732212,104435,5661,110096,1964
2021-12-15,San Luis Obispo,079,281455,31248,1372,32620,369
2021-12-15,San Mateo,081,765935,57241,1020,58261,601
2021-12-15,Santa Barbara,083,443738,47112,1638,48750,564
2021-12-15,Santa Clara,085,1922200,155917,1740,157657,1972
2021-12-15,Santa Cruz,087,273765,22092,1044,23136,229
2021-12-15,Shasta,089,179085,22917,3725,26642,443
2021-12-15,Sierra,091,2930,203,21,224,3
2021-12-15,Siskiyou,093,43540,3503,1366,4869,61
2021-12-15,Solano,095,438530,47884,1368,49252,387
2021-12-15,Sonoma,097,501317,44102,595,44697,419
2021-12-15,Stanislaus,099,539301,82529,9367,91896,1422
2021-12-15,Sutter,101,95872,14429,408,14837,193
2021-12-15,Tehama,103,63373,8905,1541,10446,165
2021-12-15,Trinity,105,12862,911,220,1131,18
2021-12-15,Tulare,107,460477,71972,16384,88356,1293
2021-12-15,Tuolumne,109,53932,7882,115,7997,150
2021-12-15,Ventura,111,848112,102574,4507,107081,1208
2021-12-15,Yolo,113,214977,21132,1089,22221,294
2021-12-15,Yuba,115,75493,10676,401,11077,102
2021-12-14,Alameda,001,1643700,125326,2972,128298,1531
2021-12-14,Alpine,002,1148,107,0,107,0
2021-12-14,Amador,005,37829,5826,73,5899,70
2021-12-14,Butte,007,227075,22121,4126,26247,356
2021-12-14,Calaveras,009,45235,4556,65,4621,90
2021-12-14,Colusa,011,21464,2654,683,3337,21
2021-12-14,Contra Costa,013,1133247,104047,2368,106415,1078
2021-12-14,Del Norte,015,27424,3813,55,3868,42
2021-12-14,El Dorado,017,186661,17182,1818,19000,176
2021-12-14,Fresno,019,978130,148317,13320,161637,2404
2021-12-14,Glenn,021,27897,3624,1053,4677,41
2021-12-14,Humboldt,023,135768,9966,716,10682,120
2021-12-14,Imperial,025,180216,36611,3852,40463,809
2021-12-14,Inyo,027,18085,2623,39,2662,48
2021-12-14,Kern,029,883053,134620,24338,158958,2002
2021-12-14,Kings,031,150075,34033,2047,36080,383
2021-12-14,Lake,033,64148,7022,164,7186,116
2021-12-14,Lassen,035,31185,7092,424,7516,54
2021-12-14,Los Angeles,037,10098052,1497051,56335,1553386,27275
2021-12-14,Madera,039,155013,24744,2342,27086,333
2021-12-14,Marin,041,260295,10261,497,10758,199
2021-12-14,Mariposa,043,17540,1481,61,1542,21
2021-12-14,Mendocino,045,87422,8307,689,8996,101
2021-12-14,Merced,047,269075,43936,2189,46125,688
2021-12-14,Modoc,049,8938,596,202,798,6
2021-12-14,Mono,051,14174,1971,23,1994,4
2021-12-14,Monterey,053,433212,50622,3360,53982,640
2021-12-14,Napa,055,140530,13624,130,13754,107
2021-12-14,Nevada,057,99092,10063,351,10414,110
2021-12-14,Orange,059,3164182,320448,16524,336972,5997
2021-12-14,Placer,061,380077,39671,3944,43615,496
2021-12-14,Plumas,063,18699,2015,48,2063,12
2021-12-14,Riverside,065,2383286,383148,16811,399959,5547
2021-12-14,Sacramento,067,1510023,168032,5151,173183,2469
2021-12-14,San Benito,069,59416,7891,183,8074,78
2021-12-14,San Bernardino,071,2135413,374516,11917,386433,6451
2021-12-14,San Diego,073,3302833,398197,23245,421442,4454
2021-12-14,San Francisco,075,870044,56597,2484,59081,690
2021-12-14,San Joaquin,077,732212,104292,5644,109936,1963
2021-12-14,San Luis Obispo,079,281455,31187,1368,32555,369
2021-12-14,San Mateo,081,765935,57077,1013,58090,601
2021-12-14,Santa Barbara,083,443738,47010,1634,48644,563
2021-12-14,Santa Clara,085,1922200,155595,1727,157322,1971
2021-12-14,Santa Cruz,087,273765,22027,1039,23066,229
2021-12-14,Shasta,089,179085,22890,3724,26614,443
2021-12-14,Sierra,091,2930,201,21,222,3
2021-12-14,Siskiyou,093,43540,3498,1365,4863,61
2021-12-14,Solano,095,438530,47837,1362,49199,387
2021-12-14,Sonoma,097,501317,44019,593,44612,419
2021-12-14,Stanislaus,099,539301,82442,9351,91793,1421
2021-12-14,Sutter,101,95872,14417,407,14824,192
2021-12-14,Tehama,103,63373,8901,1541,10442,165
2021-12-14,Trinity,105,12862,911,220,1131,18
2021-12-14,Tulare,107,460477,71900,16354,88254,1291
2021-12-14,Tuolumne,109,53932,7869,115,7984,150
2021-12-14,Ventura,111,848112,102350,4500,106850,1207
2021-12-14,Yolo,113,214977,21093,1081,22174,294
2021-12-14,Yuba,115,75493,10659,401,11060,102
2021-12-13,Alameda,001,1643700,125035,2955,127990,1531
2021-12-13,Alpine,002,1148,107,0,107,0
2021-12-13,Amador,005,37829,5822,73,5895,70
2021-12-13,Butte,007,227075,22097,4122,26219,354
2021-12-13,Calaveras,009,45235,4549,64,4613,90
2021-12-13,Colusa,011,21464,2651,683,3334,21
2021-12-13,Contra Costa,013,1133247,103893,2358,106251,1076
2021-12-13,Del Norte,015,27424,3809,55,3864,42
2021-12-13,El Dorado,017,186661,17159,1816,18975,175
2021-12-13,Fresno,019,978130,148167,13310,161477,2401
2021-12-13,Glenn,021,27897,3620,1051,4671,41
2021-12-13,Humboldt,023,135768,9937,712,10649,120
2021-12-13,Imperial,025,180216,36527,3831,40358,808
2021-12-13,Inyo,027,18085,2622,39,2661,48
2021-12-13,Kern,029,883053,134494,24285,158779,1999
2021-12-13,Kings,031,150075,33990,2042,36032,383
2021-12-13,Lake,033,64148,7020,162,7182,116
2021-12-13,Lassen,035,31185,7091,424,7515,54
2021-12-13,Los Angeles,037,10098052,1494266,56175,1550441,27265
2021-12-13,Madera,039,155013,24715,2337,27052,331
2021-12-13,Marin,041,260295,10201,494,10695,199
2021-12-13,Mariposa,043,17540,1479,61,1540,21
2021-12-13,Mendocino,045,87422,8294,687,8981,101
2021-12-13,Merced,047,269075,43896,2185,46081,687
2021-12-13,Modoc,049,8938,595,202,797,6
2021-12-13,Mono,051,14174,1964,23,1987,4
2021-12-13,Monterey,053,433212,50571,3341,53912,639
2021-12-13,Napa,055,140530,13611,130,13741,107
2021-12-13,Nevada,057,99092,10044,350,10394,109
2021-12-13,Orange,059,3164182,319977,16472,336449,5989
2021-12-13,Placer,061,380077,39610,3933,43543,495
2021-12-13,Plumas,063,18699,2011,48,2059,12
2021-12-13,Riverside,065,2383286,382567,16796,399363,5540
2021-12-13,Sacramento,067,1510023,167754,5119,172873,2469
2021-12-13,San Benito,069,59416,7882,183,8065,78
2021-12-13,San Bernardino,071,2135413,373935,11909,385844,6445
2021-12-13,San Diego,073,3302833,397391,23193,420584,4450
2021-12-13,San Francisco,075,870044,56326,2471,58797,690
2021-12-13,San Joaquin,077,732212,104177,5635,109812,1960
2021-12-13,San Luis Obispo,079,281455,31137,1364,32501,368
2021-12-13,San Mateo,081,765935,56918,1004,57922,601
2021-12-13,Santa Barbara,083,443738,46922,1629,48551,562
2021-12-13,Santa Clara,085,1922200,155330,1716,157046,1970
2021-12-13,Santa Cruz,087,273765,21972,1036,23008,228
2021-12-13,Shasta,089,179085,22869,3722,26591,440
2021-12-13,Sierra,091,2930,201,21,222,3
2021-12-13,Siskiyou,093,43540,3494,1362,4856,61
2021-12-13,Solano,095,438530,47763,1357,49120,385
2021-12-13,Sonoma,097,501317,43923,591,44514,419
2021-12-13,Stanislaus,099,539301,82325,9328,91653,1419
2021-12-13,Sutter,101,95872,14410,407,14817,191
2021-12-13,Tehama,103,63373,8889,1541,10430,165
2021-12-13,Trinity,105,12862,911,220,1131,18
2021-12-13,Tulare,107,460477,71842,16330,88172,1289
2021-12-13,Tuolumne,109,53932,7858,115,7973,150
2021-12-13,Ventura,111,848112,102125,4489,106614,1207
2021-12-13,Yolo,113,214977,21041,1079,22120,294
2021-12-13,Yuba,115,75493,10641,401,11042,102
2021-12-12,Alameda,001,1643700,124753,2943,127696,1530
2021-12-12,Alpine,002,1148,107,0,107,0
2021-12-12,Amador,005,37829,5814,72,5886,69
2021-12-12,Butte,007,227075,22073,4116,26189,353
2021-12-12,Calaveras,009,45235,4538,64,4602,90
2021-12-12,Colusa,011,21464,2646,680,3326,21
2021-12-12,Contra Costa,013,1133247,103704,2355,106059,1076
2021-12-12,Del Norte,015,27424,3806,55,3861,42
2021-12-12,El Dorado,017,186661,17123,1808,18931,174
2021-12-12,Fresno,019,978130,148004,13295,161299,2398
2021-12-12,Glenn,021,27897,3617,1051,4668,41
2021-12-12,Humboldt,023,135768,9912,705,10617,120
2021-12-12,Imperial,025,180216,36393,3800,40193,804
2021-12-12,Inyo,027,18085,2617,39,2656,48
2021-12-12,Kern,029,883053,134328,24244,158572,1995
2021-12-12,Kings,031,150075,33939,2040,35979,383
2021-12-12,Lake,033,64148,7012,161,7173,116
2021-12-12,Lassen,035,31185,7090,424,7514,54
2021-12-12,Los Angeles,037,10098052,1491350,55998,1547348,27250
2021-12-12,Madera,039,155013,24685,2330,27015,330
2021-12-12,Marin,041,260295,10148,490,10638,199
2021-12-12,Mariposa,043,17540,1478,61,1539,21
2021-12-12,Mendocino,045,87422,8281,686,8967,100
2021-12-12,Merced,047,269075,43862,2178,46040,687
2021-12-12,Modoc,049,8938,595,201,796,6
2021-12-12,Mono,051,14174,1960,23,1983,4
2021-12-12,Monterey,053,433212,50517,3315,53832,639
2021-12-12,Napa,055,140530,13568,128,13696,107
2021-12-12,Nevada,057,99092,10018,349,10367,108
2021-12-12,Orange,059,3164182,319468,16408,335876,5986
2021-12-12,Placer,061,380077,39546,3927,43473,494
2021-12-12,Plumas,063,18699,2007,46,2053,12
2021-12-12,Riverside,065,2383286,381891,16771,398662,5534
2021-12-12,Sacramento,067,1510023,167486,5098,172584,2467
2021-12-12,San Benito,069,59416,7862,183,8045,78
2021-12-12,San Bernardino,071,2135413,373287,11885,385172,6436
2021-12-12,San Diego,073,3302833,396496,23155,419651,4446
2021-12-12,San Francisco,075,870044,56070,2459,58529,689
2021-12-12,San Joaquin,077,732212,104037,5625,109662,1957
2021-12-12,San Luis Obispo,079,281455,31084,1362,32446,367
2021-12-12,San Mateo,081,765935,56801,1000,57801,601
2021-12-12,Santa Barbara,083,443738,46847,1627,48474,562
2021-12-12,Santa Clara,085,1922200,155044,1702,156746,1968
2021-12-12,Santa Cruz,087,273765,21923,1034,22957,228
2021-12-12,Shasta,089,179085,22841,3721,26562,440
2021-12-12,Sierra,091,2930,201,21,222,3
2021-12-12,Siskiyou,093,43540,3494,1362,4856,61
2021-12-12,Solano,095,438530,47697,1354,49051,385
2021-12-12,Sonoma,097,501317,43831,588,44419,419
2021-12-12,Stanislaus,099,539301,82225,9315,91540,1418
2021-12-12,Sutter,101,95872,14399,407,14806,191
2021-12-12,Tehama,103,63373,8878,1539,10417,163
2021-12-12,Trinity,105,12862,909,220,1129,18
2021-12-12,Tulare,107,460477,71766,16288,88054,1288
2021-12-12,Tuolumne,109,53932,7841,115,7956,150
2021-12-12,Ventura,111,848112,101931,4475,106406,1207
2021-12-12,Yolo,113,214977,20985,1074,22059,294
2021-12-12,Yuba,115,75493,10627,398,11025,102
2021-12-11,Alameda,001,1643700,124614,2941,127555,1528
2021-12-11,Alpine,002,1148,107,0,107,0
2021-12-11,Amador,005,37829,5809,72,5881,69
2021-12-11,Butte,007,227075,22059,4114,26173,353
2021-12-11,Calaveras,009,45235,4530,63,4593,90
2021-12-11,Colusa,011,21464,2642,679,3321,21
2021-12-11,Contra Costa,013,1133247,103618,2353,105971,1076
2021-12-11,Del Norte,015,27424,3806,55,3861,42
2021-12-11,El Dorado,017,186661,17103,1807,18910,174
2021-12-11,Fresno,019,978130,147915,13286,161201,2394
2021-12-11,Glenn,021,27897,3615,1051,4666,41
2021-12-11,Humboldt,023,135768,9895,702,10597,120
2021-12-11,Imperial,025,180216,36335,3791,40126,803
2021-12-11,Inyo,027,18085,2612,39,2651,48
2021-12-11,Kern,029,883053,134259,24210,158469,1993
2021-12-11,Kings,031,150075,33925,2038,35963,382
2021-12-11,Lake,033,64148,7011,159,7170,116
2021-12-11,Lassen,035,31185,7089,424,7513,54
2021-12-11,Los Angeles,037,10098052,1490136,55908,1546044,27238
2021-12-11,Madera,039,155013,24679,2329,27008,330
2021-12-11,Marin,041,260295,10114,487,10601,199
2021-12-11,Mariposa,043,17540,1477,61,1538,21
2021-12-11,Mendocino,045,87422,8275,686,8961,100
2021-12-11,Merced,047,269075,43843,2177,46020,687
2021-12-11,Modoc,049,8938,595,201,796,6
2021-12-11,Mono,051,14174,1956,23,1979,4
2021-12-11,Monterey,053,433212,50488,3312,53800,635
2021-12-11,Napa,055,140530,13551,128,13679,107
2021-12-11,Nevada,057,99092,10005,349,10354,108
2021-12-11,Orange,059,3164182,319218,16381,335599,5984
2021-12-11,Placer,061,380077,39487,3920,43407,494
2021-12-11,Plumas,063,18699,2001,46,2047,12
2021-12-11,Riverside,065,2383286,381471,16756,398227,5528
2021-12-11,Sacramento,067,1510023,167355,5091,172446,2464
2021-12-11,San Benito,069,59416,7848,183,8031,77
2021-12-11,San Bernardino,071,2135413,372924,11875,384799,6432
2021-12-11,San Diego,073,3302833,396073,23117,419190,4441
2021-12-11,San Francisco,075,870044,55917,2454,58371,688
2021-12-11,San Joaquin,077,732212,103976,5621,109597,1954
2021-12-11,San Luis Obispo,079,281455,31062,1358,32420,367
2021-12-11,San Mateo,081,765935,56722,998,57720,601
2021-12-11,Santa Barbara,083,443738,46812,1627,48439,562
2021-12-11,Santa Clara,085,1922200,154846,1690,156536,1968
2021-12-11,Santa Cruz,087,273765,21899,1034,22933,227
2021-12-11,Shasta,089,179085,22826,3717,26543,439
2021-12-11,Sierra,091,2930,201,21,222,3
2021-12-11,Siskiyou,093,43540,3488,1359,4847,61
2021-12-11,Solano,095,438530,47668,1350,49018,385
2021-12-11,Sonoma,097,501317,43782,588,44370,419
2021-12-11,Stanislaus,099,539301,82176,9306,91482,1416
2021-12-11,Sutter,101,95872,14390,407,14797,190
2021-12-11,Tehama,103,63373,8875,1537,10412,163
2021-12-11,Trinity,105,12862,909,220,1129,18
2021-12-11,Tulare,107,460477,71722,16278,88000,1286
2021-12-11,Tuolumne,109,53932,7832,115,7947,149
2021-12-11,Ventura,111,848112,101856,4468,106324,1207
2021-12-11,Yolo,113,214977,20966,1070,22036,294
2021-12-11,Yuba,115,75493,10615,397,11012,102
2021-12-10,Alameda,001,1643700,124490,2933,127423,1527
2021-12-10,Alpine,002,1148,106,0,106,0
2021-12-10,Amador,005,37829,5802,72,5874,69
2021-12-10,Butte,007,227075,22046,4112,26158,353
2021-12-10,Calaveras,009,45235,4527,63,4590,90
2021-12-10,Colusa,011,21464,2641,679,3320,21
2021-12-10,Contra Costa,013,1133247,103521,2352,105873,1076
2021-12-10,Del Norte,015,27424,3806,55,3861,42
2021-12-10,El Dorado,017,186661,17090,1807,18897,174
2021-12-10,Fresno,019,978130,147827,13275,161102,2390
2021-12-10,Glenn,021,27897,3615,1051,4666,41
2021-12-10,Humboldt,023,135768,9878,700,10578,120
2021-12-10,Imperial,025,180216,36280,3776,40056,802
2021-12-10,Inyo,027,18085,2609,39,2648,48
2021-12-10,Kern,029,883053,134170,24186,158356,1989
2021-12-10,Kings,031,150075,33910,2036,35946,382
2021-12-10,Lake,033,64148,7004,159,7163,116
2021-12-10,Lassen,035,31185,7088,424,7512,54
2021-12-10,Los Angeles,037,10098052,1489047,55822,1544869,27218
2021-12-10,Madera,039,155013,24661,2327,26988,330
2021-12-10,Marin,041,260295,10092,487,10579,199
2021-12-10,Mariposa,043,17540,1474,61,1535,21
2021-12-10,Mendocino,045,87422,8268,685,8953,100
2021-12-10,Merced,047,269075,43825,2175,46000,685
2021-12-10,Modoc,049,8938,595,201,796,6
2021-12-10,Mono,051,14174,1953,23,1976,4
2021-12-10,Monterey,053,433212,50451,3306,53757,635
2021-12-10,Napa,055,140530,13539,127,13666,107
2021-12-10,Nevada,057,99092,9996,349,10345,108
2021-12-10,Orange,059,3164182,318950,16349,335299,5982
2021-12-10,Placer,061,380077,39446,3917,43363,494
2021-12-10,Plumas,063,18699,1999,46,2045,12
2021-12-10,Riverside,065,2383286,381060,16746,397806,5519
2021-12-10,Sacramento,067,1510023,167203,5089,172292,2461
2021-12-10,San Benito,069,59416,7844,183,8027,77
2021-12-10,San Bernardino,071,2135413,372552,11852,384404,6424
2021-12-10,San Diego,073,3302833,395593,23103,418696,4438
2021-12-10,San Francisco,075,870044,55832,2448,58280,688
2021-12-10,San Joaquin,077,732212,103920,5617,109537,1954
2021-12-10,San Luis Obispo,079,281455,31052,1355,32407,367
2021-12-10,San Mateo,081,765935,56665,995,57660,600
2021-12-10,Santa Barbara,083,443738,46776,1626,48402,562
2021-12-10,Santa Clara,085,1922200,154676,1677,156353,1967
2021-12-10,Santa Cruz,087,273765,21879,1033,22912,227
2021-12-10,Shasta,089,179085,22815,3714,26529,439
2021-12-10,Sierra,091,2930,201,21,222,3
2021-12-10,Siskiyou,093,43540,3481,1359,4840,61
2021-12-10,Solano,095,438530,47626,1346,48972,384
2021-12-10,Sonoma,097,501317,43748,587,44335,419
2021-12-10,Stanislaus,099,539301,82110,9300,91410,1415
2021-12-10,Sutter,101,95872,14382,407,14789,190
2021-12-10,Tehama,103,63373,8873,1535,10408,162
2021-12-10,Trinity,105,12862,909,220,1129,18
2021-12-10,Tulare,107,460477,71693,16254,87947,1285
2021-12-10,Tuolumne,109,53932,7826,115,7941,149
2021-12-10,Ventura,111,848112,101752,4465,106217,1207
2021-12-10,Yolo,113,214977,20952,1068,22020,294
2021-12-10,Yuba,115,75493,10603,396,10999,101
2021-12-09,Alameda,001,1643700,124346,2928,127274,1526
2021-12-09,Alpine,002,1148,106,0,106,0
2021-12-09,Amador,005,37829,5799,71,5870,69
2021-12-09,Butte,007,227075,22026,4108,26134,351
2021-12-09,Calaveras,009,45235,4518,63,4581,90
2021-12-09,Colusa,011,21464,2639,679,3318,21
2021-12-09,Contra Costa,013,1133247,103402,2346,105748,1076
2021-12-09,Del Norte,015,27424,3805,55,3860,42
2021-12-09,El Dorado,017,186661,17062,1802,18864,174
2021-12-09,Fresno,019,978130,147679,13262,160941,2389
2021-12-09,Glenn,021,27897,3615,1051,4666,41
2021-12-09,Humboldt,023,135768,9855,699,10554,120
2021-12-09,Imperial,025,180216,36209,3747,39956,802
2021-12-09,Inyo,027,18085,2607,39,2646,48
2021-12-09,Kern,029,883053,134044,24153,158197,1988
2021-12-09,Kings,031,150075,33883,2033,35916,382
2021-12-09,Lake,033,64148,6995,159,7154,116
2021-12-09,Lassen,035,31185,7086,424,7510,54
2021-12-09,Los Angeles,037,10098052,1487506,55738,1543244,27210
2021-12-09,Madera,039,155013,24636,2324,26960,329
2021-12-09,Marin,041,260295,10078,485,10563,199
2021-12-09,Mariposa,043,17540,1473,61,1534,21
2021-12-09,Mendocino,045,87422,8255,682,8937,100
2021-12-09,Merced,047,269075,43787,2163,45950,685
2021-12-09,Modoc,049,8938,595,201,796,6
2021-12-09,Mono,051,14174,1949,23,1972,4
2021-12-09,Monterey,053,433212,50405,3295,53700,635
2021-12-09,Napa,055,140530,13519,123,13642,107
2021-12-09,Nevada,057,99092,9977,349,10326,107
2021-12-09,Orange,059,3164182,318613,16310,334923,5979
2021-12-09,Placer,061,380077,39402,3904,43306,493
2021-12-09,Plumas,063,18699,1991,46,2037,12
2021-12-09,Riverside,065,2383286,380509,16730,397239,5510
2021-12-09,Sacramento,067,1510023,166982,5074,172056,2460
2021-12-09,San Benito,069,59416,7831,182,8013,77
2021-12-09,San Bernardino,071,2135413,372037,11828,383865,6415
2021-12-09,San Diego,073,3302833,394947,23073,418020,4431
2021-12-09,San Francisco,075,870044,55747,2441,58188,688
2021-12-09,San Joaquin,077,732212,103828,5612,109440,1950
2021-12-09,San Luis Obispo,079,281455,31024,1352,32376,367
2021-12-09,San Mateo,081,765935,56577,993,57570,600
2021-12-09,Santa Barbara,083,443738,46696,1620,48316,562
2021-12-09,Santa Clara,085,1922200,154459,1666,156125,1966
2021-12-09,Santa Cruz,087,273765,21851,1033,22884,227
2021-12-09,Shasta,089,179085,22799,3713,26512,439
2021-12-09,Sierra,091,2930,201,21,222,3
2021-12-09,Siskiyou,093,43540,3477,1358,4835,60
2021-12-09,Solano,095,438530,47589,1344,48933,384
2021-12-09,Sonoma,097,501317,43692,585,44277,419
2021-12-09,Stanislaus,099,539301,82039,9285,91324,1413
2021-12-09,Sutter,101,95872,14367,407,14774,190
2021-12-09,Tehama,103,63373,8866,1533,10399,162
2021-12-09,Trinity,105,12862,909,220,1129,18
2021-12-09,Tulare,107,460477,71637,16226,87863,1283
2021-12-09,Tuolumne,109,53932,7815,114,7929,149
2021-12-09,Ventura,111,848112,101606,4453,106059,1205
2021-12-09,Yolo,113,214977,20929,1060,21989,294
2021-12-09,Yuba,115,75493,10595,393,10988,101
2021-12-08,Alameda,001,1643700,124195,2918,127113,1526
2021-12-08,Alpine,002,1148,106,0,106,0
2021-12-08,Amador,005,37829,5794,71,5865,69
2021-12-08,Butte,007,227075,22009,4105,26114,351
2021-12-08,Calaveras,009,45235,4510,63,4573,90
2021-12-08,Colusa,011,21464,2636,678,3314,21
2021-12-08,Contra Costa,013,1133247,103273,2346,105619,1076
2021-12-08,Del Norte,015,27424,3804,55,3859,41
2021-12-08,El Dorado,017,186661,17030,1802,18832,174
2021-12-08,Fresno,019,978130,147518,13248,160766,2385
2021-12-08,Glenn,021,27897,3615,1048,4663,41
2021-12-08,Humboldt,023,135768,9834,697,10531,120
2021-12-08,Imperial,025,180216,36128,3717,39845,801
2021-12-08,Inyo,027,18085,2604,39,2643,48
2021-12-08,Kern,029,883053,133921,24105,158026,1985
2021-12-08,Kings,031,150075,33848,2032,35880,379
2021-12-08,Lake,033,64148,6989,158,7147,116
2021-12-08,Lassen,035,31185,7085,422,7507,54
2021-12-08,Los Angeles,037,10098052,1485959,55627,1541586,27195
2021-12-08,Madera,039,155013,24615,2317,26932,328
2021-12-08,Marin,041,260295,10057,482,10539,199
2021-12-08,Mariposa,043,17540,1470,61,1531,21
2021-12-08,Mendocino,045,87422,8242,681,8923,100
2021-12-08,Merced,047,269075,43755,2156,45911,684
2021-12-08,Modoc,049,8938,595,201,796,6
2021-12-08,Mono,051,14174,1943,23,1966,4
2021-12-08,Monterey,053,433212,50338,3282,53620,635
2021-12-08,Napa,055,140530,13505,123,13628,107
2021-12-08,Nevada,057,99092,9961,349,10310,107
2021-12-08,Orange,059,3164182,318266,16273,334539,5977
2021-12-08,Placer,061,380077,39350,3900,43250,491
2021-12-08,Plumas,063,18699,1989,46,2035,12
2021-12-08,Riverside,065,2383286,379996,16707,396703,5505
2021-12-08,Sacramento,067,1510023,166727,5047,171774,2456
2021-12-08,San Benito,069,59416,7822,182,8004,77
2021-12-08,San Bernardino,071,2135413,371555,11804,383359,6404
2021-12-08,San Diego,073,3302833,394297,23042,417339,4427
2021-12-08,San Francisco,075,870044,55660,2433,58093,688
2021-12-08,San Joaquin,077,732212,103726,5603,109329,1949
2021-12-08,San Luis Obispo,079,281455,30975,1347,32322,367
2021-12-08,San Mateo,081,765935,56510,987,57497,600
2021-12-08,Santa Barbara,083,443738,46641,1617,48258,561
2021-12-08,Santa Clara,085,1922200,154296,1655,155951,1966
2021-12-08,Santa Cruz,087,273765,21804,1031,22835,227
2021-12-08,Shasta,089,179085,22779,3707,26486,439
2021-12-08,Sierra,091,2930,201,21,222,3
2021-12-08,Siskiyou,093,43540,3476,1356,4832,60
2021-12-08,Solano,095,438530,47559,1343,48902,384
2021-12-08,Sonoma,097,501317,43630,584,44214,419
2021-12-08,Stanislaus,099,539301,81958,9272,91230,1413
2021-12-08,Sutter,101,95872,14351,405,14756,190
2021-12-08,Tehama,103,63373,8857,1533,10390,162
2021-12-08,Trinity,105,12862,909,220,1129,18
2021-12-08,Tulare,107,460477,71574,16201,87775,1281
2021-12-08,Tuolumne,109,53932,7802,114,7916,147
2021-12-08,Ventura,111,848112,101477,4450,105927,1203
2021-12-08,Yolo,113,214977,20902,1055,21957,294
2021-12-08,Yuba,115,75493,10581,390,10971,101
2021-12-07,Alameda,001,1643700,124020,2910,126930,1524
2021-12-07,Alpine,002,1148,106,0,106,0
2021-12-07,Amador,005,37829,5791,70,5861,69
2021-12-07,Butte,007,227075,21985,4099,26084,349
2021-12-07,Calaveras,009,45235,4493,63,4556,90
2021-12-07,Colusa,011,21464,2634,678,3312,21
2021-12-07,Contra Costa,013,1133247,103152,2338,105490,1076
2021-12-07,Del Norte,015,27424,3803,55,3858,41
2021-12-07,El Dorado,017,186661,17005,1799,18804,174
2021-12-07,Fresno,019,978130,147369,13234,160603,2382
2021-12-07,Glenn,021,27897,3614,1048,4662,41
2021-12-07,Humboldt,023,135768,9808,692,10500,120
2021-12-07,Imperial,025,180216,36050,3696,39746,798
2021-12-07,Inyo,027,18085,2601,39,2640,48
2021-12-07,Kern,029,883053,133761,24052,157813,1983
2021-12-07,Kings,031,150075,33816,2029,35845,378
2021-12-07,Lake,033,64148,6985,158,7143,116
2021-12-07,Lassen,035,31185,7083,421,7504,54
2021-12-07,Los Angeles,037,10098052,1484183,55527,1539710,27185
2021-12-07,Madera,039,155013,24592,2310,26902,328
2021-12-07,Marin,041,260295,10024,477,10501,199
2021-12-07,Mariposa,043,17540,1468,61,1529,21
2021-12-07,Mendocino,045,87422,8223,681,8904,99
2021-12-07,Merced,047,269075,43714,2149,45863,683
2021-12-07,Modoc,049,8938,595,200,795,6
2021-12-07,Mono,051,14174,1941,23,1964,4
2021-12-07,Monterey,053,433212,50254,3264,53518,634
2021-12-07,Napa,055,140530,13486,123,13609,107
2021-12-07,Nevada,057,99092,9946,348,10294,107
2021-12-07,Orange,059,3164182,317931,16224,334155,5973
2021-12-07,Placer,061,380077,39275,3896,43171,491
2021-12-07,Plumas,063,18699,1985,46,2031,12
2021-12-07,Riverside,065,2383286,379464,16691,396155,5503
2021-12-07,Sacramento,067,1510023,166479,5033,171512,2454
2021-12-07,San Benito,069,59416,7805,182,7987,77
2021-12-07,San Bernardino,071,2135413,370962,11786,382748,6401
2021-12-07,San Diego,073,3302833,393453,23005,416458,4421
2021-12-07,San Francisco,075,870044,55548,2428,57976,688
2021-12-07,San Joaquin,077,732212,103609,5591,109200,1947
2021-12-07,San Luis Obispo,079,281455,30935,1345,32280,366
2021-12-07,San Mateo,081,765935,56418,981,57399,599
2021-12-07,Santa Barbara,083,443738,46569,1615,48184,561
2021-12-07,Santa Clara,085,1922200,154111,1646,155757,1966
2021-12-07,Santa Cruz,087,273765,21757,1031,22788,227
2021-12-07,Shasta,089,179085,22757,3704,26461,437
2021-12-07,Sierra,091,2930,201,21,222,3
2021-12-07,Siskiyou,093,43540,3474,1356,4830,60
2021-12-07,Solano,095,438530,47520,1341,48861,383
2021-12-07,Sonoma,097,501317,43555,583,44138,418
2021-12-07,Stanislaus,099,539301,81880,9261,91141,1411
2021-12-07,Sutter,101,95872,14343,404,14747,190
2021-12-07,Tehama,103,63373,8849,1532,10381,160
2021-12-07,Trinity,105,12862,909,220,1129,18
2021-12-07,Tulare,107,460477,71519,16174,87693,1279
2021-12-07,Tuolumne,109,53932,7794,114,7908,147
2021-12-07,Ventura,111,848112,101380,4440,105820,1201
2021-12-07,Yolo,113,214977,20875,1053,21928,294
2021-12-07,Yuba,115,75493,10564,389,10953,101
2021-12-06,Alameda,001,1643700,123854,2906,126760,1523
2021-12-06,Alpine,002,1148,106,0,106,0
2021-12-06,Amador,005,37829,5784,69,5853,69
2021-12-06,Butte,007,227075,21967,4096,26063,349
2021-12-06,Calaveras,009,45235,4486,63,4549,90
2021-12-06,Colusa,011,21464,2633,674,3307,21
2021-12-06,Contra Costa,013,1133247,103032,2334,105366,1074
2021-12-06,Del Norte,015,27424,3801,55,3856,41
2021-12-06,El Dorado,017,186661,16980,1797,18777,174
2021-12-06,Fresno,019,978130,147172,13222,160394,2379
2021-12-06,Glenn,021,27897,3611,1047,4658,41
2021-12-06,Humboldt,023,135768,9787,685,10472,120
2021-12-06,Imperial,025,180216,35969,3678,39647,797
2021-12-06,Inyo,027,18085,2595,38,2633,47
2021-12-06,Kern,029,883053,133573,23996,157569,1979
2021-12-06,Kings,031,150075,33783,2024,35807,377
2021-12-06,Lake,033,64148,6981,158,7139,116
2021-12-06,Lassen,035,31185,7078,419,7497,54
2021-12-06,Los Angeles,037,10098052,1482521,55434,1537955,27171
2021-12-06,Madera,039,155013,24565,2307,26872,327
2021-12-06,Marin,041,260295,9996,475,10471,199
2021-12-06,Mariposa,043,17540,1465,61,1526,21
2021-12-06,Mendocino,045,87422,8210,677,8887,99
2021-12-06,Merced,047,269075,43674,2139,45813,683
2021-12-06,Modoc,049,8938,595,200,795,6
2021-12-06,Mono,051,14174,1936,23,1959,4
2021-12-06,Monterey,053,433212,50176,3245,53421,633
2021-12-06,Napa,055,140530,13463,121,13584,107
2021-12-06,Nevada,057,99092,9918,347,10265,107
2021-12-06,Orange,059,3164182,317551,16181,333732,5968
2021-12-06,Placer,061,380077,39222,3891,43113,491
2021-12-06,Plumas,063,18699,1977,46,2023,12
2021-12-06,Riverside,065,2383286,378939,16677,395616,5500
2021-12-06,Sacramento,067,1510023,166203,5012,171215,2449
2021-12-06,San Benito,069,59416,7789,182,7971,77
2021-12-06,San Bernardino,071,2135413,370402,11759,382161,6392
2021-12-06,San Diego,073,3302833,392607,22960,415567,4417
2021-12-06,San Francisco,075,870044,55438,2423,57861,686
2021-12-06,San Joaquin,077,732212,103481,5584,109065,1945
2021-12-06,San Luis Obispo,079,281455,30898,1343,32241,365
2021-12-06,San Mateo,081,765935,56344,978,57322,599
2021-12-06,Santa Barbara,083,443738,46476,1614,48090,561
2021-12-06,Santa Clara,085,1922200,153901,1629,155530,1963
2021-12-06,Santa Cruz,087,273765,21722,1028,22750,227
2021-12-06,Shasta,089,179085,22734,3696,26430,435
2021-12-06,Sierra,091,2930,200,21,221,3
2021-12-06,Siskiyou,093,43540,3472,1351,4823,59
2021-12-06,Solano,095,438530,47475,1340,48815,383
2021-12-06,Sonoma,097,501317,43484,575,44059,418
2021-12-06,Stanislaus,099,539301,81783,9227,91010,1409
2021-12-06,Sutter,101,95872,14331,404,14735,190
2021-12-06,Tehama,103,63373,8841,1532,10373,160
2021-12-06,Trinity,105,12862,909,219,1128,18
2021-12-06,Tulare,107,460477,71442,16134,87576,1277
2021-12-06,Tuolumne,109,53932,7780,114,7894,147
2021-12-06,Ventura,111,848112,101279,4432,105711,1200
2021-12-06,Yolo,113,214977,20850,1053,21903,293
2021-12-06,Yuba,115,75493,10549,384,10933,101
2021-12-05,Alameda,001,1643700,123669,2899,126568,1523
2021-12-05,Alpine,002,1148,105,0,105,0
2021-12-05,Amador,005,37829,5781,69,5850,69
2021-12-05,Butte,007,227075,21933,4090,26023,347
2021-12-05,Calaveras,009,45235,4470,63,4533,90
2021-12-05,Colusa,011,21464,2632,673,3305,21
2021-12-05,Contra Costa,013,1133247,102899,2324,105223,1073
2021-12-05,Del Norte,015,27424,3799,55,3854,41
2021-12-05,El Dorado,017,186661,16941,1792,18733,174
2021-12-05,Fresno,019,978130,146998,13201,160199,2376
2021-12-05,Glenn,021,27897,3609,1046,4655,40
2021-12-05,Humboldt,023,135768,9756,682,10438,120
2021-12-05,Imperial,025,180216,35874,3649,39523,796
2021-12-05,Inyo,027,18085,2588,38,2626,47
2021-12-05,Kern,029,883053,133409,23944,157353,1978
2021-12-05,Kings,031,150075,33719,2024,35743,377
2021-12-05,Lake,033,64148,6977,157,7134,116
2021-12-05,Lassen,035,31185,7076,419,7495,54
2021-12-05,Los Angeles,037,10098052,1480675,55300,1535975,27162
2021-12-05,Madera,039,155013,24524,2304,26828,327
2021-12-05,Marin,041,260295,9949,467,10416,199
2021-12-05,Mariposa,043,17540,1462,60,1522,21
2021-12-05,Mendocino,045,87422,8191,671,8862,99
2021-12-05,Merced,047,269075,43629,2129,45758,682
2021-12-05,Modoc,049,8938,595,200,795,6
2021-12-05,Mono,051,14174,1929,23,1952,4
2021-12-05,Monterey,053,433212,50104,3213,53317,633
2021-12-05,Napa,055,140530,13437,118,13555,107
2021-12-05,Nevada,057,99092,9897,346,10243,107
2021-12-05,Orange,059,3164182,317114,16139,333253,5965
2021-12-05,Placer,061,380077,39163,3882,43045,491
2021-12-05,Plumas,063,18699,1973,45,2018,12
2021-12-05,Riverside,065,2383286,378281,16647,394928,5496
2021-12-05,Sacramento,067,1510023,165900,4994,170894,2448
2021-12-05,San Benito,069,59416,7772,181,7953,77
2021-12-05,San Bernardino,071,2135413,369695,11712,381407,6384
2021-12-05,San Diego,073,3302833,391813,22911,414724,4412
2021-12-05,San Francisco,075,870044,55335,2421,57756,686
2021-12-05,San Joaquin,077,732212,103340,5579,108919,1943
2021-12-05,San Luis Obispo,079,281455,30828,1340,32168,365
2021-12-05,San Mateo,081,765935,56255,968,57223,598
2021-12-05,Santa Barbara,083,443738,46393,1606,47999,560
2021-12-05,Santa Clara,085,1922200,153647,1611,155258,1962
2021-12-05,Santa Cruz,087,273765,21672,1028,22700,227
2021-12-05,Shasta,089,179085,22677,3695,26372,433
2021-12-05,Sierra,091,2930,200,21,221,3
2021-12-05,Siskiyou,093,43540,3470,1350,4820,59
2021-12-05,Solano,095,438530,47412,1338,48750,383
2021-12-05,Sonoma,097,501317,43407,570,43977,418
2021-12-05,Stanislaus,099,539301,81646,9217,90863,1406
2021-12-05,Sutter,101,95872,14308,399,14707,189
2021-12-05,Tehama,103,63373,8833,1530,10363,160
2021-12-05,Trinity,105,12862,908,219,1127,18
2021-12-05,Tulare,107,460477,71360,16086,87446,1277
2021-12-05,Tuolumne,109,53932,7767,114,7881,146
2021-12-05,Ventura,111,848112,101144,4419,105563,1200
2021-12-05,Yolo,113,214977,20807,1052,21859,293
2021-12-05,Yuba,115,75493,10536,377,10913,101
2021-12-04,Alameda,001,1643700,123555,2896,126451,1522
2021-12-04,Alpine,002,1148,105,0,105,0
2021-12-04,Amador,005,37829,5778,69,5847,68
2021-12-04,Butte,007,227075,21914,4086,26000,346
2021-12-04,Calaveras,009,45235,4462,62,4524,90
2021-12-04,Colusa,011,21464,2632,671,3303,21
2021-12-04,Contra Costa,013,1133247,102827,2318,105145,1072
2021-12-04,Del Norte,015,27424,3796,55,3851,41
2021-12-04,El Dorado,017,186661,16932,1792,18724,174
2021-12-04,Fresno,019,978130,146908,13193,160101,2373
2021-12-04,Glenn,021,27897,3609,1046,4655,40
2021-12-04,Humboldt,023,135768,9741,678,10419,120
2021-12-04,Imperial,025,180216,35820,3636,39456,795
2021-12-04,Inyo,027,18085,2583,38,2621,47
2021-12-04,Kern,029,883053,133329,23921,157250,1975
2021-12-04,Kings,031,150075,33696,2023,35719,377
2021-12-04,Lake,033,64148,6968,157,7125,116
2021-12-04,Lassen,035,31185,7075,417,7492,54
2021-12-04,Los Angeles,037,10098052,1479798,55222,1535020,27151
2021-12-04,Madera,039,155013,24510,2300,26810,324
2021-12-04,Marin,041,260295,9928,466,10394,199
2021-12-04,Mariposa,043,17540,1458,60,1518,21
2021-12-04,Mendocino,045,87422,8186,671,8857,99
2021-12-04,Merced,047,269075,43602,2127,45729,681
2021-12-04,Modoc,049,8938,595,200,795,6
2021-12-04,Mono,051,14174,1929,23,1952,4
2021-12-04,Monterey,053,433212,50072,3206,53278,633
2021-12-04,Napa,055,140530,13427,117,13544,107
2021-12-04,Nevada,057,99092,9889,346,10235,105
2021-12-04,Orange,059,3164182,316882,16113,332995,5961
2021-12-04,Placer,061,380077,39121,3875,42996,489
2021-12-04,Plumas,063,18699,1970,45,2015,12
2021-12-04,Riverside,065,2383286,377922,16641,394563,5493
2021-12-04,Sacramento,067,1510023,165756,4986,170742,2445
2021-12-04,San Benito,069,59416,7746,181,7927,77
2021-12-04,San Bernardino,071,2135413,369306,11699,381005,6377
2021-12-04,San Diego,073,3302833,391337,22881,414218,4409
2021-12-04,San Francisco,075,870044,55267,2418,57685,686
2021-12-04,San Joaquin,077,732212,103285,5577,108862,1938
2021-12-04,San Luis Obispo,079,281455,30807,1336,32143,365
2021-12-04,San Mateo,081,765935,56206,965,57171,597
2021-12-04,Santa Barbara,083,443738,46348,1606,47954,560
2021-12-04,Santa Clara,085,1922200,153493,1597,155090,1961
2021-12-04,Santa Cruz,087,273765,21646,1027,22673,227
2021-12-04,Shasta,089,179085,22660,3693,26353,431
2021-12-04,Sierra,091,2930,200,21,221,3
2021-12-04,Siskiyou,093,43540,3468,1350,4818,59
2021-12-04,Solano,095,438530,47392,1337,48729,383
2021-12-04,Sonoma,097,501317,43362,567,43929,418
2021-12-04,Stanislaus,099,539301,81574,9210,90784,1405
2021-12-04,Sutter,101,95872,14300,398,14698,188
2021-12-04,Tehama,103,63373,8831,1530,10361,160
2021-12-04,Trinity,105,12862,907,219,1126,18
2021-12-04,Tulare,107,460477,71322,16057,87379,1274
2021-12-04,Tuolumne,109,53932,7762,114,7876,145
2021-12-04,Ventura,111,848112,101053,4415,105468,1200
2021-12-04,Yolo,113,214977,20784,1050,21834,293
2021-12-04,Yuba,115,75493,10525,376,10901,101
2021-12-03,Alameda,001,1643700,123461,2886,126347,1521
2021-12-03,Alpine,002,1148,105,0,105,0
2021-12-03,Amador,005,37829,5773,68,5841,68
2021-12-03,Butte,007,227075,21901,4081,25982,345
2021-12-03,Calaveras,009,45235,4453,62,4515,90
2021-12-03,Colusa,011,21464,2630,671,3301,21
2021-12-03,Contra Costa,013,1133247,102754,2312,105066,1070
2021-12-03,Del Norte,015,27424,3794,55,3849,41
2021-12-03,El Dorado,017,186661,16903,1790,18693,173
2021-12-03,Fresno,019,978130,146794,13190,159984,2365
2021-12-03,Glenn,021,27897,3608,1045,4653,40
2021-12-03,Humboldt,023,135768,9724,676,10400,120
2021-12-03,Imperial,025,180216,35778,3606,39384,795
2021-12-03,Inyo,027,18085,2576,38,2614,46
2021-12-03,Kern,029,883053,133257,23886,157143,1970
2021-12-03,Kings,031,150075,33669,2023,35692,376
2021-12-03,Lake,033,64148,6968,157,7125,116
2021-12-03,Lassen,035,31185,7073,416,7489,54
2021-12-03,Los Angeles,037,10098052,1478852,55147,1533999,27142
2021-12-03,Madera,039,155013,24484,2296,26780,322
2021-12-03,Marin,041,260295,9894,462,10356,199
2021-12-03,Mariposa,043,17540,1456,60,1516,21
2021-12-03,Mendocino,045,87422,8179,671,8850,99
2021-12-03,Merced,047,269075,43579,2124,45703,681
2021-12-03,Modoc,049,8938,595,200,795,6
2021-12-03,Mono,051,14174,1923,23,1946,4
2021-12-03,Monterey,053,433212,50033,3195,53228,633
2021-12-03,Napa,055,140530,13415,117,13532,107
2021-12-03,Nevada,057,99092,9878,346,10224,105
2021-12-03,Orange,059,3164182,316613,16081,332694,5959
2021-12-03,Placer,061,380077,39083,3869,42952,487
2021-12-03,Plumas,063,18699,1967,45,2012,12
2021-12-03,Riverside,065,2383286,377531,16635,394166,5485
2021-12-03,Sacramento,067,1510023,165575,4972,170547,2441
2021-12-03,San Benito,069,59416,7739,181,7920,77
2021-12-03,San Bernardino,071,2135413,368858,11688,380546,6368
2021-12-03,San Diego,073,3302833,390861,22857,413718,4406
2021-12-03,San Francisco,075,870044,55197,2414,57611,686
2021-12-03,San Joaquin,077,732212,103229,5576,108805,1937
2021-12-03,San Luis Obispo,079,281455,30781,1333,32114,365
2021-12-03,San Mateo,081,765935,56141,962,57103,595
2021-12-03,Santa Barbara,083,443738,46312,1606,47918,560
2021-12-03,Santa Clara,085,1922200,153313,1583,154896,1959
2021-12-03,Santa Cruz,087,273765,21619,1027,22646,227
2021-12-03,Shasta,089,179085,22645,3693,26338,430
2021-12-03,Sierra,091,2930,200,21,221,2
2021-12-03,Siskiyou,093,43540,3465,1348,4813,59
2021-12-03,Solano,095,438530,47350,1336,48686,383
2021-12-03,Sonoma,097,501317,43326,565,43891,418
2021-12-03,Stanislaus,099,539301,81517,9201,90718,1403
2021-12-03,Sutter,101,95872,14287,396,14683,188
2021-12-03,Tehama,103,63373,8830,1529,10359,160
2021-12-03,Trinity,105,12862,907,219,1126,18
2021-12-03,Tulare,107,460477,71283,16026,87309,1270
2021-12-03,Tuolumne,109,53932,7753,114,7867,145
2021-12-03,Ventura,111,848112,100967,4408,105375,1198
2021-12-03,Yolo,113,214977,20767,1049,21816,293
2021-12-03,Yuba,115,75493,10517,376,10893,99
2021-12-02,Alameda,001,1643700,123303,2879,126182,1521
2021-12-02,Alpine,002,1148,105,0,105,0
2021-12-02,Amador,005,37829,5768,67,5835,68
2021-12-02,Butte,007,227075,21876,4076,25952,344
2021-12-02,Calaveras,009,45235,4443,61,4504,90
2021-12-02,Colusa,011,21464,2629,671,3300,21
2021-12-02,Contra Costa,013,1133247,102640,2308,104948,1069
2021-12-02,Del Norte,015,27424,3786,55,3841,41
2021-12-02,El Dorado,017,186661,16882,1788,18670,173
2021-12-02,Fresno,019,978130,146624,13176,159800,2360
2021-12-02,Glenn,021,27897,3608,1042,4650,40
2021-12-02,Humboldt,023,135768,9705,675,10380,120
2021-12-02,Imperial,025,180216,35710,3584,39294,795
2021-12-02,Inyo,027,18085,2571,38,2609,46
2021-12-02,Kern,029,883053,133087,23834,156921,1966
2021-12-02,Kings,031,150075,33615,2021,35636,376
2021-12-02,Lake,033,64148,6964,157,7121,115
2021-12-02,Lassen,035,31185,7069,416,7485,54
2021-12-02,Los Angeles,037,10098052,1477333,55061,1532394,27129
2021-12-02,Madera,039,155013,24447,2287,26734,322
2021-12-02,Marin,041,260295,9864,458,10322,198
2021-12-02,Mariposa,043,17540,1453,60,1513,21
2021-12-02,Mendocino,045,87422,8163,670,8833,99
2021-12-02,Merced,047,269075,43533,2119,45652,680
2021-12-02,Modoc,049,8938,594,200,794,6
2021-12-02,Mono,051,14174,1917,23,1940,4
2021-12-02,Monterey,053,433212,49957,3174,53131,632
2021-12-02,Napa,055,140530,13401,117,13518,107
2021-12-02,Nevada,057,99092,9860,345,10205,105
2021-12-02,Orange,059,3164182,316269,16044,332313,5954
2021-12-02,Placer,061,380077,39015,3864,42879,486
2021-12-02,Plumas,063,18699,1964,45,2009,12
2021-12-02,Riverside,065,2383286,377002,16625,393627,5480
2021-12-02,Sacramento,067,1510023,165348,4962,170310,2438
2021-12-02,San Benito,069,59416,7719,181,7900,77
2021-12-02,San Bernardino,071,2135413,368304,11668,379972,6361
2021-12-02,San Diego,073,3302833,390221,22802,413023,4401
2021-12-02,San Francisco,075,870044,55102,2409,57511,684
2021-12-02,San Joaquin,077,732212,103115,5571,108686,1934
2021-12-02,San Luis Obispo,079,281455,30747,1326,32073,365
2021-12-02,San Mateo,081,765935,56060,954,57014,595
2021-12-02,Santa Barbara,083,443738,46231,1603,47834,560
2021-12-02,Santa Clara,085,1922200,153068,1566,154634,1958
2021-12-02,Santa Cruz,087,273765,21568,1026,22594,227
2021-12-02,Shasta,089,179085,22612,3692,26304,428
2021-12-02,Sierra,091,2930,200,21,221,2
2021-12-02,Siskiyou,093,43540,3464,1341,4805,59
2021-12-02,Solano,095,438530,47300,1334,48634,382
2021-12-02,Sonoma,097,501317,43252,565,43817,418
2021-12-02,Stanislaus,099,539301,81422,9193,90615,1401
2021-12-02,Sutter,101,95872,14274,393,14667,188
2021-12-02,Tehama,103,63373,8823,1527,10350,160
2021-12-02,Trinity,105,12862,907,219,1126,18
2021-12-02,Tulare,107,460477,71195,15976,87171,1267
2021-12-02,Tuolumne,109,53932,7738,113,7851,145
2021-12-02,Ventura,111,848112,100842,4406,105248,1198
2021-12-02,Yolo,113,214977,20739,1049,21788,293
2021-12-02,Yuba,115,75493,10501,373,10874,99
2021-12-01,Alameda,001,1643700,123152,2870,126022,1519
2021-12-01,Alpine,002,1148,105,0,105,0
2021-12-01,Amador,005,37829,5761,67,5828,67
2021-12-01,Butte,007,227075,21858,4071,25929,344
2021-12-01,Calaveras,009,45235,4438,61,4499,90
2021-12-01,Colusa,011,21464,2622,669,3291,21
2021-12-01,Contra Costa,013,1133247,102532,2298,104830,1068
2021-12-01,Del Norte,015,27424,3784,55,3839,41
2021-12-01,El Dorado,017,186661,16861,1786,18647,173
2021-12-01,Fresno,019,978130,146416,13164,159580,2356
2021-12-01,Glenn,021,27897,3602,1041,4643,40
2021-12-01,Humboldt,023,135768,9681,670,10351,120
2021-12-01,Imperial,025,180216,35629,3557,39186,793
2021-12-01,Inyo,027,18085,2567,38,2605,46
2021-12-01,Kern,029,883053,132939,23780,156719,1961
2021-12-01,Kings,031,150075,33565,2020,35585,376
2021-12-01,Lake,033,64148,6956,156,7112,115
2021-12-01,Lassen,035,31185,7064,414,7478,54
2021-12-01,Los Angeles,037,10098052,1475742,54967,1530709,27114
2021-12-01,Madera,039,155013,24416,2278,26694,321
2021-12-01,Marin,041,260295,9826,452,10278,198
2021-12-01,Mariposa,043,17540,1449,60,1509,21
2021-12-01,Mendocino,045,87422,8149,665,8814,98
2021-12-01,Merced,047,269075,43477,2098,45575,679
2021-12-01,Modoc,049,8938,594,200,794,6
2021-12-01,Mono,051,14174,1912,23,1935,4
2021-12-01,Monterey,053,433212,49908,3165,53073,632
2021-12-01,Napa,055,140530,13383,114,13497,107
2021-12-01,Nevada,057,99092,9847,345,10192,105
2021-12-01,Orange,059,3164182,315902,16008,331910,5951
2021-12-01,Placer,061,380077,38958,3858,42816,485
2021-12-01,Plumas,063,18699,1960,45,2005,12
2021-12-01,Riverside,065,2383286,376477,16608,393085,5475
2021-12-01,Sacramento,067,1510023,165135,4945,170080,2433
2021-12-01,San Benito,069,59416,7705,181,7886,77
2021-12-01,San Bernardino,071,2135413,367710,11642,379352,6358
2021-12-01,San Diego,073,3302833,389423,22747,412170,4397
2021-12-01,San Francisco,075,870044,55020,2402,57422,684
2021-12-01,San Joaquin,077,732212,103007,5570,108577,1931
2021-12-01,San Luis Obispo,079,281455,30705,1322,32027,365
2021-12-01,San Mateo,081,765935,55979,951,56930,595
2021-12-01,Santa Barbara,083,443738,46161,1601,47762,558
2021-12-01,Santa Clara,085,1922200,152846,1548,154394,1955
2021-12-01,Santa Cruz,087,273765,21539,1025,22564,227
2021-12-01,Shasta,089,179085,22581,3686,26267,426
2021-12-01,Sierra,091,2930,200,21,221,2
2021-12-01,Siskiyou,093,43540,3461,1341,4802,59
2021-12-01,Solano,095,438530,47255,1334,48589,382
2021-12-01,Sonoma,097,501317,43177,564,43741,418
2021-12-01,Stanislaus,099,539301,81324,9180,90504,1400
2021-12-01,Sutter,101,95872,14259,392,14651,188
2021-12-01,Tehama,103,63373,8813,1527,10340,159
2021-12-01,Trinity,105,12862,902,219,1121,18
2021-12-01,Tulare,107,460477,71120,15936,87056,1263
2021-12-01,Tuolumne,109,53932,7730,113,7843,145
2021-12-01,Ventura,111,848112,100736,4395,105131,1198
2021-12-01,Yolo,113,214977,20711,1049,21760,293
2021-12-01,Yuba,115,75493,10490,373,10863,99
2021-11-30,Alameda,001,1643700,122980,2862,125842,1519
2021-11-30,Alpine,002,1148,105,0,105,0
2021-11-30,Amador,005,37829,5753,67,5820,67
2021-11-30,Butte,007,227075,21829,4060,25889,344
2021-11-30,Calaveras,009,45235,4420,61,4481,90
2021-11-30,Colusa,011,21464,2621,669,3290,21
2021-11-30,Contra Costa,013,1133247,102398,2291,104689,1068
2021-11-30,Del Norte,015,27424,3778,55,3833,41
2021-11-30,El Dorado,017,186661,16833,1780,18613,173
2021-11-30,Fresno,019,978130,146216,13154,159370,2349
2021-11-30,Glenn,021,27897,3597,1040,4637,40
2021-11-30,Humboldt,023,135768,9650,664,10314,120
2021-11-30,Imperial,025,180216,35521,3530,39051,793
2021-11-30,Inyo,027,18085,2558,38,2596,46
2021-11-30,Kern,029,883053,132770,23725,156495,1959
2021-11-30,Kings,031,150075,33513,2016,35529,375
2021-11-30,Lake,033,64148,6950,154,7104,115
2021-11-30,Lassen,035,31185,7060,413,7473,54
2021-11-30,Los Angeles,037,10098052,1473945,54866,1528811,27094
2021-11-30,Madera,039,155013,24382,2273,26655,321
2021-11-30,Marin,041,260295,9783,450,10233,197
2021-11-30,Mariposa,043,17540,1443,60,1503,21
2021-11-30,Mendocino,045,87422,8120,659,8779,98
2021-11-30,Merced,047,269075,43409,2090,45499,679
2021-11-30,Modoc,049,8938,593,200,793,6
2021-11-30,Mono,051,14174,1909,23,1932,4
2021-11-30,Monterey,053,433212,49845,3154,52999,631
2021-11-30,Napa,055,140530,13363,114,13477,107
2021-11-30,Nevada,057,99092,9831,344,10175,105
2021-11-30,Orange,059,3164182,315481,15966,331447,5949
2021-11-30,Placer,061,380077,38857,3849,42706,485
2021-11-30,Plumas,063,18699,1955,44,1999,12
2021-11-30,Riverside,065,2383286,375793,16583,392376,5471
2021-11-30,Sacramento,067,1510023,164853,4923,169776,2428
2021-11-30,San Benito,069,59416,7683,180,7863,77
2021-11-30,San Bernardino,071,2135413,367019,11619,378638,6345
2021-11-30,San Diego,073,3302833,388496,22700,411196,4396
2021-11-30,San Francisco,075,870044,54914,2393,57307,683
2021-11-30,San Joaquin,077,732212,102880,5562,108442,1931
2021-11-30,San Luis Obispo,079,281455,30680,1320,32000,365
2021-11-30,San Mateo,081,765935,55874,941,56815,595
2021-11-30,Santa Barbara,083,443738,46065,1595,47660,557
2021-11-30,Santa Clara,085,1922200,152589,1531,154120,1954
2021-11-30,Santa Cruz,087,273765,21480,1021,22501,226
2021-11-30,Shasta,089,179085,22551,3683,26234,425
2021-11-30,Sierra,091,2930,197,21,218,2
2021-11-30,Siskiyou,093,43540,3457,1338,4795,59
2021-11-30,Solano,095,438530,47191,1328,48519,380
2021-11-30,Sonoma,097,501317,43098,561,43659,417
2021-11-30,Stanislaus,099,539301,81220,9152,90372,1399
2021-11-30,Sutter,101,95872,14248,389,14637,188
2021-11-30,Tehama,103,63373,8806,1526,10332,158
2021-11-30,Trinity,105,12862,901,219,1120,18
2021-11-30,Tulare,107,460477,71034,15891,86925,1263
2021-11-30,Tuolumne,109,53932,7715,113,7828,145
2021-11-30,Ventura,111,848112,100582,4384,104966,1196
2021-11-30,Yolo,113,214977,20666,1046,21712,292
2021-11-30,Yuba,115,75493,10471,368,10839,99
2021-11-29,Alameda,001,1643700,122819,2853,125672,1519
2021-11-29,Alpine,002,1148,105,0,105,0
2021-11-29,Amador,005,37829,5746,67,5813,67
2021-11-29,Butte,007,227075,21798,4053,25851,344
2021-11-29,Calaveras,009,45235,4404,61,4465,90
2021-11-29,Colusa,011,21464,2619,666,3285,21
2021-11-29,Contra Costa,013,1133247,102249,2283,104532,1068
2021-11-29,Del Norte,015,27424,3775,55,3830,41
2021-11-29,El Dorado,017,186661,16816,1776,18592,173
2021-11-29,Fresno,019,978130,146009,13130,159139,2345
2021-11-29,Glenn,021,27897,3594,1039,4633,40
2021-11-29,Humboldt,023,135768,9633,657,10290,120
2021-11-29,Imperial,025,180216,35456,3509,38965,793
2021-11-29,Inyo,027,18085,2553,38,2591,46
2021-11-29,Kern,029,883053,132586,23684,156270,1956
2021-11-29,Kings,031,150075,33460,2012,35472,375
2021-11-29,Lake,033,64148,6938,154,7092,115
2021-11-29,Lassen,035,31185,7057,411,7468,54
2021-11-29,Los Angeles,037,10098052,1472097,54781,1526878,27077
2021-11-29,Madera,039,155013,24346,2265,26611,321
2021-11-29,Marin,041,260295,9735,445,10180,197
2021-11-29,Mariposa,043,17540,1435,60,1495,20
2021-11-29,Mendocino,045,87422,8103,655,8758,98
2021-11-29,Merced,047,269075,43336,2082,45418,677
2021-11-29,Modoc,049,8938,592,200,792,6
2021-11-29,Mono,051,14174,1892,23,1915,4
2021-11-29,Monterey,053,433212,49785,3138,52923,631
2021-11-29,Napa,055,140530,13353,114,13467,107
2021-11-29,Nevada,057,99092,9817,344,10161,105
2021-11-29,Orange,059,3164182,315071,15921,330992,5948
2021-11-29,Placer,061,380077,38792,3844,42636,485
2021-11-29,Plumas,063,18699,1952,44,1996,12
2021-11-29,Riverside,065,2383286,375252,16572,391824,5470
2021-11-29,Sacramento,067,1510023,164603,4891,169494,2426
2021-11-29,San Benito,069,59416,7663,179,7842,77
2021-11-29,San Bernardino,071,2135413,366414,11585,377999,6336
2021-11-29,San Diego,073,3302833,387608,22667,410275,4393
2021-11-29,San Francisco,075,870044,54815,2389,57204,683
2021-11-29,San Joaquin,077,732212,102741,5555,108296,1928
2021-11-29,San Luis Obispo,079,281455,30646,1316,31962,365
2021-11-29,San Mateo,081,765935,55771,937,56708,595
2021-11-29,Santa Barbara,083,443738,45968,1591,47559,557
2021-11-29,Santa Clara,085,1922200,152313,1525,153838,1951
2021-11-29,Santa Cruz,087,273765,21442,1020,22462,225
2021-11-29,Shasta,089,179085,22516,3679,26195,422
2021-11-29,Sierra,091,2930,197,21,218,2
2021-11-29,Siskiyou,093,43540,3454,1331,4785,59
2021-11-29,Solano,095,438530,47140,1326,48466,378
2021-11-29,Sonoma,097,501317,43021,558,43579,417
2021-11-29,Stanislaus,099,539301,81139,9134,90273,1395
2021-11-29,Sutter,101,95872,14232,386,14618,188
2021-11-29,Tehama,103,63373,8801,1521,10322,158
2021-11-29,Trinity,105,12862,896,219,1115,18
2021-11-29,Tulare,107,460477,70954,15857,86811,1260
2021-11-29,Tuolumne,109,53932,7702,113,7815,144
2021-11-29,Ventura,111,848112,100461,4375,104836,1196
2021-11-29,Yolo,113,214977,20621,1044,21665,292
2021-11-29,Yuba,115,75493,10454,367,10821,99
2021-11-28,Alameda,001,1643700,122600,2847,125447,1517
2021-11-28,Alpine,002,1148,105,0,105,0
2021-11-28,Amador,005,37829,5736,67,5803,67
2021-11-28,Butte,007,227075,21757,4050,25807,341
2021-11-28,Calaveras,009,45235,4383,61,4444,90
2021-11-28,Colusa,011,21464,2615,665,3280,21
2021-11-28,Contra Costa,013,1133247,102076,2273,104349,1068
2021-11-28,Del Norte,015,27424,3770,55,3825,41
2021-11-28,El Dorado,017,186661,16775,1775,18550,173
2021-11-28,Fresno,019,978130,145763,13102,158865,2339
2021-11-28,Glenn,021,27897,3591,1037,4628,40
2021-11-28,Humboldt,023,135768,9601,653,10254,120
2021-11-28,Imperial,025,180216,35348,3485,38833,792
2021-11-28,Inyo,027,18085,2546,38,2584,46
2021-11-28,Kern,029,883053,132379,23627,156006,1953
2021-11-28,Kings,031,150075,33387,2006,35393,375
2021-11-28,Lake,033,64148,6928,153,7081,115
2021-11-28,Lassen,035,31185,7048,407,7455,53
2021-11-28,Los Angeles,037,10098052,1469931,54694,1524625,27057
2021-11-28,Madera,039,155013,24297,2258,26555,321
2021-11-28,Marin,041,260295,9688,441,10129,197
2021-11-28,Mariposa,043,17540,1431,60,1491,20
2021-11-28,Mendocino,045,87422,8073,650,8723,97
2021-11-28,Merced,047,269075,43270,2067,45337,675
2021-11-28,Modoc,049,8938,591,200,791,6
2021-11-28,Mono,051,14174,1886,23,1909,4
2021-11-28,Monterey,053,433212,49719,3118,52837,631
2021-11-28,Napa,055,140530,13340,114,13454,106
2021-11-28,Nevada,057,99092,9791,343,10134,104
2021-11-28,Orange,059,3164182,314686,15879,330565,5942
2021-11-28,Placer,061,380077,38711,3825,42536,484
2021-11-28,Plumas,063,18699,1946,43,1989,12
2021-11-28,Riverside,065,2383286,374588,16550,391138,5468
2021-11-28,Sacramento,067,1510023,164245,4868,169113,2424
2021-11-28,San Benito,069,59416,7644,178,7822,77
2021-11-28,San Bernardino,071,2135413,365672,11557,377229,6328
2021-11-28,San Diego,073,3302833,386719,22606,409325,4390
2021-11-28,San Francisco,075,870044,54739,2384,57123,683
2021-11-28,San Joaquin,077,732212,102560,5538,108098,1926
2021-11-28,San Luis Obispo,079,281455,30583,1312,31895,365
2021-11-28,San Mateo,081,765935,55677,933,56610,595
2021-11-28,Santa Barbara,083,443738,45889,1580,47469,556
2021-11-28,Santa Clara,085,1922200,152012,1511,153523,1950
2021-11-28,Santa Cruz,087,273765,21371,1019,22390,225
2021-11-28,Shasta,089,179085,22477,3677,26154,421
2021-11-28,Sierra,091,2930,197,21,218,2
2021-11-28,Siskiyou,093,43540,3448,1327,4775,59
2021-11-28,Solano,095,438530,47078,1325,48403,378
2021-11-28,Sonoma,097,501317,42935,555,43490,417
2021-11-28,Stanislaus,099,539301,81014,9112,90126,1394
2021-11-28,Sutter,101,95872,14211,380,14591,188
2021-11-28,Tehama,103,63373,8793,1517,10310,158
2021-11-28,Trinity,105,12862,895,219,1114,18
2021-11-28,Tulare,107,460477,70857,15805,86662,1255
2021-11-28,Tuolumne,109,53932,7682,113,7795,144
2021-11-28,Ventura,111,848112,100305,4364,104669,1195
2021-11-28,Yolo,113,214977,20577,1044,21621,291
2021-11-28,Yuba,115,75493,10436,365,10801,98
2021-11-27,Alameda,001,1643700,122502,2844,125346,1516
2021-11-27,Alpine,002,1148,105,0,105,0
2021-11-27,Amador,005,37829,5735,67,5802,66
2021-11-27,Butte,007,227075,21734,4045,25779,339
2021-11-27,Calaveras,009,45235,4377,61,4438,90
2021-11-27,Colusa,011,21464,2614,663,3277,21
2021-11-27,Contra Costa,013,1133247,101991,2272,104263,1068
2021-11-27,Del Norte,015,27424,3763,55,3818,41
2021-11-27,El Dorado,017,186661,16741,1774,18515,173
2021-11-27,Fresno,019,978130,145651,13096,158747,2337
2021-11-27,Glenn,021,27897,3587,1036,4623,40
2021-11-27,Humboldt,023,135768,9573,651,10224,119
2021-11-27,Imperial,025,180216,35265,3469,38734,790
2021-11-27,Inyo,027,18085,2543,38,2581,46
2021-11-27,Kern,029,883053,132294,23598,155892,1952
2021-11-27,Kings,031,150075,33365,2003,35368,375
2021-11-27,Lake,033,64148,6925,152,7077,115
2021-11-27,Lassen,035,31185,7046,406,7452,53
2021-11-27,Los Angeles,037,10098052,1468924,54627,1523551,27042
2021-11-27,Madera,039,155013,24276,2253,26529,320
2021-11-27,Marin,041,260295,9649,436,10085,197
2021-11-27,Mariposa,043,17540,1429,60,1489,20
2021-11-27,Mendocino,045,87422,8054,650,8704,96
2021-11-27,Merced,047,269075,43235,2064,45299,673
2021-11-27,Modoc,049,8938,589,200,789,6
2021-11-27,Mono,051,14174,1884,23,1907,4
2021-11-27,Monterey,053,433212,49686,3104,52790,631
2021-11-27,Napa,055,140530,13326,114,13440,105
2021-11-27,Nevada,057,99092,9769,342,10111,104
2021-11-27,Orange,059,3164182,314435,15842,330277,5941
2021-11-27,Placer,061,380077,38650,3819,42469,484
2021-11-27,Plumas,063,18699,1942,43,1985,12
2021-11-27,Riverside,065,2383286,374227,16543,390770,5461
2021-11-27,Sacramento,067,1510023,164087,4865,168952,2420
2021-11-27,San Benito,069,59416,7628,178,7806,76
2021-11-27,San Bernardino,071,2135413,365237,11548,376785,6324
2021-11-27,San Diego,073,3302833,386224,22580,408804,4390
2021-11-27,San Francisco,075,870044,54688,2381,57069,683
2021-11-27,San Joaquin,077,732212,102492,5535,108027,1926
2021-11-27,San Luis Obispo,079,281455,30548,1308,31856,365
2021-11-27,San Mateo,081,765935,55620,930,56550,594
2021-11-27,Santa Barbara,083,443738,45835,1578,47413,556
2021-11-27,Santa Clara,085,1922200,151805,1504,153309,1950
2021-11-27,Santa Cruz,087,273765,21331,1016,22347,225
2021-11-27,Shasta,089,179085,22454,3676,26130,420
2021-11-27,Sierra,091,2930,196,21,217,2
2021-11-27,Siskiyou,093,43540,3445,1325,4770,59
2021-11-27,Solano,095,438530,47042,1322,48364,378
2021-11-27,Sonoma,097,501317,42872,555,43427,417
2021-11-27,Stanislaus,099,539301,80945,9095,90040,1393
2021-11-27,Sutter,101,95872,14203,379,14582,188
2021-11-27,Tehama,103,63373,8791,1516,10307,158
2021-11-27,Trinity,105,12862,895,219,1114,18
2021-11-27,Tulare,107,460477,70804,15789,86593,1254
2021-11-27,Tuolumne,109,53932,7669,113,7782,144
2021-11-27,Ventura,111,848112,100232,4357,104589,1195
2021-11-27,Yolo,113,214977,20549,1042,21591,290
2021-11-27,Yuba,115,75493,10425,365,10790,97
2021-11-26,Alameda,001,1643700,122394,2842,125236,1515
2021-11-26,Alpine,002,1148,105,0,105,0
2021-11-26,Amador,005,37829,5731,67,5798,66
2021-11-26,Butte,007,227075,21710,4040,25750,337
2021-11-26,Calaveras,009,45235,4368,61,4429,90
2021-11-26,Colusa,011,21464,2612,662,3274,21
2021-11-26,Contra Costa,013,1133247,101903,2268,104171,1065
2021-11-26,Del Norte,015,27424,3760,55,3815,41
2021-11-26,El Dorado,017,186661,16724,1771,18495,173
2021-11-26,Fresno,019,978130,145518,13086,158604,2333
2021-11-26,Glenn,021,27897,3584,1036,4620,40
2021-11-26,Humboldt,023,135768,9554,647,10201,119
2021-11-26,Imperial,025,180216,35208,3456,38664,789
2021-11-26,Inyo,027,18085,2543,38,2581,46
2021-11-26,Kern,029,883053,132211,23554,155765,1949
2021-11-26,Kings,031,150075,33341,2001,35342,375
2021-11-26,Lake,033,64148,6923,152,7075,115
2021-11-26,Lassen,035,31185,7040,406,7446,52
2021-11-26,Los Angeles,037,10098052,1468075,54566,1522641,27031
2021-11-26,Madera,039,155013,24249,2251,26500,320
2021-11-26,Marin,041,260295,9620,435,10055,197
2021-11-26,Mariposa,043,17540,1423,59,1482,20
2021-11-26,Mendocino,045,87422,8044,650,8694,96
2021-11-26,Merced,047,269075,43205,2060,45265,671
2021-11-26,Modoc,049,8938,587,200,787,6
2021-11-26,Mono,051,14174,1873,23,1896,4
2021-11-26,Monterey,053,433212,49643,3097,52740,631
2021-11-26,Napa,055,140530,13310,114,13424,105
2021-11-26,Nevada,057,99092,9757,342,10099,104
2021-11-26,Orange,059,3164182,314166,15810,329976,5938
2021-11-26,Placer,061,380077,38605,3811,42416,484
2021-11-26,Plumas,063,18699,1937,43,1980,12
2021-11-26,Riverside,065,2383286,373826,16536,390362,5456
2021-11-26,Sacramento,067,1510023,163974,4860,168834,2419
2021-11-26,San Benito,069,59416,7620,178,7798,76
2021-11-26,San Bernardino,071,2135413,364804,11541,376345,6316
2021-11-26,San Diego,073,3302833,385679,22568,408247,4387
2021-11-26,San Francisco,075,870044,54640,2379,57019,683
2021-11-26,San Joaquin,077,732212,102435,5534,107969,1922
2021-11-26,San Luis Obispo,079,281455,30506,1305,31811,364
2021-11-26,San Mateo,081,765935,55557,929,56486,594
2021-11-26,Santa Barbara,083,443738,45788,1577,47365,556
2021-11-26,Santa Clara,085,1922200,151635,1496,153131,1950
2021-11-26,Santa Cruz,087,273765,21291,1016,22307,225
2021-11-26,Shasta,089,179085,22434,3674,26108,420
2021-11-26,Sierra,091,2930,196,21,217,2
2021-11-26,Siskiyou,093,43540,3442,1324,4766,59
2021-11-26,Solano,095,438530,47000,1321,48321,378
2021-11-26,Sonoma,097,501317,42822,553,43375,417
2021-11-26,Stanislaus,099,539301,80872,9084,89956,1391
2021-11-26,Sutter,101,95872,14190,378,14568,188
2021-11-26,Tehama,103,63373,8789,1515,10304,158
2021-11-26,Trinity,105,12862,894,219,1113,18
2021-11-26,Tulare,107,460477,70758,15757,86515,1254
2021-11-26,Tuolumne,109,53932,7659,113,7772,144
2021-11-26,Ventura,111,848112,100153,4352,104505,1194
2021-11-26,Yolo,113,214977,20529,1036,21565,290
2021-11-26,Yuba,115,75493,10419,365,10784,96
2021-11-25,Alameda,001,1643700,122285,2837,125122,1513
2021-11-25,Alpine,002,1148,105,0,105,0
2021-11-25,Amador,005,37829,5723,67,5790,66
2021-11-25,Butte,007,227075,21692,4038,25730,337
2021-11-25,Calaveras,009,45235,4363,61,4424,90
2021-11-25,Colusa,011,21464,2609,660,3269,21
2021-11-25,Contra Costa,013,1133247,101799,2265,104064,1065
2021-11-25,Del Norte,015,27424,3755,55,3810,41
2021-11-25,El Dorado,017,186661,16705,1771,18476,173
2021-11-25,Fresno,019,978130,145385,13077,158462,2329
2021-11-25,Glenn,021,27897,3581,1035,4616,40
2021-11-25,Humboldt,023,135768,9535,644,10179,119
2021-11-25,Imperial,025,180216,35163,3445,38608,788
2021-11-25,Inyo,027,18085,2541,38,2579,46
2021-11-25,Kern,029,883053,132113,23508,155621,1943
2021-11-25,Kings,031,150075,33313,2000,35313,374
2021-11-25,Lake,033,64148,6916,152,7068,115
2021-11-25,Lassen,035,31185,7038,405,7443,52
2021-11-25,Los Angeles,037,10098052,1467105,54509,1521614,27019
2021-11-25,Madera,039,155013,24213,2250,26463,319
2021-11-25,Marin,041,260295,9593,429,10022,197
2021-11-25,Mariposa,043,17540,1420,59,1479,20
2021-11-25,Mendocino,045,87422,8026,650,8676,96
2021-11-25,Merced,047,269075,43166,2054,45220,671
2021-11-25,Modoc,049,8938,586,200,786,6
2021-11-25,Mono,051,14174,1862,23,1885,4
2021-11-25,Monterey,053,433212,49599,3088,52687,630
2021-11-25,Napa,055,140530,13302,114,13416,105
2021-11-25,Nevada,057,99092,9738,339,10077,104
2021-11-25,Orange,059,3164182,313903,15779,329682,5932
2021-11-25,Placer,061,380077,38558,3806,42364,484
2021-11-25,Plumas,063,18699,1935,43,1978,12
2021-11-25,Riverside,065,2383286,373410,16529,389939,5450
2021-11-25,Sacramento,067,1510023,163795,4854,168649,2414
2021-11-25,San Benito,069,59416,7613,178,7791,75
2021-11-25,San Bernardino,071,2135413,364405,11524,375929,6311
2021-11-25,San Diego,073,3302833,385237,22549,407786,4382
2021-11-25,San Francisco,075,870044,54591,2376,56967,683
2021-11-25,San Joaquin,077,732212,102352,5530,107882,1919
2021-11-25,San Luis Obispo,079,281455,30476,1303,31779,364
2021-11-25,San Mateo,081,765935,55508,927,56435,594
2021-11-25,Santa Barbara,083,443738,45749,1575,47324,556
2021-11-25,Santa Clara,085,1922200,151477,1491,152968,1948
2021-11-25,Santa Cruz,087,273765,21258,1016,22274,225
2021-11-25,Shasta,089,179085,22408,3674,26082,420
2021-11-25,Sierra,091,2930,196,21,217,2
2021-11-25,Siskiyou,093,43540,3439,1324,4763,59
2021-11-25,Solano,095,438530,46963,1320,48283,377
2021-11-25,Sonoma,097,501317,42765,549,43314,417
2021-11-25,Stanislaus,099,539301,80805,9070,89875,1391
2021-11-25,Sutter,101,95872,14174,377,14551,188
2021-11-25,Tehama,103,63373,8781,1515,10296,158
2021-11-25,Trinity,105,12862,894,219,1113,18
2021-11-25,Tulare,107,460477,70690,15731,86421,1252
2021-11-25,Tuolumne,109,53932,7647,113,7760,144
2021-11-25,Ventura,111,848112,100087,4349,104436,1194
2021-11-25,Yolo,113,214977,20498,1033,21531,290
2021-11-25,Yuba,115,75493,10410,364,10774,96
2021-11-24,Alameda,001,1643700,122222,2833,125055,1513
2021-11-24,Alpine,002,1148,105,0,105,0
2021-11-24,Amador,005,37829,5713,67,5780,66
2021-11-24,Butte,007,227075,21676,4037,25713,337
2021-11-24,Calaveras,009,45235,4356,61,4417,89
2021-11-24,Colusa,011,21464,2609,659,3268,21
2021-11-24,Contra Costa,013,1133247,101760,2262,104022,1064
2021-11-24,Del Norte,015,27424,3752,55,3807,41
2021-11-24,El Dorado,017,186661,16693,1770,18463,173
2021-11-24,Fresno,019,978130,145329,13075,158404,2327
2021-11-24,Glenn,021,27897,3576,1034,4610,40
2021-11-24,Humboldt,023,135768,9520,644,10164,119
2021-11-24,Imperial,025,180216,35134,3439,38573,787
2021-11-24,Inyo,027,18085,2538,38,2576,46
2021-11-24,Kern,029,883053,132051,23496,155547,1940
2021-11-24,Kings,031,150075,33299,1999,35298,374
2021-11-24,Lake,033,64148,6912,152,7064,115
2021-11-24,Lassen,035,31185,7038,405,7443,52
2021-11-24,Los Angeles,037,10098052,1466620,54467,1521087,27004
2021-11-24,Madera,039,155013,24190,2244,26434,319
2021-11-24,Marin,041,260295,9581,427,10008,197
2021-11-24,Mariposa,043,17540,1420,59,1479,20
2021-11-24,Mendocino,045,87422,8014,650,8664,96
2021-11-24,Merced,047,269075,43134,2051,45185,671
2021-11-24,Modoc,049,8938,586,200,786,6
2021-11-24,Mono,051,14174,1859,23,1882,4
2021-11-24,Monterey,053,433212,49586,3087,52673,630
2021-11-24,Napa,055,140530,13297,114,13411,105
2021-11-24,Nevada,057,99092,9723,339,10062,104
2021-11-24,Orange,059,3164182,313747,15764,329511,5930
2021-11-24,Placer,061,380077,38524,3803,42327,483
2021-11-24,Plumas,063,18699,1933,43,1976,12
2021-11-24,Riverside,065,2383286,373230,16523,389753,5447
2021-11-24,Sacramento,067,1510023,163723,4854,168577,2412
2021-11-24,San Benito,069,59416,7611,178,7789,75
2021-11-24,San Bernardino,071,2135413,364193,11514,375707,6304
2021-11-24,San Diego,073,3302833,384979,22536,407515,4378
2021-11-24,San Francisco,075,870044,54560,2374,56934,683
2021-11-24,San Joaquin,077,732212,102311,5527,107838,1914
2021-11-24,San Luis Obispo,079,281455,30457,1303,31760,364
2021-11-24,San Mateo,081,765935,55478,926,56404,594
2021-11-24,Santa Barbara,083,443738,45722,1575,47297,555
2021-11-24,Santa Clara,085,1922200,151381,1490,152871,1947
2021-11-24,Santa Cruz,087,273765,21235,1015,22250,225
2021-11-24,Shasta,089,179085,22397,3671,26068,418
2021-11-24,Sierra,091,2930,196,21,217,1
2021-11-24,Siskiyou,093,43540,3436,1324,4760,59
2021-11-24,Solano,095,438530,46935,1318,48253,377
2021-11-24,Sonoma,097,501317,42733,547,43280,417
2021-11-24,Stanislaus,099,539301,80768,9065,89833,1387
2021-11-24,Sutter,101,95872,14161,375,14536,188
2021-11-24,Tehama,103,63373,8778,1514,10292,158
2021-11-24,Trinity,105,12862,894,219,1113,18
2021-11-24,Tulare,107,460477,70666,15711,86377,1250
2021-11-24,Tuolumne,109,53932,7643,113,7756,143
2021-11-24,Ventura,111,848112,100052,4345,104397,1194
2021-11-24,Yolo,113,214977,20489,1033,21522,290
2021-11-24,Yuba,115,75493,10406,363,10769,96
2021-11-23,Alameda,001,1643700,122103,2826,124929,1513
2021-11-23,Alpine,002,1148,105,0,105,0
2021-11-23,Amador,005,37829,5706,67,5773,66
2021-11-23,Butte,007,227075,21647,4033,25680,336
2021-11-23,Calaveras,009,45235,4350,60,4410,89
2021-11-23,Colusa,011,21464,2605,657,3262,21
2021-11-23,Contra Costa,013,1133247,101653,2260,103913,1064
2021-11-23,Del Norte,015,27424,3749,55,3804,41
2021-11-23,El Dorado,017,186661,16662,1767,18429,172
2021-11-23,Fresno,019,978130,145190,13066,158256,2325
2021-11-23,Glenn,021,27897,3571,1034,4605,40
2021-11-23,Humboldt,023,135768,9498,641,10139,119
2021-11-23,Imperial,025,180216,35065,3420,38485,786
2021-11-23,Inyo,027,18085,2534,38,2572,46
2021-11-23,Kern,029,883053,131942,23447,155389,1937
2021-11-23,Kings,031,150075,33257,1998,35255,372
2021-11-23,Lake,033,64148,6907,152,7059,113
2021-11-23,Lassen,035,31185,7035,402,7437,52
2021-11-23,Los Angeles,037,10098052,1465612,54400,1520012,26991
2021-11-23,Madera,039,155013,24164,2242,26406,319
2021-11-23,Marin,041,260295,9552,424,9976,197
2021-11-23,Mariposa,043,17540,1417,59,1476,20
2021-11-23,Mendocino,045,87422,7993,647,8640,96
2021-11-23,Merced,047,269075,43095,2050,45145,671
2021-11-23,Modoc,049,8938,584,200,784,5
2021-11-23,Mono,051,14174,1845,23,1868,4
2021-11-23,Monterey,053,433212,49550,3081,52631,630
2021-11-23,Napa,055,140530,13289,114,13403,105
2021-11-23,Nevada,057,99092,9694,338,10032,104
2021-11-23,Orange,059,3164182,313497,15728,329225,5929
2021-11-23,Placer,061,380077,38465,3786,42251,483
2021-11-23,Plumas,063,18699,1929,43,1972,12
2021-11-23,Riverside,065,2383286,372850,16510,389360,5439
2021-11-23,Sacramento,067,1510023,163537,4843,168380,2408
2021-11-23,San Benito,069,59416,7602,176,7778,75
2021-11-23,San Bernardino,071,2135413,363776,11499,375275,6294
2021-11-23,San Diego,073,3302833,384494,22513,407007,4375
2021-11-23,San Francisco,075,870044,54500,2372,56872,683
2021-11-23,San Joaquin,077,732212,102202,5516,107718,1912
2021-11-23,San Luis Obispo,079,281455,30422,1300,31722,364
2021-11-23,San Mateo,081,765935,55427,925,56352,594
2021-11-23,Santa Barbara,083,443738,45670,1575,47245,553
2021-11-23,Santa Clara,085,1922200,151169,1478,152647,1947
2021-11-23,Santa Cruz,087,273765,21197,1015,22212,225
2021-11-23,Shasta,089,179085,22361,3669,26030,417
2021-11-23,Sierra,091,2930,196,21,217,1
2021-11-23,Siskiyou,093,43540,3431,1323,4754,59
2021-11-23,Solano,095,438530,46881,1314,48195,377
2021-11-23,Sonoma,097,501317,42682,544,43226,416
2021-11-23,Stanislaus,099,539301,80698,9053,89751,1386
2021-11-23,Sutter,101,95872,14145,374,14519,188
2021-11-23,Tehama,103,63373,8765,1513,10278,158
2021-11-23,Trinity,105,12862,893,219,1112,18
2021-11-23,Tulare,107,460477,70619,15681,86300,1246
2021-11-23,Tuolumne,109,53932,7631,112,7743,143
2021-11-23,Ventura,111,848112,99969,4339,104308,1194
2021-11-23,Yolo,113,214977,20466,1027,21493,289
2021-11-23,Yuba,115,75493,10394,363,10757,96
2021-11-22,Alameda,001,1643700,121988,2825,124813,1513
2021-11-22,Alpine,002,1148,105,0,105,0
2021-11-22,Amador,005,37829,5693,67,5760,66
2021-11-22,Butte,007,227075,21608,4028,25636,335
2021-11-22,Calaveras,009,45235,4338,60,4398,89
2021-11-22,Colusa,011,21464,2602,657,3259,21
2021-11-22,Contra Costa,013,1133247,101566,2255,103821,1064
2021-11-22,Del Norte,015,27424,3746,55,3801,41
2021-11-22,El Dorado,017,186661,16639,1764,18403,172
2021-11-22,Fresno,019,978130,145057,13058,158115,2319
2021-11-22,Glenn,021,27897,3566,1033,4599,40
2021-11-22,Humboldt,023,135768,9472,636,10108,119
2021-11-22,Imperial,025,180216,35004,3406,38410,784
2021-11-22,Inyo,027,18085,2528,38,2566,46
2021-11-22,Kern,029,883053,131781,23398,155179,1935
2021-11-22,Kings,031,150075,33220,1993,35213,370
2021-11-22,Lake,033,64148,6902,152,7054,113
2021-11-22,Lassen,035,31185,7033,401,7434,51
2021-11-22,Los Angeles,037,10098052,1464547,54318,1518865,26965
2021-11-22,Madera,039,155013,24130,2234,26364,319
2021-11-22,Marin,041,260295,9520,422,9942,197
2021-11-22,Mariposa,043,17540,1413,59,1472,20
2021-11-22,Mendocino,045,87422,7977,646,8623,94
2021-11-22,Merced,047,269075,43044,2039,45083,670
2021-11-22,Modoc,049,8938,583,200,783,5
2021-11-22,Mono,051,14174,1838,23,1861,4
2021-11-22,Monterey,053,433212,49522,3077,52599,629
2021-11-22,Napa,055,140530,13280,113,13393,104
2021-11-22,Nevada,057,99092,9676,336,10012,104
2021-11-22,Orange,059,3164182,313255,15702,328957,5927
2021-11-22,Placer,061,380077,38417,3778,42195,482
2021-11-22,Plumas,063,18699,1926,43,1969,12
2021-11-22,Riverside,065,2383286,372411,16501,388912,5436
2021-11-22,Sacramento,067,1510023,163345,4834,168179,2404
2021-11-22,San Benito,069,59416,7582,176,7758,74
2021-11-22,San Bernardino,071,2135413,363358,11488,374846,6284
2021-11-22,San Diego,073,3302833,384000,22489,406489,4373
2021-11-22,San Francisco,075,870044,54408,2366,56774,683
2021-11-22,San Joaquin,077,732212,102077,5511,107588,1909
2021-11-22,San Luis Obispo,079,281455,30396,1297,31693,364
2021-11-22,San Mateo,081,765935,55370,923,56293,594
2021-11-22,Santa Barbara,083,443738,45594,1575,47169,553
2021-11-22,Santa Clara,085,1922200,150985,1468,152453,1945
2021-11-22,Santa Cruz,087,273765,21156,1015,22171,225
2021-11-22,Shasta,089,179085,22347,3664,26011,417
2021-11-22,Sierra,091,2930,196,21,217,1
2021-11-22,Siskiyou,093,43540,3426,1321,4747,59
2021-11-22,Solano,095,438530,46832,1312,48144,377
2021-11-22,Sonoma,097,501317,42621,543,43164,416
2021-11-22,Stanislaus,099,539301,80611,9043,89654,1384
2021-11-22,Sutter,101,95872,14129,372,14501,188
2021-11-22,Tehama,103,63373,8758,1508,10266,158
2021-11-22,Trinity,105,12862,892,219,1111,18
2021-11-22,Tulare,107,460477,70559,15645,86204,1242
2021-11-22,Tuolumne,109,53932,7616,112,7728,143
2021-11-22,Ventura,111,848112,99903,4336,104239,1193
2021-11-22,Yolo,113,214977,20443,1025,21468,289
2021-11-22,Yuba,115,75493,10385,362,10747,96
2021-11-21,Alameda,001,1643700,121855,2821,124676,1513
2021-11-21,Alpine,002,1148,103,0,103,0
2021-11-21,Amador,005,37829,5688,66,5754,66
2021-11-21,Butte,007,227075,21566,4023,25589,334
2021-11-21,Calaveras,009,45235,4329,60,4389,89
2021-11-21,Colusa,011,21464,2598,656,3254,21
2021-11-21,Contra Costa,013,1133247,101463,2248,103711,1064
2021-11-21,Del Norte,015,27424,3742,55,3797,41
2021-11-21,El Dorado,017,186661,16612,1758,18370,172
2021-11-21,Fresno,019,978130,144885,13036,157921,2317
2021-11-21,Glenn,021,27897,3561,1033,4594,40
2021-11-21,Humboldt,023,135768,9450,635,10085,118
2021-11-21,Imperial,025,180216,34917,3396,38313,783
2021-11-21,Inyo,027,18085,2521,38,2559,45
2021-11-21,Kern,029,883053,131617,23352,154969,1930
2021-11-21,Kings,031,150075,33182,1989,35171,368
2021-11-21,Lake,033,64148,6895,152,7047,112
2021-11-21,Lassen,035,31185,7024,401,7425,50
2021-11-21,Los Angeles,037,10098052,1463487,54263,1517750,26953
2021-11-21,Madera,039,155013,24105,2229,26334,318
2021-11-21,Marin,041,260295,9491,419,9910,197
2021-11-21,Mariposa,043,17540,1412,58,1470,19
2021-11-21,Mendocino,045,87422,7971,643,8614,94
2021-11-21,Merced,047,269075,42989,2036,45025,667
2021-11-21,Modoc,049,8938,579,200,779,5
2021-11-21,Mono,051,14174,1828,22,1850,4
2021-11-21,Monterey,053,433212,49476,3068,52544,629
2021-11-21,Napa,055,140530,13268,113,13381,104
2021-11-21,Nevada,057,99092,9651,335,9986,104
2021-11-21,Orange,059,3164182,312997,15671,328668,5925
2021-11-21,Placer,061,380077,38339,3777,42116,479
2021-11-21,Plumas,063,18699,1921,43,1964,12
2021-11-21,Riverside,065,2383286,371920,16493,388413,5434
2021-11-21,Sacramento,067,1510023,163127,4824,167951,2401
2021-11-21,San Benito,069,59416,7568,175,7743,74
2021-11-21,San Bernardino,071,2135413,362862,11453,374315,6275
2021-11-21,San Diego,073,3302833,383470,22464,405934,4371
2021-11-21,San Francisco,075,870044,54339,2361,56700,683
2021-11-21,San Joaquin,077,732212,101970,5498,107468,1905
2021-11-21,San Luis Obispo,079,281455,30358,1297,31655,364
2021-11-21,San Mateo,081,765935,55318,921,56239,594
2021-11-21,Santa Barbara,083,443738,45533,1572,47105,551
2021-11-21,Santa Clara,085,1922200,150779,1449,152228,1945
2021-11-21,Santa Cruz,087,273765,21112,1013,22125,225
2021-11-21,Shasta,089,179085,22315,3662,25977,412
2021-11-21,Sierra,091,2930,196,21,217,1
2021-11-21,Siskiyou,093,43540,3421,1320,4741,59
2021-11-21,Solano,095,438530,46776,1305,48081,377
2021-11-21,Sonoma,097,501317,42561,542,43103,416
2021-11-21,Stanislaus,099,539301,80516,9028,89544,1377
2021-11-21,Sutter,101,95872,14115,372,14487,187
2021-11-21,Tehama,103,63373,8752,1507,10259,158
2021-11-21,Trinity,105,12862,890,217,1107,18
2021-11-21,Tulare,107,460477,70475,15607,86082,1242
2021-11-21,Tuolumne,109,53932,7608,111,7719,142
2021-11-21,Ventura,111,848112,99812,4333,104145,1192
2021-11-21,Yolo,113,214977,20415,1022,21437,288
2021-11-21,Yuba,115,75493,10376,362,10738,96
2021-11-20,Alameda,001,1643700,121761,2815,124576,1511
2021-11-20,Alpine,002,1148,103,0,103,0
2021-11-20,Amador,005,37829,5682,65,5747,66
2021-11-20,Butte,007,227075,21551,4019,25570,334
2021-11-20,Calaveras,009,45235,4319,60,4379,89
2021-11-20,Colusa,011,21464,2597,655,3252,21
2021-11-20,Contra Costa,013,1133247,101387,2244,103631,1064
2021-11-20,Del Norte,015,27424,3739,55,3794,41
2021-11-20,El Dorado,017,186661,16591,1756,18347,172
2021-11-20,Fresno,019,978130,144816,13027,157843,2312
2021-11-20,Glenn,021,27897,3560,1032,4592,40
2021-11-20,Humboldt,023,135768,9437,633,10070,118
2021-11-20,Imperial,025,180216,34865,3390,38255,782
2021-11-20,Inyo,027,18085,2520,38,2558,45
2021-11-20,Kern,029,883053,131516,23315,154831,1925
2021-11-20,Kings,031,150075,33172,1989,35161,368
2021-11-20,Lake,033,64148,6892,152,7044,112
2021-11-20,Lassen,035,31185,7023,401,7424,50
2021-11-20,Los Angeles,037,10098052,1462867,54215,1517082,26941
2021-11-20,Madera,039,155013,24091,2225,26316,318
2021-11-20,Marin,041,260295,9476,419,9895,197
2021-11-20,Mariposa,043,17540,1411,58,1469,19
2021-11-20,Mendocino,045,87422,7963,643,8606,94
2021-11-20,Merced,047,269075,42963,2036,44999,666
2021-11-20,Modoc,049,8938,578,200,778,5
2021-11-20,Mono,051,14174,1822,22,1844,4
2021-11-20,Monterey,053,433212,49463,3063,52526,629
2021-11-20,Napa,055,140530,13265,113,13378,104
2021-11-20,Nevada,057,99092,9635,335,9970,104
2021-11-20,Orange,059,3164182,312797,15654,328451,5921
2021-11-20,Placer,061,380077,38297,3772,42069,478
2021-11-20,Plumas,063,18699,1917,43,1960,12
2021-11-20,Riverside,065,2383286,371646,16481,388127,5431
2021-11-20,Sacramento,067,1510023,163023,4820,167843,2398
2021-11-20,San Benito,069,59416,7564,175,7739,74
2021-11-20,San Bernardino,071,2135413,362582,11442,374024,6256
2021-11-20,San Diego,073,3302833,383144,22438,405582,4368
2021-11-20,San Francisco,075,870044,54298,2360,56658,682
2021-11-20,San Joaquin,077,732212,101920,5493,107413,1900
2021-11-20,San Luis Obispo,079,281455,30344,1296,31640,364
2021-11-20,San Mateo,081,765935,55284,920,56204,594
2021-11-20,Santa Barbara,083,443738,45501,1572,47073,551
2021-11-20,Santa Clara,085,1922200,150672,1448,152120,1943
2021-11-20,Santa Cruz,087,273765,21094,1013,22107,225
2021-11-20,Shasta,089,179085,22291,3661,25952,411
2021-11-20,Sierra,091,2930,196,21,217,1
2021-11-20,Siskiyou,093,43540,3418,1320,4738,59
2021-11-20,Solano,095,438530,46755,1305,48060,376
2021-11-20,Sonoma,097,501317,42530,542,43072,416
2021-11-20,Stanislaus,099,539301,80470,9024,89494,1374
2021-11-20,Sutter,101,95872,14108,372,14480,187
2021-11-20,Tehama,103,63373,8747,1507,10254,157
2021-11-20,Trinity,105,12862,886,217,1103,18
2021-11-20,Tulare,107,460477,70436,15586,86022,1237
2021-11-20,Tuolumne,109,53932,7600,111,7711,142
2021-11-20,Ventura,111,848112,99763,4326,104089,1192
2021-11-20,Yolo,113,214977,20406,1019,21425,288
2021-11-20,Yuba,115,75493,10370,361,10731,96
2021-11-19,Alameda,001,1643700,121686,2812,124498,1511
2021-11-19,Alpine,002,1148,103,0,103,0
2021-11-19,Amador,005,37829,5672,65,5737,66
2021-11-19,Butte,007,227075,21528,4012,25540,332
2021-11-19,Calaveras,009,45235,4312,60,4372,89
2021-11-19,Colusa,011,21464,2595,654,3249,20
2021-11-19,Contra Costa,013,1133247,101329,2239,103568,1063
2021-11-19,Del Norte,015,27424,3734,55,3789,41
2021-11-19,El Dorado,017,186661,16569,1754,18323,171
2021-11-19,Fresno,019,978130,144698,13018,157716,2302
2021-11-19,Glenn,021,27897,3559,1031,4590,40
2021-11-19,Humboldt,023,135768,9425,630,10055,118
2021-11-19,Imperial,025,180216,34827,3383,38210,782
2021-11-19,Inyo,027,18085,2516,38,2554,45
2021-11-19,Kern,029,883053,131413,23272,154685,1921
2021-11-19,Kings,031,150075,33147,1987,35134,366
2021-11-19,Lake,033,64148,6889,152,7041,112
2021-11-19,Lassen,035,31185,7018,400,7418,49
2021-11-19,Los Angeles,037,10098052,1462179,54162,1516341,26931
2021-11-19,Madera,039,155013,24070,2220,26290,317
2021-11-19,Marin,041,260295,9458,417,9875,197
2021-11-19,Mariposa,043,17540,1409,58,1467,19
2021-11-19,Mendocino,045,87422,7943,643,8586,94
2021-11-19,Merced,047,269075,42937,2035,44972,666
2021-11-19,Modoc,049,8938,577,200,777,5
2021-11-19,Mono,051,14174,1811,22,1833,4
2021-11-19,Monterey,053,433212,49441,3063,52504,629
2021-11-19,Napa,055,140530,13254,112,13366,104
2021-11-19,Nevada,057,99092,9622,335,9957,104
2021-11-19,Orange,059,3164182,312643,15629,328272,5917
2021-11-19,Placer,061,380077,38260,3768,42028,478
2021-11-19,Plumas,063,18699,1913,43,1956,12
2021-11-19,Riverside,065,2383286,371372,16477,387849,5425
2021-11-19,Sacramento,067,1510023,162898,4816,167714,2397
2021-11-19,San Benito,069,59416,7558,173,7731,74
2021-11-19,San Bernardino,071,2135413,362259,11433,373692,6249
2021-11-19,San Diego,073,3302833,382753,22412,405165,4366
2021-11-19,San Francisco,075,870044,54260,2360,56620,682
2021-11-19,San Joaquin,077,732212,101863,5489,107352,1900
2021-11-19,San Luis Obispo,079,281455,30326,1294,31620,364
2021-11-19,San Mateo,081,765935,55236,916,56152,593
2021-11-19,Santa Barbara,083,443738,45464,1572,47036,551
2021-11-19,Santa Clara,085,1922200,150524,1445,151969,1942
2021-11-19,Santa Cruz,087,273765,21067,1010,22077,225
2021-11-19,Shasta,089,179085,22279,3660,25939,411
2021-11-19,Sierra,091,2930,196,21,217,1
2021-11-19,Siskiyou,093,43540,3415,1320,4735,59
2021-11-19,Solano,095,438530,46724,1301,48025,375
2021-11-19,Sonoma,097,501317,42497,539,43036,415
2021-11-19,Stanislaus,099,539301,80412,9015,89427,1373
2021-11-19,Sutter,101,95872,14106,372,14478,187
2021-11-19,Tehama,103,63373,8744,1507,10251,156
2021-11-19,Trinity,105,12862,884,217,1101,18
2021-11-19,Tulare,107,460477,70395,15560,85955,1233
2021-11-19,Tuolumne,109,53932,7589,111,7700,141
2021-11-19,Ventura,111,848112,99699,4323,104022,1192
2021-11-19,Yolo,113,214977,20394,1018,21412,288
2021-11-19,Yuba,115,75493,10367,361,10728,94
2021-11-18,Alameda,001,1643700,121561,2805,124366,1511
2021-11-18,Alpine,002,1148,103,0,103,0
2021-11-18,Amador,005,37829,5670,65,5735,66
2021-11-18,Butte,007,227075,21511,4005,25516,331
2021-11-18,Calaveras,009,45235,4305,59,4364,89
2021-11-18,Colusa,011,21464,2587,654,3241,20
2021-11-18,Contra Costa,013,1133247,101227,2231,103458,1061
2021-11-18,Del Norte,015,27424,3731,55,3786,41
2021-11-18,El Dorado,017,186661,16548,1751,18299,171
2021-11-18,Fresno,019,978130,144557,13008,157565,2296
2021-11-18,Glenn,021,27897,3558,1030,4588,40
2021-11-18,Humboldt,023,135768,9408,625,10033,118
2021-11-18,Imperial,025,180216,34772,3367,38139,781
2021-11-18,Inyo,027,18085,2508,38,2546,45
2021-11-18,Kern,029,883053,131265,23225,154490,1914
2021-11-18,Kings,031,150075,33110,1984,35094,365
2021-11-18,Lake,033,64148,6884,152,7036,112
2021-11-18,Lassen,035,31185,7015,395,7410,49
2021-11-18,Los Angeles,037,10098052,1461191,54102,1515293,26920
2021-11-18,Madera,039,155013,24045,2216,26261,315
2021-11-18,Marin,041,260295,9441,413,9854,197
2021-11-18,Mariposa,043,17540,1406,58,1464,19
2021-11-18,Mendocino,045,87422,7921,634,8555,94
2021-11-18,Merced,047,269075,42880,2033,44913,663
2021-11-18,Modoc,049,8938,565,200,765,5
2021-11-18,Mono,051,14174,1803,22,1825,4
2021-11-18,Monterey,053,433212,49416,3058,52474,629
2021-11-18,Napa,055,140530,13242,111,13353,104
2021-11-18,Nevada,057,99092,9598,335,9933,104
2021-11-18,Orange,059,3164182,312404,15609,328013,5911
2021-11-18,Placer,061,380077,38218,3757,41975,477
2021-11-18,Plumas,063,18699,1912,43,1955,12
2021-11-18,Riverside,065,2383286,370995,16464,387459,5422
2021-11-18,Sacramento,067,1510023,162670,4801,167471,2390
2021-11-18,San Benito,069,59416,7548,173,7721,74
2021-11-18,San Bernardino,071,2135413,361826,11414,373240,6243
2021-11-18,San Diego,073,3302833,382256,22395,404651,4359
2021-11-18,San Francisco,075,870044,54208,2356,56564,682
2021-11-18,San Joaquin,077,732212,101768,5481,107249,1899
2021-11-18,San Luis Obispo,079,281455,30296,1293,31589,363
2021-11-18,San Mateo,081,765935,55177,913,56090,592
2021-11-18,Santa Barbara,083,443738,45418,1565,46983,551
2021-11-18,Santa Clara,085,1922200,150333,1437,151770,1941
2021-11-18,Santa Cruz,087,273765,21016,1009,22025,223
2021-11-18,Shasta,089,179085,22243,3655,25898,410
2021-11-18,Sierra,091,2930,195,21,216,1
2021-11-18,Siskiyou,093,43540,3415,1316,4731,59
2021-11-18,Solano,095,438530,46681,1299,47980,374
2021-11-18,Sonoma,097,501317,42448,537,42985,415
2021-11-18,Stanislaus,099,539301,80345,9007,89352,1372
2021-11-18,Sutter,101,95872,14095,371,14466,187
2021-11-18,Tehama,103,63373,8739,1507,10246,154
2021-11-18,Trinity,105,12862,883,217,1100,18
2021-11-18,Tulare,107,460477,70322,15516,85838,1227
2021-11-18,Tuolumne,109,53932,7579,111,7690,140
2021-11-18,Ventura,111,848112,99621,4319,103940,1190
2021-11-18,Yolo,113,214977,20377,1014,21391,288
2021-11-18,Yuba,115,75493,10361,361,10722,93
2021-11-17,Alameda,001,1643700,121439,2804,124243,1511
2021-11-17,Alpine,002,1148,103,0,103,0
2021-11-17,Amador,005,37829,5664,65,5729,66
2021-11-17,Butte,007,227075,21485,4002,25487,331
2021-11-17,Calaveras,009,45235,4298,59,4357,89
2021-11-17,Colusa,011,21464,2584,653,3237,20
2021-11-17,Contra Costa,013,1133247,101135,2227,103362,1060
2021-11-17,Del Norte,015,27424,3728,55,3783,41
2021-11-17,El Dorado,017,186661,16528,1750,18278,170
2021-11-17,Fresno,019,978130,144371,12994,157365,2294
2021-11-17,Glenn,021,27897,3556,1028,4584,40
2021-11-17,Humboldt,023,135768,9397,622,10019,117
2021-11-17,Imperial,025,180216,34716,3346,38062,780
2021-11-17,Inyo,027,18085,2502,38,2540,45
2021-11-17,Kern,029,883053,131092,23183,154275,1905
2021-11-17,Kings,031,150075,33083,1980,35063,364
2021-11-17,Lake,033,64148,6880,151,7031,112
2021-11-17,Lassen,035,31185,7013,395,7408,49
2021-11-17,Los Angeles,037,10098052,1460094,54035,1514129,26909
2021-11-17,Madera,039,155013,24012,2214,26226,315
2021-11-17,Marin,041,260295,9421,411,9832,197
2021-11-17,Mariposa,043,17540,1402,58,1460,19
2021-11-17,Mendocino,045,87422,7913,633,8546,94
2021-11-17,Merced,047,269075,42821,2028,44849,663
2021-11-17,Modoc,049,8938,561,200,761,5
2021-11-17,Mono,051,14174,1799,22,1821,4
2021-11-17,Monterey,053,433212,49368,3047,52415,629
2021-11-17,Napa,055,140530,13220,111,13331,103
2021-11-17,Nevada,057,99092,9585,335,9920,104
2021-11-17,Orange,059,3164182,312158,15575,327733,5908
2021-11-17,Placer,061,380077,38169,3749,41918,477
2021-11-17,Plumas,063,18699,1907,43,1950,12
2021-11-17,Riverside,065,2383286,370583,16451,387034,5414
2021-11-17,Sacramento,067,1510023,162501,4794,167295,2386
2021-11-17,San Benito,069,59416,7541,173,7714,74
2021-11-17,San Bernardino,071,2135413,361460,11397,372857,6230
2021-11-17,San Diego,073,3302833,381765,22369,404134,4358
2021-11-17,San Francisco,075,870044,54153,2353,56506,680
2021-11-17,San Joaquin,077,732212,101666,5476,107142,1897
2021-11-17,San Luis Obispo,079,281455,30270,1290,31560,363
2021-11-17,San Mateo,081,765935,55109,910,56019,592
2021-11-17,Santa Barbara,083,443738,45379,1565,46944,549
2021-11-17,Santa Clara,085,1922200,150169,1429,151598,1941
2021-11-17,Santa Cruz,087,273765,20981,1009,21990,223
2021-11-17,Shasta,089,179085,22210,3653,25863,408
2021-11-17,Sierra,091,2930,194,21,215,1
2021-11-17,Siskiyou,093,43540,3411,1313,4724,58
2021-11-17,Solano,095,438530,46648,1298,47946,374
2021-11-17,Sonoma,097,501317,42402,534,42936,415
2021-11-17,Stanislaus,099,539301,80256,8997,89253,1370
2021-11-17,Sutter,101,95872,14081,369,14450,187
2021-11-17,Tehama,103,63373,8729,1504,10233,153
2021-11-17,Trinity,105,12862,882,217,1099,18
2021-11-17,Tulare,107,460477,70251,15489,85740,1226
2021-11-17,Tuolumne,109,53932,7562,111,7673,140
2021-11-17,Ventura,111,848112,99559,4313,103872,1190
2021-11-17,Yolo,113,214977,20358,1012,21370,288
2021-11-17,Yuba,115,75493,10349,357,10706,93
2021-11-16,Alameda,001,1643700,121331,2800,124131,1509
2021-11-16,Alpine,002,1148,103,0,103,0
2021-11-16,Amador,005,37829,5658,65,5723,66
2021-11-16,Butte,007,227075,21459,3997,25456,329
2021-11-16,Calaveras,009,45235,4289,59,4348,89
2021-11-16,Colusa,011,21464,2578,653,3231,20
2021-11-16,Contra Costa,013,1133247,101015,2224,103239,1060
2021-11-16,Del Norte,015,27424,3722,55,3777,41
2021-11-16,El Dorado,017,186661,16502,1748,18250,170
2021-11-16,Fresno,019,978130,144184,12972,157156,2288
2021-11-16,Glenn,021,27897,3555,1025,4580,40
2021-11-16,Humboldt,023,135768,9377,618,9995,117
2021-11-16,Imperial,025,180216,34633,3332,37965,779
2021-11-16,Inyo,027,18085,2495,38,2533,45
2021-11-16,Kern,029,883053,130932,23122,154054,1896
2021-11-16,Kings,031,150075,33030,1973,35003,364
2021-11-16,Lake,033,64148,6875,151,7026,112
2021-11-16,Lassen,035,31185,7003,395,7398,49
2021-11-16,Los Angeles,037,10098052,1458925,53964,1512889,26897
2021-11-16,Madera,039,155013,23974,2208,26182,315
2021-11-16,Marin,041,260295,9402,410,9812,197
2021-11-16,Mariposa,043,17540,1394,57,1451,19
2021-11-16,Mendocino,045,87422,7872,629,8501,94
2021-11-16,Merced,047,269075,42784,2021,44805,661
2021-11-16,Modoc,049,8938,560,199,759,5
2021-11-16,Mono,051,14174,1790,22,1812,4
2021-11-16,Monterey,053,433212,49338,3033,52371,629
2021-11-16,Napa,055,140530,13209,111,13320,103
2021-11-16,Nevada,057,99092,9568,334,9902,104
2021-11-16,Orange,059,3164182,311891,15541,327432,5901
2021-11-16,Placer,061,380077,38127,3743,41870,475
2021-11-16,Plumas,063,18699,1898,43,1941,12
2021-11-16,Riverside,065,2383286,370162,16429,386591,5409
2021-11-16,Sacramento,067,1510023,162321,4782,167103,2382
2021-11-16,San Benito,069,59416,7527,173,7700,74
2021-11-16,San Bernardino,071,2135413,361034,11344,372378,6227
2021-11-16,San Diego,073,3302833,381210,22342,403552,4357
2021-11-16,San Francisco,075,870044,54080,2345,56425,680
2021-11-16,San Joaquin,077,732212,101526,5461,106987,1892
2021-11-16,San Luis Obispo,079,281455,30238,1287,31525,362
2021-11-16,San Mateo,081,765935,55046,908,55954,591
2021-11-16,Santa Barbara,083,443738,45311,1562,46873,549
2021-11-16,Santa Clara,085,1922200,149986,1417,151403,1940
2021-11-16,Santa Cruz,087,273765,20936,1007,21943,223
2021-11-16,Shasta,089,179085,22171,3649,25820,405
2021-11-16,Sierra,091,2930,194,21,215,1
2021-11-16,Siskiyou,093,43540,3408,1311,4719,58
2021-11-16,Solano,095,438530,46608,1297,47905,372
2021-11-16,Sonoma,097,501317,42353,533,42886,413
2021-11-16,Stanislaus,099,539301,80159,8974,89133,1367
2021-11-16,Sutter,101,95872,14069,368,14437,187
2021-11-16,Tehama,103,63373,8722,1497,10219,152
2021-11-16,Trinity,105,12862,882,216,1098,18
2021-11-16,Tulare,107,460477,70171,15454,85625,1220
2021-11-16,Tuolumne,109,53932,7552,111,7663,140
2021-11-16,Ventura,111,848112,99485,4310,103795,1187
2021-11-16,Yolo,113,214977,20320,1009,21329,288
2021-11-16,Yuba,115,75493,10341,355,10696,93
2021-11-15,Alameda,001,1643700,121173,2796,123969,1507
2021-11-15,Alpine,002,1148,103,0,103,0
2021-11-15,Amador,005,37829,5653,65,5718,66
2021-11-15,Butte,007,227075,21435,3992,25427,329
2021-11-15,Calaveras,009,45235,4274,59,4333,88
2021-11-15,Colusa,011,21464,2571,650,3221,20
2021-11-15,Contra Costa,013,1133247,100908,2221,103129,1060
2021-11-15,Del Norte,015,27424,3717,54,3771,41
2021-11-15,El Dorado,017,186661,16478,1744,18222,170
2021-11-15,Fresno,019,978130,143962,12950,156912,2284
2021-11-15,Glenn,021,27897,3553,1025,4578,40
2021-11-15,Humboldt,023,135768,9355,610,9965,117
2021-11-15,Imperial,025,180216,34560,3316,37876,779
2021-11-15,Inyo,027,18085,2490,38,2528,45
2021-11-15,Kern,029,883053,130723,23053,153776,1890
2021-11-15,Kings,031,150075,32996,1968,34964,361
2021-11-15,Lake,033,64148,6871,151,7022,111
2021-11-15,Lassen,035,31185,6992,393,7385,49
2021-11-15,Los Angeles,037,10098052,1457737,53902,1511639,26889
2021-11-15,Madera,039,155013,23936,2197,26133,315
2021-11-15,Marin,041,260295,9385,409,9794,197
2021-11-15,Mariposa,043,17540,1393,55,1448,19
2021-11-15,Mendocino,045,87422,7851,623,8474,94
2021-11-15,Merced,047,269075,42727,2010,44737,659
2021-11-15,Modoc,049,8938,559,198,757,5
2021-11-15,Mono,051,14174,1785,22,1807,4
2021-11-15,Monterey,053,433212,49306,3027,52333,628
2021-11-15,Napa,055,140530,13201,111,13312,103
2021-11-15,Nevada,057,99092,9539,333,9872,104
2021-11-15,Orange,059,3164182,311611,15517,327128,5896
2021-11-15,Placer,061,380077,38064,3739,41803,475
2021-11-15,Plumas,063,18699,1891,43,1934,12
2021-11-15,Riverside,065,2383286,369715,16410,386125,5405
2021-11-15,Sacramento,067,1510023,162100,4770,166870,2375
2021-11-15,San Benito,069,59416,7522,172,7694,74
2021-11-15,San Bernardino,071,2135413,360606,11325,371931,6220
2021-11-15,San Diego,073,3302833,380673,22317,402990,4354
2021-11-15,San Francisco,075,870044,54013,2342,56355,680
2021-11-15,San Joaquin,077,732212,101372,5450,106822,1890
2021-11-15,San Luis Obispo,079,281455,30195,1275,31470,361
2021-11-15,San Mateo,081,765935,54993,906,55899,591
2021-11-15,Santa Barbara,083,443738,45256,1556,46812,548
2021-11-15,Santa Clara,085,1922200,149769,1410,151179,1939
2021-11-15,Santa Cruz,087,273765,20894,1006,21900,223
2021-11-15,Shasta,089,179085,22125,3644,25769,405
2021-11-15,Sierra,091,2930,194,21,215,1
2021-11-15,Siskiyou,093,43540,3401,1309,4710,58
2021-11-15,Solano,095,438530,46570,1292,47862,372
2021-11-15,Sonoma,097,501317,42302,532,42834,413
2021-11-15,Stanislaus,099,539301,80074,8960,89034,1367
2021-11-15,Sutter,101,95872,14056,367,14423,187
2021-11-15,Tehama,103,63373,8716,1496,10212,152
2021-11-15,Trinity,105,12862,880,214,1094,18
2021-11-15,Tulare,107,460477,70085,15410,85495,1218
2021-11-15,Tuolumne,109,53932,7541,111,7652,139
2021-11-15,Ventura,111,848112,99401,4305,103706,1186
2021-11-15,Yolo,113,214977,20289,1005,21294,288
2021-11-15,Yuba,115,75493,10322,351,10673,93
2021-11-14,Alameda,001,1643700,120999,2792,123791,1507
2021-11-14,Alpine,002,1148,102,0,102,0
2021-11-14,Amador,005,37829,5646,64,5710,66
2021-11-14,Butte,007,227075,21403,3983,25386,328
2021-11-14,Calaveras,009,45235,4263,59,4322,88
2021-11-14,Colusa,011,21464,2569,647,3216,20
2021-11-14,Contra Costa,013,1133247,100799,2219,103018,1058
2021-11-14,Del Norte,015,27424,3714,54,3768,41
2021-11-14,El Dorado,017,186661,16436,1739,18175,170
2021-11-14,Fresno,019,978130,143679,12915,156594,2278
2021-11-14,Glenn,021,27897,3551,1025,4576,40
2021-11-14,Humboldt,023,135768,9324,600,9924,117
2021-11-14,Imperial,025,180216,34457,3301,37758,777
2021-11-14,Inyo,027,18085,2478,38,2516,44
2021-11-14,Kern,029,883053,130483,22983,153466,1885
2021-11-14,Kings,031,150075,32939,1961,34900,361
2021-11-14,Lake,033,64148,6863,151,7014,111
2021-11-14,Lassen,035,31185,6982,392,7374,49
2021-11-14,Los Angeles,037,10098052,1456373,53827,1510200,26868
2021-11-14,Madera,039,155013,23886,2188,26074,315
2021-11-14,Marin,041,260295,9370,409,9779,197
2021-11-14,Mariposa,043,17540,1383,51,1434,19
2021-11-14,Mendocino,045,87422,7818,618,8436,94
2021-11-14,Merced,047,269075,42637,2004,44641,659
2021-11-14,Modoc,049,8938,557,198,755,5
2021-11-14,Mono,051,14174,1773,22,1795,4
2021-11-14,Monterey,053,433212,49251,3009,52260,628
2021-11-14,Napa,055,140530,13183,111,13294,103
2021-11-14,Nevada,057,99092,9511,333,9844,103
2021-11-14,Orange,059,3164182,311294,15496,326790,5890
2021-11-14,Placer,061,380077,37984,3730,41714,474
2021-11-14,Plumas,063,18699,1888,42,1930,12
2021-11-14,Riverside,065,2383286,369217,16393,385610,5400
2021-11-14,Sacramento,067,1510023,161865,4753,166618,2373
2021-11-14,San Benito,069,59416,7511,171,7682,74
2021-11-14,San Bernardino,071,2135413,360023,11308,371331,6217
2021-11-14,San Diego,073,3302833,380074,22286,402360,4349
2021-11-14,San Francisco,075,870044,53937,2337,56274,678
2021-11-14,San Joaquin,077,732212,101244,5445,106689,1887
2021-11-14,San Luis Obispo,079,281455,30113,1272,31385,361
2021-11-14,San Mateo,081,765935,54940,904,55844,590
2021-11-14,Santa Barbara,083,443738,45176,1553,46729,547
2021-11-14,Santa Clara,085,1922200,149569,1403,150972,1937
2021-11-14,Santa Cruz,087,273765,20840,1004,21844,223
2021-11-14,Shasta,089,179085,22073,3631,25704,403
2021-11-14,Sierra,091,2930,194,21,215,1
2021-11-14,Siskiyou,093,43540,3392,1308,4700,58
2021-11-14,Solano,095,438530,46515,1285,47800,372
2021-11-14,Sonoma,097,501317,42236,530,42766,413
2021-11-14,Stanislaus,099,539301,79939,8942,88881,1364
2021-11-14,Sutter,101,95872,14039,363,14402,186
2021-11-14,Tehama,103,63373,8706,1494,10200,152
2021-11-14,Trinity,105,12862,877,212,1089,18
2021-11-14,Tulare,107,460477,69966,15351,85317,1212
2021-11-14,Tuolumne,109,53932,7523,110,7633,138
2021-11-14,Ventura,111,848112,99287,4304,103591,1185
2021-11-14,Yolo,113,214977,20261,1000,21261,288
2021-11-14,Yuba,115,75493,10315,350,10665,93
2021-11-13,Alameda,001,1643700,120930,2791,123721,1507
2021-11-13,Alpine,002,1148,102,0,102,0
2021-11-13,Amador,005,37829,5645,64,5709,66
2021-11-13,Butte,007,227075,21382,3980,25362,328
2021-11-13,Calaveras,009,45235,4252,59,4311,88
2021-11-13,Colusa,011,21464,2567,647,3214,20
2021-11-13,Contra Costa,013,1133247,100727,2213,102940,1057
2021-11-13,Del Norte,015,27424,3714,54,3768,41
2021-11-13,El Dorado,017,186661,16423,1736,18159,170
2021-11-13,Fresno,019,978130,143572,12901,156473,2270
2021-11-13,Glenn,021,27897,3551,1024,4575,38
2021-11-13,Humboldt,023,135768,9309,595,9904,117
2021-11-13,Imperial,025,180216,34407,3284,37691,777
2021-11-13,Inyo,027,18085,2472,38,2510,44
2021-11-13,Kern,029,883053,130381,22939,153320,1877
2021-11-13,Kings,031,150075,32922,1960,34882,361
2021-11-13,Lake,033,64148,6858,151,7009,111
2021-11-13,Lassen,035,31185,6977,392,7369,49
2021-11-13,Los Angeles,037,10098052,1455719,53789,1509508,26853
2021-11-13,Madera,039,155013,23855,2183,26038,313
2021-11-13,Marin,041,260295,9357,407,9764,197
2021-11-13,Mariposa,043,17540,1380,51,1431,19
2021-11-13,Mendocino,045,87422,7799,617,8416,94
2021-11-13,Merced,047,269075,42599,2001,44600,657
2021-11-13,Modoc,049,8938,556,198,754,5
2021-11-13,Mono,051,14174,1769,22,1791,4
2021-11-13,Monterey,053,433212,49225,3007,52232,627
2021-11-13,Napa,055,140530,13175,111,13286,103
2021-11-13,Nevada,057,99092,9491,331,9822,103
2021-11-13,Orange,059,3164182,311128,15467,326595,5887
2021-11-13,Placer,061,380077,37935,3727,41662,474
2021-11-13,Plumas,063,18699,1885,42,1927,12
2021-11-13,Riverside,065,2383286,368912,16386,385298,5398
2021-11-13,Sacramento,067,1510023,161729,4741,166470,2368
2021-11-13,San Benito,069,59416,7498,170,7668,74
2021-11-13,San Bernardino,071,2135413,359770,11301,371071,6212
2021-11-13,San Diego,073,3302833,379744,22258,402002,4346
2021-11-13,San Francisco,075,870044,53905,2336,56241,678
2021-11-13,San Joaquin,077,732212,101187,5436,106623,1885
2021-11-13,San Luis Obispo,079,281455,30082,1271,31353,361
2021-11-13,San Mateo,081,765935,54902,903,55805,589
2021-11-13,Santa Barbara,083,443738,45143,1553,46696,546
2021-11-13,Santa Clara,085,1922200,149450,1398,150848,1936
2021-11-13,Santa Cruz,087,273765,20825,1003,21828,223
2021-11-13,Shasta,089,179085,22042,3627,25669,402
2021-11-13,Sierra,091,2930,193,21,214,1
2021-11-13,Siskiyou,093,43540,3383,1307,4690,57
2021-11-13,Solano,095,438530,46486,1281,47767,371
2021-11-13,Sonoma,097,501317,42203,529,42732,413
2021-11-13,Stanislaus,099,539301,79864,8928,88792,1357
2021-11-13,Sutter,101,95872,14029,362,14391,186
2021-11-13,Tehama,103,63373,8700,1490,10190,152
2021-11-13,Trinity,105,12862,876,212,1088,18
2021-11-13,Tulare,107,460477,69900,15328,85228,1208
2021-11-13,Tuolumne,109,53932,7505,110,7615,138
2021-11-13,Ventura,111,848112,99228,4301,103529,1185
2021-11-13,Yolo,113,214977,20244,998,21242,287
2021-11-13,Yuba,115,75493,10305,348,10653,93
2021-11-12,Alameda,001,1643700,120843,2788,123631,1506
2021-11-12,Alpine,002,1148,102,0,102,0
2021-11-12,Amador,005,37829,5641,63,5704,66
2021-11-12,Butte,007,227075,21364,3976,25340,327
2021-11-12,Calaveras,009,45235,4241,59,4300,88
2021-11-12,Colusa,011,21464,2563,646,3209,20
2021-11-12,Contra Costa,013,1133247,100673,2212,102885,1055
2021-11-12,Del Norte,015,27424,3713,54,3767,41
2021-11-12,El Dorado,017,186661,16404,1735,18139,170
2021-11-12,Fresno,019,978130,143428,12888,156316,2267
2021-11-12,Glenn,021,27897,3548,1023,4571,38
2021-11-12,Humboldt,023,135768,9302,593,9895,116
2021-11-12,Imperial,025,180216,34380,3275,37655,777
2021-11-12,Inyo,027,18085,2468,38,2506,44
2021-11-12,Kern,029,883053,130244,22906,153150,1870
2021-11-12,Kings,031,150075,32896,1958,34854,360
2021-11-12,Lake,033,64148,6854,151,7005,111
2021-11-12,Lassen,035,31185,6973,391,7364,49
2021-11-12,Los Angeles,037,10098052,1454991,53745,1508736,26841
2021-11-12,Madera,039,155013,23826,2178,26004,311
2021-11-12,Marin,041,260295,9341,406,9747,197
2021-11-12,Mariposa,043,17540,1373,51,1424,19
2021-11-12,Mendocino,045,87422,7787,614,8401,94
2021-11-12,Merced,047,269075,42570,1999,44569,655
2021-11-12,Modoc,049,8938,555,198,753,5
2021-11-12,Mono,051,14174,1767,22,1789,4
2021-11-12,Monterey,053,433212,49193,3001,52194,626
2021-11-12,Napa,055,140530,13166,111,13277,103
2021-11-12,Nevada,057,99092,9477,330,9807,103
2021-11-12,Orange,059,3164182,310940,15449,326389,5885
2021-11-12,Placer,061,380077,37896,3724,41620,474
2021-11-12,Plumas,063,18699,1879,42,1921,12
2021-11-12,Riverside,065,2383286,368644,16382,385026,5395
2021-11-12,Sacramento,067,1510023,161570,4735,166305,2366
2021-11-12,San Benito,069,59416,7498,170,7668,74
2021-11-12,San Bernardino,071,2135413,359461,11291,370752,6206
2021-11-12,San Diego,073,3302833,379377,22236,401613,4344
2021-11-12,San Francisco,075,870044,53871,2332,56203,678
2021-11-12,San Joaquin,077,732212,101142,5429,106571,1882
2021-11-12,San Luis Obispo,079,281455,30053,1270,31323,360
2021-11-12,San Mateo,081,765935,54852,900,55752,589
2021-11-12,Santa Barbara,083,443738,45088,1552,46640,546
2021-11-12,Santa Clara,085,1922200,149307,1394,150701,1934
2021-11-12,Santa Cruz,087,273765,20797,1001,21798,223
2021-11-12,Shasta,089,179085,22009,3624,25633,401
2021-11-12,Sierra,091,2930,192,21,213,1
2021-11-12,Siskiyou,093,43540,3382,1305,4687,56
2021-11-12,Solano,095,438530,46458,1277,47735,368
2021-11-12,Sonoma,097,501317,42163,529,42692,413
2021-11-12,Stanislaus,099,539301,79812,8920,88732,1354
2021-11-12,Sutter,101,95872,14022,362,14384,185
2021-11-12,Tehama,103,63373,8696,1489,10185,152
2021-11-12,Trinity,105,12862,869,212,1081,18
2021-11-12,Tulare,107,460477,69858,15293,85151,1204
2021-11-12,Tuolumne,109,53932,7492,109,7601,138
2021-11-12,Ventura,111,848112,99163,4300,103463,1185
2021-11-12,Yolo,113,214977,20229,993,21222,287
2021-11-12,Yuba,115,75493,10296,347,10643,92
2021-11-11,Alameda,001,1643700,120729,2780,123509,1505
2021-11-11,Alpine,002,1148,102,0,102,0
2021-11-11,Amador,005,37829,5638,62,5700,66
2021-11-11,Butte,007,227075,21321,3968,25289,327
2021-11-11,Calaveras,009,45235,4223,59,4282,88
2021-11-11,Colusa,011,21464,2555,644,3199,20
2021-11-11,Contra Costa,013,1133247,100569,2208,102777,1055
2021-11-11,Del Norte,015,27424,3711,54,3765,41
2021-11-11,El Dorado,017,186661,16372,1732,18104,170
2021-11-11,Fresno,019,978130,143223,12854,156077,2263
2021-11-11,Glenn,021,27897,3546,1022,4568,38
2021-11-11,Humboldt,023,135768,9279,590,9869,116
2021-11-11,Imperial,025,180216,34311,3253,37564,777
2021-11-11,Inyo,027,18085,2463,38,2501,44
2021-11-11,Kern,029,883053,130059,22843,152902,1862
2021-11-11,Kings,031,150075,32846,1956,34802,357
2021-11-11,Lake,033,64148,6847,151,6998,111
2021-11-11,Lassen,035,31185,6967,391,7358,49
2021-11-11,Los Angeles,037,10098052,1453895,53687,1507582,26828
2021-11-11,Madera,039,155013,23779,2170,25949,311
2021-11-11,Marin,041,260295,9331,406,9737,197
2021-11-11,Mariposa,043,17540,1363,51,1414,19
2021-11-11,Mendocino,045,87422,7772,605,8377,94
2021-11-11,Merced,047,269075,42514,1996,44510,655
2021-11-11,Modoc,049,8938,553,198,751,5
2021-11-11,Mono,051,14174,1763,22,1785,4
2021-11-11,Monterey,053,433212,49158,2989,52147,626
2021-11-11,Napa,055,140530,13158,111,13269,103
2021-11-11,Nevada,057,99092,9455,330,9785,103
2021-11-11,Orange,059,3164182,310666,15412,326078,5877
2021-11-11,Placer,061,380077,37845,3715,41560,473
2021-11-11,Plumas,063,18699,1875,42,1917,12
2021-11-11,Riverside,065,2383286,368208,16364,384572,5393
2021-11-11,Sacramento,067,1510023,161357,4716,166073,2364
2021-11-11,San Benito,069,59416,7490,170,7660,74
2021-11-11,San Bernardino,071,2135413,359031,11278,370309,6198
2021-11-11,San Diego,073,3302833,378868,22213,401081,4341
2021-11-11,San Francisco,075,870044,53812,2331,56143,677
2021-11-11,San Joaquin,077,732212,101047,5413,106460,1876
2021-11-11,San Luis Obispo,079,281455,30002,1268,31270,358
2021-11-11,San Mateo,081,765935,54804,895,55699,589
2021-11-11,Santa Barbara,083,443738,45030,1549,46579,544
2021-11-11,Santa Clara,085,1922200,149125,1388,150513,1933
2021-11-11,Santa Cruz,087,273765,20752,1001,21753,223
2021-11-11,Shasta,089,179085,21964,3622,25586,400
2021-11-11,Sierra,091,2930,191,21,212,1
2021-11-11,Siskiyou,093,43540,3376,1304,4680,56
2021-11-11,Solano,095,438530,46422,1276,47698,368
2021-11-11,Sonoma,097,501317,42126,529,42655,413
2021-11-11,Stanislaus,099,539301,79730,8904,88634,1352
2021-11-11,Sutter,101,95872,14007,361,14368,185
2021-11-11,Tehama,103,63373,8684,1487,10171,151
2021-11-11,Trinity,105,12862,868,212,1080,18
2021-11-11,Tulare,107,460477,69765,15257,85022,1199
2021-11-11,Tuolumne,109,53932,7479,109,7588,137
2021-11-11,Ventura,111,848112,99085,4293,103378,1183
2021-11-11,Yolo,113,214977,20201,992,21193,287
2021-11-11,Yuba,115,75493,10280,347,10627,92
2021-11-10,Alameda,001,1643700,120619,2771,123390,1505
2021-11-10,Alpine,002,1148,102,0,102,0
2021-11-10,Amador,005,37829,5632,62,5694,66
2021-11-10,Butte,007,227075,21294,3964,25258,327
2021-11-10,Calaveras,009,45235,4213,59,4272,87
2021-11-10,Colusa,011,21464,2549,644,3193,20
2021-11-10,Contra Costa,013,1133247,100486,2204,102690,1055
2021-11-10,Del Norte,015,27424,3710,54,3764,41
2021-11-10,El Dorado,017,186661,16356,1731,18087,170
2021-11-10,Fresno,019,978130,143046,12839,155885,2255
2021-11-10,Glenn,021,27897,3546,1021,4567,38
2021-11-10,Humboldt,023,135768,9261,590,9851,116
2021-11-10,Imperial,025,180216,34263,3234,37497,777
2021-11-10,Inyo,027,18085,2456,38,2494,44
2021-11-10,Kern,029,883053,129909,22788,152697,1854
2021-11-10,Kings,031,150075,32813,1954,34767,356
2021-11-10,Lake,033,64148,6837,151,6988,111
2021-11-10,Lassen,035,31185,6962,391,7353,49
2021-11-10,Los Angeles,037,10098052,1452944,53627,1506571,26812
2021-11-10,Madera,039,155013,23730,2164,25894,310
2021-11-10,Marin,041,260295,9318,404,9722,197
2021-11-10,Mariposa,043,17540,1357,51,1408,19
2021-11-10,Mendocino,045,87422,7760,604,8364,94
2021-11-10,Merced,047,269075,42479,1994,44473,651
2021-11-10,Modoc,049,8938,552,197,749,5
2021-11-10,Mono,051,14174,1761,22,1783,4
2021-11-10,Monterey,053,433212,49124,2978,52102,626
2021-11-10,Napa,055,140530,13145,110,13255,103
2021-11-10,Nevada,057,99092,9448,328,9776,102
2021-11-10,Orange,059,3164182,310402,15380,325782,5869
2021-11-10,Placer,061,380077,37799,3708,41507,472
2021-11-10,Plumas,063,18699,1869,41,1910,12
2021-11-10,Riverside,065,2383286,367827,16358,384185,5387
2021-11-10,Sacramento,067,1510023,161202,4706,165908,2363
2021-11-10,San Benito,069,59416,7482,170,7652,74
2021-11-10,San Bernardino,071,2135413,358689,11271,369960,6193
2021-11-10,San Diego,073,3302833,378463,22191,400654,4338
2021-11-10,San Francisco,075,870044,53751,2328,56079,677
2021-11-10,San Joaquin,077,732212,100942,5408,106350,1874
2021-11-10,San Luis Obispo,079,281455,29971,1267,31238,356
2021-11-10,San Mateo,081,765935,54751,894,55645,589
2021-11-10,Santa Barbara,083,443738,44992,1548,46540,541
2021-11-10,Santa Clara,085,1922200,148978,1382,150360,1933
2021-11-10,Santa Cruz,087,273765,20725,1000,21725,223
2021-11-10,Shasta,089,179085,21928,3620,25548,398
2021-11-10,Sierra,091,2930,190,21,211,1
2021-11-10,Siskiyou,093,43540,3374,1304,4678,55
2021-11-10,Solano,095,438530,46392,1274,47666,367
2021-11-10,Sonoma,097,501317,42074,529,42603,413
2021-11-10,Stanislaus,099,539301,79628,8888,88516,1350
2021-11-10,Sutter,101,95872,13999,361,14360,185
2021-11-10,Tehama,103,63373,8672,1481,10153,151
2021-11-10,Trinity,105,12862,864,211,1075,18
2021-11-10,Tulare,107,460477,69704,15219,84923,1192
2021-11-10,Tuolumne,109,53932,7455,109,7564,137
2021-11-10,Ventura,111,848112,99014,4293,103307,1181
2021-11-10,Yolo,113,214977,20182,991,21173,287
2021-11-10,Yuba,115,75493,10271,347,10618,92
2021-11-09,Alameda,001,1643700,120483,2762,123245,1504
2021-11-09,Alpine,002,1148,102,0,102,0
2021-11-09,Amador,005,37829,5626,62,5688,66
2021-11-09,Butte,007,227075,21269,3960,25229,326
2021-11-09,Calaveras,009,45235,4209,59,4268,87
2021-11-09,Colusa,011,21464,2544,643,3187,20
2021-11-09,Contra Costa,013,1133247,100390,2198,102588,1054
2021-11-09,Del Norte,015,27424,3709,54,3763,41
2021-11-09,El Dorado,017,186661,16318,1726,18044,169
2021-11-09,Fresno,019,978130,142799,12823,155622,2252
2021-11-09,Glenn,021,27897,3541,1020,4561,38
2021-11-09,Humboldt,023,135768,9240,585,9825,116
2021-11-09,Imperial,025,180216,34210,3220,37430,777
2021-11-09,Inyo,027,18085,2452,38,2490,43
2021-11-09,Kern,029,883053,129663,22726,152389,1853
2021-11-09,Kings,031,150075,32747,1950,34697,353
2021-11-09,Lake,033,64148,6828,151,6979,111
2021-11-09,Lassen,035,31185,6950,391,7341,48
2021-11-09,Los Angeles,037,10098052,1451691,53566,1505257,26792
2021-11-09,Madera,039,155013,23680,2155,25835,310
2021-11-09,Marin,041,260295,9299,402,9701,197
2021-11-09,Mariposa,043,17540,1349,51,1400,19
2021-11-09,Mendocino,045,87422,7737,598,8335,94
2021-11-09,Merced,047,269075,42438,1988,44426,650
2021-11-09,Modoc,049,8938,551,195,746,5
2021-11-09,Mono,051,14174,1756,22,1778,4
2021-11-09,Monterey,053,433212,49088,2955,52043,626
2021-11-09,Napa,055,140530,13127,110,13237,103
2021-11-09,Nevada,057,99092,9429,328,9757,102
2021-11-09,Orange,059,3164182,310118,15353,325471,5864
2021-11-09,Placer,061,380077,37742,3691,41433,469
2021-11-09,Plumas,063,18699,1867,41,1908,12
2021-11-09,Riverside,065,2383286,367365,16344,383709,5382
2021-11-09,Sacramento,067,1510023,160961,4697,165658,2359
2021-11-09,San Benito,069,59416,7472,169,7641,74
2021-11-09,San Bernardino,071,2135413,358238,11254,369492,6184
2021-11-09,San Diego,073,3302833,377968,22165,400133,4337
2021-11-09,San Francisco,075,870044,53677,2323,56000,677
2021-11-09,San Joaquin,077,732212,100768,5395,106163,1872
2021-11-09,San Luis Obispo,079,281455,29931,1266,31197,356
2021-11-09,San Mateo,081,765935,54703,885,55588,589
2021-11-09,Santa Barbara,083,443738,44925,1541,46466,540
2021-11-09,Santa Clara,085,1922200,148772,1375,150147,1930
2021-11-09,Santa Cruz,087,273765,20691,999,21690,223
2021-11-09,Shasta,089,179085,21873,3615,25488,397
2021-11-09,Sierra,091,2930,190,21,211,1
2021-11-09,Siskiyou,093,43540,3372,1302,4674,55
2021-11-09,Solano,095,438530,46336,1273,47609,367
2021-11-09,Sonoma,097,501317,42017,527,42544,413
2021-11-09,Stanislaus,099,539301,79522,8871,88393,1347
2021-11-09,Sutter,101,95872,13984,359,14343,185
2021-11-09,Tehama,103,63373,8654,1479,10133,151
2021-11-09,Trinity,105,12862,863,211,1074,18
2021-11-09,Tulare,107,460477,69597,15180,84777,1192
2021-11-09,Tuolumne,109,53932,7435,109,7544,136
2021-11-09,Ventura,111,848112,98936,4288,103224,1181
2021-11-09,Yolo,113,214977,20158,987,21145,287
2021-11-09,Yuba,115,75493,10254,341,10595,92
2021-11-08,Alameda,001,1643700,120339,2756,123095,1502
2021-11-08,Alpine,002,1148,102,0,102,0
2021-11-08,Amador,005,37829,5620,62,5682,66
2021-11-08,Butte,007,227075,21241,3951,25192,324
2021-11-08,Calaveras,009,45235,4201,59,4260,86
2021-11-08,Colusa,011,21464,2543,642,3185,20
2021-11-08,Contra Costa,013,1133247,100287,2193,102480,1054
2021-11-08,Del Norte,015,27424,3705,54,3759,41
2021-11-08,El Dorado,017,186661,16299,1721,18020,169
2021-11-08,Fresno,019,978130,142498,12800,155298,2246
2021-11-08,Glenn,021,27897,3539,1016,4555,38
2021-11-08,Humboldt,023,135768,9214,575,9789,116
2021-11-08,Imperial,025,180216,34130,3202,37332,777
2021-11-08,Inyo,027,18085,2445,38,2483,43
2021-11-08,Kern,029,883053,129427,22643,152070,1846
2021-11-08,Kings,031,150075,32701,1949,34650,352
2021-11-08,Lake,033,64148,6822,151,6973,111
2021-11-08,Lassen,035,31185,6943,389,7332,47
2021-11-08,Los Angeles,037,10098052,1450353,53509,1503862,26773
2021-11-08,Madera,039,155013,23631,2144,25775,310
2021-11-08,Marin,041,260295,9282,399,9681,197
2021-11-08,Mariposa,043,17540,1341,50,1391,19
2021-11-08,Mendocino,045,87422,7724,592,8316,94
2021-11-08,Merced,047,269075,42369,1978,44347,649
2021-11-08,Modoc,049,8938,550,195,745,5
2021-11-08,Mono,051,14174,1752,22,1774,4
2021-11-08,Monterey,053,433212,49048,2935,51983,626
2021-11-08,Napa,055,140530,13113,110,13223,103
2021-11-08,Nevada,057,99092,9410,326,9736,102
2021-11-08,Orange,059,3164182,309844,15323,325167,5856
2021-11-08,Placer,061,380077,37689,3688,41377,467
2021-11-08,Plumas,063,18699,1866,40,1906,12
2021-11-08,Riverside,065,2383286,366910,16330,383240,5378
2021-11-08,Sacramento,067,1510023,160745,4676,165421,2358
2021-11-08,San Benito,069,59416,7470,169,7639,74
2021-11-08,San Bernardino,071,2135413,357724,11236,368960,6178
2021-11-08,San Diego,073,3302833,377406,22118,399524,4330
2021-11-08,San Francisco,075,870044,53624,2317,55941,677
2021-11-08,San Joaquin,077,732212,100651,5393,106044,1868
2021-11-08,San Luis Obispo,079,281455,29880,1261,31141,356
2021-11-08,San Mateo,081,765935,54630,880,55510,589
2021-11-08,Santa Barbara,083,443738,44871,1540,46411,540
2021-11-08,Santa Clara,085,1922200,148545,1369,149914,1929
2021-11-08,Santa Cruz,087,273765,20662,999,21661,223
2021-11-08,Shasta,089,179085,21826,3609,25435,394
2021-11-08,Sierra,091,2930,190,21,211,1
2021-11-08,Siskiyou,093,43540,3368,1291,4659,54
2021-11-08,Solano,095,438530,46295,1269,47564,366
2021-11-08,Sonoma,097,501317,41948,526,42474,413
2021-11-08,Stanislaus,099,539301,79370,8857,88227,1344
2021-11-08,Sutter,101,95872,13976,355,14331,185
2021-11-08,Tehama,103,63373,8645,1479,10124,151
2021-11-08,Trinity,105,12862,863,210,1073,18
2021-11-08,Tulare,107,460477,69480,15142,84622,1185
2021-11-08,Tuolumne,109,53932,7416,108,7524,136
2021-11-08,Ventura,111,848112,98843,4286,103129,1180
2021-11-08,Yolo,113,214977,20119,983,21102,286
2021-11-08,Yuba,115,75493,10243,338,10581,92
2021-11-07,Alameda,001,1643700,120180,2750,122930,1502
2021-11-07,Alpine,002,1148,102,0,102,0
2021-11-07,Amador,005,37829,5612,60,5672,66
2021-11-07,Butte,007,227075,21200,3942,25142,324
2021-11-07,Calaveras,009,45235,4174,58,4232,85
2021-11-07,Colusa,011,21464,2537,640,3177,20
2021-11-07,Contra Costa,013,1133247,100176,2184,102360,1053
2021-11-07,Del Norte,015,27424,3703,54,3757,41
2021-11-07,El Dorado,017,186661,16262,1718,17980,168
2021-11-07,Fresno,019,978130,142159,12772,154931,2243
2021-11-07,Glenn,021,27897,3532,1015,4547,38
2021-11-07,Humboldt,023,135768,9190,571,9761,116
2021-11-07,Imperial,025,180216,34057,3183,37240,777
2021-11-07,Inyo,027,18085,2432,38,2470,43
2021-11-07,Kern,029,883053,129156,22552,151708,1843
2021-11-07,Kings,031,150075,32609,1946,34555,352
2021-11-07,Lake,033,64148,6806,150,6956,111
2021-11-07,Lassen,035,31185,6935,385,7320,47
2021-11-07,Los Angeles,037,10098052,1448865,53434,1502299,26762
2021-11-07,Madera,039,155013,23586,2136,25722,308
2021-11-07,Marin,041,260295,9263,398,9661,197
2021-11-07,Mariposa,043,17540,1339,50,1389,19
2021-11-07,Mendocino,045,87422,7696,588,8284,94
2021-11-07,Merced,047,269075,42291,1947,44238,648
2021-11-07,Modoc,049,8938,547,194,741,5
2021-11-07,Mono,051,14174,1746,22,1768,4
2021-11-07,Monterey,053,433212,48996,2931,51927,626
2021-11-07,Napa,055,140530,13092,110,13202,103
2021-11-07,Nevada,057,99092,9362,326,9688,102
2021-11-07,Orange,059,3164182,309519,15285,324804,5849
2021-11-07,Placer,061,380077,37613,3673,41286,466
2021-11-07,Plumas,063,18699,1859,39,1898,12
2021-11-07,Riverside,065,2383286,366373,16310,382683,5370
2021-11-07,Sacramento,067,1510023,160512,4659,165171,2355
2021-11-07,San Benito,069,59416,7457,169,7626,74
2021-11-07,San Bernardino,071,2135413,357207,11213,368420,6172
2021-11-07,San Diego,073,3302833,376829,22085,398914,4323
2021-11-07,San Francisco,075,870044,53540,2311,55851,677
2021-11-07,San Joaquin,077,732212,100466,5387,105853,1867
2021-11-07,San Luis Obispo,079,281455,29832,1257,31089,356
2021-11-07,San Mateo,081,765935,54571,878,55449,589
2021-11-07,Santa Barbara,083,443738,44808,1539,46347,538
2021-11-07,Santa Clara,085,1922200,148339,1357,149696,1925
2021-11-07,Santa Cruz,087,273765,20604,998,21602,223
2021-11-07,Shasta,089,179085,21778,3603,25381,392
2021-11-07,Sierra,091,2930,188,21,209,1
2021-11-07,Siskiyou,093,43540,3362,1289,4651,54
2021-11-07,Solano,095,438530,46239,1262,47501,366
2021-11-07,Sonoma,097,501317,41898,525,42423,413
2021-11-07,Stanislaus,099,539301,79215,8835,88050,1343
2021-11-07,Sutter,101,95872,13963,352,14315,184
2021-11-07,Tehama,103,63373,8620,1477,10097,151
2021-11-07,Trinity,105,12862,862,209,1071,18
2021-11-07,Tulare,107,460477,69327,15098,84425,1179
2021-11-07,Tuolumne,109,53932,7398,106,7504,135
2021-11-07,Ventura,111,848112,98752,4284,103036,1180
2021-11-07,Yolo,113,214977,20097,980,21077,284
2021-11-07,Yuba,115,75493,10226,333,10559,91
2021-11-06,Alameda,001,1643700,120116,2747,122863,1501
2021-11-06,Alpine,002,1148,102,0,102,0
2021-11-06,Amador,005,37829,5606,60,5666,66
2021-11-06,Butte,007,227075,21180,3938,25118,323
2021-11-06,Calaveras,009,45235,4166,58,4224,85
2021-11-06,Colusa,011,21464,2536,639,3175,20
2021-11-06,Contra Costa,013,1133247,100121,2182,102303,1053
2021-11-06,Del Norte,015,27424,3700,54,3754,41
2021-11-06,El Dorado,017,186661,16245,1718,17963,168
2021-11-06,Fresno,019,978130,142040,12767,154807,2235
2021-11-06,Glenn,021,27897,3529,1015,4544,38
2021-11-06,Humboldt,023,135768,9178,567,9745,116
2021-11-06,Imperial,025,180216,34013,3177,37190,777
2021-11-06,Inyo,027,18085,2426,38,2464,42
2021-11-06,Kern,029,883053,129022,22500,151522,1838
2021-11-06,Kings,031,150075,32576,1941,34517,352
2021-11-06,Lake,033,64148,6804,150,6954,111
2021-11-06,Lassen,035,31185,6930,384,7314,46
2021-11-06,Los Angeles,037,10098052,1448095,53391,1501486,26748
2021-11-06,Madera,039,155013,23550,2126,25676,308
2021-11-06,Marin,041,260295,9244,395,9639,197
2021-11-06,Mariposa,043,17540,1337,50,1387,19
2021-11-06,Mendocino,045,87422,7674,588,8262,94
2021-11-06,Merced,047,269075,42267,1939,44206,645
2021-11-06,Modoc,049,8938,546,194,740,5
2021-11-06,Mono,051,14174,1744,22,1766,4
2021-11-06,Monterey,053,433212,48963,2921,51884,626
2021-11-06,Napa,055,140530,13082,110,13192,103
2021-11-06,Nevada,057,99092,9340,325,9665,101
2021-11-06,Orange,059,3164182,309312,15259,324571,5842
2021-11-06,Placer,061,380077,37572,3670,41242,466
2021-11-06,Plumas,063,18699,1855,38,1893,12
2021-11-06,Riverside,065,2383286,366051,16302,382353,5360
2021-11-06,Sacramento,067,1510023,160419,4654,165073,2350
2021-11-06,San Benito,069,59416,7450,169,7619,74
2021-11-06,San Bernardino,071,2135413,356936,11209,368145,6166
2021-11-06,San Diego,073,3302833,376493,22067,398560,4320
2021-11-06,San Francisco,075,870044,53486,2308,55794,676
2021-11-06,San Joaquin,077,732212,100408,5386,105794,1863
2021-11-06,San Luis Obispo,079,281455,29804,1253,31057,356
2021-11-06,San Mateo,081,765935,54536,877,55413,589
2021-11-06,Santa Barbara,083,443738,44772,1538,46310,537
2021-11-06,Santa Clara,085,1922200,148193,1353,149546,1924
2021-11-06,Santa Cruz,087,273765,20585,996,21581,222
2021-11-06,Shasta,089,179085,21759,3598,25357,388
2021-11-06,Sierra,091,2930,188,21,209,1
2021-11-06,Siskiyou,093,43540,3362,1287,4649,54
2021-11-06,Solano,095,438530,46210,1261,47471,366
2021-11-06,Sonoma,097,501317,41848,524,42372,413
2021-11-06,Stanislaus,099,539301,79147,8827,87974,1337
2021-11-06,Sutter,101,95872,13959,351,14310,184
2021-11-06,Tehama,103,63373,8608,1475,10083,149
2021-11-06,Trinity,105,12862,859,209,1068,18
2021-11-06,Tulare,107,460477,69277,15069,84346,1173
2021-11-06,Tuolumne,109,53932,7385,106,7491,135
2021-11-06,Ventura,111,848112,98685,4279,102964,1180
2021-11-06,Yolo,113,214977,20080,976,21056,284
2021-11-06,Yuba,115,75493,10212,333,10545,91
2021-11-05,Alameda,001,1643700,120032,2745,122777,1501
2021-11-05,Alpine,002,1148,102,0,102,0
2021-11-05,Amador,005,37829,5601,60,5661,66
2021-11-05,Butte,007,227075,21167,3937,25104,323
2021-11-05,Calaveras,009,45235,4161,58,4219,85
2021-11-05,Colusa,011,21464,2536,638,3174,20
2021-11-05,Contra Costa,013,1133247,100055,2180,102235,1050
2021-11-05,Del Norte,015,27424,3698,54,3752,41
2021-11-05,El Dorado,017,186661,16228,1712,17940,168
2021-11-05,Fresno,019,978130,141858,12756,154614,2229
2021-11-05,Glenn,021,27897,3528,1014,4542,37
2021-11-05,Humboldt,023,135768,9164,567,9731,116
2021-11-05,Imperial,025,180216,33977,3174,37151,776
2021-11-05,Inyo,027,18085,2418,38,2456,42
2021-11-05,Kern,029,883053,128895,22445,151340,1830
2021-11-05,Kings,031,150075,32552,1940,34492,350
2021-11-05,Lake,033,64148,6798,150,6948,111
2021-11-05,Lassen,035,31185,6926,383,7309,45
2021-11-05,Los Angeles,037,10098052,1447272,53353,1500625,26736
2021-11-05,Madera,039,155013,23511,2125,25636,307
2021-11-05,Marin,041,260295,9222,394,9616,197
2021-11-05,Mariposa,043,17540,1334,49,1383,19
2021-11-05,Mendocino,045,87422,7663,587,8250,91
2021-11-05,Merced,047,269075,42241,1930,44171,644
2021-11-05,Modoc,049,8938,546,194,740,5
2021-11-05,Mono,051,14174,1743,22,1765,4
2021-11-05,Monterey,053,433212,48933,2919,51852,626
2021-11-05,Napa,055,140530,13060,110,13170,103
2021-11-05,Nevada,057,99092,9327,325,9652,101
2021-11-05,Orange,059,3164182,309114,15238,324352,5838
2021-11-05,Placer,061,380077,37544,3661,41205,466
2021-11-05,Plumas,063,18699,1847,38,1885,12
2021-11-05,Riverside,065,2383286,365713,16292,382005,5355
2021-11-05,Sacramento,067,1510023,160297,4647,164944,2347
2021-11-05,San Benito,069,59416,7448,168,7616,74
2021-11-05,San Bernardino,071,2135413,356602,11199,367801,6157
2021-11-05,San Diego,073,3302833,376140,22055,398195,4316
2021-11-05,San Francisco,075,870044,53435,2305,55740,676
2021-11-05,San Joaquin,077,732212,100355,5377,105732,1859
2021-11-05,San Luis Obispo,079,281455,29781,1253,31034,354
2021-11-05,San Mateo,081,765935,54494,875,55369,588
2021-11-05,Santa Barbara,083,443738,44727,1537,46264,537
2021-11-05,Santa Clara,085,1922200,148056,1352,149408,1924
2021-11-05,Santa Cruz,087,273765,20561,995,21556,222
2021-11-05,Shasta,089,179085,21727,3593,25320,386
2021-11-05,Sierra,091,2930,188,21,209,1
2021-11-05,Siskiyou,093,43540,3357,1286,4643,54
2021-11-05,Solano,095,438530,46166,1259,47425,365
2021-11-05,Sonoma,097,501317,41808,524,42332,413
2021-11-05,Stanislaus,099,539301,79089,8815,87904,1334
2021-11-05,Sutter,101,95872,13951,350,14301,184
2021-11-05,Tehama,103,63373,8601,1474,10075,149
2021-11-05,Trinity,105,12862,859,209,1068,18
2021-11-05,Tulare,107,460477,69205,15032,84237,1171
2021-11-05,Tuolumne,109,53932,7368,105,7473,134
2021-11-05,Ventura,111,848112,98645,4277,102922,1180
2021-11-05,Yolo,113,214977,20069,975,21044,284
2021-11-05,Yuba,115,75493,10199,331,10530,91
2021-11-04,Alameda,001,1643700,119916,2739,122655,1498
2021-11-04,Alpine,002,1148,102,0,102,0
2021-11-04,Amador,005,37829,5593,60,5653,66
2021-11-04,Butte,007,227075,21126,3926,25052,322
2021-11-04,Calaveras,009,45235,4147,56,4203,85
2021-11-04,Colusa,011,21464,2530,637,3167,20
2021-11-04,Contra Costa,013,1133247,99964,2175,102139,1048
2021-11-04,Del Norte,015,27424,3695,54,3749,41
2021-11-04,El Dorado,017,186661,16202,1708,17910,168
2021-11-04,Fresno,019,978130,141575,12746,154321,2224
2021-11-04,Glenn,021,27897,3523,1013,4536,37
2021-11-04,Humboldt,023,135768,9139,564,9703,116
2021-11-04,Imperial,025,180216,33918,3165,37083,776
2021-11-04,Inyo,027,18085,2410,38,2448,42
2021-11-04,Kern,029,883053,128663,22376,151039,1825
2021-11-04,Kings,031,150075,32473,1931,34404,349
2021-11-04,Lake,033,64148,6788,148,6936,111
2021-11-04,Lassen,035,31185,6916,378,7294,45
2021-11-04,Los Angeles,037,10098052,1445965,53272,1499237,26720
2021-11-04,Madera,039,155013,23456,2114,25570,307
2021-11-04,Marin,041,260295,9210,392,9602,197
2021-11-04,Mariposa,043,17540,1327,49,1376,19
2021-11-04,Mendocino,045,87422,7650,581,8231,91
2021-11-04,Merced,047,269075,42187,1926,44113,643
2021-11-04,Modoc,049,8938,545,194,739,5
2021-11-04,Mono,051,14174,1738,22,1760,4
2021-11-04,Monterey,053,433212,48889,2903,51792,625
2021-11-04,Napa,055,140530,13038,110,13148,103
2021-11-04,Nevada,057,99092,9296,324,9620,101
2021-11-04,Orange,059,3164182,308864,15220,324084,5837
2021-11-04,Placer,061,380077,37473,3652,41125,466
2021-11-04,Plumas,063,18699,1839,34,1873,12
2021-11-04,Riverside,065,2383286,365315,16283,381598,5352
2021-11-04,Sacramento,067,1510023,160062,4628,164690,2347
2021-11-04,San Benito,069,59416,7442,168,7610,73
2021-11-04,San Bernardino,071,2135413,356162,11191,367353,6147
2021-11-04,San Diego,073,3302833,375671,22034,397705,4314
2021-11-04,San Francisco,075,870044,53354,2301,55655,676
2021-11-04,San Joaquin,077,732212,100248,5365,105613,1858
2021-11-04,San Luis Obispo,079,281455,29757,1247,31004,354
2021-11-04,San Mateo,081,765935,54435,869,55304,588
2021-11-04,Santa Barbara,083,443738,44671,1537,46208,537
2021-11-04,Santa Clara,085,1922200,147896,1348,149244,1923
2021-11-04,Santa Cruz,087,273765,20526,995,21521,222
2021-11-04,Shasta,089,179085,21669,3587,25256,384
2021-11-04,Sierra,091,2930,186,21,207,1
2021-11-04,Siskiyou,093,43540,3353,1279,4632,54
2021-11-04,Solano,095,438530,46124,1258,47382,365
2021-11-04,Sonoma,097,501317,41750,524,42274,413
2021-11-04,Stanislaus,099,539301,78952,8807,87759,1330
2021-11-04,Sutter,101,95872,13940,348,14288,184
2021-11-04,Tehama,103,63373,8592,1470,10062,146
2021-11-04,Trinity,105,12862,858,209,1067,18
2021-11-04,Tulare,107,460477,69090,14986,84076,1162
2021-11-04,Tuolumne,109,53932,7346,103,7449,133
2021-11-04,Ventura,111,848112,98558,4275,102833,1180
2021-11-04,Yolo,113,214977,20043,971,21014,284
2021-11-04,Yuba,115,75493,10185,329,10514,91
2021-11-03,Alameda,001,1643700,119775,2735,122510,1498
2021-11-03,Alpine,002,1148,102,0,102,0
2021-11-03,Amador,005,37829,5587,59,5646,66
2021-11-03,Butte,007,227075,21081,3917,24998,321
2021-11-03,Calaveras,009,45235,4129,55,4184,85
2021-11-03,Colusa,011,21464,2524,637,3161,20
2021-11-03,Contra Costa,013,1133247,99864,2170,102034,1048
2021-11-03,Del Norte,015,27424,3693,53,3746,41
2021-11-03,El Dorado,017,186661,16175,1704,17879,168
2021-11-03,Fresno,019,978130,141214,12724,153938,2221
2021-11-03,Glenn,021,27897,3520,1013,4533,37
2021-11-03,Humboldt,023,135768,9122,559,9681,116
2021-11-03,Imperial,025,180216,33846,3155,37001,776
2021-11-03,Inyo,027,18085,2389,38,2427,42
2021-11-03,Kern,029,883053,128403,22277,150680,1822
2021-11-03,Kings,031,150075,32418,1924,34342,349
2021-11-03,Lake,033,64148,6772,148,6920,111
2021-11-03,Lassen,035,31185,6900,373,7273,45
2021-11-03,Los Angeles,037,10098052,1444613,53193,1497806,26704
2021-11-03,Madera,039,155013,23387,2105,25492,306
2021-11-03,Marin,041,260295,9189,388,9577,197
2021-11-03,Mariposa,043,17540,1317,49,1366,19
2021-11-03,Mendocino,045,87422,7634,573,8207,90
2021-11-03,Merced,047,269075,42126,1916,44042,640
2021-11-03,Modoc,049,8938,545,192,737,5
2021-11-03,Mono,051,14174,1734,22,1756,4
2021-11-03,Monterey,053,433212,48839,2890,51729,625
2021-11-03,Napa,055,140530,13025,109,13134,103
2021-11-03,Nevada,057,99092,9269,323,9592,101
2021-11-03,Orange,059,3164182,308553,15187,323740,5834
2021-11-03,Placer,061,380077,37405,3647,41052,463
2021-11-03,Plumas,063,18699,1828,33,1861,12
2021-11-03,Riverside,065,2383286,364860,16279,381139,5347
2021-11-03,Sacramento,067,1510023,159838,4618,164456,2343
2021-11-03,San Benito,069,59416,7434,168,7602,72
2021-11-03,San Bernardino,071,2135413,355686,11170,366856,6141
2021-11-03,San Diego,073,3302833,375171,22011,397182,4309
2021-11-03,San Francisco,075,870044,53262,2296,55558,675
2021-11-03,San Joaquin,077,732212,100135,5355,105490,1854
2021-11-03,San Luis Obispo,079,281455,29715,1241,30956,354
2021-11-03,San Mateo,081,765935,54371,863,55234,588
2021-11-03,Santa Barbara,083,443738,44614,1534,46148,536
2021-11-03,Santa Clara,085,1922200,147714,1341,149055,1922
2021-11-03,Santa Cruz,087,273765,20491,995,21486,222
2021-11-03,Shasta,089,179085,21611,3580,25191,382
2021-11-03,Sierra,091,2930,184,21,205,1
2021-11-03,Siskiyou,093,43540,3349,1277,4626,54
2021-11-03,Solano,095,438530,46097,1256,47353,365
2021-11-03,Sonoma,097,501317,41673,522,42195,413
2021-11-03,Stanislaus,099,539301,78820,8791,87611,1329
2021-11-03,Sutter,101,95872,13927,346,14273,184
2021-11-03,Tehama,103,63373,8579,1470,10049,146
2021-11-03,Trinity,105,12862,857,209,1066,18
2021-11-03,Tulare,107,460477,68963,14945,83908,1161
2021-11-03,Tuolumne,109,53932,7328,101,7429,132
2021-11-03,Ventura,111,848112,98453,4270,102723,1180
2021-11-03,Yolo,113,214977,20023,965,20988,283
2021-11-03,Yuba,115,75493,10173,329,10502,90
2021-11-02,Alameda,001,1643700,119630,2729,122359,1498
2021-11-02,Alpine,002,1148,101,0,101,0
2021-11-02,Amador,005,37829,5582,59,5641,66
2021-11-02,Butte,007,227075,21037,3904,24941,321
2021-11-02,Calaveras,009,45235,4106,55,4161,84
2021-11-02,Colusa,011,21464,2519,636,3155,20
2021-11-02,Contra Costa,013,1133247,99761,2158,101919,1048
2021-11-02,Del Norte,015,27424,3691,53,3744,41
2021-11-02,El Dorado,017,186661,16146,1704,17850,167
2021-11-02,Fresno,019,978130,140890,12694,153584,2215
2021-11-02,Glenn,021,27897,3512,1010,4522,37
2021-11-02,Humboldt,023,135768,9080,558,9638,116
2021-11-02,Imperial,025,180216,33773,3143,36916,775
2021-11-02,Inyo,027,18085,2382,38,2420,42
2021-11-02,Kern,029,883053,128148,22157,150305,1816
2021-11-02,Kings,031,150075,32359,1919,34278,349
2021-11-02,Lake,033,64148,6767,147,6914,111
2021-11-02,Lassen,035,31185,6888,370,7258,45
2021-11-02,Los Angeles,037,10098052,1443171,53118,1496289,26693
2021-11-02,Madera,039,155013,23306,2094,25400,306
2021-11-02,Marin,041,260295,9161,388,9549,197
2021-11-02,Mariposa,043,17540,1306,48,1354,19
2021-11-02,Mendocino,045,87422,7610,561,8171,90
2021-11-02,Merced,047,269075,42059,1908,43967,638
2021-11-02,Modoc,049,8938,542,191,733,5
2021-11-02,Mono,051,14174,1730,22,1752,4
2021-11-02,Monterey,053,433212,48788,2872,51660,625
2021-11-02,Napa,055,140530,13007,109,13116,103
2021-11-02,Nevada,057,99092,9239,322,9561,101
2021-11-02,Orange,059,3164182,308237,15143,323380,5829
2021-11-02,Placer,061,380077,37334,3632,40966,463
2021-11-02,Plumas,063,18699,1817,33,1850,11
2021-11-02,Riverside,065,2383286,364407,16260,380667,5344
2021-11-02,Sacramento,067,1510023,159581,4596,164177,2340
2021-11-02,San Benito,069,59416,7418,168,7586,72
2021-11-02,San Bernardino,071,2135413,355209,11117,366326,6135
2021-11-02,San Diego,073,3302833,374586,21981,396567,4303
2021-11-02,San Francisco,075,870044,53142,2292,55434,675
2021-11-02,San Joaquin,077,732212,100002,5344,105346,1851
2021-11-02,San Luis Obispo,079,281455,29682,1237,30919,354
2021-11-02,San Mateo,081,765935,54299,860,55159,588
2021-11-02,Santa Barbara,083,443738,44558,1531,46089,534
2021-11-02,Santa Clara,085,1922200,147520,1334,148854,1919
2021-11-02,Santa Cruz,087,273765,20458,994,21452,222
2021-11-02,Shasta,089,179085,21537,3570,25107,381
2021-11-02,Sierra,091,2930,184,20,204,1
2021-11-02,Siskiyou,093,43540,3347,1274,4621,54
2021-11-02,Solano,095,438530,46057,1250,47307,365
2021-11-02,Sonoma,097,501317,41593,521,42114,413
2021-11-02,Stanislaus,099,539301,78665,8771,87436,1326
2021-11-02,Sutter,101,95872,13907,346,14253,184
2021-11-02,Tehama,103,63373,8563,1467,10030,143
2021-11-02,Trinity,105,12862,857,209,1066,18
2021-11-02,Tulare,107,460477,68837,14897,83734,1156
2021-11-02,Tuolumne,109,53932,7306,99,7405,131
2021-11-02,Ventura,111,848112,98346,4266,102612,1180
2021-11-02,Yolo,113,214977,19993,963,20956,281
2021-11-02,Yuba,115,75493,10150,327,10477,90
2021-11-01,Alameda,001,1643700,119492,2727,122219,1495
2021-11-01,Alpine,002,1148,101,0,101,0
2021-11-01,Amador,005,37829,5580,59,5639,66
2021-11-01,Butte,007,227075,20987,3898,24885,321
2021-11-01,Calaveras,009,45235,4096,54,4150,84
2021-11-01,Colusa,011,21464,2517,633,3150,20
2021-11-01,Contra Costa,013,1133247,99635,2150,101785,1046
2021-11-01,Del Norte,015,27424,3689,53,3742,41
2021-11-01,El Dorado,017,186661,16122,1699,17821,167
2021-11-01,Fresno,019,978130,140512,12658,153170,2209
2021-11-01,Glenn,021,27897,3505,1008,4513,37
2021-11-01,Humboldt,023,135768,9052,555,9607,116
2021-11-01,Imperial,025,180216,33723,3134,36857,773
2021-11-01,Inyo,027,18085,2370,38,2408,42
2021-11-01,Kern,029,883053,127847,22042,149889,1814
2021-11-01,Kings,031,150075,32306,1915,34221,348
2021-11-01,Lake,033,64148,6756,146,6902,111
2021-11-01,Lassen,035,31185,6873,367,7240,45
2021-11-01,Los Angeles,037,10098052,1441786,53029,1494815,26679
2021-11-01,Madera,039,155013,23226,2089,25315,305
2021-11-01,Marin,041,260295,9141,387,9528,197
2021-11-01,Mariposa,043,17540,1298,47,1345,19
2021-11-01,Mendocino,045,87422,7577,543,8120,90
2021-11-01,Merced,047,269075,41967,1906,43873,636
2021-11-01,Modoc,049,8938,537,189,726,5
2021-11-01,Mono,051,14174,1726,22,1748,4
2021-11-01,Monterey,053,433212,48745,2860,51605,625
2021-11-01,Napa,055,140530,12980,108,13088,103
2021-11-01,Nevada,057,99092,9216,321,9537,100
2021-11-01,Orange,059,3164182,307894,15103,322997,5824
2021-11-01,Placer,061,380077,37247,3620,40867,461
2021-11-01,Plumas,063,18699,1798,33,1831,11
2021-11-01,Riverside,065,2383286,363902,16238,380140,5337
2021-11-01,Sacramento,067,1510023,159306,4573,163879,2338
2021-11-01,San Benito,069,59416,7408,167,7575,72
2021-11-01,San Bernardino,071,2135413,354719,11097,365816,6128
2021-11-01,San Diego,073,3302833,374021,21963,395984,4298
2021-11-01,San Francisco,075,870044,53056,2285,55341,675
2021-11-01,San Joaquin,077,732212,99840,5337,105177,1851
2021-11-01,San Luis Obispo,079,281455,29638,1232,30870,353
2021-11-01,San Mateo,081,765935,54232,856,55088,588
2021-11-01,Santa Barbara,083,443738,44491,1527,46018,534
2021-11-01,Santa Clara,085,1922200,147321,1329,148650,1918
2021-11-01,Santa Cruz,087,273765,20423,994,21417,222
2021-11-01,Shasta,089,179085,21484,3563,25047,379
2021-11-01,Sierra,091,2930,184,20,204,1
2021-11-01,Siskiyou,093,43540,3340,1269,4609,54
2021-11-01,Solano,095,438530,46004,1250,47254,363
2021-11-01,Sonoma,097,501317,41519,520,42039,412
2021-11-01,Stanislaus,099,539301,78535,8756,87291,1324
2021-11-01,Sutter,101,95872,13883,344,14227,184
2021-11-01,Tehama,103,63373,8535,1464,9999,142
2021-11-01,Trinity,105,12862,855,209,1064,17
2021-11-01,Tulare,107,460477,68694,14845,83539,1154
2021-11-01,Tuolumne,109,53932,7290,98,7388,131
2021-11-01,Ventura,111,848112,98254,4264,102518,1180
2021-11-01,Yolo,113,214977,19972,957,20929,281
2021-11-01,Yuba,115,75493,10132,325,10457,90
2021-10-31,Alameda,001,1643700,119350,2723,122073,1493
2021-10-31,Alpine,002,1148,101,0,101,0
2021-10-31,Amador,005,37829,5569,59,5628,66
2021-10-31,Butte,007,227075,20925,3887,24812,320
2021-10-31,Calaveras,009,45235,4078,53,4131,84
2021-10-31,Colusa,011,21464,2515,630,3145,20
2021-10-31,Contra Costa,013,1133247,99507,2148,101655,1044
2021-10-31,Del Norte,015,27424,3683,53,3736,41
2021-10-31,El Dorado,017,186661,16076,1696,17772,166
2021-10-31,Fresno,019,978130,140110,12624,152734,2207
2021-10-31,Glenn,021,27897,3498,1008,4506,37
2021-10-31,Humboldt,023,135768,9004,549,9553,116
2021-10-31,Imperial,025,180216,33648,3122,36770,773
2021-10-31,Inyo,027,18085,2351,38,2389,42
2021-10-31,Kern,029,883053,127475,21918,149393,1807
2021-10-31,Kings,031,150075,32220,1903,34123,347
2021-10-31,Lake,033,64148,6745,144,6889,111
2021-10-31,Lassen,035,31185,6858,362,7220,45
2021-10-31,Los Angeles,037,10098052,1440234,52947,1493181,26665
2021-10-31,Madera,039,155013,23130,2076,25206,303
2021-10-31,Marin,041,260295,9113,386,9499,197
2021-10-31,Mariposa,043,17540,1292,46,1338,18
2021-10-31,Mendocino,045,87422,7536,526,8062,90
2021-10-31,Merced,047,269075,41874,1886,43760,633
2021-10-31,Modoc,049,8938,531,186,717,5
2021-10-31,Mono,051,14174,1722,22,1744,4
2021-10-31,Monterey,053,433212,48704,2842,51546,625
2021-10-31,Napa,055,140530,12963,106,13069,103
2021-10-31,Nevada,057,99092,9179,316,9495,100
2021-10-31,Orange,059,3164182,307546,15019,322565,5821
2021-10-31,Placer,061,380077,37150,3607,40757,458
2021-10-31,Plumas,063,18699,1780,33,1813,11
2021-10-31,Riverside,065,2383286,363326,16224,379550,5332
2021-10-31,Sacramento,067,1510023,158955,4560,163515,2335
2021-10-31,San Benito,069,59416,7399,165,7564,72
2021-10-31,San Bernardino,071,2135413,354186,11083,365269,6120
2021-10-31,San Diego,073,3302833,373467,21933,395400,4295
2021-10-31,San Francisco,075,870044,52947,2279,55226,675
2021-10-31,San Joaquin,077,732212,99676,5322,104998,1850
2021-10-31,San Luis Obispo,079,281455,29585,1231,30816,351
2021-10-31,San Mateo,081,765935,54173,854,55027,588
2021-10-31,Santa Barbara,083,443738,44421,1522,45943,534
2021-10-31,Santa Clara,085,1922200,147105,1314,148419,1917
2021-10-31,Santa Cruz,087,273765,20388,993,21381,222
2021-10-31,Shasta,089,179085,21401,3551,24952,377
2021-10-31,Sierra,091,2930,184,20,204,1
2021-10-31,Siskiyou,093,43540,3334,1268,4602,54
2021-10-31,Solano,095,438530,45955,1244,47199,363
2021-10-31,Sonoma,097,501317,41449,517,41966,412
2021-10-31,Stanislaus,099,539301,78346,8739,87085,1323
2021-10-31,Sutter,101,95872,13864,341,14205,183
2021-10-31,Tehama,103,63373,8504,1460,9964,141
2021-10-31,Trinity,105,12862,855,209,1064,17
2021-10-31,Tulare,107,460477,68498,14757,83255,1149
2021-10-31,Tuolumne,109,53932,7261,97,7358,129
2021-10-31,Ventura,111,848112,98132,4259,102391,1179
2021-10-31,Yolo,113,214977,19926,953,20879,281
2021-10-31,Yuba,115,75493,10114,315,10429,90
2021-10-30,Alameda,001,1643700,119289,2720,122009,1491
2021-10-30,Alpine,002,1148,101,0,101,0
2021-10-30,Amador,005,37829,5560,58,5618,66
2021-10-30,Butte,007,227075,20910,3880,24790,318
2021-10-30,Calaveras,009,45235,4071,53,4124,84
2021-10-30,Colusa,011,21464,2515,629,3144,20
2021-10-30,Contra Costa,013,1133247,99444,2147,101591,1043
2021-10-30,Del Norte,015,27424,3680,53,3733,41
2021-10-30,El Dorado,017,186661,16060,1692,17752,166
2021-10-30,Fresno,019,978130,139965,12612,152577,2202
2021-10-30,Glenn,021,27897,3494,1008,4502,37
2021-10-30,Humboldt,023,135768,8989,547,9536,116
2021-10-30,Imperial,025,180216,33602,3118,36720,773
2021-10-30,Inyo,027,18085,2348,38,2386,42
2021-10-30,Kern,029,883053,127322,21849,149171,1805
2021-10-30,Kings,031,150075,32186,1899,34085,346
2021-10-30,Lake,033,64148,6740,144,6884,111
2021-10-30,Lassen,035,31185,6852,360,7212,45
2021-10-30,Los Angeles,037,10098052,1439512,52894,1492406,26653
2021-10-30,Madera,039,155013,23086,2071,25157,301
2021-10-30,Marin,041,260295,9098,384,9482,197
2021-10-30,Mariposa,043,17540,1289,46,1335,18
2021-10-30,Mendocino,045,87422,7514,524,8038,90
2021-10-30,Merced,047,269075,41834,1884,43718,631
2021-10-30,Modoc,049,8938,529,185,714,5
2021-10-30,Mono,051,14174,1722,22,1744,4
2021-10-30,Monterey,053,433212,48687,2836,51523,625
2021-10-30,Napa,055,140530,12948,105,13053,103
2021-10-30,Nevada,057,99092,9160,316,9476,100
2021-10-30,Orange,059,3164182,307366,14997,322363,5817
2021-10-30,Placer,061,380077,37105,3601,40706,454
2021-10-30,Plumas,063,18699,1775,33,1808,11
2021-10-30,Riverside,065,2383286,363024,16216,379240,5326
2021-10-30,Sacramento,067,1510023,158798,4551,163349,2333
2021-10-30,San Benito,069,59416,7392,165,7557,72
2021-10-30,San Bernardino,071,2135413,353908,11068,364976,6115
2021-10-30,San Diego,073,3302833,373104,21911,395015,4294
2021-10-30,San Francisco,075,870044,52918,2277,55195,675
2021-10-30,San Joaquin,077,732212,99620,5321,104941,1848
2021-10-30,San Luis Obispo,079,281455,29553,1228,30781,351
2021-10-30,San Mateo,081,765935,54134,854,54988,588
2021-10-30,Santa Barbara,083,443738,44385,1521,45906,532
2021-10-30,Santa Clara,085,1922200,146998,1310,148308,1916
2021-10-30,Santa Cruz,087,273765,20370,991,21361,222
2021-10-30,Shasta,089,179085,21357,3545,24902,376
2021-10-30,Sierra,091,2930,184,20,204,1
2021-10-30,Siskiyou,093,43540,3333,1265,4598,54
2021-10-30,Solano,095,438530,45934,1242,47176,363
2021-10-30,Sonoma,097,501317,41410,517,41927,411
2021-10-30,Stanislaus,099,539301,78276,8732,87008,1322
2021-10-30,Sutter,101,95872,13850,341,14191,183
2021-10-30,Tehama,103,63373,8492,1456,9948,141
2021-10-30,Trinity,105,12862,853,208,1061,17
2021-10-30,Tulare,107,460477,68427,14713,83140,1144
2021-10-30,Tuolumne,109,53932,7238,96,7334,128
2021-10-30,Ventura,111,848112,98083,4256,102339,1178
2021-10-30,Yolo,113,214977,19907,951,20858,280
2021-10-30,Yuba,115,75493,10103,315,10418,90
2021-10-29,Alameda,001,1643700,119209,2715,121924,1490
2021-10-29,Alpine,002,1148,101,0,101,0
2021-10-29,Amador,005,37829,5549,58,5607,66
2021-10-29,Butte,007,227075,20885,3868,24753,317
2021-10-29,Calaveras,009,45235,4064,53,4117,84
2021-10-29,Colusa,011,21464,2515,627,3142,20
2021-10-29,Contra Costa,013,1133247,99376,2145,101521,1041
2021-10-29,Del Norte,015,27424,3673,53,3726,41
2021-10-29,El Dorado,017,186661,16046,1692,17738,166
2021-10-29,Fresno,019,978130,139748,12599,152347,2197
2021-10-29,Glenn,021,27897,3493,1007,4500,37
2021-10-29,Humboldt,023,135768,8984,546,9530,116
2021-10-29,Imperial,025,180216,33575,3115,36690,773
2021-10-29,Inyo,027,18085,2345,38,2383,41
2021-10-29,Kern,029,883053,127145,21759,148904,1803
2021-10-29,Kings,031,150075,32152,1897,34049,345
2021-10-29,Lake,033,64148,6731,141,6872,111
2021-10-29,Lassen,035,31185,6843,358,7201,45
2021-10-29,Los Angeles,037,10098052,1438671,52852,1491523,26639
2021-10-29,Madera,039,155013,23034,2066,25100,301
2021-10-29,Marin,041,260295,9082,383,9465,196
2021-10-29,Mariposa,043,17540,1285,46,1331,18
2021-10-29,Mendocino,045,87422,7505,524,8029,90
2021-10-29,Merced,047,269075,41784,1878,43662,627
2021-10-29,Modoc,049,8938,526,185,711,5
2021-10-29,Mono,051,14174,1720,22,1742,4
2021-10-29,Monterey,053,433212,48664,2836,51500,625
2021-10-29,Napa,055,140530,12927,105,13032,102
2021-10-29,Nevada,057,99092,9148,316,9464,100
2021-10-29,Orange,059,3164182,307141,14977,322118,5806
2021-10-29,Placer,061,380077,37068,3591,40659,453
2021-10-29,Plumas,063,18699,1769,33,1802,11
2021-10-29,Riverside,065,2383286,362689,16211,378900,5319
2021-10-29,Sacramento,067,1510023,158609,4541,163150,2331
2021-10-29,San Benito,069,59416,7389,165,7554,72
2021-10-29,San Bernardino,071,2135413,353603,11057,364660,6108
2021-10-29,San Diego,073,3302833,372732,21883,394615,4291
2021-10-29,San Francisco,075,870044,52858,2270,55128,675
2021-10-29,San Joaquin,077,732212,99560,5316,104876,1846
2021-10-29,San Luis Obispo,079,281455,29527,1226,30753,350
2021-10-29,San Mateo,081,765935,54091,852,54943,588
2021-10-29,Santa Barbara,083,443738,44345,1518,45863,531
2021-10-29,Santa Clara,085,1922200,146882,1303,148185,1916
2021-10-29,Santa Cruz,087,273765,20363,990,21353,222
2021-10-29,Shasta,089,179085,21319,3539,24858,375
2021-10-29,Sierra,091,2930,182,20,202,1
2021-10-29,Siskiyou,093,43540,3333,1264,4597,54
2021-10-29,Solano,095,438530,45897,1241,47138,362
2021-10-29,Sonoma,097,501317,41389,517,41906,411
2021-10-29,Stanislaus,099,539301,78191,8720,86911,1319
2021-10-29,Sutter,101,95872,13831,341,14172,183
2021-10-29,Tehama,103,63373,8479,1455,9934,140
2021-10-29,Trinity,105,12862,852,208,1060,17
2021-10-29,Tulare,107,460477,68322,14670,82992,1139
2021-10-29,Tuolumne,109,53932,7225,96,7321,127
2021-10-29,Ventura,111,848112,98028,4252,102280,1177
2021-10-29,Yolo,113,214977,19886,949,20835,280
2021-10-29,Yuba,115,75493,10095,311,10406,90
2021-10-28,Alameda,001,1643700,119086,2708,121794,1488
2021-10-28,Alpine,002,1148,101,0,101,0
2021-10-28,Amador,005,37829,5536,58,5594,65
2021-10-28,Butte,007,227075,20843,3857,24700,317
2021-10-28,Calaveras,009,45235,4051,53,4104,84
2021-10-28,Colusa,011,21464,2512,626,3138,20
2021-10-28,Contra Costa,013,1133247,99246,2141,101387,1039
2021-10-28,Del Norte,015,27424,3672,53,3725,41
2021-10-28,El Dorado,017,186661,16017,1689,17706,164
2021-10-28,Fresno,019,978130,139414,12567,151981,2189
2021-10-28,Glenn,021,27897,3490,1005,4495,37
2021-10-28,Humboldt,023,135768,8968,541,9509,116
2021-10-28,Imperial,025,180216,33509,3108,36617,773
2021-10-28,Inyo,027,18085,2328,38,2366,41
2021-10-28,Kern,029,883053,126897,21647,148544,1795
2021-10-28,Kings,031,150075,32083,1892,33975,344
2021-10-28,Lake,033,64148,6721,141,6862,111
2021-10-28,Lassen,035,31185,6834,355,7189,45
2021-10-28,Los Angeles,037,10098052,1437534,52778,1490312,26628
2021-10-28,Madera,039,155013,22980,2055,25035,300
2021-10-28,Marin,041,260295,9064,382,9446,196
2021-10-28,Mariposa,043,17540,1281,46,1327,18
2021-10-28,Mendocino,045,87422,7492,513,8005,89
2021-10-28,Merced,047,269075,41699,1868,43567,627
2021-10-28,Modoc,049,8938,525,185,710,5
2021-10-28,Mono,051,14174,1714,22,1736,4
2021-10-28,Monterey,053,433212,48633,2819,51452,625
2021-10-28,Napa,055,140530,12918,104,13022,102
2021-10-28,Nevada,057,99092,9130,316,9446,100
2021-10-28,Orange,059,3164182,306854,14913,321767,5804
2021-10-28,Placer,061,380077,36995,3582,40577,451
2021-10-28,Plumas,063,18699,1761,33,1794,11
2021-10-28,Riverside,065,2383286,362246,16188,378434,5316
2021-10-28,Sacramento,067,1510023,158343,4528,162871,2328
2021-10-28,San Benito,069,59416,7381,165,7546,72
2021-10-28,San Bernardino,071,2135413,353186,11034,364220,6099
2021-10-28,San Diego,073,3302833,372276,21860,394136,4286
2021-10-28,San Francisco,075,870044,52812,2263,55075,675
2021-10-28,San Joaquin,077,732212,99432,5315,104747,1844
2021-10-28,San Luis Obispo,079,281455,29498,1223,30721,349
2021-10-28,San Mateo,081,765935,54046,850,54896,588
2021-10-28,Santa Barbara,083,443738,44307,1516,45823,531
2021-10-28,Santa Clara,085,1922200,146723,1298,148021,1915
2021-10-28,Santa Cruz,087,273765,20339,990,21329,222
2021-10-28,Shasta,089,179085,21244,3532,24776,373
2021-10-28,Sierra,091,2930,181,20,201,1
2021-10-28,Siskiyou,093,43540,3332,1264,4596,54
2021-10-28,Solano,095,438530,45858,1240,47098,362
2021-10-28,Sonoma,097,501317,41321,516,41837,411
2021-10-28,Stanislaus,099,539301,78038,8704,86742,1316
2021-10-28,Sutter,101,95872,13818,337,14155,183
2021-10-28,Tehama,103,63373,8442,1452,9894,140
2021-10-28,Trinity,105,12862,849,208,1057,17
2021-10-28,Tulare,107,460477,68184,14614,82798,1137
2021-10-28,Tuolumne,109,53932,7194,96,7290,126
2021-10-28,Ventura,111,848112,97943,4249,102192,1177
2021-10-28,Yolo,113,214977,19847,946,20793,280
2021-10-28,Yuba,115,75493,10066,308,10374,90
2021-10-27,Alameda,001,1643700,118964,2706,121670,1487
2021-10-27,Alpine,002,1148,101,0,101,0
2021-10-27,Amador,005,37829,5524,57,5581,65
2021-10-27,Butte,007,227075,20798,3842,24640,316
2021-10-27,Calaveras,009,45235,4033,52,4085,84
2021-10-27,Colusa,011,21464,2512,625,3137,20
2021-10-27,Contra Costa,013,1133247,99138,2129,101267,1036
2021-10-27,Del Norte,015,27424,3665,52,3717,41
2021-10-27,El Dorado,017,186661,15986,1684,17670,164
2021-10-27,Fresno,019,978130,139032,12532,151564,2186
2021-10-27,Glenn,021,27897,3488,1004,4492,37
2021-10-27,Humboldt,023,135768,8948,539,9487,115
2021-10-27,Imperial,025,180216,33469,3103,36572,773
2021-10-27,Inyo,027,18085,2308,38,2346,41
2021-10-27,Kern,029,883053,126628,21547,148175,1791
2021-10-27,Kings,031,150075,32018,1886,33904,344
2021-10-27,Lake,033,64148,6695,141,6836,110
2021-10-27,Lassen,035,31185,6821,353,7174,45
2021-10-27,Los Angeles,037,10098052,1436305,52720,1489025,26613
2021-10-27,Madera,039,155013,22894,2031,24925,300
2021-10-27,Marin,041,260295,9049,382,9431,196
2021-10-27,Mariposa,043,17540,1268,46,1314,18
2021-10-27,Mendocino,045,87422,7478,506,7984,89
2021-10-27,Merced,047,269075,41601,1854,43455,626
2021-10-27,Modoc,049,8938,521,185,706,5
2021-10-27,Mono,051,14174,1711,22,1733,4
2021-10-27,Monterey,053,433212,48596,2798,51394,625
2021-10-27,Napa,055,140530,12903,104,13007,102
2021-10-27,Nevada,057,99092,9113,315,9428,100
2021-10-27,Orange,059,3164182,306533,14863,321396,5800
2021-10-27,Placer,061,380077,36928,3575,40503,451
2021-10-27,Plumas,063,18699,1753,33,1786,11
2021-10-27,Riverside,065,2383286,361817,16180,377997,5312
2021-10-27,Sacramento,067,1510023,158075,4507,162582,2322
2021-10-27,San Benito,069,59416,7374,165,7539,72
2021-10-27,San Bernardino,071,2135413,352761,11012,363773,6091
2021-10-27,San Diego,073,3302833,371720,21836,393556,4284
2021-10-27,San Francisco,075,870044,52760,2259,55019,675
2021-10-27,San Joaquin,077,732212,99275,5300,104575,1843
2021-10-27,San Luis Obispo,079,281455,29459,1221,30680,346
2021-10-27,San Mateo,081,765935,53991,842,54833,588
2021-10-27,Santa Barbara,083,443738,44254,1513,45767,530
2021-10-27,Santa Clara,085,1922200,146544,1290,147834,1911
2021-10-27,Santa Cruz,087,273765,20312,988,21300,222
2021-10-27,Shasta,089,179085,21169,3524,24693,370
2021-10-27,Sierra,091,2930,180,20,200,1
2021-10-27,Siskiyou,093,43540,3329,1260,4589,53
2021-10-27,Solano,095,438530,45813,1233,47046,362
2021-10-27,Sonoma,097,501317,41245,514,41759,410
2021-10-27,Stanislaus,099,539301,77879,8689,86568,1316
2021-10-27,Sutter,101,95872,13804,337,14141,182
2021-10-27,Tehama,103,63373,8420,1450,9870,138
2021-10-27,Trinity,105,12862,849,207,1056,17
2021-10-27,Tulare,107,460477,68031,14558,82589,1134
2021-10-27,Tuolumne,109,53932,7167,95,7262,124
2021-10-27,Ventura,111,848112,97851,4244,102095,1177
2021-10-27,Yolo,113,214977,19818,939,20757,280
2021-10-27,Yuba,115,75493,10045,306,10351,89
2021-10-26,Alameda,001,1643700,118824,2704,121528,1486
2021-10-26,Alpine,002,1148,101,0,101,0
2021-10-26,Amador,005,37829,5516,56,5572,64
2021-10-26,Butte,007,227075,20738,3825,24563,316
2021-10-26,Calaveras,009,45235,4022,52,4074,84
2021-10-26,Colusa,011,21464,2509,624,3133,20
2021-10-26,Contra Costa,013,1133247,99014,2119,101133,1035
2021-10-26,Del Norte,015,27424,3660,52,3712,41
2021-10-26,El Dorado,017,186661,15958,1675,17633,164
2021-10-26,Fresno,019,978130,138585,12481,151066,2184
2021-10-26,Glenn,021,27897,3474,1001,4475,37
2021-10-26,Humboldt,023,135768,8930,533,9463,114
2021-10-26,Imperial,025,180216,33404,3098,36502,773
2021-10-26,Inyo,027,18085,2293,38,2331,41
2021-10-26,Kern,029,883053,126285,21429,147714,1781
2021-10-26,Kings,031,150075,31951,1879,33830,344
2021-10-26,Lake,033,64148,6685,139,6824,109
2021-10-26,Lassen,035,31185,6800,351,7151,45
2021-10-26,Los Angeles,037,10098052,1434966,52649,1487615,26601
2021-10-26,Madera,039,155013,22804,2020,24824,297
2021-10-26,Marin,041,260295,9032,381,9413,196
2021-10-26,Mariposa,043,17540,1263,45,1308,18
2021-10-26,Mendocino,045,87422,7449,490,7939,89
2021-10-26,Merced,047,269075,41523,1847,43370,626
2021-10-26,Modoc,049,8938,521,185,706,5
2021-10-26,Mono,051,14174,1706,22,1728,4
2021-10-26,Monterey,053,433212,48557,2788,51345,624
2021-10-26,Napa,055,140530,12891,104,12995,102
2021-10-26,Nevada,057,99092,9082,314,9396,100
2021-10-26,Orange,059,3164182,306263,14824,321087,5797
2021-10-26,Placer,061,380077,36830,3569,40399,451
2021-10-26,Plumas,063,18699,1744,33,1777,11
2021-10-26,Riverside,065,2383286,361328,16170,377498,5310
2021-10-26,Sacramento,067,1510023,157773,4490,162263,2315
2021-10-26,San Benito,069,59416,7351,165,7516,72
2021-10-26,San Bernardino,071,2135413,352332,10997,363329,6085
2021-10-26,San Diego,073,3302833,371203,21806,393009,4281
2021-10-26,San Francisco,075,870044,52686,2256,54942,675
2021-10-26,San Joaquin,077,732212,99097,5286,104383,1843
2021-10-26,San Luis Obispo,079,281455,29420,1215,30635,345
2021-10-26,San Mateo,081,765935,53919,839,54758,588
2021-10-26,Santa Barbara,083,443738,44208,1512,45720,529
2021-10-26,Santa Clara,085,1922200,146342,1284,147626,1911
2021-10-26,Santa Cruz,087,273765,20281,988,21269,221
2021-10-26,Shasta,089,179085,21108,3506,24614,368
2021-10-26,Sierra,091,2930,180,20,200,1
2021-10-26,Siskiyou,093,43540,3323,1258,4581,53
2021-10-26,Solano,095,438530,45758,1232,46990,361
2021-10-26,Sonoma,097,501317,41164,512,41676,410
2021-10-26,Stanislaus,099,539301,77705,8664,86369,1312
2021-10-26,Sutter,101,95872,13775,336,14111,182
2021-10-26,Tehama,103,63373,8392,1445,9837,138
2021-10-26,Trinity,105,12862,845,207,1052,17
2021-10-26,Tulare,107,460477,67870,14501,82371,1130
2021-10-26,Tuolumne,109,53932,7141,93,7234,124
2021-10-26,Ventura,111,848112,97742,4241,101983,1177
2021-10-26,Yolo,113,214977,19787,938,20725,280
2021-10-26,Yuba,115,75493,10027,301,10328,88
2021-10-25,Alameda,001,1643700,118681,2703,121384,1483
2021-10-25,Alpine,002,1148,101,0,101,0
2021-10-25,Amador,005,37829,5502,56,5558,64
2021-10-25,Butte,007,227075,20665,3817,24482,316
2021-10-25,Calaveras,009,45235,3992,51,4043,83
2021-10-25,Colusa,011,21464,2507,622,3129,19
2021-10-25,Contra Costa,013,1133247,98899,2115,101014,1035
2021-10-25,Del Norte,015,27424,3653,52,3705,41
2021-10-25,El Dorado,017,186661,15923,1673,17596,163
2021-10-25,Fresno,019,978130,138150,12445,150595,2180
2021-10-25,Glenn,021,27897,3471,1000,4471,37
2021-10-25,Humboldt,023,135768,8907,528,9435,113
2021-10-25,Imperial,025,180216,33343,3087,36430,773
2021-10-25,Inyo,027,18085,2275,38,2313,41
2021-10-25,Kern,029,883053,125934,21290,147224,1776
2021-10-25,Kings,031,150075,31861,1870,33731,343
2021-10-25,Lake,033,64148,6671,139,6810,108
2021-10-25,Lassen,035,31185,6789,349,7138,45
2021-10-25,Los Angeles,037,10098052,1433611,52584,1486195,26588
2021-10-25,Madera,039,155013,22750,2013,24763,297
2021-10-25,Marin,041,260295,9010,379,9389,196
2021-10-25,Mariposa,043,17540,1249,45,1294,18
2021-10-25,Mendocino,045,87422,7420,486,7906,89
2021-10-25,Merced,047,269075,41455,1820,43275,626
2021-10-25,Modoc,049,8938,519,183,702,5
2021-10-25,Mono,051,14174,1698,22,1720,4
2021-10-25,Monterey,053,433212,48524,2786,51310,624
2021-10-25,Napa,055,140530,12878,104,12982,102
2021-10-25,Nevada,057,99092,9056,314,9370,100
2021-10-25,Orange,059,3164182,305963,14787,320750,5795
2021-10-25,Placer,061,380077,36720,3559,40279,449
2021-10-25,Plumas,063,18699,1732,33,1765,11
2021-10-25,Riverside,065,2383286,360897,16155,377052,5304
2021-10-25,Sacramento,067,1510023,157467,4467,161934,2312
2021-10-25,San Benito,069,59416,7338,164,7502,72
2021-10-25,San Bernardino,071,2135413,351823,10985,362808,6081
2021-10-25,San Diego,073,3302833,370634,21778,392412,4277
2021-10-25,San Francisco,075,870044,52613,2250,54863,675
2021-10-25,San Joaquin,077,732212,98896,5277,104173,1837
2021-10-25,San Luis Obispo,079,281455,29372,1210,30582,345
2021-10-25,San Mateo,081,765935,53858,835,54693,588
2021-10-25,Santa Barbara,083,443738,44149,1512,45661,529
2021-10-25,Santa Clara,085,1922200,146150,1279,147429,1910
2021-10-25,Santa Cruz,087,273765,20252,987,21239,221
2021-10-25,Shasta,089,179085,21036,3500,24536,363
2021-10-25,Sierra,091,2930,180,20,200,1
2021-10-25,Siskiyou,093,43540,3319,1253,4572,53
2021-10-25,Solano,095,438530,45698,1230,46928,361
2021-10-25,Sonoma,097,501317,41093,510,41603,409
2021-10-25,Stanislaus,099,539301,77513,8636,86149,1310
2021-10-25,Sutter,101,95872,13761,333,14094,181
2021-10-25,Tehama,103,63373,8365,1441,9806,138
2021-10-25,Trinity,105,12862,840,206,1046,17
2021-10-25,Tulare,107,460477,67674,14439,82113,1128
2021-10-25,Tuolumne,109,53932,7107,92,7199,123
2021-10-25,Ventura,111,848112,97651,4239,101890,1177
2021-10-25,Yolo,113,214977,19737,935,20672,280
2021-10-25,Yuba,115,75493,10011,297,10308,88
2021-10-24,Alameda,001,1643700,118549,2698,121247,1481
2021-10-24,Alpine,002,1148,101,0,101,0
2021-10-24,Amador,005,37829,5497,56,5553,64
2021-10-24,Butte,007,227075,20594,3804,24398,316
2021-10-24,Calaveras,009,45235,3973,50,4023,83
2021-10-24,Colusa,011,21464,2504,619,3123,19
2021-10-24,Contra Costa,013,1133247,98780,2106,100886,1034
2021-10-24,Del Norte,015,27424,3649,52,3701,41
2021-10-24,El Dorado,017,186661,15886,1669,17555,162
2021-10-24,Fresno,019,978130,137717,12394,150111,2177
2021-10-24,Glenn,021,27897,3463,998,4461,37
2021-10-24,Humboldt,023,135768,8894,522,9416,112
2021-10-24,Imperial,025,180216,33266,3081,36347,773
2021-10-24,Inyo,027,18085,2243,38,2281,41
2021-10-24,Kern,029,883053,125600,21174,146774,1769
2021-10-24,Kings,031,150075,31732,1855,33587,343
2021-10-24,Lake,033,64148,6648,138,6786,107
2021-10-24,Lassen,035,31185,6772,348,7120,44
2021-10-24,Los Angeles,037,10098052,1432177,52516,1484693,26576
2021-10-24,Madera,039,155013,22673,2001,24674,297
2021-10-24,Marin,041,260295,8992,378,9370,196
2021-10-24,Mariposa,043,17540,1246,45,1291,18
2021-10-24,Mendocino,045,87422,7397,476,7873,89
2021-10-24,Merced,047,269075,41332,1814,43146,626
2021-10-24,Modoc,049,8938,518,183,701,5
2021-10-24,Mono,051,14174,1693,22,1715,4
2021-10-24,Monterey,053,433212,48476,2776,51252,623
2021-10-24,Napa,055,140530,12867,104,12971,102
2021-10-24,Nevada,057,99092,9033,311,9344,99
2021-10-24,Orange,059,3164182,305610,14751,320361,5793
2021-10-24,Placer,061,380077,36618,3545,40163,448
2021-10-24,Plumas,063,18699,1722,32,1754,11
2021-10-24,Riverside,065,2383286,360424,16135,376559,5297
2021-10-24,Sacramento,067,1510023,157125,4444,161569,2310
2021-10-24,San Benito,069,59416,7318,164,7482,72
2021-10-24,San Bernardino,071,2135413,351265,10973,362238,6075
2021-10-24,San Diego,073,3302833,370050,21747,391797,4273
2021-10-24,San Francisco,075,870044,52550,2244,54794,674
2021-10-24,San Joaquin,077,732212,98723,5271,103994,1836
2021-10-24,San Luis Obispo,079,281455,29311,1203,30514,344
2021-10-24,San Mateo,081,765935,53786,835,54621,588
2021-10-24,Santa Barbara,083,443738,44082,1510,45592,529
2021-10-24,Santa Clara,085,1922200,145959,1269,147228,1909
2021-10-24,Santa Cruz,087,273765,20214,986,21200,221
2021-10-24,Shasta,089,179085,20938,3494,24432,362
2021-10-24,Sierra,091,2930,180,20,200,1
2021-10-24,Siskiyou,093,43540,3312,1249,4561,53
2021-10-24,Solano,095,438530,45649,1225,46874,361
2021-10-24,Sonoma,097,501317,41010,510,41520,408
2021-10-24,Stanislaus,099,539301,77322,8625,85947,1305
2021-10-24,Sutter,101,95872,13735,325,14060,181
2021-10-24,Tehama,103,63373,8317,1430,9747,138
2021-10-24,Trinity,105,12862,836,204,1040,17
2021-10-24,Tulare,107,460477,67501,14368,81869,1128
2021-10-24,Tuolumne,109,53932,7067,90,7157,122
2021-10-24,Ventura,111,848112,97544,4237,101781,1176
2021-10-24,Yolo,113,214977,19686,935,20621,279
2021-10-24,Yuba,115,75493,9987,296,10283,88
2021-10-23,Alameda,001,1643700,118461,2693,121154,1481
2021-10-23,Alpine,002,1148,101,0,101,0
2021-10-23,Amador,005,37829,5490,56,5546,64
2021-10-23,Butte,007,227075,20557,3796,24353,315
2021-10-23,Calaveras,009,45235,3966,49,4015,82
2021-10-23,Colusa,011,21464,2502,618,3120,19
2021-10-23,Contra Costa,013,1133247,98727,2102,100829,1034
2021-10-23,Del Norte,015,27424,3647,52,3699,41
2021-10-23,El Dorado,017,186661,15860,1667,17527,161
2021-10-23,Fresno,019,978130,137537,12381,149918,2174
2021-10-23,Glenn,021,27897,3461,997,4458,37
2021-10-23,Humboldt,023,135768,8880,517,9397,111
2021-10-23,Imperial,025,180216,33218,3077,36295,771
2021-10-23,Inyo,027,18085,2232,38,2270,41
2021-10-23,Kern,029,883053,125440,21087,146527,1765
2021-10-23,Kings,031,150075,31686,1853,33539,341
2021-10-23,Lake,033,64148,6643,138,6781,107
2021-10-23,Lassen,035,31185,6769,346,7115,43
2021-10-23,Los Angeles,037,10098052,1431501,52462,1483963,26563
2021-10-23,Madera,039,155013,22624,1993,24617,296
2021-10-23,Marin,041,260295,8975,378,9353,196
2021-10-23,Mariposa,043,17540,1243,44,1287,18
2021-10-23,Mendocino,045,87422,7390,475,7865,88
2021-10-23,Merced,047,269075,41291,1809,43100,625
2021-10-23,Modoc,049,8938,516,183,699,5
2021-10-23,Mono,051,14174,1687,22,1709,4
2021-10-23,Monterey,053,433212,48459,2772,51231,623
2021-10-23,Napa,055,140530,12862,104,12966,102
2021-10-23,Nevada,057,99092,9022,309,9331,99
2021-10-23,Orange,059,3164182,305421,14736,320157,5790
2021-10-23,Placer,061,380077,36558,3539,40097,448
2021-10-23,Plumas,063,18699,1721,32,1753,11
2021-10-23,Riverside,065,2383286,360101,16128,376229,5296
2021-10-23,Sacramento,067,1510023,156996,4436,161432,2307
2021-10-23,San Benito,069,59416,7308,164,7472,72
2021-10-23,San Bernardino,071,2135413,350994,10965,361959,6068
2021-10-23,San Diego,073,3302833,369708,21716,391424,4271
2021-10-23,San Francisco,075,870044,52514,2243,54757,674
2021-10-23,San Joaquin,077,732212,98654,5262,103916,1833
2021-10-23,San Luis Obispo,079,281455,29273,1201,30474,343
2021-10-23,San Mateo,081,765935,53748,834,54582,588
2021-10-23,Santa Barbara,083,443738,44051,1508,45559,528
2021-10-23,Santa Clara,085,1922200,145848,1265,147113,1908
2021-10-23,Santa Cruz,087,273765,20202,986,21188,221
2021-10-23,Shasta,089,179085,20902,3482,24384,360
2021-10-23,Sierra,091,2930,179,20,199,1
2021-10-23,Siskiyou,093,43540,3310,1249,4559,53
2021-10-23,Solano,095,438530,45624,1222,46846,361
2021-10-23,Sonoma,097,501317,40970,510,41480,408
2021-10-23,Stanislaus,099,539301,77233,8605,85838,1301
2021-10-23,Sutter,101,95872,13728,324,14052,180
2021-10-23,Tehama,103,63373,8305,1429,9734,138
2021-10-23,Trinity,105,12862,835,204,1039,17
2021-10-23,Tulare,107,460477,67413,14309,81722,1124
2021-10-23,Tuolumne,109,53932,7046,90,7136,121
2021-10-23,Ventura,111,848112,97483,4237,101720,1174
2021-10-23,Yolo,113,214977,19668,933,20601,279
2021-10-23,Yuba,115,75493,9978,296,10274,88
2021-10-22,Alameda,001,1643700,118379,2690,121069,1477
2021-10-22,Alpine,002,1148,101,0,101,0
2021-10-22,Amador,005,37829,5479,56,5535,64
2021-10-22,Butte,007,227075,20525,3792,24317,313
2021-10-22,Calaveras,009,45235,3958,49,4007,82
2021-10-22,Colusa,011,21464,2499,618,3117,19
2021-10-22,Contra Costa,013,1133247,98636,2100,100736,1034
2021-10-22,Del Norte,015,27424,3643,52,3695,41
2021-10-22,El Dorado,017,186661,15847,1665,17512,159
2021-10-22,Fresno,019,978130,137322,12360,149682,2172
2021-10-22,Glenn,021,27897,3451,997,4448,37
2021-10-22,Humboldt,023,135768,8866,516,9382,111
2021-10-22,Imperial,025,180216,33174,3077,36251,771
2021-10-22,Inyo,027,18085,2219,38,2257,41
2021-10-22,Kern,029,883053,125253,21014,146267,1763
2021-10-22,Kings,031,150075,31651,1852,33503,340
2021-10-22,Lake,033,64148,6633,138,6771,107
2021-10-22,Lassen,035,31185,6762,343,7105,42
2021-10-22,Los Angeles,037,10098052,1430736,52404,1483140,26550
2021-10-22,Madera,039,155013,22574,1981,24555,296
2021-10-22,Marin,041,260295,8964,378,9342,195
2021-10-22,Mariposa,043,17540,1240,44,1284,17
2021-10-22,Mendocino,045,87422,7376,474,7850,88
2021-10-22,Merced,047,269075,41254,1802,43056,625
2021-10-22,Modoc,049,8938,516,183,699,5
2021-10-22,Mono,051,14174,1685,22,1707,4
2021-10-22,Monterey,053,433212,48425,2770,51195,623
2021-10-22,Napa,055,140530,12856,104,12960,102
2021-10-22,Nevada,057,99092,9005,308,9313,99
2021-10-22,Orange,059,3164182,305205,14706,319911,5784
2021-10-22,Placer,061,380077,36528,3530,40058,448
2021-10-22,Plumas,063,18699,1715,32,1747,10
2021-10-22,Riverside,065,2383286,359789,16123,375912,5290
2021-10-22,Sacramento,067,1510023,156809,4427,161236,2303
2021-10-22,San Benito,069,59416,7303,164,7467,72
2021-10-22,San Bernardino,071,2135413,350664,10950,361614,6062
2021-10-22,San Diego,073,3302833,369310,21698,391008,4266
2021-10-22,San Francisco,075,870044,52476,2236,54712,674
2021-10-22,San Joaquin,077,732212,98593,5259,103852,1831
2021-10-22,San Luis Obispo,079,281455,29243,1201,30444,342
2021-10-22,San Mateo,081,765935,53697,828,54525,588
2021-10-22,Santa Barbara,083,443738,44010,1508,45518,528
2021-10-22,Santa Clara,085,1922200,145690,1258,146948,1908
2021-10-22,Santa Cruz,087,273765,20180,986,21166,221
2021-10-22,Shasta,089,179085,20869,3479,24348,359
2021-10-22,Sierra,091,2930,178,19,197,1
2021-10-22,Siskiyou,093,43540,3308,1246,4554,52
2021-10-22,Solano,095,438530,45589,1218,46807,360
2021-10-22,Sonoma,097,501317,40913,510,41423,408
2021-10-22,Stanislaus,099,539301,77130,8588,85718,1298
2021-10-22,Sutter,101,95872,13713,324,14037,179
2021-10-22,Tehama,103,63373,8284,1424,9708,137
2021-10-22,Trinity,105,12862,834,204,1038,17
2021-10-22,Tulare,107,460477,67325,14257,81582,1120
2021-10-22,Tuolumne,109,53932,7011,90,7101,121
2021-10-22,Ventura,111,848112,97430,4231,101661,1174
2021-10-22,Yolo,113,214977,19641,932,20573,278
2021-10-22,Yuba,115,75493,9964,294,10258,88
2021-10-21,Alameda,001,1643700,118264,2684,120948,1476
2021-10-21,Alpine,002,1148,101,0,101,0
2021-10-21,Amador,005,37829,5471,56,5527,64
2021-10-21,Butte,007,227075,20441,3776,24217,310
2021-10-21,Calaveras,009,45235,3939,49,3988,82
2021-10-21,Colusa,011,21464,2495,614,3109,19
2021-10-21,Contra Costa,013,1133247,98519,2095,100614,1032
2021-10-21,Del Norte,015,27424,3637,51,3688,41
2021-10-21,El Dorado,017,186661,15818,1658,17476,159
2021-10-21,Fresno,019,978130,136971,12315,149286,2167
2021-10-21,Glenn,021,27897,3447,994,4441,37
2021-10-21,Humboldt,023,135768,8852,512,9364,111
2021-10-21,Imperial,025,180216,33119,3073,36192,771
2021-10-21,Inyo,027,18085,2197,38,2235,41
2021-10-21,Kern,029,883053,125006,20905,145911,1758
2021-10-21,Kings,031,150075,31553,1846,33399,339
2021-10-21,Lake,033,64148,6619,137,6756,107
2021-10-21,Lassen,035,31185,6749,339,7088,42
2021-10-21,Los Angeles,037,10098052,1429615,52357,1481972,26537
2021-10-21,Madera,039,155013,22516,1971,24487,296
2021-10-21,Marin,041,260295,8946,378,9324,195
2021-10-21,Mariposa,043,17540,1234,43,1277,17
2021-10-21,Mendocino,045,87422,7358,467,7825,88
2021-10-21,Merced,047,269075,41157,1791,42948,625
2021-10-21,Modoc,049,8938,516,183,699,5
2021-10-21,Mono,051,14174,1676,22,1698,4
2021-10-21,Monterey,053,433212,48391,2759,51150,621
2021-10-21,Napa,055,140530,12844,104,12948,102
2021-10-21,Nevada,057,99092,8980,308,9288,98
2021-10-21,Orange,059,3164182,304933,14670,319603,5779
2021-10-21,Placer,061,380077,36436,3517,39953,448
2021-10-21,Plumas,063,18699,1701,32,1733,10
2021-10-21,Riverside,065,2383286,359344,16113,375457,5286
2021-10-21,Sacramento,067,1510023,156489,4401,160890,2297
2021-10-21,San Benito,069,59416,7296,162,7458,72
2021-10-21,San Bernardino,071,2135413,350284,10916,361200,6056
2021-10-21,San Diego,073,3302833,368798,21668,390466,4263
2021-10-21,San Francisco,075,870044,52421,2235,54656,674
2021-10-21,San Joaquin,077,732212,98455,5252,103707,1827
2021-10-21,San Luis Obispo,079,281455,29201,1199,30400,341
2021-10-21,San Mateo,081,765935,53650,827,54477,588
2021-10-21,Santa Barbara,083,443738,43944,1506,45450,526
2021-10-21,Santa Clara,085,1922200,145516,1254,146770,1905
2021-10-21,Santa Cruz,087,273765,20156,984,21140,221
2021-10-21,Shasta,089,179085,20808,3464,24272,355
2021-10-21,Sierra,091,2930,177,18,195,1
2021-10-21,Siskiyou,093,43540,3303,1244,4547,52
2021-10-21,Solano,095,438530,45537,1216,46753,359
2021-10-21,Sonoma,097,501317,40844,508,41352,408
2021-10-21,Stanislaus,099,539301,76961,8577,85538,1296
2021-10-21,Sutter,101,95872,13685,320,14005,179
2021-10-21,Tehama,103,63373,8256,1417,9673,137
2021-10-21,Trinity,105,12862,832,204,1036,17
2021-10-21,Tulare,107,460477,67136,14189,81325,1115
2021-10-21,Tuolumne,109,53932,6973,89,7062,120
2021-10-21,Ventura,111,848112,97341,4229,101570,1174
2021-10-21,Yolo,113,214977,19595,931,20526,278
2021-10-21,Yuba,115,75493,9940,293,10233,87
2021-10-20,Alameda,001,1643700,118143,2684,120827,1474
2021-10-20,Alpine,002,1148,101,0,101,0
2021-10-20,Amador,005,37829,5463,56,5519,64
2021-10-20,Butte,007,227075,20386,3760,24146,310
2021-10-20,Calaveras,009,45235,3919,48,3967,82
2021-10-20,Colusa,011,21464,2491,612,3103,19
2021-10-20,Contra Costa,013,1133247,98404,2091,100495,1031
2021-10-20,Del Norte,015,27424,3633,51,3684,41
2021-10-20,El Dorado,017,186661,15789,1655,17444,159
2021-10-20,Fresno,019,978130,136568,12274,148842,2162
2021-10-20,Glenn,021,27897,3439,993,4432,37
2021-10-20,Humboldt,023,135768,8830,510,9340,110
2021-10-20,Imperial,025,180216,33045,3065,36110,771
2021-10-20,Inyo,027,18085,2178,37,2215,41
2021-10-20,Kern,029,883053,124712,20787,145499,1748
2021-10-20,Kings,031,150075,31477,1836,33313,335
2021-10-20,Lake,033,64148,6597,136,6733,107
2021-10-20,Lassen,035,31185,6734,339,7073,42
2021-10-20,Los Angeles,037,10098052,1428497,52286,1480783,26522
2021-10-20,Madera,039,155013,22447,1962,24409,295
2021-10-20,Marin,041,260295,8925,377,9302,195
2021-10-20,Mariposa,043,17540,1227,43,1270,17
2021-10-20,Mendocino,045,87422,7330,464,7794,88
2021-10-20,Merced,047,269075,41076,1775,42851,623
2021-10-20,Modoc,049,8938,516,183,699,5
2021-10-20,Mono,051,14174,1676,22,1698,4
2021-10-20,Monterey,053,433212,48359,2750,51109,621
2021-10-20,Napa,055,140530,12830,103,12933,101
2021-10-20,Nevada,057,99092,8952,308,9260,98
2021-10-20,Orange,059,3164182,304645,14648,319293,5777
2021-10-20,Placer,061,380077,36346,3508,39854,447
2021-10-20,Plumas,063,18699,1694,32,1726,10
2021-10-20,Riverside,065,2383286,358900,16096,374996,5277
2021-10-20,Sacramento,067,1510023,156189,4377,160566,2293
2021-10-20,San Benito,069,59416,7293,160,7453,71
2021-10-20,San Bernardino,071,2135413,349882,10885,360767,6047
2021-10-20,San Diego,073,3302833,368291,21649,389940,4256
2021-10-20,San Francisco,075,870044,52372,2234,54606,673
2021-10-20,San Joaquin,077,732212,98310,5244,103554,1821
2021-10-20,San Luis Obispo,079,281455,29155,1195,30350,341
2021-10-20,San Mateo,081,765935,53579,819,54398,588
2021-10-20,Santa Barbara,083,443738,43881,1505,45386,525
2021-10-20,Santa Clara,085,1922200,145375,1249,146624,1903
2021-10-20,Santa Cruz,087,273765,20143,984,21127,221
2021-10-20,Shasta,089,179085,20746,3437,24183,349
2021-10-20,Sierra,091,2930,177,18,195,1
2021-10-20,Siskiyou,093,43540,3303,1238,4541,52
2021-10-20,Solano,095,438530,45505,1214,46719,358
2021-10-20,Sonoma,097,501317,40797,508,41305,407
2021-10-20,Stanislaus,099,539301,76811,8558,85369,1289
2021-10-20,Sutter,101,95872,13661,314,13975,179
2021-10-20,Tehama,103,63373,8225,1406,9631,137
2021-10-20,Trinity,105,12862,832,203,1035,17
2021-10-20,Tulare,107,460477,66961,14145,81106,1108
2021-10-20,Tuolumne,109,53932,6950,89,7039,118
2021-10-20,Ventura,111,848112,97259,4224,101483,1174
2021-10-20,Yolo,113,214977,19550,929,20479,278
2021-10-20,Yuba,115,75493,9923,290,10213,87
2021-10-19,Alameda,001,1643700,118020,2678,120698,1472
2021-10-19,Alpine,002,1148,101,0,101,0
2021-10-19,Amador,005,37829,5447,56,5503,64
2021-10-19,Butte,007,227075,20333,3752,24085,309
2021-10-19,Calaveras,009,45235,3902,47,3949,82
2021-10-19,Colusa,011,21464,2488,610,3098,19
2021-10-19,Contra Costa,013,1133247,98313,2086,100399,1031
2021-10-19,Del Norte,015,27424,3626,51,3677,41
2021-10-19,El Dorado,017,186661,15764,1650,17414,159
2021-10-19,Fresno,019,978130,136202,12225,148427,2156
2021-10-19,Glenn,021,27897,3435,991,4426,37
2021-10-19,Humboldt,023,135768,8806,504,9310,110
2021-10-19,Imperial,025,180216,32980,3061,36041,771
2021-10-19,Inyo,027,18085,2147,37,2184,40
2021-10-19,Kern,029,883053,124395,20663,145058,1743
2021-10-19,Kings,031,150075,31383,1829,33212,333
2021-10-19,Lake,033,64148,6593,136,6729,107
2021-10-19,Lassen,035,31185,6728,335,7063,41
2021-10-19,Los Angeles,037,10098052,1427250,52214,1479464,26512
2021-10-19,Madera,039,155013,22384,1954,24338,295
2021-10-19,Marin,041,260295,8911,374,9285,195
2021-10-19,Mariposa,043,17540,1221,41,1262,17
2021-10-19,Mendocino,045,87422,7314,461,7775,88
2021-10-19,Merced,047,269075,40961,1754,42715,622
2021-10-19,Modoc,049,8938,514,183,697,5
2021-10-19,Mono,051,14174,1672,22,1694,4
2021-10-19,Monterey,053,433212,48322,2739,51061,621
2021-10-19,Napa,055,140530,12822,103,12925,101
2021-10-19,Nevada,057,99092,8931,307,9238,97
2021-10-19,Orange,059,3164182,304387,14615,319002,5773
2021-10-19,Placer,061,380077,36226,3493,39719,447
2021-10-19,Plumas,063,18699,1676,32,1708,10
2021-10-19,Riverside,065,2383286,358480,16089,374569,5276
2021-10-19,Sacramento,067,1510023,155884,4350,160234,2292
2021-10-19,San Benito,069,59416,7278,160,7438,71
2021-10-19,San Bernardino,071,2135413,349479,10856,360335,6044
2021-10-19,San Diego,073,3302833,367709,21618,389327,4249
2021-10-19,San Francisco,075,870044,52309,2232,54541,672
2021-10-19,San Joaquin,077,732212,98142,5233,103375,1813
2021-10-19,San Luis Obispo,079,281455,29107,1192,30299,339
2021-10-19,San Mateo,081,765935,53521,817,54338,587
2021-10-19,Santa Barbara,083,443738,43814,1504,45318,525
2021-10-19,Santa Clara,085,1922200,145199,1242,146441,1902
2021-10-19,Santa Cruz,087,273765,20119,982,21101,221
2021-10-19,Shasta,089,179085,20669,3429,24098,348
2021-10-19,Sierra,091,2930,174,18,192,1
2021-10-19,Siskiyou,093,43540,3299,1233,4532,52
2021-10-19,Solano,095,438530,45464,1208,46672,358
2021-10-19,Sonoma,097,501317,40723,507,41230,407
2021-10-19,Stanislaus,099,539301,76669,8546,85215,1286
2021-10-19,Sutter,101,95872,13637,313,13950,178
2021-10-19,Tehama,103,63373,8194,1391,9585,136
2021-10-19,Trinity,105,12862,825,203,1028,17
2021-10-19,Tulare,107,460477,66775,14077,80852,1106
2021-10-19,Tuolumne,109,53932,6922,88,7010,116
2021-10-19,Ventura,111,848112,97182,4219,101401,1174
2021-10-19,Yolo,113,214977,19501,928,20429,278
2021-10-19,Yuba,115,75493,9905,289,10194,87
2021-10-18,Alameda,001,1643700,117883,2668,120551,1472
2021-10-18,Alpine,002,1148,101,0,101,0
2021-10-18,Amador,005,37829,5436,56,5492,64
2021-10-18,Butte,007,227075,20283,3739,24022,308
2021-10-18,Calaveras,009,45235,3877,46,3923,81
2021-10-18,Colusa,011,21464,2487,608,3095,19
2021-10-18,Contra Costa,013,1133247,98201,2082,100283,1029
2021-10-18,Del Norte,015,27424,3619,51,3670,41
2021-10-18,El Dorado,017,186661,15734,1648,17382,158
2021-10-18,Fresno,019,978130,135798,12182,147980,2152
2021-10-18,Glenn,021,27897,3431,987,4418,37
2021-10-18,Humboldt,023,135768,8786,496,9282,110
2021-10-18,Imperial,025,180216,32888,3061,35949,771
2021-10-18,Inyo,027,18085,2129,37,2166,40
2021-10-18,Kern,029,883053,124096,20569,144665,1737
2021-10-18,Kings,031,150075,31270,1816,33086,333
2021-10-18,Lake,033,64148,6574,132,6706,107
2021-10-18,Lassen,035,31185,6708,332,7040,40
2021-10-18,Los Angeles,037,10098052,1426007,52137,1478144,26503
2021-10-18,Madera,039,155013,22330,1941,24271,294
2021-10-18,Marin,041,260295,8892,371,9263,195
2021-10-18,Mariposa,043,17540,1213,41,1254,17
2021-10-18,Mendocino,045,87422,7295,453,7748,88
2021-10-18,Merced,047,269075,40838,1743,42581,621
2021-10-18,Modoc,049,8938,514,183,697,5
2021-10-18,Mono,051,14174,1666,21,1687,4
2021-10-18,Monterey,053,433212,48300,2734,51034,621
2021-10-18,Napa,055,140530,12807,103,12910,101
2021-10-18,Nevada,057,99092,8912,307,9219,96
2021-10-18,Orange,059,3164182,304047,14580,318627,5771
2021-10-18,Placer,061,380077,36150,3489,39639,446
2021-10-18,Plumas,063,18699,1668,32,1700,10
2021-10-18,Riverside,065,2383286,358062,16075,374137,5271
2021-10-18,Sacramento,067,1510023,155579,4320,159899,2287
2021-10-18,San Benito,069,59416,7266,160,7426,69
2021-10-18,San Bernardino,071,2135413,349057,10842,359899,6039
2021-10-18,San Diego,073,3302833,367153,21580,388733,4247
2021-10-18,San Francisco,075,870044,52246,2226,54472,671
2021-10-18,San Joaquin,077,732212,97976,5223,103199,1810
2021-10-18,San Luis Obispo,079,281455,29068,1189,30257,339
2021-10-18,San Mateo,081,765935,53456,816,54272,586
2021-10-18,Santa Barbara,083,443738,43755,1502,45257,524
2021-10-18,Santa Clara,085,1922200,145043,1234,146277,1901
2021-10-18,Santa Cruz,087,273765,20105,980,21085,221
2021-10-18,Shasta,089,179085,20590,3418,24008,347
2021-10-18,Sierra,091,2930,174,18,192,1
2021-10-18,Siskiyou,093,43540,3296,1225,4521,51
2021-10-18,Solano,095,438530,45420,1205,46625,356
2021-10-18,Sonoma,097,501317,40659,504,41163,407
2021-10-18,Stanislaus,099,539301,76504,8532,85036,1284
2021-10-18,Sutter,101,95872,13603,311,13914,178
2021-10-18,Tehama,103,63373,8158,1380,9538,136
2021-10-18,Trinity,105,12862,824,203,1027,17
2021-10-18,Tulare,107,460477,66600,14013,80613,1101
2021-10-18,Tuolumne,109,53932,6893,88,6981,116
2021-10-18,Ventura,111,848112,97090,4216,101306,1173
2021-10-18,Yolo,113,214977,19462,927,20389,277
2021-10-18,Yuba,115,75493,9878,287,10165,87
2021-10-17,Alameda,001,1643700,117731,2663,120394,1471
2021-10-17,Alpine,002,1148,101,0,101,0
2021-10-17,Amador,005,37829,5413,56,5469,64
2021-10-17,Butte,007,227075,20198,3728,23926,308
2021-10-17,Calaveras,009,45235,3860,46,3906,81
2021-10-17,Colusa,011,21464,2482,601,3083,19
2021-10-17,Contra Costa,013,1133247,98080,2071,100151,1028
2021-10-17,Del Norte,015,27424,3614,51,3665,41
2021-10-17,El Dorado,017,186661,15676,1641,17317,158
2021-10-17,Fresno,019,978130,135330,12137,147467,2149
2021-10-17,Glenn,021,27897,3421,982,4403,37
2021-10-17,Humboldt,023,135768,8766,493,9259,110
2021-10-17,Imperial,025,180216,32806,3054,35860,771
2021-10-17,Inyo,027,18085,2101,37,2138,40
2021-10-17,Kern,029,883053,123746,20471,144217,1730
2021-10-17,Kings,031,150075,31157,1808,32965,333
2021-10-17,Lake,033,64148,6558,132,6690,107
2021-10-17,Lassen,035,31185,6696,328,7024,39
2021-10-17,Los Angeles,037,10098052,1424671,52065,1476736,26492
2021-10-17,Madera,039,155013,22268,1930,24198,294
2021-10-17,Marin,041,260295,8870,371,9241,195
2021-10-17,Mariposa,043,17540,1206,41,1247,17
2021-10-17,Mendocino,045,87422,7266,447,7713,88
2021-10-17,Merced,047,269075,40712,1727,42439,620
2021-10-17,Modoc,049,8938,511,181,692,5
2021-10-17,Mono,051,14174,1664,20,1684,4
2021-10-17,Monterey,053,433212,48259,2724,50983,621
2021-10-17,Napa,055,140530,12791,100,12891,101
2021-10-17,Nevada,057,99092,8895,306,9201,96
2021-10-17,Orange,059,3164182,303732,14547,318279,5764
2021-10-17,Placer,061,380077,36050,3474,39524,444
2021-10-17,Plumas,063,18699,1644,31,1675,10
2021-10-17,Riverside,065,2383286,357578,16061,373639,5263
2021-10-17,Sacramento,067,1510023,155180,4303,159483,2285
2021-10-17,San Benito,069,59416,7257,159,7416,69
2021-10-17,San Bernardino,071,2135413,348621,10822,359443,6030
2021-10-17,San Diego,073,3302833,366562,21552,388114,4243
2021-10-17,San Francisco,075,870044,52174,2217,54391,670
2021-10-17,San Joaquin,077,732212,97803,5214,103017,1810
2021-10-17,San Luis Obispo,079,281455,29016,1181,30197,338
2021-10-17,San Mateo,081,765935,53404,812,54216,586
2021-10-17,Santa Barbara,083,443738,43692,1501,45193,524
2021-10-17,Santa Clara,085,1922200,144865,1225,146090,1900
2021-10-17,Santa Cruz,087,273765,20078,978,21056,221
2021-10-17,Shasta,089,179085,20500,3408,23908,345
2021-10-17,Sierra,091,2930,172,18,190,1
2021-10-17,Siskiyou,093,43540,3288,1222,4510,51
2021-10-17,Solano,095,438530,45363,1204,46567,356
2021-10-17,Sonoma,097,501317,40584,503,41087,407
2021-10-17,Stanislaus,099,539301,76306,8518,84824,1279
2021-10-17,Sutter,101,95872,13586,309,13895,178
2021-10-17,Tehama,103,63373,8126,1364,9490,135
2021-10-17,Trinity,105,12862,821,202,1023,17
2021-10-17,Tulare,107,460477,66416,13941,80357,1101
2021-10-17,Tuolumne,109,53932,6859,87,6946,114
2021-10-17,Ventura,111,848112,96989,4213,101202,1172
2021-10-17,Yolo,113,214977,19418,920,20338,277
2021-10-17,Yuba,115,75493,9852,285,10137,87
2021-10-16,Alameda,001,1643700,117642,2661,120303,1471
2021-10-16,Alpine,002,1148,100,0,100,0
2021-10-16,Amador,005,37829,5406,56,5462,64
2021-10-16,Butte,007,227075,20167,3718,23885,307
2021-10-16,Calaveras,009,45235,3853,46,3899,81
2021-10-16,Colusa,011,21464,2478,598,3076,19
2021-10-16,Contra Costa,013,1133247,97989,2064,100053,1027
2021-10-16,Del Norte,015,27424,3611,51,3662,41
2021-10-16,El Dorado,017,186661,15654,1639,17293,158
2021-10-16,Fresno,019,978130,135176,12120,147296,2145
2021-10-16,Glenn,021,27897,3415,982,4397,37
2021-10-16,Humboldt,023,135768,8755,488,9243,110
2021-10-16,Imperial,025,180216,32791,3052,35843,771
2021-10-16,Inyo,027,18085,2087,37,2124,40
2021-10-16,Kern,029,883053,123590,20390,143980,1726
2021-10-16,Kings,031,150075,31111,1805,32916,330
2021-10-16,Lake,033,64148,6547,132,6679,107
2021-10-16,Lassen,035,31185,6687,324,7011,39
2021-10-16,Los Angeles,037,10098052,1424018,52012,1476030,26477
2021-10-16,Madera,039,155013,22224,1926,24150,293
2021-10-16,Marin,041,260295,8859,371,9230,194
2021-10-16,Mariposa,043,17540,1203,41,1244,17
2021-10-16,Mendocino,045,87422,7255,447,7702,88
2021-10-16,Merced,047,269075,40680,1725,42405,619
2021-10-16,Modoc,049,8938,508,181,689,5
2021-10-16,Mono,051,14174,1660,20,1680,4
2021-10-16,Monterey,053,433212,48242,2716,50958,621
2021-10-16,Napa,055,140530,12780,100,12880,101
2021-10-16,Nevada,057,99092,8875,306,9181,96
2021-10-16,Orange,059,3164182,303556,14522,318078,5759
2021-10-16,Placer,061,380077,35965,3468,39433,442
2021-10-16,Plumas,063,18699,1639,30,1669,10
2021-10-16,Riverside,065,2383286,357305,16049,373354,5257
2021-10-16,Sacramento,067,1510023,154982,4299,159281,2282
2021-10-16,San Benito,069,59416,7244,158,7402,69
2021-10-16,San Bernardino,071,2135413,348413,10814,359227,6027
2021-10-16,San Diego,073,3302833,366246,21536,387782,4236
2021-10-16,San Francisco,075,870044,52127,2213,54340,667
2021-10-16,San Joaquin,077,732212,97732,5211,102943,1806
2021-10-16,San Luis Obispo,079,281455,28990,1180,30170,337
2021-10-16,San Mateo,081,765935,53355,811,54166,586
2021-10-16,Santa Barbara,083,443738,43656,1500,45156,524
2021-10-16,Santa Clara,085,1922200,144765,1217,145982,1900
2021-10-16,Santa Cruz,087,273765,20062,977,21039,220
2021-10-16,Shasta,089,179085,20450,3397,23847,343
2021-10-16,Sierra,091,2930,170,18,188,1
2021-10-16,Siskiyou,093,43540,3286,1215,4501,51
2021-10-16,Solano,095,438530,45337,1200,46537,355
2021-10-16,Sonoma,097,501317,40544,503,41047,407
2021-10-16,Stanislaus,099,539301,76220,8508,84728,1276
2021-10-16,Sutter,101,95872,13567,308,13875,178
2021-10-16,Tehama,103,63373,8113,1359,9472,134
2021-10-16,Trinity,105,12862,821,202,1023,17
2021-10-16,Tulare,107,460477,66278,13910,80188,1097
2021-10-16,Tuolumne,109,53932,6827,87,6914,114
2021-10-16,Ventura,111,848112,96956,4208,101164,1172
2021-10-16,Yolo,113,214977,19390,916,20306,277
2021-10-16,Yuba,115,75493,9828,282,10110,87
2021-10-15,Alameda,001,1643700,117570,2657,120227,1471
2021-10-15,Alpine,002,1148,100,0,100,0
2021-10-15,Amador,005,37829,5382,56,5438,64
2021-10-15,Butte,007,227075,20131,3710,23841,304
2021-10-15,Calaveras,009,45235,3847,46,3893,81
2021-10-15,Colusa,011,21464,2476,595,3071,19
2021-10-15,Contra Costa,013,1133247,97907,2061,99968,1026
2021-10-15,Del Norte,015,27424,3609,51,3660,41
2021-10-15,El Dorado,017,186661,15634,1634,17268,158
2021-10-15,Fresno,019,978130,134922,12110,147032,2142
2021-10-15,Glenn,021,27897,3409,981,4390,37
2021-10-15,Humboldt,023,135768,8746,486,9232,110
2021-10-15,Imperial,025,180216,32744,3048,35792,771
2021-10-15,Inyo,027,18085,2069,37,2106,40
2021-10-15,Kern,029,883053,123454,20316,143770,1721
2021-10-15,Kings,031,150075,31055,1801,32856,327
2021-10-15,Lake,033,64148,6538,132,6670,107
2021-10-15,Lassen,035,31185,6675,323,6998,39
2021-10-15,Los Angeles,037,10098052,1423332,51964,1475296,26454
2021-10-15,Madera,039,155013,22180,1918,24098,291
2021-10-15,Marin,041,260295,8848,371,9219,193
2021-10-15,Mariposa,043,17540,1195,41,1236,17
2021-10-15,Mendocino,045,87422,7240,447,7687,88
2021-10-15,Merced,047,269075,40650,1722,42372,619
2021-10-15,Modoc,049,8938,507,181,688,5
2021-10-15,Mono,051,14174,1657,20,1677,4
2021-10-15,Monterey,053,433212,48220,2714,50934,621
2021-10-15,Napa,055,140530,12776,100,12876,101
2021-10-15,Nevada,057,99092,8860,306,9166,96
2021-10-15,Orange,059,3164182,303387,14504,317891,5758
2021-10-15,Placer,061,380077,35911,3462,39373,441
2021-10-15,Plumas,063,18699,1631,30,1661,10
2021-10-15,Riverside,065,2383286,357060,16044,373104,5251
2021-10-15,Sacramento,067,1510023,154793,4289,159082,2279
2021-10-15,San Benito,069,59416,7241,158,7399,69
2021-10-15,San Bernardino,071,2135413,348181,10811,358992,6022
2021-10-15,San Diego,073,3302833,365887,21511,387398,4234
2021-10-15,San Francisco,075,870044,52087,2206,54293,666
2021-10-15,San Joaquin,077,732212,97653,5204,102857,1806
2021-10-15,San Luis Obispo,079,281455,28969,1178,30147,336
2021-10-15,San Mateo,081,765935,53311,810,54121,586
2021-10-15,Santa Barbara,083,443738,43618,1500,45118,523
2021-10-15,Santa Clara,085,1922200,144644,1209,145853,1898
2021-10-15,Santa Cruz,087,273765,20051,977,21028,220
2021-10-15,Shasta,089,179085,20394,3389,23783,339
2021-10-15,Sierra,091,2930,170,18,188,1
2021-10-15,Siskiyou,093,43540,3285,1212,4497,51
2021-10-15,Solano,095,438530,45311,1200,46511,355
2021-10-15,Sonoma,097,501317,40510,502,41012,407
2021-10-15,Stanislaus,099,539301,76140,8492,84632,1272
2021-10-15,Sutter,101,95872,13550,306,13856,178
2021-10-15,Tehama,103,63373,8091,1354,9445,133
2021-10-15,Trinity,105,12862,821,202,1023,17
2021-10-15,Tulare,107,460477,66200,13873,80073,1094
2021-10-15,Tuolumne,109,53932,6804,85,6889,111
2021-10-15,Ventura,111,848112,96913,4205,101118,1172
2021-10-15,Yolo,113,214977,19373,914,20287,277
2021-10-15,Yuba,115,75493,9818,281,10099,87
2021-10-14,Alameda,001,1643700,117462,2652,120114,1471
2021-10-14,Alpine,002,1148,100,0,100,0
2021-10-14,Amador,005,37829,5371,56,5427,64
2021-10-14,Butte,007,227075,20079,3704,23783,303
2021-10-14,Calaveras,009,45235,3833,45,3878,81
2021-10-14,Colusa,011,21464,2474,593,3067,19
2021-10-14,Contra Costa,013,1133247,97772,2054,99826,1025
2021-10-14,Del Norte,015,27424,3603,51,3654,41
2021-10-14,El Dorado,017,186661,15596,1631,17227,157
2021-10-14,Fresno,019,978130,134626,12080,146706,2136
2021-10-14,Glenn,021,27897,3404,980,4384,37
2021-10-14,Humboldt,023,135768,8729,483,9212,110
2021-10-14,Imperial,025,180216,32681,3041,35722,771
2021-10-14,Inyo,027,18085,2050,37,2087,40
2021-10-14,Kern,029,883053,123182,20217,143399,1716
2021-10-14,Kings,031,150075,30989,1793,32782,325
2021-10-14,Lake,033,64148,6517,131,6648,107
2021-10-14,Lassen,035,31185,6669,322,6991,39
2021-10-14,Los Angeles,037,10098052,1422346,51915,1474261,26443
2021-10-14,Madera,039,155013,22115,1912,24027,291
2021-10-14,Marin,041,260295,8843,368,9211,193
2021-10-14,Mariposa,043,17540,1182,40,1222,17
2021-10-14,Mendocino,045,87422,7226,445,7671,87
2021-10-14,Merced,047,269075,40561,1708,42269,619
2021-10-14,Modoc,049,8938,507,181,688,5
2021-10-14,Mono,051,14174,1650,20,1670,4
2021-10-14,Monterey,053,433212,48195,2709,50904,621
2021-10-14,Napa,055,140530,12761,100,12861,101
2021-10-14,Nevada,057,99092,8833,304,9137,96
2021-10-14,Orange,059,3164182,303178,14486,317664,5753
2021-10-14,Placer,061,380077,35843,3448,39291,441
2021-10-14,Plumas,063,18699,1616,30,1646,10
2021-10-14,Riverside,065,2383286,356663,16033,372696,5244
2021-10-14,Sacramento,067,1510023,154543,4269,158812,2276
2021-10-14,San Benito,069,59416,7230,158,7388,69
2021-10-14,San Bernardino,071,2135413,347823,10804,358627,6017
2021-10-14,San Diego,073,3302833,365447,21484,386931,4230
2021-10-14,San Francisco,075,870044,52031,2202,54233,665
2021-10-14,San Joaquin,077,732212,97524,5195,102719,1803
2021-10-14,San Luis Obispo,079,281455,28925,1174,30099,336
2021-10-14,San Mateo,081,765935,53263,809,54072,586
2021-10-14,Santa Barbara,083,443738,43562,1495,45057,522
2021-10-14,Santa Clara,085,1922200,144503,1203,145706,1898
2021-10-14,Santa Cruz,087,273765,20029,977,21006,220
2021-10-14,Shasta,089,179085,20337,3377,23714,339
2021-10-14,Sierra,091,2930,169,18,187,1
2021-10-14,Siskiyou,093,43540,3282,1204,4486,51
2021-10-14,Solano,095,438530,45261,1192,46453,355
2021-10-14,Sonoma,097,501317,40459,499,40958,406
2021-10-14,Stanislaus,099,539301,75994,8479,84473,1270
2021-10-14,Sutter,101,95872,13530,305,13835,176
2021-10-14,Tehama,103,63373,8060,1347,9407,132
2021-10-14,Trinity,105,12862,820,201,1021,17
2021-10-14,Tulare,107,460477,66017,13826,79843,1090
2021-10-14,Tuolumne,109,53932,6772,84,6856,111
2021-10-14,Ventura,111,848112,96844,4199,101043,1172
2021-10-14,Yolo,113,214977,19337,910,20247,276
2021-10-14,Yuba,115,75493,9804,272,10076,87
2021-10-13,Alameda,001,1643700,117356,2646,120002,1469
2021-10-13,Alpine,002,1148,100,0,100,0
2021-10-13,Amador,005,37829,5357,56,5413,64
2021-10-13,Butte,007,227075,20003,3698,23701,301
2021-10-13,Calaveras,009,45235,3812,43,3855,81
2021-10-13,Colusa,011,21464,2467,589,3056,19
2021-10-13,Contra Costa,013,1133247,97655,2053,99708,1024
2021-10-13,Del Norte,015,27424,3598,51,3649,41
2021-10-13,El Dorado,017,186661,15573,1626,17199,156
2021-10-13,Fresno,019,978130,134292,12048,146340,2134
2021-10-13,Glenn,021,27897,3399,976,4375,37
2021-10-13,Humboldt,023,135768,8718,479,9197,110
2021-10-13,Imperial,025,180216,32621,3039,35660,771
2021-10-13,Inyo,027,18085,2013,37,2050,40
2021-10-13,Kern,029,883053,122937,20125,143062,1709
2021-10-13,Kings,031,150075,30908,1786,32694,324
2021-10-13,Lake,033,64148,6497,131,6628,107
2021-10-13,Lassen,035,31185,6658,316,6974,39
2021-10-13,Los Angeles,037,10098052,1421290,51861,1473151,26428
2021-10-13,Madera,039,155013,22062,1898,23960,290
2021-10-13,Marin,041,260295,8819,367,9186,193
2021-10-13,Mariposa,043,17540,1168,40,1208,17
2021-10-13,Mendocino,045,87422,7210,437,7647,87
2021-10-13,Merced,047,269075,40476,1696,42172,615
2021-10-13,Modoc,049,8938,505,179,684,5
2021-10-13,Mono,051,14174,1650,20,1670,4
2021-10-13,Monterey,053,433212,48175,2702,50877,621
2021-10-13,Napa,055,140530,12750,98,12848,101
2021-10-13,Nevada,057,99092,8811,304,9115,96
2021-10-13,Orange,059,3164182,302971,14470,317441,5750
2021-10-13,Placer,061,380077,35775,3439,39214,440
2021-10-13,Plumas,063,18699,1602,30,1632,10
2021-10-13,Riverside,065,2383286,356333,16020,372353,5241
2021-10-13,Sacramento,067,1510023,154294,4248,158542,2273
2021-10-13,San Benito,069,59416,7224,157,7381,69
2021-10-13,San Bernardino,071,2135413,347498,10787,358285,6014
2021-10-13,San Diego,073,3302833,365016,21462,386478,4229
2021-10-13,San Francisco,075,870044,51987,2198,54185,665
2021-10-13,San Joaquin,077,732212,97380,5191,102571,1800
2021-10-13,San Luis Obispo,079,281455,28887,1171,30058,335
2021-10-13,San Mateo,081,765935,53211,805,54016,586
2021-10-13,Santa Barbara,083,443738,43510,1495,45005,522
2021-10-13,Santa Clara,085,1922200,144363,1202,145565,1896
2021-10-13,Santa Cruz,087,273765,20003,976,20979,220
2021-10-13,Shasta,089,179085,20267,3357,23624,336
2021-10-13,Sierra,091,2930,169,18,187,1
2021-10-13,Siskiyou,093,43540,3274,1203,4477,50
2021-10-13,Solano,095,438530,45222,1189,46411,352
2021-10-13,Sonoma,097,501317,40403,499,40902,405
2021-10-13,Stanislaus,099,539301,75852,8469,84321,1267
2021-10-13,Sutter,101,95872,13500,303,13803,174
2021-10-13,Tehama,103,63373,8024,1342,9366,130
2021-10-13,Trinity,105,12862,817,201,1018,17
2021-10-13,Tulare,107,460477,65834,13775,79609,1090
2021-10-13,Tuolumne,109,53932,6757,83,6840,111
2021-10-13,Ventura,111,848112,96771,4193,100964,1171
2021-10-13,Yolo,113,214977,19308,909,20217,276
2021-10-13,Yuba,115,75493,9779,259,10038,87
2021-10-12,Alameda,001,1643700,117253,2642,119895,1469
2021-10-12,Alpine,002,1148,100,0,100,0
2021-10-12,Amador,005,37829,5346,56,5402,64
2021-10-12,Butte,007,227075,19931,3686,23617,300
2021-10-12,Calaveras,009,45235,3797,43,3840,81
2021-10-12,Colusa,011,21464,2464,587,3051,19
2021-10-12,Contra Costa,013,1133247,97542,2044,99586,1024
2021-10-12,Del Norte,015,27424,3592,51,3643,41
2021-10-12,El Dorado,017,186661,15539,1624,17163,156
2021-10-12,Fresno,019,978130,133931,12017,145948,2131
2021-10-12,Glenn,021,27897,3385,975,4360,37
2021-10-12,Humboldt,023,135768,8690,473,9163,110
2021-10-12,Imperial,025,180216,32569,3037,35606,771
2021-10-12,Inyo,027,18085,1981,37,2018,40
2021-10-12,Kern,029,883053,122650,20016,142666,1703
2021-10-12,Kings,031,150075,30834,1775,32609,323
2021-10-12,Lake,033,64148,6482,129,6611,107
2021-10-12,Lassen,035,31185,6648,315,6963,39
2021-10-12,Los Angeles,037,10098052,1420230,51815,1472045,26416
2021-10-12,Madera,039,155013,21991,1885,23876,290
2021-10-12,Marin,041,260295,8796,367,9163,193
2021-10-12,Mariposa,043,17540,1154,40,1194,16
2021-10-12,Mendocino,045,87422,7181,434,7615,87
2021-10-12,Merced,047,269075,40397,1690,42087,614
2021-10-12,Modoc,049,8938,500,178,678,5
2021-10-12,Mono,051,14174,1648,20,1668,4
2021-10-12,Monterey,053,433212,48144,2694,50838,621
2021-10-12,Napa,055,140530,12736,98,12834,101
2021-10-12,Nevada,057,99092,8799,302,9101,96
2021-10-12,Orange,059,3164182,302716,14445,317161,5742
2021-10-12,Placer,061,380077,35710,3431,39141,440
2021-10-12,Plumas,063,18699,1588,29,1617,10
2021-10-12,Riverside,065,2383286,356006,16006,372012,5234
2021-10-12,Sacramento,067,1510023,153989,4223,158212,2269
2021-10-12,San Benito,069,59416,7210,157,7367,68
2021-10-12,San Bernardino,071,2135413,347185,10777,357962,6007
2021-10-12,San Diego,073,3302833,364503,21433,385936,4226
2021-10-12,San Francisco,075,870044,51922,2197,54119,665
2021-10-12,San Joaquin,077,732212,97244,5186,102430,1799
2021-10-12,San Luis Obispo,079,281455,28840,1170,30010,335
2021-10-12,San Mateo,081,765935,53160,804,53964,586
2021-10-12,Santa Barbara,083,443738,43449,1495,44944,522
2021-10-12,Santa Clara,085,1922200,144210,1200,145410,1896
2021-10-12,Santa Cruz,087,273765,19978,976,20954,220
2021-10-12,Shasta,089,179085,20193,3336,23529,334
2021-10-12,Sierra,091,2930,169,18,187,1
2021-10-12,Siskiyou,093,43540,3263,1197,4460,49
2021-10-12,Solano,095,438530,45180,1183,46363,350
2021-10-12,Sonoma,097,501317,40362,498,40860,405
2021-10-12,Stanislaus,099,539301,75700,8457,84157,1266
2021-10-12,Sutter,101,95872,13477,299,13776,174
2021-10-12,Tehama,103,63373,7992,1338,9330,129
2021-10-12,Trinity,105,12862,814,201,1015,17
2021-10-12,Tulare,107,460477,65649,13719,79368,1086
2021-10-12,Tuolumne,109,53932,6740,82,6822,111
2021-10-12,Ventura,111,848112,96671,4188,100859,1171
2021-10-12,Yolo,113,214977,19277,906,20183,276
2021-10-12,Yuba,115,75493,9764,255,10019,87
2021-10-11,Alameda,001,1643700,117110,2641,119751,1468
2021-10-11,Alpine,002,1148,100,0,100,0
2021-10-11,Amador,005,37829,5334,56,5390,64
2021-10-11,Butte,007,227075,19871,3681,23552,299
2021-10-11,Calaveras,009,45235,3776,43,3819,81
2021-10-11,Colusa,011,21464,2459,579,3038,19
2021-10-11,Contra Costa,013,1133247,97406,2039,99445,1024
2021-10-11,Del Norte,015,27424,3589,47,3636,41
2021-10-11,El Dorado,017,186661,15510,1620,17130,155
2021-10-11,Fresno,019,978130,133600,11982,145582,2129
2021-10-11,Glenn,021,27897,3368,973,4341,37
2021-10-11,Humboldt,023,135768,8665,466,9131,109
2021-10-11,Imperial,025,180216,32519,3031,35550,771
2021-10-11,Inyo,027,18085,1958,36,1994,40
2021-10-11,Kern,029,883053,122413,19921,142334,1694
2021-10-11,Kings,031,150075,30745,1765,32510,323
2021-10-11,Lake,033,64148,6466,125,6591,107
2021-10-11,Lassen,035,31185,6628,312,6940,39
2021-10-11,Los Angeles,037,10098052,1419184,51764,1470948,26399
2021-10-11,Madera,039,155013,21933,1868,23801,290
2021-10-11,Marin,041,260295,8778,363,9141,193
2021-10-11,Mariposa,043,17540,1124,39,1163,16
2021-10-11,Mendocino,045,87422,7165,430,7595,87
2021-10-11,Merced,047,269075,40281,1665,41946,611
2021-10-11,Modoc,049,8938,497,175,672,5
2021-10-11,Mono,051,14174,1638,20,1658,4
2021-10-11,Monterey,053,433212,48115,2687,50802,621
2021-10-11,Napa,055,140530,12714,96,12810,100
2021-10-11,Nevada,057,99092,8779,301,9080,96
2021-10-11,Orange,059,3164182,302482,14414,316896,5735
2021-10-11,Placer,061,380077,35643,3413,39056,439
2021-10-11,Plumas,063,18699,1570,27,1597,10
2021-10-11,Riverside,065,2383286,355660,16001,371661,5232
2021-10-11,Sacramento,067,1510023,153698,4192,157890,2268
2021-10-11,San Benito,069,59416,7189,155,7344,68
2021-10-11,San Bernardino,071,2135413,346799,10769,357568,6002
2021-10-11,San Diego,073,3302833,363991,21401,385392,4223
2021-10-11,San Francisco,075,870044,51851,2194,54045,664
2021-10-11,San Joaquin,077,732212,97089,5175,102264,1794
2021-10-11,San Luis Obispo,079,281455,28792,1165,29957,335
2021-10-11,San Mateo,081,765935,53112,804,53916,586
2021-10-11,Santa Barbara,083,443738,43402,1494,44896,521
2021-10-11,Santa Clara,085,1922200,144047,1196,145243,1895
2021-10-11,Santa Cruz,087,273765,19954,975,20929,220
2021-10-11,Shasta,089,179085,20114,3320,23434,332
2021-10-11,Sierra,091,2930,166,17,183,1
2021-10-11,Siskiyou,093,43540,3256,1193,4449,49
2021-10-11,Solano,095,438530,45131,1180,46311,349
2021-10-11,Sonoma,097,501317,40317,498,40815,405
2021-10-11,Stanislaus,099,539301,75529,8436,83965,1264
2021-10-11,Sutter,101,95872,13458,297,13755,174
2021-10-11,Tehama,103,63373,7951,1329,9280,129
2021-10-11,Trinity,105,12862,808,200,1008,17
2021-10-11,Tulare,107,460477,65470,13652,79122,1082
2021-10-11,Tuolumne,109,53932,6701,82,6783,111
2021-10-11,Ventura,111,848112,96574,4181,100755,1171
2021-10-11,Yolo,113,214977,19229,904,20133,276
2021-10-11,Yuba,115,75493,9747,243,9990,87
2021-10-10,Alameda,001,1643700,116991,2637,119628,1465
2021-10-10,Alpine,002,1148,100,0,100,0
2021-10-10,Amador,005,37829,5320,56,5376,64
2021-10-10,Butte,007,227075,19806,3666,23472,298
2021-10-10,Calaveras,009,45235,3764,43,3807,81
2021-10-10,Colusa,011,21464,2458,578,3036,19
2021-10-10,Contra Costa,013,1133247,97307,2033,99340,1022
2021-10-10,Del Norte,015,27424,3585,47,3632,41
2021-10-10,El Dorado,017,186661,15480,1614,17094,155
2021-10-10,Fresno,019,978130,133269,11949,145218,2125
2021-10-10,Glenn,021,27897,3363,971,4334,36
2021-10-10,Humboldt,023,135768,8644,462,9106,109
2021-10-10,Imperial,025,180216,32444,3030,35474,770
2021-10-10,Inyo,027,18085,1937,36,1973,40
2021-10-10,Kern,029,883053,122087,19818,141905,1691
2021-10-10,Kings,031,150075,30656,1755,32411,322
2021-10-10,Lake,033,64148,6450,124,6574,107
2021-10-10,Lassen,035,31185,6609,311,6920,39
2021-10-10,Los Angeles,037,10098052,1417996,51690,1469686,26386
2021-10-10,Madera,039,155013,21887,1859,23746,290
2021-10-10,Marin,041,260295,8761,363,9124,193
2021-10-10,Mariposa,043,17540,1121,39,1160,16
2021-10-10,Mendocino,045,87422,7150,422,7572,87
2021-10-10,Merced,047,269075,40198,1646,41844,610
2021-10-10,Modoc,049,8938,497,175,672,5
2021-10-10,Mono,051,14174,1637,20,1657,4
2021-10-10,Monterey,053,433212,48085,2686,50771,621
2021-10-10,Napa,055,140530,12691,96,12787,96
2021-10-10,Nevada,057,99092,8767,301,9068,96
2021-10-10,Orange,059,3164182,302219,14385,316604,5731
2021-10-10,Placer,061,380077,35550,3402,38952,437
2021-10-10,Plumas,063,18699,1554,25,1579,10
2021-10-10,Riverside,065,2383286,355283,15983,371266,5222
2021-10-10,Sacramento,067,1510023,153434,4175,157609,2264
2021-10-10,San Benito,069,59416,7184,154,7338,68
2021-10-10,San Bernardino,071,2135413,346486,10761,357247,5999
2021-10-10,San Diego,073,3302833,363475,21354,384829,4218
2021-10-10,San Francisco,075,870044,51803,2192,53995,664
2021-10-10,San Joaquin,077,732212,96918,5161,102079,1792
2021-10-10,San Luis Obispo,079,281455,28748,1165,29913,335
2021-10-10,San Mateo,081,765935,53070,803,53873,586
2021-10-10,Santa Barbara,083,443738,43355,1493,44848,520
2021-10-10,Santa Clara,085,1922200,143881,1189,145070,1894
2021-10-10,Santa Cruz,087,273765,19934,975,20909,220
2021-10-10,Shasta,089,179085,20025,3311,23336,331
2021-10-10,Sierra,091,2930,164,17,181,1
2021-10-10,Siskiyou,093,43540,3242,1186,4428,49
2021-10-10,Solano,095,438530,45075,1180,46255,349
2021-10-10,Sonoma,097,501317,40265,498,40763,403
2021-10-10,Stanislaus,099,539301,75351,8422,83773,1263
2021-10-10,Sutter,101,95872,13434,292,13726,174
2021-10-10,Tehama,103,63373,7914,1320,9234,127
2021-10-10,Trinity,105,12862,807,199,1006,17
2021-10-10,Tulare,107,460477,65300,13602,78902,1081
2021-10-10,Tuolumne,109,53932,6677,81,6758,111
2021-10-10,Ventura,111,848112,96485,4181,100666,1170
2021-10-10,Yolo,113,214977,19195,900,20095,276
2021-10-10,Yuba,115,75493,9731,238,9969,87
2021-10-09,Alameda,001,1643700,116893,2635,119528,1463
2021-10-09,Alpine,002,1148,99,0,99,0
2021-10-09,Amador,005,37829,5318,55,5373,63
2021-10-09,Butte,007,227075,19776,3662,23438,294
2021-10-09,Calaveras,009,45235,3760,43,3803,80
2021-10-09,Colusa,011,21464,2454,577,3031,19
2021-10-09,Contra Costa,013,1133247,97238,2027,99265,1020
2021-10-09,Del Norte,015,27424,3584,47,3631,40
2021-10-09,El Dorado,017,186661,15462,1611,17073,155
2021-10-09,Fresno,019,978130,133137,11932,145069,2123
2021-10-09,Glenn,021,27897,3359,969,4328,36
2021-10-09,Humboldt,023,135768,8630,460,9090,109
2021-10-09,Imperial,025,180216,32410,3028,35438,770
2021-10-09,Inyo,027,18085,1928,36,1964,40
2021-10-09,Kern,029,883053,121946,19791,141737,1685
2021-10-09,Kings,031,150075,30607,1753,32360,321
2021-10-09,Lake,033,64148,6431,123,6554,107
2021-10-09,Lassen,035,31185,6604,310,6914,38
2021-10-09,Los Angeles,037,10098052,1417410,51653,1469063,26377
2021-10-09,Madera,039,155013,21854,1845,23699,290
2021-10-09,Marin,041,260295,8756,361,9117,193
2021-10-09,Mariposa,043,17540,1114,38,1152,16
2021-10-09,Mendocino,045,87422,7143,421,7564,87
2021-10-09,Merced,047,269075,40155,1646,41801,608
2021-10-09,Modoc,049,8938,495,174,669,5
2021-10-09,Mono,051,14174,1634,20,1654,4
2021-10-09,Monterey,053,433212,48073,2683,50756,621
2021-10-09,Napa,055,140530,12687,96,12783,96
2021-10-09,Nevada,057,99092,8756,300,9056,96
2021-10-09,Orange,059,3164182,302038,14366,316404,5726
2021-10-09,Placer,061,380077,35512,3395,38907,437
2021-10-09,Plumas,063,18699,1543,25,1568,10
2021-10-09,Riverside,065,2383286,355032,15967,370999,5216
2021-10-09,Sacramento,067,1510023,153224,4162,157386,2259
2021-10-09,San Benito,069,59416,7176,154,7330,68
2021-10-09,San Bernardino,071,2135413,346298,10757,357055,5991
2021-10-09,San Diego,073,3302833,363170,21349,384519,4215
2021-10-09,San Francisco,075,870044,51755,2185,53940,662
2021-10-09,San Joaquin,077,732212,96852,5156,102008,1790
2021-10-09,San Luis Obispo,079,281455,28731,1163,29894,334
2021-10-09,San Mateo,081,765935,53039,802,53841,586
2021-10-09,Santa Barbara,083,443738,43328,1493,44821,519
2021-10-09,Santa Clara,085,1922200,143757,1183,144940,1891
2021-10-09,Santa Cruz,087,273765,19924,974,20898,220
2021-10-09,Shasta,089,179085,19974,3306,23280,329
2021-10-09,Sierra,091,2930,161,17,178,1
2021-10-09,Siskiyou,093,43540,3241,1185,4426,49
2021-10-09,Solano,095,438530,45058,1179,46237,347
2021-10-09,Sonoma,097,501317,40221,498,40719,402
2021-10-09,Stanislaus,099,539301,75261,8411,83672,1259
2021-10-09,Sutter,101,95872,13425,290,13715,173
2021-10-09,Tehama,103,63373,7903,1315,9218,126
2021-10-09,Trinity,105,12862,806,199,1005,16
2021-10-09,Tulare,107,460477,65192,13581,78773,1079
2021-10-09,Tuolumne,109,53932,6657,81,6738,111
2021-10-09,Ventura,111,848112,96430,4178,100608,1170
2021-10-09,Yolo,113,214977,19172,899,20071,276
2021-10-09,Yuba,115,75493,9719,237,9956,87
2021-10-08,Alameda,001,1643700,116811,2631,119442,1463
2021-10-08,Alpine,002,1148,99,0,99,0
2021-10-08,Amador,005,37829,5305,55,5360,63
2021-10-08,Butte,007,227075,19747,3658,23405,293
2021-10-08,Calaveras,009,45235,3755,43,3798,79
2021-10-08,Colusa,011,21464,2452,577,3029,19
2021-10-08,Contra Costa,013,1133247,97194,2022,99216,1016
2021-10-08,Del Norte,015,27424,3583,47,3630,40
2021-10-08,El Dorado,017,186661,15442,1607,17049,155
2021-10-08,Fresno,019,978130,132942,11908,144850,2116
2021-10-08,Glenn,021,27897,3351,966,4317,36
2021-10-08,Humboldt,023,135768,8619,457,9076,109
2021-10-08,Imperial,025,180216,32380,3024,35404,770
2021-10-08,Inyo,027,18085,1910,36,1946,40
2021-10-08,Kern,029,883053,121809,19749,141558,1681
2021-10-08,Kings,031,150075,30513,1752,32265,321
2021-10-08,Lake,033,64148,6423,123,6546,107
2021-10-08,Lassen,035,31185,6590,307,6897,38
2021-10-08,Los Angeles,037,10098052,1416749,51621,1468370,26370
2021-10-08,Madera,039,155013,21795,1838,23633,289
2021-10-08,Marin,041,260295,8745,360,9105,193
2021-10-08,Mariposa,043,17540,1107,36,1143,15
2021-10-08,Mendocino,045,87422,7130,421,7551,87
2021-10-08,Merced,047,269075,40123,1643,41766,605
2021-10-08,Modoc,049,8938,493,174,667,5
2021-10-08,Mono,051,14174,1631,20,1651,4
2021-10-08,Monterey,053,433212,48046,2681,50727,621
2021-10-08,Napa,055,140530,12671,96,12767,96
2021-10-08,Nevada,057,99092,8744,300,9044,96
2021-10-08,Orange,059,3164182,301890,14346,316236,5724
2021-10-08,Placer,061,380077,35473,3388,38861,435
2021-10-08,Plumas,063,18699,1531,25,1556,10
2021-10-08,Riverside,065,2383286,354763,15956,370719,5209
2021-10-08,Sacramento,067,1510023,153059,4147,157206,2255
2021-10-08,San Benito,069,59416,7172,152,7324,68
2021-10-08,San Bernardino,071,2135413,346089,10749,356838,5984
2021-10-08,San Diego,073,3302833,362844,21329,384173,4208
2021-10-08,San Francisco,075,870044,51708,2178,53886,661
2021-10-08,San Joaquin,077,732212,96784,5150,101934,1787
2021-10-08,San Luis Obispo,079,281455,28704,1162,29866,332
2021-10-08,San Mateo,081,765935,53011,802,53813,586
2021-10-08,Santa Barbara,083,443738,43293,1492,44785,519
2021-10-08,Santa Clara,085,1922200,143644,1178,144822,1890
2021-10-08,Santa Cruz,087,273765,19909,974,20883,219
2021-10-08,Shasta,089,179085,19932,3300,23232,327
2021-10-08,Sierra,091,2930,159,15,174,1
2021-10-08,Siskiyou,093,43540,3233,1184,4417,49
2021-10-08,Solano,095,438530,45019,1179,46198,347
2021-10-08,Sonoma,097,501317,40186,498,40684,402
2021-10-08,Stanislaus,099,539301,75192,8402,83594,1256
2021-10-08,Sutter,101,95872,13411,288,13699,172
2021-10-08,Tehama,103,63373,7886,1312,9198,126
2021-10-08,Trinity,105,12862,805,199,1004,16
2021-10-08,Tulare,107,460477,65074,13549,78623,1079
2021-10-08,Tuolumne,109,53932,6634,81,6715,110
2021-10-08,Ventura,111,848112,96379,4172,100551,1168
2021-10-08,Yolo,113,214977,19157,897,20054,276
2021-10-08,Yuba,115,75493,9699,236,9935,85
2021-10-07,Alameda,001,1643700,116691,2630,119321,1461
2021-10-07,Alpine,002,1148,99,0,99,0
2021-10-07,Amador,005,37829,5298,55,5353,63
2021-10-07,Butte,007,227075,19699,3647,23346,293
2021-10-07,Calaveras,009,45235,3743,43,3786,79
2021-10-07,Colusa,011,21464,2449,571,3020,19
2021-10-07,Contra Costa,013,1133247,97071,2019,99090,1016
2021-10-07,Del Norte,015,27424,3580,47,3627,40
2021-10-07,El Dorado,017,186661,15406,1603,17009,155
2021-10-07,Fresno,019,978130,132667,11882,144549,2112
2021-10-07,Glenn,021,27897,3344,963,4307,36
2021-10-07,Humboldt,023,135768,8593,454,9047,108
2021-10-07,Imperial,025,180216,32308,3011,35319,769
2021-10-07,Inyo,027,18085,1891,36,1927,40
2021-10-07,Kern,029,883053,121577,19685,141262,1678
2021-10-07,Kings,031,150075,30447,1746,32193,321
2021-10-07,Lake,033,64148,6412,123,6535,107
2021-10-07,Lassen,035,31185,6572,305,6877,38
2021-10-07,Los Angeles,037,10098052,1415793,51576,1467369,26350
2021-10-07,Madera,039,155013,21722,1824,23546,289
2021-10-07,Marin,041,260295,8727,360,9087,193
2021-10-07,Mariposa,043,17540,1099,36,1135,15
2021-10-07,Mendocino,045,87422,7120,417,7537,87
2021-10-07,Merced,047,269075,40057,1626,41683,603
2021-10-07,Modoc,049,8938,490,173,663,5
2021-10-07,Mono,051,14174,1623,20,1643,4
2021-10-07,Monterey,053,433212,48021,2672,50693,621
2021-10-07,Napa,055,140530,12656,96,12752,96
2021-10-07,Nevada,057,99092,8716,300,9016,96
2021-10-07,Orange,059,3164182,301664,14332,315996,5718
2021-10-07,Placer,061,380077,35411,3381,38792,433
2021-10-07,Plumas,063,18699,1514,25,1539,10
2021-10-07,Riverside,065,2383286,354431,15944,370375,5205
2021-10-07,Sacramento,067,1510023,152776,4118,156894,2248
2021-10-07,San Benito,069,59416,7156,150,7306,68
2021-10-07,San Bernardino,071,2135413,345814,10741,356555,5979
2021-10-07,San Diego,073,3302833,362449,21308,383757,4201
2021-10-07,San Francisco,075,870044,51637,2175,53812,661
2021-10-07,San Joaquin,077,732212,96630,5142,101772,1783
2021-10-07,San Luis Obispo,079,281455,28653,1160,29813,331
2021-10-07,San Mateo,081,765935,52971,801,53772,586
2021-10-07,Santa Barbara,083,443738,43224,1486,44710,518
2021-10-07,Santa Clara,085,1922200,143494,1172,144666,1887
2021-10-07,Santa Cruz,087,273765,19889,973,20862,218
2021-10-07,Shasta,089,179085,19844,3285,23129,326
2021-10-07,Sierra,091,2930,158,15,173,1
2021-10-07,Siskiyou,093,43540,3229,1179,4408,49
2021-10-07,Solano,095,438530,44973,1175,46148,345
2021-10-07,Sonoma,097,501317,40149,496,40645,402
2021-10-07,Stanislaus,099,539301,75030,8377,83407,1254
2021-10-07,Sutter,101,95872,13389,285,13674,171
2021-10-07,Tehama,103,63373,7853,1306,9159,124
2021-10-07,Trinity,105,12862,803,199,1002,16
2021-10-07,Tulare,107,460477,64909,13513,78422,1077
2021-10-07,Tuolumne,109,53932,6613,81,6694,110
2021-10-07,Ventura,111,848112,96306,4169,100475,1168
2021-10-07,Yolo,113,214977,19124,893,20017,276
2021-10-07,Yuba,115,75493,9673,229,9902,84
2021-10-06,Alameda,001,1643700,116554,2624,119178,1459
2021-10-06,Alpine,002,1148,99,0,99,0
2021-10-06,Amador,005,37829,5295,55,5350,63
2021-10-06,Butte,007,227075,19637,3640,23277,290
2021-10-06,Calaveras,009,45235,3734,43,3777,79
2021-10-06,Colusa,011,21464,2446,564,3010,19
2021-10-06,Contra Costa,013,1133247,96947,2015,98962,1015
2021-10-06,Del Norte,015,27424,3577,44,3621,38
2021-10-06,El Dorado,017,186661,15380,1600,16980,155
2021-10-06,Fresno,019,978130,132377,11857,144234,2105
2021-10-06,Glenn,021,27897,3335,961,4296,36
2021-10-06,Humboldt,023,135768,8578,448,9026,108
2021-10-06,Imperial,025,180216,32255,3001,35256,768
2021-10-06,Inyo,027,18085,1876,36,1912,40
2021-10-06,Kern,029,883053,121320,19594,140914,1673
2021-10-06,Kings,031,150075,30381,1738,32119,320
2021-10-06,Lake,033,64148,6398,123,6521,107
2021-10-06,Lassen,035,31185,6556,304,6860,38
2021-10-06,Los Angeles,037,10098052,1414836,51528,1466364,26330
2021-10-06,Madera,039,155013,21667,1814,23481,287
2021-10-06,Marin,041,260295,8718,357,9075,193
2021-10-06,Mariposa,043,17540,1092,36,1128,15
2021-10-06,Mendocino,045,87422,7111,415,7526,87
2021-10-06,Merced,047,269075,39982,1614,41596,600
2021-10-06,Modoc,049,8938,490,171,661,5
2021-10-06,Mono,051,14174,1611,20,1631,4
2021-10-06,Monterey,053,433212,47988,2667,50655,620
2021-10-06,Napa,055,140530,12632,95,12727,96
2021-10-06,Nevada,057,99092,8700,299,8999,96
2021-10-06,Orange,059,3164182,301424,14319,315743,5713
2021-10-06,Placer,061,380077,35360,3375,38735,430
2021-10-06,Plumas,063,18699,1491,25,1516,9
2021-10-06,Riverside,065,2383286,354076,15923,369999,5198
2021-10-06,Sacramento,067,1510023,152523,4086,156609,2242
2021-10-06,San Benito,069,59416,7141,150,7291,68
2021-10-06,San Bernardino,071,2135413,345522,10734,356256,5974
2021-10-06,San Diego,073,3302833,361956,21282,383238,4196
2021-10-06,San Francisco,075,870044,51573,2172,53745,659
2021-10-06,San Joaquin,077,732212,96496,5130,101626,1779
2021-10-06,San Luis Obispo,079,281455,28604,1154,29758,330
2021-10-06,San Mateo,081,765935,52921,796,53717,586
2021-10-06,Santa Barbara,083,443738,43141,1484,44625,516
2021-10-06,Santa Clara,085,1922200,143342,1167,144509,1887
2021-10-06,Santa Cruz,087,273765,19860,971,20831,218
2021-10-06,Shasta,089,179085,19769,3272,23041,325
2021-10-06,Sierra,091,2930,156,15,171,1
2021-10-06,Siskiyou,093,43540,3219,1172,4391,49
2021-10-06,Solano,095,438530,44939,1174,46113,345
2021-10-06,Sonoma,097,501317,40100,495,40595,402
2021-10-06,Stanislaus,099,539301,74888,8364,83252,1247
2021-10-06,Sutter,101,95872,13368,283,13651,170
2021-10-06,Tehama,103,63373,7817,1298,9115,124
2021-10-06,Trinity,105,12862,800,199,999,16
2021-10-06,Tulare,107,460477,64729,13457,78186,1075
2021-10-06,Tuolumne,109,53932,6586,81,6667,110
2021-10-06,Ventura,111,848112,96215,4161,100376,1167
2021-10-06,Yolo,113,214977,19091,890,19981,276
2021-10-06,Yuba,115,75493,9649,228,9877,83
2021-10-05,Alameda,001,1643700,116410,2619,119029,1459
2021-10-05,Alpine,002,1148,99,0,99,0
2021-10-05,Amador,005,37829,5274,54,5328,63
2021-10-05,Butte,007,227075,19588,3624,23212,287
2021-10-05,Calaveras,009,45235,3718,43,3761,79
2021-10-05,Colusa,011,21464,2439,563,3002,19
2021-10-05,Contra Costa,013,1133247,96830,2010,98840,1014
2021-10-05,Del Norte,015,27424,3575,43,3618,38
2021-10-05,El Dorado,017,186661,15341,1597,16938,155
2021-10-05,Fresno,019,978130,132036,11821,143857,2099
2021-10-05,Glenn,021,27897,3324,956,4280,36
2021-10-05,Humboldt,023,135768,8547,444,8991,106
2021-10-05,Imperial,025,180216,32207,2996,35203,767
2021-10-05,Inyo,027,18085,1859,36,1895,40
2021-10-05,Kern,029,883053,121056,19493,140549,1662
2021-10-05,Kings,031,150075,30306,1733,32039,318
2021-10-05,Lake,033,64148,6377,122,6499,107
2021-10-05,Lassen,035,31185,6537,302,6839,38
2021-10-05,Los Angeles,037,10098052,1413693,51475,1465168,26313
2021-10-05,Madera,039,155013,21609,1802,23411,287
2021-10-05,Marin,041,260295,8706,357,9063,193
2021-10-05,Mariposa,043,17540,1073,33,1106,15
2021-10-05,Mendocino,045,87422,7095,408,7503,87
2021-10-05,Merced,047,269075,39916,1606,41522,600
2021-10-05,Modoc,049,8938,486,170,656,5
2021-10-05,Mono,051,14174,1603,20,1623,4
2021-10-05,Monterey,053,433212,47971,2657,50628,619
2021-10-05,Napa,055,140530,12608,95,12703,96
2021-10-05,Nevada,057,99092,8670,299,8969,96
2021-10-05,Orange,059,3164182,301147,14285,315432,5705
2021-10-05,Placer,061,380077,35283,3369,38652,428
2021-10-05,Plumas,063,18699,1466,25,1491,9
2021-10-05,Riverside,065,2383286,353718,15908,369626,5187
2021-10-05,Sacramento,067,1510023,152249,4058,156307,2236
2021-10-05,San Benito,069,59416,7123,148,7271,68
2021-10-05,San Bernardino,071,2135413,345196,10727,355923,5963
2021-10-05,San Diego,073,3302833,361381,21255,382636,4190
2021-10-05,San Francisco,075,870044,51474,2169,53643,659
2021-10-05,San Joaquin,077,732212,96343,5104,101447,1775
2021-10-05,San Luis Obispo,079,281455,28560,1152,29712,330
2021-10-05,San Mateo,081,765935,52874,796,53670,586
2021-10-05,Santa Barbara,083,443738,43063,1480,44543,514
2021-10-05,Santa Clara,085,1922200,143180,1160,144340,1887
2021-10-05,Santa Cruz,087,273765,19818,971,20789,218
2021-10-05,Shasta,089,179085,19695,3259,22954,321
2021-10-05,Sierra,091,2930,152,15,167,1
2021-10-05,Siskiyou,093,43540,3205,1172,4377,49
2021-10-05,Solano,095,438530,44867,1173,46040,344
2021-10-05,Sonoma,097,501317,40045,490,40535,402
2021-10-05,Stanislaus,099,539301,74726,8347,83073,1240
2021-10-05,Sutter,101,95872,13340,282,13622,170
2021-10-05,Tehama,103,63373,7789,1289,9078,121
2021-10-05,Trinity,105,12862,797,199,996,16
2021-10-05,Tulare,107,460477,64522,13404,77926,1070
2021-10-05,Tuolumne,109,53932,6570,80,6650,110
2021-10-05,Ventura,111,848112,96109,4160,100269,1167
2021-10-05,Yolo,113,214977,19055,884,19939,276
2021-10-05,Yuba,115,75493,9617,225,9842,83
2021-10-04,Alameda,001,1643700,116249,2616,118865,1457
2021-10-04,Alpine,002,1148,99,0,99,0
2021-10-04,Amador,005,37829,5264,53,5317,63
2021-10-04,Butte,007,227075,19511,3613,23124,286
2021-10-04,Calaveras,009,45235,3709,43,3752,79
2021-10-04,Colusa,011,21464,2438,561,2999,19
2021-10-04,Contra Costa,013,1133247,96688,2005,98693,1013
2021-10-04,Del Norte,015,27424,3573,39,3612,38
2021-10-04,El Dorado,017,186661,15295,1590,16885,155
2021-10-04,Fresno,019,978130,131727,11792,143519,2097
2021-10-04,Glenn,021,27897,3317,953,4270,36
2021-10-04,Humboldt,023,135768,8515,437,8952,105
2021-10-04,Imperial,025,180216,32158,2989,35147,767
2021-10-04,Inyo,027,18085,1847,34,1881,40
2021-10-04,Kern,029,883053,120765,19373,140138,1658
2021-10-04,Kings,031,150075,30212,1730,31942,318
2021-10-04,Lake,033,64148,6364,122,6486,106
2021-10-04,Lassen,035,31185,6520,302,6822,37
2021-10-04,Los Angeles,037,10098052,1412572,51420,1463992,26291
2021-10-04,Madera,039,155013,21545,1790,23335,286
2021-10-04,Marin,041,260295,8690,356,9046,193
2021-10-04,Mariposa,043,17540,1061,33,1094,15
2021-10-04,Mendocino,045,87422,7077,405,7482,87
2021-10-04,Merced,047,269075,39799,1590,41389,600
2021-10-04,Modoc,049,8938,483,170,653,5
2021-10-04,Mono,051,14174,1595,20,1615,4
2021-10-04,Monterey,053,433212,47950,2650,50600,618
2021-10-04,Napa,055,140530,12585,95,12680,96
2021-10-04,Nevada,057,99092,8650,299,8949,96
2021-10-04,Orange,059,3164182,300852,14253,315105,5699
2021-10-04,Placer,061,380077,35201,3341,38542,424
2021-10-04,Plumas,063,18699,1444,25,1469,9
2021-10-04,Riverside,065,2383286,353338,15898,369236,5177
2021-10-04,Sacramento,067,1510023,151925,4031,155956,2232
2021-10-04,San Benito,069,59416,7110,148,7258,68
2021-10-04,San Bernardino,071,2135413,344835,10716,355551,5949
2021-10-04,San Diego,073,3302833,360815,21224,382039,4187
2021-10-04,San Francisco,075,870044,51379,2165,53544,659
2021-10-04,San Joaquin,077,732212,96146,5084,101230,1771
2021-10-04,San Luis Obispo,079,281455,28515,1146,29661,330
2021-10-04,San Mateo,081,765935,52814,795,53609,585
2021-10-04,Santa Barbara,083,443738,42978,1479,44457,514
2021-10-04,Santa Clara,085,1922200,143033,1154,144187,1884
2021-10-04,Santa Cruz,087,273765,19789,970,20759,218
2021-10-04,Shasta,089,179085,19588,3245,22833,318
2021-10-04,Sierra,091,2930,145,14,159,1
2021-10-04,Siskiyou,093,43540,3196,1157,4353,48
2021-10-04,Solano,095,438530,44808,1169,45977,343
2021-10-04,Sonoma,097,501317,39979,490,40469,402
2021-10-04,Stanislaus,099,539301,74575,8328,82903,1237
2021-10-04,Sutter,101,95872,13311,281,13592,169
2021-10-04,Tehama,103,63373,7748,1283,9031,120
2021-10-04,Trinity,105,12862,796,198,994,16
2021-10-04,Tulare,107,460477,64337,13336,77673,1062
2021-10-04,Tuolumne,109,53932,6544,80,6624,110
2021-10-04,Ventura,111,848112,96018,4154,100172,1166
2021-10-04,Yolo,113,214977,19011,880,19891,275
2021-10-04,Yuba,115,75493,9578,223,9801,83
2021-10-03,Alameda,001,1643700,116106,2606,118712,1455
2021-10-03,Alpine,002,1148,99,0,99,0
2021-10-03,Amador,005,37829,5246,51,5297,63
2021-10-03,Butte,007,227075,19438,3594,23032,286
2021-10-03,Calaveras,009,45235,3692,43,3735,78
2021-10-03,Colusa,011,21464,2436,558,2994,19
2021-10-03,Contra Costa,013,1133247,96555,1999,98554,1009
2021-10-03,Del Norte,015,27424,3567,38,3605,38
2021-10-03,El Dorado,017,186661,15236,1583,16819,155
2021-10-03,Fresno,019,978130,131346,11752,143098,2094
2021-10-03,Glenn,021,27897,3310,945,4255,36
2021-10-03,Humboldt,023,135768,8469,433,8902,105
2021-10-03,Imperial,025,180216,32091,2981,35072,767
2021-10-03,Inyo,027,18085,1826,34,1860,39
2021-10-03,Kern,029,883053,120460,19251,139711,1651
2021-10-03,Kings,031,150075,30114,1723,31837,317
2021-10-03,Lake,033,64148,6338,122,6460,106
2021-10-03,Lassen,035,31185,6498,300,6798,37
2021-10-03,Los Angeles,037,10098052,1411311,51367,1462678,26275
2021-10-03,Madera,039,155013,21473,1780,23253,285
2021-10-03,Marin,041,260295,8667,351,9018,193
2021-10-03,Mariposa,043,17540,1054,33,1087,15
2021-10-03,Mendocino,045,87422,7057,397,7454,87
2021-10-03,Merced,047,269075,39692,1570,41262,599
2021-10-03,Modoc,049,8938,482,169,651,5
2021-10-03,Mono,051,14174,1591,20,1611,4
2021-10-03,Monterey,053,433212,47925,2639,50564,618
2021-10-03,Napa,055,140530,12556,93,12649,96
2021-10-03,Nevada,057,99092,8616,299,8915,96
2021-10-03,Orange,059,3164182,300569,14233,314802,5696
2021-10-03,Placer,061,380077,35061,3325,38386,423
2021-10-03,Plumas,063,18699,1416,25,1441,9
2021-10-03,Riverside,065,2383286,352908,15878,368786,5169
2021-10-03,Sacramento,067,1510023,151636,4002,155638,2227
2021-10-03,San Benito,069,59416,7101,148,7249,68
2021-10-03,San Bernardino,071,2135413,344417,10709,355126,5945
2021-10-03,San Diego,073,3302833,360235,21191,381426,4180
2021-10-03,San Francisco,075,870044,51294,2162,53456,658
2021-10-03,San Joaquin,077,732212,95958,5076,101034,1766
2021-10-03,San Luis Obispo,079,281455,28449,1141,29590,330
2021-10-03,San Mateo,081,765935,52747,794,53541,585
2021-10-03,Santa Barbara,083,443738,42882,1471,44353,513
2021-10-03,Santa Clara,085,1922200,142862,1147,144009,1883
2021-10-03,Santa Cruz,087,273765,19749,968,20717,218
2021-10-03,Shasta,089,179085,19483,3217,22700,316
2021-10-03,Sierra,091,2930,142,14,156,1
2021-10-03,Siskiyou,093,43540,3183,1147,4330,48
2021-10-03,Solano,095,438530,44746,1166,45912,343
2021-10-03,Sonoma,097,501317,39913,490,40403,402
2021-10-03,Stanislaus,099,539301,74387,8310,82697,1234
2021-10-03,Sutter,101,95872,13296,277,13573,169
2021-10-03,Tehama,103,63373,7706,1278,8984,120
2021-10-03,Trinity,105,12862,792,196,988,16
2021-10-03,Tulare,107,460477,64132,13264,77396,1055
2021-10-03,Tuolumne,109,53932,6515,78,6593,109
2021-10-03,Ventura,111,848112,95912,4151,100063,1166
2021-10-03,Yolo,113,214977,18981,874,19855,275
2021-10-03,Yuba,115,75493,9561,222,9783,83
2021-10-02,Alameda,001,1643700,115998,2601,118599,1454
2021-10-02,Alpine,002,1148,99,0,99,0
2021-10-02,Amador,005,37829,5237,51,5288,63
2021-10-02,Butte,007,227075,19408,3586,22994,284
2021-10-02,Calaveras,009,45235,3685,43,3728,78
2021-10-02,Colusa,011,21464,2435,556,2991,19
2021-10-02,Contra Costa,013,1133247,96484,1995,98479,1006
2021-10-02,Del Norte,015,27424,3562,38,3600,38
2021-10-02,El Dorado,017,186661,15210,1582,16792,155
2021-10-02,Fresno,019,978130,131176,11739,142915,2090
2021-10-02,Glenn,021,27897,3305,945,4250,36
2021-10-02,Humboldt,023,135768,8451,433,8884,104
2021-10-02,Imperial,025,180216,32056,2978,35034,767
2021-10-02,Inyo,027,18085,1817,34,1851,39
2021-10-02,Kern,029,883053,120327,19170,139497,1647
2021-10-02,Kings,031,150075,30065,1719,31784,317
2021-10-02,Lake,033,64148,6329,122,6451,105
2021-10-02,Lassen,035,31185,6493,300,6793,35
2021-10-02,Los Angeles,037,10098052,1410699,51331,1462030,26260
2021-10-02,Madera,039,155013,21448,1771,23219,285
2021-10-02,Marin,041,260295,8662,348,9010,193
2021-10-02,Mariposa,043,17540,1052,33,1085,15
2021-10-02,Mendocino,045,87422,7047,397,7444,86
2021-10-02,Merced,047,269075,39665,1566,41231,598
2021-10-02,Modoc,049,8938,480,169,649,5
2021-10-02,Mono,051,14174,1589,20,1609,4
2021-10-02,Monterey,053,433212,47870,2638,50508,617
2021-10-02,Napa,055,140530,12545,93,12638,96
2021-10-02,Nevada,057,99092,8605,298,8903,96
2021-10-02,Orange,059,3164182,300402,14213,314615,5693
2021-10-02,Placer,061,380077,34994,3316,38310,418
2021-10-02,Plumas,063,18699,1405,25,1430,9
2021-10-02,Riverside,065,2383286,352667,15867,368534,5162
2021-10-02,Sacramento,067,1510023,151463,3994,155457,2223
2021-10-02,San Benito,069,59416,7094,148,7242,68
2021-10-02,San Bernardino,071,2135413,344230,10658,354888,5938
2021-10-02,San Diego,073,3302833,359918,21169,381087,4171
2021-10-02,San Francisco,075,870044,51245,2157,53402,657
2021-10-02,San Joaquin,077,732212,95894,5070,100964,1762
2021-10-02,San Luis Obispo,079,281455,28425,1141,29566,330
2021-10-02,San Mateo,081,765935,52706,790,53496,585
2021-10-02,Santa Barbara,083,443738,42842,1471,44313,513
2021-10-02,Santa Clara,085,1922200,142748,1143,143891,1880
2021-10-02,Santa Cruz,087,273765,19732,967,20699,218
2021-10-02,Shasta,089,179085,19437,3211,22648,314
2021-10-02,Sierra,091,2930,141,14,155,1
2021-10-02,Siskiyou,093,43540,3182,1144,4326,47
2021-10-02,Solano,095,438530,44702,1165,45867,343
2021-10-02,Sonoma,097,501317,39879,489,40368,402
2021-10-02,Stanislaus,099,539301,74301,8297,82598,1234
2021-10-02,Sutter,101,95872,13287,276,13563,169
2021-10-02,Tehama,103,63373,7691,1278,8969,119
2021-10-02,Trinity,105,12862,789,196,985,16
2021-10-02,Tulare,107,460477,64054,13238,77292,1053
2021-10-02,Tuolumne,109,53932,6501,78,6579,109
2021-10-02,Ventura,111,848112,95840,4146,99986,1165
2021-10-02,Yolo,113,214977,18954,872,19826,274
2021-10-02,Yuba,115,75493,9542,221,9763,83
2021-10-01,Alameda,001,1643700,115921,2595,118516,1450
2021-10-01,Alpine,002,1148,99,0,99,0
2021-10-01,Amador,005,37829,5217,51,5268,62
2021-10-01,Butte,007,227075,19368,3579,22947,281
2021-10-01,Calaveras,009,45235,3675,43,3718,78
2021-10-01,Colusa,011,21464,2433,556,2989,19
2021-10-01,Contra Costa,013,1133247,96388,1991,98379,1005
2021-10-01,Del Norte,015,27424,3559,37,3596,38
2021-10-01,El Dorado,017,186661,15193,1578,16771,154
2021-10-01,Fresno,019,978130,130987,11729,142716,2083
2021-10-01,Glenn,021,27897,3303,944,4247,35
2021-10-01,Humboldt,023,135768,8434,433,8867,101
2021-10-01,Imperial,025,180216,32037,2969,35006,767
2021-10-01,Inyo,027,18085,1808,34,1842,39
2021-10-01,Kern,029,883053,120174,19114,139288,1643
2021-10-01,Kings,031,150075,30031,1714,31745,313
2021-10-01,Lake,033,64148,6319,122,6441,105
2021-10-01,Lassen,035,31185,6482,299,6781,35
2021-10-01,Los Angeles,037,10098052,1409934,51288,1461222,26234
2021-10-01,Madera,039,155013,21398,1762,23160,284
2021-10-01,Marin,041,260295,8647,347,8994,193
2021-10-01,Mariposa,043,17540,1045,33,1078,14
2021-10-01,Mendocino,045,87422,7035,397,7432,85
2021-10-01,Merced,047,269075,39621,1558,41179,597
2021-10-01,Modoc,049,8938,479,169,648,5
2021-10-01,Mono,051,14174,1586,20,1606,4
2021-10-01,Monterey,053,433212,47849,2635,50484,616
2021-10-01,Napa,055,140530,12535,92,12627,96
2021-10-01,Nevada,057,99092,8591,297,8888,96
2021-10-01,Orange,059,3164182,300217,14192,314409,5684
2021-10-01,Placer,061,380077,34960,3312,38272,417
2021-10-01,Plumas,063,18699,1396,25,1421,8
2021-10-01,Riverside,065,2383286,352377,15860,368237,5153
2021-10-01,Sacramento,067,1510023,151310,3984,155294,2218
2021-10-01,San Benito,069,59416,7092,146,7238,68
2021-10-01,San Bernardino,071,2135413,344030,10655,354685,5928
2021-10-01,San Diego,073,3302833,359558,21147,380705,4166
2021-10-01,San Francisco,075,870044,51204,2156,53360,656
2021-10-01,San Joaquin,077,732212,95823,5066,100889,1756
2021-10-01,San Luis Obispo,079,281455,28401,1138,29539,329
2021-10-01,San Mateo,081,765935,52666,787,53453,585
2021-10-01,Santa Barbara,083,443738,42806,1471,44277,513
2021-10-01,Santa Clara,085,1922200,142655,1138,143793,1880
2021-10-01,Santa Cruz,087,273765,19712,966,20678,217
2021-10-01,Shasta,089,179085,19383,3204,22587,310
2021-10-01,Sierra,091,2930,141,14,155,1
2021-10-01,Siskiyou,093,43540,3181,1141,4322,47
2021-10-01,Solano,095,438530,44649,1159,45808,342
2021-10-01,Sonoma,097,501317,39847,488,40335,401
2021-10-01,Stanislaus,099,539301,74217,8286,82503,1230
2021-10-01,Sutter,101,95872,13271,274,13545,169
2021-10-01,Tehama,103,63373,7679,1276,8955,117
2021-10-01,Trinity,105,12862,787,196,983,16
2021-10-01,Tulare,107,460477,63950,13203,77153,1052
2021-10-01,Tuolumne,109,53932,6484,78,6562,109
2021-10-01,Ventura,111,848112,95774,4141,99915,1165
2021-10-01,Yolo,113,214977,18931,870,19801,273
2021-10-01,Yuba,115,75493,9520,221,9741,83
2021-09-30,Alameda,001,1643700,115776,2591,118367,1449
2021-09-30,Alpine,002,1148,99,0,99,0
2021-09-30,Amador,005,37829,5205,51,5256,62
2021-09-30,Butte,007,227075,19319,3570,22889,279
2021-09-30,Calaveras,009,45235,3661,43,3704,78
2021-09-30,Colusa,011,21464,2430,555,2985,19
2021-09-30,Contra Costa,013,1133247,96283,1986,98269,1004
2021-09-30,Del Norte,015,27424,3555,34,3589,38
2021-09-30,El Dorado,017,186661,15167,1570,16737,152
2021-09-30,Fresno,019,978130,130709,11695,142404,2075
2021-09-30,Glenn,021,27897,3293,941,4234,35
2021-09-30,Humboldt,023,135768,8402,427,8829,101
2021-09-30,Imperial,025,180216,31985,2967,34952,767
2021-09-30,Inyo,027,18085,1798,34,1832,39
2021-09-30,Kern,029,883053,119930,19032,138962,1636
2021-09-30,Kings,031,150075,29941,1710,31651,312
2021-09-30,Lake,033,64148,6301,122,6423,105
2021-09-30,Lassen,035,31185,6468,299,6767,34
2021-09-30,Los Angeles,037,10098052,1408725,51229,1459954,26214
2021-09-30,Madera,039,155013,21315,1747,23062,283
2021-09-30,Marin,041,260295,8627,346,8973,193
2021-09-30,Mariposa,043,17540,1023,33,1056,14
2021-09-30,Mendocino,045,87422,7026,388,7414,85
2021-09-30,Merced,047,269075,39525,1553,41078,595
2021-09-30,Modoc,049,8938,479,168,647,5
2021-09-30,Mono,051,14174,1578,20,1598,4
2021-09-30,Monterey,053,433212,47819,2624,50443,616
2021-09-30,Napa,055,140530,12515,92,12607,96
2021-09-30,Nevada,057,99092,8574,296,8870,96
2021-09-30,Orange,059,3164182,299944,14154,314098,5678
2021-09-30,Placer,061,380077,34905,3292,38197,414
2021-09-30,Plumas,063,18699,1378,25,1403,8
2021-09-30,Riverside,065,2383286,351945,15839,367784,5147
2021-09-30,Sacramento,067,1510023,151049,3958,155007,2214
2021-09-30,San Benito,069,59416,7086,146,7232,68
2021-09-30,San Bernardino,071,2135413,343717,10641,354358,5921
2021-09-30,San Diego,073,3302833,359077,21121,380198,4160
2021-09-30,San Francisco,075,870044,51127,2152,53279,656
2021-09-30,San Joaquin,077,732212,95691,5058,100749,1755
2021-09-30,San Luis Obispo,079,281455,28353,1134,29487,328
2021-09-30,San Mateo,081,765935,52617,784,53401,584
2021-09-30,Santa Barbara,083,443738,42749,1470,44219,513
2021-09-30,Santa Clara,085,1922200,142506,1135,143641,1879
2021-09-30,Santa Cruz,087,273765,19672,965,20637,217
2021-09-30,Shasta,089,179085,19321,3189,22510,306
2021-09-30,Sierra,091,2930,140,14,154,1
2021-09-30,Siskiyou,093,43540,3173,1136,4309,47
2021-09-30,Solano,095,438530,44595,1156,45751,342
2021-09-30,Sonoma,097,501317,39797,488,40285,398
2021-09-30,Stanislaus,099,539301,74057,8267,82324,1228
2021-09-30,Sutter,101,95872,13250,274,13524,169
2021-09-30,Tehama,103,63373,7641,1264,8905,116
2021-09-30,Trinity,105,12862,783,196,979,16
2021-09-30,Tulare,107,460477,63775,13146,76921,1048
2021-09-30,Tuolumne,109,53932,6461,78,6539,109
2021-09-30,Ventura,111,848112,95669,4134,99803,1163
2021-09-30,Yolo,113,214977,18891,867,19758,273
2021-09-30,Yuba,115,75493,9497,220,9717,83
2021-09-29,Alameda,001,1643700,115630,2588,118218,1448
2021-09-29,Alpine,002,1148,99,0,99,0
2021-09-29,Amador,005,37829,5183,51,5234,62
2021-09-29,Butte,007,227075,19265,3563,22828,275
2021-09-29,Calaveras,009,45235,3644,42,3686,78
2021-09-29,Colusa,011,21464,2428,555,2983,19
2021-09-29,Contra Costa,013,1133247,96168,1978,98146,1003
2021-09-29,Del Norte,015,27424,3549,34,3583,38
2021-09-29,El Dorado,017,186661,15133,1563,16696,151
2021-09-29,Fresno,019,978130,130408,11671,142079,2071
2021-09-29,Glenn,021,27897,3288,939,4227,35
2021-09-29,Humboldt,023,135768,8379,426,8805,100
2021-09-29,Imperial,025,180216,31920,2962,34882,767
2021-09-29,Inyo,027,18085,1788,33,1821,39
2021-09-29,Kern,029,883053,119695,18956,138651,1632
2021-09-29,Kings,031,150075,29859,1695,31554,311
2021-09-29,Lake,033,64148,6281,122,6403,105
2021-09-29,Lassen,035,31185,6454,299,6753,33
2021-09-29,Los Angeles,037,10098052,1407502,51161,1458663,26202
2021-09-29,Madera,039,155013,21270,1731,23001,281
2021-09-29,Marin,041,260295,8609,344,8953,193
2021-09-29,Mariposa,043,17540,1008,33,1041,14
2021-09-29,Mendocino,045,87422,7014,380,7394,85
2021-09-29,Merced,047,269075,39432,1542,40974,594
2021-09-29,Modoc,049,8938,477,168,645,5
2021-09-29,Mono,051,14174,1576,20,1596,3
2021-09-29,Monterey,053,433212,47781,2610,50391,616
2021-09-29,Napa,055,140530,12495,89,12584,96
2021-09-29,Nevada,057,99092,8561,296,8857,96
2021-09-29,Orange,059,3164182,299674,14116,313790,5673
2021-09-29,Placer,061,380077,34841,3270,38111,410
2021-09-29,Plumas,063,18699,1359,25,1384,8
2021-09-29,Riverside,065,2383286,351507,15826,367333,5141
2021-09-29,Sacramento,067,1510023,150798,3948,154746,2205
2021-09-29,San Benito,069,59416,7075,146,7221,68
2021-09-29,San Bernardino,071,2135413,343397,10626,354023,5914
2021-09-29,San Diego,073,3302833,358590,21091,379681,4155
2021-09-29,San Francisco,075,870044,51042,2148,53190,656
2021-09-29,San Joaquin,077,732212,95533,5036,100569,1753
2021-09-29,San Luis Obispo,079,281455,28307,1128,29435,327
2021-09-29,San Mateo,081,765935,52557,782,53339,584
2021-09-29,Santa Barbara,083,443738,42677,1467,44144,512
2021-09-29,Santa Clara,085,1922200,142370,1130,143500,1877
2021-09-29,Santa Cruz,087,273765,19654,964,20618,217
2021-09-29,Shasta,089,179085,19255,3178,22433,303
2021-09-29,Sierra,091,2930,136,14,150,1
2021-09-29,Siskiyou,093,43540,3160,1129,4289,46
2021-09-29,Solano,095,438530,44539,1149,45688,341
2021-09-29,Sonoma,097,501317,39736,486,40222,398
2021-09-29,Stanislaus,099,539301,73926,8256,82182,1224
2021-09-29,Sutter,101,95872,13223,271,13494,169
2021-09-29,Tehama,103,63373,7611,1250,8861,114
2021-09-29,Trinity,105,12862,779,196,975,15
2021-09-29,Tulare,107,460477,63598,13087,76685,1046
2021-09-29,Tuolumne,109,53932,6444,78,6522,108
2021-09-29,Ventura,111,848112,95579,4130,99709,1163
2021-09-29,Yolo,113,214977,18857,863,19720,272
2021-09-29,Yuba,115,75493,9466,216,9682,83
2021-09-28,Alameda,001,1643700,115472,2582,118054,1446
2021-09-28,Alpine,002,1148,99,0,99,0
2021-09-28,Amador,005,37829,5161,51,5212,62
2021-09-28,Butte,007,227075,19216,3547,22763,275
2021-09-28,Calaveras,009,45235,3624,42,3666,78
2021-09-28,Colusa,011,21464,2425,553,2978,19
2021-09-28,Contra Costa,013,1133247,96027,1973,98000,1002
2021-09-28,Del Norte,015,27424,3546,34,3580,38
2021-09-28,El Dorado,017,186661,15087,1559,16646,151
2021-09-28,Fresno,019,978130,130062,11636,141698,2064
2021-09-28,Glenn,021,27897,3283,938,4221,35
2021-09-28,Humboldt,023,135768,8339,423,8762,99
2021-09-28,Imperial,025,180216,31875,2958,34833,767
2021-09-28,Inyo,027,18085,1774,32,1806,39
2021-09-28,Kern,029,883053,119426,18861,138287,1630
2021-09-28,Kings,031,150075,29757,1687,31444,311
2021-09-28,Lake,033,64148,6266,122,6388,105
2021-09-28,Lassen,035,31185,6448,295,6743,33
2021-09-28,Los Angeles,037,10098052,1406213,51095,1457308,26182
2021-09-28,Madera,039,155013,21216,1716,22932,281
2021-09-28,Marin,041,260295,8590,342,8932,193
2021-09-28,Mariposa,043,17540,1003,33,1036,14
2021-09-28,Mendocino,045,87422,6992,378,7370,85
2021-09-28,Merced,047,269075,39345,1529,40874,593
2021-09-28,Modoc,049,8938,476,168,644,5
2021-09-28,Mono,051,14174,1566,20,1586,3
2021-09-28,Monterey,053,433212,47744,2601,50345,616
2021-09-28,Napa,055,140530,12478,88,12566,96
2021-09-28,Nevada,057,99092,8538,295,8833,95
2021-09-28,Orange,059,3164182,299418,14084,313502,5663
2021-09-28,Placer,061,380077,34776,3252,38028,408
2021-09-28,Plumas,063,18699,1350,25,1375,8
2021-09-28,Riverside,065,2383286,351048,15805,366853,5131
2021-09-28,Sacramento,067,1510023,150507,3926,154433,2200
2021-09-28,San Benito,069,59416,7058,145,7203,68
2021-09-28,San Bernardino,071,2135413,343050,10608,353658,5903
2021-09-28,San Diego,073,3302833,358042,21059,379101,4147
2021-09-28,San Francisco,075,870044,50940,2147,53087,655
2021-09-28,San Joaquin,077,732212,95381,5023,100404,1750
2021-09-28,San Luis Obispo,079,281455,28273,1123,29396,326
2021-09-28,San Mateo,081,765935,52512,782,53294,584
2021-09-28,Santa Barbara,083,443738,42604,1466,44070,509
2021-09-28,Santa Clara,085,1922200,142209,1121,143330,1877
2021-09-28,Santa Cruz,087,273765,19613,963,20576,217
2021-09-28,Shasta,089,179085,19194,3164,22358,299
2021-09-28,Sierra,091,2930,135,13,148,1
2021-09-28,Siskiyou,093,43540,3148,1126,4274,46
2021-09-28,Solano,095,438530,44466,1146,45612,341
2021-09-28,Sonoma,097,501317,39689,485,40174,398
2021-09-28,Stanislaus,099,539301,73755,8244,81999,1217
2021-09-28,Sutter,101,95872,13204,267,13471,168
2021-09-28,Tehama,103,63373,7593,1235,8828,114
2021-09-28,Trinity,105,12862,776,196,972,15
2021-09-28,Tulare,107,460477,63436,13029,76465,1039
2021-09-28,Tuolumne,109,53932,6417,78,6495,108
2021-09-28,Ventura,111,848112,95452,4127,99579,1162
2021-09-28,Yolo,113,214977,18831,859,19690,272
2021-09-28,Yuba,115,75493,9447,215,9662,82
2021-09-27,Alameda,001,1643700,115278,2573,117851,1445
2021-09-27,Alpine,002,1148,99,0,99,0
2021-09-27,Amador,005,37829,5147,51,5198,62
2021-09-27,Butte,007,227075,19156,3529,22685,273
2021-09-27,Calaveras,009,45235,3604,41,3645,77
2021-09-27,Colusa,011,21464,2424,552,2976,19
2021-09-27,Contra Costa,013,1133247,95895,1965,97860,1001
2021-09-27,Del Norte,015,27424,3544,32,3576,38
2021-09-27,El Dorado,017,186661,15048,1552,16600,150
2021-09-27,Fresno,019,978130,129740,11603,141343,2052
2021-09-27,Glenn,021,27897,3270,934,4204,35
2021-09-27,Humboldt,023,135768,8299,423,8722,99
2021-09-27,Imperial,025,180216,31812,2951,34763,767
2021-09-27,Inyo,027,18085,1762,32,1794,39
2021-09-27,Kern,029,883053,119151,18766,137917,1626
2021-09-27,Kings,031,150075,29658,1675,31333,310
2021-09-27,Lake,033,64148,6246,121,6367,105
2021-09-27,Lassen,035,31185,6433,291,6724,32
2021-09-27,Los Angeles,037,10098052,1404876,51027,1455903,26164
2021-09-27,Madera,039,155013,21151,1708,22859,281
2021-09-27,Marin,041,260295,8569,341,8910,193
2021-09-27,Mariposa,043,17540,993,33,1026,12
2021-09-27,Mendocino,045,87422,6966,371,7337,84
2021-09-27,Merced,047,269075,39245,1523,40768,589
2021-09-27,Modoc,049,8938,475,166,641,5
2021-09-27,Mono,051,14174,1554,20,1574,3
2021-09-27,Monterey,053,433212,47701,2590,50291,615
2021-09-27,Napa,055,140530,12454,87,12541,96
2021-09-27,Nevada,057,99092,8515,292,8807,95
2021-09-27,Orange,059,3164182,299111,14046,313157,5655
2021-09-27,Placer,061,380077,34689,3247,37936,407
2021-09-27,Plumas,063,18699,1340,25,1365,8
2021-09-27,Riverside,065,2383286,350605,15795,366400,5122
2021-09-27,Sacramento,067,1510023,150191,3903,154094,2198
2021-09-27,San Benito,069,59416,7041,145,7186,68
2021-09-27,San Bernardino,071,2135413,342635,10584,353219,5898
2021-09-27,San Diego,073,3302833,357390,21034,378424,4142
2021-09-27,San Francisco,075,870044,50856,2144,53000,655
2021-09-27,San Joaquin,077,732212,95196,5020,100216,1744
2021-09-27,San Luis Obispo,079,281455,28218,1120,29338,326
2021-09-27,San Mateo,081,765935,52436,782,53218,584
2021-09-27,Santa Barbara,083,443738,42537,1462,43999,509
2021-09-27,Santa Clara,085,1922200,142028,1111,143139,1873
2021-09-27,Santa Cruz,087,273765,19589,962,20551,217
2021-09-27,Shasta,089,179085,19113,3137,22250,296
2021-09-27,Sierra,091,2930,135,13,148,1
2021-09-27,Siskiyou,093,43540,3136,1121,4257,46
2021-09-27,Solano,095,438530,44390,1141,45531,341
2021-09-27,Sonoma,097,501317,39635,485,40120,397
2021-09-27,Stanislaus,099,539301,73601,8224,81825,1214
2021-09-27,Sutter,101,95872,13173,264,13437,167
2021-09-27,Tehama,103,63373,7553,1226,8779,113
2021-09-27,Trinity,105,12862,765,195,960,15
2021-09-27,Tulare,107,460477,63235,12958,76193,1035
2021-09-27,Tuolumne,109,53932,6395,78,6473,107
2021-09-27,Ventura,111,848112,95328,4123,99451,1161
2021-09-27,Yolo,113,214977,18796,859,19655,272
2021-09-27,Yuba,115,75493,9410,211,9621,80
2021-09-26,Alameda,001,1643700,115084,2566,117650,1442
2021-09-26,Alpine,002,1148,99,0,99,0
2021-09-26,Amador,005,37829,5115,50,5165,62
2021-09-26,Butte,007,227075,19081,3509,22590,273
2021-09-26,Calaveras,009,45235,3582,41,3623,75
2021-09-26,Colusa,011,21464,2419,550,2969,19
2021-09-26,Contra Costa,013,1133247,95720,1952,97672,998
2021-09-26,Del Norte,015,27424,3539,31,3570,38
2021-09-26,El Dorado,017,186661,15006,1544,16550,150
2021-09-26,Fresno,019,978130,129381,11556,140937,2051
2021-09-26,Glenn,021,27897,3262,930,4192,35
2021-09-26,Humboldt,023,135768,8262,422,8684,99
2021-09-26,Imperial,025,180216,31751,2950,34701,766
2021-09-26,Inyo,027,18085,1747,32,1779,39
2021-09-26,Kern,029,883053,118812,18656,137468,1620
2021-09-26,Kings,031,150075,29557,1664,31221,309
2021-09-26,Lake,033,64148,6229,121,6350,103
2021-09-26,Lassen,035,31185,6423,286,6709,32
2021-09-26,Los Angeles,037,10098052,1403386,50960,1454346,26146
2021-09-26,Madera,039,155013,21076,1689,22765,281
2021-09-26,Marin,041,260295,8545,341,8886,193
2021-09-26,Mariposa,043,17540,987,33,1020,12
2021-09-26,Mendocino,045,87422,6932,356,7288,84
2021-09-26,Merced,047,269075,39084,1515,40599,588
2021-09-26,Modoc,049,8938,475,165,640,5
2021-09-26,Mono,051,14174,1550,20,1570,3
2021-09-26,Monterey,053,433212,47654,2577,50231,615
2021-09-26,Napa,055,140530,12430,86,12516,96
2021-09-26,Nevada,057,99092,8484,287,8771,95
2021-09-26,Orange,059,3164182,298768,14010,312778,5647
2021-09-26,Placer,061,380077,34595,3238,37833,404
2021-09-26,Plumas,063,18699,1322,25,1347,7
2021-09-26,Riverside,065,2383286,350070,15781,365851,5116
2021-09-26,Sacramento,067,1510023,149785,3884,153669,2190
2021-09-26,San Benito,069,59416,7024,144,7168,68
2021-09-26,San Bernardino,071,2135413,342176,10570,352746,5887
2021-09-26,San Diego,073,3302833,356768,20993,377761,4137
2021-09-26,San Francisco,075,870044,50730,2135,52865,652
2021-09-26,San Joaquin,077,732212,94990,5006,99996,1741
2021-09-26,San Luis Obispo,079,281455,28145,1115,29260,325
2021-09-26,San Mateo,081,765935,52367,780,53147,583
2021-09-26,Santa Barbara,083,443738,42451,1459,43910,509
2021-09-26,Santa Clara,085,1922200,141827,1108,142935,1872
2021-09-26,Santa Cruz,087,273765,19564,962,20526,217
2021-09-26,Shasta,089,179085,19004,3114,22118,295
2021-09-26,Sierra,091,2930,135,13,148,1
2021-09-26,Siskiyou,093,43540,3122,1111,4233,46
2021-09-26,Solano,095,438530,44323,1140,45463,339
2021-09-26,Sonoma,097,501317,39576,485,40061,395
2021-09-26,Stanislaus,099,539301,73401,8196,81597,1213
2021-09-26,Sutter,101,95872,13136,263,13399,167
2021-09-26,Tehama,103,63373,7496,1215,8711,112
2021-09-26,Trinity,105,12862,762,195,957,14
2021-09-26,Tulare,107,460477,63015,12881,75896,1032
2021-09-26,Tuolumne,109,53932,6367,76,6443,107
2021-09-26,Ventura,111,848112,95213,4116,99329,1159
2021-09-26,Yolo,113,214977,18759,852,19611,272
2021-09-26,Yuba,115,75493,9383,211,9594,78
2021-09-25,Alameda,001,1643700,115005,2563,117568,1440
2021-09-25,Alpine,002,1148,99,0,99,0
2021-09-25,Amador,005,37829,5101,50,5151,62
2021-09-25,Butte,007,227075,19052,3501,22553,271
2021-09-25,Calaveras,009,45235,3579,41,3620,75
2021-09-25,Colusa,011,21464,2416,548,2964,19
2021-09-25,Contra Costa,013,1133247,95649,1948,97597,994
2021-09-25,Del Norte,015,27424,3538,31,3569,37
2021-09-25,El Dorado,017,186661,14983,1541,16524,150
2021-09-25,Fresno,019,978130,129237,11540,140777,2047
2021-09-25,Glenn,021,27897,3257,929,4186,35
2021-09-25,Humboldt,023,135768,8243,420,8663,99
2021-09-25,Imperial,025,180216,31724,2950,34674,765
2021-09-25,Inyo,027,18085,1739,32,1771,39
2021-09-25,Kern,029,883053,118657,18589,137246,1618
2021-09-25,Kings,031,150075,29506,1661,31167,307
2021-09-25,Lake,033,64148,6223,120,6343,103
2021-09-25,Lassen,035,31185,6411,285,6696,31
2021-09-25,Los Angeles,037,10098052,1402677,50918,1453595,26129
2021-09-25,Madera,039,155013,21051,1683,22734,280
2021-09-25,Marin,041,260295,8536,339,8875,193
2021-09-25,Mariposa,043,17540,982,33,1015,12
2021-09-25,Mendocino,045,87422,6913,355,7268,84
2021-09-25,Merced,047,269075,39038,1513,40551,586
2021-09-25,Modoc,049,8938,475,165,640,5
2021-09-25,Mono,051,14174,1547,20,1567,3
2021-09-25,Monterey,053,433212,47624,2575,50199,614
2021-09-25,Napa,055,140530,12410,86,12496,96
2021-09-25,Nevada,057,99092,8467,287,8754,95
2021-09-25,Orange,059,3164182,298595,13989,312584,5638
2021-09-25,Placer,061,380077,34530,3236,37766,404
2021-09-25,Plumas,063,18699,1318,25,1343,7
2021-09-25,Riverside,065,2383286,349747,15773,365520,5105
2021-09-25,Sacramento,067,1510023,149610,3876,153486,2184
2021-09-25,San Benito,069,59416,7019,144,7163,68
2021-09-25,San Bernardino,071,2135413,341938,10557,352495,5880
2021-09-25,San Diego,073,3302833,356423,20967,377390,4130
2021-09-25,San Francisco,075,870044,50686,2134,52820,652
2021-09-25,San Joaquin,077,732212,94904,5004,99908,1739
2021-09-25,San Luis Obispo,079,281455,28107,1111,29218,325
2021-09-25,San Mateo,081,765935,52303,778,53081,582
2021-09-25,Santa Barbara,083,443738,42393,1459,43852,508
2021-09-25,Santa Clara,085,1922200,141720,1106,142826,1871
2021-09-25,Santa Cruz,087,273765,19548,960,20508,217
2021-09-25,Shasta,089,179085,18953,3105,22058,293
2021-09-25,Sierra,091,2930,134,13,147,1
2021-09-25,Siskiyou,093,43540,3115,1101,4216,44
2021-09-25,Solano,095,438530,44282,1137,45419,339
2021-09-25,Sonoma,097,501317,39536,485,40021,395
2021-09-25,Stanislaus,099,539301,73291,8182,81473,1209
2021-09-25,Sutter,101,95872,13118,260,13378,165
2021-09-25,Tehama,103,63373,7480,1213,8693,111
2021-09-25,Trinity,105,12862,762,195,957,14
2021-09-25,Tulare,107,460477,62932,12838,75770,1031
2021-09-25,Tuolumne,109,53932,6355,76,6431,106
2021-09-25,Ventura,111,848112,95146,4112,99258,1157
2021-09-25,Yolo,113,214977,18737,851,19588,272
2021-09-25,Yuba,115,75493,9363,211,9574,77
2021-09-24,Alameda,001,1643700,114900,2559,117459,1435
2021-09-24,Alpine,002,1148,99,0,99,0
2021-09-24,Amador,005,37829,5071,50,5121,61
2021-09-24,Butte,007,227075,19000,3490,22490,267
2021-09-24,Calaveras,009,45235,3572,40,3612,75
2021-09-24,Colusa,011,21464,2413,547,2960,19
2021-09-24,Contra Costa,013,1133247,95538,1944,97482,991
2021-09-24,Del Norte,015,27424,3535,31,3566,37
2021-09-24,El Dorado,017,186661,14965,1539,16504,150
2021-09-24,Fresno,019,978130,129039,11528,140567,2035
2021-09-24,Glenn,021,27897,3249,929,4178,35
2021-09-24,Humboldt,023,135768,8224,417,8641,98
2021-09-24,Imperial,025,180216,31686,2948,34634,764
2021-09-24,Inyo,027,18085,1730,32,1762,39
2021-09-24,Kern,029,883053,118521,18523,137044,1611
2021-09-24,Kings,031,150075,29465,1657,31122,305
2021-09-24,Lake,033,64148,6215,120,6335,103
2021-09-24,Lassen,035,31185,6403,284,6687,31
2021-09-24,Los Angeles,037,10098052,1401790,50877,1452667,26104
2021-09-24,Madera,039,155013,21020,1674,22694,279
2021-09-24,Marin,041,260295,8522,338,8860,193
2021-09-24,Mariposa,043,17540,970,33,1003,12
2021-09-24,Mendocino,045,87422,6900,355,7255,84
2021-09-24,Merced,047,269075,38994,1513,40507,584
2021-09-24,Modoc,049,8938,475,164,639,5
2021-09-24,Mono,051,14174,1542,20,1562,3
2021-09-24,Monterey,053,433212,47603,2567,50170,614
2021-09-24,Napa,055,140530,12390,86,12476,95
2021-09-24,Nevada,057,99092,8453,284,8737,95
2021-09-24,Orange,059,3164182,298387,13968,312355,5633
2021-09-24,Placer,061,380077,34475,3224,37699,402
2021-09-24,Plumas,063,18699,1314,25,1339,7
2021-09-24,Riverside,065,2383286,349413,15766,365179,5099
2021-09-24,Sacramento,067,1510023,149424,3872,153296,2177
2021-09-24,San Benito,069,59416,7013,144,7157,67
2021-09-24,San Bernardino,071,2135413,341669,10547,352216,5866
2021-09-24,San Diego,073,3302833,356072,20952,377024,4123
2021-09-24,San Francisco,075,870044,50622,2127,52749,650
2021-09-24,San Joaquin,077,732212,94791,5002,99793,1736
2021-09-24,San Luis Obispo,079,281455,28075,1107,29182,325
2021-09-24,San Mateo,081,765935,52243,777,53020,582
2021-09-24,Santa Barbara,083,443738,42353,1458,43811,508
2021-09-24,Santa Clara,085,1922200,141607,1105,142712,1869
2021-09-24,Santa Cruz,087,273765,19525,959,20484,217
2021-09-24,Shasta,089,179085,18899,3091,21990,291
2021-09-24,Sierra,091,2930,133,13,146,1
2021-09-24,Siskiyou,093,43540,3106,1095,4201,44
2021-09-24,Solano,095,438530,44244,1135,45379,338
2021-09-24,Sonoma,097,501317,39503,485,39988,395
2021-09-24,Stanislaus,099,539301,73176,8167,81343,1208
2021-09-24,Sutter,101,95872,13099,259,13358,165
2021-09-24,Tehama,103,63373,7467,1208,8675,110
2021-09-24,Trinity,105,12862,759,195,954,14
2021-09-24,Tulare,107,460477,62843,12796,75639,1026
2021-09-24,Tuolumne,109,53932,6326,76,6402,104
2021-09-24,Ventura,111,848112,95068,4105,99173,1157
2021-09-24,Yolo,113,214977,18706,847,19553,272
2021-09-24,Yuba,115,75493,9344,211,9555,77
2021-09-23,Alameda,001,1643700,114743,2553,117296,1433
2021-09-23,Alpine,002,1148,99,0,99,0
2021-09-23,Amador,005,37829,5058,50,5108,61
2021-09-23,Butte,007,227075,18938,3459,22397,266
2021-09-23,Calaveras,009,45235,3551,40,3591,75
2021-09-23,Colusa,011,21464,2411,544,2955,19
2021-09-23,Contra Costa,013,1133247,95397,1937,97334,989
2021-09-23,Del Norte,015,27424,3526,30,3556,36
2021-09-23,El Dorado,017,186661,14939,1533,16472,149
2021-09-23,Fresno,019,978130,128741,11509,140250,2028
2021-09-23,Glenn,021,27897,3235,926,4161,35
2021-09-23,Humboldt,023,135768,8201,415,8616,97
2021-09-23,Imperial,025,180216,31650,2948,34598,764
2021-09-23,Inyo,027,18085,1716,32,1748,39
2021-09-23,Kern,029,883053,118263,18443,136706,1606
2021-09-23,Kings,031,150075,29361,1648,31009,303
2021-09-23,Lake,033,64148,6205,120,6325,103
2021-09-23,Lassen,035,31185,6394,279,6673,31
2021-09-23,Los Angeles,037,10098052,1400593,50813,1451406,26080
2021-09-23,Madera,039,155013,20936,1670,22606,279
2021-09-23,Marin,041,260295,8507,335,8842,193
2021-09-23,Mariposa,043,17540,957,33,990,12
2021-09-23,Mendocino,045,87422,6877,350,7227,83
2021-09-23,Merced,047,269075,38889,1506,40395,583
2021-09-23,Modoc,049,8938,474,164,638,5
2021-09-23,Mono,051,14174,1539,20,1559,3
2021-09-23,Monterey,053,433212,47554,2556,50110,613
2021-09-23,Napa,055,140530,12373,86,12459,95
2021-09-23,Nevada,057,99092,8426,284,8710,95
2021-09-23,Orange,059,3164182,298090,13939,312029,5626
2021-09-23,Placer,061,380077,34398,3218,37616,397
2021-09-23,Plumas,063,18699,1297,24,1321,7
2021-09-23,Riverside,065,2383286,348960,15759,364719,5091
2021-09-23,Sacramento,067,1510023,149101,3853,152954,2170
2021-09-23,San Benito,069,59416,7002,144,7146,67
2021-09-23,San Bernardino,071,2135413,341303,10530,351833,5857
2021-09-23,San Diego,073,3302833,355616,20913,376529,4118
2021-09-23,San Francisco,075,870044,50549,2125,52674,649
2021-09-23,San Joaquin,077,732212,94617,4987,99604,1730
2021-09-23,San Luis Obispo,079,281455,28032,1105,29137,324
2021-09-23,San Mateo,081,765935,52168,776,52944,582
2021-09-23,Santa Barbara,083,443738,42275,1455,43730,508
2021-09-23,Santa Clara,085,1922200,141455,1098,142553,1867
2021-09-23,Santa Cruz,087,273765,19494,959,20453,216
2021-09-23,Shasta,089,179085,18818,3074,21892,289
2021-09-23,Sierra,091,2930,133,13,146,1
2021-09-23,Siskiyou,093,43540,3102,1084,4186,44
2021-09-23,Solano,095,438530,44176,1132,45308,335
2021-09-23,Sonoma,097,501317,39444,482,39926,395
2021-09-23,Stanislaus,099,539301,73020,8135,81155,1206
2021-09-23,Sutter,101,95872,13070,259,13329,165
2021-09-23,Tehama,103,63373,7426,1203,8629,110
2021-09-23,Trinity,105,12862,745,194,939,14
2021-09-23,Tulare,107,460477,62666,12742,75408,1024
2021-09-23,Tuolumne,109,53932,6301,75,6376,103
2021-09-23,Ventura,111,848112,94964,4098,99062,1155
2021-09-23,Yolo,113,214977,18675,843,19518,272
2021-09-23,Yuba,115,75493,9315,210,9525,76
2021-09-22,Alameda,001,1643700,114587,2549,117136,1427
2021-09-22,Alpine,002,1148,99,0,99,0
2021-09-22,Amador,005,37829,5042,50,5092,61
2021-09-22,Butte,007,227075,18878,3441,22319,266
2021-09-22,Calaveras,009,45235,3535,40,3575,75
2021-09-22,Colusa,011,21464,2406,543,2949,18
2021-09-22,Contra Costa,013,1133247,95210,1928,97138,984
2021-09-22,Del Norte,015,27424,3515,29,3544,36
2021-09-22,El Dorado,017,186661,14903,1527,16430,148
2021-09-22,Fresno,019,978130,128485,11494,139979,2021
2021-09-22,Glenn,021,27897,3228,925,4153,35
2021-09-22,Humboldt,023,135768,8179,407,8586,97
2021-09-22,Imperial,025,180216,31598,2941,34539,764
2021-09-22,Inyo,027,18085,1706,32,1738,39
2021-09-22,Kern,029,883053,118021,18321,136342,1602
2021-09-22,Kings,031,150075,29276,1642,30918,300
2021-09-22,Lake,033,64148,6193,120,6313,101
2021-09-22,Lassen,035,31185,6374,275,6649,31
2021-09-22,Los Angeles,037,10098052,1399270,50758,1450028,26061
2021-09-22,Madera,039,155013,20879,1660,22539,279
2021-09-22,Marin,041,260295,8496,332,8828,190
2021-09-22,Mariposa,043,17540,951,33,984,12
2021-09-22,Mendocino,045,87422,6851,344,7195,82
2021-09-22,Merced,047,269075,38758,1504,40262,581
2021-09-22,Modoc,049,8938,471,164,635,5
2021-09-22,Mono,051,14174,1530,19,1549,3
2021-09-22,Monterey,053,433212,47503,2549,50052,613
2021-09-22,Napa,055,140530,12351,85,12436,95
2021-09-22,Nevada,057,99092,8403,281,8684,95
2021-09-22,Orange,059,3164182,297814,13920,311734,5620
2021-09-22,Placer,061,380077,34310,3205,37515,395
2021-09-22,Plumas,063,18699,1284,24,1308,7
2021-09-22,Riverside,065,2383286,348425,15734,364159,5082
2021-09-22,Sacramento,067,1510023,148796,3824,152620,2163
2021-09-22,San Benito,069,59416,6991,142,7133,67
2021-09-22,San Bernardino,071,2135413,340909,10521,351430,5844
2021-09-22,San Diego,073,3302833,355165,20889,376054,4112
2021-09-22,San Francisco,075,870044,50464,2120,52584,647
2021-09-22,San Joaquin,077,732212,94385,4963,99348,1723
2021-09-22,San Luis Obispo,079,281455,27982,1101,29083,324
2021-09-22,San Mateo,081,765935,52095,772,52867,581
2021-09-22,Santa Barbara,083,443738,42212,1454,43666,506
2021-09-22,Santa Clara,085,1922200,141290,1091,142381,1864
2021-09-22,Santa Cruz,087,273765,19456,958,20414,216
2021-09-22,Shasta,089,179085,18728,3063,21791,288
2021-09-22,Sierra,091,2930,133,13,146,1
2021-09-22,Siskiyou,093,43540,3085,1074,4159,44
2021-09-22,Solano,095,438530,44109,1132,45241,335
2021-09-22,Sonoma,097,501317,39391,481,39872,394
2021-09-22,Stanislaus,099,539301,72855,8116,80971,1202
2021-09-22,Sutter,101,95872,13050,256,13306,163
2021-09-22,Tehama,103,63373,7399,1200,8599,109
2021-09-22,Trinity,105,12862,744,194,938,14
2021-09-22,Tulare,107,460477,62455,12673,75128,1019
2021-09-22,Tuolumne,109,53932,6280,74,6354,102
2021-09-22,Ventura,111,848112,94858,4093,98951,1154
2021-09-22,Yolo,113,214977,18636,836,19472,272
2021-09-22,Yuba,115,75493,9286,205,9491,76
2021-09-21,Alameda,001,1643700,114434,2549,116983,1423
2021-09-21,Alpine,002,1148,99,0,99,0
2021-09-21,Amador,005,37829,5020,50,5070,61
2021-09-21,Butte,007,227075,18782,3397,22179,265
2021-09-21,Calaveras,009,45235,3518,40,3558,75
2021-09-21,Colusa,011,21464,2403,542,2945,17
2021-09-21,Contra Costa,013,1133247,95017,1914,96931,983
2021-09-21,Del Norte,015,27424,3503,29,3532,35
2021-09-21,El Dorado,017,186661,14873,1520,16393,148
2021-09-21,Fresno,019,978130,128134,11467,139601,2015
2021-09-21,Glenn,021,27897,3221,921,4142,35
2021-09-21,Humboldt,023,135768,8147,402,8549,97
2021-09-21,Imperial,025,180216,31541,2939,34480,764
2021-09-21,Inyo,027,18085,1696,32,1728,39
2021-09-21,Kern,029,883053,117728,18208,135936,1594
2021-09-21,Kings,031,150075,29188,1634,30822,300
2021-09-21,Lake,033,64148,6170,120,6290,101
2021-09-21,Lassen,035,31185,6356,271,6627,29
2021-09-21,Los Angeles,037,10098052,1397814,50704,1448518,26033
2021-09-21,Madera,039,155013,20819,1650,22469,278
2021-09-21,Marin,041,260295,8481,331,8812,190
2021-09-21,Mariposa,043,17540,946,32,978,12
2021-09-21,Mendocino,045,87422,6813,333,7146,81
2021-09-21,Merced,047,269075,38632,1500,40132,580
2021-09-21,Modoc,049,8938,468,164,632,5
2021-09-21,Mono,051,14174,1528,18,1546,3
2021-09-21,Monterey,053,433212,47435,2537,49972,613
2021-09-21,Napa,055,140530,12330,85,12415,95
2021-09-21,Nevada,057,99092,8376,273,8649,94
2021-09-21,Orange,059,3164182,297481,13890,311371,5618
2021-09-21,Placer,061,380077,34209,3194,37403,392
2021-09-21,Plumas,063,18699,1277,24,1301,7
2021-09-21,Riverside,065,2383286,347866,15710,363576,5075
2021-09-21,Sacramento,067,1510023,148415,3796,152211,2154
2021-09-21,San Benito,069,59416,6980,141,7121,67
2021-09-21,San Bernardino,071,2135413,340469,10504,350973,5828
2021-09-21,San Diego,073,3302833,354559,20863,375422,4107
2021-09-21,San Francisco,075,870044,50366,2116,52482,647
2021-09-21,San Joaquin,077,732212,94151,4952,99103,1713
2021-09-21,San Luis Obispo,079,281455,27922,1098,29020,323
2021-09-21,San Mateo,081,765935,52025,772,52797,581
2021-09-21,Santa Barbara,083,443738,42143,1450,43593,506
2021-09-21,Santa Clara,085,1922200,141073,1087,142160,1864
2021-09-21,Santa Cruz,087,273765,19426,957,20383,216
2021-09-21,Shasta,089,179085,18600,3039,21639,282
2021-09-21,Sierra,091,2930,133,13,146,1
2021-09-21,Siskiyou,093,43540,3071,1060,4131,44
2021-09-21,Solano,095,438530,44034,1132,45166,334
2021-09-21,Sonoma,097,501317,39339,481,39820,394
2021-09-21,Stanislaus,099,539301,72671,8096,80767,1200
2021-09-21,Sutter,101,95872,13027,253,13280,160
2021-09-21,Tehama,103,63373,7353,1196,8549,109
2021-09-21,Trinity,105,12862,733,192,925,14
2021-09-21,Tulare,107,460477,62240,12612,74852,1010
2021-09-21,Tuolumne,109,53932,6247,74,6321,102
2021-09-21,Ventura,111,848112,94753,4085,98838,1151
2021-09-21,Yolo,113,214977,18600,833,19433,272
2021-09-21,Yuba,115,75493,9258,205,9463,76
2021-09-20,Alameda,001,1643700,114253,2545,116798,1421
2021-09-20,Alpine,002,1148,99,0,99,0
2021-09-20,Amador,005,37829,5002,49,5051,61
2021-09-20,Butte,007,227075,18701,3381,22082,264
2021-09-20,Calaveras,009,45235,3496,39,3535,75
2021-09-20,Colusa,011,21464,2401,539,2940,17
2021-09-20,Contra Costa,013,1133247,94868,1908,96776,981
2021-09-20,Del Norte,015,27424,3495,28,3523,35
2021-09-20,El Dorado,017,186661,14840,1508,16348,148
2021-09-20,Fresno,019,978130,127721,11441,139162,2011
2021-09-20,Glenn,021,27897,3210,918,4128,34
2021-09-20,Humboldt,023,135768,8112,397,8509,97
2021-09-20,Imperial,025,180216,31458,2938,34396,764
2021-09-20,Inyo,027,18085,1688,31,1719,39
2021-09-20,Kern,029,883053,117389,18077,135466,1588
2021-09-20,Kings,031,150075,29102,1628,30730,300
2021-09-20,Lake,033,64148,6155,119,6274,100
2021-09-20,Lassen,035,31185,6326,271,6597,29
2021-09-20,Los Angeles,037,10098052,1396291,50624,1446915,26008
2021-09-20,Madera,039,155013,20766,1643,22409,277
2021-09-20,Marin,041,260295,8456,329,8785,190
2021-09-20,Mariposa,043,17540,935,32,967,12
2021-09-20,Mendocino,045,87422,6779,328,7107,79
2021-09-20,Merced,047,269075,38521,1489,40010,579
2021-09-20,Modoc,049,8938,467,162,629,5
2021-09-20,Mono,051,14174,1522,18,1540,3
2021-09-20,Monterey,053,433212,47393,2519,49912,610
2021-09-20,Napa,055,140530,12305,84,12389,95
2021-09-20,Nevada,057,99092,8356,271,8627,94
2021-09-20,Orange,059,3164182,297137,13863,311000,5615
2021-09-20,Placer,061,380077,34118,3179,37297,392
2021-09-20,Plumas,063,18699,1272,24,1296,7
2021-09-20,Riverside,065,2383286,347364,15697,363061,5066
2021-09-20,Sacramento,067,1510023,148041,3762,151803,2147
2021-09-20,San Benito,069,59416,6971,140,7111,67
2021-09-20,San Bernardino,071,2135413,340066,10488,350554,5821
2021-09-20,San Diego,073,3302833,353886,20826,374712,4100
2021-09-20,San Francisco,075,870044,50260,2115,52375,647
2021-09-20,San Joaquin,077,732212,93908,4939,98847,1710
2021-09-20,San Luis Obispo,079,281455,27846,1090,28936,323
2021-09-20,San Mateo,081,765935,51938,769,52707,581
2021-09-20,Santa Barbara,083,443738,42044,1446,43490,505
2021-09-20,Santa Clara,085,1922200,140873,1085,141958,1862
2021-09-20,Santa Cruz,087,273765,19394,957,20351,216
2021-09-20,Shasta,089,179085,18502,3009,21511,282
2021-09-20,Sierra,091,2930,131,13,144,1
2021-09-20,Siskiyou,093,43540,3049,1047,4096,43
2021-09-20,Solano,095,438530,43966,1124,45090,333
2021-09-20,Sonoma,097,501317,39293,481,39774,394
2021-09-20,Stanislaus,099,539301,72472,8077,80549,1195
2021-09-20,Sutter,101,95872,12991,248,13239,159
2021-09-20,Tehama,103,63373,7321,1184,8505,108
2021-09-20,Trinity,105,12862,727,191,918,14
2021-09-20,Tulare,107,460477,62037,12559,74596,1006
2021-09-20,Tuolumne,109,53932,6221,74,6295,102
2021-09-20,Ventura,111,848112,94640,4079,98719,1150
2021-09-20,Yolo,113,214977,18554,831,19385,272
2021-09-20,Yuba,115,75493,9223,203,9426,76
2021-09-19,Alameda,001,1643700,114040,2540,116580,1420
2021-09-19,Alpine,002,1148,99,0,99,0
2021-09-19,Amador,005,37829,4962,48,5010,59
2021-09-19,Butte,007,227075,18609,3353,21962,261
2021-09-19,Calaveras,009,45235,3472,36,3508,75
2021-09-19,Colusa,011,21464,2399,537,2936,17
2021-09-19,Contra Costa,013,1133247,94681,1897,96578,980
2021-09-19,Del Norte,015,27424,3469,27,3496,35
2021-09-19,El Dorado,017,186661,14787,1502,16289,148
2021-09-19,Fresno,019,978130,127316,11397,138713,2005
2021-09-19,Glenn,021,27897,3201,915,4116,33
2021-09-19,Humboldt,023,135768,8066,395,8461,97
2021-09-19,Imperial,025,180216,31389,2935,34324,764
2021-09-19,Inyo,027,18085,1679,31,1710,39
2021-09-19,Kern,029,883053,117077,17971,135048,1580
2021-09-19,Kings,031,150075,28975,1619,30594,298
2021-09-19,Lake,033,64148,6124,119,6243,100
2021-09-19,Lassen,035,31185,6306,265,6571,29
2021-09-19,Los Angeles,037,10098052,1394310,50530,1444840,25984
2021-09-19,Madera,039,155013,20687,1633,22320,277
2021-09-19,Marin,041,260295,8427,327,8754,190
2021-09-19,Mariposa,043,17540,927,32,959,11
2021-09-19,Mendocino,045,87422,6734,322,7056,76
2021-09-19,Merced,047,269075,38364,1480,39844,575
2021-09-19,Modoc,049,8938,464,160,624,5
2021-09-19,Mono,051,14174,1517,18,1535,3
2021-09-19,Monterey,053,433212,47338,2516,49854,610
2021-09-19,Napa,055,140530,12284,82,12366,95
2021-09-19,Nevada,057,99092,8328,269,8597,94
2021-09-19,Orange,059,3164182,296768,13841,310609,5606
2021-09-19,Placer,061,380077,34005,3161,37166,389
2021-09-19,Plumas,063,18699,1264,24,1288,7
2021-09-19,Riverside,065,2383286,346770,15688,362458,5057
2021-09-19,Sacramento,067,1510023,147679,3716,151395,2141
2021-09-19,San Benito,069,59416,6952,140,7092,67
2021-09-19,San Bernardino,071,2135413,339569,10476,350045,5815
2021-09-19,San Diego,073,3302833,353182,20789,373971,4089
2021-09-19,San Francisco,075,870044,50152,2106,52258,646
2021-09-19,San Joaquin,077,732212,93612,4928,98540,1707
2021-09-19,San Luis Obispo,079,281455,27745,1081,28826,323
2021-09-19,San Mateo,081,765935,51840,768,52608,579
2021-09-19,Santa Barbara,083,443738,41938,1446,43384,505
2021-09-19,Santa Clara,085,1922200,140685,1080,141765,1862
2021-09-19,Santa Cruz,087,273765,19355,957,20312,216
2021-09-19,Shasta,089,179085,18388,2974,21362,279
2021-09-19,Sierra,091,2930,130,13,143,1
2021-09-19,Siskiyou,093,43540,3023,1038,4061,43
2021-09-19,Solano,095,438530,43877,1119,44996,331
2021-09-19,Sonoma,097,501317,39222,477,39699,392
2021-09-19,Stanislaus,099,539301,72227,8052,80279,1191
2021-09-19,Sutter,101,95872,12964,241,13205,159
2021-09-19,Tehama,103,63373,7267,1175,8442,107
2021-09-19,Trinity,105,12862,716,189,905,14
2021-09-19,Tulare,107,460477,61776,12466,74242,1006
2021-09-19,Tuolumne,109,53932,6180,74,6254,102
2021-09-19,Ventura,111,848112,94478,4070,98548,1146
2021-09-19,Yolo,113,214977,18505,826,19331,272
2021-09-19,Yuba,115,75493,9197,202,9399,75
2021-09-18,Alameda,001,1643700,113940,2539,116479,1418
2021-09-18,Alpine,002,1148,99,0,99,0
2021-09-18,Amador,005,37829,4952,48,5000,59
2021-09-18,Butte,007,227075,18570,3337,21907,259
2021-09-18,Calaveras,009,45235,3467,35,3502,73
2021-09-18,Colusa,011,21464,2399,536,2935,17
2021-09-18,Contra Costa,013,1133247,94591,1893,96484,980
2021-09-18,Del Norte,015,27424,3461,25,3486,35
2021-09-18,El Dorado,017,186661,14764,1499,16263,148
2021-09-18,Fresno,019,978130,127174,11379,138553,2001
2021-09-18,Glenn,021,27897,3192,912,4104,33
2021-09-18,Humboldt,023,135768,8052,394,8446,97
2021-09-18,Imperial,025,180216,31365,2934,34299,764
2021-09-18,Inyo,027,18085,1673,31,1704,39
2021-09-18,Kern,029,883053,116922,17907,134829,1579
2021-09-18,Kings,031,150075,28927,1614,30541,298
2021-09-18,Lake,033,64148,6107,119,6226,99
2021-09-18,Lassen,035,31185,6296,263,6559,27
2021-09-18,Los Angeles,037,10098052,1393547,50480,1444027,25968
2021-09-18,Madera,039,155013,20643,1623,22266,276
2021-09-18,Marin,041,260295,8410,326,8736,190
2021-09-18,Mariposa,043,17540,924,32,956,11
2021-09-18,Mendocino,045,87422,6713,322,7035,76
2021-09-18,Merced,047,269075,38328,1474,39802,572
2021-09-18,Modoc,049,8938,464,159,623,5
2021-09-18,Mono,051,14174,1514,18,1532,3
2021-09-18,Monterey,053,433212,47300,2513,49813,609
2021-09-18,Napa,055,140530,12272,82,12354,95
2021-09-18,Nevada,057,99092,8311,269,8580,94
2021-09-18,Orange,059,3164182,296574,13827,310401,5602
2021-09-18,Placer,061,380077,33931,3158,37089,386
2021-09-18,Plumas,063,18699,1263,24,1287,7
2021-09-18,Riverside,065,2383286,346385,15674,362059,5050
2021-09-18,Sacramento,067,1510023,147496,3707,151203,2134
2021-09-18,San Benito,069,59416,6948,140,7088,66
2021-09-18,San Bernardino,071,2135413,339295,10463,349758,5808
2021-09-18,San Diego,073,3302833,352791,20776,373567,4082
2021-09-18,San Francisco,075,870044,50088,2101,52189,644
2021-09-18,San Joaquin,077,732212,93502,4916,98418,1701
2021-09-18,San Luis Obispo,079,281455,27708,1078,28786,323
2021-09-18,San Mateo,081,765935,51790,766,52556,579
2021-09-18,Santa Barbara,083,443738,41873,1446,43319,505
2021-09-18,Santa Clara,085,1922200,140565,1077,141642,1861
2021-09-18,Santa Cruz,087,273765,19335,957,20292,216
2021-09-18,Shasta,089,179085,18325,2958,21283,278
2021-09-18,Sierra,091,2930,129,13,142,1
2021-09-18,Siskiyou,093,43540,3020,1032,4052,43
2021-09-18,Solano,095,438530,43837,1116,44953,330
2021-09-18,Sonoma,097,501317,39187,475,39662,392
2021-09-18,Stanislaus,099,539301,72082,8030,80112,1188
2021-09-18,Sutter,101,95872,12950,241,13191,159
2021-09-18,Tehama,103,63373,7253,1168,8421,105
2021-09-18,Trinity,105,12862,714,189,903,14
2021-09-18,Tulare,107,460477,61699,12416,74115,1002
2021-09-18,Tuolumne,109,53932,6165,74,6239,102
2021-09-18,Ventura,111,848112,94410,4065,98475,1139
2021-09-18,Yolo,113,214977,18477,822,19299,271
2021-09-18,Yuba,115,75493,9183,201,9384,75
2021-09-17,Alameda,001,1643700,113814,2537,116351,1417
2021-09-17,Alpine,002,1148,99,0,99,0
2021-09-17,Amador,005,37829,4936,47,4983,59
2021-09-17,Butte,007,227075,18518,3326,21844,258
2021-09-17,Calaveras,009,45235,3455,34,3489,73
2021-09-17,Colusa,011,21464,2398,531,2929,17
2021-09-17,Contra Costa,013,1133247,94488,1890,96378,975
2021-09-17,Del Norte,015,27424,3456,23,3479,35
2021-09-17,El Dorado,017,186661,14745,1497,16242,146
2021-09-17,Fresno,019,978130,126954,11362,138316,1998
2021-09-17,Glenn,021,27897,3175,908,4083,33
2021-09-17,Humboldt,023,135768,8031,394,8425,97
2021-09-17,Imperial,025,180216,31339,2933,34272,764
2021-09-17,Inyo,027,18085,1665,31,1696,39
2021-09-17,Kern,029,883053,116731,17810,134541,1565
2021-09-17,Kings,031,150075,28862,1612,30474,296
2021-09-17,Lake,033,64148,6094,119,6213,98
2021-09-17,Lassen,035,31185,6281,261,6542,26
2021-09-17,Los Angeles,037,10098052,1392567,50414,1442981,25939
2021-09-17,Madera,039,155013,20593,1611,22204,276
2021-09-17,Marin,041,260295,8397,324,8721,190
2021-09-17,Mariposa,043,17540,922,32,954,11
2021-09-17,Mendocino,045,87422,6694,322,7016,75
2021-09-17,Merced,047,269075,38282,1472,39754,570
2021-09-17,Modoc,049,8938,464,159,623,5
2021-09-17,Mono,051,14174,1510,18,1528,3
2021-09-17,Monterey,053,433212,47277,2512,49789,609
2021-09-17,Napa,055,140530,12251,82,12333,95
2021-09-17,Nevada,057,99092,8296,269,8565,93
2021-09-17,Orange,059,3164182,296354,13809,310163,5598
2021-09-17,Placer,061,380077,33871,3148,37019,385
2021-09-17,Plumas,063,18699,1254,23,1277,7
2021-09-17,Riverside,065,2383286,345985,15663,361648,5035
2021-09-17,Sacramento,067,1510023,147296,3696,150992,2121
2021-09-17,San Benito,069,59416,6945,140,7085,66
2021-09-17,San Bernardino,071,2135413,338935,10456,349391,5799
2021-09-17,San Diego,073,3302833,352368,20759,373127,4074
2021-09-17,San Francisco,075,870044,50037,2096,52133,643
2021-09-17,San Joaquin,077,732212,93364,4905,98269,1699
2021-09-17,San Luis Obispo,079,281455,27674,1067,28741,323
2021-09-17,San Mateo,081,765935,51737,765,52502,578
2021-09-17,Santa Barbara,083,443738,41810,1445,43255,505
2021-09-17,Santa Clara,085,1922200,140416,1076,141492,1859
2021-09-17,Santa Cruz,087,273765,19311,957,20268,216
2021-09-17,Shasta,089,179085,18255,2945,21200,278
2021-09-17,Sierra,091,2930,129,13,142,1
2021-09-17,Siskiyou,093,43540,3005,1032,4037,43
2021-09-17,Solano,095,438530,43775,1112,44887,329
2021-09-17,Sonoma,097,501317,39150,474,39624,390
2021-09-17,Stanislaus,099,539301,71975,8012,79987,1184
2021-09-17,Sutter,101,95872,12934,238,13172,159
2021-09-17,Tehama,103,63373,7230,1156,8386,105
2021-09-17,Trinity,105,12862,709,188,897,14
2021-09-17,Tulare,107,460477,61584,12381,73965,1001
2021-09-17,Tuolumne,109,53932,6146,74,6220,101
2021-09-17,Ventura,111,848112,94298,4063,98361,1137
2021-09-17,Yolo,113,214977,18446,818,19264,271
2021-09-17,Yuba,115,75493,9156,200,9356,74
2021-09-16,Alameda,001,1643700,113637,2534,116171,1416
2021-09-16,Alpine,002,1148,99,0,99,0
2021-09-16,Amador,005,37829,4916,47,4963,59
2021-09-16,Butte,007,227075,18443,3310,21753,257
2021-09-16,Calaveras,009,45235,3424,34,3458,71
2021-09-16,Colusa,011,21464,2396,529,2925,17
2021-09-16,Contra Costa,013,1133247,94316,1882,96198,971
2021-09-16,Del Norte,015,27424,3438,23,3461,35
2021-09-16,El Dorado,017,186661,14704,1489,16193,145
2021-09-16,Fresno,019,978130,126597,11321,137918,1989
2021-09-16,Glenn,021,27897,3165,906,4071,33
2021-09-16,Humboldt,023,135768,7998,386,8384,97
2021-09-16,Imperial,025,180216,31296,2925,34221,764
2021-09-16,Inyo,027,18085,1663,31,1694,39
2021-09-16,Kern,029,883053,116458,17743,134201,1561
2021-09-16,Kings,031,150075,28776,1604,30380,296
2021-09-16,Lake,033,64148,6070,116,6186,98
2021-09-16,Lassen,035,31185,6246,256,6502,26
2021-09-16,Los Angeles,037,10098052,1391176,50349,1441525,25916
2021-09-16,Madera,039,155013,20515,1606,22121,274
2021-09-16,Marin,041,260295,8370,323,8693,190
2021-09-16,Mariposa,043,17540,916,32,948,11
2021-09-16,Mendocino,045,87422,6656,311,6967,74
2021-09-16,Merced,047,269075,38175,1470,39645,570
2021-09-16,Modoc,049,8938,462,159,621,5
2021-09-16,Mono,051,14174,1504,18,1522,3
2021-09-16,Monterey,053,433212,47223,2506,49729,608
2021-09-16,Napa,055,140530,12226,78,12304,95
2021-09-16,Nevada,057,99092,8269,268,8537,93
2021-09-16,Orange,059,3164182,296008,13789,309797,5585
2021-09-16,Placer,061,380077,33775,3128,36903,384
2021-09-16,Plumas,063,18699,1245,23,1268,7
2021-09-16,Riverside,065,2383286,345456,15649,361105,5021
2021-09-16,Sacramento,067,1510023,146940,3664,150604,2113
2021-09-16,San Benito,069,59416,6933,139,7072,66
2021-09-16,San Bernardino,071,2135413,338512,10449,348961,5791
2021-09-16,San Diego,073,3302833,351754,20720,372474,4063
2021-09-16,San Francisco,075,870044,49951,2088,52039,643
2021-09-16,San Joaquin,077,732212,93126,4862,97988,1694
2021-09-16,San Luis Obispo,079,281455,27601,1063,28664,320
2021-09-16,San Mateo,081,765935,51659,763,52422,578
2021-09-16,Santa Barbara,083,443738,41744,1442,43186,505
2021-09-16,Santa Clara,085,1922200,140262,1072,141334,1859
2021-09-16,Santa Cruz,087,273765,19284,957,20241,215
2021-09-16,Shasta,089,179085,18131,2912,21043,273
2021-09-16,Sierra,091,2930,129,13,142,1
2021-09-16,Siskiyou,093,43540,2985,1025,4010,42
2021-09-16,Solano,095,438530,43703,1103,44806,329
2021-09-16,Sonoma,097,501317,39087,473,39560,389
2021-09-16,Stanislaus,099,539301,71742,7996,79738,1180
2021-09-16,Sutter,101,95872,12890,233,13123,158
2021-09-16,Tehama,103,63373,7189,1145,8334,104
2021-09-16,Trinity,105,12862,706,187,893,13
2021-09-16,Tulare,107,460477,61362,12309,73671,999
2021-09-16,Tuolumne,109,53932,6124,73,6197,101
2021-09-16,Ventura,111,848112,94158,4059,98217,1137
2021-09-16,Yolo,113,214977,18414,816,19230,271
2021-09-16,Yuba,115,75493,9122,197,9319,73
2021-09-15,Alameda,001,1643700,113471,2527,115998,1413
2021-09-15,Alpine,002,1148,99,0,99,0
2021-09-15,Amador,005,37829,4908,47,4955,59
2021-09-15,Butte,007,227075,18344,3290,21634,256
2021-09-15,Calaveras,009,45235,3395,32,3427,71
2021-09-15,Colusa,011,21464,2394,526,2920,17
2021-09-15,Contra Costa,013,1133247,94134,1871,96005,968
2021-09-15,Del Norte,015,27424,3425,21,3446,35
2021-09-15,El Dorado,017,186661,14677,1480,16157,143
2021-09-15,Fresno,019,978130,126217,11264,137481,1978
2021-09-15,Glenn,021,27897,3153,901,4054,33
2021-09-15,Humboldt,023,135768,7962,381,8343,96
2021-09-15,Imperial,025,180216,31241,2920,34161,763
2021-09-15,Inyo,027,18085,1659,31,1690,39
2021-09-15,Kern,029,883053,116112,17644,133756,1555
2021-09-15,Kings,031,150075,28697,1596,30293,293
2021-09-15,Lake,033,64148,6037,115,6152,97
2021-09-15,Lassen,035,31185,6186,251,6437,26
2021-09-15,Los Angeles,037,10098052,1389671,50280,1439951,25892
2021-09-15,Madera,039,155013,20440,1599,22039,273
2021-09-15,Marin,041,260295,8335,318,8653,190
2021-09-15,Mariposa,043,17540,904,32,936,11
2021-09-15,Mendocino,045,87422,6626,306,6932,74
2021-09-15,Merced,047,269075,38067,1468,39535,566
2021-09-15,Modoc,049,8938,462,159,621,5
2021-09-15,Mono,051,14174,1498,18,1516,3
2021-09-15,Monterey,053,433212,47153,2495,49648,607
2021-09-15,Napa,055,140530,12205,78,12283,95
2021-09-15,Nevada,057,99092,8247,265,8512,93
2021-09-15,Orange,059,3164182,295683,13771,309454,5581
2021-09-15,Placer,061,380077,33664,3107,36771,382
2021-09-15,Plumas,063,18699,1240,22,1262,7
2021-09-15,Riverside,065,2383286,344873,15625,360498,5008
2021-09-15,Sacramento,067,1510023,146514,3632,150146,2105
2021-09-15,San Benito,069,59416,6930,139,7069,66
2021-09-15,San Bernardino,071,2135413,338050,10435,348485,5781
2021-09-15,San Diego,073,3302833,351134,20692,371826,4056
2021-09-15,San Francisco,075,870044,49840,2083,51923,643
2021-09-15,San Joaquin,077,732212,92850,4822,97672,1689
2021-09-15,San Luis Obispo,079,281455,27518,1057,28575,320
2021-09-15,San Mateo,081,765935,51577,760,52337,577
2021-09-15,Santa Barbara,083,443738,41641,1438,43079,504
2021-09-15,Santa Clara,085,1922200,140088,1067,141155,1856
2021-09-15,Santa Cruz,087,273765,19246,955,20201,215
2021-09-15,Shasta,089,179085,18020,2891,20911,271
2021-09-15,Sierra,091,2930,129,13,142,1
2021-09-15,Siskiyou,093,43540,2965,995,3960,42
2021-09-15,Solano,095,438530,43631,1098,44729,328
2021-09-15,Sonoma,097,501317,39030,473,39503,386
2021-09-15,Stanislaus,099,539301,71518,7974,79492,1175
2021-09-15,Sutter,101,95872,12857,228,13085,158
2021-09-15,Tehama,103,63373,7148,1136,8284,102
2021-09-15,Trinity,105,12862,704,185,889,13
2021-09-15,Tulare,107,460477,61102,12249,73351,997
2021-09-15,Tuolumne,109,53932,6098,73,6171,101
2021-09-15,Ventura,111,848112,94015,4052,98067,1137
2021-09-15,Yolo,113,214977,18380,810,19190,271
2021-09-15,Yuba,115,75493,9088,197,9285,73
2021-09-14,Alameda,001,1643700,113264,2524,115788,1410
2021-09-14,Alpine,002,1148,99,0,99,0
2021-09-14,Amador,005,37829,4888,47,4935,59
2021-09-14,Butte,007,227075,18212,3266,21478,253
2021-09-14,Calaveras,009,45235,3375,29,3404,70
2021-09-14,Colusa,011,21464,2390,523,2913,17
2021-09-14,Contra Costa,013,1133247,93936,1863,95799,965
2021-09-14,Del Norte,015,27424,3409,21,3430,35
2021-09-14,El Dorado,017,186661,14624,1472,16096,143
2021-09-14,Fresno,019,978130,125742,11212,136954,1974
2021-09-14,Glenn,021,27897,3136,897,4033,33
2021-09-14,Humboldt,023,135768,7928,376,8304,94
2021-09-14,Imperial,025,180216,31192,2917,34109,762
2021-09-14,Inyo,027,18085,1650,30,1680,39
2021-09-14,Kern,029,883053,115729,17521,133250,1543
2021-09-14,Kings,031,150075,28621,1588,30209,292
2021-09-14,Lake,033,64148,6005,115,6120,96
2021-09-14,Lassen,035,31185,6172,246,6418,26
2021-09-14,Los Angeles,037,10098052,1387835,50200,1438035,25873
2021-09-14,Madera,039,155013,20358,1588,21946,273
2021-09-14,Marin,041,260295,8307,316,8623,190
2021-09-14,Mariposa,043,17540,893,31,924,10
2021-09-14,Mendocino,045,87422,6590,295,6885,74
2021-09-14,Merced,047,269075,37916,1464,39380,564
2021-09-14,Modoc,049,8938,461,159,620,5
2021-09-14,Mono,051,14174,1494,18,1512,3
2021-09-14,Monterey,053,433212,47113,2484,49597,607
2021-09-14,Napa,055,140530,12172,77,12249,95
2021-09-14,Nevada,057,99092,8213,265,8478,93
2021-09-14,Orange,059,3164182,295289,13747,309036,5577
2021-09-14,Placer,061,380077,33533,3087,36620,378
2021-09-14,Plumas,063,18699,1225,22,1247,7
2021-09-14,Riverside,065,2383286,344232,15594,359826,4999
2021-09-14,Sacramento,067,1510023,146129,3583,149712,2098
2021-09-14,San Benito,069,59416,6920,139,7059,66
2021-09-14,San Bernardino,071,2135413,337553,10410,347963,5769
2021-09-14,San Diego,073,3302833,350474,20641,371115,4049
2021-09-14,San Francisco,075,870044,49706,2081,51787,642
2021-09-14,San Joaquin,077,732212,92611,4813,97424,1684
2021-09-14,San Luis Obispo,079,281455,27445,1052,28497,318
2021-09-14,San Mateo,081,765935,51479,757,52236,576
2021-09-14,Santa Barbara,083,443738,41545,1429,42974,500
2021-09-14,Santa Clara,085,1922200,139853,1063,140916,1855
2021-09-14,Santa Cruz,087,273765,19206,953,20159,215
2021-09-14,Shasta,089,179085,17889,2870,20759,269
2021-09-14,Sierra,091,2930,129,13,142,1
2021-09-14,Siskiyou,093,43540,2941,978,3919,42
2021-09-14,Solano,095,438530,43548,1095,44643,325
2021-09-14,Sonoma,097,501317,38961,469,39430,386
2021-09-14,Stanislaus,099,539301,71258,7946,79204,1170
2021-09-14,Sutter,101,95872,12815,221,13036,156
2021-09-14,Tehama,103,63373,7094,1128,8222,99
2021-09-14,Trinity,105,12862,698,184,882,12
2021-09-14,Tulare,107,460477,60849,12178,73027,995
2021-09-14,Tuolumne,109,53932,6077,71,6148,101
2021-09-14,Ventura,111,848112,93830,4035,97865,1134
2021-09-14,Yolo,113,214977,18336,805,19141,271
2021-09-14,Yuba,115,75493,9052,197,9249,73
2021-09-13,Alameda,001,1643700,113050,2519,115569,1407
2021-09-13,Alpine,002,1148,98,0,98,0
2021-09-13,Amador,005,37829,4870,47,4917,59
2021-09-13,Butte,007,227075,18088,3237,21325,253
2021-09-13,Calaveras,009,45235,3349,27,3376,70
2021-09-13,Colusa,011,21464,2381,519,2900,17
2021-09-13,Contra Costa,013,1133247,93690,1858,95548,960
2021-09-13,Del Norte,015,27424,3373,21,3394,35
2021-09-13,El Dorado,017,186661,14563,1464,16027,141
2021-09-13,Fresno,019,978130,125275,11146,136421,1973
2021-09-13,Glenn,021,27897,3122,891,4013,33
2021-09-13,Humboldt,023,135768,7895,373,8268,94
2021-09-13,Imperial,025,180216,31139,2914,34053,762
2021-09-13,Inyo,027,18085,1643,30,1673,39
2021-09-13,Kern,029,883053,115345,17399,132744,1540
2021-09-13,Kings,031,150075,28511,1576,30087,291
2021-09-13,Lake,033,64148,5983,115,6098,94
2021-09-13,Lassen,035,31185,6137,245,6382,26
2021-09-13,Los Angeles,037,10098052,1385970,50134,1436104,25853
2021-09-13,Madera,039,155013,20287,1573,21860,272
2021-09-13,Marin,041,260295,8271,315,8586,190
2021-09-13,Mariposa,043,17540,879,31,910,9
2021-09-13,Mendocino,045,87422,6555,286,6841,74
2021-09-13,Merced,047,269075,37766,1459,39225,563
2021-09-13,Modoc,049,8938,460,159,619,5
2021-09-13,Mono,051,14174,1488,18,1506,3
2021-09-13,Monterey,053,433212,47024,2471,49495,607
2021-09-13,Napa,055,140530,12154,77,12231,95
2021-09-13,Nevada,057,99092,8187,263,8450,93
2021-09-13,Orange,059,3164182,294855,13725,308580,5571
2021-09-13,Placer,061,380077,33368,3070,36438,376
2021-09-13,Plumas,063,18699,1216,22,1238,7
2021-09-13,Riverside,065,2383286,343586,15576,359162,4987
2021-09-13,Sacramento,067,1510023,145641,3549,149190,2092
2021-09-13,San Benito,069,59416,6904,138,7042,66
2021-09-13,San Bernardino,071,2135413,337062,10385,347447,5763
2021-09-13,San Diego,073,3302833,349687,20589,370276,4043
2021-09-13,San Francisco,075,870044,49576,2075,51651,641
2021-09-13,San Joaquin,077,732212,92326,4795,97121,1677
2021-09-13,San Luis Obispo,079,281455,27348,1049,28397,314
2021-09-13,San Mateo,081,765935,51387,752,52139,576
2021-09-13,Santa Barbara,083,443738,41426,1422,42848,500
2021-09-13,Santa Clara,085,1922200,139607,1058,140665,1851
2021-09-13,Santa Cruz,087,273765,19166,952,20118,214
2021-09-13,Shasta,089,179085,17759,2830,20589,266
2021-09-13,Sierra,091,2930,129,13,142,1
2021-09-13,Siskiyou,093,43540,2926,966,3892,41
2021-09-13,Solano,095,438530,43445,1092,44537,324
2021-09-13,Sonoma,097,501317,38894,466,39360,386
2021-09-13,Stanislaus,099,539301,71003,7910,78913,1164
2021-09-13,Sutter,101,95872,12757,217,12974,155
2021-09-13,Tehama,103,63373,7031,1116,8147,98
2021-09-13,Trinity,105,12862,696,182,878,12
2021-09-13,Tulare,107,460477,60565,12118,72683,987
2021-09-13,Tuolumne,109,53932,6047,71,6118,100
2021-09-13,Ventura,111,848112,93668,4028,97696,1133
2021-09-13,Yolo,113,214977,18292,799,19091,270
2021-09-13,Yuba,115,75493,9007,196,9203,73
2021-09-12,Alameda,001,1643700,112789,2516,115305,1405
2021-09-12,Alpine,002,1148,98,0,98,0
2021-09-12,Amador,005,37829,4849,47,4896,59
2021-09-12,Butte,007,227075,17943,3190,21133,251
2021-09-12,Calaveras,009,45235,3318,23,3341,70
2021-09-12,Colusa,011,21464,2378,518,2896,16
2021-09-12,Contra Costa,013,1133247,93421,1846,95267,957
2021-09-12,Del Norte,015,27424,3338,21,3359,34
2021-09-12,El Dorado,017,186661,14490,1448,15938,141
2021-09-12,Fresno,019,978130,124754,11089,135843,1966
2021-09-12,Glenn,021,27897,3105,885,3990,33
2021-09-12,Humboldt,023,135768,7825,362,8187,94
2021-09-12,Imperial,025,180216,31076,2909,33985,761
2021-09-12,Inyo,027,18085,1633,30,1663,39
2021-09-12,Kern,029,883053,114933,17240,132173,1533
2021-09-12,Kings,031,150075,28400,1559,29959,291
2021-09-12,Lake,033,64148,5943,113,6056,93
2021-09-12,Lassen,035,31185,6100,236,6336,26
2021-09-12,Los Angeles,037,10098052,1383911,50061,1433972,25833
2021-09-12,Madera,039,155013,20200,1561,21761,270
2021-09-12,Marin,041,260295,8248,315,8563,190
2021-09-12,Mariposa,043,17540,868,29,897,9
2021-09-12,Mendocino,045,87422,6515,277,6792,72
2021-09-12,Merced,047,269075,37594,1448,39042,563
2021-09-12,Modoc,049,8938,460,158,618,5
2021-09-12,Mono,051,14174,1481,18,1499,3
2021-09-12,Monterey,053,433212,46927,2461,49388,604
2021-09-12,Napa,055,140530,12124,77,12201,95
2021-09-12,Nevada,057,99092,8147,262,8409,92
2021-09-12,Orange,059,3164182,294391,13704,308095,5564
2021-09-12,Placer,061,380077,33218,3048,36266,374
2021-09-12,Plumas,063,18699,1197,22,1219,7
2021-09-12,Riverside,065,2383286,342902,15542,358444,4978
2021-09-12,Sacramento,067,1510023,145132,3510,148642,2076
2021-09-12,San Benito,069,59416,6885,137,7022,66
2021-09-12,San Bernardino,071,2135413,336451,10372,346823,5754
2021-09-12,San Diego,073,3302833,348877,20513,369390,4033
2021-09-12,San Francisco,075,870044,49464,2068,51532,641
2021-09-12,San Joaquin,077,732212,91997,4787,96784,1668
2021-09-12,San Luis Obispo,079,281455,27229,1036,28265,312
2021-09-12,San Mateo,081,765935,51276,748,52024,575
2021-09-12,Santa Barbara,083,443738,41315,1415,42730,498
2021-09-12,Santa Clara,085,1922200,139350,1055,140405,1848
2021-09-12,Santa Cruz,087,273765,19133,951,20084,214
2021-09-12,Shasta,089,179085,17594,2772,20366,263
2021-09-12,Sierra,091,2930,129,13,142,1
2021-09-12,Siskiyou,093,43540,2898,951,3849,41
2021-09-12,Solano,095,438530,43339,1089,44428,322
2021-09-12,Sonoma,097,501317,38814,464,39278,386
2021-09-12,Stanislaus,099,539301,70704,7871,78575,1158
2021-09-12,Sutter,101,95872,12715,211,12926,155
2021-09-12,Tehama,103,63373,6968,1104,8072,96
2021-09-12,Trinity,105,12862,692,180,872,12
2021-09-12,Tulare,107,460477,60211,12058,72269,986
2021-09-12,Tuolumne,109,53932,6014,71,6085,99
2021-09-12,Ventura,111,848112,93541,4022,97563,1129
2021-09-12,Yolo,113,214977,18226,791,19017,269
2021-09-12,Yuba,115,75493,8972,196,9168,73
2021-09-11,Alameda,001,1643700,112665,2514,115179,1401
2021-09-11,Alpine,002,1148,98,0,98,0
2021-09-11,Amador,005,37829,4836,46,4882,59
2021-09-11,Butte,007,227075,17860,3163,21023,250
2021-09-11,Calaveras,009,45235,3310,22,3332,70
2021-09-11,Colusa,011,21464,2377,515,2892,16
2021-09-11,Contra Costa,013,1133247,93302,1842,95144,954
2021-09-11,Del Norte,015,27424,3322,21,3343,34
2021-09-11,El Dorado,017,186661,14471,1441,15912,141
2021-09-11,Fresno,019,978130,124575,11064,135639,1959
2021-09-11,Glenn,021,27897,3095,882,3977,32
2021-09-11,Humboldt,023,135768,7803,359,8162,94
2021-09-11,Imperial,025,180216,31051,2906,33957,761
2021-09-11,Inyo,027,18085,1630,30,1660,39
2021-09-11,Kern,029,883053,114683,17126,131809,1527
2021-09-11,Kings,031,150075,28351,1553,29904,291
2021-09-11,Lake,033,64148,5922,113,6035,93
2021-09-11,Lassen,035,31185,6085,232,6317,26
2021-09-11,Los Angeles,037,10098052,1382937,49996,1432933,25813
2021-09-11,Madera,039,155013,20148,1556,21704,270
2021-09-11,Marin,041,260295,8219,314,8533,190
2021-09-11,Mariposa,043,17540,863,29,892,9
2021-09-11,Mendocino,045,87422,6490,277,6767,71
2021-09-11,Merced,047,269075,37540,1445,38985,562
2021-09-11,Modoc,049,8938,460,158,618,5
2021-09-11,Mono,051,14174,1475,18,1493,3
2021-09-11,Monterey,053,433212,46889,2458,49347,604
2021-09-11,Napa,055,140530,12101,77,12178,94
2021-09-11,Nevada,057,99092,8132,262,8394,92
2021-09-11,Orange,059,3164182,294086,13688,307774,5555
2021-09-11,Placer,061,380077,33134,3037,36171,370
2021-09-11,Plumas,063,18699,1190,22,1212,7
2021-09-11,Riverside,065,2383286,342464,15529,357993,4967
2021-09-11,Sacramento,067,1510023,144832,3498,148330,2072
2021-09-11,San Benito,069,59416,6872,137,7009,65
2021-09-11,San Bernardino,071,2135413,336108,10358,346466,5743
2021-09-11,San Diego,073,3302833,348393,20489,368882,4027
2021-09-11,San Francisco,075,870044,49408,2064,51472,639
2021-09-11,San Joaquin,077,732212,91854,4780,96634,1666
2021-09-11,San Luis Obispo,079,281455,27183,1035,28218,310
2021-09-11,San Mateo,081,765935,51204,747,51951,575
2021-09-11,Santa Barbara,083,443738,41242,1415,42657,498
2021-09-11,Santa Clara,085,1922200,139197,1052,140249,1844
2021-09-11,Santa Cruz,087,273765,19104,951,20055,214
2021-09-11,Shasta,089,179085,17500,2752,20252,259
2021-09-11,Sierra,091,2930,129,13,142,1
2021-09-11,Siskiyou,093,43540,2881,948,3829,41
2021-09-11,Solano,095,438530,43288,1086,44374,321
2021-09-11,Sonoma,097,501317,38767,462,39229,383
2021-09-11,Stanislaus,099,539301,70579,7858,78437,1156
2021-09-11,Sutter,101,95872,12689,208,12897,154
2021-09-11,Tehama,103,63373,6947,1096,8043,96
2021-09-11,Trinity,105,12862,685,180,865,12
2021-09-11,Tulare,107,460477,60099,12012,72111,981
2021-09-11,Tuolumne,109,53932,5995,68,6063,99
2021-09-11,Ventura,111,848112,93459,4017,97476,1127
2021-09-11,Yolo,113,214977,18201,788,18989,268
2021-09-11,Yuba,115,75493,8947,196,9143,73
2021-09-10,Alameda,001,1643700,112474,2513,114987,1399
2021-09-10,Alpine,002,1148,97,0,97,0
2021-09-10,Amador,005,37829,4824,46,4870,59
2021-09-10,Butte,007,227075,17786,3145,20931,248
2021-09-10,Calaveras,009,45235,3302,22,3324,70
2021-09-10,Colusa,011,21464,2373,512,2885,16
2021-09-10,Contra Costa,013,1133247,93179,1840,95019,951
2021-09-10,Del Norte,015,27424,3307,20,3327,34
2021-09-10,El Dorado,017,186661,14441,1437,15878,140
2021-09-10,Fresno,019,978130,124250,11037,135287,1950
2021-09-10,Glenn,021,27897,3088,881,3969,31
2021-09-10,Humboldt,023,135768,7771,355,8126,92
2021-09-10,Imperial,025,180216,31028,2904,33932,761
2021-09-10,Inyo,027,18085,1626,30,1656,39
2021-09-10,Kern,029,883053,114429,17010,131439,1521
2021-09-10,Kings,031,150075,28277,1546,29823,290
2021-09-10,Lake,033,64148,5906,111,6017,92
2021-09-10,Lassen,035,31185,6077,229,6306,25
2021-09-10,Los Angeles,037,10098052,1381731,49932,1431663,25789
2021-09-10,Madera,039,155013,20102,1549,21651,269
2021-09-10,Marin,041,260295,8199,311,8510,190
2021-09-10,Mariposa,043,17540,858,29,887,9
2021-09-10,Mendocino,045,87422,6458,276,6734,71
2021-09-10,Merced,047,269075,37488,1444,38932,559
2021-09-10,Modoc,049,8938,460,158,618,5
2021-09-10,Mono,051,14174,1470,18,1488,3
2021-09-10,Monterey,053,433212,46843,2456,49299,604
2021-09-10,Napa,055,140530,12076,77,12153,93
2021-09-10,Nevada,057,99092,8114,261,8375,92
2021-09-10,Orange,059,3164182,293779,13678,307457,5547
2021-09-10,Placer,061,380077,33032,3024,36056,366
2021-09-10,Plumas,063,18699,1182,22,1204,7
2021-09-10,Riverside,065,2383286,341991,15522,357513,4961
2021-09-10,Sacramento,067,1510023,144489,3490,147979,2068
2021-09-10,San Benito,069,59416,6868,137,7005,65
2021-09-10,San Bernardino,071,2135413,335690,10349,346039,5733
2021-09-10,San Diego,073,3302833,347846,20452,368298,4022
2021-09-10,San Francisco,075,870044,49329,2057,51386,636
2021-09-10,San Joaquin,077,732212,91674,4774,96448,1663
2021-09-10,San Luis Obispo,079,281455,27150,1033,28183,307
2021-09-10,San Mateo,081,765935,51136,746,51882,574
2021-09-10,Santa Barbara,083,443738,41189,1412,42601,497
2021-09-10,Santa Clara,085,1922200,139014,1051,140065,1839
2021-09-10,Santa Cruz,087,273765,19085,950,20035,214
2021-09-10,Shasta,089,179085,17406,2724,20130,258
2021-09-10,Sierra,091,2930,129,13,142,1
2021-09-10,Siskiyou,093,43540,2869,944,3813,41
2021-09-10,Solano,095,438530,43214,1079,44293,320
2021-09-10,Sonoma,097,501317,38709,461,39170,381
2021-09-10,Stanislaus,099,539301,70423,7834,78257,1149
2021-09-10,Sutter,101,95872,12655,208,12863,153
2021-09-10,Tehama,103,63373,6913,1090,8003,96
2021-09-10,Trinity,105,12862,681,180,861,12
2021-09-10,Tulare,107,460477,59951,11963,71914,978
2021-09-10,Tuolumne,109,53932,5975,68,6043,97
2021-09-10,Ventura,111,848112,93361,4013,97374,1126
2021-09-10,Yolo,113,214977,18175,784,18959,268
2021-09-10,Yuba,115,75493,8928,195,9123,73
2021-09-09,Alameda,001,1643700,112255,2509,114764,1397
2021-09-09,Alpine,002,1148,97,0,97,0
2021-09-09,Amador,005,37829,4803,45,4848,58
2021-09-09,Butte,007,227075,17639,3118,20757,245
2021-09-09,Calaveras,009,45235,3268,22,3290,70
2021-09-09,Colusa,011,21464,2366,511,2877,16
2021-09-09,Contra Costa,013,1133247,92969,1835,94804,944
2021-09-09,Del Norte,015,27424,3284,20,3304,33
2021-09-09,El Dorado,017,186661,14384,1427,15811,139
2021-09-09,Fresno,019,978130,123775,10991,134766,1943
2021-09-09,Glenn,021,27897,3076,877,3953,31
2021-09-09,Humboldt,023,135768,7721,349,8070,91
2021-09-09,Imperial,025,180216,30990,2901,33891,761
2021-09-09,Inyo,027,18085,1619,30,1649,39
2021-09-09,Kern,029,883053,114082,16854,130936,1513
2021-09-09,Kings,031,150075,28175,1535,29710,288
2021-09-09,Lake,033,64148,5882,109,5991,92
2021-09-09,Lassen,035,31185,6027,223,6250,25
2021-09-09,Los Angeles,037,10098052,1379864,49859,1429723,25762
2021-09-09,Madera,039,155013,20029,1536,21565,269
2021-09-09,Marin,041,260295,8176,308,8484,190
2021-09-09,Mariposa,043,17540,845,28,873,9
2021-09-09,Mendocino,045,87422,6424,267,6691,71
2021-09-09,Merced,047,269075,37334,1431,38765,555
2021-09-09,Modoc,049,8938,460,158,618,5
2021-09-09,Mono,051,14174,1460,18,1478,3
2021-09-09,Monterey,053,433212,46789,2445,49234,604
2021-09-09,Napa,055,140530,12044,77,12121,93
2021-09-09,Nevada,057,99092,8076,261,8337,90
2021-09-09,Orange,059,3164182,293370,13647,307017,5542
2021-09-09,Placer,061,380077,32914,3009,35923,364
2021-09-09,Plumas,063,18699,1171,22,1193,7
2021-09-09,Riverside,065,2383286,341352,15504,356856,4950
2021-09-09,Sacramento,067,1510023,144008,3445,147453,2057
2021-09-09,San Benito,069,59416,6858,136,6994,64
2021-09-09,San Bernardino,071,2135413,335116,10336,345452,5716
2021-09-09,San Diego,073,3302833,347132,20395,367527,4013
2021-09-09,San Francisco,075,870044,49215,2048,51263,634
2021-09-09,San Joaquin,077,732212,91400,4756,96156,1662
2021-09-09,San Luis Obispo,079,281455,27068,1030,28098,306
2021-09-09,San Mateo,081,765935,51015,743,51758,574
2021-09-09,Santa Barbara,083,443738,41082,1408,42490,496
2021-09-09,Santa Clara,085,1922200,138791,1046,139837,1838
2021-09-09,Santa Cruz,087,273765,19039,950,19989,214
2021-09-09,Shasta,089,179085,17260,2683,19943,257
2021-09-09,Sierra,091,2930,129,13,142,1
2021-09-09,Siskiyou,093,43540,2846,930,3776,39
2021-09-09,Solano,095,438530,43099,1075,44174,319
2021-09-09,Sonoma,097,501317,38641,460,39101,380
2021-09-09,Stanislaus,099,539301,70144,7802,77946,1143
2021-09-09,Sutter,101,95872,12600,206,12806,153
2021-09-09,Tehama,103,63373,6859,1085,7944,94
2021-09-09,Trinity,105,12862,675,178,853,12
2021-09-09,Tulare,107,460477,59711,11904,71615,973
2021-09-09,Tuolumne,109,53932,5947,67,6014,97
2021-09-09,Ventura,111,848112,93216,4004,97220,1122
2021-09-09,Yolo,113,214977,18118,782,18900,268
2021-09-09,Yuba,115,75493,8883,192,9075,70
2021-09-08,Alameda,001,1643700,112011,2507,114518,1397
2021-09-08,Alpine,002,1148,97,0,97,0
2021-09-08,Amador,005,37829,4791,45,4836,57
2021-09-08,Butte,007,227075,17505,3099,20604,243
2021-09-08,Calaveras,009,45235,3250,22,3272,70
2021-09-08,Colusa,011,21464,2364,511,2875,16
2021-09-08,Contra Costa,013,1133247,92689,1830,94519,943
2021-09-08,Del Norte,015,27424,3261,20,3281,30
2021-09-08,El Dorado,017,186661,14304,1407,15711,139
2021-09-08,Fresno,019,978130,123274,10928,134202,1938
2021-09-08,Glenn,021,27897,3061,868,3929,31
2021-09-08,Humboldt,023,135768,7676,341,8017,89
2021-09-08,Imperial,025,180216,30957,2888,33845,761
2021-09-08,Inyo,027,18085,1608,30,1638,39
2021-09-08,Kern,029,883053,113685,16716,130401,1506
2021-09-08,Kings,031,150075,28046,1521,29567,286
2021-09-08,Lake,033,64148,5851,107,5958,92
2021-09-08,Lassen,035,31185,6009,216,6225,25
2021-09-08,Los Angeles,037,10098052,1377791,49774,1427565,25730
2021-09-08,Madera,039,155013,19968,1523,21491,268
2021-09-08,Marin,041,260295,8148,307,8455,190
2021-09-08,Mariposa,043,17540,833,27,860,9
2021-09-08,Mendocino,045,87422,6380,258,6638,70
2021-09-08,Merced,047,269075,37173,1419,38592,552
2021-09-08,Modoc,049,8938,460,158,618,5
2021-09-08,Mono,051,14174,1454,18,1472,3
2021-09-08,Monterey,053,433212,46740,2439,49179,603
2021-09-08,Napa,055,140530,12009,75,12084,93
2021-09-08,Nevada,057,99092,8041,260,8301,90
2021-09-08,Orange,059,3164182,292960,13624,306584,5531
2021-09-08,Placer,061,380077,32777,2992,35769,364
2021-09-08,Plumas,063,18699,1164,22,1186,7
2021-09-08,Riverside,065,2383286,340593,15479,356072,4941
2021-09-08,Sacramento,067,1510023,143529,3397,146926,2052
2021-09-08,San Benito,069,59416,6840,136,6976,64
2021-09-08,San Bernardino,071,2135413,334509,10319,344828,5700
2021-09-08,San Diego,073,3302833,346215,20344,366559,4010
2021-09-08,San Francisco,075,870044,49076,2044,51120,631
2021-09-08,San Joaquin,077,732212,91120,4732,95852,1655
2021-09-08,San Luis Obispo,079,281455,26974,1025,27999,304
2021-09-08,San Mateo,081,765935,50910,743,51653,573
2021-09-08,Santa Barbara,083,443738,40970,1404,42374,496
2021-09-08,Santa Clara,085,1922200,138558,1042,139600,1831
2021-09-08,Santa Cruz,087,273765,19002,950,19952,214
2021-09-08,Shasta,089,179085,17105,2636,19741,257
2021-09-08,Sierra,091,2930,129,13,142,1
2021-09-08,Siskiyou,093,43540,2813,919,3732,37
2021-09-08,Solano,095,438530,43004,1073,44077,318
2021-09-08,Sonoma,097,501317,38557,459,39016,379
2021-09-08,Stanislaus,099,539301,69912,7763,77675,1139
2021-09-08,Sutter,101,95872,12535,203,12738,152
2021-09-08,Tehama,103,63373,6792,1067,7859,93
2021-09-08,Trinity,105,12862,672,174,846,12
2021-09-08,Tulare,107,460477,59388,11847,71235,969
2021-09-08,Tuolumne,109,53932,5915,65,5980,97
2021-09-08,Ventura,111,848112,93064,3986,97050,1118
2021-09-08,Yolo,113,214977,18037,778,18815,268
2021-09-08,Yuba,115,75493,8841,190,9031,70
2021-09-07,Alameda,001,1643700,111711,2500,114211,1393
2021-09-07,Alpine,002,1148,96,0,96,0
2021-09-07,Amador,005,37829,4764,45,4809,57
2021-09-07,Butte,007,227075,17349,3063,20412,241
2021-09-07,Calaveras,009,45235,3209,20,3229,70
2021-09-07,Colusa,011,21464,2354,509,2863,16
2021-09-07,Contra Costa,013,1133247,92422,1824,94246,940
2021-09-07,Del Norte,015,27424,3247,20,3267,30
2021-09-07,El Dorado,017,186661,14232,1392,15624,137
2021-09-07,Fresno,019,978130,122716,10835,133551,1928
2021-09-07,Glenn,021,27897,3049,862,3911,31
2021-09-07,Humboldt,023,135768,7616,324,7940,85
2021-09-07,Imperial,025,180216,30917,2880,33797,761
2021-09-07,Inyo,027,18085,1602,29,1631,39
2021-09-07,Kern,029,883053,113253,16558,129811,1502
2021-09-07,Kings,031,150075,27922,1503,29425,282
2021-09-07,Lake,033,64148,5808,99,5907,91
2021-09-07,Lassen,035,31185,5991,210,6201,25
2021-09-07,Los Angeles,037,10098052,1375560,49683,1425243,25705
2021-09-07,Madera,039,155013,19881,1515,21396,267
2021-09-07,Marin,041,260295,8109,307,8416,189
2021-09-07,Mariposa,043,17540,817,27,844,9
2021-09-07,Mendocino,045,87422,6320,248,6568,69
2021-09-07,Merced,047,269075,36998,1413,38411,551
2021-09-07,Modoc,049,8938,458,158,616,5
2021-09-07,Mono,051,14174,1445,18,1463,3
2021-09-07,Monterey,053,433212,46657,2427,49084,603
2021-09-07,Napa,055,140530,11968,75,12043,93
2021-09-07,Nevada,057,99092,8014,260,8274,90
2021-09-07,Orange,059,3164182,292528,13594,306122,5526
2021-09-07,Placer,061,380077,32624,2964,35588,363
2021-09-07,Plumas,063,18699,1149,22,1171,7
2021-09-07,Riverside,065,2383286,339805,15460,355265,4930
2021-09-07,Sacramento,067,1510023,142990,3350,146340,2043
2021-09-07,San Benito,069,59416,6822,136,6958,64
2021-09-07,San Bernardino,071,2135413,333757,10294,344051,5690
2021-09-07,San Diego,073,3302833,345217,20278,365495,4003
2021-09-07,San Francisco,075,870044,48936,2039,50975,629
2021-09-07,San Joaquin,077,732212,90784,4718,95502,1646
2021-09-07,San Luis Obispo,079,281455,26857,1016,27873,303
2021-09-07,San Mateo,081,765935,50814,742,51556,572
2021-09-07,Santa Barbara,083,443738,40844,1399,42243,495
2021-09-07,Santa Clara,085,1922200,138269,1037,139306,1827
2021-09-07,Santa Cruz,087,273765,18953,948,19901,214
2021-09-07,Shasta,089,179085,16949,2584,19533,256
2021-09-07,Sierra,091,2930,129,13,142,1
2021-09-07,Siskiyou,093,43540,2787,902,3689,37
2021-09-07,Solano,095,438530,42874,1069,43943,316
2021-09-07,Sonoma,097,501317,38473,457,38930,378
2021-09-07,Stanislaus,099,539301,69641,7736,77377,1135
2021-09-07,Sutter,101,95872,12461,197,12658,152
2021-09-07,Tehama,103,63373,6740,1047,7787,92
2021-09-07,Trinity,105,12862,666,174,840,12
2021-09-07,Tulare,107,460477,59038,11767,70805,967
2021-09-07,Tuolumne,109,53932,5878,65,5943,97
2021-09-07,Ventura,111,848112,92853,3976,96829,1118
2021-09-07,Yolo,113,214977,17967,776,18743,268
2021-09-07,Yuba,115,75493,8798,185,8983,68
2021-09-06,Alameda,001,1643700,111398,2492,113890,1393
2021-09-06,Alpine,002,1148,94,0,94,0
2021-09-06,Amador,005,37829,4748,44,4792,57
2021-09-06,Butte,007,227075,17158,3019,20177,239
2021-09-06,Calaveras,009,45235,3187,20,3207,70
2021-09-06,Colusa,011,21464,2347,505,2852,16
2021-09-06,Contra Costa,013,1133247,92126,1814,93940,937
2021-09-06,Del Norte,015,27424,3206,19,3225,30
2021-09-06,El Dorado,017,186661,14163,1376,15539,136
2021-09-06,Fresno,019,978130,122139,10759,132898,1919
2021-09-06,Glenn,021,27897,3020,854,3874,31
2021-09-06,Humboldt,023,135768,7540,306,7846,83
2021-09-06,Imperial,025,180216,30855,2874,33729,761
2021-09-06,Inyo,027,18085,1593,17,1610,39
2021-09-06,Kern,029,883053,112740,16370,129110,1497
2021-09-06,Kings,031,150075,27779,1488,29267,282
2021-09-06,Lake,033,64148,5744,92,5836,91
2021-09-06,Lassen,035,31185,5965,200,6165,25
2021-09-06,Los Angeles,037,10098052,1373181,49571,1422752,25673
2021-09-06,Madera,039,155013,19778,1492,21270,267
2021-09-06,Marin,041,260295,8069,307,8376,189
2021-09-06,Mariposa,043,17540,805,27,832,9
2021-09-06,Mendocino,045,87422,6250,235,6485,69
2021-09-06,Merced,047,269075,36783,1399,38182,548
2021-09-06,Modoc,049,8938,455,158,613,5
2021-09-06,Mono,051,14174,1441,18,1459,3
2021-09-06,Monterey,053,433212,46563,2411,48974,601
2021-09-06,Napa,055,140530,11925,74,11999,93
2021-09-06,Nevada,057,99092,7966,258,8224,89
2021-09-06,Orange,059,3164182,292034,13541,305575,5522
2021-09-06,Placer,061,380077,32448,2926,35374,363
2021-09-06,Plumas,063,18699,1128,19,1147,7
2021-09-06,Riverside,065,2383286,338989,15440,354429,4926
2021-09-06,Sacramento,067,1510023,142353,3282,145635,2034
2021-09-06,San Benito,069,59416,6799,133,6932,64
2021-09-06,San Bernardino,071,2135413,332867,10263,343130,5677
2021-09-06,San Diego,073,3302833,344218,20181,364399,3993
2021-09-06,San Francisco,075,870044,48802,2034,50836,626
2021-09-06,San Joaquin,077,732212,90440,4692,95132,1641
2021-09-06,San Luis Obispo,079,281455,26728,1012,27740,300
2021-09-06,San Mateo,081,765935,50684,740,51424,570
2021-09-06,Santa Barbara,083,443738,40713,1390,42103,494
2021-09-06,Santa Clara,085,1922200,137977,1035,139012,1825
2021-09-06,Santa Cruz,087,273765,18905,945,19850,214
2021-09-06,Shasta,089,179085,16768,2530,19298,254
2021-09-06,Sierra,091,2930,129,13,142,0
2021-09-06,Siskiyou,093,43540,2743,868,3611,37
2021-09-06,Solano,095,438530,42726,1063,43789,316
2021-09-06,Sonoma,097,501317,38352,456,38808,377
2021-09-06,Stanislaus,099,539301,69299,7692,76991,1130
2021-09-06,Sutter,101,95872,12399,188,12587,152
2021-09-06,Tehama,103,63373,6678,1020,7698,90
2021-09-06,Trinity,105,12862,663,172,835,10
2021-09-06,Tulare,107,460477,58677,11687,70364,966
2021-09-06,Tuolumne,109,53932,5842,65,5907,96
2021-09-06,Ventura,111,848112,92676,3964,96640,1114
2021-09-06,Yolo,113,214977,17880,771,18651,268
2021-09-06,Yuba,115,75493,8748,181,8929,68
2021-09-05,Alameda,001,1643700,111205,2489,113694,1390
2021-09-05,Alpine,002,1148,94,0,94,0
2021-09-05,Amador,005,37829,4736,44,4780,57
2021-09-05,Butte,007,227075,17068,2990,20058,237
2021-09-05,Calaveras,009,45235,3181,20,3201,69
2021-09-05,Colusa,011,21464,2339,503,2842,16
2021-09-05,Contra Costa,013,1133247,91941,1809,93750,934
2021-09-05,Del Norte,015,27424,3186,19,3205,30
2021-09-05,El Dorado,017,186661,14134,1363,15497,134
2021-09-05,Fresno,019,978130,121841,10718,132559,1915
2021-09-05,Glenn,021,27897,3006,852,3858,31
2021-09-05,Humboldt,023,135768,7507,303,7810,80
2021-09-05,Imperial,025,180216,30826,2872,33698,760
2021-09-05,Inyo,027,18085,1590,17,1607,39
2021-09-05,Kern,029,883053,112441,16211,128652,1491
2021-09-05,Kings,031,150075,27702,1484,29186,277
2021-09-05,Lake,033,64148,5724,92,5816,90
2021-09-05,Lassen,035,31185,5943,196,6139,25
2021-09-05,Los Angeles,037,10098052,1371883,49504,1421387,25642
2021-09-05,Madera,039,155013,19737,1481,21218,267
2021-09-05,Marin,041,260295,8050,306,8356,189
2021-09-05,Mariposa,043,17540,801,27,828,9
2021-09-05,Mendocino,045,87422,6216,235,6451,69
2021-09-05,Merced,047,269075,36708,1397,38105,546
2021-09-05,Modoc,049,8938,455,158,613,5
2021-09-05,Mono,051,14174,1441,18,1459,3
2021-09-05,Monterey,053,433212,46534,2402,48936,600
2021-09-05,Napa,055,140530,11900,74,11974,92
2021-09-05,Nevada,057,99092,7944,257,8201,88
2021-09-05,Orange,059,3164182,291745,13524,305269,5511
2021-09-05,Placer,061,380077,32321,2912,35233,361
2021-09-05,Plumas,063,18699,1121,19,1140,7
2021-09-05,Riverside,065,2383286,338535,15428,353963,4920
2021-09-05,Sacramento,067,1510023,141915,3264,145179,2028
2021-09-05,San Benito,069,59416,6798,133,6931,64
2021-09-05,San Bernardino,071,2135413,332483,10247,342730,5663
2021-09-05,San Diego,073,3302833,343666,20140,363806,3989
2021-09-05,San Francisco,075,870044,48723,2030,50753,625
2021-09-05,San Joaquin,077,732212,90274,4675,94949,1631
2021-09-05,San Luis Obispo,079,281455,26678,1011,27689,300
2021-09-05,San Mateo,081,765935,50616,736,51352,570
2021-09-05,Santa Barbara,083,443738,40646,1388,42034,492
2021-09-05,Santa Clara,085,1922200,137767,1033,138800,1822
2021-09-05,Santa Cruz,087,273765,18885,943,19828,214
2021-09-05,Shasta,089,179085,16686,2504,19190,250
2021-09-05,Sierra,091,2930,128,13,141,0
2021-09-05,Siskiyou,093,43540,2726,854,3580,36
2021-09-05,Solano,095,438530,42631,1058,43689,316
2021-09-05,Sonoma,097,501317,38267,455,38722,377
2021-09-05,Stanislaus,099,539301,69159,7668,76827,1127
2021-09-05,Sutter,101,95872,12369,182,12551,150
2021-09-05,Tehama,103,63373,6651,1014,7665,90
2021-09-05,Trinity,105,12862,657,171,828,10
2021-09-05,Tulare,107,460477,58508,11643,70151,964
2021-09-05,Tuolumne,109,53932,5830,65,5895,96
2021-09-05,Ventura,111,848112,92540,3960,96500,1111
2021-09-05,Yolo,113,214977,17843,765,18608,268
2021-09-05,Yuba,115,75493,8722,179,8901,68
2021-09-04,Alameda,001,1643700,111082,2482,113564,1387
2021-09-04,Alpine,002,1148,94,0,94,0
2021-09-04,Amador,005,37829,4718,43,4761,57
2021-09-04,Butte,007,227075,17010,2975,19985,236
2021-09-04,Calaveras,009,45235,3169,19,3188,69
2021-09-04,Colusa,011,21464,2337,503,2840,16
2021-09-04,Contra Costa,013,1133247,91824,1806,93630,929
2021-09-04,Del Norte,015,27424,3175,19,3194,30
2021-09-04,El Dorado,017,186661,14108,1355,15463,134
2021-09-04,Fresno,019,978130,121645,10697,132342,1910
2021-09-04,Glenn,021,27897,2996,846,3842,31
2021-09-04,Humboldt,023,135768,7476,297,7773,79
2021-09-04,Imperial,025,180216,30803,2870,33673,760
2021-09-04,Inyo,027,18085,1588,17,1605,39
2021-09-04,Kern,029,883053,112198,16081,128279,1488
2021-09-04,Kings,031,150075,27615,1478,29093,274
2021-09-04,Lake,033,64148,5706,92,5798,88
2021-09-04,Lassen,035,31185,5928,188,6116,25
2021-09-04,Los Angeles,037,10098052,1370924,49448,1420372,25605
2021-09-04,Madera,039,155013,19704,1474,21178,266
2021-09-04,Marin,041,260295,8034,305,8339,189
2021-09-04,Mariposa,043,17540,796,27,823,9
2021-09-04,Mendocino,045,87422,6180,235,6415,69
2021-09-04,Merced,047,269075,36664,1392,38056,543
2021-09-04,Modoc,049,8938,455,158,613,5
2021-09-04,Mono,051,14174,1438,18,1456,3
2021-09-04,Monterey,053,433212,46503,2398,48901,599
2021-09-04,Napa,055,140530,11875,72,11947,91
2021-09-04,Nevada,057,99092,7929,256,8185,88
2021-09-04,Orange,059,3164182,291482,13503,304985,5499
2021-09-04,Placer,061,380077,32218,2895,35113,357
2021-09-04,Plumas,063,18699,1113,19,1132,7
2021-09-04,Riverside,065,2383286,338065,15416,353481,4911
2021-09-04,Sacramento,067,1510023,141621,3256,144877,2023
2021-09-04,San Benito,069,59416,6789,133,6922,63
2021-09-04,San Bernardino,071,2135413,332149,10233,342382,5660
2021-09-04,San Diego,073,3302833,343231,20118,363349,3980
2021-09-04,San Francisco,075,870044,48648,2022,50670,623
2021-09-04,San Joaquin,077,732212,90159,4667,94826,1621
2021-09-04,San Luis Obispo,079,281455,26646,1011,27657,298
2021-09-04,San Mateo,081,765935,50562,736,51298,568
2021-09-04,Santa Barbara,083,443738,40580,1386,41966,492
2021-09-04,Santa Clara,085,1922200,137582,1030,138612,1819
2021-09-04,Santa Cruz,087,273765,18867,939,19806,214
2021-09-04,Shasta,089,179085,16609,2478,19087,244
2021-09-04,Sierra,091,2930,126,13,139,0
2021-09-04,Siskiyou,093,43540,2700,843,3543,36
2021-09-04,Solano,095,438530,42558,1056,43614,316
2021-09-04,Sonoma,097,501317,38234,455,38689,376
2021-09-04,Stanislaus,099,539301,69012,7643,76655,1117
2021-09-04,Sutter,101,95872,12328,181,12509,148
2021-09-04,Tehama,103,63373,6626,996,7622,89
2021-09-04,Trinity,105,12862,655,171,826,10
2021-09-04,Tulare,107,460477,58400,11600,70000,961
2021-09-04,Tuolumne,109,53932,5811,63,5874,96
2021-09-04,Ventura,111,848112,92405,3957,96362,1111
2021-09-04,Yolo,113,214977,17807,761,18568,268
2021-09-04,Yuba,115,75493,8693,178,8871,68
2021-09-03,Alameda,001,1643700,110922,2480,113402,1383
2021-09-03,Alpine,002,1148,94,0,94,0
2021-09-03,Amador,005,37829,4696,43,4739,56
2021-09-03,Butte,007,227075,16919,2949,19868,235
2021-09-03,Calaveras,009,45235,3159,19,3178,69
2021-09-03,Colusa,011,21464,2332,502,2834,16
2021-09-03,Contra Costa,013,1133247,91672,1803,93475,927
2021-09-03,Del Norte,015,27424,3147,18,3165,28
2021-09-03,El Dorado,017,186661,14075,1351,15426,133
2021-09-03,Fresno,019,978130,121308,10675,131983,1907
2021-09-03,Glenn,021,27897,2987,838,3825,31
2021-09-03,Humboldt,023,135768,7451,292,7743,77
2021-09-03,Imperial,025,180216,30779,2865,33644,758
2021-09-03,Inyo,027,18085,1583,17,1600,39
2021-09-03,Kern,029,883053,111982,15970,127952,1484
2021-09-03,Kings,031,150075,27531,1475,29006,274
2021-09-03,Lake,033,64148,5686,90,5776,87
2021-09-03,Lassen,035,31185,5911,184,6095,25
2021-09-03,Los Angeles,037,10098052,1369592,49383,1418975,25577
2021-09-03,Madera,039,155013,19619,1468,21087,265
2021-09-03,Marin,041,260295,8012,304,8316,189
2021-09-03,Mariposa,043,17540,789,25,814,9
2021-09-03,Mendocino,045,87422,6145,235,6380,67
2021-09-03,Merced,047,269075,36610,1383,37993,543
2021-09-03,Modoc,049,8938,455,158,613,5
2021-09-03,Mono,051,14174,1437,18,1455,3
2021-09-03,Monterey,053,433212,46465,2394,48859,599
2021-09-03,Napa,055,140530,11854,72,11926,90
2021-09-03,Nevada,057,99092,7895,256,8151,87
2021-09-03,Orange,059,3164182,291163,13476,304639,5493
2021-09-03,Placer,061,380077,32111,2871,34982,355
2021-09-03,Plumas,063,18699,1102,19,1121,7
2021-09-03,Riverside,065,2383286,337533,15400,352933,4898
2021-09-03,Sacramento,067,1510023,141257,3238,144495,2017
2021-09-03,San Benito,069,59416,6783,133,6916,63
2021-09-03,San Bernardino,071,2135413,331732,10223,341955,5649
2021-09-03,San Diego,073,3302833,342611,20085,362696,3975
2021-09-03,San Francisco,075,870044,48572,2016,50588,620
2021-09-03,San Joaquin,077,732212,90006,4659,94665,1620
2021-09-03,San Luis Obispo,079,281455,26571,1009,27580,297
2021-09-03,San Mateo,081,765935,50467,734,51201,568
2021-09-03,Santa Barbara,083,443738,40512,1383,41895,492
2021-09-03,Santa Clara,085,1922200,137378,1026,138404,1818
2021-09-03,Santa Cruz,087,273765,18842,939,19781,214
2021-09-03,Shasta,089,179085,16534,2454,18988,242
2021-09-03,Sierra,091,2930,124,13,137,0
2021-09-03,Siskiyou,093,43540,2688,830,3518,36
2021-09-03,Solano,095,438530,42462,1053,43515,316
2021-09-03,Sonoma,097,501317,38171,455,38626,376
2021-09-03,Stanislaus,099,539301,68836,7617,76453,1115
2021-09-03,Sutter,101,95872,12289,180,12469,145
2021-09-03,Tehama,103,63373,6587,989,7576,89
2021-09-03,Trinity,105,12862,653,167,820,10
2021-09-03,Tulare,107,460477,58274,11548,69822,958
2021-09-03,Tuolumne,109,53932,5769,63,5832,95
2021-09-03,Ventura,111,848112,92271,3953,96224,1109
2021-09-03,Yolo,113,214977,17783,757,18540,268
2021-09-03,Yuba,115,75493,8662,178,8840,68
2021-09-02,Alameda,001,1643700,110664,2477,113141,1381
2021-09-02,Alpine,002,1148,93,0,93,0
2021-09-02,Amador,005,37829,4680,43,4723,55
2021-09-02,Butte,007,227075,16792,2930,19722,232
2021-09-02,Calaveras,009,45235,3146,19,3165,69
2021-09-02,Colusa,011,21464,2328,502,2830,16
2021-09-02,Contra Costa,013,1133247,91488,1792,93280,924
2021-09-02,Del Norte,015,27424,3116,18,3134,28
2021-09-02,El Dorado,017,186661,14017,1326,15343,133
2021-09-02,Fresno,019,978130,120822,10620,131442,1900
2021-09-02,Glenn,021,27897,2971,832,3803,31
2021-09-02,Humboldt,023,135768,7404,281,7685,77
2021-09-02,Imperial,025,180216,30735,2860,33595,757
2021-09-02,Inyo,027,18085,1578,16,1594,39
2021-09-02,Kern,029,883053,111569,15826,127395,1480
2021-09-02,Kings,031,150075,27438,1465,28903,273
2021-09-02,Lake,033,64148,5656,86,5742,85
2021-09-02,Lassen,035,31185,5897,177,6074,24
2021-09-02,Los Angeles,037,10098052,1367735,49291,1417026,25544
2021-09-02,Madera,039,155013,19528,1450,20978,264
2021-09-02,Marin,041,260295,7999,302,8301,189
2021-09-02,Mariposa,043,17540,782,22,804,9
2021-09-02,Mendocino,045,87422,6103,232,6335,66
2021-09-02,Merced,047,269075,36447,1376,37823,541
2021-09-02,Modoc,049,8938,455,158,613,5
2021-09-02,Mono,051,14174,1437,18,1455,3
2021-09-02,Monterey,053,433212,46399,2379,48778,599
2021-09-02,Napa,055,140530,11825,72,11897,90
2021-09-02,Nevada,057,99092,7843,255,8098,87
2021-09-02,Orange,059,3164182,290703,13442,304145,5484
2021-09-02,Placer,061,380077,31973,2842,34815,353
2021-09-02,Plumas,063,18699,1091,18,1109,7
2021-09-02,Riverside,065,2383286,336817,15376,352193,4885
2021-09-02,Sacramento,067,1510023,140674,3198,143872,2010
2021-09-02,San Benito,069,59416,6778,132,6910,63
2021-09-02,San Bernardino,071,2135413,331122,10150,341272,5634
2021-09-02,San Diego,073,3302833,341653,20032,361685,3965
2021-09-02,San Francisco,075,870044,48462,2012,50474,619
2021-09-02,San Joaquin,077,732212,89722,4635,94357,1616
2021-09-02,San Luis Obispo,079,281455,26486,1004,27490,297
2021-09-02,San Mateo,081,765935,50366,732,51098,568
2021-09-02,Santa Barbara,083,443738,40422,1370,41792,492
2021-09-02,Santa Clara,085,1922200,137077,1020,138097,1815
2021-09-02,Santa Cruz,087,273765,18808,936,19744,213
2021-09-02,Shasta,089,179085,16396,2425,18821,240
2021-09-02,Sierra,091,2930,124,13,137,0
2021-09-02,Siskiyou,093,43540,2667,802,3469,36
2021-09-02,Solano,095,438530,42356,1050,43406,314
2021-09-02,Sonoma,097,501317,38090,455,38545,376
2021-09-02,Stanislaus,099,539301,68596,7597,76193,1109
2021-09-02,Sutter,101,95872,12220,176,12396,142
2021-09-02,Tehama,103,63373,6529,970,7499,87
2021-09-02,Trinity,105,12862,649,165,814,10
2021-09-02,Tulare,107,460477,58043,11494,69537,956
2021-09-02,Tuolumne,109,53932,5712,63,5775,94
2021-09-02,Ventura,111,848112,92088,3948,96036,1109
2021-09-02,Yolo,113,214977,17708,751,18459,267
2021-09-02,Yuba,115,75493,8602,178,8780,68
2021-09-01,Alameda,001,1643700,110396,2472,112868,1377
2021-09-01,Alpine,002,1148,93,0,93,0
2021-09-01,Amador,005,37829,4664,42,4706,55
2021-09-01,Butte,007,227075,16676,2901,19577,232
2021-09-01,Calaveras,009,45235,3134,19,3153,69
2021-09-01,Colusa,011,21464,2323,501,2824,16
2021-09-01,Contra Costa,013,1133247,91252,1785,93037,923
2021-09-01,Del Norte,015,27424,3083,18,3101,28
2021-09-01,El Dorado,017,186661,13961,1297,15258,133
2021-09-01,Fresno,019,978130,120333,10550,130883,1893
2021-09-01,Glenn,021,27897,2946,824,3770,30
2021-09-01,Humboldt,023,135768,7357,274,7631,77
2021-09-01,Imperial,025,180216,30697,2855,33552,756
2021-09-01,Inyo,027,18085,1574,15,1589,39
2021-09-01,Kern,029,883053,111139,15688,126827,1472
2021-09-01,Kings,031,150075,27325,1454,28779,272
2021-09-01,Lake,033,64148,5615,81,5696,85
2021-09-01,Lassen,035,31185,5875,173,6048,22
2021-09-01,Los Angeles,037,10098052,1365469,49191,1414660,25498
2021-09-01,Madera,039,155013,19450,1435,20885,264
2021-09-01,Marin,041,260295,7977,297,8274,189
2021-09-01,Mariposa,043,17540,774,22,796,9
2021-09-01,Mendocino,045,87422,6060,227,6287,66
2021-09-01,Merced,047,269075,36269,1366,37635,540
2021-09-01,Modoc,049,8938,449,156,605,5
2021-09-01,Mono,051,14174,1437,18,1455,3
2021-09-01,Monterey,053,433212,46319,2364,48683,598
2021-09-01,Napa,055,140530,11792,72,11864,90
2021-09-01,Nevada,057,99092,7790,254,8044,85
2021-09-01,Orange,059,3164182,290227,13404,303631,5477
2021-09-01,Placer,061,380077,31817,2828,34645,350
2021-09-01,Plumas,063,18699,1083,18,1101,7
2021-09-01,Riverside,065,2383286,336005,15346,351351,4872
2021-09-01,Sacramento,067,1510023,140065,3153,143218,2002
2021-09-01,San Benito,069,59416,6761,132,6893,63
2021-09-01,San Bernardino,071,2135413,330476,10121,340597,5628
2021-09-01,San Diego,073,3302833,340631,19976,360607,3957
2021-09-01,San Francisco,075,870044,48354,2005,50359,619
2021-09-01,San Joaquin,077,732212,89400,4612,94012,1610
2021-09-01,San Luis Obispo,079,281455,26390,999,27389,294
2021-09-01,San Mateo,081,765935,50247,727,50974,567
2021-09-01,Santa Barbara,083,443738,40304,1354,41658,491
2021-09-01,Santa Clara,085,1922200,136809,1014,137823,1811
2021-09-01,Santa Cruz,087,273765,18761,934,19695,212
2021-09-01,Shasta,089,179085,16264,2385,18649,239
2021-09-01,Sierra,091,2930,123,13,136,0
2021-09-01,Siskiyou,093,43540,2637,782,3419,36
2021-09-01,Solano,095,438530,42205,1044,43249,314
2021-09-01,Sonoma,097,501317,37996,454,38450,374
2021-09-01,Stanislaus,099,539301,68311,7566,75877,1103
2021-09-01,Sutter,101,95872,12156,169,12325,142
2021-09-01,Tehama,103,63373,6495,953,7448,86
2021-09-01,Trinity,105,12862,648,162,810,9
2021-09-01,Tulare,107,460477,57760,11457,69217,952
2021-09-01,Tuolumne,109,53932,5673,63,5736,92
2021-09-01,Ventura,111,848112,91873,3932,95805,1107
2021-09-01,Yolo,113,214977,17648,749,18397,267
2021-09-01,Yuba,115,75493,8540,178,8718,67
2021-08-31,Alameda,001,1643700,110102,2466,112568,1372
2021-08-31,Alpine,002,1148,91,0,91,0
2021-08-31,Amador,005,37829,4643,42,4685,55
2021-08-31,Butte,007,227075,16534,2858,19392,232
2021-08-31,Calaveras,009,45235,3094,19,3113,67
2021-08-31,Colusa,011,21464,2321,499,2820,16
2021-08-31,Contra Costa,013,1133247,90957,1773,92730,919
2021-08-31,Del Norte,015,27424,3047,18,3065,26
2021-08-31,El Dorado,017,186661,13890,1279,15169,131
2021-08-31,Fresno,019,978130,119752,10471,130223,1883
2021-08-31,Glenn,021,27897,2930,814,3744,30
2021-08-31,Humboldt,023,135768,7282,261,7543,76
2021-08-31,Imperial,025,180216,30660,2847,33507,756
2021-08-31,Inyo,027,18085,1570,15,1585,39
2021-08-31,Kern,029,883053,110637,15509,126146,1470
2021-08-31,Kings,031,150075,27184,1440,28624,271
2021-08-31,Lake,033,64148,5571,80,5651,85
2021-08-31,Lassen,035,31185,5849,170,6019,22
2021-08-31,Los Angeles,037,10098052,1362874,49115,1411989,25467
2021-08-31,Madera,039,155013,19360,1418,20778,264
2021-08-31,Marin,041,260295,7948,294,8242,189
2021-08-31,Mariposa,043,17540,766,22,788,9
2021-08-31,Mendocino,045,87422,6018,226,6244,66
2021-08-31,Merced,047,269075,36099,1361,37460,538
2021-08-31,Modoc,049,8938,448,156,604,5
2021-08-31,Mono,051,14174,1425,18,1443,3
2021-08-31,Monterey,053,433212,46235,2351,48586,598
2021-08-31,Napa,055,140530,11744,72,11816,89
2021-08-31,Nevada,057,99092,7724,254,7978,85
2021-08-31,Orange,059,3164182,289627,13372,302999,5468
2021-08-31,Placer,061,380077,31628,2791,34419,346
2021-08-31,Plumas,063,18699,1079,17,1096,6
2021-08-31,Riverside,065,2383286,335033,15313,350346,4863
2021-08-31,Sacramento,067,1510023,139380,3121,142501,1997
2021-08-31,San Benito,069,59416,6749,130,6879,63
2021-08-31,San Bernardino,071,2135413,329727,10101,339828,5619
2021-08-31,San Diego,073,3302833,339379,19918,359297,3952
2021-08-31,San Francisco,075,870044,48204,1994,50198,617
2021-08-31,San Joaquin,077,732212,88956,4597,93553,1606
2021-08-31,San Luis Obispo,079,281455,26267,995,27262,293
2021-08-31,San Mateo,081,765935,50135,727,50862,567
2021-08-31,Santa Barbara,083,443738,40154,1348,41502,490
2021-08-31,Santa Clara,085,1922200,136456,1007,137463,1808
2021-08-31,Santa Cruz,087,273765,18723,931,19654,212
2021-08-31,Shasta,089,179085,16112,2358,18470,235
2021-08-31,Sierra,091,2930,120,13,133,0
2021-08-31,Siskiyou,093,43540,2617,766,3383,36
2021-08-31,Solano,095,438530,42065,1038,43103,314
2021-08-31,Sonoma,097,501317,37899,453,38352,373
2021-08-31,Stanislaus,099,539301,67956,7531,75487,1100
2021-08-31,Sutter,101,95872,12091,165,12256,141
2021-08-31,Tehama,103,63373,6434,922,7356,86
2021-08-31,Trinity,105,12862,642,162,804,9
2021-08-31,Tulare,107,460477,57426,11387,68813,948
2021-08-31,Tuolumne,109,53932,5637,63,5700,90
2021-08-31,Ventura,111,848112,91654,3920,95574,1107
2021-08-31,Yolo,113,214977,17562,747,18309,265
2021-08-31,Yuba,115,75493,8486,178,8664,67
2021-08-30,Alameda,001,1643700,109785,2455,112240,1368
2021-08-30,Alpine,002,1148,91,0,91,0
2021-08-30,Amador,005,37829,4632,42,4674,55
2021-08-30,Butte,007,227075,16382,2824,19206,231
2021-08-30,Calaveras,009,45235,3079,19,3098,65
2021-08-30,Colusa,011,21464,2312,496,2808,16
2021-08-30,Contra Costa,013,1133247,90698,1763,92461,917
2021-08-30,Del Norte,015,27424,3005,17,3022,26
2021-08-30,El Dorado,017,186661,13821,1262,15083,131
2021-08-30,Fresno,019,978130,119181,10399,129580,1880
2021-08-30,Glenn,021,27897,2919,808,3727,30
2021-08-30,Humboldt,023,135768,7228,255,7483,76
2021-08-30,Imperial,025,180216,30622,2842,33464,756
2021-08-30,Inyo,027,18085,1565,15,1580,39
2021-08-30,Kern,029,883053,110159,15347,125506,1466
2021-08-30,Kings,031,150075,27068,1425,28493,269
2021-08-30,Lake,033,64148,5536,77,5613,85
2021-08-30,Lassen,035,31185,5827,164,5991,21
2021-08-30,Los Angeles,037,10098052,1360415,49030,1409445,25442
2021-08-30,Madera,039,155013,19278,1398,20676,263
2021-08-30,Marin,041,260295,7917,294,8211,189
2021-08-30,Mariposa,043,17540,760,21,781,9
2021-08-30,Mendocino,045,87422,5984,222,6206,66
2021-08-30,Merced,047,269075,35971,1357,37328,535
2021-08-30,Modoc,049,8938,446,155,601,5
2021-08-30,Mono,051,14174,1424,18,1442,3
2021-08-30,Monterey,053,433212,46173,2334,48507,597
2021-08-30,Napa,055,140530,11695,70,11765,89
2021-08-30,Nevada,057,99092,7665,251,7916,83
2021-08-30,Orange,059,3164182,289045,13323,302368,5458
2021-08-30,Placer,061,380077,31464,2768,34232,344
2021-08-30,Plumas,063,18699,1062,17,1079,6
2021-08-30,Riverside,065,2383286,334143,15282,349425,4850
2021-08-30,Sacramento,067,1510023,138722,3075,141797,1989
2021-08-30,San Benito,069,59416,6740,130,6870,63
2021-08-30,San Bernardino,071,2135413,329049,10071,339120,5610
2021-08-30,San Diego,073,3302833,338108,19838,357946,3946
2021-08-30,San Francisco,075,870044,48063,1981,50044,617
2021-08-30,San Joaquin,077,732212,88625,4576,93201,1597
2021-08-30,San Luis Obispo,079,281455,26142,988,27130,291
2021-08-30,San Mateo,081,765935,50009,721,50730,566
2021-08-30,Santa Barbara,083,443738,40002,1343,41345,489
2021-08-30,Santa Clara,085,1922200,136135,1000,137135,1806
2021-08-30,Santa Cruz,087,273765,18669,927,19596,212
2021-08-30,Shasta,089,179085,15983,2319,18302,235
2021-08-30,Sierra,091,2930,118,13,131,0
2021-08-30,Siskiyou,093,43540,2604,755,3359,35
2021-08-30,Solano,095,438530,41904,1034,42938,313
2021-08-30,Sonoma,097,501317,37794,453,38247,370
2021-08-30,Stanislaus,099,539301,67617,7500,75117,1093
2021-08-30,Sutter,101,95872,12021,158,12179,140
2021-08-30,Tehama,103,63373,6355,898,7253,86
2021-08-30,Trinity,105,12862,631,159,790,9
2021-08-30,Tulare,107,460477,57114,11312,68426,943
2021-08-30,Tuolumne,109,53932,5591,63,5654,86
2021-08-30,Ventura,111,848112,91438,3908,95346,1105
2021-08-30,Yolo,113,214977,17500,743,18243,264
2021-08-30,Yuba,115,75493,8412,177,8589,66
2021-08-29,Alameda,001,1643700,109453,2444,111897,1365
2021-08-29,Alpine,002,1148,91,0,91,0
2021-08-29,Amador,005,37829,4618,42,4660,54
2021-08-29,Butte,007,227075,16212,2787,18999,230
2021-08-29,Calaveras,009,45235,3047,19,3066,65
2021-08-29,Colusa,011,21464,2305,490,2795,16
2021-08-29,Contra Costa,013,1133247,90401,1758,92159,915
2021-08-29,Del Norte,015,27424,2962,17,2979,26
2021-08-29,El Dorado,017,186661,13765,1251,15016,130
2021-08-29,Fresno,019,978130,118584,10329,128913,1877
2021-08-29,Glenn,021,27897,2901,801,3702,30
2021-08-29,Humboldt,023,135768,7184,240,7424,76
2021-08-29,Imperial,025,180216,30561,2831,33392,755
2021-08-29,Inyo,027,18085,1555,14,1569,39
2021-08-29,Kern,029,883053,109708,15177,124885,1460
2021-08-29,Kings,031,150075,26914,1411,28325,267
2021-08-29,Lake,033,64148,5496,67,5563,85
2021-08-29,Lassen,035,31185,5804,160,5964,21
2021-08-29,Los Angeles,037,10098052,1357667,48919,1406586,25421
2021-08-29,Madera,039,155013,19191,1382,20573,261
2021-08-29,Marin,041,260295,7886,292,8178,189
2021-08-29,Mariposa,043,17540,754,19,773,9
2021-08-29,Mendocino,045,87422,5926,209,6135,65
2021-08-29,Merced,047,269075,35732,1345,37077,534
2021-08-29,Modoc,049,8938,443,155,598,5
2021-08-29,Mono,051,14174,1417,18,1435,3
2021-08-29,Monterey,053,433212,46068,2311,48379,597
2021-08-29,Napa,055,140530,11664,70,11734,89
2021-08-29,Nevada,057,99092,7608,250,7858,83
2021-08-29,Orange,059,3164182,288417,13281,301698,5450
2021-08-29,Placer,061,380077,31293,2728,34021,344
2021-08-29,Plumas,063,18699,1051,17,1068,6
2021-08-29,Riverside,065,2383286,333284,15261,348545,4836
2021-08-29,Sacramento,067,1510023,137969,3025,140994,1980
2021-08-29,San Benito,069,59416,6715,130,6845,63
2021-08-29,San Bernardino,071,2135413,328264,10038,338302,5596
2021-08-29,San Diego,073,3302833,337002,19743,356745,3940
2021-08-29,San Francisco,075,870044,47928,1969,49897,616
2021-08-29,San Joaquin,077,732212,88177,4556,92733,1591
2021-08-29,San Luis Obispo,079,281455,25944,980,26924,291
2021-08-29,San Mateo,081,765935,49897,716,50613,565
2021-08-29,Santa Barbara,083,443738,39836,1339,41175,488
2021-08-29,Santa Clara,085,1922200,135782,994,136776,1804
2021-08-29,Santa Cruz,087,273765,18622,925,19547,212
2021-08-29,Shasta,089,179085,15829,2292,18121,233
2021-08-29,Sierra,091,2930,116,13,129,0
2021-08-29,Siskiyou,093,43540,2557,735,3292,34
2021-08-29,Solano,095,438530,41751,1027,42778,312
2021-08-29,Sonoma,097,501317,37659,449,38108,368
2021-08-29,Stanislaus,099,539301,67272,7464,74736,1090
2021-08-29,Sutter,101,95872,11962,151,12113,139
2021-08-29,Tehama,103,63373,6284,875,7159,86
2021-08-29,Trinity,105,12862,628,156,784,9
2021-08-29,Tulare,107,460477,56780,11228,68008,942
2021-08-29,Tuolumne,109,53932,5565,62,5627,85
2021-08-29,Ventura,111,848112,91180,3899,95079,1101
2021-08-29,Yolo,113,214977,17400,730,18130,262
2021-08-29,Yuba,115,75493,8348,177,8525,66
2021-08-28,Alameda,001,1643700,109290,2435,111725,1363
2021-08-28,Alpine,002,1148,91,0,91,0
2021-08-28,Amador,005,37829,4599,41,4640,53
2021-08-28,Butte,007,227075,16152,2759,18911,229
2021-08-28,Calaveras,009,45235,3037,19,3056,63
2021-08-28,Colusa,011,21464,2301,488,2789,16
2021-08-28,Contra Costa,013,1133247,90190,1755,91945,914
2021-08-28,Del Norte,015,27424,2935,16,2951,25
2021-08-28,El Dorado,017,186661,13726,1245,14971,130
2021-08-28,Fresno,019,978130,118342,10297,128639,1872
2021-08-28,Glenn,021,27897,2892,794,3686,30
2021-08-28,Humboldt,023,135768,7149,235,7384,72
2021-08-28,Imperial,025,180216,30534,2828,33362,755
2021-08-28,Inyo,027,18085,1553,14,1567,39
2021-08-28,Kern,029,883053,109470,15037,124507,1454
2021-08-28,Kings,031,150075,26847,1408,28255,267
2021-08-28,Lake,033,64148,5473,63,5536,84
2021-08-28,Lassen,035,31185,5789,159,5948,21
2021-08-28,Los Angeles,037,10098052,1356451,48849,1405300,25390
2021-08-28,Madera,039,155013,19140,1368,20508,261
2021-08-28,Marin,041,260295,7871,292,8163,189
2021-08-28,Mariposa,043,17540,752,19,771,9
2021-08-28,Mendocino,045,87422,5901,209,6110,65
2021-08-28,Merced,047,269075,35680,1342,37022,534
2021-08-28,Modoc,049,8938,443,154,597,5
2021-08-28,Mono,051,14174,1414,18,1432,3
2021-08-28,Monterey,053,433212,46026,2306,48332,597
2021-08-28,Napa,055,140530,11641,69,11710,89
2021-08-28,Nevada,057,99092,7584,248,7832,83
2021-08-28,Orange,059,3164182,288060,13233,301293,5446
2021-08-28,Placer,061,380077,31185,2715,33900,341
2021-08-28,Plumas,063,18699,1044,17,1061,6
2021-08-28,Riverside,065,2383286,332695,15251,347946,4826
2021-08-28,Sacramento,067,1510023,137578,3007,140585,1974
2021-08-28,San Benito,069,59416,6708,130,6838,63
2021-08-28,San Bernardino,071,2135413,327816,10030,337846,5582
2021-08-28,San Diego,073,3302833,336418,19707,356125,3938
2021-08-28,San Francisco,075,870044,47856,1962,49818,613
2021-08-28,San Joaquin,077,732212,88007,4547,92554,1587
2021-08-28,San Luis Obispo,079,281455,25877,975,26852,289
2021-08-28,San Mateo,081,765935,49823,712,50535,564
2021-08-28,Santa Barbara,083,443738,39765,1339,41104,487
2021-08-28,Santa Clara,085,1922200,135576,992,136568,1801
2021-08-28,Santa Cruz,087,273765,18604,922,19526,212
2021-08-28,Shasta,089,179085,15726,2274,18000,233
2021-08-28,Sierra,091,2930,112,13,125,0
2021-08-28,Siskiyou,093,43540,2549,724,3273,34
2021-08-28,Solano,095,438530,41701,1026,42727,311
2021-08-28,Sonoma,097,501317,37586,447,38033,368
2021-08-28,Stanislaus,099,539301,67114,7447,74561,1085
2021-08-28,Sutter,101,95872,11941,150,12091,138
2021-08-28,Tehama,103,63373,6258,864,7122,86
2021-08-28,Trinity,105,12862,624,155,779,9
2021-08-28,Tulare,107,460477,56650,11186,67836,941
2021-08-28,Tuolumne,109,53932,5549,62,5611,85
2021-08-28,Ventura,111,848112,91062,3897,94959,1100
2021-08-28,Yolo,113,214977,17365,723,18088,261
2021-08-28,Yuba,115,75493,8317,176,8493,66
2021-08-27,Alameda,001,1643700,109080,2433,111513,1360
2021-08-27,Alpine,002,1148,91,0,91,0
2021-08-27,Amador,005,37829,4583,40,4623,53
2021-08-27,Butte,007,227075,16071,2738,18809,228
2021-08-27,Calaveras,009,45235,3022,19,3041,63
2021-08-27,Colusa,011,21464,2295,486,2781,16
2021-08-27,Contra Costa,013,1133247,89992,1752,91744,911
2021-08-27,Del Norte,015,27424,2903,16,2919,25
2021-08-27,El Dorado,017,186661,13687,1241,14928,130
2021-08-27,Fresno,019,978130,117906,10276,128182,1867
2021-08-27,Glenn,021,27897,2874,785,3659,29
2021-08-27,Humboldt,023,135768,7116,232,7348,72
2021-08-27,Imperial,025,180216,30514,2826,33340,755
2021-08-27,Inyo,027,18085,1552,14,1566,39
2021-08-27,Kern,029,883053,109176,14927,124103,1448
2021-08-27,Kings,031,150075,26768,1406,28174,267
2021-08-27,Lake,033,64148,5448,62,5510,84
2021-08-27,Lassen,035,31185,5773,154,5927,21
2021-08-27,Los Angeles,037,10098052,1354922,48788,1403710,25363
2021-08-27,Madera,039,155013,19084,1355,20439,257
2021-08-27,Marin,041,260295,7855,290,8145,187
2021-08-27,Mariposa,043,17540,746,19,765,9
2021-08-27,Mendocino,045,87422,5870,208,6078,65
2021-08-27,Merced,047,269075,35626,1334,36960,532
2021-08-27,Modoc,049,8938,443,154,597,5
2021-08-27,Mono,051,14174,1409,18,1427,3
2021-08-27,Monterey,053,433212,45977,2298,48275,597
2021-08-27,Napa,055,140530,11607,69,11676,89
2021-08-27,Nevada,057,99092,7544,246,7790,83
2021-08-27,Orange,059,3164182,287700,13194,300894,5437
2021-08-27,Placer,061,380077,31054,2696,33750,339
2021-08-27,Plumas,063,18699,1038,17,1055,6
2021-08-27,Riverside,065,2383286,332177,15236,347413,4809
2021-08-27,Sacramento,067,1510023,137143,2994,140137,1959
2021-08-27,San Benito,069,59416,6702,130,6832,63
2021-08-27,San Bernardino,071,2135413,327290,10012,337302,5576
2021-08-27,San Diego,073,3302833,335637,19653,355290,3927
2021-08-27,San Francisco,075,870044,47780,1944,49724,613
2021-08-27,San Joaquin,077,732212,87824,4528,92352,1581
2021-08-27,San Luis Obispo,079,281455,25828,972,26800,289
2021-08-27,San Mateo,081,765935,49748,708,50456,563
2021-08-27,Santa Barbara,083,443738,39673,1337,41010,486
2021-08-27,Santa Clara,085,1922200,135347,989,136336,1797
2021-08-27,Santa Cruz,087,273765,18564,918,19482,212
2021-08-27,Shasta,089,179085,15647,2258,17905,230
2021-08-27,Sierra,091,2930,111,13,124,0
2021-08-27,Siskiyou,093,43540,2534,710,3244,34
2021-08-27,Solano,095,438530,41587,1022,42609,307
2021-08-27,Sonoma,097,501317,37515,446,37961,367
2021-08-27,Stanislaus,099,539301,66905,7410,74315,1081
2021-08-27,Sutter,101,95872,11895,148,12043,137
2021-08-27,Tehama,103,63373,6226,849,7075,85
2021-08-27,Trinity,105,12862,624,154,778,9
2021-08-27,Tulare,107,460477,56514,11141,67655,938
2021-08-27,Tuolumne,109,53932,5517,62,5579,85
2021-08-27,Ventura,111,848112,90933,3893,94826,1097
2021-08-27,Yolo,113,214977,17323,718,18041,261
2021-08-27,Yuba,115,75493,8260,176,8436,64
2021-08-26,Alameda,001,1643700,108812,2424,111236,1360
2021-08-26,Alpine,002,1148,91,0,91,0
2021-08-26,Amador,005,37829,4568,39,4607,53
2021-08-26,Butte,007,227075,15937,2699,18636,228
2021-08-26,Calaveras,009,45235,3011,19,3030,63
2021-08-26,Colusa,011,21464,2288,482,2770,16
2021-08-26,Contra Costa,013,1133247,89632,1746,91378,910
2021-08-26,Del Norte,015,27424,2867,16,2883,25
2021-08-26,El Dorado,017,186661,13618,1227,14845,130
2021-08-26,Fresno,019,978130,117404,10221,127625,1857
2021-08-26,Glenn,021,27897,2856,776,3632,28
2021-08-26,Humboldt,023,135768,7058,222,7280,71
2021-08-26,Imperial,025,180216,30465,2819,33284,755
2021-08-26,Inyo,027,18085,1542,13,1555,39
2021-08-26,Kern,029,883053,108748,14785,123533,1445
2021-08-26,Kings,031,150075,26645,1397,28042,267
2021-08-26,Lake,033,64148,5402,59,5461,84
2021-08-26,Lassen,035,31185,5761,152,5913,21
2021-08-26,Los Angeles,037,10098052,1352647,48695,1401342,25336
2021-08-26,Madera,039,155013,19014,1342,20356,257
2021-08-26,Marin,041,260295,7826,287,8113,187
2021-08-26,Mariposa,043,17540,736,19,755,9
2021-08-26,Mendocino,045,87422,5832,203,6035,63
2021-08-26,Merced,047,269075,35458,1313,36771,530
2021-08-26,Modoc,049,8938,443,154,597,5
2021-08-26,Mono,051,14174,1405,18,1423,3
2021-08-26,Monterey,053,433212,45904,2287,48191,597
2021-08-26,Napa,055,140530,11584,68,11652,89
2021-08-26,Nevada,057,99092,7487,243,7730,83
2021-08-26,Orange,059,3164182,287208,13170,300378,5430
2021-08-26,Placer,061,380077,30885,2671,33556,335
2021-08-26,Plumas,063,18699,1031,16,1047,5
2021-08-26,Riverside,065,2383286,331385,15216,346601,4792
2021-08-26,Sacramento,067,1510023,136609,2953,139562,1950
2021-08-26,San Benito,069,59416,6692,130,6822,63
2021-08-26,San Bernardino,071,2135413,326632,9987,336619,5566
2021-08-26,San Diego,073,3302833,334610,19587,354197,3923
2021-08-26,San Francisco,075,870044,47654,1938,49592,612
2021-08-26,San Joaquin,077,732212,87446,4507,91953,1577
2021-08-26,San Luis Obispo,079,281455,25678,965,26643,289
2021-08-26,San Mateo,081,765935,49619,706,50325,563
2021-08-26,Santa Barbara,083,443738,39588,1336,40924,484
2021-08-26,Santa Clara,085,1922200,135022,985,136007,1793
2021-08-26,Santa Cruz,087,273765,18504,916,19420,212
2021-08-26,Shasta,089,179085,15525,2230,17755,228
2021-08-26,Sierra,091,2930,109,13,122,0
2021-08-26,Siskiyou,093,43540,2512,697,3209,34
2021-08-26,Solano,095,438530,41438,1013,42451,306
2021-08-26,Sonoma,097,501317,37426,446,37872,366
2021-08-26,Stanislaus,099,539301,66605,7369,73974,1077
2021-08-26,Sutter,101,95872,11835,145,11980,136
2021-08-26,Tehama,103,63373,6168,836,7004,85
2021-08-26,Trinity,105,12862,619,152,771,9
2021-08-26,Tulare,107,460477,56257,11094,67351,933
2021-08-26,Tuolumne,109,53932,5497,62,5559,85
2021-08-26,Ventura,111,848112,90747,3884,94631,1094
2021-08-26,Yolo,113,214977,17258,708,17966,261
2021-08-26,Yuba,115,75493,8187,174,8361,62
2021-08-25,Alameda,001,1643700,108496,2417,110913,1358
2021-08-25,Alpine,002,1148,91,0,91,0
2021-08-25,Amador,005,37829,4553,39,4592,53
2021-08-25,Butte,007,227075,15829,2656,18485,228
2021-08-25,Calaveras,009,45235,2992,19,3011,62
2021-08-25,Colusa,011,21464,2281,473,2754,16
2021-08-25,Contra Costa,013,1133247,89243,1740,90983,908
2021-08-25,Del Norte,015,27424,2822,16,2838,23
2021-08-25,El Dorado,017,186661,13558,1212,14770,129
2021-08-25,Fresno,019,978130,116875,10179,127054,1852
2021-08-25,Glenn,021,27897,2838,761,3599,28
2021-08-25,Humboldt,023,135768,6989,213,7202,70
2021-08-25,Imperial,025,180216,30428,2813,33241,755
2021-08-25,Inyo,027,18085,1538,13,1551,39
2021-08-25,Kern,029,883053,108317,14630,122947,1442
2021-08-25,Kings,031,150075,26538,1391,27929,267
2021-08-25,Lake,033,64148,5372,56,5428,83
2021-08-25,Lassen,035,31185,5744,151,5895,21
2021-08-25,Los Angeles,037,10098052,1350046,48598,1398644,25306
2021-08-25,Madera,039,155013,18950,1320,20270,256
2021-08-25,Marin,041,260295,7804,281,8085,187
2021-08-25,Mariposa,043,17540,730,19,749,9
2021-08-25,Mendocino,045,87422,5798,197,5995,63
2021-08-25,Merced,047,269075,35326,1300,36626,528
2021-08-25,Modoc,049,8938,443,154,597,5
2021-08-25,Mono,051,14174,1401,18,1419,3
2021-08-25,Monterey,053,433212,45830,2272,48102,595
2021-08-25,Napa,055,140530,11551,67,11618,89
2021-08-25,Nevada,057,99092,7421,242,7663,83
2021-08-25,Orange,059,3164182,286681,13136,299817,5417
2021-08-25,Placer,061,380077,30712,2638,33350,335
2021-08-25,Plumas,063,18699,1016,16,1032,5
2021-08-25,Riverside,065,2383286,330541,15194,345735,4779
2021-08-25,Sacramento,067,1510023,135926,2914,138840,1938
2021-08-25,San Benito,069,59416,6671,129,6800,63
2021-08-25,San Bernardino,071,2135413,325940,9966,335906,5556
2021-08-25,San Diego,073,3302833,333342,19502,352844,3919
2021-08-25,San Francisco,075,870044,47504,1933,49437,612
2021-08-25,San Joaquin,077,732212,87061,4490,91551,1573
2021-08-25,San Luis Obispo,079,281455,25486,961,26447,286
2021-08-25,San Mateo,081,765935,49497,703,50200,563
2021-08-25,Santa Barbara,083,443738,39459,1336,40795,483
2021-08-25,Santa Clara,085,1922200,134654,983,135637,1790
2021-08-25,Santa Cruz,087,273765,18444,913,19357,212
2021-08-25,Shasta,089,179085,15399,2198,17597,228
2021-08-25,Sierra,091,2930,106,13,119,0
2021-08-25,Siskiyou,093,43540,2467,679,3146,34
2021-08-25,Solano,095,438530,41267,1001,42268,304
2021-08-25,Sonoma,097,501317,37302,443,37745,364
2021-08-25,Stanislaus,099,539301,66323,7337,73660,1068
2021-08-25,Sutter,101,95872,11767,141,11908,136
2021-08-25,Tehama,103,63373,6109,819,6928,84
2021-08-25,Trinity,105,12862,613,151,764,9
2021-08-25,Tulare,107,460477,55973,11024,66997,926
2021-08-25,Tuolumne,109,53932,5471,62,5533,85
2021-08-25,Ventura,111,848112,90563,3870,94433,1094
2021-08-25,Yolo,113,214977,17193,698,17891,260
2021-08-25,Yuba,115,75493,8121,173,8294,62
2021-08-24,Alameda,001,1643700,108187,2405,110592,1354
2021-08-24,Alpine,002,1148,91,0,91,0
2021-08-24,Amador,005,37829,4534,39,4573,53
2021-08-24,Butte,007,227075,15675,2622,18297,227
2021-08-24,Calaveras,009,45235,2953,19,2972,61
2021-08-24,Colusa,011,21464,2273,468,2741,16
2021-08-24,Contra Costa,013,1133247,88880,1735,90615,905
2021-08-24,Del Norte,015,27424,2795,16,2811,21
2021-08-24,El Dorado,017,186661,13481,1197,14678,128
2021-08-24,Fresno,019,978130,116266,10116,126382,1850
2021-08-24,Glenn,021,27897,2823,754,3577,28
2021-08-24,Humboldt,023,135768,6926,200,7126,69
2021-08-24,Imperial,025,180216,30366,2808,33174,755
2021-08-24,Inyo,027,18085,1533,13,1546,39
2021-08-24,Kern,029,883053,107853,14466,122319,1435
2021-08-24,Kings,031,150075,26417,1376,27793,267
2021-08-24,Lake,033,64148,5337,56,5393,83
2021-08-24,Lassen,035,31185,5728,149,5877,21
2021-08-24,Los Angeles,037,10098052,1347182,48491,1395673,25278
2021-08-24,Madera,039,155013,18874,1303,20177,255
2021-08-24,Marin,041,260295,7768,277,8045,187
2021-08-24,Mariposa,043,17540,723,19,742,9
2021-08-24,Mendocino,045,87422,5755,190,5945,62
2021-08-24,Merced,047,269075,35158,1289,36447,528
2021-08-24,Modoc,049,8938,443,154,597,5
2021-08-24,Mono,051,14174,1399,18,1417,3
2021-08-24,Monterey,053,433212,45764,2255,48019,595
2021-08-24,Napa,055,140530,11519,66,11585,88
2021-08-24,Nevada,057,99092,7351,240,7591,83
2021-08-24,Orange,059,3164182,286080,13112,299192,5412
2021-08-24,Placer,061,380077,30511,2600,33111,333
2021-08-24,Plumas,063,18699,1006,16,1022,5
2021-08-24,Riverside,065,2383286,329669,15165,344834,4773
2021-08-24,Sacramento,067,1510023,135243,2868,138111,1927
2021-08-24,San Benito,069,59416,6658,129,6787,63
2021-08-24,San Bernardino,071,2135413,325185,9937,335122,5548
2021-08-24,San Diego,073,3302833,331898,19393,351291,3910
2021-08-24,San Francisco,075,870044,47329,1923,49252,611
2021-08-24,San Joaquin,077,732212,86621,4453,91074,1567
2021-08-24,San Luis Obispo,079,281455,25309,950,26259,285
2021-08-24,San Mateo,081,765935,49348,701,50049,562
2021-08-24,Santa Barbara,083,443738,39328,1335,40663,483
2021-08-24,Santa Clara,085,1922200,134230,978,135208,1788
2021-08-24,Santa Cruz,087,273765,18369,907,19276,212
2021-08-24,Shasta,089,179085,15291,2167,17458,225
2021-08-24,Sierra,091,2930,103,13,116,0
2021-08-24,Siskiyou,093,43540,2445,664,3109,34
2021-08-24,Solano,095,438530,41058,989,42047,303
2021-08-24,Sonoma,097,501317,37174,441,37615,364
2021-08-24,Stanislaus,099,539301,65995,7283,73278,1064
2021-08-24,Sutter,101,95872,11700,138,11838,135
2021-08-24,Tehama,103,63373,6063,805,6868,83
2021-08-24,Trinity,105,12862,602,143,745,9
2021-08-24,Tulare,107,460477,55621,10934,66555,923
2021-08-24,Tuolumne,109,53932,5440,62,5502,84
2021-08-24,Ventura,111,848112,90379,3859,94238,1085
2021-08-24,Yolo,113,214977,17115,685,17800,260
2021-08-24,Yuba,115,75493,8038,171,8209,61
2021-08-23,Alameda,001,1643700,107779,2392,110171,1353
2021-08-23,Alpine,002,1148,91,0,91,0
2021-08-23,Amador,005,37829,4520,39,4559,53
2021-08-23,Butte,007,227075,15530,2584,18114,226
2021-08-23,Calaveras,009,45235,2926,19,2945,61
2021-08-23,Colusa,011,21464,2269,465,2734,16
2021-08-23,Contra Costa,013,1133247,88503,1728,90231,904
2021-08-23,Del Norte,015,27424,2749,16,2765,21
2021-08-23,El Dorado,017,186661,13378,1175,14553,128
2021-08-23,Fresno,019,978130,115701,10066,125767,1840
2021-08-23,Glenn,021,27897,2807,744,3551,28
2021-08-23,Humboldt,023,135768,6853,186,7039,68
2021-08-23,Imperial,025,180216,30315,2805,33120,754
2021-08-23,Inyo,027,18085,1526,13,1539,39
2021-08-23,Kern,029,883053,107398,14312,121710,1433
2021-08-23,Kings,031,150075,26286,1370,27656,265
2021-08-23,Lake,033,64148,5297,54,5351,83
2021-08-23,Lassen,035,31185,5716,149,5865,21
2021-08-23,Los Angeles,037,10098052,1344210,48362,1392572,25247
2021-08-23,Madera,039,155013,18788,1288,20076,255
2021-08-23,Marin,041,260295,7720,273,7993,187
2021-08-23,Mariposa,043,17540,712,19,731,9
2021-08-23,Mendocino,045,87422,5688,183,5871,59
2021-08-23,Merced,047,269075,34976,1284,36260,528
2021-08-23,Modoc,049,8938,440,153,593,5
2021-08-23,Mono,051,14174,1395,18,1413,3
2021-08-23,Monterey,053,433212,45664,2245,47909,594
2021-08-23,Napa,055,140530,11481,66,11547,88
2021-08-23,Nevada,057,99092,7270,238,7508,83
2021-08-23,Orange,059,3164182,285446,13078,298524,5407
2021-08-23,Placer,061,380077,30308,2563,32871,332
2021-08-23,Plumas,063,18699,998,16,1014,5
2021-08-23,Riverside,065,2383286,328751,15139,343890,4762
2021-08-23,Sacramento,067,1510023,134455,2801,137256,1914
2021-08-23,San Benito,069,59416,6640,127,6767,63
2021-08-23,San Bernardino,071,2135413,324380,9898,334278,5543
2021-08-23,San Diego,073,3302833,330465,19270,349735,3901
2021-08-23,San Francisco,075,870044,47173,1914,49087,607
2021-08-23,San Joaquin,077,732212,86189,4420,90609,1563
2021-08-23,San Luis Obispo,079,281455,25126,948,26074,282
2021-08-23,San Mateo,081,765935,49210,698,49908,562
2021-08-23,Santa Barbara,083,443738,39149,1333,40482,480
2021-08-23,Santa Clara,085,1922200,133830,974,134804,1788
2021-08-23,Santa Cruz,087,273765,18312,906,19218,212
2021-08-23,Shasta,089,179085,15164,2129,17293,225
2021-08-23,Sierra,091,2930,103,13,116,0
2021-08-23,Siskiyou,093,43540,2424,643,3067,34
2021-08-23,Solano,095,438530,40904,980,41884,299
2021-08-23,Sonoma,097,501317,37053,440,37493,364
2021-08-23,Stanislaus,099,539301,65660,7244,72904,1060
2021-08-23,Sutter,101,95872,11612,130,11742,135
2021-08-23,Tehama,103,63373,6009,789,6798,82
2021-08-23,Trinity,105,12862,599,140,739,8
2021-08-23,Tulare,107,460477,55314,10862,66176,920
2021-08-23,Tuolumne,109,53932,5398,62,5460,84
2021-08-23,Ventura,111,848112,90161,3847,94008,1082
2021-08-23,Yolo,113,214977,17026,671,17697,259
2021-08-23,Yuba,115,75493,7967,169,8136,61
2021-08-22,Alameda,001,1643700,107336,2365,109701,1350
2021-08-22,Alpine,002,1148,91,0,91,0
2021-08-22,Amador,005,37829,4490,39,4529,53
2021-08-22,Butte,007,227075,15391,2549,17940,225
2021-08-22,Calaveras,009,45235,2889,19,2908,61
2021-08-22,Colusa,011,21464,2262,459,2721,16
2021-08-22,Contra Costa,013,1133247,87961,1715,89676,902
2021-08-22,Del Norte,015,27424,2689,16,2705,20
2021-08-22,El Dorado,017,186661,13274,1155,14429,128
2021-08-22,Fresno,019,978130,115101,9998,125099,1835
2021-08-22,Glenn,021,27897,2780,731,3511,28
2021-08-22,Humboldt,023,135768,6775,168,6943,67
2021-08-22,Imperial,025,180216,30257,2800,33057,754
2021-08-22,Inyo,027,18085,1520,13,1533,39
2021-08-22,Kern,029,883053,106872,14160,121032,1431
2021-08-22,Kings,031,150075,26128,1353,27481,264
2021-08-22,Lake,033,64148,5252,51,5303,83
2021-08-22,Lassen,035,31185,5684,145,5829,21
2021-08-22,Los Angeles,037,10098052,1340888,48232,1389120,25214
2021-08-22,Madera,039,155013,18669,1274,19943,255
2021-08-22,Marin,041,260295,7668,265,7933,187
2021-08-22,Mariposa,043,17540,702,17,719,9
2021-08-22,Mendocino,045,87422,5629,183,5812,59
2021-08-22,Merced,047,269075,34773,1270,36043,525
2021-08-22,Modoc,049,8938,438,153,591,5
2021-08-22,Mono,051,14174,1393,18,1411,3
2021-08-22,Monterey,053,433212,45564,2231,47795,594
2021-08-22,Napa,055,140530,11436,66,11502,87
2021-08-22,Nevada,057,99092,7196,236,7432,81
2021-08-22,Orange,059,3164182,284754,13034,297788,5399
2021-08-22,Placer,061,380077,30104,2525,32629,331
2021-08-22,Plumas,063,18699,980,15,995,5
2021-08-22,Riverside,065,2383286,327730,15092,342822,4753
2021-08-22,Sacramento,067,1510023,133679,2761,136440,1906
2021-08-22,San Benito,069,59416,6624,127,6751,63
2021-08-22,San Bernardino,071,2135413,323413,9863,333276,5535
2021-08-22,San Diego,073,3302833,329142,19164,348306,3893
2021-08-22,San Francisco,075,870044,47007,1905,48912,606
2021-08-22,San Joaquin,077,732212,85733,4385,90118,1560
2021-08-22,San Luis Obispo,079,281455,24920,941,25861,282
2021-08-22,San Mateo,081,765935,49034,693,49727,562
2021-08-22,Santa Barbara,083,443738,38968,1325,40293,480
2021-08-22,Santa Clara,085,1922200,133413,967,134380,1787
2021-08-22,Santa Cruz,087,273765,18254,901,19155,212
2021-08-22,Shasta,089,179085,15027,2093,17120,224
2021-08-22,Sierra,091,2930,103,13,116,0
2021-08-22,Siskiyou,093,43540,2395,625,3020,34
2021-08-22,Solano,095,438530,40706,967,41673,295
2021-08-22,Sonoma,097,501317,36896,438,37334,362
2021-08-22,Stanislaus,099,539301,65307,7154,72461,1060
2021-08-22,Sutter,101,95872,11530,126,11656,135
2021-08-22,Tehama,103,63373,5963,770,6733,81
2021-08-22,Trinity,105,12862,592,138,730,8
2021-08-22,Tulare,107,460477,54995,10779,65774,919
2021-08-22,Tuolumne,109,53932,5355,62,5417,82
2021-08-22,Ventura,111,848112,89952,3830,93782,1080
2021-08-22,Yolo,113,214977,16922,664,17586,259
2021-08-22,Yuba,115,75493,7894,168,8062,60
2021-08-21,Alameda,001,1643700,107135,2359,109494,1346
2021-08-21,Alpine,002,1148,91,0,91,0
2021-08-21,Amador,005,37829,4480,38,4518,52
2021-08-21,Butte,007,227075,15323,2530,17853,222
2021-08-21,Calaveras,009,45235,2873,19,2892,61
2021-08-21,Colusa,011,21464,2256,455,2711,16
2021-08-21,Contra Costa,013,1133247,87701,1707,89408,897
2021-08-21,Del Norte,015,27424,2666,16,2682,20
2021-08-21,El Dorado,017,186661,13230,1151,14381,126
2021-08-21,Fresno,019,978130,114899,9986,124885,1832
2021-08-21,Glenn,021,27897,2767,723,3490,28
2021-08-21,Humboldt,023,135768,6737,163,6900,66
2021-08-21,Imperial,025,180216,30215,2797,33012,754
2021-08-21,Inyo,027,18085,1517,13,1530,39
2021-08-21,Kern,029,883053,106617,14037,120654,1427
2021-08-21,Kings,031,150075,26057,1348,27405,264
2021-08-21,Lake,033,64148,5231,49,5280,79
2021-08-21,Lassen,035,31185,5670,145,5815,21
2021-08-21,Los Angeles,037,10098052,1339590,48140,1387730,25200
2021-08-21,Madera,039,155013,18631,1268,19899,255
2021-08-21,Marin,041,260295,7634,263,7897,187
2021-08-21,Mariposa,043,17540,692,17,709,9
2021-08-21,Mendocino,045,87422,5583,182,5765,59
2021-08-21,Merced,047,269075,34668,1265,35933,524
2021-08-21,Modoc,049,8938,438,153,591,5
2021-08-21,Mono,051,14174,1393,18,1411,3
2021-08-21,Monterey,053,433212,45517,2224,47741,594
2021-08-21,Napa,055,140530,11401,66,11467,87
2021-08-21,Nevada,057,99092,7152,235,7387,80
2021-08-21,Orange,059,3164182,284302,13000,297302,5395
2021-08-21,Placer,061,380077,29960,2502,32462,330
2021-08-21,Plumas,063,18699,976,14,990,5
2021-08-21,Riverside,065,2383286,327150,15079,342229,4748
2021-08-21,Sacramento,067,1510023,133183,2749,135932,1893
2021-08-21,San Benito,069,59416,6614,126,6740,63
2021-08-21,San Bernardino,071,2135413,322964,9842,332806,5529
2021-08-21,San Diego,073,3302833,328486,19115,347601,3888
2021-08-21,San Francisco,075,870044,46905,1898,48803,604
2021-08-21,San Joaquin,077,732212,85515,4369,89884,1558
2021-08-21,San Luis Obispo,079,281455,24862,941,25803,279
2021-08-21,San Mateo,081,765935,48939,693,49632,561
2021-08-21,Santa Barbara,083,443738,38886,1321,40207,480
2021-08-21,Santa Clara,085,1922200,133148,963,134111,1781
2021-08-21,Santa Cruz,087,273765,18217,896,19113,212
2021-08-21,Shasta,089,179085,14953,2079,17032,223
2021-08-21,Sierra,091,2930,98,13,111,0
2021-08-21,Siskiyou,093,43540,2381,614,2995,34
2021-08-21,Solano,095,438530,40595,957,41552,294
2021-08-21,Sonoma,097,501317,36809,437,37246,362
2021-08-21,Stanislaus,099,539301,65125,7137,72262,1054
2021-08-21,Sutter,101,95872,11485,124,11609,135
2021-08-21,Tehama,103,63373,5938,763,6701,80
2021-08-21,Trinity,105,12862,587,136,723,7
2021-08-21,Tulare,107,460477,54850,10736,65586,917
2021-08-21,Tuolumne,109,53932,5324,62,5386,82
2021-08-21,Ventura,111,848112,89807,3815,93622,1077
2021-08-21,Yolo,113,214977,16875,658,17533,258
2021-08-21,Yuba,115,75493,7848,167,8015,59
2021-08-20,Alameda,001,1643700,106899,2351,109250,1343
2021-08-20,Alpine,002,1148,91,0,91,0
2021-08-20,Amador,005,37829,4454,38,4492,52
2021-08-20,Butte,007,227075,15250,2506,17756,220
2021-08-20,Calaveras,009,45235,2853,19,2872,61
2021-08-20,Colusa,011,21464,2251,453,2704,16
2021-08-20,Contra Costa,013,1133247,87426,1700,89126,894
2021-08-20,Del Norte,015,27424,2634,16,2650,19
2021-08-20,El Dorado,017,186661,13192,1143,14335,124
2021-08-20,Fresno,019,978130,114539,9952,124491,1828
2021-08-20,Glenn,021,27897,2760,713,3473,28
2021-08-20,Humboldt,023,135768,6685,158,6843,65
2021-08-20,Imperial,025,180216,30192,2797,32989,754
2021-08-20,Inyo,027,18085,1511,13,1524,39
2021-08-20,Kern,029,883053,106334,13909,120243,1421
2021-08-20,Kings,031,150075,25992,1346,27338,263
2021-08-20,Lake,033,64148,5216,46,5262,78
2021-08-20,Lassen,035,31185,5650,145,5795,21
2021-08-20,Los Angeles,037,10098052,1337711,48040,1385751,25175
2021-08-20,Madera,039,155013,18582,1253,19835,254
2021-08-20,Marin,041,260295,7616,259,7875,186
2021-08-20,Mariposa,043,17540,687,17,704,9
2021-08-20,Mendocino,045,87422,5537,181,5718,59
2021-08-20,Merced,047,269075,34604,1255,35859,523
2021-08-20,Modoc,049,8938,438,153,591,5
2021-08-20,Mono,051,14174,1392,18,1410,3
2021-08-20,Monterey,053,433212,45479,2218,47697,594
2021-08-20,Napa,055,140530,11369,66,11435,87
2021-08-20,Nevada,057,99092,7110,229,7339,80
2021-08-20,Orange,059,3164182,283857,12979,296836,5387
2021-08-20,Placer,061,380077,29865,2474,32339,327
2021-08-20,Plumas,063,18699,966,14,980,5
2021-08-20,Riverside,065,2383286,326454,15048,341502,4738
2021-08-20,Sacramento,067,1510023,132707,2731,135438,1883
2021-08-20,San Benito,069,59416,6600,126,6726,63
2021-08-20,San Bernardino,071,2135413,322353,9813,332166,5519
2021-08-20,San Diego,073,3302833,327577,19045,346622,3883
2021-08-20,San Francisco,075,870044,46809,1883,48692,603
2021-08-20,San Joaquin,077,732212,85284,4350,89634,1555
2021-08-20,San Luis Obispo,079,281455,24784,937,25721,279
2021-08-20,San Mateo,081,765935,48826,690,49516,559
2021-08-20,Santa Barbara,083,443738,38800,1316,40116,479
2021-08-20,Santa Clara,085,1922200,132866,958,133824,1780
2021-08-20,Santa Cruz,087,273765,18177,893,19070,212
2021-08-20,Shasta,089,179085,14872,2061,16933,223
2021-08-20,Sierra,091,2930,97,13,110,0
2021-08-20,Siskiyou,093,43540,2365,609,2974,34
2021-08-20,Solano,095,438530,40455,946,41401,293
2021-08-20,Sonoma,097,501317,36741,436,37177,361
2021-08-20,Stanislaus,099,539301,64936,7113,72049,1051
2021-08-20,Sutter,101,95872,11429,123,11552,134
2021-08-20,Tehama,103,63373,5922,751,6673,80
2021-08-20,Trinity,105,12862,587,135,722,7
2021-08-20,Tulare,107,460477,54719,10693,65412,914
2021-08-20,Tuolumne,109,53932,5300,61,5361,81
2021-08-20,Ventura,111,848112,89639,3812,93451,1075
2021-08-20,Yolo,113,214977,16820,652,17472,258
2021-08-20,Yuba,115,75493,7807,167,7974,59
2021-08-19,Alameda,001,1643700,106454,2329,108783,1339
2021-08-19,Alpine,002,1148,91,0,91,0
2021-08-19,Amador,005,37829,4447,38,4485,51
2021-08-19,Butte,007,227075,15116,2478,17594,219
2021-08-19,Calaveras,009,45235,2831,19,2850,61
2021-08-19,Colusa,011,21464,2242,448,2690,16
2021-08-19,Contra Costa,013,1133247,86987,1687,88674,892
2021-08-19,Del Norte,015,27424,2584,16,2600,17
2021-08-19,El Dorado,017,186661,13106,1124,14230,124
2021-08-19,Fresno,019,978130,114092,9898,123990,1822
2021-08-19,Glenn,021,27897,2742,706,3448,28
2021-08-19,Humboldt,023,135768,6624,152,6776,64
2021-08-19,Imperial,025,180216,30146,2792,32938,754
2021-08-19,Inyo,027,18085,1504,13,1517,39
2021-08-19,Kern,029,883053,105938,13768,119706,1419
2021-08-19,Kings,031,150075,25861,1334,27195,261
2021-08-19,Lake,033,64148,5184,42,5226,77
2021-08-19,Lassen,035,31185,5632,144,5776,21
2021-08-19,Los Angeles,037,10098052,1334727,47901,1382628,25151
2021-08-19,Madera,039,155013,18520,1238,19758,254
2021-08-19,Marin,041,260295,7583,256,7839,186
2021-08-19,Mariposa,043,17540,672,17,689,9
2021-08-19,Mendocino,045,87422,5504,178,5682,59
2021-08-19,Merced,047,269075,34469,1241,35710,523
2021-08-19,Modoc,049,8938,438,153,591,5
2021-08-19,Mono,051,14174,1388,18,1406,3
2021-08-19,Monterey,053,433212,45406,2208,47614,594
2021-08-19,Napa,055,140530,11317,66,11383,87
2021-08-19,Nevada,057,99092,7047,226,7273,79
2021-08-19,Orange,059,3164182,283219,12928,296147,5382
2021-08-19,Placer,061,380077,29683,2454,32137,322
2021-08-19,Plumas,063,18699,953,14,967,5
2021-08-19,Riverside,065,2383286,325422,15019,340441,4734
2021-08-19,Sacramento,067,1510023,132003,2695,134698,1873
2021-08-19,San Benito,069,59416,6583,125,6708,63
2021-08-19,San Bernardino,071,2135413,321529,9790,331319,5502
2021-08-19,San Diego,073,3302833,326326,18947,345273,3882
2021-08-19,San Francisco,075,870044,46646,1870,48516,603
2021-08-19,San Joaquin,077,732212,84834,4301,89135,1553
2021-08-19,San Luis Obispo,079,281455,24646,930,25576,278
2021-08-19,San Mateo,081,765935,48694,689,49383,559
2021-08-19,Santa Barbara,083,443738,38655,1313,39968,479
2021-08-19,Santa Clara,085,1922200,132476,951,133427,1779
2021-08-19,Santa Cruz,087,273765,18114,886,19000,212
2021-08-19,Shasta,089,179085,14748,2038,16786,221
2021-08-19,Sierra,091,2930,93,13,106,0
2021-08-19,Siskiyou,093,43540,2350,597,2947,34
2021-08-19,Solano,095,438530,40297,935,41232,292
2021-08-19,Sonoma,097,501317,36653,435,37088,359
2021-08-19,Stanislaus,099,539301,64592,7069,71661,1047
2021-08-19,Sutter,101,95872,11344,122,11466,134
2021-08-19,Tehama,103,63373,5886,725,6611,80
2021-08-19,Trinity,105,12862,583,133,716,7
2021-08-19,Tulare,107,460477,54487,10630,65117,912
2021-08-19,Tuolumne,109,53932,5264,60,5324,81
2021-08-19,Ventura,111,848112,89436,3798,93234,1075
2021-08-19,Yolo,113,214977,16735,644,17379,256
2021-08-19,Yuba,115,75493,7755,166,7921,58
2021-08-18,Alameda,001,1643700,106048,2308,108356,1337
2021-08-18,Alpine,002,1148,90,0,90,0
2021-08-18,Amador,005,37829,4431,37,4468,49
2021-08-18,Butte,007,227075,15007,2447,17454,217
2021-08-18,Calaveras,009,45235,2792,18,2810,61
2021-08-18,Colusa,011,21464,2234,444,2678,16
2021-08-18,Contra Costa,013,1133247,86488,1681,88169,889
2021-08-18,Del Norte,015,27424,2527,16,2543,17
2021-08-18,El Dorado,017,186661,13016,1110,14126,124
2021-08-18,Fresno,019,978130,113636,9837,123473,1819
2021-08-18,Glenn,021,27897,2709,698,3407,28
2021-08-18,Humboldt,023,135768,6553,147,6700,63
2021-08-18,Imperial,025,180216,30113,2790,32903,754
2021-08-18,Inyo,027,18085,1501,13,1514,39
2021-08-18,Kern,029,883053,105591,13674,119265,1418
2021-08-18,Kings,031,150075,25752,1327,27079,261
2021-08-18,Lake,033,64148,5143,41,5184,77
2021-08-18,Lassen,035,31185,5613,143,5756,20
2021-08-18,Los Angeles,037,10098052,1331573,47771,1379344,25120
2021-08-18,Madera,039,155013,18461,1225,19686,253
2021-08-18,Marin,041,260295,7545,253,7798,186
2021-08-18,Mariposa,043,17540,659,16,675,8
2021-08-18,Mendocino,045,87422,5453,176,5629,58
2021-08-18,Merced,047,269075,34305,1230,35535,521
2021-08-18,Modoc,049,8938,438,152,590,5
2021-08-18,Mono,051,14174,1385,18,1403,3
2021-08-18,Monterey,053,433212,45322,2191,47513,594
2021-08-18,Napa,055,140530,11278,65,11343,86
2021-08-18,Nevada,057,99092,6981,226,7207,79
2021-08-18,Orange,059,3164182,282579,12876,295455,5374
2021-08-18,Placer,061,380077,29456,2426,31882,321
2021-08-18,Plumas,063,18699,944,14,958,5
2021-08-18,Riverside,065,2383286,324423,14986,339409,4730
2021-08-18,Sacramento,067,1510023,131242,2662,133904,1863
2021-08-18,San Benito,069,59416,6572,124,6696,63
2021-08-18,San Bernardino,071,2135413,320730,9771,330501,5494
2021-08-18,San Diego,073,3302833,324986,18881,343867,3874
2021-08-18,San Francisco,075,870044,46444,1861,48305,601
2021-08-18,San Joaquin,077,732212,84381,4270,88651,1548
2021-08-18,San Luis Obispo,079,281455,24496,917,25413,275
2021-08-18,San Mateo,081,765935,48530,688,49218,559
2021-08-18,Santa Barbara,083,443738,38525,1307,39832,478
2021-08-18,Santa Clara,085,1922200,132112,948,133060,1779
2021-08-18,Santa Cruz,087,273765,18059,882,18941,212
2021-08-18,Shasta,089,179085,14649,2019,16668,219
2021-08-18,Sierra,091,2930,92,13,105,0
2021-08-18,Siskiyou,093,43540,2321,585,2906,34
2021-08-18,Solano,095,438530,40092,920,41012,292
2021-08-18,Sonoma,097,501317,36509,434,36943,358
2021-08-18,Stanislaus,099,539301,64261,7026,71287,1046
2021-08-18,Sutter,101,95872,11272,117,11389,134
2021-08-18,Tehama,103,63373,5851,715,6566,80
2021-08-18,Trinity,105,12862,576,130,706,7
2021-08-18,Tulare,107,460477,54249,10561,64810,911
2021-08-18,Tuolumne,109,53932,5228,58,5286,80
2021-08-18,Ventura,111,848112,89204,3788,92992,1072
2021-08-18,Yolo,113,214977,16652,626,17278,255
2021-08-18,Yuba,115,75493,7690,166,7856,57
2021-08-17,Alameda,001,1643700,105650,2293,107943,1336
2021-08-17,Alpine,002,1148,90,0,90,0
2021-08-17,Amador,005,37829,4402,37,4439,49
2021-08-17,Butte,007,227075,14900,2414,17314,216
2021-08-17,Calaveras,009,45235,2758,18,2776,61
2021-08-17,Colusa,011,21464,2225,440,2665,16
2021-08-17,Contra Costa,013,1133247,86039,1671,87710,887
2021-08-17,Del Norte,015,27424,2473,16,2489,17
2021-08-17,El Dorado,017,186661,12929,1096,14025,123
2021-08-17,Fresno,019,978130,113152,9774,122926,1816
2021-08-17,Glenn,021,27897,2695,689,3384,28
2021-08-17,Humboldt,023,135768,6473,145,6618,62
2021-08-17,Imperial,025,180216,30062,2786,32848,754
2021-08-17,Inyo,027,18085,1498,13,1511,39
2021-08-17,Kern,029,883053,105197,13553,118750,1412
2021-08-17,Kings,031,150075,25647,1316,26963,260
2021-08-17,Lake,033,64148,5100,35,5135,77
2021-08-17,Lassen,035,31185,5596,141,5737,20
2021-08-17,Los Angeles,037,10098052,1328005,47644,1375649,25095
2021-08-17,Madera,039,155013,18387,1207,19594,253
2021-08-17,Marin,041,260295,7489,253,7742,186
2021-08-17,Mariposa,043,17540,651,15,666,7
2021-08-17,Mendocino,045,87422,5398,176,5574,58
2021-08-17,Merced,047,269075,34155,1219,35374,521
2021-08-17,Modoc,049,8938,435,150,585,5
2021-08-17,Mono,051,14174,1380,18,1398,3
2021-08-17,Monterey,053,433212,45238,2181,47419,594
2021-08-17,Napa,055,140530,11237,64,11301,86
2021-08-17,Nevada,057,99092,6906,224,7130,78
2021-08-17,Orange,059,3164182,281934,12840,294774,5362
2021-08-17,Placer,061,380077,29244,2397,31641,320
2021-08-17,Plumas,063,18699,932,14,946,5
2021-08-17,Riverside,065,2383286,323410,14943,338353,4723
2021-08-17,Sacramento,067,1510023,130448,2620,133068,1855
2021-08-17,San Benito,069,59416,6553,124,6677,63
2021-08-17,San Bernardino,071,2135413,319791,9731,329522,5479
2021-08-17,San Diego,073,3302833,323376,18783,342159,3871
2021-08-17,San Francisco,075,870044,46245,1855,48100,601
2021-08-17,San Joaquin,077,732212,83913,4236,88149,1546
2021-08-17,San Luis Obispo,079,281455,24340,914,25254,275
2021-08-17,San Mateo,081,765935,48375,683,49058,559
2021-08-17,Santa Barbara,083,443738,38366,1300,39666,478
2021-08-17,Santa Clara,085,1922200,131709,942,132651,1777
2021-08-17,Santa Cruz,087,273765,17974,881,18855,212
2021-08-17,Shasta,089,179085,14518,2000,16518,218
2021-08-17,Sierra,091,2930,91,13,104,0
2021-08-17,Siskiyou,093,43540,2305,572,2877,34
2021-08-17,Solano,095,438530,39863,907,40770,289
2021-08-17,Sonoma,097,501317,36361,430,36791,357
2021-08-17,Stanislaus,099,539301,63920,6967,70887,1046
2021-08-17,Sutter,101,95872,11200,117,11317,134
2021-08-17,Tehama,103,63373,5817,694,6511,79
2021-08-17,Trinity,105,12862,571,128,699,7
2021-08-17,Tulare,107,460477,53981,10496,64477,908
2021-08-17,Tuolumne,109,53932,5185,57,5242,80
2021-08-17,Ventura,111,848112,88965,3767,92732,1072
2021-08-17,Yolo,113,214977,16563,612,17175,255
2021-08-17,Yuba,115,75493,7618,166,7784,54
2021-08-16,Alameda,001,1643700,105153,2285,107438,1335
2021-08-16,Alpine,002,1148,90,0,90,0
2021-08-16,Amador,005,37829,4392,37,4429,49
2021-08-16,Butte,007,227075,14783,2377,17160,215
2021-08-16,Calaveras,009,45235,2699,17,2716,61
2021-08-16,Colusa,011,21464,2214,436,2650,16
2021-08-16,Contra Costa,013,1133247,85496,1661,87157,879
2021-08-16,Del Norte,015,27424,2396,16,2412,17
2021-08-16,El Dorado,017,186661,12828,1083,13911,123
2021-08-16,Fresno,019,978130,112653,9722,122375,1809
2021-08-16,Glenn,021,27897,2676,683,3359,28
2021-08-16,Humboldt,023,135768,6402,124,6526,60
2021-08-16,Imperial,025,180216,30021,2772,32793,753
2021-08-16,Inyo,027,18085,1495,13,1508,39
2021-08-16,Kern,029,883053,104822,13437,118259,1411
2021-08-16,Kings,031,150075,25544,1307,26851,259
2021-08-16,Lake,033,64148,5073,34,5107,77
2021-08-16,Lassen,035,31185,5580,133,5713,20
2021-08-16,Los Angeles,037,10098052,1324622,47504,1372126,25065
2021-08-16,Madera,039,155013,18312,1186,19498,253
2021-08-16,Marin,041,260295,7430,252,7682,186
2021-08-16,Mariposa,043,17540,634,15,649,7
2021-08-16,Mendocino,045,87422,5342,174,5516,57
2021-08-16,Merced,047,269075,33954,1206,35160,520
2021-08-16,Modoc,049,8938,433,149,582,5
2021-08-16,Mono,051,14174,1375,18,1393,3
2021-08-16,Monterey,053,433212,45159,2169,47328,594
2021-08-16,Napa,055,140530,11208,64,11272,85
2021-08-16,Nevada,057,99092,6850,223,7073,77
2021-08-16,Orange,059,3164182,281142,12794,293936,5349
2021-08-16,Placer,061,380077,29060,2365,31425,320
2021-08-16,Plumas,063,18699,921,14,935,5
2021-08-16,Riverside,065,2383286,322317,14906,337223,4719
2021-08-16,Sacramento,067,1510023,129638,2577,132215,1846
2021-08-16,San Benito,069,59416,6529,124,6653,62
2021-08-16,San Bernardino,071,2135413,318824,9704,328528,5475
2021-08-16,San Diego,073,3302833,321778,18643,340421,3866
2021-08-16,San Francisco,075,870044,46042,1848,47890,601
2021-08-16,San Joaquin,077,732212,83409,4208,87617,1538
2021-08-16,San Luis Obispo,079,281455,24190,906,25096,275
2021-08-16,San Mateo,081,765935,48192,677,48869,559
2021-08-16,Santa Barbara,083,443738,38196,1295,39491,477
2021-08-16,Santa Clara,085,1922200,131245,938,132183,1776
2021-08-16,Santa Cruz,087,273765,17910,875,18785,212
2021-08-16,Shasta,089,179085,14429,1984,16413,218
2021-08-16,Sierra,091,2930,88,13,101,0
2021-08-16,Siskiyou,093,43540,2288,552,2840,34
2021-08-16,Solano,095,438530,39583,895,40478,286
2021-08-16,Sonoma,097,501317,36193,427,36620,356
2021-08-16,Stanislaus,099,539301,63581,6915,70496,1044
2021-08-16,Sutter,101,95872,11131,116,11247,131
2021-08-16,Tehama,103,63373,5754,689,6443,79
2021-08-16,Trinity,105,12862,565,127,692,7
2021-08-16,Tulare,107,460477,53737,10428,64165,906
2021-08-16,Tuolumne,109,53932,5146,56,5202,79
2021-08-16,Ventura,111,848112,88720,3749,92469,1070
2021-08-16,Yolo,113,214977,16462,604,17066,252
2021-08-16,Yuba,115,75493,7534,165,7699,54
2021-08-15,Alameda,001,1643700,104670,2268,106938,1332
2021-08-15,Alpine,002,1148,90,0,90,0
2021-08-15,Amador,005,37829,4364,37,4401,49
2021-08-15,Butte,007,227075,14660,2353,17013,215
2021-08-15,Calaveras,009,45235,2658,17,2675,61
2021-08-15,Colusa,011,21464,2202,426,2628,16
2021-08-15,Contra Costa,013,1133247,85012,1646,86658,871
2021-08-15,Del Norte,015,27424,2329,16,2345,17
2021-08-15,El Dorado,017,186661,12693,1066,13759,123
2021-08-15,Fresno,019,978130,112171,9656,121827,1805
2021-08-15,Glenn,021,27897,2653,671,3324,28
2021-08-15,Humboldt,023,135768,6328,118,6446,60
2021-08-15,Imperial,025,180216,29955,2768,32723,752
2021-08-15,Inyo,027,18085,1494,13,1507,39
2021-08-15,Kern,029,883053,104378,13325,117703,1408
2021-08-15,Kings,031,150075,25398,1297,26695,259
2021-08-15,Lake,033,64148,5014,33,5047,75
2021-08-15,Lassen,035,31185,5563,132,5695,20
2021-08-15,Los Angeles,037,10098052,1321087,47335,1368422,25037
2021-08-15,Madera,039,155013,18224,1170,19394,253
2021-08-15,Marin,041,260295,7371,250,7621,186
2021-08-15,Mariposa,043,17540,627,14,641,7
2021-08-15,Mendocino,045,87422,5285,168,5453,56
2021-08-15,Merced,047,269075,33710,1195,34905,518
2021-08-15,Modoc,049,8938,431,149,580,5
2021-08-15,Mono,051,14174,1371,18,1389,3
2021-08-15,Monterey,053,433212,45037,2148,47185,593
2021-08-15,Napa,055,140530,11153,64,11217,85
2021-08-15,Nevada,057,99092,6765,223,6988,76
2021-08-15,Orange,059,3164182,280372,12753,293125,5342
2021-08-15,Placer,061,380077,28834,2317,31151,319
2021-08-15,Plumas,063,18699,909,14,923,5
2021-08-15,Riverside,065,2383286,321179,14879,336058,4712
2021-08-15,Sacramento,067,1510023,128819,2545,131364,1837
2021-08-15,San Benito,069,59416,6511,123,6634,61
2021-08-15,San Bernardino,071,2135413,317752,9673,327425,5470
2021-08-15,San Diego,073,3302833,320306,18516,338822,3859
2021-08-15,San Francisco,075,870044,45817,1833,47650,597
2021-08-15,San Joaquin,077,732212,82921,4169,87090,1537
2021-08-15,San Luis Obispo,079,281455,23994,896,24890,271
2021-08-15,San Mateo,081,765935,48005,671,48676,559
2021-08-15,Santa Barbara,083,443738,38024,1288,39312,475
2021-08-15,Santa Clara,085,1922200,130811,932,131743,1773
2021-08-15,Santa Cruz,087,273765,17840,868,18708,212
2021-08-15,Shasta,089,179085,14326,1959,16285,217
2021-08-15,Sierra,091,2930,87,12,99,0
2021-08-15,Siskiyou,093,43540,2267,538,2805,34
2021-08-15,Solano,095,438530,39327,884,40211,282
2021-08-15,Sonoma,097,501317,35997,419,36416,353
2021-08-15,Stanislaus,099,539301,63212,6838,70050,1041
2021-08-15,Sutter,101,95872,11040,116,11156,131
2021-08-15,Tehama,103,63373,5705,683,6388,79
2021-08-15,Trinity,105,12862,561,126,687,7
2021-08-15,Tulare,107,460477,53482,10369,63851,905
2021-08-15,Tuolumne,109,53932,5108,54,5162,76
2021-08-15,Ventura,111,848112,88415,3734,92149,1069
2021-08-15,Yolo,113,214977,16367,594,16961,252
2021-08-15,Yuba,115,75493,7457,164,7621,54
2021-08-14,Alameda,001,1643700,104454,2264,106718,1331
2021-08-14,Alpine,002,1148,90,0,90,0
2021-08-14,Amador,005,37829,4346,37,4383,49
2021-08-14,Butte,007,227075,14624,2337,16961,215
2021-08-14,Calaveras,009,45235,2651,17,2668,61
2021-08-14,Colusa,011,21464,2191,422,2613,16
2021-08-14,Contra Costa,013,1133247,84764,1638,86402,869
2021-08-14,Del Norte,015,27424,2302,16,2318,16
2021-08-14,El Dorado,017,186661,12657,1058,13715,123
2021-08-14,Fresno,019,978130,112008,9625,121633,1800
2021-08-14,Glenn,021,27897,2642,668,3310,28
2021-08-14,Humboldt,023,135768,6275,115,6390,60
2021-08-14,Imperial,025,180216,29928,2768,32696,752
2021-08-14,Inyo,027,18085,1492,13,1505,39
2021-08-14,Kern,029,883053,104183,13229,117412,1403
2021-08-14,Kings,031,150075,25300,1289,26589,259
2021-08-14,Lake,033,64148,4997,32,5029,74
2021-08-14,Lassen,035,31185,5556,131,5687,20
2021-08-14,Los Angeles,037,10098052,1319313,47199,1366512,25022
2021-08-14,Madera,039,155013,18177,1165,19342,252
2021-08-14,Marin,041,260295,7337,250,7587,186
2021-08-14,Mariposa,043,17540,623,14,637,7
2021-08-14,Mendocino,045,87422,5249,165,5414,56
2021-08-14,Merced,047,269075,33646,1189,34835,517
2021-08-14,Modoc,049,8938,431,149,580,5
2021-08-14,Mono,051,14174,1366,18,1384,3
2021-08-14,Monterey,053,433212,44992,2145,47137,592
2021-08-14,Napa,055,140530,11123,63,11186,85
2021-08-14,Nevada,057,99092,6730,222,6952,76
2021-08-14,Orange,059,3164182,279938,12726,292664,5337
2021-08-14,Placer,061,380077,28687,2293,30980,317
2021-08-14,Plumas,063,18699,899,14,913,5
2021-08-14,Riverside,065,2383286,320463,14858,335321,4709
2021-08-14,Sacramento,067,1510023,128326,2526,130852,1830
2021-08-14,San Benito,069,59416,6498,123,6621,61
2021-08-14,San Bernardino,071,2135413,317202,9652,326854,5465
2021-08-14,San Diego,073,3302833,319634,18448,338082,3854
2021-08-14,San Francisco,075,870044,45688,1814,47502,595
2021-08-14,San Joaquin,077,732212,82704,4154,86858,1534
2021-08-14,San Luis Obispo,079,281455,23933,893,24826,269
2021-08-14,San Mateo,081,765935,47886,667,48553,559
2021-08-14,Santa Barbara,083,443738,37930,1286,39216,475
2021-08-14,Santa Clara,085,1922200,130532,929,131461,1773
2021-08-14,Santa Cruz,087,273765,17801,867,18668,211
2021-08-14,Shasta,089,179085,14251,1938,16189,216
2021-08-14,Sierra,091,2930,86,12,98,0
2021-08-14,Siskiyou,093,43540,2257,528,2785,34
2021-08-14,Solano,095,438530,39238,872,40110,282
2021-08-14,Sonoma,097,501317,35874,417,36291,353
2021-08-14,Stanislaus,099,539301,63036,6794,69830,1039
2021-08-14,Sutter,101,95872,10995,115,11110,131
2021-08-14,Tehama,103,63373,5681,678,6359,79
2021-08-14,Trinity,105,12862,555,126,681,6
2021-08-14,Tulare,107,460477,53346,10324,63670,902
2021-08-14,Tuolumne,109,53932,5073,54,5127,76
2021-08-14,Ventura,111,848112,88259,3714,91973,1066
2021-08-14,Yolo,113,214977,16322,585,16907,252
2021-08-14,Yuba,115,75493,7408,164,7572,54
2021-08-13,Alameda,001,1643700,104159,2256,106415,1330
2021-08-13,Alpine,002,1148,90,0,90,0
2021-08-13,Amador,005,37829,4318,37,4355,49
2021-08-13,Butte,007,227075,14554,2321,16875,215
2021-08-13,Calaveras,009,45235,2645,17,2662,61
2021-08-13,Colusa,011,21464,2184,417,2601,16
2021-08-13,Contra Costa,013,1133247,84452,1631,86083,866
2021-08-13,Del Norte,015,27424,2262,16,2278,16
2021-08-13,El Dorado,017,186661,12617,1046,13663,123
2021-08-13,Fresno,019,978130,111717,9600,121317,1799
2021-08-13,Glenn,021,27897,2631,665,3296,28
2021-08-13,Humboldt,023,135768,6228,112,6340,60
2021-08-13,Imperial,025,180216,29901,2767,32668,752
2021-08-13,Inyo,027,18085,1491,13,1504,39
2021-08-13,Kern,029,883053,103975,13120,117095,1398
2021-08-13,Kings,031,150075,25215,1282,26497,259
2021-08-13,Lake,033,64148,4974,31,5005,74
2021-08-13,Lassen,035,31185,5548,130,5678,20
2021-08-13,Los Angeles,037,10098052,1316987,47062,1364049,24994
2021-08-13,Madera,039,155013,18128,1156,19284,252
2021-08-13,Marin,041,260295,7306,250,7556,186
2021-08-13,Mariposa,043,17540,617,14,631,7
2021-08-13,Mendocino,045,87422,5196,163,5359,55
2021-08-13,Merced,047,269075,33599,1183,34782,514
2021-08-13,Modoc,049,8938,430,148,578,5
2021-08-13,Mono,051,14174,1363,18,1381,3
2021-08-13,Monterey,053,433212,44932,2143,47075,592
2021-08-13,Napa,055,140530,11087,63,11150,85
2021-08-13,Nevada,057,99092,6690,221,6911,75
2021-08-13,Orange,059,3164182,279444,12677,292121,5329
2021-08-13,Placer,061,380077,28583,2266,30849,317
2021-08-13,Plumas,063,18699,885,14,899,5
2021-08-13,Riverside,065,2383286,319724,14833,334557,4700
2021-08-13,Sacramento,067,1510023,127856,2499,130355,1826
2021-08-13,San Benito,069,59416,6492,121,6613,61
2021-08-13,San Bernardino,071,2135413,316533,9633,326166,5458
2021-08-13,San Diego,073,3302833,318588,18369,336957,3852
2021-08-13,San Francisco,075,870044,45552,1791,47343,592
2021-08-13,San Joaquin,077,732212,82487,4138,86625,1528
2021-08-13,San Luis Obispo,079,281455,23870,890,24760,269
2021-08-13,San Mateo,081,765935,47767,666,48433,556
2021-08-13,Santa Barbara,083,443738,37845,1282,39127,475
2021-08-13,Santa Clara,085,1922200,130245,923,131168,1771
2021-08-13,Santa Cruz,087,273765,17761,860,18621,211
2021-08-13,Shasta,089,179085,14188,1924,16112,216
2021-08-13,Sierra,091,2930,85,12,97,0
2021-08-13,Siskiyou,093,43540,2248,524,2772,34
2021-08-13,Solano,095,438530,39104,864,39968,281
2021-08-13,Sonoma,097,501317,35769,417,36186,353
2021-08-13,Stanislaus,099,539301,62864,6753,69617,1039
2021-08-13,Sutter,101,95872,10951,114,11065,131
2021-08-13,Tehama,103,63373,5657,676,6333,79
2021-08-13,Trinity,105,12862,551,126,677,6
2021-08-13,Tulare,107,460477,53241,10251,63492,901
2021-08-13,Tuolumne,109,53932,5040,53,5093,76
2021-08-13,Ventura,111,848112,88101,3701,91802,1065
2021-08-13,Yolo,113,214977,16268,575,16843,250
2021-08-13,Yuba,115,75493,7370,164,7534,54
2021-08-12,Alameda,001,1643700,103672,2243,105915,1324
2021-08-12,Alpine,002,1148,90,0,90,0
2021-08-12,Amador,005,37829,4288,36,4324,49
2021-08-12,Butte,007,227075,14484,2303,16787,214
2021-08-12,Calaveras,009,45235,2629,17,2646,61
2021-08-12,Colusa,011,21464,2179,416,2595,16
2021-08-12,Contra Costa,013,1133247,83967,1616,85583,866
2021-08-12,Del Norte,015,27424,2190,16,2206,11
2021-08-12,El Dorado,017,186661,12502,1037,13539,123
2021-08-12,Fresno,019,978130,111292,9532,120824,1795
2021-08-12,Glenn,021,27897,2623,653,3276,28
2021-08-12,Humboldt,023,135768,6159,108,6267,59
2021-08-12,Imperial,025,180216,29845,2761,32606,752
2021-08-12,Inyo,027,18085,1489,13,1502,39
2021-08-12,Kern,029,883053,103685,13041,116726,1395
2021-08-12,Kings,031,150075,25115,1273,26388,259
2021-08-12,Lake,033,64148,4948,31,4979,72
2021-08-12,Lassen,035,31185,5526,129,5655,20
2021-08-12,Los Angeles,037,10098052,1313795,46928,1360723,24963
2021-08-12,Madera,039,155013,18064,1144,19208,252
2021-08-12,Marin,041,260295,7257,247,7504,186
2021-08-12,Mariposa,043,17540,608,13,621,7
2021-08-12,Mendocino,045,87422,5166,157,5323,55
2021-08-12,Merced,047,269075,33475,1176,34651,514
2021-08-12,Modoc,049,8938,429,148,577,5
2021-08-12,Mono,051,14174,1358,18,1376,3
2021-08-12,Monterey,053,433212,44856,2128,46984,591
2021-08-12,Napa,055,140530,11038,62,11100,84
2021-08-12,Nevada,057,99092,6629,221,6850,75
2021-08-12,Orange,059,3164182,278763,12619,291382,5319
2021-08-12,Placer,061,380077,28383,2243,30626,316
2021-08-12,Plumas,063,18699,877,14,891,5
2021-08-12,Riverside,065,2383286,318715,14801,333516,4686
2021-08-12,Sacramento,067,1510023,127083,2469,129552,1819
2021-08-12,San Benito,069,59416,6475,119,6594,61
2021-08-12,San Bernardino,071,2135413,315659,9603,325262,5448
2021-08-12,San Diego,073,3302833,317217,18280,335497,3846
2021-08-12,San Francisco,075,870044,45345,1778,47123,590
2021-08-12,San Joaquin,077,732212,82092,4114,86206,1524
2021-08-12,San Luis Obispo,079,281455,23770,877,24647,268
2021-08-12,San Mateo,081,765935,47623,663,48286,556
2021-08-12,Santa Barbara,083,443738,37708,1274,38982,475
2021-08-12,Santa Clara,085,1922200,129796,917,130713,1771
2021-08-12,Santa Cruz,087,273765,17697,859,18556,211
2021-08-12,Shasta,089,179085,14103,1897,16000,216
2021-08-12,Sierra,091,2930,85,12,97,0
2021-08-12,Siskiyou,093,43540,2241,515,2756,34
2021-08-12,Solano,095,438530,38877,855,39732,280
2021-08-12,Sonoma,097,501317,35621,414,36035,349
2021-08-12,Stanislaus,099,539301,62599,6694,69293,1036
2021-08-12,Sutter,101,95872,10890,112,11002,131
2021-08-12,Tehama,103,63373,5627,667,6294,79
2021-08-12,Trinity,105,12862,547,125,672,6
2021-08-12,Tulare,107,460477,53096,10202,63298,901
2021-08-12,Tuolumne,109,53932,4993,51,5044,74
2021-08-12,Ventura,111,848112,87864,3677,91541,1065
2021-08-12,Yolo,113,214977,16196,561,16757,249
2021-08-12,Yuba,115,75493,7322,163,7485,54
2021-08-11,Alameda,001,1643700,103166,2240,105406,1319
2021-08-11,Alpine,002,1148,90,0,90,0
2021-08-11,Amador,005,37829,4264,36,4300,49
2021-08-11,Butte,007,227075,14383,2277,16660,213
2021-08-11,Calaveras,009,45235,2607,17,2624,61
2021-08-11,Colusa,011,21464,2169,414,2583,16
2021-08-11,Contra Costa,013,1133247,83466,1598,85064,863
2021-08-11,Del Norte,015,27424,2131,16,2147,10
2021-08-11,El Dorado,017,186661,12391,1025,13416,123
2021-08-11,Fresno,019,978130,110835,9486,120321,1792
2021-08-11,Glenn,021,27897,2614,643,3257,28
2021-08-11,Humboldt,023,135768,6112,107,6219,59
2021-08-11,Imperial,025,180216,29802,2757,32559,751
2021-08-11,Inyo,027,18085,1489,13,1502,39
2021-08-11,Kern,029,883053,103372,12934,116306,1390
2021-08-11,Kings,031,150075,25002,1264,26266,257
2021-08-11,Lake,033,64148,4911,30,4941,71
2021-08-11,Lassen,035,31185,5517,127,5644,20
2021-08-11,Los Angeles,037,10098052,1310465,46743,1357208,24941
2021-08-11,Madera,039,155013,18014,1133,19147,252
2021-08-11,Marin,041,260295,7208,247,7455,185
2021-08-11,Mariposa,043,17540,598,12,610,6
2021-08-11,Mendocino,045,87422,5097,148,5245,55
2021-08-11,Merced,047,269075,33342,1172,34514,513
2021-08-11,Modoc,049,8938,429,148,577,5
2021-08-11,Mono,051,14174,1353,18,1371,3
2021-08-11,Monterey,053,433212,44757,2110,46867,591
2021-08-11,Napa,055,140530,10997,62,11059,84
2021-08-11,Nevada,057,99092,6576,218,6794,74
2021-08-11,Orange,059,3164182,277904,12573,290477,5314
2021-08-11,Placer,061,380077,28171,2217,30388,315
2021-08-11,Plumas,063,18699,868,14,882,5
2021-08-11,Riverside,065,2383286,317722,14766,332488,4681
2021-08-11,Sacramento,067,1510023,126292,2429,128721,1815
2021-08-11,San Benito,069,59416,6462,119,6581,61
2021-08-11,San Bernardino,071,2135413,314766,9584,324350,5440
2021-08-11,San Diego,073,3302833,315745,18176,333921,3841
2021-08-11,San Francisco,075,870044,45120,1770,46890,589
2021-08-11,San Joaquin,077,732212,81685,4087,85772,1523
2021-08-11,San Luis Obispo,079,281455,23666,870,24536,268
2021-08-11,San Mateo,081,765935,47455,660,48115,556
2021-08-11,Santa Barbara,083,443738,37545,1266,38811,475
2021-08-11,Santa Clara,085,1922200,129314,909,130223,1770
2021-08-11,Santa Cruz,087,273765,17632,856,18488,211
2021-08-11,Shasta,089,179085,14029,1882,15911,216
2021-08-11,Sierra,091,2930,84,12,96,0
2021-08-11,Siskiyou,093,43540,2227,508,2735,34
2021-08-11,Solano,095,438530,38644,841,39485,279
2021-08-11,Sonoma,097,501317,35442,409,35851,347
2021-08-11,Stanislaus,099,539301,62268,6664,68932,1034
2021-08-11,Sutter,101,95872,10817,112,10929,131
2021-08-11,Tehama,103,63373,5598,651,6249,78
2021-08-11,Trinity,105,12862,545,125,670,6
2021-08-11,Tulare,107,460477,52928,10158,63086,901
2021-08-11,Tuolumne,109,53932,4961,51,5012,73
2021-08-11,Ventura,111,848112,87612,3656,91268,1062
2021-08-11,Yolo,113,214977,16121,545,16666,248
2021-08-11,Yuba,115,75493,7263,162,7425,54
2021-08-10,Alameda,001,1643700,102697,2233,104930,1317
2021-08-10,Alpine,002,1148,90,0,90,0
2021-08-10,Amador,005,37829,4248,36,4284,48
2021-08-10,Butte,007,227075,14299,2257,16556,212
2021-08-10,Calaveras,009,45235,2583,15,2598,60
2021-08-10,Colusa,011,21464,2156,405,2561,16
2021-08-10,Contra Costa,013,1133247,82923,1588,84511,861
2021-08-10,Del Norte,015,27424,2087,16,2103,10
2021-08-10,El Dorado,017,186661,12290,1013,13303,123
2021-08-10,Fresno,019,978130,110374,9430,119804,1790
2021-08-10,Glenn,021,27897,2601,633,3234,28
2021-08-10,Humboldt,023,135768,6058,104,6162,58
2021-08-10,Imperial,025,180216,29767,2750,32517,751
2021-08-10,Inyo,027,18085,1489,13,1502,39
2021-08-10,Kern,029,883053,103044,12838,115882,1387
2021-08-10,Kings,031,150075,24876,1248,26124,257
2021-08-10,Lake,033,64148,4870,30,4900,71
2021-08-10,Lassen,035,31185,5499,127,5626,20
2021-08-10,Los Angeles,037,10098052,1306707,46581,1353288,24927
2021-08-10,Madera,039,155013,17941,1123,19064,252
2021-08-10,Marin,041,260295,7161,247,7408,185
2021-08-10,Mariposa,043,17540,585,12,597,6
2021-08-10,Mendocino,045,87422,5052,144,5196,55
2021-08-10,Merced,047,269075,33194,1163,34357,513
2021-08-10,Modoc,049,8938,428,148,576,5
2021-08-10,Mono,051,14174,1348,18,1366,3
2021-08-10,Monterey,053,433212,44695,2095,46790,591
2021-08-10,Napa,055,140530,10942,61,11003,84
2021-08-10,Nevada,057,99092,6511,217,6728,74
2021-08-10,Orange,059,3164182,277024,12526,289550,5309
2021-08-10,Placer,061,380077,27952,2175,30127,314
2021-08-10,Plumas,063,18699,859,14,873,5
2021-08-10,Riverside,065,2383286,316606,14740,331346,4673
2021-08-10,Sacramento,067,1510023,125439,2398,127837,1804
2021-08-10,San Benito,069,59416,6448,119,6567,61
2021-08-10,San Bernardino,071,2135413,313842,9566,323408,5438
2021-08-10,San Diego,073,3302833,314098,18084,332182,3836
2021-08-10,San Francisco,075,870044,44867,1755,46622,589
2021-08-10,San Joaquin,077,732212,81287,4069,85356,1521
2021-08-10,San Luis Obispo,079,281455,23540,868,24408,267
2021-08-10,San Mateo,081,765935,47283,658,47941,556
2021-08-10,Santa Barbara,083,443738,37380,1259,38639,475
2021-08-10,Santa Clara,085,1922200,128851,902,129753,1769
2021-08-10,Santa Cruz,087,273765,17549,854,18403,211
2021-08-10,Shasta,089,179085,13951,1859,15810,213
2021-08-10,Sierra,091,2930,84,12,96,0
2021-08-10,Siskiyou,093,43540,2218,501,2719,34
2021-08-10,Solano,095,438530,38401,830,39231,278
2021-08-10,Sonoma,097,501317,35297,406,35703,345
2021-08-10,Stanislaus,099,539301,61922,6627,68549,1031
2021-08-10,Sutter,101,95872,10752,112,10864,131
2021-08-10,Tehama,103,63373,5569,646,6215,78
2021-08-10,Trinity,105,12862,545,125,670,5
2021-08-10,Tulare,107,460477,52764,10106,62870,898
2021-08-10,Tuolumne,109,53932,4932,49,4981,72
2021-08-10,Ventura,111,848112,87323,3635,90958,1061
2021-08-10,Yolo,113,214977,16034,535,16569,248
2021-08-10,Yuba,115,75493,7214,162,7376,54
2021-08-09,Alameda,001,1643700,102146,2229,104375,1314
2021-08-09,Alpine,002,1148,90,0,90,0
2021-08-09,Amador,005,37829,4222,36,4258,48
2021-08-09,Butte,007,227075,14200,2229,16429,210
2021-08-09,Calaveras,009,45235,2558,15,2573,60
2021-08-09,Colusa,011,21464,2146,398,2544,16
2021-08-09,Contra Costa,013,1133247,82381,1576,83957,859
2021-08-09,Del Norte,015,27424,2019,16,2035,10
2021-08-09,El Dorado,017,186661,12183,1000,13183,123
2021-08-09,Fresno,019,978130,109880,9391,119271,1787
2021-08-09,Glenn,021,27897,2590,621,3211,28
2021-08-09,Humboldt,023,135768,5967,102,6069,58
2021-08-09,Imperial,025,180216,29722,2746,32468,751
2021-08-09,Inyo,027,18085,1489,13,1502,39
2021-08-09,Kern,029,883053,102732,12752,115484,1387
2021-08-09,Kings,031,150075,24769,1234,26003,256
2021-08-09,Lake,033,64148,4835,28,4863,70
2021-08-09,Lassen,035,31185,5477,126,5603,19
2021-08-09,Los Angeles,037,10098052,1302689,46382,1349071,24902
2021-08-09,Madera,039,155013,17882,1103,18985,252
2021-08-09,Marin,041,260295,7108,246,7354,185
2021-08-09,Mariposa,043,17540,572,12,584,6
2021-08-09,Mendocino,045,87422,5001,136,5137,55
2021-08-09,Merced,047,269075,33048,1156,34204,513
2021-08-09,Modoc,049,8938,428,148,576,5
2021-08-09,Mono,051,14174,1345,18,1363,3
2021-08-09,Monterey,053,433212,44623,2080,46703,591
2021-08-09,Napa,055,140530,10895,61,10956,84
2021-08-09,Nevada,057,99092,6439,216,6655,74
2021-08-09,Orange,059,3164182,275983,12471,288454,5300
2021-08-09,Placer,061,380077,27728,2144,29872,314
2021-08-09,Plumas,063,18699,842,14,856,5
2021-08-09,Riverside,065,2383286,315529,14722,330251,4667
2021-08-09,Sacramento,067,1510023,124605,2373,126978,1797
2021-08-09,San Benito,069,59416,6428,117,6545,61
2021-08-09,San Bernardino,071,2135413,312857,9543,322400,5437
2021-08-09,San Diego,073,3302833,312438,17985,330423,3836
2021-08-09,San Francisco,075,870044,44621,1739,46360,588
2021-08-09,San Joaquin,077,732212,80904,4051,84955,1518
2021-08-09,San Luis Obispo,079,281455,23401,859,24260,267
2021-08-09,San Mateo,081,765935,47111,655,47766,556
2021-08-09,Santa Barbara,083,443738,37196,1251,38447,475
2021-08-09,Santa Clara,085,1922200,128348,893,129241,1768
2021-08-09,Santa Cruz,087,273765,17487,854,18341,211
2021-08-09,Shasta,089,179085,13834,1848,15682,212
2021-08-09,Sierra,091,2930,83,12,95,0
2021-08-09,Siskiyou,093,43540,2206,486,2692,34
2021-08-09,Solano,095,438530,38124,828,38952,278
2021-08-09,Sonoma,097,501317,35116,404,35520,343
2021-08-09,Stanislaus,099,539301,61643,6578,68221,1029
2021-08-09,Sutter,101,95872,10703,109,10812,131
2021-08-09,Tehama,103,63373,5527,645,6172,78
2021-08-09,Trinity,105,12862,543,123,666,5
2021-08-09,Tulare,107,460477,52604,10043,62647,897
2021-08-09,Tuolumne,109,53932,4890,49,4939,69
2021-08-09,Ventura,111,848112,87051,3624,90675,1060
2021-08-09,Yolo,113,214977,15956,514,16470,247
2021-08-09,Yuba,115,75493,7155,162,7317,54
2021-08-08,Alameda,001,1643700,101597,2223,103820,1310
2021-08-08,Alpine,002,1148,90,0,90,0
2021-08-08,Amador,005,37829,4188,35,4223,48
2021-08-08,Butte,007,227075,14118,2209,16327,208
2021-08-08,Calaveras,009,45235,2525,15,2540,60
2021-08-08,Colusa,011,21464,2129,391,2520,16
2021-08-08,Contra Costa,013,1133247,81856,1568,83424,859
2021-08-08,Del Norte,015,27424,1973,16,1989,10
2021-08-08,El Dorado,017,186661,12062,990,13052,123
2021-08-08,Fresno,019,978130,109436,9354,118790,1786
2021-08-08,Glenn,021,27897,2582,614,3196,28
2021-08-08,Humboldt,023,135768,5878,102,5980,57
2021-08-08,Imperial,025,180216,29698,2736,32434,750
2021-08-08,Inyo,027,18085,1489,13,1502,39
2021-08-08,Kern,029,883053,102412,12640,115052,1384
2021-08-08,Kings,031,150075,24655,1225,25880,256
2021-08-08,Lake,033,64148,4785,27,4812,70
2021-08-08,Lassen,035,31185,5462,125,5587,19
2021-08-08,Los Angeles,037,10098052,1298440,46199,1344639,24874
2021-08-08,Madera,039,155013,17803,1086,18889,252
2021-08-08,Marin,041,260295,7055,244,7299,185
2021-08-08,Mariposa,043,17540,568,12,580,6
2021-08-08,Mendocino,045,87422,4939,123,5062,55
2021-08-08,Merced,047,269075,32901,1147,34048,513
2021-08-08,Modoc,049,8938,427,147,574,5
2021-08-08,Mono,051,14174,1341,18,1359,3
2021-08-08,Monterey,053,433212,44553,2069,46622,591
2021-08-08,Napa,055,140530,10859,61,10920,84
2021-08-08,Nevada,057,99092,6354,214,6568,74
2021-08-08,Orange,059,3164182,275068,12429,287497,5297
2021-08-08,Placer,061,380077,27519,2103,29622,314
2021-08-08,Plumas,063,18699,833,14,847,5
2021-08-08,Riverside,065,2383286,314406,14699,329105,4664
2021-08-08,Sacramento,067,1510023,123776,2361,126137,1792
2021-08-08,San Benito,069,59416,6411,116,6527,61
2021-08-08,San Bernardino,071,2135413,311715,9514,321229,5433
2021-08-08,San Diego,073,3302833,311096,17887,328983,3833
2021-08-08,San Francisco,075,870044,44359,1717,46076,587
2021-08-08,San Joaquin,077,732212,80456,4035,84491,1517
2021-08-08,San Luis Obispo,079,281455,23227,851,24078,267
2021-08-08,San Mateo,081,765935,46921,652,47573,556
2021-08-08,Santa Barbara,083,443738,37019,1244,38263,472
2021-08-08,Santa Clara,085,1922200,127896,888,128784,1766
2021-08-08,Santa Cruz,087,273765,17415,849,18264,211
2021-08-08,Shasta,089,179085,13749,1837,15586,212
2021-08-08,Sierra,091,2930,83,12,95,0
2021-08-08,Siskiyou,093,43540,2190,481,2671,34
2021-08-08,Solano,095,438530,37871,824,38695,277
2021-08-08,Sonoma,097,501317,34872,403,35275,342
2021-08-08,Stanislaus,099,539301,61317,6533,67850,1027
2021-08-08,Sutter,101,95872,10643,108,10751,131
2021-08-08,Tehama,103,63373,5491,642,6133,78
2021-08-08,Trinity,105,12862,538,123,661,5
2021-08-08,Tulare,107,460477,52425,9984,62409,894
2021-08-08,Tuolumne,109,53932,4850,49,4899,69
2021-08-08,Ventura,111,848112,86760,3614,90374,1057
2021-08-08,Yolo,113,214977,15864,507,16371,247
2021-08-08,Yuba,115,75493,7116,162,7278,54
2021-08-07,Alameda,001,1643700,101350,2217,103567,1307
2021-08-07,Alpine,002,1148,90,0,90,0
2021-08-07,Amador,005,37829,4171,34,4205,48
2021-08-07,Butte,007,227075,14066,2197,16263,208
2021-08-07,Calaveras,009,45235,2515,15,2530,60
2021-08-07,Colusa,011,21464,2124,382,2506,16
2021-08-07,Contra Costa,013,1133247,81559,1565,83124,858
2021-08-07,Del Norte,015,27424,1941,16,1957,10
2021-08-07,El Dorado,017,186661,12014,983,12997,123
2021-08-07,Fresno,019,978130,109232,9328,118560,1784
2021-08-07,Glenn,021,27897,2574,613,3187,28
2021-08-07,Humboldt,023,135768,5828,99,5927,57
2021-08-07,Imperial,025,180216,29679,2736,32415,750
2021-08-07,Inyo,027,18085,1487,13,1500,39
2021-08-07,Kern,029,883053,102254,12584,114838,1382
2021-08-07,Kings,031,150075,24594,1219,25813,256
2021-08-07,Lake,033,64148,4764,27,4791,69
2021-08-07,Lassen,035,31185,5458,125,5583,19
2021-08-07,Los Angeles,037,10098052,1296402,46054,1342456,24855
2021-08-07,Madera,039,155013,17768,1082,18850,252
2021-08-07,Marin,041,260295,7021,243,7264,185
2021-08-07,Mariposa,043,17540,565,12,577,6
2021-08-07,Mendocino,045,87422,4903,121,5024,54
2021-08-07,Merced,047,269075,32837,1144,33981,511
2021-08-07,Modoc,049,8938,427,147,574,5
2021-08-07,Mono,051,14174,1338,18,1356,3
2021-08-07,Monterey,053,433212,44501,2064,46565,591
2021-08-07,Napa,055,140530,10838,60,10898,84
2021-08-07,Nevada,057,99092,6304,212,6516,74
2021-08-07,Orange,059,3164182,274475,12399,286874,5293
2021-08-07,Placer,061,380077,27330,2094,29424,313
2021-08-07,Plumas,063,18699,828,14,842,5
2021-08-07,Riverside,065,2383286,313734,14692,328426,4660
2021-08-07,Sacramento,067,1510023,123274,2357,125631,1785
2021-08-07,San Benito,069,59416,6401,116,6517,61
2021-08-07,San Bernardino,071,2135413,311127,9497,320624,5423
2021-08-07,San Diego,073,3302833,310340,17852,328192,3829
2021-08-07,San Francisco,075,870044,44187,1699,45886,587
2021-08-07,San Joaquin,077,732212,80292,4020,84312,1514
2021-08-07,San Luis Obispo,079,281455,23158,850,24008,266
2021-08-07,San Mateo,081,765935,46793,650,47443,556
2021-08-07,Santa Barbara,083,443738,36923,1238,38161,472
2021-08-07,Santa Clara,085,1922200,127625,883,128508,1765
2021-08-07,Santa Cruz,087,273765,17373,847,18220,211
2021-08-07,Shasta,089,179085,13693,1830,15523,212
2021-08-07,Sierra,091,2930,83,12,95,0
2021-08-07,Siskiyou,093,43540,2178,479,2657,34
2021-08-07,Solano,095,438530,37757,816,38573,275
2021-08-07,Sonoma,097,501317,34749,403,35152,341
2021-08-07,Stanislaus,099,539301,61146,6503,67649,1026
2021-08-07,Sutter,101,95872,10606,108,10714,129
2021-08-07,Tehama,103,63373,5480,637,6117,78
2021-08-07,Trinity,105,12862,534,122,656,5
2021-08-07,Tulare,107,460477,52339,9946,62285,894
2021-08-07,Tuolumne,109,53932,4820,49,4869,69
2021-08-07,Ventura,111,848112,86581,3600,90181,1057
2021-08-07,Yolo,113,214977,15821,502,16323,247
2021-08-07,Yuba,115,75493,7091,160,7251,54
2021-08-06,Alameda,001,1643700,101021,2211,103232,1303
2021-08-06,Alpine,002,1148,90,0,90,0
2021-08-06,Amador,005,37829,4150,34,4184,48
2021-08-06,Butte,007,227075,14015,2182,16197,207
2021-08-06,Calaveras,009,45235,2504,15,2519,60
2021-08-06,Colusa,011,21464,2117,377,2494,16
2021-08-06,Contra Costa,013,1133247,81264,1560,82824,857
2021-08-06,Del Norte,015,27424,1914,15,1929,10
2021-08-06,El Dorado,017,186661,11964,971,12935,123
2021-08-06,Fresno,019,978130,108968,9301,118269,1783
2021-08-06,Glenn,021,27897,2559,610,3169,28
2021-08-06,Humboldt,023,135768,5777,96,5873,57
2021-08-06,Imperial,025,180216,29668,2732,32400,750
2021-08-06,Inyo,027,18085,1484,13,1497,39
2021-08-06,Kern,029,883053,102077,12499,114576,1380
2021-08-06,Kings,031,150075,24539,1215,25754,255
2021-08-06,Lake,033,64148,4741,27,4768,69
2021-08-06,Lassen,035,31185,5436,125,5561,19
2021-08-06,Los Angeles,037,10098052,1293909,45905,1339814,24832
2021-08-06,Madera,039,155013,17729,1073,18802,252
2021-08-06,Marin,041,260295,6988,243,7231,185
2021-08-06,Mariposa,043,17540,556,12,568,6
2021-08-06,Mendocino,045,87422,4861,120,4981,54
2021-08-06,Merced,047,269075,32777,1141,33918,511
2021-08-06,Modoc,049,8938,427,147,574,5
2021-08-06,Mono,051,14174,1337,18,1355,3
2021-08-06,Monterey,053,433212,44433,2051,46484,591
2021-08-06,Napa,055,140530,10811,60,10871,84
2021-08-06,Nevada,057,99092,6248,212,6460,73
2021-08-06,Orange,059,3164182,273908,12382,286290,5291
2021-08-06,Placer,061,380077,27207,2073,29280,312
2021-08-06,Plumas,063,18699,819,14,833,5
2021-08-06,Riverside,065,2383286,313025,14681,327706,4656
2021-08-06,Sacramento,067,1510023,122782,2337,125119,1780
2021-08-06,San Benito,069,59416,6384,116,6500,61
2021-08-06,San Bernardino,071,2135413,310426,9487,319913,5421
2021-08-06,San Diego,073,3302833,309300,17803,327103,3828
2021-08-06,San Francisco,075,870044,44031,1681,45712,586
2021-08-06,San Joaquin,077,732212,80142,4008,84150,1510
2021-08-06,San Luis Obispo,079,281455,23090,845,23935,266
2021-08-06,San Mateo,081,765935,46641,645,47286,555
2021-08-06,Santa Barbara,083,443738,36833,1234,38067,471
2021-08-06,Santa Clara,085,1922200,127335,878,128213,1763
2021-08-06,Santa Cruz,087,273765,17329,843,18172,211
2021-08-06,Shasta,089,179085,13627,1824,15451,211
2021-08-06,Sierra,091,2930,83,12,95,0
2021-08-06,Siskiyou,093,43540,2168,475,2643,34
2021-08-06,Solano,095,438530,37647,807,38454,275
2021-08-06,Sonoma,097,501317,34663,402,35065,340
2021-08-06,Stanislaus,099,539301,61007,6483,67490,1026
2021-08-06,Sutter,101,95872,10563,108,10671,129
2021-08-06,Tehama,103,63373,5456,635,6091,78
2021-08-06,Trinity,105,12862,533,121,654,5
2021-08-06,Tulare,107,460477,52238,9899,62137,894
2021-08-06,Tuolumne,109,53932,4793,49,4842,69
2021-08-06,Ventura,111,848112,86410,3588,89998,1056
2021-08-06,Yolo,113,214977,15768,497,16265,247
2021-08-06,Yuba,115,75493,7068,160,7228,54
2021-08-05,Alameda,001,1643700,100537,2207,102744,1303
2021-08-05,Alpine,002,1148,90,0,90,0
2021-08-05,Amador,005,37829,4130,34,4164,48
2021-08-05,Butte,007,227075,13954,2159,16113,207
2021-08-05,Calaveras,009,45235,2485,15,2500,60
2021-08-05,Colusa,011,21464,2105,372,2477,16
2021-08-05,Contra Costa,013,1133247,80837,1553,82390,854
2021-08-05,Del Norte,015,27424,1887,15,1902,10
2021-08-05,El Dorado,017,186661,11879,960,12839,123
2021-08-05,Fresno,019,978130,108596,9264,117860,1781
2021-08-05,Glenn,021,27897,2553,607,3160,28
2021-08-05,Humboldt,023,135768,5703,95,5798,56
2021-08-05,Imperial,025,180216,29637,2728,32365,749
2021-08-05,Inyo,027,18085,1480,13,1493,39
2021-08-05,Kern,029,883053,101855,12414,114269,1379
2021-08-05,Kings,031,150075,24455,1210,25665,255
2021-08-05,Lake,033,64148,4702,25,4727,69
2021-08-05,Lassen,035,31185,5428,125,5553,19
2021-08-05,Los Angeles,037,10098052,1290689,45773,1336462,24815
2021-08-05,Madera,039,155013,17688,1065,18753,252
2021-08-05,Marin,041,260295,6944,239,7183,185
2021-08-05,Mariposa,043,17540,545,11,556,6
2021-08-05,Mendocino,045,87422,4818,111,4929,54
2021-08-05,Merced,047,269075,32710,1130,33840,510
2021-08-05,Modoc,049,8938,426,147,573,5
2021-08-05,Mono,051,14174,1329,18,1347,3
2021-08-05,Monterey,053,433212,44376,2033,46409,591
2021-08-05,Napa,055,140530,10775,58,10833,84
2021-08-05,Nevada,057,99092,6165,209,6374,73
2021-08-05,Orange,059,3164182,273126,12355,285481,5288
2021-08-05,Placer,061,380077,27008,2046,29054,312
2021-08-05,Plumas,063,18699,810,14,824,5
2021-08-05,Riverside,065,2383286,312108,14655,326763,4652
2021-08-05,Sacramento,067,1510023,122074,2323,124397,1772
2021-08-05,San Benito,069,59416,6366,116,6482,61
2021-08-05,San Bernardino,071,2135413,309591,9466,319057,5417
2021-08-05,San Diego,073,3302833,308027,17721,325748,3825
2021-08-05,San Francisco,075,870044,43819,1672,45491,586
2021-08-05,San Joaquin,077,732212,79780,3990,83770,1506
2021-08-05,San Luis Obispo,079,281455,22975,839,23814,265
2021-08-05,San Mateo,081,765935,46468,643,47111,554
2021-08-05,Santa Barbara,083,443738,36726,1231,37957,471
2021-08-05,Santa Clara,085,1922200,127002,878,127880,1763
2021-08-05,Santa Cruz,087,273765,17285,840,18125,211
2021-08-05,Shasta,089,179085,13569,1816,15385,211
2021-08-05,Sierra,091,2930,78,12,90,0
2021-08-05,Siskiyou,093,43540,2147,466,2613,34
2021-08-05,Solano,095,438530,37466,800,38266,275
2021-08-05,Sonoma,097,501317,34528,401,34929,338
2021-08-05,Stanislaus,099,539301,60785,6444,67229,1024
2021-08-05,Sutter,101,95872,10508,108,10616,129
2021-08-05,Tehama,103,63373,5438,632,6070,78
2021-08-05,Trinity,105,12862,527,121,648,5
2021-08-05,Tulare,107,460477,52121,9845,61966,894
2021-08-05,Tuolumne,109,53932,4763,49,4812,69
2021-08-05,Ventura,111,848112,86159,3574,89733,1055
2021-08-05,Yolo,113,214977,15701,487,16188,246
2021-08-05,Yuba,115,75493,7025,158,7183,53
2021-08-04,Alameda,001,1643700,100033,2196,102229,1303
2021-08-04,Alpine,002,1148,90,0,90,0
2021-08-04,Amador,005,37829,4100,33,4133,48
2021-08-04,Butte,007,227075,13886,2142,16028,206
2021-08-04,Calaveras,009,45235,2460,15,2475,59
2021-08-04,Colusa,011,21464,2093,366,2459,16
2021-08-04,Contra Costa,013,1133247,80321,1548,81869,854
2021-08-04,Del Norte,015,27424,1864,15,1879,10
2021-08-04,El Dorado,017,186661,11799,949,12748,123
2021-08-04,Fresno,019,978130,108225,9225,117450,1778
2021-08-04,Glenn,021,27897,2545,605,3150,28
2021-08-04,Humboldt,023,135768,5627,94,5721,55
2021-08-04,Imperial,025,180216,29589,2726,32315,749
2021-08-04,Inyo,027,18085,1479,13,1492,39
2021-08-04,Kern,029,883053,101605,12331,113936,1379
2021-08-04,Kings,031,150075,24383,1202,25585,255
2021-08-04,Lake,033,64148,4672,20,4692,69
2021-08-04,Lassen,035,31185,5420,125,5545,19
2021-08-04,Los Angeles,037,10098052,1287196,45615,1332811,24792
2021-08-04,Madera,039,155013,17653,1058,18711,252
2021-08-04,Marin,041,260295,6897,237,7134,185
2021-08-04,Mariposa,043,17540,530,11,541,6
2021-08-04,Mendocino,045,87422,4794,107,4901,54
2021-08-04,Merced,047,269075,32572,1125,33697,510
2021-08-04,Modoc,049,8938,426,147,573,5
2021-08-04,Mono,051,14174,1325,18,1343,3
2021-08-04,Monterey,053,433212,44311,2022,46333,591
2021-08-04,Napa,055,140530,10738,58,10796,84
2021-08-04,Nevada,057,99092,6100,208,6308,73
2021-08-04,Orange,059,3164182,272250,12318,284568,5286
2021-08-04,Placer,061,380077,26790,2026,28816,312
2021-08-04,Plumas,063,18699,804,14,818,5
2021-08-04,Riverside,065,2383286,311183,14630,325813,4648
2021-08-04,Sacramento,067,1510023,121317,2297,123614,1770
2021-08-04,San Benito,069,59416,6351,116,6467,61
2021-08-04,San Bernardino,071,2135413,308734,9447,318181,5409
2021-08-04,San Diego,073,3302833,306512,17654,324166,3824
2021-08-04,San Francisco,075,870044,43563,1660,45223,585
2021-08-04,San Joaquin,077,732212,79423,3978,83401,1505
2021-08-04,San Luis Obispo,079,281455,22865,833,23698,265
2021-08-04,San Mateo,081,765935,46296,642,46938,553
2021-08-04,Santa Barbara,083,443738,36597,1223,37820,471
2021-08-04,Santa Clara,085,1922200,126611,871,127482,1763
2021-08-04,Santa Cruz,087,273765,17223,833,18056,211
2021-08-04,Shasta,089,179085,13518,1805,15323,211
2021-08-04,Sierra,091,2930,78,12,90,0
2021-08-04,Siskiyou,093,43540,2127,462,2589,34
2021-08-04,Solano,095,438530,37265,791,38056,274
2021-08-04,Sonoma,097,501317,34356,399,34755,338
2021-08-04,Stanislaus,099,539301,60559,6406,66965,1023
2021-08-04,Sutter,101,95872,10471,108,10579,129
2021-08-04,Tehama,103,63373,5412,626,6038,78
2021-08-04,Trinity,105,12862,525,118,643,5
2021-08-04,Tulare,107,460477,52011,9801,61812,893
2021-08-04,Tuolumne,109,53932,4738,49,4787,69
2021-08-04,Ventura,111,848112,85901,3552,89453,1054
2021-08-04,Yolo,113,214977,15620,474,16094,246
2021-08-04,Yuba,115,75493,6985,157,7142,52
2021-08-03,Alameda,001,1643700,99585,2191,101776,1302
2021-08-03,Alpine,002,1148,90,0,90,0
2021-08-03,Amador,005,37829,4064,33,4097,48
2021-08-03,Butte,007,227075,13819,2127,15946,206
2021-08-03,Calaveras,009,45235,2438,15,2453,59
2021-08-03,Colusa,011,21464,2080,360,2440,16
2021-08-03,Contra Costa,013,1133247,79839,1541,81380,852
2021-08-03,Del Norte,015,27424,1832,14,1846,10
2021-08-03,El Dorado,017,186661,11706,938,12644,123
2021-08-03,Fresno,019,978130,107863,9194,117057,1773
2021-08-03,Glenn,021,27897,2538,599,3137,28
2021-08-03,Humboldt,023,135768,5562,89,5651,55
2021-08-03,Imperial,025,180216,29567,2719,32286,749
2021-08-03,Inyo,027,18085,1476,13,1489,39
2021-08-03,Kern,029,883053,101343,12252,113595,1377
2021-08-03,Kings,031,150075,24295,1195,25490,255
2021-08-03,Lake,033,64148,4616,16,4632,69
2021-08-03,Lassen,035,31185,5410,125,5535,19
2021-08-03,Los Angeles,037,10098052,1283448,45442,1328890,24773
2021-08-03,Madera,039,155013,17612,1043,18655,252
2021-08-03,Marin,041,260295,6848,234,7082,185
2021-08-03,Mariposa,043,17540,519,11,530,6
2021-08-03,Mendocino,045,87422,4745,106,4851,53
2021-08-03,Merced,047,269075,32490,1123,33613,509
2021-08-03,Modoc,049,8938,426,147,573,5
2021-08-03,Mono,051,14174,1320,18,1338,3
2021-08-03,Monterey,053,433212,44248,2009,46257,591
2021-08-03,Napa,055,140530,10695,57,10752,84
2021-08-03,Nevada,057,99092,6020,207,6227,73
2021-08-03,Orange,059,3164182,271510,12288,283798,5284
2021-08-03,Placer,061,380077,26589,2002,28591,312
2021-08-03,Plumas,063,18699,797,14,811,5
2021-08-03,Riverside,065,2383286,310257,14604,324861,4642
2021-08-03,Sacramento,067,1510023,120572,2277,122849,1768
2021-08-03,San Benito,069,59416,6336,115,6451,61
2021-08-03,San Bernardino,071,2135413,307812,9429,317241,5408
2021-08-03,San Diego,073,3302833,305070,17544,322614,3821
2021-08-03,San Francisco,075,870044,43280,1640,44920,584
2021-08-03,San Joaquin,077,732212,79072,3957,83029,1504
2021-08-03,San Luis Obispo,079,281455,22725,826,23551,265
2021-08-03,San Mateo,081,765935,46104,637,46741,553
2021-08-03,Santa Barbara,083,443738,36478,1217,37695,470
2021-08-03,Santa Clara,085,1922200,126190,865,127055,1763
2021-08-03,Santa Cruz,087,273765,17157,830,17987,211
2021-08-03,Shasta,089,179085,13443,1794,15237,211
2021-08-03,Sierra,091,2930,78,12,90,0
2021-08-03,Siskiyou,093,43540,2116,457,2573,34
2021-08-03,Solano,095,438530,37046,779,37825,274
2021-08-03,Sonoma,097,501317,34175,398,34573,336
2021-08-03,Stanislaus,099,539301,60337,6387,66724,1022
2021-08-03,Sutter,101,95872,10431,107,10538,129
2021-08-03,Tehama,103,63373,5385,621,6006,78
2021-08-03,Trinity,105,12862,522,115,637,5
2021-08-03,Tulare,107,460477,51916,9755,61671,892
2021-08-03,Tuolumne,109,53932,4703,49,4752,69
2021-08-03,Ventura,111,848112,85657,3531,89188,1054
2021-08-03,Yolo,113,214977,15528,459,15987,245
2021-08-03,Yuba,115,75493,6948,155,7103,51
2021-08-02,Alameda,001,1643700,99028,2187,101215,1301
2021-08-02,Alpine,002,1148,90,0,90,0
2021-08-02,Amador,005,37829,4044,33,4077,48
2021-08-02,Butte,007,227075,13739,2108,15847,206
2021-08-02,Calaveras,009,45235,2413,15,2428,59
2021-08-02,Colusa,011,21464,2068,357,2425,16
2021-08-02,Contra Costa,013,1133247,79329,1527,80856,851
2021-08-02,Del Norte,015,27424,1802,14,1816,10
2021-08-02,El Dorado,017,186661,11603,924,12527,123
2021-08-02,Fresno,019,978130,107519,9157,116676,1772
2021-08-02,Glenn,021,27897,2530,596,3126,28
2021-08-02,Humboldt,023,135768,5478,87,5565,53
2021-08-02,Imperial,025,180216,29534,2716,32250,749
2021-08-02,Inyo,027,18085,1470,13,1483,39
2021-08-02,Kern,029,883053,101088,12161,113249,1374
2021-08-02,Kings,031,150075,24225,1189,25414,254
2021-08-02,Lake,033,64148,4573,16,4589,68
2021-08-02,Lassen,035,31185,5387,123,5510,19
2021-08-02,Los Angeles,037,10098052,1279724,45238,1324962,24761
2021-08-02,Madera,039,155013,17568,1030,18598,252
2021-08-02,Marin,041,260295,6805,233,7038,185
2021-08-02,Mariposa,043,17540,510,11,521,6
2021-08-02,Mendocino,045,87422,4705,103,4808,53
2021-08-02,Merced,047,269075,32392,1116,33508,509
2021-08-02,Modoc,049,8938,426,147,573,5
2021-08-02,Mono,051,14174,1313,18,1331,3
2021-08-02,Monterey,053,433212,44188,2001,46189,591
2021-08-02,Napa,055,140530,10652,54,10706,83
2021-08-02,Nevada,057,99092,5949,206,6155,73
2021-08-02,Orange,059,3164182,270594,12243,282837,5281
2021-08-02,Placer,061,380077,26442,1968,28410,311
2021-08-02,Plumas,063,18699,790,14,804,5
2021-08-02,Riverside,065,2383286,309318,14589,323907,4638
2021-08-02,Sacramento,067,1510023,119874,2258,122132,1764
2021-08-02,San Benito,069,59416,6317,114,6431,61
2021-08-02,San Bernardino,071,2135413,306937,9396,316333,5399
2021-08-02,San Diego,073,3302833,303586,17464,321050,3818
2021-08-02,San Francisco,075,870044,42994,1617,44611,582
2021-08-02,San Joaquin,077,732212,78729,3932,82661,1502
2021-08-02,San Luis Obispo,079,281455,22631,819,23450,265
2021-08-02,San Mateo,081,765935,45927,625,46552,553
2021-08-02,Santa Barbara,083,443738,36341,1211,37552,470
2021-08-02,Santa Clara,085,1922200,125718,857,126575,1762
2021-08-02,Santa Cruz,087,273765,17099,826,17925,211
2021-08-02,Shasta,089,179085,13381,1780,15161,211
2021-08-02,Sierra,091,2930,78,12,90,0
2021-08-02,Siskiyou,093,43540,2105,443,2548,34
2021-08-02,Solano,095,438530,36800,766,37566,274
2021-08-02,Sonoma,097,501317,33949,393,34342,336
2021-08-02,Stanislaus,099,539301,60118,6360,66478,1022
2021-08-02,Sutter,101,95872,10385,107,10492,129
2021-08-02,Tehama,103,63373,5362,617,5979,78
2021-08-02,Trinity,105,12862,518,114,632,5
2021-08-02,Tulare,107,460477,51815,9683,61498,891
2021-08-02,Tuolumne,109,53932,4636,49,4685,68
2021-08-02,Ventura,111,848112,85472,3508,88980,1052
2021-08-02,Yolo,113,214977,15430,442,15872,244
2021-08-02,Yuba,115,75493,6906,152,7058,50
2021-08-01,Alameda,001,1643700,98497,2181,100678,1298
2021-08-01,Alpine,002,1148,90,0,90,0
2021-08-01,Amador,005,37829,4006,33,4039,48
2021-08-01,Butte,007,227075,13661,2090,15751,206
2021-08-01,Calaveras,009,45235,2389,15,2404,59
2021-08-01,Colusa,011,21464,2057,355,2412,16
2021-08-01,Contra Costa,013,1133247,78893,1520,80413,850
2021-08-01,Del Norte,015,27424,1770,14,1784,10
2021-08-01,El Dorado,017,186661,11502,913,12415,123
2021-08-01,Fresno,019,978130,107192,9112,116304,1769
2021-08-01,Glenn,021,27897,2524,593,3117,28
2021-08-01,Humboldt,023,135768,5401,83,5484,52
2021-08-01,Imperial,025,180216,29499,2712,32211,748
2021-08-01,Inyo,027,18085,1468,13,1481,39
2021-08-01,Kern,029,883053,100810,12086,112896,1373
2021-08-01,Kings,031,150075,24138,1184,25322,254
2021-08-01,Lake,033,64148,4494,16,4510,68
2021-08-01,Lassen,035,31185,5374,121,5495,19
2021-08-01,Los Angeles,037,10098052,1276032,45016,1321048,24746
2021-08-01,Madera,039,155013,17512,1025,18537,252
2021-08-01,Marin,041,260295,6728,232,6960,185
2021-08-01,Mariposa,043,17540,503,11,514,6
2021-08-01,Mendocino,045,87422,4659,99,4758,53
2021-08-01,Merced,047,269075,32300,1110,33410,509
2021-08-01,Modoc,049,8938,424,147,571,5
2021-08-01,Mono,051,14174,1310,18,1328,3
2021-08-01,Monterey,053,433212,44141,1988,46129,591
2021-08-01,Napa,055,140530,10603,52,10655,83
2021-08-01,Nevada,057,99092,5862,205,6067,73
2021-08-01,Orange,059,3164182,269779,12200,281979,5276
2021-08-01,Placer,061,380077,26225,1938,28163,310
2021-08-01,Plumas,063,18699,784,14,798,5
2021-08-01,Riverside,065,2383286,308385,14571,322956,4635
2021-08-01,Sacramento,067,1510023,119136,2244,121380,1758
2021-08-01,San Benito,069,59416,6300,114,6414,61
2021-08-01,San Bernardino,071,2135413,306003,9385,315388,5395
2021-08-01,San Diego,073,3302833,302400,17399,319799,3815
2021-08-01,San Francisco,075,870044,42657,1604,44261,582
2021-08-01,San Joaquin,077,732212,78362,3907,82269,1497
2021-08-01,San Luis Obispo,079,281455,22529,814,23343,263
2021-08-01,San Mateo,081,765935,45744,618,46362,553
2021-08-01,Santa Barbara,083,443738,36217,1207,37424,470
2021-08-01,Santa Clara,085,1922200,125306,849,126155,1761
2021-08-01,Santa Cruz,087,273765,17021,819,17840,209
2021-08-01,Shasta,089,179085,13310,1771,15081,211
2021-08-01,Sierra,091,2930,76,12,88,0
2021-08-01,Siskiyou,093,43540,2099,437,2536,34
2021-08-01,Solano,095,438530,36565,757,37322,273
2021-08-01,Sonoma,097,501317,33757,390,34147,336
2021-08-01,Stanislaus,099,539301,59881,6328,66209,1021
2021-08-01,Sutter,101,95872,10330,104,10434,129
2021-08-01,Tehama,103,63373,5345,613,5958,78
2021-08-01,Trinity,105,12862,515,113,628,5
2021-08-01,Tulare,107,460477,51658,9622,61280,891
2021-08-01,Tuolumne,109,53932,4598,49,4647,68
2021-08-01,Ventura,111,848112,85242,3493,88735,1052
2021-08-01,Yolo,113,214977,15360,432,15792,244
2021-08-01,Yuba,115,75493,6869,151,7020,50
2021-07-31,Alameda,001,1643700,98165,2176,100341,1295
2021-07-31,Alpine,002,1148,90,0,90,0
2021-07-31,Amador,005,37829,3986,33,4019,48
2021-07-31,Butte,007,227075,13627,2069,15696,204
2021-07-31,Calaveras,009,45235,2380,15,2395,58
2021-07-31,Colusa,011,21464,2051,353,2404,16
2021-07-31,Contra Costa,013,1133247,78613,1518,80131,849
2021-07-31,Del Norte,015,27424,1744,14,1758,10
2021-07-31,El Dorado,017,186661,11449,907,12356,123
2021-07-31,Fresno,019,978130,107033,9099,116132,1769
2021-07-31,Glenn,021,27897,2519,588,3107,28
2021-07-31,Humboldt,023,135768,5346,82,5428,52
2021-07-31,Imperial,025,180216,29482,2709,32191,748
2021-07-31,Inyo,027,18085,1465,13,1478,39
2021-07-31,Kern,029,883053,100645,12027,112672,1372
2021-07-31,Kings,031,150075,24085,1179,25264,253
2021-07-31,Lake,033,64148,4469,16,4485,68
2021-07-31,Lassen,035,31185,5367,121,5488,19
2021-07-31,Los Angeles,037,10098052,1273826,44875,1318701,24736
2021-07-31,Madera,039,155013,17479,1019,18498,252
2021-07-31,Marin,041,260295,6684,231,6915,185
2021-07-31,Mariposa,043,17540,494,11,505,6
2021-07-31,Mendocino,045,87422,4634,96,4730,53
2021-07-31,Merced,047,269075,32252,1105,33357,508
2021-07-31,Modoc,049,8938,424,147,571,5
2021-07-31,Mono,051,14174,1308,18,1326,3
2021-07-31,Monterey,053,433212,44101,1978,46079,591
2021-07-31,Napa,055,140530,10584,51,10635,83
2021-07-31,Nevada,057,99092,5824,204,6028,73
2021-07-31,Orange,059,3164182,269204,12182,281386,5274
2021-07-31,Placer,061,380077,26093,1931,28024,310
2021-07-31,Plumas,063,18699,781,14,795,5
2021-07-31,Riverside,065,2383286,307768,14562,322330,4634
2021-07-31,Sacramento,067,1510023,118724,2236,120960,1756
2021-07-31,San Benito,069,59416,6289,114,6403,61
2021-07-31,San Bernardino,071,2135413,305429,9382,314811,5393
2021-07-31,San Diego,073,3302833,301727,17353,319080,3813
2021-07-31,San Francisco,075,870044,42429,1584,44013,582
2021-07-31,San Joaquin,077,732212,78197,3894,82091,1494
2021-07-31,San Luis Obispo,079,281455,22476,812,23288,263
2021-07-31,San Mateo,081,765935,45587,613,46200,553
2021-07-31,Santa Barbara,083,443738,36136,1206,37342,470
2021-07-31,Santa Clara,085,1922200,125051,847,125898,1761
2021-07-31,Santa Cruz,087,273765,16982,818,17800,209
2021-07-31,Shasta,089,179085,13273,1763,15036,211
2021-07-31,Sierra,091,2930,76,12,88,0
2021-07-31,Siskiyou,093,43540,2090,431,2521,34
2021-07-31,Solano,095,438530,36463,750,37213,271
2021-07-31,Sonoma,097,501317,33631,390,34021,334
2021-07-31,Stanislaus,099,539301,59722,6306,66028,1021
2021-07-31,Sutter,101,95872,10296,103,10399,129
2021-07-31,Tehama,103,63373,5330,610,5940,78
2021-07-31,Trinity,105,12862,514,112,626,5
2021-07-31,Tulare,107,460477,51568,9569,61137,889
2021-07-31,Tuolumne,109,53932,4559,49,4608,68
2021-07-31,Ventura,111,848112,85081,3477,88558,1051
2021-07-31,Yolo,113,214977,15312,421,15733,244
2021-07-31,Yuba,115,75493,6846,147,6993,50
2021-07-30,Alameda,001,1643700,97840,2172,100012,1291
2021-07-30,Alpine,002,1148,90,0,90,0
2021-07-30,Amador,005,37829,3963,33,3996,48
2021-07-30,Butte,007,227075,13572,2056,15628,204
2021-07-30,Calaveras,009,45235,2370,15,2385,57
2021-07-30,Colusa,011,21464,2047,351,2398,16
2021-07-30,Contra Costa,013,1133247,78367,1514,79881,848
2021-07-30,Del Norte,015,27424,1726,14,1740,9
2021-07-30,El Dorado,017,186661,11416,901,12317,123
2021-07-30,Fresno,019,978130,106838,9087,115925,1767
2021-07-30,Glenn,021,27897,2514,587,3101,28
2021-07-30,Humboldt,023,135768,5283,79,5362,52
2021-07-30,Imperial,025,180216,29468,2706,32174,748
2021-07-30,Inyo,027,18085,1464,13,1477,39
2021-07-30,Kern,029,883053,100521,11980,112501,1369
2021-07-30,Kings,031,150075,24045,1175,25220,253
2021-07-30,Lake,033,64148,4441,16,4457,67
2021-07-30,Lassen,035,31185,5363,121,5484,19
2021-07-30,Los Angeles,037,10098052,1271491,44729,1316220,24725
2021-07-30,Madera,039,155013,17437,1016,18453,252
2021-07-30,Marin,041,260295,6650,231,6881,185
2021-07-30,Mariposa,043,17540,490,11,501,6
2021-07-30,Mendocino,045,87422,4604,95,4699,53
2021-07-30,Merced,047,269075,32211,1101,33312,508
2021-07-30,Modoc,049,8938,422,147,569,5
2021-07-30,Mono,051,14174,1303,18,1321,3
2021-07-30,Monterey,053,433212,44067,1969,46036,591
2021-07-30,Napa,055,140530,10562,50,10612,83
2021-07-30,Nevada,057,99092,5768,204,5972,73
2021-07-30,Orange,059,3164182,268578,12156,280734,5273
2021-07-30,Placer,061,380077,26003,1913,27916,310
2021-07-30,Plumas,063,18699,776,14,790,5
2021-07-30,Riverside,065,2383286,307131,14551,321682,4629
2021-07-30,Sacramento,067,1510023,118272,2230,120502,1749
2021-07-30,San Benito,069,59416,6282,114,6396,61
2021-07-30,San Bernardino,071,2135413,304915,9375,314290,5390
2021-07-30,San Diego,073,3302833,300950,17295,318245,3808
2021-07-30,San Francisco,075,870044,42216,1570,43786,582
2021-07-30,San Joaquin,077,732212,78043,3889,81932,1493
2021-07-30,San Luis Obispo,079,281455,22438,808,23246,263
2021-07-30,San Mateo,081,765935,45462,600,46062,553
2021-07-30,Santa Barbara,083,443738,36067,1200,37267,469
2021-07-30,Santa Clara,085,1922200,124827,845,125672,1760
2021-07-30,Santa Cruz,087,273765,16956,816,17772,209
2021-07-30,Shasta,089,179085,13228,1763,14991,211
2021-07-30,Sierra,091,2930,75,12,87,0
2021-07-30,Siskiyou,093,43540,2081,430,2511,34
2021-07-30,Solano,095,438530,36371,734,37105,271
2021-07-30,Sonoma,097,501317,33536,390,33926,332
2021-07-30,Stanislaus,099,539301,59579,6286,65865,1021
2021-07-30,Sutter,101,95872,10261,103,10364,129
2021-07-30,Tehama,103,63373,5320,610,5930,78
2021-07-30,Trinity,105,12862,514,112,626,5
2021-07-30,Tulare,107,460477,51525,9534,61059,889
2021-07-30,Tuolumne,109,53932,4541,49,4590,68
2021-07-30,Ventura,111,848112,84917,3462,88379,1051
2021-07-30,Yolo,113,214977,15252,417,15669,241
2021-07-30,Yuba,115,75493,6810,146,6956,50
2021-07-29,Alameda,001,1643700,97428,2166,99594,1291
2021-07-29,Alpine,002,1148,90,0,90,0
2021-07-29,Amador,005,37829,3944,33,3977,48
2021-07-29,Butte,007,227075,13523,2048,15571,204
2021-07-29,Calaveras,009,45235,2355,15,2370,57
2021-07-29,Colusa,011,21464,2040,351,2391,16
2021-07-29,Contra Costa,013,1133247,77927,1512,79439,845
2021-07-29,Del Norte,015,27424,1702,14,1716,9
2021-07-29,El Dorado,017,186661,11352,889,12241,122
2021-07-29,Fresno,019,978130,106573,9061,115634,1767
2021-07-29,Glenn,021,27897,2504,586,3090,28
2021-07-29,Humboldt,023,135768,5223,77,5300,52
2021-07-29,Imperial,025,180216,29423,2704,32127,748
2021-07-29,Inyo,027,18085,1460,13,1473,39
2021-07-29,Kern,029,883053,100314,11903,112217,1369
2021-07-29,Kings,031,150075,23999,1171,25170,253
2021-07-29,Lake,033,64148,4406,16,4422,67
2021-07-29,Lassen,035,31185,5355,118,5473,19
2021-07-29,Los Angeles,037,10098052,1268385,44553,1312938,24719
2021-07-29,Madera,039,155013,17390,1012,18402,252
2021-07-29,Marin,041,260295,6606,231,6837,185
2021-07-29,Mariposa,043,17540,486,11,497,6
2021-07-29,Mendocino,045,87422,4581,93,4674,53
2021-07-29,Merced,047,269075,32156,1101,33257,508
2021-07-29,Modoc,049,8938,422,147,569,5
2021-07-29,Mono,051,14174,1301,18,1319,3
2021-07-29,Monterey,053,433212,44018,1959,45977,590
2021-07-29,Napa,055,140530,10530,48,10578,83
2021-07-29,Nevada,057,99092,5716,203,5919,72
2021-07-29,Orange,059,3164182,267866,12124,279990,5270
2021-07-29,Placer,061,380077,25880,1898,27778,310
2021-07-29,Plumas,063,18699,768,14,782,5
2021-07-29,Riverside,065,2383286,306426,14527,320953,4628
2021-07-29,Sacramento,067,1510023,117717,2217,119934,1747
2021-07-29,San Benito,069,59416,6271,114,6385,61
2021-07-29,San Bernardino,071,2135413,304278,9366,313644,5385
2021-07-29,San Diego,073,3302833,299889,17227,317116,3808
2021-07-29,San Francisco,075,870044,41965,1549,43514,579
2021-07-29,San Joaquin,077,732212,77788,3881,81669,1492
2021-07-29,San Luis Obispo,079,281455,22383,806,23189,262
2021-07-29,San Mateo,081,765935,45335,590,45925,552
2021-07-29,Santa Barbara,083,443738,35981,1199,37180,469
2021-07-29,Santa Clara,085,1922200,124531,842,125373,1759
2021-07-29,Santa Cruz,087,273765,16903,814,17717,209
2021-07-29,Shasta,089,179085,13174,1754,14928,211
2021-07-29,Sierra,091,2930,75,12,87,0
2021-07-29,Siskiyou,093,43540,2076,428,2504,34
2021-07-29,Solano,095,438530,36211,724,36935,271
2021-07-29,Sonoma,097,501317,33362,388,33750,332
2021-07-29,Stanislaus,099,539301,59407,6271,65678,1021
2021-07-29,Sutter,101,95872,10215,102,10317,129
2021-07-29,Tehama,103,63373,5307,604,5911,78
2021-07-29,Trinity,105,12862,512,111,623,5
2021-07-29,Tulare,107,460477,51435,9494,60929,889
2021-07-29,Tuolumne,109,53932,4501,48,4549,68
2021-07-29,Ventura,111,848112,84751,3455,88206,1051
2021-07-29,Yolo,113,214977,15185,403,15588,239
2021-07-29,Yuba,115,75493,6761,143,6904,50
2021-07-28,Alameda,001,1643700,96968,2159,99127,1291
2021-07-28,Alpine,002,1148,90,0,90,0
2021-07-28,Amador,005,37829,3930,33,3963,48
2021-07-28,Butte,007,227075,13466,2035,15501,203
2021-07-28,Calaveras,009,45235,2334,15,2349,57
2021-07-28,Colusa,011,21464,2037,350,2387,16
2021-07-28,Contra Costa,013,1133247,77438,1504,78942,842
2021-07-28,Del Norte,015,27424,1669,14,1683,9
2021-07-28,El Dorado,017,186661,11302,880,12182,122
2021-07-28,Fresno,019,978130,106320,9041,115361,1765
2021-07-28,Glenn,021,27897,2501,583,3084,28
2021-07-28,Humboldt,023,135768,5172,76,5248,52
2021-07-28,Imperial,025,180216,29376,2704,32080,748
2021-07-28,Inyo,027,18085,1454,12,1466,39
2021-07-28,Kern,029,883053,100158,11857,112015,1368
2021-07-28,Kings,031,150075,23935,1161,25096,253
2021-07-28,Lake,033,64148,4360,15,4375,66
2021-07-28,Lassen,035,31185,5347,118,5465,19
2021-07-28,Los Angeles,037,10098052,1265208,44370,1309578,24706
2021-07-28,Madera,039,155013,17349,1006,18355,251
2021-07-28,Marin,041,260295,6552,231,6783,184
2021-07-28,Mariposa,043,17540,479,11,490,6
2021-07-28,Mendocino,045,87422,4553,93,4646,53
2021-07-28,Merced,047,269075,32100,1097,33197,507
2021-07-28,Modoc,049,8938,420,147,567,5
2021-07-28,Mono,051,14174,1300,18,1318,3
2021-07-28,Monterey,053,433212,43971,1950,45921,590
2021-07-28,Napa,055,140530,10490,46,10536,83
2021-07-28,Nevada,057,99092,5663,203,5866,72
2021-07-28,Orange,059,3164182,267074,12095,279169,5268
2021-07-28,Placer,061,380077,25733,1883,27616,310
2021-07-28,Plumas,063,18699,763,14,777,5
2021-07-28,Riverside,065,2383286,305659,14508,320167,4626
2021-07-28,Sacramento,067,1510023,117063,2198,119261,1746
2021-07-28,San Benito,069,59416,6260,114,6374,60
2021-07-28,San Bernardino,071,2135413,303656,9354,313010,5380
2021-07-28,San Diego,073,3302833,298614,17154,315768,3807
2021-07-28,San Francisco,075,870044,41661,1523,43184,579
2021-07-28,San Joaquin,077,732212,77537,3851,81388,1491
2021-07-28,San Luis Obispo,079,281455,22324,805,23129,261
2021-07-28,San Mateo,081,765935,45184,581,45765,552
2021-07-28,Santa Barbara,083,443738,35906,1194,37100,468
2021-07-28,Santa Clara,085,1922200,124269,840,125109,1759
2021-07-28,Santa Cruz,087,273765,16865,813,17678,209
2021-07-28,Shasta,089,179085,13129,1744,14873,211
2021-07-28,Sierra,091,2930,71,12,83,0
2021-07-28,Siskiyou,093,43540,2067,425,2492,34
2021-07-28,Solano,095,438530,36038,717,36755,271
2021-07-28,Sonoma,097,501317,33218,385,33603,332
2021-07-28,Stanislaus,099,539301,59210,6255,65465,1020
2021-07-28,Sutter,101,95872,10183,101,10284,129
2021-07-28,Tehama,103,63373,5295,601,5896,78
2021-07-28,Trinity,105,12862,511,111,622,5
2021-07-28,Tulare,107,460477,51347,9447,60794,889
2021-07-28,Tuolumne,109,53932,4462,48,4510,68
2021-07-28,Ventura,111,848112,84555,3439,87994,1051
2021-07-28,Yolo,113,214977,15113,394,15507,239
2021-07-28,Yuba,115,75493,6728,142,6870,50
2021-07-27,Alameda,001,1643700,96567,2151,98718,1291
2021-07-27,Alpine,002,1148,90,0,90,0
2021-07-27,Amador,005,37829,3914,33,3947,48
2021-07-27,Butte,007,227075,13419,2023,15442,203
2021-07-27,Calaveras,009,45235,2323,15,2338,57
2021-07-27,Colusa,011,21464,2028,349,2377,16
2021-07-27,Contra Costa,013,1133247,76953,1500,78453,839
2021-07-27,Del Norte,015,27424,1649,14,1663,9
2021-07-27,El Dorado,017,186661,11242,870,12112,121
2021-07-27,Fresno,019,978130,106028,9018,115046,1763
2021-07-27,Glenn,021,27897,2493,581,3074,28
2021-07-27,Humboldt,023,135768,5118,75,5193,52
2021-07-27,Imperial,025,180216,29331,2703,32034,748
2021-07-27,Inyo,027,18085,1452,12,1464,39
2021-07-27,Kern,029,883053,99988,11801,111789,1366
2021-07-27,Kings,031,150075,23878,1151,25029,252
2021-07-27,Lake,033,64148,4321,15,4336,65
2021-07-27,Lassen,035,31185,5341,118,5459,19
2021-07-27,Los Angeles,037,10098052,1261738,44167,1305905,24701
2021-07-27,Madera,039,155013,17296,1000,18296,251
2021-07-27,Marin,041,260295,6504,228,6732,184
2021-07-27,Mariposa,043,17540,476,11,487,6
2021-07-27,Mendocino,045,87422,4530,93,4623,53
2021-07-27,Merced,047,269075,32033,1094,33127,507
2021-07-27,Modoc,049,8938,419,147,566,5
2021-07-27,Mono,051,14174,1296,18,1314,3
2021-07-27,Monterey,053,433212,43931,1939,45870,590
2021-07-27,Napa,055,140530,10460,46,10506,83
2021-07-27,Nevada,057,99092,5586,201,5787,72
2021-07-27,Orange,059,3164182,266334,12069,278403,5265
2021-07-27,Placer,061,380077,25574,1857,27431,310
2021-07-27,Plumas,063,18699,760,14,774,5
2021-07-27,Riverside,065,2383286,304930,14489,319419,4625
2021-07-27,Sacramento,067,1510023,116460,2189,118649,1743
2021-07-27,San Benito,069,59416,6251,114,6365,60
2021-07-27,San Bernardino,071,2135413,302973,9332,312305,5377
2021-07-27,San Diego,073,3302833,297524,17075,314599,3807
2021-07-27,San Francisco,075,870044,41305,1505,42810,579
2021-07-27,San Joaquin,077,732212,77275,3832,81107,1487
2021-07-27,San Luis Obispo,079,281455,22269,796,23065,261
2021-07-27,San Mateo,081,765935,45033,578,45611,552
2021-07-27,Santa Barbara,083,443738,35811,1192,37003,468
2021-07-27,Santa Clara,085,1922200,123975,838,124813,1758
2021-07-27,Santa Cruz,087,273765,16819,812,17631,209
2021-07-27,Shasta,089,179085,13079,1731,14810,211
2021-07-27,Sierra,091,2930,71,12,83,0
2021-07-27,Siskiyou,093,43540,2062,422,2484,34
2021-07-27,Solano,095,438530,35906,707,36613,271
2021-07-27,Sonoma,097,501317,33074,383,33457,331
2021-07-27,Stanislaus,099,539301,59042,6227,65269,1020
2021-07-27,Sutter,101,95872,10142,101,10243,129
2021-07-27,Tehama,103,63373,5273,599,5872,78
2021-07-27,Trinity,105,12862,510,111,621,5
2021-07-27,Tulare,107,460477,51281,9416,60697,888
2021-07-27,Tuolumne,109,53932,4410,48,4458,68
2021-07-27,Ventura,111,848112,84347,3427,87774,1050
2021-07-27,Yolo,113,214977,15040,388,15428,237
2021-07-27,Yuba,115,75493,6706,140,6846,50
2021-07-26,Alameda,001,1643700,96122,2147,98269,1289
2021-07-26,Alpine,002,1148,90,0,90,0
2021-07-26,Amador,005,37829,3904,33,3937,48
2021-07-26,Butte,007,227075,13364,2007,15371,203
2021-07-26,Calaveras,009,45235,2317,15,2332,57
2021-07-26,Colusa,011,21464,2021,347,2368,16
2021-07-26,Contra Costa,013,1133247,76457,1493,77950,837
2021-07-26,Del Norte,015,27424,1628,14,1642,9
2021-07-26,El Dorado,017,186661,11178,867,12045,121
2021-07-26,Fresno,019,978130,105823,8995,114818,1760
2021-07-26,Glenn,021,27897,2491,580,3071,28
2021-07-26,Humboldt,023,135768,5079,73,5152,52
2021-07-26,Imperial,025,180216,29291,2703,31994,748
2021-07-26,Inyo,027,18085,1447,12,1459,39
2021-07-26,Kern,029,883053,99822,11736,111558,1366
2021-07-26,Kings,031,150075,23829,1147,24976,252
2021-07-26,Lake,033,64148,4300,15,4315,65
2021-07-26,Lassen,035,31185,5337,118,5455,19
2021-07-26,Los Angeles,037,10098052,1258390,43997,1302387,24687
2021-07-26,Madera,039,155013,17268,993,18261,251
2021-07-26,Marin,041,260295,6447,227,6674,184
2021-07-26,Mariposa,043,17540,475,11,486,6
2021-07-26,Mendocino,045,87422,4509,93,4602,53
2021-07-26,Merced,047,269075,31942,1090,33032,507
2021-07-26,Modoc,049,8938,419,147,566,5
2021-07-26,Mono,051,14174,1295,18,1313,3
2021-07-26,Monterey,053,433212,43888,1927,45815,589
2021-07-26,Napa,055,140530,10437,46,10483,83
2021-07-26,Nevada,057,99092,5500,201,5701,72
2021-07-26,Orange,059,3164182,265695,12049,277744,5262
2021-07-26,Placer,061,380077,25437,1836,27273,310
2021-07-26,Plumas,063,18699,756,14,770,5
2021-07-26,Riverside,065,2383286,304237,14475,318712,4624
2021-07-26,Sacramento,067,1510023,115861,2173,118034,1741
2021-07-26,San Benito,069,59416,6245,114,6359,60
2021-07-26,San Bernardino,071,2135413,302357,9319,311676,5376
2021-07-26,San Diego,073,3302833,296413,16993,313406,3805
2021-07-26,San Francisco,075,870044,40943,1479,42422,579
2021-07-26,San Joaquin,077,732212,77040,3828,80868,1485
2021-07-26,San Luis Obispo,079,281455,22220,793,23013,261
2021-07-26,San Mateo,081,765935,44885,570,45455,552
2021-07-26,Santa Barbara,083,443738,35738,1180,36918,468
2021-07-26,Santa Clara,085,1922200,123666,829,124495,1758
2021-07-26,Santa Cruz,087,273765,16779,809,17588,209
2021-07-26,Shasta,089,179085,13030,1720,14750,211
2021-07-26,Sierra,091,2930,70,12,82,0
2021-07-26,Siskiyou,093,43540,2059,420,2479,34
2021-07-26,Solano,095,438530,35751,700,36451,271
2021-07-26,Sonoma,097,501317,32938,381,33319,330
2021-07-26,Stanislaus,099,539301,58897,6208,65105,1019
2021-07-26,Sutter,101,95872,10102,98,10200,129
2021-07-26,Tehama,103,63373,5263,595,5858,78
2021-07-26,Trinity,105,12862,510,110,620,5
2021-07-26,Tulare,107,460477,51215,9387,60602,888
2021-07-26,Tuolumne,109,53932,4380,47,4427,68
2021-07-26,Ventura,111,848112,84174,3412,87586,1049
2021-07-26,Yolo,113,214977,14979,376,15355,237
2021-07-26,Yuba,115,75493,6672,138,6810,50
2021-07-25,Alameda,001,1643700,95634,2142,97776,1289
2021-07-25,Alpine,002,1148,88,0,88,0
2021-07-25,Amador,005,37829,3889,33,3922,48
2021-07-25,Butte,007,227075,13325,1995,15320,203
2021-07-25,Calaveras,009,45235,2306,15,2321,57
2021-07-25,Colusa,011,21464,2012,343,2355,16
2021-07-25,Contra Costa,013,1133247,75973,1479,77452,837
2021-07-25,Del Norte,015,27424,1607,14,1621,9
2021-07-25,El Dorado,017,186661,11121,863,11984,121
2021-07-25,Fresno,019,978130,105581,8979,114560,1760
2021-07-25,Glenn,021,27897,2482,578,3060,28
2021-07-25,Humboldt,023,135768,5020,72,5092,52
2021-07-25,Imperial,025,180216,29255,2703,31958,748
2021-07-25,Inyo,027,18085,1442,12,1454,39
2021-07-25,Kern,029,883053,99650,11665,111315,1366
2021-07-25,Kings,031,150075,23775,1143,24918,252
2021-07-25,Lake,033,64148,4247,14,4261,65
2021-07-25,Lassen,035,31185,5332,118,5450,19
2021-07-25,Los Angeles,037,10098052,1254969,43805,1298774,24681
2021-07-25,Madera,039,155013,17231,986,18217,251
2021-07-25,Marin,041,260295,6398,224,6622,184
2021-07-25,Mariposa,043,17540,472,11,483,6
2021-07-25,Mendocino,045,87422,4480,91,4571,53
2021-07-25,Merced,047,269075,31869,1088,32957,507
2021-07-25,Modoc,049,8938,419,147,566,5
2021-07-25,Mono,051,14174,1292,18,1310,3
2021-07-25,Monterey,053,433212,43850,1919,45769,589
2021-07-25,Napa,055,140530,10401,45,10446,83
2021-07-25,Nevada,057,99092,5435,198,5633,72
2021-07-25,Orange,059,3164182,264986,12026,277012,5261
2021-07-25,Placer,061,380077,25315,1815,27130,310
2021-07-25,Plumas,063,18699,754,14,768,5
2021-07-25,Riverside,065,2383286,303473,14458,317931,4622
2021-07-25,Sacramento,067,1510023,115310,2158,117468,1739
2021-07-25,San Benito,069,59416,6238,114,6352,60
2021-07-25,San Bernardino,071,2135413,301698,9312,311010,5373
2021-07-25,San Diego,073,3302833,295351,16919,312270,3804
2021-07-25,San Francisco,075,870044,40593,1454,42047,578
2021-07-25,San Joaquin,077,732212,76783,3809,80592,1482
2021-07-25,San Luis Obispo,079,281455,22147,790,22937,261
2021-07-25,San Mateo,081,765935,44723,564,45287,552
2021-07-25,Santa Barbara,083,443738,35658,1177,36835,468
2021-07-25,Santa Clara,085,1922200,123336,824,124160,1758
2021-07-25,Santa Cruz,087,273765,16732,808,17540,209
2021-07-25,Shasta,089,179085,12983,1715,14698,210
2021-07-25,Sierra,091,2930,70,12,82,0
2021-07-25,Siskiyou,093,43540,2051,417,2468,34
2021-07-25,Solano,095,438530,35559,697,36256,270
2021-07-25,Sonoma,097,501317,32813,378,33191,329
2021-07-25,Stanislaus,099,539301,58731,6203,64934,1018
2021-07-25,Sutter,101,95872,10049,96,10145,129
2021-07-25,Tehama,103,63373,5247,594,5841,78
2021-07-25,Trinity,105,12862,508,108,616,5
2021-07-25,Tulare,107,460477,51141,9349,60490,887
2021-07-25,Tuolumne,109,53932,4329,47,4376,68
2021-07-25,Ventura,111,848112,83960,3389,87349,1048
2021-07-25,Yolo,113,214977,14918,362,15280,235
2021-07-25,Yuba,115,75493,6640,138,6778,50
2021-07-24,Alameda,001,1643700,95353,2138,97491,1286
2021-07-24,Alpine,002,1148,88,0,88,0
2021-07-24,Amador,005,37829,3880,33,3913,48
2021-07-24,Butte,007,227075,13296,1991,15287,203
2021-07-24,Calaveras,009,45235,2301,15,2316,57
2021-07-24,Colusa,011,21464,2011,341,2352,16
2021-07-24,Contra Costa,013,1133247,75745,1476,77221,836
2021-07-24,Del Norte,015,27424,1596,14,1610,9
2021-07-24,El Dorado,017,186661,11087,860,11947,120
2021-07-24,Fresno,019,978130,105463,8969,114432,1760
2021-07-24,Glenn,021,27897,2480,578,3058,28
2021-07-24,Humboldt,023,135768,4985,71,5056,52
2021-07-24,Imperial,025,180216,29235,2703,31938,748
2021-07-24,Inyo,027,18085,1439,12,1451,39
2021-07-24,Kern,029,883053,99572,11643,111215,1364
2021-07-24,Kings,031,150075,23744,1140,24884,251
2021-07-24,Lake,033,64148,4224,14,4238,65
2021-07-24,Lassen,035,31185,5331,118,5449,19
2021-07-24,Los Angeles,037,10098052,1253191,43679,1296870,24673
2021-07-24,Madera,039,155013,17207,984,18191,251
2021-07-24,Marin,041,260295,6359,224,6583,184
2021-07-24,Mariposa,043,17540,472,11,483,6
2021-07-24,Mendocino,045,87422,4455,91,4546,53
2021-07-24,Merced,047,269075,31847,1087,32934,507
2021-07-24,Modoc,049,8938,419,147,566,5
2021-07-24,Mono,051,14174,1290,18,1308,3
2021-07-24,Monterey,053,433212,43825,1912,45737,588
2021-07-24,Napa,055,140530,10385,45,10430,83
2021-07-24,Nevada,057,99092,5403,198,5601,72
2021-07-24,Orange,059,3164182,264519,12014,276533,5261
2021-07-24,Placer,061,380077,25233,1810,27043,310
2021-07-24,Plumas,063,18699,753,14,767,5
2021-07-24,Riverside,065,2383286,303005,14448,317453,4622
2021-07-24,Sacramento,067,1510023,114995,2154,117149,1738
2021-07-24,San Benito,069,59416,6234,113,6347,60
2021-07-24,San Bernardino,071,2135413,301307,9303,310610,5370
2021-07-24,San Diego,073,3302833,294885,16891,311776,3804
2021-07-24,San Francisco,075,870044,40420,1438,41858,578
2021-07-24,San Joaquin,077,732212,76655,3798,80453,1479
2021-07-24,San Luis Obispo,079,281455,22116,788,22904,261
2021-07-24,San Mateo,081,765935,44606,558,45164,552
2021-07-24,Santa Barbara,083,443738,35599,1173,36772,467
2021-07-24,Santa Clara,085,1922200,123124,823,123947,1758
2021-07-24,Santa Cruz,087,273765,16709,808,17517,209
2021-07-24,Shasta,089,179085,12955,1712,14667,209
2021-07-24,Sierra,091,2930,69,12,81,0
2021-07-24,Siskiyou,093,43540,2051,417,2468,34
2021-07-24,Solano,095,438530,35470,688,36158,270
2021-07-24,Sonoma,097,501317,32688,376,33064,328
2021-07-24,Stanislaus,099,539301,58639,6193,64832,1014
2021-07-24,Sutter,101,95872,10022,96,10118,129
2021-07-24,Tehama,103,63373,5240,592,5832,78
2021-07-24,Trinity,105,12862,508,108,616,5
2021-07-24,Tulare,107,460477,51098,9332,60430,887
2021-07-24,Tuolumne,109,53932,4303,47,4350,68
2021-07-24,Ventura,111,848112,83833,3373,87206,1048
2021-07-24,Yolo,113,214977,14880,358,15238,235
2021-07-24,Yuba,115,75493,6621,138,6759,50
2021-07-23,Alameda,001,1643700,95098,2134,97232,1286
2021-07-23,Alpine,002,1148,88,0,88,0
2021-07-23,Amador,005,37829,3873,33,3906,48
2021-07-23,Butte,007,227075,13267,1982,15249,203
2021-07-23,Calaveras,009,45235,2291,15,2306,57
2021-07-23,Colusa,011,21464,2010,341,2351,16
2021-07-23,Contra Costa,013,1133247,75485,1467,76952,836
2021-07-23,Del Norte,015,27424,1588,14,1602,9
2021-07-23,El Dorado,017,186661,11058,856,11914,120
2021-07-23,Fresno,019,978130,105331,8957,114288,1760
2021-07-23,Glenn,021,27897,2478,575,3053,28
2021-07-23,Humboldt,023,135768,4963,68,5031,52
2021-07-23,Imperial,025,180216,29223,2703,31926,748
2021-07-23,Inyo,027,18085,1436,12,1448,39
2021-07-23,Kern,029,883053,99490,11618,111108,1364
2021-07-23,Kings,031,150075,23713,1137,24850,251
2021-07-23,Lake,033,64148,4195,14,4209,65
2021-07-23,Lassen,035,31185,5329,118,5447,19
2021-07-23,Los Angeles,037,10098052,1251248,43572,1294820,24665
2021-07-23,Madera,039,155013,17177,979,18156,251
2021-07-23,Marin,041,260295,6322,222,6544,184
2021-07-23,Mariposa,043,17540,469,11,480,6
2021-07-23,Mendocino,045,87422,4442,91,4533,52
2021-07-23,Merced,047,269075,31822,1087,32909,507
2021-07-23,Modoc,049,8938,419,147,566,5
2021-07-23,Mono,051,14174,1289,18,1307,3
2021-07-23,Monterey,053,433212,43799,1912,45711,588
2021-07-23,Napa,055,140530,10364,45,10409,83
2021-07-23,Nevada,057,99092,5359,198,5557,71
2021-07-23,Orange,059,3164182,264070,11991,276061,5260
2021-07-23,Placer,061,380077,25153,1794,26947,309
2021-07-23,Plumas,063,18699,751,14,765,5
2021-07-23,Riverside,065,2383286,302539,14436,316975,4621
2021-07-23,Sacramento,067,1510023,114640,2152,116792,1733
2021-07-23,San Benito,069,59416,6228,113,6341,60
2021-07-23,San Bernardino,071,2135413,300925,9294,310219,5370
2021-07-23,San Diego,073,3302833,294274,16843,311117,3803
2021-07-23,San Francisco,075,870044,40236,1426,41662,578
2021-07-23,San Joaquin,077,732212,76551,3783,80334,1477
2021-07-23,San Luis Obispo,079,281455,22077,788,22865,261
2021-07-23,San Mateo,081,765935,44502,554,45056,552
2021-07-23,Santa Barbara,083,443738,35534,1172,36706,466
2021-07-23,Santa Clara,085,1922200,122905,820,123725,1757
2021-07-23,Santa Cruz,087,273765,16684,808,17492,209
2021-07-23,Shasta,089,179085,12928,1709,14637,209
2021-07-23,Sierra,091,2930,69,12,81,0
2021-07-23,Siskiyou,093,43540,2049,417,2466,34
2021-07-23,Solano,095,438530,35379,684,36063,270
2021-07-23,Sonoma,097,501317,32593,375,32968,328
2021-07-23,Stanislaus,099,539301,58563,6184,64747,1013
2021-07-23,Sutter,101,95872,9993,96,10089,129
2021-07-23,Tehama,103,63373,5231,592,5823,78
2021-07-23,Trinity,105,12862,507,107,614,5
2021-07-23,Tulare,107,460477,51052,9311,60363,887
2021-07-23,Tuolumne,109,53932,4281,47,4328,68
2021-07-23,Ventura,111,848112,83671,3355,87026,1047
2021-07-23,Yolo,113,214977,14844,351,15195,235
2021-07-23,Yuba,115,75493,6595,137,6732,50
2021-07-22,Alameda,001,1643700,94746,2129,96875,1282
2021-07-22,Alpine,002,1148,88,0,88,0
2021-07-22,Amador,005,37829,3864,33,3897,48
2021-07-22,Butte,007,227075,13233,1973,15206,203
2021-07-22,Calaveras,009,45235,2281,15,2296,57
2021-07-22,Colusa,011,21464,2008,338,2346,16
2021-07-22,Contra Costa,013,1133247,75146,1462,76608,836
2021-07-22,Del Norte,015,27424,1571,14,1585,9
2021-07-22,El Dorado,017,186661,11022,848,11870,119
2021-07-22,Fresno,019,978130,105202,8947,114149,1760
2021-07-22,Glenn,021,27897,2474,575,3049,28
2021-07-22,Humboldt,023,135768,4932,66,4998,52
2021-07-22,Imperial,025,180216,29193,2703,31896,747
2021-07-22,Inyo,027,18085,1434,12,1446,39
2021-07-22,Kern,029,883053,99375,11577,110952,1363
2021-07-22,Kings,031,150075,23674,1135,24809,251
2021-07-22,Lake,033,64148,4144,14,4158,65
2021-07-22,Lassen,035,31185,5326,118,5444,19
2021-07-22,Los Angeles,037,10098052,1248808,43397,1292205,24649
2021-07-22,Madera,039,155013,17142,977,18119,251
2021-07-22,Marin,041,260295,6281,221,6502,184
2021-07-22,Mariposa,043,17540,462,11,473,6
2021-07-22,Mendocino,045,87422,4429,90,4519,52
2021-07-22,Merced,047,269075,31780,1086,32866,507
2021-07-22,Modoc,049,8938,419,147,566,5
2021-07-22,Mono,051,14174,1288,18,1306,3
2021-07-22,Monterey,053,433212,43771,1906,45677,587
2021-07-22,Napa,055,140530,10346,45,10391,83
2021-07-22,Nevada,057,99092,5333,197,5530,71
2021-07-22,Orange,059,3164182,263517,11982,275499,5257
2021-07-22,Placer,061,380077,25059,1783,26842,309
2021-07-22,Plumas,063,18699,750,14,764,5
2021-07-22,Riverside,065,2383286,302031,14415,316446,4621
2021-07-22,Sacramento,067,1510023,114203,2143,116346,1729
2021-07-22,San Benito,069,59416,6221,113,6334,60
2021-07-22,San Bernardino,071,2135413,300522,9279,309801,5367
2021-07-22,San Diego,073,3302833,293543,16783,310326,3803
2021-07-22,San Francisco,075,870044,40023,1413,41436,578
2021-07-22,San Joaquin,077,732212,76408,3771,80179,1476
2021-07-22,San Luis Obispo,079,281455,22039,784,22823,261
2021-07-22,San Mateo,081,765935,44390,549,44939,552
2021-07-22,Santa Barbara,083,443738,35468,1170,36638,466
2021-07-22,Santa Clara,085,1922200,122664,817,123481,1756
2021-07-22,Santa Cruz,087,273765,16647,807,17454,209
2021-07-22,Shasta,089,179085,12904,1705,14609,209
2021-07-22,Sierra,091,2930,67,12,79,0
2021-07-22,Siskiyou,093,43540,2046,417,2463,34
2021-07-22,Solano,095,438530,35235,677,35912,270
2021-07-22,Sonoma,097,501317,32483,373,32856,328
2021-07-22,Stanislaus,099,539301,58435,6172,64607,1012
2021-07-22,Sutter,101,95872,9972,96,10068,129
2021-07-22,Tehama,103,63373,5225,592,5817,78
2021-07-22,Trinity,105,12862,507,107,614,5
2021-07-22,Tulare,107,460477,51009,9283,60292,886
2021-07-22,Tuolumne,109,53932,4269,47,4316,68
2021-07-22,Ventura,111,848112,83537,3342,86879,1046
2021-07-22,Yolo,113,214977,14806,351,15157,235
2021-07-22,Yuba,115,75493,6564,134,6698,50
2021-07-21,Alameda,001,1643700,94426,2126,96552,1280
2021-07-21,Alpine,002,1148,88,0,88,0
2021-07-21,Amador,005,37829,3851,33,3884,48
2021-07-21,Butte,007,227075,13192,1968,15160,203
2021-07-21,Calaveras,009,45235,2277,15,2292,57
2021-07-21,Colusa,011,21464,2004,337,2341,16
2021-07-21,Contra Costa,013,1133247,74882,1453,76335,836
2021-07-21,Del Norte,015,27424,1561,14,1575,9
2021-07-21,El Dorado,017,186661,10985,844,11829,119
2021-07-21,Fresno,019,978130,105053,8938,113991,1760
2021-07-21,Glenn,021,27897,2472,574,3046,28
2021-07-21,Humboldt,023,135768,4900,64,4964,52
2021-07-21,Imperial,025,180216,29181,2700,31881,747
2021-07-21,Inyo,027,18085,1434,12,1446,39
2021-07-21,Kern,029,883053,99257,11536,110793,1363
2021-07-21,Kings,031,150075,23646,1131,24777,250
2021-07-21,Lake,033,64148,4078,14,4092,65
2021-07-21,Lassen,035,31185,5323,118,5441,19
2021-07-21,Los Angeles,037,10098052,1246294,43260,1289554,24637
2021-07-21,Madera,039,155013,17118,975,18093,251
2021-07-21,Marin,041,260295,6231,221,6452,184
2021-07-21,Mariposa,043,17540,458,11,469,6
2021-07-21,Mendocino,045,87422,4411,90,4501,52
2021-07-21,Merced,047,269075,31741,1082,32823,507
2021-07-21,Modoc,049,8938,419,147,566,5
2021-07-21,Mono,051,14174,1285,18,1303,3
2021-07-21,Monterey,053,433212,43741,1903,45644,587
2021-07-21,Napa,055,140530,10320,45,10365,83
2021-07-21,Nevada,057,99092,5298,197,5495,71
2021-07-21,Orange,059,3164182,262962,11952,274914,5254
2021-07-21,Placer,061,380077,24950,1772,26722,308
2021-07-21,Plumas,063,18699,750,14,764,5
2021-07-21,Riverside,065,2383286,301518,14398,315916,4617
2021-07-21,Sacramento,067,1510023,113780,2132,115912,1729
2021-07-21,San Benito,069,59416,6211,113,6324,60
2021-07-21,San Bernardino,071,2135413,300066,9271,309337,5365
2021-07-21,San Diego,073,3302833,292693,16720,309413,3800
2021-07-21,San Francisco,075,870044,39798,1408,41206,577
2021-07-21,San Joaquin,077,732212,76219,3759,79978,1475
2021-07-21,San Luis Obispo,079,281455,22002,781,22783,261
2021-07-21,San Mateo,081,765935,44298,545,44843,552
2021-07-21,Santa Barbara,083,443738,35409,1154,36563,465
2021-07-21,Santa Clara,085,1922200,122455,815,123270,1756
2021-07-21,Santa Cruz,087,273765,16613,807,17420,209
2021-07-21,Shasta,089,179085,12871,1702,14573,208
2021-07-21,Sierra,091,2930,67,12,79,0
2021-07-21,Siskiyou,093,43540,2044,415,2459,34
2021-07-21,Solano,095,438530,35077,672,35749,270
2021-07-21,Sonoma,097,501317,32367,373,32740,328
2021-07-21,Stanislaus,099,539301,58333,6162,64495,1012
2021-07-21,Sutter,101,95872,9948,96,10044,128
2021-07-21,Tehama,103,63373,5221,592,5813,78
2021-07-21,Trinity,105,12862,505,106,611,5
2021-07-21,Tulare,107,460477,50950,9258,60208,886
2021-07-21,Tuolumne,109,53932,4232,47,4279,68
2021-07-21,Ventura,111,848112,83415,3330,86745,1046
2021-07-21,Yolo,113,214977,14765,350,15115,235
2021-07-21,Yuba,115,75493,6536,134,6670,49
2021-07-20,Alameda,001,1643700,94055,2112,96167,1279
2021-07-20,Alpine,002,1148,88,0,88,0
2021-07-20,Amador,005,37829,3840,33,3873,48
2021-07-20,Butte,007,227075,13155,1962,15117,203
2021-07-20,Calaveras,009,45235,2274,15,2289,57
2021-07-20,Colusa,011,21464,2004,337,2341,16
2021-07-20,Contra Costa,013,1133247,74597,1435,76032,836
2021-07-20,Del Norte,015,27424,1551,14,1565,9
2021-07-20,El Dorado,017,186661,10945,840,11785,119
2021-07-20,Fresno,019,978130,104917,8919,113836,1760
2021-07-20,Glenn,021,27897,2472,574,3046,27
2021-07-20,Humboldt,023,135768,4855,62,4917,52
2021-07-20,Imperial,025,180216,29161,2700,31861,747
2021-07-20,Inyo,027,18085,1430,12,1442,39
2021-07-20,Kern,029,883053,99143,11508,110651,1362
2021-07-20,Kings,031,150075,23605,1126,24731,249
2021-07-20,Lake,033,64148,4053,14,4067,65
2021-07-20,Lassen,035,31185,5323,118,5441,19
2021-07-20,Los Angeles,037,10098052,1243498,43095,1286593,24631
2021-07-20,Madera,039,155013,17097,971,18068,251
2021-07-20,Marin,041,260295,6195,218,6413,183
2021-07-20,Mariposa,043,17540,456,11,467,6
2021-07-20,Mendocino,045,87422,4394,90,4484,52
2021-07-20,Merced,047,269075,31702,1075,32777,507
2021-07-20,Modoc,049,8938,419,147,566,5
2021-07-20,Mono,051,14174,1281,18,1299,3
2021-07-20,Monterey,053,433212,43710,1900,45610,587
2021-07-20,Napa,055,140530,10297,45,10342,83
2021-07-20,Nevada,057,99092,5279,196,5475,71
2021-07-20,Orange,059,3164182,262404,11922,274326,5254
2021-07-20,Placer,061,380077,24859,1750,26609,308
2021-07-20,Plumas,063,18699,748,14,762,5
2021-07-20,Riverside,065,2383286,300983,14384,315367,4613
2021-07-20,Sacramento,067,1510023,113339,2102,115441,1727
2021-07-20,San Benito,069,59416,6204,113,6317,60
2021-07-20,San Bernardino,071,2135413,299657,9246,308903,5364
2021-07-20,San Diego,073,3302833,291765,16624,308389,3800
2021-07-20,San Francisco,075,870044,39540,1398,40938,577
2021-07-20,San Joaquin,077,732212,76047,3746,79793,1473
2021-07-20,San Luis Obispo,079,281455,21956,780,22736,261
2021-07-20,San Mateo,081,765935,44179,543,44722,552
2021-07-20,Santa Barbara,083,443738,35339,1148,36487,465
2021-07-20,Santa Clara,085,1922200,122198,813,123011,1756
2021-07-20,Santa Cruz,087,273765,16584,807,17391,209
2021-07-20,Shasta,089,179085,12845,1698,14543,208
2021-07-20,Sierra,091,2930,67,12,79,0
2021-07-20,Siskiyou,093,43540,2040,414,2454,34
2021-07-20,Solano,095,438530,34940,665,35605,270
2021-07-20,Sonoma,097,501317,32248,372,32620,327
2021-07-20,Stanislaus,099,539301,58218,6157,64375,1011
2021-07-20,Sutter,101,95872,9921,93,10014,128
2021-07-20,Tehama,103,63373,5219,592,5811,78
2021-07-20,Trinity,105,12862,503,105,608,5
2021-07-20,Tulare,107,460477,50908,9241,60149,886
2021-07-20,Tuolumne,109,53932,4213,47,4260,68
2021-07-20,Ventura,111,848112,83262,3315,86577,1045
2021-07-20,Yolo,113,214977,14700,347,15047,235
2021-07-20,Yuba,115,75493,6511,131,6642,49
2021-07-19,Alameda,001,1643700,93677,2097,95774,1276
2021-07-19,Alpine,002,1148,88,0,88,0
2021-07-19,Amador,005,37829,3836,33,3869,48
2021-07-19,Butte,007,227075,13111,1957,15068,203
2021-07-19,Calaveras,009,45235,2270,15,2285,57
2021-07-19,Colusa,011,21464,2002,337,2339,16
2021-07-19,Contra Costa,013,1133247,74285,1415,75700,834
2021-07-19,Del Norte,015,27424,1538,14,1552,9
2021-07-19,El Dorado,017,186661,10915,832,11747,119
2021-07-19,Fresno,019,978130,104788,8906,113694,1760
2021-07-19,Glenn,021,27897,2472,573,3045,27
2021-07-19,Humboldt,023,135768,4825,60,4885,52
2021-07-19,Imperial,025,180216,29134,2699,31833,747
2021-07-19,Inyo,027,18085,1429,12,1441,39
2021-07-19,Kern,029,883053,99029,11475,110504,1362
2021-07-19,Kings,031,150075,23575,1120,24695,249
2021-07-19,Lake,033,64148,4017,14,4031,65
2021-07-19,Lassen,035,31185,5322,118,5440,19
2021-07-19,Los Angeles,037,10098052,1240893,42909,1283802,24623
2021-07-19,Madera,039,155013,17074,968,18042,251
2021-07-19,Marin,041,260295,6160,215,6375,183
2021-07-19,Mariposa,043,17540,450,11,461,6
2021-07-19,Mendocino,045,87422,4376,90,4466,52
2021-07-19,Merced,047,269075,31638,1068,32706,506
2021-07-19,Modoc,049,8938,418,147,565,5
2021-07-19,Mono,051,14174,1279,18,1297,3
2021-07-19,Monterey,053,433212,43686,1899,45585,587
2021-07-19,Napa,055,140530,10272,43,10315,82
2021-07-19,Nevada,057,99092,5251,195,5446,71
2021-07-19,Orange,059,3164182,261880,11890,273770,5253
2021-07-19,Placer,061,380077,24760,1728,26488,308
2021-07-19,Plumas,063,18699,748,14,762,5
2021-07-19,Riverside,065,2383286,300493,14346,314839,4612
2021-07-19,Sacramento,067,1510023,112975,2076,115051,1722
2021-07-19,San Benito,069,59416,6201,113,6314,60
2021-07-19,San Bernardino,071,2135413,299284,9227,308511,5361
2021-07-19,San Diego,073,3302833,290865,16519,307384,3800
2021-07-19,San Francisco,075,870044,39267,1385,40652,577
2021-07-19,San Joaquin,077,732212,75882,3741,79623,1473
2021-07-19,San Luis Obispo,079,281455,21911,776,22687,260
2021-07-19,San Mateo,081,765935,44037,534,44571,552
2021-07-19,Santa Barbara,083,443738,35267,1146,36413,464
2021-07-19,Santa Clara,085,1922200,121940,812,122752,1756
2021-07-19,Santa Cruz,087,273765,16568,807,17375,209
2021-07-19,Shasta,089,179085,12827,1696,14523,208
2021-07-19,Sierra,091,2930,66,12,78,0
2021-07-19,Siskiyou,093,43540,2035,412,2447,34
2021-07-19,Solano,095,438530,34765,654,35419,270
2021-07-19,Sonoma,097,501317,32127,371,32498,327
2021-07-19,Stanislaus,099,539301,58117,6147,64264,1011
2021-07-19,Sutter,101,95872,9905,93,9998,127
2021-07-19,Tehama,103,63373,5213,590,5803,78
2021-07-19,Trinity,105,12862,503,104,607,5
2021-07-19,Tulare,107,460477,50861,9225,60086,885
2021-07-19,Tuolumne,109,53932,4203,47,4250,68
2021-07-19,Ventura,111,848112,83166,3293,86459,1044
2021-07-19,Yolo,113,214977,14668,345,15013,235
2021-07-19,Yuba,115,75493,6487,131,6618,49
2021-07-18,Alameda,001,1643700,93316,2085,95401,1275
2021-07-18,Alpine,002,1148,88,0,88,0
2021-07-18,Amador,005,37829,3825,33,3858,48
2021-07-18,Butte,007,227075,13069,1950,15019,202
2021-07-18,Calaveras,009,45235,2267,15,2282,57
2021-07-18,Colusa,011,21464,2002,336,2338,16
2021-07-18,Contra Costa,013,1133247,73969,1397,75366,833
2021-07-18,Del Norte,015,27424,1529,14,1543,9
2021-07-18,El Dorado,017,186661,10878,824,11702,119
2021-07-18,Fresno,019,978130,104634,8888,113522,1760
2021-07-18,Glenn,021,27897,2471,572,3043,27
2021-07-18,Humboldt,023,135768,4789,60,4849,52
2021-07-18,Imperial,025,180216,29097,2698,31795,747
2021-07-18,Inyo,027,18085,1425,12,1437,39
2021-07-18,Kern,029,883053,98903,11433,110336,1362
2021-07-18,Kings,031,150075,23554,1116,24670,249
2021-07-18,Lake,033,64148,3981,14,3995,65
2021-07-18,Lassen,035,31185,5322,118,5440,19
2021-07-18,Los Angeles,037,10098052,1238204,42721,1280925,24614
2021-07-18,Madera,039,155013,17049,964,18013,251
2021-07-18,Marin,041,260295,6124,213,6337,183
2021-07-18,Mariposa,043,17540,449,11,460,6
2021-07-18,Mendocino,045,87422,4355,90,4445,52
2021-07-18,Merced,047,269075,31607,1066,32673,506
2021-07-18,Modoc,049,8938,418,147,565,5
2021-07-18,Mono,051,14174,1278,18,1296,3
2021-07-18,Monterey,053,433212,43668,1889,45557,587
2021-07-18,Napa,055,140530,10255,40,10295,82
2021-07-18,Nevada,057,99092,5225,195,5420,71
2021-07-18,Orange,059,3164182,261396,11862,273258,5251
2021-07-18,Placer,061,380077,24692,1701,26393,308
2021-07-18,Plumas,063,18699,748,14,762,5
2021-07-18,Riverside,065,2383286,300001,14304,314305,4612
2021-07-18,Sacramento,067,1510023,112545,2043,114588,1719
2021-07-18,San Benito,069,59416,6193,113,6306,60
2021-07-18,San Bernardino,071,2135413,298809,9212,308021,5358
2021-07-18,San Diego,073,3302833,290049,16435,306484,3800
2021-07-18,San Francisco,075,870044,39031,1374,40405,575
2021-07-18,San Joaquin,077,732212,75705,3728,79433,1469
2021-07-18,San Luis Obispo,079,281455,21876,773,22649,260
2021-07-18,San Mateo,081,765935,43924,528,44452,552
2021-07-18,Santa Barbara,083,443738,35202,1144,36346,464
2021-07-18,Santa Clara,085,1922200,121726,805,122531,1755
2021-07-18,Santa Cruz,087,273765,16536,806,17342,209
2021-07-18,Shasta,089,179085,12802,1692,14494,208
2021-07-18,Sierra,091,2930,66,12,78,0
2021-07-18,Siskiyou,093,43540,2029,407,2436,34
2021-07-18,Solano,095,438530,34637,650,35287,270
2021-07-18,Sonoma,097,501317,32022,370,32392,327
2021-07-18,Stanislaus,099,539301,58006,6122,64128,1011
2021-07-18,Sutter,101,95872,9873,93,9966,127
2021-07-18,Tehama,103,63373,5210,589,5799,78
2021-07-18,Trinity,105,12862,503,104,607,5
2021-07-18,Tulare,107,460477,50808,9202,60010,885
2021-07-18,Tuolumne,109,53932,4185,47,4232,68
2021-07-18,Ventura,111,848112,83052,3269,86321,1044
2021-07-18,Yolo,113,214977,14610,339,14949,235
2021-07-18,Yuba,115,75493,6446,131,6577,49
2021-07-17,Alameda,001,1643700,93098,2074,95172,1275
2021-07-17,Alpine,002,1148,88,0,88,0
2021-07-17,Amador,005,37829,3816,33,3849,48
2021-07-17,Butte,007,227075,13054,1946,15000,202
2021-07-17,Calaveras,009,45235,2262,15,2277,57
2021-07-17,Colusa,011,21464,1999,336,2335,16
2021-07-17,Contra Costa,013,1133247,73788,1384,75172,833
2021-07-17,Del Norte,015,27424,1521,14,1535,9
2021-07-17,El Dorado,017,186661,10851,820,11671,118
2021-07-17,Fresno,019,978130,104561,8874,113435,1759
2021-07-17,Glenn,021,27897,2470,572,3042,27
2021-07-17,Humboldt,023,135768,4776,59,4835,52
2021-07-17,Imperial,025,180216,29081,2698,31779,747
2021-07-17,Inyo,027,18085,1425,12,1437,39
2021-07-17,Kern,029,883053,98846,11397,110243,1361
2021-07-17,Kings,031,150075,23534,1115,24649,249
2021-07-17,Lake,033,64148,3956,14,3970,65
2021-07-17,Lassen,035,31185,5322,118,5440,19
2021-07-17,Los Angeles,037,10098052,1236667,42580,1279247,24610
2021-07-17,Madera,039,155013,17041,964,18005,251
2021-07-17,Marin,041,260295,6106,211,6317,183
2021-07-17,Mariposa,043,17540,449,11,460,6
2021-07-17,Mendocino,045,87422,4343,90,4433,51
2021-07-17,Merced,047,269075,31586,1062,32648,506
2021-07-17,Modoc,049,8938,418,147,565,5
2021-07-17,Mono,051,14174,1276,18,1294,3
2021-07-17,Monterey,053,433212,43645,1884,45529,587
2021-07-17,Napa,055,140530,10239,40,10279,82
2021-07-17,Nevada,057,99092,5210,195,5405,71
2021-07-17,Orange,059,3164182,261089,11823,272912,5250
2021-07-17,Placer,061,380077,24625,1687,26312,308
2021-07-17,Plumas,063,18699,743,14,757,5
2021-07-17,Riverside,065,2383286,299693,14272,313965,4612
2021-07-17,Sacramento,067,1510023,112309,2023,114332,1718
2021-07-17,San Benito,069,59416,6187,113,6300,60
2021-07-17,San Bernardino,071,2135413,298572,9193,307765,5357
2021-07-17,San Diego,073,3302833,289642,16367,306009,3799
2021-07-17,San Francisco,075,870044,38910,1371,40281,575
2021-07-17,San Joaquin,077,732212,75618,3722,79340,1469
2021-07-17,San Luis Obispo,079,281455,21849,773,22622,260
2021-07-17,San Mateo,081,765935,43853,527,44380,552
2021-07-17,Santa Barbara,083,443738,35161,1141,36302,464
2021-07-17,Santa Clara,085,1922200,121554,802,122356,1755
2021-07-17,Santa Cruz,087,273765,16529,806,17335,209
2021-07-17,Shasta,089,179085,12787,1687,14474,208
2021-07-17,Sierra,091,2930,66,12,78,0
2021-07-17,Siskiyou,093,43540,2024,404,2428,34
2021-07-17,Solano,095,438530,34571,642,35213,270
2021-07-17,Sonoma,097,501317,31954,369,32323,327
2021-07-17,Stanislaus,099,539301,57929,6108,64037,1011
2021-07-17,Sutter,101,95872,9863,93,9956,127
2021-07-17,Tehama,103,63373,5207,589,5796,78
2021-07-17,Trinity,105,12862,502,104,606,5
2021-07-17,Tulare,107,460477,50786,9190,59976,885
2021-07-17,Tuolumne,109,53932,4175,47,4222,68
2021-07-17,Ventura,111,848112,82983,3258,86241,1044
2021-07-17,Yolo,113,214977,14577,332,14909,235
2021-07-17,Yuba,115,75493,6435,131,6566,49
2021-07-16,Alameda,001,1643700,92859,2063,94922,1273
2021-07-16,Alpine,002,1148,88,0,88,0
2021-07-16,Amador,005,37829,3813,33,3846,48
2021-07-16,Butte,007,227075,13029,1942,14971,202
2021-07-16,Calaveras,009,45235,2261,15,2276,57
2021-07-16,Colusa,011,21464,1997,335,2332,16
2021-07-16,Contra Costa,013,1133247,73599,1380,74979,832
2021-07-16,Del Norte,015,27424,1519,14,1533,9
2021-07-16,El Dorado,017,186661,10832,819,11651,118
2021-07-16,Fresno,019,978130,104509,8854,113363,1758
2021-07-16,Glenn,021,27897,2470,572,3042,27
2021-07-16,Humboldt,023,135768,4754,59,4813,52
2021-07-16,Imperial,025,180216,29069,2698,31767,747
2021-07-16,Inyo,027,18085,1423,12,1435,39
2021-07-16,Kern,029,883053,98784,11357,110141,1361
2021-07-16,Kings,031,150075,23509,1114,24623,249
2021-07-16,Lake,033,64148,3929,14,3943,65
2021-07-16,Lassen,035,31185,5321,118,5439,19
2021-07-16,Los Angeles,037,10098052,1235166,42435,1277601,24604
2021-07-16,Madera,039,155013,17023,964,17987,251
2021-07-16,Marin,041,260295,6082,208,6290,183
2021-07-16,Mariposa,043,17540,449,11,460,6
2021-07-16,Mendocino,045,87422,4334,89,4423,51
2021-07-16,Merced,047,269075,31565,1060,32625,505
2021-07-16,Modoc,049,8938,418,147,565,5
2021-07-16,Mono,051,14174,1275,18,1293,3
2021-07-16,Monterey,053,433212,43623,1883,45506,587
2021-07-16,Napa,055,140530,10215,39,10254,82
2021-07-16,Nevada,057,99092,5200,195,5395,71
2021-07-16,Orange,059,3164182,260816,11782,272598,5249
2021-07-16,Placer,061,380077,24572,1682,26254,308
2021-07-16,Plumas,063,18699,742,14,756,5
2021-07-16,Riverside,065,2383286,299417,14246,313663,4612
2021-07-16,Sacramento,067,1510023,112092,2010,114102,1714
2021-07-16,San Benito,069,59416,6185,113,6298,60
2021-07-16,San Bernardino,071,2135413,298296,9176,307472,5354
2021-07-16,San Diego,073,3302833,289199,16320,305519,3796
2021-07-16,San Francisco,075,870044,38792,1366,40158,575
2021-07-16,San Joaquin,077,732212,75524,3719,79243,1469
2021-07-16,San Luis Obispo,079,281455,21832,773,22605,260
2021-07-16,San Mateo,081,765935,43800,526,44326,552
2021-07-16,Santa Barbara,083,443738,35123,1141,36264,464
2021-07-16,Santa Clara,085,1922200,121407,795,122202,1755
2021-07-16,Santa Cruz,087,273765,16516,806,17322,209
2021-07-16,Shasta,089,179085,12777,1686,14463,208
2021-07-16,Sierra,091,2930,66,12,78,0
2021-07-16,Siskiyou,093,43540,2022,402,2424,34
2021-07-16,Solano,095,438530,34504,634,35138,270
2021-07-16,Sonoma,097,501317,31902,366,32268,327
2021-07-16,Stanislaus,099,539301,57879,6098,63977,1010
2021-07-16,Sutter,101,95872,9851,93,9944,127
2021-07-16,Tehama,103,63373,5205,589,5794,78
2021-07-16,Trinity,105,12862,502,103,605,5
2021-07-16,Tulare,107,460477,50761,9180,59941,885
2021-07-16,Tuolumne,109,53932,4169,47,4216,68
2021-07-16,Ventura,111,848112,82918,3251,86169,1044
2021-07-16,Yolo,113,214977,14551,329,14880,235
2021-07-16,Yuba,115,75493,6413,130,6543,49
2021-07-15,Alameda,001,1643700,92563,2053,94616,1273
2021-07-15,Alpine,002,1148,88,0,88,0
2021-07-15,Amador,005,37829,3810,33,3843,48
2021-07-15,Butte,007,227075,13003,1940,14943,202
2021-07-15,Calaveras,009,45235,2258,15,2273,57
2021-07-15,Colusa,011,21464,1996,334,2330,16
2021-07-15,Contra Costa,013,1133247,73385,1373,74758,831
2021-07-15,Del Norte,015,27424,1516,14,1530,9
2021-07-15,El Dorado,017,186661,10805,817,11622,118
2021-07-15,Fresno,019,978130,104412,8834,113246,1758
2021-07-15,Glenn,021,27897,2470,572,3042,27
2021-07-15,Humboldt,023,135768,4736,58,4794,52
2021-07-15,Imperial,025,180216,29046,2698,31744,747
2021-07-15,Inyo,027,18085,1423,12,1435,39
2021-07-15,Kern,029,883053,98714,11329,110043,1360
2021-07-15,Kings,031,150075,23471,1111,24582,249
2021-07-15,Lake,033,64148,3890,14,3904,65
2021-07-15,Lassen,035,31185,5320,118,5438,19
2021-07-15,Los Angeles,037,10098052,1233178,42278,1275456,24600
2021-07-15,Madera,039,155013,17001,960,17961,250
2021-07-15,Marin,041,260295,6057,208,6265,183
2021-07-15,Mariposa,043,17540,449,11,460,6
2021-07-15,Mendocino,045,87422,4326,88,4414,51
2021-07-15,Merced,047,269075,31535,1060,32595,504
2021-07-15,Modoc,049,8938,418,147,565,5
2021-07-15,Mono,051,14174,1275,18,1293,3
2021-07-15,Monterey,053,433212,43594,1880,45474,587
2021-07-15,Napa,055,140530,10190,38,10228,82
2021-07-15,Nevada,057,99092,5183,194,5377,71
2021-07-15,Orange,059,3164182,260464,11751,272215,5247
2021-07-15,Placer,061,380077,24512,1665,26177,308
2021-07-15,Plumas,063,18699,741,14,755,5
2021-07-15,Riverside,065,2383286,299096,14231,313327,4610
2021-07-15,Sacramento,067,1510023,111787,1993,113780,1714
2021-07-15,San Benito,069,59416,6183,113,6296,60
2021-07-15,San Bernardino,071,2135413,297989,9162,307151,5352
2021-07-15,San Diego,073,3302833,288561,16242,304803,3795
2021-07-15,San Francisco,075,870044,38641,1358,39999,573
2021-07-15,San Joaquin,077,732212,75407,3714,79121,1469
2021-07-15,San Luis Obispo,079,281455,21800,773,22573,260
2021-07-15,San Mateo,081,765935,43695,521,44216,552
2021-07-15,Santa Barbara,083,443738,35067,1140,36207,464
2021-07-15,Santa Clara,085,1922200,121285,792,122077,1755
2021-07-15,Santa Cruz,087,273765,16503,806,17309,209
2021-07-15,Shasta,089,179085,12769,1682,14451,208
2021-07-15,Sierra,091,2930,66,12,78,0
2021-07-15,Siskiyou,093,43540,2021,402,2423,34
2021-07-15,Solano,095,438530,34428,628,35056,270
2021-07-15,Sonoma,097,501317,31841,366,32207,327
2021-07-15,Stanislaus,099,539301,57810,6085,63895,1010
2021-07-15,Sutter,101,95872,9831,92,9923,127
2021-07-15,Tehama,103,63373,5199,588,5787,78
2021-07-15,Trinity,105,12862,502,103,605,5
2021-07-15,Tulare,107,460477,50741,9163,59904,885
2021-07-15,Tuolumne,109,53932,4157,47,4204,68
2021-07-15,Ventura,111,848112,82842,3246,86088,1042
2021-07-15,Yolo,113,214977,14523,328,14851,235
2021-07-15,Yuba,115,75493,6398,129,6527,49
2021-07-14,Alameda,001,1643700,92303,2037,94340,1272
2021-07-14,Alpine,002,1148,88,0,88,0
2021-07-14,Amador,005,37829,3802,33,3835,48
2021-07-14,Butte,007,227075,12976,1933,14909,202
2021-07-14,Calaveras,009,45235,2251,15,2266,57
2021-07-14,Colusa,011,21464,1993,334,2327,16
2021-07-14,Contra Costa,013,1133247,73156,1361,74517,830
2021-07-14,Del Norte,015,27424,1515,14,1529,9
2021-07-14,El Dorado,017,186661,10779,814,11593,118
2021-07-14,Fresno,019,978130,104332,8823,113155,1758
2021-07-14,Glenn,021,27897,2470,572,3042,27
2021-07-14,Humboldt,023,135768,4712,56,4768,52
2021-07-14,Imperial,025,180216,29017,2698,31715,747
2021-07-14,Inyo,027,18085,1422,12,1434,39
2021-07-14,Kern,029,883053,98650,11304,109954,1358
2021-07-14,Kings,031,150075,23458,1111,24569,249
2021-07-14,Lake,033,64148,3857,14,3871,65
2021-07-14,Lassen,035,31185,5319,118,5437,19
2021-07-14,Los Angeles,037,10098052,1231161,42138,1273299,24595
2021-07-14,Madera,039,155013,16989,958,17947,250
2021-07-14,Marin,041,260295,6023,206,6229,183
2021-07-14,Mariposa,043,17540,447,11,458,6
2021-07-14,Mendocino,045,87422,4312,88,4400,51
2021-07-14,Merced,047,269075,31498,1057,32555,504
2021-07-14,Modoc,049,8938,418,147,565,5
2021-07-14,Mono,051,14174,1275,18,1293,3
2021-07-14,Monterey,053,433212,43570,1878,45448,586
2021-07-14,Napa,055,140530,10168,38,10206,82
2021-07-14,Nevada,057,99092,5163,194,5357,71
2021-07-14,Orange,059,3164182,260148,11720,271868,5247
2021-07-14,Placer,061,380077,24459,1653,26112,307
2021-07-14,Plumas,063,18699,734,14,748,5
2021-07-14,Riverside,065,2383286,298772,14215,312987,4609
2021-07-14,Sacramento,067,1510023,111459,1969,113428,1712
2021-07-14,San Benito,069,59416,6180,113,6293,60
2021-07-14,San Bernardino,071,2135413,297689,9147,306836,5350
2021-07-14,San Diego,073,3302833,287989,16162,304151,3794
2021-07-14,San Francisco,075,870044,38502,1353,39855,573
2021-07-14,San Joaquin,077,732212,75315,3705,79020,1469
2021-07-14,San Luis Obispo,079,281455,21778,771,22549,260
2021-07-14,San Mateo,081,765935,43596,517,44113,552
2021-07-14,Santa Barbara,083,443738,35025,1138,36163,463
2021-07-14,Santa Clara,085,1922200,121135,789,121924,1755
2021-07-14,Santa Cruz,087,273765,16491,806,17297,209
2021-07-14,Shasta,089,179085,12749,1679,14428,208
2021-07-14,Sierra,091,2930,66,12,78,0
2021-07-14,Siskiyou,093,43540,2014,399,2413,34
2021-07-14,Solano,095,438530,34355,628,34983,270
2021-07-14,Sonoma,097,501317,31789,366,32155,326
2021-07-14,Stanislaus,099,539301,57735,6073,63808,1010
2021-07-14,Sutter,101,95872,9809,92,9901,127
2021-07-14,Tehama,103,63373,5197,588,5785,78
2021-07-14,Trinity,105,12862,502,103,605,5
2021-07-14,Tulare,107,460477,50724,9148,59872,885
2021-07-14,Tuolumne,109,53932,4154,46,4200,68
2021-07-14,Ventura,111,848112,82748,3235,85983,1042
2021-07-14,Yolo,113,214977,14490,325,14815,234
2021-07-14,Yuba,115,75493,6380,129,6509,49
2021-07-13,Alameda,001,1643700,92039,2027,94066,1272
2021-07-13,Alpine,002,1148,88,0,88,0
2021-07-13,Amador,005,37829,3795,33,3828,48
2021-07-13,Butte,007,227075,12962,1932,14894,202
2021-07-13,Calaveras,009,45235,2247,15,2262,57
2021-07-13,Colusa,011,21464,1991,331,2322,16
2021-07-13,Contra Costa,013,1133247,72930,1352,74282,829
2021-07-13,Del Norte,015,27424,1511,14,1525,9
2021-07-13,El Dorado,017,186661,10762,812,11574,118
2021-07-13,Fresno,019,978130,104257,8813,113070,1758
2021-07-13,Glenn,021,27897,2468,572,3040,27
2021-07-13,Humboldt,023,135768,4697,56,4753,52
2021-07-13,Imperial,025,180216,29006,2698,31704,747
2021-07-13,Inyo,027,18085,1421,12,1433,39
2021-07-13,Kern,029,883053,98561,11265,109826,1358
2021-07-13,Kings,031,150075,23440,1111,24551,249
2021-07-13,Lake,033,64148,3830,13,3843,65
2021-07-13,Lassen,035,31185,5317,118,5435,19
2021-07-13,Los Angeles,037,10098052,1229310,41968,1271278,24590
2021-07-13,Madera,039,155013,16979,954,17933,250
2021-07-13,Marin,041,260295,5994,205,6199,183
2021-07-13,Mariposa,043,17540,446,11,457,6
2021-07-13,Mendocino,045,87422,4305,88,4393,51
2021-07-13,Merced,047,269075,31477,1054,32531,504
2021-07-13,Modoc,049,8938,418,147,565,5
2021-07-13,Mono,051,14174,1274,18,1292,3
2021-07-13,Monterey,053,433212,43552,1874,45426,586
2021-07-13,Napa,055,140530,10147,38,10185,82
2021-07-13,Nevada,057,99092,5138,194,5332,71
2021-07-13,Orange,059,3164182,259818,11692,271510,5247
2021-07-13,Placer,061,380077,24413,1640,26053,306
2021-07-13,Plumas,063,18699,733,14,747,5
2021-07-13,Riverside,065,2383286,298450,14188,312638,4609
2021-07-13,Sacramento,067,1510023,111149,1946,113095,1712
2021-07-13,San Benito,069,59416,6178,113,6291,60
2021-07-13,San Bernardino,071,2135413,297412,9125,306537,5349
2021-07-13,San Diego,073,3302833,287441,16083,303524,3792
2021-07-13,San Francisco,075,870044,38358,1347,39705,573
2021-07-13,San Joaquin,077,732212,75199,3702,78901,1468
2021-07-13,San Luis Obispo,079,281455,21752,768,22520,260
2021-07-13,San Mateo,081,765935,43527,516,44043,552
2021-07-13,Santa Barbara,083,443738,34976,1135,36111,463
2021-07-13,Santa Clara,085,1922200,120982,785,121767,1755
2021-07-13,Santa Cruz,087,273765,16481,804,17285,209
2021-07-13,Shasta,089,179085,12736,1672,14408,208
2021-07-13,Sierra,091,2930,66,12,78,0
2021-07-13,Siskiyou,093,43540,2013,397,2410,34
2021-07-13,Solano,095,438530,34290,622,34912,270
2021-07-13,Sonoma,097,501317,31730,366,32096,326
2021-07-13,Stanislaus,099,539301,57664,6058,63722,1009
2021-07-13,Sutter,101,95872,9791,91,9882,127
2021-07-13,Tehama,103,63373,5190,588,5778,77
2021-07-13,Trinity,105,12862,502,102,604,5
2021-07-13,Tulare,107,460477,50699,9132,59831,885
2021-07-13,Tuolumne,109,53932,4146,45,4191,68
2021-07-13,Ventura,111,848112,82663,3210,85873,1041
2021-07-13,Yolo,113,214977,14462,319,14781,234
2021-07-13,Yuba,115,75493,6363,129,6492,49
2021-07-12,Alameda,001,1643700,91781,2020,93801,1272
2021-07-12,Alpine,002,1148,88,0,88,0
2021-07-12,Amador,005,37829,3788,33,3821,48
2021-07-12,Butte,007,227075,12942,1930,14872,202
2021-07-12,Calaveras,009,45235,2245,15,2260,57
2021-07-12,Colusa,011,21464,1987,330,2317,16
2021-07-12,Contra Costa,013,1133247,72726,1347,74073,828
2021-07-12,Del Norte,015,27424,1508,14,1522,9
2021-07-12,El Dorado,017,186661,10733,810,11543,118
2021-07-12,Fresno,019,978130,104163,8801,112964,1756
2021-07-12,Glenn,021,27897,2468,572,3040,27
2021-07-12,Humboldt,023,135768,4681,56,4737,51
2021-07-12,Imperial,025,180216,28976,2698,31674,747
2021-07-12,Inyo,027,18085,1421,12,1433,39
2021-07-12,Kern,029,883053,98492,11240,109732,1357
2021-07-12,Kings,031,150075,23420,1109,24529,249
2021-07-12,Lake,033,64148,3809,13,3822,65
2021-07-12,Lassen,035,31185,5316,118,5434,19
2021-07-12,Los Angeles,037,10098052,1227513,41836,1269349,24586
2021-07-12,Madera,039,155013,16968,954,17922,250
2021-07-12,Marin,041,260295,5969,204,6173,183
2021-07-12,Mariposa,043,17540,446,11,457,6
2021-07-12,Mendocino,045,87422,4294,88,4382,51
2021-07-12,Merced,047,269075,31446,1053,32499,504
2021-07-12,Modoc,049,8938,417,147,564,5
2021-07-12,Mono,051,14174,1272,18,1290,3
2021-07-12,Monterey,053,433212,43531,1870,45401,584
2021-07-12,Napa,055,140530,10129,37,10166,82
2021-07-12,Nevada,057,99092,5115,194,5309,71
2021-07-12,Orange,059,3164182,259464,11668,271132,5246
2021-07-12,Placer,061,380077,24362,1634,25996,306
2021-07-12,Plumas,063,18699,733,14,747,5
2021-07-12,Riverside,065,2383286,298142,14159,312301,4607
2021-07-12,Sacramento,067,1510023,110933,1920,112853,1711
2021-07-12,San Benito,069,59416,6175,113,6288,60
2021-07-12,San Bernardino,071,2135413,297140,9110,306250,5347
2021-07-12,San Diego,073,3302833,286972,16007,302979,3792
2021-07-12,San Francisco,075,870044,38212,1344,39556,572
2021-07-12,San Joaquin,077,732212,75105,3692,78797,1468
2021-07-12,San Luis Obispo,079,281455,21733,767,22500,260
2021-07-12,San Mateo,081,765935,43433,509,43942,552
2021-07-12,Santa Barbara,083,443738,34933,1133,36066,463
2021-07-12,Santa Clara,085,1922200,120817,782,121599,1754
2021-07-12,Santa Cruz,087,273765,16456,803,17259,209
2021-07-12,Shasta,089,179085,12729,1669,14398,208
2021-07-12,Sierra,091,2930,66,12,78,0
2021-07-12,Siskiyou,093,43540,2008,392,2400,34
2021-07-12,Solano,095,438530,34200,613,34813,270
2021-07-12,Sonoma,097,501317,31682,365,32047,325
2021-07-12,Stanislaus,099,539301,57594,6051,63645,1009
2021-07-12,Sutter,101,95872,9774,90,9864,127
2021-07-12,Tehama,103,63373,5185,587,5772,77
2021-07-12,Trinity,105,12862,498,100,598,5
2021-07-12,Tulare,107,460477,50671,9119,59790,885
2021-07-12,Tuolumne,109,53932,4142,45,4187,68
2021-07-12,Ventura,111,848112,82562,3189,85751,1041
2021-07-12,Yolo,113,214977,14434,315,14749,234
2021-07-12,Yuba,115,75493,6348,129,6477,49
2021-07-11,Alameda,001,1643700,91452,2008,93460,1272
2021-07-11,Alpine,002,1148,88,0,88,0
2021-07-11,Amador,005,37829,3786,33,3819,48
2021-07-11,Butte,007,227075,12920,1924,14844,202
2021-07-11,Calaveras,009,45235,2243,14,2257,57
2021-07-11,Colusa,011,21464,1986,329,2315,16
2021-07-11,Contra Costa,013,1133247,72516,1340,73856,828
2021-07-11,Del Norte,015,27424,1504,13,1517,9
2021-07-11,El Dorado,017,186661,10704,808,11512,118
2021-07-11,Fresno,019,978130,104067,8781,112848,1754
2021-07-11,Glenn,021,27897,2467,572,3039,27
2021-07-11,Humboldt,023,135768,4668,55,4723,51
2021-07-11,Imperial,025,180216,28958,2697,31655,746
2021-07-11,Inyo,027,18085,1419,12,1431,39
2021-07-11,Kern,029,883053,98419,11224,109643,1356
2021-07-11,Kings,031,150075,23389,1106,24495,249
2021-07-11,Lake,033,64148,3778,13,3791,65
2021-07-11,Lassen,035,31185,5313,118,5431,19
2021-07-11,Los Angeles,037,10098052,1225755,41681,1267436,24583
2021-07-11,Madera,039,155013,16949,953,17902,250
2021-07-11,Marin,041,260295,5943,204,6147,183
2021-07-11,Mariposa,043,17540,445,11,456,6
2021-07-11,Mendocino,045,87422,4274,88,4362,50
2021-07-11,Merced,047,269075,31422,1048,32470,504
2021-07-11,Modoc,049,8938,416,147,563,5
2021-07-11,Mono,051,14174,1272,18,1290,3
2021-07-11,Monterey,053,433212,43512,1866,45378,584
2021-07-11,Napa,055,140530,10125,37,10162,82
2021-07-11,Nevada,057,99092,5104,193,5297,71
2021-07-11,Orange,059,3164182,259152,11640,270792,5245
2021-07-11,Placer,061,380077,24305,1622,25927,306
2021-07-11,Plumas,063,18699,733,14,747,5
2021-07-11,Riverside,065,2383286,297878,14141,312019,4607
2021-07-11,Sacramento,067,1510023,110655,1908,112563,1708
2021-07-11,San Benito,069,59416,6170,113,6283,60
2021-07-11,San Bernardino,071,2135413,296834,9085,305919,5344
2021-07-11,San Diego,073,3302833,286558,15921,302479,3792
2021-07-11,San Francisco,075,870044,38083,1338,39421,572
2021-07-11,San Joaquin,077,732212,74988,3675,78663,1467
2021-07-11,San Luis Obispo,079,281455,21700,766,22466,260
2021-07-11,San Mateo,081,765935,43354,503,43857,552
2021-07-11,Santa Barbara,083,443738,34886,1133,36019,463
2021-07-11,Santa Clara,085,1922200,120663,781,121444,1754
2021-07-11,Santa Cruz,087,273765,16440,803,17243,209
2021-07-11,Shasta,089,179085,12712,1667,14379,207
2021-07-11,Sierra,091,2930,66,12,78,0
2021-07-11,Siskiyou,093,43540,2004,390,2394,34
2021-07-11,Solano,095,438530,34119,609,34728,270
2021-07-11,Sonoma,097,501317,31600,365,31965,324
2021-07-11,Stanislaus,099,539301,57528,6040,63568,1009
2021-07-11,Sutter,101,95872,9760,90,9850,127
2021-07-11,Tehama,103,63373,5182,587,5769,77
2021-07-11,Trinity,105,12862,497,100,597,5
2021-07-11,Tulare,107,460477,50646,9101,59747,885
2021-07-11,Tuolumne,109,53932,4136,45,4181,68
2021-07-11,Ventura,111,848112,82489,3169,85658,1041
2021-07-11,Yolo,113,214977,14409,309,14718,234
2021-07-11,Yuba,115,75493,6337,129,6466,49
2021-07-10,Alameda,001,1643700,91302,2004,93306,1272
2021-07-10,Alpine,002,1148,88,0,88,0
2021-07-10,Amador,005,37829,3780,33,3813,48
2021-07-10,Butte,007,227075,12910,1921,14831,202
2021-07-10,Calaveras,009,45235,2242,14,2256,57
2021-07-10,Colusa,011,21464,1984,329,2313,16
2021-07-10,Contra Costa,013,1133247,72416,1339,73755,826
2021-07-10,Del Norte,015,27424,1502,13,1515,9
2021-07-10,El Dorado,017,186661,10687,805,11492,118
2021-07-10,Fresno,019,978130,104034,8774,112808,1754
2021-07-10,Glenn,021,27897,2464,571,3035,27
2021-07-10,Humboldt,023,135768,4659,55,4714,51
2021-07-10,Imperial,025,180216,28945,2697,31642,746
2021-07-10,Inyo,027,18085,1418,12,1430,39
2021-07-10,Kern,029,883053,98379,11207,109586,1355
2021-07-10,Kings,031,150075,23382,1105,24487,249
2021-07-10,Lake,033,64148,3761,13,3774,63
2021-07-10,Lassen,035,31185,5313,118,5431,19
2021-07-10,Los Angeles,037,10098052,1224727,41578,1266305,24579
2021-07-10,Madera,039,155013,16943,950,17893,250
2021-07-10,Marin,041,260295,5929,204,6133,182
2021-07-10,Mariposa,043,17540,445,11,456,6
2021-07-10,Mendocino,045,87422,4267,87,4354,50
2021-07-10,Merced,047,269075,31409,1048,32457,504
2021-07-10,Modoc,049,8938,416,147,563,5
2021-07-10,Mono,051,14174,1272,18,1290,3
2021-07-10,Monterey,053,433212,43498,1864,45362,584
2021-07-10,Napa,055,140530,10113,37,10150,82
2021-07-10,Nevada,057,99092,5095,193,5288,71
2021-07-10,Orange,059,3164182,258973,11624,270597,5245
2021-07-10,Placer,061,380077,24276,1612,25888,306
2021-07-10,Plumas,063,18699,732,14,746,5
2021-07-10,Riverside,065,2383286,297688,14128,311816,4606
2021-07-10,Sacramento,067,1510023,110506,1902,112408,1706
2021-07-10,San Benito,069,59416,6165,113,6278,60
2021-07-10,San Bernardino,071,2135413,296646,9072,305718,5342
2021-07-10,San Diego,073,3302833,286268,15868,302136,3792
2021-07-10,San Francisco,075,870044,38000,1335,39335,572
2021-07-10,San Joaquin,077,732212,74931,3669,78600,1467
2021-07-10,San Luis Obispo,079,281455,21689,765,22454,259
2021-07-10,San Mateo,081,765935,43302,501,43803,552
2021-07-10,Santa Barbara,083,443738,34859,1133,35992,463
2021-07-10,Santa Clara,085,1922200,120560,778,121338,1754
2021-07-10,Santa Cruz,087,273765,16433,803,17236,209
2021-07-10,Shasta,089,179085,12699,1662,14361,207
2021-07-10,Sierra,091,2930,66,12,78,0
2021-07-10,Siskiyou,093,43540,2002,387,2389,34
2021-07-10,Solano,095,438530,34077,603,34680,270
2021-07-10,Sonoma,097,501317,31549,365,31914,324
2021-07-10,Stanislaus,099,539301,57492,6030,63522,1009
2021-07-10,Sutter,101,95872,9748,90,9838,127
2021-07-10,Tehama,103,63373,5179,587,5766,77
2021-07-10,Trinity,105,12862,497,100,597,5
2021-07-10,Tulare,107,460477,50636,9095,59731,885
2021-07-10,Tuolumne,109,53932,4134,45,4179,68
2021-07-10,Ventura,111,848112,82444,3151,85595,1041
2021-07-10,Yolo,113,214977,14388,306,14694,234
2021-07-10,Yuba,115,75493,6327,129,6456,49
2021-07-09,Alameda,001,1643700,91143,1999,93142,1272
2021-07-09,Alpine,002,1148,88,0,88,0
2021-07-09,Amador,005,37829,3779,33,3812,48
2021-07-09,Butte,007,227075,12898,1919,14817,202
2021-07-09,Calaveras,009,45235,2240,14,2254,57
2021-07-09,Colusa,011,21464,1983,329,2312,16
2021-07-09,Contra Costa,013,1133247,72290,1337,73627,826
2021-07-09,Del Norte,015,27424,1497,13,1510,9
2021-07-09,El Dorado,017,186661,10672,804,11476,118
2021-07-09,Fresno,019,978130,103979,8767,112746,1754
2021-07-09,Glenn,021,27897,2463,569,3032,27
2021-07-09,Humboldt,023,135768,4640,55,4695,50
2021-07-09,Imperial,025,180216,28937,2696,31633,746
2021-07-09,Inyo,027,18085,1417,12,1429,39
2021-07-09,Kern,029,883053,98341,11195,109536,1355
2021-07-09,Kings,031,150075,23371,1104,24475,249
2021-07-09,Lake,033,64148,3747,13,3760,63
2021-07-09,Lassen,035,31185,5311,117,5428,19
2021-07-09,Los Angeles,037,10098052,1223723,41508,1265231,24573
2021-07-09,Madera,039,155013,16933,949,17882,250
2021-07-09,Marin,041,260295,5908,203,6111,182
2021-07-09,Mariposa,043,17540,445,11,456,6
2021-07-09,Mendocino,045,87422,4260,87,4347,50
2021-07-09,Merced,047,269075,31394,1048,32442,504
2021-07-09,Modoc,049,8938,416,147,563,5
2021-07-09,Mono,051,14174,1272,18,1290,3
2021-07-09,Monterey,053,433212,43489,1864,45353,584
2021-07-09,Napa,055,140530,10106,37,10143,82
2021-07-09,Nevada,057,99092,5086,193,5279,71
2021-07-09,Orange,059,3164182,258767,11610,270377,5244
2021-07-09,Placer,061,380077,24254,1606,25860,305
2021-07-09,Plumas,063,18699,730,14,744,5
2021-07-09,Riverside,065,2383286,297502,14115,311617,4606
2021-07-09,Sacramento,067,1510023,110352,1893,112245,1703
2021-07-09,San Benito,069,59416,6163,113,6276,60
2021-07-09,San Bernardino,071,2135413,296494,9065,305559,5342
2021-07-09,San Diego,073,3302833,285979,15820,301799,3791
2021-07-09,San Francisco,075,870044,37920,1328,39248,571
2021-07-09,San Joaquin,077,732212,74857,3662,78519,1466
2021-07-09,San Luis Obispo,079,281455,21677,765,22442,259
2021-07-09,San Mateo,081,765935,43258,497,43755,552
2021-07-09,Santa Barbara,083,443738,34838,1132,35970,463
2021-07-09,Santa Clara,085,1922200,120449,778,121227,1754
2021-07-09,Santa Cruz,087,273765,16430,803,17233,209
2021-07-09,Shasta,089,179085,12693,1657,14350,207
2021-07-09,Sierra,091,2930,66,12,78,0
2021-07-09,Siskiyou,093,43540,2000,386,2386,34
2021-07-09,Solano,095,438530,34041,599,34640,270
2021-07-09,Sonoma,097,501317,31513,365,31878,323
2021-07-09,Stanislaus,099,539301,57463,6028,63491,1008
2021-07-09,Sutter,101,95872,9739,90,9829,126
2021-07-09,Tehama,103,63373,5177,587,5764,77
2021-07-09,Trinity,105,12862,496,97,593,5
2021-07-09,Tulare,107,460477,50623,9089,59712,885
2021-07-09,Tuolumne,109,53932,4130,45,4175,68
2021-07-09,Ventura,111,848112,82389,3142,85531,1041
2021-07-09,Yolo,113,214977,14373,302,14675,234
2021-07-09,Yuba,115,75493,6314,129,6443,49
2021-07-08,Alameda,001,1643700,90937,1996,92933,1271
2021-07-08,Alpine,002,1148,88,0,88,0
2021-07-08,Amador,005,37829,3777,33,3810,48
2021-07-08,Butte,007,227075,12885,1916,14801,202
2021-07-08,Calaveras,009,45235,2237,13,2250,57
2021-07-08,Colusa,011,21464,1983,329,2312,16
2021-07-08,Contra Costa,013,1133247,72162,1332,73494,826
2021-07-08,Del Norte,015,27424,1495,13,1508,9
2021-07-08,El Dorado,017,186661,10655,797,11452,118
2021-07-08,Fresno,019,978130,103916,8756,112672,1754
2021-07-08,Glenn,021,27897,2463,569,3032,27
2021-07-08,Humboldt,023,135768,4624,54,4678,50
2021-07-08,Imperial,025,180216,28925,2695,31620,746
2021-07-08,Inyo,027,18085,1417,12,1429,39
2021-07-08,Kern,029,883053,98293,11180,109473,1354
2021-07-08,Kings,031,150075,23362,1104,24466,249
2021-07-08,Lake,033,64148,3733,13,3746,63
2021-07-08,Lassen,035,31185,5308,117,5425,19
2021-07-08,Los Angeles,037,10098052,1222509,41415,1263924,24566
2021-07-08,Madera,039,155013,16917,949,17866,250
2021-07-08,Marin,041,260295,5894,203,6097,182
2021-07-08,Mariposa,043,17540,444,11,455,6
2021-07-08,Mendocino,045,87422,4257,87,4344,50
2021-07-08,Merced,047,269075,31380,1046,32426,504
2021-07-08,Modoc,049,8938,416,147,563,5
2021-07-08,Mono,051,14174,1272,18,1290,3
2021-07-08,Monterey,053,433212,43469,1858,45327,584
2021-07-08,Napa,055,140530,10102,37,10139,82
2021-07-08,Nevada,057,99092,5080,193,5273,71
2021-07-08,Orange,059,3164182,258572,11588,270160,5243
2021-07-08,Placer,061,380077,24215,1598,25813,305
2021-07-08,Plumas,063,18699,729,14,743,5
2021-07-08,Riverside,065,2383286,297301,14099,311400,4604
2021-07-08,Sacramento,067,1510023,110130,1888,112018,1702
2021-07-08,San Benito,069,59416,6160,113,6273,60
2021-07-08,San Bernardino,071,2135413,296319,9056,305375,5339
2021-07-08,San Diego,073,3302833,285652,15772,301424,3791
2021-07-08,San Francisco,075,870044,37840,1324,39164,571
2021-07-08,San Joaquin,077,732212,74769,3649,78418,1465
2021-07-08,San Luis Obispo,079,281455,21665,762,22427,259
2021-07-08,San Mateo,081,765935,43207,496,43703,552
2021-07-08,Santa Barbara,083,443738,34811,1130,35941,463
2021-07-08,Santa Clara,085,1922200,120356,777,121133,1754
2021-07-08,Santa Cruz,087,273765,16424,803,17227,209
2021-07-08,Shasta,089,179085,12687,1653,14340,207
2021-07-08,Sierra,091,2930,66,12,78,0
2021-07-08,Siskiyou,093,43540,1995,383,2378,34
2021-07-08,Solano,095,438530,33986,593,34579,269
2021-07-08,Sonoma,097,501317,31482,364,31846,322
2021-07-08,Stanislaus,099,539301,57436,6024,63460,1007
2021-07-08,Sutter,101,95872,9725,88,9813,126
2021-07-08,Tehama,103,63373,5174,586,5760,77
2021-07-08,Trinity,105,12862,496,97,593,5
2021-07-08,Tulare,107,460477,50605,9082,59687,885
2021-07-08,Tuolumne,109,53932,4128,45,4173,68
2021-07-08,Ventura,111,848112,82325,3126,85451,1041
2021-07-08,Yolo,113,214977,14353,300,14653,234
2021-07-08,Yuba,115,75493,6306,129,6435,49
2021-07-07,Alameda,001,1643700,90754,1990,92744,1271
2021-07-07,Alpine,002,1148,88,0,88,0
2021-07-07,Amador,005,37829,3772,33,3805,48
2021-07-07,Butte,007,227075,12872,1911,14783,202
2021-07-07,Calaveras,009,45235,2230,13,2243,57
2021-07-07,Colusa,011,21464,1979,329,2308,16
2021-07-07,Contra Costa,013,1133247,72015,1330,73345,825
2021-07-07,Del Norte,015,27424,1490,13,1503,9
2021-07-07,El Dorado,017,186661,10635,795,11430,118
2021-07-07,Fresno,019,978130,103866,8749,112615,1754
2021-07-07,Glenn,021,27897,2463,569,3032,27
2021-07-07,Humboldt,023,135768,4610,54,4664,50
2021-07-07,Imperial,025,180216,28918,2695,31613,746
2021-07-07,Inyo,027,18085,1416,12,1428,39
2021-07-07,Kern,029,883053,98249,11165,109414,1353
2021-07-07,Kings,031,150075,23349,1101,24450,249
2021-07-07,Lake,033,64148,3714,13,3727,63
2021-07-07,Lassen,035,31185,5308,117,5425,19
2021-07-07,Los Angeles,037,10098052,1221328,41313,1262641,24563
2021-07-07,Madera,039,155013,16906,947,17853,250
2021-07-07,Marin,041,260295,5875,202,6077,182
2021-07-07,Mariposa,043,17540,442,11,453,6
2021-07-07,Mendocino,045,87422,4248,87,4335,50
2021-07-07,Merced,047,269075,31365,1046,32411,503
2021-07-07,Modoc,049,8938,416,147,563,5
2021-07-07,Mono,051,14174,1271,18,1289,3
2021-07-07,Monterey,053,433212,43445,1856,45301,584
2021-07-07,Napa,055,140530,10091,37,10128,82
2021-07-07,Nevada,057,99092,5073,193,5266,71
2021-07-07,Orange,059,3164182,258346,11567,269913,5243
2021-07-07,Placer,061,380077,24179,1588,25767,305
2021-07-07,Plumas,063,18699,729,14,743,5
2021-07-07,Riverside,065,2383286,297087,14089,311176,4604
2021-07-07,Sacramento,067,1510023,109940,1880,111820,1701
2021-07-07,San Benito,069,59416,6155,113,6268,60
2021-07-07,San Bernardino,071,2135413,296150,9049,305199,5338
2021-07-07,San Diego,073,3302833,285332,15732,301064,3790
2021-07-07,San Francisco,075,870044,37748,1321,39069,571
2021-07-07,San Joaquin,077,732212,74693,3634,78327,1462
2021-07-07,San Luis Obispo,079,281455,21656,760,22416,259
2021-07-07,San Mateo,081,765935,43153,493,43646,552
2021-07-07,Santa Barbara,083,443738,34785,1130,35915,463
2021-07-07,Santa Clara,085,1922200,120258,776,121034,1754
2021-07-07,Santa Cruz,087,273765,16415,802,17217,209
2021-07-07,Shasta,089,179085,12679,1650,14329,207
2021-07-07,Sierra,091,2930,66,12,78,0
2021-07-07,Siskiyou,093,43540,1989,379,2368,34
2021-07-07,Solano,095,438530,33937,586,34523,269
2021-07-07,Sonoma,097,501317,31436,364,31800,321
2021-07-07,Stanislaus,099,539301,57404,6019,63423,1007
2021-07-07,Sutter,101,95872,9715,88,9803,126
2021-07-07,Tehama,103,63373,5173,586,5759,76
2021-07-07,Trinity,105,12862,496,97,593,5
2021-07-07,Tulare,107,460477,50601,9073,59674,885
2021-07-07,Tuolumne,109,53932,4124,44,4168,68
2021-07-07,Ventura,111,848112,82281,3112,85393,1041
2021-07-07,Yolo,113,214977,14342,297,14639,233
2021-07-07,Yuba,115,75493,6290,129,6419,49
2021-07-06,Alameda,001,1643700,90559,1982,92541,1271
2021-07-06,Alpine,002,1148,88,0,88,0
2021-07-06,Amador,005,37829,3771,32,3803,48
2021-07-06,Butte,007,227075,12859,1908,14767,202
2021-07-06,Calaveras,009,45235,2230,13,2243,57
2021-07-06,Colusa,011,21464,1978,326,2304,16
2021-07-06,Contra Costa,013,1133247,71886,1327,73213,825
2021-07-06,Del Norte,015,27424,1486,13,1499,9
2021-07-06,El Dorado,017,186661,10617,793,11410,117
2021-07-06,Fresno,019,978130,103814,8737,112551,1753
2021-07-06,Glenn,021,27897,2462,569,3031,27
2021-07-06,Humboldt,023,135768,4596,53,4649,50
2021-07-06,Imperial,025,180216,28903,2693,31596,746
2021-07-06,Inyo,027,18085,1416,12,1428,39
2021-07-06,Kern,029,883053,98207,11154,109361,1353
2021-07-06,Kings,031,150075,23341,1100,24441,249
2021-07-06,Lake,033,64148,3704,13,3717,63
2021-07-06,Lassen,035,31185,5307,116,5423,19
2021-07-06,Los Angeles,037,10098052,1220109,41217,1261326,24558
2021-07-06,Madera,039,155013,16894,947,17841,250
2021-07-06,Marin,041,260295,5861,202,6063,182
2021-07-06,Mariposa,043,17540,442,11,453,6
2021-07-06,Mendocino,045,87422,4241,87,4328,50
2021-07-06,Merced,047,269075,31348,1045,32393,503
2021-07-06,Modoc,049,8938,416,147,563,5
2021-07-06,Mono,051,14174,1270,18,1288,3
2021-07-06,Monterey,053,433212,43423,1854,45277,584
2021-07-06,Napa,055,140530,10080,37,10117,82
2021-07-06,Nevada,057,99092,5064,193,5257,71
2021-07-06,Orange,059,3164182,258102,11550,269652,5243
2021-07-06,Placer,061,380077,24138,1582,25720,305
2021-07-06,Plumas,063,18699,728,14,742,5
2021-07-06,Riverside,065,2383286,296884,14071,310955,4603
2021-07-06,Sacramento,067,1510023,109729,1872,111601,1701
2021-07-06,San Benito,069,59416,6151,113,6264,60
2021-07-06,San Bernardino,071,2135413,295971,9036,305007,5337
2021-07-06,San Diego,073,3302833,284974,15673,300647,3790
2021-07-06,San Francisco,075,870044,37631,1320,38951,571
2021-07-06,San Joaquin,077,732212,74623,3622,78245,1459
2021-07-06,San Luis Obispo,079,281455,21639,758,22397,259
2021-07-06,San Mateo,081,765935,43078,493,43571,551
2021-07-06,Santa Barbara,083,443738,34766,1129,35895,463
2021-07-06,Santa Clara,085,1922200,120140,773,120913,1753
2021-07-06,Santa Cruz,087,273765,16410,801,17211,209
2021-07-06,Shasta,089,179085,12669,1648,14317,206
2021-07-06,Sierra,091,2930,65,12,77,0
2021-07-06,Siskiyou,093,43540,1986,375,2361,34
2021-07-06,Solano,095,438530,33886,583,34469,269
2021-07-06,Sonoma,097,501317,31373,363,31736,321
2021-07-06,Stanislaus,099,539301,57355,6008,63363,1006
2021-07-06,Sutter,101,95872,9706,87,9793,126
2021-07-06,Tehama,103,63373,5170,585,5755,76
2021-07-06,Trinity,105,12862,496,97,593,5
2021-07-06,Tulare,107,460477,50586,9063,59649,885
2021-07-06,Tuolumne,109,53932,4122,44,4166,68
2021-07-06,Ventura,111,848112,82241,3087,85328,1041
2021-07-06,Yolo,113,214977,14320,294,14614,233
2021-07-06,Yuba,115,75493,6279,129,6408,49
2021-07-05,Alameda,001,1643700,90383,1977,92360,1271
2021-07-05,Alpine,002,1148,88,0,88,0
2021-07-05,Amador,005,37829,3769,32,3801,48
2021-07-05,Butte,007,227075,12851,1899,14750,202
2021-07-05,Calaveras,009,45235,2228,13,2241,57
2021-07-05,Colusa,011,21464,1976,325,2301,16
2021-07-05,Contra Costa,013,1133247,71758,1327,73085,824
2021-07-05,Del Norte,015,27424,1482,13,1495,9
2021-07-05,El Dorado,017,186661,10592,793,11385,117
2021-07-05,Fresno,019,978130,103755,8722,112477,1752
2021-07-05,Glenn,021,27897,2459,568,3027,27
2021-07-05,Humboldt,023,135768,4582,53,4635,50
2021-07-05,Imperial,025,180216,28884,2693,31577,746
2021-07-05,Inyo,027,18085,1416,12,1428,39
2021-07-05,Kern,029,883053,98159,11134,109293,1353
2021-07-05,Kings,031,150075,23333,1097,24430,248
2021-07-05,Lake,033,64148,3686,13,3699,63
2021-07-05,Lassen,035,31185,5304,115,5419,19
2021-07-05,Los Angeles,037,10098052,1218915,41115,1260030,24553
2021-07-05,Madera,039,155013,16883,946,17829,249
2021-07-05,Marin,041,260295,5840,202,6042,182
2021-07-05,Mariposa,043,17540,442,11,453,6
2021-07-05,Mendocino,045,87422,4236,87,4323,50
2021-07-05,Merced,047,269075,31328,1045,32373,503
2021-07-05,Modoc,049,8938,416,147,563,5
2021-07-05,Mono,051,14174,1270,18,1288,3
2021-07-05,Monterey,053,433212,43403,1849,45252,584
2021-07-05,Napa,055,140530,10074,37,10111,82
2021-07-05,Nevada,057,99092,5046,192,5238,71
2021-07-05,Orange,059,3164182,257901,11532,269433,5243
2021-07-05,Placer,061,380077,24091,1574,25665,305
2021-07-05,Plumas,063,18699,727,14,741,5
2021-07-05,Riverside,065,2383286,296692,14059,310751,4603
2021-07-05,Sacramento,067,1510023,109547,1862,111409,1701
2021-07-05,San Benito,069,59416,6144,113,6257,60
2021-07-05,San Bernardino,071,2135413,295809,9029,304838,5336
2021-07-05,San Diego,073,3302833,284611,15629,300240,3790
2021-07-05,San Francisco,075,870044,37542,1315,38857,571
2021-07-05,San Joaquin,077,732212,74553,3617,78170,1459
2021-07-05,San Luis Obispo,079,281455,21625,757,22382,259
2021-07-05,San Mateo,081,765935,43026,490,43516,550
2021-07-05,Santa Barbara,083,443738,34746,1129,35875,463
2021-07-05,Santa Clara,085,1922200,120034,771,120805,1753
2021-07-05,Santa Cruz,087,273765,16401,800,17201,209
2021-07-05,Shasta,089,179085,12660,1646,14306,205
2021-07-05,Sierra,091,2930,65,12,77,0
2021-07-05,Siskiyou,093,43540,1984,374,2358,34
2021-07-05,Solano,095,438530,33817,577,34394,269
2021-07-05,Sonoma,097,501317,31320,363,31683,320
2021-07-05,Stanislaus,099,539301,57325,5997,63322,1006
2021-07-05,Sutter,101,95872,9694,87,9781,126
2021-07-05,Tehama,103,63373,5169,585,5754,76
2021-07-05,Trinity,105,12862,495,96,591,5
2021-07-05,Tulare,107,460477,50568,9060,59628,885
2021-07-05,Tuolumne,109,53932,4118,44,4162,67
2021-07-05,Ventura,111,848112,82190,3068,85258,1041
2021-07-05,Yolo,113,214977,14300,286,14586,233
2021-07-05,Yuba,115,75493,6271,129,6400,49
2021-07-04,Alameda,001,1643700,90219,1974,92193,1271
2021-07-04,Alpine,002,1148,88,0,88,0
2021-07-04,Amador,005,37829,3768,32,3800,48
2021-07-04,Butte,007,227075,12841,1899,14740,202
2021-07-04,Calaveras,009,45235,2224,13,2237,57
2021-07-04,Colusa,011,21464,1976,325,2301,16
2021-07-04,Contra Costa,013,1133247,71652,1322,72974,824
2021-07-04,Del Norte,015,27424,1479,13,1492,9
2021-07-04,El Dorado,017,186661,10583,792,11375,117
2021-07-04,Fresno,019,978130,103709,8707,112416,1752
2021-07-04,Glenn,021,27897,2457,567,3024,27
2021-07-04,Humboldt,023,135768,4574,53,4627,49
2021-07-04,Imperial,025,180216,28878,2693,31571,746
2021-07-04,Inyo,027,18085,1416,12,1428,39
2021-07-04,Kern,029,883053,98140,11125,109265,1352
2021-07-04,Kings,031,150075,23325,1097,24422,248
2021-07-04,Lake,033,64148,3676,13,3689,63
2021-07-04,Lassen,035,31185,5303,115,5418,19
2021-07-04,Los Angeles,037,10098052,1218051,41032,1259083,24549
2021-07-04,Madera,039,155013,16871,945,17816,249
2021-07-04,Marin,041,260295,5825,202,6027,182
2021-07-04,Mariposa,043,17540,442,11,453,6
2021-07-04,Mendocino,045,87422,4226,87,4313,50
2021-07-04,Merced,047,269075,31317,1045,32362,503
2021-07-04,Modoc,049,8938,416,147,563,5
2021-07-04,Mono,051,14174,1270,18,1288,3
2021-07-04,Monterey,053,433212,43387,1848,45235,584
2021-07-04,Napa,055,140530,10066,36,10102,82
2021-07-04,Nevada,057,99092,5036,192,5228,71
2021-07-04,Orange,059,3164182,257726,11512,269238,5243
2021-07-04,Placer,061,380077,24054,1568,25622,305
2021-07-04,Plumas,063,18699,727,14,741,5
2021-07-04,Riverside,065,2383286,296533,14053,310586,4602
2021-07-04,Sacramento,067,1510023,109377,1856,111233,1699
2021-07-04,San Benito,069,59416,6137,113,6250,60
2021-07-04,San Bernardino,071,2135413,295641,9022,304663,5334
2021-07-04,San Diego,073,3302833,284386,15592,299978,3790
2021-07-04,San Francisco,075,870044,37483,1309,38792,571
2021-07-04,San Joaquin,077,732212,74487,3609,78096,1459
2021-07-04,San Luis Obispo,079,281455,21619,756,22375,259
2021-07-04,San Mateo,081,765935,42992,490,43482,549
2021-07-04,Santa Barbara,083,443738,34723,1128,35851,463
2021-07-04,Santa Clara,085,1922200,119944,770,120714,1753
2021-07-04,Santa Cruz,087,273765,16390,800,17190,209
2021-07-04,Shasta,089,179085,12656,1645,14301,205
2021-07-04,Sierra,091,2930,64,12,76,0
2021-07-04,Siskiyou,093,43540,1980,373,2353,34
2021-07-04,Solano,095,438530,33776,575,34351,269
2021-07-04,Sonoma,097,501317,31290,363,31653,319
2021-07-04,Stanislaus,099,539301,57309,5991,63300,1005
2021-07-04,Sutter,101,95872,9683,87,9770,126
2021-07-04,Tehama,103,63373,5165,585,5750,76
2021-07-04,Trinity,105,12862,494,96,590,5
2021-07-04,Tulare,107,460477,50558,9057,59615,885
2021-07-04,Tuolumne,109,53932,4110,44,4154,67
2021-07-04,Ventura,111,848112,82132,3057,85189,1041
2021-07-04,Yolo,113,214977,14279,283,14562,233
2021-07-04,Yuba,115,75493,6263,129,6392,49
2021-07-03,Alameda,001,1643700,90132,1966,92098,1271
2021-07-03,Alpine,002,1148,88,0,88,0
2021-07-03,Amador,005,37829,3768,32,3800,48
2021-07-03,Butte,007,227075,12837,1898,14735,202
2021-07-03,Calaveras,009,45235,2222,13,2235,57
2021-07-03,Colusa,011,21464,1975,325,2300,16
2021-07-03,Contra Costa,013,1133247,71592,1319,72911,824
2021-07-03,Del Norte,015,27424,1476,13,1489,9
2021-07-03,El Dorado,017,186661,10577,790,11367,117
2021-07-03,Fresno,019,978130,103685,8698,112383,1752
2021-07-03,Glenn,021,27897,2457,567,3024,27
2021-07-03,Humboldt,023,135768,4569,53,4622,49
2021-07-03,Imperial,025,180216,28868,2693,31561,746
2021-07-03,Inyo,027,18085,1416,12,1428,39
2021-07-03,Kern,029,883053,98120,11117,109237,1352
2021-07-03,Kings,031,150075,23325,1096,24421,248
2021-07-03,Lake,033,64148,3666,13,3679,63
2021-07-03,Lassen,035,31185,5302,115,5417,19
2021-07-03,Los Angeles,037,10098052,1217622,41001,1258623,24545
2021-07-03,Madera,039,155013,16862,942,17804,249
2021-07-03,Marin,041,260295,5821,202,6023,182
2021-07-03,Mariposa,043,17540,442,11,453,6
2021-07-03,Mendocino,045,87422,4225,87,4312,50
2021-07-03,Merced,047,269075,31304,1044,32348,503
2021-07-03,Modoc,049,8938,415,147,562,5
2021-07-03,Mono,051,14174,1269,18,1287,3
2021-07-03,Monterey,053,433212,43375,1846,45221,584
2021-07-03,Napa,055,140530,10061,36,10097,82
2021-07-03,Nevada,057,99092,5022,192,5214,71
2021-07-03,Orange,059,3164182,257642,11505,269147,5243
2021-07-03,Placer,061,380077,24035,1565,25600,305
2021-07-03,Plumas,063,18699,727,14,741,5
2021-07-03,Riverside,065,2383286,296441,14049,310490,4602
2021-07-03,Sacramento,067,1510023,109303,1853,111156,1698
2021-07-03,San Benito,069,59416,6130,113,6243,60
2021-07-03,San Bernardino,071,2135413,295551,9019,304570,5334
2021-07-03,San Diego,073,3302833,284255,15573,299828,3790
2021-07-03,San Francisco,075,870044,37442,1306,38748,571
2021-07-03,San Joaquin,077,732212,74451,3604,78055,1459
2021-07-03,San Luis Obispo,079,281455,21607,756,22363,259
2021-07-03,San Mateo,081,765935,42967,489,43456,548
2021-07-03,Santa Barbara,083,443738,34714,1127,35841,463
2021-07-03,Santa Clara,085,1922200,119897,770,120667,1753
2021-07-03,Santa Cruz,087,273765,16383,800,17183,209
2021-07-03,Shasta,089,179085,12652,1643,14295,205
2021-07-03,Sierra,091,2930,64,12,76,0
2021-07-03,Siskiyou,093,43540,1979,372,2351,34
2021-07-03,Solano,095,438530,33732,575,34307,269
2021-07-03,Sonoma,097,501317,31256,363,31619,319
2021-07-03,Stanislaus,099,539301,57298,5984,63282,1005
2021-07-03,Sutter,101,95872,9673,87,9760,126
2021-07-03,Tehama,103,63373,5163,585,5748,76
2021-07-03,Trinity,105,12862,494,96,590,5
2021-07-03,Tulare,107,460477,50552,9051,59603,885
2021-07-03,Tuolumne,109,53932,4109,44,4153,67
2021-07-03,Ventura,111,848112,82102,3049,85151,1041
2021-07-03,Yolo,113,214977,14269,280,14549,233
2021-07-03,Yuba,115,75493,6257,129,6386,49
2021-07-02,Alameda,001,1643700,90048,1964,92012,1271
2021-07-02,Alpine,002,1148,88,0,88,0
2021-07-02,Amador,005,37829,3766,32,3798,48
2021-07-02,Butte,007,227075,12830,1898,14728,202
2021-07-02,Calaveras,009,45235,2220,13,2233,57
2021-07-02,Colusa,011,21464,1974,324,2298,16
2021-07-02,Contra Costa,013,1133247,71522,1315,72837,824
2021-07-02,Del Norte,015,27424,1476,13,1489,9
2021-07-02,El Dorado,017,186661,10569,790,11359,117
2021-07-02,Fresno,019,978130,103657,8692,112349,1750
2021-07-02,Glenn,021,27897,2456,566,3022,27
2021-07-02,Humboldt,023,135768,4566,52,4618,49
2021-07-02,Imperial,025,180216,28862,2692,31554,746
2021-07-02,Inyo,027,18085,1416,12,1428,39
2021-07-02,Kern,029,883053,98102,11109,109211,1352
2021-07-02,Kings,031,150075,23315,1096,24411,248
2021-07-02,Lake,033,64148,3660,13,3673,63
2021-07-02,Lassen,035,31185,5302,115,5417,19
2021-07-02,Los Angeles,037,10098052,1217148,40963,1258111,24539
2021-07-02,Madera,039,155013,16853,941,17794,249
2021-07-02,Marin,041,260295,5817,202,6019,181
2021-07-02,Mariposa,043,17540,442,11,453,6
2021-07-02,Mendocino,045,87422,4221,86,4307,50
2021-07-02,Merced,047,269075,31295,1044,32339,503
2021-07-02,Modoc,049,8938,415,147,562,5
2021-07-02,Mono,051,14174,1268,18,1286,3
2021-07-02,Monterey,053,433212,43367,1845,45212,584
2021-07-02,Napa,055,140530,10056,36,10092,82
2021-07-02,Nevada,057,99092,5013,192,5205,71
2021-07-02,Orange,059,3164182,257529,11498,269027,5243
2021-07-02,Placer,061,380077,24018,1558,25576,305
2021-07-02,Plumas,063,18699,727,14,741,5
2021-07-02,Riverside,065,2383286,296344,14044,310388,4601
2021-07-02,Sacramento,067,1510023,109225,1852,111077,1698
2021-07-02,San Benito,069,59416,6127,113,6240,60
2021-07-02,San Bernardino,071,2135413,295464,9017,304481,5334
2021-07-02,San Diego,073,3302833,284110,15547,299657,3789
2021-07-02,San Francisco,075,870044,37394,1304,38698,571
2021-07-02,San Joaquin,077,732212,74419,3598,78017,1459
2021-07-02,San Luis Obispo,079,281455,21601,755,22356,259
2021-07-02,San Mateo,081,765935,42932,489,43421,548
2021-07-02,Santa Barbara,083,443738,34704,1127,35831,462
2021-07-02,Santa Clara,085,1922200,119819,770,120589,1753
2021-07-02,Santa Cruz,087,273765,16379,800,17179,209
2021-07-02,Shasta,089,179085,12648,1643,14291,205
2021-07-02,Sierra,091,2930,63,12,75,0
2021-07-02,Siskiyou,093,43540,1976,371,2347,34
2021-07-02,Solano,095,438530,33707,575,34282,269
2021-07-02,Sonoma,097,501317,31233,363,31596,319
2021-07-02,Stanislaus,099,539301,57281,5983,63264,1005
2021-07-02,Sutter,101,95872,9669,87,9756,126
2021-07-02,Tehama,103,63373,5161,583,5744,76
2021-07-02,Trinity,105,12862,494,96,590,5
2021-07-02,Tulare,107,460477,50542,9043,59585,885
2021-07-02,Tuolumne,109,53932,4106,44,4150,67
2021-07-02,Ventura,111,848112,82059,3041,85100,1041
2021-07-02,Yolo,113,214977,14253,278,14531,233
2021-07-02,Yuba,115,75493,6249,129,6378,49
2021-07-01,Alameda,001,1643700,89947,1962,91909,1271
2021-07-01,Alpine,002,1148,88,0,88,0
2021-07-01,Amador,005,37829,3765,32,3797,48
2021-07-01,Butte,007,227075,12819,1896,14715,201
2021-07-01,Calaveras,009,45235,2218,13,2231,57
2021-07-01,Colusa,011,21464,1974,322,2296,16
2021-07-01,Contra Costa,013,1133247,71450,1315,72765,824
2021-07-01,Del Norte,015,27424,1475,13,1488,9
2021-07-01,El Dorado,017,186661,10557,790,11347,117
2021-07-01,Fresno,019,978130,103618,8687,112305,1749
2021-07-01,Glenn,021,27897,2456,566,3022,27
2021-07-01,Humboldt,023,135768,4564,52,4616,49
2021-07-01,Imperial,025,180216,28845,2692,31537,746
2021-07-01,Inyo,027,18085,1416,12,1428,39
2021-07-01,Kern,029,883053,98076,11099,109175,1350
2021-07-01,Kings,031,150075,23301,1096,24397,248
2021-07-01,Lake,033,64148,3657,13,3670,63
2021-07-01,Lassen,035,31185,5300,115,5415,19
2021-07-01,Los Angeles,037,10098052,1216544,40908,1257452,24535
2021-07-01,Madera,039,155013,16844,940,17784,248
2021-07-01,Marin,041,260295,5813,202,6015,181
2021-07-01,Mariposa,043,17540,442,11,453,6
2021-07-01,Mendocino,045,87422,4217,85,4302,50
2021-07-01,Merced,047,269075,31289,1044,32333,503
2021-07-01,Modoc,049,8938,415,147,562,5
2021-07-01,Mono,051,14174,1267,18,1285,3
2021-07-01,Monterey,053,433212,43359,1842,45201,584
2021-07-01,Napa,055,140530,10049,36,10085,82
2021-07-01,Nevada,057,99092,5008,192,5200,71
2021-07-01,Orange,059,3164182,257409,11479,268888,5242
2021-07-01,Placer,061,380077,24000,1555,25555,305
2021-07-01,Plumas,063,18699,724,12,736,5
2021-07-01,Riverside,065,2383286,296235,14036,310271,4601
2021-07-01,Sacramento,067,1510023,109100,1845,110945,1698
2021-07-01,San Benito,069,59416,6123,113,6236,60
2021-07-01,San Bernardino,071,2135413,295343,9012,304355,5334
2021-07-01,San Diego,073,3302833,283931,15510,299441,3788
2021-07-01,San Francisco,075,870044,37357,1302,38659,570
2021-07-01,San Joaquin,077,732212,74368,3594,77962,1458
2021-07-01,San Luis Obispo,079,281455,21586,754,22340,258
2021-07-01,San Mateo,081,765935,42904,488,43392,548
2021-07-01,Santa Barbara,083,443738,34691,1127,35818,462
2021-07-01,Santa Clara,085,1922200,119770,770,120540,1753
2021-07-01,Santa Cruz,087,273765,16374,800,17174,209
2021-07-01,Shasta,089,179085,12640,1642,14282,205
2021-07-01,Sierra,091,2930,63,12,75,0
2021-07-01,Siskiyou,093,43540,1976,371,2347,34
2021-07-01,Solano,095,438530,33667,574,34241,269
2021-07-01,Sonoma,097,501317,31189,363,31552,319
2021-07-01,Stanislaus,099,539301,57264,5979,63243,1005
2021-07-01,Sutter,101,95872,9660,87,9747,126
2021-07-01,Tehama,103,63373,5161,582,5743,76
2021-07-01,Trinity,105,12862,494,96,590,5
2021-07-01,Tulare,107,460477,50533,9036,59569,885
2021-07-01,Tuolumne,109,53932,4099,44,4143,67
2021-07-01,Ventura,111,848112,82028,3031,85059,1041
2021-07-01,Yolo,113,214977,14237,276,14513,233
2021-07-01,Yuba,115,75493,6242,129,6371,49
2021-06-30,Alameda,001,1643700,89865,1958,91823,1271
2021-06-30,Alpine,002,1148,88,0,88,0
2021-06-30,Amador,005,37829,3763,32,3795,48
2021-06-30,Butte,007,227075,12812,1887,14699,201
2021-06-30,Calaveras,009,45235,2212,13,2225,57
2021-06-30,Colusa,011,21464,1972,319,2291,16
2021-06-30,Contra Costa,013,1133247,71385,1312,72697,823
2021-06-30,Del Norte,015,27424,1470,13,1483,9
2021-06-30,El Dorado,017,186661,10537,790,11327,117
2021-06-30,Fresno,019,978130,103580,8684,112264,1749
2021-06-30,Glenn,021,27897,2454,566,3020,27
2021-06-30,Humboldt,023,135768,4548,50,4598,49
2021-06-30,Imperial,025,180216,28837,2692,31529,746
2021-06-30,Inyo,027,18085,1416,12,1428,39
2021-06-30,Kern,029,883053,98035,11087,109122,1349
2021-06-30,Kings,031,150075,23296,1095,24391,248
2021-06-30,Lake,033,64148,3644,13,3657,63
2021-06-30,Lassen,035,31185,5295,115,5410,19
2021-06-30,Los Angeles,037,10098052,1215870,40863,1256733,24532
2021-06-30,Madera,039,155013,16836,938,17774,247
2021-06-30,Marin,041,260295,5804,201,6005,181
2021-06-30,Mariposa,043,17540,441,11,452,6
2021-06-30,Mendocino,045,87422,4207,85,4292,50
2021-06-30,Merced,047,269075,31279,1044,32323,502
2021-06-30,Modoc,049,8938,415,147,562,5
2021-06-30,Mono,051,14174,1267,18,1285,3
2021-06-30,Monterey,053,433212,43354,1840,45194,584
2021-06-30,Napa,055,140530,10041,36,10077,82
2021-06-30,Nevada,057,99092,4997,192,5189,71
2021-06-30,Orange,059,3164182,257284,11469,268753,5241
2021-06-30,Placer,061,380077,23976,1552,25528,305
2021-06-30,Plumas,063,18699,724,12,736,5
2021-06-30,Riverside,065,2383286,296121,14028,310149,4601
2021-06-30,Sacramento,067,1510023,108961,1841,110802,1697
2021-06-30,San Benito,069,59416,6119,113,6232,60
2021-06-30,San Bernardino,071,2135413,295183,9007,304190,5333
2021-06-30,San Diego,073,3302833,283795,15482,299277,3788
2021-06-30,San Francisco,075,870044,37309,1297,38606,570
2021-06-30,San Joaquin,077,732212,74306,3593,77899,1458
2021-06-30,San Luis Obispo,079,281455,21573,753,22326,257
2021-06-30,San Mateo,081,765935,42867,487,43354,548
2021-06-30,Santa Barbara,083,443738,34675,1127,35802,462
2021-06-30,Santa Clara,085,1922200,119723,767,120490,1753
2021-06-30,Santa Cruz,087,273765,16368,800,17168,209
2021-06-30,Shasta,089,179085,12634,1642,14276,205
2021-06-30,Sierra,091,2930,63,12,75,0
2021-06-30,Siskiyou,093,43540,1974,368,2342,34
2021-06-30,Solano,095,438530,33628,572,34200,269
2021-06-30,Sonoma,097,501317,31159,363,31522,317
2021-06-30,Stanislaus,099,539301,57247,5978,63225,1005
2021-06-30,Sutter,101,95872,9650,87,9737,126
2021-06-30,Tehama,103,63373,5159,582,5741,75
2021-06-30,Trinity,105,12862,494,96,590,5
2021-06-30,Tulare,107,460477,50522,9025,59547,885
2021-06-30,Tuolumne,109,53932,4096,44,4140,67
2021-06-30,Ventura,111,848112,81985,3026,85011,1041
2021-06-30,Yolo,113,214977,14231,273,14504,233
2021-06-30,Yuba,115,75493,6235,129,6364,49
2021-06-29,Alameda,001,1643700,89759,1956,91715,1271
2021-06-29,Alpine,002,1148,88,0,88,0
2021-06-29,Amador,005,37829,3759,32,3791,48
2021-06-29,Butte,007,227075,12804,1887,14691,201
2021-06-29,Calaveras,009,45235,2206,13,2219,57
2021-06-29,Colusa,011,21464,1970,319,2289,16
2021-06-29,Contra Costa,013,1133247,71311,1311,72622,823
2021-06-29,Del Norte,015,27424,1469,13,1482,9
2021-06-29,El Dorado,017,186661,10524,786,11310,116
2021-06-29,Fresno,019,978130,103547,8681,112228,1749
2021-06-29,Glenn,021,27897,2453,566,3019,27
2021-06-29,Humboldt,023,135768,4544,49,4593,49
2021-06-29,Imperial,025,180216,28828,2691,31519,746
2021-06-29,Inyo,027,18085,1416,12,1428,39
2021-06-29,Kern,029,883053,98014,11081,109095,1349
2021-06-29,Kings,031,150075,23287,1094,24381,248
2021-06-29,Lake,033,64148,3638,13,3651,63
2021-06-29,Lassen,035,31185,5288,115,5403,19
2021-06-29,Los Angeles,037,10098052,1215256,40835,1256091,24525
2021-06-29,Madera,039,155013,16832,937,17769,247
2021-06-29,Marin,041,260295,5792,201,5993,181
2021-06-29,Mariposa,043,17540,441,11,452,6
2021-06-29,Mendocino,045,87422,4203,84,4287,50
2021-06-29,Merced,047,269075,31267,1044,32311,502
2021-06-29,Modoc,049,8938,414,147,561,5
2021-06-29,Mono,051,14174,1267,18,1285,3
2021-06-29,Monterey,053,433212,43344,1838,45182,583
2021-06-29,Napa,055,140530,10035,36,10071,82
2021-06-29,Nevada,057,99092,4990,192,5182,71
2021-06-29,Orange,059,3164182,257183,11454,268637,5241
2021-06-29,Placer,061,380077,23952,1550,25502,305
2021-06-29,Plumas,063,18699,724,12,736,5
2021-06-29,Riverside,065,2383286,296021,14021,310042,4601
2021-06-29,Sacramento,067,1510023,108808,1837,110645,1695
2021-06-29,San Benito,069,59416,6108,113,6221,60
2021-06-29,San Bernardino,071,2135413,295071,9006,304077,5328
2021-06-29,San Diego,073,3302833,283639,15455,299094,3788
2021-06-29,San Francisco,075,870044,37270,1294,38564,570
2021-06-29,San Joaquin,077,732212,74258,3590,77848,1457
2021-06-29,San Luis Obispo,079,281455,21563,752,22315,257
2021-06-29,San Mateo,081,765935,42833,487,43320,548
2021-06-29,Santa Barbara,083,443738,34665,1126,35791,462
2021-06-29,Santa Clara,085,1922200,119669,766,120435,1753
2021-06-29,Santa Cruz,087,273765,16362,800,17162,209
2021-06-29,Shasta,089,179085,12622,1641,14263,205
2021-06-29,Sierra,091,2930,63,12,75,0
2021-06-29,Siskiyou,093,43540,1971,364,2335,34
2021-06-29,Solano,095,438530,33595,570,34165,269
2021-06-29,Sonoma,097,501317,31117,361,31478,316
2021-06-29,Stanislaus,099,539301,57226,5971,63197,1005
2021-06-29,Sutter,101,95872,9639,87,9726,126
2021-06-29,Tehama,103,63373,5159,582,5741,75
2021-06-29,Trinity,105,12862,494,96,590,5
2021-06-29,Tulare,107,460477,50509,9020,59529,885
2021-06-29,Tuolumne,109,53932,4094,44,4138,67
2021-06-29,Ventura,111,848112,81947,3020,84967,1041
2021-06-29,Yolo,113,214977,14219,272,14491,233
2021-06-29,Yuba,115,75493,6225,129,6354,49
2021-06-28,Alameda,001,1643700,89664,1953,91617,1271
2021-06-28,Alpine,002,1148,88,0,88,0
2021-06-28,Amador,005,37829,3758,32,3790,47
2021-06-28,Butte,007,227075,12795,1885,14680,201
2021-06-28,Calaveras,009,45235,2203,13,2216,57
2021-06-28,Colusa,011,21464,1968,319,2287,16
2021-06-28,Contra Costa,013,1133247,71236,1309,72545,823
2021-06-28,Del Norte,015,27424,1469,13,1482,9
2021-06-28,El Dorado,017,186661,10514,782,11296,116
2021-06-28,Fresno,019,978130,103516,8679,112195,1748
2021-06-28,Glenn,021,27897,2453,566,3019,27
2021-06-28,Humboldt,023,135768,4537,48,4585,49
2021-06-28,Imperial,025,180216,28820,2690,31510,746
2021-06-28,Inyo,027,18085,1413,12,1425,39
2021-06-28,Kern,029,883053,97995,11076,109071,1349
2021-06-28,Kings,031,150075,23281,1094,24375,248
2021-06-28,Lake,033,64148,3631,13,3644,63
2021-06-28,Lassen,035,31185,5286,115,5401,19
2021-06-28,Los Angeles,037,10098052,1214736,40801,1255537,24521
2021-06-28,Madera,039,155013,16821,936,17757,247
2021-06-28,Marin,041,260295,5777,201,5978,181
2021-06-28,Mariposa,043,17540,441,11,452,6
2021-06-28,Mendocino,045,87422,4194,83,4277,50
2021-06-28,Merced,047,269075,31255,1044,32299,502
2021-06-28,Modoc,049,8938,414,146,560,5
2021-06-28,Mono,051,14174,1267,18,1285,3
2021-06-28,Monterey,053,433212,43340,1837,45177,583
2021-06-28,Napa,055,140530,10026,35,10061,82
2021-06-28,Nevada,057,99092,4986,192,5178,71
2021-06-28,Orange,059,3164182,257094,11440,268534,5241
2021-06-28,Placer,061,380077,23936,1546,25482,305
2021-06-28,Plumas,063,18699,722,12,734,5
2021-06-28,Riverside,065,2383286,295895,14009,309904,4601
2021-06-28,Sacramento,067,1510023,108676,1832,110508,1693
2021-06-28,San Benito,069,59416,6106,113,6219,60
2021-06-28,San Bernardino,071,2135413,294971,9001,303972,5327
2021-06-28,San Diego,073,3302833,283475,15426,298901,3787
2021-06-28,San Francisco,075,870044,37235,1292,38527,570
2021-06-28,San Joaquin,077,732212,74211,3587,77798,1457
2021-06-28,San Luis Obispo,079,281455,21559,751,22310,257
2021-06-28,San Mateo,081,765935,42799,486,43285,548
2021-06-28,Santa Barbara,083,443738,34658,1124,35782,462
2021-06-28,Santa Clara,085,1922200,119605,765,120370,1753
2021-06-28,Santa Cruz,087,273765,16357,800,17157,209
2021-06-28,Shasta,089,179085,12618,1639,14257,205
2021-06-28,Sierra,091,2930,63,12,75,0
2021-06-28,Siskiyou,093,43540,1970,364,2334,33
2021-06-28,Solano,095,438530,33559,568,34127,269
2021-06-28,Sonoma,097,501317,31080,360,31440,316
2021-06-28,Stanislaus,099,539301,57208,5967,63175,1005
2021-06-28,Sutter,101,95872,9635,87,9722,126
2021-06-28,Tehama,103,63373,5157,582,5739,75
2021-06-28,Trinity,105,12862,494,96,590,5
2021-06-28,Tulare,107,460477,50499,9016,59515,885
2021-06-28,Tuolumne,109,53932,4086,44,4130,66
2021-06-28,Ventura,111,848112,81890,3015,84905,1041
2021-06-28,Yolo,113,214977,14210,269,14479,233
2021-06-28,Yuba,115,75493,6220,129,6349,49
2021-06-27,Alameda,001,1643700,89577,1949,91526,1270
2021-06-27,Alpine,002,1148,88,0,88,0
2021-06-27,Amador,005,37829,3757,32,3789,47
2021-06-27,Butte,007,227075,12785,1884,14669,201
2021-06-27,Calaveras,009,45235,2202,13,2215,57
2021-06-27,Colusa,011,21464,1968,319,2287,16
2021-06-27,Contra Costa,013,1133247,71150,1305,72455,823
2021-06-27,Del Norte,015,27424,1466,13,1479,9
2021-06-27,El Dorado,017,186661,10502,779,11281,116
2021-06-27,Fresno,019,978130,103487,8676,112163,1748
2021-06-27,Glenn,021,27897,2452,565,3017,27
2021-06-27,Humboldt,023,135768,4525,45,4570,49
2021-06-27,Imperial,025,180216,28806,2690,31496,746
2021-06-27,Inyo,027,18085,1413,12,1425,38
2021-06-27,Kern,029,883053,97969,11069,109038,1349
2021-06-27,Kings,031,150075,23271,1094,24365,248
2021-06-27,Lake,033,64148,3624,13,3637,63
2021-06-27,Lassen,035,31185,5285,115,5400,19
2021-06-27,Los Angeles,037,10098052,1214184,40761,1254945,24515
2021-06-27,Madera,039,155013,16813,936,17749,247
2021-06-27,Marin,041,260295,5768,201,5969,181
2021-06-27,Mariposa,043,17540,441,11,452,6
2021-06-27,Mendocino,045,87422,4187,83,4270,50
2021-06-27,Merced,047,269075,31243,1044,32287,502
2021-06-27,Modoc,049,8938,414,146,560,4
2021-06-27,Mono,051,14174,1267,18,1285,3
2021-06-27,Monterey,053,433212,43327,1837,45164,583
2021-06-27,Napa,055,140530,10020,35,10055,82
2021-06-27,Nevada,057,99092,4980,192,5172,71
2021-06-27,Orange,059,3164182,256980,11429,268409,5240
2021-06-27,Placer,061,380077,23903,1543,25446,305
2021-06-27,Plumas,063,18699,722,12,734,5
2021-06-27,Riverside,065,2383286,295793,14003,309796,4601
2021-06-27,Sacramento,067,1510023,108541,1828,110369,1692
2021-06-27,San Benito,069,59416,6100,113,6213,60
2021-06-27,San Bernardino,071,2135413,294858,8999,303857,5324
2021-06-27,San Diego,073,3302833,283335,15400,298735,3787
2021-06-27,San Francisco,075,870044,37198,1291,38489,570
2021-06-27,San Joaquin,077,732212,74175,3585,77760,1457
2021-06-27,San Luis Obispo,079,281455,21552,750,22302,257
2021-06-27,San Mateo,081,765935,42770,483,43253,548
2021-06-27,Santa Barbara,083,443738,34644,1122,35766,462
2021-06-27,Santa Clara,085,1922200,119554,764,120318,1753
2021-06-27,Santa Cruz,087,273765,16348,800,17148,209
2021-06-27,Shasta,089,179085,12612,1638,14250,205
2021-06-27,Sierra,091,2930,63,12,75,0
2021-06-27,Siskiyou,093,43540,1968,363,2331,33
2021-06-27,Solano,095,438530,33531,568,34099,269
2021-06-27,Sonoma,097,501317,31042,360,31402,316
2021-06-27,Stanislaus,099,539301,57168,5964,63132,1005
2021-06-27,Sutter,101,95872,9629,87,9716,126
2021-06-27,Tehama,103,63373,5153,582,5735,75
2021-06-27,Trinity,105,12862,494,95,589,5
2021-06-27,Tulare,107,460477,50486,9009,59495,885
2021-06-27,Tuolumne,109,53932,4084,44,4128,66
2021-06-27,Ventura,111,848112,81856,3006,84862,1041
2021-06-27,Yolo,113,214977,14195,265,14460,233
2021-06-27,Yuba,115,75493,6214,129,6343,49
2021-06-26,Alameda,001,1643700,89520,1947,91467,1270
2021-06-26,Alpine,002,1148,88,0,88,0
2021-06-26,Amador,005,37829,3757,32,3789,47
2021-06-26,Butte,007,227075,12781,1881,14662,201
2021-06-26,Calaveras,009,45235,2200,13,2213,57
2021-06-26,Colusa,011,21464,1968,319,2287,16
2021-06-26,Contra Costa,013,1133247,71107,1304,72411,823
2021-06-26,Del Norte,015,27424,1465,13,1478,8
2021-06-26,El Dorado,017,186661,10494,777,11271,116
2021-06-26,Fresno,019,978130,103467,8674,112141,1748
2021-06-26,Glenn,021,27897,2450,565,3015,27
2021-06-26,Humboldt,023,135768,4522,45,4567,49
2021-06-26,Imperial,025,180216,28802,2690,31492,746
2021-06-26,Inyo,027,18085,1413,12,1425,38
2021-06-26,Kern,029,883053,97943,11060,109003,1349
2021-06-26,Kings,031,150075,23267,1093,24360,248
2021-06-26,Lake,033,64148,3613,13,3626,63
2021-06-26,Lassen,035,31185,5282,115,5397,19
2021-06-26,Los Angeles,037,10098052,1213880,40730,1254610,24513
2021-06-26,Madera,039,155013,16806,935,17741,247
2021-06-26,Marin,041,260295,5759,201,5960,181
2021-06-26,Mariposa,043,17540,441,11,452,6
2021-06-26,Mendocino,045,87422,4185,83,4268,50
2021-06-26,Merced,047,269075,31237,1043,32280,502
2021-06-26,Modoc,049,8938,414,146,560,4
2021-06-26,Mono,051,14174,1267,18,1285,3
2021-06-26,Monterey,053,433212,43324,1837,45161,583
2021-06-26,Napa,055,140530,10013,35,10048,82
2021-06-26,Nevada,057,99092,4975,192,5167,71
2021-06-26,Orange,059,3164182,256900,11422,268322,5238
2021-06-26,Placer,061,380077,23889,1541,25430,305
2021-06-26,Plumas,063,18699,722,12,734,5
2021-06-26,Riverside,065,2383286,295735,13997,309732,4601
2021-06-26,Sacramento,067,1510023,108470,1825,110295,1691
2021-06-26,San Benito,069,59416,6096,113,6209,60
2021-06-26,San Bernardino,071,2135413,294764,8995,303759,5323
2021-06-26,San Diego,073,3302833,283250,15382,298632,3787
2021-06-26,San Francisco,075,870044,37166,1290,38456,570
2021-06-26,San Joaquin,077,732212,74146,3584,77730,1456
2021-06-26,San Luis Obispo,079,281455,21551,749,22300,257
2021-06-26,San Mateo,081,765935,42750,483,43233,548
2021-06-26,Santa Barbara,083,443738,34635,1122,35757,462
2021-06-26,Santa Clara,085,1922200,119521,764,120285,1752
2021-06-26,Santa Cruz,087,273765,16345,800,17145,209
2021-06-26,Shasta,089,179085,12608,1634,14242,205
2021-06-26,Sierra,091,2930,63,12,75,0
2021-06-26,Siskiyou,093,43540,1967,362,2329,33
2021-06-26,Solano,095,438530,33513,566,34079,269
2021-06-26,Sonoma,097,501317,31016,360,31376,316
2021-06-26,Stanislaus,099,539301,57152,5961,63113,1005
2021-06-26,Sutter,101,95872,9628,87,9715,126
2021-06-26,Tehama,103,63373,5153,582,5735,75
2021-06-26,Trinity,105,12862,494,95,589,5
2021-06-26,Tulare,107,460477,50480,9009,59489,884
2021-06-26,Tuolumne,109,53932,4084,44,4128,66
2021-06-26,Ventura,111,848112,81832,3005,84837,1041
2021-06-26,Yolo,113,214977,14187,265,14452,233
2021-06-26,Yuba,115,75493,6211,129,6340,49
2021-06-25,Alameda,001,1643700,89452,1945,91397,1270
2021-06-25,Alpine,002,1148,88,0,88,0
2021-06-25,Amador,005,37829,3756,32,3788,47
2021-06-25,Butte,007,227075,12776,1878,14654,201
2021-06-25,Calaveras,009,45235,2199,13,2212,57
2021-06-25,Colusa,011,21464,1968,319,2287,16
2021-06-25,Contra Costa,013,1133247,71071,1304,72375,823
2021-06-25,Del Norte,015,27424,1465,13,1478,8
2021-06-25,El Dorado,017,186661,10486,774,11260,116
2021-06-25,Fresno,019,978130,103449,8670,112119,1746
2021-06-25,Glenn,021,27897,2450,565,3015,27
2021-06-25,Humboldt,023,135768,4516,43,4559,49
2021-06-25,Imperial,025,180216,28799,2690,31489,745
2021-06-25,Inyo,027,18085,1412,12,1424,38
2021-06-25,Kern,029,883053,97924,11056,108980,1349
2021-06-25,Kings,031,150075,23261,1093,24354,248
2021-06-25,Lake,033,64148,3607,13,3620,63
2021-06-25,Lassen,035,31185,5281,115,5396,19
2021-06-25,Los Angeles,037,10098052,1213596,40714,1254310,24510
2021-06-25,Madera,039,155013,16803,935,17738,247
2021-06-25,Marin,041,260295,5756,201,5957,181
2021-06-25,Mariposa,043,17540,441,11,452,6
2021-06-25,Mendocino,045,87422,4182,83,4265,50
2021-06-25,Merced,047,269075,31229,1043,32272,502
2021-06-25,Modoc,049,8938,414,146,560,4
2021-06-25,Mono,051,14174,1267,18,1285,3
2021-06-25,Monterey,053,433212,43319,1836,45155,583
2021-06-25,Napa,055,140530,10008,35,10043,82
2021-06-25,Nevada,057,99092,4972,192,5164,71
2021-06-25,Orange,059,3164182,256829,11420,268249,5238
2021-06-25,Placer,061,380077,23870,1540,25410,305
2021-06-25,Plumas,063,18699,722,11,733,5
2021-06-25,Riverside,065,2383286,295667,13990,309657,4601
2021-06-25,Sacramento,067,1510023,108398,1822,110220,1689
2021-06-25,San Benito,069,59416,6092,113,6205,60
2021-06-25,San Bernardino,071,2135413,294709,8993,303702,5322
2021-06-25,San Diego,073,3302833,283190,15369,298559,3787
2021-06-25,San Francisco,075,870044,37143,1289,38432,570
2021-06-25,San Joaquin,077,732212,74113,3582,77695,1455
2021-06-25,San Luis Obispo,079,281455,21548,748,22296,256
2021-06-25,San Mateo,081,765935,42732,483,43215,548
2021-06-25,Santa Barbara,083,443738,34626,1121,35747,461
2021-06-25,Santa Clara,085,1922200,119501,764,120265,1752
2021-06-25,Santa Cruz,087,273765,16342,798,17140,209
2021-06-25,Shasta,089,179085,12598,1633,14231,205
2021-06-25,Sierra,091,2930,63,12,75,0
2021-06-25,Siskiyou,093,43540,1966,362,2328,33
2021-06-25,Solano,095,438530,33493,566,34059,268
2021-06-25,Sonoma,097,501317,30993,360,31353,315
2021-06-25,Stanislaus,099,539301,57136,5954,63090,1002
2021-06-25,Sutter,101,95872,9621,87,9708,126
2021-06-25,Tehama,103,63373,5152,582,5734,75
2021-06-25,Trinity,105,12862,494,95,589,5
2021-06-25,Tulare,107,460477,50473,9006,59479,884
2021-06-25,Tuolumne,109,53932,4083,44,4127,66
2021-06-25,Ventura,111,848112,81803,2999,84802,1041
2021-06-25,Yolo,113,214977,14181,265,14446,233
2021-06-25,Yuba,115,75493,6207,129,6336,49
2021-06-24,Alameda,001,1643700,89380,1942,91322,1267
2021-06-24,Alpine,002,1148,88,0,88,0
2021-06-24,Amador,005,37829,3752,32,3784,47
2021-06-24,Butte,007,227075,12770,1876,14646,201
2021-06-24,Calaveras,009,45235,2196,13,2209,57
2021-06-24,Colusa,011,21464,1967,319,2286,16
2021-06-24,Contra Costa,013,1133247,71012,1304,72316,822
2021-06-24,Del Norte,015,27424,1464,13,1477,8
2021-06-24,El Dorado,017,186661,10479,774,11253,116
2021-06-24,Fresno,019,978130,103429,8668,112097,1746
2021-06-24,Glenn,021,27897,2449,565,3014,27
2021-06-24,Humboldt,023,135768,4511,43,4554,49
2021-06-24,Imperial,025,180216,28796,2690,31486,745
2021-06-24,Inyo,027,18085,1411,12,1423,38
2021-06-24,Kern,029,883053,97905,11043,108948,1349
2021-06-24,Kings,031,150075,23257,1092,24349,248
2021-06-24,Lake,033,64148,3601,13,3614,63
2021-06-24,Lassen,035,31185,5280,115,5395,19
2021-06-24,Los Angeles,037,10098052,1213271,40691,1253962,24508
2021-06-24,Madera,039,155013,16792,934,17726,247
2021-06-24,Marin,041,260295,5752,201,5953,181
2021-06-24,Mariposa,043,17540,441,11,452,6
2021-06-24,Mendocino,045,87422,4174,83,4257,50
2021-06-24,Merced,047,269075,31219,1042,32261,502
2021-06-24,Modoc,049,8938,414,146,560,4
2021-06-24,Mono,051,14174,1267,18,1285,3
2021-06-24,Monterey,053,433212,43312,1836,45148,583
2021-06-24,Napa,055,140530,10006,35,10041,82
2021-06-24,Nevada,057,99092,4970,192,5162,71
2021-06-24,Orange,059,3164182,256765,11412,268177,5236
2021-06-24,Placer,061,380077,23845,1538,25383,305
2021-06-24,Plumas,063,18699,721,11,732,5
2021-06-24,Riverside,065,2383286,295586,13979,309565,4599
2021-06-24,Sacramento,067,1510023,108310,1820,110130,1689
2021-06-24,San Benito,069,59416,6089,113,6202,60
2021-06-24,San Bernardino,071,2135413,294638,8987,303625,5322
2021-06-24,San Diego,073,3302833,283086,15356,298442,3787
2021-06-24,San Francisco,075,870044,37121,1287,38408,570
2021-06-24,San Joaquin,077,732212,74065,3582,77647,1455
2021-06-24,San Luis Obispo,079,281455,21542,748,22290,256
2021-06-24,San Mateo,081,765935,42706,482,43188,548
2021-06-24,Santa Barbara,083,443738,34620,1120,35740,461
2021-06-24,Santa Clara,085,1922200,119470,763,120233,1752
2021-06-24,Santa Cruz,087,273765,16341,798,17139,209
2021-06-24,Shasta,089,179085,12593,1629,14222,205
2021-06-24,Sierra,091,2930,63,12,75,0
2021-06-24,Siskiyou,093,43540,1966,362,2328,33
2021-06-24,Solano,095,438530,33470,564,34034,268
2021-06-24,Sonoma,097,501317,30964,360,31324,315
2021-06-24,Stanislaus,099,539301,57110,5954,63064,1001
2021-06-24,Sutter,101,95872,9614,87,9701,126
2021-06-24,Tehama,103,63373,5149,582,5731,75
2021-06-24,Trinity,105,12862,493,95,588,5
2021-06-24,Tulare,107,460477,50462,9004,59466,884
2021-06-24,Tuolumne,109,53932,4081,44,4125,66
2021-06-24,Ventura,111,848112,81775,2998,84773,1041
2021-06-24,Yolo,113,214977,14172,262,14434,233
2021-06-24,Yuba,115,75493,6202,129,6331,49
2021-06-23,Alameda,001,1643700,89308,1941,91249,1267
2021-06-23,Alpine,002,1148,88,0,88,0
2021-06-23,Amador,005,37829,3750,32,3782,47
2021-06-23,Butte,007,227075,12763,1876,14639,201
2021-06-23,Calaveras,009,45235,2195,13,2208,57
2021-06-23,Colusa,011,21464,1966,319,2285,16
2021-06-23,Contra Costa,013,1133247,70947,1303,72250,822
2021-06-23,Del Norte,015,27424,1460,13,1473,8
2021-06-23,El Dorado,017,186661,10469,771,11240,115
2021-06-23,Fresno,019,978130,103400,8666,112066,1746
2021-06-23,Glenn,021,27897,2449,564,3013,27
2021-06-23,Humboldt,023,135768,4502,43,4545,48
2021-06-23,Imperial,025,180216,28789,2690,31479,745
2021-06-23,Inyo,027,18085,1411,12,1423,38
2021-06-23,Kern,029,883053,97877,11030,108907,1349
2021-06-23,Kings,031,150075,23250,1090,24340,248
2021-06-23,Lake,033,64148,3592,13,3605,63
2021-06-23,Lassen,035,31185,5277,115,5392,19
2021-06-23,Los Angeles,037,10098052,1212934,40681,1253615,24504
2021-06-23,Madera,039,155013,16785,934,17719,246
2021-06-23,Marin,041,260295,5746,201,5947,181
2021-06-23,Mariposa,043,17540,441,11,452,6
2021-06-23,Mendocino,045,87422,4170,83,4253,50
2021-06-23,Merced,047,269075,31210,1042,32252,502
2021-06-23,Modoc,049,8938,412,146,558,4
2021-06-23,Mono,051,14174,1267,18,1285,3
2021-06-23,Monterey,053,433212,43303,1836,45139,583
2021-06-23,Napa,055,140530,9997,35,10032,82
2021-06-23,Nevada,057,99092,4967,192,5159,71
2021-06-23,Orange,059,3164182,256699,11404,268103,5236
2021-06-23,Placer,061,380077,23816,1533,25349,304
2021-06-23,Plumas,063,18699,720,11,731,5
2021-06-23,Riverside,065,2383286,295503,13977,309480,4599
2021-06-23,Sacramento,067,1510023,108217,1815,110032,1689
2021-06-23,San Benito,069,59416,6085,113,6198,60
2021-06-23,San Bernardino,071,2135413,294559,8982,303541,5322
2021-06-23,San Diego,073,3302833,282986,15335,298321,3787
2021-06-23,San Francisco,075,870044,37096,1285,38381,570
2021-06-23,San Joaquin,077,732212,74026,3580,77606,1455
2021-06-23,San Luis Obispo,079,281455,21538,747,22285,256
2021-06-23,San Mateo,081,765935,42690,482,43172,548
2021-06-23,Santa Barbara,083,443738,34610,1120,35730,461
2021-06-23,Santa Clara,085,1922200,119441,763,120204,1752
2021-06-23,Santa Cruz,087,273765,16337,798,17135,209
2021-06-23,Shasta,089,179085,12586,1627,14213,204
2021-06-23,Sierra,091,2930,63,12,75,0
2021-06-23,Siskiyou,093,43540,1964,362,2326,33
2021-06-23,Solano,095,438530,33426,564,33990,268
2021-06-23,Sonoma,097,501317,30924,358,31282,315
2021-06-23,Stanislaus,099,539301,57080,5953,63033,1000
2021-06-23,Sutter,101,95872,9608,87,9695,126
2021-06-23,Tehama,103,63373,5149,581,5730,75
2021-06-23,Trinity,105,12862,493,95,588,5
2021-06-23,Tulare,107,460477,50455,9001,59456,884
2021-06-23,Tuolumne,109,53932,4078,44,4122,66
2021-06-23,Ventura,111,848112,81752,2995,84747,1040
2021-06-23,Yolo,113,214977,14162,262,14424,233
2021-06-23,Yuba,115,75493,6199,129,6328,49
2021-06-22,Alameda,001,1643700,89241,1941,91182,1267
2021-06-22,Alpine,002,1148,88,0,88,0
2021-06-22,Amador,005,37829,3747,32,3779,47
2021-06-22,Butte,007,227075,12759,1873,14632,201
2021-06-22,Calaveras,009,45235,2194,13,2207,57
2021-06-22,Colusa,011,21464,1965,319,2284,16
2021-06-22,Contra Costa,013,1133247,70891,1302,72193,822
2021-06-22,Del Norte,015,27424,1457,13,1470,8
2021-06-22,El Dorado,017,186661,10464,770,11234,115
2021-06-22,Fresno,019,978130,103380,8662,112042,1746
2021-06-22,Glenn,021,27897,2448,562,3010,27
2021-06-22,Humboldt,023,135768,4492,43,4535,48
2021-06-22,Imperial,025,180216,28784,2690,31474,745
2021-06-22,Inyo,027,18085,1411,12,1423,38
2021-06-22,Kern,029,883053,97864,11026,108890,1348
2021-06-22,Kings,031,150075,23242,1089,24331,248
2021-06-22,Lake,033,64148,3590,13,3603,63
2021-06-22,Lassen,035,31185,5272,115,5387,19
2021-06-22,Los Angeles,037,10098052,1212618,40669,1253287,24502
2021-06-22,Madera,039,155013,16780,934,17714,246
2021-06-22,Marin,041,260295,5744,201,5945,181
2021-06-22,Mariposa,043,17540,441,11,452,6
2021-06-22,Mendocino,045,87422,4164,83,4247,50
2021-06-22,Merced,047,269075,31199,1042,32241,502
2021-06-22,Modoc,049,8938,410,145,555,4
2021-06-22,Mono,051,14174,1267,18,1285,3
2021-06-22,Monterey,053,433212,43300,1835,45135,583
2021-06-22,Napa,055,140530,9993,35,10028,81
2021-06-22,Nevada,057,99092,4961,192,5153,71
2021-06-22,Orange,059,3164182,256630,11393,268023,5235
2021-06-22,Placer,061,380077,23794,1533,25327,304
2021-06-22,Plumas,063,18699,720,11,731,5
2021-06-22,Riverside,065,2383286,295442,13973,309415,4599
2021-06-22,Sacramento,067,1510023,108116,1810,109926,1689
2021-06-22,San Benito,069,59416,6084,113,6197,60
2021-06-22,San Bernardino,071,2135413,294483,8976,303459,5322
2021-06-22,San Diego,073,3302833,282882,15312,298194,3786
2021-06-22,San Francisco,075,870044,37082,1285,38367,570
2021-06-22,San Joaquin,077,732212,73996,3578,77574,1454
2021-06-22,San Luis Obispo,079,281455,21535,746,22281,256
2021-06-22,San Mateo,081,765935,42676,477,43153,548
2021-06-22,Santa Barbara,083,443738,34599,1119,35718,461
2021-06-22,Santa Clara,085,1922200,119409,763,120172,1752
2021-06-22,Santa Cruz,087,273765,16332,798,17130,209
2021-06-22,Shasta,089,179085,12575,1624,14199,204
2021-06-22,Sierra,091,2930,62,12,74,0
2021-06-22,Siskiyou,093,43540,1964,362,2326,33
2021-06-22,Solano,095,438530,33408,563,33971,268
2021-06-22,Sonoma,097,501317,30884,358,31242,315
2021-06-22,Stanislaus,099,539301,57064,5951,63015,1000
2021-06-22,Sutter,101,95872,9601,87,9688,126
2021-06-22,Tehama,103,63373,5147,580,5727,75
2021-06-22,Trinity,105,12862,491,95,586,5
2021-06-22,Tulare,107,460477,50447,8996,59443,884
2021-06-22,Tuolumne,109,53932,4076,44,4120,66
2021-06-22,Ventura,111,848112,81738,2994,84732,1040
2021-06-22,Yolo,113,214977,14157,260,14417,233
2021-06-22,Yuba,115,75493,6195,129,6324,49
2021-06-21,Alameda,001,1643700,89185,1940,91125,1267
2021-06-21,Alpine,002,1148,88,0,88,0
2021-06-21,Amador,005,37829,3741,32,3773,47
2021-06-21,Butte,007,227075,12753,1871,14624,201
2021-06-21,Calaveras,009,45235,2192,13,2205,57
2021-06-21,Colusa,011,21464,1964,318,2282,16
2021-06-21,Contra Costa,013,1133247,70821,1301,72122,822
2021-06-21,Del Norte,015,27424,1453,13,1466,8
2021-06-21,El Dorado,017,186661,10458,769,11227,115
2021-06-21,Fresno,019,978130,103360,8659,112019,1745
2021-06-21,Glenn,021,27897,2447,562,3009,27
2021-06-21,Humboldt,023,135768,4483,42,4525,48
2021-06-21,Imperial,025,180216,28780,2690,31470,745
2021-06-21,Inyo,027,18085,1410,12,1422,38
2021-06-21,Kern,029,883053,97835,11018,108853,1347
2021-06-21,Kings,031,150075,23235,1086,24321,248
2021-06-21,Lake,033,64148,3584,13,3597,63
2021-06-21,Lassen,035,31185,5270,115,5385,19
2021-06-21,Los Angeles,037,10098052,1212324,40647,1252971,24501
2021-06-21,Madera,039,155013,16771,934,17705,246
2021-06-21,Marin,041,260295,5740,201,5941,181
2021-06-21,Mariposa,043,17540,441,11,452,6
2021-06-21,Mendocino,045,87422,4161,83,4244,50
2021-06-21,Merced,047,269075,31189,1041,32230,502
2021-06-21,Modoc,049,8938,410,145,555,4
2021-06-21,Mono,051,14174,1267,18,1285,3
2021-06-21,Monterey,053,433212,43297,1835,45132,583
2021-06-21,Napa,055,140530,9988,35,10023,81
2021-06-21,Nevada,057,99092,4957,192,5149,71
2021-06-21,Orange,059,3164182,256557,11386,267943,5234
2021-06-21,Placer,061,380077,23770,1533,25303,304
2021-06-21,Plumas,063,18699,718,11,729,5
2021-06-21,Riverside,065,2383286,295366,13968,309334,4599
2021-06-21,Sacramento,067,1510023,108005,1809,109814,1687
2021-06-21,San Benito,069,59416,6080,113,6193,60
2021-06-21,San Bernardino,071,2135413,294396,8972,303368,5319
2021-06-21,San Diego,073,3302833,282777,15292,298069,3784
2021-06-21,San Francisco,075,870044,37066,1284,38350,570
2021-06-21,San Joaquin,077,732212,73955,3577,77532,1454
2021-06-21,San Luis Obispo,079,281455,21526,746,22272,256
2021-06-21,San Mateo,081,765935,42660,476,43136,548
2021-06-21,Santa Barbara,083,443738,34594,1119,35713,460
2021-06-21,Santa Clara,085,1922200,119376,762,120138,1752
2021-06-21,Santa Cruz,087,273765,16330,798,17128,209
2021-06-21,Shasta,089,179085,12562,1621,14183,204
2021-06-21,Sierra,091,2930,62,12,74,0
2021-06-21,Siskiyou,093,43540,1964,362,2326,33
2021-06-21,Solano,095,438530,33385,562,33947,268
2021-06-21,Sonoma,097,501317,30861,358,31219,315
2021-06-21,Stanislaus,099,539301,57034,5946,62980,999
2021-06-21,Sutter,101,95872,9598,87,9685,126
2021-06-21,Tehama,103,63373,5147,579,5726,75
2021-06-21,Trinity,105,12862,491,95,586,5
2021-06-21,Tulare,107,460477,50436,8992,59428,884
2021-06-21,Tuolumne,109,53932,4072,44,4116,66
2021-06-21,Ventura,111,848112,81710,2990,84700,1040
2021-06-21,Yolo,113,214977,14151,260,14411,233
2021-06-21,Yuba,115,75493,6194,129,6323,49
2021-06-20,Alameda,001,1643700,89120,1939,91059,1267
2021-06-20,Alpine,002,1148,88,0,88,0
2021-06-20,Amador,005,37829,3738,32,3770,47
2021-06-20,Butte,007,227075,12746,1870,14616,201
2021-06-20,Calaveras,009,45235,2191,13,2204,56
2021-06-20,Colusa,011,21464,1964,318,2282,16
2021-06-20,Contra Costa,013,1133247,70764,1299,72063,822
2021-06-20,Del Norte,015,27424,1449,13,1462,8
2021-06-20,El Dorado,017,186661,10444,766,11210,115
2021-06-20,Fresno,019,978130,103318,8656,111974,1744
2021-06-20,Glenn,021,27897,2447,562,3009,27
2021-06-20,Humboldt,023,135768,4477,42,4519,48
2021-06-20,Imperial,025,180216,28771,2690,31461,745
2021-06-20,Inyo,027,18085,1409,12,1421,38
2021-06-20,Kern,029,883053,97814,11007,108821,1347
2021-06-20,Kings,031,150075,23230,1084,24314,248
2021-06-20,Lake,033,64148,3582,13,3595,63
2021-06-20,Lassen,035,31185,5267,115,5382,19
2021-06-20,Los Angeles,037,10098052,1212019,40639,1252658,24499
2021-06-20,Madera,039,155013,16763,932,17695,246
2021-06-20,Marin,041,260295,5737,201,5938,180
2021-06-20,Mariposa,043,17540,439,11,450,6
2021-06-20,Mendocino,045,87422,4154,83,4237,50
2021-06-20,Merced,047,269075,31177,1041,32218,501
2021-06-20,Modoc,049,8938,410,145,555,4
2021-06-20,Mono,051,14174,1267,18,1285,3
2021-06-20,Monterey,053,433212,43288,1834,45122,583
2021-06-20,Napa,055,140530,9981,34,10015,81
2021-06-20,Nevada,057,99092,4950,192,5142,71
2021-06-20,Orange,059,3164182,256493,11375,267868,5234
2021-06-20,Placer,061,380077,23736,1529,25265,304
2021-06-20,Plumas,063,18699,717,11,728,5
2021-06-20,Riverside,065,2383286,295287,13957,309244,4598
2021-06-20,Sacramento,067,1510023,107893,1806,109699,1686
2021-06-20,San Benito,069,59416,6080,113,6193,60
2021-06-20,San Bernardino,071,2135413,294295,8968,303263,5319
2021-06-20,San Diego,073,3302833,282671,15270,297941,3784
2021-06-20,San Francisco,075,870044,37043,1284,38327,570
2021-06-20,San Joaquin,077,732212,73910,3568,77478,1454
2021-06-20,San Luis Obispo,079,281455,21524,746,22270,256
2021-06-20,San Mateo,081,765935,42631,476,43107,548
2021-06-20,Santa Barbara,083,443738,34585,1119,35704,460
2021-06-20,Santa Clara,085,1922200,119341,762,120103,1752
2021-06-20,Santa Cruz,087,273765,16325,798,17123,209
2021-06-20,Shasta,089,179085,12557,1619,14176,203
2021-06-20,Sierra,091,2930,62,12,74,0
2021-06-20,Siskiyou,093,43540,1963,362,2325,33
2021-06-20,Solano,095,438530,33363,560,33923,268
2021-06-20,Sonoma,097,501317,30814,355,31169,315
2021-06-20,Stanislaus,099,539301,57001,5945,62946,998
2021-06-20,Sutter,101,95872,9595,87,9682,126
2021-06-20,Tehama,103,63373,5143,579,5722,75
2021-06-20,Trinity,105,12862,491,95,586,4
2021-06-20,Tulare,107,460477,50427,8990,59417,884
2021-06-20,Tuolumne,109,53932,4069,44,4113,66
2021-06-20,Ventura,111,848112,81694,2988,84682,1040
2021-06-20,Yolo,113,214977,14144,260,14404,233
2021-06-20,Yuba,115,75493,6187,129,6316,49
2021-06-19,Alameda,001,1643700,89085,1939,91024,1267
2021-06-19,Alpine,002,1148,88,0,88,0
2021-06-19,Amador,005,37829,3736,32,3768,47
2021-06-19,Butte,007,227075,12742,1870,14612,201
2021-06-19,Calaveras,009,45235,2191,13,2204,56
2021-06-19,Colusa,011,21464,1964,318,2282,16
2021-06-19,Contra Costa,013,1133247,70733,1298,72031,822
2021-06-19,Del Norte,015,27424,1448,13,1461,8
2021-06-19,El Dorado,017,186661,10443,765,11208,115
2021-06-19,Fresno,019,978130,103305,8655,111960,1744
2021-06-19,Glenn,021,27897,2446,561,3007,27
2021-06-19,Humboldt,023,135768,4466,42,4508,48
2021-06-19,Imperial,025,180216,28770,2690,31460,745
2021-06-19,Inyo,027,18085,1409,12,1421,38
2021-06-19,Kern,029,883053,97798,11003,108801,1347
2021-06-19,Kings,031,150075,23227,1084,24311,248
2021-06-19,Lake,033,64148,3578,13,3591,63
2021-06-19,Lassen,035,31185,5266,115,5381,19
2021-06-19,Los Angeles,037,10098052,1211815,40624,1252439,24496
2021-06-19,Madera,039,155013,16761,932,17693,246
2021-06-19,Marin,041,260295,5729,201,5930,179
2021-06-19,Mariposa,043,17540,439,11,450,6
2021-06-19,Mendocino,045,87422,4149,83,4232,50
2021-06-19,Merced,047,269075,31175,1041,32216,501
2021-06-19,Modoc,049,8938,409,145,554,4
2021-06-19,Mono,051,14174,1267,18,1285,3
2021-06-19,Monterey,053,433212,43282,1834,45116,583
2021-06-19,Napa,055,140530,9977,34,10011,81
2021-06-19,Nevada,057,99092,4945,192,5137,71
2021-06-19,Orange,059,3164182,256447,11372,267819,5233
2021-06-19,Placer,061,380077,23720,1526,25246,304
2021-06-19,Plumas,063,18699,716,11,727,5
2021-06-19,Riverside,065,2383286,295241,13957,309198,4598
2021-06-19,Sacramento,067,1510023,107846,1803,109649,1685
2021-06-19,San Benito,069,59416,6079,113,6192,60
2021-06-19,San Bernardino,071,2135413,294252,8966,303218,5319
2021-06-19,San Diego,073,3302833,282611,15256,297867,3784
2021-06-19,San Francisco,075,870044,37030,1284,38314,570
2021-06-19,San Joaquin,077,732212,73894,3564,77458,1454
2021-06-19,San Luis Obispo,079,281455,21522,744,22266,256
2021-06-19,San Mateo,081,765935,42613,474,43087,548
2021-06-19,Santa Barbara,083,443738,34583,1119,35702,460
2021-06-19,Santa Clara,085,1922200,119318,761,120079,1752
2021-06-19,Santa Cruz,087,273765,16320,798,17118,209
2021-06-19,Shasta,089,179085,12555,1618,14173,203
2021-06-19,Sierra,091,2930,62,12,74,0
2021-06-19,Siskiyou,093,43540,1963,362,2325,33
2021-06-19,Solano,095,438530,33353,559,33912,268
2021-06-19,Sonoma,097,501317,30773,355,31128,315
2021-06-19,Stanislaus,099,539301,56982,5942,62924,998
2021-06-19,Sutter,101,95872,9592,87,9679,126
2021-06-19,Tehama,103,63373,5142,579,5721,75
2021-06-19,Trinity,105,12862,491,95,586,4
2021-06-19,Tulare,107,460477,50420,8985,59405,884
2021-06-19,Tuolumne,109,53932,4069,44,4113,66
2021-06-19,Ventura,111,848112,81681,2987,84668,1040
2021-06-19,Yolo,113,214977,14140,259,14399,233
2021-06-19,Yuba,115,75493,6186,129,6315,48
2021-06-18,Alameda,001,1643700,89048,1939,90987,1267
2021-06-18,Alpine,002,1148,88,0,88,0
2021-06-18,Amador,005,37829,3736,32,3768,47
2021-06-18,Butte,007,227075,12739,1867,14606,201
2021-06-18,Calaveras,009,45235,2191,13,2204,56
2021-06-18,Colusa,011,21464,1963,318,2281,16
2021-06-18,Contra Costa,013,1133247,70691,1296,71987,821
2021-06-18,Del Norte,015,27424,1448,13,1461,8
2021-06-18,El Dorado,017,186661,10440,763,11203,115
2021-06-18,Fresno,019,978130,103289,8653,111942,1744
2021-06-18,Glenn,021,27897,2445,561,3006,27
2021-06-18,Humboldt,023,135768,4458,42,4500,48
2021-06-18,Imperial,025,180216,28768,2690,31458,745
2021-06-18,Inyo,027,18085,1409,12,1421,38
2021-06-18,Kern,029,883053,97787,10997,108784,1347
2021-06-18,Kings,031,150075,23222,1084,24306,248
2021-06-18,Lake,033,64148,3574,13,3587,63
2021-06-18,Lassen,035,31185,5265,115,5380,19
2021-06-18,Los Angeles,037,10098052,1211648,40608,1252256,24495
2021-06-18,Madera,039,155013,16755,932,17687,246
2021-06-18,Marin,041,260295,5726,201,5927,179
2021-06-18,Mariposa,043,17540,439,11,450,6
2021-06-18,Mendocino,045,87422,4144,83,4227,50
2021-06-18,Merced,047,269075,31173,1041,32214,501
2021-06-18,Modoc,049,8938,409,145,554,4
2021-06-18,Mono,051,14174,1266,17,1283,3
2021-06-18,Monterey,053,433212,43279,1834,45113,583
2021-06-18,Napa,055,140530,9973,34,10007,81
2021-06-18,Nevada,057,99092,4937,192,5129,71
2021-06-18,Orange,059,3164182,256410,11369,267779,5232
2021-06-18,Placer,061,380077,23712,1523,25235,304
2021-06-18,Plumas,063,18699,716,11,727,5
2021-06-18,Riverside,065,2383286,295192,13956,309148,4598
2021-06-18,Sacramento,067,1510023,107798,1803,109601,1685
2021-06-18,San Benito,069,59416,6078,113,6191,60
2021-06-18,San Bernardino,071,2135413,294208,8962,303170,5318
2021-06-18,San Diego,073,3302833,282535,15245,297780,3783
2021-06-18,San Francisco,075,870044,37021,1284,38305,570
2021-06-18,San Joaquin,077,732212,73876,3562,77438,1454
2021-06-18,San Luis Obispo,079,281455,21518,742,22260,256
2021-06-18,San Mateo,081,765935,42602,473,43075,548
2021-06-18,Santa Barbara,083,443738,34573,1119,35692,459
2021-06-18,Santa Clara,085,1922200,119297,759,120056,1751
2021-06-18,Santa Cruz,087,273765,16316,798,17114,209
2021-06-18,Shasta,089,179085,12551,1616,14167,203
2021-06-18,Sierra,091,2930,61,12,73,0
2021-06-18,Siskiyou,093,43540,1963,362,2325,33
2021-06-18,Solano,095,438530,33339,559,33898,268
2021-06-18,Sonoma,097,501317,30755,354,31109,315
2021-06-18,Stanislaus,099,539301,56967,5940,62907,997
2021-06-18,Sutter,101,95872,9589,87,9676,126
2021-06-18,Tehama,103,63373,5140,579,5719,75
2021-06-18,Trinity,105,12862,491,94,585,4
2021-06-18,Tulare,107,460477,50418,8978,59396,884
2021-06-18,Tuolumne,109,53932,4066,44,4110,66
2021-06-18,Ventura,111,848112,81671,2982,84653,1040
2021-06-18,Yolo,113,214977,14137,257,14394,233
2021-06-18,Yuba,115,75493,6180,129,6309,48
2021-06-17,Alameda,001,1643700,89002,1939,90941,1267
2021-06-17,Alpine,002,1148,88,0,88,0
2021-06-17,Amador,005,37829,3734,32,3766,47
2021-06-17,Butte,007,227075,12729,1866,14595,201
2021-06-17,Calaveras,009,45235,2190,13,2203,56
2021-06-17,Colusa,011,21464,1962,318,2280,16
2021-06-17,Contra Costa,013,1133247,70652,1292,71944,821
2021-06-17,Del Norte,015,27424,1446,13,1459,8
2021-06-17,El Dorado,017,186661,10430,763,11193,115
2021-06-17,Fresno,019,978130,103263,8649,111912,1744
2021-06-17,Glenn,021,27897,2445,561,3006,27
2021-06-17,Humboldt,023,135768,4449,42,4491,48
2021-06-17,Imperial,025,180216,28760,2690,31450,745
2021-06-17,Inyo,027,18085,1409,12,1421,38
2021-06-17,Kern,029,883053,97772,10991,108763,1345
2021-06-17,Kings,031,150075,23218,1083,24301,248
2021-06-17,Lake,033,64148,3571,9,3580,63
2021-06-17,Lassen,035,31185,5261,115,5376,19
2021-06-17,Los Angeles,037,10098052,1211433,40581,1252014,24491
2021-06-17,Madera,039,155013,16750,932,17682,246
2021-06-17,Marin,041,260295,5726,201,5927,178
2021-06-17,Mariposa,043,17540,439,11,450,6
2021-06-17,Mendocino,045,87422,4137,83,4220,50
2021-06-17,Merced,047,269075,31168,1041,32209,500
2021-06-17,Modoc,049,8938,408,145,553,4
2021-06-17,Mono,051,14174,1265,17,1282,3
2021-06-17,Monterey,053,433212,43271,1834,45105,583
2021-06-17,Napa,055,140530,9973,34,10007,81
2021-06-17,Nevada,057,99092,4933,192,5125,71
2021-06-17,Orange,059,3164182,256365,11359,267724,5232
2021-06-17,Placer,061,380077,23696,1521,25217,304
2021-06-17,Plumas,063,18699,715,11,726,5
2021-06-17,Riverside,065,2383286,295137,13954,309091,4598
2021-06-17,Sacramento,067,1510023,107734,1801,109535,1684
2021-06-17,San Benito,069,59416,6078,113,6191,60
2021-06-17,San Bernardino,071,2135413,294167,8962,303129,5317
2021-06-17,San Diego,073,3302833,282459,15231,297690,3782
2021-06-17,San Francisco,075,870044,37009,1283,38292,570
2021-06-17,San Joaquin,077,732212,73853,3557,77410,1454
2021-06-17,San Luis Obispo,079,281455,21516,742,22258,256
2021-06-17,San Mateo,081,765935,42596,473,43069,548
2021-06-17,Santa Barbara,083,443738,34567,1119,35686,459
2021-06-17,Santa Clara,085,1922200,119272,758,120030,1751
2021-06-17,Santa Cruz,087,273765,16312,798,17110,209
2021-06-17,Shasta,089,179085,12543,1616,14159,203
2021-06-17,Sierra,091,2930,61,12,73,0
2021-06-17,Siskiyou,093,43540,1962,362,2324,33
2021-06-17,Solano,095,438530,33318,558,33876,268
2021-06-17,Sonoma,097,501317,30725,354,31079,315
2021-06-17,Stanislaus,099,539301,56936,5935,62871,997
2021-06-17,Sutter,101,95872,9586,87,9673,126
2021-06-17,Tehama,103,63373,5139,577,5716,75
2021-06-17,Trinity,105,12862,490,94,584,4
2021-06-17,Tulare,107,460477,50413,8970,59383,884
2021-06-17,Tuolumne,109,53932,4065,44,4109,66
2021-06-17,Ventura,111,848112,81662,2979,84641,1040
2021-06-17,Yolo,113,214977,14129,257,14386,233
2021-06-17,Yuba,115,75493,6171,129,6300,48
2021-06-16,Alameda,001,1643700,88953,1938,90891,1266
2021-06-16,Alpine,002,1148,88,0,88,0
2021-06-16,Amador,005,37829,3733,32,3765,47
2021-06-16,Butte,007,227075,12727,1864,14591,201
2021-06-16,Calaveras,009,45235,2188,13,2201,56
2021-06-16,Colusa,011,21464,1962,318,2280,16
2021-06-16,Contra Costa,013,1133247,70600,1291,71891,821
2021-06-16,Del Norte,015,27424,1443,13,1456,8
2021-06-16,El Dorado,017,186661,10424,762,11186,115
2021-06-16,Fresno,019,978130,103232,8645,111877,1741
2021-06-16,Glenn,021,27897,2445,561,3006,27
2021-06-16,Humboldt,023,135768,4440,41,4481,48
2021-06-16,Imperial,025,180216,28757,2690,31447,745
2021-06-16,Inyo,027,18085,1408,12,1420,38
2021-06-16,Kern,029,883053,97750,10984,108734,1345
2021-06-16,Kings,031,150075,23217,1082,24299,248
2021-06-16,Lake,033,64148,3571,9,3580,63
2021-06-16,Lassen,035,31185,5258,115,5373,19
2021-06-16,Los Angeles,037,10098052,1211209,40571,1251780,24490
2021-06-16,Madera,039,155013,16746,932,17678,246
2021-06-16,Marin,041,260295,5724,201,5925,178
2021-06-16,Mariposa,043,17540,439,11,450,6
2021-06-16,Mendocino,045,87422,4129,83,4212,50
2021-06-16,Merced,047,269075,31160,1041,32201,500
2021-06-16,Modoc,049,8938,407,144,551,4
2021-06-16,Mono,051,14174,1265,17,1282,3
2021-06-16,Monterey,053,433212,43268,1834,45102,583
2021-06-16,Napa,055,140530,9969,34,10003,81
2021-06-16,Nevada,057,99092,4928,192,5120,71
2021-06-16,Orange,059,3164182,256311,11351,267662,5232
2021-06-16,Placer,061,380077,23686,1517,25203,304
2021-06-16,Plumas,063,18699,715,11,726,5
2021-06-16,Riverside,065,2383286,295075,13952,309027,4597
2021-06-16,Sacramento,067,1510023,107664,1797,109461,1683
2021-06-16,San Benito,069,59416,6078,113,6191,60
2021-06-16,San Bernardino,071,2135413,294118,8960,303078,5316
2021-06-16,San Diego,073,3302833,282380,15218,297598,3782
2021-06-16,San Francisco,075,870044,36996,1281,38277,570
2021-06-16,San Joaquin,077,732212,73815,3553,77368,1452
2021-06-16,San Luis Obispo,079,281455,21511,742,22253,256
2021-06-16,San Mateo,081,765935,42580,473,43053,548
2021-06-16,Santa Barbara,083,443738,34561,1119,35680,459
2021-06-16,Santa Clara,085,1922200,119240,758,119998,1751
2021-06-16,Santa Cruz,087,273765,16309,798,17107,209
2021-06-16,Shasta,089,179085,12538,1615,14153,202
2021-06-16,Sierra,091,2930,61,12,73,0
2021-06-16,Siskiyou,093,43540,1961,362,2323,33
2021-06-16,Solano,095,438530,33290,558,33848,268
2021-06-16,Sonoma,097,501317,30689,354,31043,315
2021-06-16,Stanislaus,099,539301,56905,5933,62838,997
2021-06-16,Sutter,101,95872,9582,87,9669,126
2021-06-16,Tehama,103,63373,5137,577,5714,75
2021-06-16,Trinity,105,12862,489,94,583,4
2021-06-16,Tulare,107,460477,50408,8966,59374,884
2021-06-16,Tuolumne,109,53932,4065,44,4109,66
2021-06-16,Ventura,111,848112,81648,2977,84625,1040
2021-06-16,Yolo,113,214977,14120,256,14376,233
2021-06-16,Yuba,115,75493,6161,129,6290,48
2021-06-15,Alameda,001,1643700,88912,1938,90850,1265
2021-06-15,Alpine,002,1148,88,0,88,0
2021-06-15,Amador,005,37829,3730,32,3762,47
2021-06-15,Butte,007,227075,12719,1863,14582,200
2021-06-15,Calaveras,009,45235,2187,13,2200,56
2021-06-15,Colusa,011,21464,1962,316,2278,16
2021-06-15,Contra Costa,013,1133247,70538,1291,71829,821
2021-06-15,Del Norte,015,27424,1442,13,1455,8
2021-06-15,El Dorado,017,186661,10415,762,11177,115
2021-06-15,Fresno,019,978130,103200,8644,111844,1741
2021-06-15,Glenn,021,27897,2444,561,3005,27
2021-06-15,Humboldt,023,135768,4431,40,4471,48
2021-06-15,Imperial,025,180216,28751,2690,31441,745
2021-06-15,Inyo,027,18085,1408,12,1420,38
2021-06-15,Kern,029,883053,97722,10976,108698,1345
2021-06-15,Kings,031,150075,23211,1080,24291,248
2021-06-15,Lake,033,64148,3570,9,3579,63
2021-06-15,Lassen,035,31185,5257,115,5372,19
2021-06-15,Los Angeles,037,10098052,1210984,40563,1251547,24486
2021-06-15,Madera,039,155013,16739,931,17670,246
2021-06-15,Marin,041,260295,5716,201,5917,178
2021-06-15,Mariposa,043,17540,439,11,450,6
2021-06-15,Mendocino,045,87422,4122,83,4205,50
2021-06-15,Merced,047,269075,31154,1041,32195,500
2021-06-15,Modoc,049,8938,406,144,550,4
2021-06-15,Mono,051,14174,1265,17,1282,3
2021-06-15,Monterey,053,433212,43262,1834,45096,583
2021-06-15,Napa,055,140530,9967,34,10001,81
2021-06-15,Nevada,057,99092,4925,192,5117,71
2021-06-15,Orange,059,3164182,256270,11342,267612,5232
2021-06-15,Placer,061,380077,23664,1516,25180,304
2021-06-15,Plumas,063,18699,714,11,725,5
2021-06-15,Riverside,065,2383286,295015,13948,308963,4596
2021-06-15,Sacramento,067,1510023,107589,1791,109380,1683
2021-06-15,San Benito,069,59416,6077,113,6190,60
2021-06-15,San Bernardino,071,2135413,294068,8954,303022,5316
2021-06-15,San Diego,073,3302833,282296,15203,297499,3781
2021-06-15,San Francisco,075,870044,36987,1280,38267,570
2021-06-15,San Joaquin,077,732212,73775,3548,77323,1451
2021-06-15,San Luis Obispo,079,281455,21506,741,22247,256
2021-06-15,San Mateo,081,765935,42567,473,43040,548
2021-06-15,Santa Barbara,083,443738,34556,1119,35675,459
2021-06-15,Santa Clara,085,1922200,119202,758,119960,1751
2021-06-15,Santa Cruz,087,273765,16303,797,17100,209
2021-06-15,Shasta,089,179085,12532,1615,14147,202
2021-06-15,Sierra,091,2930,60,12,72,0
2021-06-15,Siskiyou,093,43540,1960,362,2322,33
2021-06-15,Solano,095,438530,33271,558,33829,268
2021-06-15,Sonoma,097,501317,30650,353,31003,314
2021-06-15,Stanislaus,099,539301,56877,5930,62807,997
2021-06-15,Sutter,101,95872,9573,87,9660,126
2021-06-15,Tehama,103,63373,5135,577,5712,75
2021-06-15,Trinity,105,12862,488,93,581,4
2021-06-15,Tulare,107,460477,50402,8963,59365,884
2021-06-15,Tuolumne,109,53932,4065,44,4109,66
2021-06-15,Ventura,111,848112,81637,2974,84611,1040
2021-06-15,Yolo,113,214977,14116,254,14370,233
2021-06-15,Yuba,115,75493,6150,129,6279,48
2021-06-14,Alameda,001,1643700,88864,1938,90802,1265
2021-06-14,Alpine,002,1148,88,0,88,0
2021-06-14,Amador,005,37829,3729,32,3761,47
2021-06-14,Butte,007,227075,12708,1859,14567,200
2021-06-14,Calaveras,009,45235,2186,13,2199,56
2021-06-14,Colusa,011,21464,1961,316,2277,16
2021-06-14,Contra Costa,013,1133247,70485,1289,71774,821
2021-06-14,Del Norte,015,27424,1442,13,1455,8
2021-06-14,El Dorado,017,186661,10406,760,11166,115
2021-06-14,Fresno,019,978130,103178,8643,111821,1741
2021-06-14,Glenn,021,27897,2444,561,3005,27
2021-06-14,Humboldt,023,135768,4423,39,4462,48
2021-06-14,Imperial,025,180216,28739,2690,31429,745
2021-06-14,Inyo,027,18085,1407,12,1419,38
2021-06-14,Kern,029,883053,97702,10966,108668,1343
2021-06-14,Kings,031,150075,23208,1079,24287,248
2021-06-14,Lake,033,64148,3569,9,3578,63
2021-06-14,Lassen,035,31185,5254,114,5368,19
2021-06-14,Los Angeles,037,10098052,1210742,40553,1251295,24486
2021-06-14,Madera,039,155013,16733,930,17663,246
2021-06-14,Marin,041,260295,5714,201,5915,178
2021-06-14,Mariposa,043,17540,438,11,449,6
2021-06-14,Mendocino,045,87422,4116,83,4199,50
2021-06-14,Merced,047,269075,31145,1040,32185,500
2021-06-14,Modoc,049,8938,397,142,539,4
2021-06-14,Mono,051,14174,1265,17,1282,3
2021-06-14,Monterey,053,433212,43259,1834,45093,583
2021-06-14,Napa,055,140530,9963,34,9997,81
2021-06-14,Nevada,057,99092,4918,192,5110,71
2021-06-14,Orange,059,3164182,256232,11338,267570,5230
2021-06-14,Placer,061,380077,23639,1515,25154,304
2021-06-14,Plumas,063,18699,714,11,725,5
2021-06-14,Riverside,065,2383286,294961,13948,308909,4595
2021-06-14,Sacramento,067,1510023,107534,1785,109319,1682
2021-06-14,San Benito,069,59416,6077,113,6190,60
2021-06-14,San Bernardino,071,2135413,294012,8950,302962,5314
2021-06-14,San Diego,073,3302833,282190,15183,297373,3779
2021-06-14,San Francisco,075,870044,36973,1280,38253,570
2021-06-14,San Joaquin,077,732212,73746,3548,77294,1451
2021-06-14,San Luis Obispo,079,281455,21504,741,22245,256
2021-06-14,San Mateo,081,765935,42554,472,43026,548
2021-06-14,Santa Barbara,083,443738,34553,1119,35672,459
2021-06-14,Santa Clara,085,1922200,119171,757,119928,1751
2021-06-14,Santa Cruz,087,273765,16300,797,17097,209
2021-06-14,Shasta,089,179085,12521,1612,14133,202
2021-06-14,Sierra,091,2930,59,12,71,0
2021-06-14,Siskiyou,093,43540,1960,362,2322,33
2021-06-14,Solano,095,438530,33254,557,33811,268
2021-06-14,Sonoma,097,501317,30618,352,30970,314
2021-06-14,Stanislaus,099,539301,56840,5927,62767,995
2021-06-14,Sutter,101,95872,9570,87,9657,126
2021-06-14,Tehama,103,63373,5133,577,5710,75
2021-06-14,Trinity,105,12862,488,93,581,4
2021-06-14,Tulare,107,460477,50397,8960,59357,883
2021-06-14,Tuolumne,109,53932,4062,44,4106,66
2021-06-14,Ventura,111,848112,81627,2974,84601,1039
2021-06-14,Yolo,113,214977,14108,254,14362,233
2021-06-14,Yuba,115,75493,6143,129,6272,48
2021-06-13,Alameda,001,1643700,88806,1937,90743,1265
2021-06-13,Alpine,002,1148,87,0,87,0
2021-06-13,Amador,005,37829,3725,32,3757,47
2021-06-13,Butte,007,227075,12697,1856,14553,200
2021-06-13,Calaveras,009,45235,2186,13,2199,56
2021-06-13,Colusa,011,21464,1961,315,2276,16
2021-06-13,Contra Costa,013,1133247,70432,1287,71719,821
2021-06-13,Del Norte,015,27424,1440,13,1453,8
2021-06-13,El Dorado,017,186661,10397,760,11157,115
2021-06-13,Fresno,019,978130,103148,8638,111786,1741
2021-06-13,Glenn,021,27897,2443,559,3002,27
2021-06-13,Humboldt,023,135768,4410,39,4449,47
2021-06-13,Imperial,025,180216,28730,2690,31420,745
2021-06-13,Inyo,027,18085,1407,12,1419,38
2021-06-13,Kern,029,883053,97678,10954,108632,1342
2021-06-13,Kings,031,150075,23203,1078,24281,248
2021-06-13,Lake,033,64148,3569,9,3578,63
2021-06-13,Lassen,035,31185,5249,114,5363,18
2021-06-13,Los Angeles,037,10098052,1210474,40542,1251016,24483
2021-06-13,Madera,039,155013,16719,930,17649,246
2021-06-13,Marin,041,260295,5708,201,5909,178
2021-06-13,Mariposa,043,17540,438,11,449,6
2021-06-13,Mendocino,045,87422,4109,83,4192,50
2021-06-13,Merced,047,269075,31139,1039,32178,500
2021-06-13,Modoc,049,8938,395,140,535,4
2021-06-13,Mono,051,14174,1265,17,1282,3
2021-06-13,Monterey,053,433212,43251,1834,45085,583
2021-06-13,Napa,055,140530,9957,34,9991,81
2021-06-13,Nevada,057,99092,4913,192,5105,71
2021-06-13,Orange,059,3164182,256177,11335,267512,5229
2021-06-13,Placer,061,380077,23613,1513,25126,304
2021-06-13,Plumas,063,18699,713,11,724,5
2021-06-13,Riverside,065,2383286,294894,13945,308839,4595
2021-06-13,Sacramento,067,1510023,107458,1782,109240,1681
2021-06-13,San Benito,069,59416,6077,113,6190,60
2021-06-13,San Bernardino,071,2135413,293960,8945,302905,5312
2021-06-13,San Diego,073,3302833,282111,15167,297278,3778
2021-06-13,San Francisco,075,870044,36961,1280,38241,570
2021-06-13,San Joaquin,077,732212,73711,3546,77257,1449
2021-06-13,San Luis Obispo,079,281455,21498,740,22238,256
2021-06-13,San Mateo,081,765935,42541,472,43013,548
2021-06-13,Santa Barbara,083,443738,34542,1118,35660,459
2021-06-13,Santa Clara,085,1922200,119147,757,119904,1751
2021-06-13,Santa Cruz,087,273765,16293,797,17090,209
2021-06-13,Shasta,089,179085,12512,1611,14123,202
2021-06-13,Sierra,091,2930,59,12,71,0
2021-06-13,Siskiyou,093,43540,1959,362,2321,33
2021-06-13,Solano,095,438530,33233,557,33790,268
2021-06-13,Sonoma,097,501317,30583,350,30933,314
2021-06-13,Stanislaus,099,539301,56814,5924,62738,995
2021-06-13,Sutter,101,95872,9563,87,9650,125
2021-06-13,Tehama,103,63373,5131,577,5708,75
2021-06-13,Trinity,105,12862,487,93,580,4
2021-06-13,Tulare,107,460477,50388,8955,59343,883
2021-06-13,Tuolumne,109,53932,4060,43,4103,66
2021-06-13,Ventura,111,848112,81613,2974,84587,1039
2021-06-13,Yolo,113,214977,14099,252,14351,233
2021-06-13,Yuba,115,75493,6136,129,6265,48
2021-06-12,Alameda,001,1643700,88779,1937,90716,1264
2021-06-12,Alpine,002,1148,87,0,87,0
2021-06-12,Amador,005,37829,3724,32,3756,47
2021-06-12,Butte,007,227075,12693,1855,14548,200
2021-06-12,Calaveras,009,45235,2186,13,2199,56
2021-06-12,Colusa,011,21464,1961,315,2276,16
2021-06-12,Contra Costa,013,1133247,70401,1285,71686,821
2021-06-12,Del Norte,015,27424,1440,13,1453,8
2021-06-12,El Dorado,017,186661,10392,759,11151,115
2021-06-12,Fresno,019,978130,103138,8637,111775,1740
2021-06-12,Glenn,021,27897,2441,559,3000,27
2021-06-12,Humboldt,023,135768,4402,39,4441,47
2021-06-12,Imperial,025,180216,28727,2690,31417,745
2021-06-12,Inyo,027,18085,1407,12,1419,38
2021-06-12,Kern,029,883053,97663,10950,108613,1342
2021-06-12,Kings,031,150075,23201,1078,24279,248
2021-06-12,Lake,033,64148,3568,9,3577,63
2021-06-12,Lassen,035,31185,5249,114,5363,18
2021-06-12,Los Angeles,037,10098052,1210337,40536,1250873,24480
2021-06-12,Madera,039,155013,16715,930,17645,246
2021-06-12,Marin,041,260295,5705,201,5906,178
2021-06-12,Mariposa,043,17540,438,11,449,6
2021-06-12,Mendocino,045,87422,4106,83,4189,50
2021-06-12,Merced,047,269075,31136,1039,32175,500
2021-06-12,Modoc,049,8938,394,140,534,4
2021-06-12,Mono,051,14174,1265,17,1282,3
2021-06-12,Monterey,053,433212,43246,1834,45080,583
2021-06-12,Napa,055,140530,9953,34,9987,81
2021-06-12,Nevada,057,99092,4907,192,5099,70
2021-06-12,Orange,059,3164182,256145,11333,267478,5228
2021-06-12,Placer,061,380077,23594,1513,25107,304
2021-06-12,Plumas,063,18699,713,11,724,5
2021-06-12,Riverside,065,2383286,294852,13942,308794,4594
2021-06-12,Sacramento,067,1510023,107399,1779,109178,1680
2021-06-12,San Benito,069,59416,6075,113,6188,60
2021-06-12,San Bernardino,071,2135413,293925,8943,302868,5311
2021-06-12,San Diego,073,3302833,282054,15158,297212,3778
2021-06-12,San Francisco,075,870044,36951,1280,38231,570
2021-06-12,San Joaquin,077,732212,73692,3545,77237,1448
2021-06-12,San Luis Obispo,079,281455,21495,740,22235,256
2021-06-12,San Mateo,081,765935,42535,472,43007,548
2021-06-12,Santa Barbara,083,443738,34537,1118,35655,459
2021-06-12,Santa Clara,085,1922200,119107,757,119864,1750
2021-06-12,Santa Cruz,087,273765,16285,797,17082,209
2021-06-12,Shasta,089,179085,12509,1610,14119,202
2021-06-12,Sierra,091,2930,59,12,71,0
2021-06-12,Siskiyou,093,43540,1958,362,2320,33
2021-06-12,Solano,095,438530,33225,557,33782,268
2021-06-12,Sonoma,097,501317,30554,350,30904,314
2021-06-12,Stanislaus,099,539301,56797,5923,62720,995
2021-06-12,Sutter,101,95872,9559,87,9646,125
2021-06-12,Tehama,103,63373,5131,576,5707,75
2021-06-12,Trinity,105,12862,487,93,580,4
2021-06-12,Tulare,107,460477,50383,8948,59331,883
2021-06-12,Tuolumne,109,53932,4059,43,4102,66
2021-06-12,Ventura,111,848112,81601,2974,84575,1039
2021-06-12,Yolo,113,214977,14096,251,14347,233
2021-06-12,Yuba,115,75493,6131,129,6260,48
2021-06-11,Alameda,001,1643700,88751,1937,90688,1264
2021-06-11,Alpine,002,1148,87,0,87,0
2021-06-11,Amador,005,37829,3723,32,3755,47
2021-06-11,Butte,007,227075,12689,1853,14542,199
2021-06-11,Calaveras,009,45235,2186,13,2199,55
2021-06-11,Colusa,011,21464,1960,315,2275,16
2021-06-11,Contra Costa,013,1133247,70368,1283,71651,821
2021-06-11,Del Norte,015,27424,1440,13,1453,8
2021-06-11,El Dorado,017,186661,10389,759,11148,115
2021-06-11,Fresno,019,978130,103119,8636,111755,1740
2021-06-11,Glenn,021,27897,2441,559,3000,27
2021-06-11,Humboldt,023,135768,4398,39,4437,46
2021-06-11,Imperial,025,180216,28722,2690,31412,745
2021-06-11,Inyo,027,18085,1407,12,1419,38
2021-06-11,Kern,029,883053,97651,10947,108598,1342
2021-06-11,Kings,031,150075,23197,1077,24274,248
2021-06-11,Lake,033,64148,3567,9,3576,63
2021-06-11,Lassen,035,31185,5248,114,5362,18
2021-06-11,Los Angeles,037,10098052,1210187,40521,1250708,24480
2021-06-11,Madera,039,155013,16712,930,17642,246
2021-06-11,Marin,041,260295,5702,201,5903,178
2021-06-11,Mariposa,043,17540,438,11,449,6
2021-06-11,Mendocino,045,87422,4103,83,4186,50
2021-06-11,Merced,047,269075,31131,1039,32170,500
2021-06-11,Modoc,049,8938,394,139,533,4
2021-06-11,Mono,051,14174,1265,17,1282,3
2021-06-11,Monterey,053,433212,43242,1834,45076,583
2021-06-11,Napa,055,140530,9950,34,9984,81
2021-06-11,Nevada,057,99092,4905,192,5097,70
2021-06-11,Orange,059,3164182,256111,11330,267441,5228
2021-06-11,Placer,061,380077,23589,1513,25102,304
2021-06-11,Plumas,063,18699,713,11,724,5
2021-06-11,Riverside,065,2383286,294814,13937,308751,4594
2021-06-11,Sacramento,067,1510023,107340,1778,109118,1680
2021-06-11,San Benito,069,59416,6074,113,6187,60
2021-06-11,San Bernardino,071,2135413,293889,8939,302828,5308
2021-06-11,San Diego,073,3302833,282014,15151,297165,3778
2021-06-11,San Francisco,075,870044,36946,1280,38226,570
2021-06-11,San Joaquin,077,732212,73675,3542,77217,1448
2021-06-11,San Luis Obispo,079,281455,21494,740,22234,256
2021-06-11,San Mateo,081,765935,42521,472,42993,548
2021-06-11,Santa Barbara,083,443738,34534,1118,35652,459
2021-06-11,Santa Clara,085,1922200,119087,757,119844,1750
2021-06-11,Santa Cruz,087,273765,16277,797,17074,209
2021-06-11,Shasta,089,179085,12501,1608,14109,202
2021-06-11,Sierra,091,2930,59,12,71,0
2021-06-11,Siskiyou,093,43540,1957,362,2319,31
2021-06-11,Solano,095,438530,33205,556,33761,268
2021-06-11,Sonoma,097,501317,30536,350,30886,314
2021-06-11,Stanislaus,099,539301,56771,5919,62690,995
2021-06-11,Sutter,101,95872,9556,86,9642,125
2021-06-11,Tehama,103,63373,5130,576,5706,74
2021-06-11,Trinity,105,12862,487,93,580,4
2021-06-11,Tulare,107,460477,50377,8947,59324,883
2021-06-11,Tuolumne,109,53932,4056,43,4099,65
2021-06-11,Ventura,111,848112,81591,2974,84565,1039
2021-06-11,Yolo,113,214977,14089,247,14336,233
2021-06-11,Yuba,115,75493,6127,129,6256,48
2021-06-10,Alameda,001,1643700,88707,1936,90643,1264
2021-06-10,Alpine,002,1148,87,0,87,0
2021-06-10,Amador,005,37829,3719,32,3751,47
2021-06-10,Butte,007,227075,12672,1853,14525,199
2021-06-10,Calaveras,009,45235,2185,13,2198,55
2021-06-10,Colusa,011,21464,1958,315,2273,16
2021-06-10,Contra Costa,013,1133247,70314,1283,71597,821
2021-06-10,Del Norte,015,27424,1440,13,1453,8
2021-06-10,El Dorado,017,186661,10382,755,11137,115
2021-06-10,Fresno,019,978130,103093,8635,111728,1740
2021-06-10,Glenn,021,27897,2441,559,3000,27
2021-06-10,Humboldt,023,135768,4390,39,4429,46
2021-06-10,Imperial,025,180216,28716,2690,31406,745
2021-06-10,Inyo,027,18085,1407,12,1419,38
2021-06-10,Kern,029,883053,97637,10942,108579,1342
2021-06-10,Kings,031,150075,23196,1077,24273,248
2021-06-10,Lake,033,64148,3562,9,3571,63
2021-06-10,Lassen,035,31185,5246,114,5360,18
2021-06-10,Los Angeles,037,10098052,1210021,40506,1250527,24475
2021-06-10,Madera,039,155013,16705,929,17634,246
2021-06-10,Marin,041,260295,5699,201,5900,178
2021-06-10,Mariposa,043,17540,436,11,447,6
2021-06-10,Mendocino,045,87422,4098,83,4181,50
2021-06-10,Merced,047,269075,31123,1036,32159,499
2021-06-10,Modoc,049,8938,393,139,532,4
2021-06-10,Mono,051,14174,1264,17,1281,3
2021-06-10,Monterey,053,433212,43236,1834,45070,583
2021-06-10,Napa,055,140530,9949,34,9983,81
2021-06-10,Nevada,057,99092,4900,192,5092,70
2021-06-10,Orange,059,3164182,256082,11323,267405,5228
2021-06-10,Placer,061,380077,23576,1513,25089,304
2021-06-10,Plumas,063,18699,713,11,724,5
2021-06-10,Riverside,065,2383286,294772,13932,308704,4593
2021-06-10,Sacramento,067,1510023,107278,1778,109056,1679
2021-06-10,San Benito,069,59416,6074,113,6187,60
2021-06-10,San Bernardino,071,2135413,293848,8936,302784,5307
2021-06-10,San Diego,073,3302833,281956,15134,297090,3778
2021-06-10,San Francisco,075,870044,36936,1278,38214,569
2021-06-10,San Joaquin,077,732212,73641,3541,77182,1448
2021-06-10,San Luis Obispo,079,281455,21491,740,22231,256
2021-06-10,San Mateo,081,765935,42514,472,42986,548
2021-06-10,Santa Barbara,083,443738,34530,1118,35648,459
2021-06-10,Santa Clara,085,1922200,119052,756,119808,1750
2021-06-10,Santa Cruz,087,273765,16276,797,17073,209
2021-06-10,Shasta,089,179085,12491,1608,14099,202
2021-06-10,Sierra,091,2930,58,12,70,0
2021-06-10,Siskiyou,093,43540,1957,362,2319,31
2021-06-10,Solano,095,438530,33188,555,33743,268
2021-06-10,Sonoma,097,501317,30500,348,30848,314
2021-06-10,Stanislaus,099,539301,56750,5915,62665,995
2021-06-10,Sutter,101,95872,9549,86,9635,125
2021-06-10,Tehama,103,63373,5130,576,5706,74
2021-06-10,Trinity,105,12862,487,93,580,4
2021-06-10,Tulare,107,460477,50369,8947,59316,883
2021-06-10,Tuolumne,109,53932,4056,43,4099,65
2021-06-10,Ventura,111,848112,81580,2973,84553,1039
2021-06-10,Yolo,113,214977,14086,247,14333,232
2021-06-10,Yuba,115,75493,6123,129,6252,48
2021-06-09,Alameda,001,1643700,88663,1935,90598,1264
2021-06-09,Alpine,002,1148,87,0,87,0
2021-06-09,Amador,005,37829,3715,32,3747,47
2021-06-09,Butte,007,227075,12666,1851,14517,199
2021-06-09,Calaveras,009,45235,2183,13,2196,55
2021-06-09,Colusa,011,21464,1958,314,2272,16
2021-06-09,Contra Costa,013,1133247,70277,1282,71559,820
2021-06-09,Del Norte,015,27424,1436,13,1449,8
2021-06-09,El Dorado,017,186661,10379,754,11133,114
2021-06-09,Fresno,019,978130,103073,8631,111704,1739
2021-06-09,Glenn,021,27897,2440,559,2999,27
2021-06-09,Humboldt,023,135768,4385,38,4423,46
2021-06-09,Imperial,025,180216,28713,2690,31403,745
2021-06-09,Inyo,027,18085,1407,12,1419,38
2021-06-09,Kern,029,883053,97623,10933,108556,1341
2021-06-09,Kings,031,150075,23194,1077,24271,248
2021-06-09,Lake,033,64148,3559,9,3568,63
2021-06-09,Lassen,035,31185,5245,114,5359,18
2021-06-09,Los Angeles,037,10098052,1209833,40493,1250326,24469
2021-06-09,Madera,039,155013,16700,929,17629,246
2021-06-09,Marin,041,260295,5694,201,5895,178
2021-06-09,Mariposa,043,17540,436,11,447,6
2021-06-09,Mendocino,045,87422,4092,83,4175,50
2021-06-09,Merced,047,269075,31119,1036,32155,499
2021-06-09,Modoc,049,8938,391,138,529,4
2021-06-09,Mono,051,14174,1264,17,1281,3
2021-06-09,Monterey,053,433212,43229,1834,45063,583
2021-06-09,Napa,055,140530,9943,34,9977,81
2021-06-09,Nevada,057,99092,4890,191,5081,70
2021-06-09,Orange,059,3164182,256038,11318,267356,5228
2021-06-09,Placer,061,380077,23557,1513,25070,304
2021-06-09,Plumas,063,18699,712,11,723,5
2021-06-09,Riverside,065,2383286,294726,13930,308656,4592
2021-06-09,Sacramento,067,1510023,107215,1775,108990,1679
2021-06-09,San Benito,069,59416,6071,113,6184,60
2021-06-09,San Bernardino,071,2135413,293806,8936,302742,5306
2021-06-09,San Diego,073,3302833,281892,15122,297014,3777
2021-06-09,San Francisco,075,870044,36922,1277,38199,569
2021-06-09,San Joaquin,077,732212,73615,3541,77156,1448
2021-06-09,San Luis Obispo,079,281455,21490,740,22230,256
2021-06-09,San Mateo,081,765935,42498,471,42969,548
2021-06-09,Santa Barbara,083,443738,34519,1118,35637,459
2021-06-09,Santa Clara,085,1922200,119015,755,119770,1749
2021-06-09,Santa Cruz,087,273765,16273,797,17070,209
2021-06-09,Shasta,089,179085,12481,1606,14087,202
2021-06-09,Sierra,091,2930,57,12,69,0
2021-06-09,Siskiyou,093,43540,1956,362,2318,31
2021-06-09,Solano,095,438530,33172,554,33726,268
2021-06-09,Sonoma,097,501317,30478,348,30826,314
2021-06-09,Stanislaus,099,539301,56730,5912,62642,994
2021-06-09,Sutter,101,95872,9540,85,9625,125
2021-06-09,Tehama,103,63373,5129,576,5705,74
2021-06-09,Trinity,105,12862,486,93,579,4
2021-06-09,Tulare,107,460477,50365,8945,59310,883
2021-06-09,Tuolumne,109,53932,4053,43,4096,65
2021-06-09,Ventura,111,848112,81570,2972,84542,1039
2021-06-09,Yolo,113,214977,14084,246,14330,232
2021-06-09,Yuba,115,75493,6119,129,6248,48
2021-06-08,Alameda,001,1643700,88615,1935,90550,1263
2021-06-08,Alpine,002,1148,87,0,87,0
2021-06-08,Amador,005,37829,3714,32,3746,47
2021-06-08,Butte,007,227075,12660,1849,14509,199
2021-06-08,Calaveras,009,45235,2182,13,2195,55
2021-06-08,Colusa,011,21464,1958,314,2272,16
2021-06-08,Contra Costa,013,1133247,70229,1281,71510,820
2021-06-08,Del Norte,015,27424,1434,13,1447,8
2021-06-08,El Dorado,017,186661,10374,752,11126,114
2021-06-08,Fresno,019,978130,103048,8629,111677,1739
2021-06-08,Glenn,021,27897,2439,559,2998,27
2021-06-08,Humboldt,023,135768,4380,38,4418,46
2021-06-08,Imperial,025,180216,28704,2690,31394,745
2021-06-08,Inyo,027,18085,1407,12,1419,38
2021-06-08,Kern,029,883053,97604,10926,108530,1341
2021-06-08,Kings,031,150075,23193,1077,24270,248
2021-06-08,Lake,033,64148,3558,9,3567,63
2021-06-08,Lassen,035,31185,5245,114,5359,18
2021-06-08,Los Angeles,037,10098052,1209635,40481,1250116,24468
2021-06-08,Madera,039,155013,16694,928,17622,246
2021-06-08,Marin,041,260295,5692,200,5892,178
2021-06-08,Mariposa,043,17540,436,11,447,6
2021-06-08,Mendocino,045,87422,4085,83,4168,50
2021-06-08,Merced,047,269075,31111,1036,32147,499
2021-06-08,Modoc,049,8938,385,137,522,4
2021-06-08,Mono,051,14174,1264,17,1281,3
2021-06-08,Monterey,053,433212,43223,1833,45056,583
2021-06-08,Napa,055,140530,9939,34,9973,81
2021-06-08,Nevada,057,99092,4885,191,5076,70
2021-06-08,Orange,059,3164182,255996,11311,267307,5228
2021-06-08,Placer,061,380077,23539,1509,25048,303
2021-06-08,Plumas,063,18699,712,11,723,5
2021-06-08,Riverside,065,2383286,294690,13922,308612,4591
2021-06-08,Sacramento,067,1510023,107153,1772,108925,1678
2021-06-08,San Benito,069,59416,6069,113,6182,60
2021-06-08,San Bernardino,071,2135413,293757,8932,302689,5306
2021-06-08,San Diego,073,3302833,281829,15113,296942,3776
2021-06-08,San Francisco,075,870044,36907,1276,38183,569
2021-06-08,San Joaquin,077,732212,73571,3536,77107,1448
2021-06-08,San Luis Obispo,079,281455,21484,739,22223,256
2021-06-08,San Mateo,081,765935,42485,471,42956,548
2021-06-08,Santa Barbara,083,443738,34515,1118,35633,459
2021-06-08,Santa Clara,085,1922200,118994,754,119748,1748
2021-06-08,Santa Cruz,087,273765,16270,797,17067,209
2021-06-08,Shasta,089,179085,12466,1606,14072,202
2021-06-08,Sierra,091,2930,57,12,69,0
2021-06-08,Siskiyou,093,43540,1954,360,2314,31
2021-06-08,Solano,095,438530,33151,554,33705,268
2021-06-08,Sonoma,097,501317,30452,346,30798,314
2021-06-08,Stanislaus,099,539301,56703,5910,62613,994
2021-06-08,Sutter,101,95872,9537,85,9622,125
2021-06-08,Tehama,103,63373,5126,576,5702,74
2021-06-08,Trinity,105,12862,486,92,578,4
2021-06-08,Tulare,107,460477,50354,8941,59295,883
2021-06-08,Tuolumne,109,53932,4049,43,4092,65
2021-06-08,Ventura,111,848112,81554,2971,84525,1039
2021-06-08,Yolo,113,214977,14079,245,14324,232
2021-06-08,Yuba,115,75493,6117,129,6246,48
2021-06-07,Alameda,001,1643700,88558,1935,90493,1262
2021-06-07,Alpine,002,1148,87,0,87,0
2021-06-07,Amador,005,37829,3704,32,3736,47
2021-06-07,Butte,007,227075,12653,1848,14501,199
2021-06-07,Calaveras,009,45235,2181,13,2194,55
2021-06-07,Colusa,011,21464,1957,314,2271,16
2021-06-07,Contra Costa,013,1133247,70172,1280,71452,820
2021-06-07,Del Norte,015,27424,1434,13,1447,8
2021-06-07,El Dorado,017,186661,10369,752,11121,114
2021-06-07,Fresno,019,978130,103017,8621,111638,1739
2021-06-07,Glenn,021,27897,2439,559,2998,27
2021-06-07,Humboldt,023,135768,4372,38,4410,45
2021-06-07,Imperial,025,180216,28702,2690,31392,745
2021-06-07,Inyo,027,18085,1407,12,1419,38
2021-06-07,Kern,029,883053,97588,10919,108507,1341
2021-06-07,Kings,031,150075,23189,1077,24266,248
2021-06-07,Lake,033,64148,3556,9,3565,63
2021-06-07,Lassen,035,31185,5240,114,5354,18
2021-06-07,Los Angeles,037,10098052,1209411,40467,1249878,24467
2021-06-07,Madera,039,155013,16687,928,17615,246
2021-06-07,Marin,041,260295,5688,199,5887,178
2021-06-07,Mariposa,043,17540,436,11,447,6
2021-06-07,Mendocino,045,87422,4079,83,4162,50
2021-06-07,Merced,047,269075,31099,1035,32134,499
2021-06-07,Modoc,049,8938,384,134,518,4
2021-06-07,Mono,051,14174,1264,17,1281,3
2021-06-07,Monterey,053,433212,43216,1833,45049,583
2021-06-07,Napa,055,140530,9931,34,9965,81
2021-06-07,Nevada,057,99092,4883,191,5074,70
2021-06-07,Orange,059,3164182,255956,11303,267259,5228
2021-06-07,Placer,061,380077,23520,1507,25027,303
2021-06-07,Plumas,063,18699,712,11,723,5
2021-06-07,Riverside,065,2383286,294647,13918,308565,4590
2021-06-07,Sacramento,067,1510023,107077,1769,108846,1676
2021-06-07,San Benito,069,59416,6068,113,6181,60
2021-06-07,San Bernardino,071,2135413,293719,8931,302650,5305
2021-06-07,San Diego,073,3302833,281747,15100,296847,3776
2021-06-07,San Francisco,075,870044,36889,1276,38165,568
2021-06-07,San Joaquin,077,732212,73526,3529,77055,1445
2021-06-07,San Luis Obispo,079,281455,21471,739,22210,256
2021-06-07,San Mateo,081,765935,42469,471,42940,548
2021-06-07,Santa Barbara,083,443738,34509,1118,35627,459
2021-06-07,Santa Clara,085,1922200,118962,754,119716,1747
2021-06-07,Santa Cruz,087,273765,16269,797,17066,209
2021-06-07,Shasta,089,179085,12452,1601,14053,202
2021-06-07,Sierra,091,2930,57,12,69,0
2021-06-07,Siskiyou,093,43540,1954,360,2314,31
2021-06-07,Solano,095,438530,33130,553,33683,268
2021-06-07,Sonoma,097,501317,30416,345,30761,314
2021-06-07,Stanislaus,099,539301,56670,5908,62578,994
2021-06-07,Sutter,101,95872,9533,85,9618,125
2021-06-07,Tehama,103,63373,5122,574,5696,74
2021-06-07,Trinity,105,12862,486,92,578,4
2021-06-07,Tulare,107,460477,50347,8941,59288,882
2021-06-07,Tuolumne,109,53932,4048,43,4091,65
2021-06-07,Ventura,111,848112,81537,2969,84506,1039
2021-06-07,Yolo,113,214977,14074,244,14318,232
2021-06-07,Yuba,115,75493,6115,126,6241,48
2021-06-06,Alameda,001,1643700,88520,1934,90454,1262
2021-06-06,Alpine,002,1148,87,0,87,0
2021-06-06,Amador,005,37829,3701,32,3733,47
2021-06-06,Butte,007,227075,12642,1847,14489,199
2021-06-06,Calaveras,009,45235,2180,13,2193,55
2021-06-06,Colusa,011,21464,1955,314,2269,16
2021-06-06,Contra Costa,013,1133247,70107,1278,71385,820
2021-06-06,Del Norte,015,27424,1429,13,1442,8
2021-06-06,El Dorado,017,186661,10362,752,11114,114
2021-06-06,Fresno,019,978130,102984,8618,111602,1738
2021-06-06,Glenn,021,27897,2438,559,2997,27
2021-06-06,Humboldt,023,135768,4361,38,4399,45
2021-06-06,Imperial,025,180216,28696,2690,31386,745
2021-06-06,Inyo,027,18085,1406,12,1418,38
2021-06-06,Kern,029,883053,97570,10912,108482,1340
2021-06-06,Kings,031,150075,23183,1077,24260,248
2021-06-06,Lake,033,64148,3556,9,3565,63
2021-06-06,Lassen,035,31185,5238,114,5352,18
2021-06-06,Los Angeles,037,10098052,1209212,40453,1249665,24466
2021-06-06,Madera,039,155013,16680,928,17608,246
2021-06-06,Marin,041,260295,5682,198,5880,178
2021-06-06,Mariposa,043,17540,435,11,446,6
2021-06-06,Mendocino,045,87422,4075,83,4158,50
2021-06-06,Merced,047,269075,31093,1034,32127,499
2021-06-06,Modoc,049,8938,384,133,517,4
2021-06-06,Mono,051,14174,1264,17,1281,3
2021-06-06,Monterey,053,433212,43211,1833,45044,583
2021-06-06,Napa,055,140530,9925,34,9959,81
2021-06-06,Nevada,057,99092,4876,190,5066,70
2021-06-06,Orange,059,3164182,255920,11298,267218,5226
2021-06-06,Placer,061,380077,23495,1504,24999,303
2021-06-06,Plumas,063,18699,712,11,723,5
2021-06-06,Riverside,065,2383286,294608,13912,308520,4590
2021-06-06,Sacramento,067,1510023,106991,1768,108759,1676
2021-06-06,San Benito,069,59416,6062,113,6175,60
2021-06-06,San Bernardino,071,2135413,293662,8922,302584,5303
2021-06-06,San Diego,073,3302833,281667,15083,296750,3775
2021-06-06,San Francisco,075,870044,36874,1274,38148,568
2021-06-06,San Joaquin,077,732212,73494,3525,77019,1444
2021-06-06,San Luis Obispo,079,281455,21468,739,22207,256
2021-06-06,San Mateo,081,765935,42452,471,42923,548
2021-06-06,Santa Barbara,083,443738,34505,1117,35622,458
2021-06-06,Santa Clara,085,1922200,118940,754,119694,1746
2021-06-06,Santa Cruz,087,273765,16268,797,17065,209
2021-06-06,Shasta,089,179085,12437,1598,14035,202
2021-06-06,Sierra,091,2930,57,12,69,0
2021-06-06,Siskiyou,093,43540,1951,360,2311,30
2021-06-06,Solano,095,438530,33103,553,33656,268
2021-06-06,Sonoma,097,501317,30384,344,30728,314
2021-06-06,Stanislaus,099,539301,56634,5905,62539,994
2021-06-06,Sutter,101,95872,9526,85,9611,125
2021-06-06,Tehama,103,63373,5112,572,5684,74
2021-06-06,Trinity,105,12862,486,92,578,4
2021-06-06,Tulare,107,460477,50338,8936,59274,882
2021-06-06,Tuolumne,109,53932,4045,43,4088,65
2021-06-06,Ventura,111,848112,81526,2966,84492,1039
2021-06-06,Yolo,113,214977,14066,243,14309,232
2021-06-06,Yuba,115,75493,6107,126,6233,48
2021-06-05,Alameda,001,1643700,88487,1934,90421,1261
2021-06-05,Alpine,002,1148,87,0,87,0
2021-06-05,Amador,005,37829,3701,32,3733,47
2021-06-05,Butte,007,227075,12636,1846,14482,199
2021-06-05,Calaveras,009,45235,2180,13,2193,55
2021-06-05,Colusa,011,21464,1955,314,2269,16
2021-06-05,Contra Costa,013,1133247,70078,1278,71356,820
2021-06-05,Del Norte,015,27424,1429,13,1442,8
2021-06-05,El Dorado,017,186661,10360,751,11111,114
2021-06-05,Fresno,019,978130,102975,8618,111593,1738
2021-06-05,Glenn,021,27897,2437,559,2996,27
2021-06-05,Humboldt,023,135768,4356,38,4394,45
2021-06-05,Imperial,025,180216,28693,2690,31383,745
2021-06-05,Inyo,027,18085,1406,12,1418,38
2021-06-05,Kern,029,883053,97557,10908,108465,1340
2021-06-05,Kings,031,150075,23180,1077,24257,248
2021-06-05,Lake,033,64148,3553,9,3562,63
2021-06-05,Lassen,035,31185,5237,114,5351,18
2021-06-05,Los Angeles,037,10098052,1209083,40442,1249525,24460
2021-06-05,Madera,039,155013,16676,928,17604,246
2021-06-05,Marin,041,260295,5680,198,5878,178
2021-06-05,Mariposa,043,17540,435,11,446,6
2021-06-05,Mendocino,045,87422,4072,83,4155,50
2021-06-05,Merced,047,269075,31091,1033,32124,499
2021-06-05,Modoc,049,8938,384,132,516,4
2021-06-05,Mono,051,14174,1264,17,1281,3
2021-06-05,Monterey,053,433212,43207,1832,45039,583
2021-06-05,Napa,055,140530,9920,34,9954,81
2021-06-05,Nevada,057,99092,4874,190,5064,70
2021-06-05,Orange,059,3164182,255896,11295,267191,5224
2021-06-05,Placer,061,380077,23479,1504,24983,303
2021-06-05,Plumas,063,18699,712,11,723,5
2021-06-05,Riverside,065,2383286,294573,13908,308481,4590
2021-06-05,Sacramento,067,1510023,106939,1766,108705,1675
2021-06-05,San Benito,069,59416,6060,113,6173,60
2021-06-05,San Bernardino,071,2135413,293629,8921,302550,5301
2021-06-05,San Diego,073,3302833,281626,15070,296696,3775
2021-06-05,San Francisco,075,870044,36865,1274,38139,568
2021-06-05,San Joaquin,077,732212,73478,3519,76997,1444
2021-06-05,San Luis Obispo,079,281455,21465,739,22204,256
2021-06-05,San Mateo,081,765935,42442,471,42913,548
2021-06-05,Santa Barbara,083,443738,34502,1116,35618,458
2021-06-05,Santa Clara,085,1922200,118918,752,119670,1746
2021-06-05,Santa Cruz,087,273765,16268,797,17065,209
2021-06-05,Shasta,089,179085,12427,1597,14024,202
2021-06-05,Sierra,091,2930,57,12,69,0
2021-06-05,Siskiyou,093,43540,1951,360,2311,30
2021-06-05,Solano,095,438530,33088,553,33641,268
2021-06-05,Sonoma,097,501317,30357,342,30699,314
2021-06-05,Stanislaus,099,539301,56625,5903,62528,993
2021-06-05,Sutter,101,95872,9523,85,9608,125
2021-06-05,Tehama,103,63373,5111,571,5682,74
2021-06-05,Trinity,105,12862,486,92,578,4
2021-06-05,Tulare,107,460477,50332,8936,59268,882
2021-06-05,Tuolumne,109,53932,4043,43,4086,65
2021-06-05,Ventura,111,848112,81517,2964,84481,1039
2021-06-05,Yolo,113,214977,14064,243,14307,232
2021-06-05,Yuba,115,75493,6106,126,6232,48
2021-06-04,Alameda,001,1643700,88460,1931,90391,1261
2021-06-04,Alpine,002,1148,87,0,87,0
2021-06-04,Amador,005,37829,3701,32,3733,47
2021-06-04,Butte,007,227075,12625,1843,14468,199
2021-06-04,Calaveras,009,45235,2180,13,2193,55
2021-06-04,Colusa,011,21464,1955,314,2269,16
2021-06-04,Contra Costa,013,1133247,70043,1275,71318,820
2021-06-04,Del Norte,015,27424,1429,13,1442,8
2021-06-04,El Dorado,017,186661,10356,749,11105,114
2021-06-04,Fresno,019,978130,102959,8618,111577,1738
2021-06-04,Glenn,021,27897,2437,558,2995,27
2021-06-04,Humboldt,023,135768,4351,38,4389,45
2021-06-04,Imperial,025,180216,28689,2690,31379,745
2021-06-04,Inyo,027,18085,1406,12,1418,38
2021-06-04,Kern,029,883053,97539,10906,108445,1339
2021-06-04,Kings,031,150075,23179,1077,24256,248
2021-06-04,Lake,033,64148,3551,9,3560,63
2021-06-04,Lassen,035,31185,5237,114,5351,18
2021-06-04,Los Angeles,037,10098052,1208962,40433,1249395,24457
2021-06-04,Madera,039,155013,16674,928,17602,246
2021-06-04,Marin,041,260295,5679,197,5876,178
2021-06-04,Mariposa,043,17540,435,11,446,6
2021-06-04,Mendocino,045,87422,4063,83,4146,50
2021-06-04,Merced,047,269075,31086,1032,32118,498
2021-06-04,Modoc,049,8938,382,132,514,4
2021-06-04,Mono,051,14174,1264,17,1281,3
2021-06-04,Monterey,053,433212,43203,1832,45035,583
2021-06-04,Napa,055,140530,9916,34,9950,81
2021-06-04,Nevada,057,99092,4870,190,5060,70
2021-06-04,Orange,059,3164182,255859,11291,267150,5224
2021-06-04,Placer,061,380077,23463,1503,24966,303
2021-06-04,Plumas,063,18699,712,11,723,5
2021-06-04,Riverside,065,2383286,294547,13904,308451,4590
2021-06-04,Sacramento,067,1510023,106885,1765,108650,1675
2021-06-04,San Benito,069,59416,6058,113,6171,60
2021-06-04,San Bernardino,071,2135413,293605,8919,302524,5301
2021-06-04,San Diego,073,3302833,281583,15063,296646,3774
2021-06-04,San Francisco,075,870044,36858,1273,38131,568
2021-06-04,San Joaquin,077,732212,73459,3517,76976,1443
2021-06-04,San Luis Obispo,079,281455,21462,738,22200,256
2021-06-04,San Mateo,081,765935,42430,471,42901,547
2021-06-04,Santa Barbara,083,443738,34496,1115,35611,458
2021-06-04,Santa Clara,085,1922200,118888,752,119640,1745
2021-06-04,Santa Cruz,087,273765,16265,797,17062,209
2021-06-04,Shasta,089,179085,12421,1592,14013,202
2021-06-04,Sierra,091,2930,57,12,69,0
2021-06-04,Siskiyou,093,43540,1950,360,2310,29
2021-06-04,Solano,095,438530,33077,553,33630,268
2021-06-04,Sonoma,097,501317,30336,342,30678,313
2021-06-04,Stanislaus,099,539301,56610,5901,62511,993
2021-06-04,Sutter,101,95872,9518,85,9603,125
2021-06-04,Tehama,103,63373,5106,571,5677,74
2021-06-04,Trinity,105,12862,486,92,578,4
2021-06-04,Tulare,107,460477,50323,8934,59257,882
2021-06-04,Tuolumne,109,53932,4042,43,4085,65
2021-06-04,Ventura,111,848112,81510,2962,84472,1038
2021-06-04,Yolo,113,214977,14062,243,14305,232
2021-06-04,Yuba,115,75493,6103,126,6229,48
2021-06-03,Alameda,001,1643700,88422,1928,90350,1259
2021-06-03,Alpine,002,1148,87,0,87,0
2021-06-03,Amador,005,37829,3693,32,3725,47
2021-06-03,Butte,007,227075,12621,1842,14463,199
2021-06-03,Calaveras,009,45235,2180,13,2193,55
2021-06-03,Colusa,011,21464,1955,314,2269,16
2021-06-03,Contra Costa,013,1133247,69989,1270,71259,820
2021-06-03,Del Norte,015,27424,1427,13,1440,8
2021-06-03,El Dorado,017,186661,10350,746,11096,114
2021-06-03,Fresno,019,978130,102942,8618,111560,1736
2021-06-03,Glenn,021,27897,2437,558,2995,27
2021-06-03,Humboldt,023,135768,4343,38,4381,44
2021-06-03,Imperial,025,180216,28677,2690,31367,745
2021-06-03,Inyo,027,18085,1406,12,1418,38
2021-06-03,Kern,029,883053,97512,10892,108404,1337
2021-06-03,Kings,031,150075,23175,1077,24252,248
2021-06-03,Lake,033,64148,3549,9,3558,63
2021-06-03,Lassen,035,31185,5228,114,5342,18
2021-06-03,Los Angeles,037,10098052,1208791,40425,1249216,24455
2021-06-03,Madera,039,155013,16667,928,17595,246
2021-06-03,Marin,041,260295,5674,197,5871,178
2021-06-03,Mariposa,043,17540,435,11,446,6
2021-06-03,Mendocino,045,87422,4056,83,4139,49
2021-06-03,Merced,047,269075,31083,1032,32115,498
2021-06-03,Modoc,049,8938,381,131,512,4
2021-06-03,Mono,051,14174,1264,17,1281,3
2021-06-03,Monterey,053,433212,43200,1832,45032,583
2021-06-03,Napa,055,140530,9909,34,9943,81
2021-06-03,Nevada,057,99092,4866,190,5056,70
2021-06-03,Orange,059,3164182,255831,11281,267112,5224
2021-06-03,Placer,061,380077,23454,1502,24956,303
2021-06-03,Plumas,063,18699,712,11,723,5
2021-06-03,Riverside,065,2383286,294492,13900,308392,4590
2021-06-03,Sacramento,067,1510023,106806,1763,108569,1675
2021-06-03,San Benito,069,59416,6058,113,6171,60
2021-06-03,San Bernardino,071,2135413,293574,8919,302493,5301
2021-06-03,San Diego,073,3302833,281519,15053,296572,3774
2021-06-03,San Francisco,075,870044,36851,1273,38124,565
2021-06-03,San Joaquin,077,732212,73431,3513,76944,1442
2021-06-03,San Luis Obispo,079,281455,21457,738,22195,256
2021-06-03,San Mateo,081,765935,42417,471,42888,547
2021-06-03,Santa Barbara,083,443738,34493,1115,35608,458
2021-06-03,Santa Clara,085,1922200,118866,750,119616,1745
2021-06-03,Santa Cruz,087,273765,16263,797,17060,209
2021-06-03,Shasta,089,179085,12406,1589,13995,202
2021-06-03,Sierra,091,2930,57,12,69,0
2021-06-03,Siskiyou,093,43540,1950,359,2309,29
2021-06-03,Solano,095,438530,33063,553,33616,268
2021-06-03,Sonoma,097,501317,30314,341,30655,313
2021-06-03,Stanislaus,099,539301,56591,5895,62486,993
2021-06-03,Sutter,101,95872,9509,85,9594,125
2021-06-03,Tehama,103,63373,5106,571,5677,74
2021-06-03,Trinity,105,12862,486,92,578,4
2021-06-03,Tulare,107,460477,50320,8930,59250,882
2021-06-03,Tuolumne,109,53932,4040,43,4083,65
2021-06-03,Ventura,111,848112,81498,2960,84458,1038
2021-06-03,Yolo,113,214977,14058,241,14299,232
2021-06-03,Yuba,115,75493,6096,126,6222,48
2021-06-02,Alameda,001,1643700,88377,1926,90303,1259
2021-06-02,Alpine,002,1148,87,0,87,0
2021-06-02,Amador,005,37829,3691,32,3723,47
2021-06-02,Butte,007,227075,12601,1840,14441,199
2021-06-02,Calaveras,009,45235,2177,13,2190,55
2021-06-02,Colusa,011,21464,1954,314,2268,16
2021-06-02,Contra Costa,013,1133247,69938,1268,71206,820
2021-06-02,Del Norte,015,27424,1425,13,1438,8
2021-06-02,El Dorado,017,186661,10346,746,11092,114
2021-06-02,Fresno,019,978130,102918,8615,111533,1736
2021-06-02,Glenn,021,27897,2437,558,2995,27
2021-06-02,Humboldt,023,135768,4328,38,4366,44
2021-06-02,Imperial,025,180216,28671,2689,31360,745
2021-06-02,Inyo,027,18085,1405,12,1417,38
2021-06-02,Kern,029,883053,97485,10885,108370,1337
2021-06-02,Kings,031,150075,23173,1076,24249,248
2021-06-02,Lake,033,64148,3544,9,3553,63
2021-06-02,Lassen,035,31185,5227,114,5341,18
2021-06-02,Los Angeles,037,10098052,1208587,40416,1249003,24452
2021-06-02,Madera,039,155013,16659,928,17587,246
2021-06-02,Marin,041,260295,5672,196,5868,178
2021-06-02,Mariposa,043,17540,435,11,446,6
2021-06-02,Mendocino,045,87422,4050,83,4133,49
2021-06-02,Merced,047,269075,31070,1031,32101,497
2021-06-02,Modoc,049,8938,380,130,510,4
2021-06-02,Mono,051,14174,1264,17,1281,3
2021-06-02,Monterey,053,433212,43198,1832,45030,583
2021-06-02,Napa,055,140530,9908,34,9942,81
2021-06-02,Nevada,057,99092,4863,190,5053,70
2021-06-02,Orange,059,3164182,255782,11274,267056,5224
2021-06-02,Placer,061,380077,23433,1500,24933,303
2021-06-02,Plumas,063,18699,712,11,723,5
2021-06-02,Riverside,065,2383286,294434,13890,308324,4590
2021-06-02,Sacramento,067,1510023,106741,1757,108498,1674
2021-06-02,San Benito,069,59416,6057,113,6170,60
2021-06-02,San Bernardino,071,2135413,293526,8914,302440,5301
2021-06-02,San Diego,073,3302833,281439,15032,296471,3773
2021-06-02,San Francisco,075,870044,36831,1272,38103,565
2021-06-02,San Joaquin,077,732212,73400,3510,76910,1440
2021-06-02,San Luis Obispo,079,281455,21450,737,22187,256
2021-06-02,San Mateo,081,765935,42407,470,42877,546
2021-06-02,Santa Barbara,083,443738,34486,1115,35601,458
2021-06-02,Santa Clara,085,1922200,118838,749,119587,1744
2021-06-02,Santa Cruz,087,273765,16260,797,17057,209
2021-06-02,Shasta,089,179085,12388,1584,13972,202
2021-06-02,Sierra,091,2930,57,12,69,0
2021-06-02,Siskiyou,093,43540,1950,357,2307,29
2021-06-02,Solano,095,438530,33051,552,33603,268
2021-06-02,Sonoma,097,501317,30295,336,30631,313
2021-06-02,Stanislaus,099,539301,56572,5890,62462,993
2021-06-02,Sutter,101,95872,9506,85,9591,125
2021-06-02,Tehama,103,63373,5103,571,5674,74
2021-06-02,Trinity,105,12862,484,92,576,4
2021-06-02,Tulare,107,460477,50312,8926,59238,881
2021-06-02,Tuolumne,109,53932,4039,43,4082,65
2021-06-02,Ventura,111,848112,81473,2960,84433,1038
2021-06-02,Yolo,113,214977,14055,240,14295,231
2021-06-02,Yuba,115,75493,6090,126,6216,48
2021-06-01,Alameda,001,1643700,88342,1924,90266,1257
2021-06-01,Alpine,002,1148,87,0,87,0
2021-06-01,Amador,005,37829,3689,32,3721,47
2021-06-01,Butte,007,227075,12587,1839,14426,199
2021-06-01,Calaveras,009,45235,2175,13,2188,55
2021-06-01,Colusa,011,21464,1953,313,2266,16
2021-06-01,Contra Costa,013,1133247,69880,1268,71148,819
2021-06-01,Del Norte,015,27424,1424,13,1437,8
2021-06-01,El Dorado,017,186661,10340,746,11086,114
2021-06-01,Fresno,019,978130,102894,8612,111506,1735
2021-06-01,Glenn,021,27897,2437,558,2995,27
2021-06-01,Humboldt,023,135768,4318,38,4356,43
2021-06-01,Imperial,025,180216,28667,2687,31354,744
2021-06-01,Inyo,027,18085,1405,12,1417,38
2021-06-01,Kern,029,883053,97458,10877,108335,1336
2021-06-01,Kings,031,150075,23169,1076,24245,248
2021-06-01,Lake,033,64148,3543,9,3552,63
2021-06-01,Lassen,035,31185,5220,114,5334,18
2021-06-01,Los Angeles,037,10098052,1208351,40402,1248753,24448
2021-06-01,Madera,039,155013,16650,927,17577,246
2021-06-01,Marin,041,260295,5670,196,5866,178
2021-06-01,Mariposa,043,17540,435,11,446,6
2021-06-01,Mendocino,045,87422,4043,83,4126,49
2021-06-01,Merced,047,269075,31060,1031,32091,497
2021-06-01,Modoc,049,8938,378,130,508,4
2021-06-01,Mono,051,14174,1264,17,1281,3
2021-06-01,Monterey,053,433212,43192,1832,45024,582
2021-06-01,Napa,055,140530,9906,34,9940,80
2021-06-01,Nevada,057,99092,4858,190,5048,70
2021-06-01,Orange,059,3164182,255746,11265,267011,5224
2021-06-01,Placer,061,380077,23403,1498,24901,303
2021-06-01,Plumas,063,18699,711,11,722,5
2021-06-01,Riverside,065,2383286,294381,13884,308265,4590
2021-06-01,Sacramento,067,1510023,106669,1755,108424,1673
2021-06-01,San Benito,069,59416,6056,112,6168,60
2021-06-01,San Bernardino,071,2135413,293501,8913,302414,5301
2021-06-01,San Diego,073,3302833,281335,15015,296350,3771
2021-06-01,San Francisco,075,870044,36815,1272,38087,565
2021-06-01,San Joaquin,077,732212,73368,3509,76877,1440
2021-06-01,San Luis Obispo,079,281455,21445,737,22182,256
2021-06-01,San Mateo,081,765935,42391,469,42860,546
2021-06-01,Santa Barbara,083,443738,34482,1115,35597,457
2021-06-01,Santa Clara,085,1922200,118810,749,119559,1744
2021-06-01,Santa Cruz,087,273765,16256,796,17052,209
2021-06-01,Shasta,089,179085,12379,1579,13958,202
2021-06-01,Sierra,091,2930,57,12,69,0
2021-06-01,Siskiyou,093,43540,1943,356,2299,29
2021-06-01,Solano,095,438530,33026,551,33577,268
2021-06-01,Sonoma,097,501317,30256,335,30591,313
2021-06-01,Stanislaus,099,539301,56555,5888,62443,993
2021-06-01,Sutter,101,95872,9499,85,9584,125
2021-06-01,Tehama,103,63373,5101,571,5672,74
2021-06-01,Trinity,105,12862,483,91,574,4
2021-06-01,Tulare,107,460477,50304,8922,59226,880
2021-06-01,Tuolumne,109,53932,4039,43,4082,65
2021-06-01,Ventura,111,848112,81457,2959,84416,1038
2021-06-01,Yolo,113,214977,14049,240,14289,231
2021-06-01,Yuba,115,75493,6086,126,6212,48
2021-05-31,Alameda,001,1643700,88306,1920,90226,1255
2021-05-31,Alpine,002,1148,87,0,87,0
2021-05-31,Amador,005,37829,3683,32,3715,47
2021-05-31,Butte,007,227075,12574,1839,14413,199
2021-05-31,Calaveras,009,45235,2174,13,2187,55
2021-05-31,Colusa,011,21464,1953,312,2265,16
2021-05-31,Contra Costa,013,1133247,69843,1267,71110,819
2021-05-31,Del Norte,015,27424,1421,13,1434,8
2021-05-31,El Dorado,017,186661,10334,744,11078,114
2021-05-31,Fresno,019,978130,102857,8612,111469,1735
2021-05-31,Glenn,021,27897,2436,557,2993,27
2021-05-31,Humboldt,023,135768,4306,38,4344,43
2021-05-31,Imperial,025,180216,28661,2684,31345,744
2021-05-31,Inyo,027,18085,1404,12,1416,38
2021-05-31,Kern,029,883053,97422,10868,108290,1335
2021-05-31,Kings,031,150075,23165,1076,24241,248
2021-05-31,Lake,033,64148,3538,9,3547,63
2021-05-31,Lassen,035,31185,5218,113,5331,18
2021-05-31,Los Angeles,037,10098052,1208108,40393,1248501,24448
2021-05-31,Madera,039,155013,16649,926,17575,246
2021-05-31,Marin,041,260295,5668,196,5864,178
2021-05-31,Mariposa,043,17540,435,11,446,6
2021-05-31,Mendocino,045,87422,4033,83,4116,49
2021-05-31,Merced,047,269075,31055,1031,32086,496
2021-05-31,Modoc,049,8938,377,130,507,4
2021-05-31,Mono,051,14174,1264,17,1281,3
2021-05-31,Monterey,053,433212,43188,1832,45020,582
2021-05-31,Napa,055,140530,9899,34,9933,80
2021-05-31,Nevada,057,99092,4848,189,5037,70
2021-05-31,Orange,059,3164182,255718,11257,266975,5223
2021-05-31,Placer,061,380077,23376,1494,24870,303
2021-05-31,Plumas,063,18699,710,11,721,5
2021-05-31,Riverside,065,2383286,294324,13872,308196,4590
2021-05-31,Sacramento,067,1510023,106572,1750,108322,1670
2021-05-31,San Benito,069,59416,6056,112,6168,60
2021-05-31,San Bernardino,071,2135413,293453,8912,302365,5301
2021-05-31,San Diego,073,3302833,281231,15003,296234,3770
2021-05-31,San Francisco,075,870044,36800,1271,38071,565
2021-05-31,San Joaquin,077,732212,73319,3503,76822,1440
2021-05-31,San Luis Obispo,079,281455,21437,737,22174,256
2021-05-31,San Mateo,081,765935,42375,469,42844,546
2021-05-31,Santa Barbara,083,443738,34469,1113,35582,456
2021-05-31,Santa Clara,085,1922200,118766,749,119515,1743
2021-05-31,Santa Cruz,087,273765,16253,796,17049,208
2021-05-31,Shasta,089,179085,12363,1576,13939,202
2021-05-31,Sierra,091,2930,57,12,69,0
2021-05-31,Siskiyou,093,43540,1942,355,2297,29
2021-05-31,Solano,095,438530,32977,551,33528,268
2021-05-31,Sonoma,097,501317,30213,335,30548,313
2021-05-31,Stanislaus,099,539301,56514,5885,62399,993
2021-05-31,Sutter,101,95872,9480,85,9565,125
2021-05-31,Tehama,103,63373,5098,570,5668,74
2021-05-31,Trinity,105,12862,483,91,574,4
2021-05-31,Tulare,107,460477,50293,8917,59210,880
2021-05-31,Tuolumne,109,53932,4037,43,4080,65
2021-05-31,Ventura,111,848112,81442,2956,84398,1038
2021-05-31,Yolo,113,214977,14045,240,14285,230
2021-05-31,Yuba,115,75493,6080,123,6203,48
2021-05-30,Alameda,001,1643700,88283,1920,90203,1255
2021-05-30,Alpine,002,1148,87,0,87,0
2021-05-30,Amador,005,37829,3679,32,3711,47
2021-05-30,Butte,007,227075,12566,1837,14403,199
2021-05-30,Calaveras,009,45235,2170,13,2183,55
2021-05-30,Colusa,011,21464,1953,312,2265,16
2021-05-30,Contra Costa,013,1133247,69809,1265,71074,818
2021-05-30,Del Norte,015,27424,1420,13,1433,8
2021-05-30,El Dorado,017,186661,10331,744,11075,114
2021-05-30,Fresno,019,978130,102840,8608,111448,1734
2021-05-30,Glenn,021,27897,2436,556,2992,27
2021-05-30,Humboldt,023,135768,4298,38,4336,43
2021-05-30,Imperial,025,180216,28657,2683,31340,744
2021-05-30,Inyo,027,18085,1404,12,1416,38
2021-05-30,Kern,029,883053,97406,10865,108271,1335
2021-05-30,Kings,031,150075,23164,1076,24240,248
2021-05-30,Lake,033,64148,3538,9,3547,63
2021-05-30,Lassen,035,31185,5216,113,5329,18
2021-05-30,Los Angeles,037,10098052,1207993,40386,1248379,24444
2021-05-30,Madera,039,155013,16645,926,17571,246
2021-05-30,Marin,041,260295,5664,195,5859,177
2021-05-30,Mariposa,043,17540,435,11,446,6
2021-05-30,Mendocino,045,87422,4026,83,4109,49
2021-05-30,Merced,047,269075,31051,1030,32081,494
2021-05-30,Modoc,049,8938,377,130,507,4
2021-05-30,Mono,051,14174,1264,17,1281,3
2021-05-30,Monterey,053,433212,43185,1832,45017,582
2021-05-30,Napa,055,140530,9898,34,9932,80
2021-05-30,Nevada,057,99092,4842,189,5031,70
2021-05-30,Orange,059,3164182,255695,11256,266951,5222
2021-05-30,Placer,061,380077,23370,1494,24864,302
2021-05-30,Plumas,063,18699,708,11,719,5
2021-05-30,Riverside,065,2383286,294303,13870,308173,4589
2021-05-30,Sacramento,067,1510023,106527,1748,108275,1669
2021-05-30,San Benito,069,59416,6056,112,6168,60
2021-05-30,San Bernardino,071,2135413,293427,8911,302338,5301
2021-05-30,San Diego,073,3302833,281175,14998,296173,3769
2021-05-30,San Francisco,075,870044,36781,1271,38052,565
2021-05-30,San Joaquin,077,732212,73302,3502,76804,1440
2021-05-30,San Luis Obispo,079,281455,21428,736,22164,256
2021-05-30,San Mateo,081,765935,42367,469,42836,545
2021-05-30,Santa Barbara,083,443738,34465,1113,35578,456
2021-05-30,Santa Clara,085,1922200,118744,745,119489,1743
2021-05-30,Santa Cruz,087,273765,16251,796,17047,208
2021-05-30,Shasta,089,179085,12361,1573,13934,202
2021-05-30,Sierra,091,2930,57,12,69,0
2021-05-30,Siskiyou,093,43540,1942,355,2297,29
2021-05-30,Solano,095,438530,32966,550,33516,268
2021-05-30,Sonoma,097,501317,30196,334,30530,313
2021-05-30,Stanislaus,099,539301,56503,5884,62387,993
2021-05-30,Sutter,101,95872,9479,84,9563,125
2021-05-30,Tehama,103,63373,5098,570,5668,74
2021-05-30,Trinity,105,12862,483,91,574,4
2021-05-30,Tulare,107,460477,50286,8909,59195,880
2021-05-30,Tuolumne,109,53932,4037,43,4080,65
2021-05-30,Ventura,111,848112,81438,2955,84393,1038
2021-05-30,Yolo,113,214977,14040,239,14279,230
2021-05-30,Yuba,115,75493,6073,122,6195,48
2021-05-29,Alameda,001,1643700,88260,1918,90178,1255
2021-05-29,Alpine,002,1148,87,0,87,0
2021-05-29,Amador,005,37829,3678,32,3710,47
2021-05-29,Butte,007,227075,12560,1837,14397,199
2021-05-29,Calaveras,009,45235,2169,13,2182,55
2021-05-29,Colusa,011,21464,1950,312,2262,16
2021-05-29,Contra Costa,013,1133247,69776,1265,71041,818
2021-05-29,Del Norte,015,27424,1420,13,1433,8
2021-05-29,El Dorado,017,186661,10330,742,11072,114
2021-05-29,Fresno,019,978130,102828,8605,111433,1733
2021-05-29,Glenn,021,27897,2436,555,2991,27
2021-05-29,Humboldt,023,135768,4292,38,4330,43
2021-05-29,Imperial,025,180216,28654,2682,31336,743
2021-05-29,Inyo,027,18085,1404,12,1416,38
2021-05-29,Kern,029,883053,97395,10852,108247,1335
2021-05-29,Kings,031,150075,23163,1075,24238,248
2021-05-29,Lake,033,64148,3538,9,3547,63
2021-05-29,Lassen,035,31185,5216,113,5329,18
2021-05-29,Los Angeles,037,10098052,1207871,40383,1248254,24440
2021-05-29,Madera,039,155013,16643,926,17569,246
2021-05-29,Marin,041,260295,5660,194,5854,177
2021-05-29,Mariposa,043,17540,434,11,445,6
2021-05-29,Mendocino,045,87422,4020,83,4103,49
2021-05-29,Merced,047,269075,31039,1030,32069,494
2021-05-29,Modoc,049,8938,377,130,507,4
2021-05-29,Mono,051,14174,1264,17,1281,3
2021-05-29,Monterey,053,433212,43183,1832,45015,582
2021-05-29,Napa,055,140530,9895,34,9929,80
2021-05-29,Nevada,057,99092,4841,189,5030,70
2021-05-29,Orange,059,3164182,255673,11246,266919,5222
2021-05-29,Placer,061,380077,23355,1493,24848,302
2021-05-29,Plumas,063,18699,708,11,719,5
2021-05-29,Riverside,065,2383286,294283,13869,308152,4587
2021-05-29,Sacramento,067,1510023,106497,1747,108244,1668
2021-05-29,San Benito,069,59416,6055,112,6167,60
2021-05-29,San Bernardino,071,2135413,293394,8910,302304,5301
2021-05-29,San Diego,073,3302833,281116,14993,296109,3769
2021-05-29,San Francisco,075,870044,36772,1271,38043,565
2021-05-29,San Joaquin,077,732212,73286,3500,76786,1440
2021-05-29,San Luis Obispo,079,281455,21426,736,22162,256
2021-05-29,San Mateo,081,765935,42359,468,42827,545
2021-05-29,Santa Barbara,083,443738,34461,1113,35574,456
2021-05-29,Santa Clara,085,1922200,118720,744,119464,1742
2021-05-29,Santa Cruz,087,273765,16250,796,17046,208
2021-05-29,Shasta,089,179085,12353,1572,13925,202
2021-05-29,Sierra,091,2930,57,12,69,0
2021-05-29,Siskiyou,093,43540,1937,355,2292,29
2021-05-29,Solano,095,438530,32957,550,33507,268
2021-05-29,Sonoma,097,501317,30173,333,30506,313
2021-05-29,Stanislaus,099,539301,56485,5882,62367,993
2021-05-29,Sutter,101,95872,9475,84,9559,125
2021-05-29,Tehama,103,63373,5097,570,5667,74
2021-05-29,Trinity,105,12862,483,91,574,4
2021-05-29,Tulare,107,460477,50276,8905,59181,880
2021-05-29,Tuolumne,109,53932,4037,43,4080,65
2021-05-29,Ventura,111,848112,81430,2955,84385,1038
2021-05-29,Yolo,113,214977,14039,239,14278,230
2021-05-29,Yuba,115,75493,6073,122,6195,48
2021-05-28,Alameda,001,1643700,88236,1914,90150,1255
2021-05-28,Alpine,002,1148,87,0,87,0
2021-05-28,Amador,005,37829,3678,32,3710,47
2021-05-28,Butte,007,227075,12557,1836,14393,199
2021-05-28,Calaveras,009,45235,2168,13,2181,55
2021-05-28,Colusa,011,21464,1950,310,2260,16
2021-05-28,Contra Costa,013,1133247,69740,1264,71004,818
2021-05-28,Del Norte,015,27424,1419,13,1432,8
2021-05-28,El Dorado,017,186661,10327,742,11069,114
2021-05-28,Fresno,019,978130,102813,8605,111418,1733
2021-05-28,Glenn,021,27897,2436,555,2991,26
2021-05-28,Humboldt,023,135768,4285,38,4323,43
2021-05-28,Imperial,025,180216,28651,2682,31333,743
2021-05-28,Inyo,027,18085,1404,12,1416,38
2021-05-28,Kern,029,883053,97378,10844,108222,1334
2021-05-28,Kings,031,150075,23161,1075,24236,248
2021-05-28,Lake,033,64148,3536,9,3545,63
2021-05-28,Lassen,035,31185,5216,113,5329,18
2021-05-28,Los Angeles,037,10098052,1207760,40373,1248133,24435
2021-05-28,Madera,039,155013,16641,926,17567,246
2021-05-28,Marin,041,260295,5659,193,5852,177
2021-05-28,Mariposa,043,17540,434,11,445,6
2021-05-28,Mendocino,045,87422,4015,83,4098,49
2021-05-28,Merced,047,269075,31036,1030,32066,493
2021-05-28,Modoc,049,8938,377,130,507,4
2021-05-28,Mono,051,14174,1264,17,1281,3
2021-05-28,Monterey,053,433212,43182,1832,45014,582
2021-05-28,Napa,055,140530,9895,34,9929,80
2021-05-28,Nevada,057,99092,4839,189,5028,70
2021-05-28,Orange,059,3164182,255653,11244,266897,5220
2021-05-28,Placer,061,380077,23345,1491,24836,302
2021-05-28,Plumas,063,18699,706,11,717,5
2021-05-28,Riverside,065,2383286,294261,13867,308128,4586
2021-05-28,Sacramento,067,1510023,106441,1745,108186,1666
2021-05-28,San Benito,069,59416,6055,112,6167,60
2021-05-28,San Bernardino,071,2135413,293371,8910,302281,5298
2021-05-28,San Diego,073,3302833,281053,14982,296035,3764
2021-05-28,San Francisco,075,870044,36766,1271,38037,565
2021-05-28,San Joaquin,077,732212,73256,3498,76754,1440
2021-05-28,San Luis Obispo,079,281455,21421,734,22155,256
2021-05-28,San Mateo,081,765935,42353,468,42821,545
2021-05-28,Santa Barbara,083,443738,34460,1113,35573,456
2021-05-28,Santa Clara,085,1922200,118696,744,119440,1741
2021-05-28,Santa Cruz,087,273765,16249,796,17045,208
2021-05-28,Shasta,089,179085,12344,1570,13914,202
2021-05-28,Sierra,091,2930,57,12,69,0
2021-05-28,Siskiyou,093,43540,1935,355,2290,29
2021-05-28,Solano,095,438530,32942,550,33492,268
2021-05-28,Sonoma,097,501317,30154,333,30487,313
2021-05-28,Stanislaus,099,539301,56466,5879,62345,992
2021-05-28,Sutter,101,95872,9471,84,9555,125
2021-05-28,Tehama,103,63373,5091,570,5661,74
2021-05-28,Trinity,105,12862,483,91,574,4
2021-05-28,Tulare,107,460477,50271,8896,59167,880
2021-05-28,Tuolumne,109,53932,4037,43,4080,65
2021-05-28,Ventura,111,848112,81419,2954,84373,1038
2021-05-28,Yolo,113,214977,14036,238,14274,229
2021-05-28,Yuba,115,75493,6071,121,6192,48
2021-05-27,Alameda,001,1643700,88201,1914,90115,1255
2021-05-27,Alpine,002,1148,87,0,87,0
2021-05-27,Amador,005,37829,3675,32,3707,47
2021-05-27,Butte,007,227075,12552,1835,14387,199
2021-05-27,Calaveras,009,45235,2167,13,2180,55
2021-05-27,Colusa,011,21464,1947,310,2257,16
2021-05-27,Contra Costa,013,1133247,69698,1262,70960,818
2021-05-27,Del Norte,015,27424,1419,13,1432,8
2021-05-27,El Dorado,017,186661,10326,742,11068,114
2021-05-27,Fresno,019,978130,102797,8602,111399,1733
2021-05-27,Glenn,021,27897,2436,555,2991,26
2021-05-27,Humboldt,023,135768,4277,38,4315,43
2021-05-27,Imperial,025,180216,28640,2682,31322,743
2021-05-27,Inyo,027,18085,1404,12,1416,38
2021-05-27,Kern,029,883053,97362,10836,108198,1334
2021-05-27,Kings,031,150075,23158,1075,24233,248
2021-05-27,Lake,033,64148,3531,9,3540,63
2021-05-27,Lassen,035,31185,5215,112,5327,18
2021-05-27,Los Angeles,037,10098052,1207590,40360,1247950,24432
2021-05-27,Madera,039,155013,16632,926,17558,246
2021-05-27,Marin,041,260295,5655,193,5848,177
2021-05-27,Mariposa,043,17540,432,11,443,6
2021-05-27,Mendocino,045,87422,4009,83,4092,49
2021-05-27,Merced,047,269075,31024,1030,32054,493
2021-05-27,Modoc,049,8938,376,130,506,4
2021-05-27,Mono,051,14174,1264,17,1281,3
2021-05-27,Monterey,053,433212,43176,1832,45008,582
2021-05-27,Napa,055,140530,9894,34,9928,80
2021-05-27,Nevada,057,99092,4835,187,5022,70
2021-05-27,Orange,059,3164182,255616,11240,266856,5218
2021-05-27,Placer,061,380077,23336,1491,24827,302
2021-05-27,Plumas,063,18699,706,11,717,5
2021-05-27,Riverside,065,2383286,294225,13862,308087,4585
2021-05-27,Sacramento,067,1510023,106366,1743,108109,1666
2021-05-27,San Benito,069,59416,6054,112,6166,60
2021-05-27,San Bernardino,071,2135413,293335,8908,302243,5297
2021-05-27,San Diego,073,3302833,280979,14968,295947,3763
2021-05-27,San Francisco,075,870044,36760,1268,38028,565
2021-05-27,San Joaquin,077,732212,73224,3495,76719,1440
2021-05-27,San Luis Obispo,079,281455,21416,734,22150,256
2021-05-27,San Mateo,081,765935,42344,468,42812,544
2021-05-27,Santa Barbara,083,443738,34455,1113,35568,456
2021-05-27,Santa Clara,085,1922200,118675,744,119419,1740
2021-05-27,Santa Cruz,087,273765,16247,796,17043,208
2021-05-27,Shasta,089,179085,12334,1570,13904,201
2021-05-27,Sierra,091,2930,57,12,69,0
2021-05-27,Siskiyou,093,43540,1932,355,2287,29
2021-05-27,Solano,095,438530,32901,549,33450,268
2021-05-27,Sonoma,097,501317,30127,329,30456,313
2021-05-27,Stanislaus,099,539301,56441,5878,62319,992
2021-05-27,Sutter,101,95872,9467,84,9551,125
2021-05-27,Tehama,103,63373,5088,569,5657,74
2021-05-27,Trinity,105,12862,483,91,574,4
2021-05-27,Tulare,107,460477,50257,8887,59144,880
2021-05-27,Tuolumne,109,53932,4036,43,4079,65
2021-05-27,Ventura,111,848112,81406,2951,84357,1038
2021-05-27,Yolo,113,214977,14033,238,14271,229
2021-05-27,Yuba,115,75493,6066,120,6186,47
2021-05-26,Alameda,001,1643700,88172,1914,90086,1255
2021-05-26,Alpine,002,1148,87,0,87,0
2021-05-26,Amador,005,37829,3675,32,3707,47
2021-05-26,Butte,007,227075,12543,1834,14377,199
2021-05-26,Calaveras,009,45235,2166,13,2179,55
2021-05-26,Colusa,011,21464,1946,310,2256,16
2021-05-26,Contra Costa,013,1133247,69661,1262,70923,817
2021-05-26,Del Norte,015,27424,1419,12,1431,8
2021-05-26,El Dorado,017,186661,10322,741,11063,114
2021-05-26,Fresno,019,978130,102764,8597,111361,1732
2021-05-26,Glenn,021,27897,2435,555,2990,26
2021-05-26,Humboldt,023,135768,4272,38,4310,43
2021-05-26,Imperial,025,180216,28635,2680,31315,743
2021-05-26,Inyo,027,18085,1404,12,1416,38
2021-05-26,Kern,029,883053,97337,10829,108166,1334
2021-05-26,Kings,031,150075,23154,1074,24228,247
2021-05-26,Lake,033,64148,3530,9,3539,63
2021-05-26,Lassen,035,31185,5214,112,5326,18
2021-05-26,Los Angeles,037,10098052,1207424,40344,1247768,24423
2021-05-26,Madera,039,155013,16629,926,17555,246
2021-05-26,Marin,041,260295,5652,192,5844,177
2021-05-26,Mariposa,043,17540,432,11,443,6
2021-05-26,Mendocino,045,87422,4003,83,4086,49
2021-05-26,Merced,047,269075,31015,1030,32045,493
2021-05-26,Modoc,049,8938,376,129,505,4
2021-05-26,Mono,051,14174,1264,17,1281,3
2021-05-26,Monterey,053,433212,43170,1831,45001,581
2021-05-26,Napa,055,140530,9887,32,9919,80
2021-05-26,Nevada,057,99092,4830,187,5017,70
2021-05-26,Orange,059,3164182,255580,11237,266817,5218
2021-05-26,Placer,061,380077,23312,1491,24803,302
2021-05-26,Plumas,063,18699,705,11,716,5
2021-05-26,Riverside,065,2383286,294179,13855,308034,4585
2021-05-26,Sacramento,067,1510023,106280,1739,108019,1665
2021-05-26,San Benito,069,59416,6054,112,6166,60
2021-05-26,San Bernardino,071,2135413,293300,8907,302207,5297
2021-05-26,San Diego,073,3302833,280904,14958,295862,3763
2021-05-26,San Francisco,075,870044,36748,1268,38016,565
2021-05-26,San Joaquin,077,732212,73182,3492,76674,1439
2021-05-26,San Luis Obispo,079,281455,21410,734,22144,256
2021-05-26,San Mateo,081,765935,42335,468,42803,544
2021-05-26,Santa Barbara,083,443738,34446,1113,35559,456
2021-05-26,Santa Clara,085,1922200,118648,743,119391,1740
2021-05-26,Santa Cruz,087,273765,16246,796,17042,208
2021-05-26,Shasta,089,179085,12319,1567,13886,201
2021-05-26,Sierra,091,2930,57,12,69,0
2021-05-26,Siskiyou,093,43540,1930,353,2283,29
2021-05-26,Solano,095,438530,32865,549,33414,268
2021-05-26,Sonoma,097,501317,30100,329,30429,313
2021-05-26,Stanislaus,099,539301,56419,5876,62295,992
2021-05-26,Sutter,101,95872,9462,84,9546,125
2021-05-26,Tehama,103,63373,5087,566,5653,74
2021-05-26,Trinity,105,12862,483,91,574,4
2021-05-26,Tulare,107,460477,50250,8883,59133,880
2021-05-26,Tuolumne,109,53932,4032,42,4074,65
2021-05-26,Ventura,111,848112,81383,2949,84332,1035
2021-05-26,Yolo,113,214977,14030,238,14268,228
2021-05-26,Yuba,115,75493,6061,120,6181,47
2021-05-25,Alameda,001,1643700,88141,1914,90055,1253
2021-05-25,Alpine,002,1148,87,0,87,0
2021-05-25,Amador,005,37829,3670,32,3702,47
2021-05-25,Butte,007,227075,12532,1833,14365,199
2021-05-25,Calaveras,009,45235,2164,13,2177,55
2021-05-25,Colusa,011,21464,1945,310,2255,16
2021-05-25,Contra Costa,013,1133247,69609,1257,70866,815
2021-05-25,Del Norte,015,27424,1419,12,1431,8
2021-05-25,El Dorado,017,186661,10315,740,11055,114
2021-05-25,Fresno,019,978130,102743,8596,111339,1732
2021-05-25,Glenn,021,27897,2434,554,2988,26
2021-05-25,Humboldt,023,135768,4265,36,4301,43
2021-05-25,Imperial,025,180216,28628,2680,31308,743
2021-05-25,Inyo,027,18085,1404,12,1416,38
2021-05-25,Kern,029,883053,97306,10815,108121,1334
2021-05-25,Kings,031,150075,23147,1074,24221,247
2021-05-25,Lake,033,64148,3529,9,3538,63
2021-05-25,Lassen,035,31185,5210,112,5322,18
2021-05-25,Los Angeles,037,10098052,1207237,40326,1247563,24421
2021-05-25,Madera,039,155013,16624,925,17549,246
2021-05-25,Marin,041,260295,5646,192,5838,177
2021-05-25,Mariposa,043,17540,431,11,442,6
2021-05-25,Mendocino,045,87422,3998,83,4081,49
2021-05-25,Merced,047,269075,30994,1030,32024,493
2021-05-25,Modoc,049,8938,375,129,504,4
2021-05-25,Mono,051,14174,1264,17,1281,3
2021-05-25,Monterey,053,433212,43166,1830,44996,581
2021-05-25,Napa,055,140530,9885,32,9917,80
2021-05-25,Nevada,057,99092,4824,187,5011,70
2021-05-25,Orange,059,3164182,255551,11236,266787,5215
2021-05-25,Placer,061,380077,23301,1489,24790,302
2021-05-25,Plumas,063,18699,705,11,716,5
2021-05-25,Riverside,065,2383286,294140,13852,307992,4584
2021-05-25,Sacramento,067,1510023,106199,1736,107935,1665
2021-05-25,San Benito,069,59416,6054,112,6166,60
2021-05-25,San Bernardino,071,2135413,293240,8905,302145,5294
2021-05-25,San Diego,073,3302833,280822,14953,295775,3763
2021-05-25,San Francisco,075,870044,36725,1268,37993,565
2021-05-25,San Joaquin,077,732212,73140,3489,76629,1439
2021-05-25,San Luis Obispo,079,281455,21407,734,22141,256
2021-05-25,San Mateo,081,765935,42325,468,42793,544
2021-05-25,Santa Barbara,083,443738,34443,1113,35556,456
2021-05-25,Santa Clara,085,1922200,118624,742,119366,1739
2021-05-25,Santa Cruz,087,273765,16241,796,17037,208
2021-05-25,Shasta,089,179085,12310,1565,13875,200
2021-05-25,Sierra,091,2930,56,12,68,0
2021-05-25,Siskiyou,093,43540,1929,352,2281,27
2021-05-25,Solano,095,438530,32845,548,33393,268
2021-05-25,Sonoma,097,501317,30071,328,30399,313
2021-05-25,Stanislaus,099,539301,56383,5873,62256,992
2021-05-25,Sutter,101,95872,9458,84,9542,125
2021-05-25,Tehama,103,63373,5085,565,5650,74
2021-05-25,Trinity,105,12862,483,90,573,4
2021-05-25,Tulare,107,460477,50240,8875,59115,880
2021-05-25,Tuolumne,109,53932,4032,42,4074,65
2021-05-25,Ventura,111,848112,81365,2949,84314,1034
2021-05-25,Yolo,113,214977,14022,236,14258,228
2021-05-25,Yuba,115,75493,6054,120,6174,47
2021-05-24,Alameda,001,1643700,88101,1912,90013,1252
2021-05-24,Alpine,002,1148,87,0,87,0
2021-05-24,Amador,005,37829,3668,32,3700,47
2021-05-24,Butte,007,227075,12519,1830,14349,199
2021-05-24,Calaveras,009,45235,2162,13,2175,55
2021-05-24,Colusa,011,21464,1945,310,2255,16
2021-05-24,Contra Costa,013,1133247,69568,1253,70821,814
2021-05-24,Del Norte,015,27424,1418,12,1430,8
2021-05-24,El Dorado,017,186661,10305,739,11044,114
2021-05-24,Fresno,019,978130,102701,8595,111296,1731
2021-05-24,Glenn,021,27897,2434,554,2988,26
2021-05-24,Humboldt,023,135768,4258,36,4294,43
2021-05-24,Imperial,025,180216,28626,2680,31306,743
2021-05-24,Inyo,027,18085,1404,12,1416,38
2021-05-24,Kern,029,883053,97279,10810,108089,1334
2021-05-24,Kings,031,150075,23143,1074,24217,247
2021-05-24,Lake,033,64148,3527,9,3536,62
2021-05-24,Lassen,035,31185,5206,112,5318,18
2021-05-24,Los Angeles,037,10098052,1207065,40312,1247377,24418
2021-05-24,Madera,039,155013,16620,924,17544,246
2021-05-24,Marin,041,260295,5644,192,5836,177
2021-05-24,Mariposa,043,17540,430,11,441,6
2021-05-24,Mendocino,045,87422,3996,83,4079,49
2021-05-24,Merced,047,269075,30984,1029,32013,493
2021-05-24,Modoc,049,8938,375,128,503,4
2021-05-24,Mono,051,14174,1264,17,1281,3
2021-05-24,Monterey,053,433212,43161,1829,44990,581
2021-05-24,Napa,055,140530,9885,32,9917,80
2021-05-24,Nevada,057,99092,4821,187,5008,70
2021-05-24,Orange,059,3164182,255517,11226,266743,5215
2021-05-24,Placer,061,380077,23282,1488,24770,302
2021-05-24,Plumas,063,18699,704,11,715,5
2021-05-24,Riverside,065,2383286,294083,13842,307925,4583
2021-05-24,Sacramento,067,1510023,106084,1735,107819,1665
2021-05-24,San Benito,069,59416,6054,112,6166,60
2021-05-24,San Bernardino,071,2135413,293200,8904,302104,5293
2021-05-24,San Diego,073,3302833,280714,14943,295657,3763
2021-05-24,San Francisco,075,870044,36705,1265,37970,565
2021-05-24,San Joaquin,077,732212,73108,3489,76597,1439
2021-05-24,San Luis Obispo,079,281455,21389,733,22122,256
2021-05-24,San Mateo,081,765935,42315,468,42783,544
2021-05-24,Santa Barbara,083,443738,34438,1113,35551,456
2021-05-24,Santa Clara,085,1922200,118592,742,119334,1739
2021-05-24,Santa Cruz,087,273765,16235,796,17031,208
2021-05-24,Shasta,089,179085,12293,1562,13855,200
2021-05-24,Sierra,091,2930,56,12,68,0
2021-05-24,Siskiyou,093,43540,1926,352,2278,26
2021-05-24,Solano,095,438530,32821,547,33368,268
2021-05-24,Sonoma,097,501317,30056,328,30384,313
2021-05-24,Stanislaus,099,539301,56349,5869,62218,989
2021-05-24,Sutter,101,95872,9452,84,9536,125
2021-05-24,Tehama,103,63373,5082,563,5645,74
2021-05-24,Trinity,105,12862,483,90,573,4
2021-05-24,Tulare,107,460477,50233,8871,59104,879
2021-05-24,Tuolumne,109,53932,4032,42,4074,65
2021-05-24,Ventura,111,848112,81352,2947,84299,1033
2021-05-24,Yolo,113,214977,14005,234,14239,228
2021-05-24,Yuba,115,75493,6045,120,6165,47
2021-05-23,Alameda,001,1643700,88038,1910,89948,1251
2021-05-23,Alpine,002,1148,87,0,87,0
2021-05-23,Amador,005,37829,3667,32,3699,47
2021-05-23,Butte,007,227075,12505,1829,14334,199
2021-05-23,Calaveras,009,45235,2154,13,2167,55
2021-05-23,Colusa,011,21464,1945,308,2253,16
2021-05-23,Contra Costa,013,1133247,69524,1251,70775,814
2021-05-23,Del Norte,015,27424,1414,12,1426,8
2021-05-23,El Dorado,017,186661,10299,739,11038,114
2021-05-23,Fresno,019,978130,102656,8590,111246,1729
2021-05-23,Glenn,021,27897,2432,554,2986,25
2021-05-23,Humboldt,023,135768,4240,36,4276,43
2021-05-23,Imperial,025,180216,28620,2679,31299,743
2021-05-23,Inyo,027,18085,1404,12,1416,38
2021-05-23,Kern,029,883053,97255,10802,108057,1334
2021-05-23,Kings,031,150075,23131,1072,24203,247
2021-05-23,Lake,033,64148,3524,9,3533,62
2021-05-23,Lassen,035,31185,5202,111,5313,18
2021-05-23,Los Angeles,037,10098052,1206876,40301,1247177,24413
2021-05-23,Madera,039,155013,16614,924,17538,246
2021-05-23,Marin,041,260295,5635,191,5826,177
2021-05-23,Mariposa,043,17540,430,11,441,6
2021-05-23,Mendocino,045,87422,3990,82,4072,49
2021-05-23,Merced,047,269075,30975,1029,32004,492
2021-05-23,Modoc,049,8938,371,128,499,4
2021-05-23,Mono,051,14174,1263,17,1280,3
2021-05-23,Monterey,053,433212,43151,1829,44980,581
2021-05-23,Napa,055,140530,9881,32,9913,80
2021-05-23,Nevada,057,99092,4811,187,4998,70
2021-05-23,Orange,059,3164182,255479,11220,266699,5213
2021-05-23,Placer,061,380077,23262,1488,24750,302
2021-05-23,Plumas,063,18699,703,11,714,5
2021-05-23,Riverside,065,2383286,294015,13838,307853,4583
2021-05-23,Sacramento,067,1510023,105968,1732,107700,1663
2021-05-23,San Benito,069,59416,6053,112,6165,60
2021-05-23,San Bernardino,071,2135413,293149,8903,302052,5291
2021-05-23,San Diego,073,3302833,280624,14932,295556,3761
2021-05-23,San Francisco,075,870044,36694,1264,37958,565
2021-05-23,San Joaquin,077,732212,73059,3487,76546,1437
2021-05-23,San Luis Obispo,079,281455,21379,732,22111,256
2021-05-23,San Mateo,081,765935,42298,468,42766,544
2021-05-23,Santa Barbara,083,443738,34431,1113,35544,455
2021-05-23,Santa Clara,085,1922200,118568,742,119310,1739
2021-05-23,Santa Cruz,087,273765,16232,796,17028,208
2021-05-23,Shasta,089,179085,12276,1558,13834,200
2021-05-23,Sierra,091,2930,56,12,68,0
2021-05-23,Siskiyou,093,43540,1921,345,2266,25
2021-05-23,Solano,095,438530,32803,546,33349,268
2021-05-23,Sonoma,097,501317,30027,327,30354,313
2021-05-23,Stanislaus,099,539301,56301,5866,62167,987
2021-05-23,Sutter,101,95872,9443,84,9527,125
2021-05-23,Tehama,103,63373,5075,561,5636,74
2021-05-23,Trinity,105,12862,483,90,573,4
2021-05-23,Tulare,107,460477,50218,8867,59085,879
2021-05-23,Tuolumne,109,53932,4029,42,4071,65
2021-05-23,Ventura,111,848112,81322,2946,84268,1033
2021-05-23,Yolo,113,214977,13993,231,14224,228
2021-05-23,Yuba,115,75493,6040,120,6160,47
2021-05-22,Alameda,001,1643700,88011,1910,89921,1249
2021-05-22,Alpine,002,1148,87,0,87,0
2021-05-22,Amador,005,37829,3666,32,3698,47
2021-05-22,Butte,007,227075,12493,1828,14321,199
2021-05-22,Calaveras,009,45235,2150,13,2163,55
2021-05-22,Colusa,011,21464,1941,307,2248,16
2021-05-22,Contra Costa,013,1133247,69491,1250,70741,812
2021-05-22,Del Norte,015,27424,1413,12,1425,8
2021-05-22,El Dorado,017,186661,10294,738,11032,114
2021-05-22,Fresno,019,978130,102642,8588,111230,1727
2021-05-22,Glenn,021,27897,2432,554,2986,25
2021-05-22,Humboldt,023,135768,4231,35,4266,43
2021-05-22,Imperial,025,180216,28611,2679,31290,743
2021-05-22,Inyo,027,18085,1404,12,1416,38
2021-05-22,Kern,029,883053,97243,10795,108038,1334
2021-05-22,Kings,031,150075,23131,1072,24203,247
2021-05-22,Lake,033,64148,3521,9,3530,62
2021-05-22,Lassen,035,31185,5202,111,5313,18
2021-05-22,Los Angeles,037,10098052,1206767,40293,1247060,24407
2021-05-22,Madera,039,155013,16611,924,17535,246
2021-05-22,Marin,041,260295,5632,191,5823,177
2021-05-22,Mariposa,043,17540,430,11,441,6
2021-05-22,Mendocino,045,87422,3984,82,4066,49
2021-05-22,Merced,047,269075,30965,1029,31994,492
2021-05-22,Modoc,049,8938,371,128,499,4
2021-05-22,Mono,051,14174,1261,17,1278,3
2021-05-22,Monterey,053,433212,43145,1829,44974,581
2021-05-22,Napa,055,140530,9880,32,9912,80
2021-05-22,Nevada,057,99092,4804,186,4990,70
2021-05-22,Orange,059,3164182,255458,11215,266673,5212
2021-05-22,Placer,061,380077,23248,1487,24735,302
2021-05-22,Plumas,063,18699,702,11,713,5
2021-05-22,Riverside,065,2383286,293983,13837,307820,4582
2021-05-22,Sacramento,067,1510023,105893,1729,107622,1662
2021-05-22,San Benito,069,59416,6053,112,6165,60
2021-05-22,San Bernardino,071,2135413,293124,8903,302027,5288
2021-05-22,San Diego,073,3302833,280565,14924,295489,3759
2021-05-22,San Francisco,075,870044,36684,1262,37946,564
2021-05-22,San Joaquin,077,732212,73037,3484,76521,1437
2021-05-22,San Luis Obispo,079,281455,21371,731,22102,256
2021-05-22,San Mateo,081,765935,42288,468,42756,544
2021-05-22,Santa Barbara,083,443738,34427,1112,35539,455
2021-05-22,Santa Clara,085,1922200,118545,742,119287,1739
2021-05-22,Santa Cruz,087,273765,16232,796,17028,208
2021-05-22,Shasta,089,179085,12269,1555,13824,199
2021-05-22,Sierra,091,2930,56,12,68,0
2021-05-22,Siskiyou,093,43540,1920,344,2264,25
2021-05-22,Solano,095,438530,32790,546,33336,268
2021-05-22,Sonoma,097,501317,30015,327,30342,313
2021-05-22,Stanislaus,099,539301,56277,5865,62142,987
2021-05-22,Sutter,101,95872,9438,84,9522,125
2021-05-22,Tehama,103,63373,5074,561,5635,74
2021-05-22,Trinity,105,12862,483,90,573,4
2021-05-22,Tulare,107,460477,50213,8862,59075,879
2021-05-22,Tuolumne,109,53932,4029,42,4071,65
2021-05-22,Ventura,111,848112,81318,2946,84264,1033
2021-05-22,Yolo,113,214977,13991,231,14222,228
2021-05-22,Yuba,115,75493,6037,120,6157,47
2021-05-21,Alameda,001,1643700,87985,1909,89894,1249
2021-05-21,Alpine,002,1148,87,0,87,0
2021-05-21,Amador,005,37829,3663,32,3695,47
2021-05-21,Butte,007,227075,12487,1826,14313,199
2021-05-21,Calaveras,009,45235,2148,13,2161,55
2021-05-21,Colusa,011,21464,1941,307,2248,16
2021-05-21,Contra Costa,013,1133247,69448,1249,70697,812
2021-05-21,Del Norte,015,27424,1412,12,1424,8
2021-05-21,El Dorado,017,186661,10290,738,11028,113
2021-05-21,Fresno,019,978130,102614,8586,111200,1725
2021-05-21,Glenn,021,27897,2431,554,2985,25
2021-05-21,Humboldt,023,135768,4224,35,4259,43
2021-05-21,Imperial,025,180216,28604,2678,31282,743
2021-05-21,Inyo,027,18085,1404,12,1416,38
2021-05-21,Kern,029,883053,97229,10788,108017,1334
2021-05-21,Kings,031,150075,23131,1072,24203,247
2021-05-21,Lake,033,64148,3519,9,3528,62
2021-05-21,Lassen,035,31185,5201,111,5312,18
2021-05-21,Los Angeles,037,10098052,1206649,40285,1246934,24403
2021-05-21,Madera,039,155013,16610,923,17533,246
2021-05-21,Marin,041,260295,5627,191,5818,177
2021-05-21,Mariposa,043,17540,429,11,440,6
2021-05-21,Mendocino,045,87422,3979,82,4061,49
2021-05-21,Merced,047,269075,30957,1029,31986,492
2021-05-21,Modoc,049,8938,371,128,499,4
2021-05-21,Mono,051,14174,1261,17,1278,3
2021-05-21,Monterey,053,433212,43143,1829,44972,581
2021-05-21,Napa,055,140530,9876,32,9908,80
2021-05-21,Nevada,057,99092,4803,186,4989,70
2021-05-21,Orange,059,3164182,255438,11213,266651,5212
2021-05-21,Placer,061,380077,23239,1487,24726,302
2021-05-21,Plumas,063,18699,702,10,712,5
2021-05-21,Riverside,065,2383286,293956,13830,307786,4582
2021-05-21,Sacramento,067,1510023,105825,1726,107551,1662
2021-05-21,San Benito,069,59416,6053,112,6165,60
2021-05-21,San Bernardino,071,2135413,293092,8901,301993,5286
2021-05-21,San Diego,073,3302833,280492,14914,295406,3758
2021-05-21,San Francisco,075,870044,36679,1262,37941,564
2021-05-21,San Joaquin,077,732212,73017,3482,76499,1436
2021-05-21,San Luis Obispo,079,281455,21365,728,22093,256
2021-05-21,San Mateo,081,765935,42275,467,42742,544
2021-05-21,Santa Barbara,083,443738,34422,1112,35534,455
2021-05-21,Santa Clara,085,1922200,118518,742,119260,1738
2021-05-21,Santa Cruz,087,273765,16228,796,17024,208
2021-05-21,Shasta,089,179085,12252,1553,13805,199
2021-05-21,Sierra,091,2930,56,12,68,0
2021-05-21,Siskiyou,093,43540,1919,344,2263,25
2021-05-21,Solano,095,438530,32775,546,33321,268
2021-05-21,Sonoma,097,501317,30002,327,30329,313
2021-05-21,Stanislaus,099,539301,56247,5863,62110,987
2021-05-21,Sutter,101,95872,9436,84,9520,125
2021-05-21,Tehama,103,63373,5068,561,5629,74
2021-05-21,Trinity,105,12862,483,89,572,4
2021-05-21,Tulare,107,460477,50208,8860,59068,878
2021-05-21,Tuolumne,109,53932,4027,42,4069,65
2021-05-21,Ventura,111,848112,81310,2943,84253,1033
2021-05-21,Yolo,113,214977,13985,231,14216,228
2021-05-21,Yuba,115,75493,6031,120,6151,47
2021-05-20,Alameda,001,1643700,87941,1907,89848,1248
2021-05-20,Alpine,002,1148,87,0,87,0
2021-05-20,Amador,005,37829,3662,32,3694,47
2021-05-20,Butte,007,227075,12480,1823,14303,199
2021-05-20,Calaveras,009,45235,2144,13,2157,55
2021-05-20,Colusa,011,21464,1940,305,2245,16
2021-05-20,Contra Costa,013,1133247,69403,1247,70650,811
2021-05-20,Del Norte,015,27424,1412,12,1424,8
2021-05-20,El Dorado,017,186661,10280,738,11018,113
2021-05-20,Fresno,019,978130,102592,8584,111176,1724
2021-05-20,Glenn,021,27897,2428,554,2982,25
2021-05-20,Humboldt,023,135768,4207,34,4241,42
2021-05-20,Imperial,025,180216,28599,2678,31277,743
2021-05-20,Inyo,027,18085,1404,12,1416,38
2021-05-20,Kern,029,883053,97208,10781,107989,1333
2021-05-20,Kings,031,150075,23129,1072,24201,247
2021-05-20,Lake,033,64148,3516,9,3525,62
2021-05-20,Lassen,035,31185,5199,110,5309,18
2021-05-20,Los Angeles,037,10098052,1206492,40275,1246767,24401
2021-05-20,Madera,039,155013,16604,921,17525,246
2021-05-20,Marin,041,260295,5623,190,5813,177
2021-05-20,Mariposa,043,17540,429,11,440,6
2021-05-20,Mendocino,045,87422,3972,82,4054,49
2021-05-20,Merced,047,269075,30944,1028,31972,492
2021-05-20,Modoc,049,8938,371,128,499,4
2021-05-20,Mono,051,14174,1260,17,1277,3
2021-05-20,Monterey,053,433212,43137,1828,44965,581
2021-05-20,Napa,055,140530,9873,32,9905,80
2021-05-20,Nevada,057,99092,4802,186,4988,70
2021-05-20,Orange,059,3164182,255395,11210,266605,5212
2021-05-20,Placer,061,380077,23226,1486,24712,302
2021-05-20,Plumas,063,18699,700,10,710,5
2021-05-20,Riverside,065,2383286,293908,13825,307733,4582
2021-05-20,Sacramento,067,1510023,105729,1723,107452,1661
2021-05-20,San Benito,069,59416,6052,112,6164,60
2021-05-20,San Bernardino,071,2135413,293046,8900,301946,5282
2021-05-20,San Diego,073,3302833,280404,14902,295306,3758
2021-05-20,San Francisco,075,870044,36670,1262,37932,564
2021-05-20,San Joaquin,077,732212,72979,3480,76459,1436
2021-05-20,San Luis Obispo,079,281455,21353,726,22079,256
2021-05-20,San Mateo,081,765935,42261,465,42726,543
2021-05-20,Santa Barbara,083,443738,34418,1112,35530,455
2021-05-20,Santa Clara,085,1922200,118497,742,119239,1738
2021-05-20,Santa Cruz,087,273765,16223,796,17019,208
2021-05-20,Shasta,089,179085,12239,1550,13789,199
2021-05-20,Sierra,091,2930,56,12,68,0
2021-05-20,Siskiyou,093,43540,1912,343,2255,24
2021-05-20,Solano,095,438530,32760,546,33306,267
2021-05-20,Sonoma,097,501317,29985,326,30311,312
2021-05-20,Stanislaus,099,539301,56218,5861,62079,987
2021-05-20,Sutter,101,95872,9432,84,9516,125
2021-05-20,Tehama,103,63373,5066,561,5627,74
2021-05-20,Trinity,105,12862,483,88,571,4
2021-05-20,Tulare,107,460477,50197,8857,59054,877
2021-05-20,Tuolumne,109,53932,4026,42,4068,65
2021-05-20,Ventura,111,848112,81299,2943,84242,1033
2021-05-20,Yolo,113,214977,13980,231,14211,228
2021-05-20,Yuba,115,75493,6022,120,6142,47
2021-05-19,Alameda,001,1643700,87902,1906,89808,1248
2021-05-19,Alpine,002,1148,87,0,87,0
2021-05-19,Amador,005,37829,3662,32,3694,47
2021-05-19,Butte,007,227075,12469,1823,14292,199
2021-05-19,Calaveras,009,45235,2140,13,2153,55
2021-05-19,Colusa,011,21464,1940,303,2243,16
2021-05-19,Contra Costa,013,1133247,69356,1247,70603,811
2021-05-19,Del Norte,015,27424,1410,12,1422,8
2021-05-19,El Dorado,017,186661,10275,737,11012,113
2021-05-19,Fresno,019,978130,102561,8581,111142,1724
2021-05-19,Glenn,021,27897,2428,554,2982,25
2021-05-19,Humboldt,023,135768,4197,34,4231,42
2021-05-19,Imperial,025,180216,28590,2678,31268,743
2021-05-19,Inyo,027,18085,1404,12,1416,38
2021-05-19,Kern,029,883053,97179,10774,107953,1333
2021-05-19,Kings,031,150075,23123,1072,24195,247
2021-05-19,Lake,033,64148,3516,9,3525,62
2021-05-19,Lassen,035,31185,5198,110,5308,18
2021-05-19,Los Angeles,037,10098052,1206295,40261,1246556,24394
2021-05-19,Madera,039,155013,16601,921,17522,245
2021-05-19,Marin,041,260295,5619,188,5807,177
2021-05-19,Mariposa,043,17540,429,11,440,6
2021-05-19,Mendocino,045,87422,3968,82,4050,49
2021-05-19,Merced,047,269075,30928,1028,31956,491
2021-05-19,Modoc,049,8938,371,125,496,4
2021-05-19,Mono,051,14174,1260,17,1277,3
2021-05-19,Monterey,053,433212,43132,1827,44959,581
2021-05-19,Napa,055,140530,9870,32,9902,80
2021-05-19,Nevada,057,99092,4800,186,4986,70
2021-05-19,Orange,059,3164182,255358,11200,266558,5211
2021-05-19,Placer,061,380077,23207,1481,24688,301
2021-05-19,Plumas,063,18699,700,10,710,5
2021-05-19,Riverside,065,2383286,293862,13823,307685,4581
2021-05-19,Sacramento,067,1510023,105650,1722,107372,1659
2021-05-19,San Benito,069,59416,6051,112,6163,60
2021-05-19,San Bernardino,071,2135413,293002,8897,301899,5280
2021-05-19,San Diego,073,3302833,280319,14881,295200,3757
2021-05-19,San Francisco,075,870044,36657,1261,37918,564
2021-05-19,San Joaquin,077,732212,72936,3475,76411,1435
2021-05-19,San Luis Obispo,079,281455,21345,725,22070,256
2021-05-19,San Mateo,081,765935,42254,465,42719,543
2021-05-19,Santa Barbara,083,443738,34410,1112,35522,455
2021-05-19,Santa Clara,085,1922200,118457,741,119198,1738
2021-05-19,Santa Cruz,087,273765,16219,795,17014,208
2021-05-19,Shasta,089,179085,12221,1547,13768,199
2021-05-19,Sierra,091,2930,56,12,68,0
2021-05-19,Siskiyou,093,43540,1909,342,2251,24
2021-05-19,Solano,095,438530,32733,544,33277,267
2021-05-19,Sonoma,097,501317,29970,326,30296,312
2021-05-19,Stanislaus,099,539301,56198,5856,62054,987
2021-05-19,Sutter,101,95872,9425,83,9508,125
2021-05-19,Tehama,103,63373,5057,557,5614,74
2021-05-19,Trinity,105,12862,483,88,571,4
2021-05-19,Tulare,107,460477,50184,8852,59036,875
2021-05-19,Tuolumne,109,53932,4026,42,4068,65
2021-05-19,Ventura,111,848112,81284,2942,84226,1033
2021-05-19,Yolo,113,214977,13974,230,14204,228
2021-05-19,Yuba,115,75493,6018,120,6138,47
2021-05-18,Alameda,001,1643700,87828,1906,89734,1245
2021-05-18,Alpine,002,1148,87,0,87,0
2021-05-18,Amador,005,37829,3662,32,3694,47
2021-05-18,Butte,007,227075,12455,1821,14276,199
2021-05-18,Calaveras,009,45235,2136,13,2149,55
2021-05-18,Colusa,011,21464,1940,303,2243,16
2021-05-18,Contra Costa,013,1133247,69299,1246,70545,811
2021-05-18,Del Norte,015,27424,1407,12,1419,8
2021-05-18,El Dorado,017,186661,10264,736,11000,113
2021-05-18,Fresno,019,978130,102525,8578,111103,1723
2021-05-18,Glenn,021,27897,2422,553,2975,25
2021-05-18,Humboldt,023,135768,4179,34,4213,42
2021-05-18,Imperial,025,180216,28585,2676,31261,743
2021-05-18,Inyo,027,18085,1404,12,1416,38
2021-05-18,Kern,029,883053,97146,10760,107906,1332
2021-05-18,Kings,031,150075,23117,1072,24189,247
2021-05-18,Lake,033,64148,3514,9,3523,62
2021-05-18,Lassen,035,31185,5197,109,5306,18
2021-05-18,Los Angeles,037,10098052,1206115,40250,1246365,24386
2021-05-18,Madera,039,155013,16591,920,17511,245
2021-05-18,Marin,041,260295,5616,188,5804,177
2021-05-18,Mariposa,043,17540,429,11,440,6
2021-05-18,Mendocino,045,87422,3956,81,4037,49
2021-05-18,Merced,047,269075,30909,1028,31937,491
2021-05-18,Modoc,049,8938,370,124,494,4
2021-05-18,Mono,051,14174,1259,17,1276,3
2021-05-18,Monterey,053,433212,43126,1827,44953,581
2021-05-18,Napa,055,140530,9870,32,9902,80
2021-05-18,Nevada,057,99092,4793,186,4979,70
2021-05-18,Orange,059,3164182,255318,11190,266508,5211
2021-05-18,Placer,061,380077,23174,1477,24651,301
2021-05-18,Plumas,063,18699,700,10,710,5
2021-05-18,Riverside,065,2383286,293807,13816,307623,4577
2021-05-18,Sacramento,067,1510023,105548,1720,107268,1655
2021-05-18,San Benito,069,59416,6050,112,6162,60
2021-05-18,San Bernardino,071,2135413,292944,8892,301836,5278
2021-05-18,San Diego,073,3302833,280211,14872,295083,3756
2021-05-18,San Francisco,075,870044,36637,1261,37898,564
2021-05-18,San Joaquin,077,732212,72889,3471,76360,1434
2021-05-18,San Luis Obispo,079,281455,21335,723,22058,256
2021-05-18,San Mateo,081,765935,42242,464,42706,543
2021-05-18,Santa Barbara,083,443738,34401,1112,35513,455
2021-05-18,Santa Clara,085,1922200,118430,741,119171,1737
2021-05-18,Santa Cruz,087,273765,16211,795,17006,208
2021-05-18,Shasta,089,179085,12203,1541,13744,199
2021-05-18,Sierra,091,2930,56,12,68,0
2021-05-18,Siskiyou,093,43540,1908,342,2250,23
2021-05-18,Solano,095,438530,32708,544,33252,267
2021-05-18,Sonoma,097,501317,29950,325,30275,312
2021-05-18,Stanislaus,099,539301,56162,5856,62018,987
2021-05-18,Sutter,101,95872,9417,83,9500,125
2021-05-18,Tehama,103,63373,5051,555,5606,74
2021-05-18,Trinity,105,12862,483,87,570,4
2021-05-18,Tulare,107,460477,50176,8847,59023,875
2021-05-18,Tuolumne,109,53932,4024,42,4066,65
2021-05-18,Ventura,111,848112,81268,2940,84208,1032
2021-05-18,Yolo,113,214977,13966,230,14196,228
2021-05-18,Yuba,115,75493,6014,120,6134,47
2021-05-17,Alameda,001,1643700,87775,1903,89678,1245
2021-05-17,Alpine,002,1148,87,0,87,0
2021-05-17,Amador,005,37829,3659,32,3691,47
2021-05-17,Butte,007,227075,12447,1821,14268,199
2021-05-17,Calaveras,009,45235,2136,13,2149,55
2021-05-17,Colusa,011,21464,1940,303,2243,16
2021-05-17,Contra Costa,013,1133247,69244,1245,70489,810
2021-05-17,Del Norte,015,27424,1402,12,1414,8
2021-05-17,El Dorado,017,186661,10247,736,10983,113
2021-05-17,Fresno,019,978130,102481,8570,111051,1722
2021-05-17,Glenn,021,27897,2422,553,2975,25
2021-05-17,Humboldt,023,135768,4168,34,4202,41
2021-05-17,Imperial,025,180216,28579,2674,31253,742
2021-05-17,Inyo,027,18085,1404,12,1416,38
2021-05-17,Kern,029,883053,97117,10742,107859,1332
2021-05-17,Kings,031,150075,23114,1072,24186,247
2021-05-17,Lake,033,64148,3509,9,3518,62
2021-05-17,Lassen,035,31185,5194,108,5302,18
2021-05-17,Los Angeles,037,10098052,1205934,40244,1246178,24384
2021-05-17,Madera,039,155013,16584,920,17504,245
2021-05-17,Marin,041,260295,5610,188,5798,177
2021-05-17,Mariposa,043,17540,428,11,439,6
2021-05-17,Mendocino,045,87422,3947,81,4028,49
2021-05-17,Merced,047,269075,30894,1028,31922,491
2021-05-17,Modoc,049,8938,369,124,493,4
2021-05-17,Mono,051,14174,1255,17,1272,3
2021-05-17,Monterey,053,433212,43119,1827,44946,581
2021-05-17,Napa,055,140530,9869,32,9901,80
2021-05-17,Nevada,057,99092,4789,185,4974,70
2021-05-17,Orange,059,3164182,255271,11183,266454,5211
2021-05-17,Placer,061,380077,23151,1470,24621,301
2021-05-17,Plumas,063,18699,700,10,710,5
2021-05-17,Riverside,065,2383286,293738,13812,307550,4575
2021-05-17,Sacramento,067,1510023,105441,1718,107159,1654
2021-05-17,San Benito,069,59416,6047,112,6159,60
2021-05-17,San Bernardino,071,2135413,292894,8884,301778,5276
2021-05-17,San Diego,073,3302833,280079,14850,294929,3755
2021-05-17,San Francisco,075,870044,36625,1259,37884,564
2021-05-17,San Joaquin,077,732212,72851,3468,76319,1433
2021-05-17,San Luis Obispo,079,281455,21326,721,22047,256
2021-05-17,San Mateo,081,765935,42214,464,42678,543
2021-05-17,Santa Barbara,083,443738,34394,1112,35506,455
2021-05-17,Santa Clara,085,1922200,118393,739,119132,1737
2021-05-17,Santa Cruz,087,273765,16208,795,17003,208
2021-05-17,Shasta,089,179085,12181,1540,13721,199
2021-05-17,Sierra,091,2930,56,12,68,0
2021-05-17,Siskiyou,093,43540,1899,339,2238,23
2021-05-17,Solano,095,438530,32690,543,33233,267
2021-05-17,Sonoma,097,501317,29927,324,30251,312
2021-05-17,Stanislaus,099,539301,56114,5849,61963,985
2021-05-17,Sutter,101,95872,9410,83,9493,125
2021-05-17,Tehama,103,63373,5047,554,5601,74
2021-05-17,Trinity,105,12862,483,87,570,4
2021-05-17,Tulare,107,460477,50154,8842,58996,873
2021-05-17,Tuolumne,109,53932,4024,42,4066,65
2021-05-17,Ventura,111,848112,81248,2940,84188,1032
2021-05-17,Yolo,113,214977,13959,230,14189,228
2021-05-17,Yuba,115,75493,6006,120,6126,47
2021-05-16,Alameda,001,1643700,87711,1903,89614,1245
2021-05-16,Alpine,002,1148,87,0,87,0
2021-05-16,Amador,005,37829,3658,32,3690,47
2021-05-16,Butte,007,227075,12433,1821,14254,198
2021-05-16,Calaveras,009,45235,2134,13,2147,55
2021-05-16,Colusa,011,21464,1938,303,2241,16
2021-05-16,Contra Costa,013,1133247,69176,1243,70419,810
2021-05-16,Del Norte,015,27424,1399,12,1411,8
2021-05-16,El Dorado,017,186661,10230,735,10965,113
2021-05-16,Fresno,019,978130,102437,8564,111001,1720
2021-05-16,Glenn,021,27897,2422,552,2974,25
2021-05-16,Humboldt,023,135768,4154,34,4188,41
2021-05-16,Imperial,025,180216,28568,2673,31241,741
2021-05-16,Inyo,027,18085,1404,12,1416,38
2021-05-16,Kern,029,883053,97084,10722,107806,1331
2021-05-16,Kings,031,150075,23110,1069,24179,247
2021-05-16,Lake,033,64148,3506,9,3515,62
2021-05-16,Lassen,035,31185,5193,108,5301,18
2021-05-16,Los Angeles,037,10098052,1205709,40228,1245937,24380
2021-05-16,Madera,039,155013,16579,917,17496,245
2021-05-16,Marin,041,260295,5607,188,5795,176
2021-05-16,Mariposa,043,17540,428,11,439,6
2021-05-16,Mendocino,045,87422,3937,81,4018,49
2021-05-16,Merced,047,269075,30873,1026,31899,491
2021-05-16,Modoc,049,8938,369,124,493,4
2021-05-16,Mono,051,14174,1255,17,1272,3
2021-05-16,Monterey,053,433212,43114,1827,44941,581
2021-05-16,Napa,055,140530,9866,32,9898,80
2021-05-16,Nevada,057,99092,4785,185,4970,70
2021-05-16,Orange,059,3164182,255239,11180,266419,5211
2021-05-16,Placer,061,380077,23119,1464,24583,300
2021-05-16,Plumas,063,18699,699,10,709,5
2021-05-16,Riverside,065,2383286,293662,13804,307466,4574
2021-05-16,Sacramento,067,1510023,105327,1716,107043,1653
2021-05-16,San Benito,069,59416,6046,111,6157,60
2021-05-16,San Bernardino,071,2135413,292822,8882,301704,5276
2021-05-16,San Diego,073,3302833,279961,14837,294798,3754
2021-05-16,San Francisco,075,870044,36601,1258,37859,564
2021-05-16,San Joaquin,077,732212,72802,3463,76265,1432
2021-05-16,San Luis Obispo,079,281455,21318,720,22038,256
2021-05-16,San Mateo,081,765935,42203,463,42666,542
2021-05-16,Santa Barbara,083,443738,34387,1112,35499,455
2021-05-16,Santa Clara,085,1922200,118363,738,119101,1737
2021-05-16,Santa Cruz,087,273765,16206,795,17001,208
2021-05-16,Shasta,089,179085,12165,1536,13701,199
2021-05-16,Sierra,091,2930,56,12,68,0
2021-05-16,Siskiyou,093,43540,1895,338,2233,23
2021-05-16,Solano,095,438530,32657,541,33198,267
2021-05-16,Sonoma,097,501317,29908,324,30232,312
2021-05-16,Stanislaus,099,539301,56061,5838,61899,985
2021-05-16,Sutter,101,95872,9403,83,9486,125
2021-05-16,Tehama,103,63373,5043,553,5596,74
2021-05-16,Trinity,105,12862,483,87,570,4
2021-05-16,Tulare,107,460477,50137,8839,58976,873
2021-05-16,Tuolumne,109,53932,4020,42,4062,65
2021-05-16,Ventura,111,848112,81217,2940,84157,1032
2021-05-16,Yolo,113,214977,13944,230,14174,228
2021-05-16,Yuba,115,75493,6003,120,6123,47
2021-05-15,Alameda,001,1643700,87685,1902,89587,1245
2021-05-15,Alpine,002,1148,87,0,87,0
2021-05-15,Amador,005,37829,3658,32,3690,47
2021-05-15,Butte,007,227075,12426,1820,14246,198
2021-05-15,Calaveras,009,45235,2133,13,2146,55
2021-05-15,Colusa,011,21464,1938,301,2239,16
2021-05-15,Contra Costa,013,1133247,69130,1243,70373,810
2021-05-15,Del Norte,015,27424,1394,12,1406,8
2021-05-15,El Dorado,017,186661,10218,734,10952,113
2021-05-15,Fresno,019,978130,102400,8562,110962,1720
2021-05-15,Glenn,021,27897,2422,552,2974,25
2021-05-15,Humboldt,023,135768,4144,34,4178,41
2021-05-15,Imperial,025,180216,28565,2672,31237,739
2021-05-15,Inyo,027,18085,1404,12,1416,38
2021-05-15,Kern,029,883053,97070,10708,107778,1331
2021-05-15,Kings,031,150075,23109,1069,24178,247
2021-05-15,Lake,033,64148,3505,9,3514,62
2021-05-15,Lassen,035,31185,5190,107,5297,18
2021-05-15,Los Angeles,037,10098052,1205586,40215,1245801,24378
2021-05-15,Madera,039,155013,16576,917,17493,245
2021-05-15,Marin,041,260295,5603,188,5791,176
2021-05-15,Mariposa,043,17540,428,11,439,6
2021-05-15,Mendocino,045,87422,3934,81,4015,49
2021-05-15,Merced,047,269075,30852,1026,31878,491
2021-05-15,Modoc,049,8938,369,124,493,4
2021-05-15,Mono,051,14174,1255,17,1272,3
2021-05-15,Monterey,053,433212,43110,1827,44937,581
2021-05-15,Napa,055,140530,9863,32,9895,80
2021-05-15,Nevada,057,99092,4784,185,4969,70
2021-05-15,Orange,059,3164182,255212,11173,266385,5207
2021-05-15,Placer,061,380077,23098,1464,24562,299
2021-05-15,Plumas,063,18699,699,10,709,5
2021-05-15,Riverside,065,2383286,293620,13799,307419,4571
2021-05-15,Sacramento,067,1510023,105255,1713,106968,1653
2021-05-15,San Benito,069,59416,6046,111,6157,60
2021-05-15,San Bernardino,071,2135413,292780,8880,301660,5276
2021-05-15,San Diego,073,3302833,279890,14822,294712,3754
2021-05-15,San Francisco,075,870044,36585,1256,37841,564
2021-05-15,San Joaquin,077,732212,72776,3461,76237,1432
2021-05-15,San Luis Obispo,079,281455,21315,719,22034,256
2021-05-15,San Mateo,081,765935,42187,463,42650,542
2021-05-15,Santa Barbara,083,443738,34379,1112,35491,455
2021-05-15,Santa Clara,085,1922200,118342,738,119080,1737
2021-05-15,Santa Cruz,087,273765,16202,795,16997,208
2021-05-15,Shasta,089,179085,12153,1533,13686,199
2021-05-15,Sierra,091,2930,56,12,68,0
2021-05-15,Siskiyou,093,43540,1889,336,2225,23
2021-05-15,Solano,095,438530,32648,540,33188,267
2021-05-15,Sonoma,097,501317,29889,324,30213,312
2021-05-15,Stanislaus,099,539301,56030,5831,61861,983
2021-05-15,Sutter,101,95872,9401,83,9484,125
2021-05-15,Tehama,103,63373,5039,552,5591,74
2021-05-15,Trinity,105,12862,483,87,570,4
2021-05-15,Tulare,107,460477,50127,8835,58962,872
2021-05-15,Tuolumne,109,53932,4018,42,4060,65
2021-05-15,Ventura,111,848112,81206,2940,84146,1032
2021-05-15,Yolo,113,214977,13937,229,14166,228
2021-05-15,Yuba,115,75493,6000,119,6119,47
2021-05-14,Alameda,001,1643700,87651,1900,89551,1245
2021-05-14,Alpine,002,1148,87,0,87,0
2021-05-14,Amador,005,37829,3658,32,3690,47
2021-05-14,Butte,007,227075,12417,1817,14234,197
2021-05-14,Calaveras,009,45235,2129,13,2142,55
2021-05-14,Colusa,011,21464,1937,300,2237,16
2021-05-14,Contra Costa,013,1133247,69088,1241,70329,810
2021-05-14,Del Norte,015,27424,1394,12,1406,8
2021-05-14,El Dorado,017,186661,10211,733,10944,113
2021-05-14,Fresno,019,978130,102371,8556,110927,1719
2021-05-14,Glenn,021,27897,2421,552,2973,25
2021-05-14,Humboldt,023,135768,4137,34,4171,41
2021-05-14,Imperial,025,180216,28557,2671,31228,739
2021-05-14,Inyo,027,18085,1404,12,1416,38
2021-05-14,Kern,029,883053,97040,10699,107739,1330
2021-05-14,Kings,031,150075,23108,1069,24177,246
2021-05-14,Lake,033,64148,3501,9,3510,62
2021-05-14,Lassen,035,31185,5190,107,5297,18
2021-05-14,Los Angeles,037,10098052,1205451,40210,1245661,24375
2021-05-14,Madera,039,155013,16573,917,17490,245
2021-05-14,Marin,041,260295,5599,188,5787,176
2021-05-14,Mariposa,043,17540,428,11,439,6
2021-05-14,Mendocino,045,87422,3932,81,4013,49
2021-05-14,Merced,047,269075,30842,1026,31868,489
2021-05-14,Modoc,049,8938,369,124,493,4
2021-05-14,Mono,051,14174,1254,17,1271,3
2021-05-14,Monterey,053,433212,43105,1827,44932,581
2021-05-14,Napa,055,140530,9860,32,9892,80
2021-05-14,Nevada,057,99092,4779,185,4964,70
2021-05-14,Orange,059,3164182,255178,11166,266344,5207
2021-05-14,Placer,061,380077,23079,1458,24537,299
2021-05-14,Plumas,063,18699,698,10,708,5
2021-05-14,Riverside,065,2383286,293570,13796,307366,4570
2021-05-14,Sacramento,067,1510023,105166,1712,106878,1652
2021-05-14,San Benito,069,59416,6046,111,6157,60
2021-05-14,San Bernardino,071,2135413,292732,8880,301612,5275
2021-05-14,San Diego,073,3302833,279817,14811,294628,3754
2021-05-14,San Francisco,075,870044,36576,1252,37828,564
2021-05-14,San Joaquin,077,732212,72744,3454,76198,1431
2021-05-14,San Luis Obispo,079,281455,21311,719,22030,256
2021-05-14,San Mateo,081,765935,42177,463,42640,542
2021-05-14,Santa Barbara,083,443738,34369,1112,35481,455
2021-05-14,Santa Clara,085,1922200,118313,738,119051,1736
2021-05-14,Santa Cruz,087,273765,16197,795,16992,208
2021-05-14,Shasta,089,179085,12147,1528,13675,199
2021-05-14,Sierra,091,2930,56,12,68,0
2021-05-14,Siskiyou,093,43540,1882,335,2217,22
2021-05-14,Solano,095,438530,32628,539,33167,267
2021-05-14,Sonoma,097,501317,29870,324,30194,312
2021-05-14,Stanislaus,099,539301,55995,5825,61820,983
2021-05-14,Sutter,101,95872,9392,81,9473,125
2021-05-14,Tehama,103,63373,5032,552,5584,74
2021-05-14,Trinity,105,12862,483,87,570,4
2021-05-14,Tulare,107,460477,50110,8830,58940,872
2021-05-14,Tuolumne,109,53932,4018,42,4060,65
2021-05-14,Ventura,111,848112,81192,2940,84132,1031
2021-05-14,Yolo,113,214977,13932,225,14157,228
2021-05-14,Yuba,115,75493,5996,119,6115,47
2021-05-13,Alameda,001,1643700,87608,1899,89507,1245
2021-05-13,Alpine,002,1148,87,0,87,0
2021-05-13,Amador,005,37829,3658,32,3690,47
2021-05-13,Butte,007,227075,12403,1816,14219,196
2021-05-13,Calaveras,009,45235,2127,13,2140,55
2021-05-13,Colusa,011,21464,1936,296,2232,16
2021-05-13,Contra Costa,013,1133247,69040,1240,70280,809
2021-05-13,Del Norte,015,27424,1392,12,1404,8
2021-05-13,El Dorado,017,186661,10208,733,10941,113
2021-05-13,Fresno,019,978130,102342,8555,110897,1719
2021-05-13,Glenn,021,27897,2420,552,2972,25
2021-05-13,Humboldt,023,135768,4119,34,4153,41
2021-05-13,Imperial,025,180216,28542,2669,31211,739
2021-05-13,Inyo,027,18085,1404,12,1416,38
2021-05-13,Kern,029,883053,97016,10680,107696,1330
2021-05-13,Kings,031,150075,23107,1069,24176,246
2021-05-13,Lake,033,64148,3501,9,3510,61
2021-05-13,Lassen,035,31185,5190,106,5296,18
2021-05-13,Los Angeles,037,10098052,1205262,40196,1245458,24370
2021-05-13,Madera,039,155013,16565,917,17482,245
2021-05-13,Marin,041,260295,5594,186,5780,176
2021-05-13,Mariposa,043,17540,428,11,439,6
2021-05-13,Mendocino,045,87422,3928,81,4009,49
2021-05-13,Merced,047,269075,30835,1025,31860,487
2021-05-13,Modoc,049,8938,369,124,493,4
2021-05-13,Mono,051,14174,1254,17,1271,3
2021-05-13,Monterey,053,433212,43090,1827,44917,581
2021-05-13,Napa,055,140530,9853,32,9885,80
2021-05-13,Nevada,057,99092,4775,184,4959,70
2021-05-13,Orange,059,3164182,255132,11164,266296,5207
2021-05-13,Placer,061,380077,23052,1451,24503,299
2021-05-13,Plumas,063,18699,698,10,708,5
2021-05-13,Riverside,065,2383286,293504,13791,307295,4569
2021-05-13,Sacramento,067,1510023,105080,1710,106790,1652
2021-05-13,San Benito,069,59416,6044,111,6155,60
2021-05-13,San Bernardino,071,2135413,292666,8880,301546,5273
2021-05-13,San Diego,073,3302833,279703,14794,294497,3752
2021-05-13,San Francisco,075,870044,36552,1250,37802,564
2021-05-13,San Joaquin,077,732212,72702,3450,76152,1429
2021-05-13,San Luis Obispo,079,281455,21296,718,22014,256
2021-05-13,San Mateo,081,765935,42160,463,42623,542
2021-05-13,Santa Barbara,083,443738,34357,1112,35469,455
2021-05-13,Santa Clara,085,1922200,118286,738,119024,1736
2021-05-13,Santa Cruz,087,273765,16191,795,16986,208
2021-05-13,Shasta,089,179085,12127,1524,13651,199
2021-05-13,Sierra,091,2930,56,12,68,0
2021-05-13,Siskiyou,093,43540,1875,332,2207,22
2021-05-13,Solano,095,438530,32615,537,33152,267
2021-05-13,Sonoma,097,501317,29845,324,30169,312
2021-05-13,Stanislaus,099,539301,55957,5819,61776,982
2021-05-13,Sutter,101,95872,9387,80,9467,125
2021-05-13,Tehama,103,63373,5027,552,5579,74
2021-05-13,Trinity,105,12862,482,86,568,4
2021-05-13,Tulare,107,460477,50084,8822,58906,872
2021-05-13,Tuolumne,109,53932,4017,42,4059,64
2021-05-13,Ventura,111,848112,81162,2939,84101,1031
2021-05-13,Yolo,113,214977,13923,223,14146,228
2021-05-13,Yuba,115,75493,5987,119,6106,47
2021-05-12,Alameda,001,1643700,87576,1897,89473,1244
2021-05-12,Alpine,002,1148,87,0,87,0
2021-05-12,Amador,005,37829,3658,32,3690,47
2021-05-12,Butte,007,227075,12393,1816,14209,196
2021-05-12,Calaveras,009,45235,2124,13,2137,55
2021-05-12,Colusa,011,21464,1934,295,2229,16
2021-05-12,Contra Costa,013,1133247,68981,1234,70215,808
2021-05-12,Del Norte,015,27424,1390,12,1402,8
2021-05-12,El Dorado,017,186661,10198,733,10931,113
2021-05-12,Fresno,019,978130,102293,8544,110837,1719
2021-05-12,Glenn,021,27897,2417,552,2969,25
2021-05-12,Humboldt,023,135768,4091,34,4125,40
2021-05-12,Imperial,025,180216,28524,2666,31190,739
2021-05-12,Inyo,027,18085,1404,12,1416,38
2021-05-12,Kern,029,883053,96980,10673,107653,1328
2021-05-12,Kings,031,150075,23105,1069,24174,246
2021-05-12,Lake,033,64148,3499,9,3508,61
2021-05-12,Lassen,035,31185,5188,106,5294,18
2021-05-12,Los Angeles,037,10098052,1205077,40181,1245258,24363
2021-05-12,Madera,039,155013,16558,916,17474,244
2021-05-12,Marin,041,260295,5589,186,5775,175
2021-05-12,Mariposa,043,17540,428,11,439,6
2021-05-12,Mendocino,045,87422,3918,81,3999,49
2021-05-12,Merced,047,269075,30819,1025,31844,487
2021-05-12,Modoc,049,8938,368,124,492,4
2021-05-12,Mono,051,14174,1254,17,1271,3
2021-05-12,Monterey,053,433212,43078,1826,44904,581
2021-05-12,Napa,055,140530,9847,32,9879,80
2021-05-12,Nevada,057,99092,4771,184,4955,70
2021-05-12,Orange,059,3164182,255081,11160,266241,5206
2021-05-12,Placer,061,380077,23034,1444,24478,299
2021-05-12,Plumas,063,18699,698,10,708,5
2021-05-12,Riverside,065,2383286,293434,13787,307221,4569
2021-05-12,Sacramento,067,1510023,104985,1708,106693,1652
2021-05-12,San Benito,069,59416,6044,111,6155,60
2021-05-12,San Bernardino,071,2135413,292617,8875,301492,5270
2021-05-12,San Diego,073,3302833,279599,14773,294372,3752
2021-05-12,San Francisco,075,870044,36532,1249,37781,564
2021-05-12,San Joaquin,077,732212,72648,3446,76094,1429
2021-05-12,San Luis Obispo,079,281455,21286,718,22004,256
2021-05-12,San Mateo,081,765935,42151,462,42613,542
2021-05-12,Santa Barbara,083,443738,34349,1112,35461,455
2021-05-12,Santa Clara,085,1922200,118242,738,118980,1735
2021-05-12,Santa Cruz,087,273765,16185,795,16980,208
2021-05-12,Shasta,089,179085,12107,1522,13629,198
2021-05-12,Sierra,091,2930,56,12,68,0
2021-05-12,Siskiyou,093,43540,1871,331,2202,20
2021-05-12,Solano,095,438530,32591,537,33128,266
2021-05-12,Sonoma,097,501317,29833,324,30157,312
2021-05-12,Stanislaus,099,539301,55916,5812,61728,981
2021-05-12,Sutter,101,95872,9384,80,9464,125
2021-05-12,Tehama,103,63373,5022,552,5574,74
2021-05-12,Trinity,105,12862,482,86,568,4
2021-05-12,Tulare,107,460477,50068,8814,58882,871
2021-05-12,Tuolumne,109,53932,4016,42,4058,63
2021-05-12,Ventura,111,848112,81143,2939,84082,1031
2021-05-12,Yolo,113,214977,13915,222,14137,228
2021-05-12,Yuba,115,75493,5984,119,6103,47
2021-05-11,Alameda,001,1643700,87511,1893,89404,1244
2021-05-11,Alpine,002,1148,87,0,87,0
2021-05-11,Amador,005,37829,3656,32,3688,47
2021-05-11,Butte,007,227075,12378,1813,14191,195
2021-05-11,Calaveras,009,45235,2124,13,2137,54
2021-05-11,Colusa,011,21464,1933,295,2228,16
2021-05-11,Contra Costa,013,1133247,68921,1233,70154,808
2021-05-11,Del Norte,015,27424,1388,12,1400,8
2021-05-11,El Dorado,017,186661,10192,732,10924,113
2021-05-11,Fresno,019,978130,102247,8538,110785,1716
2021-05-11,Glenn,021,27897,2416,551,2967,25
2021-05-11,Humboldt,023,135768,4070,33,4103,40
2021-05-11,Imperial,025,180216,28516,2662,31178,739
2021-05-11,Inyo,027,18085,1403,12,1415,38
2021-05-11,Kern,029,883053,96952,10660,107612,1328
2021-05-11,Kings,031,150075,23097,1069,24166,246
2021-05-11,Lake,033,64148,3498,9,3507,61
2021-05-11,Lassen,035,31185,5186,106,5292,18
2021-05-11,Los Angeles,037,10098052,1204840,40164,1245004,24354
2021-05-11,Madera,039,155013,16554,915,17469,244
2021-05-11,Marin,041,260295,5582,186,5768,175
2021-05-11,Mariposa,043,17540,428,11,439,6
2021-05-11,Mendocino,045,87422,3910,81,3991,49
2021-05-11,Merced,047,269075,30810,1025,31835,487
2021-05-11,Modoc,049,8938,368,123,491,4
2021-05-11,Mono,051,14174,1254,17,1271,3
2021-05-11,Monterey,053,433212,43070,1825,44895,581
2021-05-11,Napa,055,140530,9840,32,9872,80
2021-05-11,Nevada,057,99092,4767,184,4951,70
2021-05-11,Orange,059,3164182,255017,11153,266170,5205
2021-05-11,Placer,061,380077,23012,1440,24452,299
2021-05-11,Plumas,063,18699,696,10,706,5
2021-05-11,Riverside,065,2383286,293372,13782,307154,4564
2021-05-11,Sacramento,067,1510023,104886,1705,106591,1651
2021-05-11,San Benito,069,59416,6041,111,6152,60
2021-05-11,San Bernardino,071,2135413,292557,8873,301430,5266
2021-05-11,San Diego,073,3302833,279464,14754,294218,3752
2021-05-11,San Francisco,075,870044,36512,1249,37761,563
2021-05-11,San Joaquin,077,732212,72600,3443,76043,1425
2021-05-11,San Luis Obispo,079,281455,21279,716,21995,256
2021-05-11,San Mateo,081,765935,42132,461,42593,540
2021-05-11,Santa Barbara,083,443738,34339,1112,35451,455
2021-05-11,Santa Clara,085,1922200,118195,737,118932,1735
2021-05-11,Santa Cruz,087,273765,16181,795,16976,208
2021-05-11,Shasta,089,179085,12084,1516,13600,197
2021-05-11,Sierra,091,2930,56,12,68,0
2021-05-11,Siskiyou,093,43540,1861,329,2190,20
2021-05-11,Solano,095,438530,32573,535,33108,266
2021-05-11,Sonoma,097,501317,29818,324,30142,312
2021-05-11,Stanislaus,099,539301,55868,5808,61676,981
2021-05-11,Sutter,101,95872,9377,80,9457,125
2021-05-11,Tehama,103,63373,5018,551,5569,74
2021-05-11,Trinity,105,12862,482,85,567,4
2021-05-11,Tulare,107,460477,50041,8800,58841,871
2021-05-11,Tuolumne,109,53932,4015,42,4057,63
2021-05-11,Ventura,111,848112,81119,2936,84055,1031
2021-05-11,Yolo,113,214977,13902,219,14121,228
2021-05-11,Yuba,115,75493,5975,119,6094,47
2021-05-10,Alameda,001,1643700,87443,1892,89335,1242
2021-05-10,Alpine,002,1148,87,0,87,0
2021-05-10,Amador,005,37829,3655,32,3687,47
2021-05-10,Butte,007,227075,12362,1808,14170,195
2021-05-10,Calaveras,009,45235,2117,13,2130,54
2021-05-10,Colusa,011,21464,1933,295,2228,16
2021-05-10,Contra Costa,013,1133247,68857,1233,70090,808
2021-05-10,Del Norte,015,27424,1385,12,1397,8
2021-05-10,El Dorado,017,186661,10178,732,10910,113
2021-05-10,Fresno,019,978130,102215,8532,110747,1714
2021-05-10,Glenn,021,27897,2415,550,2965,25
2021-05-10,Humboldt,023,135768,4040,33,4073,39
2021-05-10,Imperial,025,180216,28502,2658,31160,738
2021-05-10,Inyo,027,18085,1403,12,1415,38
2021-05-10,Kern,029,883053,96909,10646,107555,1326
2021-05-10,Kings,031,150075,23086,1068,24154,246
2021-05-10,Lake,033,64148,3490,9,3499,61
2021-05-10,Lassen,035,31185,5182,106,5288,18
2021-05-10,Los Angeles,037,10098052,1204573,40149,1244722,24344
2021-05-10,Madera,039,155013,16544,915,17459,244
2021-05-10,Marin,041,260295,5579,186,5765,175
2021-05-10,Mariposa,043,17540,427,11,438,6
2021-05-10,Mendocino,045,87422,3904,81,3985,49
2021-05-10,Merced,047,269075,30799,1025,31824,487
2021-05-10,Modoc,049,8938,368,123,491,4
2021-05-10,Mono,051,14174,1254,17,1271,3
2021-05-10,Monterey,053,433212,43064,1820,44884,581
2021-05-10,Napa,055,140530,9838,32,9870,80
2021-05-10,Nevada,057,99092,4760,184,4944,70
2021-05-10,Orange,059,3164182,254964,11147,266111,5203
2021-05-10,Placer,061,380077,22990,1437,24427,299
2021-05-10,Plumas,063,18699,695,10,705,5
2021-05-10,Riverside,065,2383286,293303,13776,307079,4563
2021-05-10,Sacramento,067,1510023,104775,1700,106475,1650
2021-05-10,San Benito,069,59416,6040,111,6151,60
2021-05-10,San Bernardino,071,2135413,292506,8872,301378,5264
2021-05-10,San Diego,073,3302833,279300,14727,294027,3752
2021-05-10,San Francisco,075,870044,36493,1249,37742,563
2021-05-10,San Joaquin,077,732212,72563,3429,75992,1424
2021-05-10,San Luis Obispo,079,281455,21261,715,21976,256
2021-05-10,San Mateo,081,765935,42115,461,42576,539
2021-05-10,Santa Barbara,083,443738,34331,1112,35443,455
2021-05-10,Santa Clara,085,1922200,118136,737,118873,1735
2021-05-10,Santa Cruz,087,273765,16176,795,16971,208
2021-05-10,Shasta,089,179085,12070,1512,13582,197
2021-05-10,Sierra,091,2930,56,12,68,0
2021-05-10,Siskiyou,093,43540,1851,327,2178,20
2021-05-10,Solano,095,438530,32553,533,33086,266
2021-05-10,Sonoma,097,501317,29802,323,30125,312
2021-05-10,Stanislaus,099,539301,55794,5802,61596,980
2021-05-10,Sutter,101,95872,9371,80,9451,124
2021-05-10,Tehama,103,63373,5014,551,5565,74
2021-05-10,Trinity,105,12862,482,83,565,4
2021-05-10,Tulare,107,460477,50018,8794,58812,870
2021-05-10,Tuolumne,109,53932,4011,41,4052,63
2021-05-10,Ventura,111,848112,81103,2935,84038,1031
2021-05-10,Yolo,113,214977,13890,217,14107,228
2021-05-10,Yuba,115,75493,5973,119,6092,47
2021-05-09,Alameda,001,1643700,87373,1889,89262,1241
2021-05-09,Alpine,002,1148,87,0,87,0
2021-05-09,Amador,005,37829,3653,32,3685,47
2021-05-09,Butte,007,227075,12344,1804,14148,195
2021-05-09,Calaveras,009,45235,2116,13,2129,54
2021-05-09,Colusa,011,21464,1932,295,2227,16
2021-05-09,Contra Costa,013,1133247,68794,1231,70025,807
2021-05-09,Del Norte,015,27424,1378,12,1390,8
2021-05-09,El Dorado,017,186661,10164,728,10892,113
2021-05-09,Fresno,019,978130,102177,8523,110700,1714
2021-05-09,Glenn,021,27897,2408,547,2955,25
2021-05-09,Humboldt,023,135768,4020,33,4053,39
2021-05-09,Imperial,025,180216,28479,2650,31129,737
2021-05-09,Inyo,027,18085,1403,11,1414,38
2021-05-09,Kern,029,883053,96881,10636,107517,1325
2021-05-09,Kings,031,150075,23077,1068,24145,246
2021-05-09,Lake,033,64148,3486,9,3495,61
2021-05-09,Lassen,035,31185,5180,106,5286,18
2021-05-09,Los Angeles,037,10098052,1204315,40134,1244449,24341
2021-05-09,Madera,039,155013,16535,909,17444,244
2021-05-09,Marin,041,260295,5568,185,5753,175
2021-05-09,Mariposa,043,17540,424,11,435,6
2021-05-09,Mendocino,045,87422,3894,81,3975,49
2021-05-09,Merced,047,269075,30776,1025,31801,487
2021-05-09,Modoc,049,8938,368,123,491,4
2021-05-09,Mono,051,14174,1254,17,1271,3
2021-05-09,Monterey,053,433212,43046,1820,44866,581
2021-05-09,Napa,055,140530,9827,32,9859,80
2021-05-09,Nevada,057,99092,4753,184,4937,70
2021-05-09,Orange,059,3164182,254910,11139,266049,5202
2021-05-09,Placer,061,380077,22964,1434,24398,299
2021-05-09,Plumas,063,18699,694,10,704,5
2021-05-09,Riverside,065,2383286,293223,13770,306993,4562
2021-05-09,Sacramento,067,1510023,104626,1694,106320,1649
2021-05-09,San Benito,069,59416,6038,111,6149,60
2021-05-09,San Bernardino,071,2135413,292423,8866,301289,5264
2021-05-09,San Diego,073,3302833,279133,14705,293838,3751
2021-05-09,San Francisco,075,870044,36467,1247,37714,563
2021-05-09,San Joaquin,077,732212,72517,3428,75945,1424
2021-05-09,San Luis Obispo,079,281455,21250,715,21965,256
2021-05-09,San Mateo,081,765935,42085,461,42546,539
2021-05-09,Santa Barbara,083,443738,34318,1111,35429,455
2021-05-09,Santa Clara,085,1922200,118082,736,118818,1735
2021-05-09,Santa Cruz,087,273765,16170,795,16965,208
2021-05-09,Shasta,089,179085,12040,1507,13547,197
2021-05-09,Sierra,091,2930,56,12,68,0
2021-05-09,Siskiyou,093,43540,1844,324,2168,20
2021-05-09,Solano,095,438530,32514,531,33045,266
2021-05-09,Sonoma,097,501317,29788,322,30110,312
2021-05-09,Stanislaus,099,539301,55728,5798,61526,980
2021-05-09,Sutter,101,95872,9365,80,9445,124
2021-05-09,Tehama,103,63373,5009,551,5560,74
2021-05-09,Trinity,105,12862,482,83,565,4
2021-05-09,Tulare,107,460477,49991,8789,58780,870
2021-05-09,Tuolumne,109,53932,4009,41,4050,63
2021-05-09,Ventura,111,848112,81088,2934,84022,1031
2021-05-09,Yolo,113,214977,13879,217,14096,228
2021-05-09,Yuba,115,75493,5967,119,6086,47
2021-05-08,Alameda,001,1643700,87331,1885,89216,1241
2021-05-08,Alpine,002,1148,87,0,87,0
2021-05-08,Amador,005,37829,3651,32,3683,47
2021-05-08,Butte,007,227075,12332,1803,14135,195
2021-05-08,Calaveras,009,45235,2115,13,2128,54
2021-05-08,Colusa,011,21464,1932,295,2227,16
2021-05-08,Contra Costa,013,1133247,68761,1229,69990,807
2021-05-08,Del Norte,015,27424,1375,12,1387,8
2021-05-08,El Dorado,017,186661,10150,728,10878,113
2021-05-08,Fresno,019,978130,102141,8518,110659,1714
2021-05-08,Glenn,021,27897,2406,545,2951,25
2021-05-08,Humboldt,023,135768,4004,33,4037,39
2021-05-08,Imperial,025,180216,28470,2650,31120,737
2021-05-08,Inyo,027,18085,1403,11,1414,38
2021-05-08,Kern,029,883053,96856,10623,107479,1325
2021-05-08,Kings,031,150075,23074,1067,24141,246
2021-05-08,Lake,033,64148,3485,9,3494,61
2021-05-08,Lassen,035,31185,5179,106,5285,18
2021-05-08,Los Angeles,037,10098052,1204161,40118,1244279,24332
2021-05-08,Madera,039,155013,16531,909,17440,244
2021-05-08,Marin,041,260295,5565,184,5749,175
2021-05-08,Mariposa,043,17540,424,11,435,6
2021-05-08,Mendocino,045,87422,3889,80,3969,49
2021-05-08,Merced,047,269075,30766,1025,31791,485
2021-05-08,Modoc,049,8938,368,122,490,4
2021-05-08,Mono,051,14174,1254,17,1271,3
2021-05-08,Monterey,053,433212,43041,1819,44860,580
2021-05-08,Napa,055,140530,9820,32,9852,80
2021-05-08,Nevada,057,99092,4750,184,4934,70
2021-05-08,Orange,059,3164182,254876,11135,266011,5198
2021-05-08,Placer,061,380077,22946,1432,24378,299
2021-05-08,Plumas,063,18699,693,10,703,5
2021-05-08,Riverside,065,2383286,293180,13768,306948,4562
2021-05-08,Sacramento,067,1510023,104541,1691,106232,1648
2021-05-08,San Benito,069,59416,6037,111,6148,60
2021-05-08,San Bernardino,071,2135413,292380,8866,301246,5263
2021-05-08,San Diego,073,3302833,279050,14687,293737,3751
2021-05-08,San Francisco,075,870044,36444,1247,37691,563
2021-05-08,San Joaquin,077,732212,72488,3419,75907,1421
2021-05-08,San Luis Obispo,079,281455,21239,715,21954,256
2021-05-08,San Mateo,081,765935,42074,461,42535,538
2021-05-08,Santa Barbara,083,443738,34305,1111,35416,455
2021-05-08,Santa Clara,085,1922200,118051,736,118787,1735
2021-05-08,Santa Cruz,087,273765,16167,795,16962,208
2021-05-08,Shasta,089,179085,12030,1503,13533,197
2021-05-08,Sierra,091,2930,56,12,68,0
2021-05-08,Siskiyou,093,43540,1843,320,2163,19
2021-05-08,Solano,095,438530,32490,529,33019,266
2021-05-08,Sonoma,097,501317,29775,322,30097,312
2021-05-08,Stanislaus,099,539301,55697,5794,61491,980
2021-05-08,Sutter,101,95872,9362,80,9442,124
2021-05-08,Tehama,103,63373,5007,551,5558,73
2021-05-08,Trinity,105,12862,482,83,565,4
2021-05-08,Tulare,107,460477,49978,8779,58757,870
2021-05-08,Tuolumne,109,53932,4008,41,4049,63
2021-05-08,Ventura,111,848112,81077,2931,84008,1031
2021-05-08,Yolo,113,214977,13876,216,14092,228
2021-05-08,Yuba,115,75493,5959,119,6078,47
2021-05-07,Alameda,001,1643700,87278,1885,89163,1240
2021-05-07,Alpine,002,1148,87,0,87,0
2021-05-07,Amador,005,37829,3648,32,3680,47
2021-05-07,Butte,007,227075,12311,1800,14111,195
2021-05-07,Calaveras,009,45235,2113,13,2126,53
2021-05-07,Colusa,011,21464,1932,295,2227,16
2021-05-07,Contra Costa,013,1133247,68714,1227,69941,807
2021-05-07,Del Norte,015,27424,1370,12,1382,8
2021-05-07,El Dorado,017,186661,10137,727,10864,113
2021-05-07,Fresno,019,978130,102108,8517,110625,1713
2021-05-07,Glenn,021,27897,2403,544,2947,25
2021-05-07,Humboldt,023,135768,3989,33,4022,38
2021-05-07,Imperial,025,180216,28462,2650,31112,737
2021-05-07,Inyo,027,18085,1403,11,1414,38
2021-05-07,Kern,029,883053,96843,10611,107454,1325
2021-05-07,Kings,031,150075,23073,1066,24139,246
2021-05-07,Lake,033,64148,3483,9,3492,61
2021-05-07,Lassen,035,31185,5178,105,5283,18
2021-05-07,Los Angeles,037,10098052,1203981,40111,1244092,24323
2021-05-07,Madera,039,155013,16526,909,17435,244
2021-05-07,Marin,041,260295,5561,184,5745,175
2021-05-07,Mariposa,043,17540,423,11,434,6
2021-05-07,Mendocino,045,87422,3883,80,3963,49
2021-05-07,Merced,047,269075,30763,1025,31788,485
2021-05-07,Modoc,049,8938,368,122,490,4
2021-05-07,Mono,051,14174,1253,17,1270,3
2021-05-07,Monterey,053,433212,43035,1817,44852,580
2021-05-07,Napa,055,140530,9819,32,9851,80
2021-05-07,Nevada,057,99092,4746,184,4930,70
2021-05-07,Orange,059,3164182,254836,11127,265963,5198
2021-05-07,Placer,061,380077,22926,1430,24356,299
2021-05-07,Plumas,063,18699,693,10,703,5
2021-05-07,Riverside,065,2383286,293122,13767,306889,4562
2021-05-07,Sacramento,067,1510023,104469,1686,106155,1647
2021-05-07,San Benito,069,59416,6036,111,6147,60
2021-05-07,San Bernardino,071,2135413,292338,8861,301199,5261
2021-05-07,San Diego,073,3302833,278964,14671,293635,3750
2021-05-07,San Francisco,075,870044,36431,1246,37677,563
2021-05-07,San Joaquin,077,732212,72447,3417,75864,1421
2021-05-07,San Luis Obispo,079,281455,21232,715,21947,256
2021-05-07,San Mateo,081,765935,42059,461,42520,538
2021-05-07,Santa Barbara,083,443738,34295,1111,35406,455
2021-05-07,Santa Clara,085,1922200,118018,735,118753,1735
2021-05-07,Santa Cruz,087,273765,16164,795,16959,207
2021-05-07,Shasta,089,179085,12008,1501,13509,197
2021-05-07,Sierra,091,2930,56,12,68,0
2021-05-07,Siskiyou,093,43540,1840,320,2160,18
2021-05-07,Solano,095,438530,32462,527,32989,266
2021-05-07,Sonoma,097,501317,29757,320,30077,312
2021-05-07,Stanislaus,099,539301,55657,5789,61446,980
2021-05-07,Sutter,101,95872,9362,80,9442,124
2021-05-07,Tehama,103,63373,5000,551,5551,73
2021-05-07,Trinity,105,12862,482,83,565,4
2021-05-07,Tulare,107,460477,49961,8774,58735,870
2021-05-07,Tuolumne,109,53932,4006,41,4047,63
2021-05-07,Ventura,111,848112,81053,2931,83984,1031
2021-05-07,Yolo,113,214977,13870,215,14085,228
2021-05-07,Yuba,115,75493,5949,119,6068,47
2021-05-06,Alameda,001,1643700,87202,1882,89084,1238
2021-05-06,Alpine,002,1148,87,0,87,0
2021-05-06,Amador,005,37829,3646,32,3678,47
2021-05-06,Butte,007,227075,12291,1795,14086,195
2021-05-06,Calaveras,009,45235,2113,13,2126,53
2021-05-06,Colusa,011,21464,1932,295,2227,16
2021-05-06,Contra Costa,013,1133247,68659,1224,69883,807
2021-05-06,Del Norte,015,27424,1362,12,1374,8
2021-05-06,El Dorado,017,186661,10130,727,10857,113
2021-05-06,Fresno,019,978130,102064,8513,110577,1710
2021-05-06,Glenn,021,27897,2402,543,2945,25
2021-05-06,Humboldt,023,135768,3964,33,3997,38
2021-05-06,Imperial,025,180216,28451,2649,31100,737
2021-05-06,Inyo,027,18085,1403,11,1414,38
2021-05-06,Kern,029,883053,96818,10594,107412,1325
2021-05-06,Kings,031,150075,23066,1065,24131,246
2021-05-06,Lake,033,64148,3482,9,3491,61
2021-05-06,Lassen,035,31185,5177,105,5282,18
2021-05-06,Los Angeles,037,10098052,1203739,40095,1243834,24318
2021-05-06,Madera,039,155013,16518,909,17427,244
2021-05-06,Marin,041,260295,5557,184,5741,175
2021-05-06,Mariposa,043,17540,422,11,433,6
2021-05-06,Mendocino,045,87422,3872,80,3952,48
2021-05-06,Merced,047,269075,30748,1023,31771,484
2021-05-06,Modoc,049,8938,368,122,490,4
2021-05-06,Mono,051,14174,1251,17,1268,3
2021-05-06,Monterey,053,433212,43020,1817,44837,579
2021-05-06,Napa,055,140530,9813,32,9845,80
2021-05-06,Nevada,057,99092,4745,184,4929,70
2021-05-06,Orange,059,3164182,254768,11121,265889,5198
2021-05-06,Placer,061,380077,22904,1430,24334,299
2021-05-06,Plumas,063,18699,693,10,703,5
2021-05-06,Riverside,065,2383286,293049,13762,306811,4559
2021-05-06,Sacramento,067,1510023,104353,1683,106036,1646
2021-05-06,San Benito,069,59416,6035,111,6146,60
2021-05-06,San Bernardino,071,2135413,292268,8860,301128,5260
2021-05-06,San Diego,073,3302833,278837,14648,293485,3750
2021-05-06,San Francisco,075,870044,36416,1246,37662,562
2021-05-06,San Joaquin,077,732212,72392,3414,75806,1419
2021-05-06,San Luis Obispo,079,281455,21220,713,21933,256
2021-05-06,San Mateo,081,765935,42040,460,42500,538
2021-05-06,Santa Barbara,083,443738,34282,1111,35393,455
2021-05-06,Santa Clara,085,1922200,117977,735,118712,1733
2021-05-06,Santa Cruz,087,273765,16157,795,16952,207
2021-05-06,Shasta,089,179085,11986,1495,13481,197
2021-05-06,Sierra,091,2930,56,12,68,0
2021-05-06,Siskiyou,093,43540,1830,319,2149,18
2021-05-06,Solano,095,438530,32436,519,32955,266
2021-05-06,Sonoma,097,501317,29749,320,30069,312
2021-05-06,Stanislaus,099,539301,55601,5784,61385,978
2021-05-06,Sutter,101,95872,9356,80,9436,124
2021-05-06,Tehama,103,63373,4995,551,5546,73
2021-05-06,Trinity,105,12862,482,83,565,4
2021-05-06,Tulare,107,460477,49936,8759,58695,870
2021-05-06,Tuolumne,109,53932,4002,41,4043,63
2021-05-06,Ventura,111,848112,81022,2928,83950,1031
2021-05-06,Yolo,113,214977,13862,212,14074,228
2021-05-06,Yuba,115,75493,5937,119,6056,47
2021-05-05,Alameda,001,1643700,87141,1880,89021,1236
2021-05-05,Alpine,002,1148,87,0,87,0
2021-05-05,Amador,005,37829,3643,32,3675,47
2021-05-05,Butte,007,227075,12273,1792,14065,194
2021-05-05,Calaveras,009,45235,2109,13,2122,53
2021-05-05,Colusa,011,21464,1931,295,2226,16
2021-05-05,Contra Costa,013,1133247,68594,1220,69814,806
2021-05-05,Del Norte,015,27424,1359,12,1371,8
2021-05-05,El Dorado,017,186661,10119,726,10845,112
2021-05-05,Fresno,019,978130,102015,8504,110519,1706
2021-05-05,Glenn,021,27897,2399,542,2941,25
2021-05-05,Humboldt,023,135768,3945,32,3977,38
2021-05-05,Imperial,025,180216,28410,2642,31052,737
2021-05-05,Inyo,027,18085,1402,11,1413,38
2021-05-05,Kern,029,883053,96774,10590,107364,1325
2021-05-05,Kings,031,150075,23060,1064,24124,246
2021-05-05,Lake,033,64148,3479,9,3488,61
2021-05-05,Lassen,035,31185,5177,104,5281,18
2021-05-05,Los Angeles,037,10098052,1203472,40081,1243553,24312
2021-05-05,Madera,039,155013,16516,909,17425,244
2021-05-05,Marin,041,260295,5549,183,5732,175
2021-05-05,Mariposa,043,17540,422,11,433,6
2021-05-05,Mendocino,045,87422,3868,80,3948,48
2021-05-05,Merced,047,269075,30727,1023,31750,482
2021-05-05,Modoc,049,8938,367,121,488,4
2021-05-05,Mono,051,14174,1251,17,1268,3
2021-05-05,Monterey,053,433212,43007,1814,44821,578
2021-05-05,Napa,055,140530,9807,32,9839,79
2021-05-05,Nevada,057,99092,4742,184,4926,70
2021-05-05,Orange,059,3164182,254710,11116,265826,5197
2021-05-05,Placer,061,380077,22872,1426,24298,299
2021-05-05,Plumas,063,18699,693,10,703,5
2021-05-05,Riverside,065,2383286,292954,13753,306707,4558
2021-05-05,Sacramento,067,1510023,104265,1678,105943,1644
2021-05-05,San Benito,069,59416,6026,111,6137,60
2021-05-05,San Bernardino,071,2135413,292193,8855,301048,5260
2021-05-05,San Diego,073,3302833,278700,14629,293329,3749
2021-05-05,San Francisco,075,870044,36401,1245,37646,560
2021-05-05,San Joaquin,077,732212,72340,3411,75751,1418
2021-05-05,San Luis Obispo,079,281455,21212,713,21925,256
2021-05-05,San Mateo,081,765935,42011,459,42470,538
2021-05-05,Santa Barbara,083,443738,34267,1110,35377,455
2021-05-05,Santa Clara,085,1922200,117947,732,118679,1732
2021-05-05,Santa Cruz,087,273765,16151,795,16946,207
2021-05-05,Shasta,089,179085,11970,1491,13461,197
2021-05-05,Sierra,091,2930,56,12,68,0
2021-05-05,Siskiyou,093,43540,1813,311,2124,17
2021-05-05,Solano,095,438530,32401,517,32918,266
2021-05-05,Sonoma,097,501317,29736,320,30056,312
2021-05-05,Stanislaus,099,539301,55544,5782,61326,977
2021-05-05,Sutter,101,95872,9350,80,9430,124
2021-05-05,Tehama,103,63373,4991,551,5542,73
2021-05-05,Trinity,105,12862,482,83,565,4
2021-05-05,Tulare,107,460477,49912,8752,58664,870
2021-05-05,Tuolumne,109,53932,3999,41,4040,63
2021-05-05,Ventura,111,848112,80994,2924,83918,1031
2021-05-05,Yolo,113,214977,13858,210,14068,228
2021-05-05,Yuba,115,75493,5927,118,6045,47
2021-05-04,Alameda,001,1643700,87049,1880,88929,1236
2021-05-04,Alpine,002,1148,87,0,87,0
2021-05-04,Amador,005,37829,3643,32,3675,47
2021-05-04,Butte,007,227075,12249,1791,14040,194
2021-05-04,Calaveras,009,45235,2105,13,2118,53
2021-05-04,Colusa,011,21464,1930,295,2225,16
2021-05-04,Contra Costa,013,1133247,68514,1218,69732,805
2021-05-04,Del Norte,015,27424,1359,12,1371,8
2021-05-04,El Dorado,017,186661,10108,722,10830,112
2021-05-04,Fresno,019,978130,101960,8497,110457,1705
2021-05-04,Glenn,021,27897,2396,539,2935,25
2021-05-04,Humboldt,023,135768,3919,32,3951,38
2021-05-04,Imperial,025,180216,28391,2639,31030,737
2021-05-04,Inyo,027,18085,1402,11,1413,38
2021-05-04,Kern,029,883053,96738,10572,107310,1325
2021-05-04,Kings,031,150075,23046,1061,24107,246
2021-05-04,Lake,033,64148,3478,9,3487,61
2021-05-04,Lassen,035,31185,5176,104,5280,18
2021-05-04,Los Angeles,037,10098052,1203182,40068,1243250,24304
2021-05-04,Madera,039,155013,16515,909,17424,244
2021-05-04,Marin,041,260295,5541,183,5724,175
2021-05-04,Mariposa,043,17540,422,11,433,6
2021-05-04,Mendocino,045,87422,3863,80,3943,48
2021-05-04,Merced,047,269075,30710,1023,31733,481
2021-05-04,Modoc,049,8938,366,120,486,4
2021-05-04,Mono,051,14174,1251,17,1268,3
2021-05-04,Monterey,053,433212,42995,1813,44808,578
2021-05-04,Napa,055,140530,9798,32,9830,79
2021-05-04,Nevada,057,99092,4735,184,4919,70
2021-05-04,Orange,059,3164182,254642,11108,265750,5196
2021-05-04,Placer,061,380077,22844,1423,24267,299
2021-05-04,Plumas,063,18699,692,10,702,5
2021-05-04,Riverside,065,2383286,292870,13746,306616,4557
2021-05-04,Sacramento,067,1510023,104136,1673,105809,1643
2021-05-04,San Benito,069,59416,6025,111,6136,60
2021-05-04,San Bernardino,071,2135413,292116,8848,300964,5259
2021-05-04,San Diego,073,3302833,278533,14612,293145,3747
2021-05-04,San Francisco,075,870044,36383,1245,37628,560
2021-05-04,San Joaquin,077,732212,72279,3406,75685,1416
2021-05-04,San Luis Obispo,079,281455,21206,711,21917,256
2021-05-04,San Mateo,081,765935,41985,459,42444,538
2021-05-04,Santa Barbara,083,443738,34252,1109,35361,455
2021-05-04,Santa Clara,085,1922200,117884,731,118615,1731
2021-05-04,Santa Cruz,087,273765,16145,795,16940,207
2021-05-04,Shasta,089,179085,11950,1485,13435,197
2021-05-04,Sierra,091,2930,56,12,68,0
2021-05-04,Siskiyou,093,43540,1806,309,2115,17
2021-05-04,Solano,095,438530,32360,515,32875,266
2021-05-04,Sonoma,097,501317,29716,319,30035,312
2021-05-04,Stanislaus,099,539301,55488,5779,61267,977
2021-05-04,Sutter,101,95872,9345,80,9425,124
2021-05-04,Tehama,103,63373,4988,550,5538,73
2021-05-04,Trinity,105,12862,482,83,565,4
2021-05-04,Tulare,107,460477,49885,8744,58629,870
2021-05-04,Tuolumne,109,53932,3997,41,4038,63
2021-05-04,Ventura,111,848112,80965,2922,83887,1031
2021-05-04,Yolo,113,214977,13845,208,14053,228
2021-05-04,Yuba,115,75493,5921,118,6039,47
2021-05-03,Alameda,001,1643700,86973,1875,88848,1236
2021-05-03,Alpine,002,1148,87,0,87,0
2021-05-03,Amador,005,37829,3643,32,3675,47
2021-05-03,Butte,007,227075,12239,1788,14027,194
2021-05-03,Calaveras,009,45235,2103,13,2116,52
2021-05-03,Colusa,011,21464,1929,293,2222,16
2021-05-03,Contra Costa,013,1133247,68455,1214,69669,805
2021-05-03,Del Norte,015,27424,1354,11,1365,8
2021-05-03,El Dorado,017,186661,10090,717,10807,112
2021-05-03,Fresno,019,978130,101904,8487,110391,1703
2021-05-03,Glenn,021,27897,2396,538,2934,25
2021-05-03,Humboldt,023,135768,3904,32,3936,38
2021-05-03,Imperial,025,180216,28369,2636,31005,737
2021-05-03,Inyo,027,18085,1401,11,1412,38
2021-05-03,Kern,029,883053,96701,10561,107262,1325
2021-05-03,Kings,031,150075,23037,1061,24098,246
2021-05-03,Lake,033,64148,3476,9,3485,61
2021-05-03,Lassen,035,31185,5175,104,5279,18
2021-05-03,Los Angeles,037,10098052,1202914,40042,1242956,24299
2021-05-03,Madera,039,155013,16510,908,17418,244
2021-05-03,Marin,041,260295,5535,183,5718,175
2021-05-03,Mariposa,043,17540,422,11,433,6
2021-05-03,Mendocino,045,87422,3856,80,3936,48
2021-05-03,Merced,047,269075,30699,1021,31720,481
2021-05-03,Modoc,049,8938,366,120,486,4
2021-05-03,Mono,051,14174,1251,17,1268,3
2021-05-03,Monterey,053,433212,42983,1811,44794,578
2021-05-03,Napa,055,140530,9793,32,9825,79
2021-05-03,Nevada,057,99092,4727,184,4911,70
2021-05-03,Orange,059,3164182,254584,11099,265683,5196
2021-05-03,Placer,061,380077,22813,1417,24230,299
2021-05-03,Plumas,063,18699,691,10,701,5
2021-05-03,Riverside,065,2383286,292796,13745,306541,4556
2021-05-03,Sacramento,067,1510023,103983,1663,105646,1641
2021-05-03,San Benito,069,59416,6024,111,6135,60
2021-05-03,San Bernardino,071,2135413,292048,8845,300893,5254
2021-05-03,San Diego,073,3302833,278370,14587,292957,3747
2021-05-03,San Francisco,075,870044,36357,1245,37602,560
2021-05-03,San Joaquin,077,732212,72229,3403,75632,1416
2021-05-03,San Luis Obispo,079,281455,21190,708,21898,256
2021-05-03,San Mateo,081,765935,41962,458,42420,538
2021-05-03,Santa Barbara,083,443738,34240,1109,35349,455
2021-05-03,Santa Clara,085,1922200,117830,730,118560,1730
2021-05-03,Santa Cruz,087,273765,16142,795,16937,207
2021-05-03,Shasta,089,179085,11927,1480,13407,196
2021-05-03,Sierra,091,2930,56,12,68,0
2021-05-03,Siskiyou,093,43540,1800,303,2103,16
2021-05-03,Solano,095,438530,32319,514,32833,265
2021-05-03,Sonoma,097,501317,29704,316,30020,312
2021-05-03,Stanislaus,099,539301,55422,5770,61192,976
2021-05-03,Sutter,101,95872,9333,80,9413,124
2021-05-03,Tehama,103,63373,4980,550,5530,73
2021-05-03,Trinity,105,12862,482,83,565,4
2021-05-03,Tulare,107,460477,49867,8734,58601,869
2021-05-03,Tuolumne,109,53932,3996,41,4037,63
2021-05-03,Ventura,111,848112,80943,2922,83865,1030
2021-05-03,Yolo,113,214977,13831,207,14038,228
2021-05-03,Yuba,115,75493,5916,118,6034,47
2021-05-02,Alameda,001,1643700,86888,1873,88761,1236
2021-05-02,Alpine,002,1148,87,0,87,0
2021-05-02,Amador,005,37829,3643,32,3675,47
2021-05-02,Butte,007,227075,12215,1786,14001,194
2021-05-02,Calaveras,009,45235,2099,13,2112,52
2021-05-02,Colusa,011,21464,1928,292,2220,16
2021-05-02,Contra Costa,013,1133247,68370,1212,69582,805
2021-05-02,Del Norte,015,27424,1347,11,1358,8
2021-05-02,El Dorado,017,186661,10075,716,10791,111
2021-05-02,Fresno,019,978130,101832,8476,110308,1702
2021-05-02,Glenn,021,27897,2395,536,2931,25
2021-05-02,Humboldt,023,135768,3892,31,3923,38
2021-05-02,Imperial,025,180216,28335,2627,30962,737
2021-05-02,Inyo,027,18085,1399,11,1410,38
2021-05-02,Kern,029,883053,96643,10554,107197,1324
2021-05-02,Kings,031,150075,23019,1060,24079,246
2021-05-02,Lake,033,64148,3474,9,3483,61
2021-05-02,Lassen,035,31185,5174,103,5277,18
2021-05-02,Los Angeles,037,10098052,1202562,40021,1242583,24294
2021-05-02,Madera,039,155013,16504,908,17412,243
2021-05-02,Marin,041,260295,5525,183,5708,175
2021-05-02,Mariposa,043,17540,422,11,433,6
2021-05-02,Mendocino,045,87422,3851,80,3931,48
2021-05-02,Merced,047,269075,30679,1017,31696,479
2021-05-02,Modoc,049,8938,365,120,485,4
2021-05-02,Mono,051,14174,1250,17,1267,3
2021-05-02,Monterey,053,433212,42969,1810,44779,577
2021-05-02,Napa,055,140530,9789,32,9821,79
2021-05-02,Nevada,057,99092,4711,184,4895,70
2021-05-02,Orange,059,3164182,254510,11085,265595,5194
2021-05-02,Placer,061,380077,22784,1414,24198,298
2021-05-02,Plumas,063,18699,691,10,701,5
2021-05-02,Riverside,065,2383286,292696,13735,306431,4556
2021-05-02,Sacramento,067,1510023,103844,1655,105499,1641
2021-05-02,San Benito,069,59416,6019,111,6130,60
2021-05-02,San Bernardino,071,2135413,291949,8843,300792,5251
2021-05-02,San Diego,073,3302833,278174,14560,292734,3747
2021-05-02,San Francisco,075,870044,36331,1245,37576,560
2021-05-02,San Joaquin,077,732212,72165,3397,75562,1415
2021-05-02,San Luis Obispo,079,281455,21169,707,21876,256
2021-05-02,San Mateo,081,765935,41946,457,42403,538
2021-05-02,Santa Barbara,083,443738,34226,1109,35335,455
2021-05-02,Santa Clara,085,1922200,117756,730,118486,1727
2021-05-02,Santa Cruz,087,273765,16137,794,16931,207
2021-05-02,Shasta,089,179085,11911,1472,13383,196
2021-05-02,Sierra,091,2930,56,12,68,0
2021-05-02,Siskiyou,093,43540,1789,302,2091,16
2021-05-02,Solano,095,438530,32281,510,32791,265
2021-05-02,Sonoma,097,501317,29682,316,29998,312
2021-05-02,Stanislaus,099,539301,55348,5763,61111,974
2021-05-02,Sutter,101,95872,9327,80,9407,124
2021-05-02,Tehama,103,63373,4975,548,5523,73
2021-05-02,Trinity,105,12862,482,83,565,4
2021-05-02,Tulare,107,460477,49849,8726,58575,869
2021-05-02,Tuolumne,109,53932,3993,41,4034,62
2021-05-02,Ventura,111,848112,80905,2921,83826,1030
2021-05-02,Yolo,113,214977,13819,206,14025,228
2021-05-02,Yuba,115,75493,5906,118,6024,47
2021-05-01,Alameda,001,1643700,86845,1870,88715,1235
2021-05-01,Alpine,002,1148,87,0,87,0
2021-05-01,Amador,005,37829,3643,32,3675,47
2021-05-01,Butte,007,227075,12201,1781,13982,194
2021-05-01,Calaveras,009,45235,2097,13,2110,52
2021-05-01,Colusa,011,21464,1927,292,2219,16
2021-05-01,Contra Costa,013,1133247,68318,1209,69527,805
2021-05-01,Del Norte,015,27424,1346,11,1357,8
2021-05-01,El Dorado,017,186661,10061,714,10775,111
2021-05-01,Fresno,019,978130,101787,8470,110257,1702
2021-05-01,Glenn,021,27897,2392,535,2927,25
2021-05-01,Humboldt,023,135768,3878,31,3909,38
2021-05-01,Imperial,025,180216,28328,2627,30955,737
2021-05-01,Inyo,027,18085,1399,11,1410,38
2021-05-01,Kern,029,883053,96616,10543,107159,1324
2021-05-01,Kings,031,150075,23016,1059,24075,246
2021-05-01,Lake,033,64148,3472,9,3481,61
2021-05-01,Lassen,035,31185,5172,103,5275,18
2021-05-01,Los Angeles,037,10098052,1202392,40007,1242399,24289
2021-05-01,Madera,039,155013,16500,908,17408,243
2021-05-01,Marin,041,260295,5517,183,5700,175
2021-05-01,Mariposa,043,17540,422,11,433,6
2021-05-01,Mendocino,045,87422,3849,80,3929,48
2021-05-01,Merced,047,269075,30662,1016,31678,478
2021-05-01,Modoc,049,8938,365,120,485,4
2021-05-01,Mono,051,14174,1250,17,1267,3
2021-05-01,Monterey,053,433212,42963,1810,44773,577
2021-05-01,Napa,055,140530,9786,32,9818,79
2021-05-01,Nevada,057,99092,4706,184,4890,70
2021-05-01,Orange,059,3164182,254467,11075,265542,5194
2021-05-01,Placer,061,380077,22758,1412,24170,298
2021-05-01,Plumas,063,18699,690,10,700,5
2021-05-01,Riverside,065,2383286,292657,13733,306390,4554
2021-05-01,Sacramento,067,1510023,103763,1654,105417,1638
2021-05-01,San Benito,069,59416,6016,111,6127,60
2021-05-01,San Bernardino,071,2135413,291906,8842,300748,5248
2021-05-01,San Diego,073,3302833,278050,14539,292589,3747
2021-05-01,San Francisco,075,870044,36316,1245,37561,560
2021-05-01,San Joaquin,077,732212,72116,3395,75511,1414
2021-05-01,San Luis Obispo,079,281455,21164,707,21871,255
2021-05-01,San Mateo,081,765935,41917,456,42373,537
2021-05-01,Santa Barbara,083,443738,34221,1108,35329,455
2021-05-01,Santa Clara,085,1922200,117704,728,118432,1727
2021-05-01,Santa Cruz,087,273765,16134,794,16928,207
2021-05-01,Shasta,089,179085,11891,1465,13356,196
2021-05-01,Sierra,091,2930,56,12,68,0
2021-05-01,Siskiyou,093,43540,1781,301,2082,16
2021-05-01,Solano,095,438530,32251,502,32753,265
2021-05-01,Sonoma,097,501317,29679,316,29995,312
2021-05-01,Stanislaus,099,539301,55313,5757,61070,974
2021-05-01,Sutter,101,95872,9324,80,9404,124
2021-05-01,Tehama,103,63373,4974,547,5521,73
2021-05-01,Trinity,105,12862,482,82,564,4
2021-05-01,Tulare,107,460477,49842,8720,58562,869
2021-05-01,Tuolumne,109,53932,3987,41,4028,62
2021-05-01,Ventura,111,848112,80887,2921,83808,1029
2021-05-01,Yolo,113,214977,13812,204,14016,228
2021-05-01,Yuba,115,75493,5904,118,6022,47
2021-04-30,Alameda,001,1643700,86784,1867,88651,1234
2021-04-30,Alpine,002,1148,87,0,87,0
2021-04-30,Amador,005,37829,3641,32,3673,47
2021-04-30,Butte,007,227075,12182,1777,13959,194
2021-04-30,Calaveras,009,45235,2096,13,2109,52
2021-04-30,Colusa,011,21464,1927,291,2218,16
2021-04-30,Contra Costa,013,1133247,68270,1206,69476,805
2021-04-30,Del Norte,015,27424,1334,11,1345,8
2021-04-30,El Dorado,017,186661,10047,714,10761,111
2021-04-30,Fresno,019,978130,101741,8466,110207,1702
2021-04-30,Glenn,021,27897,2391,535,2926,25
2021-04-30,Humboldt,023,135768,3865,31,3896,38
2021-04-30,Imperial,025,180216,28319,2624,30943,737
2021-04-30,Inyo,027,18085,1399,11,1410,38
2021-04-30,Kern,029,883053,96599,10539,107138,1323
2021-04-30,Kings,031,150075,23013,1058,24071,246
2021-04-30,Lake,033,64148,3468,9,3477,60
2021-04-30,Lassen,035,31185,5171,103,5274,18
2021-04-30,Los Angeles,037,10098052,1202182,39994,1242176,24284
2021-04-30,Madera,039,155013,16494,908,17402,243
2021-04-30,Marin,041,260295,5509,181,5690,175
2021-04-30,Mariposa,043,17540,422,11,433,6
2021-04-30,Mendocino,045,87422,3845,80,3925,48
2021-04-30,Merced,047,269075,30649,1015,31664,478
2021-04-30,Modoc,049,8938,364,120,484,4
2021-04-30,Mono,051,14174,1250,17,1267,3
2021-04-30,Monterey,053,433212,42949,1809,44758,577
2021-04-30,Napa,055,140530,9782,32,9814,79
2021-04-30,Nevada,057,99092,4698,184,4882,70
2021-04-30,Orange,059,3164182,254409,11069,265478,5194
2021-04-30,Placer,061,380077,22739,1408,24147,297
2021-04-30,Plumas,063,18699,690,10,700,5
2021-04-30,Riverside,065,2383286,292599,13726,306325,4554
2021-04-30,Sacramento,067,1510023,103662,1650,105312,1635
2021-04-30,San Benito,069,59416,6012,110,6122,60
2021-04-30,San Bernardino,071,2135413,291846,8841,300687,5247
2021-04-30,San Diego,073,3302833,277954,14528,292482,3746
2021-04-30,San Francisco,075,870044,36305,1244,37549,560
2021-04-30,San Joaquin,077,732212,72064,3392,75456,1413
2021-04-30,San Luis Obispo,079,281455,21158,707,21865,255
2021-04-30,San Mateo,081,765935,41903,455,42358,537
2021-04-30,Santa Barbara,083,443738,34208,1108,35316,455
2021-04-30,Santa Clara,085,1922200,117646,724,118370,1727
2021-04-30,Santa Cruz,087,273765,16129,794,16923,207
2021-04-30,Shasta,089,179085,11870,1462,13332,196
2021-04-30,Sierra,091,2930,56,12,68,0
2021-04-30,Siskiyou,093,43540,1770,298,2068,16
2021-04-30,Solano,095,438530,32219,499,32718,265
2021-04-30,Sonoma,097,501317,29669,314,29983,312
2021-04-30,Stanislaus,099,539301,55262,5754,61016,973
2021-04-30,Sutter,101,95872,9322,80,9402,124
2021-04-30,Tehama,103,63373,4971,547,5518,73
2021-04-30,Trinity,105,12862,482,82,564,4
2021-04-30,Tulare,107,460477,49832,8704,58536,869
2021-04-30,Tuolumne,109,53932,3986,41,4027,62
2021-04-30,Ventura,111,848112,80847,2916,83763,1027
2021-04-30,Yolo,113,214977,13800,204,14004,228
2021-04-30,Yuba,115,75493,5896,118,6014,46
2021-04-29,Alameda,001,1643700,86717,1866,88583,1233
2021-04-29,Alpine,002,1148,87,0,87,0
2021-04-29,Amador,005,37829,3641,32,3673,47
2021-04-29,Butte,007,227075,12167,1775,13942,194
2021-04-29,Calaveras,009,45235,2093,13,2106,52
2021-04-29,Colusa,011,21464,1927,291,2218,16
2021-04-29,Contra Costa,013,1133247,68215,1203,69418,805
2021-04-29,Del Norte,015,27424,1330,11,1341,8
2021-04-29,El Dorado,017,186661,10027,711,10738,111
2021-04-29,Fresno,019,978130,101687,8455,110142,1701
2021-04-29,Glenn,021,27897,2388,535,2923,25
2021-04-29,Humboldt,023,135768,3851,31,3882,38
2021-04-29,Imperial,025,180216,28307,2623,30930,737
2021-04-29,Inyo,027,18085,1399,11,1410,38
2021-04-29,Kern,029,883053,96566,10535,107101,1323
2021-04-29,Kings,031,150075,23003,1053,24056,246
2021-04-29,Lake,033,64148,3460,9,3469,60
2021-04-29,Lassen,035,31185,5171,103,5274,18
2021-04-29,Los Angeles,037,10098052,1201904,39973,1241877,24279
2021-04-29,Madera,039,155013,16489,907,17396,243
2021-04-29,Marin,041,260295,5505,173,5678,175
2021-04-29,Mariposa,043,17540,421,11,432,6
2021-04-29,Mendocino,045,87422,3839,80,3919,48
2021-04-29,Merced,047,269075,30630,1013,31643,477
2021-04-29,Modoc,049,8938,364,120,484,4
2021-04-29,Mono,051,14174,1247,17,1264,3
2021-04-29,Monterey,053,433212,42932,1808,44740,576
2021-04-29,Napa,055,140530,9768,32,9800,79
2021-04-29,Nevada,057,99092,4687,184,4871,70
2021-04-29,Orange,059,3164182,254339,11054,265393,5194
2021-04-29,Placer,061,380077,22714,1406,24120,297
2021-04-29,Plumas,063,18699,689,10,699,5
2021-04-29,Riverside,065,2383286,292531,13724,306255,4553
2021-04-29,Sacramento,067,1510023,103529,1640,105169,1633
2021-04-29,San Benito,069,59416,6011,110,6121,60
2021-04-29,San Bernardino,071,2135413,291774,8836,300610,5245
2021-04-29,San Diego,073,3302833,277803,14511,292314,3745
2021-04-29,San Francisco,075,870044,36280,1244,37524,560
2021-04-29,San Joaquin,077,732212,71998,3387,75385,1413
2021-04-29,San Luis Obispo,079,281455,21147,707,21854,254
2021-04-29,San Mateo,081,765935,41875,454,42329,537
2021-04-29,Santa Barbara,083,443738,34192,1106,35298,455
2021-04-29,Santa Clara,085,1922200,117591,721,118312,1727
2021-04-29,Santa Cruz,087,273765,16123,794,16917,207
2021-04-29,Shasta,089,179085,11839,1454,13293,196
2021-04-29,Sierra,091,2930,56,12,68,0
2021-04-29,Siskiyou,093,43540,1761,295,2056,16
2021-04-29,Solano,095,438530,32178,495,32673,265
2021-04-29,Sonoma,097,501317,29654,311,29965,312
2021-04-29,Stanislaus,099,539301,55195,5749,60944,973
2021-04-29,Sutter,101,95872,9315,80,9395,123
2021-04-29,Tehama,103,63373,4963,547,5510,73
2021-04-29,Trinity,105,12862,482,82,564,4
2021-04-29,Tulare,107,460477,49814,8693,58507,869
2021-04-29,Tuolumne,109,53932,3985,41,4026,62
2021-04-29,Ventura,111,848112,80813,2914,83727,1027
2021-04-29,Yolo,113,214977,13780,203,13983,228
2021-04-29,Yuba,115,75493,5886,118,6004,45
2021-04-28,Alameda,001,1643700,86645,1862,88507,1233
2021-04-28,Alpine,002,1148,87,0,87,0
2021-04-28,Amador,005,37829,3641,32,3673,47
2021-04-28,Butte,007,227075,12147,1770,13917,194
2021-04-28,Calaveras,009,45235,2089,12,2101,52
2021-04-28,Colusa,011,21464,1924,290,2214,16
2021-04-28,Contra Costa,013,1133247,68155,1201,69356,803
2021-04-28,Del Norte,015,27424,1322,11,1333,8
2021-04-28,El Dorado,017,186661,10002,711,10713,111
2021-04-28,Fresno,019,978130,101641,8445,110086,1700
2021-04-28,Glenn,021,27897,2385,535,2920,25
2021-04-28,Humboldt,023,135768,3835,31,3866,38
2021-04-28,Imperial,025,180216,28293,2622,30915,737
2021-04-28,Inyo,027,18085,1399,10,1409,38
2021-04-28,Kern,029,883053,96537,10526,107063,1322
2021-04-28,Kings,031,150075,22991,1051,24042,246
2021-04-28,Lake,033,64148,3457,9,3466,60
2021-04-28,Lassen,035,31185,5171,103,5274,18
2021-04-28,Los Angeles,037,10098052,1201602,39946,1241548,24273
2021-04-28,Madera,039,155013,16485,907,17392,243
2021-04-28,Marin,041,260295,5494,173,5667,175
2021-04-28,Mariposa,043,17540,418,11,429,6
2021-04-28,Mendocino,045,87422,3833,78,3911,48
2021-04-28,Merced,047,269075,30612,1013,31625,476
2021-04-28,Modoc,049,8938,364,120,484,4
2021-04-28,Mono,051,14174,1247,17,1264,3
2021-04-28,Monterey,053,433212,42927,1808,44735,576
2021-04-28,Napa,055,140530,9757,32,9789,79
2021-04-28,Nevada,057,99092,4667,184,4851,70
2021-04-28,Orange,059,3164182,254259,11042,265301,5193
2021-04-28,Placer,061,380077,22687,1405,24092,297
2021-04-28,Plumas,063,18699,689,10,699,5
2021-04-28,Riverside,065,2383286,292475,13718,306193,4552
2021-04-28,Sacramento,067,1510023,103408,1636,105044,1631
2021-04-28,San Benito,069,59416,6009,110,6119,60
2021-04-28,San Bernardino,071,2135413,291695,8826,300521,5242
2021-04-28,San Diego,073,3302833,277649,14497,292146,3743
2021-04-28,San Francisco,075,870044,36250,1243,37493,559
2021-04-28,San Joaquin,077,732212,71918,3379,75297,1413
2021-04-28,San Luis Obispo,079,281455,21139,707,21846,254
2021-04-28,San Mateo,081,765935,41850,452,42302,537
2021-04-28,Santa Barbara,083,443738,34178,1106,35284,455
2021-04-28,Santa Clara,085,1922200,117522,719,118241,1726
2021-04-28,Santa Cruz,087,273765,16119,793,16912,207
2021-04-28,Shasta,089,179085,11823,1447,13270,195
2021-04-28,Sierra,091,2930,56,12,68,0
2021-04-28,Siskiyou,093,43540,1748,292,2040,16
2021-04-28,Solano,095,438530,32146,490,32636,265
2021-04-28,Sonoma,097,501317,29640,307,29947,312
2021-04-28,Stanislaus,099,539301,55140,5746,60886,973
2021-04-28,Sutter,101,95872,9310,80,9390,123
2021-04-28,Tehama,103,63373,4958,546,5504,73
2021-04-28,Trinity,105,12862,482,82,564,4
2021-04-28,Tulare,107,460477,49796,8678,58474,868
2021-04-28,Tuolumne,109,53932,3982,41,4023,62
2021-04-28,Ventura,111,848112,80778,2912,83690,1026
2021-04-28,Yolo,113,214977,13766,202,13968,228
2021-04-28,Yuba,115,75493,5880,118,5998,45
2021-04-27,Alameda,001,1643700,86555,1856,88411,1232
2021-04-27,Alpine,002,1148,87,0,87,0
2021-04-27,Amador,005,37829,3641,32,3673,47
2021-04-27,Butte,007,227075,12122,1764,13886,194
2021-04-27,Calaveras,009,45235,2087,12,2099,52
2021-04-27,Colusa,011,21464,1923,290,2213,16
2021-04-27,Contra Costa,013,1133247,68086,1197,69283,803
2021-04-27,Del Norte,015,27424,1310,11,1321,8
2021-04-27,El Dorado,017,186661,9973,708,10681,111
2021-04-27,Fresno,019,978130,101576,8435,110011,1699
2021-04-27,Glenn,021,27897,2385,535,2920,25
2021-04-27,Humboldt,023,135768,3823,31,3854,38
2021-04-27,Imperial,025,180216,28277,2616,30893,736
2021-04-27,Inyo,027,18085,1399,10,1409,38
2021-04-27,Kern,029,883053,96480,10516,106996,1322
2021-04-27,Kings,031,150075,22976,1049,24025,246
2021-04-27,Lake,033,64148,3456,9,3465,60
2021-04-27,Lassen,035,31185,5171,103,5274,18
2021-04-27,Los Angeles,037,10098052,1201279,39916,1241195,24269
2021-04-27,Madera,039,155013,16478,907,17385,243
2021-04-27,Marin,041,260295,5473,173,5646,175
2021-04-27,Mariposa,043,17540,417,11,428,6
2021-04-27,Mendocino,045,87422,3829,78,3907,48
2021-04-27,Merced,047,269075,30571,1013,31584,476
2021-04-27,Modoc,049,8938,363,120,483,4
2021-04-27,Mono,051,14174,1247,17,1264,3
2021-04-27,Monterey,053,433212,42909,1805,44714,576
2021-04-27,Napa,055,140530,9750,30,9780,79
2021-04-27,Nevada,057,99092,4652,184,4836,70
2021-04-27,Orange,059,3164182,254189,11037,265226,5193
2021-04-27,Placer,061,380077,22657,1401,24058,297
2021-04-27,Plumas,063,18699,688,10,698,5
2021-04-27,Riverside,065,2383286,292399,13714,306113,4550
2021-04-27,Sacramento,067,1510023,103279,1626,104905,1630
2021-04-27,San Benito,069,59416,6004,110,6114,60
2021-04-27,San Bernardino,071,2135413,291628,8821,300449,5241
2021-04-27,San Diego,073,3302833,277492,14477,291969,3741
2021-04-27,San Francisco,075,870044,36222,1242,37464,559
2021-04-27,San Joaquin,077,732212,71864,3373,75237,1413
2021-04-27,San Luis Obispo,079,281455,21132,707,21839,254
2021-04-27,San Mateo,081,765935,41815,451,42266,537
2021-04-27,Santa Barbara,083,443738,34154,1105,35259,455
2021-04-27,Santa Clara,085,1922200,117472,718,118190,1723
2021-04-27,Santa Cruz,087,273765,16112,792,16904,207
2021-04-27,Shasta,089,179085,11795,1440,13235,195
2021-04-27,Sierra,091,2930,56,12,68,0
2021-04-27,Siskiyou,093,43540,1733,291,2024,16
2021-04-27,Solano,095,438530,32098,489,32587,265
2021-04-27,Sonoma,097,501317,29622,306,29928,312
2021-04-27,Stanislaus,099,539301,55070,5738,60808,973
2021-04-27,Sutter,101,95872,9305,80,9385,123
2021-04-27,Tehama,103,63373,4955,542,5497,73
2021-04-27,Trinity,105,12862,482,82,564,4
2021-04-27,Tulare,107,460477,49779,8669,58448,868
2021-04-27,Tuolumne,109,53932,3979,41,4020,62
2021-04-27,Ventura,111,848112,80749,2910,83659,1026
2021-04-27,Yolo,113,214977,13752,201,13953,228
2021-04-27,Yuba,115,75493,5880,118,5998,45
2021-04-26,Alameda,001,1643700,86461,1853,88314,1230
2021-04-26,Alpine,002,1148,87,0,87,0
2021-04-26,Amador,005,37829,3640,32,3672,47
2021-04-26,Butte,007,227075,12098,1759,13857,194
2021-04-26,Calaveras,009,45235,2081,12,2093,52
2021-04-26,Colusa,011,21464,1923,289,2212,16
2021-04-26,Contra Costa,013,1133247,68019,1193,69212,803
2021-04-26,Del Norte,015,27424,1301,11,1312,8
2021-04-26,El Dorado,017,186661,9952,707,10659,111
2021-04-26,Fresno,019,978130,101521,8422,109943,1697
2021-04-26,Glenn,021,27897,2383,535,2918,25
2021-04-26,Humboldt,023,135768,3813,30,3843,38
2021-04-26,Imperial,025,180216,28264,2613,30877,736
2021-04-26,Inyo,027,18085,1398,10,1408,38
2021-04-26,Kern,029,883053,96453,10510,106963,1322
2021-04-26,Kings,031,150075,22973,1046,24019,246
2021-04-26,Lake,033,64148,3451,9,3460,60
2021-04-26,Lassen,035,31185,5171,103,5274,18
2021-04-26,Los Angeles,037,10098052,1200950,39897,1240847,24261
2021-04-26,Madera,039,155013,16466,906,17372,243
2021-04-26,Marin,041,260295,5458,173,5631,175
2021-04-26,Mariposa,043,17540,416,11,427,6
2021-04-26,Mendocino,045,87422,3827,77,3904,47
2021-04-26,Merced,047,269075,30554,1010,31564,476
2021-04-26,Modoc,049,8938,363,120,483,4
2021-04-26,Mono,051,14174,1247,17,1264,3
2021-04-26,Monterey,053,433212,42893,1804,44697,576
2021-04-26,Napa,055,140530,9738,30,9768,79
2021-04-26,Nevada,057,99092,4631,184,4815,70
2021-04-26,Orange,059,3164182,254106,11027,265133,5192
2021-04-26,Placer,061,380077,22629,1396,24025,296
2021-04-26,Plumas,063,18699,688,10,698,5
2021-04-26,Riverside,065,2383286,292337,13706,306043,4548
2021-04-26,Sacramento,067,1510023,103107,1614,104721,1629
2021-04-26,San Benito,069,59416,6002,110,6112,60
2021-04-26,San Bernardino,071,2135413,291576,8820,300396,5238
2021-04-26,San Diego,073,3302833,277317,14449,291766,3738
2021-04-26,San Francisco,075,870044,36194,1241,37435,557
2021-04-26,San Joaquin,077,732212,71798,3365,75163,1412
2021-04-26,San Luis Obispo,079,281455,21124,706,21830,254
2021-04-26,San Mateo,081,765935,41785,451,42236,537
2021-04-26,Santa Barbara,083,443738,34123,1105,35228,455
2021-04-26,Santa Clara,085,1922200,117372,715,118087,1723
2021-04-26,Santa Cruz,087,273765,16103,792,16895,207
2021-04-26,Shasta,089,179085,11778,1434,13212,195
2021-04-26,Sierra,091,2930,55,12,67,0
2021-04-26,Siskiyou,093,43540,1723,288,2011,16
2021-04-26,Solano,095,438530,32053,487,32540,265
2021-04-26,Sonoma,097,501317,29599,304,29903,312
2021-04-26,Stanislaus,099,539301,54980,5732,60712,970
2021-04-26,Sutter,101,95872,9300,80,9380,123
2021-04-26,Tehama,103,63373,4950,539,5489,73
2021-04-26,Trinity,105,12862,482,82,564,4
2021-04-26,Tulare,107,460477,49758,8660,58418,868
2021-04-26,Tuolumne,109,53932,3978,41,4019,62
2021-04-26,Ventura,111,848112,80724,2907,83631,1026
2021-04-26,Yolo,113,214977,13732,198,13930,228
2021-04-26,Yuba,115,75493,5878,118,5996,45
2021-04-25,Alameda,001,1643700,86360,1847,88207,1228
2021-04-25,Alpine,002,1148,87,0,87,0
2021-04-25,Amador,005,37829,3639,32,3671,47
2021-04-25,Butte,007,227075,12069,1752,13821,194
2021-04-25,Calaveras,009,45235,2076,11,2087,52
2021-04-25,Colusa,011,21464,1922,289,2211,16
2021-04-25,Contra Costa,013,1133247,67927,1192,69119,803
2021-04-25,Del Norte,015,27424,1295,11,1306,8
2021-04-25,El Dorado,017,186661,9935,705,10640,111
2021-04-25,Fresno,019,978130,101462,8410,109872,1696
2021-04-25,Glenn,021,27897,2383,535,2918,25
2021-04-25,Humboldt,023,135768,3800,30,3830,38
2021-04-25,Imperial,025,180216,28238,2611,30849,736
2021-04-25,Inyo,027,18085,1398,10,1408,38
2021-04-25,Kern,029,883053,96387,10498,106885,1321
2021-04-25,Kings,031,150075,22959,1044,24003,246
2021-04-25,Lake,033,64148,3449,9,3458,60
2021-04-25,Lassen,035,31185,5169,103,5272,18
2021-04-25,Los Angeles,037,10098052,1200614,39877,1240491,24253
2021-04-25,Madera,039,155013,16454,906,17360,242
2021-04-25,Marin,041,260295,5449,173,5622,175
2021-04-25,Mariposa,043,17540,416,11,427,6
2021-04-25,Mendocino,045,87422,3820,77,3897,47
2021-04-25,Merced,047,269075,30520,1009,31529,476
2021-04-25,Modoc,049,8938,363,120,483,4
2021-04-25,Mono,051,14174,1247,17,1264,3
2021-04-25,Monterey,053,433212,42880,1802,44682,576
2021-04-25,Napa,055,140530,9733,30,9763,79
2021-04-25,Nevada,057,99092,4619,184,4803,70
2021-04-25,Orange,059,3164182,254029,11021,265050,5192
2021-04-25,Placer,061,380077,22583,1388,23971,296
2021-04-25,Plumas,063,18699,687,10,697,5
2021-04-25,Riverside,065,2383286,292244,13700,305944,4547
2021-04-25,Sacramento,067,1510023,102939,1604,104543,1628
2021-04-25,San Benito,069,59416,6000,109,6109,60
2021-04-25,San Bernardino,071,2135413,291501,8812,300313,5236
2021-04-25,San Diego,073,3302833,277104,14416,291520,3737
2021-04-25,San Francisco,075,870044,36163,1241,37404,556
2021-04-25,San Joaquin,077,732212,71703,3355,75058,1411
2021-04-25,San Luis Obispo,079,281455,21105,704,21809,254
2021-04-25,San Mateo,081,765935,41750,450,42200,536
2021-04-25,Santa Barbara,083,443738,34097,1105,35202,455
2021-04-25,Santa Clara,085,1922200,117293,713,118006,1722
2021-04-25,Santa Cruz,087,273765,16097,790,16887,207
2021-04-25,Shasta,089,179085,11755,1429,13184,195
2021-04-25,Sierra,091,2930,55,12,67,0
2021-04-25,Siskiyou,093,43540,1712,286,1998,16
2021-04-25,Solano,095,438530,32006,479,32485,265
2021-04-25,Sonoma,097,501317,29581,304,29885,312
2021-04-25,Stanislaus,099,539301,54884,5724,60608,968
2021-04-25,Sutter,101,95872,9294,80,9374,123
2021-04-25,Tehama,103,63373,4946,537,5483,73
2021-04-25,Trinity,105,12862,482,82,564,4
2021-04-25,Tulare,107,460477,49742,8647,58389,867
2021-04-25,Tuolumne,109,53932,3976,41,4017,62
2021-04-25,Ventura,111,848112,80700,2907,83607,1026
2021-04-25,Yolo,113,214977,13706,197,13903,228
2021-04-25,Yuba,115,75493,5875,117,5992,44
2021-04-24,Alameda,001,1643700,86305,1845,88150,1228
2021-04-24,Alpine,002,1148,87,0,87,0
2021-04-24,Amador,005,37829,3638,32,3670,47
2021-04-24,Butte,007,227075,12053,1750,13803,194
2021-04-24,Calaveras,009,45235,2072,11,2083,52
2021-04-24,Colusa,011,21464,1921,289,2210,16
2021-04-24,Contra Costa,013,1133247,67856,1190,69046,801
2021-04-24,Del Norte,015,27424,1290,11,1301,8
2021-04-24,El Dorado,017,186661,9924,704,10628,111
2021-04-24,Fresno,019,978130,101431,8404,109835,1696
2021-04-24,Glenn,021,27897,2383,535,2918,25
2021-04-24,Humboldt,023,135768,3786,30,3816,38
2021-04-24,Imperial,025,180216,28231,2610,30841,736
2021-04-24,Inyo,027,18085,1397,10,1407,38
2021-04-24,Kern,029,883053,96368,10488,106856,1321
2021-04-24,Kings,031,150075,22956,1044,24000,246
2021-04-24,Lake,033,64148,3448,9,3457,60
2021-04-24,Lassen,035,31185,5168,103,5271,18
2021-04-24,Los Angeles,037,10098052,1200382,39861,1240243,24249
2021-04-24,Madera,039,155013,16451,906,17357,242
2021-04-24,Marin,041,260295,5441,173,5614,175
2021-04-24,Mariposa,043,17540,416,11,427,6
2021-04-24,Mendocino,045,87422,3818,75,3893,47
2021-04-24,Merced,047,269075,30500,1009,31509,476
2021-04-24,Modoc,049,8938,363,120,483,4
2021-04-24,Mono,051,14174,1247,17,1264,3
2021-04-24,Monterey,053,433212,42868,1801,44669,576
2021-04-24,Napa,055,140530,9727,30,9757,79
2021-04-24,Nevada,057,99092,4612,184,4796,70
2021-04-24,Orange,059,3164182,253985,11015,265000,5192
2021-04-24,Placer,061,380077,22570,1387,23957,296
2021-04-24,Plumas,063,18699,686,10,696,5
2021-04-24,Riverside,065,2383286,292176,13696,305872,4546
2021-04-24,Sacramento,067,1510023,102856,1597,104453,1624
2021-04-24,San Benito,069,59416,5998,109,6107,60
2021-04-24,San Bernardino,071,2135413,291453,8811,300264,5233
2021-04-24,San Diego,073,3302833,277001,14396,291397,3735
2021-04-24,San Francisco,075,870044,36134,1236,37370,555
2021-04-24,San Joaquin,077,732212,71660,3352,75012,1409
2021-04-24,San Luis Obispo,079,281455,21095,703,21798,254
2021-04-24,San Mateo,081,765935,41737,448,42185,536
2021-04-24,Santa Barbara,083,443738,34082,1104,35186,454
2021-04-24,Santa Clara,085,1922200,117238,711,117949,1721
2021-04-24,Santa Cruz,087,273765,16089,790,16879,207
2021-04-24,Shasta,089,179085,11737,1426,13163,195
2021-04-24,Sierra,091,2930,55,12,67,0
2021-04-24,Siskiyou,093,43540,1702,285,1987,16
2021-04-24,Solano,095,438530,31983,476,32459,265
2021-04-24,Sonoma,097,501317,29579,304,29883,312
2021-04-24,Stanislaus,099,539301,54835,5721,60556,965
2021-04-24,Sutter,101,95872,9291,80,9371,123
2021-04-24,Tehama,103,63373,4941,537,5478,73
2021-04-24,Trinity,105,12862,482,82,564,4
2021-04-24,Tulare,107,460477,49732,8637,58369,867
2021-04-24,Tuolumne,109,53932,3972,41,4013,62
2021-04-24,Ventura,111,848112,80687,2905,83592,1026
2021-04-24,Yolo,113,214977,13695,197,13892,227
2021-04-24,Yuba,115,75493,5873,117,5990,44
2021-04-23,Alameda,001,1643700,86231,1842,88073,1227
2021-04-23,Alpine,002,1148,86,0,86,0
2021-04-23,Amador,005,37829,3637,32,3669,47
2021-04-23,Butte,007,227075,12032,1745,13777,194
2021-04-23,Calaveras,009,45235,2069,11,2080,52
2021-04-23,Colusa,011,21464,1920,289,2209,16
2021-04-23,Contra Costa,013,1133247,67802,1188,68990,801
2021-04-23,Del Norte,015,27424,1289,11,1300,8
2021-04-23,El Dorado,017,186661,9907,701,10608,111
2021-04-23,Fresno,019,978130,101390,8398,109788,1694
2021-04-23,Glenn,021,27897,2383,534,2917,25
2021-04-23,Humboldt,023,135768,3776,30,3806,38
2021-04-23,Imperial,025,180216,28216,2609,30825,736
2021-04-23,Inyo,027,18085,1397,10,1407,38
2021-04-23,Kern,029,883053,96343,10482,106825,1321
2021-04-23,Kings,031,150075,22953,1044,23997,246
2021-04-23,Lake,033,64148,3446,9,3455,60
2021-04-23,Lassen,035,31185,5168,103,5271,18
2021-04-23,Los Angeles,037,10098052,1200112,39837,1239949,24241
2021-04-23,Madera,039,155013,16442,906,17348,242
2021-04-23,Marin,041,260295,5436,173,5609,175
2021-04-23,Mariposa,043,17540,415,11,426,6
2021-04-23,Mendocino,045,87422,3816,74,3890,47
2021-04-23,Merced,047,269075,30483,1008,31491,476
2021-04-23,Modoc,049,8938,363,120,483,4
2021-04-23,Mono,051,14174,1245,17,1262,3
2021-04-23,Monterey,053,433212,42862,1801,44663,576
2021-04-23,Napa,055,140530,9722,30,9752,77
2021-04-23,Nevada,057,99092,4603,184,4787,70
2021-04-23,Orange,059,3164182,253941,11008,264949,5191
2021-04-23,Placer,061,380077,22547,1386,23933,296
2021-04-23,Plumas,063,18699,685,10,695,5
2021-04-23,Riverside,065,2383286,292117,13691,305808,4546
2021-04-23,Sacramento,067,1510023,102769,1594,104363,1621
2021-04-23,San Benito,069,59416,5996,109,6105,60
2021-04-23,San Bernardino,071,2135413,291402,8810,300212,5231
2021-04-23,San Diego,073,3302833,276862,14373,291235,3735
2021-04-23,San Francisco,075,870044,36118,1235,37353,555
2021-04-23,San Joaquin,077,732212,71604,3349,74953,1408
2021-04-23,San Luis Obispo,079,281455,21086,702,21788,254
2021-04-23,San Mateo,081,765935,41711,448,42159,536
2021-04-23,Santa Barbara,083,443738,34072,1102,35174,454
2021-04-23,Santa Clara,085,1922200,117176,710,117886,1720
2021-04-23,Santa Cruz,087,273765,16082,790,16872,207
2021-04-23,Shasta,089,179085,11730,1425,13155,195
2021-04-23,Sierra,091,2930,55,12,67,0
2021-04-23,Siskiyou,093,43540,1690,284,1974,16
2021-04-23,Solano,095,438530,31951,472,32423,265
2021-04-23,Sonoma,097,501317,29565,304,29869,312
2021-04-23,Stanislaus,099,539301,54773,5713,60486,962
2021-04-23,Sutter,101,95872,9289,80,9369,123
2021-04-23,Tehama,103,63373,4938,537,5475,73
2021-04-23,Trinity,105,12862,482,82,564,4
2021-04-23,Tulare,107,460477,49715,8630,58345,867
2021-04-23,Tuolumne,109,53932,3971,41,4012,62
2021-04-23,Ventura,111,848112,80668,2905,83573,1025
2021-04-23,Yolo,113,214977,13683,197,13880,227
2021-04-23,Yuba,115,75493,5870,117,5987,44
2021-04-22,Alameda,001,1643700,86141,1841,87982,1225
2021-04-22,Alpine,002,1148,86,0,86,0
2021-04-22,Amador,005,37829,3636,32,3668,47
2021-04-22,Butte,007,227075,12018,1742,13760,194
2021-04-22,Calaveras,009,45235,2067,11,2078,52
2021-04-22,Colusa,011,21464,1918,287,2205,16
2021-04-22,Contra Costa,013,1133247,67730,1184,68914,799
2021-04-22,Del Norte,015,27424,1284,11,1295,7
2021-04-22,El Dorado,017,186661,9895,698,10593,111
2021-04-22,Fresno,019,978130,101345,8387,109732,1694
2021-04-22,Glenn,021,27897,2382,534,2916,25
2021-04-22,Humboldt,023,135768,3767,30,3797,37
2021-04-22,Imperial,025,180216,28195,2606,30801,736
2021-04-22,Inyo,027,18085,1396,10,1406,38
2021-04-22,Kern,029,883053,96300,10467,106767,1320
2021-04-22,Kings,031,150075,22943,1044,23987,246
2021-04-22,Lake,033,64148,3444,9,3453,60
2021-04-22,Lassen,035,31185,5168,103,5271,18
2021-04-22,Los Angeles,037,10098052,1199790,39816,1239606,24235
2021-04-22,Madera,039,155013,16423,906,17329,241
2021-04-22,Marin,041,260295,5428,173,5601,175
2021-04-22,Mariposa,043,17540,414,11,425,6
2021-04-22,Mendocino,045,87422,3810,74,3884,47
2021-04-22,Merced,047,269075,30448,1007,31455,476
2021-04-22,Modoc,049,8938,363,120,483,4
2021-04-22,Mono,051,14174,1245,17,1262,3
2021-04-22,Monterey,053,433212,42855,1799,44654,576
2021-04-22,Napa,055,140530,9712,30,9742,77
2021-04-22,Nevada,057,99092,4593,182,4775,70
2021-04-22,Orange,059,3164182,253868,10995,264863,5191
2021-04-22,Placer,061,380077,22517,1382,23899,295
2021-04-22,Plumas,063,18699,684,10,694,5
2021-04-22,Riverside,065,2383286,292018,13682,305700,4545
2021-04-22,Sacramento,067,1510023,102620,1585,104205,1621
2021-04-22,San Benito,069,59416,5992,109,6101,60
2021-04-22,San Bernardino,071,2135413,291333,8801,300134,5231
2021-04-22,San Diego,073,3302833,276696,14351,291047,3734
2021-04-22,San Francisco,075,870044,36095,1232,37327,554
2021-04-22,San Joaquin,077,732212,71545,3342,74887,1406
2021-04-22,San Luis Obispo,079,281455,21072,702,21774,254
2021-04-22,San Mateo,081,765935,41685,446,42131,536
2021-04-22,Santa Barbara,083,443738,34049,1101,35150,454
2021-04-22,Santa Clara,085,1922200,117088,706,117794,1720
2021-04-22,Santa Cruz,087,273765,16079,789,16868,207
2021-04-22,Shasta,089,179085,11715,1423,13138,195
2021-04-22,Sierra,091,2930,55,12,67,0
2021-04-22,Siskiyou,093,43540,1686,283,1969,16
2021-04-22,Solano,095,438530,31906,469,32375,265
2021-04-22,Sonoma,097,501317,29550,300,29850,311
2021-04-22,Stanislaus,099,539301,54699,5707,60406,962
2021-04-22,Sutter,101,95872,9285,80,9365,123
2021-04-22,Tehama,103,63373,4932,533,5465,72
2021-04-22,Trinity,105,12862,482,82,564,4
2021-04-22,Tulare,107,460477,49695,8621,58316,866
2021-04-22,Tuolumne,109,53932,3967,41,4008,62
2021-04-22,Ventura,111,848112,80642,2903,83545,1024
2021-04-22,Yolo,113,214977,13662,197,13859,227
2021-04-22,Yuba,115,75493,5860,117,5977,44
2021-04-21,Alameda,001,1643700,86062,1839,87901,1225
2021-04-21,Alpine,002,1148,86,0,86,0
2021-04-21,Amador,005,37829,3633,32,3665,47
2021-04-21,Butte,007,227075,11998,1740,13738,194
2021-04-21,Calaveras,009,45235,2059,11,2070,52
2021-04-21,Colusa,011,21464,1916,286,2202,16
2021-04-21,Contra Costa,013,1133247,67664,1183,68847,798
2021-04-21,Del Norte,015,27424,1280,11,1291,7
2021-04-21,El Dorado,017,186661,9878,695,10573,111
2021-04-21,Fresno,019,978130,101289,8381,109670,1694
2021-04-21,Glenn,021,27897,2381,534,2915,25
2021-04-21,Humboldt,023,135768,3748,30,3778,37
2021-04-21,Imperial,025,180216,28183,2605,30788,736
2021-04-21,Inyo,027,18085,1396,10,1406,38
2021-04-21,Kern,029,883053,96254,10457,106711,1319
2021-04-21,Kings,031,150075,22936,1043,23979,246
2021-04-21,Lake,033,64148,3441,9,3450,60
2021-04-21,Lassen,035,31185,5167,103,5270,18
2021-04-21,Los Angeles,037,10098052,1199448,39797,1239245,24228
2021-04-21,Madera,039,155013,16418,906,17324,241
2021-04-21,Marin,041,260295,5413,173,5586,175
2021-04-21,Mariposa,043,17540,413,11,424,6
2021-04-21,Mendocino,045,87422,3808,74,3882,47
2021-04-21,Merced,047,269075,30428,1005,31433,476
2021-04-21,Modoc,049,8938,363,120,483,4
2021-04-21,Mono,051,14174,1245,17,1262,3
2021-04-21,Monterey,053,433212,42840,1797,44637,576
2021-04-21,Napa,055,140530,9706,30,9736,77
2021-04-21,Nevada,057,99092,4579,182,4761,70
2021-04-21,Orange,059,3164182,253791,10982,264773,5189
2021-04-21,Placer,061,380077,22486,1377,23863,295
2021-04-21,Plumas,063,18699,684,10,694,5
2021-04-21,Riverside,065,2383286,291924,13675,305599,4544
2021-04-21,Sacramento,067,1510023,102491,1579,104070,1621
2021-04-21,San Benito,069,59416,5989,109,6098,60
2021-04-21,San Bernardino,071,2135413,291257,8799,300056,5230
2021-04-21,San Diego,073,3302833,276486,14313,290799,3732
2021-04-21,San Francisco,075,870044,36075,1231,37306,554
2021-04-21,San Joaquin,077,732212,71490,3332,74822,1404
2021-04-21,San Luis Obispo,079,281455,21057,701,21758,254
2021-04-21,San Mateo,081,765935,41654,445,42099,536
2021-04-21,Santa Barbara,083,443738,34030,1100,35130,454
2021-04-21,Santa Clara,085,1922200,117010,700,117710,1719
2021-04-21,Santa Cruz,087,273765,16070,789,16859,207
2021-04-21,Shasta,089,179085,11696,1421,13117,195
2021-04-21,Sierra,091,2930,55,12,67,0
2021-04-21,Siskiyou,093,43540,1679,283,1962,16
2021-04-21,Solano,095,438530,31867,468,32335,265
2021-04-21,Sonoma,097,501317,29538,299,29837,310
2021-04-21,Stanislaus,099,539301,54638,5701,60339,962
2021-04-21,Sutter,101,95872,9277,80,9357,123
2021-04-21,Tehama,103,63373,4925,532,5457,72
2021-04-21,Trinity,105,12862,482,82,564,4
2021-04-21,Tulare,107,460477,49680,8608,58288,866
2021-04-21,Tuolumne,109,53932,3964,41,4005,62
2021-04-21,Ventura,111,848112,80610,2900,83510,1024
2021-04-21,Yolo,113,214977,13642,196,13838,226
2021-04-21,Yuba,115,75493,5853,116,5969,44
2021-04-20,Alameda,001,1643700,85967,1837,87804,1225
2021-04-20,Alpine,002,1148,85,0,85,0
2021-04-20,Amador,005,37829,3632,32,3664,47
2021-04-20,Butte,007,227075,11980,1738,13718,194
2021-04-20,Calaveras,009,45235,2058,11,2069,52
2021-04-20,Colusa,011,21464,1916,285,2201,16
2021-04-20,Contra Costa,013,1133247,67580,1180,68760,797
2021-04-20,Del Norte,015,27424,1279,11,1290,7
2021-04-20,El Dorado,017,186661,9850,693,10543,111
2021-04-20,Fresno,019,978130,101231,8371,109602,1694
2021-04-20,Glenn,021,27897,2379,533,2912,25
2021-04-20,Humboldt,023,135768,3730,30,3760,37
2021-04-20,Imperial,025,180216,28164,2601,30765,735
2021-04-20,Inyo,027,18085,1396,10,1406,38
2021-04-20,Kern,029,883053,96218,10441,106659,1318
2021-04-20,Kings,031,150075,22930,1040,23970,245
2021-04-20,Lake,033,64148,3439,9,3448,60
2021-04-20,Lassen,035,31185,5167,103,5270,18
2021-04-20,Los Angeles,037,10098052,1199101,39767,1238868,24215
2021-04-20,Madera,039,155013,16412,906,17318,241
2021-04-20,Marin,041,260295,5399,173,5572,175
2021-04-20,Mariposa,043,17540,412,11,423,6
2021-04-20,Mendocino,045,87422,3807,74,3881,47
2021-04-20,Merced,047,269075,30401,1004,31405,476
2021-04-20,Modoc,049,8938,363,120,483,4
2021-04-20,Mono,051,14174,1244,17,1261,3
2021-04-20,Monterey,053,433212,42829,1795,44624,576
2021-04-20,Napa,055,140530,9702,30,9732,77
2021-04-20,Nevada,057,99092,4561,182,4743,70
2021-04-20,Orange,059,3164182,253701,10970,264671,5188
2021-04-20,Placer,061,380077,22452,1373,23825,295
2021-04-20,Plumas,063,18699,683,10,693,5
2021-04-20,Riverside,065,2383286,291827,13670,305497,4543
2021-04-20,Sacramento,067,1510023,102353,1571,103924,1619
2021-04-20,San Benito,069,59416,5986,109,6095,60
2021-04-20,San Bernardino,071,2135413,291176,8797,299973,5225
2021-04-20,San Diego,073,3302833,276255,14280,290535,3729
2021-04-20,San Francisco,075,870044,36055,1230,37285,554
2021-04-20,San Joaquin,077,732212,71417,3323,74740,1403
2021-04-20,San Luis Obispo,079,281455,21034,693,21727,254
2021-04-20,San Mateo,081,765935,41623,445,42068,536
2021-04-20,Santa Barbara,083,443738,34011,1100,35111,453
2021-04-20,Santa Clara,085,1922200,116912,696,117608,1719
2021-04-20,Santa Cruz,087,273765,16058,789,16847,207
2021-04-20,Shasta,089,179085,11680,1418,13098,194
2021-04-20,Sierra,091,2930,55,12,67,0
2021-04-20,Siskiyou,093,43540,1671,282,1953,16
2021-04-20,Solano,095,438530,31811,464,32275,265
2021-04-20,Sonoma,097,501317,29529,297,29826,310
2021-04-20,Stanislaus,099,539301,54573,5688,60261,962
2021-04-20,Sutter,101,95872,9273,80,9353,123
2021-04-20,Tehama,103,63373,4920,531,5451,72
2021-04-20,Trinity,105,12862,482,82,564,4
2021-04-20,Tulare,107,460477,49658,8600,58258,866
2021-04-20,Tuolumne,109,53932,3964,41,4005,61
2021-04-20,Ventura,111,848112,80582,2898,83480,1023
2021-04-20,Yolo,113,214977,13622,195,13817,226
2021-04-20,Yuba,115,75493,5843,116,5959,44
2021-04-19,Alameda,001,1643700,85849,1833,87682,1224
2021-04-19,Alpine,002,1148,85,0,85,0
2021-04-19,Amador,005,37829,3631,32,3663,47
2021-04-19,Butte,007,227075,11962,1733,13695,194
2021-04-19,Calaveras,009,45235,2056,11,2067,52
2021-04-19,Colusa,011,21464,1916,284,2200,16
2021-04-19,Contra Costa,013,1133247,67502,1178,68680,797
2021-04-19,Del Norte,015,27424,1277,11,1288,7
2021-04-19,El Dorado,017,186661,9834,688,10522,111
2021-04-19,Fresno,019,978130,101163,8359,109522,1694
2021-04-19,Glenn,021,27897,2379,532,2911,25
2021-04-19,Humboldt,023,135768,3710,28,3738,37
2021-04-19,Imperial,025,180216,28143,2601,30744,735
2021-04-19,Inyo,027,18085,1396,10,1406,38
2021-04-19,Kern,029,883053,96188,10426,106614,1318
2021-04-19,Kings,031,150075,22915,1040,23955,245
2021-04-19,Lake,033,64148,3438,9,3447,60
2021-04-19,Lassen,035,31185,5166,103,5269,18
2021-04-19,Los Angeles,037,10098052,1198722,39742,1238464,24210
2021-04-19,Madera,039,155013,16401,905,17306,241
2021-04-19,Marin,041,260295,5388,172,5560,175
2021-04-19,Mariposa,043,17540,411,11,422,6
2021-04-19,Mendocino,045,87422,3805,74,3879,47
2021-04-19,Merced,047,269075,30372,1003,31375,476
2021-04-19,Modoc,049,8938,363,120,483,4
2021-04-19,Mono,051,14174,1243,17,1260,3
2021-04-19,Monterey,053,433212,42816,1790,44606,576
2021-04-19,Napa,055,140530,9694,30,9724,77
2021-04-19,Nevada,057,99092,4545,182,4727,70
2021-04-19,Orange,059,3164182,253583,10955,264538,5185
2021-04-19,Placer,061,380077,22429,1369,23798,295
2021-04-19,Plumas,063,18699,683,10,693,5
2021-04-19,Riverside,065,2383286,291732,13660,305392,4543
2021-04-19,Sacramento,067,1510023,102218,1561,103779,1617
2021-04-19,San Benito,069,59416,5978,109,6087,60
2021-04-19,San Bernardino,071,2135413,291091,8791,299882,5221
2021-04-19,San Diego,073,3302833,276007,14247,290254,3726
2021-04-19,San Francisco,075,870044,36018,1228,37246,554
2021-04-19,San Joaquin,077,732212,71337,3317,74654,1403
2021-04-19,San Luis Obispo,079,281455,21008,687,21695,254
2021-04-19,San Mateo,081,765935,41590,444,42034,536
2021-04-19,Santa Barbara,083,443738,33997,1100,35097,453
2021-04-19,Santa Clara,085,1922200,116801,692,117493,1718
2021-04-19,Santa Cruz,087,273765,16046,789,16835,207
2021-04-19,Shasta,089,179085,11665,1410,13075,193
2021-04-19,Sierra,091,2930,55,12,67,0
2021-04-19,Siskiyou,093,43540,1661,282,1943,16
2021-04-19,Solano,095,438530,31772,459,32231,265
2021-04-19,Sonoma,097,501317,29510,297,29807,310
2021-04-19,Stanislaus,099,539301,54497,5684,60181,959
2021-04-19,Sutter,101,95872,9262,80,9342,123
2021-04-19,Tehama,103,63373,4914,531,5445,72
2021-04-19,Trinity,105,12862,482,81,563,4
2021-04-19,Tulare,107,460477,49642,8587,58229,866
2021-04-19,Tuolumne,109,53932,3963,41,4004,61
2021-04-19,Ventura,111,848112,80556,2896,83452,1021
2021-04-19,Yolo,113,214977,13609,193,13802,226
2021-04-19,Yuba,115,75493,5836,115,5951,44
2021-04-18,Alameda,001,1643700,85734,1825,87559,1221
2021-04-18,Alpine,002,1148,85,0,85,0
2021-04-18,Amador,005,37829,3628,32,3660,47
2021-04-18,Butte,007,227075,11944,1728,13672,194
2021-04-18,Calaveras,009,45235,2050,11,2061,52
2021-04-18,Colusa,011,21464,1912,283,2195,16
2021-04-18,Contra Costa,013,1133247,67399,1174,68573,797
2021-04-18,Del Norte,015,27424,1277,11,1288,7
2021-04-18,El Dorado,017,186661,9811,686,10497,111
2021-04-18,Fresno,019,978130,101105,8353,109458,1692
2021-04-18,Glenn,021,27897,2374,532,2906,25
2021-04-18,Humboldt,023,135768,3682,28,3710,37
2021-04-18,Imperial,025,180216,28128,2596,30724,735
2021-04-18,Inyo,027,18085,1395,10,1405,38
2021-04-18,Kern,029,883053,96152,10411,106563,1318
2021-04-18,Kings,031,150075,22906,1040,23946,245
2021-04-18,Lake,033,64148,3437,9,3446,60
2021-04-18,Lassen,035,31185,5163,103,5266,18
2021-04-18,Los Angeles,037,10098052,1198262,39719,1237981,24204
2021-04-18,Madera,039,155013,16390,904,17294,241
2021-04-18,Marin,041,260295,5381,171,5552,175
2021-04-18,Mariposa,043,17540,410,10,420,6
2021-04-18,Mendocino,045,87422,3802,74,3876,47
2021-04-18,Merced,047,269075,30335,1002,31337,475
2021-04-18,Modoc,049,8938,363,120,483,4
2021-04-18,Mono,051,14174,1243,17,1260,3
2021-04-18,Monterey,053,433212,42804,1789,44593,576
2021-04-18,Napa,055,140530,9678,30,9708,77
2021-04-18,Nevada,057,99092,4530,182,4712,70
2021-04-18,Orange,059,3164182,253469,10948,264417,5183
2021-04-18,Placer,061,380077,22386,1364,23750,295
2021-04-18,Plumas,063,18699,682,10,692,5
2021-04-18,Riverside,065,2383286,291642,13656,305298,4540
2021-04-18,Sacramento,067,1510023,102043,1555,103598,1613
2021-04-18,San Benito,069,59416,5976,109,6085,60
2021-04-18,San Bernardino,071,2135413,290997,8782,299779,5220
2021-04-18,San Diego,073,3302833,275728,14212,289940,3724
2021-04-18,San Francisco,075,870044,35981,1224,37205,553
2021-04-18,San Joaquin,077,732212,71256,3308,74564,1401
2021-04-18,San Luis Obispo,079,281455,20986,681,21667,254
2021-04-18,San Mateo,081,765935,41561,443,42004,534
2021-04-18,Santa Barbara,083,443738,33962,1099,35061,453
2021-04-18,Santa Clara,085,1922200,116633,687,117320,1718
2021-04-18,Santa Cruz,087,273765,16036,788,16824,206
2021-04-18,Shasta,089,179085,11644,1407,13051,193
2021-04-18,Sierra,091,2930,55,12,67,0
2021-04-18,Siskiyou,093,43540,1650,281,1931,16
2021-04-18,Solano,095,438530,31722,458,32180,264
2021-04-18,Sonoma,097,501317,29494,295,29789,310
2021-04-18,Stanislaus,099,539301,54415,5678,60093,959
2021-04-18,Sutter,101,95872,9248,80,9328,123
2021-04-18,Tehama,103,63373,4905,530,5435,72
2021-04-18,Trinity,105,12862,482,81,563,4
2021-04-18,Tulare,107,460477,49629,8582,58211,866
2021-04-18,Tuolumne,109,53932,3962,40,4002,60
2021-04-18,Ventura,111,848112,80525,2893,83418,1020
2021-04-18,Yolo,113,214977,13597,191,13788,226
2021-04-18,Yuba,115,75493,5829,115,5944,43
2021-04-17,Alameda,001,1643700,85661,1823,87484,1221
2021-04-17,Alpine,002,1148,85,0,85,0
2021-04-17,Amador,005,37829,3626,32,3658,47
2021-04-17,Butte,007,227075,11924,1724,13648,194
2021-04-17,Calaveras,009,45235,2048,11,2059,51
2021-04-17,Colusa,011,21464,1912,283,2195,16
2021-04-17,Contra Costa,013,1133247,67351,1166,68517,797
2021-04-17,Del Norte,015,27424,1277,11,1288,7
2021-04-17,El Dorado,017,186661,9796,683,10479,111
2021-04-17,Fresno,019,978130,101072,8348,109420,1692
2021-04-17,Glenn,021,27897,2374,532,2906,25
2021-04-17,Humboldt,023,135768,3658,28,3686,37
2021-04-17,Imperial,025,180216,28117,2596,30713,735
2021-04-17,Inyo,027,18085,1392,10,1402,38
2021-04-17,Kern,029,883053,96134,10407,106541,1318
2021-04-17,Kings,031,150075,22901,1039,23940,245
2021-04-17,Lake,033,64148,3436,9,3445,60
2021-04-17,Lassen,035,31185,5163,103,5266,18
2021-04-17,Los Angeles,037,10098052,1198002,39689,1237691,24193
2021-04-17,Madera,039,155013,16386,903,17289,241
2021-04-17,Marin,041,260295,5377,171,5548,175
2021-04-17,Mariposa,043,17540,409,10,419,6
2021-04-17,Mendocino,045,87422,3799,74,3873,47
2021-04-17,Merced,047,269075,30319,1001,31320,474
2021-04-17,Modoc,049,8938,363,120,483,4
2021-04-17,Mono,051,14174,1243,17,1260,3
2021-04-17,Monterey,053,433212,42795,1787,44582,576
2021-04-17,Napa,055,140530,9674,30,9704,77
2021-04-17,Nevada,057,99092,4522,182,4704,70
2021-04-17,Orange,059,3164182,253400,10936,264336,5180
2021-04-17,Placer,061,380077,22363,1359,23722,295
2021-04-17,Plumas,063,18699,681,10,691,5
2021-04-17,Riverside,065,2383286,291573,13648,305221,4540
2021-04-17,Sacramento,067,1510023,101933,1544,103477,1611
2021-04-17,San Benito,069,59416,5970,109,6079,60
2021-04-17,San Bernardino,071,2135413,290942,8779,299721,5219
2021-04-17,San Diego,073,3302833,275581,14178,289759,3722
2021-04-17,San Francisco,075,870044,35959,1221,37180,553
2021-04-17,San Joaquin,077,732212,71216,3298,74514,1400
2021-04-17,San Luis Obispo,079,281455,20973,678,21651,253
2021-04-17,San Mateo,081,765935,41538,443,41981,534
2021-04-17,Santa Barbara,083,443738,33931,1097,35028,452
2021-04-17,Santa Clara,085,1922200,116541,685,117226,1718
2021-04-17,Santa Cruz,087,273765,16030,788,16818,206
2021-04-17,Shasta,089,179085,11629,1406,13035,191
2021-04-17,Sierra,091,2930,55,12,67,0
2021-04-17,Siskiyou,093,43540,1645,278,1923,16
2021-04-17,Solano,095,438530,31691,455,32146,264
2021-04-17,Sonoma,097,501317,29487,295,29782,310
2021-04-17,Stanislaus,099,539301,54378,5673,60051,956
2021-04-17,Sutter,101,95872,9242,80,9322,123
2021-04-17,Tehama,103,63373,4899,529,5428,72
2021-04-17,Trinity,105,12862,482,81,563,4
2021-04-17,Tulare,107,460477,49617,8578,58195,866
2021-04-17,Tuolumne,109,53932,3960,40,4000,60
2021-04-17,Ventura,111,848112,80504,2893,83397,1020
2021-04-17,Yolo,113,214977,13587,191,13778,226
2021-04-17,Yuba,115,75493,5824,114,5938,43
2021-04-16,Alameda,001,1643700,85581,1821,87402,1219
2021-04-16,Alpine,002,1148,85,0,85,0
2021-04-16,Amador,005,37829,3621,32,3653,47
2021-04-16,Butte,007,227075,11912,1722,13634,194
2021-04-16,Calaveras,009,45235,2046,11,2057,51
2021-04-16,Colusa,011,21464,1910,283,2193,16
2021-04-16,Contra Costa,013,1133247,67297,1163,68460,797
2021-04-16,Del Norte,015,27424,1276,11,1287,7
2021-04-16,El Dorado,017,186661,9776,679,10455,111
2021-04-16,Fresno,019,978130,101022,8342,109364,1692
2021-04-16,Glenn,021,27897,2374,532,2906,25
2021-04-16,Humboldt,023,135768,3637,27,3664,37
2021-04-16,Imperial,025,180216,28107,2596,30703,735
2021-04-16,Inyo,027,18085,1392,10,1402,38
2021-04-16,Kern,029,883053,96105,10404,106509,1316
2021-04-16,Kings,031,150075,22897,1038,23935,245
2021-04-16,Lake,033,64148,3430,9,3439,60
2021-04-16,Lassen,035,31185,5162,103,5265,18
2021-04-16,Los Angeles,037,10098052,1197702,39653,1237355,24186
2021-04-16,Madera,039,155013,16380,902,17282,240
2021-04-16,Marin,041,260295,5374,171,5545,174
2021-04-16,Mariposa,043,17540,408,9,417,6
2021-04-16,Mendocino,045,87422,3797,74,3871,47
2021-04-16,Merced,047,269075,30304,1001,31305,474
2021-04-16,Modoc,049,8938,363,120,483,4
2021-04-16,Mono,051,14174,1243,17,1260,3
2021-04-16,Monterey,053,433212,42784,1784,44568,576
2021-04-16,Napa,055,140530,9666,30,9696,77
2021-04-16,Nevada,057,99092,4513,182,4695,70
2021-04-16,Orange,059,3164182,253336,10927,264263,5179
2021-04-16,Placer,061,380077,22336,1355,23691,295
2021-04-16,Plumas,063,18699,680,10,690,5
2021-04-16,Riverside,065,2383286,291496,13646,305142,4539
2021-04-16,Sacramento,067,1510023,101835,1539,103374,1611
2021-04-16,San Benito,069,59416,5968,109,6077,60
2021-04-16,San Bernardino,071,2135413,290895,8778,299673,5216
2021-04-16,San Diego,073,3302833,275426,14160,289586,3720
2021-04-16,San Francisco,075,870044,35933,1218,37151,553
2021-04-16,San Joaquin,077,732212,71149,3290,74439,1398
2021-04-16,San Luis Obispo,079,281455,20961,677,21638,253
2021-04-16,San Mateo,081,765935,41509,442,41951,534
2021-04-16,Santa Barbara,083,443738,33913,1097,35010,452
2021-04-16,Santa Clara,085,1922200,116441,682,117123,1717
2021-04-16,Santa Cruz,087,273765,16028,788,16816,206
2021-04-16,Shasta,089,179085,11617,1405,13022,190
2021-04-16,Sierra,091,2930,55,12,67,0
2021-04-16,Siskiyou,093,43540,1641,276,1917,16
2021-04-16,Solano,095,438530,31652,452,32104,263
2021-04-16,Sonoma,097,501317,29476,295,29771,310
2021-04-16,Stanislaus,099,539301,54330,5671,60001,956
2021-04-16,Sutter,101,95872,9236,80,9316,123
2021-04-16,Tehama,103,63373,4898,529,5427,71
2021-04-16,Trinity,105,12862,482,81,563,4
2021-04-16,Tulare,107,460477,49605,8574,58179,865
2021-04-16,Tuolumne,109,53932,3957,40,3997,60
2021-04-16,Ventura,111,848112,80479,2888,83367,1019
2021-04-16,Yolo,113,214977,13574,189,13763,226
2021-04-16,Yuba,115,75493,5821,113,5934,43
2021-04-15,Alameda,001,1643700,85474,1819,87293,1218
2021-04-15,Alpine,002,1148,85,0,85,0
2021-04-15,Amador,005,37829,3620,32,3652,47
2021-04-15,Butte,007,227075,11897,1719,13616,194
2021-04-15,Calaveras,009,45235,2045,11,2056,51
2021-04-15,Colusa,011,21464,1908,282,2190,16
2021-04-15,Contra Costa,013,1133247,67224,1159,68383,797
2021-04-15,Del Norte,015,27424,1269,11,1280,7
2021-04-15,El Dorado,017,186661,9761,677,10438,111
2021-04-15,Fresno,019,978130,100960,8336,109296,1691
2021-04-15,Glenn,021,27897,2374,532,2906,25
2021-04-15,Humboldt,023,135768,3616,27,3643,36
2021-04-15,Imperial,025,180216,28079,2593,30672,735
2021-04-15,Inyo,027,18085,1392,10,1402,38
2021-04-15,Kern,029,883053,96072,10391,106463,1315
2021-04-15,Kings,031,150075,22883,1038,23921,245
2021-04-15,Lake,033,64148,3429,9,3438,60
2021-04-15,Lassen,035,31185,5161,103,5264,18
2021-04-15,Los Angeles,037,10098052,1197298,39617,1236915,24178
2021-04-15,Madera,039,155013,16365,902,17267,240
2021-04-15,Marin,041,260295,5370,170,5540,174
2021-04-15,Mariposa,043,17540,406,9,415,6
2021-04-15,Mendocino,045,87422,3796,74,3870,47
2021-04-15,Merced,047,269075,30278,1000,31278,474
2021-04-15,Modoc,049,8938,363,120,483,4
2021-04-15,Mono,051,14174,1242,17,1259,3
2021-04-15,Monterey,053,433212,42774,1782,44556,576
2021-04-15,Napa,055,140530,9658,30,9688,77
2021-04-15,Nevada,057,99092,4501,181,4682,70
2021-04-15,Orange,059,3164182,253240,10915,264155,5177
2021-04-15,Placer,061,380077,22305,1348,23653,295
2021-04-15,Plumas,063,18699,678,10,688,5
2021-04-15,Riverside,065,2383286,291392,13639,305031,4536
2021-04-15,Sacramento,067,1510023,101705,1524,103229,1609
2021-04-15,San Benito,069,59416,5965,108,6073,60
2021-04-15,San Bernardino,071,2135413,290805,8771,299576,5215
2021-04-15,San Diego,073,3302833,275179,14101,289280,3719
2021-04-15,San Francisco,075,870044,35914,1216,37130,553
2021-04-15,San Joaquin,077,732212,71068,3282,74350,1395
2021-04-15,San Luis Obispo,079,281455,20945,674,21619,253
2021-04-15,San Mateo,081,765935,41470,441,41911,534
2021-04-15,Santa Barbara,083,443738,33895,1093,34988,452
2021-04-15,Santa Clara,085,1922200,116335,678,117013,1716
2021-04-15,Santa Cruz,087,273765,16018,788,16806,206
2021-04-15,Shasta,089,179085,11603,1401,13004,190
2021-04-15,Sierra,091,2930,55,12,67,0
2021-04-15,Siskiyou,093,43540,1635,275,1910,16
2021-04-15,Solano,095,438530,31614,451,32065,263
2021-04-15,Sonoma,097,501317,29462,295,29757,310
2021-04-15,Stanislaus,099,539301,54276,5662,59938,956
2021-04-15,Sutter,101,95872,9229,80,9309,123
2021-04-15,Tehama,103,63373,4897,528,5425,71
2021-04-15,Trinity,105,12862,482,81,563,4
2021-04-15,Tulare,107,460477,49584,8574,58158,865
2021-04-15,Tuolumne,109,53932,3957,40,3997,60
2021-04-15,Ventura,111,848112,80460,2886,83346,1018
2021-04-15,Yolo,113,214977,13555,187,13742,226
2021-04-15,Yuba,115,75493,5818,113,5931,43
2021-04-14,Alameda,001,1643700,85377,1818,87195,1217
2021-04-14,Alpine,002,1148,85,0,85,0
2021-04-14,Amador,005,37829,3619,32,3651,47
2021-04-14,Butte,007,227075,11884,1718,13602,194
2021-04-14,Calaveras,009,45235,2044,11,2055,51
2021-04-14,Colusa,011,21464,1908,282,2190,16
2021-04-14,Contra Costa,013,1133247,67138,1153,68291,796
2021-04-14,Del Norte,015,27424,1269,11,1280,7
2021-04-14,El Dorado,017,186661,9746,672,10418,110
2021-04-14,Fresno,019,978130,100903,8324,109227,1688
2021-04-14,Glenn,021,27897,2374,532,2906,25
2021-04-14,Humboldt,023,135768,3594,26,3620,36
2021-04-14,Imperial,025,180216,28057,2591,30648,735
2021-04-14,Inyo,027,18085,1392,10,1402,38
2021-04-14,Kern,029,883053,96047,10384,106431,1313
2021-04-14,Kings,031,150075,22874,1036,23910,245
2021-04-14,Lake,033,64148,3424,9,3433,60
2021-04-14,Lassen,035,31185,5160,103,5263,18
2021-04-14,Los Angeles,037,10098052,1196899,39572,1236471,24168
2021-04-14,Madera,039,155013,16356,902,17258,240
2021-04-14,Marin,041,260295,5368,169,5537,174
2021-04-14,Mariposa,043,17540,405,9,414,6
2021-04-14,Mendocino,045,87422,3791,74,3865,47
2021-04-14,Merced,047,269075,30262,998,31260,473
2021-04-14,Modoc,049,8938,363,120,483,4
2021-04-14,Mono,051,14174,1241,17,1258,3
2021-04-14,Monterey,053,433212,42758,1778,44536,576
2021-04-14,Napa,055,140530,9647,30,9677,77
2021-04-14,Nevada,057,99092,4494,181,4675,70
2021-04-14,Orange,059,3164182,253135,10896,264031,5175
2021-04-14,Placer,061,380077,22272,1347,23619,295
2021-04-14,Plumas,063,18699,678,10,688,5
2021-04-14,Riverside,065,2383286,291282,13633,304915,4535
2021-04-14,Sacramento,067,1510023,101530,1510,103040,1609
2021-04-14,San Benito,069,59416,5963,108,6071,60
2021-04-14,San Bernardino,071,2135413,290737,8769,299506,5214
2021-04-14,San Diego,073,3302833,274968,14072,289040,3719
2021-04-14,San Francisco,075,870044,35876,1215,37091,552
2021-04-14,San Joaquin,077,732212,70998,3276,74274,1394
2021-04-14,San Luis Obispo,079,281455,20922,664,21586,253
2021-04-14,San Mateo,081,765935,41430,438,41868,534
2021-04-14,Santa Barbara,083,443738,33866,1093,34959,452
2021-04-14,Santa Clara,085,1922200,116218,675,116893,1714
2021-04-14,Santa Cruz,087,273765,16008,788,16796,206
2021-04-14,Shasta,089,179085,11577,1399,12976,190
2021-04-14,Sierra,091,2930,55,12,67,0
2021-04-14,Siskiyou,093,43540,1627,274,1901,16
2021-04-14,Solano,095,438530,31561,444,32005,263
2021-04-14,Sonoma,097,501317,29454,293,29747,310
2021-04-14,Stanislaus,099,539301,54205,5653,59858,954
2021-04-14,Sutter,101,95872,9221,80,9301,123
2021-04-14,Tehama,103,63373,4891,527,5418,71
2021-04-14,Trinity,105,12862,482,81,563,4
2021-04-14,Tulare,107,460477,49558,8571,58129,865
2021-04-14,Tuolumne,109,53932,3956,40,3996,60
2021-04-14,Ventura,111,848112,80424,2884,83308,1018
2021-04-14,Yolo,113,214977,13539,185,13724,225
2021-04-14,Yuba,115,75493,5816,113,5929,43
2021-04-13,Alameda,001,1643700,85271,1815,87086,1216
2021-04-13,Alpine,002,1148,85,0,85,0
2021-04-13,Amador,005,37829,3616,32,3648,47
2021-04-13,Butte,007,227075,11866,1715,13581,194
2021-04-13,Calaveras,009,45235,2042,11,2053,51
2021-04-13,Colusa,011,21464,1906,280,2186,16
2021-04-13,Contra Costa,013,1133247,67050,1153,68203,794
2021-04-13,Del Norte,015,27424,1264,11,1275,7
2021-04-13,El Dorado,017,186661,9720,669,10389,110
2021-04-13,Fresno,019,978130,100822,8318,109140,1686
2021-04-13,Glenn,021,27897,2373,532,2905,25
2021-04-13,Humboldt,023,135768,3577,26,3603,36
2021-04-13,Imperial,025,180216,28037,2583,30620,735
2021-04-13,Inyo,027,18085,1392,10,1402,38
2021-04-13,Kern,029,883053,96003,10372,106375,1310
2021-04-13,Kings,031,150075,22858,1035,23893,245
2021-04-13,Lake,033,64148,3421,9,3430,60
2021-04-13,Lassen,035,31185,5159,103,5262,18
2021-04-13,Los Angeles,037,10098052,1196445,39531,1235976,24155
2021-04-13,Madera,039,155013,16346,900,17246,240
2021-04-13,Marin,041,260295,5360,168,5528,174
2021-04-13,Mariposa,043,17540,404,6,410,6
2021-04-13,Mendocino,045,87422,3785,74,3859,47
2021-04-13,Merced,047,269075,30232,995,31227,472
2021-04-13,Modoc,049,8938,363,120,483,4
2021-04-13,Mono,051,14174,1241,17,1258,3
2021-04-13,Monterey,053,433212,42747,1778,44525,576
2021-04-13,Napa,055,140530,9637,30,9667,77
2021-04-13,Nevada,057,99092,4482,181,4663,70
2021-04-13,Orange,059,3164182,253039,10879,263918,5173
2021-04-13,Placer,061,380077,22235,1344,23579,295
2021-04-13,Plumas,063,18699,677,10,687,5
2021-04-13,Riverside,065,2383286,291163,13627,304790,4535
2021-04-13,Sacramento,067,1510023,101355,1505,102860,1607
2021-04-13,San Benito,069,59416,5960,108,6068,60
2021-04-13,San Bernardino,071,2135413,290621,8763,299384,5210
2021-04-13,San Diego,073,3302833,274714,14037,288751,3714
2021-04-13,San Francisco,075,870044,35840,1211,37051,552
2021-04-13,San Joaquin,077,732212,70890,3268,74158,1394
2021-04-13,San Luis Obispo,079,281455,20895,654,21549,253
2021-04-13,San Mateo,081,765935,41385,438,41823,533
2021-04-13,Santa Barbara,083,443738,33843,1090,34933,452
2021-04-13,Santa Clara,085,1922200,116089,674,116763,1714
2021-04-13,Santa Cruz,087,273765,16001,788,16789,206
2021-04-13,Shasta,089,179085,11557,1396,12953,190
2021-04-13,Sierra,091,2930,55,12,67,0
2021-04-13,Siskiyou,093,43540,1619,271,1890,16
2021-04-13,Solano,095,438530,31512,440,31952,262
2021-04-13,Sonoma,097,501317,29446,292,29738,309
2021-04-13,Stanislaus,099,539301,54133,5644,59777,953
2021-04-13,Sutter,101,95872,9217,80,9297,123
2021-04-13,Tehama,103,63373,4884,524,5408,71
2021-04-13,Trinity,105,12862,482,81,563,4
2021-04-13,Tulare,107,460477,49545,8568,58113,865
2021-04-13,Tuolumne,109,53932,3954,40,3994,60
2021-04-13,Ventura,111,848112,80392,2882,83274,1018
2021-04-13,Yolo,113,214977,13527,184,13711,225
2021-04-13,Yuba,115,75493,5807,113,5920,43
2021-04-12,Alameda,001,1643700,85169,1813,86982,1216
2021-04-12,Alpine,002,1148,85,0,85,0
2021-04-12,Amador,005,37829,3615,32,3647,47
2021-04-12,Butte,007,227075,11851,1711,13562,194
2021-04-12,Calaveras,009,45235,2038,11,2049,51
2021-04-12,Colusa,011,21464,1904,278,2182,16
2021-04-12,Contra Costa,013,1133247,66970,1153,68123,793
2021-04-12,Del Norte,015,27424,1261,11,1272,7
2021-04-12,El Dorado,017,186661,9703,667,10370,110
2021-04-12,Fresno,019,978130,100761,8295,109056,1686
2021-04-12,Glenn,021,27897,2372,532,2904,25
2021-04-12,Humboldt,023,135768,3563,25,3588,36
2021-04-12,Imperial,025,180216,28007,2579,30586,735
2021-04-12,Inyo,027,18085,1392,10,1402,38
2021-04-12,Kern,029,883053,95966,10362,106328,1310
2021-04-12,Kings,031,150075,22850,1034,23884,245
2021-04-12,Lake,033,64148,3417,9,3426,60
2021-04-12,Lassen,035,31185,5158,103,5261,18
2021-04-12,Los Angeles,037,10098052,1195942,39494,1235436,24146
2021-04-12,Madera,039,155013,16334,898,17232,240
2021-04-12,Marin,041,260295,5347,166,5513,174
2021-04-12,Mariposa,043,17540,403,6,409,6
2021-04-12,Mendocino,045,87422,3784,74,3858,47
2021-04-12,Merced,047,269075,30201,992,31193,469
2021-04-12,Modoc,049,8938,361,120,481,4
2021-04-12,Mono,051,14174,1241,17,1258,3
2021-04-12,Monterey,053,433212,42733,1776,44509,576
2021-04-12,Napa,055,140530,9623,30,9653,77
2021-04-12,Nevada,057,99092,4471,181,4652,70
2021-04-12,Orange,059,3164182,252952,10858,263810,5170
2021-04-12,Placer,061,380077,22184,1341,23525,295
2021-04-12,Plumas,063,18699,675,10,685,5
2021-04-12,Riverside,065,2383286,291051,13621,304672,4534
2021-04-12,Sacramento,067,1510023,101181,1500,102681,1606
2021-04-12,San Benito,069,59416,5952,107,6059,60
2021-04-12,San Bernardino,071,2135413,290514,8751,299265,5206
2021-04-12,San Diego,073,3302833,274453,14008,288461,3712
2021-04-12,San Francisco,075,870044,35806,1210,37016,552
2021-04-12,San Joaquin,077,732212,70818,3261,74079,1392
2021-04-12,San Luis Obispo,079,281455,20850,641,21491,253
2021-04-12,San Mateo,081,765935,41343,434,41777,533
2021-04-12,Santa Barbara,083,443738,33811,1090,34901,452
2021-04-12,Santa Clara,085,1922200,115961,672,116633,1713
2021-04-12,Santa Cruz,087,273765,15981,788,16769,206
2021-04-12,Shasta,089,179085,11540,1392,12932,190
2021-04-12,Sierra,091,2930,55,12,67,0
2021-04-12,Siskiyou,093,43540,1608,268,1876,16
2021-04-12,Solano,095,438530,31470,437,31907,262
2021-04-12,Sonoma,097,501317,29418,292,29710,309
2021-04-12,Stanislaus,099,539301,54067,5637,59704,952
2021-04-12,Sutter,101,95872,9206,80,9286,122
2021-04-12,Tehama,103,63373,4875,520,5395,71
2021-04-12,Trinity,105,12862,482,81,563,4
2021-04-12,Tulare,107,460477,49525,8558,58083,864
2021-04-12,Tuolumne,109,53932,3950,40,3990,60
2021-04-12,Ventura,111,848112,80359,2880,83239,1017
2021-04-12,Yolo,113,214977,13513,183,13696,225
2021-04-12,Yuba,115,75493,5801,113,5914,43
2021-04-11,Alameda,001,1643700,85032,1808,86840,1216
2021-04-11,Alpine,002,1148,85,0,85,0
2021-04-11,Amador,005,37829,3613,32,3645,47
2021-04-11,Butte,007,227075,11816,1707,13523,194
2021-04-11,Calaveras,009,45235,2034,11,2045,51
2021-04-11,Colusa,011,21464,1903,277,2180,16
2021-04-11,Contra Costa,013,1133247,66861,1151,68012,791
2021-04-11,Del Norte,015,27424,1255,11,1266,7
2021-04-11,El Dorado,017,186661,9689,664,10353,110
2021-04-11,Fresno,019,978130,100693,8285,108978,1683
2021-04-11,Glenn,021,27897,2368,532,2900,25
2021-04-11,Humboldt,023,135768,3553,25,3578,36
2021-04-11,Imperial,025,180216,27983,2577,30560,735
2021-04-11,Inyo,027,18085,1392,10,1402,38
2021-04-11,Kern,029,883053,95905,10354,106259,1307
2021-04-11,Kings,031,150075,22841,1031,23872,245
2021-04-11,Lake,033,64148,3413,9,3422,60
2021-04-11,Lassen,035,31185,5154,103,5257,18
2021-04-11,Los Angeles,037,10098052,1195430,39452,1234882,24141
2021-04-11,Madera,039,155013,16315,897,17212,240
2021-04-11,Marin,041,260295,5340,165,5505,174
2021-04-11,Mariposa,043,17540,403,6,409,6
2021-04-11,Mendocino,045,87422,3782,74,3856,47
2021-04-11,Merced,047,269075,30163,991,31154,469
2021-04-11,Modoc,049,8938,360,118,478,4
2021-04-11,Mono,051,14174,1240,17,1257,3
2021-04-11,Monterey,053,433212,42727,1769,44496,576
2021-04-11,Napa,055,140530,9612,30,9642,77
2021-04-11,Nevada,057,99092,4457,181,4638,70
2021-04-11,Orange,059,3164182,252825,10847,263672,5169
2021-04-11,Placer,061,380077,22127,1336,23463,294
2021-04-11,Plumas,063,18699,675,10,685,5
2021-04-11,Riverside,065,2383286,290917,13611,304528,4531
2021-04-11,Sacramento,067,1510023,101010,1488,102498,1603
2021-04-11,San Benito,069,59416,5944,106,6050,60
2021-04-11,San Bernardino,071,2135413,290407,8745,299152,5202
2021-04-11,San Diego,073,3302833,274155,13949,288104,3710
2021-04-11,San Francisco,075,870044,35770,1207,36977,552
2021-04-11,San Joaquin,077,732212,70732,3250,73982,1390
2021-04-11,San Luis Obispo,079,281455,20824,638,21462,253
2021-04-11,San Mateo,081,765935,41285,433,41718,533
2021-04-11,Santa Barbara,083,443738,33776,1089,34865,451
2021-04-11,Santa Clara,085,1922200,115825,669,116494,1713
2021-04-11,Santa Cruz,087,273765,15969,788,16757,206
2021-04-11,Shasta,089,179085,11496,1391,12887,190
2021-04-11,Sierra,091,2930,55,12,67,0
2021-04-11,Siskiyou,093,43540,1601,265,1866,15
2021-04-11,Solano,095,438530,31416,433,31849,262
2021-04-11,Sonoma,097,501317,29392,288,29680,309
2021-04-11,Stanislaus,099,539301,53984,5628,59612,952
2021-04-11,Sutter,101,95872,9197,80,9277,122
2021-04-11,Tehama,103,63373,4872,519,5391,71
2021-04-11,Trinity,105,12862,482,81,563,4
2021-04-11,Tulare,107,460477,49511,8551,58062,863
2021-04-11,Tuolumne,109,53932,3948,40,3988,60
2021-04-11,Ventura,111,848112,80311,2875,83186,1017
2021-04-11,Yolo,113,214977,13493,181,13674,225
2021-04-11,Yuba,115,75493,5791,113,5904,43
2021-04-10,Alameda,001,1643700,84968,1808,86776,1215
2021-04-10,Alpine,002,1148,85,0,85,0
2021-04-10,Amador,005,37829,3611,32,3643,47
2021-04-10,Butte,007,227075,11805,1706,13511,193
2021-04-10,Calaveras,009,45235,2032,11,2043,51
2021-04-10,Colusa,011,21464,1903,277,2180,15
2021-04-10,Contra Costa,013,1133247,66800,1148,67948,791
2021-04-10,Del Norte,015,27424,1252,11,1263,7
2021-04-10,El Dorado,017,186661,9677,661,10338,110
2021-04-10,Fresno,019,978130,100660,8278,108938,1681
2021-04-10,Glenn,021,27897,2368,532,2900,25
2021-04-10,Humboldt,023,135768,3543,25,3568,35
2021-04-10,Imperial,025,180216,27969,2577,30546,735
2021-04-10,Inyo,027,18085,1392,10,1402,38
2021-04-10,Kern,029,883053,95891,10348,106239,1306
2021-04-10,Kings,031,150075,22837,1029,23866,245
2021-04-10,Lake,033,64148,3408,9,3417,60
2021-04-10,Lassen,035,31185,5154,102,5256,18
2021-04-10,Los Angeles,037,10098052,1195155,39435,1234590,24134
2021-04-10,Madera,039,155013,16307,896,17203,240
2021-04-10,Marin,041,260295,5335,165,5500,174
2021-04-10,Mariposa,043,17540,400,6,406,6
2021-04-10,Mendocino,045,87422,3780,74,3854,47
2021-04-10,Merced,047,269075,30144,990,31134,469
2021-04-10,Modoc,049,8938,360,118,478,4
2021-04-10,Mono,051,14174,1240,17,1257,3
2021-04-10,Monterey,053,433212,42716,1768,44484,576
2021-04-10,Napa,055,140530,9605,30,9635,77
2021-04-10,Nevada,057,99092,4450,181,4631,70
2021-04-10,Orange,059,3164182,252732,10841,263573,5165
2021-04-10,Placer,061,380077,22096,1330,23426,294
2021-04-10,Plumas,063,18699,675,10,685,5
2021-04-10,Riverside,065,2383286,290837,13603,304440,4530
2021-04-10,Sacramento,067,1510023,100907,1486,102393,1601
2021-04-10,San Benito,069,59416,5933,105,6038,60
2021-04-10,San Bernardino,071,2135413,290343,8738,299081,5196
2021-04-10,San Diego,073,3302833,273939,13929,287868,3710
2021-04-10,San Francisco,075,870044,35740,1204,36944,552
2021-04-10,San Joaquin,077,732212,70697,3240,73937,1389
2021-04-10,San Luis Obispo,079,281455,20808,637,21445,253
2021-04-10,San Mateo,081,765935,41252,433,41685,533
2021-04-10,Santa Barbara,083,443738,33748,1087,34835,451
2021-04-10,Santa Clara,085,1922200,115729,668,116397,1712
2021-04-10,Santa Cruz,087,273765,15963,788,16751,206
2021-04-10,Shasta,089,179085,11487,1388,12875,189
2021-04-10,Sierra,091,2930,55,12,67,0
2021-04-10,Siskiyou,093,43540,1598,265,1863,15
2021-04-10,Solano,095,438530,31382,429,31811,262
2021-04-10,Sonoma,097,501317,29377,288,29665,309
2021-04-10,Stanislaus,099,539301,53949,5622,59571,951
2021-04-10,Sutter,101,95872,9195,80,9275,122
2021-04-10,Tehama,103,63373,4870,517,5387,71
2021-04-10,Trinity,105,12862,482,81,563,4
2021-04-10,Tulare,107,460477,49502,8545,58047,862
2021-04-10,Tuolumne,109,53932,3945,40,3985,60
2021-04-10,Ventura,111,848112,80283,2873,83156,1017
2021-04-10,Yolo,113,214977,13485,180,13665,225
2021-04-10,Yuba,115,75493,5788,112,5900,43
2021-04-09,Alameda,001,1643700,84901,1800,86701,1215
2021-04-09,Alpine,002,1148,85,0,85,0
2021-04-09,Amador,005,37829,3610,32,3642,47
2021-04-09,Butte,007,227075,11795,1705,13500,193
2021-04-09,Calaveras,009,45235,2031,11,2042,51
2021-04-09,Colusa,011,21464,1903,277,2180,15
2021-04-09,Contra Costa,013,1133247,66707,1142,67849,791
2021-04-09,Del Norte,015,27424,1251,11,1262,6
2021-04-09,El Dorado,017,186661,9655,657,10312,110
2021-04-09,Fresno,019,978130,100626,8273,108899,1678
2021-04-09,Glenn,021,27897,2368,532,2900,25
2021-04-09,Humboldt,023,135768,3534,25,3559,35
2021-04-09,Imperial,025,180216,27954,2575,30529,735
2021-04-09,Inyo,027,18085,1391,10,1401,38
2021-04-09,Kern,029,883053,95853,10346,106199,1306
2021-04-09,Kings,031,150075,22828,1026,23854,245
2021-04-09,Lake,033,64148,3404,9,3413,60
2021-04-09,Lassen,035,31185,5154,102,5256,18
2021-04-09,Los Angeles,037,10098052,1194786,39407,1234193,24122
2021-04-09,Madera,039,155013,16304,896,17200,239
2021-04-09,Marin,041,260295,5328,165,5493,174
2021-04-09,Mariposa,043,17540,400,6,406,6
2021-04-09,Mendocino,045,87422,3778,74,3852,47
2021-04-09,Merced,047,269075,30115,989,31104,469
2021-04-09,Modoc,049,8938,359,118,477,4
2021-04-09,Mono,051,14174,1240,17,1257,3
2021-04-09,Monterey,053,433212,42707,1764,44471,576
2021-04-09,Napa,055,140530,9586,30,9616,77
2021-04-09,Nevada,057,99092,4442,181,4623,70
2021-04-09,Orange,059,3164182,252657,10836,263493,5161
2021-04-09,Placer,061,380077,22065,1322,23387,294
2021-04-09,Plumas,063,18699,674,10,684,5
2021-04-09,Riverside,065,2383286,290754,13597,304351,4530
2021-04-09,Sacramento,067,1510023,100751,1480,102231,1601
2021-04-09,San Benito,069,59416,5928,104,6032,60
2021-04-09,San Bernardino,071,2135413,290274,8735,299009,5189
2021-04-09,San Diego,073,3302833,273741,13887,287628,3708
2021-04-09,San Francisco,075,870044,35699,1199,36898,551
2021-04-09,San Joaquin,077,732212,70633,3228,73861,1388
2021-04-09,San Luis Obispo,079,281455,20793,637,21430,253
2021-04-09,San Mateo,081,765935,41216,432,41648,533
2021-04-09,Santa Barbara,083,443738,33725,1084,34809,450
2021-04-09,Santa Clara,085,1922200,115645,666,116311,1710
2021-04-09,Santa Cruz,087,273765,15958,788,16746,206
2021-04-09,Shasta,089,179085,11477,1385,12862,189
2021-04-09,Sierra,091,2930,55,12,67,0
2021-04-09,Siskiyou,093,43540,1595,264,1859,15
2021-04-09,Solano,095,438530,31349,424,31773,262
2021-04-09,Sonoma,097,501317,29364,288,29652,309
2021-04-09,Stanislaus,099,539301,53894,5613,59507,951
2021-04-09,Sutter,101,95872,9188,80,9268,122
2021-04-09,Tehama,103,63373,4864,517,5381,71
2021-04-09,Trinity,105,12862,481,81,562,4
2021-04-09,Tulare,107,460477,49498,8539,58037,862
2021-04-09,Tuolumne,109,53932,3944,40,3984,60
2021-04-09,Ventura,111,848112,80255,2873,83128,1015
2021-04-09,Yolo,113,214977,13473,178,13651,225
2021-04-09,Yuba,115,75493,5781,112,5893,43
2021-04-08,Alameda,001,1643700,84793,1797,86590,1214
2021-04-08,Alpine,002,1148,85,0,85,0
2021-04-08,Amador,005,37829,3606,32,3638,47
2021-04-08,Butte,007,227075,11784,1704,13488,193
2021-04-08,Calaveras,009,45235,2029,11,2040,51
2021-04-08,Colusa,011,21464,1902,277,2179,15
2021-04-08,Contra Costa,013,1133247,66599,1139,67738,789
2021-04-08,Del Norte,015,27424,1245,11,1256,5
2021-04-08,El Dorado,017,186661,9639,652,10291,110
2021-04-08,Fresno,019,978130,100563,8266,108829,1676
2021-04-08,Glenn,021,27897,2367,532,2899,25
2021-04-08,Humboldt,023,135768,3524,25,3549,35
2021-04-08,Imperial,025,180216,27926,2572,30498,735
2021-04-08,Inyo,027,18085,1390,10,1400,38
2021-04-08,Kern,029,883053,95807,10333,106140,1306
2021-04-08,Kings,031,150075,22821,1024,23845,245
2021-04-08,Lake,033,64148,3397,9,3406,59
2021-04-08,Lassen,035,31185,5153,102,5255,18
2021-04-08,Los Angeles,037,10098052,1194287,39369,1233656,24110
2021-04-08,Madera,039,155013,16292,896,17188,239
2021-04-08,Marin,041,260295,5321,165,5486,174
2021-04-08,Mariposa,043,17540,399,6,405,6
2021-04-08,Mendocino,045,87422,3776,74,3850,47
2021-04-08,Merced,047,269075,30093,989,31082,469
2021-04-08,Modoc,049,8938,359,118,477,4
2021-04-08,Mono,051,14174,1238,17,1255,3
2021-04-08,Monterey,053,433212,42685,1759,44444,576
2021-04-08,Napa,055,140530,9570,30,9600,77
2021-04-08,Nevada,057,99092,4431,181,4612,70
2021-04-08,Orange,059,3164182,252547,10821,263368,5159
2021-04-08,Placer,061,380077,22023,1313,23336,294
2021-04-08,Plumas,063,18699,674,10,684,5
2021-04-08,Riverside,065,2383286,290642,13592,304234,4527
2021-04-08,Sacramento,067,1510023,100612,1469,102081,1601
2021-04-08,San Benito,069,59416,5925,102,6027,60
2021-04-08,San Bernardino,071,2135413,290177,8732,298909,5185
2021-04-08,San Diego,073,3302833,273511,13851,287362,3705
2021-04-08,San Francisco,075,870044,35675,1198,36873,550
2021-04-08,San Joaquin,077,732212,70561,3222,73783,1385
2021-04-08,San Luis Obispo,079,281455,20774,635,21409,253
2021-04-08,San Mateo,081,765935,41176,432,41608,533
2021-04-08,Santa Barbara,083,443738,33701,1083,34784,450
2021-04-08,Santa Clara,085,1922200,115539,665,116204,1710
2021-04-08,Santa Cruz,087,273765,15951,788,16739,206
2021-04-08,Shasta,089,179085,11467,1381,12848,189
2021-04-08,Sierra,091,2930,55,12,67,0
2021-04-08,Siskiyou,093,43540,1592,264,1856,15
2021-04-08,Solano,095,438530,31299,424,31723,262
2021-04-08,Sonoma,097,501317,29344,287,29631,309
2021-04-08,Stanislaus,099,539301,53816,5603,59419,951
2021-04-08,Sutter,101,95872,9184,80,9264,122
2021-04-08,Tehama,103,63373,4860,517,5377,71
2021-04-08,Trinity,105,12862,481,81,562,4
2021-04-08,Tulare,107,460477,49485,8529,58014,862
2021-04-08,Tuolumne,109,53932,3944,40,3984,59
2021-04-08,Ventura,111,848112,80218,2869,83087,1014
2021-04-08,Yolo,113,214977,13464,177,13641,224
2021-04-08,Yuba,115,75493,5777,112,5889,43
2021-04-07,Alameda,001,1643700,84709,1795,86504,1214
2021-04-07,Alpine,002,1148,85,0,85,0
2021-04-07,Amador,005,37829,3603,32,3635,47
2021-04-07,Butte,007,227075,11780,1701,13481,193
2021-04-07,Calaveras,009,45235,2028,11,2039,51
2021-04-07,Colusa,011,21464,1898,276,2174,15
2021-04-07,Contra Costa,013,1133247,66513,1138,67651,788
2021-04-07,Del Norte,015,27424,1243,11,1254,5
2021-04-07,El Dorado,017,186661,9618,646,10264,110
2021-04-07,Fresno,019,978130,100498,8255,108753,1674
2021-04-07,Glenn,021,27897,2365,531,2896,25
2021-04-07,Humboldt,023,135768,3511,25,3536,35
2021-04-07,Imperial,025,180216,27902,2566,30468,735
2021-04-07,Inyo,027,18085,1389,10,1399,38
2021-04-07,Kern,029,883053,95771,10318,106089,1304
2021-04-07,Kings,031,150075,22819,1024,23843,245
2021-04-07,Lake,033,64148,3395,9,3404,58
2021-04-07,Lassen,035,31185,5153,102,5255,18
2021-04-07,Los Angeles,037,10098052,1193845,39349,1233194,24099
2021-04-07,Madera,039,155013,16273,895,17168,239
2021-04-07,Marin,041,260295,5310,164,5474,173
2021-04-07,Mariposa,043,17540,398,6,404,6
2021-04-07,Mendocino,045,87422,3775,74,3849,47
2021-04-07,Merced,047,269075,30070,985,31055,467
2021-04-07,Modoc,049,8938,359,118,477,4
2021-04-07,Mono,051,14174,1238,17,1255,3
2021-04-07,Monterey,053,433212,42667,1758,44425,575
2021-04-07,Napa,055,140530,9556,30,9586,77
2021-04-07,Nevada,057,99092,4425,181,4606,70
2021-04-07,Orange,059,3164182,252423,10799,263222,5156
2021-04-07,Placer,061,380077,21979,1305,23284,294
2021-04-07,Plumas,063,18699,674,10,684,5
2021-04-07,Riverside,065,2383286,290521,13582,304103,4523
2021-04-07,Sacramento,067,1510023,100444,1463,101907,1601
2021-04-07,San Benito,069,59416,5920,101,6021,60
2021-04-07,San Bernardino,071,2135413,290058,8727,298785,5182
2021-04-07,San Diego,073,3302833,273285,13822,287107,3703
2021-04-07,San Francisco,075,870044,35635,1194,36829,550
2021-04-07,San Joaquin,077,732212,70490,3217,73707,1385
2021-04-07,San Luis Obispo,079,281455,20748,632,21380,253
2021-04-07,San Mateo,081,765935,41132,432,41564,533
2021-04-07,Santa Barbara,083,443738,33675,1080,34755,450
2021-04-07,Santa Clara,085,1922200,115407,663,116070,1708
2021-04-07,Santa Cruz,087,273765,15940,788,16728,205
2021-04-07,Shasta,089,179085,11455,1377,12832,189
2021-04-07,Sierra,091,2930,55,12,67,0
2021-04-07,Siskiyou,093,43540,1586,263,1849,15
2021-04-07,Solano,095,438530,31248,423,31671,262
2021-04-07,Sonoma,097,501317,29326,286,29612,309
2021-04-07,Stanislaus,099,539301,53748,5593,59341,950
2021-04-07,Sutter,101,95872,9181,80,9261,122
2021-04-07,Tehama,103,63373,4852,515,5367,71
2021-04-07,Trinity,105,12862,481,81,562,4
2021-04-07,Tulare,107,460477,49470,8519,57989,862
2021-04-07,Tuolumne,109,53932,3942,40,3982,59
2021-04-07,Ventura,111,848112,80184,2867,83051,1014
2021-04-07,Yolo,113,214977,13449,175,13624,224
2021-04-07,Yuba,115,75493,5773,112,5885,43
2021-04-06,Alameda,001,1643700,84596,1792,86388,1213
2021-04-06,Alpine,002,1148,85,0,85,0
2021-04-06,Amador,005,37829,3602,32,3634,47
2021-04-06,Butte,007,227075,11765,1699,13464,193
2021-04-06,Calaveras,009,45235,2024,11,2035,51
2021-04-06,Colusa,011,21464,1896,274,2170,15
2021-04-06,Contra Costa,013,1133247,66435,1137,67572,788
2021-04-06,Del Norte,015,27424,1238,11,1249,5
2021-04-06,El Dorado,017,186661,9588,644,10232,110
2021-04-06,Fresno,019,978130,100434,8249,108683,1673
2021-04-06,Glenn,021,27897,2364,530,2894,25
2021-04-06,Humboldt,023,135768,3502,25,3527,35
2021-04-06,Imperial,025,180216,27869,2557,30426,735
2021-04-06,Inyo,027,18085,1389,10,1399,38
2021-04-06,Kern,029,883053,95727,10312,106039,1304
2021-04-06,Kings,031,150075,22813,1024,23837,245
2021-04-06,Lake,033,64148,3392,9,3401,58
2021-04-06,Lassen,035,31185,5151,102,5253,18
2021-04-06,Los Angeles,037,10098052,1193332,39311,1232643,24083
2021-04-06,Madera,039,155013,16253,890,17143,239
2021-04-06,Marin,041,260295,5301,160,5461,172
2021-04-06,Mariposa,043,17540,398,6,404,6
2021-04-06,Mendocino,045,87422,3773,74,3847,47
2021-04-06,Merced,047,269075,30040,980,31020,467
2021-04-06,Modoc,049,8938,358,118,476,4
2021-04-06,Mono,051,14174,1238,17,1255,3
2021-04-06,Monterey,053,433212,42658,1757,44415,575
2021-04-06,Napa,055,140530,9537,30,9567,77
2021-04-06,Nevada,057,99092,4415,179,4594,70
2021-04-06,Orange,059,3164182,252314,10786,263100,5154
2021-04-06,Placer,061,380077,21931,1303,23234,294
2021-04-06,Plumas,063,18699,674,10,684,5
2021-04-06,Riverside,065,2383286,290338,13571,303909,4520
2021-04-06,Sacramento,067,1510023,100236,1457,101693,1598
2021-04-06,San Benito,069,59416,5911,101,6012,60
2021-04-06,San Bernardino,071,2135413,289945,8717,298662,5180
2021-04-06,San Diego,073,3302833,273023,13794,286817,3701
2021-04-06,San Francisco,075,870044,35592,1194,36786,550
2021-04-06,San Joaquin,077,732212,70407,3205,73612,1384
2021-04-06,San Luis Obispo,079,281455,20726,629,21355,253
2021-04-06,San Mateo,081,765935,41084,431,41515,533
2021-04-06,Santa Barbara,083,443738,33657,1079,34736,449
2021-04-06,Santa Clara,085,1922200,115236,662,115898,1707
2021-04-06,Santa Cruz,087,273765,15930,788,16718,205
2021-04-06,Shasta,089,179085,11434,1375,12809,189
2021-04-06,Sierra,091,2930,55,12,67,0
2021-04-06,Siskiyou,093,43540,1582,262,1844,15
2021-04-06,Solano,095,438530,31201,422,31623,262
2021-04-06,Sonoma,097,501317,29300,284,29584,308
2021-04-06,Stanislaus,099,539301,53692,5587,59279,948
2021-04-06,Sutter,101,95872,9171,80,9251,122
2021-04-06,Tehama,103,63373,4843,515,5358,71
2021-04-06,Trinity,105,12862,481,81,562,4
2021-04-06,Tulare,107,460477,49427,8515,57942,862
2021-04-06,Tuolumne,109,53932,3942,40,3982,59
2021-04-06,Ventura,111,848112,80147,2865,83012,1014
2021-04-06,Yolo,113,214977,13436,174,13610,223
2021-04-06,Yuba,115,75493,5769,111,5880,43
2021-04-05,Alameda,001,1643700,84480,1788,86268,1212
2021-04-05,Alpine,002,1148,85,0,85,0
2021-04-05,Amador,005,37829,3599,32,3631,47
2021-04-05,Butte,007,227075,11750,1699,13449,193
2021-04-05,Calaveras,009,45235,2022,11,2033,50
2021-04-05,Colusa,011,21464,1896,273,2169,15
2021-04-05,Contra Costa,013,1133247,66368,1135,67503,787
2021-04-05,Del Norte,015,27424,1236,11,1247,5
2021-04-05,El Dorado,017,186661,9573,644,10217,110
2021-04-05,Fresno,019,978130,100346,8241,108587,1672
2021-04-05,Glenn,021,27897,2363,530,2893,25
2021-04-05,Humboldt,023,135768,3493,25,3518,35
2021-04-05,Imperial,025,180216,27837,2552,30389,735
2021-04-05,Inyo,027,18085,1386,10,1396,38
2021-04-05,Kern,029,883053,95672,10287,105959,1304
2021-04-05,Kings,031,150075,22809,1024,23833,245
2021-04-05,Lake,033,64148,3384,9,3393,58
2021-04-05,Lassen,035,31185,5151,101,5252,18
2021-04-05,Los Angeles,037,10098052,1192796,39263,1232059,24074
2021-04-05,Madera,039,155013,16238,889,17127,239
2021-04-05,Marin,041,260295,5287,156,5443,172
2021-04-05,Mariposa,043,17540,398,6,404,6
2021-04-05,Mendocino,045,87422,3771,74,3845,47
2021-04-05,Merced,047,269075,30015,978,30993,467
2021-04-05,Modoc,049,8938,356,118,474,4
2021-04-05,Mono,051,14174,1238,17,1255,3
2021-04-05,Monterey,053,433212,42645,1753,44398,574
2021-04-05,Napa,055,140530,9514,30,9544,77
2021-04-05,Nevada,057,99092,4404,179,4583,70
2021-04-05,Orange,059,3164182,252199,10762,262961,5153
2021-04-05,Placer,061,380077,21885,1296,23181,294
2021-04-05,Plumas,063,18699,674,10,684,5
2021-04-05,Riverside,065,2383286,290201,13559,303760,4520
2021-04-05,Sacramento,067,1510023,100074,1449,101523,1598
2021-04-05,San Benito,069,59416,5905,101,6006,60
2021-04-05,San Bernardino,071,2135413,289835,8714,298549,5177
2021-04-05,San Diego,073,3302833,272774,13753,286527,3701
2021-04-05,San Francisco,075,870044,35561,1194,36755,550
2021-04-05,San Joaquin,077,732212,70318,3196,73514,1384
2021-04-05,San Luis Obispo,079,281455,20689,629,21318,253
2021-04-05,San Mateo,081,765935,41040,430,41470,532
2021-04-05,Santa Barbara,083,443738,33622,1079,34701,449
2021-04-05,Santa Clara,085,1922200,115069,659,115728,1706
2021-04-05,Santa Cruz,087,273765,15923,788,16711,204
2021-04-05,Shasta,089,179085,11413,1372,12785,189
2021-04-05,Sierra,091,2930,55,12,67,0
2021-04-05,Siskiyou,093,43540,1579,260,1839,15
2021-04-05,Solano,095,438530,31161,420,31581,262
2021-04-05,Sonoma,097,501317,29268,282,29550,308
2021-04-05,Stanislaus,099,539301,53612,5584,59196,947
2021-04-05,Sutter,101,95872,9164,80,9244,122
2021-04-05,Tehama,103,63373,4837,515,5352,71
2021-04-05,Trinity,105,12862,480,81,561,4
2021-04-05,Tulare,107,460477,49415,8508,57923,862
2021-04-05,Tuolumne,109,53932,3941,40,3981,59
2021-04-05,Ventura,111,848112,80116,2862,82978,1014
2021-04-05,Yolo,113,214977,13422,173,13595,223
2021-04-05,Yuba,115,75493,5764,110,5874,43
2021-04-04,Alameda,001,1643700,84361,1784,86145,1211
2021-04-04,Alpine,002,1148,85,0,85,0
2021-04-04,Amador,005,37829,3593,32,3625,47
2021-04-04,Butte,007,227075,11735,1698,13433,193
2021-04-04,Calaveras,009,45235,2018,11,2029,50
2021-04-04,Colusa,011,21464,1895,273,2168,15
2021-04-04,Contra Costa,013,1133247,66262,1130,67392,786
2021-04-04,Del Norte,015,27424,1228,11,1239,5
2021-04-04,El Dorado,017,186661,9554,641,10195,110
2021-04-04,Fresno,019,978130,100272,8229,108501,1672
2021-04-04,Glenn,021,27897,2360,529,2889,25
2021-04-04,Humboldt,023,135768,3482,25,3507,35
2021-04-04,Imperial,025,180216,27781,2550,30331,735
2021-04-04,Inyo,027,18085,1382,10,1392,38
2021-04-04,Kern,029,883053,95628,10266,105894,1302
2021-04-04,Kings,031,150075,22807,1023,23830,245
2021-04-04,Lake,033,64148,3378,8,3386,58
2021-04-04,Lassen,035,31185,5149,101,5250,18
2021-04-04,Los Angeles,037,10098052,1192251,39219,1231470,24059
2021-04-04,Madera,039,155013,16212,885,17097,239
2021-04-04,Marin,041,260295,5274,155,5429,172
2021-04-04,Mariposa,043,17540,398,6,404,6
2021-04-04,Mendocino,045,87422,3768,74,3842,47
2021-04-04,Merced,047,269075,29972,975,30947,467
2021-04-04,Modoc,049,8938,356,118,474,4
2021-04-04,Mono,051,14174,1237,17,1254,3
2021-04-04,Monterey,053,433212,42628,1752,44380,574
2021-04-04,Napa,055,140530,9502,30,9532,77
2021-04-04,Nevada,057,99092,4392,179,4571,70
2021-04-04,Orange,059,3164182,252064,10746,262810,5150
2021-04-04,Placer,061,380077,21838,1278,23116,292
2021-04-04,Plumas,063,18699,674,10,684,5
2021-04-04,Riverside,065,2383286,290075,13555,303630,4519
2021-04-04,Sacramento,067,1510023,99875,1440,101315,1597
2021-04-04,San Benito,069,59416,5895,97,5992,60
2021-04-04,San Bernardino,071,2135413,289694,8706,298400,5169
2021-04-04,San Diego,073,3302833,272462,13712,286174,3700
2021-04-04,San Francisco,075,870044,35507,1191,36698,550
2021-04-04,San Joaquin,077,732212,70217,3184,73401,1384
2021-04-04,San Luis Obispo,079,281455,20657,621,21278,253
2021-04-04,San Mateo,081,765935,40997,428,41425,531
2021-04-04,Santa Barbara,083,443738,33586,1079,34665,449
2021-04-04,Santa Clara,085,1922200,114903,652,115555,1705
2021-04-04,Santa Cruz,087,273765,15914,788,16702,204
2021-04-04,Shasta,089,179085,11387,1371,12758,189
2021-04-04,Sierra,091,2930,55,12,67,0
2021-04-04,Siskiyou,093,43540,1576,256,1832,15
2021-04-04,Solano,095,438530,31115,418,31533,262
2021-04-04,Sonoma,097,501317,29236,280,29516,308
2021-04-04,Stanislaus,099,539301,53519,5576,59095,946
2021-04-04,Sutter,101,95872,9157,80,9237,122
2021-04-04,Tehama,103,63373,4824,514,5338,71
2021-04-04,Trinity,105,12862,478,81,559,4
2021-04-04,Tulare,107,460477,49401,8500,57901,861
2021-04-04,Tuolumne,109,53932,3933,40,3973,59
2021-04-04,Ventura,111,848112,80073,2860,82933,1013
2021-04-04,Yolo,113,214977,13401,172,13573,223
2021-04-04,Yuba,115,75493,5757,110,5867,43
2021-04-03,Alameda,001,1643700,84294,1782,86076,1208
2021-04-03,Alpine,002,1148,85,0,85,0
2021-04-03,Amador,005,37829,3590,32,3622,47
2021-04-03,Butte,007,227075,11731,1694,13425,193
2021-04-03,Calaveras,009,45235,2016,11,2027,50
2021-04-03,Colusa,011,21464,1895,273,2168,15
2021-04-03,Contra Costa,013,1133247,66190,1130,67320,786
2021-04-03,Del Norte,015,27424,1223,11,1234,5
2021-04-03,El Dorado,017,186661,9545,640,10185,110
2021-04-03,Fresno,019,978130,100214,8224,108438,1671
2021-04-03,Glenn,021,27897,2359,528,2887,25
2021-04-03,Humboldt,023,135768,3480,25,3505,35
2021-04-03,Imperial,025,180216,27765,2547,30312,735
2021-04-03,Inyo,027,18085,1381,10,1391,38
2021-04-03,Kern,029,883053,95602,10250,105852,1300
2021-04-03,Kings,031,150075,22805,1023,23828,245
2021-04-03,Lake,033,64148,3377,8,3385,58
2021-04-03,Lassen,035,31185,5148,101,5249,18
2021-04-03,Los Angeles,037,10098052,1191945,39202,1231147,24044
2021-04-03,Madera,039,155013,16203,883,17086,238
2021-04-03,Marin,041,260295,5266,154,5420,171
2021-04-03,Mariposa,043,17540,398,5,403,6
2021-04-03,Mendocino,045,87422,3767,74,3841,47
2021-04-03,Merced,047,269075,29957,975,30932,467
2021-04-03,Modoc,049,8938,356,118,474,4
2021-04-03,Mono,051,14174,1237,17,1254,3
2021-04-03,Monterey,053,433212,42615,1750,44365,574
2021-04-03,Napa,055,140530,9493,30,9523,77
2021-04-03,Nevada,057,99092,4388,179,4567,70
2021-04-03,Orange,059,3164182,251983,10728,262711,5150
2021-04-03,Placer,061,380077,21807,1274,23081,292
2021-04-03,Plumas,063,18699,674,10,684,5
2021-04-03,Riverside,065,2383286,289997,13552,303549,4517
2021-04-03,Sacramento,067,1510023,99767,1434,101201,1596
2021-04-03,San Benito,069,59416,5892,96,5988,60
2021-04-03,San Bernardino,071,2135413,289630,8700,298330,5168
2021-04-03,San Diego,073,3302833,272293,13695,285988,3699
2021-04-03,San Francisco,075,870044,35488,1189,36677,550
2021-04-03,San Joaquin,077,732212,70176,3168,73344,1383
2021-04-03,San Luis Obispo,079,281455,20638,621,21259,253
2021-04-03,San Mateo,081,765935,40972,428,41400,530
2021-04-03,Santa Barbara,083,443738,33560,1078,34638,449
2021-04-03,Santa Clara,085,1922200,114795,650,115445,1699
2021-04-03,Santa Cruz,087,273765,15907,788,16695,204
2021-04-03,Shasta,089,179085,11379,1371,12750,189
2021-04-03,Sierra,091,2930,55,12,67,0
2021-04-03,Siskiyou,093,43540,1575,256,1831,15
2021-04-03,Solano,095,438530,31094,415,31509,262
2021-04-03,Sonoma,097,501317,29220,279,29499,308
2021-04-03,Stanislaus,099,539301,53484,5570,59054,945
2021-04-03,Sutter,101,95872,9151,80,9231,122
2021-04-03,Tehama,103,63373,4816,514,5330,71
2021-04-03,Trinity,105,12862,478,81,559,4
2021-04-03,Tulare,107,460477,49391,8496,57887,860
2021-04-03,Tuolumne,109,53932,3933,40,3973,59
2021-04-03,Ventura,111,848112,80052,2858,82910,1012
2021-04-03,Yolo,113,214977,13395,172,13567,223
2021-04-03,Yuba,115,75493,5751,110,5861,43
2021-04-02,Alameda,001,1643700,84221,1779,86000,1207
2021-04-02,Alpine,002,1148,85,0,85,0
2021-04-02,Amador,005,37829,3586,31,3617,47
2021-04-02,Butte,007,227075,11722,1694,13416,193
2021-04-02,Calaveras,009,45235,2014,11,2025,50
2021-04-02,Colusa,011,21464,1895,273,2168,15
2021-04-02,Contra Costa,013,1133247,66126,1129,67255,785
2021-04-02,Del Norte,015,27424,1220,11,1231,5
2021-04-02,El Dorado,017,186661,9532,637,10169,110
2021-04-02,Fresno,019,978130,100160,8213,108373,1668
2021-04-02,Glenn,021,27897,2359,528,2887,25
2021-04-02,Humboldt,023,135768,3476,25,3501,35
2021-04-02,Imperial,025,180216,27753,2541,30294,735
2021-04-02,Inyo,027,18085,1381,10,1391,38
2021-04-02,Kern,029,883053,95584,10247,105831,1300
2021-04-02,Kings,031,150075,22805,1020,23825,245
2021-04-02,Lake,033,64148,3375,8,3383,58
2021-04-02,Lassen,035,31185,5148,101,5249,18
2021-04-02,Los Angeles,037,10098052,1191635,39181,1230816,24037
2021-04-02,Madera,039,155013,16194,882,17076,238
2021-04-02,Marin,041,260295,5258,154,5412,170
2021-04-02,Mariposa,043,17540,396,5,401,6
2021-04-02,Mendocino,045,87422,3764,74,3838,47
2021-04-02,Merced,047,269075,29932,975,30907,466
2021-04-02,Modoc,049,8938,353,118,471,4
2021-04-02,Mono,051,14174,1237,17,1254,3
2021-04-02,Monterey,053,433212,42605,1747,44352,574
2021-04-02,Napa,055,140530,9478,30,9508,77
2021-04-02,Nevada,057,99092,4384,179,4563,70
2021-04-02,Orange,059,3164182,251888,10716,262604,5150
2021-04-02,Placer,061,380077,21771,1268,23039,292
2021-04-02,Plumas,063,18699,674,10,684,5
2021-04-02,Riverside,065,2383286,289911,13543,303454,4515
2021-04-02,Sacramento,067,1510023,99660,1427,101087,1596
2021-04-02,San Benito,069,59416,5890,94,5984,59
2021-04-02,San Bernardino,071,2135413,289558,8696,298254,5165
2021-04-02,San Diego,073,3302833,272107,13669,285776,3698
2021-04-02,San Francisco,075,870044,35453,1187,36640,550
2021-04-02,San Joaquin,077,732212,70111,3153,73264,1382
2021-04-02,San Luis Obispo,079,281455,20621,620,21241,253
2021-04-02,San Mateo,081,765935,40930,428,41358,530
2021-04-02,Santa Barbara,083,443738,33532,1078,34610,449
2021-04-02,Santa Clara,085,1922200,114684,648,115332,1697
2021-04-02,Santa Cruz,087,273765,15899,788,16687,204
2021-04-02,Shasta,089,179085,11374,1364,12738,188
2021-04-02,Sierra,091,2930,55,12,67,0
2021-04-02,Siskiyou,093,43540,1575,255,1830,15
2021-04-02,Solano,095,438530,31065,412,31477,262
2021-04-02,Sonoma,097,501317,29199,278,29477,308
2021-04-02,Stanislaus,099,539301,53439,5564,59003,944
2021-04-02,Sutter,101,95872,9143,80,9223,122
2021-04-02,Tehama,103,63373,4809,513,5322,71
2021-04-02,Trinity,105,12862,478,81,559,4
2021-04-02,Tulare,107,460477,49385,8490,57875,859
2021-04-02,Tuolumne,109,53932,3930,40,3970,59
2021-04-02,Ventura,111,848112,80025,2856,82881,1011
2021-04-02,Yolo,113,214977,13385,172,13557,222
2021-04-02,Yuba,115,75493,5747,110,5857,43
2021-04-01,Alameda,001,1643700,84142,1774,85916,1204
2021-04-01,Alpine,002,1148,85,0,85,0
2021-04-01,Amador,005,37829,3582,31,3613,47
2021-04-01,Butte,007,227075,11704,1692,13396,193
2021-04-01,Calaveras,009,45235,2011,11,2022,50
2021-04-01,Colusa,011,21464,1892,273,2165,15
2021-04-01,Contra Costa,013,1133247,66067,1127,67194,784
2021-04-01,Del Norte,015,27424,1215,11,1226,5
2021-04-01,El Dorado,017,186661,9523,633,10156,110
2021-04-01,Fresno,019,978130,100107,8205,108312,1667
2021-04-01,Glenn,021,27897,2359,527,2886,25
2021-04-01,Humboldt,023,135768,3472,25,3497,35
2021-04-01,Imperial,025,180216,27723,2536,30259,735
2021-04-01,Inyo,027,18085,1380,10,1390,38
2021-04-01,Kern,029,883053,95548,10235,105783,1298
2021-04-01,Kings,031,150075,22798,1019,23817,245
2021-04-01,Lake,033,64148,3370,8,3378,58
2021-04-01,Lassen,035,31185,5147,101,5248,18
2021-04-01,Los Angeles,037,10098052,1191142,39152,1230294,24026
2021-04-01,Madera,039,155013,16178,882,17060,238
2021-04-01,Marin,041,260295,5248,154,5402,170
2021-04-01,Mariposa,043,17540,394,5,399,6
2021-04-01,Mendocino,045,87422,3764,74,3838,47
2021-04-01,Merced,047,269075,29899,975,30874,464
2021-04-01,Modoc,049,8938,352,118,470,4
2021-04-01,Mono,051,14174,1237,17,1254,3
2021-04-01,Monterey,053,433212,42597,1745,44342,573
2021-04-01,Napa,055,140530,9466,30,9496,77
2021-04-01,Nevada,057,99092,4374,178,4552,70
2021-04-01,Orange,059,3164182,251768,10699,262467,5150
2021-04-01,Placer,061,380077,21732,1256,22988,291
2021-04-01,Plumas,063,18699,674,10,684,5
2021-04-01,Riverside,065,2383286,289806,13540,303346,4515
2021-04-01,Sacramento,067,1510023,99516,1414,100930,1596
2021-04-01,San Benito,069,59416,5882,93,5975,59
2021-04-01,San Bernardino,071,2135413,289442,8687,298129,5163
2021-04-01,San Diego,073,3302833,271884,13639,285523,3697
2021-04-01,San Francisco,075,870044,35432,1184,36616,549
2021-04-01,San Joaquin,077,732212,70029,3145,73174,1382
2021-04-01,San Luis Obispo,079,281455,20592,619,21211,253
2021-04-01,San Mateo,081,765935,40889,428,41317,528
2021-04-01,Santa Barbara,083,443738,33485,1073,34558,449
2021-04-01,Santa Clara,085,1922200,114571,647,115218,1695
2021-04-01,Santa Cruz,087,273765,15884,788,16672,204
2021-04-01,Shasta,089,179085,11359,1359,12718,187
2021-04-01,Sierra,091,2930,55,12,67,0
2021-04-01,Siskiyou,093,43540,1573,254,1827,15
2021-04-01,Solano,095,438530,31032,409,31441,262
2021-04-01,Sonoma,097,501317,29168,271,29439,308
2021-04-01,Stanislaus,099,539301,53377,5558,58935,944
2021-04-01,Sutter,101,95872,9131,80,9211,122
2021-04-01,Tehama,103,63373,4803,510,5313,71
2021-04-01,Trinity,105,12862,478,81,559,4
2021-04-01,Tulare,107,460477,49362,8480,57842,857
2021-04-01,Tuolumne,109,53932,3928,40,3968,59
2021-04-01,Ventura,111,848112,80001,2855,82856,1010
2021-04-01,Yolo,113,214977,13372,172,13544,222
2021-04-01,Yuba,115,75493,5742,110,5852,43
2021-03-31,Alameda,001,1643700,84060,1769,85829,1202
2021-03-31,Alpine,002,1148,85,0,85,0
2021-03-31,Amador,005,37829,3579,31,3610,47
2021-03-31,Butte,007,227075,11694,1688,13382,193
2021-03-31,Calaveras,009,45235,2009,11,2020,50
2021-03-31,Colusa,011,21464,1892,273,2165,15
2021-03-31,Contra Costa,013,1133247,65982,1126,67108,784
2021-03-31,Del Norte,015,27424,1206,11,1217,5
2021-03-31,El Dorado,017,186661,9506,633,10139,110
2021-03-31,Fresno,019,978130,100014,8189,108203,1666
2021-03-31,Glenn,021,27897,2355,525,2880,25
2021-03-31,Humboldt,023,135768,3466,25,3491,35
2021-03-31,Imperial,025,180216,27703,2535,30238,735
2021-03-31,Inyo,027,18085,1377,9,1386,38
2021-03-31,Kern,029,883053,95505,10226,105731,1297
2021-03-31,Kings,031,150075,22795,1019,23814,245
2021-03-31,Lake,033,64148,3366,8,3374,58
2021-03-31,Lassen,035,31185,5143,101,5244,18
2021-03-31,Los Angeles,037,10098052,1190674,39114,1229788,24014
2021-03-31,Madera,039,155013,16164,881,17045,237
2021-03-31,Marin,041,260295,5237,154,5391,170
2021-03-31,Mariposa,043,17540,394,5,399,6
2021-03-31,Mendocino,045,87422,3758,74,3832,47
2021-03-31,Merced,047,269075,29870,975,30845,463
2021-03-31,Modoc,049,8938,352,118,470,4
2021-03-31,Mono,051,14174,1237,17,1254,3
2021-03-31,Monterey,053,433212,42580,1743,44323,573
2021-03-31,Napa,055,140530,9448,30,9478,77
2021-03-31,Nevada,057,99092,4368,178,4546,70
2021-03-31,Orange,059,3164182,251656,10684,262340,5147
2021-03-31,Placer,061,380077,21682,1249,22931,290
2021-03-31,Plumas,063,18699,673,10,683,5
2021-03-31,Riverside,065,2383286,289704,13529,303233,4513
2021-03-31,Sacramento,067,1510023,99341,1407,100748,1594
2021-03-31,San Benito,069,59416,5872,93,5965,59
2021-03-31,San Bernardino,071,2135413,289348,8684,298032,5157
2021-03-31,San Diego,073,3302833,271652,13604,285256,3696
2021-03-31,San Francisco,075,870044,35387,1183,36570,549
2021-03-31,San Joaquin,077,732212,69940,3129,73069,1381
2021-03-31,San Luis Obispo,079,281455,20570,618,21188,253
2021-03-31,San Mateo,081,765935,40859,428,41287,528
2021-03-31,Santa Barbara,083,443738,33453,1071,34524,449
2021-03-31,Santa Clara,085,1922200,114444,647,115091,1695
2021-03-31,Santa Cruz,087,273765,15871,787,16658,204
2021-03-31,Shasta,089,179085,11347,1351,12698,186
2021-03-31,Sierra,091,2930,55,12,67,0
2021-03-31,Siskiyou,093,43540,1572,254,1826,15
2021-03-31,Solano,095,438530,30986,408,31394,262
2021-03-31,Sonoma,097,501317,29141,271,29412,308
2021-03-31,Stanislaus,099,539301,53309,5546,58855,941
2021-03-31,Sutter,101,95872,9120,80,9200,122
2021-03-31,Tehama,103,63373,4798,508,5306,70
2021-03-31,Trinity,105,12862,478,81,559,4
2021-03-31,Tulare,107,460477,49342,8464,57806,857
2021-03-31,Tuolumne,109,53932,3927,40,3967,58
2021-03-31,Ventura,111,848112,79969,2851,82820,1010
2021-03-31,Yolo,113,214977,13355,171,13526,222
2021-03-31,Yuba,115,75493,5735,110,5845,43
2021-03-30,Alameda,001,1643700,83960,1766,85726,1201
2021-03-30,Alpine,002,1148,85,0,85,0
2021-03-30,Amador,005,37829,3576,31,3607,47
2021-03-30,Butte,007,227075,11682,1685,13367,193
2021-03-30,Calaveras,009,45235,2005,11,2016,50
2021-03-30,Colusa,011,21464,1891,272,2163,15
2021-03-30,Contra Costa,013,1133247,65893,1124,67017,782
2021-03-30,Del Norte,015,27424,1198,10,1208,5
2021-03-30,El Dorado,017,186661,9487,630,10117,110
2021-03-30,Fresno,019,978130,99949,8176,108125,1665
2021-03-30,Glenn,021,27897,2355,524,2879,25
2021-03-30,Humboldt,023,135768,3464,25,3489,35
2021-03-30,Imperial,025,180216,27675,2533,30208,733
2021-03-30,Inyo,027,18085,1377,9,1386,38
2021-03-30,Kern,029,883053,95463,10217,105680,1295
2021-03-30,Kings,031,150075,22791,1017,23808,245
2021-03-30,Lake,033,64148,3360,8,3368,58
2021-03-30,Lassen,035,31185,5143,101,5244,18
2021-03-30,Los Angeles,037,10098052,1190178,39092,1229270,24002
2021-03-30,Madera,039,155013,16154,877,17031,237
2021-03-30,Marin,041,260295,5228,146,5374,170
2021-03-30,Mariposa,043,17540,394,5,399,6
2021-03-30,Mendocino,045,87422,3756,74,3830,47
2021-03-30,Merced,047,269075,29833,975,30808,462
2021-03-30,Modoc,049,8938,351,118,469,4
2021-03-30,Mono,051,14174,1236,17,1253,3
2021-03-30,Monterey,053,433212,42554,1741,44295,573
2021-03-30,Napa,055,140530,9433,30,9463,77
2021-03-30,Nevada,057,99092,4356,177,4533,69
2021-03-30,Orange,059,3164182,251528,10657,262185,5142
2021-03-30,Placer,061,380077,21642,1243,22885,289
2021-03-30,Plumas,063,18699,673,10,683,5
2021-03-30,Riverside,065,2383286,289579,13520,303099,4510
2021-03-30,Sacramento,067,1510023,99204,1404,100608,1594
2021-03-30,San Benito,069,59416,5866,93,5959,59
2021-03-30,San Bernardino,071,2135413,289239,8675,297914,5152
2021-03-30,San Diego,073,3302833,271413,13566,284979,3694
2021-03-30,San Francisco,075,870044,35337,1182,36519,549
2021-03-30,San Joaquin,077,732212,69852,3119,72971,1381
2021-03-30,San Luis Obispo,079,281455,20550,618,21168,253
2021-03-30,San Mateo,081,765935,40815,428,41243,527
2021-03-30,Santa Barbara,083,443738,33428,1071,34499,448
2021-03-30,Santa Clara,085,1922200,114322,646,114968,1695
2021-03-30,Santa Cruz,087,273765,15865,787,16652,204
2021-03-30,Shasta,089,179085,11339,1350,12689,185
2021-03-30,Sierra,091,2930,55,12,67,0
2021-03-30,Siskiyou,093,43540,1571,254,1825,15
2021-03-30,Solano,095,438530,30956,407,31363,262
2021-03-30,Sonoma,097,501317,29109,271,29380,308
2021-03-30,Stanislaus,099,539301,53231,5538,58769,938
2021-03-30,Sutter,101,95872,9116,79,9195,122
2021-03-30,Tehama,103,63373,4789,507,5296,70
2021-03-30,Trinity,105,12862,478,81,559,4
2021-03-30,Tulare,107,460477,49327,8455,57782,854
2021-03-30,Tuolumne,109,53932,3922,40,3962,57
2021-03-30,Ventura,111,848112,79925,2848,82773,1010
2021-03-30,Yolo,113,214977,13342,171,13513,221
2021-03-30,Yuba,115,75493,5724,104,5828,43
2021-03-29,Alameda,001,1643700,83860,1764,85624,1201
2021-03-29,Alpine,002,1148,85,0,85,0
2021-03-29,Amador,005,37829,3570,31,3601,46
2021-03-29,Butte,007,227075,11674,1682,13356,193
2021-03-29,Calaveras,009,45235,2003,11,2014,50
2021-03-29,Colusa,011,21464,1891,271,2162,15
2021-03-29,Contra Costa,013,1133247,65824,1123,66947,782
2021-03-29,Del Norte,015,27424,1193,9,1202,5
2021-03-29,El Dorado,017,186661,9467,625,10092,110
2021-03-29,Fresno,019,978130,99866,8161,108027,1664
2021-03-29,Glenn,021,27897,2348,524,2872,25
2021-03-29,Humboldt,023,135768,3459,25,3484,35
2021-03-29,Imperial,025,180216,27654,2531,30185,733
2021-03-29,Inyo,027,18085,1377,9,1386,38
2021-03-29,Kern,029,883053,95416,10198,105614,1295
2021-03-29,Kings,031,150075,22779,1016,23795,245
2021-03-29,Lake,033,64148,3357,8,3365,58
2021-03-29,Lassen,035,31185,5143,101,5244,18
2021-03-29,Los Angeles,037,10098052,1189681,39052,1228733,23988
2021-03-29,Madera,039,155013,16134,875,17009,237
2021-03-29,Marin,041,260295,5216,143,5359,170
2021-03-29,Mariposa,043,17540,393,5,398,6
2021-03-29,Mendocino,045,87422,3753,74,3827,47
2021-03-29,Merced,047,269075,29809,975,30784,462
2021-03-29,Modoc,049,8938,350,118,468,4
2021-03-29,Mono,051,14174,1235,17,1252,3
2021-03-29,Monterey,053,433212,42538,1736,44274,572
2021-03-29,Napa,055,140530,9417,30,9447,77
2021-03-29,Nevada,057,99092,4349,177,4526,69
2021-03-29,Orange,059,3164182,251417,10645,262062,5139
2021-03-29,Placer,061,380077,21607,1236,22843,289
2021-03-29,Plumas,063,18699,672,10,682,5
2021-03-29,Riverside,065,2383286,289476,13519,302995,4508
2021-03-29,Sacramento,067,1510023,99011,1396,100407,1592
2021-03-29,San Benito,069,59416,5859,93,5952,59
2021-03-29,San Bernardino,071,2135413,289142,8671,297813,5147
2021-03-29,San Diego,073,3302833,271147,13540,284687,3690
2021-03-29,San Francisco,075,870044,35302,1179,36481,549
2021-03-29,San Joaquin,077,732212,69766,3106,72872,1378
2021-03-29,San Luis Obispo,079,281455,20515,617,21132,253
2021-03-29,San Mateo,081,765935,40773,427,41200,527
2021-03-29,Santa Barbara,083,443738,33394,1070,34464,448
2021-03-29,Santa Clara,085,1922200,114213,641,114854,1695
2021-03-29,Santa Cruz,087,273765,15854,786,16640,204
2021-03-29,Shasta,089,179085,11321,1348,12669,185
2021-03-29,Sierra,091,2930,55,12,67,0
2021-03-29,Siskiyou,093,43540,1569,254,1823,15
2021-03-29,Solano,095,438530,30917,405,31322,262
2021-03-29,Sonoma,097,501317,29086,268,29354,308
2021-03-29,Stanislaus,099,539301,53147,5531,58678,938
2021-03-29,Sutter,101,95872,9109,79,9188,122
2021-03-29,Tehama,103,63373,4781,506,5287,70
2021-03-29,Trinity,105,12862,478,81,559,4
2021-03-29,Tulare,107,460477,49299,8444,57743,852
2021-03-29,Tuolumne,109,53932,3920,40,3960,57
2021-03-29,Ventura,111,848112,79883,2848,82731,1009
2021-03-29,Yolo,113,214977,13323,171,13494,221
2021-03-29,Yuba,115,75493,5717,103,5820,43
2021-03-28,Alameda,001,1643700,83739,1762,85501,1200
2021-03-28,Alpine,002,1148,85,0,85,0
2021-03-28,Amador,005,37829,3566,31,3597,46
2021-03-28,Butte,007,227075,11661,1680,13341,193
2021-03-28,Calaveras,009,45235,2001,11,2012,50
2021-03-28,Colusa,011,21464,1890,271,2161,15
2021-03-28,Contra Costa,013,1133247,65750,1119,66869,781
2021-03-28,Del Norte,015,27424,1186,7,1193,5
2021-03-28,El Dorado,017,186661,9452,623,10075,110
2021-03-28,Fresno,019,978130,99784,8149,107933,1663
2021-03-28,Glenn,021,27897,2344,522,2866,25
2021-03-28,Humboldt,023,135768,3456,24,3480,35
2021-03-28,Imperial,025,180216,27626,2528,30154,733
2021-03-28,Inyo,027,18085,1376,9,1385,38
2021-03-28,Kern,029,883053,95371,10187,105558,1292
2021-03-28,Kings,031,150075,22774,1013,23787,244
2021-03-28,Lake,033,64148,3352,8,3360,58
2021-03-28,Lassen,035,31185,5143,100,5243,18
2021-03-28,Los Angeles,037,10098052,1189129,38994,1228123,23975
2021-03-28,Madera,039,155013,16119,874,16993,237
2021-03-28,Marin,041,260295,5203,141,5344,170
2021-03-28,Mariposa,043,17540,393,5,398,6
2021-03-28,Mendocino,045,87422,3751,74,3825,47
2021-03-28,Merced,047,269075,29752,975,30727,462
2021-03-28,Modoc,049,8938,350,118,468,4
2021-03-28,Mono,051,14174,1234,17,1251,3
2021-03-28,Monterey,053,433212,42515,1732,44247,571
2021-03-28,Napa,055,140530,9403,30,9433,77
2021-03-28,Nevada,057,99092,4335,177,4512,69
2021-03-28,Orange,059,3164182,251260,10635,261895,5136
2021-03-28,Placer,061,380077,21563,1230,22793,289
2021-03-28,Plumas,063,18699,670,10,680,5
2021-03-28,Riverside,065,2383286,289362,13511,302873,4503
2021-03-28,Sacramento,067,1510023,98837,1390,100227,1591
2021-03-28,San Benito,069,59416,5854,93,5947,58
2021-03-28,San Bernardino,071,2135413,289022,8663,297685,5142
2021-03-28,San Diego,073,3302833,270871,13511,284382,3688
2021-03-28,San Francisco,075,870044,35256,1175,36431,549
2021-03-28,San Joaquin,077,732212,69642,3087,72729,1376
2021-03-28,San Luis Obispo,079,281455,20480,614,21094,253
2021-03-28,San Mateo,081,765935,40728,427,41155,527
2021-03-28,Santa Barbara,083,443738,33352,1069,34421,447
2021-03-28,Santa Clara,085,1922200,114113,637,114750,1693
2021-03-28,Santa Cruz,087,273765,15839,785,16624,204
2021-03-28,Shasta,089,179085,11295,1337,12632,185
2021-03-28,Sierra,091,2930,55,12,67,0
2021-03-28,Siskiyou,093,43540,1569,253,1822,15
2021-03-28,Solano,095,438530,30880,403,31283,262
2021-03-28,Sonoma,097,501317,29050,266,29316,308
2021-03-28,Stanislaus,099,539301,53059,5518,58577,937
2021-03-28,Sutter,101,95872,9100,79,9179,122
2021-03-28,Tehama,103,63373,4771,504,5275,70
2021-03-28,Trinity,105,12862,476,80,556,4
2021-03-28,Tulare,107,460477,49270,8438,57708,852
2021-03-28,Tuolumne,109,53932,3917,39,3956,57
2021-03-28,Ventura,111,848112,79832,2843,82675,1009
2021-03-28,Yolo,113,214977,13306,170,13476,221
2021-03-28,Yuba,115,75493,5713,103,5816,43
2021-03-27,Alameda,001,1643700,83668,1758,85426,1200
2021-03-27,Alpine,002,1148,85,0,85,0
2021-03-27,Amador,005,37829,3561,31,3592,46
2021-03-27,Butte,007,227075,11654,1679,13333,193
2021-03-27,Calaveras,009,45235,1998,11,2009,50
2021-03-27,Colusa,011,21464,1890,271,2161,15
2021-03-27,Contra Costa,013,1133247,65680,1116,66796,781
2021-03-27,Del Norte,015,27424,1176,7,1183,5
2021-03-27,El Dorado,017,186661,9438,623,10061,110
2021-03-27,Fresno,019,978130,99731,8143,107874,1663
2021-03-27,Glenn,021,27897,2343,522,2865,25
2021-03-27,Humboldt,023,135768,3451,24,3475,35
2021-03-27,Imperial,025,180216,27614,2525,30139,733
2021-03-27,Inyo,027,18085,1374,9,1383,38
2021-03-27,Kern,029,883053,95351,10176,105527,1291
2021-03-27,Kings,031,150075,22771,1013,23784,244
2021-03-27,Lake,033,64148,3350,8,3358,58
2021-03-27,Lassen,035,31185,5143,100,5243,18
2021-03-27,Los Angeles,037,10098052,1188815,38968,1227783,23962
2021-03-27,Madera,039,155013,16112,872,16984,237
2021-03-27,Marin,041,260295,5198,141,5339,170
2021-03-27,Mariposa,043,17540,393,5,398,6
2021-03-27,Mendocino,045,87422,3749,74,3823,47
2021-03-27,Merced,047,269075,29719,973,30692,460
2021-03-27,Modoc,049,8938,350,118,468,4
2021-03-27,Mono,051,14174,1232,17,1249,3
2021-03-27,Monterey,053,433212,42505,1732,44237,571
2021-03-27,Napa,055,140530,9391,30,9421,77
2021-03-27,Nevada,057,99092,4325,177,4502,69
2021-03-27,Orange,059,3164182,251165,10619,261784,5134
2021-03-27,Placer,061,380077,21543,1223,22766,289
2021-03-27,Plumas,063,18699,669,10,679,5
2021-03-27,Riverside,065,2383286,289300,13503,302803,4502
2021-03-27,Sacramento,067,1510023,98747,1388,100135,1588
2021-03-27,San Benito,069,59416,5852,91,5943,58
2021-03-27,San Bernardino,071,2135413,288960,8662,297622,5139
2021-03-27,San Diego,073,3302833,270700,13489,284189,3686
2021-03-27,San Francisco,075,870044,35233,1173,36406,549
2021-03-27,San Joaquin,077,732212,69582,3079,72661,1375
2021-03-27,San Luis Obispo,079,281455,20469,611,21080,253
2021-03-27,San Mateo,081,765935,40705,427,41132,527
2021-03-27,Santa Barbara,083,443738,33329,1069,34398,447
2021-03-27,Santa Clara,085,1922200,114017,635,114652,1692
2021-03-27,Santa Cruz,087,273765,15833,785,16618,203
2021-03-27,Shasta,089,179085,11284,1335,12619,185
2021-03-27,Sierra,091,2930,55,12,67,0
2021-03-27,Siskiyou,093,43540,1569,253,1822,15
2021-03-27,Solano,095,438530,30852,402,31254,262
2021-03-27,Sonoma,097,501317,29035,264,29299,308
2021-03-27,Stanislaus,099,539301,52994,5510,58504,937
2021-03-27,Sutter,101,95872,9093,79,9172,122
2021-03-27,Tehama,103,63373,4765,502,5267,70
2021-03-27,Trinity,105,12862,476,80,556,4
2021-03-27,Tulare,107,460477,49254,8431,57685,852
2021-03-27,Tuolumne,109,53932,3914,39,3953,57
2021-03-27,Ventura,111,848112,79805,2841,82646,1009
2021-03-27,Yolo,113,214977,13301,169,13470,221
2021-03-27,Yuba,115,75493,5711,103,5814,43
2021-03-26,Alameda,001,1643700,83606,1756,85362,1198
2021-03-26,Alpine,002,1148,85,0,85,0
2021-03-26,Amador,005,37829,3556,31,3587,46
2021-03-26,Butte,007,227075,11643,1679,13322,193
2021-03-26,Calaveras,009,45235,1995,11,2006,50
2021-03-26,Colusa,011,21464,1890,271,2161,15
2021-03-26,Contra Costa,013,1133247,65620,1113,66733,780
2021-03-26,Del Norte,015,27424,1173,7,1180,5
2021-03-26,El Dorado,017,186661,9433,623,10056,110
2021-03-26,Fresno,019,978130,99669,8133,107802,1662
2021-03-26,Glenn,021,27897,2343,521,2864,25
2021-03-26,Humboldt,023,135768,3449,24,3473,34
2021-03-26,Imperial,025,180216,27590,2525,30115,733
2021-03-26,Inyo,027,18085,1373,9,1382,38
2021-03-26,Kern,029,883053,95325,10170,105495,1287
2021-03-26,Kings,031,150075,22763,1011,23774,244
2021-03-26,Lake,033,64148,3349,8,3357,58
2021-03-26,Lassen,035,31185,5142,100,5242,18
2021-03-26,Los Angeles,037,10098052,1188479,38955,1227434,23944
2021-03-26,Madera,039,155013,16102,872,16974,237
2021-03-26,Marin,041,260295,5192,136,5328,170
2021-03-26,Mariposa,043,17540,393,5,398,6
2021-03-26,Mendocino,045,87422,3748,74,3822,46
2021-03-26,Merced,047,269075,29696,972,30668,460
2021-03-26,Modoc,049,8938,350,118,468,4
2021-03-26,Mono,051,14174,1231,17,1248,3
2021-03-26,Monterey,053,433212,42492,1728,44220,570
2021-03-26,Napa,055,140530,9381,30,9411,77
2021-03-26,Nevada,057,99092,4305,177,4482,69
2021-03-26,Orange,059,3164182,251102,10605,261707,5132
2021-03-26,Placer,061,380077,21517,1222,22739,289
2021-03-26,Plumas,063,18699,668,10,678,5
2021-03-26,Riverside,065,2383286,289222,13497,302719,4500
2021-03-26,Sacramento,067,1510023,98646,1383,100029,1587
2021-03-26,San Benito,069,59416,5849,91,5940,58
2021-03-26,San Bernardino,071,2135413,288904,8660,297564,5137
2021-03-26,San Diego,073,3302833,270522,13463,283985,3684
2021-03-26,San Francisco,075,870044,35207,1173,36380,546
2021-03-26,San Joaquin,077,732212,69519,3075,72594,1375
2021-03-26,San Luis Obispo,079,281455,20456,611,21067,252
2021-03-26,San Mateo,081,765935,40670,427,41097,527
2021-03-26,Santa Barbara,083,443738,33299,1068,34367,446
2021-03-26,Santa Clara,085,1922200,113919,634,114553,1691
2021-03-26,Santa Cruz,087,273765,15818,784,16602,203
2021-03-26,Shasta,089,179085,11275,1329,12604,185
2021-03-26,Sierra,091,2930,55,12,67,0
2021-03-26,Siskiyou,093,43540,1569,252,1821,14
2021-03-26,Solano,095,438530,30827,402,31229,262
2021-03-26,Sonoma,097,501317,29019,261,29280,308
2021-03-26,Stanislaus,099,539301,52926,5506,58432,936
2021-03-26,Sutter,101,95872,9090,79,9169,121
2021-03-26,Tehama,103,63373,4764,501,5265,70
2021-03-26,Trinity,105,12862,476,80,556,4
2021-03-26,Tulare,107,460477,49239,8424,57663,852
2021-03-26,Tuolumne,109,53932,3913,39,3952,57
2021-03-26,Ventura,111,848112,79771,2839,82610,1007
2021-03-26,Yolo,113,214977,13294,167,13461,221
2021-03-26,Yuba,115,75493,5701,103,5804,43
2021-03-25,Alameda,001,1643700,83512,1754,85266,1198
2021-03-25,Alpine,002,1148,85,0,85,0
2021-03-25,Amador,005,37829,3554,31,3585,46
2021-03-25,Butte,007,227075,11633,1679,13312,192
2021-03-25,Calaveras,009,45235,1994,11,2005,50
2021-03-25,Colusa,011,21464,1890,271,2161,15
2021-03-25,Contra Costa,013,1133247,65553,1110,66663,780
2021-03-25,Del Norte,015,27424,1167,7,1174,5
2021-03-25,El Dorado,017,186661,9423,623,10046,110
2021-03-25,Fresno,019,978130,99551,8120,107671,1660
2021-03-25,Glenn,021,27897,2342,520,2862,25
2021-03-25,Humboldt,023,135768,3444,24,3468,34
2021-03-25,Imperial,025,180216,27574,2524,30098,733
2021-03-25,Inyo,027,18085,1373,9,1382,38
2021-03-25,Kern,029,883053,95293,10165,105458,1285
2021-03-25,Kings,031,150075,22753,1011,23764,244
2021-03-25,Lake,033,64148,3344,8,3352,58
2021-03-25,Lassen,035,31185,5142,100,5242,18
2021-03-25,Los Angeles,037,10098052,1188041,38922,1226963,23924
2021-03-25,Madera,039,155013,16083,870,16953,237
2021-03-25,Marin,041,260295,5182,133,5315,170
2021-03-25,Mariposa,043,17540,393,5,398,6
2021-03-25,Mendocino,045,87422,3747,74,3821,46
2021-03-25,Merced,047,269075,29662,965,30627,459
2021-03-25,Modoc,049,8938,350,118,468,4
2021-03-25,Mono,051,14174,1231,17,1248,3
2021-03-25,Monterey,053,433212,42471,1723,44194,570
2021-03-25,Napa,055,140530,9362,30,9392,77
2021-03-25,Nevada,057,99092,4287,175,4462,69
2021-03-25,Orange,059,3164182,250987,10585,261572,5128
2021-03-25,Placer,061,380077,21476,1215,22691,289
2021-03-25,Plumas,063,18699,668,10,678,5
2021-03-25,Riverside,065,2383286,289125,13486,302611,4497
2021-03-25,Sacramento,067,1510023,98500,1381,99881,1587
2021-03-25,San Benito,069,59416,5846,91,5937,58
2021-03-25,San Bernardino,071,2135413,288823,8655,297478,5127
2021-03-25,San Diego,073,3302833,270294,13432,283726,3680
2021-03-25,San Francisco,075,870044,35167,1171,36338,545
2021-03-25,San Joaquin,077,732212,69422,3037,72459,1374
2021-03-25,San Luis Obispo,079,281455,20438,611,21049,251
2021-03-25,San Mateo,081,765935,40630,427,41057,526
2021-03-25,Santa Barbara,083,443738,33272,1068,34340,445
2021-03-25,Santa Clara,085,1922200,113815,632,114447,1691
2021-03-25,Santa Cruz,087,273765,15797,784,16581,203
2021-03-25,Shasta,089,179085,11258,1326,12584,185
2021-03-25,Sierra,091,2930,55,12,67,0
2021-03-25,Siskiyou,093,43540,1567,251,1818,14
2021-03-25,Solano,095,438530,30767,400,31167,261
2021-03-25,Sonoma,097,501317,28985,257,29242,308
2021-03-25,Stanislaus,099,539301,52859,5499,58358,934
2021-03-25,Sutter,101,95872,9081,79,9160,121
2021-03-25,Tehama,103,63373,4762,500,5262,69
2021-03-25,Trinity,105,12862,476,80,556,4
2021-03-25,Tulare,107,460477,49212,8412,57624,852
2021-03-25,Tuolumne,109,53932,3912,39,3951,57
2021-03-25,Ventura,111,848112,79730,2835,82565,1007
2021-03-25,Yolo,113,214977,13288,167,13455,221
2021-03-25,Yuba,115,75493,5695,97,5792,43
2021-03-24,Alameda,001,1643700,83419,1751,85170,1196
2021-03-24,Alpine,002,1148,85,0,85,0
2021-03-24,Amador,005,37829,3548,31,3579,46
2021-03-24,Butte,007,227075,11623,1675,13298,192
2021-03-24,Calaveras,009,45235,1991,11,2002,50
2021-03-24,Colusa,011,21464,1890,271,2161,15
2021-03-24,Contra Costa,013,1133247,65473,1109,66582,780
2021-03-24,Del Norte,015,27424,1162,7,1169,5
2021-03-24,El Dorado,017,186661,9417,622,10039,110
2021-03-24,Fresno,019,978130,99460,8105,107565,1659
2021-03-24,Glenn,021,27897,2341,519,2860,25
2021-03-24,Humboldt,023,135768,3441,24,3465,33
2021-03-24,Imperial,025,180216,27565,2524,30089,732
2021-03-24,Inyo,027,18085,1373,9,1382,38
2021-03-24,Kern,029,883053,95245,10156,105401,1284
2021-03-24,Kings,031,150075,22738,1009,23747,244
2021-03-24,Lake,033,64148,3340,8,3348,58
2021-03-24,Lassen,035,31185,5140,99,5239,18
2021-03-24,Los Angeles,037,10098052,1187554,38889,1226443,23904
2021-03-24,Madera,039,155013,16074,869,16943,237
2021-03-24,Marin,041,260295,5168,131,5299,169
2021-03-24,Mariposa,043,17540,393,5,398,6
2021-03-24,Mendocino,045,87422,3744,74,3818,46
2021-03-24,Merced,047,269075,29621,965,30586,457
2021-03-24,Modoc,049,8938,349,118,467,4
2021-03-24,Mono,051,14174,1230,17,1247,3
2021-03-24,Monterey,053,433212,42449,1720,44169,569
2021-03-24,Napa,055,140530,9342,30,9372,77
2021-03-24,Nevada,057,99092,4272,174,4446,69
2021-03-24,Orange,059,3164182,250874,10567,261441,5122
2021-03-24,Placer,061,380077,21446,1207,22653,289
2021-03-24,Plumas,063,18699,666,10,676,5
2021-03-24,Riverside,065,2383286,289041,13483,302524,4496
2021-03-24,Sacramento,067,1510023,98325,1370,99695,1585
2021-03-24,San Benito,069,59416,5845,91,5936,58
2021-03-24,San Bernardino,071,2135413,288736,8653,297389,5122
2021-03-24,San Diego,073,3302833,270080,13404,283484,3678
2021-03-24,San Francisco,075,870044,35140,1168,36308,544
2021-03-24,San Joaquin,077,732212,69351,3025,72376,1374
2021-03-24,San Luis Obispo,079,281455,20408,610,21018,250
2021-03-24,San Mateo,081,765935,40580,427,41007,526
2021-03-24,Santa Barbara,083,443738,33244,1068,34312,445
2021-03-24,Santa Clara,085,1922200,113699,629,114328,1688
2021-03-24,Santa Cruz,087,273765,15783,783,16566,203
2021-03-24,Shasta,089,179085,11239,1324,12563,184
2021-03-24,Sierra,091,2930,55,12,67,0
2021-03-24,Siskiyou,093,43540,1565,251,1816,14
2021-03-24,Solano,095,438530,30730,399,31129,261
2021-03-24,Sonoma,097,501317,28965,253,29218,307
2021-03-24,Stanislaus,099,539301,52783,5490,58273,932
2021-03-24,Sutter,101,95872,9065,79,9144,121
2021-03-24,Tehama,103,63373,4756,499,5255,69
2021-03-24,Trinity,105,12862,475,80,555,4
2021-03-24,Tulare,107,460477,49201,8399,57600,851
2021-03-24,Tuolumne,109,53932,3910,39,3949,57
2021-03-24,Ventura,111,848112,79678,2828,82506,1005
2021-03-24,Yolo,113,214977,13276,167,13443,221
2021-03-24,Yuba,115,75493,5689,94,5783,43
2021-03-23,Alameda,001,1643700,83317,1747,85064,1195
2021-03-23,Alpine,002,1148,85,0,85,0
2021-03-23,Amador,005,37829,3542,31,3573,46
2021-03-23,Butte,007,227075,11611,1674,13285,192
2021-03-23,Calaveras,009,45235,1989,11,2000,50
2021-03-23,Colusa,011,21464,1888,270,2158,15
2021-03-23,Contra Costa,013,1133247,65373,1108,66481,780
2021-03-23,Del Norte,015,27424,1157,7,1164,5
2021-03-23,El Dorado,017,186661,9407,619,10026,110
2021-03-23,Fresno,019,978130,99345,8081,107426,1655
2021-03-23,Glenn,021,27897,2336,517,2853,25
2021-03-23,Humboldt,023,135768,3432,24,3456,33
2021-03-23,Imperial,025,180216,27557,2524,30081,731
2021-03-23,Inyo,027,18085,1371,9,1380,38
2021-03-23,Kern,029,883053,95138,10149,105287,1284
2021-03-23,Kings,031,150075,22727,1007,23734,244
2021-03-23,Lake,033,64148,3338,8,3346,58
2021-03-23,Lassen,035,31185,5140,99,5239,18
2021-03-23,Los Angeles,037,10098052,1187033,38852,1225885,23886
2021-03-23,Madera,039,155013,16058,868,16926,237
2021-03-23,Marin,041,260295,5145,129,5274,168
2021-03-23,Mariposa,043,17540,392,5,397,6
2021-03-23,Mendocino,045,87422,3742,74,3816,46
2021-03-23,Merced,047,269075,29588,965,30553,456
2021-03-23,Modoc,049,8938,348,118,466,4
2021-03-23,Mono,051,14174,1229,17,1246,3
2021-03-23,Monterey,053,433212,42438,1718,44156,566
2021-03-23,Napa,055,140530,9317,30,9347,77
2021-03-23,Nevada,057,99092,4253,173,4426,69
2021-03-23,Orange,059,3164182,250748,10549,261297,5117
2021-03-23,Placer,061,380077,21411,1203,22614,289
2021-03-23,Plumas,063,18699,666,10,676,5
2021-03-23,Riverside,065,2383286,288941,13477,302418,4491
2021-03-23,Sacramento,067,1510023,98133,1366,99499,1584
2021-03-23,San Benito,069,59416,5840,90,5930,58
2021-03-23,San Bernardino,071,2135413,288651,8645,297296,5118
2021-03-23,San Diego,073,3302833,269835,13372,283207,3673
2021-03-23,San Francisco,075,870044,35082,1163,36245,541
2021-03-23,San Joaquin,077,732212,69255,3007,72262,1374
2021-03-23,San Luis Obispo,079,281455,20368,609,20977,250
2021-03-23,San Mateo,081,765935,40524,426,40950,526
2021-03-23,Santa Barbara,083,443738,33206,1067,34273,445
2021-03-23,Santa Clara,085,1922200,113583,626,114209,1687
2021-03-23,Santa Cruz,087,273765,15768,783,16551,203
2021-03-23,Shasta,089,179085,11226,1323,12549,184
2021-03-23,Sierra,091,2930,55,12,67,0
2021-03-23,Siskiyou,093,43540,1560,249,1809,14
2021-03-23,Solano,095,438530,30689,398,31087,261
2021-03-23,Sonoma,097,501317,28928,252,29180,307
2021-03-23,Stanislaus,099,539301,52684,5483,58167,929
2021-03-23,Sutter,101,95872,9057,79,9136,121
2021-03-23,Tehama,103,63373,4747,498,5245,69
2021-03-23,Trinity,105,12862,475,80,555,4
2021-03-23,Tulare,107,460477,49174,8383,57557,851
2021-03-23,Tuolumne,109,53932,3907,39,3946,57
2021-03-23,Ventura,111,848112,79617,2825,82442,1004
2021-03-23,Yolo,113,214977,13265,167,13432,221
2021-03-23,Yuba,115,75493,5684,94,5778,43
2021-03-22,Alameda,001,1643700,83226,1742,84968,1192
2021-03-22,Alpine,002,1148,84,0,84,0
2021-03-22,Amador,005,37829,3534,31,3565,46
2021-03-22,Butte,007,227075,11602,1672,13274,192
2021-03-22,Calaveras,009,45235,1985,11,1996,50
2021-03-22,Colusa,011,21464,1886,270,2156,15
2021-03-22,Contra Costa,013,1133247,65278,1106,66384,780
2021-03-22,Del Norte,015,27424,1151,7,1158,5
2021-03-22,El Dorado,017,186661,9391,615,10006,110
2021-03-22,Fresno,019,978130,99248,8069,107317,1654
2021-03-22,Glenn,021,27897,2328,517,2845,24
2021-03-22,Humboldt,023,135768,3427,24,3451,33
2021-03-22,Imperial,025,180216,27542,2521,30063,731
2021-03-22,Inyo,027,18085,1368,9,1377,38
2021-03-22,Kern,029,883053,95067,10133,105200,1283
2021-03-22,Kings,031,150075,22714,1002,23716,243
2021-03-22,Lake,033,64148,3337,8,3345,58
2021-03-22,Lassen,035,31185,5138,99,5237,18
2021-03-22,Los Angeles,037,10098052,1186516,38822,1225338,23871
2021-03-22,Madera,039,155013,16043,868,16911,237
2021-03-22,Marin,041,260295,5136,128,5264,167
2021-03-22,Mariposa,043,17540,391,5,396,6
2021-03-22,Mendocino,045,87422,3740,74,3814,46
2021-03-22,Merced,047,269075,29545,962,30507,456
2021-03-22,Modoc,049,8938,346,118,464,4
2021-03-22,Mono,051,14174,1224,17,1241,3
2021-03-22,Monterey,053,433212,42422,1716,44138,565
2021-03-22,Napa,055,140530,9306,30,9336,77
2021-03-22,Nevada,057,99092,4243,169,4412,69
2021-03-22,Orange,059,3164182,250599,10515,261114,5113
2021-03-22,Placer,061,380077,21376,1198,22574,289
2021-03-22,Plumas,063,18699,666,10,676,5
2021-03-22,Riverside,065,2383286,288841,13466,302307,4488
2021-03-22,Sacramento,067,1510023,97955,1356,99311,1584
2021-03-22,San Benito,069,59416,5837,89,5926,58
2021-03-22,San Bernardino,071,2135413,288563,8633,297196,5117
2021-03-22,San Diego,073,3302833,269623,13352,282975,3672
2021-03-22,San Francisco,075,870044,35040,1159,36199,541
2021-03-22,San Joaquin,077,732212,69163,2990,72153,1374
2021-03-22,San Luis Obispo,079,281455,20344,608,20952,250
2021-03-22,San Mateo,081,765935,40473,425,40898,526
2021-03-22,Santa Barbara,083,443738,33161,1065,34226,444
2021-03-22,Santa Clara,085,1922200,113463,626,114089,1685
2021-03-22,Santa Cruz,087,273765,15756,782,16538,203
2021-03-22,Shasta,089,179085,11212,1322,12534,184
2021-03-22,Sierra,091,2930,55,12,67,0
2021-03-22,Siskiyou,093,43540,1559,248,1807,14
2021-03-22,Solano,095,438530,30649,395,31044,261
2021-03-22,Sonoma,097,501317,28899,248,29147,307
2021-03-22,Stanislaus,099,539301,52600,5478,58078,928
2021-03-22,Sutter,101,95872,9044,79,9123,121
2021-03-22,Tehama,103,63373,4739,498,5237,69
2021-03-22,Trinity,105,12862,475,80,555,4
2021-03-22,Tulare,107,460477,49159,8363,57522,851
2021-03-22,Tuolumne,109,53932,3904,39,3943,57
2021-03-22,Ventura,111,848112,79571,2822,82393,1002
2021-03-22,Yolo,113,214977,13253,166,13419,221
2021-03-22,Yuba,115,75493,5673,92,5765,43
2021-03-21,Alameda,001,1643700,83139,1739,84878,1191
2021-03-21,Alpine,002,1148,84,0,84,0
2021-03-21,Amador,005,37829,3530,31,3561,46
2021-03-21,Butte,007,227075,11586,1667,13253,191
2021-03-21,Calaveras,009,45235,1979,11,1990,50
2021-03-21,Colusa,011,21464,1886,270,2156,15
2021-03-21,Contra Costa,013,1133247,65196,1102,66298,780
2021-03-21,Del Norte,015,27424,1136,7,1143,5
2021-03-21,El Dorado,017,186661,9381,610,9991,110
2021-03-21,Fresno,019,978130,99134,8046,107180,1652
2021-03-21,Glenn,021,27897,2325,516,2841,24
2021-03-21,Humboldt,023,135768,3422,24,3446,33
2021-03-21,Imperial,025,180216,27525,2516,30041,731
2021-03-21,Inyo,027,18085,1368,9,1377,38
2021-03-21,Kern,029,883053,95001,10124,105125,1282
2021-03-21,Kings,031,150075,22697,1002,23699,242
2021-03-21,Lake,033,64148,3333,8,3341,58
2021-03-21,Lassen,035,31185,5138,99,5237,18
2021-03-21,Los Angeles,037,10098052,1185980,38775,1224755,23851
2021-03-21,Madera,039,155013,16023,866,16889,237
2021-03-21,Marin,041,260295,5120,127,5247,167
2021-03-21,Mariposa,043,17540,391,5,396,6
2021-03-21,Mendocino,045,87422,3737,74,3811,46
2021-03-21,Merced,047,269075,29485,956,30441,455
2021-03-21,Modoc,049,8938,346,118,464,4
2021-03-21,Mono,051,14174,1219,17,1236,3
2021-03-21,Monterey,053,433212,42397,1713,44110,565
2021-03-21,Napa,055,140530,9285,30,9315,77
2021-03-21,Nevada,057,99092,4230,169,4399,69
2021-03-21,Orange,059,3164182,250466,10488,260954,5107
2021-03-21,Placer,061,380077,21340,1190,22530,288
2021-03-21,Plumas,063,18699,666,10,676,5
2021-03-21,Riverside,065,2383286,288733,13455,302188,4487
2021-03-21,Sacramento,067,1510023,97761,1349,99110,1583
2021-03-21,San Benito,069,59416,5831,89,5920,58
2021-03-21,San Bernardino,071,2135413,288473,8627,297100,5112
2021-03-21,San Diego,073,3302833,269363,13326,282689,3669
2021-03-21,San Francisco,075,870044,34993,1153,36146,540
2021-03-21,San Joaquin,077,732212,69041,2972,72013,1374
2021-03-21,San Luis Obispo,079,281455,20312,606,20918,250
2021-03-21,San Mateo,081,765935,40428,424,40852,526
2021-03-21,Santa Barbara,083,443738,33122,1064,34186,444
2021-03-21,Santa Clara,085,1922200,113334,623,113957,1682
2021-03-21,Santa Cruz,087,273765,15749,782,16531,203
2021-03-21,Shasta,089,179085,11192,1321,12513,183
2021-03-21,Sierra,091,2930,55,12,67,0
2021-03-21,Siskiyou,093,43540,1559,247,1806,14
2021-03-21,Solano,095,438530,30610,392,31002,261
2021-03-21,Sonoma,097,501317,28870,247,29117,307
2021-03-21,Stanislaus,099,539301,52510,5476,57986,927
2021-03-21,Sutter,101,95872,9031,79,9110,121
2021-03-21,Tehama,103,63373,4735,498,5233,69
2021-03-21,Trinity,105,12862,473,80,553,4
2021-03-21,Tulare,107,460477,49143,8351,57494,851
2021-03-21,Tuolumne,109,53932,3902,39,3941,57
2021-03-21,Ventura,111,848112,79508,2817,82325,1000
2021-03-21,Yolo,113,214977,13231,166,13397,221
2021-03-21,Yuba,115,75493,5663,92,5755,43
2021-03-20,Alameda,001,1643700,83071,1737,84808,1190
2021-03-20,Alpine,002,1148,84,0,84,0
2021-03-20,Amador,005,37829,3528,31,3559,46
2021-03-20,Butte,007,227075,11580,1665,13245,191
2021-03-20,Calaveras,009,45235,1975,11,1986,50
2021-03-20,Colusa,011,21464,1886,270,2156,15
2021-03-20,Contra Costa,013,1133247,65136,1102,66238,779
2021-03-20,Del Norte,015,27424,1135,7,1142,5
2021-03-20,El Dorado,017,186661,9375,610,9985,110
2021-03-20,Fresno,019,978130,99074,8039,107113,1649
2021-03-20,Glenn,021,27897,2324,514,2838,24
2021-03-20,Humboldt,023,135768,3415,24,3439,33
2021-03-20,Imperial,025,180216,27519,2514,30033,730
2021-03-20,Inyo,027,18085,1368,9,1377,38
2021-03-20,Kern,029,883053,94972,10120,105092,1281
2021-03-20,Kings,031,150075,22692,1001,23693,242
2021-03-20,Lake,033,64148,3329,8,3337,58
2021-03-20,Lassen,035,31185,5138,99,5237,18
2021-03-20,Los Angeles,037,10098052,1185682,38751,1224433,23831
2021-03-20,Madera,039,155013,16015,865,16880,237
2021-03-20,Marin,041,260295,5108,123,5231,166
2021-03-20,Mariposa,043,17540,390,5,395,6
2021-03-20,Mendocino,045,87422,3736,74,3810,46
2021-03-20,Merced,047,269075,29454,953,30407,455
2021-03-20,Modoc,049,8938,345,118,463,4
2021-03-20,Mono,051,14174,1219,17,1236,3
2021-03-20,Monterey,053,433212,42388,1712,44100,565
2021-03-20,Napa,055,140530,9277,30,9307,77
2021-03-20,Nevada,057,99092,4219,168,4387,69
2021-03-20,Orange,059,3164182,250385,10478,260863,5104
2021-03-20,Placer,061,380077,21317,1188,22505,288
2021-03-20,Plumas,063,18699,663,10,673,5
2021-03-20,Riverside,065,2383286,288658,13451,302109,4487
2021-03-20,Sacramento,067,1510023,97650,1346,98996,1582
2021-03-20,San Benito,069,59416,5827,89,5916,58
2021-03-20,San Bernardino,071,2135413,288407,8623,297030,5112
2021-03-20,San Diego,073,3302833,269192,13319,282511,3667
2021-03-20,San Francisco,075,870044,34970,1146,36116,538
2021-03-20,San Joaquin,077,732212,69000,2965,71965,1371
2021-03-20,San Luis Obispo,079,281455,20296,600,20896,250
2021-03-20,San Mateo,081,765935,40394,423,40817,524
2021-03-20,Santa Barbara,083,443738,33097,1063,34160,444
2021-03-20,Santa Clara,085,1922200,113242,622,113864,1681
2021-03-20,Santa Cruz,087,273765,15733,782,16515,203
2021-03-20,Shasta,089,179085,11186,1321,12507,183
2021-03-20,Sierra,091,2930,55,12,67,0
2021-03-20,Siskiyou,093,43540,1559,247,1806,14
2021-03-20,Solano,095,438530,30580,391,30971,260
2021-03-20,Sonoma,097,501317,28855,247,29102,307
2021-03-20,Stanislaus,099,539301,52454,5469,57923,925
2021-03-20,Sutter,101,95872,9023,79,9102,120
2021-03-20,Tehama,103,63373,4730,496,5226,69
2021-03-20,Trinity,105,12862,472,80,552,4
2021-03-20,Tulare,107,460477,49128,8334,57462,849
2021-03-20,Tuolumne,109,53932,3899,39,3938,57
2021-03-20,Ventura,111,848112,79473,2815,82288,998
2021-03-20,Yolo,113,214977,13228,166,13394,220
2021-03-20,Yuba,115,75493,5660,91,5751,43
2021-03-19,Alameda,001,1643700,82999,1736,84735,1188
2021-03-19,Alpine,002,1148,83,0,83,0
2021-03-19,Amador,005,37829,3525,31,3556,46
2021-03-19,Butte,007,227075,11572,1662,13234,191
2021-03-19,Calaveras,009,45235,1974,11,1985,50
2021-03-19,Colusa,011,21464,1885,270,2155,15
2021-03-19,Contra Costa,013,1133247,65077,1099,66176,778
2021-03-19,Del Norte,015,27424,1129,5,1134,5
2021-03-19,El Dorado,017,186661,9366,610,9976,110
2021-03-19,Fresno,019,978130,98991,8026,107017,1648
2021-03-19,Glenn,021,27897,2324,514,2838,24
2021-03-19,Humboldt,023,135768,3406,24,3430,33
2021-03-19,Imperial,025,180216,27507,2511,30018,730
2021-03-19,Inyo,027,18085,1366,9,1375,38
2021-03-19,Kern,029,883053,94939,10107,105046,1276
2021-03-19,Kings,031,150075,22683,998,23681,241
2021-03-19,Lake,033,64148,3323,8,3331,58
2021-03-19,Lassen,035,31185,5138,99,5237,18
2021-03-19,Los Angeles,037,10098052,1185342,38734,1224076,23800
2021-03-19,Madera,039,155013,16008,864,16872,237
2021-03-19,Marin,041,260295,5096,123,5219,165
2021-03-19,Mariposa,043,17540,389,5,394,6
2021-03-19,Mendocino,045,87422,3735,74,3809,46
2021-03-19,Merced,047,269075,29427,951,30378,455
2021-03-19,Modoc,049,8938,345,118,463,4
2021-03-19,Mono,051,14174,1217,17,1234,3
2021-03-19,Monterey,053,433212,42379,1710,44089,565
2021-03-19,Napa,055,140530,9265,30,9295,77
2021-03-19,Nevada,057,99092,4208,168,4376,69
2021-03-19,Orange,059,3164182,250285,10469,260754,5100
2021-03-19,Placer,061,380077,21299,1186,22485,288
2021-03-19,Plumas,063,18699,663,10,673,5
2021-03-19,Riverside,065,2383286,288575,13446,302021,4481
2021-03-19,Sacramento,067,1510023,97547,1343,98890,1581
2021-03-19,San Benito,069,59416,5827,89,5916,58
2021-03-19,San Bernardino,071,2135413,288336,8621,296957,5105
2021-03-19,San Diego,073,3302833,269057,13309,282366,3661
2021-03-19,San Francisco,075,870044,34925,1143,36068,537
2021-03-19,San Joaquin,077,732212,68930,2951,71881,1370
2021-03-19,San Luis Obispo,079,281455,20276,598,20874,250
2021-03-19,San Mateo,081,765935,40370,423,40793,523
2021-03-19,Santa Barbara,083,443738,33067,1062,34129,443
2021-03-19,Santa Clara,085,1922200,113167,621,113788,1680
2021-03-19,Santa Cruz,087,273765,15726,782,16508,203
2021-03-19,Shasta,089,179085,11179,1319,12498,183
2021-03-19,Sierra,091,2930,54,12,66,0
2021-03-19,Siskiyou,093,43540,1559,246,1805,14
2021-03-19,Solano,095,438530,30550,389,30939,260
2021-03-19,Sonoma,097,501317,28834,245,29079,307
2021-03-19,Stanislaus,099,539301,52396,5466,57862,923
2021-03-19,Sutter,101,95872,9021,79,9100,120
2021-03-19,Tehama,103,63373,4723,496,5219,69
2021-03-19,Trinity,105,12862,472,80,552,4
2021-03-19,Tulare,107,460477,49105,8311,57416,848
2021-03-19,Tuolumne,109,53932,3896,39,3935,57
2021-03-19,Ventura,111,848112,79440,2811,82251,995
2021-03-19,Yolo,113,214977,13220,166,13386,219
2021-03-19,Yuba,115,75493,5657,90,5747,43
2021-03-18,Alameda,001,1643700,82918,1733,84651,1186
2021-03-18,Alpine,002,1148,83,0,83,0
2021-03-18,Amador,005,37829,3521,31,3552,46
2021-03-18,Butte,007,227075,11561,1660,13221,191
2021-03-18,Calaveras,009,45235,1972,11,1983,50
2021-03-18,Colusa,011,21464,1885,270,2155,15
2021-03-18,Contra Costa,013,1133247,65004,1096,66100,778
2021-03-18,Del Norte,015,27424,1120,5,1125,5
2021-03-18,El Dorado,017,186661,9353,609,9962,110
2021-03-18,Fresno,019,978130,98894,8011,106905,1645
2021-03-18,Glenn,021,27897,2320,513,2833,24
2021-03-18,Humboldt,023,135768,3398,24,3422,33
2021-03-18,Imperial,025,180216,27492,2506,29998,729
2021-03-18,Inyo,027,18085,1363,9,1372,37
2021-03-18,Kern,029,883053,94882,10093,104975,1274
2021-03-18,Kings,031,150075,22676,997,23673,241
2021-03-18,Lake,033,64148,3320,8,3328,58
2021-03-18,Lassen,035,31185,5137,99,5236,18
2021-03-18,Los Angeles,037,10098052,1184909,38706,1223615,23774
2021-03-18,Madera,039,155013,15996,861,16857,237
2021-03-18,Marin,041,260295,5078,122,5200,164
2021-03-18,Mariposa,043,17540,387,5,392,6
2021-03-18,Mendocino,045,87422,3725,74,3799,46
2021-03-18,Merced,047,269075,29392,951,30343,454
2021-03-18,Modoc,049,8938,345,118,463,4
2021-03-18,Mono,051,14174,1213,16,1229,3
2021-03-18,Monterey,053,433212,42367,1710,44077,565
2021-03-18,Napa,055,140530,9256,30,9286,77
2021-03-18,Nevada,057,99092,4201,168,4369,69
2021-03-18,Orange,059,3164182,250182,10457,260639,5099
2021-03-18,Placer,061,380077,21267,1183,22450,287
2021-03-18,Plumas,063,18699,661,10,671,5
2021-03-18,Riverside,065,2383286,288494,13439,301933,4480
2021-03-18,Sacramento,067,1510023,97399,1339,98738,1580
2021-03-18,San Benito,069,59416,5825,89,5914,58
2021-03-18,San Bernardino,071,2135413,288253,8591,296844,5101
2021-03-18,San Diego,073,3302833,268903,13299,282202,3658
2021-03-18,San Francisco,075,870044,34886,1142,36028,537
2021-03-18,San Joaquin,077,732212,68830,2939,71769,1367
2021-03-18,San Luis Obispo,079,281455,20247,597,20844,250
2021-03-18,San Mateo,081,765935,40329,423,40752,522
2021-03-18,Santa Barbara,083,443738,33026,1062,34088,443
2021-03-18,Santa Clara,085,1922200,113050,617,113667,1678
2021-03-18,Santa Cruz,087,273765,15716,782,16498,203
2021-03-18,Shasta,089,179085,11165,1317,12482,183
2021-03-18,Sierra,091,2930,54,12,66,0
2021-03-18,Siskiyou,093,43540,1556,245,1801,14
2021-03-18,Solano,095,438530,30508,386,30894,260
2021-03-18,Sonoma,097,501317,28813,243,29056,307
2021-03-18,Stanislaus,099,539301,52324,5462,57786,923
2021-03-18,Sutter,101,95872,9009,79,9088,120
2021-03-18,Tehama,103,63373,4717,495,5212,69
2021-03-18,Trinity,105,12862,472,80,552,4
2021-03-18,Tulare,107,460477,49086,8296,57382,848
2021-03-18,Tuolumne,109,53932,3895,39,3934,57
2021-03-18,Ventura,111,848112,79380,2811,82191,994
2021-03-18,Yolo,113,214977,13206,166,13372,219
2021-03-18,Yuba,115,75493,5653,90,5743,43
2021-03-17,Alameda,001,1643700,82842,1728,84570,1185
2021-03-17,Alpine,002,1148,83,0,83,0
2021-03-17,Amador,005,37829,3519,31,3550,45
2021-03-17,Butte,007,227075,11552,1658,13210,190
2021-03-17,Calaveras,009,45235,1969,11,1980,50
2021-03-17,Colusa,011,21464,1884,270,2154,15
2021-03-17,Contra Costa,013,1133247,64935,1095,66030,778
2021-03-17,Del Norte,015,27424,1116,5,1121,5
2021-03-17,El Dorado,017,186661,9343,609,9952,110
2021-03-17,Fresno,019,978130,98783,7993,106776,1643
2021-03-17,Glenn,021,27897,2313,512,2825,24
2021-03-17,Humboldt,023,135768,3390,24,3414,33
2021-03-17,Imperial,025,180216,27475,2503,29978,729
2021-03-17,Inyo,027,18085,1361,9,1370,37
2021-03-17,Kern,029,883053,94826,10080,104906,1272
2021-03-17,Kings,031,150075,22660,996,23656,240
2021-03-17,Lake,033,64148,3313,8,3321,58
2021-03-17,Lassen,035,31185,5136,99,5235,18
2021-03-17,Los Angeles,037,10098052,1184455,38673,1223128,23740
2021-03-17,Madera,039,155013,15989,861,16850,237
2021-03-17,Marin,041,260295,5061,121,5182,163
2021-03-17,Mariposa,043,17540,387,5,392,6
2021-03-17,Mendocino,045,87422,3721,74,3795,46
2021-03-17,Merced,047,269075,29364,947,30311,453
2021-03-17,Modoc,049,8938,345,118,463,4
2021-03-17,Mono,051,14174,1211,16,1227,3
2021-03-17,Monterey,053,433212,42349,1707,44056,565
2021-03-17,Napa,055,140530,9241,30,9271,77
2021-03-17,Nevada,057,99092,4191,168,4359,69
2021-03-17,Orange,059,3164182,250064,10429,260493,5094
2021-03-17,Placer,061,380077,21239,1182,22421,287
2021-03-17,Plumas,063,18699,660,10,670,5
2021-03-17,Riverside,065,2383286,288379,13431,301810,4477
2021-03-17,Sacramento,067,1510023,97271,1334,98605,1578
2021-03-17,San Benito,069,59416,5822,89,5911,58
2021-03-17,San Bernardino,071,2135413,288136,8586,296722,5096
2021-03-17,San Diego,073,3302833,268692,13281,281973,3656
2021-03-17,San Francisco,075,870044,34851,1141,35992,536
2021-03-17,San Joaquin,077,732212,68745,2923,71668,1367
2021-03-17,San Luis Obispo,079,281455,20224,593,20817,249
2021-03-17,San Mateo,081,765935,40299,422,40721,522
2021-03-17,Santa Barbara,083,443738,33004,1061,34065,442
2021-03-17,Santa Clara,085,1922200,112957,616,113573,1675
2021-03-17,Santa Cruz,087,273765,15708,782,16490,203
2021-03-17,Shasta,089,179085,11160,1314,12474,181
2021-03-17,Sierra,091,2930,54,12,66,0
2021-03-17,Siskiyou,093,43540,1555,244,1799,14
2021-03-17,Solano,095,438530,30482,384,30866,260
2021-03-17,Sonoma,097,501317,28789,242,29031,307
2021-03-17,Stanislaus,099,539301,52249,5455,57704,921
2021-03-17,Sutter,101,95872,8999,79,9078,120
2021-03-17,Tehama,103,63373,4712,495,5207,69
2021-03-17,Trinity,105,12862,472,80,552,4
2021-03-17,Tulare,107,460477,49066,8286,57352,845
2021-03-17,Tuolumne,109,53932,3892,39,3931,57
2021-03-17,Ventura,111,848112,79324,2808,82132,989
2021-03-17,Yolo,113,214977,13189,166,13355,219
2021-03-17,Yuba,115,75493,5650,90,5740,43
2021-03-16,Alameda,001,1643700,82731,1726,84457,1182
2021-03-16,Alpine,002,1148,83,0,83,0
2021-03-16,Amador,005,37829,3517,31,3548,45
2021-03-16,Butte,007,227075,11540,1657,13197,190
2021-03-16,Calaveras,009,45235,1964,11,1975,50
2021-03-16,Colusa,011,21464,1883,270,2153,15
2021-03-16,Contra Costa,013,1133247,64852,1092,65944,777
2021-03-16,Del Norte,015,27424,1108,5,1113,5
2021-03-16,El Dorado,017,186661,9328,609,9937,110
2021-03-16,Fresno,019,978130,98645,7973,106618,1640
2021-03-16,Glenn,021,27897,2305,508,2813,24
2021-03-16,Humboldt,023,135768,3386,24,3410,33
2021-03-16,Imperial,025,180216,27464,2500,29964,729
2021-03-16,Inyo,027,18085,1360,9,1369,37
2021-03-16,Kern,029,883053,94760,10065,104825,1267
2021-03-16,Kings,031,150075,22624,995,23619,240
2021-03-16,Lake,033,64148,3305,8,3313,57
2021-03-16,Lassen,035,31185,5135,99,5234,18
2021-03-16,Los Angeles,037,10098052,1183923,38634,1222557,23709
2021-03-16,Madera,039,155013,15973,859,16832,236
2021-03-16,Marin,041,260295,5043,121,5164,163
2021-03-16,Mariposa,043,17540,384,5,389,6
2021-03-16,Mendocino,045,87422,3716,74,3790,46
2021-03-16,Merced,047,269075,29311,946,30257,452
2021-03-16,Modoc,049,8938,345,118,463,4
2021-03-16,Mono,051,14174,1210,16,1226,3
2021-03-16,Monterey,053,433212,42330,1707,44037,565
2021-03-16,Napa,055,140530,9231,30,9261,77
2021-03-16,Nevada,057,99092,4182,167,4349,69
2021-03-16,Orange,059,3164182,249925,10410,260335,5089
2021-03-16,Placer,061,380077,21207,1178,22385,287
2021-03-16,Plumas,063,18699,659,10,669,5
2021-03-16,Riverside,065,2383286,288265,13419,301684,4473
2021-03-16,Sacramento,067,1510023,97128,1330,98458,1574
2021-03-16,San Benito,069,59416,5817,89,5906,58
2021-03-16,San Bernardino,071,2135413,288006,8579,296585,5091
2021-03-16,San Diego,073,3302833,268460,13268,281728,3653
2021-03-16,San Francisco,075,870044,34822,1136,35958,536
2021-03-16,San Joaquin,077,732212,68643,2911,71554,1364
2021-03-16,San Luis Obispo,079,281455,20194,591,20785,249
2021-03-16,San Mateo,081,765935,40265,420,40685,521
2021-03-16,Santa Barbara,083,443738,32972,1060,34032,440
2021-03-16,Santa Clara,085,1922200,112839,613,113452,1673
2021-03-16,Santa Cruz,087,273765,15702,782,16484,203
2021-03-16,Shasta,089,179085,11144,1312,12456,181
2021-03-16,Sierra,091,2930,53,12,65,0
2021-03-16,Siskiyou,093,43540,1552,244,1796,14
2021-03-16,Solano,095,438530,30448,382,30830,260
2021-03-16,Sonoma,097,501317,28756,240,28996,307
2021-03-16,Stanislaus,099,539301,52169,5448,57617,918
2021-03-16,Sutter,101,95872,8991,79,9070,120
2021-03-16,Tehama,103,63373,4709,494,5203,69
2021-03-16,Trinity,105,12862,472,79,551,4
2021-03-16,Tulare,107,460477,49018,8278,57296,844
2021-03-16,Tuolumne,109,53932,3889,39,3928,57
2021-03-16,Ventura,111,848112,79258,2801,82059,986
2021-03-16,Yolo,113,214977,13174,166,13340,219
2021-03-16,Yuba,115,75493,5647,89,5736,43
2021-03-15,Alameda,001,1643700,82642,1725,84367,1179
2021-03-15,Alpine,002,1148,83,0,83,0
2021-03-15,Amador,005,37829,3516,31,3547,45
2021-03-15,Butte,007,227075,11527,1653,13180,190
2021-03-15,Calaveras,009,45235,1963,11,1974,50
2021-03-15,Colusa,011,21464,1883,270,2153,15
2021-03-15,Contra Costa,013,1133247,64790,1091,65881,775
2021-03-15,Del Norte,015,27424,1105,5,1110,5
2021-03-15,El Dorado,017,186661,9322,609,9931,110
2021-03-15,Fresno,019,978130,98518,7958,106476,1638
2021-03-15,Glenn,021,27897,2300,505,2805,24
2021-03-15,Humboldt,023,135768,3380,24,3404,33
2021-03-15,Imperial,025,180216,27444,2497,29941,728
2021-03-15,Inyo,027,18085,1360,9,1369,37
2021-03-15,Kern,029,883053,94700,10058,104758,1264
2021-03-15,Kings,031,150075,22607,989,23596,240
2021-03-15,Lake,033,64148,3293,8,3301,57
2021-03-15,Lassen,035,31185,5135,99,5234,18
2021-03-15,Los Angeles,037,10098052,1183351,38603,1221954,23681
2021-03-15,Madera,039,155013,15962,857,16819,236
2021-03-15,Marin,041,260295,5037,120,5157,163
2021-03-15,Mariposa,043,17540,384,5,389,6
2021-03-15,Mendocino,045,87422,3712,74,3786,45
2021-03-15,Merced,047,269075,29273,944,30217,452
2021-03-15,Modoc,049,8938,345,118,463,4
2021-03-15,Mono,051,14174,1209,16,1225,3
2021-03-15,Monterey,053,433212,42301,1704,44005,565
2021-03-15,Napa,055,140530,9220,30,9250,77
2021-03-15,Nevada,057,99092,4177,166,4343,69
2021-03-15,Orange,059,3164182,249812,10391,260203,5087
2021-03-15,Placer,061,380077,21184,1178,22362,286
2021-03-15,Plumas,063,18699,659,10,669,5
2021-03-15,Riverside,065,2383286,288113,13409,301522,4472
2021-03-15,Sacramento,067,1510023,96975,1324,98299,1572
2021-03-15,San Benito,069,59416,5814,89,5903,58
2021-03-15,San Bernardino,071,2135413,287915,8571,296486,5085
2021-03-15,San Diego,073,3302833,268211,13252,281463,3646
2021-03-15,San Francisco,075,870044,34787,1132,35919,536
2021-03-15,San Joaquin,077,732212,68540,2899,71439,1363
2021-03-15,San Luis Obispo,079,281455,20163,587,20750,249
2021-03-15,San Mateo,081,765935,40211,420,40631,519
2021-03-15,Santa Barbara,083,443738,32949,1057,34006,439
2021-03-15,Santa Clara,085,1922200,112738,611,113349,1672
2021-03-15,Santa Cruz,087,273765,15696,781,16477,203
2021-03-15,Shasta,089,179085,11128,1307,12435,179
2021-03-15,Sierra,091,2930,53,12,65,0
2021-03-15,Siskiyou,093,43540,1552,244,1796,14
2021-03-15,Solano,095,438530,30419,381,30800,260
2021-03-15,Sonoma,097,501317,28738,237,28975,307
2021-03-15,Stanislaus,099,539301,52090,5441,57531,916
2021-03-15,Sutter,101,95872,8985,79,9064,119
2021-03-15,Tehama,103,63373,4694,493,5187,69
2021-03-15,Trinity,105,12862,472,79,551,4
2021-03-15,Tulare,107,460477,48988,8263,57251,844
2021-03-15,Tuolumne,109,53932,3887,38,3925,57
2021-03-15,Ventura,111,848112,79202,2800,82002,985
2021-03-15,Yolo,113,214977,13155,166,13321,217
2021-03-15,Yuba,115,75493,5642,88,5730,43
2021-03-14,Alameda,001,1643700,82557,1722,84279,1177
2021-03-14,Alpine,002,1148,83,0,83,0
2021-03-14,Amador,005,37829,3511,31,3542,45
2021-03-14,Butte,007,227075,11514,1649,13163,190
2021-03-14,Calaveras,009,45235,1959,11,1970,50
2021-03-14,Colusa,011,21464,1883,270,2153,15
2021-03-14,Contra Costa,013,1133247,64686,1090,65776,774
2021-03-14,Del Norte,015,27424,1091,5,1096,5
2021-03-14,El Dorado,017,186661,9312,609,9921,110
2021-03-14,Fresno,019,978130,98410,7940,106350,1636
2021-03-14,Glenn,021,27897,2295,502,2797,24
2021-03-14,Humboldt,023,135768,3366,24,3390,33
2021-03-14,Imperial,025,180216,27429,2492,29921,728
2021-03-14,Inyo,027,18085,1356,9,1365,37
2021-03-14,Kern,029,883053,94617,10040,104657,1264
2021-03-14,Kings,031,150075,22588,987,23575,239
2021-03-14,Lake,033,64148,3288,8,3296,57
2021-03-14,Lassen,035,31185,5133,99,5232,18
2021-03-14,Los Angeles,037,10098052,1182774,38573,1221347,23666
2021-03-14,Madera,039,155013,15937,857,16794,236
2021-03-14,Marin,041,260295,5021,118,5139,163
2021-03-14,Mariposa,043,17540,382,5,387,6
2021-03-14,Mendocino,045,87422,3707,74,3781,45
2021-03-14,Merced,047,269075,29205,940,30145,449
2021-03-14,Modoc,049,8938,345,118,463,4
2021-03-14,Mono,051,14174,1203,16,1219,3
2021-03-14,Monterey,053,433212,42277,1701,43978,565
2021-03-14,Napa,055,140530,9202,30,9232,77
2021-03-14,Nevada,057,99092,4171,164,4335,69
2021-03-14,Orange,059,3164182,249680,10372,260052,5079
2021-03-14,Placer,061,380077,21149,1170,22319,286
2021-03-14,Plumas,063,18699,657,10,667,5
2021-03-14,Riverside,065,2383286,287955,13401,301356,4468
2021-03-14,Sacramento,067,1510023,96797,1319,98116,1570
2021-03-14,San Benito,069,59416,5805,89,5894,58
2021-03-14,San Bernardino,071,2135413,287792,8560,296352,5083
2021-03-14,San Diego,073,3302833,267976,13239,281215,3641
2021-03-14,San Francisco,075,870044,34748,1129,35877,536
2021-03-14,San Joaquin,077,732212,68412,2882,71294,1361
2021-03-14,San Luis Obispo,079,281455,20135,585,20720,249
2021-03-14,San Mateo,081,765935,40172,420,40592,518
2021-03-14,Santa Barbara,083,443738,32905,1055,33960,439
2021-03-14,Santa Clara,085,1922200,112610,610,113220,1672
2021-03-14,Santa Cruz,087,273765,15680,779,16459,202
2021-03-14,Shasta,089,179085,11112,1300,12412,179
2021-03-14,Sierra,091,2930,53,12,65,0
2021-03-14,Siskiyou,093,43540,1549,244,1793,14
2021-03-14,Solano,095,438530,30387,376,30763,259
2021-03-14,Sonoma,097,501317,28703,233,28936,307
2021-03-14,Stanislaus,099,539301,51970,5433,57403,913
2021-03-14,Sutter,101,95872,8969,79,9048,119
2021-03-14,Tehama,103,63373,4687,492,5179,69
2021-03-14,Trinity,105,12862,471,78,549,4
2021-03-14,Tulare,107,460477,48955,8242,57197,842
2021-03-14,Tuolumne,109,53932,3885,38,3923,57
2021-03-14,Ventura,111,848112,79154,2794,81948,982
2021-03-14,Yolo,113,214977,13132,163,13295,217
2021-03-14,Yuba,115,75493,5632,88,5720,43
2021-03-13,Alameda,001,1643700,82497,1722,84219,1176
2021-03-13,Alpine,002,1148,83,0,83,0
2021-03-13,Amador,005,37829,3508,31,3539,45
2021-03-13,Butte,007,227075,11505,1648,13153,190
2021-03-13,Calaveras,009,45235,1958,11,1969,50
2021-03-13,Colusa,011,21464,1883,270,2153,15
2021-03-13,Contra Costa,013,1133247,64625,1090,65715,773
2021-03-13,Del Norte,015,27424,1087,5,1092,5
2021-03-13,El Dorado,017,186661,9304,609,9913,110
2021-03-13,Fresno,019,978130,98351,7920,106271,1635
2021-03-13,Glenn,021,27897,2294,501,2795,24
2021-03-13,Humboldt,023,135768,3359,24,3383,33
2021-03-13,Imperial,025,180216,27423,2488,29911,728
2021-03-13,Inyo,027,18085,1355,9,1364,37
2021-03-13,Kern,029,883053,94578,10034,104612,1263
2021-03-13,Kings,031,150075,22572,986,23558,239
2021-03-13,Lake,033,64148,3281,7,3288,57
2021-03-13,Lassen,035,31185,5133,99,5232,18
2021-03-13,Los Angeles,037,10098052,1182456,38531,1220987,23640
2021-03-13,Madera,039,155013,15925,857,16782,236
2021-03-13,Marin,041,260295,5015,116,5131,163
2021-03-13,Mariposa,043,17540,381,5,386,6
2021-03-13,Mendocino,045,87422,3703,74,3777,45
2021-03-13,Merced,047,269075,29174,940,30114,449
2021-03-13,Modoc,049,8938,345,117,462,4
2021-03-13,Mono,051,14174,1203,16,1219,3
2021-03-13,Monterey,053,433212,42267,1699,43966,564
2021-03-13,Napa,055,140530,9196,30,9226,77
2021-03-13,Nevada,057,99092,4164,163,4327,69
2021-03-13,Orange,059,3164182,249599,10356,259955,5072
2021-03-13,Placer,061,380077,21128,1167,22295,285
2021-03-13,Plumas,063,18699,655,10,665,5
2021-03-13,Riverside,065,2383286,287863,13393,301256,4463
2021-03-13,Sacramento,067,1510023,96710,1317,98027,1567
2021-03-13,San Benito,069,59416,5802,89,5891,58
2021-03-13,San Bernardino,071,2135413,287738,8554,296292,5082
2021-03-13,San Diego,073,3302833,267821,13225,281046,3635
2021-03-13,San Francisco,075,870044,34731,1120,35851,535
2021-03-13,San Joaquin,077,732212,68356,2860,71216,1358
2021-03-13,San Luis Obispo,079,281455,20117,584,20701,249
2021-03-13,San Mateo,081,765935,40145,419,40564,518
2021-03-13,Santa Barbara,083,443738,32880,1054,33934,439
2021-03-13,Santa Clara,085,1922200,112525,609,113134,1671
2021-03-13,Santa Cruz,087,273765,15673,779,16452,202
2021-03-13,Shasta,089,179085,11104,1297,12401,179
2021-03-13,Sierra,091,2930,52,12,64,0
2021-03-13,Siskiyou,093,43540,1547,244,1791,14
2021-03-13,Solano,095,438530,30370,376,30746,259
2021-03-13,Sonoma,097,501317,28683,229,28912,307
2021-03-13,Stanislaus,099,539301,51919,5429,57348,913
2021-03-13,Sutter,101,95872,8962,79,9041,119
2021-03-13,Tehama,103,63373,4685,492,5177,69
2021-03-13,Trinity,105,12862,471,78,549,4
2021-03-13,Tulare,107,460477,48929,8234,57163,842
2021-03-13,Tuolumne,109,53932,3882,38,3920,57
2021-03-13,Ventura,111,848112,79102,2794,81896,979
2021-03-13,Yolo,113,214977,13123,163,13286,217
2021-03-13,Yuba,115,75493,5631,88,5719,43
2021-03-12,Alameda,001,1643700,82419,1721,84140,1171
2021-03-12,Alpine,002,1148,83,0,83,0
2021-03-12,Amador,005,37829,3505,31,3536,45
2021-03-12,Butte,007,227075,11495,1646,13141,188
2021-03-12,Calaveras,009,45235,1958,11,1969,50
2021-03-12,Colusa,011,21464,1883,270,2153,15
2021-03-12,Contra Costa,013,1133247,64549,1090,65639,773
2021-03-12,Del Norte,015,27424,1081,5,1086,5
2021-03-12,El Dorado,017,186661,9295,609,9904,110
2021-03-12,Fresno,019,978130,98254,7909,106163,1633
2021-03-12,Glenn,021,27897,2293,500,2793,24
2021-03-12,Humboldt,023,135768,3354,24,3378,33
2021-03-12,Imperial,025,180216,27412,2486,29898,728
2021-03-12,Inyo,027,18085,1353,9,1362,37
2021-03-12,Kern,029,883053,94544,10018,104562,1258
2021-03-12,Kings,031,150075,22553,986,23539,238
2021-03-12,Lake,033,64148,3275,6,3281,57
2021-03-12,Lassen,035,31185,5133,98,5231,18
2021-03-12,Los Angeles,037,10098052,1182061,38514,1220575,23603
2021-03-12,Madera,039,155013,15913,854,16767,235
2021-03-12,Marin,041,260295,5008,116,5124,163
2021-03-12,Mariposa,043,17540,379,5,384,6
2021-03-12,Mendocino,045,87422,3700,74,3774,45
2021-03-12,Merced,047,269075,29143,940,30083,447
2021-03-12,Modoc,049,8938,345,117,462,4
2021-03-12,Mono,051,14174,1202,16,1218,3
2021-03-12,Monterey,053,433212,42253,1694,43947,564
2021-03-12,Napa,055,140530,9187,30,9217,77
2021-03-12,Nevada,057,99092,4154,163,4317,69
2021-03-12,Orange,059,3164182,249507,10345,259852,5067
2021-03-12,Placer,061,380077,21095,1162,22257,285
2021-03-12,Plumas,063,18699,654,10,664,5
2021-03-12,Riverside,065,2383286,287764,13386,301150,4461
2021-03-12,Sacramento,067,1510023,96586,1311,97897,1563
2021-03-12,San Benito,069,59416,5799,89,5888,58
2021-03-12,San Bernardino,071,2135413,287682,8549,296231,5078
2021-03-12,San Diego,073,3302833,267658,13217,280875,3633
2021-03-12,San Francisco,075,870044,34711,1117,35828,535
2021-03-12,San Joaquin,077,732212,68285,2851,71136,1358
2021-03-12,San Luis Obispo,079,281455,20104,582,20686,249
2021-03-12,San Mateo,081,765935,40109,417,40526,518
2021-03-12,Santa Barbara,083,443738,32857,1051,33908,439
2021-03-12,Santa Clara,085,1922200,112430,608,113038,1670
2021-03-12,Santa Cruz,087,273765,15661,777,16438,202
2021-03-12,Shasta,089,179085,11095,1295,12390,179
2021-03-12,Sierra,091,2930,52,12,64,0
2021-03-12,Siskiyou,093,43540,1547,243,1790,14
2021-03-12,Solano,095,438530,30351,375,30726,259
2021-03-12,Sonoma,097,501317,28656,229,28885,307
2021-03-12,Stanislaus,099,539301,51860,5423,57283,913
2021-03-12,Sutter,101,95872,8956,79,9035,119
2021-03-12,Tehama,103,63373,4681,491,5172,69
2021-03-12,Trinity,105,12862,470,78,548,4
2021-03-12,Tulare,107,460477,48904,8228,57132,841
2021-03-12,Tuolumne,109,53932,3881,38,3919,57
2021-03-12,Ventura,111,848112,79056,2790,81846,977
2021-03-12,Yolo,113,214977,13113,156,13269,216
2021-03-12,Yuba,115,75493,5624,87,5711,43
2021-03-11,Alameda,001,1643700,82328,1716,84044,1170
2021-03-11,Alpine,002,1148,83,0,83,0
2021-03-11,Amador,005,37829,3504,31,3535,45
2021-03-11,Butte,007,227075,11484,1644,13128,186
2021-03-11,Calaveras,009,45235,1955,11,1966,50
2021-03-11,Colusa,011,21464,1883,270,2153,15
2021-03-11,Contra Costa,013,1133247,64476,1088,65564,773
2021-03-11,Del Norte,015,27424,1076,5,1081,5
2021-03-11,El Dorado,017,186661,9281,609,9890,110
2021-03-11,Fresno,019,978130,98138,7880,106018,1633
2021-03-11,Glenn,021,27897,2290,500,2790,24
2021-03-11,Humboldt,023,135768,3337,24,3361,33
2021-03-11,Imperial,025,180216,27404,2483,29887,728
2021-03-11,Inyo,027,18085,1348,9,1357,37
2021-03-11,Kern,029,883053,94488,9979,104467,1255
2021-03-11,Kings,031,150075,22538,983,23521,238
2021-03-11,Lake,033,64148,3271,6,3277,57
2021-03-11,Lassen,035,31185,5132,98,5230,18
2021-03-11,Los Angeles,037,10098052,1181528,38483,1220011,23564
2021-03-11,Madera,039,155013,15902,852,16754,234
2021-03-11,Marin,041,260295,4996,115,5111,163
2021-03-11,Mariposa,043,17540,379,5,384,6
2021-03-11,Mendocino,045,87422,3693,74,3767,45
2021-03-11,Merced,047,269075,29095,939,30034,445
2021-03-11,Modoc,049,8938,345,117,462,4
2021-03-11,Mono,051,14174,1201,16,1217,3
2021-03-11,Monterey,053,433212,42230,1688,43918,562
2021-03-11,Napa,055,140530,9174,30,9204,77
2021-03-11,Nevada,057,99092,4142,161,4303,69
2021-03-11,Orange,059,3164182,249369,10328,259697,5063
2021-03-11,Placer,061,380077,21053,1158,22211,285
2021-03-11,Plumas,063,18699,653,10,663,5
2021-03-11,Riverside,065,2383286,287593,13373,300966,4452
2021-03-11,Sacramento,067,1510023,96445,1308,97753,1561
2021-03-11,San Benito,069,59416,5796,89,5885,58
2021-03-11,San Bernardino,071,2135413,287586,8543,296129,5073
2021-03-11,San Diego,073,3302833,267493,13201,280694,3632
2021-03-11,San Francisco,075,870044,34675,1111,35786,535
2021-03-11,San Joaquin,077,732212,68173,2843,71016,1358
2021-03-11,San Luis Obispo,079,281455,20079,581,20660,249
2021-03-11,San Mateo,081,765935,40072,416,40488,517
2021-03-11,Santa Barbara,083,443738,32829,1046,33875,439
2021-03-11,Santa Clara,085,1922200,112301,605,112906,1666
2021-03-11,Santa Cruz,087,273765,15649,776,16425,201
2021-03-11,Shasta,089,179085,11085,1290,12375,179
2021-03-11,Sierra,091,2930,52,12,64,0
2021-03-11,Siskiyou,093,43540,1544,242,1786,12
2021-03-11,Solano,095,438530,30323,374,30697,259
2021-03-11,Sonoma,097,501317,28627,229,28856,307
2021-03-11,Stanislaus,099,539301,51775,5415,57190,913
2021-03-11,Sutter,101,95872,8950,79,9029,118
2021-03-11,Tehama,103,63373,4673,491,5164,69
2021-03-11,Trinity,105,12862,469,77,546,4
2021-03-11,Tulare,107,460477,48867,8217,57084,838
2021-03-11,Tuolumne,109,53932,3879,38,3917,57
2021-03-11,Ventura,111,848112,79006,2786,81792,975
2021-03-11,Yolo,113,214977,13095,155,13250,215
2021-03-11,Yuba,115,75493,5620,87,5707,43
2021-03-10,Alameda,001,1643700,82222,1711,83933,1170
2021-03-10,Alpine,002,1148,82,0,82,0
2021-03-10,Amador,005,37829,3502,31,3533,44
2021-03-10,Butte,007,227075,11474,1644,13118,185
2021-03-10,Calaveras,009,45235,1949,11,1960,50
2021-03-10,Colusa,011,21464,1883,270,2153,15
2021-03-10,Contra Costa,013,1133247,64376,1084,65460,769
2021-03-10,Del Norte,015,27424,1074,5,1079,5
2021-03-10,El Dorado,017,186661,9268,609,9877,110
2021-03-10,Fresno,019,978130,98031,7864,105895,1632
2021-03-10,Glenn,021,27897,2287,498,2785,23
2021-03-10,Humboldt,023,135768,3327,23,3350,33
2021-03-10,Imperial,025,180216,27389,2483,29872,727
2021-03-10,Inyo,027,18085,1348,9,1357,37
2021-03-10,Kern,029,883053,94422,9958,104380,1252
2021-03-10,Kings,031,150075,22519,982,23501,238
2021-03-10,Lake,033,64148,3261,6,3267,57
2021-03-10,Lassen,035,31185,5132,98,5230,18
2021-03-10,Los Angeles,037,10098052,1180981,38458,1219439,23536
2021-03-10,Madera,039,155013,15881,849,16730,234
2021-03-10,Marin,041,260295,4986,114,5100,163
2021-03-10,Mariposa,043,17540,379,5,384,6
2021-03-10,Mendocino,045,87422,3688,74,3762,45
2021-03-10,Merced,047,269075,29057,936,29993,442
2021-03-10,Modoc,049,8938,344,117,461,4
2021-03-10,Mono,051,14174,1197,16,1213,3
2021-03-10,Monterey,053,433212,42208,1684,43892,561
2021-03-10,Napa,055,140530,9165,30,9195,77
2021-03-10,Nevada,057,99092,4138,161,4299,69
2021-03-10,Orange,059,3164182,249220,10313,259533,5053
2021-03-10,Placer,061,380077,21019,1152,22171,285
2021-03-10,Plumas,063,18699,652,10,662,5
2021-03-10,Riverside,065,2383286,287452,13359,300811,4444
2021-03-10,Sacramento,067,1510023,96315,1302,97617,1561
2021-03-10,San Benito,069,59416,5787,89,5876,58
2021-03-10,San Bernardino,071,2135413,287493,8537,296030,5069
2021-03-10,San Diego,073,3302833,267271,13189,280460,3625
2021-03-10,San Francisco,075,870044,34640,1103,35743,534
2021-03-10,San Joaquin,077,732212,68071,2826,70897,1357
2021-03-10,San Luis Obispo,079,281455,20055,577,20632,249
2021-03-10,San Mateo,081,765935,40048,416,40464,517
2021-03-10,Santa Barbara,083,443738,32802,1043,33845,439
2021-03-10,Santa Clara,085,1922200,112192,601,112793,1661
2021-03-10,Santa Cruz,087,273765,15634,775,16409,201
2021-03-10,Shasta,089,179085,11075,1287,12362,178
2021-03-10,Sierra,091,2930,52,12,64,0
2021-03-10,Siskiyou,093,43540,1542,242,1784,12
2021-03-10,Solano,095,438530,30293,373,30666,259
2021-03-10,Sonoma,097,501317,28592,228,28820,307
2021-03-10,Stanislaus,099,539301,51688,5396,57084,911
2021-03-10,Sutter,101,95872,8939,79,9018,117
2021-03-10,Tehama,103,63373,4662,490,5152,69
2021-03-10,Trinity,105,12862,469,77,546,4
2021-03-10,Tulare,107,460477,48819,8199,57018,838
2021-03-10,Tuolumne,109,53932,3878,38,3916,57
2021-03-10,Ventura,111,848112,78929,2784,81713,974
2021-03-10,Yolo,113,214977,13071,155,13226,215
2021-03-10,Yuba,115,75493,5607,86,5693,43
2021-03-09,Alameda,001,1643700,82135,1711,83846,1169
2021-03-09,Alpine,002,1148,82,0,82,0
2021-03-09,Amador,005,37829,3500,31,3531,44
2021-03-09,Butte,007,227075,11461,1643,13104,185
2021-03-09,Calaveras,009,45235,1947,11,1958,50
2021-03-09,Colusa,011,21464,1883,270,2153,15
2021-03-09,Contra Costa,013,1133247,64286,1082,65368,769
2021-03-09,Del Norte,015,27424,1066,5,1071,5
2021-03-09,El Dorado,017,186661,9260,609,9869,109
2021-03-09,Fresno,019,978130,97912,7838,105750,1630
2021-03-09,Glenn,021,27897,2283,496,2779,23
2021-03-09,Humboldt,023,135768,3315,22,3337,33
2021-03-09,Imperial,025,180216,27379,2479,29858,727
2021-03-09,Inyo,027,18085,1346,9,1355,37
2021-03-09,Kern,029,883053,94343,9940,104283,1252
2021-03-09,Kings,031,150075,22494,980,23474,238
2021-03-09,Lake,033,64148,3255,6,3261,57
2021-03-09,Lassen,035,31185,5132,98,5230,18
2021-03-09,Los Angeles,037,10098052,1180384,38425,1218809,23502
2021-03-09,Madera,039,155013,15870,847,16717,233
2021-03-09,Marin,041,260295,4968,112,5080,163
2021-03-09,Mariposa,043,17540,379,5,384,6
2021-03-09,Mendocino,045,87422,3684,74,3758,44
2021-03-09,Merced,047,269075,28997,933,29930,442
2021-03-09,Modoc,049,8938,344,116,460,4
2021-03-09,Mono,051,14174,1196,16,1212,3
2021-03-09,Monterey,053,433212,42189,1676,43865,560
2021-03-09,Napa,055,140530,9151,30,9181,76
2021-03-09,Nevada,057,99092,4130,161,4291,69
2021-03-09,Orange,059,3164182,249078,10294,259372,5046
2021-03-09,Placer,061,380077,20977,1147,22124,285
2021-03-09,Plumas,063,18699,649,10,659,5
2021-03-09,Riverside,065,2383286,287319,13355,300674,4436
2021-03-09,Sacramento,067,1510023,96148,1296,97444,1559
2021-03-09,San Benito,069,59416,5783,89,5872,58
2021-03-09,San Bernardino,071,2135413,287378,8531,295909,5063
2021-03-09,San Diego,073,3302833,267039,13168,280207,3622
2021-03-09,San Francisco,075,870044,34609,1099,35708,533
2021-03-09,San Joaquin,077,732212,67944,2816,70760,1353
2021-03-09,San Luis Obispo,079,281455,20038,570,20608,248
2021-03-09,San Mateo,081,765935,40000,414,40414,517
2021-03-09,Santa Barbara,083,443738,32761,1041,33802,437
2021-03-09,Santa Clara,085,1922200,112081,596,112677,1656
2021-03-09,Santa Cruz,087,273765,15612,774,16386,200
2021-03-09,Shasta,089,179085,11068,1282,12350,177
2021-03-09,Sierra,091,2930,52,12,64,0
2021-03-09,Siskiyou,093,43540,1538,240,1778,12
2021-03-09,Solano,095,438530,30257,371,30628,259
2021-03-09,Sonoma,097,501317,28542,225,28767,307
2021-03-09,Stanislaus,099,539301,51589,5387,56976,908
2021-03-09,Sutter,101,95872,8926,79,9005,116
2021-03-09,Tehama,103,63373,4657,490,5147,69
2021-03-09,Trinity,105,12862,469,77,546,4
2021-03-09,Tulare,107,460477,48792,8180,56972,838
2021-03-09,Tuolumne,109,53932,3876,38,3914,57
2021-03-09,Ventura,111,848112,78866,2782,81648,972
2021-03-09,Yolo,113,214977,13059,153,13212,215
2021-03-09,Yuba,115,75493,5600,86,5686,43
2021-03-08,Alameda,001,1643700,82024,1710,83734,1168
2021-03-08,Alpine,002,1148,82,0,82,0
2021-03-08,Amador,005,37829,3497,31,3528,43
2021-03-08,Butte,007,227075,11448,1642,13090,184
2021-03-08,Calaveras,009,45235,1943,11,1954,50
2021-03-08,Colusa,011,21464,1883,270,2153,15
2021-03-08,Contra Costa,013,1133247,64190,1082,65272,767
2021-03-08,Del Norte,015,27424,1061,5,1066,5
2021-03-08,El Dorado,017,186661,9257,608,9865,109
2021-03-08,Fresno,019,978130,97812,7817,105629,1627
2021-03-08,Glenn,021,27897,2282,496,2778,23
2021-03-08,Humboldt,023,135768,3301,22,3323,33
2021-03-08,Imperial,025,180216,27371,2476,29847,727
2021-03-08,Inyo,027,18085,1344,9,1353,37
2021-03-08,Kern,029,883053,94277,9920,104197,1250
2021-03-08,Kings,031,150075,22473,978,23451,238
2021-03-08,Lake,033,64148,3243,6,3249,57
2021-03-08,Lassen,035,31185,5132,98,5230,18
2021-03-08,Los Angeles,037,10098052,1179763,38394,1218157,23468
2021-03-08,Madera,039,155013,15860,845,16705,232
2021-03-08,Marin,041,260295,4948,110,5058,163
2021-03-08,Mariposa,043,17540,379,5,384,6
2021-03-08,Mendocino,045,87422,3682,73,3755,44
2021-03-08,Merced,047,269075,28937,932,29869,439
2021-03-08,Modoc,049,8938,344,116,460,4
2021-03-08,Mono,051,14174,1195,16,1211,3
2021-03-08,Monterey,053,433212,42168,1675,43843,560
2021-03-08,Napa,055,140530,9148,30,9178,76
2021-03-08,Nevada,057,99092,4122,161,4283,69
2021-03-08,Orange,059,3164182,248905,10263,259168,5036
2021-03-08,Placer,061,380077,20942,1136,22078,285
2021-03-08,Plumas,063,18699,648,10,658,5
2021-03-08,Riverside,065,2383286,287167,13345,300512,4429
2021-03-08,Sacramento,067,1510023,95979,1291,97270,1557
2021-03-08,San Benito,069,59416,5780,89,5869,58
2021-03-08,San Bernardino,071,2135413,287267,8524,295791,5058
2021-03-08,San Diego,073,3302833,266798,13153,279951,3615
2021-03-08,San Francisco,075,870044,34583,1095,35678,532
2021-03-08,San Joaquin,077,732212,67828,2807,70635,1350
2021-03-08,San Luis Obispo,079,281455,19995,567,20562,248
2021-03-08,San Mateo,081,765935,39951,412,40363,517
2021-03-08,Santa Barbara,083,443738,32729,1041,33770,437
2021-03-08,Santa Clara,085,1922200,111953,594,112547,1653
2021-03-08,Santa Cruz,087,273765,15592,774,16366,199
2021-03-08,Shasta,089,179085,11060,1277,12337,176
2021-03-08,Sierra,091,2930,52,12,64,0
2021-03-08,Siskiyou,093,43540,1537,240,1777,12
2021-03-08,Solano,095,438530,30217,369,30586,259
2021-03-08,Sonoma,097,501317,28498,224,28722,307
2021-03-08,Stanislaus,099,539301,51510,5382,56892,906
2021-03-08,Sutter,101,95872,8923,79,9002,116
2021-03-08,Tehama,103,63373,4653,490,5143,69
2021-03-08,Trinity,105,12862,468,77,545,4
2021-03-08,Tulare,107,460477,48751,8155,56906,837
2021-03-08,Tuolumne,109,53932,3875,38,3913,56
2021-03-08,Ventura,111,848112,78793,2774,81567,972
2021-03-08,Yolo,113,214977,13036,153,13189,214
2021-03-08,Yuba,115,75493,5590,86,5676,42
2021-03-07,Alameda,001,1643700,81904,1709,83613,1166
2021-03-07,Alpine,002,1148,82,0,82,0
2021-03-07,Amador,005,37829,3494,31,3525,43
2021-03-07,Butte,007,227075,11432,1641,13073,184
2021-03-07,Calaveras,009,45235,1939,11,1950,50
2021-03-07,Colusa,011,21464,1883,270,2153,15
2021-03-07,Contra Costa,013,1133247,64091,1080,65171,765
2021-03-07,Del Norte,015,27424,1056,5,1061,5
2021-03-07,El Dorado,017,186661,9254,607,9861,109
2021-03-07,Fresno,019,978130,97634,7795,105429,1624
2021-03-07,Glenn,021,27897,2280,496,2776,23
2021-03-07,Humboldt,023,135768,3291,22,3313,33
2021-03-07,Imperial,025,180216,27362,2474,29836,727
2021-03-07,Inyo,027,18085,1341,9,1350,37
2021-03-07,Kern,029,883053,94190,9890,104080,1247
2021-03-07,Kings,031,150075,22451,978,23429,238
2021-03-07,Lake,033,64148,3237,6,3243,57
2021-03-07,Lassen,035,31185,5131,98,5229,18
2021-03-07,Los Angeles,037,10098052,1179036,38361,1217397,23431
2021-03-07,Madera,039,155013,15841,845,16686,232
2021-03-07,Marin,041,260295,4940,108,5048,163
2021-03-07,Mariposa,043,17540,378,5,383,6
2021-03-07,Mendocino,045,87422,3678,73,3751,44
2021-03-07,Merced,047,269075,28863,928,29791,438
2021-03-07,Modoc,049,8938,344,116,460,4
2021-03-07,Mono,051,14174,1193,16,1209,3
2021-03-07,Monterey,053,433212,42147,1672,43819,560
2021-03-07,Napa,055,140530,9138,30,9168,76
2021-03-07,Nevada,057,99092,4108,160,4268,69
2021-03-07,Orange,059,3164182,248713,10236,258949,5029
2021-03-07,Placer,061,380077,20901,1132,22033,285
2021-03-07,Plumas,063,18699,647,10,657,5
2021-03-07,Riverside,065,2383286,287019,13336,300355,4421
2021-03-07,Sacramento,067,1510023,95802,1285,97087,1554
2021-03-07,San Benito,069,59416,5773,89,5862,58
2021-03-07,San Bernardino,071,2135413,287116,8519,295635,5047
2021-03-07,San Diego,073,3302833,266517,13129,279646,3610
2021-03-07,San Francisco,075,870044,34549,1090,35639,532
2021-03-07,San Joaquin,077,732212,67692,2794,70486,1346
2021-03-07,San Luis Obispo,079,281455,19958,565,20523,248
2021-03-07,San Mateo,081,765935,39911,409,40320,517
2021-03-07,Santa Barbara,083,443738,32683,1040,33723,437
2021-03-07,Santa Clara,085,1922200,111808,590,112398,1650
2021-03-07,Santa Cruz,087,273765,15570,773,16343,199
2021-03-07,Shasta,089,179085,11047,1269,12316,176
2021-03-07,Sierra,091,2930,51,12,63,0
2021-03-07,Siskiyou,093,43540,1536,236,1772,12
2021-03-07,Solano,095,438530,30180,369,30549,258
2021-03-07,Sonoma,097,501317,28449,222,28671,307
2021-03-07,Stanislaus,099,539301,51378,5366,56744,902
2021-03-07,Sutter,101,95872,8913,79,8992,116
2021-03-07,Tehama,103,63373,4646,489,5135,68
2021-03-07,Trinity,105,12862,468,77,545,4
2021-03-07,Tulare,107,460477,48692,8124,56816,837
2021-03-07,Tuolumne,109,53932,3874,37,3911,56
2021-03-07,Ventura,111,848112,78701,2772,81473,969
2021-03-07,Yolo,113,214977,13017,153,13170,213
2021-03-07,Yuba,115,75493,5585,86,5671,42
2021-03-06,Alameda,001,1643700,81847,1708,83555,1165
2021-03-06,Alpine,002,1148,82,0,82,0
2021-03-06,Amador,005,37829,3490,31,3521,43
2021-03-06,Butte,007,227075,11427,1640,13067,184
2021-03-06,Calaveras,009,45235,1935,11,1946,50
2021-03-06,Colusa,011,21464,1881,270,2151,15
2021-03-06,Contra Costa,013,1133247,64029,1076,65105,765
2021-03-06,Del Norte,015,27424,1051,5,1056,5
2021-03-06,El Dorado,017,186661,9250,607,9857,109
2021-03-06,Fresno,019,978130,97538,7784,105322,1620
2021-03-06,Glenn,021,27897,2280,496,2776,23
2021-03-06,Humboldt,023,135768,3281,22,3303,33
2021-03-06,Imperial,025,180216,27357,2469,29826,727
2021-03-06,Inyo,027,18085,1338,9,1347,37
2021-03-06,Kern,029,883053,94144,9870,104014,1244
2021-03-06,Kings,031,150075,22436,978,23414,238
2021-03-06,Lake,033,64148,3235,6,3241,57
2021-03-06,Lassen,035,31185,5131,98,5229,18
2021-03-06,Los Angeles,037,10098052,1178596,38333,1216929,23394
2021-03-06,Madera,039,155013,15832,844,16676,230
2021-03-06,Marin,041,260295,4931,108,5039,163
2021-03-06,Mariposa,043,17540,378,5,383,6
2021-03-06,Mendocino,045,87422,3676,73,3749,44
2021-03-06,Merced,047,269075,28820,928,29748,437
2021-03-06,Modoc,049,8938,343,116,459,4
2021-03-06,Mono,051,14174,1192,16,1208,3
2021-03-06,Monterey,053,433212,42142,1669,43811,560
2021-03-06,Napa,055,140530,9130,30,9160,76
2021-03-06,Nevada,057,99092,4102,160,4262,69
2021-03-06,Orange,059,3164182,248622,10222,258844,5024
2021-03-06,Placer,061,380077,20878,1130,22008,285
2021-03-06,Plumas,063,18699,647,10,657,5
2021-03-06,Riverside,065,2383286,286925,13328,300253,4414
2021-03-06,Sacramento,067,1510023,95714,1276,96990,1553
2021-03-06,San Benito,069,59416,5768,89,5857,58
2021-03-06,San Bernardino,071,2135413,287032,8517,295549,5039
2021-03-06,San Diego,073,3302833,266330,13112,279442,3603
2021-03-06,San Francisco,075,870044,34517,1086,35603,532
2021-03-06,San Joaquin,077,732212,67618,2784,70402,1344
2021-03-06,San Luis Obispo,079,281455,19938,563,20501,248
2021-03-06,San Mateo,081,765935,39886,409,40295,516
2021-03-06,Santa Barbara,083,443738,32653,1040,33693,436
2021-03-06,Santa Clara,085,1922200,111713,587,112300,1649
2021-03-06,Santa Cruz,087,273765,15559,773,16332,199
2021-03-06,Shasta,089,179085,11038,1267,12305,176
2021-03-06,Sierra,091,2930,51,12,63,0
2021-03-06,Siskiyou,093,43540,1534,236,1770,12
2021-03-06,Solano,095,438530,30151,368,30519,257
2021-03-06,Sonoma,097,501317,28426,220,28646,306
2021-03-06,Stanislaus,099,539301,51308,5360,56668,902
2021-03-06,Sutter,101,95872,8907,79,8986,116
2021-03-06,Tehama,103,63373,4644,486,5130,68
2021-03-06,Trinity,105,12862,468,77,545,4
2021-03-06,Tulare,107,460477,48660,8096,56756,835
2021-03-06,Tuolumne,109,53932,3872,37,3909,56
2021-03-06,Ventura,111,848112,78645,2771,81416,967
2021-03-06,Yolo,113,214977,13011,152,13163,212
2021-03-06,Yuba,115,75493,5576,86,5662,42
2021-03-05,Alameda,001,1643700,81761,1707,83468,1164
2021-03-05,Alpine,002,1148,82,0,82,0
2021-03-05,Amador,005,37829,3489,31,3520,43
2021-03-05,Butte,007,227075,11416,1639,13055,184
2021-03-05,Calaveras,009,45235,1932,11,1943,50
2021-03-05,Colusa,011,21464,1881,270,2151,15
2021-03-05,Contra Costa,013,1133247,63949,1073,65022,763
2021-03-05,Del Norte,015,27424,1047,5,1052,5
2021-03-05,El Dorado,017,186661,9245,606,9851,109
2021-03-05,Fresno,019,978130,97429,7765,105194,1617
2021-03-05,Glenn,021,27897,2277,495,2772,23
2021-03-05,Humboldt,023,135768,3273,22,3295,32
2021-03-05,Imperial,025,180216,27347,2460,29807,727
2021-03-05,Inyo,027,18085,1334,9,1343,37
2021-03-05,Kern,029,883053,94103,9857,103960,1242
2021-03-05,Kings,031,150075,22418,977,23395,236
2021-03-05,Lake,033,64148,3233,6,3239,56
2021-03-05,Lassen,035,31185,5131,96,5227,18
2021-03-05,Los Angeles,037,10098052,1178105,38304,1216409,23357
2021-03-05,Madera,039,155013,15822,842,16664,230
2021-03-05,Marin,041,260295,4919,107,5026,163
2021-03-05,Mariposa,043,17540,378,5,383,6
2021-03-05,Mendocino,045,87422,3673,73,3746,44
2021-03-05,Merced,047,269075,28787,927,29714,435
2021-03-05,Modoc,049,8938,343,116,459,4
2021-03-05,Mono,051,14174,1191,16,1207,3
2021-03-05,Monterey,053,433212,42129,1669,43798,559
2021-03-05,Napa,055,140530,9122,30,9152,76
2021-03-05,Nevada,057,99092,4099,160,4259,69
2021-03-05,Orange,059,3164182,248509,10209,258718,5012
2021-03-05,Placer,061,380077,20852,1126,21978,284
2021-03-05,Plumas,063,18699,647,10,657,5
2021-03-05,Riverside,065,2383286,286814,13323,300137,4412
2021-03-05,Sacramento,067,1510023,95618,1269,96887,1545
2021-03-05,San Benito,069,59416,5765,89,5854,58
2021-03-05,San Bernardino,071,2135413,286939,8513,295452,5031
2021-03-05,San Diego,073,3302833,266096,13095,279191,3595
2021-03-05,San Francisco,075,870044,34477,1082,35559,530
2021-03-05,San Joaquin,077,732212,67539,2775,70314,1343
2021-03-05,San Luis Obispo,079,281455,19917,561,20478,248
2021-03-05,San Mateo,081,765935,39854,409,40263,514
2021-03-05,Santa Barbara,083,443738,32616,1035,33651,435
2021-03-05,Santa Clara,085,1922200,111618,587,112205,1647
2021-03-05,Santa Cruz,087,273765,15548,773,16321,199
2021-03-05,Shasta,089,179085,11026,1261,12287,175
2021-03-05,Sierra,091,2930,51,12,63,0
2021-03-05,Siskiyou,093,43540,1529,235,1764,12
2021-03-05,Solano,095,438530,30134,366,30500,257
2021-03-05,Sonoma,097,501317,28400,220,28620,305
2021-03-05,Stanislaus,099,539301,51257,5350,56607,901
2021-03-05,Sutter,101,95872,8900,79,8979,116
2021-03-05,Tehama,103,63373,4635,486,5121,68
2021-03-05,Trinity,105,12862,468,77,545,4
2021-03-05,Tulare,107,460477,48631,8077,56708,835
2021-03-05,Tuolumne,109,53932,3870,37,3907,56
2021-03-05,Ventura,111,848112,78578,2770,81348,965
2021-03-05,Yolo,113,214977,12999,151,13150,212
2021-03-05,Yuba,115,75493,5564,86,5650,42
2021-03-04,Alameda,001,1643700,81652,1706,83358,1163
2021-03-04,Alpine,002,1148,82,0,82,0
2021-03-04,Amador,005,37829,3488,31,3519,43
2021-03-04,Butte,007,227075,11409,1638,13047,184
2021-03-04,Calaveras,009,45235,1931,11,1942,50
2021-03-04,Colusa,011,21464,1879,265,2144,15
2021-03-04,Contra Costa,013,1133247,63849,1071,64920,763
2021-03-04,Del Norte,015,27424,1039,5,1044,5
2021-03-04,El Dorado,017,186661,9230,606,9836,109
2021-03-04,Fresno,019,978130,97265,7746,105011,1614
2021-03-04,Glenn,021,27897,2270,494,2764,23
2021-03-04,Humboldt,023,135768,3259,22,3281,32
2021-03-04,Imperial,025,180216,27334,2457,29791,726
2021-03-04,Inyo,027,18085,1331,9,1340,37
2021-03-04,Kern,029,883053,94014,9838,103852,1238
2021-03-04,Kings,031,150075,22392,974,23366,236
2021-03-04,Lake,033,64148,3225,6,3231,56
2021-03-04,Lassen,035,31185,5131,96,5227,18
2021-03-04,Los Angeles,037,10098052,1177494,38255,1215749,23315
2021-03-04,Madera,039,155013,15787,839,16626,230
2021-03-04,Marin,041,260295,4903,104,5007,162
2021-03-04,Mariposa,043,17540,378,5,383,6
2021-03-04,Mendocino,045,87422,3670,73,3743,44
2021-03-04,Merced,047,269075,28736,925,29661,435
2021-03-04,Modoc,049,8938,342,116,458,4
2021-03-04,Mono,051,14174,1191,16,1207,3
2021-03-04,Monterey,053,433212,42109,1667,43776,558
2021-03-04,Napa,055,140530,9114,30,9144,76
2021-03-04,Nevada,057,99092,4089,160,4249,69
2021-03-04,Orange,059,3164182,248352,10192,258544,5000
2021-03-04,Placer,061,380077,20820,1120,21940,284
2021-03-04,Plumas,063,18699,647,10,657,5
2021-03-04,Riverside,065,2383286,286684,13310,299994,4406
2021-03-04,Sacramento,067,1510023,95483,1266,96749,1541
2021-03-04,San Benito,069,59416,5765,89,5854,58
2021-03-04,San Bernardino,071,2135413,286808,8509,295317,5023
2021-03-04,San Diego,073,3302833,265835,13051,278886,3591
2021-03-04,San Francisco,075,870044,34442,1079,35521,530
2021-03-04,San Joaquin,077,732212,67445,2766,70211,1340
2021-03-04,San Luis Obispo,079,281455,19880,559,20439,248
2021-03-04,San Mateo,081,765935,39810,408,40218,514
2021-03-04,Santa Barbara,083,443738,32579,1034,33613,434
2021-03-04,Santa Clara,085,1922200,111484,585,112069,1643
2021-03-04,Santa Cruz,087,273765,15529,773,16302,199
2021-03-04,Shasta,089,179085,11023,1252,12275,174
2021-03-04,Sierra,091,2930,51,12,63,0
2021-03-04,Siskiyou,093,43540,1522,235,1757,12
2021-03-04,Solano,095,438530,30107,365,30472,256
2021-03-04,Sonoma,097,501317,28345,219,28564,304
2021-03-04,Stanislaus,099,539301,51170,5342,56512,897
2021-03-04,Sutter,101,95872,8888,79,8967,116
2021-03-04,Tehama,103,63373,4627,486,5113,68
2021-03-04,Trinity,105,12862,468,77,545,4
2021-03-04,Tulare,107,460477,48586,8052,56638,835
2021-03-04,Tuolumne,109,53932,3864,37,3901,56
2021-03-04,Ventura,111,848112,78488,2767,81255,961
2021-03-04,Yolo,113,214977,12979,151,13130,210
2021-03-04,Yuba,115,75493,5552,86,5638,42
2021-03-03,Alameda,001,1643700,81532,1705,83237,1162
2021-03-03,Alpine,002,1148,82,0,82,0
2021-03-03,Amador,005,37829,3486,30,3516,43
2021-03-03,Butte,007,227075,11401,1637,13038,184
2021-03-03,Calaveras,009,45235,1930,11,1941,50
2021-03-03,Colusa,011,21464,1878,265,2143,15
2021-03-03,Contra Costa,013,1133247,63751,1068,64819,762
2021-03-03,Del Norte,015,27424,1036,5,1041,5
2021-03-03,El Dorado,017,186661,9220,606,9826,109
2021-03-03,Fresno,019,978130,97121,7729,104850,1612
2021-03-03,Glenn,021,27897,2270,494,2764,23
2021-03-03,Humboldt,023,135768,3248,22,3270,32
2021-03-03,Imperial,025,180216,27318,2453,29771,726
2021-03-03,Inyo,027,18085,1323,9,1332,37
2021-03-03,Kern,029,883053,93938,9821,103759,1233
2021-03-03,Kings,031,150075,22376,973,23349,236
2021-03-03,Lake,033,64148,3218,6,3224,56
2021-03-03,Lassen,035,31185,5131,96,5227,18
2021-03-03,Los Angeles,037,10098052,1176855,38216,1215071,23268
2021-03-03,Madera,039,155013,15768,833,16601,229
2021-03-03,Marin,041,260295,4889,104,4993,162
2021-03-03,Mariposa,043,17540,377,5,382,6
2021-03-03,Mendocino,045,87422,3662,73,3735,44
2021-03-03,Merced,047,269075,28684,925,29609,434
2021-03-03,Modoc,049,8938,342,115,457,4
2021-03-03,Mono,051,14174,1191,16,1207,3
2021-03-03,Monterey,053,433212,42077,1664,43741,557
2021-03-03,Napa,055,140530,9106,30,9136,76
2021-03-03,Nevada,057,99092,4079,160,4239,69
2021-03-03,Orange,059,3164182,248207,10178,258385,4984
2021-03-03,Placer,061,380077,20794,1117,21911,284
2021-03-03,Plumas,063,18699,646,10,656,5
2021-03-03,Riverside,065,2383286,286551,13304,299855,4401
2021-03-03,Sacramento,067,1510023,95322,1258,96580,1540
2021-03-03,San Benito,069,59416,5764,89,5853,58
2021-03-03,San Bernardino,071,2135413,286667,8503,295170,5014
2021-03-03,San Diego,073,3302833,265571,13020,278591,3583
2021-03-03,San Francisco,075,870044,34410,1076,35486,528
2021-03-03,San Joaquin,077,732212,67332,2759,70091,1335
2021-03-03,San Luis Obispo,079,281455,19854,556,20410,248
2021-03-03,San Mateo,081,765935,39764,407,40171,514
2021-03-03,Santa Barbara,083,443738,32541,1034,33575,432
2021-03-03,Santa Clara,085,1922200,111330,583,111913,1639
2021-03-03,Santa Cruz,087,273765,15518,773,16291,198
2021-03-03,Shasta,089,179085,11013,1245,12258,174
2021-03-03,Sierra,091,2930,51,12,63,0
2021-03-03,Siskiyou,093,43540,1520,235,1755,12
2021-03-03,Solano,095,438530,30071,364,30435,255
2021-03-03,Sonoma,097,501317,28306,218,28524,303
2021-03-03,Stanislaus,099,539301,51092,5335,56427,895
2021-03-03,Sutter,101,95872,8880,79,8959,116
2021-03-03,Tehama,103,63373,4625,486,5111,68
2021-03-03,Trinity,105,12862,468,77,545,4
2021-03-03,Tulare,107,460477,48535,8023,56558,834
2021-03-03,Tuolumne,109,53932,3862,36,3898,56
2021-03-03,Ventura,111,848112,78404,2762,81166,959
2021-03-03,Yolo,113,214977,12966,151,13117,210
2021-03-03,Yuba,115,75493,5539,86,5625,42
2021-03-02,Alameda,001,1643700,81410,1703,83113,1160
2021-03-02,Alpine,002,1148,82,0,82,0
2021-03-02,Amador,005,37829,3484,30,3514,43
2021-03-02,Butte,007,227075,11391,1634,13025,184
2021-03-02,Calaveras,009,45235,1922,11,1933,50
2021-03-02,Colusa,011,21464,1878,264,2142,15
2021-03-02,Contra Costa,013,1133247,63640,1064,64704,759
2021-03-02,Del Norte,015,27424,1029,5,1034,5
2021-03-02,El Dorado,017,186661,9212,606,9818,108
2021-03-02,Fresno,019,978130,96975,7703,104678,1609
2021-03-02,Glenn,021,27897,2264,493,2757,23
2021-03-02,Humboldt,023,135768,3229,22,3251,32
2021-03-02,Imperial,025,180216,27308,2451,29759,726
2021-03-02,Inyo,027,18085,1319,9,1328,37
2021-03-02,Kern,029,883053,93832,9794,103626,1229
2021-03-02,Kings,031,150075,22324,970,23294,235
2021-03-02,Lake,033,64148,3212,6,3218,56
2021-03-02,Lassen,035,31185,5126,95,5221,18
2021-03-02,Los Angeles,037,10098052,1176218,38171,1214389,23221
2021-03-02,Madera,039,155013,15748,830,16578,229
2021-03-02,Marin,041,260295,4866,103,4969,162
2021-03-02,Mariposa,043,17540,377,5,382,6
2021-03-02,Mendocino,045,87422,3659,72,3731,44
2021-03-02,Merced,047,269075,28627,925,29552,433
2021-03-02,Modoc,049,8938,342,115,457,4
2021-03-02,Mono,051,14174,1190,16,1206,3
2021-03-02,Monterey,053,433212,42050,1664,43714,556
2021-03-02,Napa,055,140530,9096,30,9126,76
2021-03-02,Nevada,057,99092,4070,159,4229,69
2021-03-02,Orange,059,3164182,248062,10160,258222,4972
2021-03-02,Placer,061,380077,20741,1114,21855,284
2021-03-02,Plumas,063,18699,643,10,653,5
2021-03-02,Riverside,065,2383286,286379,13296,299675,4398
2021-03-02,Sacramento,067,1510023,95155,1257,96412,1536
2021-03-02,San Benito,069,59416,5757,89,5846,58
2021-03-02,San Bernardino,071,2135413,286533,8497,295030,5007
2021-03-02,San Diego,073,3302833,265327,12998,278325,3570
2021-03-02,San Francisco,075,870044,34370,1072,35442,525
2021-03-02,San Joaquin,077,732212,67224,2742,69966,1333
2021-03-02,San Luis Obispo,079,281455,19822,556,20378,247
2021-03-02,San Mateo,081,765935,39712,406,40118,514
2021-03-02,Santa Barbara,083,443738,32492,1030,33522,430
2021-03-02,Santa Clara,085,1922200,111151,582,111733,1638
2021-03-02,Santa Cruz,087,273765,15504,771,16275,197
2021-03-02,Shasta,089,179085,10999,1234,12233,174
2021-03-02,Sierra,091,2930,51,12,63,0
2021-03-02,Siskiyou,093,43540,1516,233,1749,12
2021-03-02,Solano,095,438530,30038,362,30400,253
2021-03-02,Sonoma,097,501317,28251,218,28469,303
2021-03-02,Stanislaus,099,539301,51005,5323,56328,894
2021-03-02,Sutter,101,95872,8871,79,8950,116
2021-03-02,Tehama,103,63373,4621,485,5106,68
2021-03-02,Trinity,105,12862,468,77,545,4
2021-03-02,Tulare,107,460477,48472,8003,56475,833
2021-03-02,Tuolumne,109,53932,3858,36,3894,56
2021-03-02,Ventura,111,848112,78311,2758,81069,956
2021-03-02,Yolo,113,214977,12950,151,13101,210
2021-03-02,Yuba,115,75493,5531,86,5617,42
2021-03-01,Alameda,001,1643700,81283,1701,82984,1157
2021-03-01,Alpine,002,1148,80,0,80,0
2021-03-01,Amador,005,37829,3481,30,3511,43
2021-03-01,Butte,007,227075,11376,1630,13006,183
2021-03-01,Calaveras,009,45235,1917,11,1928,50
2021-03-01,Colusa,011,21464,1877,264,2141,15
2021-03-01,Contra Costa,013,1133247,63532,1063,64595,759
2021-03-01,Del Norte,015,27424,1024,5,1029,5
2021-03-01,El Dorado,017,186661,9188,606,9794,108
2021-03-01,Fresno,019,978130,96837,7680,104517,1606
2021-03-01,Glenn,021,27897,2259,492,2751,23
2021-03-01,Humboldt,023,135768,3210,22,3232,31
2021-03-01,Imperial,025,180216,27298,2443,29741,726
2021-03-01,Inyo,027,18085,1316,9,1325,37
2021-03-01,Kern,029,883053,93743,9768,103511,1225
2021-03-01,Kings,031,150075,22307,964,23271,235
2021-03-01,Lake,033,64148,3207,6,3213,56
2021-03-01,Lassen,035,31185,5124,95,5219,18
2021-03-01,Los Angeles,037,10098052,1175559,38131,1213690,23169
2021-03-01,Madera,039,155013,15719,820,16539,229
2021-03-01,Marin,041,260295,4838,102,4940,161
2021-03-01,Mariposa,043,17540,377,5,382,6
2021-03-01,Mendocino,045,87422,3652,72,3724,44
2021-03-01,Merced,047,269075,28582,921,29503,431
2021-03-01,Modoc,049,8938,339,114,453,4
2021-03-01,Mono,051,14174,1189,16,1205,3
2021-03-01,Monterey,053,433212,42025,1662,43687,556
2021-03-01,Napa,055,140530,9088,30,9118,75
2021-03-01,Nevada,057,99092,4051,159,4210,69
2021-03-01,Orange,059,3164182,247869,10146,258015,4956
2021-03-01,Placer,061,380077,20702,1111,21813,284
2021-03-01,Plumas,063,18699,643,10,653,5
2021-03-01,Riverside,065,2383286,286160,13289,299449,4389
2021-03-01,Sacramento,067,1510023,95010,1255,96265,1533
2021-03-01,San Benito,069,59416,5752,89,5841,58
2021-03-01,San Bernardino,071,2135413,286389,8493,294882,5004
2021-03-01,San Diego,073,3302833,265010,12965,277975,3559
2021-03-01,San Francisco,075,870044,34326,1064,35390,525
2021-03-01,San Joaquin,077,732212,67115,2732,69847,1326
2021-03-01,San Luis Obispo,079,281455,19800,554,20354,246
2021-03-01,San Mateo,081,765935,39660,406,40066,511
2021-03-01,Santa Barbara,083,443738,32449,1029,33478,430
2021-03-01,Santa Clara,085,1922200,110992,579,111571,1636
2021-03-01,Santa Cruz,087,273765,15485,770,16255,197
2021-03-01,Shasta,089,179085,10987,1231,12218,174
2021-03-01,Sierra,091,2930,51,12,63,0
2021-03-01,Siskiyou,093,43540,1512,231,1743,12
2021-03-01,Solano,095,438530,29995,361,30356,253
2021-03-01,Sonoma,097,501317,28203,216,28419,302
2021-03-01,Stanislaus,099,539301,50931,5317,56248,892
2021-03-01,Sutter,101,95872,8860,79,8939,116
2021-03-01,Tehama,103,63373,4615,485,5100,68
2021-03-01,Trinity,105,12862,468,76,544,4
2021-03-01,Tulare,107,460477,48434,7969,56403,829
2021-03-01,Tuolumne,109,53932,3855,36,3891,56
2021-03-01,Ventura,111,848112,78230,2757,80987,955
2021-03-01,Yolo,113,214977,12933,149,13082,210
2021-03-01,Yuba,115,75493,5519,86,5605,41
2021-02-28,Alameda,001,1643700,81162,1699,82861,1153
2021-02-28,Alpine,002,1148,80,0,80,0
2021-02-28,Amador,005,37829,3476,29,3505,43
2021-02-28,Butte,007,227075,11361,1629,12990,182
2021-02-28,Calaveras,009,45235,1913,11,1924,50
2021-02-28,Colusa,011,21464,1877,263,2140,14
2021-02-28,Contra Costa,013,1133247,63405,1058,64463,756
2021-02-28,Del Norte,015,27424,1022,5,1027,5
2021-02-28,El Dorado,017,186661,9177,606,9783,108
2021-02-28,Fresno,019,978130,96655,7646,104301,1602
2021-02-28,Glenn,021,27897,2257,490,2747,23
2021-02-28,Humboldt,023,135768,3187,22,3209,31
2021-02-28,Imperial,025,180216,27273,2439,29712,726
2021-02-28,Inyo,027,18085,1311,9,1320,37
2021-02-28,Kern,029,883053,93628,9748,103376,1223
2021-02-28,Kings,031,150075,22286,963,23249,235
2021-02-28,Lake,033,64148,3202,6,3208,56
2021-02-28,Lassen,035,31185,5123,95,5218,18
2021-02-28,Los Angeles,037,10098052,1174771,38069,1212840,23113
2021-02-28,Madera,039,155013,15677,817,16494,229
2021-02-28,Marin,041,260295,4815,100,4915,160
2021-02-28,Mariposa,043,17540,377,5,382,6
2021-02-28,Mendocino,045,87422,3646,72,3718,44
2021-02-28,Merced,047,269075,28519,920,29439,430
2021-02-28,Modoc,049,8938,339,114,453,4
2021-02-28,Mono,051,14174,1186,16,1202,3
2021-02-28,Monterey,053,433212,41993,1660,43653,556
2021-02-28,Napa,055,140530,9069,30,9099,75
2021-02-28,Nevada,057,99092,4038,159,4197,69
2021-02-28,Orange,059,3164182,247672,10139,257811,4942
2021-02-28,Placer,061,380077,20656,1109,21765,284
2021-02-28,Plumas,063,18699,643,10,653,5
2021-02-28,Riverside,065,2383286,285927,13278,299205,4383
2021-02-28,Sacramento,067,1510023,94826,1250,96076,1531
2021-02-28,San Benito,069,59416,5741,89,5830,58
2021-02-28,San Bernardino,071,2135413,286247,8481,294728,4995
2021-02-28,San Diego,073,3302833,264713,12931,277644,3551
2021-02-28,San Francisco,075,870044,34284,1058,35342,525
2021-02-28,San Joaquin,077,732212,67007,2723,69730,1325
2021-02-28,San Luis Obispo,079,281455,19764,552,20316,246
2021-02-28,San Mateo,081,765935,39607,405,40012,510
2021-02-28,Santa Barbara,083,443738,32397,1029,33426,429
2021-02-28,Santa Clara,085,1922200,110793,576,111369,1632
2021-02-28,Santa Cruz,087,273765,15456,767,16223,195
2021-02-28,Shasta,089,179085,10966,1227,12193,174
2021-02-28,Sierra,091,2930,51,12,63,0
2021-02-28,Siskiyou,093,43540,1504,231,1735,12
2021-02-28,Solano,095,438530,29940,355,30295,252
2021-02-28,Sonoma,097,501317,28140,215,28355,302
2021-02-28,Stanislaus,099,539301,50840,5305,56145,891
2021-02-28,Sutter,101,95872,8845,79,8924,114
2021-02-28,Tehama,103,63373,4610,485,5095,68
2021-02-28,Trinity,105,12862,468,76,544,4
2021-02-28,Tulare,107,460477,48372,7938,56310,829
2021-02-28,Tuolumne,109,53932,3850,36,3886,56
2021-02-28,Ventura,111,848112,78118,2754,80872,954
2021-02-28,Yolo,113,214977,12910,149,13059,210
2021-02-28,Yuba,115,75493,5509,86,5595,41
2021-02-27,Alameda,001,1643700,81088,1697,82785,1153
2021-02-27,Alpine,002,1148,80,0,80,0
2021-02-27,Amador,005,37829,3474,29,3503,43
2021-02-27,Butte,007,227075,11349,1629,12978,182
2021-02-27,Calaveras,009,45235,1908,11,1919,50
2021-02-27,Colusa,011,21464,1876,263,2139,14
2021-02-27,Contra Costa,013,1133247,63335,1055,64390,752
2021-02-27,Del Norte,015,27424,1020,5,1025,5
2021-02-27,El Dorado,017,186661,9173,606,9779,108
2021-02-27,Fresno,019,978130,96578,7635,104213,1601
2021-02-27,Glenn,021,27897,2256,489,2745,23
2021-02-27,Humboldt,023,135768,3181,22,3203,31
2021-02-27,Imperial,025,180216,27265,2437,29702,726
2021-02-27,Inyo,027,18085,1308,9,1317,37
2021-02-27,Kern,029,883053,93567,9733,103300,1217
2021-02-27,Kings,031,150075,22276,960,23236,235
2021-02-27,Lake,033,64148,3199,6,3205,56
2021-02-27,Lassen,035,31185,5123,95,5218,18
2021-02-27,Los Angeles,037,10098052,1174270,38042,1212312,23034
2021-02-27,Madera,039,155013,15660,816,16476,229
2021-02-27,Marin,041,260295,4791,100,4891,160
2021-02-27,Mariposa,043,17540,377,5,382,6
2021-02-27,Mendocino,045,87422,3643,72,3715,44
2021-02-27,Merced,047,269075,28477,912,29389,430
2021-02-27,Modoc,049,8938,339,113,452,4
2021-02-27,Mono,051,14174,1184,16,1200,3
2021-02-27,Monterey,053,433212,41984,1659,43643,556
2021-02-27,Napa,055,140530,9058,30,9088,75
2021-02-27,Nevada,057,99092,4032,159,4191,69
2021-02-27,Orange,059,3164182,247545,10128,257673,4930
2021-02-27,Placer,061,380077,20620,1106,21726,284
2021-02-27,Plumas,063,18699,643,10,653,5
2021-02-27,Riverside,065,2383286,285817,13268,299085,4367
2021-02-27,Sacramento,067,1510023,94743,1240,95983,1529
2021-02-27,San Benito,069,59416,5740,88,5828,58
2021-02-27,San Bernardino,071,2135413,286168,8476,294644,4984
2021-02-27,San Diego,073,3302833,264523,12893,277416,3542
2021-02-27,San Francisco,075,870044,34251,1055,35306,524
2021-02-27,San Joaquin,077,732212,66961,2721,69682,1324
2021-02-27,San Luis Obispo,079,281455,19743,551,20294,245
2021-02-27,San Mateo,081,765935,39566,404,39970,508
2021-02-27,Santa Barbara,083,443738,32363,1028,33391,429
2021-02-27,Santa Clara,085,1922200,110645,574,111219,1630
2021-02-27,Santa Cruz,087,273765,15447,766,16213,195
2021-02-27,Shasta,089,179085,10960,1223,12183,174
2021-02-27,Sierra,091,2930,51,12,63,0
2021-02-27,Siskiyou,093,43540,1502,230,1732,12
2021-02-27,Solano,095,438530,29912,354,30266,251
2021-02-27,Sonoma,097,501317,28096,210,28306,302
2021-02-27,Stanislaus,099,539301,50785,5295,56080,891
2021-02-27,Sutter,101,95872,8840,79,8919,114
2021-02-27,Tehama,103,63373,4605,484,5089,67
2021-02-27,Trinity,105,12862,468,76,544,4
2021-02-27,Tulare,107,460477,48335,7912,56247,825
2021-02-27,Tuolumne,109,53932,3847,36,3883,56
2021-02-27,Ventura,111,848112,78045,2751,80796,948
2021-02-27,Yolo,113,214977,12898,149,13047,210
2021-02-27,Yuba,115,75493,5506,86,5592,41
2021-02-26,Alameda,001,1643700,80993,1692,82685,1151
2021-02-26,Alpine,002,1148,80,0,80,0
2021-02-26,Amador,005,37829,3468,29,3497,42
2021-02-26,Butte,007,227075,11339,1629,12968,181
2021-02-26,Calaveras,009,45235,1906,11,1917,50
2021-02-26,Colusa,011,21464,1876,263,2139,14
2021-02-26,Contra Costa,013,1133247,63253,1055,64308,750
2021-02-26,Del Norte,015,27424,1016,5,1021,5
2021-02-26,El Dorado,017,186661,9168,604,9772,108
2021-02-26,Fresno,019,978130,96476,7627,104103,1599
2021-02-26,Glenn,021,27897,2253,489,2742,23
2021-02-26,Humboldt,023,135768,3175,22,3197,31
2021-02-26,Imperial,025,180216,27258,2435,29693,726
2021-02-26,Inyo,027,18085,1306,9,1315,37
2021-02-26,Kern,029,883053,93488,9717,103205,1210
2021-02-26,Kings,031,150075,22260,957,23217,234
2021-02-26,Lake,033,64148,3194,6,3200,55
2021-02-26,Lassen,035,31185,5123,95,5218,18
2021-02-26,Los Angeles,037,10098052,1173693,37981,1211674,22971
2021-02-26,Madera,039,155013,15644,814,16458,228
2021-02-26,Marin,041,260295,4778,100,4878,160
2021-02-26,Mariposa,043,17540,377,5,382,6
2021-02-26,Mendocino,045,87422,3638,72,3710,43
2021-02-26,Merced,047,269075,28443,911,29354,429
2021-02-26,Modoc,049,8938,338,113,451,4
2021-02-26,Mono,051,14174,1182,16,1198,3
2021-02-26,Monterey,053,433212,41958,1658,43616,554
2021-02-26,Napa,055,140530,9052,30,9082,74
2021-02-26,Nevada,057,99092,4021,159,4180,69
2021-02-26,Orange,059,3164182,247406,10118,257524,4912
2021-02-26,Placer,061,380077,20594,1100,21694,283
2021-02-26,Plumas,063,18699,643,10,653,5
2021-02-26,Riverside,065,2383286,285673,13262,298935,4358
2021-02-26,Sacramento,067,1510023,94620,1237,95857,1525
2021-02-26,San Benito,069,59416,5739,88,5827,57
2021-02-26,San Bernardino,071,2135413,286068,8474,294542,4973
2021-02-26,San Diego,073,3302833,264295,12872,277167,3534
2021-02-26,San Francisco,075,870044,34221,1052,35273,523
2021-02-26,San Joaquin,077,732212,66880,2715,69595,1315
2021-02-26,San Luis Obispo,079,281455,19727,549,20276,245
2021-02-26,San Mateo,081,765935,39521,404,39925,505
2021-02-26,Santa Barbara,083,443738,32319,1027,33346,428
2021-02-26,Santa Clara,085,1922200,110513,572,111085,1625
2021-02-26,Santa Cruz,087,273765,15435,765,16200,195
2021-02-26,Shasta,089,179085,10953,1214,12167,173
2021-02-26,Sierra,091,2930,51,12,63,0
2021-02-26,Siskiyou,093,43540,1502,229,1731,12
2021-02-26,Solano,095,438530,29878,353,30231,251
2021-02-26,Sonoma,097,501317,28067,209,28276,302
2021-02-26,Stanislaus,099,539301,50729,5287,56016,888
2021-02-26,Sutter,101,95872,8831,79,8910,114
2021-02-26,Tehama,103,63373,4603,484,5087,67
2021-02-26,Trinity,105,12862,467,76,543,4
2021-02-26,Tulare,107,460477,48299,7883,56182,823
2021-02-26,Tuolumne,109,53932,3846,36,3882,56
2021-02-26,Ventura,111,848112,77945,2747,80692,948
2021-02-26,Yolo,113,214977,12891,149,13040,210
2021-02-26,Yuba,115,75493,5501,86,5587,41
2021-02-25,Alameda,001,1643700,80872,1691,82563,1149
2021-02-25,Alpine,002,1148,80,0,80,0
2021-02-25,Amador,005,37829,3465,29,3494,42
2021-02-25,Butte,007,227075,11318,1624,12942,181
2021-02-25,Calaveras,009,45235,1897,11,1908,50
2021-02-25,Colusa,011,21464,1873,262,2135,14
2021-02-25,Contra Costa,013,1133247,63151,1055,64206,750
2021-02-25,Del Norte,015,27424,1006,5,1011,5
2021-02-25,El Dorado,017,186661,9152,604,9756,107
2021-02-25,Fresno,019,978130,96332,7607,103939,1596
2021-02-25,Glenn,021,27897,2250,488,2738,23
2021-02-25,Humboldt,023,135768,3168,22,3190,31
2021-02-25,Imperial,025,180216,27251,2431,29682,725
2021-02-25,Inyo,027,18085,1300,9,1309,37
2021-02-25,Kern,029,883053,93372,9692,103064,1207
2021-02-25,Kings,031,150075,22251,954,23205,234
2021-02-25,Lake,033,64148,3185,6,3191,55
2021-02-25,Lassen,035,31185,5122,94,5216,18
2021-02-25,Los Angeles,037,10098052,1172945,37924,1210869,22901
2021-02-25,Madera,039,155013,15609,810,16419,228
2021-02-25,Marin,041,260295,4755,100,4855,160
2021-02-25,Mariposa,043,17540,377,5,382,6
2021-02-25,Mendocino,045,87422,3633,72,3705,43
2021-02-25,Merced,047,269075,28394,909,29303,427
2021-02-25,Modoc,049,8938,338,113,451,4
2021-02-25,Mono,051,14174,1181,16,1197,3
2021-02-25,Monterey,053,433212,41933,1653,43586,553
2021-02-25,Napa,055,140530,9026,30,9056,73
2021-02-25,Nevada,057,99092,4004,158,4162,69
2021-02-25,Orange,059,3164182,247233,10108,257341,4900
2021-02-25,Placer,061,380077,20555,1098,21653,282
2021-02-25,Plumas,063,18699,643,10,653,5
2021-02-25,Riverside,065,2383286,285485,13242,298727,4349
2021-02-25,Sacramento,067,1510023,94462,1225,95687,1522
2021-02-25,San Benito,069,59416,5734,88,5822,57
2021-02-25,San Bernardino,071,2135413,285933,8466,294399,4964
2021-02-25,San Diego,073,3302833,264001,12842,276843,3521
2021-02-25,San Francisco,075,870044,34178,1050,35228,522
2021-02-25,San Joaquin,077,732212,66796,2703,69499,1313
2021-02-25,San Luis Obispo,079,281455,19706,547,20253,244
2021-02-25,San Mateo,081,765935,39474,404,39878,505
2021-02-25,Santa Barbara,083,443738,32242,1026,33268,426
2021-02-25,Santa Clara,085,1922200,110348,571,110919,1617
2021-02-25,Santa Cruz,087,273765,15416,764,16180,194
2021-02-25,Shasta,089,179085,10941,1209,12150,173
2021-02-25,Sierra,091,2930,51,12,63,0
2021-02-25,Siskiyou,093,43540,1497,226,1723,12
2021-02-25,Solano,095,438530,29846,353,30199,250
2021-02-25,Sonoma,097,501317,28013,206,28219,301
2021-02-25,Stanislaus,099,539301,50638,5277,55915,888
2021-02-25,Sutter,101,95872,8817,78,8895,114
2021-02-25,Tehama,103,63373,4600,482,5082,67
2021-02-25,Trinity,105,12862,467,76,543,4
2021-02-25,Tulare,107,460477,48249,7857,56106,821
2021-02-25,Tuolumne,109,53932,3843,36,3879,56
2021-02-25,Ventura,111,848112,77837,2741,80578,942
2021-02-25,Yolo,113,214977,12874,149,13023,210
2021-02-25,Yuba,115,75493,5494,86,5580,41
2021-02-24,Alameda,001,1643700,80752,1687,82439,1143
2021-02-24,Alpine,002,1148,79,0,79,0
2021-02-24,Amador,005,37829,3460,29,3489,42
2021-02-24,Butte,007,227075,11305,1620,12925,181
2021-02-24,Calaveras,009,45235,1893,11,1904,49
2021-02-24,Colusa,011,21464,1871,262,2133,14
2021-02-24,Contra Costa,013,1133247,63043,1055,64098,747
2021-02-24,Del Norte,015,27424,1005,4,1009,5
2021-02-24,El Dorado,017,186661,9139,604,9743,106
2021-02-24,Fresno,019,978130,96183,7591,103774,1593
2021-02-24,Glenn,021,27897,2249,488,2737,23
2021-02-24,Humboldt,023,135768,3156,22,3178,31
2021-02-24,Imperial,025,180216,27238,2426,29664,723
2021-02-24,Inyo,027,18085,1295,9,1304,37
2021-02-24,Kern,029,883053,93239,9676,102915,1203
2021-02-24,Kings,031,150075,22226,952,23178,233
2021-02-24,Lake,033,64148,3178,6,3184,55
2021-02-24,Lassen,035,31185,5118,93,5211,18
2021-02-24,Los Angeles,037,10098052,1172186,37885,1210071,22831
2021-02-24,Madera,039,155013,15582,810,16392,228
2021-02-24,Marin,041,260295,4732,99,4831,159
2021-02-24,Mariposa,043,17540,377,5,382,6
2021-02-24,Mendocino,045,87422,3626,72,3698,43
2021-02-24,Merced,047,269075,28356,905,29261,427
2021-02-24,Modoc,049,8938,337,113,450,4
2021-02-24,Mono,051,14174,1179,16,1195,3
2021-02-24,Monterey,053,433212,41908,1651,43559,553
2021-02-24,Napa,055,140530,9009,30,9039,72
2021-02-24,Nevada,057,99092,3994,158,4152,69
2021-02-24,Orange,059,3164182,247014,10096,257110,4889
2021-02-24,Placer,061,380077,20516,1092,21608,281
2021-02-24,Plumas,063,18699,641,10,651,5
2021-02-24,Riverside,065,2383286,285257,13233,298490,4341
2021-02-24,Sacramento,067,1510023,94308,1220,95528,1519
2021-02-24,San Benito,069,59416,5733,88,5821,56
2021-02-24,San Bernardino,071,2135413,285781,8462,294243,4952
2021-02-24,San Diego,073,3302833,263705,12826,276531,3507
2021-02-24,San Francisco,075,870044,34132,1047,35179,522
2021-02-24,San Joaquin,077,732212,66686,2701,69387,1312
2021-02-24,San Luis Obispo,079,281455,19683,545,20228,243
2021-02-24,San Mateo,081,765935,39437,404,39841,505
2021-02-24,Santa Barbara,083,443738,32190,1023,33213,424
2021-02-24,Santa Clara,085,1922200,110199,570,110769,1614
2021-02-24,Santa Cruz,087,273765,15395,764,16159,194
2021-02-24,Shasta,089,179085,10928,1206,12134,172
2021-02-24,Sierra,091,2930,51,12,63,0
2021-02-24,Siskiyou,093,43540,1490,222,1712,12
2021-02-24,Solano,095,438530,29808,351,30159,250
2021-02-24,Sonoma,097,501317,27949,202,28151,301
2021-02-24,Stanislaus,099,539301,50567,5270,55837,886
2021-02-24,Sutter,101,95872,8807,78,8885,114
2021-02-24,Tehama,103,63373,4597,482,5079,67
2021-02-24,Trinity,105,12862,467,75,542,4
2021-02-24,Tulare,107,460477,48193,7829,56022,820
2021-02-24,Tuolumne,109,53932,3840,36,3876,56
2021-02-24,Ventura,111,848112,77729,2740,80469,937
2021-02-24,Yolo,113,214977,12861,149,13010,210
2021-02-24,Yuba,115,75493,5483,84,5567,40
2021-02-23,Alameda,001,1643700,80613,1685,82298,1141
2021-02-23,Alpine,002,1148,78,0,78,0
2021-02-23,Amador,005,37829,3458,29,3487,42
2021-02-23,Butte,007,227075,11289,1617,12906,181
2021-02-23,Calaveras,009,45235,1892,11,1903,48
2021-02-23,Colusa,011,21464,1868,262,2130,14
2021-02-23,Contra Costa,013,1133247,62909,1052,63961,740
2021-02-23,Del Norte,015,27424,1003,4,1007,5
2021-02-23,El Dorado,017,186661,9126,604,9730,105
2021-02-23,Fresno,019,978130,96022,7577,103599,1584
2021-02-23,Glenn,021,27897,2247,488,2735,23
2021-02-23,Humboldt,023,135768,3139,22,3161,31
2021-02-23,Imperial,025,180216,27218,2421,29639,723
2021-02-23,Inyo,027,18085,1291,9,1300,37
2021-02-23,Kern,029,883053,93100,9648,102748,1198
2021-02-23,Kings,031,150075,22211,948,23159,230
2021-02-23,Lake,033,64148,3170,6,3176,55
2021-02-23,Lassen,035,31185,5115,93,5208,18
2021-02-23,Los Angeles,037,10098052,1171313,37833,1209146,22760
2021-02-23,Madera,039,155013,15568,804,16372,228
2021-02-23,Marin,041,260295,4712,98,4810,159
2021-02-23,Mariposa,043,17540,377,5,382,6
2021-02-23,Mendocino,045,87422,3624,71,3695,43
2021-02-23,Merced,047,269075,28276,898,29174,424
2021-02-23,Modoc,049,8938,336,112,448,4
2021-02-23,Mono,051,14174,1179,16,1195,3
2021-02-23,Monterey,053,433212,41869,1646,43515,553
2021-02-23,Napa,055,140530,8997,30,9027,70
2021-02-23,Nevada,057,99092,3986,158,4144,69
2021-02-23,Orange,059,3164182,246816,10078,256894,4869
2021-02-23,Placer,061,380077,20491,1088,21579,280
2021-02-23,Plumas,063,18699,640,10,650,5
2021-02-23,Riverside,065,2383286,285020,13219,298239,4333
2021-02-23,Sacramento,067,1510023,94151,1214,95365,1517
2021-02-23,San Benito,069,59416,5727,87,5814,56
2021-02-23,San Bernardino,071,2135413,285593,8457,294050,4939
2021-02-23,San Diego,073,3302833,263328,12796,276124,3499
2021-02-23,San Francisco,075,870044,34083,1046,35129,519
2021-02-23,San Joaquin,077,732212,66586,2694,69280,1309
2021-02-23,San Luis Obispo,079,281455,19654,544,20198,243
2021-02-23,San Mateo,081,765935,39376,404,39780,504
2021-02-23,Santa Barbara,083,443738,32135,1022,33157,423
2021-02-23,Santa Clara,085,1922200,110002,567,110569,1612
2021-02-23,Santa Cruz,087,273765,15366,762,16128,194
2021-02-23,Shasta,089,179085,10916,1202,12118,172
2021-02-23,Sierra,091,2930,51,12,63,0
2021-02-23,Siskiyou,093,43540,1485,220,1705,12
2021-02-23,Solano,095,438530,29768,348,30116,250
2021-02-23,Sonoma,097,501317,27906,199,28105,301
2021-02-23,Stanislaus,099,539301,50489,5254,55743,885
2021-02-23,Sutter,101,95872,8794,78,8872,114
2021-02-23,Tehama,103,63373,4591,481,5072,67
2021-02-23,Trinity,105,12862,467,74,541,4
2021-02-23,Tulare,107,460477,48115,7796,55911,820
2021-02-23,Tuolumne,109,53932,3836,36,3872,56
2021-02-23,Ventura,111,848112,77613,2731,80344,937
2021-02-23,Yolo,113,214977,12832,149,12981,210
2021-02-23,Yuba,115,75493,5470,83,5553,40
2021-02-22,Alameda,001,1643700,80462,1681,82143,1132
2021-02-22,Alpine,002,1148,78,0,78,0
2021-02-22,Amador,005,37829,3453,29,3482,42
2021-02-22,Butte,007,227075,11276,1612,12888,181
2021-02-22,Calaveras,009,45235,1890,11,1901,48
2021-02-22,Colusa,011,21464,1868,262,2130,14
2021-02-22,Contra Costa,013,1133247,62781,1051,63832,736
2021-02-22,Del Norte,015,27424,1002,4,1006,5
2021-02-22,El Dorado,017,186661,9109,604,9713,104
2021-02-22,Fresno,019,978130,95860,7560,103420,1578
2021-02-22,Glenn,021,27897,2242,486,2728,23
2021-02-22,Humboldt,023,135768,3127,22,3149,31
2021-02-22,Imperial,025,180216,27196,2414,29610,722
2021-02-22,Inyo,027,18085,1286,9,1295,37
2021-02-22,Kern,029,883053,92983,9626,102609,1194
2021-02-22,Kings,031,150075,22188,945,23133,228
2021-02-22,Lake,033,64148,3164,6,3170,55
2021-02-22,Lassen,035,31185,5115,92,5207,18
2021-02-22,Los Angeles,037,10098052,1170453,37777,1208230,22702
2021-02-22,Madera,039,155013,15543,800,16343,228
2021-02-22,Marin,041,260295,4687,95,4782,159
2021-02-22,Mariposa,043,17540,376,5,381,6
2021-02-22,Mendocino,045,87422,3618,71,3689,43
2021-02-22,Merced,047,269075,28213,895,29108,424
2021-02-22,Modoc,049,8938,336,112,448,4
2021-02-22,Mono,051,14174,1175,16,1191,3
2021-02-22,Monterey,053,433212,41824,1640,43464,552
2021-02-22,Napa,055,140530,8970,30,9000,70
2021-02-22,Nevada,057,99092,3977,156,4133,69
2021-02-22,Orange,059,3164182,246580,10060,256640,4858
2021-02-22,Placer,061,380077,20454,1080,21534,280
2021-02-22,Plumas,063,18699,640,10,650,5
2021-02-22,Riverside,065,2383286,284758,13211,297969,4325
2021-02-22,Sacramento,067,1510023,93984,1204,95188,1515
2021-02-22,San Benito,069,59416,5725,87,5812,56
2021-02-22,San Bernardino,071,2135413,285417,8444,293861,4927
2021-02-22,San Diego,073,3302833,262918,12763,275681,3481
2021-02-22,San Francisco,075,870044,34023,1041,35064,516
2021-02-22,San Joaquin,077,732212,66490,2681,69171,1307
2021-02-22,San Luis Obispo,079,281455,19617,542,20159,241
2021-02-22,San Mateo,081,765935,39319,401,39720,502
2021-02-22,Santa Barbara,083,443738,32069,1019,33088,423
2021-02-22,Santa Clara,085,1922200,109793,556,110349,1606
2021-02-22,Santa Cruz,087,273765,15340,762,16102,193
2021-02-22,Shasta,089,179085,10901,1197,12098,171
2021-02-22,Sierra,091,2930,51,12,63,0
2021-02-22,Siskiyou,093,43540,1479,219,1698,11
2021-02-22,Solano,095,438530,29729,347,30076,250
2021-02-22,Sonoma,097,501317,27861,198,28059,300
2021-02-22,Stanislaus,099,539301,50387,5236,55623,881
2021-02-22,Sutter,101,95872,8786,78,8864,114
2021-02-22,Tehama,103,63373,4588,480,5068,67
2021-02-22,Trinity,105,12862,467,73,540,4
2021-02-22,Tulare,107,460477,48053,7764,55817,817
2021-02-22,Tuolumne,109,53932,3832,36,3868,56
2021-02-22,Ventura,111,848112,77485,2726,80211,934
2021-02-22,Yolo,113,214977,12805,149,12954,210
2021-02-22,Yuba,115,75493,5467,82,5549,40
2021-02-21,Alameda,001,1643700,80268,1677,81945,1129
2021-02-21,Alpine,002,1148,78,0,78,0
2021-02-21,Amador,005,37829,3445,29,3474,42
2021-02-21,Butte,007,227075,11258,1610,12868,181
2021-02-21,Calaveras,009,45235,1889,11,1900,48
2021-02-21,Colusa,011,21464,1867,258,2125,14
2021-02-21,Contra Costa,013,1133247,62626,1048,63674,733
2021-02-21,Del Norte,015,27424,996,4,1000,5
2021-02-21,El Dorado,017,186661,9091,603,9694,104
2021-02-21,Fresno,019,978130,95717,7544,103261,1571
2021-02-21,Glenn,021,27897,2240,484,2724,23
2021-02-21,Humboldt,023,135768,3115,22,3137,31
2021-02-21,Imperial,025,180216,27182,2412,29594,720
2021-02-21,Inyo,027,18085,1280,9,1289,37
2021-02-21,Kern,029,883053,92858,9588,102446,1191
2021-02-21,Kings,031,150075,22152,943,23095,228
2021-02-21,Lake,033,64148,3156,6,3162,54
2021-02-21,Lassen,035,31185,5107,92,5199,18
2021-02-21,Los Angeles,037,10098052,1169411,37733,1207144,22625
2021-02-21,Madera,039,155013,15510,797,16307,228
2021-02-21,Marin,041,260295,4658,95,4753,159
2021-02-21,Mariposa,043,17540,376,5,381,6
2021-02-21,Mendocino,045,87422,3613,71,3684,43
2021-02-21,Merced,047,269075,28139,880,29019,420
2021-02-21,Modoc,049,8938,333,112,445,4
2021-02-21,Mono,051,14174,1175,16,1191,3
2021-02-21,Monterey,053,433212,41768,1633,43401,551
2021-02-21,Napa,055,140530,8956,30,8986,70
2021-02-21,Nevada,057,99092,3964,156,4120,69
2021-02-21,Orange,059,3164182,246284,10043,256327,4846
2021-02-21,Placer,061,380077,20418,1076,21494,280
2021-02-21,Plumas,063,18699,640,10,650,5
2021-02-21,Riverside,065,2383286,284525,13198,297723,4313
2021-02-21,Sacramento,067,1510023,93774,1194,94968,1511
2021-02-21,San Benito,069,59416,5715,84,5799,56
2021-02-21,San Bernardino,071,2135413,285193,8430,293623,4919
2021-02-21,San Diego,073,3302833,262484,12717,275201,3468
2021-02-21,San Francisco,075,870044,33959,1037,34996,511
2021-02-21,San Joaquin,077,732212,66351,2669,69020,1304
2021-02-21,San Luis Obispo,079,281455,19584,540,20124,240
2021-02-21,San Mateo,081,765935,39257,397,39654,501
2021-02-21,Santa Barbara,083,443738,32007,1016,33023,422
2021-02-21,Santa Clara,085,1922200,109569,548,110117,1602
2021-02-21,Santa Cruz,087,273765,15317,761,16078,191
2021-02-21,Shasta,089,179085,10887,1192,12079,167
2021-02-21,Sierra,091,2930,51,12,63,0
2021-02-21,Siskiyou,093,43540,1473,219,1692,11
2021-02-21,Solano,095,438530,29674,346,30020,249
2021-02-21,Sonoma,097,501317,27797,191,27988,298
2021-02-21,Stanislaus,099,539301,50274,5222,55496,881
2021-02-21,Sutter,101,95872,8769,77,8846,114
2021-02-21,Tehama,103,63373,4579,480,5059,67
2021-02-21,Trinity,105,12862,465,73,538,4
2021-02-21,Tulare,107,460477,47985,7729,55714,807
2021-02-21,Tuolumne,109,53932,3818,36,3854,55
2021-02-21,Ventura,111,848112,77336,2713,80049,927
2021-02-21,Yolo,113,214977,12774,148,12922,210
2021-02-21,Yuba,115,75493,5460,81,5541,40
2021-02-20,Alameda,001,1643700,80177,1672,81849,1125
2021-02-20,Alpine,002,1148,78,0,78,0
2021-02-20,Amador,005,37829,3443,29,3472,42
2021-02-20,Butte,007,227075,11250,1609,12859,181
2021-02-20,Calaveras,009,45235,1888,11,1899,48
2021-02-20,Colusa,011,21464,1866,258,2124,14
2021-02-20,Contra Costa,013,1133247,62542,1046,63588,732
2021-02-20,Del Norte,015,27424,992,4,996,5
2021-02-20,El Dorado,017,186661,9081,602,9683,104
2021-02-20,Fresno,019,978130,95634,7524,103158,1569
2021-02-20,Glenn,021,27897,2236,483,2719,23
2021-02-20,Humboldt,023,135768,3107,22,3129,31
2021-02-20,Imperial,025,180216,27172,2412,29584,720
2021-02-20,Inyo,027,18085,1276,9,1285,37
2021-02-20,Kern,029,883053,92787,9556,102343,1188
2021-02-20,Kings,031,150075,22134,942,23076,228
2021-02-20,Lake,033,64148,3149,6,3155,54
2021-02-20,Lassen,035,31185,5105,92,5197,18
2021-02-20,Los Angeles,037,10098052,1168841,37693,1206534,22545
2021-02-20,Madera,039,155013,15490,796,16286,228
2021-02-20,Marin,041,260295,4637,93,4730,159
2021-02-20,Mariposa,043,17540,376,5,381,6
2021-02-20,Mendocino,045,87422,3611,71,3682,42
2021-02-20,Merced,047,269075,28096,877,28973,420
2021-02-20,Modoc,049,8938,333,112,445,4
2021-02-20,Mono,051,14174,1174,16,1190,3
2021-02-20,Monterey,053,433212,41746,1631,43377,549
2021-02-20,Napa,055,140530,8947,30,8977,70
2021-02-20,Nevada,057,99092,3954,155,4109,69
2021-02-20,Orange,059,3164182,246114,10028,256142,4829
2021-02-20,Placer,061,380077,20377,1072,21449,278
2021-02-20,Plumas,063,18699,640,10,650,5
2021-02-20,Riverside,065,2383286,284371,13189,297560,4296
2021-02-20,Sacramento,067,1510023,93651,1192,94843,1505
2021-02-20,San Benito,069,59416,5704,84,5788,55
2021-02-20,San Bernardino,071,2135413,285091,8425,293516,4906
2021-02-20,San Diego,073,3302833,262242,12688,274930,3452
2021-02-20,San Francisco,075,870044,33917,1029,34946,511
2021-02-20,San Joaquin,077,732212,66281,2664,68945,1304
2021-02-20,San Luis Obispo,079,281455,19560,539,20099,239
2021-02-20,San Mateo,081,765935,39213,396,39609,501
2021-02-20,Santa Barbara,083,443738,31973,1015,32988,419
2021-02-20,Santa Clara,085,1922200,109391,545,109936,1597
2021-02-20,Santa Cruz,087,273765,15306,759,16065,191
2021-02-20,Shasta,089,179085,10873,1187,12060,167
2021-02-20,Sierra,091,2930,51,12,63,0
2021-02-20,Siskiyou,093,43540,1470,219,1689,11
2021-02-20,Solano,095,438530,29660,344,30004,248
2021-02-20,Sonoma,097,501317,27768,189,27957,297
2021-02-20,Stanislaus,099,539301,50223,5208,55431,878
2021-02-20,Sutter,101,95872,8763,77,8840,114
2021-02-20,Tehama,103,63373,4574,480,5054,67
2021-02-20,Trinity,105,12862,464,72,536,4
2021-02-20,Tulare,107,460477,47949,7707,55656,804
2021-02-20,Tuolumne,109,53932,3813,36,3849,55
2021-02-20,Ventura,111,848112,77241,2710,79951,919
2021-02-20,Yolo,113,214977,12760,148,12908,210
2021-02-20,Yuba,115,75493,5457,81,5538,40
2021-02-19,Alameda,001,1643700,80077,1668,81745,1121
2021-02-19,Alpine,002,1148,78,0,78,0
2021-02-19,Amador,005,37829,3439,29,3468,42
2021-02-19,Butte,007,227075,11236,1602,12838,181
2021-02-19,Calaveras,009,45235,1888,11,1899,48
2021-02-19,Colusa,011,21464,1866,258,2124,14
2021-02-19,Contra Costa,013,1133247,62430,1043,63473,732
2021-02-19,Del Norte,015,27424,987,4,991,5
2021-02-19,El Dorado,017,186661,9072,601,9673,104
2021-02-19,Fresno,019,978130,95504,7508,103012,1561
2021-02-19,Glenn,021,27897,2231,482,2713,23
2021-02-19,Humboldt,023,135768,3095,22,3117,30
2021-02-19,Imperial,025,180216,27166,2409,29575,720
2021-02-19,Inyo,027,18085,1271,9,1280,37
2021-02-19,Kern,029,883053,92718,9516,102234,1183
2021-02-19,Kings,031,150075,22120,940,23060,227
2021-02-19,Lake,033,64148,3143,6,3149,54
2021-02-19,Lassen,035,31185,5104,92,5196,18
2021-02-19,Los Angeles,037,10098052,1168090,37653,1205743,22475
2021-02-19,Madera,039,155013,15473,794,16267,227
2021-02-19,Marin,041,260295,4619,92,4711,159
2021-02-19,Mariposa,043,17540,376,5,381,6
2021-02-19,Mendocino,045,87422,3609,71,3680,42
2021-02-19,Merced,047,269075,28066,874,28940,417
2021-02-19,Modoc,049,8938,333,112,445,4
2021-02-19,Mono,051,14174,1174,16,1190,3
2021-02-19,Monterey,053,433212,41719,1627,43346,548
2021-02-19,Napa,055,140530,8934,30,8964,70
2021-02-19,Nevada,057,99092,3948,155,4103,69
2021-02-19,Orange,059,3164182,245938,10016,255954,4814
2021-02-19,Placer,061,380077,20355,1072,21427,276
2021-02-19,Plumas,063,18699,638,10,648,5
2021-02-19,Riverside,065,2383286,284202,13172,297374,4279
2021-02-19,Sacramento,067,1510023,93531,1188,94719,1501
2021-02-19,San Benito,069,59416,5699,84,5783,55
2021-02-19,San Bernardino,071,2135413,284955,8420,293375,4898
2021-02-19,San Diego,073,3302833,261951,12665,274616,3434
2021-02-19,San Francisco,075,870044,33869,1023,34892,509
2021-02-19,San Joaquin,077,732212,66205,2656,68861,1297
2021-02-19,San Luis Obispo,079,281455,19529,537,20066,239
2021-02-19,San Mateo,081,765935,39155,394,39549,498
2021-02-19,Santa Barbara,083,443738,31909,1014,32923,419
2021-02-19,Santa Clara,085,1922200,109179,543,109722,1589
2021-02-19,Santa Cruz,087,273765,15291,759,16050,191
2021-02-19,Shasta,089,179085,10862,1184,12046,167
2021-02-19,Sierra,091,2930,51,12,63,0
2021-02-19,Siskiyou,093,43540,1466,217,1683,11
2021-02-19,Solano,095,438530,29635,343,29978,245
2021-02-19,Sonoma,097,501317,27721,187,27908,297
2021-02-19,Stanislaus,099,539301,50161,5192,55353,874
2021-02-19,Sutter,101,95872,8753,77,8830,113
2021-02-19,Tehama,103,63373,4572,480,5052,67
2021-02-19,Trinity,105,12862,462,70,532,4
2021-02-19,Tulare,107,460477,47904,7682,55586,803
2021-02-19,Tuolumne,109,53932,3806,36,3842,55
2021-02-19,Ventura,111,848112,77162,2707,79869,911
2021-02-19,Yolo,113,214977,12744,148,12892,210
2021-02-19,Yuba,115,75493,5447,81,5528,39
2021-02-18,Alameda,001,1643700,79943,1661,81604,1118
2021-02-18,Alpine,002,1148,78,0,78,0
2021-02-18,Amador,005,37829,3435,28,3463,42
2021-02-18,Butte,007,227075,11219,1600,12819,180
2021-02-18,Calaveras,009,45235,1883,11,1894,48
2021-02-18,Colusa,011,21464,1864,256,2120,14
2021-02-18,Contra Costa,013,1133247,62316,1041,63357,731
2021-02-18,Del Norte,015,27424,982,4,986,5
2021-02-18,El Dorado,017,186661,9057,600,9657,104
2021-02-18,Fresno,019,978130,95334,7483,102817,1548
2021-02-18,Glenn,021,27897,2225,482,2707,23
2021-02-18,Humboldt,023,135768,3083,22,3105,30
2021-02-18,Imperial,025,180216,27140,2402,29542,719
2021-02-18,Inyo,027,18085,1267,8,1275,37
2021-02-18,Kern,029,883053,92565,9486,102051,1181
2021-02-18,Kings,031,150075,22096,939,23035,225
2021-02-18,Lake,033,64148,3138,6,3144,54
2021-02-18,Lassen,035,31185,5095,92,5187,18
2021-02-18,Los Angeles,037,10098052,1167139,37590,1204729,22376
2021-02-18,Madera,039,155013,15451,789,16240,223
2021-02-18,Marin,041,260295,4606,91,4697,158
2021-02-18,Mariposa,043,17540,375,5,380,6
2021-02-18,Mendocino,045,87422,3606,70,3676,42
2021-02-18,Merced,047,269075,28017,868,28885,415
2021-02-18,Modoc,049,8938,331,111,442,4
2021-02-18,Mono,051,14174,1174,16,1190,3
2021-02-18,Monterey,053,433212,41661,1618,43279,544
2021-02-18,Napa,055,140530,8917,30,8947,70
2021-02-18,Nevada,057,99092,3939,154,4093,69
2021-02-18,Orange,059,3164182,245715,9999,255714,4797
2021-02-18,Placer,061,380077,20328,1071,21399,276
2021-02-18,Plumas,063,18699,638,10,648,5
2021-02-18,Riverside,065,2383286,283914,13151,297065,4263
2021-02-18,Sacramento,067,1510023,93369,1182,94551,1495
2021-02-18,San Benito,069,59416,5696,83,5779,54
2021-02-18,San Bernardino,071,2135413,284746,8406,293152,4881
2021-02-18,San Diego,073,3302833,261596,12642,274238,3420
2021-02-18,San Francisco,075,870044,33811,1020,34831,508
2021-02-18,San Joaquin,077,732212,66122,2646,68768,1286
2021-02-18,San Luis Obispo,079,281455,19487,534,20021,239
2021-02-18,San Mateo,081,765935,39093,390,39483,497
2021-02-18,Santa Barbara,083,443738,31831,1007,32838,417
2021-02-18,Santa Clara,085,1922200,108954,540,109494,1584
2021-02-18,Santa Cruz,087,273765,15265,759,16024,191
2021-02-18,Shasta,089,179085,10844,1181,12025,165
2021-02-18,Sierra,091,2930,50,12,62,0
2021-02-18,Siskiyou,093,43540,1461,216,1677,11
2021-02-18,Solano,095,438530,29609,342,29951,245
2021-02-18,Sonoma,097,501317,27654,186,27840,297
2021-02-18,Stanislaus,099,539301,50061,5175,55236,872
2021-02-18,Sutter,101,95872,8745,77,8822,110
2021-02-18,Tehama,103,63373,4569,480,5049,65
2021-02-18,Trinity,105,12862,461,70,531,4
2021-02-18,Tulare,107,460477,47841,7643,55484,802
2021-02-18,Tuolumne,109,53932,3769,36,3805,55
2021-02-18,Ventura,111,848112,77030,2699,79729,900
2021-02-18,Yolo,113,214977,12718,148,12866,210
2021-02-18,Yuba,115,75493,5430,81,5511,39
2021-02-17,Alameda,001,1643700,79781,1659,81440,1115
2021-02-17,Alpine,002,1148,78,0,78,0
2021-02-17,Amador,005,37829,3431,28,3459,42
2021-02-17,Butte,007,227075,11201,1596,12797,180
2021-02-17,Calaveras,009,45235,1883,11,1894,48
2021-02-17,Colusa,011,21464,1861,256,2117,14
2021-02-17,Contra Costa,013,1133247,62178,1038,63216,729
2021-02-17,Del Norte,015,27424,975,4,979,5
2021-02-17,El Dorado,017,186661,9046,600,9646,104
2021-02-17,Fresno,019,978130,95195,7456,102651,1543
2021-02-17,Glenn,021,27897,2224,481,2705,23
2021-02-17,Humboldt,023,135768,3068,22,3090,30
2021-02-17,Imperial,025,180216,27126,2398,29524,717
2021-02-17,Inyo,027,18085,1259,8,1267,37
2021-02-17,Kern,029,883053,92447,9442,101889,1173
2021-02-17,Kings,031,150075,22058,935,22993,224
2021-02-17,Lake,033,64148,3128,2,3130,54
2021-02-17,Lassen,035,31185,5090,91,5181,18
2021-02-17,Los Angeles,037,10098052,1166084,37529,1203613,22275
2021-02-17,Madera,039,155013,15426,780,16206,220
2021-02-17,Marin,041,260295,4581,91,4672,158
2021-02-17,Mariposa,043,17540,375,4,379,6
2021-02-17,Mendocino,045,87422,3604,69,3673,41
2021-02-17,Merced,047,269075,27962,859,28821,414
2021-02-17,Modoc,049,8938,331,111,442,4
2021-02-17,Mono,051,14174,1174,16,1190,3
2021-02-17,Monterey,053,433212,41606,1607,43213,542
2021-02-17,Napa,055,140530,8903,30,8933,70
2021-02-17,Nevada,057,99092,3920,151,4071,69
2021-02-17,Orange,059,3164182,245454,9966,255420,4776
2021-02-17,Placer,061,380077,20294,1067,21361,276
2021-02-17,Plumas,063,18699,637,10,647,5
2021-02-17,Riverside,065,2383286,283626,13130,296756,4249
2021-02-17,Sacramento,067,1510023,93210,1175,94385,1490
2021-02-17,San Benito,069,59416,5690,83,5773,54
2021-02-17,San Bernardino,071,2135413,284543,8386,292929,4870
2021-02-17,San Diego,073,3302833,261218,12621,273839,3410
2021-02-17,San Francisco,075,870044,33735,1015,34750,503
2021-02-17,San Joaquin,077,732212,66016,2640,68656,1281
2021-02-17,San Luis Obispo,079,281455,19442,534,19976,239
2021-02-17,San Mateo,081,765935,39029,390,39419,495
2021-02-17,Santa Barbara,083,443738,31763,1006,32769,414
2021-02-17,Santa Clara,085,1922200,108722,538,109260,1579
2021-02-17,Santa Cruz,087,273765,15232,756,15988,190
2021-02-17,Shasta,089,179085,10824,1180,12004,165
2021-02-17,Sierra,091,2930,50,12,62,0
2021-02-17,Siskiyou,093,43540,1455,213,1668,11
2021-02-17,Solano,095,438530,29552,342,29894,245
2021-02-17,Sonoma,097,501317,27582,181,27763,297
2021-02-17,Stanislaus,099,539301,49948,5159,55107,866
2021-02-17,Sutter,101,95872,8735,77,8812,110
2021-02-17,Tehama,103,63373,4566,480,5046,63
2021-02-17,Trinity,105,12862,461,68,529,4
2021-02-17,Tulare,107,460477,47775,7618,55393,799
2021-02-17,Tuolumne,109,53932,3760,36,3796,55
2021-02-17,Ventura,111,848112,76908,2693,79601,894
2021-02-17,Yolo,113,214977,12699,146,12845,210
2021-02-17,Yuba,115,75493,5421,81,5502,39
2021-02-16,Alameda,001,1643700,79612,1656,81268,1109
2021-02-16,Alpine,002,1148,78,0,78,0
2021-02-16,Amador,005,37829,3424,28,3452,41
2021-02-16,Butte,007,227075,11177,1593,12770,180
2021-02-16,Calaveras,009,45235,1881,11,1892,47
2021-02-16,Colusa,011,21464,1858,254,2112,14
2021-02-16,Contra Costa,013,1133247,62027,1033,63060,728
2021-02-16,Del Norte,015,27424,967,4,971,4
2021-02-16,El Dorado,017,186661,9036,598,9634,104
2021-02-16,Fresno,019,978130,95029,7426,102455,1532
2021-02-16,Glenn,021,27897,2220,477,2697,23
2021-02-16,Humboldt,023,135768,3045,21,3066,30
2021-02-16,Imperial,025,180216,27113,2394,29507,715
2021-02-16,Inyo,027,18085,1251,8,1259,37
2021-02-16,Kern,029,883053,92315,9412,101727,1168
2021-02-16,Kings,031,150075,22012,931,22943,222
2021-02-16,Lake,033,64148,3121,2,3123,54
2021-02-16,Lassen,035,31185,5078,91,5169,18
2021-02-16,Los Angeles,037,10098052,1164830,37469,1202299,22183
2021-02-16,Madera,039,155013,15388,775,16163,219
2021-02-16,Marin,041,260295,4553,91,4644,158
2021-02-16,Mariposa,043,17540,375,4,379,6
2021-02-16,Mendocino,045,87422,3600,69,3669,41
2021-02-16,Merced,047,269075,27881,853,28734,413
2021-02-16,Modoc,049,8938,331,111,442,4
2021-02-16,Mono,051,14174,1174,16,1190,3
2021-02-16,Monterey,053,433212,41530,1598,43128,537
2021-02-16,Napa,055,140530,8890,30,8920,70
2021-02-16,Nevada,057,99092,3907,150,4057,69
2021-02-16,Orange,059,3164182,245133,9950,255083,4760
2021-02-16,Placer,061,380077,20261,1064,21325,276
2021-02-16,Plumas,063,18699,637,10,647,5
2021-02-16,Riverside,065,2383286,283319,13108,296427,4230
2021-02-16,Sacramento,067,1510023,92956,1169,94125,1487
2021-02-16,San Benito,069,59416,5682,82,5764,54
2021-02-16,San Bernardino,071,2135413,284320,8377,292697,4852
2021-02-16,San Diego,073,3302833,260753,12582,273335,3393
2021-02-16,San Francisco,075,870044,33663,1010,34673,503
2021-02-16,San Joaquin,077,732212,65886,2637,68523,1273
2021-02-16,San Luis Obispo,079,281455,19397,531,19928,239
2021-02-16,San Mateo,081,765935,38970,388,39358,493
2021-02-16,Santa Barbara,083,443738,31689,1003,32692,412
2021-02-16,Santa Clara,085,1922200,108470,535,109005,1570
2021-02-16,Santa Cruz,087,273765,15212,755,15967,189
2021-02-16,Shasta,089,179085,10809,1178,11987,165
2021-02-16,Sierra,091,2930,50,12,62,0
2021-02-16,Siskiyou,093,43540,1451,213,1664,11
2021-02-16,Solano,095,438530,29514,341,29855,244
2021-02-16,Sonoma,097,501317,27523,175,27698,296
2021-02-16,Stanislaus,099,539301,49824,5145,54969,865
2021-02-16,Sutter,101,95872,8712,77,8789,109
2021-02-16,Tehama,103,63373,4557,478,5035,63
2021-02-16,Trinity,105,12862,457,68,525,4
2021-02-16,Tulare,107,460477,47711,7575,55286,797
2021-02-16,Tuolumne,109,53932,3758,36,3794,54
2021-02-16,Ventura,111,848112,76766,2690,79456,889
2021-02-16,Yolo,113,214977,12670,146,12816,209
2021-02-16,Yuba,115,75493,5414,80,5494,39
2021-02-15,Alameda,001,1643700,79415,1645,81060,1105
2021-02-15,Alpine,002,1148,78,0,78,0
2021-02-15,Amador,005,37829,3420,28,3448,41
2021-02-15,Butte,007,227075,11159,1589,12748,180
2021-02-15,Calaveras,009,45235,1877,11,1888,46
2021-02-15,Colusa,011,21464,1858,250,2108,14
2021-02-15,Contra Costa,013,1133247,61856,1028,62884,724
2021-02-15,Del Norte,015,27424,963,4,967,4
2021-02-15,El Dorado,017,186661,9019,598,9617,104
2021-02-15,Fresno,019,978130,94831,7387,102218,1526
2021-02-15,Glenn,021,27897,2218,476,2694,23
2021-02-15,Humboldt,023,135768,3038,21,3059,30
2021-02-15,Imperial,025,180216,27093,2391,29484,713
2021-02-15,Inyo,027,18085,1232,8,1240,37
2021-02-15,Kern,029,883053,92170,9381,101551,1161
2021-02-15,Kings,031,150075,21967,926,22893,221
2021-02-15,Lake,033,64148,3107,1,3108,54
2021-02-15,Lassen,035,31185,5076,90,5166,18
2021-02-15,Los Angeles,037,10098052,1163443,37409,1200852,22080
2021-02-15,Madera,039,155013,15357,773,16130,217
2021-02-15,Marin,041,260295,4532,88,4620,158
2021-02-15,Mariposa,043,17540,373,4,377,6
2021-02-15,Mendocino,045,87422,3588,69,3657,40
2021-02-15,Merced,047,269075,27807,846,28653,412
2021-02-15,Modoc,049,8938,331,111,442,4
2021-02-15,Mono,051,14174,1171,16,1187,3
2021-02-15,Monterey,053,433212,41466,1586,43052,535
2021-02-15,Napa,055,140530,8876,30,8906,69
2021-02-15,Nevada,057,99092,3890,149,4039,69
2021-02-15,Orange,059,3164182,244814,9921,254735,4747
2021-02-15,Placer,061,380077,20235,1063,21298,275
2021-02-15,Plumas,063,18699,637,10,647,5
2021-02-15,Riverside,065,2383286,282966,13089,296055,4214
2021-02-15,Sacramento,067,1510023,92629,1164,93793,1479
2021-02-15,San Benito,069,59416,5676,82,5758,54
2021-02-15,San Bernardino,071,2135413,284069,8369,292438,4835
2021-02-15,San Diego,073,3302833,260240,12551,272791,3373
2021-02-15,San Francisco,075,870044,33590,1004,34594,498
2021-02-15,San Joaquin,077,732212,65721,2630,68351,1267
2021-02-15,San Luis Obispo,079,281455,19344,529,19873,239
2021-02-15,San Mateo,081,765935,38891,385,39276,493
2021-02-15,Santa Barbara,083,443738,31586,1000,32586,409
2021-02-15,Santa Clara,085,1922200,108240,533,108773,1566
2021-02-15,Santa Cruz,087,273765,15180,752,15932,189
2021-02-15,Shasta,089,179085,10789,1173,11962,165
2021-02-15,Sierra,091,2930,50,12,62,0
2021-02-15,Siskiyou,093,43540,1443,212,1655,11
2021-02-15,Solano,095,438530,29459,341,29800,243
2021-02-15,Sonoma,097,501317,27439,171,27610,295
2021-02-15,Stanislaus,099,539301,49697,5132,54829,864
2021-02-15,Sutter,101,95872,8697,77,8774,109
2021-02-15,Tehama,103,63373,4548,477,5025,63
2021-02-15,Trinity,105,12862,456,68,524,4
2021-02-15,Tulare,107,460477,47640,7536,55176,795
2021-02-15,Tuolumne,109,53932,3748,36,3784,54
2021-02-15,Ventura,111,848112,76611,2687,79298,880
2021-02-15,Yolo,113,214977,12634,145,12779,208
2021-02-15,Yuba,115,75493,5397,79,5476,39
2021-02-14,Alameda,001,1643700,79263,1644,80907,1102
2021-02-14,Alpine,002,1148,78,0,78,0
2021-02-14,Amador,005,37829,3415,28,3443,41
2021-02-14,Butte,007,227075,11135,1586,12721,180
2021-02-14,Calaveras,009,45235,1873,11,1884,46
2021-02-14,Colusa,011,21464,1854,247,2101,14
2021-02-14,Contra Costa,013,1133247,61705,1025,62730,720
2021-02-14,Del Norte,015,27424,959,4,963,4
2021-02-14,El Dorado,017,186661,8987,597,9584,104
2021-02-14,Fresno,019,978130,94660,7364,102024,1516
2021-02-14,Glenn,021,27897,2215,476,2691,23
2021-02-14,Humboldt,023,135768,3025,21,3046,30
2021-02-14,Imperial,025,180216,27086,2390,29476,712
2021-02-14,Inyo,027,18085,1226,8,1234,37
2021-02-14,Kern,029,883053,92010,9328,101338,1158
2021-02-14,Kings,031,150075,21941,924,22865,220
2021-02-14,Lake,033,64148,3096,1,3097,52
2021-02-14,Lassen,035,31185,5072,90,5162,18
2021-02-14,Los Angeles,037,10098052,1162097,37329,1199426,21989
2021-02-14,Madera,039,155013,15325,769,16094,216
2021-02-14,Marin,041,260295,4508,88,4596,158
2021-02-14,Mariposa,043,17540,373,4,377,6
2021-02-14,Mendocino,045,87422,3582,69,3651,40
2021-02-14,Merced,047,269075,27725,841,28566,412
2021-02-14,Modoc,049,8938,331,111,442,4
2021-02-14,Mono,051,14174,1170,16,1186,3
2021-02-14,Monterey,053,433212,41415,1581,42996,532
2021-02-14,Napa,055,140530,8856,30,8886,69
2021-02-14,Nevada,057,99092,3874,149,4023,69
2021-02-14,Orange,059,3164182,244505,9903,254408,4725
2021-02-14,Placer,061,380077,20196,1058,21254,273
2021-02-14,Plumas,063,18699,636,10,646,5
2021-02-14,Riverside,065,2383286,282635,13070,295705,4199
2021-02-14,Sacramento,067,1510023,92422,1160,93582,1475
2021-02-14,San Benito,069,59416,5667,81,5748,53
2021-02-14,San Bernardino,071,2135413,283763,8349,292112,4818
2021-02-14,San Diego,073,3302833,259748,12504,272252,3349
2021-02-14,San Francisco,075,870044,33516,996,34512,492
2021-02-14,San Joaquin,077,732212,65623,2616,68239,1262
2021-02-14,San Luis Obispo,079,281455,19306,526,19832,238
2021-02-14,San Mateo,081,765935,38806,385,39191,493
2021-02-14,Santa Barbara,083,443738,31494,996,32490,408
2021-02-14,Santa Clara,085,1922200,108041,529,108570,1558
2021-02-14,Santa Cruz,087,273765,15152,747,15899,184
2021-02-14,Shasta,089,179085,10757,1169,11926,165
2021-02-14,Sierra,091,2930,50,12,62,0
2021-02-14,Siskiyou,093,43540,1439,212,1651,11
2021-02-14,Solano,095,438530,29417,338,29755,243
2021-02-14,Sonoma,097,501317,27364,169,27533,295
2021-02-14,Stanislaus,099,539301,49587,5117,54704,861
2021-02-14,Sutter,101,95872,8674,77,8751,108
2021-02-14,Tehama,103,63373,4542,474,5016,63
2021-02-14,Trinity,105,12862,456,68,524,4
2021-02-14,Tulare,107,460477,47555,7486,55041,791
2021-02-14,Tuolumne,109,53932,3747,36,3783,54
2021-02-14,Ventura,111,848112,76442,2676,79118,874
2021-02-14,Yolo,113,214977,12605,144,12749,208
2021-02-14,Yuba,115,75493,5387,79,5466,39
2021-02-13,Alameda,001,1643700,79141,1641,80782,1096
2021-02-13,Alpine,002,1148,78,0,78,0
2021-02-13,Amador,005,37829,3412,28,3440,41
2021-02-13,Butte,007,227075,11119,1584,12703,179
2021-02-13,Calaveras,009,45235,1870,11,1881,46
2021-02-13,Colusa,011,21464,1854,247,2101,14
2021-02-13,Contra Costa,013,1133247,61584,1025,62609,716
2021-02-13,Del Norte,015,27424,957,4,961,4
2021-02-13,El Dorado,017,186661,8975,596,9571,103
2021-02-13,Fresno,019,978130,94546,7342,101888,1509
2021-02-13,Glenn,021,27897,2214,474,2688,23
2021-02-13,Humboldt,023,135768,3012,20,3032,30
2021-02-13,Imperial,025,180216,27079,2388,29467,712
2021-02-13,Inyo,027,18085,1222,8,1230,36
2021-02-13,Kern,029,883053,91921,9302,101223,1154
2021-02-13,Kings,031,150075,21926,922,22848,218
2021-02-13,Lake,033,64148,3087,1,3088,51
2021-02-13,Lassen,035,31185,5069,90,5159,18
2021-02-13,Los Angeles,037,10098052,1161238,37284,1198522,21896
2021-02-13,Madera,039,155013,15316,765,16081,216
2021-02-13,Marin,041,260295,4484,88,4572,157
2021-02-13,Mariposa,043,17540,373,4,377,5
2021-02-13,Mendocino,045,87422,3572,69,3641,40
2021-02-13,Merced,047,269075,27681,838,28519,411
2021-02-13,Modoc,049,8938,331,111,442,4
2021-02-13,Mono,051,14174,1170,16,1186,3
2021-02-13,Monterey,053,433212,41383,1580,42963,528
2021-02-13,Napa,055,140530,8847,30,8877,69
2021-02-13,Nevada,057,99092,3865,148,4013,69
2021-02-13,Orange,059,3164182,244299,9884,254183,4702
2021-02-13,Placer,061,380077,20176,1058,21234,272
2021-02-13,Plumas,063,18699,636,10,646,5
2021-02-13,Riverside,065,2383286,282406,13061,295467,4181
2021-02-13,Sacramento,067,1510023,92255,1157,93412,1469
2021-02-13,San Benito,069,59416,5650,81,5731,53
2021-02-13,San Bernardino,071,2135413,283611,8336,291947,4794
2021-02-13,San Diego,073,3302833,259416,12492,271908,3332
2021-02-13,San Francisco,075,870044,33466,986,34452,491
2021-02-13,San Joaquin,077,732212,65554,2606,68160,1257
2021-02-13,San Luis Obispo,079,281455,19278,520,19798,236
2021-02-13,San Mateo,081,765935,38753,385,39138,492
2021-02-13,Santa Barbara,083,443738,31442,995,32437,405
2021-02-13,Santa Clara,085,1922200,107852,526,108378,1553
2021-02-13,Santa Cruz,087,273765,15125,746,15871,184
2021-02-13,Shasta,089,179085,10744,1164,11908,165
2021-02-13,Sierra,091,2930,50,12,62,0
2021-02-13,Siskiyou,093,43540,1436,212,1648,11
2021-02-13,Solano,095,438530,29382,338,29720,242
2021-02-13,Sonoma,097,501317,27316,167,27483,294
2021-02-13,Stanislaus,099,539301,49516,5111,54627,859
2021-02-13,Sutter,101,95872,8662,77,8739,108
2021-02-13,Tehama,103,63373,4532,473,5005,63
2021-02-13,Trinity,105,12862,455,67,522,4
2021-02-13,Tulare,107,460477,47504,7455,54959,789
2021-02-13,Tuolumne,109,53932,3746,36,3782,54
2021-02-13,Ventura,111,848112,76302,2670,78972,870
2021-02-13,Yolo,113,214977,12592,143,12735,208
2021-02-13,Yuba,115,75493,5379,79,5458,39
2021-02-12,Alameda,001,1643700,78992,1635,80627,1083
2021-02-12,Alpine,002,1148,78,0,78,0
2021-02-12,Amador,005,37829,3408,28,3436,40
2021-02-12,Butte,007,227075,11106,1577,12683,178
2021-02-12,Calaveras,009,45235,1867,11,1878,46
2021-02-12,Colusa,011,21464,1854,247,2101,14
2021-02-12,Contra Costa,013,1133247,61434,1021,62455,715
2021-02-12,Del Norte,015,27424,947,4,951,4
2021-02-12,El Dorado,017,186661,8960,593,9553,103
2021-02-12,Fresno,019,978130,94392,7322,101714,1500
2021-02-12,Glenn,021,27897,2211,474,2685,23
2021-02-12,Humboldt,023,135768,3004,20,3024,30
2021-02-12,Imperial,025,180216,27072,2385,29457,711
2021-02-12,Inyo,027,18085,1216,8,1224,36
2021-02-12,Kern,029,883053,91807,9270,101077,1150
2021-02-12,Kings,031,150075,21894,917,22811,218
2021-02-12,Lake,033,64148,3082,1,3083,51
2021-02-12,Lassen,035,31185,5067,90,5157,18
2021-02-12,Los Angeles,037,10098052,1160025,37218,1197243,21807
2021-02-12,Madera,039,155013,15289,762,16051,216
2021-02-12,Marin,041,260295,4458,88,4546,157
2021-02-12,Mariposa,043,17540,372,4,376,5
2021-02-12,Mendocino,045,87422,3570,69,3639,40
2021-02-12,Merced,047,269075,27630,835,28465,407
2021-02-12,Modoc,049,8938,331,111,442,4
2021-02-12,Mono,051,14174,1169,16,1185,3
2021-02-12,Monterey,053,433212,41335,1571,42906,527
2021-02-12,Napa,055,140530,8835,30,8865,68
2021-02-12,Nevada,057,99092,3860,148,4008,69
2021-02-12,Orange,059,3164182,244060,9869,253929,4678
2021-02-12,Placer,061,380077,20134,1053,21187,271
2021-02-12,Plumas,063,18699,635,10,645,5
2021-02-12,Riverside,065,2383286,282128,13046,295174,4166
2021-02-12,Sacramento,067,1510023,92053,1156,93209,1463
2021-02-12,San Benito,069,59416,5634,80,5714,53
2021-02-12,San Bernardino,071,2135413,283421,8325,291746,4775
2021-02-12,San Diego,073,3302833,259027,12466,271493,3311
2021-02-12,San Francisco,075,870044,33406,982,34388,487
2021-02-12,San Joaquin,077,732212,65458,2598,68056,1252
2021-02-12,San Luis Obispo,079,281455,19237,519,19756,234
2021-02-12,San Mateo,081,765935,38681,385,39066,489
2021-02-12,Santa Barbara,083,443738,31371,990,32361,403
2021-02-12,Santa Clara,085,1922200,107680,523,108203,1548
2021-02-12,Santa Cruz,087,273765,15105,746,15851,180
2021-02-12,Shasta,089,179085,10726,1154,11880,165
2021-02-12,Sierra,091,2930,49,12,61,0
2021-02-12,Siskiyou,093,43540,1432,209,1641,11
2021-02-12,Solano,095,438530,29350,335,29685,242
2021-02-12,Sonoma,097,501317,27261,163,27424,294
2021-02-12,Stanislaus,099,539301,49428,5089,54517,856
2021-02-12,Sutter,101,95872,8649,77,8726,108
2021-02-12,Tehama,103,63373,4525,472,4997,63
2021-02-12,Trinity,105,12862,455,67,522,4
2021-02-12,Tulare,107,460477,47426,7429,54855,785
2021-02-12,Tuolumne,109,53932,3743,35,3778,53
2021-02-12,Ventura,111,848112,76132,2664,78796,864
2021-02-12,Yolo,113,214977,12571,143,12714,208
2021-02-12,Yuba,115,75493,5371,79,5450,39
2021-02-11,Alameda,001,1643700,78766,1630,80396,1076
2021-02-11,Alpine,002,1148,77,0,77,0
2021-02-11,Amador,005,37829,3404,28,3432,40
2021-02-11,Butte,007,227075,11083,1576,12659,177
2021-02-11,Calaveras,009,45235,1864,11,1875,46
2021-02-11,Colusa,011,21464,1849,245,2094,14
2021-02-11,Contra Costa,013,1133247,61266,1017,62283,711
2021-02-11,Del Norte,015,27424,942,4,946,4
2021-02-11,El Dorado,017,186661,8939,593,9532,102
2021-02-11,Fresno,019,978130,94239,7299,101538,1497
2021-02-11,Glenn,021,27897,2206,473,2679,23
2021-02-11,Humboldt,023,135768,2991,19,3010,30
2021-02-11,Imperial,025,180216,27048,2383,29431,709
2021-02-11,Inyo,027,18085,1207,8,1215,35
2021-02-11,Kern,029,883053,91616,9227,100843,1147
2021-02-11,Kings,031,150075,21864,914,22778,216
2021-02-11,Lake,033,64148,3072,1,3073,51
2021-02-11,Lassen,035,31185,5056,87,5143,18
2021-02-11,Los Angeles,037,10098052,1158397,37147,1195544,21696
2021-02-11,Madera,039,155013,15268,760,16028,213
2021-02-11,Marin,041,260295,4421,88,4509,157
2021-02-11,Mariposa,043,17540,372,4,376,5
2021-02-11,Mendocino,045,87422,3563,69,3632,40
2021-02-11,Merced,047,269075,27564,831,28395,407
2021-02-11,Modoc,049,8938,330,111,441,4
2021-02-11,Mono,051,14174,1165,16,1181,3
2021-02-11,Monterey,053,433212,41229,1565,42794,524
2021-02-11,Napa,055,140530,8814,30,8844,67
2021-02-11,Nevada,057,99092,3844,148,3992,69
2021-02-11,Orange,059,3164182,243693,9845,253538,4650
2021-02-11,Placer,061,380077,20094,1052,21146,271
2021-02-11,Plumas,063,18699,634,10,644,5
2021-02-11,Riverside,065,2383286,281761,13031,294792,4142
2021-02-11,Sacramento,067,1510023,91810,1150,92960,1460
2021-02-11,San Benito,069,59416,5625,80,5705,53
2021-02-11,San Bernardino,071,2135413,283123,8311,291434,4749
2021-02-11,San Diego,073,3302833,258474,12432,270906,3293
2021-02-11,San Francisco,075,870044,33323,973,34296,480
2021-02-11,San Joaquin,077,732212,65290,2588,67878,1246
2021-02-11,San Luis Obispo,079,281455,19172,515,19687,232
2021-02-11,San Mateo,081,765935,38589,383,38972,489
2021-02-11,Santa Barbara,083,443738,31273,985,32258,398
2021-02-11,Santa Clara,085,1922200,107420,518,107938,1539
2021-02-11,Santa Cruz,087,273765,15082,741,15823,179
2021-02-11,Shasta,089,179085,10702,1150,11852,165
2021-02-11,Sierra,091,2930,49,12,61,0
2021-02-11,Siskiyou,093,43540,1417,209,1626,11
2021-02-11,Solano,095,438530,29297,335,29632,241
2021-02-11,Sonoma,097,501317,27176,160,27336,292
2021-02-11,Stanislaus,099,539301,49283,5077,54360,854
2021-02-11,Sutter,101,95872,8635,76,8711,108
2021-02-11,Tehama,103,63373,4519,472,4991,63
2021-02-11,Trinity,105,12862,455,67,522,4
2021-02-11,Tulare,107,460477,47331,7390,54721,780
2021-02-11,Tuolumne,109,53932,3706,35,3741,51
2021-02-11,Ventura,111,848112,75930,2655,78585,852
2021-02-11,Yolo,113,214977,12547,143,12690,208
2021-02-11,Yuba,115,75493,5357,78,5435,39
2021-02-10,Alameda,001,1643700,78565,1629,80194,1069
2021-02-10,Alpine,002,1148,77,0,77,0
2021-02-10,Amador,005,37829,3392,28,3420,40
2021-02-10,Butte,007,227075,11055,1575,12630,176
2021-02-10,Calaveras,009,45235,1862,11,1873,46
2021-02-10,Colusa,011,21464,1842,243,2085,14
2021-02-10,Contra Costa,013,1133247,61091,1015,62106,707
2021-02-10,Del Norte,015,27424,936,4,940,4
2021-02-10,El Dorado,017,186661,8908,589,9497,102
2021-02-10,Fresno,019,978130,94064,7274,101338,1489
2021-02-10,Glenn,021,27897,2202,471,2673,23
2021-02-10,Humboldt,023,135768,2983,19,3002,30
2021-02-10,Imperial,025,180216,27010,2380,29390,708
2021-02-10,Inyo,027,18085,1195,8,1203,35
2021-02-10,Kern,029,883053,91409,9173,100582,1140
2021-02-10,Kings,031,150075,21821,912,22733,215
2021-02-10,Lake,033,64148,3059,1,3060,51
2021-02-10,Lassen,035,31185,5052,87,5139,18
2021-02-10,Los Angeles,037,10098052,1156649,37020,1193669,21550
2021-02-10,Madera,039,155013,15229,758,15987,209
2021-02-10,Marin,041,260295,4384,88,4472,157
2021-02-10,Mariposa,043,17540,370,4,374,5
2021-02-10,Mendocino,045,87422,3548,69,3617,40
2021-02-10,Merced,047,269075,27481,820,28301,404
2021-02-10,Modoc,049,8938,329,109,438,4
2021-02-10,Mono,051,14174,1160,16,1176,3
2021-02-10,Monterey,053,433212,41152,1551,42703,524
2021-02-10,Napa,055,140530,8795,30,8825,67
2021-02-10,Nevada,057,99092,3829,146,3975,69
2021-02-10,Orange,059,3164182,243275,9814,253089,4626
2021-02-10,Placer,061,380077,20054,1047,21101,266
2021-02-10,Plumas,063,18699,631,10,641,5
2021-02-10,Riverside,065,2383286,281333,13021,294354,4125
2021-02-10,Sacramento,067,1510023,91559,1146,92705,1453
2021-02-10,San Benito,069,59416,5611,80,5691,53
2021-02-10,San Bernardino,071,2135413,282769,8295,291064,4721
2021-02-10,San Diego,073,3302833,257892,12394,270286,3278
2021-02-10,San Francisco,075,870044,33240,970,34210,479
2021-02-10,San Joaquin,077,732212,65148,2574,67722,1238
2021-02-10,San Luis Obispo,079,281455,19093,513,19606,231
2021-02-10,San Mateo,081,765935,38498,383,38881,484
2021-02-10,Santa Barbara,083,443738,31182,980,32162,398
2021-02-10,Santa Clara,085,1922200,107180,515,107695,1527
2021-02-10,Santa Cruz,087,273765,15046,739,15785,178
2021-02-10,Shasta,089,179085,10679,1147,11826,165
2021-02-10,Sierra,091,2930,49,12,61,0
2021-02-10,Siskiyou,093,43540,1412,208,1620,11
2021-02-10,Solano,095,438530,29221,333,29554,238
2021-02-10,Sonoma,097,501317,27080,158,27238,289
2021-02-10,Stanislaus,099,539301,49166,5061,54227,850
2021-02-10,Sutter,101,95872,8618,76,8694,108
2021-02-10,Tehama,103,63373,4511,472,4983,63
2021-02-10,Trinity,105,12862,452,67,519,4
2021-02-10,Tulare,107,460477,47213,7352,54565,775
2021-02-10,Tuolumne,109,53932,3698,35,3733,51
2021-02-10,Ventura,111,848112,75702,2638,78340,844
2021-02-10,Yolo,113,214977,12523,143,12666,207
2021-02-10,Yuba,115,75493,5339,78,5417,39
2021-02-09,Alameda,001,1643700,78303,1625,79928,1062
2021-02-09,Alpine,002,1148,77,0,77,0
2021-02-09,Amador,005,37829,3384,28,3412,40
2021-02-09,Butte,007,227075,11029,1572,12601,175
2021-02-09,Calaveras,009,45235,1858,11,1869,46
2021-02-09,Colusa,011,21464,1833,238,2071,14
2021-02-09,Contra Costa,013,1133247,60901,1009,61910,707
2021-02-09,Del Norte,015,27424,930,4,934,3
2021-02-09,El Dorado,017,186661,8880,587,9467,102
2021-02-09,Fresno,019,978130,93822,7246,101068,1481
2021-02-09,Glenn,021,27897,2198,471,2669,23
2021-02-09,Humboldt,023,135768,2975,19,2994,30
2021-02-09,Imperial,025,180216,26980,2377,29357,707
2021-02-09,Inyo,027,18085,1187,8,1195,35
2021-02-09,Kern,029,883053,91157,9126,100283,1133
2021-02-09,Kings,031,150075,21779,910,22689,215
2021-02-09,Lake,033,64148,3048,1,3049,51
2021-02-09,Lassen,035,31185,5045,87,5132,18
2021-02-09,Los Angeles,037,10098052,1154671,36939,1191610,21429
2021-02-09,Madera,039,155013,15209,755,15964,208
2021-02-09,Marin,041,260295,4352,87,4439,157
2021-02-09,Mariposa,043,17540,368,4,372,5
2021-02-09,Mendocino,045,87422,3530,69,3599,40
2021-02-09,Merced,047,269075,27383,815,28198,401
2021-02-09,Modoc,049,8938,328,109,437,4
2021-02-09,Mono,051,14174,1159,16,1175,3
2021-02-09,Monterey,053,433212,41044,1538,42582,523
2021-02-09,Napa,055,140530,8782,30,8812,67
2021-02-09,Nevada,057,99092,3812,146,3958,69
2021-02-09,Orange,059,3164182,242864,9783,252647,4598
2021-02-09,Placer,061,380077,19989,1040,21029,266
2021-02-09,Plumas,063,18699,631,10,641,5
2021-02-09,Riverside,065,2383286,280839,13004,293843,4103
2021-02-09,Sacramento,067,1510023,91249,1145,92394,1448
2021-02-09,San Benito,069,59416,5599,79,5678,53
2021-02-09,San Bernardino,071,2135413,282398,8282,290680,4698
2021-02-09,San Diego,073,3302833,257234,12351,269585,3242
2021-02-09,San Francisco,075,870044,33160,960,34120,470
2021-02-09,San Joaquin,077,732212,64973,2569,67542,1230
2021-02-09,San Luis Obispo,079,281455,19034,512,19546,229
2021-02-09,San Mateo,081,765935,38367,382,38749,481
2021-02-09,Santa Barbara,083,443738,31070,974,32044,393
2021-02-09,Santa Clara,085,1922200,106874,512,107386,1515
2021-02-09,Santa Cruz,087,273765,14995,734,15729,176
2021-02-09,Shasta,089,179085,10651,1145,11796,165
2021-02-09,Sierra,091,2930,49,12,61,0
2021-02-09,Siskiyou,093,43540,1404,206,1610,11
2021-02-09,Solano,095,438530,29144,330,29474,237
2021-02-09,Sonoma,097,501317,26990,156,27146,284
2021-02-09,Stanislaus,099,539301,49006,5046,54052,848
2021-02-09,Sutter,101,95872,8602,76,8678,108
2021-02-09,Tehama,103,63373,4504,471,4975,62
2021-02-09,Trinity,105,12862,452,67,519,4
2021-02-09,Tulare,107,460477,47079,7300,54379,772
2021-02-09,Tuolumne,109,53932,3679,35,3714,50
2021-02-09,Ventura,111,848112,75451,2630,78081,837
2021-02-09,Yolo,113,214977,12481,143,12624,207
2021-02-09,Yuba,115,75493,5330,78,5408,39
2021-02-08,Alameda,001,1643700,78042,1620,79662,1054
2021-02-08,Alpine,002,1148,77,0,77,0
2021-02-08,Amador,005,37829,3377,27,3404,40
2021-02-08,Butte,007,227075,11007,1568,12575,174
2021-02-08,Calaveras,009,45235,1857,11,1868,46
2021-02-08,Colusa,011,21464,1825,234,2059,14
2021-02-08,Contra Costa,013,1133247,60691,1007,61698,703
2021-02-08,Del Norte,015,27424,927,4,931,3
2021-02-08,El Dorado,017,186661,8848,584,9432,100
2021-02-08,Fresno,019,978130,93610,7221,100831,1473
2021-02-08,Glenn,021,27897,2194,469,2663,23
2021-02-08,Humboldt,023,135768,2967,19,2986,30
2021-02-08,Imperial,025,180216,26958,2375,29333,706
2021-02-08,Inyo,027,18085,1174,8,1182,35
2021-02-08,Kern,029,883053,90940,9065,100005,1126
2021-02-08,Kings,031,150075,21717,907,22624,213
2021-02-08,Lake,033,64148,3029,1,3030,51
2021-02-08,Lassen,035,31185,5032,87,5119,18
2021-02-08,Los Angeles,037,10098052,1152574,36818,1189392,21306
2021-02-08,Madera,039,155013,15173,748,15921,208
2021-02-08,Marin,041,260295,4322,87,4409,157
2021-02-08,Mariposa,043,17540,368,4,372,5
2021-02-08,Mendocino,045,87422,3516,69,3585,40
2021-02-08,Merced,047,269075,27300,810,28110,397
2021-02-08,Modoc,049,8938,326,109,435,4
2021-02-08,Mono,051,14174,1159,16,1175,3
2021-02-08,Monterey,053,433212,40924,1519,42443,521
2021-02-08,Napa,055,140530,8767,30,8797,67
2021-02-08,Nevada,057,99092,3800,146,3946,69
2021-02-08,Orange,059,3164182,242396,9760,252156,4570
2021-02-08,Placer,061,380077,19948,1034,20982,265
2021-02-08,Plumas,063,18699,630,10,640,5
2021-02-08,Riverside,065,2383286,280271,12978,293249,4080
2021-02-08,Sacramento,067,1510023,90963,1142,92105,1438
2021-02-08,San Benito,069,59416,5594,78,5672,53
2021-02-08,San Bernardino,071,2135413,281995,8276,290271,4671
2021-02-08,San Diego,073,3302833,256490,12310,268800,3227
2021-02-08,San Francisco,075,870044,33066,952,34018,464
2021-02-08,San Joaquin,077,732212,64812,2559,67371,1224
2021-02-08,San Luis Obispo,079,281455,18977,507,19484,229
2021-02-08,San Mateo,081,765935,38258,382,38640,480
2021-02-08,Santa Barbara,083,443738,30955,967,31922,387
2021-02-08,Santa Clara,085,1922200,106551,504,107055,1504
2021-02-08,Santa Cruz,087,273765,14956,728,15684,174
2021-02-08,Shasta,089,179085,10624,1139,11763,164
2021-02-08,Sierra,091,2930,49,12,61,0
2021-02-08,Siskiyou,093,43540,1401,206,1607,11
2021-02-08,Solano,095,438530,29079,328,29407,237
2021-02-08,Sonoma,097,501317,26899,155,27054,280
2021-02-08,Stanislaus,099,539301,48851,5018,53869,845
2021-02-08,Sutter,101,95872,8583,76,8659,108
2021-02-08,Tehama,103,63373,4494,468,4962,61
2021-02-08,Trinity,105,12862,450,67,517,4
2021-02-08,Tulare,107,460477,46971,7260,54231,770
2021-02-08,Tuolumne,109,53932,3671,35,3706,50
2021-02-08,Ventura,111,848112,75194,2625,77819,826
2021-02-08,Yolo,113,214977,12449,142,12591,207
2021-02-08,Yuba,115,75493,5314,78,5392,39
2021-02-07,Alameda,001,1643700,77741,1612,79353,1049
2021-02-07,Alpine,002,1148,74,0,74,0
2021-02-07,Amador,005,37829,3356,27,3383,39
2021-02-07,Butte,007,227075,10975,1560,12535,174
2021-02-07,Calaveras,009,45235,1853,11,1864,46
2021-02-07,Colusa,011,21464,1814,232,2046,14
2021-02-07,Contra Costa,013,1133247,60448,1002,61450,699
2021-02-07,Del Norte,015,27424,923,4,927,3
2021-02-07,El Dorado,017,186661,8819,582,9401,100
2021-02-07,Fresno,019,978130,93380,7183,100563,1462
2021-02-07,Glenn,021,27897,2190,464,2654,23
2021-02-07,Humboldt,023,135768,2946,19,2965,30
2021-02-07,Imperial,025,180216,26929,2370,29299,703
2021-02-07,Inyo,027,18085,1163,8,1171,35
2021-02-07,Kern,029,883053,90692,9007,99699,1120
2021-02-07,Kings,031,150075,21656,904,22560,211
2021-02-07,Lake,033,64148,3014,1,3015,51
2021-02-07,Lassen,035,31185,5021,87,5108,17
2021-02-07,Los Angeles,037,10098052,1149813,36695,1186508,21156
2021-02-07,Madera,039,155013,15139,744,15883,207
2021-02-07,Marin,041,260295,4289,85,4374,157
2021-02-07,Mariposa,043,17540,367,4,371,4
2021-02-07,Mendocino,045,87422,3499,69,3568,39
2021-02-07,Merced,047,269075,27188,798,27986,396
2021-02-07,Modoc,049,8938,326,105,431,4
2021-02-07,Mono,051,14174,1156,16,1172,3
2021-02-07,Monterey,053,433212,40788,1500,42288,516
2021-02-07,Napa,055,140530,8744,30,8774,67
2021-02-07,Nevada,057,99092,3789,146,3935,68
2021-02-07,Orange,059,3164182,241798,9726,251524,4547
2021-02-07,Placer,061,380077,19901,1021,20922,265
2021-02-07,Plumas,063,18699,630,10,640,5
2021-02-07,Riverside,065,2383286,279742,12957,292699,4065
2021-02-07,Sacramento,067,1510023,90630,1135,91765,1430
2021-02-07,San Benito,069,59416,5575,77,5652,53
2021-02-07,San Bernardino,071,2135413,281402,8251,289653,4648
2021-02-07,San Diego,073,3302833,255704,12246,267950,3199
2021-02-07,San Francisco,075,870044,32946,940,33886,460
2021-02-07,San Joaquin,077,732212,64538,2545,67083,1219
2021-02-07,San Luis Obispo,079,281455,18905,500,19405,226
2021-02-07,San Mateo,081,765935,38124,380,38504,475
2021-02-07,Santa Barbara,083,443738,30815,955,31770,386
2021-02-07,Santa Clara,085,1922200,106212,494,106706,1499
2021-02-07,Santa Cruz,087,273765,14902,723,15625,173
2021-02-07,Shasta,089,179085,10605,1131,11736,164
2021-02-07,Sierra,091,2930,49,12,61,0
2021-02-07,Siskiyou,093,43540,1394,204,1598,11
2021-02-07,Solano,095,438530,28969,327,29296,235
2021-02-07,Sonoma,097,501317,26792,151,26943,278
2021-02-07,Stanislaus,099,539301,48661,4986,53647,843
2021-02-07,Sutter,101,95872,8555,76,8631,107
2021-02-07,Tehama,103,63373,4478,467,4945,61
2021-02-07,Trinity,105,12862,447,65,512,4
2021-02-07,Tulare,107,460477,46848,7182,54030,765
2021-02-07,Tuolumne,109,53932,3647,34,3681,50
2021-02-07,Ventura,111,848112,74883,2613,77496,816
2021-02-07,Yolo,113,214977,12403,142,12545,207
2021-02-07,Yuba,115,75493,5299,76,5375,39
2021-02-06,Alameda,001,1643700,77588,1601,79189,1041
2021-02-06,Alpine,002,1148,74,0,74,0
2021-02-06,Amador,005,37829,3350,27,3377,38
2021-02-06,Butte,007,227075,10958,1556,12514,173
2021-02-06,Calaveras,009,45235,1851,11,1862,46
2021-02-06,Colusa,011,21464,1812,231,2043,14
2021-02-06,Contra Costa,013,1133247,60301,996,61297,693
2021-02-06,Del Norte,015,27424,919,4,923,3
2021-02-06,El Dorado,017,186661,8812,578,9390,100
2021-02-06,Fresno,019,978130,93267,7162,100429,1454
2021-02-06,Glenn,021,27897,2188,463,2651,23
2021-02-06,Humboldt,023,135768,2935,19,2954,30
2021-02-06,Imperial,025,180216,26917,2369,29286,703
2021-02-06,Inyo,027,18085,1160,8,1168,35
2021-02-06,Kern,029,883053,90538,8961,99499,1115
2021-02-06,Kings,031,150075,21625,904,22529,209
2021-02-06,Lake,033,64148,3009,1,3010,51
2021-02-06,Lassen,035,31185,5017,86,5103,17
2021-02-06,Los Angeles,037,10098052,1148457,36598,1185055,21026
2021-02-06,Madera,039,155013,15118,742,15860,207
2021-02-06,Marin,041,260295,4269,85,4354,156
2021-02-06,Mariposa,043,17540,366,3,369,4
2021-02-06,Mendocino,045,87422,3481,68,3549,39
2021-02-06,Merced,047,269075,27102,790,27892,395
2021-02-06,Modoc,049,8938,326,105,431,4
2021-02-06,Mono,051,14174,1155,16,1171,3
2021-02-06,Monterey,053,433212,40730,1492,42222,512
2021-02-06,Napa,055,140530,8731,30,8761,67
2021-02-06,Nevada,057,99092,3777,146,3923,68
2021-02-06,Orange,059,3164182,241434,9692,251126,4523
2021-02-06,Placer,061,380077,19864,1018,20882,264
2021-02-06,Plumas,063,18699,630,10,640,5
2021-02-06,Riverside,065,2383286,279374,12938,292312,4041
2021-02-06,Sacramento,067,1510023,90413,1125,91538,1423
2021-02-06,San Benito,069,59416,5557,77,5634,53
2021-02-06,San Bernardino,071,2135413,281093,8229,289322,4622
2021-02-06,San Diego,073,3302833,255208,12211,267419,3181
2021-02-06,San Francisco,075,870044,32872,930,33802,458
2021-02-06,San Joaquin,077,732212,64459,2534,66993,1216
2021-02-06,San Luis Obispo,079,281455,18863,496,19359,225
2021-02-06,San Mateo,081,765935,38056,377,38433,470
2021-02-06,Santa Barbara,083,443738,30739,953,31692,384
2021-02-06,Santa Clara,085,1922200,105990,489,106479,1490
2021-02-06,Santa Cruz,087,273765,14871,719,15590,172
2021-02-06,Shasta,089,179085,10594,1129,11723,162
2021-02-06,Sierra,091,2930,49,12,61,0
2021-02-06,Siskiyou,093,43540,1391,203,1594,11
2021-02-06,Solano,095,438530,28933,326,29259,234
2021-02-06,Sonoma,097,501317,26755,149,26904,277
2021-02-06,Stanislaus,099,539301,48565,4971,53536,839
2021-02-06,Sutter,101,95872,8547,76,8623,107
2021-02-06,Tehama,103,63373,4468,466,4934,60
2021-02-06,Trinity,105,12862,447,65,512,4
2021-02-06,Tulare,107,460477,46780,7137,53917,758
2021-02-06,Tuolumne,109,53932,3640,34,3674,50
2021-02-06,Ventura,111,848112,74703,2607,77310,809
2021-02-06,Yolo,113,214977,12380,142,12522,206
2021-02-06,Yuba,115,75493,5289,75,5364,36
2021-02-05,Alameda,001,1643700,77359,1599,78958,1038
2021-02-05,Alpine,002,1148,74,0,74,0
2021-02-05,Amador,005,37829,3345,26,3371,38
2021-02-05,Butte,007,227075,10939,1549,12488,172
2021-02-05,Calaveras,009,45235,1847,11,1858,45
2021-02-05,Colusa,011,21464,1808,231,2039,14
2021-02-05,Contra Costa,013,1133247,60140,994,61134,689
2021-02-05,Del Norte,015,27424,918,4,922,3
2021-02-05,El Dorado,017,186661,8793,576,9369,100
2021-02-05,Fresno,019,978130,93065,7141,100206,1449
2021-02-05,Glenn,021,27897,2185,458,2643,23
2021-02-05,Humboldt,023,135768,2925,19,2944,29
2021-02-05,Imperial,025,180216,26898,2368,29266,703
2021-02-05,Inyo,027,18085,1156,8,1164,35
2021-02-05,Kern,029,883053,90369,8895,99264,1108
2021-02-05,Kings,031,150075,21587,901,22488,207
2021-02-05,Lake,033,64148,2997,1,2998,51
2021-02-05,Lassen,035,31185,5013,86,5099,17
2021-02-05,Los Angeles,037,10098052,1146357,36468,1182825,20907
2021-02-05,Madera,039,155013,15084,737,15821,205
2021-02-05,Marin,041,260295,4234,85,4319,155
2021-02-05,Mariposa,043,17540,366,3,369,4
2021-02-05,Mendocino,045,87422,3467,68,3535,39
2021-02-05,Merced,047,269075,27042,789,27831,393
2021-02-05,Modoc,049,8938,326,105,431,4
2021-02-05,Mono,051,14174,1154,16,1170,3
2021-02-05,Monterey,053,433212,40663,1481,42144,509
2021-02-05,Napa,055,140530,8717,30,8747,67
2021-02-05,Nevada,057,99092,3774,146,3920,68
2021-02-05,Orange,059,3164182,241007,9665,250672,4493
2021-02-05,Placer,061,380077,19828,1016,20844,263
2021-02-05,Plumas,063,18699,628,10,638,5
2021-02-05,Riverside,065,2383286,278958,12919,291877,4016
2021-02-05,Sacramento,067,1510023,90232,1118,91350,1415
2021-02-05,San Benito,069,59416,5546,77,5623,53
2021-02-05,San Bernardino,071,2135413,280748,8213,288961,4598
2021-02-05,San Diego,073,3302833,254632,12176,266808,3156
2021-02-05,San Francisco,075,870044,32782,919,33701,453
2021-02-05,San Joaquin,077,732212,64310,2526,66836,1208
2021-02-05,San Luis Obispo,079,281455,18802,492,19294,225
2021-02-05,San Mateo,081,765935,37973,376,38349,469
2021-02-05,Santa Barbara,083,443738,30642,940,31582,379
2021-02-05,Santa Clara,085,1922200,105742,487,106229,1485
2021-02-05,Santa Cruz,087,273765,14850,717,15567,170
2021-02-05,Shasta,089,179085,10578,1122,11700,162
2021-02-05,Sierra,091,2930,49,12,61,0
2021-02-05,Siskiyou,093,43540,1384,201,1585,11
2021-02-05,Solano,095,438530,28883,326,29209,232
2021-02-05,Sonoma,097,501317,26686,146,26832,277
2021-02-05,Stanislaus,099,539301,48420,4953,53373,834
2021-02-05,Sutter,101,95872,8527,76,8603,106
2021-02-05,Tehama,103,63373,4459,465,4924,58
2021-02-05,Trinity,105,12862,446,65,511,4
2021-02-05,Tulare,107,460477,46703,7089,53792,756
2021-02-05,Tuolumne,109,53932,3614,34,3648,49
2021-02-05,Ventura,111,848112,74458,2595,77053,800
2021-02-05,Yolo,113,214977,12362,139,12501,205
2021-02-05,Yuba,115,75493,5272,75,5347,36
2021-02-04,Alameda,001,1643700,77073,1593,78666,1031
2021-02-04,Alpine,002,1148,73,0,73,0
2021-02-04,Amador,005,37829,3342,26,3368,38
2021-02-04,Butte,007,227075,10906,1541,12447,172
2021-02-04,Calaveras,009,45235,1845,11,1856,45
2021-02-04,Colusa,011,21464,1804,229,2033,14
2021-02-04,Contra Costa,013,1133247,59952,990,60942,684
2021-02-04,Del Norte,015,27424,912,4,916,3
2021-02-04,El Dorado,017,186661,8767,573,9340,100
2021-02-04,Fresno,019,978130,92850,7114,99964,1434
2021-02-04,Glenn,021,27897,2180,457,2637,23
2021-02-04,Humboldt,023,135768,2915,19,2934,29
2021-02-04,Imperial,025,180216,26852,2366,29218,701
2021-02-04,Inyo,027,18085,1144,8,1152,35
2021-02-04,Kern,029,883053,90095,8819,98914,1102
2021-02-04,Kings,031,150075,21537,895,22432,204
2021-02-04,Lake,033,64148,2985,1,2986,51
2021-02-04,Lassen,035,31185,5010,86,5096,17
2021-02-04,Los Angeles,037,10098052,1143558,36341,1179899,20743
2021-02-04,Madera,039,155013,15053,734,15787,203
2021-02-04,Marin,041,260295,4199,85,4284,154
2021-02-04,Mariposa,043,17540,366,3,369,4
2021-02-04,Mendocino,045,87422,3449,66,3515,39
2021-02-04,Merced,047,269075,26947,786,27733,389
2021-02-04,Modoc,049,8938,326,105,431,4
2021-02-04,Mono,051,14174,1152,16,1168,3
2021-02-04,Monterey,053,433212,40552,1464,42016,503
2021-02-04,Napa,055,140530,8688,30,8718,66
2021-02-04,Nevada,057,99092,3754,145,3899,68
2021-02-04,Orange,059,3164182,240365,9623,249988,4462
2021-02-04,Placer,061,380077,19768,1007,20775,261
2021-02-04,Plumas,063,18699,625,10,635,5
2021-02-04,Riverside,065,2383286,278195,12880,291075,3981
2021-02-04,Sacramento,067,1510023,89931,1108,91039,1407
2021-02-04,San Benito,069,59416,5532,76,5608,53
2021-02-04,San Bernardino,071,2135413,280199,8193,288392,4565
2021-02-04,San Diego,073,3302833,253844,12110,265954,3133
2021-02-04,San Francisco,075,870044,32669,910,33579,445
2021-02-04,San Joaquin,077,732212,64085,2518,66603,1204
2021-02-04,San Luis Obispo,079,281455,18735,490,19225,224
2021-02-04,San Mateo,081,765935,37852,373,38225,465
2021-02-04,Santa Barbara,083,443738,30507,923,31430,373
2021-02-04,Santa Clara,085,1922200,105399,484,105883,1475
2021-02-04,Santa Cruz,087,273765,14817,709,15526,169
2021-02-04,Shasta,089,179085,10552,1117,11669,162
2021-02-04,Sierra,091,2930,49,12,61,0
2021-02-04,Siskiyou,093,43540,1375,201,1576,11
2021-02-04,Solano,095,438530,28782,325,29107,230
2021-02-04,Sonoma,097,501317,26604,143,26747,276
2021-02-04,Stanislaus,099,539301,48259,4934,53193,828
2021-02-04,Sutter,101,95872,8507,76,8583,106
2021-02-04,Tehama,103,63373,4442,464,4906,58
2021-02-04,Trinity,105,12862,445,64,509,4
2021-02-04,Tulare,107,460477,46576,7031,53607,748
2021-02-04,Tuolumne,109,53932,3574,34,3608,48
2021-02-04,Ventura,111,848112,74126,2582,76708,795
2021-02-04,Yolo,113,214977,12328,138,12466,205
2021-02-04,Yuba,115,75493,5246,75,5321,36
2021-02-03,Alameda,001,1643700,76748,1590,78338,1020
2021-02-03,Alpine,002,1148,73,0,73,0
2021-02-03,Amador,005,37829,3338,26,3364,38
2021-02-03,Butte,007,227075,10874,1534,12408,172
2021-02-03,Calaveras,009,45235,1830,11,1841,43
2021-02-03,Colusa,011,21464,1799,228,2027,14
2021-02-03,Contra Costa,013,1133247,59712,978,60690,679
2021-02-03,Del Norte,015,27424,907,4,911,3
2021-02-03,El Dorado,017,186661,8746,572,9318,98
2021-02-03,Fresno,019,978130,92628,7075,99703,1430
2021-02-03,Glenn,021,27897,2170,456,2626,23
2021-02-03,Humboldt,023,135768,2905,19,2924,29
2021-02-03,Imperial,025,180216,26816,2360,29176,699
2021-02-03,Inyo,027,18085,1134,8,1142,35
2021-02-03,Kern,029,883053,89852,8778,98630,1092
2021-02-03,Kings,031,150075,21476,893,22369,204
2021-02-03,Lake,033,64148,2967,1,2968,50
2021-02-03,Lassen,035,31185,4998,86,5084,17
2021-02-03,Los Angeles,037,10098052,1140473,36221,1176694,20606
2021-02-03,Madera,039,155013,15013,732,15745,202
2021-02-03,Marin,041,260295,4164,85,4249,154
2021-02-03,Mariposa,043,17540,365,3,368,4
2021-02-03,Mendocino,045,87422,3423,65,3488,39
2021-02-03,Merced,047,269075,26832,782,27614,388
2021-02-03,Modoc,049,8938,325,105,430,4
2021-02-03,Mono,051,14174,1145,16,1161,3
2021-02-03,Monterey,053,433212,40425,1447,41872,500
2021-02-03,Napa,055,140530,8653,30,8683,65
2021-02-03,Nevada,057,99092,3740,145,3885,68
2021-02-03,Orange,059,3164182,239621,9591,249212,4428
2021-02-03,Placer,061,380077,19713,1005,20718,257
2021-02-03,Plumas,063,18699,625,10,635,5
2021-02-03,Riverside,065,2383286,277452,12850,290302,3956
2021-02-03,Sacramento,067,1510023,89608,1104,90712,1399
2021-02-03,San Benito,069,59416,5514,73,5587,53
2021-02-03,San Bernardino,071,2135413,279713,8170,287883,4538
2021-02-03,San Diego,073,3302833,252942,12064,265006,3102
2021-02-03,San Francisco,075,870044,32539,905,33444,437
2021-02-03,San Joaquin,077,732212,63857,2508,66365,1198
2021-02-03,San Luis Obispo,079,281455,18657,487,19144,223
2021-02-03,San Mateo,081,765935,37714,369,38083,461
2021-02-03,Santa Barbara,083,443738,30358,914,31272,370
2021-02-03,Santa Clara,085,1922200,105083,482,105565,1463
2021-02-03,Santa Cruz,087,273765,14762,703,15465,168
2021-02-03,Shasta,089,179085,10509,1112,11621,162
2021-02-03,Sierra,091,2930,49,12,61,0
2021-02-03,Siskiyou,093,43540,1364,200,1564,11
2021-02-03,Solano,095,438530,28660,325,28985,229
2021-02-03,Sonoma,097,501317,26520,142,26662,275
2021-02-03,Stanislaus,099,539301,48083,4915,52998,820
2021-02-03,Sutter,101,95872,8482,76,8558,106
2021-02-03,Tehama,103,63373,4424,461,4885,57
2021-02-03,Trinity,105,12862,445,63,508,4
2021-02-03,Tulare,107,460477,46405,6975,53380,744
2021-02-03,Tuolumne,109,53932,3563,34,3597,48
2021-02-03,Ventura,111,848112,73789,2572,76361,786
2021-02-03,Yolo,113,214977,12303,138,12441,204
2021-02-03,Yuba,115,75493,5228,75,5303,36
2021-02-02,Alameda,001,1643700,76405,1578,77983,1013
2021-02-02,Alpine,002,1148,73,0,73,0
2021-02-02,Amador,005,37829,3307,26,3333,37
2021-02-02,Butte,007,227075,10848,1525,12373,172
2021-02-02,Calaveras,009,45235,1820,11,1831,42
2021-02-02,Colusa,011,21464,1791,223,2014,13
2021-02-02,Contra Costa,013,1133247,59432,975,60407,671
2021-02-02,Del Norte,015,27424,901,4,905,3
2021-02-02,El Dorado,017,186661,8706,572,9278,98
2021-02-02,Fresno,019,978130,92327,7040,99367,1422
2021-02-02,Glenn,021,27897,2158,453,2611,23
2021-02-02,Humboldt,023,135768,2893,19,2912,29
2021-02-02,Imperial,025,180216,26763,2354,29117,694
2021-02-02,Inyo,027,18085,1131,8,1139,35
2021-02-02,Kern,029,883053,89549,8702,98251,1083
2021-02-02,Kings,031,150075,21398,885,22283,202
2021-02-02,Lake,033,64148,2947,1,2948,50
2021-02-02,Lassen,035,31185,4991,86,5077,17
2021-02-02,Los Angeles,037,10098052,1137091,36061,1173152,20445
2021-02-02,Madera,039,155013,14962,727,15689,201
2021-02-02,Marin,041,260295,4134,85,4219,154
2021-02-02,Mariposa,043,17540,362,3,365,4
2021-02-02,Mendocino,045,87422,3390,65,3455,39
2021-02-02,Merced,047,269075,26735,776,27511,385
2021-02-02,Modoc,049,8938,320,105,425,4
2021-02-02,Mono,051,14174,1143,16,1159,3
2021-02-02,Monterey,053,433212,40290,1433,41723,494
2021-02-02,Napa,055,140530,8624,30,8654,64
2021-02-02,Nevada,057,99092,3725,145,3870,68
2021-02-02,Orange,059,3164182,238818,9556,248374,4396
2021-02-02,Placer,061,380077,19654,1001,20655,257
2021-02-02,Plumas,063,18699,625,10,635,5
2021-02-02,Riverside,065,2383286,276595,12816,289411,3924
2021-02-02,Sacramento,067,1510023,89318,1093,90411,1393
2021-02-02,San Benito,069,59416,5500,72,5572,52
2021-02-02,San Bernardino,071,2135413,279036,8141,287177,4524
2021-02-02,San Diego,073,3302833,251903,11977,263880,3075
2021-02-02,San Francisco,075,870044,32385,895,33280,434
2021-02-02,San Joaquin,077,732212,63636,2495,66131,1190
2021-02-02,San Luis Obispo,079,281455,18563,485,19048,221
2021-02-02,San Mateo,081,765935,37550,363,37913,460
2021-02-02,Santa Barbara,083,443738,30187,907,31094,364
2021-02-02,Santa Clara,085,1922200,104618,477,105095,1446
2021-02-02,Santa Cruz,087,273765,14703,699,15402,168
2021-02-02,Shasta,089,179085,10483,1102,11585,161
2021-02-02,Sierra,091,2930,49,12,61,0
2021-02-02,Siskiyou,093,43540,1357,197,1554,11
2021-02-02,Solano,095,438530,28565,321,28886,227
2021-02-02,Sonoma,097,501317,26404,142,26546,275
2021-02-02,Stanislaus,099,539301,47864,4883,52747,813
2021-02-02,Sutter,101,95872,8459,76,8535,106
2021-02-02,Tehama,103,63373,4410,460,4870,57
2021-02-02,Trinity,105,12862,445,63,508,4
2021-02-02,Tulare,107,460477,46248,6910,53158,738
2021-02-02,Tuolumne,109,53932,3551,34,3585,48
2021-02-02,Ventura,111,848112,73373,2562,75935,781
2021-02-02,Yolo,113,214977,12258,136,12394,202
2021-02-02,Yuba,115,75493,5210,74,5284,36
2021-02-01,Alameda,001,1643700,76049,1573,77622,1006
2021-02-01,Alpine,002,1148,73,0,73,0
2021-02-01,Amador,005,37829,3296,26,3322,37
2021-02-01,Butte,007,227075,10804,1521,12325,172
2021-02-01,Calaveras,009,45235,1813,11,1824,42
2021-02-01,Colusa,011,21464,1786,214,2000,13
2021-02-01,Contra Costa,013,1133247,59190,974,60164,666
2021-02-01,Del Norte,015,27424,897,4,901,3
2021-02-01,El Dorado,017,186661,8667,572,9239,98
2021-02-01,Fresno,019,978130,91995,7005,99000,1412
2021-02-01,Glenn,021,27897,2142,445,2587,23
2021-02-01,Humboldt,023,135768,2872,18,2890,29
2021-02-01,Imperial,025,180216,26720,2352,29072,688
2021-02-01,Inyo,027,18085,1121,8,1129,35
2021-02-01,Kern,029,883053,89152,8634,97786,1076
2021-02-01,Kings,031,150075,21307,877,22184,201
2021-02-01,Lake,033,64148,2931,1,2932,50
2021-02-01,Lassen,035,31185,4971,86,5057,16
2021-02-01,Los Angeles,037,10098052,1133262,35897,1169159,20292
2021-02-01,Madera,039,155013,14927,724,15651,199
2021-02-01,Marin,041,260295,4095,84,4179,153
2021-02-01,Mariposa,043,17540,360,3,363,4
2021-02-01,Mendocino,045,87422,3357,65,3422,39
2021-02-01,Merced,047,269075,26611,767,27378,384
2021-02-01,Modoc,049,8938,314,101,415,4
2021-02-01,Mono,051,14174,1140,16,1156,3
2021-02-01,Monterey,053,433212,40106,1412,41518,493
2021-02-01,Napa,055,140530,8591,30,8621,64
2021-02-01,Nevada,057,99092,3708,144,3852,68
2021-02-01,Orange,059,3164182,237903,9511,247414,4355
2021-02-01,Placer,061,380077,19587,994,20581,256
2021-02-01,Plumas,063,18699,623,10,633,5
2021-02-01,Riverside,065,2383286,275655,12781,288436,3893
2021-02-01,Sacramento,067,1510023,88915,1082,89997,1385
2021-02-01,San Benito,069,59416,5482,72,5554,51
2021-02-01,San Bernardino,071,2135413,278340,8102,286442,4491
2021-02-01,San Diego,073,3302833,250678,11901,262579,3048
2021-02-01,San Francisco,075,870044,32250,883,33133,431
2021-02-01,San Joaquin,077,732212,63430,2484,65914,1180
2021-02-01,San Luis Obispo,079,281455,18443,478,18921,220
2021-02-01,San Mateo,081,765935,37401,363,37764,452
2021-02-01,Santa Barbara,083,443738,30018,899,30917,359
2021-02-01,Santa Clara,085,1922200,104201,476,104677,1436
2021-02-01,Santa Cruz,087,273765,14650,697,15347,168
2021-02-01,Shasta,089,179085,10458,1096,11554,160
2021-02-01,Sierra,091,2930,49,12,61,0
2021-02-01,Siskiyou,093,43540,1350,194,1544,11
2021-02-01,Solano,095,438530,28460,320,28780,223
2021-02-01,Sonoma,097,501317,26316,141,26457,273
2021-02-01,Stanislaus,099,539301,47607,4855,52462,807
2021-02-01,Sutter,101,95872,8420,76,8496,106
2021-02-01,Tehama,103,63373,4384,460,4844,56
2021-02-01,Trinity,105,12862,443,63,506,4
2021-02-01,Tulare,107,460477,46103,6830,52933,738
2021-02-01,Tuolumne,109,53932,3543,34,3577,48
2021-02-01,Ventura,111,848112,72968,2545,75513,770
2021-02-01,Yolo,113,214977,12211,135,12346,200
2021-02-01,Yuba,115,75493,5196,73,5269,36
2021-01-31,Alameda,001,1643700,75624,1565,77189,996
2021-01-31,Alpine,002,1148,73,0,73,0
2021-01-31,Amador,005,37829,3286,25,3311,37
2021-01-31,Butte,007,227075,10759,1511,12270,171
2021-01-31,Calaveras,009,45235,1793,11,1804,42
2021-01-31,Colusa,011,21464,1780,209,1989,13
2021-01-31,Contra Costa,013,1133247,58859,974,59833,662
2021-01-31,Del Norte,015,27424,895,4,899,3
2021-01-31,El Dorado,017,186661,8629,570,9199,96
2021-01-31,Fresno,019,978130,91683,6951,98634,1405
2021-01-31,Glenn,021,27897,2132,444,2576,23
2021-01-31,Humboldt,023,135768,2856,18,2874,28
2021-01-31,Imperial,025,180216,26647,2343,28990,685
2021-01-31,Inyo,027,18085,1108,8,1116,35
2021-01-31,Kern,029,883053,88655,8550,97205,1067
2021-01-31,Kings,031,150075,21223,865,22088,201
2021-01-31,Lake,033,64148,2910,1,2911,50
2021-01-31,Lassen,035,31185,4955,86,5041,16
2021-01-31,Los Angeles,037,10098052,1128629,35698,1164327,20105
2021-01-31,Madera,039,155013,14873,716,15589,197
2021-01-31,Marin,041,260295,4048,80,4128,152
2021-01-31,Mariposa,043,17540,358,3,361,4
2021-01-31,Mendocino,045,87422,3334,64,3398,39
2021-01-31,Merced,047,269075,26469,762,27231,382
2021-01-31,Modoc,049,8938,311,99,410,4
2021-01-31,Mono,051,14174,1137,16,1153,3
2021-01-31,Monterey,053,433212,39927,1385,41312,489
2021-01-31,Napa,055,140530,8550,30,8580,63
2021-01-31,Nevada,057,99092,3686,142,3828,68
2021-01-31,Orange,059,3164182,236886,9471,246357,4316
2021-01-31,Placer,061,380077,19510,983,20493,255
2021-01-31,Plumas,063,18699,622,10,632,5
2021-01-31,Riverside,065,2383286,274638,12734,287372,3851
2021-01-31,Sacramento,067,1510023,88474,1068,89542,1376
2021-01-31,San Benito,069,59416,5460,70,5530,51
2021-01-31,San Bernardino,071,2135413,277338,8073,285411,4447
2021-01-31,San Diego,073,3302833,249365,11787,261152,3004
2021-01-31,San Francisco,075,870044,32060,872,32932,429
2021-01-31,San Joaquin,077,732212,63029,2475,65504,1169
2021-01-31,San Luis Obispo,079,281455,18310,473,18783,217
2021-01-31,San Mateo,081,765935,37211,360,37571,447
2021-01-31,Santa Barbara,083,443738,29774,890,30664,354
2021-01-31,Santa Clara,085,1922200,103666,467,104133,1419
2021-01-31,Santa Cruz,087,273765,14555,683,15238,168
2021-01-31,Shasta,089,179085,10413,1088,11501,160
2021-01-31,Sierra,091,2930,48,12,60,0
2021-01-31,Siskiyou,093,43540,1340,194,1534,11
2021-01-31,Solano,095,438530,28330,320,28650,221
2021-01-31,Sonoma,097,501317,26213,140,26353,269
2021-01-31,Stanislaus,099,539301,47323,4825,52148,802
2021-01-31,Sutter,101,95872,8375,76,8451,106
2021-01-31,Tehama,103,63373,4362,459,4821,56
2021-01-31,Trinity,105,12862,441,63,504,4
2021-01-31,Tulare,107,460477,45935,6751,52686,734
2021-01-31,Tuolumne,109,53932,3505,34,3539,48
2021-01-31,Ventura,111,848112,72373,2532,74905,759
2021-01-31,Yolo,113,214977,12152,135,12287,200
2021-01-31,Yuba,115,75493,5176,73,5249,36
2021-01-30,Alameda,001,1643700,75421,1560,76981,991
2021-01-30,Alpine,002,1148,73,0,73,0
2021-01-30,Amador,005,37829,3282,25,3307,36
2021-01-30,Butte,007,227075,10725,1502,12227,169
2021-01-30,Calaveras,009,45235,1780,11,1791,42
2021-01-30,Colusa,011,21464,1778,209,1987,12
2021-01-30,Contra Costa,013,1133247,58680,970,59650,658
2021-01-30,Del Norte,015,27424,894,4,898,3
2021-01-30,El Dorado,017,186661,8609,569,9178,95
2021-01-30,Fresno,019,978130,91503,6931,98434,1394
2021-01-30,Glenn,021,27897,2129,442,2571,23
2021-01-30,Humboldt,023,135768,2845,18,2863,28
2021-01-30,Imperial,025,180216,26623,2341,28964,684
2021-01-30,Inyo,027,18085,1104,8,1112,35
2021-01-30,Kern,029,883053,88454,8485,96939,1059
2021-01-30,Kings,031,150075,21152,860,22012,199
2021-01-30,Lake,033,64148,2904,1,2905,49
2021-01-30,Lassen,035,31185,4951,86,5037,16
2021-01-30,Los Angeles,037,10098052,1126232,35555,1161787,19940
2021-01-30,Madera,039,155013,14831,711,15542,196
2021-01-30,Marin,041,260295,4021,79,4100,149
2021-01-30,Mariposa,043,17540,356,3,359,4
2021-01-30,Mendocino,045,87422,3320,63,3383,38
2021-01-30,Merced,047,269075,26396,760,27156,380
2021-01-30,Modoc,049,8938,311,99,410,4
2021-01-30,Mono,051,14174,1137,16,1153,3
2021-01-30,Monterey,053,433212,39867,1383,41250,483
2021-01-30,Napa,055,140530,8534,30,8564,62
2021-01-30,Nevada,057,99092,3667,142,3809,68
2021-01-30,Orange,059,3164182,236341,9435,245776,4286
2021-01-30,Placer,061,380077,19457,977,20434,254
2021-01-30,Plumas,063,18699,620,10,630,5
2021-01-30,Riverside,065,2383286,274042,12703,286745,3819
2021-01-30,Sacramento,067,1510023,88283,1063,89346,1366
2021-01-30,San Benito,069,59416,5442,69,5511,50
2021-01-30,San Bernardino,071,2135413,276910,8053,284963,4420
2021-01-30,San Diego,073,3302833,248600,11742,260342,2968
2021-01-30,San Francisco,075,870044,31959,869,32828,419
2021-01-30,San Joaquin,077,732212,62897,2466,65363,1167
2021-01-30,San Luis Obispo,079,281455,18230,472,18702,214
2021-01-30,San Mateo,081,765935,37072,359,37431,444
2021-01-30,Santa Barbara,083,443738,29632,888,30520,350
2021-01-30,Santa Clara,085,1922200,103337,465,103802,1407
2021-01-30,Santa Cruz,087,273765,14515,682,15197,166
2021-01-30,Shasta,089,179085,10394,1085,11479,160
2021-01-30,Sierra,091,2930,48,12,60,0
2021-01-30,Siskiyou,093,43540,1337,193,1530,11
2021-01-30,Solano,095,438530,28247,319,28566,219
2021-01-30,Sonoma,097,501317,26165,137,26302,268
2021-01-30,Stanislaus,099,539301,47193,4798,51991,796
2021-01-30,Sutter,101,95872,8359,76,8435,104
2021-01-30,Tehama,103,63373,4349,458,4807,56
2021-01-30,Trinity,105,12862,441,63,504,4
2021-01-30,Tulare,107,460477,45799,6715,52514,731
2021-01-30,Tuolumne,109,53932,3501,34,3535,48
2021-01-30,Ventura,111,848112,72061,2518,74579,749
2021-01-30,Yolo,113,214977,12138,134,12272,197
2021-01-30,Yuba,115,75493,5166,72,5238,36
2021-01-29,Alameda,001,1643700,75154,1553,76707,982
2021-01-29,Alpine,002,1148,73,0,73,0
2021-01-29,Amador,005,37829,3270,24,3294,36
2021-01-29,Butte,007,227075,10693,1493,12186,168
2021-01-29,Calaveras,009,45235,1769,11,1780,42
2021-01-29,Colusa,011,21464,1774,208,1982,12
2021-01-29,Contra Costa,013,1133247,58513,968,59481,651
2021-01-29,Del Norte,015,27424,893,4,897,3
2021-01-29,El Dorado,017,186661,8592,568,9160,95
2021-01-29,Fresno,019,978130,91289,6894,98183,1383
2021-01-29,Glenn,021,27897,2124,441,2565,23
2021-01-29,Humboldt,023,135768,2832,18,2850,28
2021-01-29,Imperial,025,180216,26608,2338,28946,683
2021-01-29,Inyo,027,18085,1092,8,1100,34
2021-01-29,Kern,029,883053,88227,8434,96661,1041
2021-01-29,Kings,031,150075,21113,855,21968,195
2021-01-29,Lake,033,64148,2894,1,2895,49
2021-01-29,Lassen,035,31185,4948,86,5034,16
2021-01-29,Los Angeles,037,10098052,1122735,35406,1158141,19756
2021-01-29,Madera,039,155013,14784,711,15495,195
2021-01-29,Marin,041,260295,3976,78,4054,147
2021-01-29,Mariposa,043,17540,355,3,358,4
2021-01-29,Mendocino,045,87422,3311,62,3373,38
2021-01-29,Merced,047,269075,26322,755,27077,379
2021-01-29,Modoc,049,8938,310,99,409,4
2021-01-29,Mono,051,14174,1135,16,1151,3
2021-01-29,Monterey,053,433212,39754,1375,41129,479
2021-01-29,Napa,055,140530,8503,30,8533,61
2021-01-29,Nevada,057,99092,3658,141,3799,68
2021-01-29,Orange,059,3164182,235665,9398,245063,4244
2021-01-29,Placer,061,380077,19404,973,20377,252
2021-01-29,Plumas,063,18699,619,10,629,5
2021-01-29,Riverside,065,2383286,273241,12671,285912,3791
2021-01-29,Sacramento,067,1510023,88029,1058,89087,1360
2021-01-29,San Benito,069,59416,5434,69,5503,49
2021-01-29,San Bernardino,071,2135413,276392,8015,284407,4394
2021-01-29,San Diego,073,3302833,247658,11664,259322,2938
2021-01-29,San Francisco,075,870044,31820,861,32681,417
2021-01-29,San Joaquin,077,732212,62753,2452,65205,1161
2021-01-29,San Luis Obispo,079,281455,18170,467,18637,210
2021-01-29,San Mateo,081,765935,36939,356,37295,442
2021-01-29,Santa Barbara,083,443738,29499,882,30381,339
2021-01-29,Santa Clara,085,1922200,102982,463,103445,1403
2021-01-29,Santa Cruz,087,273765,14462,679,15141,166
2021-01-29,Shasta,089,179085,10378,1081,11459,160
2021-01-29,Sierra,091,2930,48,12,60,0
2021-01-29,Siskiyou,093,43540,1336,193,1529,11
2021-01-29,Solano,095,438530,28164,317,28481,214
2021-01-29,Sonoma,097,501317,26109,136,26245,263
2021-01-29,Stanislaus,099,539301,47050,4776,51826,791
2021-01-29,Sutter,101,95872,8340,76,8416,104
2021-01-29,Tehama,103,63373,4337,456,4793,56
2021-01-29,Trinity,105,12862,441,63,504,4
2021-01-29,Tulare,107,460477,45692,6676,52368,729
2021-01-29,Tuolumne,109,53932,3491,34,3525,48
2021-01-29,Ventura,111,848112,71639,2505,74144,738
2021-01-29,Yolo,113,214977,12100,134,12234,197
2021-01-29,Yuba,115,75493,5151,72,5223,35
2021-01-28,Alameda,001,1643700,74731,1545,76276,974
2021-01-28,Alpine,002,1148,73,0,73,0
2021-01-28,Amador,005,37829,3233,24,3257,35
2021-01-28,Butte,007,227075,10652,1484,12136,166
2021-01-28,Calaveras,009,45235,1756,10,1766,41
2021-01-28,Colusa,011,21464,1767,204,1971,12
2021-01-28,Contra Costa,013,1133247,58270,958,59228,641
2021-01-28,Del Norte,015,27424,892,4,896,3
2021-01-28,El Dorado,017,186661,8577,563,9140,95
2021-01-28,Fresno,019,978130,91002,6847,97849,1377
2021-01-28,Glenn,021,27897,2119,434,2553,23
2021-01-28,Humboldt,023,135768,2815,18,2833,28
2021-01-28,Imperial,025,180216,26565,2331,28896,678
2021-01-28,Inyo,027,18085,1087,8,1095,34
2021-01-28,Kern,029,883053,87898,8351,96249,1035
2021-01-28,Kings,031,150075,21053,852,21905,192
2021-01-28,Lake,033,64148,2879,1,2880,49
2021-01-28,Lassen,035,31185,4942,86,5028,16
2021-01-28,Los Angeles,037,10098052,1118822,35218,1154040,19581
2021-01-28,Madera,039,155013,14729,707,15436,194
2021-01-28,Marin,041,260295,3927,77,4004,147
2021-01-28,Mariposa,043,17540,355,3,358,4
2021-01-28,Mendocino,045,87422,3294,62,3356,37
2021-01-28,Merced,047,269075,26200,743,26943,374
2021-01-28,Modoc,049,8938,309,99,408,4
2021-01-28,Mono,051,14174,1133,16,1149,3
2021-01-28,Monterey,053,433212,39560,1356,40916,475
2021-01-28,Napa,055,140530,8456,30,8486,60
2021-01-28,Nevada,057,99092,3643,140,3783,68
2021-01-28,Orange,059,3164182,234690,9368,244058,4199
2021-01-28,Placer,061,380077,19344,970,20314,250
2021-01-28,Plumas,063,18699,618,10,628,5
2021-01-28,Riverside,065,2383286,272462,12623,285085,3754
2021-01-28,Sacramento,067,1510023,87664,1047,88711,1349
2021-01-28,San Benito,069,59416,5416,68,5484,49
2021-01-28,San Bernardino,071,2135413,275690,7994,283684,4352
2021-01-28,San Diego,073,3302833,246505,11575,258080,2906
2021-01-28,San Francisco,075,870044,31683,845,32528,412
2021-01-28,San Joaquin,077,732212,62491,2438,64929,1154
2021-01-28,San Luis Obispo,079,281455,18070,465,18535,209
2021-01-28,San Mateo,081,765935,36770,340,37110,439
2021-01-28,Santa Barbara,083,443738,29276,869,30145,335
2021-01-28,Santa Clara,085,1922200,102526,461,102987,1389
2021-01-28,Santa Cruz,087,273765,14373,673,15046,165
2021-01-28,Shasta,089,179085,10344,1073,11417,158
2021-01-28,Sierra,091,2930,48,12,60,0
2021-01-28,Siskiyou,093,43540,1329,191,1520,11
2021-01-28,Solano,095,438530,28004,316,28320,212
2021-01-28,Sonoma,097,501317,26018,136,26154,261
2021-01-28,Stanislaus,099,539301,46842,4757,51599,788
2021-01-28,Sutter,101,95872,8293,76,8369,103
2021-01-28,Tehama,103,63373,4314,453,4767,56
2021-01-28,Trinity,105,12862,439,63,502,4
2021-01-28,Tulare,107,460477,45537,6601,52138,725
2021-01-28,Tuolumne,109,53932,3477,34,3511,47
2021-01-28,Ventura,111,848112,71127,2489,73616,730
2021-01-28,Yolo,113,214977,12057,130,12187,196
2021-01-28,Yuba,115,75493,5135,71,5206,34
2021-01-27,Alameda,001,1643700,74313,1538,75851,965
2021-01-27,Alpine,002,1148,73,0,73,0
2021-01-27,Amador,005,37829,3217,24,3241,35
2021-01-27,Butte,007,227075,10613,1473,12086,166
2021-01-27,Calaveras,009,45235,1747,10,1757,41
2021-01-27,Colusa,011,21464,1761,202,1963,11
2021-01-27,Contra Costa,013,1133247,57975,955,58930,637
2021-01-27,Del Norte,015,27424,891,4,895,3
2021-01-27,El Dorado,017,186661,8551,562,9113,94
2021-01-27,Fresno,019,978130,90710,6805,97515,1369
2021-01-27,Glenn,021,27897,2115,433,2548,23
2021-01-27,Humboldt,023,135768,2793,18,2811,26
2021-01-27,Imperial,025,180216,26511,2319,28830,677
2021-01-27,Inyo,027,18085,1083,8,1091,33
2021-01-27,Kern,029,883053,87588,8280,95868,1025
2021-01-27,Kings,031,150075,20947,844,21791,190
2021-01-27,Lake,033,64148,2859,1,2860,49
2021-01-27,Lassen,035,31185,4936,86,5022,16
2021-01-27,Los Angeles,037,10098052,1114009,35017,1149026,19392
2021-01-27,Madera,039,155013,14687,702,15389,194
2021-01-27,Marin,041,260295,3889,76,3965,145
2021-01-27,Mariposa,043,17540,355,3,358,4
2021-01-27,Mendocino,045,87422,3274,62,3336,37
2021-01-27,Merced,047,269075,26041,731,26772,371
2021-01-27,Modoc,049,8938,309,96,405,4
2021-01-27,Mono,051,14174,1131,16,1147,3
2021-01-27,Monterey,053,433212,39353,1337,40690,469
2021-01-27,Napa,055,140530,8383,30,8413,59
2021-01-27,Nevada,057,99092,3621,140,3761,68
2021-01-27,Orange,059,3164182,233573,9316,242889,4162
2021-01-27,Placer,061,380077,19274,959,20233,248
2021-01-27,Plumas,063,18699,618,10,628,5
2021-01-27,Riverside,065,2383286,271267,12572,283839,3723
2021-01-27,Sacramento,067,1510023,87304,1035,88339,1344
2021-01-27,San Benito,069,59416,5401,68,5469,49
2021-01-27,San Bernardino,071,2135413,274836,7961,282797,4314
2021-01-27,San Diego,073,3302833,245176,11470,256646,2875
2021-01-27,San Francisco,075,870044,31538,838,32376,405
2021-01-27,San Joaquin,077,732212,62221,2418,64639,1141
2021-01-27,San Luis Obispo,079,281455,17962,461,18423,205
2021-01-27,San Mateo,081,765935,36615,337,36952,432
2021-01-27,Santa Barbara,083,443738,29099,863,29962,328
2021-01-27,Santa Clara,085,1922200,102111,457,102568,1375
2021-01-27,Santa Cruz,087,273765,14303,670,14973,164
2021-01-27,Shasta,089,179085,10310,1067,11377,156
2021-01-27,Sierra,091,2930,48,12,60,0
2021-01-27,Siskiyou,093,43540,1324,188,1512,11
2021-01-27,Solano,095,438530,27830,309,28139,207
2021-01-27,Sonoma,097,501317,25920,132,26052,260
2021-01-27,Stanislaus,099,539301,46658,4732,51390,784
2021-01-27,Sutter,101,95872,8250,76,8326,100
2021-01-27,Tehama,103,63373,4294,449,4743,56
2021-01-27,Trinity,105,12862,439,63,502,4
2021-01-27,Tulare,107,460477,45350,6531,51881,720
2021-01-27,Tuolumne,109,53932,3467,34,3501,47
2021-01-27,Ventura,111,848112,70653,2464,73117,720
2021-01-27,Yolo,113,214977,12010,128,12138,194
2021-01-27,Yuba,115,75493,5119,71,5190,34
2021-01-26,Alameda,001,1643700,73937,1521,75458,957
2021-01-26,Alpine,002,1148,73,0,73,0
2021-01-26,Amador,005,37829,3206,24,3230,35
2021-01-26,Butte,007,227075,10571,1467,12038,166
2021-01-26,Calaveras,009,45235,1737,10,1747,41
2021-01-26,Colusa,011,21464,1754,199,1953,11
2021-01-26,Contra Costa,013,1133247,57701,947,58648,630
2021-01-26,Del Norte,015,27424,890,4,894,3
2021-01-26,El Dorado,017,186661,8527,560,9087,93
2021-01-26,Fresno,019,978130,90352,6762,97114,1356
2021-01-26,Glenn,021,27897,2105,428,2533,23
2021-01-26,Humboldt,023,135768,2772,17,2789,25
2021-01-26,Imperial,025,180216,26439,2307,28746,672
2021-01-26,Inyo,027,18085,1077,8,1085,32
2021-01-26,Kern,029,883053,87165,8205,95370,1014
2021-01-26,Kings,031,150075,20889,839,21728,187
2021-01-26,Lake,033,64148,2851,1,2852,48
2021-01-26,Lassen,035,31185,4930,86,5016,16
2021-01-26,Los Angeles,037,10098052,1108717,34820,1143537,19226
2021-01-26,Madera,039,155013,14630,696,15326,192
2021-01-26,Marin,041,260295,3845,74,3919,144
2021-01-26,Mariposa,043,17540,353,3,356,4
2021-01-26,Mendocino,045,87422,3248,61,3309,37
2021-01-26,Merced,047,269075,25901,723,26624,368
2021-01-26,Modoc,049,8938,302,95,397,4
2021-01-26,Mono,051,14174,1129,16,1145,3
2021-01-26,Monterey,053,433212,39159,1317,40476,462
2021-01-26,Napa,055,140530,8326,30,8356,59
2021-01-26,Nevada,057,99092,3614,139,3753,67
2021-01-26,Orange,059,3164182,232449,9270,241719,4120
2021-01-26,Placer,061,380077,19198,957,20155,245
2021-01-26,Plumas,063,18699,616,10,626,5
2021-01-26,Riverside,065,2383286,269898,12509,282407,3681
2021-01-26,Sacramento,067,1510023,86944,1028,87972,1340
2021-01-26,San Benito,069,59416,5387,67,5454,48
2021-01-26,San Bernardino,071,2135413,273841,7919,281760,4273
2021-01-26,San Diego,073,3302833,243680,11368,255048,2835
2021-01-26,San Francisco,075,870044,31406,819,32225,402
2021-01-26,San Joaquin,077,732212,61969,2402,64371,1136
2021-01-26,San Luis Obispo,079,281455,17881,458,18339,204
2021-01-26,San Mateo,081,765935,36421,326,36747,428
2021-01-26,Santa Barbara,083,443738,28923,851,29774,325
2021-01-26,Santa Clara,085,1922200,101632,454,102086,1359
2021-01-26,Santa Cruz,087,273765,14237,664,14901,164
2021-01-26,Shasta,089,179085,10275,1059,11334,155
2021-01-26,Sierra,091,2930,48,12,60,0
2021-01-26,Siskiyou,093,43540,1309,186,1495,11
2021-01-26,Solano,095,438530,27674,302,27976,203
2021-01-26,Sonoma,097,501317,25801,130,25931,259
2021-01-26,Stanislaus,099,539301,46476,4692,51168,781
2021-01-26,Sutter,101,95872,8207,76,8283,100
2021-01-26,Tehama,103,63373,4261,449,4710,56
2021-01-26,Trinity,105,12862,439,63,502,4
2021-01-26,Tulare,107,460477,45147,6463,51610,717
2021-01-26,Tuolumne,109,53932,3457,34,3491,47
2021-01-26,Ventura,111,848112,70121,2438,72559,707
2021-01-26,Yolo,113,214977,11966,125,12091,193
2021-01-26,Yuba,115,75493,5094,69,5163,34
2021-01-25,Alameda,001,1643700,73512,1511,75023,945
2021-01-25,Alpine,002,1148,73,0,73,0
2021-01-25,Amador,005,37829,3166,24,3190,34
2021-01-25,Butte,007,227075,10506,1459,11965,162
2021-01-25,Calaveras,009,45235,1722,10,1732,41
2021-01-25,Colusa,011,21464,1742,195,1937,11
2021-01-25,Contra Costa,013,1133247,57349,940,58289,621
2021-01-25,Del Norte,015,27424,890,4,894,3
2021-01-25,El Dorado,017,186661,8502,559,9061,93
2021-01-25,Fresno,019,978130,89982,6730,96712,1338
2021-01-25,Glenn,021,27897,2096,428,2524,22
2021-01-25,Humboldt,023,135768,2738,17,2755,25
2021-01-25,Imperial,025,180216,26390,2300,28690,666
2021-01-25,Inyo,027,18085,1071,8,1079,31
2021-01-25,Kern,029,883053,86780,8120,94900,1002
2021-01-25,Kings,031,150075,20769,835,21604,186
2021-01-25,Lake,033,64148,2833,1,2834,48
2021-01-25,Lassen,035,31185,4903,86,4989,16
2021-01-25,Los Angeles,037,10098052,1102753,34600,1137353,19037
2021-01-25,Madera,039,155013,14575,691,15266,190
2021-01-25,Marin,041,260295,3796,70,3866,143
2021-01-25,Mariposa,043,17540,350,3,353,4
2021-01-25,Mendocino,045,87422,3237,61,3298,37
2021-01-25,Merced,047,269075,25762,714,26476,360
2021-01-25,Modoc,049,8938,301,91,392,4
2021-01-25,Mono,051,14174,1126,15,1141,3
2021-01-25,Monterey,053,433212,38907,1298,40205,458
2021-01-25,Napa,055,140530,8292,29,8321,58
2021-01-25,Nevada,057,99092,3600,139,3739,66
2021-01-25,Orange,059,3164182,231240,9225,240465,4076
2021-01-25,Placer,061,380077,19108,942,20050,242
2021-01-25,Plumas,063,18699,613,10,623,5
2021-01-25,Riverside,065,2383286,268161,12456,280617,3646
2021-01-25,Sacramento,067,1510023,86501,1020,87521,1329
2021-01-25,San Benito,069,59416,5352,66,5418,48
2021-01-25,San Bernardino,071,2135413,272915,7883,280798,4239
2021-01-25,San Diego,073,3302833,242066,11296,253362,2801
2021-01-25,San Francisco,075,870044,31260,796,32056,400
2021-01-25,San Joaquin,077,732212,61678,2377,64055,1128
2021-01-25,San Luis Obispo,079,281455,17747,453,18200,200
2021-01-25,San Mateo,081,765935,36188,320,36508,422
2021-01-25,Santa Barbara,083,443738,28689,841,29530,320
2021-01-25,Santa Clara,085,1922200,101108,446,101554,1346
2021-01-25,Santa Cruz,087,273765,14150,660,14810,163
2021-01-25,Shasta,089,179085,10234,1048,11282,154
2021-01-25,Sierra,091,2930,48,12,60,0
2021-01-25,Siskiyou,093,43540,1301,183,1484,11
2021-01-25,Solano,095,438530,27509,301,27810,201
2021-01-25,Sonoma,097,501317,25694,128,25822,258
2021-01-25,Stanislaus,099,539301,46230,4650,50880,777
2021-01-25,Sutter,101,95872,8164,76,8240,99
2021-01-25,Tehama,103,63373,4234,445,4679,55
2021-01-25,Trinity,105,12862,439,63,502,4
2021-01-25,Tulare,107,460477,44930,6361,51291,713
2021-01-25,Tuolumne,109,53932,3448,34,3482,47
2021-01-25,Ventura,111,848112,69500,2422,71922,695
2021-01-25,Yolo,113,214977,11882,124,12006,191
2021-01-25,Yuba,115,75493,5073,67,5140,34
2021-01-24,Alameda,001,1643700,73010,1500,74510,937
2021-01-24,Alpine,002,1148,73,0,73,0
2021-01-24,Amador,005,37829,3133,24,3157,34
2021-01-24,Butte,007,227075,10422,1443,11865,161
2021-01-24,Calaveras,009,45235,1709,10,1719,41
2021-01-24,Colusa,011,21464,1731,189,1920,11
2021-01-24,Contra Costa,013,1133247,56963,928,57891,613
2021-01-24,Del Norte,015,27424,886,4,890,3
2021-01-24,El Dorado,017,186661,8467,555,9022,91
2021-01-24,Fresno,019,978130,89543,6691,96234,1327
2021-01-24,Glenn,021,27897,2088,427,2515,21
2021-01-24,Humboldt,023,135768,2699,17,2716,25
2021-01-24,Imperial,025,180216,26295,2279,28574,662
2021-01-24,Inyo,027,18085,1055,8,1063,30
2021-01-24,Kern,029,883053,86345,8013,94358,994
2021-01-24,Kings,031,150075,20641,819,21460,183
2021-01-24,Lake,033,64148,2816,0,2816,48
2021-01-24,Lassen,035,31185,4892,83,4975,16
2021-01-24,Los Angeles,037,10098052,1096333,34297,1130630,18800
2021-01-24,Madera,039,155013,14492,685,15177,190
2021-01-24,Marin,041,260295,3732,69,3801,142
2021-01-24,Mariposa,043,17540,346,3,349,3
2021-01-24,Mendocino,045,87422,3216,60,3276,37
2021-01-24,Merced,047,269075,25551,705,26256,356
2021-01-24,Modoc,049,8938,301,91,392,4
2021-01-24,Mono,051,14174,1119,15,1134,3
2021-01-24,Monterey,053,433212,38635,1264,39899,450
2021-01-24,Napa,055,140530,8250,29,8279,55
2021-01-24,Nevada,057,99092,3558,137,3695,66
2021-01-24,Orange,059,3164182,229807,9156,238963,4049
2021-01-24,Placer,061,380077,18995,922,19917,242
2021-01-24,Plumas,063,18699,610,10,620,5
2021-01-24,Riverside,065,2383286,266522,12380,278902,3618
2021-01-24,Sacramento,067,1510023,85948,1012,86960,1323
2021-01-24,San Benito,069,59416,5310,63,5373,47
2021-01-24,San Bernardino,071,2135413,271602,7831,279433,4196
2021-01-24,San Diego,073,3302833,240372,11165,251537,2769
2021-01-24,San Francisco,075,870044,31069,775,31844,397
2021-01-24,San Joaquin,077,732212,61253,2363,63616,1115
2021-01-24,San Luis Obispo,079,281455,17622,451,18073,197
2021-01-24,San Mateo,081,765935,35943,314,36257,420
2021-01-24,Santa Barbara,083,443738,28374,831,29205,313
2021-01-24,Santa Clara,085,1922200,100473,441,100914,1333
2021-01-24,Santa Cruz,087,273765,14064,652,14716,160
2021-01-24,Shasta,089,179085,10163,1039,11202,154
2021-01-24,Sierra,091,2930,47,12,59,0
2021-01-24,Siskiyou,093,43540,1294,183,1477,11
2021-01-24,Solano,095,438530,27324,297,27621,197
2021-01-24,Sonoma,097,501317,25532,127,25659,256
2021-01-24,Stanislaus,099,539301,45921,4591,50512,772
2021-01-24,Sutter,101,95872,8100,76,8176,99
2021-01-24,Tehama,103,63373,4194,442,4636,55
2021-01-24,Trinity,105,12862,439,63,502,4
2021-01-24,Tulare,107,460477,44709,6272,50981,706
2021-01-24,Tuolumne,109,53932,3437,34,3471,47
2021-01-24,Ventura,111,848112,68810,2400,71210,685
2021-01-24,Yolo,113,214977,11799,120,11919,186
2021-01-24,Yuba,115,75493,5033,66,5099,33
2021-01-23,Alameda,001,1643700,72762,1494,74256,926
2021-01-23,Alpine,002,1148,73,0,73,0
2021-01-23,Amador,005,37829,3130,24,3154,34
2021-01-23,Butte,007,227075,10393,1440,11833,158
2021-01-23,Calaveras,009,45235,1706,10,1716,40
2021-01-23,Colusa,011,21464,1727,188,1915,10
2021-01-23,Contra Costa,013,1133247,56750,922,57672,607
2021-01-23,Del Norte,015,27424,884,4,888,3
2021-01-23,El Dorado,017,186661,8451,553,9004,91
2021-01-23,Fresno,019,978130,89356,6662,96018,1317
2021-01-23,Glenn,021,27897,2085,423,2508,21
2021-01-23,Humboldt,023,135768,2680,16,2696,25
2021-01-23,Imperial,025,180216,26261,2267,28528,654
2021-01-23,Inyo,027,18085,1046,8,1054,30
2021-01-23,Kern,029,883053,86102,7945,94047,983
2021-01-23,Kings,031,150075,20597,817,21414,182
2021-01-23,Lake,033,64148,2807,0,2807,48
2021-01-23,Lassen,035,31185,4891,80,4971,16
2021-01-23,Los Angeles,037,10098052,1093094,34139,1127233,18634
2021-01-23,Madera,039,155013,14455,683,15138,190
2021-01-23,Marin,041,260295,3676,67,3743,139
2021-01-23,Mariposa,043,17540,346,3,349,3
2021-01-23,Mendocino,045,87422,3202,60,3262,36
2021-01-23,Merced,047,269075,25459,691,26150,354
2021-01-23,Modoc,049,8938,301,91,392,4
2021-01-23,Mono,051,14174,1117,15,1132,3
2021-01-23,Monterey,053,433212,38552,1259,39811,446
2021-01-23,Napa,055,140530,8225,29,8254,54
2021-01-23,Nevada,057,99092,3547,136,3683,66
2021-01-23,Orange,059,3164182,229038,9116,238154,4008
2021-01-23,Placer,061,380077,18945,917,19862,241
2021-01-23,Plumas,063,18699,609,10,619,5
2021-01-23,Riverside,065,2383286,265622,12330,277952,3580
2021-01-23,Sacramento,067,1510023,85720,1009,86729,1314
2021-01-23,San Benito,069,59416,5286,62,5348,47
2021-01-23,San Bernardino,071,2135413,271045,7801,278846,4159
2021-01-23,San Diego,073,3302833,239311,11093,250404,2729
2021-01-23,San Francisco,075,870044,30964,745,31709,394
2021-01-23,San Joaquin,077,732212,61125,2353,63478,1108
2021-01-23,San Luis Obispo,079,281455,17558,448,18006,195
2021-01-23,San Mateo,081,765935,35767,303,36070,413
2021-01-23,Santa Barbara,083,443738,28189,822,29011,309
2021-01-23,Santa Clara,085,1922200,100114,440,100554,1319
2021-01-23,Santa Cruz,087,273765,14006,649,14655,159
2021-01-23,Shasta,089,179085,10134,1038,11172,152
2021-01-23,Sierra,091,2930,47,12,59,0
2021-01-23,Siskiyou,093,43540,1285,182,1467,11
2021-01-23,Solano,095,438530,27231,295,27526,197
2021-01-23,Sonoma,097,501317,25452,127,25579,253
2021-01-23,Stanislaus,099,539301,45754,4560,50314,769
2021-01-23,Sutter,101,95872,8082,75,8157,98
2021-01-23,Tehama,103,63373,4175,441,4616,55
2021-01-23,Trinity,105,12862,439,63,502,4
2021-01-23,Tulare,107,460477,44556,6212,50768,697
2021-01-23,Tuolumne,109,53932,3430,34,3464,47
2021-01-23,Ventura,111,848112,68354,2377,70731,680
2021-01-23,Yolo,113,214977,11758,118,11876,183
2021-01-23,Yuba,115,75493,5021,65,5086,33
2021-01-22,Alameda,001,1643700,72444,1487,73931,918
2021-01-22,Alpine,002,1148,73,0,73,0
2021-01-22,Amador,005,37829,3125,24,3149,33
2021-01-22,Butte,007,227075,10349,1427,11776,158
2021-01-22,Calaveras,009,45235,1697,10,1707,40
2021-01-22,Colusa,011,21464,1725,188,1913,10
2021-01-22,Contra Costa,013,1133247,56512,916,57428,603
2021-01-22,Del Norte,015,27424,883,4,887,3
2021-01-22,El Dorado,017,186661,8418,550,8968,91
2021-01-22,Fresno,019,978130,89016,6634,95650,1306
2021-01-22,Glenn,021,27897,2080,417,2497,21
2021-01-22,Humboldt,023,135768,2656,16,2672,25
2021-01-22,Imperial,025,180216,26227,2252,28479,649
2021-01-22,Inyo,027,18085,1035,8,1043,30
2021-01-22,Kern,029,883053,85805,7869,93674,966
2021-01-22,Kings,031,150075,20521,813,21334,180
2021-01-22,Lake,033,64148,2795,0,2795,46
2021-01-22,Lassen,035,31185,4882,79,4961,16
2021-01-22,Los Angeles,037,10098052,1088624,33952,1122576,18430
2021-01-22,Madera,039,155013,14395,682,15077,189
2021-01-22,Marin,041,260295,3639,65,3704,137
2021-01-22,Mariposa,043,17540,346,3,349,3
2021-01-22,Mendocino,045,87422,3177,59,3236,36
2021-01-22,Merced,047,269075,25336,684,26020,352
2021-01-22,Modoc,049,8938,301,91,392,2
2021-01-22,Mono,051,14174,1117,15,1132,3
2021-01-22,Monterey,053,433212,38399,1254,39653,438
2021-01-22,Napa,055,140530,8181,29,8210,54
2021-01-22,Nevada,057,99092,3522,135,3657,66
2021-01-22,Orange,059,3164182,228085,9069,237154,3969
2021-01-22,Placer,061,380077,18888,902,19790,241
2021-01-22,Plumas,063,18699,607,10,617,5
2021-01-22,Riverside,065,2383286,264478,12264,276742,3533
2021-01-22,Sacramento,067,1510023,85389,1001,86390,1299
2021-01-22,San Benito,069,59416,5260,62,5322,46
2021-01-22,San Bernardino,071,2135413,270243,7771,278014,4127
2021-01-22,San Diego,073,3302833,238071,11028,249099,2693
2021-01-22,San Francisco,075,870044,30850,728,31578,391
2021-01-22,San Joaquin,077,732212,60941,2341,63282,1102
2021-01-22,San Luis Obispo,079,281455,17468,445,17913,192
2021-01-22,San Mateo,081,765935,35545,300,35845,407
2021-01-22,Santa Barbara,083,443738,27989,811,28800,306
2021-01-22,Santa Clara,085,1922200,99668,437,100105,1303
2021-01-22,Santa Cruz,087,273765,13948,645,14593,154
2021-01-22,Shasta,089,179085,10114,1036,11150,152
2021-01-22,Sierra,091,2930,47,12,59,0
2021-01-22,Siskiyou,093,43540,1281,180,1461,11
2021-01-22,Solano,095,438530,27141,293,27434,193
2021-01-22,Sonoma,097,501317,25367,127,25494,252
2021-01-22,Stanislaus,099,539301,45588,4534,50122,766
2021-01-22,Sutter,101,95872,8057,75,8132,98
2021-01-22,Tehama,103,63373,4161,439,4600,55
2021-01-22,Trinity,105,12862,438,63,501,4
2021-01-22,Tulare,107,460477,44377,6145,50522,692
2021-01-22,Tuolumne,109,53932,3402,34,3436,47
2021-01-22,Ventura,111,848112,67841,2358,70199,673
2021-01-22,Yolo,113,214977,11725,116,11841,182
2021-01-22,Yuba,115,75493,4997,63,5060,33
2021-01-21,Alameda,001,1643700,72010,1470,73480,912
2021-01-21,Alpine,002,1148,73,0,73,0
2021-01-21,Amador,005,37829,3103,24,3127,33
2021-01-21,Butte,007,227075,10285,1420,11705,157
2021-01-21,Calaveras,009,45235,1689,10,1699,40
2021-01-21,Colusa,011,21464,1718,186,1904,10
2021-01-21,Contra Costa,013,1133247,56122,904,57026,595
2021-01-21,Del Norte,015,27424,881,3,884,3
2021-01-21,El Dorado,017,186661,8369,547,8916,90
2021-01-21,Fresno,019,978130,88612,6594,95206,1295
2021-01-21,Glenn,021,27897,2072,412,2484,21
2021-01-21,Humboldt,023,135768,2633,16,2649,24
2021-01-21,Imperial,025,180216,26142,2240,28382,642
2021-01-21,Inyo,027,18085,1026,8,1034,30
2021-01-21,Kern,029,883053,85392,7754,93146,957
2021-01-21,Kings,031,150075,20450,796,21246,177
2021-01-21,Lake,033,64148,2781,0,2781,46
2021-01-21,Lassen,035,31185,4875,79,4954,16
2021-01-21,Los Angeles,037,10098052,1081958,33640,1115598,18210
2021-01-21,Madera,039,155013,14331,674,15005,188
2021-01-21,Marin,041,260295,3585,63,3648,137
2021-01-21,Mariposa,043,17540,342,3,345,3
2021-01-21,Mendocino,045,87422,3154,57,3211,36
2021-01-21,Merced,047,269075,25182,677,25859,348
2021-01-21,Modoc,049,8938,298,90,388,2
2021-01-21,Mono,051,14174,1112,15,1127,3
2021-01-21,Monterey,053,433212,38118,1245,39363,432
2021-01-21,Napa,055,140530,8117,29,8146,51
2021-01-21,Nevada,057,99092,3493,134,3627,66
2021-01-21,Orange,059,3164182,226710,9015,235725,3922
2021-01-21,Placer,061,380077,18810,898,19708,239
2021-01-21,Plumas,063,18699,603,10,613,5
2021-01-21,Riverside,065,2383286,262762,12186,274948,3496
2021-01-21,Sacramento,067,1510023,84910,981,85891,1286
2021-01-21,San Benito,069,59416,5230,57,5287,45
2021-01-21,San Bernardino,071,2135413,268925,7706,276631,4079
2021-01-21,San Diego,073,3302833,236296,10921,247217,2659
2021-01-21,San Francisco,075,870044,30677,694,31371,382
2021-01-21,San Joaquin,077,732212,60635,2323,62958,1092
2021-01-21,San Luis Obispo,079,281455,17382,437,17819,186
2021-01-21,San Mateo,081,765935,35299,287,35586,402
2021-01-21,Santa Barbara,083,443738,27701,798,28499,301
2021-01-21,Santa Clara,085,1922200,99081,432,99513,1286
2021-01-21,Santa Cruz,087,273765,13864,635,14499,153
2021-01-21,Shasta,089,179085,10071,1021,11092,151
2021-01-21,Sierra,091,2930,47,12,59,0
2021-01-21,Siskiyou,093,43540,1278,178,1456,11
2021-01-21,Solano,095,438530,26963,289,27252,188
2021-01-21,Sonoma,097,501317,25227,125,25352,251
2021-01-21,Stanislaus,099,539301,45290,4490,49780,759
2021-01-21,Sutter,101,95872,8023,75,8098,98
2021-01-21,Tehama,103,63373,4122,438,4560,55
2021-01-21,Trinity,105,12862,438,63,501,4
2021-01-21,Tulare,107,460477,44166,6071,50237,684
2021-01-21,Tuolumne,109,53932,3392,33,3425,47
2021-01-21,Ventura,111,848112,67142,2338,69480,661
2021-01-21,Yolo,113,214977,11634,108,11742,180
2021-01-21,Yuba,115,75493,4965,62,5027,33
2021-01-20,Alameda,001,1643700,71537,1454,72991,896
2021-01-20,Alpine,002,1148,73,0,73,0
2021-01-20,Amador,005,37829,3072,24,3096,33
2021-01-20,Butte,007,227075,10229,1410,11639,156
2021-01-20,Calaveras,009,45235,1667,9,1676,40
2021-01-20,Colusa,011,21464,1701,181,1882,10
2021-01-20,Contra Costa,013,1133247,55695,895,56590,592
2021-01-20,Del Norte,015,27424,880,3,883,3
2021-01-20,El Dorado,017,186661,8319,544,8863,89
2021-01-20,Fresno,019,978130,88192,6540,94732,1277
2021-01-20,Glenn,021,27897,2053,410,2463,21
2021-01-20,Humboldt,023,135768,2590,16,2606,24
2021-01-20,Imperial,025,180216,26070,2206,28276,637
2021-01-20,Inyo,027,18085,1016,8,1024,30
2021-01-20,Kern,029,883053,84942,7649,92591,946
2021-01-20,Kings,031,150075,20360,788,21148,174
2021-01-20,Lake,033,64148,2761,0,2761,46
2021-01-20,Lassen,035,31185,4867,77,4944,16
2021-01-20,Los Angeles,037,10098052,1074457,33362,1107819,17991
2021-01-20,Madera,039,155013,14266,670,14936,185
2021-01-20,Marin,041,260295,3529,61,3590,135
2021-01-20,Mariposa,043,17540,340,3,343,3
2021-01-20,Mendocino,045,87422,3139,57,3196,36
2021-01-20,Merced,047,269075,25009,655,25664,346
2021-01-20,Modoc,049,8938,297,90,387,2
2021-01-20,Mono,051,14174,1105,14,1119,3
2021-01-20,Monterey,053,433212,37806,1225,39031,428
2021-01-20,Napa,055,140530,8048,29,8077,50
2021-01-20,Nevada,057,99092,3461,134,3595,66
2021-01-20,Orange,059,3164182,225174,8954,234128,3862
2021-01-20,Placer,061,380077,18716,880,19596,234
2021-01-20,Plumas,063,18699,601,10,611,5
2021-01-20,Riverside,065,2383286,260718,12103,272821,3439
2021-01-20,Sacramento,067,1510023,84350,971,85321,1275
2021-01-20,San Benito,069,59416,5199,56,5255,45
2021-01-20,San Bernardino,071,2135413,267604,7659,275263,4041
2021-01-20,San Diego,073,3302833,234441,10817,245258,2624
2021-01-20,San Francisco,075,870044,30490,673,31163,374
2021-01-20,San Joaquin,077,732212,60232,2314,62546,1082
2021-01-20,San Luis Obispo,079,281455,17200,428,17628,186
2021-01-20,San Mateo,081,765935,35072,286,35358,396
2021-01-20,Santa Barbara,083,443738,27383,786,28169,297
2021-01-20,Santa Clara,085,1922200,98436,430,98866,1274
2021-01-20,Santa Cruz,087,273765,13757,622,14379,151
2021-01-20,Shasta,089,179085,10019,1011,11030,151
2021-01-20,Sierra,091,2930,47,12,59,0
2021-01-20,Siskiyou,093,43540,1271,177,1448,11
2021-01-20,Solano,095,438530,26770,285,27055,186
2021-01-20,Sonoma,097,501317,25090,123,25213,250
2021-01-20,Stanislaus,099,539301,45010,4452,49462,753
2021-01-20,Sutter,101,95872,7972,73,8045,95
2021-01-20,Tehama,103,63373,4096,435,4531,55
2021-01-20,Trinity,105,12862,438,63,501,4
2021-01-20,Tulare,107,460477,43909,5981,49890,674
2021-01-20,Tuolumne,109,53932,3378,32,3410,47
2021-01-20,Ventura,111,848112,66181,2309,68490,656
2021-01-20,Yolo,113,214977,11570,105,11675,177
2021-01-20,Yuba,115,75493,4938,62,5000,32
2021-01-19,Alameda,001,1643700,70895,1445,72340,883
2021-01-19,Alpine,002,1148,73,0,73,0
2021-01-19,Amador,005,37829,3063,24,3087,32
2021-01-19,Butte,007,227075,10166,1396,11562,155
2021-01-19,Calaveras,009,45235,1652,8,1660,40
2021-01-19,Colusa,011,21464,1679,178,1857,10
2021-01-19,Contra Costa,013,1133247,55233,885,56118,586
2021-01-19,Del Norte,015,27424,878,3,881,2
2021-01-19,El Dorado,017,186661,8258,536,8794,89
2021-01-19,Fresno,019,978130,87671,6490,94161,1270
2021-01-19,Glenn,021,27897,2041,405,2446,20
2021-01-19,Humboldt,023,135768,2566,13,2579,24
2021-01-19,Imperial,025,180216,25990,2189,28179,634
2021-01-19,Inyo,027,18085,1008,8,1016,30
2021-01-19,Kern,029,883053,84354,7544,91898,935
2021-01-19,Kings,031,150075,20221,778,20999,173
2021-01-19,Lake,033,64148,2748,0,2748,46
2021-01-19,Lassen,035,31185,4860,77,4937,16
2021-01-19,Los Angeles,037,10098052,1065784,33098,1098882,17748
2021-01-19,Madera,039,155013,14155,665,14820,182
2021-01-19,Marin,041,260295,3474,57,3531,133
2021-01-19,Mariposa,043,17540,340,3,343,3
2021-01-19,Mendocino,045,87422,3122,57,3179,36
2021-01-19,Merced,047,269075,24797,646,25443,340
2021-01-19,Modoc,049,8938,296,90,386,2
2021-01-19,Mono,051,14174,1104,14,1118,3
2021-01-19,Monterey,053,433212,37505,1204,38709,423
2021-01-19,Napa,055,140530,7990,29,8019,49
2021-01-19,Nevada,057,99092,3443,132,3575,66
2021-01-19,Orange,059,3164182,223441,8887,232328,3808
2021-01-19,Placer,061,380077,18619,870,19489,234
2021-01-19,Plumas,063,18699,594,10,604,5
2021-01-19,Riverside,065,2383286,258631,12025,270656,3392
2021-01-19,Sacramento,067,1510023,83813,951,84764,1269
2021-01-19,San Benito,069,59416,5153,55,5208,43
2021-01-19,San Bernardino,071,2135413,265903,7605,273508,3994
2021-01-19,San Diego,073,3302833,232018,10719,242737,2581
2021-01-19,San Francisco,075,870044,30271,642,30913,369
2021-01-19,San Joaquin,077,732212,59852,2303,62155,1067
2021-01-19,San Luis Obispo,079,281455,16937,425,17362,181
2021-01-19,San Mateo,081,765935,34787,275,35062,393
2021-01-19,Santa Barbara,083,443738,26999,770,27769,291
2021-01-19,Santa Clara,085,1922200,97701,429,98130,1256
2021-01-19,Santa Cruz,087,273765,13640,614,14254,150
2021-01-19,Shasta,089,179085,9983,1001,10984,149
2021-01-19,Sierra,091,2930,47,10,57,0
2021-01-19,Siskiyou,093,43540,1263,175,1438,11
2021-01-19,Solano,095,438530,26524,284,26808,182
2021-01-19,Sonoma,097,501317,24910,121,25031,246
2021-01-19,Stanislaus,099,539301,44662,4407,49069,749
2021-01-19,Sutter,101,95872,7922,67,7989,92
2021-01-19,Tehama,103,63373,4066,433,4499,54
2021-01-19,Trinity,105,12862,437,63,500,4
2021-01-19,Tulare,107,460477,43630,5886,49516,661
2021-01-19,Tuolumne,109,53932,3351,32,3383,47
2021-01-19,Ventura,111,848112,65497,2282,67779,638
2021-01-19,Yolo,113,214977,11485,105,11590,176
2021-01-19,Yuba,115,75493,4905,61,4966,30
2021-01-18,Alameda,001,1643700,70263,1428,71691,870
2021-01-18,Alpine,002,1148,73,0,73,0
2021-01-18,Amador,005,37829,3049,24,3073,31
2021-01-18,Butte,007,227075,10080,1384,11464,155
2021-01-18,Calaveras,009,45235,1631,7,1638,40
2021-01-18,Colusa,011,21464,1663,176,1839,10
2021-01-18,Contra Costa,013,1133247,54724,877,55601,575
2021-01-18,Del Norte,015,27424,877,3,880,2
2021-01-18,El Dorado,017,186661,8192,534,8726,86
2021-01-18,Fresno,019,978130,87059,6424,93483,1260
2021-01-18,Glenn,021,27897,2024,401,2425,19
2021-01-18,Humboldt,023,135768,2528,13,2541,24
2021-01-18,Imperial,025,180216,25922,2165,28087,628
2021-01-18,Inyo,027,18085,996,8,1004,30
2021-01-18,Kern,029,883053,83717,7453,91170,920
2021-01-18,Kings,031,150075,20051,766,20817,170
2021-01-18,Lake,033,64148,2731,0,2731,46
2021-01-18,Lassen,035,31185,4824,76,4900,16
2021-01-18,Los Angeles,037,10098052,1056272,32815,1089087,17532
2021-01-18,Madera,039,155013,14053,656,14709,182
2021-01-18,Marin,041,260295,3428,55,3483,131
2021-01-18,Mariposa,043,17540,337,2,339,3
2021-01-18,Mendocino,045,87422,3099,57,3156,36
2021-01-18,Merced,047,269075,24552,630,25182,335
2021-01-18,Modoc,049,8938,293,87,380,2
2021-01-18,Mono,051,14174,1101,14,1115,3
2021-01-18,Monterey,053,433212,37063,1190,38253,416
2021-01-18,Napa,055,140530,7917,29,7946,49
2021-01-18,Nevada,057,99092,3405,132,3537,66
2021-01-18,Orange,059,3164182,221553,8833,230386,3752
2021-01-18,Placer,061,380077,18503,861,19364,230
2021-01-18,Plumas,063,18699,591,10,601,5
2021-01-18,Riverside,065,2383286,256320,11932,268252,3345
2021-01-18,Sacramento,067,1510023,83143,935,84078,1256
2021-01-18,San Benito,069,59416,5105,53,5158,42
2021-01-18,San Bernardino,071,2135413,264184,7550,271734,3940
2021-01-18,San Diego,073,3302833,229369,10590,239959,2539
2021-01-18,San Francisco,075,870044,30064,618,30682,363
2021-01-18,San Joaquin,077,732212,59340,2282,61622,1058
2021-01-18,San Luis Obispo,079,281455,16750,415,17165,177
2021-01-18,San Mateo,081,765935,34475,256,34731,383
2021-01-18,Santa Barbara,083,443738,26620,757,27377,288
2021-01-18,Santa Clara,085,1922200,96914,425,97339,1235
2021-01-18,Santa Cruz,087,273765,13507,601,14108,147
2021-01-18,Shasta,089,179085,9944,991,10935,148
2021-01-18,Sierra,091,2930,46,10,56,0
2021-01-18,Siskiyou,093,43540,1250,174,1424,11
2021-01-18,Solano,095,438530,26247,280,26527,181
2021-01-18,Sonoma,097,501317,24642,120,24762,245
2021-01-18,Stanislaus,099,539301,44305,4351,48656,743
2021-01-18,Sutter,101,95872,7865,65,7930,91
2021-01-18,Tehama,103,63373,4021,426,4447,54
2021-01-18,Trinity,105,12862,437,63,500,4
2021-01-18,Tulare,107,460477,43340,5780,49120,650
2021-01-18,Tuolumne,109,53932,3327,31,3358,47
2021-01-18,Ventura,111,848112,65064,2260,67324,631
2021-01-18,Yolo,113,214977,11363,102,11465,176
2021-01-18,Yuba,115,75493,4878,59,4937,30
2021-01-17,Alameda,001,1643700,69698,1410,71108,866
2021-01-17,Alpine,002,1148,73,0,73,0
2021-01-17,Amador,005,37829,3042,24,3066,31
2021-01-17,Butte,007,227075,10005,1360,11365,155
2021-01-17,Calaveras,009,45235,1618,7,1625,40
2021-01-17,Colusa,011,21464,1650,172,1822,10
2021-01-17,Contra Costa,013,1133247,54217,866,55083,571
2021-01-17,Del Norte,015,27424,877,3,880,2
2021-01-17,El Dorado,017,186661,8137,523,8660,82
2021-01-17,Fresno,019,978130,86506,6349,92855,1247
2021-01-17,Glenn,021,27897,2013,396,2409,18
2021-01-17,Humboldt,023,135768,2492,11,2503,24
2021-01-17,Imperial,025,180216,25851,2124,27975,623
2021-01-17,Inyo,027,18085,990,8,998,30
2021-01-17,Kern,029,883053,83168,7367,90535,906
2021-01-17,Kings,031,150075,19915,752,20667,166
2021-01-17,Lake,033,64148,2717,0,2717,45
2021-01-17,Lassen,035,31185,4816,75,4891,16
2021-01-17,Los Angeles,037,10098052,1049609,32430,1082039,17283
2021-01-17,Madera,039,155013,13963,652,14615,182
2021-01-17,Marin,041,260295,3379,53,3432,130
2021-01-17,Mariposa,043,17540,337,2,339,3
2021-01-17,Mendocino,045,87422,3071,56,3127,36
2021-01-17,Merced,047,269075,24339,612,24951,330
2021-01-17,Modoc,049,8938,292,87,379,2
2021-01-17,Mono,051,14174,1094,13,1107,3
2021-01-17,Monterey,053,433212,36819,1164,37983,408
2021-01-17,Napa,055,140530,7862,29,7891,47
2021-01-17,Nevada,057,99092,3380,130,3510,66
2021-01-17,Orange,059,3164182,219559,8760,228319,3700
2021-01-17,Placer,061,380077,18397,846,19243,227
2021-01-17,Plumas,063,18699,589,9,598,5
2021-01-17,Riverside,065,2383286,254210,11816,266026,3289
2021-01-17,Sacramento,067,1510023,82543,923,83466,1244
2021-01-17,San Benito,069,59416,5067,53,5120,42
2021-01-17,San Bernardino,071,2135413,262085,7463,269548,3904
2021-01-17,San Diego,073,3302833,227175,10483,237658,2503
2021-01-17,San Francisco,075,870044,29876,581,30457,361
2021-01-17,San Joaquin,077,732212,58983,2268,61251,1050
2021-01-17,San Luis Obispo,079,281455,16628,406,17034,172
2021-01-17,San Mateo,081,765935,34223,233,34456,376
2021-01-17,Santa Barbara,083,443738,26159,745,26904,277
2021-01-17,Santa Clara,085,1922200,96154,422,96576,1216
2021-01-17,Santa Cruz,087,273765,13395,598,13993,140
2021-01-17,Shasta,089,179085,9886,983,10869,146
2021-01-17,Sierra,091,2930,46,9,55,0
2021-01-17,Siskiyou,093,43540,1243,171,1414,11
2021-01-17,Solano,095,438530,26024,278,26302,180
2021-01-17,Sonoma,097,501317,24468,120,24588,244
2021-01-17,Stanislaus,099,539301,43985,4288,48273,736
2021-01-17,Sutter,101,95872,7802,64,7866,91
2021-01-17,Tehama,103,63373,3990,422,4412,52
2021-01-17,Trinity,105,12862,437,63,500,4
2021-01-17,Tulare,107,460477,43053,5664,48717,639
2021-01-17,Tuolumne,109,53932,3310,31,3341,47
2021-01-17,Ventura,111,848112,64212,2213,66425,621
2021-01-17,Yolo,113,214977,11264,100,11364,175
2021-01-17,Yuba,115,75493,4831,56,4887,30
2021-01-16,Alameda,001,1643700,69376,1398,70774,856
2021-01-16,Alpine,002,1148,73,0,73,0
2021-01-16,Amador,005,37829,3039,24,3063,31
2021-01-16,Butte,007,227075,9974,1340,11314,154
2021-01-16,Calaveras,009,45235,1605,7,1612,38
2021-01-16,Colusa,011,21464,1639,172,1811,10
2021-01-16,Contra Costa,013,1133247,53938,859,54797,564
2021-01-16,Del Norte,015,27424,872,3,875,2
2021-01-16,El Dorado,017,186661,8115,522,8637,80
2021-01-16,Fresno,019,978130,86231,6295,92526,1232
2021-01-16,Glenn,021,27897,2009,393,2402,18
2021-01-16,Humboldt,023,135768,2472,9,2481,24
2021-01-16,Imperial,025,180216,25813,2117,27930,618
2021-01-16,Inyo,027,18085,986,8,994,30
2021-01-16,Kern,029,883053,82801,7313,90114,893
2021-01-16,Kings,031,150075,19859,749,20608,166
2021-01-16,Lake,033,64148,2705,0,2705,44
2021-01-16,Lassen,035,31185,4804,75,4879,16
2021-01-16,Los Angeles,037,10098052,1045523,32196,1077719,17017
2021-01-16,Madera,039,155013,13897,647,14544,182
2021-01-16,Marin,041,260295,3337,53,3390,130
2021-01-16,Mariposa,043,17540,336,2,338,3
2021-01-16,Mendocino,045,87422,3057,53,3110,35
2021-01-16,Merced,047,269075,24252,598,24850,328
2021-01-16,Modoc,049,8938,292,87,379,2
2021-01-16,Mono,051,14174,1092,13,1105,3
2021-01-16,Monterey,053,433212,36708,1148,37856,397
2021-01-16,Napa,055,140530,7823,29,7852,46
2021-01-16,Nevada,057,99092,3347,130,3477,66
2021-01-16,Orange,059,3164182,218525,8704,227229,3642
2021-01-16,Placer,061,380077,18333,844,19177,223
2021-01-16,Plumas,063,18699,587,9,596,5
2021-01-16,Riverside,065,2383286,252852,11701,264553,3254
2021-01-16,Sacramento,067,1510023,82169,906,83075,1233
2021-01-16,San Benito,069,59416,5034,53,5087,42
2021-01-16,San Bernardino,071,2135413,261257,7396,268653,3849
2021-01-16,San Diego,073,3302833,225877,10386,236263,2454
2021-01-16,San Francisco,075,870044,29747,550,30297,358
2021-01-16,San Joaquin,077,732212,58740,2235,60975,1040
2021-01-16,San Luis Obispo,079,281455,16527,404,16931,171
2021-01-16,San Mateo,081,765935,34059,227,34286,365
2021-01-16,Santa Barbara,083,443738,25958,741,26699,273
2021-01-16,Santa Clara,085,1922200,95659,415,96074,1195
2021-01-16,Santa Cruz,087,273765,13335,596,13931,137
2021-01-16,Shasta,089,179085,9853,979,10832,143
2021-01-16,Sierra,091,2930,45,9,54,0
2021-01-16,Siskiyou,093,43540,1238,171,1409,11
2021-01-16,Solano,095,438530,25913,274,26187,176
2021-01-16,Sonoma,097,501317,24377,119,24496,243
2021-01-16,Stanislaus,099,539301,43797,4238,48035,731
2021-01-16,Sutter,101,95872,7770,64,7834,91
2021-01-16,Tehama,103,63373,3976,422,4398,52
2021-01-16,Trinity,105,12862,437,63,500,4
2021-01-16,Tulare,107,460477,42874,5591,48465,631
2021-01-16,Tuolumne,109,53932,3302,31,3333,47
2021-01-16,Ventura,111,848112,63659,2183,65842,602
2021-01-16,Yolo,113,214977,11213,99,11312,175
2021-01-16,Yuba,115,75493,4803,56,4859,30
2021-01-15,Alameda,001,1643700,68948,1387,70335,843
2021-01-15,Alpine,002,1148,73,0,73,0
2021-01-15,Amador,005,37829,3032,24,3056,31
2021-01-15,Butte,007,227075,9932,1326,11258,154
2021-01-15,Calaveras,009,45235,1598,7,1605,37
2021-01-15,Colusa,011,21464,1628,167,1795,10
2021-01-15,Contra Costa,013,1133247,53602,852,54454,560
2021-01-15,Del Norte,015,27424,868,2,870,2
2021-01-15,El Dorado,017,186661,8065,514,8579,78
2021-01-15,Fresno,019,978130,85693,6259,91952,1218
2021-01-15,Glenn,021,27897,2005,390,2395,18
2021-01-15,Humboldt,023,135768,2445,8,2453,24
2021-01-15,Imperial,025,180216,25777,2111,27888,616
2021-01-15,Inyo,027,18085,969,8,977,30
2021-01-15,Kern,029,883053,82385,7248,89633,880
2021-01-15,Kings,031,150075,19750,743,20493,164
2021-01-15,Lake,033,64148,2679,0,2679,44
2021-01-15,Lassen,035,31185,4793,73,4866,13
2021-01-15,Los Angeles,037,10098052,1038469,31915,1070384,16767
2021-01-15,Madera,039,155013,13807,643,14450,180
2021-01-15,Marin,041,260295,3281,53,3334,125
2021-01-15,Mariposa,043,17540,334,2,336,3
2021-01-15,Mendocino,045,87422,3046,53,3099,35
2021-01-15,Merced,047,269075,24140,594,24734,327
2021-01-15,Modoc,049,8938,292,85,377,2
2021-01-15,Mono,051,14174,1089,13,1102,3
2021-01-15,Monterey,053,433212,36491,1091,37582,389
2021-01-15,Napa,055,140530,7761,29,7790,46
2021-01-15,Nevada,057,99092,3334,127,3461,66
2021-01-15,Orange,059,3164182,217170,8652,225822,3586
2021-01-15,Placer,061,380077,18228,835,19063,222
2021-01-15,Plumas,063,18699,584,9,593,5
2021-01-15,Riverside,065,2383286,250990,11622,262612,3209
2021-01-15,Sacramento,067,1510023,81746,898,82644,1225
2021-01-15,San Benito,069,59416,4995,51,5046,42
2021-01-15,San Bernardino,071,2135413,260074,7335,267409,3785
2021-01-15,San Diego,073,3302833,224128,10321,234449,2414
2021-01-15,San Francisco,075,870044,29574,530,30104,348
2021-01-15,San Joaquin,077,732212,58512,2221,60733,1029
2021-01-15,San Luis Obispo,079,281455,16393,399,16792,167
2021-01-15,San Mateo,081,765935,33814,223,34037,359
2021-01-15,Santa Barbara,083,443738,25675,737,26412,269
2021-01-15,Santa Clara,085,1922200,94998,410,95408,1175
2021-01-15,Santa Cruz,087,273765,13226,583,13809,133
2021-01-15,Shasta,089,179085,9814,972,10786,142
2021-01-15,Sierra,091,2930,44,7,51,0
2021-01-15,Siskiyou,093,43540,1234,171,1405,11
2021-01-15,Solano,095,438530,25765,272,26037,175
2021-01-15,Sonoma,097,501317,24246,118,24364,239
2021-01-15,Stanislaus,099,539301,43547,4196,47743,728
2021-01-15,Sutter,101,95872,7723,63,7786,89
2021-01-15,Tehama,103,63373,3954,421,4375,52
2021-01-15,Trinity,105,12862,437,63,500,4
2021-01-15,Tulare,107,460477,42632,5508,48140,627
2021-01-15,Tuolumne,109,53932,3286,31,3317,45
2021-01-15,Ventura,111,848112,62916,2150,65066,590
2021-01-15,Yolo,113,214977,11155,98,11253,172
2021-01-15,Yuba,115,75493,4783,56,4839,30
2021-01-14,Alameda,001,1643700,68321,1372,69693,836
2021-01-14,Alpine,002,1148,73,0,73,0
2021-01-14,Amador,005,37829,3026,24,3050,29
2021-01-14,Butte,007,227075,9844,1305,11149,154
2021-01-14,Calaveras,009,45235,1581,7,1588,37
2021-01-14,Colusa,011,21464,1613,161,1774,10
2021-01-14,Contra Costa,013,1133247,53059,840,53899,557
2021-01-14,Del Norte,015,27424,862,2,864,2
2021-01-14,El Dorado,017,186661,7991,507,8498,77
2021-01-14,Fresno,019,978130,85060,6179,91239,1201
2021-01-14,Glenn,021,27897,1993,385,2378,18
2021-01-14,Humboldt,023,135768,2402,8,2410,24
2021-01-14,Imperial,025,180216,25671,2081,27752,611
2021-01-14,Inyo,027,18085,962,8,970,30
2021-01-14,Kern,029,883053,81713,7147,88860,869
2021-01-14,Kings,031,150075,19620,739,20359,164
2021-01-14,Lake,033,64148,2640,0,2640,43
2021-01-14,Lassen,035,31185,4783,71,4854,13
2021-01-14,Los Angeles,037,10098052,1028442,31550,1059992,16467
2021-01-14,Madera,039,155013,13692,634,14326,177
2021-01-14,Marin,041,260295,3205,52,3257,124
2021-01-14,Mariposa,043,17540,331,2,333,3
2021-01-14,Mendocino,045,87422,3032,51,3083,32
2021-01-14,Merced,047,269075,23913,584,24497,323
2021-01-14,Modoc,049,8938,292,85,377,2
2021-01-14,Mono,051,14174,1081,13,1094,3
2021-01-14,Monterey,053,433212,36070,1069,37139,378
2021-01-14,Napa,055,140530,7675,29,7704,45
2021-01-14,Nevada,057,99092,3307,125,3432,65
2021-01-14,Orange,059,3164182,215265,8569,223834,3528
2021-01-14,Placer,061,380077,18067,828,18895,219
2021-01-14,Plumas,063,18699,576,9,585,5
2021-01-14,Riverside,065,2383286,248343,11521,259864,3156
2021-01-14,Sacramento,067,1510023,81107,875,81982,1208
2021-01-14,San Benito,069,59416,4959,50,5009,41
2021-01-14,San Bernardino,071,2135413,258091,7265,265356,3726
2021-01-14,San Diego,073,3302833,221730,10201,231931,2356
2021-01-14,San Francisco,075,870044,29327,484,29811,343
2021-01-14,San Joaquin,077,732212,57994,2208,60202,1016
2021-01-14,San Luis Obispo,079,281455,16231,390,16621,163
2021-01-14,San Mateo,081,765935,33445,214,33659,357
2021-01-14,Santa Barbara,083,443738,25254,720,25974,260
2021-01-14,Santa Clara,085,1922200,94087,404,94491,1150
2021-01-14,Santa Cruz,087,273765,13079,568,13647,131
2021-01-14,Shasta,089,179085,9765,956,10721,142
2021-01-14,Sierra,091,2930,44,6,50,0
2021-01-14,Siskiyou,093,43540,1222,168,1390,11
2021-01-14,Solano,095,438530,25506,268,25774,172
2021-01-14,Sonoma,097,501317,24006,118,24124,237
2021-01-14,Stanislaus,099,539301,43220,4155,47375,724
2021-01-14,Sutter,101,95872,7664,60,7724,89
2021-01-14,Tehama,103,63373,3925,417,4342,51
2021-01-14,Trinity,105,12862,437,62,499,4
2021-01-14,Tulare,107,460477,42248,5399,47647,625
2021-01-14,Tuolumne,109,53932,3265,31,3296,45
2021-01-14,Ventura,111,848112,62042,2113,64155,574
2021-01-14,Yolo,113,214977,11052,92,11144,171
2021-01-14,Yuba,115,75493,4751,56,4807,29
2021-01-13,Alameda,001,1643700,67571,1354,68925,824
2021-01-13,Alpine,002,1148,73,0,73,0
2021-01-13,Amador,005,37829,3012,24,3036,29
2021-01-13,Butte,007,227075,9763,1290,11053,153
2021-01-13,Calaveras,009,45235,1559,7,1566,36
2021-01-13,Colusa,011,21464,1603,153,1756,10
2021-01-13,Contra Costa,013,1133247,52487,829,53316,547
2021-01-13,Del Norte,015,27424,858,2,860,2
2021-01-13,El Dorado,017,186661,7897,499,8396,73
2021-01-13,Fresno,019,978130,84340,6138,90478,1187
2021-01-13,Glenn,021,27897,1977,376,2353,18
2021-01-13,Humboldt,023,135768,2369,8,2377,24
2021-01-13,Imperial,025,180216,25547,2049,27596,606
2021-01-13,Inyo,027,18085,950,8,958,29
2021-01-13,Kern,029,883053,81056,7057,88113,859
2021-01-13,Kings,031,150075,19453,718,20171,163
2021-01-13,Lake,033,64148,2599,0,2599,43
2021-01-13,Lassen,035,31185,4776,70,4846,13
2021-01-13,Los Angeles,037,10098052,1017648,31153,1048801,16188
2021-01-13,Madera,039,155013,13576,629,14205,174
2021-01-13,Marin,041,260295,3153,52,3205,122
2021-01-13,Mariposa,043,17540,329,2,331,3
2021-01-13,Mendocino,045,87422,3012,51,3063,32
2021-01-13,Merced,047,269075,23674,570,24244,319
2021-01-13,Modoc,049,8938,291,82,373,2
2021-01-13,Mono,051,14174,1077,13,1090,3
2021-01-13,Monterey,053,433212,35645,1045,36690,373
2021-01-13,Napa,055,140530,7561,29,7590,44
2021-01-13,Nevada,057,99092,3283,122,3405,65
2021-01-13,Orange,059,3164182,213191,8498,221689,3480
2021-01-13,Placer,061,380077,17942,814,18756,218
2021-01-13,Plumas,063,18699,574,9,583,5
2021-01-13,Riverside,065,2383286,245196,11408,256604,3107
2021-01-13,Sacramento,067,1510023,80446,868,81314,1198
2021-01-13,San Benito,069,59416,4903,49,4952,40
2021-01-13,San Bernardino,071,2135413,255702,7190,262892,3671
2021-01-13,San Diego,073,3302833,219115,10098,229213,2312
2021-01-13,San Francisco,075,870044,29088,464,29552,334
2021-01-13,San Joaquin,077,732212,57372,2180,59552,1005
2021-01-13,San Luis Obispo,079,281455,16076,379,16455,159
2021-01-13,San Mateo,081,765935,33106,212,33318,348
2021-01-13,Santa Barbara,083,443738,24812,704,25516,254
2021-01-13,Santa Clara,085,1922200,93114,400,93514,1133
2021-01-13,Santa Cruz,087,273765,12906,554,13460,130
2021-01-13,Shasta,089,179085,9701,942,10643,139
2021-01-13,Sierra,091,2930,44,6,50,0
2021-01-13,Siskiyou,093,43540,1216,164,1380,11
2021-01-13,Solano,095,438530,25236,265,25501,170
2021-01-13,Sonoma,097,501317,23755,117,23872,235
2021-01-13,Stanislaus,099,539301,42828,4102,46930,719
2021-01-13,Sutter,101,95872,7618,59,7677,87
2021-01-13,Tehama,103,63373,3874,412,4286,51
2021-01-13,Trinity,105,12862,437,62,499,4
2021-01-13,Tulare,107,460477,41845,5299,47144,623
2021-01-13,Tuolumne,109,53932,3251,31,3282,43
2021-01-13,Ventura,111,848112,61030,2073,63103,556
2021-01-13,Yolo,113,214977,10954,89,11043,170
2021-01-13,Yuba,115,75493,4706,53,4759,29
2021-01-12,Alameda,001,1643700,66747,1336,68083,815
2021-01-12,Alpine,002,1148,73,0,73,0
2021-01-12,Amador,005,37829,2995,24,3019,29
2021-01-12,Butte,007,227075,9675,1277,10952,153
2021-01-12,Calaveras,009,45235,1523,7,1530,35
2021-01-12,Colusa,011,21464,1591,149,1740,10
2021-01-12,Contra Costa,013,1133247,51845,815,52660,537
2021-01-12,Del Norte,015,27424,853,2,855,2
2021-01-12,El Dorado,017,186661,7813,488,8301,72
2021-01-12,Fresno,019,978130,83468,6070,89538,1174
2021-01-12,Glenn,021,27897,1952,372,2324,18
2021-01-12,Humboldt,023,135768,2315,7,2322,24
2021-01-12,Imperial,025,180216,25455,2008,27463,601
2021-01-12,Inyo,027,18085,932,8,940,29
2021-01-12,Kern,029,883053,80348,6962,87310,845
2021-01-12,Kings,031,150075,19242,708,19950,161
2021-01-12,Lake,033,64148,2551,0,2551,43
2021-01-12,Lassen,035,31185,4754,68,4822,13
2021-01-12,Los Angeles,037,10098052,1005984,30759,1036743,15928
2021-01-12,Madera,039,155013,13428,620,14048,172
2021-01-12,Marin,041,260295,3046,52,3098,121
2021-01-12,Mariposa,043,17540,326,2,328,2
2021-01-12,Mendocino,045,87422,2992,47,3039,32
2021-01-12,Merced,047,269075,23423,548,23971,317
2021-01-12,Modoc,049,8938,289,82,371,2
2021-01-12,Mono,051,14174,1067,13,1080,3
2021-01-12,Monterey,053,433212,35154,1028,36182,366
2021-01-12,Napa,055,140530,7477,29,7506,43
2021-01-12,Nevada,057,99092,3255,120,3375,65
2021-01-12,Orange,059,3164182,210919,8412,219331,3430
2021-01-12,Placer,061,380077,17772,808,18580,216
2021-01-12,Plumas,063,18699,568,9,577,5
2021-01-12,Riverside,065,2383286,242065,11269,253334,3052
2021-01-12,Sacramento,067,1510023,79718,860,80578,1190
2021-01-12,San Benito,069,59416,4834,49,4883,39
2021-01-12,San Bernardino,071,2135413,253116,7121,260237,3618
2021-01-12,San Diego,073,3302833,216200,9981,226181,2265
2021-01-12,San Francisco,075,870044,28811,431,29242,326
2021-01-12,San Joaquin,077,732212,56731,2152,58883,994
2021-01-12,San Luis Obispo,079,281455,15832,371,16203,156
2021-01-12,San Mateo,081,765935,32715,200,32915,344
2021-01-12,Santa Barbara,083,443738,24390,684,25074,246
2021-01-12,Santa Clara,085,1922200,91999,392,92391,1116
2021-01-12,Santa Cruz,087,273765,12691,539,13230,129
2021-01-12,Shasta,089,179085,9628,929,10557,137
2021-01-12,Sierra,091,2930,43,6,49,0
2021-01-12,Siskiyou,093,43540,1206,157,1363,11
2021-01-12,Solano,095,438530,24938,261,25199,165
2021-01-12,Sonoma,097,501317,23450,117,23567,232
2021-01-12,Stanislaus,099,539301,42389,4068,46457,715
2021-01-12,Sutter,101,95872,7555,58,7613,87
2021-01-12,Tehama,103,63373,3836,407,4243,50
2021-01-12,Trinity,105,12862,437,62,499,4
2021-01-12,Tulare,107,460477,41385,5184,46569,615
2021-01-12,Tuolumne,109,53932,3218,31,3249,42
2021-01-12,Ventura,111,848112,60056,2041,62097,549
2021-01-12,Yolo,113,214977,10818,85,10903,167
2021-01-12,Yuba,115,75493,4661,53,4714,29
2021-01-11,Alameda,001,1643700,65895,1318,67213,800
2021-01-11,Alpine,002,1148,73,0,73,0
2021-01-11,Amador,005,37829,2981,24,3005,29
2021-01-11,Butte,007,227075,9562,1261,10823,151
2021-01-11,Calaveras,009,45235,1504,7,1511,35
2021-01-11,Colusa,011,21464,1572,144,1716,10
2021-01-11,Contra Costa,013,1133247,51164,804,51968,529
2021-01-11,Del Norte,015,27424,849,2,851,2
2021-01-11,El Dorado,017,186661,7719,481,8200,72
2021-01-11,Fresno,019,978130,82589,5994,88583,1158
2021-01-11,Glenn,021,27897,1925,366,2291,18
2021-01-11,Humboldt,023,135768,2276,7,2283,23
2021-01-11,Imperial,025,180216,25344,1971,27315,597
2021-01-11,Inyo,027,18085,913,8,921,29
2021-01-11,Kern,029,883053,79488,6863,86351,837
2021-01-11,Kings,031,150075,18979,699,19678,160
2021-01-11,Lake,033,64148,2500,0,2500,42
2021-01-11,Lassen,035,31185,4731,68,4799,13
2021-01-11,Los Angeles,037,10098052,992756,30302,1023058,15636
2021-01-11,Madera,039,155013,13291,609,13900,170
2021-01-11,Marin,041,260295,2947,51,2998,119
2021-01-11,Mariposa,043,17540,319,2,321,2
2021-01-11,Mendocino,045,87422,2964,47,3011,32
2021-01-11,Merced,047,269075,23100,534,23634,312
2021-01-11,Modoc,049,8938,288,81,369,2
2021-01-11,Mono,051,14174,1061,13,1074,3
2021-01-11,Monterey,053,433212,34615,966,35581,351
2021-01-11,Napa,055,140530,7376,29,7405,41
2021-01-11,Nevada,057,99092,3227,120,3347,65
2021-01-11,Orange,059,3164182,208333,8312,216645,3373
2021-01-11,Placer,061,380077,17593,799,18392,214
2021-01-11,Plumas,063,18699,564,9,573,5
2021-01-11,Riverside,065,2383286,238561,11125,249686,2991
2021-01-11,Sacramento,067,1510023,78785,844,79629,1182
2021-01-11,San Benito,069,59416,4761,42,4803,38
2021-01-11,San Bernardino,071,2135413,250318,7024,257342,3552
2021-01-11,San Diego,073,3302833,212931,9821,222752,2224
2021-01-11,San Francisco,075,870044,28532,411,28943,319
2021-01-11,San Joaquin,077,732212,56122,2123,58245,980
2021-01-11,San Luis Obispo,079,281455,15461,364,15825,152
2021-01-11,San Mateo,081,765935,32271,188,32459,335
2021-01-11,Santa Barbara,083,443738,23938,672,24610,244
2021-01-11,Santa Clara,085,1922200,90755,384,91139,1090
2021-01-11,Santa Cruz,087,273765,12511,516,13027,125
2021-01-11,Shasta,089,179085,9530,916,10446,134
2021-01-11,Sierra,091,2930,41,6,47,0
2021-01-11,Siskiyou,093,43540,1197,155,1352,11
2021-01-11,Solano,095,438530,24615,255,24870,164
2021-01-11,Sonoma,097,501317,23202,117,23319,229
2021-01-11,Stanislaus,099,539301,41898,4019,45917,707
2021-01-11,Sutter,101,95872,7496,57,7553,87
2021-01-11,Tehama,103,63373,3774,386,4160,50
2021-01-11,Trinity,105,12862,437,62,499,4
2021-01-11,Tulare,107,460477,40970,5103,46073,609
2021-01-11,Tuolumne,109,53932,3207,31,3238,40
2021-01-11,Ventura,111,848112,58919,2017,60936,532
2021-01-11,Yolo,113,214977,10612,84,10696,165
2021-01-11,Yuba,115,75493,4623,46,4669,29
2021-01-10,Alameda,001,1643700,64916,1290,66206,780
2021-01-10,Alpine,002,1148,73,0,73,0
2021-01-10,Amador,005,37829,2957,24,2981,29
2021-01-10,Butte,007,227075,9442,1236,10678,149
2021-01-10,Calaveras,009,45235,1481,7,1488,34
2021-01-10,Colusa,011,21464,1550,142,1692,9
2021-01-10,Contra Costa,013,1133247,50366,785,51151,524
2021-01-10,Del Norte,015,27424,847,2,849,2
2021-01-10,El Dorado,017,186661,7630,464,8094,72
2021-01-10,Fresno,019,978130,81780,5872,87652,1145
2021-01-10,Glenn,021,27897,1906,358,2264,18
2021-01-10,Humboldt,023,135768,2215,7,2222,22
2021-01-10,Imperial,025,180216,25185,1921,27106,588
2021-01-10,Inyo,027,18085,886,8,894,29
2021-01-10,Kern,029,883053,78656,6733,85389,820
2021-01-10,Kings,031,150075,18760,692,19452,158
2021-01-10,Lake,033,64148,2445,0,2445,39
2021-01-10,Lassen,035,31185,4709,68,4777,12
2021-01-10,Los Angeles,037,10098052,978137,29692,1007829,15336
2021-01-10,Madera,039,155013,13100,592,13692,169
2021-01-10,Marin,041,260295,2823,50,2873,117
2021-01-10,Mariposa,043,17540,319,2,321,2
2021-01-10,Mendocino,045,87422,2933,43,2976,31
2021-01-10,Merced,047,269075,22829,523,23352,312
2021-01-10,Modoc,049,8938,288,79,367,2
2021-01-10,Mono,051,14174,1043,13,1056,3
2021-01-10,Monterey,053,433212,34175,934,35109,346
2021-01-10,Napa,055,140530,7274,27,7301,39
2021-01-10,Nevada,057,99092,3208,116,3324,65
2021-01-10,Orange,059,3164182,205546,8190,213736,3318
2021-01-10,Placer,061,380077,17404,779,18183,209
2021-01-10,Plumas,063,18699,554,9,563,5
2021-01-10,Riverside,065,2383286,235201,10936,246137,2940
2021-01-10,Sacramento,067,1510023,77823,817,78640,1173
2021-01-10,San Benito,069,59416,4659,41,4700,38
2021-01-10,San Bernardino,071,2135413,246910,6921,253831,3494
2021-01-10,San Diego,073,3302833,209263,9654,218917,2176
2021-01-10,San Francisco,075,870044,28151,380,28531,313
2021-01-10,San Joaquin,077,732212,55312,2090,57402,969
2021-01-10,San Luis Obispo,079,281455,15132,352,15484,150
2021-01-10,San Mateo,081,765935,31781,174,31955,330
2021-01-10,Santa Barbara,083,443738,23379,657,24036,236
2021-01-10,Santa Clara,085,1922200,89571,375,89946,1067
2021-01-10,Santa Cruz,087,273765,12298,498,12796,121
2021-01-10,Shasta,089,179085,9418,901,10319,133
2021-01-10,Sierra,091,2930,40,6,46,0
2021-01-10,Siskiyou,093,43540,1191,152,1343,11
2021-01-10,Solano,095,438530,24216,252,24468,158
2021-01-10,Sonoma,097,501317,22926,116,23042,228
2021-01-10,Stanislaus,099,539301,41324,3942,45266,703
2021-01-10,Sutter,101,95872,7435,54,7489,87
2021-01-10,Tehama,103,63373,3701,374,4075,50
2021-01-10,Trinity,105,12862,437,60,497,4
2021-01-10,Tulare,107,460477,40555,4985,45540,601
2021-01-10,Tuolumne,109,53932,3173,30,3203,39
2021-01-10,Ventura,111,848112,57650,1974,59624,523
2021-01-10,Yolo,113,214977,10460,84,10544,160
2021-01-10,Yuba,115,75493,4570,43,4613,28
2021-01-09,Alameda,001,1643700,64372,1275,65647,771
2021-01-09,Alpine,002,1148,73,0,73,0
2021-01-09,Amador,005,37829,2950,24,2974,29
2021-01-09,Butte,007,227075,9363,1212,10575,147
2021-01-09,Calaveras,009,45235,1471,7,1478,34
2021-01-09,Colusa,011,21464,1543,141,1684,9
2021-01-09,Contra Costa,013,1133247,50012,770,50782,515
2021-01-09,Del Norte,015,27424,845,2,847,2
2021-01-09,El Dorado,017,186661,7596,461,8057,70
2021-01-09,Fresno,019,978130,81370,5832,87202,1128
2021-01-09,Glenn,021,27897,1891,355,2246,18
2021-01-09,Humboldt,023,135768,2197,7,2204,22
2021-01-09,Imperial,025,180216,25116,1908,27024,580
2021-01-09,Inyo,027,18085,877,8,885,29
2021-01-09,Kern,029,883053,78187,6656,84843,807
2021-01-09,Kings,031,150075,18665,688,19353,154
2021-01-09,Lake,033,64148,2409,0,2409,38
2021-01-09,Lassen,035,31185,4697,68,4765,12
2021-01-09,Los Angeles,037,10098052,972555,29269,1001824,15035
2021-01-09,Madera,039,155013,13005,586,13591,168
2021-01-09,Marin,041,260295,2762,49,2811,115
2021-01-09,Mariposa,043,17540,316,2,318,2
2021-01-09,Mendocino,045,87422,2915,43,2958,31
2021-01-09,Merced,047,269075,22687,514,23201,309
2021-01-09,Modoc,049,8938,288,78,366,2
2021-01-09,Mono,051,14174,1038,13,1051,3
2021-01-09,Monterey,053,433212,34025,924,34949,335
2021-01-09,Napa,055,140530,7204,24,7228,36
2021-01-09,Nevada,057,99092,3186,113,3299,65
2021-01-09,Orange,059,3164182,204027,8098,212125,3257
2021-01-09,Placer,061,380077,17297,777,18074,206
2021-01-09,Plumas,063,18699,552,9,561,5
2021-01-09,Riverside,065,2383286,233446,10799,244245,2901
2021-01-09,Sacramento,067,1510023,77290,812,78102,1165
2021-01-09,San Benito,069,59416,4607,41,4648,38
2021-01-09,San Bernardino,071,2135413,245686,6854,252540,3442
2021-01-09,San Diego,073,3302833,207569,9534,217103,2139
2021-01-09,San Francisco,075,870044,27981,339,28320,308
2021-01-09,San Joaquin,077,732212,54984,2071,57055,955
2021-01-09,San Luis Obispo,079,281455,15008,341,15349,143
2021-01-09,San Mateo,081,765935,31482,167,31649,323
2021-01-09,Santa Barbara,083,443738,23167,652,23819,224
2021-01-09,Santa Clara,085,1922200,88731,363,89094,1055
2021-01-09,Santa Cruz,087,273765,12203,492,12695,121
2021-01-09,Shasta,089,179085,9385,897,10282,132
2021-01-09,Sierra,091,2930,38,6,44,0
2021-01-09,Siskiyou,093,43540,1187,147,1334,11
2021-01-09,Solano,095,438530,24053,250,24303,157
2021-01-09,Sonoma,097,501317,22804,116,22920,226
2021-01-09,Stanislaus,099,539301,41033,3908,44941,696
2021-01-09,Sutter,101,95872,7399,53,7452,86
2021-01-09,Tehama,103,63373,3669,363,4032,49
2021-01-09,Trinity,105,12862,437,60,497,4
2021-01-09,Tulare,107,460477,40304,4921,45225,591
2021-01-09,Tuolumne,109,53932,3165,29,3194,37
2021-01-09,Ventura,111,848112,56822,1948,58770,511
2021-01-09,Yolo,113,214977,10389,83,10472,159
2021-01-09,Yuba,115,75493,4539,43,4582,27
2021-01-08,Alameda,001,1643700,63809,1266,65075,755
2021-01-08,Alpine,002,1148,73,0,73,0
2021-01-08,Amador,005,37829,2943,24,2967,29
2021-01-08,Butte,007,227075,9303,1197,10500,145
2021-01-08,Calaveras,009,45235,1457,7,1464,34
2021-01-08,Colusa,011,21464,1531,140,1671,9
2021-01-08,Contra Costa,013,1133247,49476,766,50242,507
2021-01-08,Del Norte,015,27424,843,2,845,2
2021-01-08,El Dorado,017,186661,7526,449,7975,69
2021-01-08,Fresno,019,978130,80558,5774,86332,1117
2021-01-08,Glenn,021,27897,1876,350,2226,18
2021-01-08,Humboldt,023,135768,2173,7,2180,22
2021-01-08,Imperial,025,180216,25051,1893,26944,570
2021-01-08,Inyo,027,18085,862,8,870,29
2021-01-08,Kern,029,883053,77623,6583,84206,799
2021-01-08,Kings,031,150075,18537,683,19220,151
2021-01-08,Lake,033,64148,2381,0,2381,37
2021-01-08,Lassen,035,31185,4689,66,4755,12
2021-01-08,Los Angeles,037,10098052,961741,28854,990595,14733
2021-01-08,Madera,039,155013,12855,577,13432,166
2021-01-08,Marin,041,260295,2670,49,2719,114
2021-01-08,Mariposa,043,17540,315,2,317,2
2021-01-08,Mendocino,045,87422,2896,40,2936,31
2021-01-08,Merced,047,269075,22493,508,23001,308
2021-01-08,Modoc,049,8938,288,78,366,2
2021-01-08,Mono,051,14174,1028,13,1041,3
2021-01-08,Monterey,053,433212,33773,914,34687,328
2021-01-08,Napa,055,140530,7133,24,7157,36
2021-01-08,Nevada,057,99092,3164,113,3277,64
2021-01-08,Orange,059,3164182,202028,8012,210040,3209
2021-01-08,Placer,061,380077,17164,770,17934,204
2021-01-08,Plumas,063,18699,546,9,555,5
2021-01-08,Riverside,065,2383286,231038,10676,241714,2856
2021-01-08,Sacramento,067,1510023,76717,806,77523,1155
2021-01-08,San Benito,069,59416,4570,40,4610,38
2021-01-08,San Bernardino,071,2135413,243806,6783,250589,3379
2021-01-08,San Diego,073,3302833,205031,9440,214471,2103
2021-01-08,San Francisco,075,870044,27731,317,28048,304
2021-01-08,San Joaquin,077,732212,54659,2043,56702,947
2021-01-08,San Luis Obispo,079,281455,14875,329,15204,138
2021-01-08,San Mateo,081,765935,31133,165,31298,311
2021-01-08,Santa Barbara,083,443738,22881,647,23528,221
2021-01-08,Santa Clara,085,1922200,87787,360,88147,1031
2021-01-08,Santa Cruz,087,273765,12061,484,12545,119
2021-01-08,Shasta,089,179085,9335,882,10217,127
2021-01-08,Sierra,091,2930,38,6,44,0
2021-01-08,Siskiyou,093,43540,1184,146,1330,11
2021-01-08,Solano,095,438530,23881,247,24128,157
2021-01-08,Sonoma,097,501317,22662,116,22778,221
2021-01-08,Stanislaus,099,539301,40734,3874,44608,689
2021-01-08,Sutter,101,95872,7349,53,7402,83
2021-01-08,Tehama,103,63373,3645,360,4005,49
2021-01-08,Trinity,105,12862,437,60,497,4
2021-01-08,Tulare,107,460477,40036,4826,44862,584
2021-01-08,Tuolumne,109,53932,3157,29,3186,36
2021-01-08,Ventura,111,848112,55956,1924,57880,491
2021-01-08,Yolo,113,214977,10300,83,10383,157
2021-01-08,Yuba,115,75493,4497,42,4539,26
2021-01-07,Alameda,001,1643700,62948,1239,64187,744
2021-01-07,Alpine,002,1148,71,0,71,0
2021-01-07,Amador,005,37829,2930,23,2953,29
2021-01-07,Butte,007,227075,9206,1176,10382,144
2021-01-07,Calaveras,009,45235,1440,6,1446,33
2021-01-07,Colusa,011,21464,1519,133,1652,9
2021-01-07,Contra Costa,013,1133247,48698,752,49450,503
2021-01-07,Del Norte,015,27424,841,2,843,2
2021-01-07,El Dorado,017,186661,7425,439,7864,64
2021-01-07,Fresno,019,978130,79602,5674,85276,1094
2021-01-07,Glenn,021,27897,1858,340,2198,18
2021-01-07,Humboldt,023,135768,2146,7,2153,22
2021-01-07,Imperial,025,180216,24871,1842,26713,565
2021-01-07,Inyo,027,18085,850,8,858,28
2021-01-07,Kern,029,883053,76761,6435,83196,784
2021-01-07,Kings,031,150075,18411,673,19084,149
2021-01-07,Lake,033,64148,2328,0,2328,35
2021-01-07,Lassen,035,31185,4684,64,4748,12
2021-01-07,Los Angeles,037,10098052,946817,28331,975148,14445
2021-01-07,Madera,039,155013,12700,567,13267,163
2021-01-07,Marin,041,260295,2581,47,2628,113
2021-01-07,Mariposa,043,17540,313,2,315,2
2021-01-07,Mendocino,045,87422,2842,35,2877,31
2021-01-07,Merced,047,269075,22172,492,22664,305
2021-01-07,Modoc,049,8938,288,78,366,2
2021-01-07,Mono,051,14174,1017,13,1030,3
2021-01-07,Monterey,053,433212,33268,891,34159,317
2021-01-07,Napa,055,140530,7024,24,7048,36
2021-01-07,Nevada,057,99092,3130,108,3238,63
2021-01-07,Orange,059,3164182,199202,7912,207114,3159
2021-01-07,Placer,061,380077,16985,742,17727,201
2021-01-07,Plumas,063,18699,544,9,553,5
2021-01-07,Riverside,065,2383286,227580,10526,238106,2801
2021-01-07,Sacramento,067,1510023,75812,785,76597,1149
2021-01-07,San Benito,069,59416,4509,38,4547,38
2021-01-07,San Bernardino,071,2135413,240368,6699,247067,3311
2021-01-07,San Diego,073,3302833,201725,9262,210987,2069
2021-01-07,San Francisco,075,870044,27406,304,27710,297
2021-01-07,San Joaquin,077,732212,53989,2014,56003,938
2021-01-07,San Luis Obispo,079,281455,14636,316,14952,137
2021-01-07,San Mateo,081,765935,30623,162,30785,303
2021-01-07,Santa Barbara,083,443738,22454,636,23090,217
2021-01-07,Santa Clara,085,1922200,86668,356,87024,1014
2021-01-07,Santa Cruz,087,273765,11852,476,12328,118
2021-01-07,Shasta,089,179085,9247,874,10121,123
2021-01-07,Sierra,091,2930,38,6,44,0
2021-01-07,Siskiyou,093,43540,1179,145,1324,11
2021-01-07,Solano,095,438530,23492,243,23735,154
2021-01-07,Sonoma,097,501317,22401,115,22516,218
2021-01-07,Stanislaus,099,539301,40318,3822,44140,681
2021-01-07,Sutter,101,95872,7290,52,7342,82
2021-01-07,Tehama,103,63373,3621,352,3973,49
2021-01-07,Trinity,105,12862,437,60,497,4
2021-01-07,Tulare,107,460477,39650,4696,44346,580
2021-01-07,Tuolumne,109,53932,3137,28,3165,36
2021-01-07,Ventura,111,848112,54795,1896,56691,473
2021-01-07,Yolo,113,214977,10159,81,10240,157
2021-01-07,Yuba,115,75493,4457,42,4499,26
2021-01-06,Alameda,001,1643700,62094,1212,63306,734
2021-01-06,Alpine,002,1148,71,0,71,0
2021-01-06,Amador,005,37829,2909,22,2931,29
2021-01-06,Butte,007,227075,9094,1157,10251,141
2021-01-06,Calaveras,009,45235,1417,6,1423,32
2021-01-06,Colusa,011,21464,1499,128,1627,9
2021-01-06,Contra Costa,013,1133247,47901,736,48637,495
2021-01-06,Del Norte,015,27424,835,2,837,2
2021-01-06,El Dorado,017,186661,7313,425,7738,62
2021-01-06,Fresno,019,978130,78756,5572,84328,1074
2021-01-06,Glenn,021,27897,1832,336,2168,16
2021-01-06,Humboldt,023,135768,2120,7,2127,22
2021-01-06,Imperial,025,180216,24624,1799,26423,556
2021-01-06,Inyo,027,18085,834,8,842,27
2021-01-06,Kern,029,883053,75818,6309,82127,772
2021-01-06,Kings,031,150075,18213,654,18867,148
2021-01-06,Lake,033,64148,2294,0,2294,35
2021-01-06,Lassen,035,31185,4672,60,4732,12
2021-01-06,Los Angeles,037,10098052,930854,27647,958501,14166
2021-01-06,Madera,039,155013,12566,560,13126,161
2021-01-06,Marin,041,260295,2458,46,2504,113
2021-01-06,Mariposa,043,17540,310,2,312,2
2021-01-06,Mendocino,045,87422,2812,35,2847,31
2021-01-06,Merced,047,269075,21837,477,22314,302
2021-01-06,Modoc,049,8938,288,78,366,1
2021-01-06,Mono,051,14174,986,13,999,3
2021-01-06,Monterey,053,433212,32667,860,33527,313
2021-01-06,Napa,055,140530,6894,24,6918,32
2021-01-06,Nevada,057,99092,3110,107,3217,61
2021-01-06,Orange,059,3164182,195760,7771,203531,3098
2021-01-06,Placer,061,380077,16798,724,17522,199
2021-01-06,Plumas,063,18699,536,9,545,5
2021-01-06,Riverside,065,2383286,223567,10340,233907,2749
2021-01-06,Sacramento,067,1510023,74788,768,75556,1131
2021-01-06,San Benito,069,59416,4434,37,4471,36
2021-01-06,San Bernardino,071,2135413,236683,6596,243279,3236
2021-01-06,San Diego,073,3302833,198224,9091,207315,2026
2021-01-06,San Francisco,075,870044,27040,296,27336,289
2021-01-06,San Joaquin,077,732212,53256,1972,55228,931
2021-01-06,San Luis Obispo,079,281455,14242,309,14551,135
2021-01-06,San Mateo,081,765935,30198,159,30357,297
2021-01-06,Santa Barbara,083,443738,21966,627,22593,212
2021-01-06,Santa Clara,085,1922200,85347,349,85696,998
2021-01-06,Santa Cruz,087,273765,11633,458,12091,118
2021-01-06,Shasta,089,179085,9177,867,10044,122
2021-01-06,Sierra,091,2930,37,6,43,0
2021-01-06,Siskiyou,093,43540,1167,141,1308,11
2021-01-06,Solano,095,438530,23120,240,23360,151
2021-01-06,Sonoma,097,501317,22093,115,22208,216
2021-01-06,Stanislaus,099,539301,39751,3762,43513,672
2021-01-06,Sutter,101,95872,7209,51,7260,80
2021-01-06,Tehama,103,63373,3592,346,3938,47
2021-01-06,Trinity,105,12862,437,60,497,4
2021-01-06,Tulare,107,460477,39157,4601,43758,574
2021-01-06,Tuolumne,109,53932,3116,28,3144,36
2021-01-06,Ventura,111,848112,53551,1872,55423,453
2021-01-06,Yolo,113,214977,9992,78,10070,156
2021-01-06,Yuba,115,75493,4407,42,4449,25
2021-01-05,Alameda,001,1643700,60976,1182,62158,726
2021-01-05,Alpine,002,1148,71,0,71,0
2021-01-05,Amador,005,37829,2869,22,2891,27
2021-01-05,Butte,007,227075,8955,1130,10085,137
2021-01-05,Calaveras,009,45235,1370,6,1376,32
2021-01-05,Colusa,011,21464,1477,122,1599,9
2021-01-05,Contra Costa,013,1133247,47044,724,47768,488
2021-01-05,Del Norte,015,27424,829,2,831,2
2021-01-05,El Dorado,017,186661,7195,404,7599,57
2021-01-05,Fresno,019,978130,77536,5482,83018,1051
2021-01-05,Glenn,021,27897,1809,320,2129,16
2021-01-05,Humboldt,023,135768,2084,7,2091,22
2021-01-05,Imperial,025,180216,24452,1758,26210,550
2021-01-05,Inyo,027,18085,820,8,828,27
2021-01-05,Kern,029,883053,74740,6174,80914,762
2021-01-05,Kings,031,150075,18015,632,18647,146
2021-01-05,Lake,033,64148,2248,0,2248,34
2021-01-05,Lassen,035,31185,4657,56,4713,12
2021-01-05,Los Angeles,037,10098052,912117,26993,939110,13860
2021-01-05,Madera,039,155013,12396,548,12944,159
2021-01-05,Marin,041,260295,2310,45,2355,112
2021-01-05,Mariposa,043,17540,304,2,306,2
2021-01-05,Mendocino,045,87422,2776,35,2811,31
2021-01-05,Merced,047,269075,21485,465,21950,299
2021-01-05,Modoc,049,8938,288,78,366,0
2021-01-05,Mono,051,14174,980,13,993,3
2021-01-05,Monterey,053,433212,32120,827,32947,304
2021-01-05,Napa,055,140530,6808,24,6832,32
2021-01-05,Nevada,057,99092,3082,106,3188,61
2021-01-05,Orange,059,3164182,192133,7581,199714,3037
2021-01-05,Placer,061,380077,16575,701,17276,197
2021-01-05,Plumas,063,18699,529,9,538,5
2021-01-05,Riverside,065,2383286,219442,10171,229613,2702
2021-01-05,Sacramento,067,1510023,73859,742,74601,1123
2021-01-05,San Benito,069,59416,4332,35,4367,35
2021-01-05,San Bernardino,071,2135413,232719,6480,239199,3178
2021-01-05,San Diego,073,3302833,194084,8877,202961,1987
2021-01-05,San Francisco,075,870044,26669,280,26949,283
2021-01-05,San Joaquin,077,732212,52398,1928,54326,911
2021-01-05,San Luis Obispo,079,281455,13844,299,14143,129
2021-01-05,San Mateo,081,765935,29717,157,29874,287
2021-01-05,Santa Barbara,083,443738,21519,619,22138,210
2021-01-05,Santa Clara,085,1922200,83801,337,84138,983
2021-01-05,Santa Cruz,087,273765,11360,434,11794,114
2021-01-05,Shasta,089,179085,9070,849,9919,121
2021-01-05,Sierra,091,2930,37,6,43,0
2021-01-05,Siskiyou,093,43540,1155,139,1294,11
2021-01-05,Solano,095,438530,22715,235,22950,150
2021-01-05,Sonoma,097,501317,21735,114,21849,215
2021-01-05,Stanislaus,099,539301,39207,3711,42918,669
2021-01-05,Sutter,101,95872,7112,50,7162,79
2021-01-05,Tehama,103,63373,3540,342,3882,47
2021-01-05,Trinity,105,12862,437,60,497,4
2021-01-05,Tulare,107,460477,38582,4460,43042,570
2021-01-05,Tuolumne,109,53932,3093,23,3116,35
2021-01-05,Ventura,111,848112,52307,1850,54157,441
2021-01-05,Yolo,113,214977,9814,76,9890,155
2021-01-05,Yuba,115,75493,4348,41,4389,25
2021-01-04,Alameda,001,1643700,59754,1148,60902,717
2021-01-04,Alpine,002,1148,71,0,71,0
2021-01-04,Amador,005,37829,2829,22,2851,27
2021-01-04,Butte,007,227075,8796,1109,9905,136
2021-01-04,Calaveras,009,45235,1329,5,1334,32
2021-01-04,Colusa,011,21464,1452,108,1560,9
2021-01-04,Contra Costa,013,1133247,46186,700,46886,482
2021-01-04,Del Norte,015,27424,818,2,820,2
2021-01-04,El Dorado,017,186661,7061,390,7451,55
2021-01-04,Fresno,019,978130,76269,5384,81653,1032
2021-01-04,Glenn,021,27897,1776,315,2091,16
2021-01-04,Humboldt,023,135768,2047,7,2054,22
2021-01-04,Imperial,025,180216,24305,1707,26012,540
2021-01-04,Inyo,027,18085,794,8,802,27
2021-01-04,Kern,029,883053,73657,5980,79637,754
2021-01-04,Kings,031,150075,17739,608,18347,141
2021-01-04,Lake,033,64148,2212,0,2212,34
2021-01-04,Lassen,035,31185,4635,55,4690,12
2021-01-04,Los Angeles,037,10098052,891967,26157,918124,13577
2021-01-04,Madera,039,155013,12180,527,12707,159
2021-01-04,Marin,041,260295,2170,43,2213,112
2021-01-04,Mariposa,043,17540,298,2,300,2
2021-01-04,Mendocino,045,87422,2736,31,2767,31
2021-01-04,Merced,047,269075,21075,446,21521,295
2021-01-04,Modoc,049,8938,272,76,348,0
2021-01-04,Mono,051,14174,969,13,982,3
2021-01-04,Monterey,053,433212,31506,806,32312,290
2021-01-04,Napa,055,140530,6667,24,6691,32
2021-01-04,Nevada,057,99092,3044,103,3147,59
2021-01-04,Orange,059,3164182,188249,7459,195708,2968
2021-01-04,Placer,061,380077,16316,688,17004,194
2021-01-04,Plumas,063,18699,519,9,528,5
2021-01-04,Riverside,065,2383286,214895,9985,224880,2660
2021-01-04,Sacramento,067,1510023,72805,733,73538,1108
2021-01-04,San Benito,069,59416,4219,35,4254,34
2021-01-04,San Bernardino,071,2135413,228451,6331,234782,3113
2021-01-04,San Diego,073,3302833,189510,8681,198191,1948
2021-01-04,San Francisco,075,870044,26283,274,26557,281
2021-01-04,San Joaquin,077,732212,51507,1887,53394,891
2021-01-04,San Luis Obispo,079,281455,13357,292,13649,124
2021-01-04,San Mateo,081,765935,29153,152,29305,283
2021-01-04,Santa Barbara,083,443738,20996,590,21586,204
2021-01-04,Santa Clara,085,1922200,82044,330,82374,965
2021-01-04,Santa Cruz,087,273765,11072,417,11489,113
2021-01-04,Shasta,089,179085,8965,832,9797,118
2021-01-04,Sierra,091,2930,36,6,42,0
2021-01-04,Siskiyou,093,43540,1139,136,1275,11
2021-01-04,Solano,095,438530,22210,227,22437,148
2021-01-04,Sonoma,097,501317,21397,113,21510,209
2021-01-04,Stanislaus,099,539301,38643,3656,42299,664
2021-01-04,Sutter,101,95872,7016,49,7065,77
2021-01-04,Tehama,103,63373,3471,337,3808,47
2021-01-04,Trinity,105,12862,434,60,494,4
2021-01-04,Tulare,107,460477,38041,4361,42402,557
2021-01-04,Tuolumne,109,53932,3068,23,3091,34
2021-01-04,Ventura,111,848112,50804,1830,52634,421
2021-01-04,Yolo,113,214977,9619,75,9694,152
2021-01-04,Yuba,115,75493,4293,41,4334,24
2021-01-03,Alameda,001,1643700,58506,1121,59627,701
2021-01-03,Alpine,002,1148,69,0,69,0
2021-01-03,Amador,005,37829,2772,22,2794,25
2021-01-03,Butte,007,227075,8602,1063,9665,135
2021-01-03,Calaveras,009,45235,1292,3,1295,31
2021-01-03,Colusa,011,21464,1424,102,1526,9
2021-01-03,Contra Costa,013,1133247,45300,679,45979,471
2021-01-03,Del Norte,015,27424,807,2,809,2
2021-01-03,El Dorado,017,186661,6933,373,7306,55
2021-01-03,Fresno,019,978130,75119,5268,80387,1019
2021-01-03,Glenn,021,27897,1751,309,2060,16
2021-01-03,Humboldt,023,135768,2010,7,2017,22
2021-01-03,Imperial,025,180216,24065,1629,25694,535
2021-01-03,Inyo,027,18085,775,8,783,27
2021-01-03,Kern,029,883053,72396,5805,78201,745
2021-01-03,Kings,031,150075,17463,579,18042,140
2021-01-03,Lake,033,64148,2166,0,2166,34
2021-01-03,Lassen,035,31185,4602,54,4656,12
2021-01-03,Los Angeles,037,10098052,869900,25127,895027,13281
2021-01-03,Madera,039,155013,11952,504,12456,157
2021-01-03,Marin,041,260295,2020,39,2059,111
2021-01-03,Mariposa,043,17540,291,2,293,2
2021-01-03,Mendocino,045,87422,2696,29,2725,31
2021-01-03,Merced,047,269075,20608,420,21028,289
2021-01-03,Modoc,049,8938,268,75,343,0
2021-01-03,Mono,051,14174,944,13,957,3
2021-01-03,Monterey,053,433212,30916,771,31687,281
2021-01-03,Napa,055,140530,6566,24,6590,31
2021-01-03,Nevada,057,99092,2983,100,3083,59
2021-01-03,Orange,059,3164182,184056,7270,191326,2903
2021-01-03,Placer,061,380077,16065,665,16730,189
2021-01-03,Plumas,063,18699,506,9,515,4
2021-01-03,Riverside,065,2383286,210020,9738,219758,2606
2021-01-03,Sacramento,067,1510023,71599,712,72311,1098
2021-01-03,San Benito,069,59416,4123,34,4157,33
2021-01-03,San Bernardino,071,2135413,223175,6160,229335,3043
2021-01-03,San Diego,073,3302833,184250,8452,192702,1921
2021-01-03,San Francisco,075,870044,25792,255,26047,278
2021-01-03,San Joaquin,077,732212,50398,1832,52230,881
2021-01-03,San Luis Obispo,079,281455,12889,284,13173,122
2021-01-03,San Mateo,081,765935,28559,145,28704,273
2021-01-03,Santa Barbara,083,443738,20263,576,20839,196
2021-01-03,Santa Clara,085,1922200,80454,324,80778,952
2021-01-03,Santa Cruz,087,273765,10767,402,11169,109
2021-01-03,Shasta,089,179085,8838,792,9630,116
2021-01-03,Sierra,091,2930,36,6,42,0
2021-01-03,Siskiyou,093,43540,1106,127,1233,11
2021-01-03,Solano,095,438530,21676,221,21897,146
2021-01-03,Sonoma,097,501317,21011,111,21122,208
2021-01-03,Stanislaus,099,539301,37936,3573,41509,654
2021-01-03,Sutter,101,95872,6919,48,6967,74
2021-01-03,Tehama,103,63373,3417,329,3746,46
2021-01-03,Trinity,105,12862,429,58,487,4
2021-01-03,Tulare,107,460477,37464,4214,41678,549
2021-01-03,Tuolumne,109,53932,3007,20,3027,34
2021-01-03,Ventura,111,848112,48978,1813,50791,409
2021-01-03,Yolo,113,214977,9458,74,9532,148
2021-01-03,Yuba,115,75493,4242,40,4282,22
2021-01-02,Alameda,001,1643700,57884,1090,58974,690
2021-01-02,Alpine,002,1148,69,0,69,0
2021-01-02,Amador,005,37829,2753,22,2775,25
2021-01-02,Butte,007,227075,8496,1042,9538,134
2021-01-02,Calaveras,009,45235,1272,3,1275,29
2021-01-02,Colusa,011,21464,1413,101,1514,9
2021-01-02,Contra Costa,013,1133247,44754,671,45425,465
2021-01-02,Del Norte,015,27424,805,2,807,2
2021-01-02,El Dorado,017,186661,6878,369,7247,53
2021-01-02,Fresno,019,978130,74576,5157,79733,1001
2021-01-02,Glenn,021,27897,1734,308,2042,16
2021-01-02,Humboldt,023,135768,1983,7,1990,22
2021-01-02,Imperial,025,180216,23977,1597,25574,527
2021-01-02,Inyo,027,18085,764,8,772,27
2021-01-02,Kern,029,883053,71676,5693,77369,737
2021-01-02,Kings,031,150075,17369,575,17944,138
2021-01-02,Lake,033,64148,2129,0,2129,33
2021-01-02,Lassen,035,31185,4591,53,4644,12
2021-01-02,Los Angeles,037,10098052,861524,24452,885976,13001
2021-01-02,Madera,039,155013,11837,492,12329,156
2021-01-02,Marin,041,260295,1972,36,2008,108
2021-01-02,Mariposa,043,17540,284,2,286,2
2021-01-02,Mendocino,045,87422,2653,28,2681,31
2021-01-02,Merced,047,269075,20466,403,20869,286
2021-01-02,Modoc,049,8938,267,75,342,0
2021-01-02,Mono,051,14174,933,13,946,3
2021-01-02,Monterey,053,433212,30700,759,31459,276
2021-01-02,Napa,055,140530,6507,24,6531,30
2021-01-02,Nevada,057,99092,2954,96,3050,56
2021-01-02,Orange,059,3164182,181831,7122,188953,2835
2021-01-02,Placer,061,380077,15892,656,16548,188
2021-01-02,Plumas,063,18699,503,9,512,4
2021-01-02,Riverside,065,2383286,207374,9512,216886,2561
2021-01-02,Sacramento,067,1510023,70963,694,71657,1088
2021-01-02,San Benito,069,59416,4041,34,4075,31
2021-01-02,San Bernardino,071,2135413,221513,6038,227551,2988
2021-01-02,San Diego,073,3302833,181650,8256,189906,1881
2021-01-02,San Francisco,075,870044,25539,247,25786,274
2021-01-02,San Joaquin,077,732212,49995,1804,51799,868
2021-01-02,San Luis Obispo,079,281455,12755,278,13033,119
2021-01-02,San Mateo,081,765935,28222,137,28359,267
2021-01-02,Santa Barbara,083,443738,19974,573,20547,191
2021-01-02,Santa Clara,085,1922200,79278,318,79596,927
2021-01-02,Santa Cruz,087,273765,10612,394,11006,108
2021-01-02,Shasta,089,179085,8772,781,9553,113
2021-01-02,Sierra,091,2930,36,6,42,0
2021-01-02,Siskiyou,093,43540,1095,125,1220,11
2021-01-02,Solano,095,438530,21476,212,21688,144
2021-01-02,Sonoma,097,501317,20842,111,20953,208
2021-01-02,Stanislaus,099,539301,37603,3509,41112,646
2021-01-02,Sutter,101,95872,6867,48,6915,72
2021-01-02,Tehama,103,63373,3389,325,3714,45
2021-01-02,Trinity,105,12862,426,58,484,4
2021-01-02,Tulare,107,460477,37136,4139,41275,541
2021-01-02,Tuolumne,109,53932,2993,18,3011,32
2021-01-02,Ventura,111,848112,47823,1780,49603,394
2021-01-02,Yolo,113,214977,9362,72,9434,147
2021-01-02,Yuba,115,75493,4204,40,4244,21
2021-01-01,Alameda,001,1643700,57236,1076,58312,673
2021-01-01,Alpine,002,1148,69,0,69,0
2021-01-01,Amador,005,37829,2727,20,2747,25
2021-01-01,Butte,007,227075,8394,1020,9414,131
2021-01-01,Calaveras,009,45235,1257,3,1260,29
2021-01-01,Colusa,011,21464,1403,99,1502,9
2021-01-01,Contra Costa,013,1133247,44279,651,44930,454
2021-01-01,Del Norte,015,27424,800,2,802,2
2021-01-01,El Dorado,017,186661,6785,361,7146,51
2021-01-01,Fresno,019,978130,73502,5073,78575,989
2021-01-01,Glenn,021,27897,1717,299,2016,16
2021-01-01,Humboldt,023,135768,1944,7,1951,22
2021-01-01,Imperial,025,180216,23881,1546,25427,522
2021-01-01,Inyo,027,18085,739,8,747,27
2021-01-01,Kern,029,883053,70850,5586,76436,729
2021-01-01,Kings,031,150075,17186,568,17754,134
2021-01-01,Lake,033,64148,2091,0,2091,32
2021-01-01,Lassen,035,31185,4585,53,4638,11
2021-01-01,Los Angeles,037,10098052,847302,23784,871086,12747
2021-01-01,Madera,039,155013,11682,483,12165,156
2021-01-01,Marin,041,260295,1874,35,1909,107
2021-01-01,Mariposa,043,17540,276,2,278,2
2021-01-01,Mendocino,045,87422,2599,28,2627,29
2021-01-01,Merced,047,269075,20282,387,20669,283
2021-01-01,Modoc,049,8938,267,75,342,0
2021-01-01,Mono,051,14174,915,12,927,3
2021-01-01,Monterey,053,433212,30462,750,31212,271
2021-01-01,Napa,055,140530,6422,24,6446,29
2021-01-01,Nevada,057,99092,2930,96,3026,56
2021-01-01,Orange,059,3164182,179037,6979,186016,2763
2021-01-01,Placer,061,380077,15702,641,16343,185
2021-01-01,Plumas,063,18699,498,9,507,4
2021-01-01,Riverside,065,2383286,204184,9259,213443,2516
2021-01-01,Sacramento,067,1510023,70365,677,71042,1074
2021-01-01,San Benito,069,59416,4004,34,4038,30
2021-01-01,San Bernardino,071,2135413,218749,5908,224657,2933
2021-01-01,San Diego,073,3302833,178577,8077,186654,1853
2021-01-01,San Francisco,075,870044,25261,236,25497,265
2021-01-01,San Joaquin,077,732212,49671,1760,51431,854
2021-01-01,San Luis Obispo,079,281455,12526,270,12796,114
2021-01-01,San Mateo,081,765935,27773,133,27906,264
2021-01-01,Santa Barbara,083,443738,19654,563,20217,185
2021-01-01,Santa Clara,085,1922200,78057,314,78371,908
2021-01-01,Santa Cruz,087,273765,10432,384,10816,108
2021-01-01,Shasta,089,179085,8691,764,9455,112
2021-01-01,Sierra,091,2930,36,6,42,0
2021-01-01,Siskiyou,093,43540,1081,120,1201,11
2021-01-01,Solano,095,438530,21262,210,21472,140
2021-01-01,Sonoma,097,501317,20646,111,20757,204
2021-01-01,Stanislaus,099,539301,37315,3447,40762,643
2021-01-01,Sutter,101,95872,6810,47,6857,72
2021-01-01,Tehama,103,63373,3331,318,3649,43
2021-01-01,Trinity,105,12862,426,58,484,4
2021-01-01,Tulare,107,460477,36727,4051,40778,532
2021-01-01,Tuolumne,109,53932,2976,18,2994,32
2021-01-01,Ventura,111,848112,46330,1754,48084,382
2021-01-01,Yolo,113,214977,9251,69,9320,145
2021-01-01,Yuba,115,75493,4150,39,4189,20
2020-12-31,Alameda,001,1643700,56688,1044,57732,664
2020-12-31,Alpine,002,1148,69,0,69,0
2020-12-31,Amador,005,37829,2713,20,2733,25
2020-12-31,Butte,007,227075,8319,999,9318,130
2020-12-31,Calaveras,009,45235,1246,3,1249,28
2020-12-31,Colusa,011,21464,1391,96,1487,9
2020-12-31,Contra Costa,013,1133247,43875,635,44510,444
2020-12-31,Del Norte,015,27424,799,2,801,2
2020-12-31,El Dorado,017,186661,6733,352,7085,47
2020-12-31,Fresno,019,978130,73071,5011,78082,969
2020-12-31,Glenn,021,27897,1689,291,1980,16
2020-12-31,Humboldt,023,135768,1927,7,1934,22
2020-12-31,Imperial,025,180216,23811,1529,25340,516
2020-12-31,Inyo,027,18085,731,8,739,26
2020-12-31,Kern,029,883053,70376,5497,75873,712
2020-12-31,Kings,031,150075,17111,559,17670,134
2020-12-31,Lake,033,64148,2070,0,2070,32
2020-12-31,Lassen,035,31185,4579,52,4631,11
2020-12-31,Los Angeles,037,10098052,841955,23334,865289,12470
2020-12-31,Madera,039,155013,11597,475,12072,155
2020-12-31,Marin,041,260295,1822,33,1855,106
2020-12-31,Mariposa,043,17540,274,2,276,2
2020-12-31,Mendocino,045,87422,2584,24,2608,28
2020-12-31,Merced,047,269075,20192,377,20569,280
2020-12-31,Modoc,049,8938,267,75,342,0
2020-12-31,Mono,051,14174,907,12,919,3
2020-12-31,Monterey,053,433212,30232,738,30970,265
2020-12-31,Napa,055,140530,6359,24,6383,28
2020-12-31,Nevada,057,99092,2907,95,3002,56
2020-12-31,Orange,059,3164182,177136,6850,183986,2708
2020-12-31,Placer,061,380077,15546,638,16184,181
2020-12-31,Plumas,063,18699,494,8,502,4
2020-12-31,Riverside,065,2383286,202502,9130,211632,2480
2020-12-31,Sacramento,067,1510023,69835,667,70502,1064
2020-12-31,San Benito,069,59416,3980,34,4014,29
2020-12-31,San Bernardino,071,2135413,217055,5835,222890,2875
2020-12-31,San Diego,073,3302833,176813,7979,184792,1808
2020-12-31,San Francisco,075,870044,25026,229,25255,261
2020-12-31,San Joaquin,077,732212,49319,1722,51041,843
2020-12-31,San Luis Obispo,079,281455,12411,270,12681,111
2020-12-31,San Mateo,081,765935,27443,127,27570,259
2020-12-31,Santa Barbara,083,443738,19410,556,19966,184
2020-12-31,Santa Clara,085,1922200,77180,309,77489,876
2020-12-31,Santa Cruz,087,273765,10314,372,10686,107
2020-12-31,Shasta,089,179085,8625,754,9379,105
2020-12-31,Sierra,091,2930,36,6,42,0
2020-12-31,Siskiyou,093,43540,1065,117,1182,10
2020-12-31,Solano,095,438530,21028,209,21237,139
2020-12-31,Sonoma,097,501317,20525,110,20635,202
2020-12-31,Stanislaus,099,539301,37007,3400,40407,637
2020-12-31,Sutter,101,95872,6779,47,6826,71
2020-12-31,Tehama,103,63373,3293,317,3610,43
2020-12-31,Trinity,105,12862,425,58,483,4
2020-12-31,Tulare,107,460477,36523,3990,40513,522
2020-12-31,Tuolumne,109,53932,2967,18,2985,32
2020-12-31,Ventura,111,848112,45820,1737,47557,375
2020-12-31,Yolo,113,214977,9161,68,9229,144
2020-12-31,Yuba,115,75493,4113,38,4151,19
2020-12-30,Alameda,001,1643700,55907,991,56898,650
2020-12-30,Alpine,002,1148,69,0,69,0
2020-12-30,Amador,005,37829,2693,19,2712,25
2020-12-30,Butte,007,227075,8158,980,9138,126
2020-12-30,Calaveras,009,45235,1221,3,1224,28
2020-12-30,Colusa,011,21464,1373,90,1463,9
2020-12-30,Contra Costa,013,1133247,43325,622,43947,438
2020-12-30,Del Norte,015,27424,794,2,796,2
2020-12-30,El Dorado,017,186661,6632,342,6974,45
2020-12-30,Fresno,019,978130,72226,4861,77087,955
2020-12-30,Glenn,021,27897,1658,279,1937,16
2020-12-30,Humboldt,023,135768,1893,7,1900,22
2020-12-30,Imperial,025,180216,23646,1453,25099,515
2020-12-30,Inyo,027,18085,725,8,733,26
2020-12-30,Kern,029,883053,69648,5352,75000,701
2020-12-30,Kings,031,150075,16992,550,17542,134
2020-12-30,Lake,033,64148,2051,0,2051,31
2020-12-30,Lassen,035,31185,4570,52,4622,10
2020-12-30,Los Angeles,037,10098052,831032,22668,853700,12193
2020-12-30,Madera,039,155013,11487,464,11951,152
2020-12-30,Marin,041,260295,1730,27,1757,106
2020-12-30,Mariposa,043,17540,270,2,272,2
2020-12-30,Mendocino,045,87422,2566,21,2587,27
2020-12-30,Merced,047,269075,19902,367,20269,277
2020-12-30,Modoc,049,8938,264,75,339,0
2020-12-30,Mono,051,14174,904,12,916,3
2020-12-30,Monterey,053,433212,29602,716,30318,258
2020-12-30,Napa,055,140530,6254,24,6278,28
2020-12-30,Nevada,057,99092,2872,93,2965,56
2020-12-30,Orange,059,3164182,174478,6663,181141,2644
2020-12-30,Placer,061,380077,15315,626,15941,178
2020-12-30,Plumas,063,18699,489,8,497,4
2020-12-30,Riverside,065,2383286,199553,8947,208500,2442
2020-12-30,Sacramento,067,1510023,68962,650,69612,1051
2020-12-30,San Benito,069,59416,3898,30,3928,29
2020-12-30,San Bernardino,071,2135413,214487,5750,220237,2815
2020-12-30,San Diego,073,3302833,173180,7804,180984,1779
2020-12-30,San Francisco,075,870044,24750,224,24974,254
2020-12-30,San Joaquin,077,732212,48598,1681,50279,834
2020-12-30,San Luis Obispo,079,281455,12142,262,12404,104
2020-12-30,San Mateo,081,765935,27014,123,27137,253
2020-12-30,Santa Barbara,083,443738,19008,535,19543,179
2020-12-30,Santa Clara,085,1922200,75972,305,76277,857
2020-12-30,Santa Cruz,087,273765,10140,363,10503,104
2020-12-30,Shasta,089,179085,8511,740,9251,103
2020-12-30,Sierra,091,2930,36,6,42,0
2020-12-30,Siskiyou,093,43540,1058,109,1167,10
2020-12-30,Solano,095,438530,20645,206,20851,138
2020-12-30,Sonoma,097,501317,20269,110,20379,199
2020-12-30,Stanislaus,099,539301,36544,3325,39869,631
2020-12-30,Sutter,101,95872,6720,45,6765,70
2020-12-30,Tehama,103,63373,3249,313,3562,42
2020-12-30,Trinity,105,12862,424,57,481,4
2020-12-30,Tulare,107,460477,35992,3930,39922,511
2020-12-30,Tuolumne,109,53932,2957,16,2973,32
2020-12-30,Ventura,111,848112,44533,1713,46246,363
2020-12-30,Yolo,113,214977,9053,66,9119,141
2020-12-30,Yuba,115,75493,4045,38,4083,19
2020-12-29,Alameda,001,1643700,54837,956,55793,640
2020-12-29,Alpine,002,1148,69,0,69,0
2020-12-29,Amador,005,37829,2641,18,2659,25
2020-12-29,Butte,007,227075,7987,956,8943,124
2020-12-29,Calaveras,009,45235,1177,2,1179,28
2020-12-29,Colusa,011,21464,1352,85,1437,9
2020-12-29,Contra Costa,013,1133247,42556,596,43152,427
2020-12-29,Del Norte,015,27424,787,2,789,2
2020-12-29,El Dorado,017,186661,6502,329,6831,43
2020-12-29,Fresno,019,978130,70855,4712,75567,933
2020-12-29,Glenn,021,27897,1624,272,1896,16
2020-12-29,Humboldt,023,135768,1845,7,1852,22
2020-12-29,Imperial,025,180216,23431,1371,24802,509
2020-12-29,Inyo,027,18085,707,8,715,25
2020-12-29,Kern,029,883053,68483,5184,73667,686
2020-12-29,Kings,031,150075,16823,538,17361,133
2020-12-29,Lake,033,64148,2020,0,2020,30
2020-12-29,Lassen,035,31185,4555,52,4607,10
2020-12-29,Los Angeles,037,10098052,810817,21846,832663,11952
2020-12-29,Madera,039,155013,11185,451,11636,150
2020-12-29,Marin,041,260295,1604,25,1629,104
2020-12-29,Mariposa,043,17540,262,2,264,2
2020-12-29,Mendocino,045,87422,2523,20,2543,27
2020-12-29,Merced,047,269075,19551,351,19902,276
2020-12-29,Modoc,049,8938,261,75,336,0
2020-12-29,Mono,051,14174,895,12,907,3
2020-12-29,Monterey,053,433212,28951,691,29642,252
2020-12-29,Napa,055,140530,6136,24,6160,27
2020-12-29,Nevada,057,99092,2824,92,2916,56
2020-12-29,Orange,059,3164182,170705,6500,177205,2580
2020-12-29,Placer,061,380077,15102,605,15707,174
2020-12-29,Plumas,063,18699,480,8,488,4
2020-12-29,Riverside,065,2383286,194955,8698,203653,2398
2020-12-29,Sacramento,067,1510023,67911,638,68549,1041
2020-12-29,San Benito,069,59416,3779,29,3808,28
2020-12-29,San Bernardino,071,2135413,209651,5614,215265,2754
2020-12-29,San Diego,073,3302833,168957,7573,176530,1742
2020-12-29,San Francisco,075,870044,24410,217,24627,248
2020-12-29,San Joaquin,077,732212,47657,1628,49285,822
2020-12-29,San Luis Obispo,079,281455,11846,254,12100,101
2020-12-29,San Mateo,081,765935,26472,111,26583,252
2020-12-29,Santa Barbara,083,443738,18539,509,19048,175
2020-12-29,Santa Clara,085,1922200,74471,301,74772,837
2020-12-29,Santa Cruz,087,273765,9874,354,10228,103
2020-12-29,Shasta,089,179085,8407,725,9132,101
2020-12-29,Sierra,091,2930,34,5,39,0
2020-12-29,Siskiyou,093,43540,1043,107,1150,10
2020-12-29,Solano,095,438530,20267,201,20468,137
2020-12-29,Sonoma,097,501317,19938,108,20046,194
2020-12-29,Stanislaus,099,539301,36067,3255,39322,627
2020-12-29,Sutter,101,95872,6653,45,6698,69
2020-12-29,Tehama,103,63373,3179,301,3480,41
2020-12-29,Trinity,105,12862,423,57,480,4
2020-12-29,Tulare,107,460477,35363,3807,39170,503
2020-12-29,Tuolumne,109,53932,2915,16,2931,32
2020-12-29,Ventura,111,848112,43278,1687,44965,352
2020-12-29,Yolo,113,214977,8923,64,8987,141
2020-12-29,Yuba,115,75493,3966,38,4004,18
2020-12-28,Alameda,001,1643700,53795,936,54731,627
2020-12-28,Alpine,002,1148,68,0,68,0
2020-12-28,Amador,005,37829,2571,18,2589,25
2020-12-28,Butte,007,227075,7821,926,8747,122
2020-12-28,Calaveras,009,45235,1154,2,1156,28
2020-12-28,Colusa,011,21464,1326,74,1400,9
2020-12-28,Contra Costa,013,1133247,41614,567,42181,421
2020-12-28,Del Norte,015,27424,778,2,780,2
2020-12-28,El Dorado,017,186661,6346,318,6664,41
2020-12-28,Fresno,019,978130,69587,4562,74149,911
2020-12-28,Glenn,021,27897,1590,260,1850,16
2020-12-28,Humboldt,023,135768,1810,7,1817,20
2020-12-28,Imperial,025,180216,23175,1297,24472,501
2020-12-28,Inyo,027,18085,701,8,709,25
2020-12-28,Kern,029,883053,67417,4984,72401,676
2020-12-28,Kings,031,150075,16606,520,17126,131
2020-12-28,Lake,033,64148,1980,0,1980,29
2020-12-28,Lassen,035,31185,4448,51,4499,10
2020-12-28,Los Angeles,037,10098052,788452,21064,809516,11753
2020-12-28,Madera,039,155013,11012,431,11443,150
2020-12-28,Marin,041,260295,1528,20,1548,103
2020-12-28,Mariposa,043,17540,238,2,240,2
2020-12-28,Mendocino,045,87422,2488,20,2508,27
2020-12-28,Merced,047,269075,19231,333,19564,272
2020-12-28,Modoc,049,8938,256,73,329,0
2020-12-28,Mono,051,14174,891,12,903,3
2020-12-28,Monterey,053,433212,28102,682,28784,242
2020-12-28,Napa,055,140530,6026,24,6050,27
2020-12-28,Nevada,057,99092,2776,88,2864,54
2020-12-28,Orange,059,3164182,166605,6325,172930,2524
2020-12-28,Placer,061,380077,14762,578,15340,174
2020-12-28,Plumas,063,18699,476,8,484,4
2020-12-28,Riverside,065,2383286,190060,8411,198471,2348
2020-12-28,Sacramento,067,1510023,66677,614,67291,1031
2020-12-28,San Benito,069,59416,3710,29,3739,27
2020-12-28,San Bernardino,071,2135413,204559,5501,210060,2690
2020-12-28,San Diego,073,3302833,164212,7391,171603,1692
2020-12-28,San Francisco,075,870044,24050,212,24262,243
2020-12-28,San Joaquin,077,732212,46718,1596,48314,811
2020-12-28,San Luis Obispo,079,281455,11496,250,11746,100
2020-12-28,San Mateo,081,765935,25998,107,26105,247
2020-12-28,Santa Barbara,083,443738,18071,497,18568,171
2020-12-28,Santa Clara,085,1922200,72990,294,73284,816
2020-12-28,Santa Cruz,087,273765,9616,344,9960,101
2020-12-28,Shasta,089,179085,8290,712,9002,101
2020-12-28,Sierra,091,2930,32,4,36,0
2020-12-28,Siskiyou,093,43540,1027,102,1129,10
2020-12-28,Solano,095,438530,19710,194,19904,136
2020-12-28,Sonoma,097,501317,19591,106,19697,190
2020-12-28,Stanislaus,099,539301,35521,3196,38717,621
2020-12-28,Sutter,101,95872,6573,45,6618,68
2020-12-28,Tehama,103,63373,3126,294,3420,40
2020-12-28,Trinity,105,12862,421,57,478,4
2020-12-28,Tulare,107,460477,34714,3706,38420,496
2020-12-28,Tuolumne,109,53932,2898,16,2914,32
2020-12-28,Ventura,111,848112,41608,1642,43250,345
2020-12-28,Yolo,113,214977,8771,63,8834,140
2020-12-28,Yuba,115,75493,3911,37,3948,18
2020-12-27,Alameda,001,1643700,52554,910,53464,615
2020-12-27,Alpine,002,1148,66,0,66,0
2020-12-27,Amador,005,37829,2451,18,2469,25
2020-12-27,Butte,007,227075,7666,888,8554,119
2020-12-27,Calaveras,009,45235,1108,2,1110,28
2020-12-27,Colusa,011,21464,1301,71,1372,9
2020-12-27,Contra Costa,013,1133247,40667,543,41210,416
2020-12-27,Del Norte,015,27424,754,2,756,2
2020-12-27,El Dorado,017,186661,6132,295,6427,38
2020-12-27,Fresno,019,978130,68339,4357,72696,900
2020-12-27,Glenn,021,27897,1562,246,1808,15
2020-12-27,Humboldt,023,135768,1766,7,1773,20
2020-12-27,Imperial,025,180216,22896,1190,24086,492
2020-12-27,Inyo,027,18085,682,7,689,23
2020-12-27,Kern,029,883053,66136,4819,70955,668
2020-12-27,Kings,031,150075,16370,486,16856,131
2020-12-27,Lake,033,64148,1931,0,1931,29
2020-12-27,Lassen,035,31185,4371,44,4415,10
2020-12-27,Los Angeles,037,10098052,766917,20202,787119,11516
2020-12-27,Madera,039,155013,10755,421,11176,145
2020-12-27,Marin,041,260295,1452,19,1471,99
2020-12-27,Mariposa,043,17540,231,2,233,2
2020-12-27,Mendocino,045,87422,2441,20,2461,27
2020-12-27,Merced,047,269075,18867,318,19185,269
2020-12-27,Modoc,049,8938,247,69,316,0
2020-12-27,Mono,051,14174,879,12,891,3
2020-12-27,Monterey,053,433212,27539,665,28204,238
2020-12-27,Napa,055,140530,5892,24,5916,27
2020-12-27,Nevada,057,99092,2740,88,2828,51
2020-12-27,Orange,059,3164182,162203,6137,168340,2471
2020-12-27,Placer,061,380077,14467,546,15013,174
2020-12-27,Plumas,063,18699,470,8,478,4
2020-12-27,Riverside,065,2383286,185145,8111,193256,2295
2020-12-27,Sacramento,067,1510023,65465,592,66057,1016
2020-12-27,San Benito,069,59416,3625,29,3654,26
2020-12-27,San Bernardino,071,2135413,199469,5364,204833,2618
2020-12-27,San Diego,073,3302833,159805,7204,167009,1648
2020-12-27,San Francisco,075,870044,23696,204,23900,238
2020-12-27,San Joaquin,077,732212,45668,1547,47215,802
2020-12-27,San Luis Obispo,079,281455,11088,245,11333,96
2020-12-27,San Mateo,081,765935,25434,104,25538,246
2020-12-27,Santa Barbara,083,443738,17542,470,18012,165
2020-12-27,Santa Clara,085,1922200,71295,288,71583,797
2020-12-27,Santa Cruz,087,273765,9358,336,9694,99
2020-12-27,Shasta,089,179085,8163,690,8853,98
2020-12-27,Sierra,091,2930,32,3,35,0
2020-12-27,Siskiyou,093,43540,1017,97,1114,10
2020-12-27,Solano,095,438530,19229,189,19418,133
2020-12-27,Sonoma,097,501317,19300,105,19405,190
2020-12-27,Stanislaus,099,539301,34909,3113,38022,614
2020-12-27,Sutter,101,95872,6492,43,6535,67
2020-12-27,Tehama,103,63373,3054,278,3332,39
2020-12-27,Trinity,105,12862,414,55,469,4
2020-12-27,Tulare,107,460477,34112,3588,37700,489
2020-12-27,Tuolumne,109,53932,2793,14,2807,32
2020-12-27,Ventura,111,848112,40547,1591,42138,334
2020-12-27,Yolo,113,214977,8581,59,8640,140
2020-12-27,Yuba,115,75493,3848,35,3883,18
2020-12-26,Alameda,001,1643700,51930,897,52827,609
2020-12-26,Alpine,002,1148,66,0,66,0
2020-12-26,Amador,005,37829,2437,18,2455,25
2020-12-26,Butte,007,227075,7572,864,8436,117
2020-12-26,Calaveras,009,45235,1102,2,1104,28
2020-12-26,Colusa,011,21464,1291,71,1362,9
2020-12-26,Contra Costa,013,1133247,40189,526,40715,411
2020-12-26,Del Norte,015,27424,749,2,751,2
2020-12-26,El Dorado,017,186661,6077,291,6368,36
2020-12-26,Fresno,019,978130,67870,4294,72164,882
2020-12-26,Glenn,021,27897,1541,241,1782,15
2020-12-26,Humboldt,023,135768,1728,7,1735,20
2020-12-26,Imperial,025,180216,22801,1138,23939,484
2020-12-26,Inyo,027,18085,667,7,674,23
2020-12-26,Kern,029,883053,65465,4672,70137,665
2020-12-26,Kings,031,150075,16252,482,16734,129
2020-12-26,Lake,033,64148,1891,0,1891,29
2020-12-26,Lassen,035,31185,4350,44,4394,9
2020-12-26,Los Angeles,037,10098052,758336,19718,778054,11254
2020-12-26,Madera,039,155013,10679,409,11088,145
2020-12-26,Marin,041,260295,1430,18,1448,99
2020-12-26,Mariposa,043,17540,230,2,232,2
2020-12-26,Mendocino,045,87422,2395,20,2415,26
2020-12-26,Merced,047,269075,18717,313,19030,265
2020-12-26,Modoc,049,8938,244,69,313,0
2020-12-26,Mono,051,14174,873,12,885,3
2020-12-26,Monterey,053,433212,27401,656,28057,233
2020-12-26,Napa,055,140530,5834,24,5858,26
2020-12-26,Nevada,057,99092,2712,88,2800,51
2020-12-26,Orange,059,3164182,159979,6046,166025,2430
2020-12-26,Placer,061,380077,14295,531,14826,170
2020-12-26,Plumas,063,18699,467,8,475,3
2020-12-26,Riverside,065,2383286,182659,7953,190612,2255
2020-12-26,Sacramento,067,1510023,64840,582,65422,997
2020-12-26,San Benito,069,59416,3552,29,3581,26
2020-12-26,San Bernardino,071,2135413,197788,5282,203070,2564
2020-12-26,San Diego,073,3302833,157280,7057,164337,1621
2020-12-26,San Francisco,075,870044,23455,204,23659,234
2020-12-26,San Joaquin,077,732212,45280,1501,46781,793
2020-12-26,San Luis Obispo,079,281455,11001,240,11241,93
2020-12-26,San Mateo,081,765935,25096,99,25195,245
2020-12-26,Santa Barbara,083,443738,17303,464,17767,160
2020-12-26,Santa Clara,085,1922200,70180,286,70466,771
2020-12-26,Santa Cruz,087,273765,9227,327,9554,95
2020-12-26,Shasta,089,179085,8103,678,8781,95
2020-12-26,Sierra,091,2930,32,3,35,0
2020-12-26,Siskiyou,093,43540,1010,94,1104,10
2020-12-26,Solano,095,438530,18985,189,19174,132
2020-12-26,Sonoma,097,501317,19097,103,19200,188
2020-12-26,Stanislaus,099,539301,34610,3060,37670,607
2020-12-26,Sutter,101,95872,6434,43,6477,66
2020-12-26,Tehama,103,63373,3025,272,3297,39
2020-12-26,Trinity,105,12862,412,54,466,3
2020-12-26,Tulare,107,460477,33802,3525,37327,485
2020-12-26,Tuolumne,109,53932,2782,14,2796,32
2020-12-26,Ventura,111,848112,39582,1561,41143,328
2020-12-26,Yolo,113,214977,8479,57,8536,138
2020-12-26,Yuba,115,75493,3816,35,3851,18
2020-12-25,Alameda,001,1643700,51361,882,52243,600
2020-12-25,Alpine,002,1148,66,0,66,0
2020-12-25,Amador,005,37829,2394,18,2412,25
2020-12-25,Butte,007,227075,7473,845,8318,117
2020-12-25,Calaveras,009,45235,1099,2,1101,28
2020-12-25,Colusa,011,21464,1278,70,1348,9
2020-12-25,Contra Costa,013,1133247,39702,502,40204,402
2020-12-25,Del Norte,015,27424,747,2,749,2
2020-12-25,El Dorado,017,186661,6012,278,6290,36
2020-12-25,Fresno,019,978130,67008,4212,71220,864
2020-12-25,Glenn,021,27897,1525,234,1759,15
2020-12-25,Humboldt,023,135768,1688,7,1695,20
2020-12-25,Imperial,025,180216,22698,1126,23824,476
2020-12-25,Inyo,027,18085,657,7,664,23
2020-12-25,Kern,029,883053,64735,4526,69261,662
2020-12-25,Kings,031,150075,16141,478,16619,127
2020-12-25,Lake,033,64148,1872,0,1872,28
2020-12-25,Lassen,035,31185,4335,44,4379,8
2020-12-25,Los Angeles,037,10098052,744661,19065,763726,11008
2020-12-25,Madera,039,155013,10515,403,10918,145
2020-12-25,Marin,041,260295,1413,17,1430,99
2020-12-25,Mariposa,043,17540,224,2,226,2
2020-12-25,Mendocino,045,87422,2352,20,2372,25
2020-12-25,Merced,047,269075,18556,305,18861,259
2020-12-25,Modoc,049,8938,243,69,312,0
2020-12-25,Mono,051,14174,871,12,883,3
2020-12-25,Monterey,053,433212,27125,647,27772,230
2020-12-25,Napa,055,140530,5757,24,5781,26
2020-12-25,Nevada,057,99092,2686,86,2772,49
2020-12-25,Orange,059,3164182,157284,5855,163139,2380
2020-12-25,Placer,061,380077,14110,509,14619,168
2020-12-25,Plumas,063,18699,460,8,468,3
2020-12-25,Riverside,065,2383286,179378,7642,187020,2205
2020-12-25,Sacramento,067,1510023,64149,557,64706,981
2020-12-25,San Benito,069,59416,3511,27,3538,24
2020-12-25,San Bernardino,071,2135413,195189,5167,200356,2506
2020-12-25,San Diego,073,3302833,154800,6879,161679,1585
2020-12-25,San Francisco,075,870044,23173,199,23372,231
2020-12-25,San Joaquin,077,732212,44980,1448,46428,782
2020-12-25,San Luis Obispo,079,281455,10818,233,11051,90
2020-12-25,San Mateo,081,765935,24774,97,24871,243
2020-12-25,Santa Barbara,083,443738,17079,457,17536,159
2020-12-25,Santa Clara,085,1922200,69043,277,69320,752
2020-12-25,Santa Cruz,087,273765,9077,306,9383,93
2020-12-25,Shasta,089,179085,8029,655,8684,94
2020-12-25,Sierra,091,2930,32,3,35,0
2020-12-25,Siskiyou,093,43540,1004,92,1096,9
2020-12-25,Solano,095,438530,18803,187,18990,132
2020-12-25,Sonoma,097,501317,18922,101,19023,182
2020-12-25,Stanislaus,099,539301,34328,3005,37333,601
2020-12-25,Sutter,101,95872,6374,42,6416,64
2020-12-25,Tehama,103,63373,2977,259,3236,39
2020-12-25,Trinity,105,12862,408,54,462,3
2020-12-25,Tulare,107,460477,33392,3457,36849,478
2020-12-25,Tuolumne,109,53932,2763,14,2777,31
2020-12-25,Ventura,111,848112,38426,1513,39939,318
2020-12-25,Yolo,113,214977,8387,55,8442,138
2020-12-25,Yuba,115,75493,3776,34,3810,18
2020-12-24,Alameda,001,1643700,51004,864,51868,589
2020-12-24,Alpine,002,1148,66,0,66,0
2020-12-24,Amador,005,37829,2381,18,2399,25
2020-12-24,Butte,007,227075,7435,829,8264,116
2020-12-24,Calaveras,009,45235,1096,2,1098,27
2020-12-24,Colusa,011,21464,1273,68,1341,9
2020-12-24,Contra Costa,013,1133247,39450,489,39939,396
2020-12-24,Del Norte,015,27424,746,2,748,2
2020-12-24,El Dorado,017,186661,5986,270,6256,31
2020-12-24,Fresno,019,978130,66786,4198,70984,853
2020-12-24,Glenn,021,27897,1514,226,1740,15
2020-12-24,Humboldt,023,135768,1665,7,1672,17
2020-12-24,Imperial,025,180216,22635,1116,23751,467
2020-12-24,Inyo,027,18085,655,7,662,23
2020-12-24,Kern,029,883053,64447,4513,68960,650
2020-12-24,Kings,031,150075,16101,477,16578,125
2020-12-24,Lake,033,64148,1850,0,1850,28
2020-12-24,Lassen,035,31185,4322,44,4366,8
2020-12-24,Los Angeles,037,10098052,740466,18824,759290,10805
2020-12-24,Madera,039,155013,10466,395,10861,144
2020-12-24,Marin,041,260295,1397,17,1414,97
2020-12-24,Mariposa,043,17540,220,2,222,2
2020-12-24,Mendocino,045,87422,2341,20,2361,25
2020-12-24,Merced,047,269075,18486,301,18787,254
2020-12-24,Modoc,049,8938,243,68,311,0
2020-12-24,Mono,051,14174,869,12,881,3
2020-12-24,Monterey,053,433212,27012,640,27652,227
2020-12-24,Napa,055,140530,5702,24,5726,26
2020-12-24,Nevada,057,99092,2662,86,2748,47
2020-12-24,Orange,059,3164182,155790,5804,161594,2322
2020-12-24,Placer,061,380077,14020,502,14522,165
2020-12-24,Plumas,063,18699,457,8,465,3
2020-12-24,Riverside,065,2383286,178442,7602,186044,2171
2020-12-24,Sacramento,067,1510023,63874,555,64429,966
2020-12-24,San Benito,069,59416,3480,27,3507,24
2020-12-24,San Bernardino,071,2135413,194099,5134,199233,2438
2020-12-24,San Diego,073,3302833,153716,6847,160563,1552
2020-12-24,San Francisco,075,870044,23000,196,23196,224
2020-12-24,San Joaquin,077,732212,44813,1430,46243,771
2020-12-24,San Luis Obispo,079,281455,10749,231,10980,86
2020-12-24,San Mateo,081,765935,24579,97,24676,240
2020-12-24,Santa Barbara,083,443738,16974,449,17423,156
2020-12-24,Santa Clara,085,1922200,68354,270,68624,731
2020-12-24,Santa Cruz,087,273765,8998,294,9292,91
2020-12-24,Shasta,089,179085,7988,638,8626,90
2020-12-24,Sierra,091,2930,29,1,30,0
2020-12-24,Siskiyou,093,43540,999,86,1085,9
2020-12-24,Solano,095,438530,18661,182,18843,130
2020-12-24,Sonoma,097,501317,18821,101,18922,180
2020-12-24,Stanislaus,099,539301,34126,2978,37104,592
2020-12-24,Sutter,101,95872,6333,41,6374,64
2020-12-24,Tehama,103,63373,2959,257,3216,39
2020-12-24,Trinity,105,12862,407,54,461,3
2020-12-24,Tulare,107,460477,33244,3431,36675,469
2020-12-24,Tuolumne,109,53932,2755,14,2769,30
2020-12-24,Ventura,111,848112,38145,1506,39651,309
2020-12-24,Yolo,113,214977,8345,54,8399,138
2020-12-24,Yuba,115,75493,3745,34,3779,18
2020-12-23,Alameda,001,1643700,50427,836,51263,578
2020-12-23,Alpine,002,1148,66,0,66,0
2020-12-23,Amador,005,37829,2312,17,2329,25
2020-12-23,Butte,007,227075,7346,802,8148,113
2020-12-23,Calaveras,009,45235,1087,1,1088,27
2020-12-23,Colusa,011,21464,1262,67,1329,9
2020-12-23,Contra Costa,013,1133247,39055,475,39530,381
2020-12-23,Del Norte,015,27424,738,2,740,2
2020-12-23,El Dorado,017,186661,5911,262,6173,30
2020-12-23,Fresno,019,978130,66174,4132,70306,839
2020-12-23,Glenn,021,27897,1500,222,1722,15
2020-12-23,Humboldt,023,135768,1640,7,1647,16
2020-12-23,Imperial,025,180216,22540,1087,23627,462
2020-12-23,Inyo,027,18085,642,7,649,23
2020-12-23,Kern,029,883053,63928,4422,68350,643
2020-12-23,Kings,031,150075,16024,474,16498,122
2020-12-23,Lake,033,64148,1833,0,1833,28
2020-12-23,Lassen,035,31185,4312,41,4353,8
2020-12-23,Los Angeles,037,10098052,731390,18308,749698,10589
2020-12-23,Madera,039,155013,10309,380,10689,143
2020-12-23,Marin,041,260295,1373,15,1388,97
2020-12-23,Mariposa,043,17540,218,2,220,2
2020-12-23,Mendocino,045,87422,2329,20,2349,25
2020-12-23,Merced,047,269075,18330,293,18623,251
2020-12-23,Modoc,049,8938,239,67,306,0
2020-12-23,Mono,051,14174,866,12,878,3
2020-12-23,Monterey,053,433212,26711,635,27346,222
2020-12-23,Napa,055,140530,5635,24,5659,26
2020-12-23,Nevada,057,99092,2617,85,2702,47
2020-12-23,Orange,059,3164182,153335,5643,158978,2272
2020-12-23,Placer,061,380077,13810,494,14304,159
2020-12-23,Plumas,063,18699,450,8,458,3
2020-12-23,Riverside,065,2383286,176172,7448,183620,2125
2020-12-23,Sacramento,067,1510023,63225,542,63767,953
2020-12-23,San Benito,069,59416,3426,25,3451,24
2020-12-23,San Bernardino,071,2135413,192033,5066,197099,2376
2020-12-23,San Diego,073,3302833,151290,6710,158000,1527
2020-12-23,San Francisco,075,870044,22779,193,22972,216
2020-12-23,San Joaquin,077,732212,44287,1388,45675,761
2020-12-23,San Luis Obispo,079,281455,10607,226,10833,85
2020-12-23,San Mateo,081,765935,24277,95,24372,237
2020-12-23,Santa Barbara,083,443738,16766,424,17190,156
2020-12-23,Santa Clara,085,1922200,67407,265,67672,716
2020-12-23,Santa Cruz,087,273765,8839,276,9115,91
2020-12-23,Shasta,089,179085,7916,632,8548,90
2020-12-23,Sierra,091,2930,27,1,28,0
2020-12-23,Siskiyou,093,43540,978,85,1063,9
2020-12-23,Solano,095,438530,18446,177,18623,129
2020-12-23,Sonoma,097,501317,18616,101,18717,178
2020-12-23,Stanislaus,099,539301,33774,2926,36700,585
2020-12-23,Sutter,101,95872,6266,41,6307,63
2020-12-23,Tehama,103,63373,2941,250,3191,39
2020-12-23,Trinity,105,12862,407,53,460,3
2020-12-23,Tulare,107,460477,32932,3391,36323,459
2020-12-23,Tuolumne,109,53932,2716,14,2730,29
2020-12-23,Ventura,111,848112,37747,1477,39224,303
2020-12-23,Yolo,113,214977,8266,54,8320,136
2020-12-23,Yuba,115,75493,3685,34,3719,17
2020-12-22,Alameda,001,1643700,49541,805,50346,568
2020-12-22,Alpine,002,1148,66,0,66,0
2020-12-22,Amador,005,37829,2301,17,2318,25
2020-12-22,Butte,007,227075,7217,787,8004,110
2020-12-22,Calaveras,009,45235,1060,0,1060,27
2020-12-22,Colusa,011,21464,1239,64,1303,9
2020-12-22,Contra Costa,013,1133247,38430,461,38891,370
2020-12-22,Del Norte,015,27424,728,2,730,2
2020-12-22,El Dorado,017,186661,5788,250,6038,29
2020-12-22,Fresno,019,978130,65140,4030,69170,824
2020-12-22,Glenn,021,27897,1477,211,1688,14
2020-12-22,Humboldt,023,135768,1607,7,1614,16
2020-12-22,Imperial,025,180216,22351,1045,23396,456
2020-12-22,Inyo,027,18085,621,7,628,23
2020-12-22,Kern,029,883053,62975,4287,67262,634
2020-12-22,Kings,031,150075,15882,468,16350,122
2020-12-22,Lake,033,64148,1809,0,1809,27
2020-12-22,Lassen,035,31185,4170,39,4209,7
2020-12-22,Los Angeles,037,10098052,714111,17653,731764,10401
2020-12-22,Madera,039,155013,10195,365,10560,142
2020-12-22,Marin,041,260295,1360,15,1375,97
2020-12-22,Mariposa,043,17540,215,2,217,2
2020-12-22,Mendocino,045,87422,2296,19,2315,25
2020-12-22,Merced,047,269075,18083,288,18371,247
2020-12-22,Modoc,049,8938,231,66,297,0
2020-12-22,Mono,051,14174,860,12,872,3
2020-12-22,Monterey,053,433212,26041,614,26655,216
2020-12-22,Napa,055,140530,5546,24,5570,26
2020-12-22,Nevada,057,99092,2589,84,2673,47
2020-12-22,Orange,059,3164182,149999,5475,155474,2232
2020-12-22,Placer,061,380077,13566,474,14040,155
2020-12-22,Plumas,063,18699,444,8,452,3
2020-12-22,Riverside,065,2383286,172364,7182,179546,2082
2020-12-22,Sacramento,067,1510023,62297,523,62820,941
2020-12-22,San Benito,069,59416,3348,25,3373,24
2020-12-22,San Bernardino,071,2135413,187423,4922,192345,2325
2020-12-22,San Diego,073,3302833,147931,6548,154479,1503
2020-12-22,San Francisco,075,870044,22508,190,22698,213
2020-12-22,San Joaquin,077,732212,43525,1340,44865,750
2020-12-22,San Luis Obispo,079,281455,10261,221,10482,84
2020-12-22,San Mateo,081,765935,23950,79,24029,231
2020-12-22,Santa Barbara,083,443738,16500,414,16914,155
2020-12-22,Santa Clara,085,1922200,66229,258,66487,701
2020-12-22,Santa Cruz,087,273765,8656,250,8906,90
2020-12-22,Shasta,089,179085,7837,615,8452,88
2020-12-22,Sierra,091,2930,27,0,27,0
2020-12-22,Siskiyou,093,43540,972,84,1056,9
2020-12-22,Solano,095,438530,18044,174,18218,128
2020-12-22,Sonoma,097,501317,18297,101,18398,175
2020-12-22,Stanislaus,099,539301,33390,2852,36242,573
2020-12-22,Sutter,101,95872,6207,40,6247,63
2020-12-22,Tehama,103,63373,2892,244,3136,39
2020-12-22,Trinity,105,12862,406,53,459,3
2020-12-22,Tulare,107,460477,32467,3327,35794,453
2020-12-22,Tuolumne,109,53932,2665,14,2679,28
2020-12-22,Ventura,111,848112,36981,1434,38415,292
2020-12-22,Yolo,113,214977,8155,53,8208,136
2020-12-22,Yuba,115,75493,3637,34,3671,17
2020-12-21,Alameda,001,1643700,48639,779,49418,560
2020-12-21,Alpine,002,1148,65,0,65,0
2020-12-21,Amador,005,37829,2224,17,2241,25
2020-12-21,Butte,007,227075,7062,764,7826,106
2020-12-21,Calaveras,009,45235,1030,0,1030,27
2020-12-21,Colusa,011,21464,1213,59,1272,8
2020-12-21,Contra Costa,013,1133247,37680,425,38105,360
2020-12-21,Del Norte,015,27424,713,2,715,2
2020-12-21,El Dorado,017,186661,5643,238,5881,27
2020-12-21,Fresno,019,978130,63989,3888,67877,804
2020-12-21,Glenn,021,27897,1445,203,1648,14
2020-12-21,Humboldt,023,135768,1584,7,1591,16
2020-12-21,Imperial,025,180216,22085,1004,23089,453
2020-12-21,Inyo,027,18085,600,7,607,22
2020-12-21,Kern,029,883053,62086,4153,66239,619
2020-12-21,Kings,031,150075,15632,453,16085,119
2020-12-21,Lake,033,64148,1761,0,1761,26
2020-12-21,Lassen,035,31185,4010,37,4047,6
2020-12-21,Los Angeles,037,10098052,695011,16992,712003,10219
2020-12-21,Madera,039,155013,10005,344,10349,142
2020-12-21,Marin,041,260295,1352,15,1367,96
2020-12-21,Mariposa,043,17540,210,2,212,2
2020-12-21,Mendocino,045,87422,2265,19,2284,25
2020-12-21,Merced,047,269075,17834,273,18107,245
2020-12-21,Modoc,049,8938,217,65,282,0
2020-12-21,Mono,051,14174,848,12,860,3
2020-12-21,Monterey,053,433212,25509,600,26109,210
2020-12-21,Napa,055,140530,5460,24,5484,25
2020-12-21,Nevada,057,99092,2556,84,2640,47
2020-12-21,Orange,059,3164182,146595,5323,151918,2181
2020-12-21,Placer,061,380077,13334,455,13789,147
2020-12-21,Plumas,063,18699,440,8,448,3
2020-12-21,Riverside,065,2383286,168144,6863,175007,2055
2020-12-21,Sacramento,067,1510023,61278,506,61784,928
2020-12-21,San Benito,069,59416,3279,25,3304,21
2020-12-21,San Bernardino,071,2135413,182610,4756,187366,2264
2020-12-21,San Diego,073,3302833,144480,6384,150864,1472
2020-12-21,San Francisco,075,870044,22217,188,22405,208
2020-12-21,San Joaquin,077,732212,42726,1290,44016,734
2020-12-21,San Luis Obispo,079,281455,10072,216,10288,81
2020-12-21,San Mateo,081,765935,23546,76,23622,229
2020-12-21,Santa Barbara,083,443738,16226,409,16635,155
2020-12-21,Santa Clara,085,1922200,65036,246,65282,682
2020-12-21,Santa Cruz,087,273765,8449,237,8686,88
2020-12-21,Shasta,089,179085,7772,605,8377,87
2020-12-21,Sierra,091,2930,24,0,24,0
2020-12-21,Siskiyou,093,43540,965,83,1048,9
2020-12-21,Solano,095,438530,17584,169,17753,124
2020-12-21,Sonoma,097,501317,18024,98,18122,174
2020-12-21,Stanislaus,099,539301,32933,2776,35709,567
2020-12-21,Sutter,101,95872,6112,40,6152,61
2020-12-21,Tehama,103,63373,2827,235,3062,38
2020-12-21,Trinity,105,12862,404,51,455,3
2020-12-21,Tulare,107,460477,31981,3236,35217,445
2020-12-21,Tuolumne,109,53932,2640,12,2652,28
2020-12-21,Ventura,111,848112,35901,1397,37298,278
2020-12-21,Yolo,113,214977,8018,49,8067,136
2020-12-21,Yuba,115,75493,3579,34,3613,16
2020-12-20,Alameda,001,1643700,47755,758,48513,553
2020-12-20,Alpine,002,1148,65,0,65,0
2020-12-20,Amador,005,37829,2166,17,2183,24
2020-12-20,Butte,007,227075,6915,726,7641,106
2020-12-20,Calaveras,009,45235,1007,0,1007,27
2020-12-20,Colusa,011,21464,1184,53,1237,8
2020-12-20,Contra Costa,013,1133247,37079,407,37486,352
2020-12-20,Del Norte,015,27424,691,2,693,2
2020-12-20,El Dorado,017,186661,5518,229,5747,27
2020-12-20,Fresno,019,978130,63003,3753,66756,793
2020-12-20,Glenn,021,27897,1436,196,1632,13
2020-12-20,Humboldt,023,135768,1547,6,1553,16
2020-12-20,Imperial,025,180216,21845,902,22747,448
2020-12-20,Inyo,027,18085,584,7,591,21
2020-12-20,Kern,029,883053,60988,3999,64987,607
2020-12-20,Kings,031,150075,15412,437,15849,116
2020-12-20,Lake,033,64148,1718,0,1718,24
2020-12-20,Lassen,035,31185,3956,35,3991,6
2020-12-20,Los Angeles,037,10098052,676902,16278,693180,10031
2020-12-20,Madera,039,155013,9795,337,10132,138
2020-12-20,Marin,041,260295,1323,15,1338,96
2020-12-20,Mariposa,043,17540,209,2,211,2
2020-12-20,Mendocino,045,87422,2240,19,2259,25
2020-12-20,Merced,047,269075,17534,266,17800,241
2020-12-20,Modoc,049,8938,217,63,280,0
2020-12-20,Mono,051,14174,830,12,842,3
2020-12-20,Monterey,053,433212,25026,562,25588,205
2020-12-20,Napa,055,140530,5339,23,5362,25
2020-12-20,Nevada,057,99092,2510,78,2588,46
2020-12-20,Orange,059,3164182,143105,5175,148280,2139
2020-12-20,Placer,061,380077,13109,437,13546,142
2020-12-20,Plumas,063,18699,432,8,440,2
2020-12-20,Riverside,065,2383286,163939,6576,170515,2023
2020-12-20,Sacramento,067,1510023,60279,486,60765,915
2020-12-20,San Benito,069,59416,3208,24,3232,21
2020-12-20,San Bernardino,071,2135413,177602,4599,182201,2215
2020-12-20,San Diego,073,3302833,140762,6214,146976,1441
2020-12-20,San Francisco,075,870044,21900,185,22085,207
2020-12-20,San Joaquin,077,732212,41878,1230,43108,724
2020-12-20,San Luis Obispo,079,281455,9781,210,9991,79
2020-12-20,San Mateo,081,765935,23112,72,23184,227
2020-12-20,Santa Barbara,083,443738,15904,391,16295,155
2020-12-20,Santa Clara,085,1922200,63640,240,63880,657
2020-12-20,Santa Cruz,087,273765,8239,224,8463,88
2020-12-20,Shasta,089,179085,7658,591,8249,84
2020-12-20,Sierra,091,2930,24,0,24,0
2020-12-20,Siskiyou,093,43540,956,82,1038,8
2020-12-20,Solano,095,438530,17200,158,17358,124
2020-12-20,Sonoma,097,501317,17748,97,17845,174
2020-12-20,Stanislaus,099,539301,32402,2677,35079,560
2020-12-20,Sutter,101,95872,6025,40,6065,59
2020-12-20,Tehama,103,63373,2779,216,2995,38
2020-12-20,Trinity,105,12862,396,50,446,3
2020-12-20,Tulare,107,460477,31464,3143,34607,440
2020-12-20,Tuolumne,109,53932,2532,11,2543,28
2020-12-20,Ventura,111,848112,35200,1365,36565,268
2020-12-20,Yolo,113,214977,7865,46,7911,136
2020-12-20,Yuba,115,75493,3529,32,3561,16
2020-12-19,Alameda,001,1643700,47306,751,48057,547
2020-12-19,Alpine,002,1148,65,0,65,0
2020-12-19,Amador,005,37829,2142,17,2159,23
2020-12-19,Butte,007,227075,6815,704,7519,103
2020-12-19,Calaveras,009,45235,990,0,990,27
2020-12-19,Colusa,011,21464,1176,50,1226,8
2020-12-19,Contra Costa,013,1133247,36749,393,37142,340
2020-12-19,Del Norte,015,27424,689,1,690,2
2020-12-19,El Dorado,017,186661,5451,221,5672,26
2020-12-19,Fresno,019,978130,62678,3687,66365,780
2020-12-19,Glenn,021,27897,1401,195,1596,13
2020-12-19,Humboldt,023,135768,1530,6,1536,15
2020-12-19,Imperial,025,180216,21752,856,22608,444
2020-12-19,Inyo,027,18085,577,7,584,20
2020-12-19,Kern,029,883053,60504,3893,64397,600
2020-12-19,Kings,031,150075,15333,435,15768,114
2020-12-19,Lake,033,64148,1678,0,1678,24
2020-12-19,Lassen,035,31185,3928,35,3963,5
2020-12-19,Los Angeles,037,10098052,669775,15758,685533,9857
2020-12-19,Madera,039,155013,9694,325,10019,137
2020-12-19,Marin,041,260295,1317,15,1332,95
2020-12-19,Mariposa,043,17540,207,2,209,1
2020-12-19,Mendocino,045,87422,2215,19,2234,25
2020-12-19,Merced,047,269075,17395,258,17653,238
2020-12-19,Modoc,049,8938,214,63,277,0
2020-12-19,Mono,051,14174,823,12,835,3
2020-12-19,Monterey,053,433212,24912,557,25469,202
2020-12-19,Napa,055,140530,5277,23,5300,24
2020-12-19,Nevada,057,99092,2488,78,2566,46
2020-12-19,Orange,059,3164182,141177,5027,146204,2109
2020-12-19,Placer,061,380077,12954,431,13385,141
2020-12-19,Plumas,063,18699,429,8,437,1
2020-12-19,Riverside,065,2383286,161951,6345,168296,1986
2020-12-19,Sacramento,067,1510023,59744,472,60216,899
2020-12-19,San Benito,069,59416,3160,23,3183,20
2020-12-19,San Bernardino,071,2135413,176018,4491,180509,2173
2020-12-19,San Diego,073,3302833,138995,6075,145070,1421
2020-12-19,San Francisco,075,870044,21746,185,21931,205
2020-12-19,San Joaquin,077,732212,41474,1182,42656,711
2020-12-19,San Luis Obispo,079,281455,9710,207,9917,76
2020-12-19,San Mateo,081,765935,22903,65,22968,224
2020-12-19,Santa Barbara,083,443738,15748,385,16133,154
2020-12-19,Santa Clara,085,1922200,62790,236,63026,642
2020-12-19,Santa Cruz,087,273765,8133,220,8353,87
2020-12-19,Shasta,089,179085,7606,579,8185,81
2020-12-19,Sierra,091,2930,24,0,24,0
2020-12-19,Siskiyou,093,43540,952,81,1033,8
2020-12-19,Solano,095,438530,17022,155,17177,123
2020-12-19,Sonoma,097,501317,17639,97,17736,173
2020-12-19,Stanislaus,099,539301,32075,2605,34680,553
2020-12-19,Sutter,101,95872,5969,40,6009,58
2020-12-19,Tehama,103,63373,2730,214,2944,38
2020-12-19,Trinity,105,12862,395,50,445,3
2020-12-19,Tulare,107,460477,31225,3077,34302,436
2020-12-19,Tuolumne,109,53932,2518,11,2529,27
2020-12-19,Ventura,111,848112,34919,1335,36254,265
2020-12-19,Yolo,113,214977,7790,45,7835,134
2020-12-19,Yuba,115,75493,3499,32,3531,15
2020-12-18,Alameda,001,1643700,46770,735,47505,534
2020-12-18,Alpine,002,1148,65,0,65,0
2020-12-18,Amador,005,37829,2125,15,2140,23
2020-12-18,Butte,007,227075,6730,679,7409,102
2020-12-18,Calaveras,009,45235,980,0,980,27
2020-12-18,Colusa,011,21464,1167,50,1217,8
2020-12-18,Contra Costa,013,1133247,36457,382,36839,338
2020-12-18,Del Norte,015,27424,684,0,684,2
2020-12-18,El Dorado,017,186661,5389,212,5601,24
2020-12-18,Fresno,019,978130,61852,3626,65478,763
2020-12-18,Glenn,021,27897,1384,190,1574,13
2020-12-18,Humboldt,023,135768,1515,6,1521,15
2020-12-18,Imperial,025,180216,21669,810,22479,437
2020-12-18,Inyo,027,18085,558,7,565,20
2020-12-18,Kern,029,883053,59844,3808,63652,588
2020-12-18,Kings,031,150075,15207,429,15636,112
2020-12-18,Lake,033,64148,1662,0,1662,24
2020-12-18,Lassen,035,31185,3920,35,3955,5
2020-12-18,Los Angeles,037,10098052,657623,15281,672904,9695
2020-12-18,Madera,039,155013,9591,319,9910,135
2020-12-18,Marin,041,260295,1312,15,1327,94
2020-12-18,Mariposa,043,17540,204,2,206,1
2020-12-18,Mendocino,045,87422,2197,19,2216,25
2020-12-18,Merced,047,269075,17314,256,17570,234
2020-12-18,Modoc,049,8938,214,63,277,0
2020-12-18,Mono,051,14174,815,12,827,3
2020-12-18,Monterey,053,433212,24619,552,25171,198
2020-12-18,Napa,055,140530,5228,23,5251,24
2020-12-18,Nevada,057,99092,2471,77,2548,44
2020-12-18,Orange,059,3164182,138745,4878,143623,2077
2020-12-18,Placer,061,380077,12783,423,13206,138
2020-12-18,Plumas,063,18699,423,8,431,1
2020-12-18,Riverside,065,2383286,159109,6083,165192,1949
2020-12-18,Sacramento,067,1510023,59118,456,59574,887
2020-12-18,San Benito,069,59416,3111,23,3134,20
2020-12-18,San Bernardino,071,2135413,173720,4356,178076,2127
2020-12-18,San Diego,073,3302833,136817,5936,142753,1398
2020-12-18,San Francisco,075,870044,21579,179,21758,203
2020-12-18,San Joaquin,077,732212,41117,1153,42270,696
2020-12-18,San Luis Obispo,079,281455,9612,202,9814,74
2020-12-18,San Mateo,081,765935,22591,61,22652,224
2020-12-18,Santa Barbara,083,443738,15607,372,15979,154
2020-12-18,Santa Clara,085,1922200,61893,227,62120,621
2020-12-18,Santa Cruz,087,273765,8014,212,8226,83
2020-12-18,Shasta,089,179085,7568,568,8136,79
2020-12-18,Sierra,091,2930,24,0,24,0
2020-12-18,Siskiyou,093,43540,950,81,1031,7
2020-12-18,Solano,095,438530,16865,151,17016,123
2020-12-18,Sonoma,097,501317,17519,97,17616,170
2020-12-18,Stanislaus,099,539301,31800,2568,34368,544
2020-12-18,Sutter,101,95872,5885,40,5925,53
2020-12-18,Tehama,103,63373,2715,204,2919,38
2020-12-18,Trinity,105,12862,394,50,444,3
2020-12-18,Tulare,107,460477,30933,2999,33932,428
2020-12-18,Tuolumne,109,53932,2507,11,2518,26
2020-12-18,Ventura,111,848112,34415,1292,35707,259
2020-12-18,Yolo,113,214977,7721,44,7765,132
2020-12-18,Yuba,115,75493,3439,32,3471,14
2020-12-17,Alameda,001,1643700,45964,710,46674,526
2020-12-17,Alpine,002,1148,65,0,65,0
2020-12-17,Amador,005,37829,2077,13,2090,23
2020-12-17,Butte,007,227075,6605,659,7264,102
2020-12-17,Calaveras,009,45235,957,0,957,27
2020-12-17,Colusa,011,21464,1156,48,1204,8
2020-12-17,Contra Costa,013,1133247,35924,352,36276,334
2020-12-17,Del Norte,015,27424,678,0,678,2
2020-12-17,El Dorado,017,186661,5243,199,5442,22
2020-12-17,Fresno,019,978130,60990,3499,64489,746
2020-12-17,Glenn,021,27897,1360,183,1543,13
2020-12-17,Humboldt,023,135768,1482,6,1488,15
2020-12-17,Imperial,025,180216,21507,745,22252,435
2020-12-17,Inyo,027,18085,540,6,546,20
2020-12-17,Kern,029,883053,58887,3673,62560,573
2020-12-17,Kings,031,150075,15104,414,15518,110
2020-12-17,Lake,033,64148,1633,0,1633,24
2020-12-17,Lassen,035,31185,3884,35,3919,5
2020-12-17,Los Angeles,037,10098052,641937,14748,656685,9531
2020-12-17,Madera,039,155013,9470,315,9785,133
2020-12-17,Marin,041,260295,1307,14,1321,94
2020-12-17,Mariposa,043,17540,200,2,202,1
2020-12-17,Mendocino,045,87422,2163,19,2182,25
2020-12-17,Merced,047,269075,17052,248,17300,229
2020-12-17,Modoc,049,8938,211,63,274,0
2020-12-17,Mono,051,14174,801,12,813,3
2020-12-17,Monterey,053,433212,24100,537,24637,191
2020-12-17,Napa,055,140530,5116,23,5139,24
2020-12-17,Nevada,057,99092,2430,74,2504,44
2020-12-17,Orange,059,3164182,135378,4746,140124,2044
2020-12-17,Placer,061,380077,12509,409,12918,135
2020-12-17,Plumas,063,18699,414,8,422,1
2020-12-17,Riverside,065,2383286,155236,5869,161105,1922
2020-12-17,Sacramento,067,1510023,58211,434,58645,873
2020-12-17,San Benito,069,59416,3042,22,3064,20
2020-12-17,San Bernardino,071,2135413,169777,4240,174017,2069
2020-12-17,San Diego,073,3302833,134016,5780,139796,1363
2020-12-17,San Francisco,075,870044,21289,174,21463,200
2020-12-17,San Joaquin,077,732212,40389,1119,41508,687
2020-12-17,San Luis Obispo,079,281455,9493,201,9694,70
2020-12-17,San Mateo,081,765935,22221,61,22282,224
2020-12-17,Santa Barbara,083,443738,15374,365,15739,152
2020-12-17,Santa Clara,085,1922200,60703,221,60924,609
2020-12-17,Santa Cruz,087,273765,7858,199,8057,81
2020-12-17,Shasta,089,179085,7492,549,8041,79
2020-12-17,Sierra,091,2930,23,0,23,0
2020-12-17,Siskiyou,093,43540,942,80,1022,7
2020-12-17,Solano,095,438530,16551,148,16699,123
2020-12-17,Sonoma,097,501317,17248,96,17344,166
2020-12-17,Stanislaus,099,539301,31381,2508,33889,537
2020-12-17,Sutter,101,95872,5787,38,5825,51
2020-12-17,Tehama,103,63373,2666,198,2864,36
2020-12-17,Trinity,105,12862,389,50,439,2
2020-12-17,Tulare,107,460477,30532,2919,33451,420
2020-12-17,Tuolumne,109,53932,2214,11,2225,24
2020-12-17,Ventura,111,848112,33805,1256,35061,251
2020-12-17,Yolo,113,214977,7600,43,7643,130
2020-12-17,Yuba,115,75493,3379,31,3410,14
2020-12-16,Alameda,001,1643700,45108,686,45794,515
2020-12-16,Alpine,002,1148,65,0,65,0
2020-12-16,Amador,005,37829,2030,12,2042,23
2020-12-16,Butte,007,227075,6416,632,7048,99
2020-12-16,Calaveras,009,45235,922,0,922,27
2020-12-16,Colusa,011,21464,1143,45,1188,8
2020-12-16,Contra Costa,013,1133247,35365,333,35698,328
2020-12-16,Del Norte,015,27424,676,0,676,2
2020-12-16,El Dorado,017,186661,5122,190,5312,18
2020-12-16,Fresno,019,978130,60036,3403,63439,736
2020-12-16,Glenn,021,27897,1342,172,1514,13
2020-12-16,Humboldt,023,135768,1450,5,1455,15
2020-12-16,Imperial,025,180216,21325,681,22006,432
2020-12-16,Inyo,027,18085,527,6,533,20
2020-12-16,Kern,029,883053,58010,3544,61554,567
2020-12-16,Kings,031,150075,14924,398,15322,110
2020-12-16,Lake,033,64148,1594,0,1594,24
2020-12-16,Lassen,035,31185,3851,34,3885,5
2020-12-16,Los Angeles,037,10098052,625391,14086,639477,9385
2020-12-16,Madera,039,155013,9344,307,9651,132
2020-12-16,Marin,041,260295,1304,14,1318,94
2020-12-16,Mariposa,043,17540,197,2,199,1
2020-12-16,Mendocino,045,87422,2128,19,2147,24
2020-12-16,Merced,047,269075,16770,245,17015,227
2020-12-16,Modoc,049,8938,208,63,271,0
2020-12-16,Mono,051,14174,782,12,794,3
2020-12-16,Monterey,053,433212,23540,526,24066,188
2020-12-16,Napa,055,140530,5018,23,5041,23
2020-12-16,Nevada,057,99092,2394,72,2466,43
2020-12-16,Orange,059,3164182,131898,4580,136478,2007
2020-12-16,Placer,061,380077,12272,388,12660,130
2020-12-16,Plumas,063,18699,405,8,413,1
2020-12-16,Riverside,065,2383286,151120,5624,156744,1903
2020-12-16,Sacramento,067,1510023,57239,409,57648,863
2020-12-16,San Benito,069,59416,2952,22,2974,20
2020-12-16,San Bernardino,071,2135413,165170,4106,169276,2023
2020-12-16,San Diego,073,3302833,130911,5626,136537,1342
2020-12-16,San Francisco,075,870044,21030,174,21204,196
2020-12-16,San Joaquin,077,732212,39566,1079,40645,681
2020-12-16,San Luis Obispo,079,281455,9298,192,9490,70
2020-12-16,San Mateo,081,765935,21896,57,21953,219
2020-12-16,Santa Barbara,083,443738,15122,353,15475,151
2020-12-16,Santa Clara,085,1922200,59451,218,59669,591
2020-12-16,Santa Cruz,087,273765,7670,188,7858,80
2020-12-16,Shasta,089,179085,7419,526,7945,78
2020-12-16,Sierra,091,2930,23,0,23,0
2020-12-16,Siskiyou,093,43540,934,80,1014,7
2020-12-16,Solano,095,438530,16080,144,16224,121
2020-12-16,Sonoma,097,501317,16993,96,17089,166
2020-12-16,Stanislaus,099,539301,30888,2437,33325,534
2020-12-16,Sutter,101,95872,5708,38,5746,50
2020-12-16,Tehama,103,63373,2631,174,2805,36
2020-12-16,Trinity,105,12862,383,50,433,2
2020-12-16,Tulare,107,460477,30105,2829,32934,411
2020-12-16,Tuolumne,109,53932,2171,11,2182,24
2020-12-16,Ventura,111,848112,33032,1214,34246,244
2020-12-16,Yolo,113,214977,7473,42,7515,129
2020-12-16,Yuba,115,75493,3293,30,3323,13
2020-12-15,Alameda,001,1643700,44250,665,44915,512
2020-12-15,Alpine,002,1148,65,0,65,0
2020-12-15,Amador,005,37829,1917,10,1927,22
2020-12-15,Butte,007,227075,6277,605,6882,98
2020-12-15,Calaveras,009,45235,890,0,890,26
2020-12-15,Colusa,011,21464,1130,44,1174,8
2020-12-15,Contra Costa,013,1133247,34712,319,35031,320
2020-12-15,Del Norte,015,27424,669,0,669,2
2020-12-15,El Dorado,017,186661,5014,176,5190,17
2020-12-15,Fresno,019,978130,58664,3269,61933,728
2020-12-15,Glenn,021,27897,1329,156,1485,13
2020-12-15,Humboldt,023,135768,1430,5,1435,14
2020-12-15,Imperial,025,180216,21101,603,21704,430
2020-12-15,Inyo,027,18085,515,6,521,20
2020-12-15,Kern,029,883053,56999,3438,60437,563
2020-12-15,Kings,031,150075,14760,379,15139,108
2020-12-15,Lake,033,64148,1568,0,1568,24
2020-12-15,Lassen,035,31185,3679,33,3712,5
2020-12-15,Los Angeles,037,10098052,608986,13461,622447,9249
2020-12-15,Madera,039,155013,9187,300,9487,131
2020-12-15,Marin,041,260295,1296,14,1310,93
2020-12-15,Mariposa,043,17540,193,2,195,1
2020-12-15,Mendocino,045,87422,2101,19,2120,24
2020-12-15,Merced,047,269075,16498,241,16739,227
2020-12-15,Modoc,049,8938,206,63,269,0
2020-12-15,Mono,051,14174,766,12,778,3
2020-12-15,Monterey,053,433212,22942,465,23407,183
2020-12-15,Napa,055,140530,4915,23,4938,23
2020-12-15,Nevada,057,99092,2361,70,2431,41
2020-12-15,Orange,059,3164182,128264,4431,132695,1975
2020-12-15,Placer,061,380077,12038,366,12404,124
2020-12-15,Plumas,063,18699,400,8,408,1
2020-12-15,Riverside,065,2383286,147068,5349,152417,1877
2020-12-15,Sacramento,067,1510023,56221,396,56617,852
2020-12-15,San Benito,069,59416,2873,21,2894,19
2020-12-15,San Bernardino,071,2135413,160705,3957,164662,1979
2020-12-15,San Diego,073,3302833,127344,5463,132807,1324
2020-12-15,San Francisco,075,870044,20724,171,20895,193
2020-12-15,San Joaquin,077,732212,38644,1045,39689,668
2020-12-15,San Luis Obispo,079,281455,9189,189,9378,69
2020-12-15,San Mateo,081,765935,21487,55,21542,218
2020-12-15,Santa Barbara,083,443738,14895,345,15240,149
2020-12-15,Santa Clara,085,1922200,58023,215,58238,580
2020-12-15,Santa Cruz,087,273765,7483,175,7658,77
2020-12-15,Shasta,089,179085,7360,501,7861,78
2020-12-15,Sierra,091,2930,23,0,23,0
2020-12-15,Siskiyou,093,43540,926,79,1005,7
2020-12-15,Solano,095,438530,15726,144,15870,121
2020-12-15,Sonoma,097,501317,16772,96,16868,164
2020-12-15,Stanislaus,099,539301,30391,2358,32749,526
2020-12-15,Sutter,101,95872,5609,37,5646,46
2020-12-15,Tehama,103,63373,2593,168,2761,36
2020-12-15,Trinity,105,12862,375,48,423,2
2020-12-15,Tulare,107,460477,29605,2742,32347,409
2020-12-15,Tuolumne,109,53932,2141,11,2152,24
2020-12-15,Ventura,111,848112,32410,1167,33577,237
2020-12-15,Yolo,113,214977,7347,40,7387,126
2020-12-15,Yuba,115,75493,3198,29,3227,13
2020-12-14,Alameda,001,1643700,43351,646,43997,505
2020-12-14,Alpine,002,1148,65,0,65,0
2020-12-14,Amador,005,37829,1845,10,1855,20
2020-12-14,Butte,007,227075,6109,589,6698,93
2020-12-14,Calaveras,009,45235,852,0,852,25
2020-12-14,Colusa,011,21464,1106,43,1149,8
2020-12-14,Contra Costa,013,1133247,34021,305,34326,317
2020-12-14,Del Norte,015,27424,663,0,663,2
2020-12-14,El Dorado,017,186661,4858,160,5018,16
2020-12-14,Fresno,019,978130,57638,3095,60733,720
2020-12-14,Glenn,021,27897,1303,148,1451,13
2020-12-14,Humboldt,023,135768,1417,5,1422,13
2020-12-14,Imperial,025,180216,20862,529,21391,427
2020-12-14,Inyo,027,18085,502,6,508,20
2020-12-14,Kern,029,883053,55962,3317,59279,553
2020-12-14,Kings,031,150075,14575,352,14927,108
2020-12-14,Lake,033,64148,1517,0,1517,24
2020-12-14,Lassen,035,31185,3581,30,3611,5
2020-12-14,Los Angeles,037,10098052,591337,12838,604175,9133
2020-12-14,Madera,039,155013,8923,291,9214,131
2020-12-14,Marin,041,260295,1290,14,1304,93
2020-12-14,Mariposa,043,17540,192,2,194,1
2020-12-14,Mendocino,045,87422,2080,19,2099,24
2020-12-14,Merced,047,269075,16111,227,16338,224
2020-12-14,Modoc,049,8938,200,61,261,0
2020-12-14,Mono,051,14174,758,12,770,3
2020-12-14,Monterey,053,433212,22420,459,22879,180
2020-12-14,Napa,055,140530,4822,23,4845,23
2020-12-14,Nevada,057,99092,2324,67,2391,39
2020-12-14,Orange,059,3164182,124381,4295,128676,1951
2020-12-14,Placer,061,380077,11757,355,12112,120
2020-12-14,Plumas,063,18699,388,8,396,1
2020-12-14,Riverside,065,2383286,142946,5087,148033,1860
2020-12-14,Sacramento,067,1510023,55114,371,55485,843
2020-12-14,San Benito,069,59416,2807,20,2827,19
2020-12-14,San Bernardino,071,2135413,156256,3831,160087,1934
2020-12-14,San Diego,073,3302833,123608,5278,128886,1295
2020-12-14,San Francisco,075,870044,20354,169,20523,190
2020-12-14,San Joaquin,077,732212,37809,999,38808,654
2020-12-14,San Luis Obispo,079,281455,8944,185,9129,66
2020-12-14,San Mateo,081,765935,20990,52,21042,210
2020-12-14,Santa Barbara,083,443738,14623,337,14960,148
2020-12-14,Santa Clara,085,1922200,56510,204,56714,560
2020-12-14,Santa Cruz,087,273765,7301,160,7461,74
2020-12-14,Shasta,089,179085,7271,483,7754,77
2020-12-14,Sierra,091,2930,23,0,23,0
2020-12-14,Siskiyou,093,43540,903,73,976,7
2020-12-14,Solano,095,438530,15371,143,15514,118
2020-12-14,Sonoma,097,501317,16465,95,16560,160
2020-12-14,Stanislaus,099,539301,29863,2312,32175,515
2020-12-14,Sutter,101,95872,5506,30,5536,43
2020-12-14,Tehama,103,63373,2551,165,2716,35
2020-12-14,Trinity,105,12862,371,46,417,2
2020-12-14,Tulare,107,460477,29126,2653,31779,402
2020-12-14,Tuolumne,109,53932,2088,11,2099,24
2020-12-14,Ventura,111,848112,31487,1109,32596,233
2020-12-14,Yolo,113,214977,7189,39,7228,123
2020-12-14,Yuba,115,75493,3135,29,3164,13
2020-12-13,Alameda,001,1643700,42150,622,42772,499
2020-12-13,Alpine,002,1148,65,0,65,0
2020-12-13,Amador,005,37829,1789,9,1798,20
2020-12-13,Butte,007,227075,5960,550,6510,92
2020-12-13,Calaveras,009,45235,818,0,818,25
2020-12-13,Colusa,011,21464,1090,40,1130,8
2020-12-13,Contra Costa,013,1133247,33295,299,33594,313
2020-12-13,Del Norte,015,27424,611,0,611,2
2020-12-13,El Dorado,017,186661,4757,151,4908,14
2020-12-13,Fresno,019,978130,56533,2941,59474,705
2020-12-13,Glenn,021,27897,1290,137,1427,12
2020-12-13,Humboldt,023,135768,1394,4,1398,12
2020-12-13,Imperial,025,180216,20579,409,20988,422
2020-12-13,Inyo,027,18085,481,6,487,20
2020-12-13,Kern,029,883053,54933,3161,58094,548
2020-12-13,Kings,031,150075,14295,334,14629,108
2020-12-13,Lake,033,64148,1476,0,1476,23
2020-12-13,Lassen,035,31185,3474,25,3499,5
2020-12-13,Los Angeles,037,10098052,573692,12156,585848,9007
2020-12-13,Madera,039,155013,8738,278,9016,127
2020-12-13,Marin,041,260295,1284,14,1298,93
2020-12-13,Mariposa,043,17540,188,2,190,1
2020-12-13,Mendocino,045,87422,2046,19,2065,24
2020-12-13,Merced,047,269075,15758,224,15982,222
2020-12-13,Modoc,049,8938,190,56,246,0
2020-12-13,Mono,051,14174,742,12,754,3
2020-12-13,Monterey,053,433212,21999,445,22444,177
2020-12-13,Napa,055,140530,4715,23,4738,23
2020-12-13,Nevada,057,99092,2277,65,2342,38
2020-12-13,Orange,059,3164182,120442,4122,124564,1919
2020-12-13,Placer,061,380077,11443,337,11780,118
2020-12-13,Plumas,063,18699,382,8,390,1
2020-12-13,Riverside,065,2383286,138821,4827,143648,1838
2020-12-13,Sacramento,067,1510023,53846,342,54188,830
2020-12-13,San Benito,069,59416,2738,19,2757,19
2020-12-13,San Bernardino,071,2135413,151359,3676,155035,1901
2020-12-13,San Diego,073,3302833,120008,5109,125117,1276
2020-12-13,San Francisco,075,870044,20017,160,20177,189
2020-12-13,San Joaquin,077,732212,37007,959,37966,649
2020-12-13,San Luis Obispo,079,281455,8753,177,8930,64
2020-12-13,San Mateo,081,765935,20499,46,20545,206
2020-12-13,Santa Barbara,083,443738,14354,323,14677,146
2020-12-13,Santa Clara,085,1922200,55104,196,55300,547
2020-12-13,Santa Cruz,087,273765,7054,150,7204,73
2020-12-13,Shasta,089,179085,7196,457,7653,75
2020-12-13,Sierra,091,2930,23,0,23,0
2020-12-13,Siskiyou,093,43540,890,68,958,6
2020-12-13,Solano,095,438530,14936,140,15076,117
2020-12-13,Sonoma,097,501317,16152,94,16246,160
2020-12-13,Stanislaus,099,539301,29306,2261,31567,504
2020-12-13,Sutter,101,95872,5379,26,5405,42
2020-12-13,Tehama,103,63373,2507,150,2657,35
2020-12-13,Trinity,105,12862,365,46,411,2
2020-12-13,Tulare,107,460477,28643,2575,31218,393
2020-12-13,Tuolumne,109,53932,2026,11,2037,24
2020-12-13,Ventura,111,848112,30488,1049,31537,230
2020-12-13,Yolo,113,214977,7002,33,7035,120
2020-12-13,Yuba,115,75493,3072,26,3098,12
2020-12-12,Alameda,001,1643700,41707,603,42310,494
2020-12-12,Alpine,002,1148,65,0,65,0
2020-12-12,Amador,005,37829,1761,8,1769,19
2020-12-12,Butte,007,227075,5887,535,6422,88
2020-12-12,Calaveras,009,45235,808,0,808,24
2020-12-12,Colusa,011,21464,1070,39,1109,8
2020-12-12,Contra Costa,013,1133247,32947,290,33237,312
2020-12-12,Del Norte,015,27424,603,0,603,1
2020-12-12,El Dorado,017,186661,4682,135,4817,13
2020-12-12,Fresno,019,978130,56181,2882,59063,694
2020-12-12,Glenn,021,27897,1282,133,1415,12
2020-12-12,Humboldt,023,135768,1375,4,1379,12
2020-12-12,Imperial,025,180216,20490,354,20844,418
2020-12-12,Inyo,027,18085,475,6,481,19
2020-12-12,Kern,029,883053,54414,3074,57488,539
2020-12-12,Kings,031,150075,14206,330,14536,107
2020-12-12,Lake,033,64148,1460,0,1460,23
2020-12-12,Lassen,035,31185,3451,22,3473,5
2020-12-12,Los Angeles,037,10098052,566872,11669,578541,8888
2020-12-12,Madera,039,155013,8611,275,8886,125
2020-12-12,Marin,041,260295,1279,13,1292,93
2020-12-12,Mariposa,043,17540,187,2,189,1
2020-12-12,Mendocino,045,87422,2010,19,2029,24
2020-12-12,Merced,047,269075,15669,220,15889,219
2020-12-12,Modoc,049,8938,189,53,242,0
2020-12-12,Mono,051,14174,735,12,747,3
2020-12-12,Monterey,053,433212,21886,416,22302,174
2020-12-12,Napa,055,140530,4670,23,4693,22
2020-12-12,Nevada,057,99092,2259,63,2322,37
2020-12-12,Orange,059,3164182,118544,3978,122522,1888
2020-12-12,Placer,061,380077,11278,332,11610,113
2020-12-12,Plumas,063,18699,376,8,384,1
2020-12-12,Riverside,065,2383286,136760,4626,141386,1811
2020-12-12,Sacramento,067,1510023,53264,329,53593,820
2020-12-12,San Benito,069,59416,2683,19,2702,18
2020-12-12,San Bernardino,071,2135413,149726,3574,153300,1869
2020-12-12,San Diego,073,3302833,118387,5012,123399,1260
2020-12-12,San Francisco,075,870044,19820,156,19976,187
2020-12-12,San Joaquin,077,732212,36679,929,37608,642
2020-12-12,San Luis Obispo,079,281455,8654,171,8825,60
2020-12-12,San Mateo,081,765935,20278,45,20323,205
2020-12-12,Santa Barbara,083,443738,14202,315,14517,146
2020-12-12,Santa Clara,085,1922200,54169,193,54362,540
2020-12-12,Santa Cruz,087,273765,6956,141,7097,68
2020-12-12,Shasta,089,179085,7163,439,7602,75
2020-12-12,Sierra,091,2930,23,0,23,0
2020-12-12,Siskiyou,093,43540,888,65,953,6
2020-12-12,Solano,095,438530,14742,133,14875,115
2020-12-12,Sonoma,097,501317,16031,94,16125,160
2020-12-12,Stanislaus,099,539301,29001,2211,31212,499
2020-12-12,Sutter,101,95872,5317,26,5343,38
2020-12-12,Tehama,103,63373,2489,145,2634,34
2020-12-12,Trinity,105,12862,363,44,407,2
2020-12-12,Tulare,107,460477,28378,2516,30894,388
2020-12-12,Tuolumne,109,53932,1982,11,1993,22
2020-12-12,Ventura,111,848112,30043,1016,31059,229
2020-12-12,Yolo,113,214977,6919,31,6950,119
2020-12-12,Yuba,115,75493,3045,25,3070,11
2020-12-11,Alameda,001,1643700,41140,591,41731,487
2020-12-11,Alpine,002,1148,65,0,65,0
2020-12-11,Amador,005,37829,1745,8,1753,19
2020-12-11,Butte,007,227075,5814,517,6331,87
2020-12-11,Calaveras,009,45235,792,0,792,24
2020-12-11,Colusa,011,21464,1060,37,1097,8
2020-12-11,Contra Costa,013,1133247,32516,287,32803,310
2020-12-11,Del Norte,015,27424,595,0,595,1
2020-12-11,El Dorado,017,186661,4601,120,4721,12
2020-12-11,Fresno,019,978130,55169,2816,57985,682
2020-12-11,Glenn,021,27897,1266,129,1395,12
2020-12-11,Humboldt,023,135768,1357,4,1361,10
2020-12-11,Imperial,025,180216,20400,310,20710,413
2020-12-11,Inyo,027,18085,465,6,471,18
2020-12-11,Kern,029,883053,53736,3011,56747,533
2020-12-11,Kings,031,150075,14062,326,14388,106
2020-12-11,Lake,033,64148,1443,0,1443,23
2020-12-11,Lassen,035,31185,3439,21,3460,5
2020-12-11,Los Angeles,037,10098052,555061,11264,566325,8788
2020-12-11,Madera,039,155013,8519,265,8784,125
2020-12-11,Marin,041,260295,1275,13,1288,93
2020-12-11,Mariposa,043,17540,186,2,188,1
2020-12-11,Mendocino,045,87422,1986,19,2005,24
2020-12-11,Merced,047,269075,15550,212,15762,218
2020-12-11,Modoc,049,8938,189,52,241,0
2020-12-11,Mono,051,14174,725,12,737,3
2020-12-11,Monterey,053,433212,21585,411,21996,169
2020-12-11,Napa,055,140530,4615,23,4638,22
2020-12-11,Nevada,057,99092,2242,60,2302,36
2020-12-11,Orange,059,3164182,116221,3877,120098,1873
2020-12-11,Placer,061,380077,11116,316,11432,110
2020-12-11,Plumas,063,18699,368,8,376,0
2020-12-11,Riverside,065,2383286,133686,4408,138094,1800
2020-12-11,Sacramento,067,1510023,52601,321,52922,814
2020-12-11,San Benito,069,59416,2632,19,2651,18
2020-12-11,San Bernardino,071,2135413,147028,3460,150488,1840
2020-12-11,San Diego,073,3302833,116427,4929,121356,1240
2020-12-11,San Francisco,075,870044,19590,155,19745,186
2020-12-11,San Joaquin,077,732212,36330,902,37232,632
2020-12-11,San Luis Obispo,079,281455,8493,169,8662,56
2020-12-11,San Mateo,081,765935,20008,34,20042,201
2020-12-11,Santa Barbara,083,443738,14059,307,14366,146
2020-12-11,Santa Clara,085,1922200,53162,184,53346,530
2020-12-11,Santa Cruz,087,273765,6837,132,6969,64
2020-12-11,Shasta,089,179085,7118,432,7550,75
2020-12-11,Sierra,091,2930,23,0,23,0
2020-12-11,Siskiyou,093,43540,881,62,943,6
2020-12-11,Solano,095,438530,14555,129,14684,115
2020-12-11,Sonoma,097,501317,15864,92,15956,159
2020-12-11,Stanislaus,099,539301,28729,2164,30893,495
2020-12-11,Sutter,101,95872,5254,25,5279,37
2020-12-11,Tehama,103,63373,2458,141,2599,34
2020-12-11,Trinity,105,12862,360,44,404,2
2020-12-11,Tulare,107,460477,28023,2463,30486,380
2020-12-11,Tuolumne,109,53932,1967,11,1978,22
2020-12-11,Ventura,111,848112,29436,994,30430,225
2020-12-11,Yolo,113,214977,6815,30,6845,116
2020-12-11,Yuba,115,75493,2984,23,3007,11
2020-12-10,Alameda,001,1643700,40369,571,40940,482
2020-12-10,Alpine,002,1148,65,0,65,0
2020-12-10,Amador,005,37829,1688,8,1696,19
2020-12-10,Butte,007,227075,5699,494,6193,85
2020-12-10,Calaveras,009,45235,774,0,774,24
2020-12-10,Colusa,011,21464,1037,34,1071,8
2020-12-10,Contra Costa,013,1133247,31838,281,32119,309
2020-12-10,Del Norte,015,27424,584,0,584,1
2020-12-10,El Dorado,017,186661,4483,115,4598,11
2020-12-10,Fresno,019,978130,54190,2676,56866,666
2020-12-10,Glenn,021,27897,1246,120,1366,12
2020-12-10,Humboldt,023,135768,1337,4,1341,10
2020-12-10,Imperial,025,180216,20188,235,20423,412
2020-12-10,Inyo,027,18085,445,6,451,18
2020-12-10,Kern,029,883053,52755,2848,55603,528
2020-12-10,Kings,031,150075,13904,320,14224,106
2020-12-10,Lake,033,64148,1403,0,1403,23
2020-12-10,Lassen,035,31185,3417,17,3434,5
2020-12-10,Los Angeles,037,10098052,541077,10742,551819,8670
2020-12-10,Madera,039,155013,8411,250,8661,124
2020-12-10,Marin,041,260295,1271,12,1283,93
2020-12-10,Mariposa,043,17540,185,2,187,1
2020-12-10,Mendocino,045,87422,1960,16,1976,24
2020-12-10,Merced,047,269075,15304,209,15513,217
2020-12-10,Modoc,049,8938,184,50,234,0
2020-12-10,Mono,051,14174,720,12,732,3
2020-12-10,Monterey,053,433212,21103,401,21504,161
2020-12-10,Napa,055,140530,4529,22,4551,22
2020-12-10,Nevada,057,99092,2206,60,2266,35
2020-12-10,Orange,059,3164182,113117,3719,116836,1851
2020-12-10,Placer,061,380077,10863,299,11162,106
2020-12-10,Plumas,063,18699,357,8,365,0
2020-12-10,Riverside,065,2383286,130002,4141,134143,1782
2020-12-10,Sacramento,067,1510023,51700,300,52000,809
2020-12-10,San Benito,069,59416,2571,18,2589,18
2020-12-10,San Bernardino,071,2135413,142786,3286,146072,1809
2020-12-10,San Diego,073,3302833,113902,4780,118682,1227
2020-12-10,San Francisco,075,870044,19282,148,19430,182
2020-12-10,San Joaquin,077,732212,35696,873,36569,621
2020-12-10,San Luis Obispo,079,281455,8330,158,8488,55
2020-12-10,San Mateo,081,765935,19566,24,19590,199
2020-12-10,Santa Barbara,083,443738,13880,299,14179,146
2020-12-10,Santa Clara,085,1922200,52008,170,52178,519
2020-12-10,Santa Cruz,087,273765,6671,120,6791,63
2020-12-10,Shasta,089,179085,7051,407,7458,75
2020-12-10,Sierra,091,2930,23,0,23,0
2020-12-10,Siskiyou,093,43540,871,61,932,6
2020-12-10,Solano,095,438530,14191,124,14315,115
2020-12-10,Sonoma,097,501317,15609,90,15699,159
2020-12-10,Stanislaus,099,539301,28270,2090,30360,490
2020-12-10,Sutter,101,95872,5124,23,5147,37
2020-12-10,Tehama,103,63373,2414,133,2547,33
2020-12-10,Trinity,105,12862,356,42,398,2
2020-12-10,Tulare,107,460477,27566,2400,29966,375
2020-12-10,Tuolumne,109,53932,1724,11,1735,22
2020-12-10,Ventura,111,848112,28586,950,29536,221
2020-12-10,Yolo,113,214977,6694,29,6723,115
2020-12-10,Yuba,115,75493,2920,22,2942,10
2020-12-09,Alameda,001,1643700,39533,550,40083,480
2020-12-09,Alpine,002,1148,65,0,65,0
2020-12-09,Amador,005,37829,1645,8,1653,19
2020-12-09,Butte,007,227075,5556,475,6031,84
2020-12-09,Calaveras,009,45235,745,0,745,24
2020-12-09,Colusa,011,21464,1022,33,1055,8
2020-12-09,Contra Costa,013,1133247,31130,269,31399,302
2020-12-09,Del Norte,015,27424,576,0,576,1
2020-12-09,El Dorado,017,186661,4348,107,4455,10
2020-12-09,Fresno,019,978130,53188,2523,55711,652
2020-12-09,Glenn,021,27897,1232,114,1346,12
2020-12-09,Humboldt,023,135768,1305,4,1309,10
2020-12-09,Imperial,025,180216,19930,199,20129,408
2020-12-09,Inyo,027,18085,432,6,438,18
2020-12-09,Kern,029,883053,51598,2706,54304,523
2020-12-09,Kings,031,150075,13759,312,14071,106
2020-12-09,Lake,033,64148,1374,0,1374,23
2020-12-09,Lassen,035,31185,3348,15,3363,5
2020-12-09,Los Angeles,037,10098052,527570,10213,537783,8574
2020-12-09,Madera,039,155013,8295,247,8542,123
2020-12-09,Marin,041,260295,1269,11,1280,93
2020-12-09,Mariposa,043,17540,183,2,185,1
2020-12-09,Mendocino,045,87422,1935,15,1950,24
2020-12-09,Merced,047,269075,15061,203,15264,214
2020-12-09,Modoc,049,8938,179,41,220,0
2020-12-09,Mono,051,14174,708,12,720,3
2020-12-09,Monterey,053,433212,20703,393,21096,156
2020-12-09,Napa,055,140530,4444,21,4465,22
2020-12-09,Nevada,057,99092,2153,60,2213,33
2020-12-09,Orange,059,3164182,110011,3551,113562,1831
2020-12-09,Placer,061,380077,10602,285,10887,102
2020-12-09,Plumas,063,18699,349,8,357,0
2020-12-09,Riverside,065,2383286,126300,3940,130240,1760
2020-12-09,Sacramento,067,1510023,50637,275,50912,788
2020-12-09,San Benito,069,59416,2499,16,2515,17
2020-12-09,San Bernardino,071,2135413,138506,3090,141596,1773
2020-12-09,San Diego,073,3302833,110922,4641,115563,1198
2020-12-09,San Francisco,075,870044,18983,147,19130,181
2020-12-09,San Joaquin,077,732212,34882,849,35731,616
2020-12-09,San Luis Obispo,079,281455,8112,150,8262,55
2020-12-09,San Mateo,081,765935,19116,23,19139,196
2020-12-09,Santa Barbara,083,443738,13680,289,13969,144
2020-12-09,Santa Clara,085,1922200,50831,155,50986,510
2020-12-09,Santa Cruz,087,273765,6510,105,6615,62
2020-12-09,Shasta,089,179085,6986,393,7379,73
2020-12-09,Sierra,091,2930,23,0,23,0
2020-12-09,Siskiyou,093,43540,860,60,920,6
2020-12-09,Solano,095,438530,13848,116,13964,115
2020-12-09,Sonoma,097,501317,15352,87,15439,157
2020-12-09,Stanislaus,099,539301,27781,2027,29808,486
2020-12-09,Sutter,101,95872,5005,19,5024,35
2020-12-09,Tehama,103,63373,2378,129,2507,33
2020-12-09,Trinity,105,12862,348,39,387,2
2020-12-09,Tulare,107,460477,26964,2324,29288,373
2020-12-09,Tuolumne,109,53932,1691,11,1702,20
2020-12-09,Ventura,111,848112,27722,908,28630,217
2020-12-09,Yolo,113,214977,6568,27,6595,114
2020-12-09,Yuba,115,75493,2852,21,2873,9
2020-12-08,Alameda,001,1643700,38632,535,39167,476
2020-12-08,Alpine,002,1148,64,0,64,0
2020-12-08,Amador,005,37829,1359,8,1367,18
2020-12-08,Butte,007,227075,5398,433,5831,83
2020-12-08,Calaveras,009,45235,721,0,721,24
2020-12-08,Colusa,011,21464,1006,32,1038,8
2020-12-08,Contra Costa,013,1133247,30435,254,30689,296
2020-12-08,Del Norte,015,27424,562,0,562,1
2020-12-08,El Dorado,017,186661,4224,94,4318,10
2020-12-08,Fresno,019,978130,51922,2368,54290,645
2020-12-08,Glenn,021,27897,1212,106,1318,12
2020-12-08,Humboldt,023,135768,1279,4,1283,10
2020-12-08,Imperial,025,180216,19421,192,19613,402
2020-12-08,Inyo,027,18085,408,6,414,17
2020-12-08,Kern,029,883053,50307,2553,52860,519
2020-12-08,Kings,031,150075,13605,303,13908,106
2020-12-08,Lake,033,64148,1334,0,1334,23
2020-12-08,Lassen,035,31185,3192,15,3207,5
2020-12-08,Los Angeles,037,10098052,514854,9744,524598,8503
2020-12-08,Madera,039,155013,8166,235,8401,121
2020-12-08,Marin,041,260295,1265,11,1276,92
2020-12-08,Mariposa,043,17540,179,2,181,1
2020-12-08,Mendocino,045,87422,1893,15,1908,24
2020-12-08,Merced,047,269075,14747,202,14949,210
2020-12-08,Modoc,049,8938,171,38,209,0
2020-12-08,Mono,051,14174,694,12,706,3
2020-12-08,Monterey,053,433212,20132,386,20518,153
2020-12-08,Napa,055,140530,4358,19,4377,22
2020-12-08,Nevada,057,99092,2099,57,2156,29
2020-12-08,Orange,059,3164182,106787,3388,110175,1814
2020-12-08,Placer,061,380077,10334,280,10614,100
2020-12-08,Plumas,063,18699,339,8,347,0
2020-12-08,Riverside,065,2383286,122931,3763,126694,1734
2020-12-08,Sacramento,067,1510023,49574,261,49835,774
2020-12-08,San Benito,069,59416,2445,16,2461,17
2020-12-08,San Bernardino,071,2135413,134159,2969,137128,1746
2020-12-08,San Diego,073,3302833,107551,4484,112035,1183
2020-12-08,San Francisco,075,870044,18676,145,18821,179
2020-12-08,San Joaquin,077,732212,33988,816,34804,613
2020-12-08,San Luis Obispo,079,281455,7983,139,8122,52
2020-12-08,San Mateo,081,765935,18717,23,18740,196
2020-12-08,Santa Barbara,083,443738,13497,280,13777,144
2020-12-08,Santa Clara,085,1922200,49520,147,49667,502
2020-12-08,Santa Cruz,087,273765,6329,103,6432,60
2020-12-08,Shasta,089,179085,6876,385,7261,72
2020-12-08,Sierra,091,2930,22,0,22,0
2020-12-08,Siskiyou,093,43540,846,58,904,6
2020-12-08,Solano,095,438530,13442,114,13556,115
2020-12-08,Sonoma,097,501317,15093,86,15179,156
2020-12-08,Stanislaus,099,539301,27289,1962,29251,482
2020-12-08,Sutter,101,95872,4909,18,4927,34
2020-12-08,Tehama,103,63373,2304,121,2425,33
2020-12-08,Trinity,105,12862,339,38,377,2
2020-12-08,Tulare,107,460477,26359,2261,28620,366
2020-12-08,Tuolumne,109,53932,1667,11,1678,20
2020-12-08,Ventura,111,848112,27061,866,27927,214
2020-12-08,Yolo,113,214977,6437,27,6464,112
2020-12-08,Yuba,115,75493,2774,21,2795,9
2020-12-07,Alameda,001,1643700,37767,501,38268,468
2020-12-07,Alpine,002,1148,63,0,63,0
2020-12-07,Amador,005,37829,1284,7,1291,18
2020-12-07,Butte,007,227075,5262,412,5674,82
2020-12-07,Calaveras,009,45235,692,0,692,24
2020-12-07,Colusa,011,21464,981,27,1008,8
2020-12-07,Contra Costa,013,1133247,29826,241,30067,293
2020-12-07,Del Norte,015,27424,547,0,547,1
2020-12-07,El Dorado,017,186661,4045,87,4132,9
2020-12-07,Fresno,019,978130,50448,2248,52696,633
2020-12-07,Glenn,021,27897,1193,100,1293,12
2020-12-07,Humboldt,023,135768,1244,4,1248,10
2020-12-07,Imperial,025,180216,19006,182,19188,401
2020-12-07,Inyo,027,18085,392,6,398,16
2020-12-07,Kern,029,883053,49281,2419,51700,515
2020-12-07,Kings,031,150075,13462,295,13757,102
2020-12-07,Lake,033,64148,1307,0,1307,22
2020-12-07,Lassen,035,31185,3095,15,3110,5
2020-12-07,Los Angeles,037,10098052,501179,9325,510504,8438
2020-12-07,Madera,039,155013,7902,230,8132,119
2020-12-07,Marin,041,260295,1265,11,1276,92
2020-12-07,Mariposa,043,17540,176,2,178,1
2020-12-07,Mendocino,045,87422,1857,14,1871,24
2020-12-07,Merced,047,269075,14372,193,14565,210
2020-12-07,Modoc,049,8938,164,35,199,0
2020-12-07,Mono,051,14174,681,12,693,3
2020-12-07,Monterey,053,433212,19652,375,20027,150
2020-12-07,Napa,055,140530,4267,19,4286,22
2020-12-07,Nevada,057,99092,2050,56,2106,27
2020-12-07,Orange,059,3164182,103514,3269,106783,1798
2020-12-07,Placer,061,380077,10009,266,10275,100
2020-12-07,Plumas,063,18699,327,5,332,0
2020-12-07,Riverside,065,2383286,119731,3582,123313,1710
2020-12-07,Sacramento,067,1510023,48479,244,48723,769
2020-12-07,San Benito,069,59416,2395,15,2410,17
2020-12-07,San Bernardino,071,2135413,130208,2854,133062,1713
2020-12-07,San Diego,073,3302833,104762,4303,109065,1168
2020-12-07,San Francisco,075,870044,18380,138,18518,179
2020-12-07,San Joaquin,077,732212,33113,790,33903,609
2020-12-07,San Luis Obispo,079,281455,7801,132,7933,50
2020-12-07,San Mateo,081,765935,18279,22,18301,196
2020-12-07,Santa Barbara,083,443738,13255,270,13525,143
2020-12-07,Santa Clara,085,1922200,48124,138,48262,496
2020-12-07,Santa Cruz,087,273765,6165,96,6261,60
2020-12-07,Shasta,089,179085,6753,370,7123,71
2020-12-07,Sierra,091,2930,20,0,20,0
2020-12-07,Siskiyou,093,43540,820,58,878,6
2020-12-07,Solano,095,438530,13104,110,13214,115
2020-12-07,Sonoma,097,501317,14808,86,14894,156
2020-12-07,Stanislaus,099,539301,26715,1909,28624,477
2020-12-07,Sutter,101,95872,4768,18,4786,33
2020-12-07,Tehama,103,63373,2253,116,2369,33
2020-12-07,Trinity,105,12862,335,38,373,2
2020-12-07,Tulare,107,460477,25811,2202,28013,363
2020-12-07,Tuolumne,109,53932,1582,10,1592,19
2020-12-07,Ventura,111,848112,26473,830,27303,212
2020-12-07,Yolo,113,214977,6277,26,6303,109
2020-12-07,Yuba,115,75493,2707,19,2726,9
2020-12-06,Alameda,001,1643700,36773,481,37254,464
2020-12-06,Alpine,002,1148,59,0,59,0
2020-12-06,Amador,005,37829,1221,6,1227,17
2020-12-06,Butte,007,227075,5109,378,5487,81
2020-12-06,Calaveras,009,45235,672,0,672,24
2020-12-06,Colusa,011,21464,964,23,987,8
2020-12-06,Contra Costa,013,1133247,29220,234,29454,293
2020-12-06,Del Norte,015,27424,491,0,491,1
2020-12-06,El Dorado,017,186661,3908,81,3989,9
2020-12-06,Fresno,019,978130,49495,2132,51627,626
2020-12-06,Glenn,021,27897,1183,96,1279,12
2020-12-06,Humboldt,023,135768,1219,4,1223,10
2020-12-06,Imperial,025,180216,18698,174,18872,399
2020-12-06,Inyo,027,18085,380,6,386,16
2020-12-06,Kern,029,883053,48290,2252,50542,510
2020-12-06,Kings,031,150075,13190,278,13468,101
2020-12-06,Lake,033,64148,1271,0,1271,22
2020-12-06,Lassen,035,31185,2991,13,3004,5
2020-12-06,Los Angeles,037,10098052,487580,8899,496479,8351
2020-12-06,Madera,039,155013,7729,221,7950,119
2020-12-06,Marin,041,260295,1261,11,1272,92
2020-12-06,Mariposa,043,17540,175,2,177,1
2020-12-06,Mendocino,045,87422,1817,14,1831,23
2020-12-06,Merced,047,269075,14023,184,14207,206
2020-12-06,Modoc,049,8938,151,28,179,0
2020-12-06,Mono,051,14174,659,11,670,3
2020-12-06,Monterey,053,433212,19034,365,19399,145
2020-12-06,Napa,055,140530,4155,19,4174,21
2020-12-06,Nevada,057,99092,1991,53,2044,25
2020-12-06,Orange,059,3164182,100442,3141,103583,1776
2020-12-06,Placer,061,380077,9726,247,9973,99
2020-12-06,Plumas,063,18699,314,4,318,0
2020-12-06,Riverside,065,2383286,116638,3361,119999,1692
2020-12-06,Sacramento,067,1510023,47238,230,47468,748
2020-12-06,San Benito,069,59416,2358,15,2373,17
2020-12-06,San Bernardino,071,2135413,126059,2700,128759,1685
2020-12-06,San Diego,073,3302833,101729,4149,105878,1149
2020-12-06,San Francisco,075,870044,18057,131,18188,178
2020-12-06,San Joaquin,077,732212,32268,762,33030,604
2020-12-06,San Luis Obispo,079,281455,7636,127,7763,49
2020-12-06,San Mateo,081,765935,17775,20,17795,195
2020-12-06,Santa Barbara,083,443738,13023,261,13284,142
2020-12-06,Santa Clara,085,1922200,46728,133,46861,485
2020-12-06,Santa Cruz,087,273765,5988,90,6078,57
2020-12-06,Shasta,089,179085,6613,349,6962,71
2020-12-06,Sierra,091,2930,20,0,20,0
2020-12-06,Siskiyou,093,43540,801,56,857,6
2020-12-06,Solano,095,438530,12815,100,12915,115
2020-12-06,Sonoma,097,501317,14519,85,14604,156
2020-12-06,Stanislaus,099,539301,26155,1845,28000,471
2020-12-06,Sutter,101,95872,4652,17,4669,32
2020-12-06,Tehama,103,63373,2195,107,2302,33
2020-12-06,Trinity,105,12862,328,36,364,2
2020-12-06,Tulare,107,460477,25277,2135,27412,362
2020-12-06,Tuolumne,109,53932,1486,10,1496,19
2020-12-06,Ventura,111,848112,25931,804,26735,212
2020-12-06,Yolo,113,214977,6116,22,6138,106
2020-12-06,Yuba,115,75493,2663,18,2681,9
2020-12-05,Alameda,001,1643700,36415,470,36885,456
2020-12-05,Alpine,002,1148,58,0,58,0
2020-12-05,Amador,005,37829,1197,6,1203,17
2020-12-05,Butte,007,227075,5041,359,5400,78
2020-12-05,Calaveras,009,45235,660,0,660,24
2020-12-05,Colusa,011,21464,946,20,966,8
2020-12-05,Contra Costa,013,1133247,28922,226,29148,292
2020-12-05,Del Norte,015,27424,486,0,486,1
2020-12-05,El Dorado,017,186661,3843,76,3919,9
2020-12-05,Fresno,019,978130,49176,2078,51254,611
2020-12-05,Glenn,021,27897,1170,90,1260,12
2020-12-05,Humboldt,023,135768,1186,4,1190,10
2020-12-05,Imperial,025,180216,18524,173,18697,397
2020-12-05,Inyo,027,18085,375,6,381,16
2020-12-05,Kern,029,883053,47827,2167,49994,505
2020-12-05,Kings,031,150075,13109,275,13384,99
2020-12-05,Lake,033,64148,1242,0,1242,22
2020-12-05,Lassen,035,31185,2800,11,2811,5
2020-12-05,Los Angeles,037,10098052,481781,8588,490369,8289
2020-12-05,Madera,039,155013,7635,214,7849,117
2020-12-05,Marin,041,260295,1258,11,1269,91
2020-12-05,Mariposa,043,17540,170,2,172,0
2020-12-05,Mendocino,045,87422,1778,14,1792,23
2020-12-05,Merced,047,269075,13917,173,14090,205
2020-12-05,Modoc,049,8938,151,27,178,0
2020-12-05,Mono,051,14174,654,11,665,3
2020-12-05,Monterey,053,433212,18888,361,19249,142
2020-12-05,Napa,055,140530,4085,19,4104,20
2020-12-05,Nevada,057,99092,1976,51,2027,22
2020-12-05,Orange,059,3164182,98970,3044,102014,1766
2020-12-05,Placer,061,380077,9607,238,9845,99
2020-12-05,Plumas,063,18699,307,1,308,0
2020-12-05,Riverside,065,2383286,115024,3187,118211,1666
2020-12-05,Sacramento,067,1510023,46573,216,46789,738
2020-12-05,San Benito,069,59416,2314,15,2329,17
2020-12-05,San Bernardino,071,2135413,124529,2572,127101,1652
2020-12-05,San Diego,073,3302833,100377,4068,104445,1136
2020-12-05,San Francisco,075,870044,17871,127,17998,178
2020-12-05,San Joaquin,077,732212,32001,730,32731,597
2020-12-05,San Luis Obispo,079,281455,7569,124,7693,48
2020-12-05,San Mateo,081,765935,17518,20,17538,194
2020-12-05,Santa Barbara,083,443738,12923,255,13178,141
2020-12-05,Santa Clara,085,1922200,45968,128,46096,478
2020-12-05,Santa Cruz,087,273765,5915,89,6004,57
2020-12-05,Shasta,089,179085,6552,338,6890,68
2020-12-05,Sierra,091,2930,20,0,20,0
2020-12-05,Siskiyou,093,43540,793,55,848,6
2020-12-05,Solano,095,438530,12644,98,12742,114
2020-12-05,Sonoma,097,501317,14423,85,14508,156
2020-12-05,Stanislaus,099,539301,25836,1810,27646,468
2020-12-05,Sutter,101,95872,4587,17,4604,29
2020-12-05,Tehama,103,63373,2180,105,2285,33
2020-12-05,Trinity,105,12862,327,36,363,2
2020-12-05,Tulare,107,460477,25058,2077,27135,360
2020-12-05,Tuolumne,109,53932,1429,10,1439,17
2020-12-05,Ventura,111,848112,25559,790,26349,210
2020-12-05,Yolo,113,214977,6037,21,6058,105
2020-12-05,Yuba,115,75493,2626,18,2644,9
2020-12-04,Alameda,001,1643700,35865,457,36322,451
2020-12-04,Alpine,002,1148,58,0,58,0
2020-12-04,Amador,005,37829,1183,3,1186,17
2020-12-04,Butte,007,227075,4969,339,5308,74
2020-12-04,Calaveras,009,45235,655,0,655,23
2020-12-04,Colusa,011,21464,932,18,950,8
2020-12-04,Contra Costa,013,1133247,28575,214,28789,288
2020-12-04,Del Norte,015,27424,477,0,477,1
2020-12-04,El Dorado,017,186661,3755,73,3828,9
2020-12-04,Fresno,019,978130,48466,2010,50476,598
2020-12-04,Glenn,021,27897,1164,82,1246,12
2020-12-04,Humboldt,023,135768,1168,4,1172,9
2020-12-04,Imperial,025,180216,18277,173,18450,396
2020-12-04,Inyo,027,18085,366,6,372,16
2020-12-04,Kern,029,883053,47276,2064,49340,504
2020-12-04,Kings,031,150075,13016,269,13285,99
2020-12-04,Lake,033,64148,1212,0,1212,22
2020-12-04,Lassen,035,31185,2793,10,2803,4
2020-12-04,Los Angeles,037,10098052,473159,8300,481459,8221
2020-12-04,Madera,039,155013,7540,211,7751,117
2020-12-04,Marin,041,260295,1258,11,1269,91
2020-12-04,Mariposa,043,17540,170,2,172,0
2020-12-04,Mendocino,045,87422,1759,13,1772,23
2020-12-04,Merced,047,269075,13801,165,13966,202
2020-12-04,Modoc,049,8938,151,27,178,0
2020-12-04,Mono,051,14174,649,11,660,3
2020-12-04,Monterey,053,433212,18676,352,19028,136
2020-12-04,Napa,055,140530,4031,19,4050,20
2020-12-04,Nevada,057,99092,1951,48,1999,20
2020-12-04,Orange,059,3164182,97041,2980,100021,1755
2020-12-04,Placer,061,380077,9483,225,9708,97
2020-12-04,Plumas,063,18699,300,0,300,0
2020-12-04,Riverside,065,2383286,112824,3030,115854,1651
2020-12-04,Sacramento,067,1510023,45808,199,46007,724
2020-12-04,San Benito,069,59416,2281,15,2296,16
2020-12-04,San Bernardino,071,2135413,122256,2464,124720,1619
2020-12-04,San Diego,073,3302833,98893,3981,102874,1125
2020-12-04,San Francisco,075,870044,17681,127,17808,177
2020-12-04,San Joaquin,077,732212,31561,693,32254,589
2020-12-04,San Luis Obispo,079,281455,7485,121,7606,47
2020-12-04,San Mateo,081,765935,17229,19,17248,194
2020-12-04,Santa Barbara,083,443738,12816,249,13065,141
2020-12-04,Santa Clara,085,1922200,45031,122,45153,473
2020-12-04,Santa Cruz,087,273765,5826,87,5913,54
2020-12-04,Shasta,089,179085,6463,329,6792,67
2020-12-04,Sierra,091,2930,19,0,19,0
2020-12-04,Siskiyou,093,43540,786,52,838,5
2020-12-04,Solano,095,438530,12494,95,12589,112
2020-12-04,Sonoma,097,501317,14275,84,14359,155
2020-12-04,Stanislaus,099,539301,25558,1766,27324,460
2020-12-04,Sutter,101,95872,4515,12,4527,28
2020-12-04,Tehama,103,63373,2140,100,2240,32
2020-12-04,Trinity,105,12862,325,36,361,1
2020-12-04,Tulare,107,460477,24765,2005,26770,356
2020-12-04,Tuolumne,109,53932,1398,10,1408,17
2020-12-04,Ventura,111,848112,25182,774,25956,209
2020-12-04,Yolo,113,214977,5964,20,5984,103
2020-12-04,Yuba,115,75493,2582,17,2599,9
2020-12-03,Alameda,001,1643700,35097,440,35537,450
2020-12-03,Alpine,002,1148,57,0,57,0
2020-12-03,Amador,005,37829,1132,3,1135,17
2020-12-03,Butte,007,227075,4874,320,5194,73
2020-12-03,Calaveras,009,45235,634,0,634,22
2020-12-03,Colusa,011,21464,919,17,936,7
2020-12-03,Contra Costa,013,1133247,28067,207,28274,287
2020-12-03,Del Norte,015,27424,471,0,471,1
2020-12-03,El Dorado,017,186661,3629,71,3700,9
2020-12-03,Fresno,019,978130,47711,1937,49648,588
2020-12-03,Glenn,021,27897,1146,74,1220,12
2020-12-03,Humboldt,023,135768,1138,4,1142,9
2020-12-03,Imperial,025,180216,18069,161,18230,393
2020-12-03,Inyo,027,18085,364,6,370,16
2020-12-03,Kern,029,883053,46430,1963,48393,503
2020-12-03,Kings,031,150075,12917,258,13175,96
2020-12-03,Lake,033,64148,1197,0,1197,22
2020-12-03,Lassen,035,31185,2753,9,2762,4
2020-12-03,Los Angeles,037,10098052,463057,7944,471001,8161
2020-12-03,Madera,039,155013,7417,205,7622,116
2020-12-03,Marin,041,260295,1255,10,1265,90
2020-12-03,Mariposa,043,17540,166,2,168,0
2020-12-03,Mendocino,045,87422,1742,10,1752,23
2020-12-03,Merced,047,269075,13551,158,13709,198
2020-12-03,Modoc,049,8938,149,27,176,0
2020-12-03,Mono,051,14174,627,11,638,3
2020-12-03,Monterey,053,433212,18215,343,18558,135
2020-12-03,Napa,055,140530,3917,19,3936,19
2020-12-03,Nevada,057,99092,1873,47,1920,18
2020-12-03,Orange,059,3164182,94507,2912,97419,1746
2020-12-03,Placer,061,380077,9281,209,9490,94
2020-12-03,Plumas,063,18699,285,0,285,0
2020-12-03,Riverside,065,2383286,110060,2871,112931,1629
2020-12-03,Sacramento,067,1510023,44750,186,44936,714
2020-12-03,San Benito,069,59416,2235,15,2250,16
2020-12-03,San Bernardino,071,2135413,118927,2381,121308,1596
2020-12-03,San Diego,073,3302833,97078,3863,100941,1111
2020-12-03,San Francisco,075,870044,17457,126,17583,176
2020-12-03,San Joaquin,077,732212,30841,650,31491,588
2020-12-03,San Luis Obispo,079,281455,7317,120,7437,47
2020-12-03,San Mateo,081,765935,16876,19,16895,192
2020-12-03,Santa Barbara,083,443738,12687,243,12930,140
2020-12-03,Santa Clara,085,1922200,43820,116,43936,469
2020-12-03,Santa Cruz,087,273765,5682,83,5765,51
2020-12-03,Shasta,089,179085,6354,322,6676,66
2020-12-03,Sierra,091,2930,19,0,19,0
2020-12-03,Siskiyou,093,43540,771,49,820,5
2020-12-03,Solano,095,438530,12279,91,12370,112
2020-12-03,Sonoma,097,501317,14033,83,14116,154
2020-12-03,Stanislaus,099,539301,25138,1719,26857,457
2020-12-03,Sutter,101,95872,4431,12,4443,25
2020-12-03,Tehama,103,63373,2088,93,2181,31
2020-12-03,Trinity,105,12862,322,36,358,1
2020-12-03,Tulare,107,460477,24362,1913,26275,354
2020-12-03,Tuolumne,109,53932,1356,10,1366,16
2020-12-03,Ventura,111,848112,24479,761,25240,209
2020-12-03,Yolo,113,214977,5826,20,5846,101
2020-12-03,Yuba,115,75493,2511,16,2527,9
2020-12-02,Alameda,001,1643700,34468,429,34897,446
2020-12-02,Alpine,002,1148,56,0,56,0
2020-12-02,Amador,005,37829,1060,3,1063,16
2020-12-02,Butte,007,227075,4752,310,5062,71
2020-12-02,Calaveras,009,45235,618,0,618,22
2020-12-02,Colusa,011,21464,903,15,918,7
2020-12-02,Contra Costa,013,1133247,27603,195,27798,284
2020-12-02,Del Norte,015,27424,455,0,455,1
2020-12-02,El Dorado,017,186661,3528,66,3594,9
2020-12-02,Fresno,019,978130,46953,1839,48792,577
2020-12-02,Glenn,021,27897,1129,66,1195,12
2020-12-02,Humboldt,023,135768,1112,4,1116,9
2020-12-02,Imperial,025,180216,17647,154,17801,393
2020-12-02,Inyo,027,18085,357,6,363,16
2020-12-02,Kern,029,883053,45532,1868,47400,498
2020-12-02,Kings,031,150075,12564,244,12808,95
2020-12-02,Lake,033,64148,1167,0,1167,22
2020-12-02,Lassen,035,31185,2694,9,2703,4
2020-12-02,Los Angeles,037,10098052,452999,7626,460625,8088
2020-12-02,Madera,039,155013,7292,199,7491,116
2020-12-02,Marin,041,260295,1248,10,1258,90
2020-12-02,Mariposa,043,17540,163,2,165,0
2020-12-02,Mendocino,045,87422,1709,10,1719,23
2020-12-02,Merced,047,269075,13286,150,13436,195
2020-12-02,Modoc,049,8938,146,27,173,0
2020-12-02,Mono,051,14174,618,11,629,3
2020-12-02,Monterey,053,433212,17735,304,18039,134
2020-12-02,Napa,055,140530,3814,18,3832,19
2020-12-02,Nevada,057,99092,1811,46,1857,17
2020-12-02,Orange,059,3164182,92309,2833,95142,1731
2020-12-02,Placer,061,380077,9047,196,9243,91
2020-12-02,Plumas,063,18699,272,0,272,0
2020-12-02,Riverside,065,2383286,107343,2692,110035,1614
2020-12-02,Sacramento,067,1510023,43710,175,43885,708
2020-12-02,San Benito,069,59416,2170,15,2185,16
2020-12-02,San Bernardino,071,2135413,115356,2276,117632,1576
2020-12-02,San Diego,073,3302833,95162,3748,98910,1096
2020-12-02,San Francisco,075,870044,17220,124,17344,176
2020-12-02,San Joaquin,077,732212,30224,627,30851,583
2020-12-02,San Luis Obispo,079,281455,7218,118,7336,45
2020-12-02,San Mateo,081,765935,16513,18,16531,188
2020-12-02,Santa Barbara,083,443738,12536,231,12767,140
2020-12-02,Santa Clara,085,1922200,42697,116,42813,459
2020-12-02,Santa Cruz,087,273765,5550,80,5630,48
2020-12-02,Shasta,089,179085,6230,305,6535,65
2020-12-02,Sierra,091,2930,19,0,19,0
2020-12-02,Siskiyou,093,43540,755,47,802,5
2020-12-02,Solano,095,438530,12032,87,12119,111
2020-12-02,Sonoma,097,501317,13793,82,13875,154
2020-12-02,Stanislaus,099,539301,24635,1663,26298,454
2020-12-02,Sutter,101,95872,4272,12,4284,23
2020-12-02,Tehama,103,63373,2044,78,2122,29
2020-12-02,Trinity,105,12862,313,35,348,1
2020-12-02,Tulare,107,460477,23979,1835,25814,349
2020-12-02,Tuolumne,109,53932,1315,10,1325,16
2020-12-02,Ventura,111,848112,24066,743,24809,208
2020-12-02,Yolo,113,214977,5718,19,5737,100
2020-12-02,Yuba,115,75493,2433,15,2448,9
2020-12-01,Alameda,001,1643700,33775,419,34194,444
2020-12-01,Alpine,002,1148,56,0,56,0
2020-12-01,Amador,005,37829,913,2,915,16
2020-12-01,Butte,007,227075,4646,295,4941,69
2020-12-01,Calaveras,009,45235,600,0,600,22
2020-12-01,Colusa,011,21464,886,15,901,7
2020-12-01,Contra Costa,013,1133247,27031,187,27218,281
2020-12-01,Del Norte,015,27424,427,0,427,1
2020-12-01,El Dorado,017,186661,3384,61,3445,8
2020-12-01,Fresno,019,978130,46050,1763,47813,572
2020-12-01,Glenn,021,27897,1108,62,1170,12
2020-12-01,Humboldt,023,135768,1082,4,1086,9
2020-12-01,Imperial,025,180216,17332,151,17483,390
2020-12-01,Inyo,027,18085,351,6,357,16
2020-12-01,Kern,029,883053,44730,1741,46471,491
2020-12-01,Kings,031,150075,12249,230,12479,94
2020-12-01,Lake,033,64148,1145,0,1145,22
2020-12-01,Lassen,035,31185,2528,8,2536,4
2020-12-01,Los Angeles,037,10098052,442620,7315,449935,8035
2020-12-01,Madera,039,155013,7172,189,7361,115
2020-12-01,Marin,041,260295,1242,10,1252,90
2020-12-01,Mariposa,043,17540,158,2,160,0
2020-12-01,Mendocino,045,87422,1675,10,1685,23
2020-12-01,Merced,047,269075,13042,141,13183,193
2020-12-01,Modoc,049,8938,141,23,164,0
2020-12-01,Mono,051,14174,605,11,616,3
2020-12-01,Monterey,053,433212,17227,293,17520,131
2020-12-01,Napa,055,140530,3730,17,3747,19
2020-12-01,Nevada,057,99092,1749,45,1794,15
2020-12-01,Orange,059,3164182,90205,2744,92949,1725
2020-12-01,Placer,061,380077,8722,189,8911,90
2020-12-01,Plumas,063,18699,260,0,260,0
2020-12-01,Riverside,065,2383286,104532,2532,107064,1605
2020-12-01,Sacramento,067,1510023,42663,172,42835,699
2020-12-01,San Benito,069,59416,2115,15,2130,15
2020-12-01,San Bernardino,071,2135413,111888,2154,114042,1561
2020-12-01,San Diego,073,3302833,92905,3638,96543,1084
2020-12-01,San Francisco,075,870044,16938,121,17059,176
2020-12-01,San Joaquin,077,732212,29423,605,30028,579
2020-12-01,San Luis Obispo,079,281455,7076,113,7189,45
2020-12-01,San Mateo,081,765935,16188,18,16206,186
2020-12-01,Santa Barbara,083,443738,12397,221,12618,139
2020-12-01,Santa Clara,085,1922200,41441,110,41551,451
2020-12-01,Santa Cruz,087,273765,5392,72,5464,48
2020-12-01,Shasta,089,179085,6105,286,6391,64
2020-12-01,Sierra,091,2930,19,0,19,0
2020-12-01,Siskiyou,093,43540,741,43,784,5
2020-12-01,Solano,095,438530,11771,82,11853,109
2020-12-01,Sonoma,097,501317,13589,79,13668,153
2020-12-01,Stanislaus,099,539301,24174,1605,25779,449
2020-12-01,Sutter,101,95872,4130,12,4142,22
2020-12-01,Tehama,103,63373,1978,68,2046,26
2020-12-01,Trinity,105,12862,299,29,328,1
2020-12-01,Tulare,107,460477,23523,1767,25290,346
2020-12-01,Tuolumne,109,53932,1279,8,1287,15
2020-12-01,Ventura,111,848112,23452,721,24173,205
2020-12-01,Yolo,113,214977,5580,19,5599,98
2020-12-01,Yuba,115,75493,2369,14,2383,9
2020-11-30,Alameda,001,1643700,32955,402,33357,444
2020-11-30,Alpine,002,1148,54,0,54,0
2020-11-30,Amador,005,37829,872,2,874,16
2020-11-30,Butte,007,227075,4528,279,4807,69
2020-11-30,Calaveras,009,45235,579,0,579,22
2020-11-30,Colusa,011,21464,859,12,871,7
2020-11-30,Contra Costa,013,1133247,26447,183,26630,280
2020-11-30,Del Norte,015,27424,401,0,401,1
2020-11-30,El Dorado,017,186661,3210,55,3265,7
2020-11-30,Fresno,019,978130,44938,1654,46592,568
2020-11-30,Glenn,021,27897,1085,57,1142,11
2020-11-30,Humboldt,023,135768,1035,4,1039,9
2020-11-30,Imperial,025,180216,17075,130,17205,388
2020-11-30,Inyo,027,18085,345,5,350,16
2020-11-30,Kern,029,883053,43972,1609,45581,487
2020-11-30,Kings,031,150075,12101,215,12316,92
2020-11-30,Lake,033,64148,1111,0,1111,22
2020-11-30,Lassen,035,31185,2436,8,2444,4
2020-11-30,Los Angeles,037,10098052,431938,6992,438930,7982
2020-11-30,Madera,039,155013,7007,175,7182,115
2020-11-30,Marin,041,260295,1241,10,1251,90
2020-11-30,Mariposa,043,17540,151,2,153,0
2020-11-30,Mendocino,045,87422,1647,10,1657,23
2020-11-30,Merced,047,269075,12769,130,12899,191
2020-11-30,Modoc,049,8938,131,23,154,0
2020-11-30,Mono,051,14174,583,11,594,3
2020-11-30,Monterey,053,433212,16797,285,17082,128
2020-11-30,Napa,055,140530,3631,17,3648,18
2020-11-30,Nevada,057,99092,1663,42,1705,14
2020-11-30,Orange,059,3164182,88090,2648,90738,1717
2020-11-30,Placer,061,380077,8425,176,8601,88
2020-11-30,Plumas,063,18699,249,0,249,0
2020-11-30,Riverside,065,2383286,101542,2387,103929,1593
2020-11-30,Sacramento,067,1510023,41581,163,41744,689
2020-11-30,San Benito,069,59416,2068,14,2082,15
2020-11-30,San Bernardino,071,2135413,108157,2042,110199,1545
2020-11-30,San Diego,073,3302833,90542,3511,94053,1077
2020-11-30,San Francisco,075,870044,16640,117,16757,175
2020-11-30,San Joaquin,077,732212,28718,579,29297,576
2020-11-30,San Luis Obispo,079,281455,6942,111,7053,44
2020-11-30,San Mateo,081,765935,15829,18,15847,186
2020-11-30,Santa Barbara,083,443738,12218,213,12431,139
2020-11-30,Santa Clara,085,1922200,40227,109,40336,446
2020-11-30,Santa Cruz,087,273765,5253,69,5322,45
2020-11-30,Shasta,089,179085,5960,258,6218,63
2020-11-30,Sierra,091,2930,19,0,19,0
2020-11-30,Siskiyou,093,43540,732,39,771,4
2020-11-30,Solano,095,438530,11508,77,11585,107
2020-11-30,Sonoma,097,501317,13342,75,13417,152
2020-11-30,Stanislaus,099,539301,23711,1563,25274,445
2020-11-30,Sutter,101,95872,3974,12,3986,21
2020-11-30,Tehama,103,63373,1929,61,1990,26
2020-11-30,Trinity,105,12862,292,29,321,1
2020-11-30,Tulare,107,460477,23133,1674,24807,345
2020-11-30,Tuolumne,109,53932,1235,8,1243,13
2020-11-30,Ventura,111,848112,22698,705,23403,204
2020-11-30,Yolo,113,214977,5462,19,5481,94
2020-11-30,Yuba,115,75493,2310,12,2322,9
2020-11-29,Alameda,001,1643700,32165,379,32544,439
2020-11-29,Alpine,002,1148,51,0,51,0
2020-11-29,Amador,005,37829,721,2,723,16
2020-11-29,Butte,007,227075,4428,263,4691,68
2020-11-29,Calaveras,009,45235,548,0,548,22
2020-11-29,Colusa,011,21464,830,8,838,7
2020-11-29,Contra Costa,013,1133247,25939,177,26116,280
2020-11-29,Del Norte,015,27424,395,0,395,1
2020-11-29,El Dorado,017,186661,3079,53,3132,7
2020-11-29,Fresno,019,978130,43983,1583,45566,562
2020-11-29,Glenn,021,27897,1062,55,1117,11
2020-11-29,Humboldt,023,135768,1007,4,1011,9
2020-11-29,Imperial,025,180216,16841,105,16946,381
2020-11-29,Inyo,027,18085,328,5,333,16
2020-11-29,Kern,029,883053,43209,1460,44669,485
2020-11-29,Kings,031,150075,11950,197,12147,91
2020-11-29,Lake,033,64148,1087,0,1087,22
2020-11-29,Lassen,035,31185,2333,8,2341,4
2020-11-29,Los Angeles,037,10098052,421528,6702,428230,7934
2020-11-29,Madera,039,155013,6864,169,7033,115
2020-11-29,Marin,041,260295,1240,10,1250,90
2020-11-29,Mariposa,043,17540,147,2,149,0
2020-11-29,Mendocino,045,87422,1613,10,1623,23
2020-11-29,Merced,047,269075,12524,122,12646,190
2020-11-29,Modoc,049,8938,127,21,148,0
2020-11-29,Mono,051,14174,560,10,570,3
2020-11-29,Monterey,053,433212,16484,278,16762,124
2020-11-29,Napa,055,140530,3526,16,3542,17
2020-11-29,Nevada,057,99092,1583,40,1623,12
2020-11-29,Orange,059,3164182,86067,2602,88669,1703
2020-11-29,Placer,061,380077,8127,164,8291,87
2020-11-29,Plumas,063,18699,244,0,244,0
2020-11-29,Riverside,065,2383286,99150,2235,101385,1579
2020-11-29,Sacramento,067,1510023,40503,154,40657,682
2020-11-29,San Benito,069,59416,2024,14,2038,15
2020-11-29,San Bernardino,071,2135413,104807,1939,106746,1528
2020-11-29,San Diego,073,3302833,88131,3358,91489,1073
2020-11-29,San Francisco,075,870044,16358,112,16470,173
2020-11-29,San Joaquin,077,732212,27969,573,28542,572
2020-11-29,San Luis Obispo,079,281455,6819,111,6930,43
2020-11-29,San Mateo,081,765935,15497,18,15515,186
2020-11-29,Santa Barbara,083,443738,12064,209,12273,139
2020-11-29,Santa Clara,085,1922200,39015,103,39118,443
2020-11-29,Santa Cruz,087,273765,5093,67,5160,44
2020-11-29,Shasta,089,179085,5788,230,6018,61
2020-11-29,Sierra,091,2930,19,0,19,0
2020-11-29,Siskiyou,093,43540,709,37,746,4
2020-11-29,Solano,095,438530,11275,73,11348,106
2020-11-29,Sonoma,097,501317,13089,71,13160,152
2020-11-29,Stanislaus,099,539301,23215,1529,24744,441
2020-11-29,Sutter,101,95872,3858,12,3870,21
2020-11-29,Tehama,103,63373,1878,47,1925,26
2020-11-29,Trinity,105,12862,289,27,316,1
2020-11-29,Tulare,107,460477,22764,1599,24363,340
2020-11-29,Tuolumne,109,53932,1198,8,1206,13
2020-11-29,Ventura,111,848112,22014,693,22707,203
2020-11-29,Yolo,113,214977,5325,18,5343,92
2020-11-29,Yuba,115,75493,2254,12,2266,9
2020-11-28,Alameda,001,1643700,31855,374,32229,436
2020-11-28,Alpine,002,1148,51,0,51,0
2020-11-28,Amador,005,37829,644,2,646,16
2020-11-28,Butte,007,227075,4370,259,4629,68
2020-11-28,Calaveras,009,45235,542,0,542,22
2020-11-28,Colusa,011,21464,821,6,827,7
2020-11-28,Contra Costa,013,1133247,25607,173,25780,280
2020-11-28,Del Norte,015,27424,385,0,385,1
2020-11-28,El Dorado,017,186661,3011,47,3058,6
2020-11-28,Fresno,019,978130,43636,1545,45181,558
2020-11-28,Glenn,021,27897,1051,51,1102,10
2020-11-28,Humboldt,023,135768,972,4,976,9
2020-11-28,Imperial,025,180216,16772,103,16875,379
2020-11-28,Inyo,027,18085,320,5,325,16
2020-11-28,Kern,029,883053,42846,1372,44218,484
2020-11-28,Kings,031,150075,11885,190,12075,90
2020-11-28,Lake,033,64148,1071,0,1071,22
2020-11-28,Lassen,035,31185,2266,8,2274,4
2020-11-28,Los Angeles,037,10098052,416609,6545,423154,7899
2020-11-28,Madera,039,155013,6761,162,6923,115
2020-11-28,Marin,041,260295,1239,9,1248,90
2020-11-28,Mariposa,043,17540,144,2,146,0
2020-11-28,Mendocino,045,87422,1582,10,1592,23
2020-11-28,Merced,047,269075,12424,116,12540,190
2020-11-28,Modoc,049,8938,124,21,145,0
2020-11-28,Mono,051,14174,554,10,564,3
2020-11-28,Monterey,053,433212,16318,274,16592,122
2020-11-28,Napa,055,140530,3474,16,3490,17
2020-11-28,Nevada,057,99092,1554,38,1592,12
2020-11-28,Orange,059,3164182,84967,2555,87522,1688
2020-11-28,Placer,061,380077,7967,161,8128,84
2020-11-28,Plumas,063,18699,237,0,237,0
2020-11-28,Riverside,065,2383286,97742,2133,99875,1569
2020-11-28,Sacramento,067,1510023,39926,150,40076,674
2020-11-28,San Benito,069,59416,1979,14,1993,14
2020-11-28,San Bernardino,071,2135413,103406,1837,105243,1512
2020-11-28,San Diego,073,3302833,86877,3274,90151,1068
2020-11-28,San Francisco,075,870044,16183,105,16288,172
2020-11-28,San Joaquin,077,732212,27768,558,28326,569
2020-11-28,San Luis Obispo,079,281455,6749,107,6856,43
2020-11-28,San Mateo,081,765935,15307,18,15325,186
2020-11-28,Santa Barbara,083,443738,11962,204,12166,138
2020-11-28,Santa Clara,085,1922200,38264,101,38365,439
2020-11-28,Santa Cruz,087,273765,5017,67,5084,44
2020-11-28,Shasta,089,179085,5711,223,5934,60
2020-11-28,Sierra,091,2930,19,0,19,0
2020-11-28,Siskiyou,093,43540,699,34,733,3
2020-11-28,Solano,095,438530,11153,71,11224,106
2020-11-28,Sonoma,097,501317,12986,62,13048,151
2020-11-28,Stanislaus,099,539301,22976,1495,24471,440
2020-11-28,Sutter,101,95872,3774,12,3786,19
2020-11-28,Tehama,103,63373,1859,43,1902,25
2020-11-28,Trinity,105,12862,286,25,311,1
2020-11-28,Tulare,107,460477,22567,1557,24124,340
2020-11-28,Tuolumne,109,53932,1176,8,1184,12
2020-11-28,Ventura,111,848112,21716,683,22399,200
2020-11-28,Yolo,113,214977,5248,16,5264,90
2020-11-28,Yuba,115,75493,2199,12,2211,9
2020-11-27,Alameda,001,1643700,31411,364,31775,434
2020-11-27,Alpine,002,1148,51,0,51,0
2020-11-27,Amador,005,37829,597,1,598,16
2020-11-27,Butte,007,227075,4329,252,4581,67
2020-11-27,Calaveras,009,45235,533,0,533,22
2020-11-27,Colusa,011,21464,804,4,808,6
2020-11-27,Contra Costa,013,1133247,25346,167,25513,278
2020-11-27,Del Norte,015,27424,379,0,379,1
2020-11-27,El Dorado,017,186661,2940,44,2984,5
2020-11-27,Fresno,019,978130,43231,1489,44720,551
2020-11-27,Glenn,021,27897,1038,46,1084,9
2020-11-27,Humboldt,023,135768,953,3,956,9
2020-11-27,Imperial,025,180216,16704,95,16799,377
2020-11-27,Inyo,027,18085,314,5,319,16
2020-11-27,Kern,029,883053,42423,1302,43725,481
2020-11-27,Kings,031,150075,11800,172,11972,90
2020-11-27,Lake,033,64148,1035,0,1035,22
2020-11-27,Lassen,035,31185,2254,8,2262,4
2020-11-27,Los Angeles,037,10098052,410084,6400,416484,7853
2020-11-27,Madera,039,155013,6689,157,6846,115
2020-11-27,Marin,041,260295,1239,9,1248,90
2020-11-27,Mariposa,043,17540,142,2,144,0
2020-11-27,Mendocino,045,87422,1568,9,1577,23
2020-11-27,Merced,047,269075,12316,109,12425,188
2020-11-27,Modoc,049,8938,123,21,144,0
2020-11-27,Mono,051,14174,550,10,560,3
2020-11-27,Monterey,053,433212,16150,274,16424,121
2020-11-27,Napa,055,140530,3434,16,3450,17
2020-11-27,Nevada,057,99092,1524,36,1560,9
2020-11-27,Orange,059,3164182,83679,2516,86195,1676
2020-11-27,Placer,061,380077,7808,151,7959,82
2020-11-27,Plumas,063,18699,234,0,234,0
2020-11-27,Riverside,065,2383286,96132,1981,98113,1547
2020-11-27,Sacramento,067,1510023,39305,146,39451,668
2020-11-27,San Benito,069,59416,1945,13,1958,13
2020-11-27,San Bernardino,071,2135413,101887,1756,103643,1499
2020-11-27,San Diego,073,3302833,85683,3185,88868,1060
2020-11-27,San Francisco,075,870044,16028,103,16131,171
2020-11-27,San Joaquin,077,732212,27544,538,28082,565
2020-11-27,San Luis Obispo,079,281455,6666,104,6770,41
2020-11-27,San Mateo,081,765935,15105,17,15122,186
2020-11-27,Santa Barbara,083,443738,11869,201,12070,138
2020-11-27,Santa Clara,085,1922200,37589,94,37683,434
2020-11-27,Santa Cruz,087,273765,4946,65,5011,39
2020-11-27,Shasta,089,179085,5634,210,5844,60
2020-11-27,Sierra,091,2930,18,0,18,0
2020-11-27,Siskiyou,093,43540,684,31,715,3
2020-11-27,Solano,095,438530,11034,68,11102,105
2020-11-27,Sonoma,097,501317,12853,60,12913,150
2020-11-27,Stanislaus,099,539301,22747,1466,24213,438
2020-11-27,Sutter,101,95872,3706,12,3718,18
2020-11-27,Tehama,103,63373,1833,39,1872,25
2020-11-27,Trinity,105,12862,282,25,307,1
2020-11-27,Tulare,107,460477,22377,1500,23877,340
2020-11-27,Tuolumne,109,53932,1144,8,1152,11
2020-11-27,Ventura,111,848112,21392,661,22053,199
2020-11-27,Yolo,113,214977,5197,16,5213,89
2020-11-27,Yuba,115,75493,2170,11,2181,9
2020-11-26,Alameda,001,1643700,30996,347,31343,433
2020-11-26,Alpine,002,1148,51,0,51,0
2020-11-26,Amador,005,37829,589,1,590,16
2020-11-26,Butte,007,227075,4266,246,4512,66
2020-11-26,Calaveras,009,45235,506,0,506,22
2020-11-26,Colusa,011,21464,790,4,794,6
2020-11-26,Contra Costa,013,1133247,25013,161,25174,276
2020-11-26,Del Norte,015,27424,368,0,368,1
2020-11-26,El Dorado,017,186661,2859,42,2901,5
2020-11-26,Fresno,019,978130,42826,1444,44270,548
2020-11-26,Glenn,021,27897,1022,44,1066,9
2020-11-26,Humboldt,023,135768,930,2,932,9
2020-11-26,Imperial,025,180216,16589,92,16681,374
2020-11-26,Inyo,027,18085,312,5,317,16
2020-11-26,Kern,029,883053,41973,1242,43215,480
2020-11-26,Kings,031,150075,11745,160,11905,90
2020-11-26,Lake,033,64148,1022,0,1022,22
2020-11-26,Lassen,035,31185,2239,8,2247,4
2020-11-26,Los Angeles,037,10098052,404916,6168,411084,7819
2020-11-26,Madera,039,155013,6610,152,6762,115
2020-11-26,Marin,041,260295,1236,9,1245,90
2020-11-26,Mariposa,043,17540,137,2,139,0
2020-11-26,Mendocino,045,87422,1554,7,1561,23
2020-11-26,Merced,047,269075,12168,107,12275,186
2020-11-26,Modoc,049,8938,121,21,142,0
2020-11-26,Mono,051,14174,542,10,552,3
2020-11-26,Monterey,053,433212,15914,266,16180,120
2020-11-26,Napa,055,140530,3370,16,3386,17
2020-11-26,Nevada,057,99092,1479,36,1515,7
2020-11-26,Orange,059,3164182,82289,2456,84745,1670
2020-11-26,Placer,061,380077,7644,142,7786,80
2020-11-26,Plumas,063,18699,226,0,226,0
2020-11-26,Riverside,065,2383286,94530,1857,96387,1535
2020-11-26,Sacramento,067,1510023,38662,138,38800,656
2020-11-26,San Benito,069,59416,1918,13,1931,13
2020-11-26,San Bernardino,071,2135413,100234,1663,101897,1483
2020-11-26,San Diego,073,3302833,84073,3081,87154,1051
2020-11-26,San Francisco,075,870044,15893,99,15992,171
2020-11-26,San Joaquin,077,732212,27288,526,27814,564
2020-11-26,San Luis Obispo,079,281455,6573,101,6674,39
2020-11-26,San Mateo,081,765935,14916,16,14932,185
2020-11-26,Santa Barbara,083,443738,11788,200,11988,138
2020-11-26,Santa Clara,085,1922200,36943,87,37030,432
2020-11-26,Santa Cruz,087,273765,4813,59,4872,39
2020-11-26,Shasta,089,179085,5551,198,5749,59
2020-11-26,Sierra,091,2930,18,0,18,0
2020-11-26,Siskiyou,093,43540,674,31,705,3
2020-11-26,Solano,095,438530,10889,66,10955,103
2020-11-26,Sonoma,097,501317,12705,58,12763,150
2020-11-26,Stanislaus,099,539301,22515,1426,23941,434
2020-11-26,Sutter,101,95872,3612,11,3623,18
2020-11-26,Tehama,103,63373,1793,36,1829,25
2020-11-26,Trinity,105,12862,278,25,303,1
2020-11-26,Tulare,107,460477,22137,1439,23576,340
2020-11-26,Tuolumne,109,53932,1116,8,1124,11
2020-11-26,Ventura,111,848112,20895,647,21542,199
2020-11-26,Yolo,113,214977,5110,16,5126,89
2020-11-26,Yuba,115,75493,2110,9,2119,9
2020-11-25,Alameda,001,1643700,30781,339,31120,432
2020-11-25,Alpine,002,1148,51,0,51,0
2020-11-25,Amador,005,37829,579,1,580,16
2020-11-25,Butte,007,227075,4235,243,4478,65
2020-11-25,Calaveras,009,45235,503,0,503,22
2020-11-25,Colusa,011,21464,773,4,777,6
2020-11-25,Contra Costa,013,1133247,24857,160,25017,276
2020-11-25,Del Norte,015,27424,367,0,367,1
2020-11-25,El Dorado,017,186661,2823,42,2865,5
2020-11-25,Fresno,019,978130,42593,1422,44015,546
2020-11-25,Glenn,021,27897,1005,42,1047,8
2020-11-25,Humboldt,023,135768,922,2,924,9
2020-11-25,Imperial,025,180216,16517,91,16608,372
2020-11-25,Inyo,027,18085,310,5,315,16
2020-11-25,Kern,029,883053,41817,1225,43042,480
2020-11-25,Kings,031,150075,11710,156,11866,88
2020-11-25,Lake,033,64148,1005,0,1005,22
2020-11-25,Lassen,035,31185,2196,8,2204,4
2020-11-25,Los Angeles,037,10098052,401888,6068,407956,7786
2020-11-25,Madera,039,155013,6587,149,6736,113
2020-11-25,Marin,041,260295,1236,9,1245,90
2020-11-25,Mariposa,043,17540,136,2,138,0
2020-11-25,Mendocino,045,87422,1535,7,1542,22
2020-11-25,Merced,047,269075,12112,107,12219,186
2020-11-25,Modoc,049,8938,121,21,142,0
2020-11-25,Mono,051,14174,537,10,547,3
2020-11-25,Monterey,053,433212,15799,264,16063,119
2020-11-25,Napa,055,140530,3337,16,3353,17
2020-11-25,Nevada,057,99092,1461,34,1495,7
2020-11-25,Orange,059,3164182,81533,2436,83969,1660
2020-11-25,Placer,061,380077,7568,141,7709,78
2020-11-25,Plumas,063,18699,221,0,221,0
2020-11-25,Riverside,065,2383286,93985,1839,95824,1525
2020-11-25,Sacramento,067,1510023,38325,135,38460,650
2020-11-25,San Benito,069,59416,1895,13,1908,13
2020-11-25,San Bernardino,071,2135413,99392,1634,101026,1475
2020-11-25,San Diego,073,3302833,83416,3045,86461,1045
2020-11-25,San Francisco,075,870044,15786,97,15883,171
2020-11-25,San Joaquin,077,732212,27160,514,27674,562
2020-11-25,San Luis Obispo,079,281455,6530,101,6631,39
2020-11-25,San Mateo,081,765935,14801,16,14817,184
2020-11-25,Santa Barbara,083,443738,11738,200,11938,138
2020-11-25,Santa Clara,085,1922200,36494,86,36580,429
2020-11-25,Santa Cruz,087,273765,4760,58,4818,38
2020-11-25,Shasta,089,179085,5505,191,5696,55
2020-11-25,Sierra,091,2930,18,0,18,0
2020-11-25,Siskiyou,093,43540,667,31,698,3
2020-11-25,Solano,095,438530,10784,65,10849,102
2020-11-25,Sonoma,097,501317,12643,57,12700,150
2020-11-25,Stanislaus,099,539301,22383,1399,23782,432
2020-11-25,Sutter,101,95872,3568,11,3579,17
2020-11-25,Tehama,103,63373,1780,30,1810,25
2020-11-25,Trinity,105,12862,276,25,301,0
2020-11-25,Tulare,107,460477,22046,1409,23455,337
2020-11-25,Tuolumne,109,53932,1099,8,1107,11
2020-11-25,Ventura,111,848112,20800,641,21441,197
2020-11-25,Yolo,113,214977,5073,16,5089,88
2020-11-25,Yuba,115,75493,2084,9,2093,9
2020-11-24,Alameda,001,1643700,30305,328,30633,431
2020-11-24,Alpine,002,1148,51,0,51,0
2020-11-24,Amador,005,37829,554,1,555,16
2020-11-24,Butte,007,227075,4149,235,4384,65
2020-11-24,Calaveras,009,45235,497,0,497,22
2020-11-24,Colusa,011,21464,755,4,759,6
2020-11-24,Contra Costa,013,1133247,24505,154,24659,274
2020-11-24,Del Norte,015,27424,358,0,358,1
2020-11-24,El Dorado,017,186661,2718,41,2759,4
2020-11-24,Fresno,019,978130,42190,1347,43537,539
2020-11-24,Glenn,021,27897,987,38,1025,8
2020-11-24,Humboldt,023,135768,903,2,905,9
2020-11-24,Imperial,025,180216,16414,86,16500,371
2020-11-24,Inyo,027,18085,309,5,314,16
2020-11-24,Kern,029,883053,41343,1149,42492,479
2020-11-24,Kings,031,150075,11443,143,11586,88
2020-11-24,Lake,033,64148,988,0,988,22
2020-11-24,Lassen,035,31185,2173,8,2181,4
2020-11-24,Los Angeles,037,10098052,395578,5837,401415,7748
2020-11-24,Madera,039,155013,6504,142,6646,113
2020-11-24,Marin,041,260295,1234,9,1243,90
2020-11-24,Mariposa,043,17540,126,1,127,0
2020-11-24,Mendocino,045,87422,1513,6,1519,22
2020-11-24,Merced,047,269075,11926,102,12028,185
2020-11-24,Modoc,049,8938,117,21,138,0
2020-11-24,Mono,051,14174,533,10,543,3
2020-11-24,Monterey,053,433212,15537,255,15792,116
2020-11-24,Napa,055,140530,3270,16,3286,17
2020-11-24,Nevada,057,99092,1397,32,1429,7
2020-11-24,Orange,059,3164182,80093,2359,82452,1651
2020-11-24,Placer,061,380077,7388,134,7522,77
2020-11-24,Plumas,063,18699,218,0,218,0
2020-11-24,Riverside,065,2383286,92226,1713,93939,1512
2020-11-24,Sacramento,067,1510023,37645,128,37773,638
2020-11-24,San Benito,069,59416,1864,12,1876,13
2020-11-24,San Bernardino,071,2135413,97053,1533,98586,1461
2020-11-24,San Diego,073,3302833,82006,2974,84980,1041
2020-11-24,San Francisco,075,870044,15591,93,15684,171
2020-11-24,San Joaquin,077,732212,26847,487,27334,560
2020-11-24,San Luis Obispo,079,281455,6467,100,6567,39
2020-11-24,San Mateo,081,765935,14592,15,14607,181
2020-11-24,Santa Barbara,083,443738,11632,199,11831,138
2020-11-24,Santa Clara,085,1922200,35706,82,35788,426
2020-11-24,Santa Cruz,087,273765,4647,57,4704,36
2020-11-24,Shasta,089,179085,5405,172,5577,53
2020-11-24,Sierra,091,2930,18,0,18,0
2020-11-24,Siskiyou,093,43540,649,28,677,3
2020-11-24,Solano,095,438530,10612,64,10676,101
2020-11-24,Sonoma,097,501317,12464,54,12518,150
2020-11-24,Stanislaus,099,539301,22141,1356,23497,430
2020-11-24,Sutter,101,95872,3462,11,3473,15
2020-11-24,Tehama,103,63373,1736,25,1761,25
2020-11-24,Trinity,105,12862,269,24,293,0
2020-11-24,Tulare,107,460477,21796,1348,23144,335
2020-11-24,Tuolumne,109,53932,1070,8,1078,11
2020-11-24,Ventura,111,848112,20419,631,21050,197
2020-11-24,Yolo,113,214977,4987,16,5003,85
2020-11-24,Yuba,115,75493,2033,7,2040,9
2020-11-23,Alameda,001,1643700,29888,316,30204,429
2020-11-23,Alpine,002,1148,49,0,49,0
2020-11-23,Amador,005,37829,513,1,514,16
2020-11-23,Butte,007,227075,4083,229,4312,64
2020-11-23,Calaveras,009,45235,481,0,481,22
2020-11-23,Colusa,011,21464,741,4,745,6
2020-11-23,Contra Costa,013,1133247,24236,149,24385,274
2020-11-23,Del Norte,015,27424,336,0,336,1
2020-11-23,El Dorado,017,186661,2598,40,2638,4
2020-11-23,Fresno,019,978130,41740,1286,43026,536
2020-11-23,Glenn,021,27897,961,38,999,7
2020-11-23,Humboldt,023,135768,890,2,892,9
2020-11-23,Imperial,025,180216,16251,81,16332,370
2020-11-23,Inyo,027,18085,302,5,307,16
2020-11-23,Kern,029,883053,40830,1086,41916,477
2020-11-23,Kings,031,150075,11023,137,11160,88
2020-11-23,Lake,033,64148,965,0,965,21
2020-11-23,Lassen,035,31185,2093,7,2100,4
2020-11-23,Los Angeles,037,10098052,389468,5593,395061,7714
2020-11-23,Madera,039,155013,6379,138,6517,112
2020-11-23,Marin,041,260295,1234,9,1243,90
2020-11-23,Mariposa,043,17540,125,1,126,0
2020-11-23,Mendocino,045,87422,1483,6,1489,22
2020-11-23,Merced,047,269075,11742,99,11841,184
2020-11-23,Modoc,049,8938,104,20,124,0
2020-11-23,Mono,051,14174,520,10,530,3
2020-11-23,Monterey,053,433212,15258,249,15507,116
2020-11-23,Napa,055,140530,3203,16,3219,16
2020-11-23,Nevada,057,99092,1308,32,1340,7
2020-11-23,Orange,059,3164182,78687,2315,81002,1646
2020-11-23,Placer,061,380077,7186,133,7319,72
2020-11-23,Plumas,063,18699,214,0,214,0
2020-11-23,Riverside,065,2383286,90449,1649,92098,1504
2020-11-23,Sacramento,067,1510023,37074,122,37196,628
2020-11-23,San Benito,069,59416,1836,11,1847,13
2020-11-23,San Bernardino,071,2135413,94945,1469,96414,1452
2020-11-23,San Diego,073,3302833,80543,2886,83429,1035
2020-11-23,San Francisco,075,870044,15433,91,15524,170
2020-11-23,San Joaquin,077,732212,26497,483,26980,559
2020-11-23,San Luis Obispo,079,281455,6385,98,6483,39
2020-11-23,San Mateo,081,765935,14402,15,14417,179
2020-11-23,Santa Barbara,083,443738,11525,195,11720,138
2020-11-23,Santa Clara,085,1922200,35052,79,35131,421
2020-11-23,Santa Cruz,087,273765,4537,53,4590,35
2020-11-23,Shasta,089,179085,5287,160,5447,51
2020-11-23,Sierra,091,2930,17,0,17,0
2020-11-23,Siskiyou,093,43540,622,28,650,3
2020-11-23,Solano,095,438530,10455,61,10516,101
2020-11-23,Sonoma,097,501317,12291,50,12341,150
2020-11-23,Stanislaus,099,539301,21847,1324,23171,426
2020-11-23,Sutter,101,95872,3325,10,3335,15
2020-11-23,Tehama,103,63373,1687,21,1708,25
2020-11-23,Trinity,105,12862,260,22,282,0
2020-11-23,Tulare,107,460477,21504,1283,22787,334
2020-11-23,Tuolumne,109,53932,1030,8,1038,11
2020-11-23,Ventura,111,848112,20044,618,20662,195
2020-11-23,Yolo,113,214977,4906,15,4921,84
2020-11-23,Yuba,115,75493,1966,7,1973,9
2020-11-22,Alameda,001,1643700,29450,305,29755,429
2020-11-22,Alpine,002,1148,46,0,46,0
2020-11-22,Amador,005,37829,501,1,502,16
2020-11-22,Butte,007,227075,4033,221,4254,64
2020-11-22,Calaveras,009,45235,473,0,473,22
2020-11-22,Colusa,011,21464,723,3,726,6
2020-11-22,Contra Costa,013,1133247,23931,144,24075,272
2020-11-22,Del Norte,015,27424,312,0,312,1
2020-11-22,El Dorado,017,186661,2488,36,2524,4
2020-11-22,Fresno,019,978130,41255,1231,42486,532
2020-11-22,Glenn,021,27897,939,34,973,7
2020-11-22,Humboldt,023,135768,874,2,876,9
2020-11-22,Imperial,025,180216,16047,36,16083,369
2020-11-22,Inyo,027,18085,295,5,300,16
2020-11-22,Kern,029,883053,40251,1053,41304,476
2020-11-22,Kings,031,150075,10924,128,11052,88
2020-11-22,Lake,033,64148,943,0,943,21
2020-11-22,Lassen,035,31185,1928,6,1934,4
2020-11-22,Los Angeles,037,10098052,383180,5352,388532,7675
2020-11-22,Madera,039,155013,6297,127,6424,112
2020-11-22,Marin,041,260295,1233,9,1242,89
2020-11-22,Mariposa,043,17540,124,1,125,0
2020-11-22,Mendocino,045,87422,1459,5,1464,22
2020-11-22,Merced,047,269075,11590,98,11688,182
2020-11-22,Modoc,049,8938,103,19,122,0
2020-11-22,Mono,051,14174,505,10,515,3
2020-11-22,Monterey,053,433212,15017,244,15261,115
2020-11-22,Napa,055,140530,3124,16,3140,16
2020-11-22,Nevada,057,99092,1250,32,1282,7
2020-11-22,Orange,059,3164182,77270,2277,79547,1643
2020-11-22,Placer,061,380077,6959,123,7082,72
2020-11-22,Plumas,063,18699,201,0,201,0
2020-11-22,Riverside,065,2383286,88850,1590,90440,1496
2020-11-22,Sacramento,067,1510023,36340,109,36449,621
2020-11-22,San Benito,069,59416,1807,11,1818,13
2020-11-22,San Bernardino,071,2135413,92606,1399,94005,1440
2020-11-22,San Diego,073,3302833,78806,2811,81617,1030
2020-11-22,San Francisco,075,870044,15263,90,15353,169
2020-11-22,San Joaquin,077,732212,26197,471,26668,557
2020-11-22,San Luis Obispo,079,281455,6278,97,6375,38
2020-11-22,San Mateo,081,765935,14197,15,14212,179
2020-11-22,Santa Barbara,083,443738,11390,190,11580,138
2020-11-22,Santa Clara,085,1922200,34374,77,34451,420
2020-11-22,Santa Cruz,087,273765,4454,46,4500,34
2020-11-22,Shasta,089,179085,5131,142,5273,51
2020-11-22,Sierra,091,2930,17,0,17,0
2020-11-22,Siskiyou,093,43540,591,28,619,3
2020-11-22,Solano,095,438530,10281,57,10338,100
2020-11-22,Sonoma,097,501317,12133,48,12181,149
2020-11-22,Stanislaus,099,539301,21523,1294,22817,425
2020-11-22,Sutter,101,95872,3208,10,3218,14
2020-11-22,Tehama,103,63373,1650,17,1667,25
2020-11-22,Trinity,105,12862,254,22,276,0
2020-11-22,Tulare,107,460477,21250,1217,22467,332
2020-11-22,Tuolumne,109,53932,1003,8,1011,11
2020-11-22,Ventura,111,848112,19683,605,20288,192
2020-11-22,Yolo,113,214977,4806,15,4821,84
2020-11-22,Yuba,115,75493,1914,7,1921,9
2020-11-21,Alameda,001,1643700,29263,303,29566,429
2020-11-21,Alpine,002,1148,46,0,46,0
2020-11-21,Amador,005,37829,487,1,488,16
2020-11-21,Butte,007,227075,3985,218,4203,63
2020-11-21,Calaveras,009,45235,465,0,465,22
2020-11-21,Colusa,011,21464,714,3,717,6
2020-11-21,Contra Costa,013,1133247,23777,142,23919,272
2020-11-21,Del Norte,015,27424,307,0,307,1
2020-11-21,El Dorado,017,186661,2439,35,2474,4
2020-11-21,Fresno,019,978130,41001,1196,42197,529
2020-11-21,Glenn,021,27897,934,32,966,7
2020-11-21,Humboldt,023,135768,864,2,866,9
2020-11-21,Imperial,025,180216,15967,36,16003,366
2020-11-21,Inyo,027,18085,293,5,298,16
2020-11-21,Kern,029,883053,39995,1018,41013,475
2020-11-21,Kings,031,150075,10876,124,11000,87
2020-11-21,Lake,033,64148,930,0,930,21
2020-11-21,Lassen,035,31185,1861,6,1867,4
2020-11-21,Los Angeles,037,10098052,379993,5213,385206,7638
2020-11-21,Madera,039,155013,6259,127,6386,112
2020-11-21,Marin,041,260295,1233,9,1242,89
2020-11-21,Mariposa,043,17540,124,1,125,0
2020-11-21,Mendocino,045,87422,1428,5,1433,22
2020-11-21,Merced,047,269075,11530,97,11627,182
2020-11-21,Modoc,049,8938,99,18,117,0
2020-11-21,Mono,051,14174,500,10,510,3
2020-11-21,Monterey,053,433212,14919,239,15158,115
2020-11-21,Napa,055,140530,3090,16,3106,16
2020-11-21,Nevada,057,99092,1238,31,1269,7
2020-11-21,Orange,059,3164182,76466,2247,78713,1639
2020-11-21,Placer,061,380077,6844,120,6964,72
2020-11-21,Plumas,063,18699,196,0,196,0
2020-11-21,Riverside,065,2383286,88073,1544,89617,1486
2020-11-21,Sacramento,067,1510023,35944,101,36045,611
2020-11-21,San Benito,069,59416,1788,11,1799,13
2020-11-21,San Bernardino,071,2135413,91729,1323,93052,1431
2020-11-21,San Diego,073,3302833,78027,2756,80783,1022
2020-11-21,San Francisco,075,870044,15159,89,15248,169
2020-11-21,San Joaquin,077,732212,26064,456,26520,555
2020-11-21,San Luis Obispo,079,281455,6225,94,6319,38
2020-11-21,San Mateo,081,765935,14096,15,14111,178
2020-11-21,Santa Barbara,083,443738,11338,187,11525,137
2020-11-21,Santa Clara,085,1922200,33990,74,34064,418
2020-11-21,Santa Cruz,087,273765,4397,46,4443,33
2020-11-21,Shasta,089,179085,5058,139,5197,50
2020-11-21,Sierra,091,2930,17,0,17,0
2020-11-21,Siskiyou,093,43540,575,28,603,2
2020-11-21,Solano,095,438530,10191,54,10245,99
2020-11-21,Sonoma,097,501317,12058,47,12105,149
2020-11-21,Stanislaus,099,539301,21380,1270,22650,421
2020-11-21,Sutter,101,95872,3148,9,3157,14
2020-11-21,Tehama,103,63373,1630,16,1646,25
2020-11-21,Trinity,105,12862,251,22,273,0
2020-11-21,Tulare,107,460477,21122,1183,22305,330
2020-11-21,Tuolumne,109,53932,984,8,992,11
2020-11-21,Ventura,111,848112,19520,595,20115,191
2020-11-21,Yolo,113,214977,4732,14,4746,82
2020-11-21,Yuba,115,75493,1882,7,1889,9
2020-11-20,Alameda,001,1643700,29049,296,29345,429
2020-11-20,Alpine,002,1148,46,0,46,0
2020-11-20,Amador,005,37829,483,1,484,16
2020-11-20,Butte,007,227075,3952,214,4166,63
2020-11-20,Calaveras,009,45235,455,0,455,22
2020-11-20,Colusa,011,21464,706,2,708,6
2020-11-20,Contra Costa,013,1133247,23592,138,23730,271
2020-11-20,Del Norte,015,27424,304,0,304,1
2020-11-20,El Dorado,017,186661,2342,33,2375,4
2020-11-20,Fresno,019,978130,40707,1167,41874,526
2020-11-20,Glenn,021,27897,922,30,952,6
2020-11-20,Humboldt,023,135768,855,1,856,9
2020-11-20,Imperial,025,180216,15903,32,15935,366
2020-11-20,Inyo,027,18085,291,5,296,16
2020-11-20,Kern,029,883053,39701,993,40694,473
2020-11-20,Kings,031,150075,10828,123,10951,87
2020-11-20,Lake,033,64148,921,0,921,21
2020-11-20,Lassen,035,31185,1776,5,1781,4
2020-11-20,Los Angeles,037,10098052,376097,5052,381149,7604
2020-11-20,Madera,039,155013,6165,126,6291,110
2020-11-20,Marin,041,260295,1233,9,1242,89
2020-11-20,Mariposa,043,17540,116,1,117,0
2020-11-20,Mendocino,045,87422,1408,5,1413,22
2020-11-20,Merced,047,269075,11452,97,11549,181
2020-11-20,Modoc,049,8938,99,18,117,0
2020-11-20,Mono,051,14174,498,10,508,3
2020-11-20,Monterey,053,433212,14794,230,15024,115
2020-11-20,Napa,055,140530,3060,16,3076,16
2020-11-20,Nevada,057,99092,1220,30,1250,7
2020-11-20,Orange,059,3164182,75630,2210,77840,1635
2020-11-20,Placer,061,380077,6709,105,6814,72
2020-11-20,Plumas,063,18699,194,0,194,0
2020-11-20,Riverside,065,2383286,87061,1484,88545,1480
2020-11-20,Sacramento,067,1510023,35568,94,35662,607
2020-11-20,San Benito,069,59416,1776,11,1787,13
2020-11-20,San Bernardino,071,2135413,90359,1241,91600,1420
2020-11-20,San Diego,073,3302833,77029,2674,79703,1016
2020-11-20,San Francisco,075,870044,15056,88,15144,169
2020-11-20,San Joaquin,077,732212,25911,443,26354,552
2020-11-20,San Luis Obispo,079,281455,6170,91,6261,36
2020-11-20,San Mateo,081,765935,13963,14,13977,177
2020-11-20,Santa Barbara,083,443738,11282,181,11463,136
2020-11-20,Santa Clara,085,1922200,33569,69,33638,415
2020-11-20,Santa Cruz,087,273765,4332,46,4378,32
2020-11-20,Shasta,089,179085,4985,134,5119,49
2020-11-20,Sierra,091,2930,17,0,17,0
2020-11-20,Siskiyou,093,43540,561,27,588,2
2020-11-20,Solano,095,438530,10098,52,10150,98
2020-11-20,Sonoma,097,501317,11974,46,12020,148
2020-11-20,Stanislaus,099,539301,21223,1244,22467,419
2020-11-20,Sutter,101,95872,3098,9,3107,14
2020-11-20,Tehama,103,63373,1613,13,1626,25
2020-11-20,Trinity,105,12862,250,22,272,0
2020-11-20,Tulare,107,460477,20989,1145,22134,326
2020-11-20,Tuolumne,109,53932,945,8,953,11
2020-11-20,Ventura,111,848112,19352,568,19920,190
2020-11-20,Yolo,113,214977,4653,13,4666,82
2020-11-20,Yuba,115,75493,1854,7,1861,9
2020-11-19,Alameda,001,1643700,28703,288,28991,429
2020-11-19,Alpine,002,1148,43,0,43,0
2020-11-19,Amador,005,37829,479,1,480,16
2020-11-19,Butte,007,227075,3903,207,4110,63
2020-11-19,Calaveras,009,45235,444,0,444,22
2020-11-19,Colusa,011,21464,688,2,690,6
2020-11-19,Contra Costa,013,1133247,23321,135,23456,271
2020-11-19,Del Norte,015,27424,296,0,296,1
2020-11-19,El Dorado,017,186661,2268,29,2297,4
2020-11-19,Fresno,019,978130,40257,1110,41367,522
2020-11-19,Glenn,021,27897,900,29,929,6
2020-11-19,Humboldt,023,135768,835,1,836,9
2020-11-19,Imperial,025,180216,15693,32,15725,364
2020-11-19,Inyo,027,18085,289,5,294,16
2020-11-19,Kern,029,883053,39281,951,40232,468
2020-11-19,Kings,031,150075,10680,116,10796,87
2020-11-19,Lake,033,64148,907,0,907,21
2020-11-19,Lassen,035,31185,1659,3,1662,4
2020-11-19,Los Angeles,037,10098052,371068,4889,375957,7580
2020-11-19,Madera,039,155013,6093,118,6211,109
2020-11-19,Marin,041,260295,1230,9,1239,89
2020-11-19,Mariposa,043,17540,109,0,109,0
2020-11-19,Mendocino,045,87422,1387,5,1392,22
2020-11-19,Merced,047,269075,11313,91,11404,180
2020-11-19,Modoc,049,8938,96,18,114,0
2020-11-19,Mono,051,14174,490,10,500,3
2020-11-19,Monterey,053,433212,14580,219,14799,113
2020-11-19,Napa,055,140530,3006,16,3022,16
2020-11-19,Nevada,057,99092,1179,29,1208,7
2020-11-19,Orange,059,3164182,74365,2168,76533,1630
2020-11-19,Placer,061,380077,6518,104,6622,72
2020-11-19,Plumas,063,18699,189,0,189,0
2020-11-19,Riverside,065,2383286,85578,1413,86991,1474
2020-11-19,Sacramento,067,1510023,35054,92,35146,605
2020-11-19,San Benito,069,59416,1753,11,1764,13
2020-11-19,San Bernardino,071,2135413,88461,1163,89624,1409
2020-11-19,San Diego,073,3302833,75779,2570,78349,1012
2020-11-19,San Francisco,075,870044,14900,82,14982,169
2020-11-19,San Joaquin,077,732212,25592,433,26025,551
2020-11-19,San Luis Obispo,079,281455,6093,87,6180,36
2020-11-19,San Mateo,081,765935,13825,14,13839,177
2020-11-19,Santa Barbara,083,443738,11202,178,11380,136
2020-11-19,Santa Clara,085,1922200,33015,68,33083,415
2020-11-19,Santa Cruz,087,273765,4240,44,4284,32
2020-11-19,Shasta,089,179085,4847,124,4971,47
2020-11-19,Sierra,091,2930,17,0,17,0
2020-11-19,Siskiyou,093,43540,536,26,562,1
2020-11-19,Solano,095,438530,9961,48,10009,97
2020-11-19,Sonoma,097,501317,11804,44,11848,147
2020-11-19,Stanislaus,099,539301,20982,1201,22183,418
2020-11-19,Sutter,101,95872,2999,9,3008,14
2020-11-19,Tehama,103,63373,1578,10,1588,23
2020-11-19,Trinity,105,12862,244,22,266,0
2020-11-19,Tulare,107,460477,20768,1082,21850,324
2020-11-19,Tuolumne,109,53932,914,8,922,11
2020-11-19,Ventura,111,848112,18999,555,19554,188
2020-11-19,Yolo,113,214977,4559,13,4572,82
2020-11-19,Yuba,115,75493,1814,7,1821,9
2020-11-18,Alameda,001,1643700,28439,283,28722,428
2020-11-18,Alpine,002,1148,42,0,42,0
2020-11-18,Amador,005,37829,474,1,475,16
2020-11-18,Butte,007,227075,3850,194,4044,63
2020-11-18,Calaveras,009,45235,438,0,438,22
2020-11-18,Colusa,011,21464,675,2,677,6
2020-11-18,Contra Costa,013,1133247,23058,132,23190,270
2020-11-18,Del Norte,015,27424,284,0,284,1
2020-11-18,El Dorado,017,186661,2180,28,2208,4
2020-11-18,Fresno,019,978130,39819,1061,40880,517
2020-11-18,Glenn,021,27897,883,27,910,6
2020-11-18,Humboldt,023,135768,820,1,821,9
2020-11-18,Imperial,025,180216,15463,32,15495,363
2020-11-18,Inyo,027,18085,287,5,292,16
2020-11-18,Kern,029,883053,38891,902,39793,465
2020-11-18,Kings,031,150075,10532,113,10645,87
2020-11-18,Lake,033,64148,895,0,895,21
2020-11-18,Lassen,035,31185,1559,3,1562,4
2020-11-18,Los Angeles,037,10098052,366186,4714,370900,7544
2020-11-18,Madera,039,155013,6006,106,6112,108
2020-11-18,Marin,041,260295,1230,9,1239,89
2020-11-18,Mariposa,043,17540,106,0,106,0
2020-11-18,Mendocino,045,87422,1367,5,1372,22
2020-11-18,Merced,047,269075,11194,90,11284,179
2020-11-18,Modoc,049,8938,93,18,111,0
2020-11-18,Mono,051,14174,485,10,495,2
2020-11-18,Monterey,053,433212,14385,205,14590,112
2020-11-18,Napa,055,140530,2961,16,2977,16
2020-11-18,Nevada,057,99092,1139,27,1166,7
2020-11-18,Orange,059,3164182,73269,2143,75412,1622
2020-11-18,Placer,061,380077,6340,99,6439,70
2020-11-18,Plumas,063,18699,184,0,184,0
2020-11-18,Riverside,065,2383286,84115,1312,85427,1464
2020-11-18,Sacramento,067,1510023,34429,84,34513,601
2020-11-18,San Benito,069,59416,1728,10,1738,13
2020-11-18,San Bernardino,071,2135413,86702,1084,87786,1397
2020-11-18,San Diego,073,3302833,74485,2510,76995,1007
2020-11-18,San Francisco,075,870044,14756,80,14836,169
2020-11-18,San Joaquin,077,732212,25330,419,25749,550
2020-11-18,San Luis Obispo,079,281455,6017,86,6103,36
2020-11-18,San Mateo,081,765935,13672,13,13685,176
2020-11-18,Santa Barbara,083,443738,11123,171,11294,136
2020-11-18,Santa Clara,085,1922200,32549,64,32613,411
2020-11-18,Santa Cruz,087,273765,4151,42,4193,30
2020-11-18,Shasta,089,179085,4714,120,4834,47
2020-11-18,Sierra,091,2930,17,0,17,0
2020-11-18,Siskiyou,093,43540,504,25,529,1
2020-11-18,Solano,095,438530,9829,46,9875,96
2020-11-18,Sonoma,097,501317,11698,41,11739,146
2020-11-18,Stanislaus,099,539301,20740,1177,21917,416
2020-11-18,Sutter,101,95872,2881,9,2890,13
2020-11-18,Tehama,103,63373,1540,10,1550,23
2020-11-18,Trinity,105,12862,230,21,251,0
2020-11-18,Tulare,107,460477,20557,1031,21588,323
2020-11-18,Tuolumne,109,53932,879,8,887,9
2020-11-18,Ventura,111,848112,18674,540,19214,186
2020-11-18,Yolo,113,214977,4486,13,4499,81
2020-11-18,Yuba,115,75493,1760,7,1767,9
2020-11-17,Alameda,001,1643700,28111,272,28383,427
2020-11-17,Alpine,002,1148,40,0,40,0
2020-11-17,Amador,005,37829,463,1,464,16
2020-11-17,Butte,007,227075,3808,183,3991,63
2020-11-17,Calaveras,009,45235,421,0,421,22
2020-11-17,Colusa,011,21464,664,1,665,6
2020-11-17,Contra Costa,013,1133247,22787,127,22914,270
2020-11-17,Del Norte,015,27424,278,0,278,1
2020-11-17,El Dorado,017,186661,2121,28,2149,4
2020-11-17,Fresno,019,978130,39220,1002,40222,513
2020-11-17,Glenn,021,27897,872,26,898,6
2020-11-17,Humboldt,023,135768,798,1,799,9
2020-11-17,Imperial,025,180216,15225,30,15255,362
2020-11-17,Inyo,027,18085,286,5,291,16
2020-11-17,Kern,029,883053,38442,849,39291,462
2020-11-17,Kings,031,150075,10459,105,10564,87
2020-11-17,Lake,033,64148,875,0,875,21
2020-11-17,Lassen,035,31185,1480,3,1483,4
2020-11-17,Los Angeles,037,10098052,361231,4558,365789,7522
2020-11-17,Madera,039,155013,5918,99,6017,108
2020-11-17,Marin,041,260295,1226,9,1235,89
2020-11-17,Mariposa,043,17540,103,0,103,0
2020-11-17,Mendocino,045,87422,1346,5,1351,22
2020-11-17,Merced,047,269075,11053,85,11138,178
2020-11-17,Modoc,049,8938,87,17,104,0
2020-11-17,Mono,051,14174,480,10,490,2
2020-11-17,Monterey,053,433212,14156,195,14351,112
2020-11-17,Napa,055,140530,2907,16,2923,16
2020-11-17,Nevada,057,99092,1098,26,1124,7
2020-11-17,Orange,059,3164182,72118,2117,74235,1615
2020-11-17,Placer,061,380077,6178,93,6271,68
2020-11-17,Plumas,063,18699,176,0,176,0
2020-11-17,Riverside,065,2383286,82729,1221,83950,1461
2020-11-17,Sacramento,067,1510023,33831,80,33911,598
2020-11-17,San Benito,069,59416,1712,4,1716,13
2020-11-17,San Bernardino,071,2135413,84892,995,85887,1387
2020-11-17,San Diego,073,3302833,73232,2454,75686,999
2020-11-17,San Francisco,075,870044,14591,79,14670,168
2020-11-17,San Joaquin,077,732212,25054,399,25453,550
2020-11-17,San Luis Obispo,079,281455,5921,86,6007,36
2020-11-17,San Mateo,081,765935,13512,12,13524,176
2020-11-17,Santa Barbara,083,443738,11038,166,11204,135
2020-11-17,Santa Clara,085,1922200,32001,63,32064,410
2020-11-17,Santa Cruz,087,273765,4065,39,4104,30
2020-11-17,Shasta,089,179085,4556,108,4664,46
2020-11-17,Sierra,091,2930,15,0,15,0
2020-11-17,Siskiyou,093,43540,456,24,480,1
2020-11-17,Solano,095,438530,9684,45,9729,96
2020-11-17,Sonoma,097,501317,11564,40,11604,146
2020-11-17,Stanislaus,099,539301,20517,1150,21667,415
2020-11-17,Sutter,101,95872,2798,8,2806,13
2020-11-17,Tehama,103,63373,1487,10,1497,23
2020-11-17,Trinity,105,12862,213,21,234,0
2020-11-17,Tulare,107,460477,20329,970,21299,320
2020-11-17,Tuolumne,109,53932,840,8,848,9
2020-11-17,Ventura,111,848112,18402,522,18924,184
2020-11-17,Yolo,113,214977,4310,12,4322,80
2020-11-17,Yuba,115,75493,1712,7,1719,9
2020-11-16,Alameda,001,1643700,27764,267,28031,426
2020-11-16,Alpine,002,1148,37,0,37,0
2020-11-16,Amador,005,37829,455,1,456,16
2020-11-16,Butte,007,227075,3769,175,3944,63
2020-11-16,Calaveras,009,45235,413,0,413,22
2020-11-16,Colusa,011,21464,655,1,656,6
2020-11-16,Contra Costa,013,1133247,22521,122,22643,269
2020-11-16,Del Norte,015,27424,271,0,271,1
2020-11-16,El Dorado,017,186661,2061,26,2087,4
2020-11-16,Fresno,019,978130,38730,950,39680,510
2020-11-16,Glenn,021,27897,860,25,885,6
2020-11-16,Humboldt,023,135768,782,1,783,9
2020-11-16,Imperial,025,180216,14977,30,15007,362
2020-11-16,Inyo,027,18085,283,5,288,16
2020-11-16,Kern,029,883053,38047,807,38854,460
2020-11-16,Kings,031,150075,10192,101,10293,87
2020-11-16,Lake,033,64148,864,0,864,21
2020-11-16,Lassen,035,31185,1299,3,1302,3
2020-11-16,Los Angeles,037,10098052,356472,4390,360862,7487
2020-11-16,Madera,039,155013,5833,93,5926,108
2020-11-16,Marin,041,260295,1225,8,1233,89
2020-11-16,Mariposa,043,17540,100,0,100,0
2020-11-16,Mendocino,045,87422,1321,5,1326,22
2020-11-16,Merced,047,269075,10908,82,10990,178
2020-11-16,Modoc,049,8938,85,17,102,0
2020-11-16,Mono,051,14174,478,10,488,2
2020-11-16,Monterey,053,433212,13910,185,14095,112
2020-11-16,Napa,055,140530,2833,16,2849,16
2020-11-16,Nevada,057,99092,1055,24,1079,7
2020-11-16,Orange,059,3164182,71023,2103,73126,1606
2020-11-16,Placer,061,380077,6059,85,6144,67
2020-11-16,Plumas,063,18699,169,0,169,0
2020-11-16,Riverside,065,2383286,81354,1157,82511,1452
2020-11-16,Sacramento,067,1510023,33193,73,33266,595
2020-11-16,San Benito,069,59416,1694,3,1697,13
2020-11-16,San Bernardino,071,2135413,83066,929,83995,1376
2020-11-16,San Diego,073,3302833,71921,2382,74303,994
2020-11-16,San Francisco,075,870044,14433,77,14510,167
2020-11-16,San Joaquin,077,732212,24766,389,25155,549
2020-11-16,San Luis Obispo,079,281455,5818,82,5900,36
2020-11-16,San Mateo,081,765935,13352,12,13364,176
2020-11-16,Santa Barbara,083,443738,10973,162,11135,135
2020-11-16,Santa Clara,085,1922200,31439,62,31501,403
2020-11-16,Santa Cruz,087,273765,3992,39,4031,30
2020-11-16,Shasta,089,179085,4408,103,4511,46
2020-11-16,Sierra,091,2930,15,0,15,0
2020-11-16,Siskiyou,093,43540,429,24,453,1
2020-11-16,Solano,095,438530,9485,45,9530,94
2020-11-16,Sonoma,097,501317,11473,39,11512,143
2020-11-16,Stanislaus,099,539301,20281,1123,21404,413
2020-11-16,Sutter,101,95872,2692,8,2700,13
2020-11-16,Tehama,103,63373,1442,7,1449,23
2020-11-16,Trinity,105,12862,201,21,222,0
2020-11-16,Tulare,107,460477,20151,917,21068,319
2020-11-16,Tuolumne,109,53932,803,8,811,9
2020-11-16,Ventura,111,848112,18064,514,18578,183
2020-11-16,Yolo,113,214977,4215,12,4227,78
2020-11-16,Yuba,115,75493,1676,6,1682,9
2020-11-15,Alameda,001,1643700,27447,262,27709,424
2020-11-15,Alpine,002,1148,35,0,35,0
2020-11-15,Amador,005,37829,443,1,444,16
2020-11-15,Butte,007,227075,3715,166,3881,62
2020-11-15,Calaveras,009,45235,398,0,398,22
2020-11-15,Colusa,011,21464,646,1,647,6
2020-11-15,Contra Costa,013,1133247,22223,121,22344,267
2020-11-15,Del Norte,015,27424,257,0,257,1
2020-11-15,El Dorado,017,186661,1999,25,2024,4
2020-11-15,Fresno,019,978130,38218,912,39130,506
2020-11-15,Glenn,021,27897,848,24,872,6
2020-11-15,Humboldt,023,135768,754,1,755,9
2020-11-15,Imperial,025,180216,14742,30,14772,359
2020-11-15,Inyo,027,18085,273,5,278,16
2020-11-15,Kern,029,883053,37641,772,38413,458
2020-11-15,Kings,031,150075,9999,98,10097,87
2020-11-15,Lake,033,64148,854,0,854,21
2020-11-15,Lassen,035,31185,1252,3,1255,2
2020-11-15,Los Angeles,037,10098052,351423,4223,355646,7461
2020-11-15,Madera,039,155013,5735,87,5822,108
2020-11-15,Marin,041,260295,1223,8,1231,89
2020-11-15,Mariposa,043,17540,97,0,97,0
2020-11-15,Mendocino,045,87422,1302,5,1307,22
2020-11-15,Merced,047,269075,10766,82,10848,177
2020-11-15,Modoc,049,8938,84,17,101,0
2020-11-15,Mono,051,14174,476,10,486,2
2020-11-15,Monterey,053,433212,13714,172,13886,112
2020-11-15,Napa,055,140530,2774,14,2788,16
2020-11-15,Nevada,057,99092,999,24,1023,7
2020-11-15,Orange,059,3164182,69979,2087,72066,1601
2020-11-15,Placer,061,380077,5904,77,5981,66
2020-11-15,Plumas,063,18699,163,0,163,0
2020-11-15,Riverside,065,2383286,80032,1099,81131,1446
2020-11-15,Sacramento,067,1510023,32567,68,32635,589
2020-11-15,San Benito,069,59416,1669,2,1671,13
2020-11-15,San Bernardino,071,2135413,80917,854,81771,1366
2020-11-15,San Diego,073,3302833,70420,2325,72745,985
2020-11-15,San Francisco,075,870044,14257,76,14333,167
2020-11-15,San Joaquin,077,732212,24556,374,24930,547
2020-11-15,San Luis Obispo,079,281455,5697,80,5777,36
2020-11-15,San Mateo,081,765935,13175,12,13187,176
2020-11-15,Santa Barbara,083,443738,10878,160,11038,134
2020-11-15,Santa Clara,085,1922200,30981,61,31042,402
2020-11-15,Santa Cruz,087,273765,3851,38,3889,30
2020-11-15,Shasta,089,179085,4235,94,4329,46
2020-11-15,Sierra,091,2930,15,0,15,0
2020-11-15,Siskiyou,093,43540,410,24,434,1
2020-11-15,Solano,095,438530,9324,42,9366,94
2020-11-15,Sonoma,097,501317,11354,38,11392,143
2020-11-15,Stanislaus,099,539301,20007,1098,21105,408
2020-11-15,Sutter,101,95872,2602,8,2610,12
2020-11-15,Tehama,103,63373,1391,6,1397,21
2020-11-15,Trinity,105,12862,191,19,210,0
2020-11-15,Tulare,107,460477,19934,865,20799,318
2020-11-15,Tuolumne,109,53932,761,8,769,9
2020-11-15,Ventura,111,848112,17790,506,18296,183
2020-11-15,Yolo,113,214977,4112,12,4124,78
2020-11-15,Yuba,115,75493,1635,5,1640,9
2020-11-14,Alameda,001,1643700,27180,260,27440,423
2020-11-14,Alpine,002,1148,35,0,35,0
2020-11-14,Amador,005,37829,434,0,434,16
2020-11-14,Butte,007,227075,3679,153,3832,62
2020-11-14,Calaveras,009,45235,397,0,397,22
2020-11-14,Colusa,011,21464,634,1,635,6
2020-11-14,Contra Costa,013,1133247,22081,114,22195,267
2020-11-14,Del Norte,015,27424,250,0,250,1
2020-11-14,El Dorado,017,186661,1955,25,1980,4
2020-11-14,Fresno,019,978130,37968,876,38844,505
2020-11-14,Glenn,021,27897,839,21,860,6
2020-11-14,Humboldt,023,135768,739,1,740,9
2020-11-14,Imperial,025,180216,14649,29,14678,359
2020-11-14,Inyo,027,18085,272,5,277,16
2020-11-14,Kern,029,883053,37431,753,38184,458
2020-11-14,Kings,031,150075,9964,95,10059,87
2020-11-14,Lake,033,64148,845,0,845,20
2020-11-14,Lassen,035,31185,1238,3,1241,2
2020-11-14,Los Angeles,037,10098052,348713,4117,352830,7438
2020-11-14,Madera,039,155013,5704,85,5789,107
2020-11-14,Marin,041,260295,1223,8,1231,89
2020-11-14,Mariposa,043,17540,96,0,96,0
2020-11-14,Mendocino,045,87422,1286,5,1291,22
2020-11-14,Merced,047,269075,10708,80,10788,177
2020-11-14,Modoc,049,8938,83,16,99,0
2020-11-14,Mono,051,14174,476,10,486,2
2020-11-14,Monterey,053,433212,13618,162,13780,110
2020-11-14,Napa,055,140530,2740,14,2754,16
2020-11-14,Nevada,057,99092,983,24,1007,7
2020-11-14,Orange,059,3164182,69356,2076,71432,1589
2020-11-14,Placer,061,380077,5828,71,5899,64
2020-11-14,Plumas,063,18699,158,0,158,0
2020-11-14,Riverside,065,2383286,79292,1060,80352,1439
2020-11-14,Sacramento,067,1510023,32241,68,32309,584
2020-11-14,San Benito,069,59416,1654,2,1656,13
2020-11-14,San Bernardino,071,2135413,79982,823,80805,1360
2020-11-14,San Diego,073,3302833,69655,2273,71928,980
2020-11-14,San Francisco,075,870044,14170,75,14245,166
2020-11-14,San Joaquin,077,732212,24463,367,24830,545
2020-11-14,San Luis Obispo,079,281455,5634,75,5709,36
2020-11-14,San Mateo,081,765935,13067,12,13079,176
2020-11-14,Santa Barbara,083,443738,10824,158,10982,134
2020-11-14,Santa Clara,085,1922200,30696,59,30755,398
2020-11-14,Santa Cruz,087,273765,3796,38,3834,30
2020-11-14,Shasta,089,179085,4154,92,4246,44
2020-11-14,Sierra,091,2930,15,0,15,0
2020-11-14,Siskiyou,093,43540,397,24,421,1
2020-11-14,Solano,095,438530,9245,42,9287,94
2020-11-14,Sonoma,097,501317,11301,38,11339,143
2020-11-14,Stanislaus,099,539301,19864,1076,20940,406
2020-11-14,Sutter,101,95872,2557,8,2565,12
2020-11-14,Tehama,103,63373,1369,5,1374,21
2020-11-14,Trinity,105,12862,186,19,205,0
2020-11-14,Tulare,107,460477,19841,837,20678,317
2020-11-14,Tuolumne,109,53932,733,8,741,9
2020-11-14,Ventura,111,848112,17644,495,18139,182
2020-11-14,Yolo,113,214977,4068,10,4078,77
2020-11-14,Yuba,115,75493,1606,5,1611,9
2020-11-13,Alameda,001,1643700,26964,255,27219,421
2020-11-13,Alpine,002,1148,35,0,35,0
2020-11-13,Amador,005,37829,431,0,431,16
2020-11-13,Butte,007,227075,3655,144,3799,62
2020-11-13,Calaveras,009,45235,393,0,393,22
2020-11-13,Colusa,011,21464,626,1,627,6
2020-11-13,Contra Costa,013,1133247,21907,114,22021,267
2020-11-13,Del Norte,015,27424,247,0,247,1
2020-11-13,El Dorado,017,186661,1910,24,1934,4
2020-11-13,Fresno,019,978130,37722,862,38584,504
2020-11-13,Glenn,021,27897,825,17,842,6
2020-11-13,Humboldt,023,135768,724,1,725,9
2020-11-13,Imperial,025,180216,14578,28,14606,357
2020-11-13,Inyo,027,18085,271,5,276,16
2020-11-13,Kern,029,883053,37229,736,37965,457
2020-11-13,Kings,031,150075,9905,94,9999,87
2020-11-13,Lake,033,64148,839,0,839,20
2020-11-13,Lassen,035,31185,1229,3,1232,2
2020-11-13,Los Angeles,037,10098052,345583,4015,349598,7421
2020-11-13,Madera,039,155013,5664,84,5748,106
2020-11-13,Marin,041,260295,1222,8,1230,89
2020-11-13,Mariposa,043,17540,94,0,94,0
2020-11-13,Mendocino,045,87422,1274,5,1279,22
2020-11-13,Merced,047,269075,10650,78,10728,175
2020-11-13,Modoc,049,8938,83,14,97,0
2020-11-13,Mono,051,14174,476,9,485,2
2020-11-13,Monterey,053,433212,13423,150,13573,109
2020-11-13,Napa,055,140530,2701,14,2715,16
2020-11-13,Nevada,057,99092,964,24,988,7
2020-11-13,Orange,059,3164182,68756,2056,70812,1583
2020-11-13,Placer,061,380077,5723,65,5788,64
2020-11-13,Plumas,063,18699,152,0,152,0
2020-11-13,Riverside,065,2383286,78554,1031,79585,1425
2020-11-13,Sacramento,067,1510023,31922,64,31986,582
2020-11-13,San Benito,069,59416,1642,1,1643,13
2020-11-13,San Bernardino,071,2135413,78934,802,79736,1353
2020-11-13,San Diego,073,3302833,68808,2235,71043,974
2020-11-13,San Francisco,075,870044,14077,73,14150,165
2020-11-13,San Joaquin,077,732212,24368,361,24729,545
2020-11-13,San Luis Obispo,079,281455,5567,72,5639,36
2020-11-13,San Mateo,081,765935,12974,12,12986,175
2020-11-13,Santa Barbara,083,443738,10772,156,10928,134
2020-11-13,Santa Clara,085,1922200,30368,57,30425,397
2020-11-13,Santa Cruz,087,273765,3722,38,3760,29
2020-11-13,Shasta,089,179085,4070,88,4158,44
2020-11-13,Sierra,091,2930,15,0,15,0
2020-11-13,Siskiyou,093,43540,392,23,415,1
2020-11-13,Solano,095,438530,9155,42,9197,94
2020-11-13,Sonoma,097,501317,11240,36,11276,141
2020-11-13,Stanislaus,099,539301,19738,1049,20787,404
2020-11-13,Sutter,101,95872,2511,7,2518,12
2020-11-13,Tehama,103,63373,1342,5,1347,20
2020-11-13,Trinity,105,12862,184,19,203,0
2020-11-13,Tulare,107,460477,19715,797,20512,316
2020-11-13,Tuolumne,109,53932,700,8,708,9
2020-11-13,Ventura,111,848112,17498,481,17979,181
2020-11-13,Yolo,113,214977,4017,10,4027,77
2020-11-13,Yuba,115,75493,1579,5,1584,9
2020-11-12,Alameda,001,1643700,26697,255,26952,418
2020-11-12,Alpine,002,1148,34,0,34,0
2020-11-12,Amador,005,37829,430,0,430,16
2020-11-12,Butte,007,227075,3606,141,3747,62
2020-11-12,Calaveras,009,45235,388,0,388,22
2020-11-12,Colusa,011,21464,621,1,622,6
2020-11-12,Contra Costa,013,1133247,21698,113,21811,267
2020-11-12,Del Norte,015,27424,239,0,239,1
2020-11-12,El Dorado,017,186661,1864,20,1884,4
2020-11-12,Fresno,019,978130,37373,821,38194,501
2020-11-12,Glenn,021,27897,806,17,823,6
2020-11-12,Humboldt,023,135768,711,1,712,9
2020-11-12,Imperial,025,180216,14413,28,14441,357
2020-11-12,Inyo,027,18085,270,5,275,16
2020-11-12,Kern,029,883053,36965,722,37687,457
2020-11-12,Kings,031,150075,9838,93,9931,87
2020-11-12,Lake,033,64148,830,0,830,19
2020-11-12,Lassen,035,31185,1160,2,1162,1
2020-11-12,Los Angeles,037,10098052,341837,3918,345755,7399
2020-11-12,Madera,039,155013,5629,80,5709,106
2020-11-12,Marin,041,260295,1222,8,1230,89
2020-11-12,Mariposa,043,17540,92,0,92,0
2020-11-12,Mendocino,045,87422,1255,5,1260,22
2020-11-12,Merced,047,269075,10538,74,10612,172
2020-11-12,Modoc,049,8938,83,14,97,0
2020-11-12,Mono,051,14174,475,9,484,2
2020-11-12,Monterey,053,433212,13302,136,13438,107
2020-11-12,Napa,055,140530,2639,14,2653,16
2020-11-12,Nevada,057,99092,942,23,965,7
2020-11-12,Orange,059,3164182,68012,2037,70049,1581
2020-11-12,Placer,061,380077,5614,56,5670,63
2020-11-12,Plumas,063,18699,148,0,148,0
2020-11-12,Riverside,065,2383286,77623,988,78611,1417
2020-11-12,Sacramento,067,1510023,31431,56,31487,578
2020-11-12,San Benito,069,59416,1622,1,1623,13
2020-11-12,San Bernardino,071,2135413,77568,763,78331,1343
2020-11-12,San Diego,073,3302833,67828,2184,70012,966
2020-11-12,San Francisco,075,870044,13978,72,14050,165
2020-11-12,San Joaquin,077,732212,24174,340,24514,543
2020-11-12,San Luis Obispo,079,281455,5503,71,5574,36
2020-11-12,San Mateo,081,765935,12849,11,12860,175
2020-11-12,Santa Barbara,083,443738,10710,151,10861,134
2020-11-12,Santa Clara,085,1922200,29991,56,30047,396
2020-11-12,Santa Cruz,087,273765,3639,36,3675,29
2020-11-12,Shasta,089,179085,3933,77,4010,43
2020-11-12,Sierra,091,2930,15,0,15,0
2020-11-12,Siskiyou,093,43540,375,19,394,1
2020-11-12,Solano,095,438530,9055,41,9096,93
2020-11-12,Sonoma,097,501317,11138,35,11173,141
2020-11-12,Stanislaus,099,539301,19568,1020,20588,402
2020-11-12,Sutter,101,95872,2428,6,2434,12
2020-11-12,Tehama,103,63373,1314,5,1319,20
2020-11-12,Trinity,105,12862,176,18,194,0
2020-11-12,Tulare,107,460477,19602,759,20361,312
2020-11-12,Tuolumne,109,53932,661,8,669,9
2020-11-12,Ventura,111,848112,17248,475,17723,180
2020-11-12,Yolo,113,214977,3974,10,3984,76
2020-11-12,Yuba,115,75493,1544,5,1549,9
2020-11-11,Alameda,001,1643700,26453,253,26706,414
2020-11-11,Alpine,002,1148,29,0,29,0
2020-11-11,Amador,005,37829,423,0,423,16
2020-11-11,Butte,007,227075,3580,126,3706,62
2020-11-11,Calaveras,009,45235,378,0,378,22
2020-11-11,Colusa,011,21464,615,1,616,6
2020-11-11,Contra Costa,013,1133247,21481,111,21592,267
2020-11-11,Del Norte,015,27424,231,0,231,1
2020-11-11,El Dorado,017,186661,1818,19,1837,4
2020-11-11,Fresno,019,978130,37055,786,37841,499
2020-11-11,Glenn,021,27897,790,16,806,6
2020-11-11,Humboldt,023,135768,697,1,698,9
2020-11-11,Imperial,025,180216,14245,26,14271,357
2020-11-11,Inyo,027,18085,268,5,273,16
2020-11-11,Kern,029,883053,36690,705,37395,456
2020-11-11,Kings,031,150075,9732,90,9822,87
2020-11-11,Lake,033,64148,819,0,819,19
2020-11-11,Lassen,035,31185,1135,2,1137,1
2020-11-11,Los Angeles,037,10098052,338466,3836,342302,7379
2020-11-11,Madera,039,155013,5595,79,5674,105
2020-11-11,Marin,041,260295,1222,8,1230,89
2020-11-11,Mariposa,043,17540,92,0,92,0
2020-11-11,Mendocino,045,87422,1243,5,1248,22
2020-11-11,Merced,047,269075,10466,72,10538,168
2020-11-11,Modoc,049,8938,79,13,92,0
2020-11-11,Mono,051,14174,473,9,482,2
2020-11-11,Monterey,053,433212,13159,132,13291,105
2020-11-11,Napa,055,140530,2590,12,2602,16
2020-11-11,Nevada,057,99092,900,23,923,7
2020-11-11,Orange,059,3164182,67373,2013,69386,1576
2020-11-11,Placer,061,380077,5530,48,5578,63
2020-11-11,Plumas,063,18699,146,0,146,0
2020-11-11,Riverside,065,2383286,76721,942,77663,1413
2020-11-11,Sacramento,067,1510023,30974,54,31028,573
2020-11-11,San Benito,069,59416,1608,1,1609,13
2020-11-11,San Bernardino,071,2135413,76282,737,77019,1334
2020-11-11,San Diego,073,3302833,66893,2123,69016,961
2020-11-11,San Francisco,075,870044,13871,71,13942,164
2020-11-11,San Joaquin,077,732212,24014,335,24349,542
2020-11-11,San Luis Obispo,079,281455,5428,68,5496,36
2020-11-11,San Mateo,081,765935,12735,11,12746,175
2020-11-11,Santa Barbara,083,443738,10644,151,10795,134
2020-11-11,Santa Clara,085,1922200,29640,55,29695,395
2020-11-11,Santa Cruz,087,273765,3571,36,3607,29
2020-11-11,Shasta,089,179085,3810,67,3877,42
2020-11-11,Sierra,091,2930,13,0,13,0
2020-11-11,Siskiyou,093,43540,344,16,360,1
2020-11-11,Solano,095,438530,8936,39,8975,93
2020-11-11,Sonoma,097,501317,11064,35,11099,141
2020-11-11,Stanislaus,099,539301,19431,990,20421,399
2020-11-11,Sutter,101,95872,2380,5,2385,12
2020-11-11,Tehama,103,63373,1270,4,1274,20
2020-11-11,Trinity,105,12862,165,18,183,0
2020-11-11,Tulare,107,460477,19472,729,20201,310
2020-11-11,Tuolumne,109,53932,608,7,615,9
2020-11-11,Ventura,111,848112,17033,462,17495,177
2020-11-11,Yolo,113,214977,3923,10,3933,76
2020-11-11,Yuba,115,75493,1529,5,1534,9
2020-11-10,Alameda,001,1643700,26223,250,26473,414
2020-11-10,Alpine,002,1148,29,0,29,0
2020-11-10,Amador,005,37829,417,0,417,16
2020-11-10,Butte,007,227075,3544,122,3666,61
2020-11-10,Calaveras,009,45235,374,0,374,22
2020-11-10,Colusa,011,21464,607,1,608,6
2020-11-10,Contra Costa,013,1133247,21275,109,21384,267
2020-11-10,Del Norte,015,27424,225,0,225,1
2020-11-10,El Dorado,017,186661,1758,19,1777,4
2020-11-10,Fresno,019,978130,36784,750,37534,497
2020-11-10,Glenn,021,27897,782,12,794,5
2020-11-10,Humboldt,023,135768,680,1,681,9
2020-11-10,Imperial,025,180216,14115,26,14141,357
2020-11-10,Inyo,027,18085,267,5,272,16
2020-11-10,Kern,029,883053,36414,686,37100,455
2020-11-10,Kings,031,150075,9685,83,9768,87
2020-11-10,Lake,033,64148,809,0,809,18
2020-11-10,Lassen,035,31185,1120,2,1122,1
2020-11-10,Los Angeles,037,10098052,335213,3721,338934,7366
2020-11-10,Madera,039,155013,5553,73,5626,105
2020-11-10,Marin,041,260295,1222,8,1230,89
2020-11-10,Mariposa,043,17540,90,0,90,0
2020-11-10,Mendocino,045,87422,1235,5,1240,22
2020-11-10,Merced,047,269075,10403,66,10469,168
2020-11-10,Modoc,049,8938,77,13,90,0
2020-11-10,Mono,051,14174,471,9,480,2
2020-11-10,Monterey,053,433212,13024,124,13148,102
2020-11-10,Napa,055,140530,2552,10,2562,16
2020-11-10,Nevada,057,99092,884,23,907,7
2020-11-10,Orange,059,3164182,66819,2003,68822,1571
2020-11-10,Placer,061,380077,5450,47,5497,62
2020-11-10,Plumas,063,18699,142,0,142,0
2020-11-10,Riverside,065,2383286,76079,917,76996,1411
2020-11-10,Sacramento,067,1510023,30568,51,30619,567
2020-11-10,San Benito,069,59416,1593,1,1594,13
2020-11-10,San Bernardino,071,2135413,75113,704,75817,1329
2020-11-10,San Diego,073,3302833,66002,2086,68088,954
2020-11-10,San Francisco,075,870044,13755,71,13826,164
2020-11-10,San Joaquin,077,732212,23849,328,24177,541
2020-11-10,San Luis Obispo,079,281455,5365,65,5430,35
2020-11-10,San Mateo,081,765935,12635,11,12646,175
2020-11-10,Santa Barbara,083,443738,10577,147,10724,134
2020-11-10,Santa Clara,085,1922200,29292,54,29346,393
2020-11-10,Santa Cruz,087,273765,3509,36,3545,29
2020-11-10,Shasta,089,179085,3667,59,3726,41
2020-11-10,Sierra,091,2930,12,0,12,0
2020-11-10,Siskiyou,093,43540,327,15,342,1
2020-11-10,Solano,095,438530,8839,39,8878,93
2020-11-10,Sonoma,097,501317,10977,35,11012,141
2020-11-10,Stanislaus,099,539301,19298,966,20264,396
2020-11-10,Sutter,101,95872,2285,4,2289,12
2020-11-10,Tehama,103,63373,1245,3,1248,20
2020-11-10,Trinity,105,12862,156,16,172,0
2020-11-10,Tulare,107,460477,19357,705,20062,309
2020-11-10,Tuolumne,109,53932,558,7,565,9
2020-11-10,Ventura,111,848112,16850,460,17310,177
2020-11-10,Yolo,113,214977,3862,10,3872,75
2020-11-10,Yuba,115,75493,1506,5,1511,9
2020-11-09,Alameda,001,1643700,25977,246,26223,414
2020-11-09,Alpine,002,1148,27,0,27,0
2020-11-09,Amador,005,37829,408,0,408,16
2020-11-09,Butte,007,227075,3500,114,3614,61
2020-11-09,Calaveras,009,45235,370,0,370,22
2020-11-09,Colusa,011,21464,601,1,602,6
2020-11-09,Contra Costa,013,1133247,21101,107,21208,266
2020-11-09,Del Norte,015,27424,219,0,219,1
2020-11-09,El Dorado,017,186661,1717,19,1736,4
2020-11-09,Fresno,019,978130,36474,710,37184,494
2020-11-09,Glenn,021,27897,776,9,785,4
2020-11-09,Humboldt,023,135768,667,1,668,9
2020-11-09,Imperial,025,180216,13994,25,14019,356
2020-11-09,Inyo,027,18085,267,5,272,16
2020-11-09,Kern,029,883053,36184,650,36834,455
2020-11-09,Kings,031,150075,9615,81,9696,87
2020-11-09,Lake,033,64148,800,0,800,18
2020-11-09,Lassen,035,31185,1024,2,1026,1
2020-11-09,Los Angeles,037,10098052,332117,3645,335762,7349
2020-11-09,Madera,039,155013,5507,70,5577,105
2020-11-09,Marin,041,260295,1222,8,1230,89
2020-11-09,Mariposa,043,17540,90,0,90,0
2020-11-09,Mendocino,045,87422,1223,5,1228,21
2020-11-09,Merced,047,269075,10309,63,10372,168
2020-11-09,Modoc,049,8938,73,12,85,0
2020-11-09,Mono,051,14174,468,9,477,2
2020-11-09,Monterey,053,433212,12877,116,12993,102
2020-11-09,Napa,055,140530,2509,10,2519,15
2020-11-09,Nevada,057,99092,847,22,869,7
2020-11-09,Orange,059,3164182,66176,1990,68166,1565
2020-11-09,Placer,061,380077,5365,36,5401,62
2020-11-09,Plumas,063,18699,135,0,135,0
2020-11-09,Riverside,065,2383286,75297,883,76180,1405
2020-11-09,Sacramento,067,1510023,30096,50,30146,561
2020-11-09,San Benito,069,59416,1584,1,1585,13
2020-11-09,San Bernardino,071,2135413,74059,661,74720,1322
2020-11-09,San Diego,073,3302833,65147,2046,67193,950
2020-11-09,San Francisco,075,870044,13635,68,13703,164
2020-11-09,San Joaquin,077,732212,23684,323,24007,541
2020-11-09,San Luis Obispo,079,281455,5278,63,5341,35
2020-11-09,San Mateo,081,765935,12528,11,12539,175
2020-11-09,Santa Barbara,083,443738,10520,142,10662,134
2020-11-09,Santa Clara,085,1922200,28896,54,28950,392
2020-11-09,Santa Cruz,087,273765,3451,36,3487,28
2020-11-09,Shasta,089,179085,3513,50,3563,41
2020-11-09,Sierra,091,2930,10,0,10,0
2020-11-09,Siskiyou,093,43540,316,13,329,1
2020-11-09,Solano,095,438530,8726,38,8764,93
2020-11-09,Sonoma,097,501317,10869,35,10904,140
2020-11-09,Stanislaus,099,539301,19149,951,20100,395
2020-11-09,Sutter,101,95872,2218,3,2221,12
2020-11-09,Tehama,103,63373,1208,2,1210,20
2020-11-09,Trinity,105,12862,149,16,165,0
2020-11-09,Tulare,107,460477,19235,674,19909,308
2020-11-09,Tuolumne,109,53932,504,6,510,9
2020-11-09,Ventura,111,848112,16648,457,17105,177
2020-11-09,Yolo,113,214977,3801,10,3811,75
2020-11-09,Yuba,115,75493,1473,5,1478,9
2020-11-08,Alameda,001,1643700,25747,246,25993,414
2020-11-08,Alpine,002,1148,24,0,24,0
2020-11-08,Amador,005,37829,401,0,401,16
2020-11-08,Butte,007,227075,3462,106,3568,61
2020-11-08,Calaveras,009,45235,368,0,368,22
2020-11-08,Colusa,011,21464,598,1,599,6
2020-11-08,Contra Costa,013,1133247,20930,105,21035,265
2020-11-08,Del Norte,015,27424,212,0,212,1
2020-11-08,El Dorado,017,186661,1680,19,1699,4
2020-11-08,Fresno,019,978130,36135,672,36807,494
2020-11-08,Glenn,021,27897,770,8,778,4
2020-11-08,Humboldt,023,135768,651,1,652,9
2020-11-08,Imperial,025,180216,13878,25,13903,356
2020-11-08,Inyo,027,18085,264,5,269,16
2020-11-08,Kern,029,883053,35965,632,36597,453
2020-11-08,Kings,031,150075,9482,78,9560,87
2020-11-08,Lake,033,64148,792,0,792,18
2020-11-08,Lassen,035,31185,876,2,878,1
2020-11-08,Los Angeles,037,10098052,328989,3580,332569,7332
2020-11-08,Madera,039,155013,5437,67,5504,105
2020-11-08,Marin,041,260295,1221,8,1229,89
2020-11-08,Mariposa,043,17540,90,0,90,0
2020-11-08,Mendocino,045,87422,1214,5,1219,21
2020-11-08,Merced,047,269075,10246,61,10307,168
2020-11-08,Modoc,049,8938,69,12,81,0
2020-11-08,Mono,051,14174,462,9,471,2
2020-11-08,Monterey,053,433212,12732,106,12838,101
2020-11-08,Napa,055,140530,2470,10,2480,15
2020-11-08,Nevada,057,99092,831,22,853,7
2020-11-08,Orange,059,3164182,65588,1976,67564,1560
2020-11-08,Placer,061,380077,5262,31,5293,62
2020-11-08,Plumas,063,18699,130,0,130,0
2020-11-08,Riverside,065,2383286,74642,842,75484,1399
2020-11-08,Sacramento,067,1510023,29537,47,29584,558
2020-11-08,San Benito,069,59416,1569,1,1570,13
2020-11-08,San Bernardino,071,2135413,72807,622,73429,1319
2020-11-08,San Diego,073,3302833,64302,2002,66304,950
2020-11-08,San Francisco,075,870044,13505,64,13569,162
2020-11-08,San Joaquin,077,732212,23490,319,23809,540
2020-11-08,San Luis Obispo,079,281455,5212,58,5270,35
2020-11-08,San Mateo,081,765935,12410,11,12421,175
2020-11-08,Santa Barbara,083,443738,10450,140,10590,134
2020-11-08,Santa Clara,085,1922200,28522,53,28575,391
2020-11-08,Santa Cruz,087,273765,3394,36,3430,28
2020-11-08,Shasta,089,179085,3377,44,3421,41
2020-11-08,Sierra,091,2930,10,0,10,0
2020-11-08,Siskiyou,093,43540,304,12,316,1
2020-11-08,Solano,095,438530,8605,37,8642,93
2020-11-08,Sonoma,097,501317,10762,35,10797,140
2020-11-08,Stanislaus,099,539301,18975,930,19905,395
2020-11-08,Sutter,101,95872,2160,3,2163,12
2020-11-08,Tehama,103,63373,1182,2,1184,20
2020-11-08,Trinity,105,12862,146,15,161,0
2020-11-08,Tulare,107,460477,19093,645,19738,307
2020-11-08,Tuolumne,109,53932,478,6,484,9
2020-11-08,Ventura,111,848112,16453,449,16902,176
2020-11-08,Yolo,113,214977,3739,10,3749,75
2020-11-08,Yuba,115,75493,1452,5,1457,9
2020-11-07,Alameda,001,1643700,25637,244,25881,412
2020-11-07,Alpine,002,1148,24,0,24,0
2020-11-07,Amador,005,37829,398,0,398,16
2020-11-07,Butte,007,227075,3450,100,3550,61
2020-11-07,Calaveras,009,45235,366,0,366,22
2020-11-07,Colusa,011,21464,598,1,599,6
2020-11-07,Contra Costa,013,1133247,20829,104,20933,262
2020-11-07,Del Norte,015,27424,207,0,207,1
2020-11-07,El Dorado,017,186661,1655,18,1673,4
2020-11-07,Fresno,019,978130,35980,650,36630,492
2020-11-07,Glenn,021,27897,762,8,770,4
2020-11-07,Humboldt,023,135768,640,1,641,9
2020-11-07,Imperial,025,180216,13820,24,13844,356
2020-11-07,Inyo,027,18085,262,5,267,16
2020-11-07,Kern,029,883053,35809,622,36431,452
2020-11-07,Kings,031,150075,9449,72,9521,87
2020-11-07,Lake,033,64148,788,0,788,17
2020-11-07,Lassen,035,31185,860,2,862,1
2020-11-07,Los Angeles,037,10098052,327476,3514,330990,7317
2020-11-07,Madera,039,155013,5414,65,5479,105
2020-11-07,Marin,041,260295,1221,8,1229,89
2020-11-07,Mariposa,043,17540,90,0,90,0
2020-11-07,Mendocino,045,87422,1203,5,1208,21
2020-11-07,Merced,047,269075,10214,57,10271,167
2020-11-07,Modoc,049,8938,69,12,81,0
2020-11-07,Mono,051,14174,459,9,468,2
2020-11-07,Monterey,053,433212,12662,102,12764,101
2020-11-07,Napa,055,140530,2440,9,2449,15
2020-11-07,Nevada,057,99092,814,22,836,7
2020-11-07,Orange,059,3164182,65299,1970,67269,1557
2020-11-07,Placer,061,380077,5199,31,5230,62
2020-11-07,Plumas,063,18699,127,0,127,0
2020-11-07,Riverside,065,2383286,74247,815,75062,1395
2020-11-07,Sacramento,067,1510023,29287,47,29334,554
2020-11-07,San Benito,069,59416,1557,1,1558,13
2020-11-07,San Bernardino,071,2135413,72291,611,72902,1311
2020-11-07,San Diego,073,3302833,63790,1970,65760,946
2020-11-07,San Francisco,075,870044,13444,63,13507,162
2020-11-07,San Joaquin,077,732212,23382,313,23695,539
2020-11-07,San Luis Obispo,079,281455,5163,55,5218,35
2020-11-07,San Mateo,081,765935,12347,11,12358,175
2020-11-07,Santa Barbara,083,443738,10408,138,10546,134
2020-11-07,Santa Clara,085,1922200,28318,52,28370,388
2020-11-07,Santa Cruz,087,273765,3356,36,3392,28
2020-11-07,Shasta,089,179085,3310,42,3352,41
2020-11-07,Sierra,091,2930,10,0,10,0
2020-11-07,Siskiyou,093,43540,300,12,312,1
2020-11-07,Solano,095,438530,8553,37,8590,93
2020-11-07,Sonoma,097,501317,10716,35,10751,138
2020-11-07,Stanislaus,099,539301,18864,914,19778,395
2020-11-07,Sutter,101,95872,2120,3,2123,12
2020-11-07,Tehama,103,63373,1157,2,1159,19
2020-11-07,Trinity,105,12862,146,14,160,0
2020-11-07,Tulare,107,460477,19037,627,19664,307
2020-11-07,Tuolumne,109,53932,466,6,472,9
2020-11-07,Ventura,111,848112,16393,444,16837,176
2020-11-07,Yolo,113,214977,3708,10,3718,74
2020-11-07,Yuba,115,75493,1437,5,1442,9
2020-11-06,Alameda,001,1643700,25505,242,25747,412
2020-11-06,Alpine,002,1148,24,0,24,0
2020-11-06,Amador,005,37829,396,0,396,16
2020-11-06,Butte,007,227075,3425,92,3517,60
2020-11-06,Calaveras,009,45235,365,0,365,22
2020-11-06,Colusa,011,21464,596,1,597,6
2020-11-06,Contra Costa,013,1133247,20682,104,20786,261
2020-11-06,Del Norte,015,27424,204,0,204,1
2020-11-06,El Dorado,017,186661,1629,18,1647,4
2020-11-06,Fresno,019,978130,35792,634,36426,492
2020-11-06,Glenn,021,27897,756,7,763,4
2020-11-06,Humboldt,023,135768,637,1,638,9
2020-11-06,Imperial,025,180216,13766,24,13790,356
2020-11-06,Inyo,027,18085,260,5,265,16
2020-11-06,Kern,029,883053,35645,605,36250,451
2020-11-06,Kings,031,150075,9425,70,9495,87
2020-11-06,Lake,033,64148,787,0,787,17
2020-11-06,Lassen,035,31185,852,2,854,1
2020-11-06,Los Angeles,037,10098052,325506,3462,328968,7304
2020-11-06,Madera,039,155013,5398,64,5462,105
2020-11-06,Marin,041,260295,1220,8,1228,89
2020-11-06,Mariposa,043,17540,89,0,89,0
2020-11-06,Mendocino,045,87422,1198,5,1203,21
2020-11-06,Merced,047,269075,10174,54,10228,167
2020-11-06,Modoc,049,8938,69,12,81,0
2020-11-06,Mono,051,14174,453,9,462,2
2020-11-06,Monterey,053,433212,12545,101,12646,101
2020-11-06,Napa,055,140530,2415,9,2424,15
2020-11-06,Nevada,057,99092,801,21,822,7
2020-11-06,Orange,059,3164182,64996,1960,66956,1557
2020-11-06,Placer,061,380077,5126,31,5157,62
2020-11-06,Plumas,063,18699,122,0,122,0
2020-11-06,Riverside,065,2383286,73797,774,74571,1390
2020-11-06,Sacramento,067,1510023,28996,45,29041,548
2020-11-06,San Benito,069,59416,1548,1,1549,13
2020-11-06,San Bernardino,071,2135413,71694,591,72285,1306
2020-11-06,San Diego,073,3302833,63266,1938,65204,942
2020-11-06,San Francisco,075,870044,13374,62,13436,162
2020-11-06,San Joaquin,077,732212,23297,303,23600,539
2020-11-06,San Luis Obispo,079,281455,5098,49,5147,34
2020-11-06,San Mateo,081,765935,12272,11,12283,174
2020-11-06,Santa Barbara,083,443738,10372,134,10506,132
2020-11-06,Santa Clara,085,1922200,28076,52,28128,387
2020-11-06,Santa Cruz,087,273765,3318,36,3354,28
2020-11-06,Shasta,089,179085,3237,41,3278,41
2020-11-06,Sierra,091,2930,9,0,9,0
2020-11-06,Siskiyou,093,43540,287,11,298,1
2020-11-06,Solano,095,438530,8487,37,8524,92
2020-11-06,Sonoma,097,501317,10666,35,10701,138
2020-11-06,Stanislaus,099,539301,18777,906,19683,393
2020-11-06,Sutter,101,95872,2093,2,2095,12
2020-11-06,Tehama,103,63373,1136,2,1138,19
2020-11-06,Trinity,105,12862,143,14,157,0
2020-11-06,Tulare,107,460477,18973,602,19575,306
2020-11-06,Tuolumne,109,53932,442,6,448,9
2020-11-06,Ventura,111,848112,16307,441,16748,176
2020-11-06,Yolo,113,214977,3679,10,3689,73
2020-11-06,Yuba,115,75493,1424,5,1429,9
2020-11-05,Alameda,001,1643700,25329,242,25571,411
2020-11-05,Alpine,002,1148,24,0,24,0
2020-11-05,Amador,005,37829,393,0,393,16
2020-11-05,Butte,007,227075,3402,86,3488,59
2020-11-05,Calaveras,009,45235,357,0,357,22
2020-11-05,Colusa,011,21464,592,1,593,6
2020-11-05,Contra Costa,013,1133247,20500,101,20601,261
2020-11-05,Del Norte,015,27424,202,0,202,1
2020-11-05,El Dorado,017,186661,1605,18,1623,4
2020-11-05,Fresno,019,978130,35551,610,36161,492
2020-11-05,Glenn,021,27897,736,7,743,3
2020-11-05,Humboldt,023,135768,627,1,628,9
2020-11-05,Imperial,025,180216,13674,23,13697,355
2020-11-05,Inyo,027,18085,259,5,264,16
2020-11-05,Kern,029,883053,35444,592,36036,448
2020-11-05,Kings,031,150075,9270,67,9337,87
2020-11-05,Lake,033,64148,783,0,783,17
2020-11-05,Lassen,035,31185,821,2,823,1
2020-11-05,Los Angeles,037,10098052,323151,3409,326560,7286
2020-11-05,Madera,039,155013,5360,61,5421,105
2020-11-05,Marin,041,260295,1219,8,1227,89
2020-11-05,Mariposa,043,17540,88,0,88,0
2020-11-05,Mendocino,045,87422,1186,5,1191,21
2020-11-05,Merced,047,269075,10122,49,10171,166
2020-11-05,Modoc,049,8938,68,11,79,0
2020-11-05,Mono,051,14174,451,9,460,2
2020-11-05,Monterey,053,433212,12435,97,12532,99
2020-11-05,Napa,055,140530,2388,9,2397,15
2020-11-05,Nevada,057,99092,779,20,799,7
2020-11-05,Orange,059,3164182,64549,1949,66498,1554
2020-11-05,Placer,061,380077,5057,26,5083,61
2020-11-05,Plumas,063,18699,114,0,114,0
2020-11-05,Riverside,065,2383286,73086,718,73804,1387
2020-11-05,Sacramento,067,1510023,28616,44,28660,547
2020-11-05,San Benito,069,59416,1533,1,1534,13
2020-11-05,San Bernardino,071,2135413,70867,579,71446,1298
2020-11-05,San Diego,073,3302833,62640,1912,64552,941
2020-11-05,San Francisco,075,870044,13262,61,13323,162
2020-11-05,San Joaquin,077,732212,23133,299,23432,537
2020-11-05,San Luis Obispo,079,281455,5030,47,5077,34
2020-11-05,San Mateo,081,765935,12178,11,12189,174
2020-11-05,Santa Barbara,083,443738,10328,131,10459,132
2020-11-05,Santa Clara,085,1922200,27811,52,27863,385
2020-11-05,Santa Cruz,087,273765,3280,36,3316,28
2020-11-05,Shasta,089,179085,3147,40,3187,41
2020-11-05,Sierra,091,2930,9,0,9,0
2020-11-05,Siskiyou,093,43540,276,11,287,1
2020-11-05,Solano,095,438530,8404,37,8441,92
2020-11-05,Sonoma,097,501317,10554,34,10588,138
2020-11-05,Stanislaus,099,539301,18663,893,19556,392
2020-11-05,Sutter,101,95872,2061,2,2063,12
2020-11-05,Tehama,103,63373,1115,2,1117,19
2020-11-05,Trinity,105,12862,127,14,141,0
2020-11-05,Tulare,107,460477,18884,576,19460,304
2020-11-05,Tuolumne,109,53932,412,6,418,9
2020-11-05,Ventura,111,848112,16141,430,16571,176
2020-11-05,Yolo,113,214977,3629,10,3639,70
2020-11-05,Yuba,115,75493,1406,5,1411,9
2020-11-04,Alameda,001,1643700,25153,240,25393,410
2020-11-04,Alpine,002,1148,20,0,20,0
2020-11-04,Amador,005,37829,390,0,390,16
2020-11-04,Butte,007,227075,3377,84,3461,59
2020-11-04,Calaveras,009,45235,354,0,354,22
2020-11-04,Colusa,011,21464,590,1,591,6
2020-11-04,Contra Costa,013,1133247,20335,98,20433,261
2020-11-04,Del Norte,015,27424,198,0,198,1
2020-11-04,El Dorado,017,186661,1590,15,1605,4
2020-11-04,Fresno,019,978130,35319,582,35901,492
2020-11-04,Glenn,021,27897,732,6,738,3
2020-11-04,Humboldt,023,135768,618,1,619,9
2020-11-04,Imperial,025,180216,13576,23,13599,355
2020-11-04,Inyo,027,18085,258,5,263,16
2020-11-04,Kern,029,883053,35289,581,35870,447
2020-11-04,Kings,031,150075,9236,65,9301,85
2020-11-04,Lake,033,64148,776,0,776,17
2020-11-04,Lassen,035,31185,816,2,818,1
2020-11-04,Los Angeles,037,10098052,320839,3331,324170,7276
2020-11-04,Madera,039,155013,5340,57,5397,105
2020-11-04,Marin,041,260295,1216,8,1224,89
2020-11-04,Mariposa,043,17540,88,0,88,0
2020-11-04,Mendocino,045,87422,1168,5,1173,21
2020-11-04,Merced,047,269075,10066,47,10113,165
2020-11-04,Modoc,049,8938,59,11,70,0
2020-11-04,Mono,051,14174,448,8,456,2
2020-11-04,Monterey,053,433212,12231,91,12322,97
2020-11-04,Napa,055,140530,2334,9,2343,15
2020-11-04,Nevada,057,99092,760,20,780,7
2020-11-04,Orange,059,3164182,64114,1929,66043,1552
2020-11-04,Placer,061,380077,4981,23,5004,61
2020-11-04,Plumas,063,18699,112,0,112,0
2020-11-04,Riverside,065,2383286,72469,659,73128,1384
2020-11-04,Sacramento,067,1510023,28266,43,28309,546
2020-11-04,San Benito,069,59416,1518,1,1519,13
2020-11-04,San Bernardino,071,2135413,70071,556,70627,1290
2020-11-04,San Diego,073,3302833,61994,1886,63880,936
2020-11-04,San Francisco,075,870044,13179,58,13237,162
2020-11-04,San Joaquin,077,732212,22996,286,23282,536
2020-11-04,San Luis Obispo,079,281455,4963,45,5008,34
2020-11-04,San Mateo,081,765935,12084,11,12095,174
2020-11-04,Santa Barbara,083,443738,10290,130,10420,132
2020-11-04,Santa Clara,085,1922200,27550,52,27602,384
2020-11-04,Santa Cruz,087,273765,3243,36,3279,28
2020-11-04,Shasta,089,179085,3016,35,3051,41
2020-11-04,Sierra,091,2930,9,0,9,0
2020-11-04,Siskiyou,093,43540,267,11,278,1
2020-11-04,Solano,095,438530,8305,37,8342,92
2020-11-04,Sonoma,097,501317,10460,34,10494,138
2020-11-04,Stanislaus,099,539301,18545,878,19423,392
2020-11-04,Sutter,101,95872,2027,2,2029,12
2020-11-04,Tehama,103,63373,1088,2,1090,17
2020-11-04,Trinity,105,12862,123,14,137,0
2020-11-04,Tulare,107,460477,18774,548,19322,304
2020-11-04,Tuolumne,109,53932,388,6,394,9
2020-11-04,Ventura,111,848112,16001,427,16428,176
2020-11-04,Yolo,113,214977,3589,10,3599,70
2020-11-04,Yuba,115,75493,1385,5,1390,9
2020-11-03,Alameda,001,1643700,24969,238,25207,409
2020-11-03,Alpine,002,1148,19,0,19,0
2020-11-03,Amador,005,37829,385,0,385,16
2020-11-03,Butte,007,227075,3354,78,3432,59
2020-11-03,Calaveras,009,45235,350,0,350,22
2020-11-03,Colusa,011,21464,585,1,586,6
2020-11-03,Contra Costa,013,1133247,20180,98,20278,261
2020-11-03,Del Norte,015,27424,197,0,197,1
2020-11-03,El Dorado,017,186661,1568,14,1582,4
2020-11-03,Fresno,019,978130,35056,560,35616,491
2020-11-03,Glenn,021,27897,726,6,732,3
2020-11-03,Humboldt,023,135768,612,1,613,9
2020-11-03,Imperial,025,180216,13486,22,13508,355
2020-11-03,Inyo,027,18085,257,5,262,16
2020-11-03,Kern,029,883053,35098,570,35668,445
2020-11-03,Kings,031,150075,9073,60,9133,85
2020-11-03,Lake,033,64148,766,0,766,17
2020-11-03,Lassen,035,31185,807,2,809,1
2020-11-03,Los Angeles,037,10098052,318382,3264,321646,7264
2020-11-03,Madera,039,155013,5304,56,5360,105
2020-11-03,Marin,041,260295,1216,8,1224,89
2020-11-03,Mariposa,043,17540,87,0,87,0
2020-11-03,Mendocino,045,87422,1153,5,1158,21
2020-11-03,Merced,047,269075,10013,46,10059,164
2020-11-03,Modoc,049,8938,57,9,66,0
2020-11-03,Mono,051,14174,444,8,452,2
2020-11-03,Monterey,053,433212,12162,86,12248,97
2020-11-03,Napa,055,140530,2298,9,2307,15
2020-11-03,Nevada,057,99092,740,19,759,7
2020-11-03,Orange,059,3164182,63684,1916,65600,1548
2020-11-03,Placer,061,380077,4908,23,4931,61
2020-11-03,Plumas,063,18699,109,0,109,0
2020-11-03,Riverside,065,2383286,71850,634,72484,1378
2020-11-03,Sacramento,067,1510023,27885,41,27926,546
2020-11-03,San Benito,069,59416,1508,1,1509,13
2020-11-03,San Bernardino,071,2135413,69260,549,69809,1283
2020-11-03,San Diego,073,3302833,61318,1842,63160,935
2020-11-03,San Francisco,075,870044,13057,58,13115,162
2020-11-03,San Joaquin,077,732212,22861,280,23141,533
2020-11-03,San Luis Obispo,079,281455,4877,43,4920,34
2020-11-03,San Mateo,081,765935,11989,11,12000,173
2020-11-03,Santa Barbara,083,443738,10236,126,10362,132
2020-11-03,Santa Clara,085,1922200,27276,51,27327,378
2020-11-03,Santa Cruz,087,273765,3193,35,3228,28
2020-11-03,Shasta,089,179085,2922,28,2950,41
2020-11-03,Sierra,091,2930,7,0,7,0
2020-11-03,Siskiyou,093,43540,263,11,274,0
2020-11-03,Solano,095,438530,8221,37,8258,92
2020-11-03,Sonoma,097,501317,10358,34,10392,137
2020-11-03,Stanislaus,099,539301,18424,867,19291,391
2020-11-03,Sutter,101,95872,1994,2,1996,12
2020-11-03,Tehama,103,63373,1067,2,1069,17
2020-11-03,Trinity,105,12862,116,13,129,0
2020-11-03,Tulare,107,460477,18668,523,19191,304
2020-11-03,Tuolumne,109,53932,365,6,371,8
2020-11-03,Ventura,111,848112,15874,420,16294,176
2020-11-03,Yolo,113,214977,3537,10,3547,70
2020-11-03,Yuba,115,75493,1372,5,1377,9
2020-11-02,Alameda,001,1643700,24773,236,25009,409
2020-11-02,Alpine,002,1148,16,0,16,0
2020-11-02,Amador,005,37829,377,0,377,16
2020-11-02,Butte,007,227075,3334,74,3408,59
2020-11-02,Calaveras,009,45235,350,0,350,22
2020-11-02,Colusa,011,21464,580,1,581,6
2020-11-02,Contra Costa,013,1133247,20022,97,20119,261
2020-11-02,Del Norte,015,27424,194,0,194,1
2020-11-02,El Dorado,017,186661,1544,14,1558,4
2020-11-02,Fresno,019,978130,34787,543,35330,490
2020-11-02,Glenn,021,27897,720,5,725,3
2020-11-02,Humboldt,023,135768,603,1,604,9
2020-11-02,Imperial,025,180216,13406,21,13427,355
2020-11-02,Inyo,027,18085,254,5,259,16
2020-11-02,Kern,029,883053,34940,560,35500,445
2020-11-02,Kings,031,150075,9043,57,9100,84
2020-11-02,Lake,033,64148,760,0,760,17
2020-11-02,Lassen,035,31185,799,2,801,1
2020-11-02,Los Angeles,037,10098052,316034,3190,319224,7251
2020-11-02,Madera,039,155013,5273,55,5328,105
2020-11-02,Marin,041,260295,1215,8,1223,89
2020-11-02,Mariposa,043,17540,87,0,87,0
2020-11-02,Mendocino,045,87422,1139,5,1144,21
2020-11-02,Merced,047,269075,9943,40,9983,164
2020-11-02,Modoc,049,8938,54,5,59,0
2020-11-02,Mono,051,14174,442,8,450,2
2020-11-02,Monterey,053,433212,12055,83,12138,97
2020-11-02,Napa,055,140530,2256,9,2265,15
2020-11-02,Nevada,057,99092,724,19,743,7
2020-11-02,Orange,059,3164182,63278,1901,65179,1547
2020-11-02,Placer,061,380077,4838,21,4859,61
2020-11-02,Plumas,063,18699,101,0,101,0
2020-11-02,Riverside,065,2383286,71219,593,71812,1374
2020-11-02,Sacramento,067,1510023,27543,39,27582,542
2020-11-02,San Benito,069,59416,1496,1,1497,13
2020-11-02,San Bernardino,071,2135413,68404,538,68942,1281
2020-11-02,San Diego,073,3302833,60595,1797,62392,933
2020-11-02,San Francisco,075,870044,12960,57,13017,162
2020-11-02,San Joaquin,077,732212,22721,272,22993,533
2020-11-02,San Luis Obispo,079,281455,4777,40,4817,34
2020-11-02,San Mateo,081,765935,11880,11,11891,172
2020-11-02,Santa Barbara,083,443738,10195,121,10316,132
2020-11-02,Santa Clara,085,1922200,26989,51,27040,377
2020-11-02,Santa Cruz,087,273765,3151,35,3186,28
2020-11-02,Shasta,089,179085,2819,24,2843,40
2020-11-02,Sierra,091,2930,7,0,7,0
2020-11-02,Siskiyou,093,43540,253,11,264,0
2020-11-02,Solano,095,438530,8103,37,8140,92
2020-11-02,Sonoma,097,501317,10276,33,10309,135
2020-11-02,Stanislaus,099,539301,18328,858,19186,390
2020-11-02,Sutter,101,95872,1970,2,1972,12
2020-11-02,Tehama,103,63373,1044,2,1046,17
2020-11-02,Trinity,105,12862,110,13,123,0
2020-11-02,Tulare,107,460477,18574,503,19077,303
2020-11-02,Tuolumne,109,53932,349,6,355,8
2020-11-02,Ventura,111,848112,15733,406,16139,175
2020-11-02,Yolo,113,214977,3489,10,3499,70
2020-11-02,Yuba,115,75493,1359,5,1364,9
2020-11-01,Alameda,001,1643700,24610,234,24844,408
2020-11-01,Alpine,002,1148,10,0,10,0
2020-11-01,Amador,005,37829,374,0,374,16
2020-11-01,Butte,007,227075,3311,73,3384,59
2020-11-01,Calaveras,009,45235,349,0,349,22
2020-11-01,Colusa,011,21464,578,1,579,6
2020-11-01,Contra Costa,013,1133247,19849,96,19945,261
2020-11-01,Del Norte,015,27424,190,0,190,1
2020-11-01,El Dorado,017,186661,1528,14,1542,4
2020-11-01,Fresno,019,978130,34532,523,35055,489
2020-11-01,Glenn,021,27897,711,3,714,3
2020-11-01,Humboldt,023,135768,595,1,596,9
2020-11-01,Imperial,025,180216,13315,19,13334,354
2020-11-01,Inyo,027,18085,252,5,257,16
2020-11-01,Kern,029,883053,34759,480,35239,445
2020-11-01,Kings,031,150075,9005,56,9061,83
2020-11-01,Lake,033,64148,754,0,754,17
2020-11-01,Lassen,035,31185,799,2,801,1
2020-11-01,Los Angeles,037,10098052,313463,3099,316562,7238
2020-11-01,Madera,039,155013,5226,53,5279,104
2020-11-01,Marin,041,260295,1215,8,1223,89
2020-11-01,Mariposa,043,17540,83,0,83,0
2020-11-01,Mendocino,045,87422,1125,5,1130,21
2020-11-01,Merced,047,269075,9879,40,9919,164
2020-11-01,Modoc,049,8938,53,5,58,0
2020-11-01,Mono,051,14174,413,7,420,2
2020-11-01,Monterey,053,433212,11948,80,12028,97
2020-11-01,Napa,055,140530,2222,9,2231,15
2020-11-01,Nevada,057,99092,708,18,726,7
2020-11-01,Orange,059,3164182,62876,1875,64751,1544
2020-11-01,Placer,061,380077,4770,20,4790,61
2020-11-01,Plumas,063,18699,96,0,96,0
2020-11-01,Riverside,065,2383286,70589,558,71147,1370
2020-11-01,Sacramento,067,1510023,27221,39,27260,539
2020-11-01,San Benito,069,59416,1481,1,1482,13
2020-11-01,San Bernardino,071,2135413,67563,517,68080,1275
2020-11-01,San Diego,073,3302833,59907,1757,61664,930
2020-11-01,San Francisco,075,870044,12837,52,12889,162
2020-11-01,San Joaquin,077,732212,22593,266,22859,530
2020-11-01,San Luis Obispo,079,281455,4697,39,4736,34
2020-11-01,San Mateo,081,765935,11799,11,11810,171
2020-11-01,Santa Barbara,083,443738,10144,105,10249,132
2020-11-01,Santa Clara,085,1922200,26706,51,26757,373
2020-11-01,Santa Cruz,087,273765,3098,35,3133,28
2020-11-01,Shasta,089,179085,2684,23,2707,38
2020-11-01,Sierra,091,2930,7,0,7,0
2020-11-01,Siskiyou,093,43540,248,11,259,0
2020-11-01,Solano,095,438530,8013,37,8050,91
2020-11-01,Sonoma,097,501317,10184,33,10217,133
2020-11-01,Stanislaus,099,539301,18227,839,19066,388
2020-11-01,Sutter,101,95872,1944,1,1945,12
2020-11-01,Tehama,103,63373,1027,2,1029,16
2020-11-01,Trinity,105,12862,108,12,120,0
2020-11-01,Tulare,107,460477,18462,472,18934,302
2020-11-01,Tuolumne,109,53932,328,6,334,8
2020-11-01,Ventura,111,848112,15585,378,15963,174
2020-11-01,Yolo,113,214977,3441,10,3451,67
2020-11-01,Yuba,115,75493,1342,5,1347,9
2020-10-31,Alameda,001,1643700,24494,230,24724,405
2020-10-31,Alpine,002,1148,10,0,10,0
2020-10-31,Amador,005,37829,370,0,370,16
2020-10-31,Butte,007,227075,3298,71,3369,59
2020-10-31,Calaveras,009,45235,349,0,349,22
2020-10-31,Colusa,011,21464,576,1,577,6
2020-10-31,Contra Costa,013,1133247,19744,96,19840,260
2020-10-31,Del Norte,015,27424,189,0,189,1
2020-10-31,El Dorado,017,186661,1519,14,1533,4
2020-10-31,Fresno,019,978130,34395,520,34915,486
2020-10-31,Glenn,021,27897,709,3,712,3
2020-10-31,Humboldt,023,135768,592,1,593,9
2020-10-31,Imperial,025,180216,13273,19,13292,352
2020-10-31,Inyo,027,18085,251,5,256,16
2020-10-31,Kern,029,883053,34656,471,35127,444
2020-10-31,Kings,031,150075,8984,55,9039,83
2020-10-31,Lake,033,64148,750,0,750,17
2020-10-31,Lassen,035,31185,794,2,796,1
2020-10-31,Los Angeles,037,10098052,312084,3061,315145,7220
2020-10-31,Madera,039,155013,5207,50,5257,104
2020-10-31,Marin,041,260295,1214,8,1222,89
2020-10-31,Mariposa,043,17540,83,0,83,0
2020-10-31,Mendocino,045,87422,1117,5,1122,21
2020-10-31,Merced,047,269075,9844,39,9883,163
2020-10-31,Modoc,049,8938,52,4,56,0
2020-10-31,Mono,051,14174,264,6,270,2
2020-10-31,Monterey,053,433212,11880,76,11956,97
2020-10-31,Napa,055,140530,2203,9,2212,15
2020-10-31,Nevada,057,99092,690,18,708,7
2020-10-31,Orange,059,3164182,62617,1857,64474,1541
2020-10-31,Placer,061,380077,4720,19,4739,61
2020-10-31,Plumas,063,18699,95,0,95,0
2020-10-31,Riverside,065,2383286,70232,535,70767,1367
2020-10-31,Sacramento,067,1510023,27022,37,27059,538
2020-10-31,San Benito,069,59416,1474,1,1475,13
2020-10-31,San Bernardino,071,2135413,67137,507,67644,1269
2020-10-31,San Diego,073,3302833,59454,1729,61183,925
2020-10-31,San Francisco,075,870044,12763,51,12814,161
2020-10-31,San Joaquin,077,732212,22518,257,22775,529
2020-10-31,San Luis Obispo,079,281455,4628,36,4664,34
2020-10-31,San Mateo,081,765935,11748,11,11759,171
2020-10-31,Santa Barbara,083,443738,10115,97,10212,132
2020-10-31,Santa Clara,085,1922200,26538,51,26589,369
2020-10-31,Santa Cruz,087,273765,3063,34,3097,28
2020-10-31,Shasta,089,179085,2630,22,2652,38
2020-10-31,Sierra,091,2930,7,0,7,0
2020-10-31,Siskiyou,093,43540,246,11,257,0
2020-10-31,Solano,095,438530,7948,37,7985,91
2020-10-31,Sonoma,097,501317,10131,33,10164,132
2020-10-31,Stanislaus,099,539301,18164,823,18987,386
2020-10-31,Sutter,101,95872,1935,1,1936,12
2020-10-31,Tehama,103,63373,1017,2,1019,15
2020-10-31,Trinity,105,12862,105,12,117,0
2020-10-31,Tulare,107,460477,18413,465,18878,302
2020-10-31,Tuolumne,109,53932,321,6,327,6
2020-10-31,Ventura,111,848112,15501,360,15861,174
2020-10-31,Yolo,113,214977,3406,10,3416,67
2020-10-31,Yuba,115,75493,1326,4,1330,9
2020-10-30,Alameda,001,1643700,24414,228,24642,403
2020-10-30,Alpine,002,1148,10,0,10,0
2020-10-30,Amador,005,37829,370,0,370,16
2020-10-30,Butte,007,227075,3293,71,3364,58
2020-10-30,Calaveras,009,45235,348,0,348,22
2020-10-30,Colusa,011,21464,574,1,575,6
2020-10-30,Contra Costa,013,1133247,19672,96,19768,259
2020-10-30,Del Norte,015,27424,188,0,188,1
2020-10-30,El Dorado,017,186661,1506,14,1520,4
2020-10-30,Fresno,019,978130,34272,512,34784,485
2020-10-30,Glenn,021,27897,703,2,705,3
2020-10-30,Humboldt,023,135768,591,1,592,9
2020-10-30,Imperial,025,180216,13232,19,13251,350
2020-10-30,Inyo,027,18085,250,5,255,16
2020-10-30,Kern,029,883053,34563,470,35033,442
2020-10-30,Kings,031,150075,8974,53,9027,83
2020-10-30,Lake,033,64148,750,0,750,17
2020-10-30,Lassen,035,31185,788,2,790,1
2020-10-30,Los Angeles,037,10098052,310648,3026,313674,7205
2020-10-30,Madera,039,155013,5194,48,5242,104
2020-10-30,Marin,041,260295,1214,8,1222,89
2020-10-30,Mariposa,043,17540,83,0,83,0
2020-10-30,Mendocino,045,87422,1115,5,1120,21
2020-10-30,Merced,047,269075,9812,39,9851,162
2020-10-30,Modoc,049,8938,51,3,54,0
2020-10-30,Mono,051,14174,263,6,269,2
2020-10-30,Monterey,053,433212,11817,71,11888,97
2020-10-30,Napa,055,140530,2185,9,2194,15
2020-10-30,Nevada,057,99092,684,18,702,7
2020-10-30,Orange,059,3164182,62376,1845,64221,1537
2020-10-30,Placer,061,380077,4673,19,4692,61
2020-10-30,Plumas,063,18699,92,0,92,0
2020-10-30,Riverside,065,2383286,69893,515,70408,1360
2020-10-30,Sacramento,067,1510023,26874,37,26911,536
2020-10-30,San Benito,069,59416,1468,1,1469,13
2020-10-30,San Bernardino,071,2135413,66721,504,67225,1264
2020-10-30,San Diego,073,3302833,59049,1707,60756,923
2020-10-30,San Francisco,075,870044,12708,51,12759,161
2020-10-30,San Joaquin,077,732212,22451,251,22702,529
2020-10-30,San Luis Obispo,079,281455,4586,36,4622,34
2020-10-30,San Mateo,081,765935,11689,11,11700,171
2020-10-30,Santa Barbara,083,443738,10092,97,10189,132
2020-10-30,Santa Clara,085,1922200,26390,51,26441,368
2020-10-30,Santa Cruz,087,273765,3045,34,3079,28
2020-10-30,Shasta,089,179085,2586,21,2607,38
2020-10-30,Sierra,091,2930,7,0,7,0
2020-10-30,Siskiyou,093,43540,246,11,257,0
2020-10-30,Solano,095,438530,7887,37,7924,90
2020-10-30,Sonoma,097,501317,10056,33,10089,132
2020-10-30,Stanislaus,099,539301,18116,808,18924,386
2020-10-30,Sutter,101,95872,1922,1,1923,12
2020-10-30,Tehama,103,63373,1013,2,1015,15
2020-10-30,Trinity,105,12862,105,12,117,0
2020-10-30,Tulare,107,460477,18368,451,18819,301
2020-10-30,Tuolumne,109,53932,313,6,319,6
2020-10-30,Ventura,111,848112,15428,349,15777,174
2020-10-30,Yolo,113,214977,3389,10,3399,66
2020-10-30,Yuba,115,75493,1318,4,1322,9
2020-10-29,Alameda,001,1643700,24251,227,24478,403
2020-10-29,Alpine,002,1148,7,0,7,0
2020-10-29,Amador,005,37829,366,0,366,16
2020-10-29,Butte,007,227075,3275,69,3344,58
2020-10-29,Calaveras,009,45235,346,0,346,22
2020-10-29,Colusa,011,21464,570,1,571,6
2020-10-29,Contra Costa,013,1133247,19574,95,19669,259
2020-10-29,Del Norte,015,27424,186,0,186,1
2020-10-29,El Dorado,017,186661,1484,14,1498,4
2020-10-29,Fresno,019,978130,34114,505,34619,484
2020-10-29,Glenn,021,27897,701,2,703,3
2020-10-29,Humboldt,023,135768,586,1,587,9
2020-10-29,Imperial,025,180216,13189,19,13208,350
2020-10-29,Inyo,027,18085,248,5,253,16
2020-10-29,Kern,029,883053,34462,465,34927,442
2020-10-29,Kings,031,150075,8820,52,8872,82
2020-10-29,Lake,033,64148,747,0,747,17
2020-10-29,Lassen,035,31185,787,2,789,1
2020-10-29,Los Angeles,037,10098052,309020,2980,312000,7196
2020-10-29,Madera,039,155013,5163,46,5209,104
2020-10-29,Marin,041,260295,1214,8,1222,89
2020-10-29,Mariposa,043,17540,81,0,81,0
2020-10-29,Mendocino,045,87422,1109,5,1114,21
2020-10-29,Merced,047,269075,9769,39,9808,160
2020-10-29,Modoc,049,8938,49,3,52,0
2020-10-29,Mono,051,14174,256,6,262,2
2020-10-29,Monterey,053,433212,11736,69,11805,96
2020-10-29,Napa,055,140530,2161,9,2170,15
2020-10-29,Nevada,057,99092,677,18,695,7
2020-10-29,Orange,059,3164182,62108,1825,63933,1534
2020-10-29,Placer,061,380077,4628,18,4646,61
2020-10-29,Plumas,063,18699,90,0,90,0
2020-10-29,Riverside,065,2383286,69517,485,70002,1356
2020-10-29,Sacramento,067,1510023,26661,36,26697,535
2020-10-29,San Benito,069,59416,1463,1,1464,13
2020-10-29,San Bernardino,071,2135413,66153,494,66647,1262
2020-10-29,San Diego,073,3302833,58583,1678,60261,920
2020-10-29,San Francisco,075,870044,12630,51,12681,161
2020-10-29,San Joaquin,077,732212,22367,239,22606,529
2020-10-29,San Luis Obispo,079,281455,4555,35,4590,34
2020-10-29,San Mateo,081,765935,11644,11,11655,171
2020-10-29,Santa Barbara,083,443738,10059,95,10154,131
2020-10-29,Santa Clara,085,1922200,26239,51,26290,366
2020-10-29,Santa Cruz,087,273765,3020,34,3054,28
2020-10-29,Shasta,089,179085,2523,21,2544,37
2020-10-29,Sierra,091,2930,6,0,6,0
2020-10-29,Siskiyou,093,43540,230,11,241,0
2020-10-29,Solano,095,438530,7825,37,7862,89
2020-10-29,Sonoma,097,501317,9991,33,10024,129
2020-10-29,Stanislaus,099,539301,18063,787,18850,384
2020-10-29,Sutter,101,95872,1915,1,1916,12
2020-10-29,Tehama,103,63373,995,2,997,14
2020-10-29,Trinity,105,12862,100,11,111,0
2020-10-29,Tulare,107,460477,18290,433,18723,301
2020-10-29,Tuolumne,109,53932,308,6,314,6
2020-10-29,Ventura,111,848112,15337,344,15681,174
2020-10-29,Yolo,113,214977,3360,10,3370,66
2020-10-29,Yuba,115,75493,1307,4,1311,9
2020-10-28,Alameda,001,1643700,24151,226,24377,398
2020-10-28,Alpine,002,1148,6,0,6,0
2020-10-28,Amador,005,37829,363,0,363,16
2020-10-28,Butte,007,227075,3259,66,3325,58
2020-10-28,Calaveras,009,45235,345,0,345,22
2020-10-28,Colusa,011,21464,567,1,568,6
2020-10-28,Contra Costa,013,1133247,19487,94,19581,259
2020-10-28,Del Norte,015,27424,183,0,183,1
2020-10-28,El Dorado,017,186661,1472,14,1486,4
2020-10-28,Fresno,019,978130,33994,499,34493,482
2020-10-28,Glenn,021,27897,697,2,699,3
2020-10-28,Humboldt,023,135768,582,1,583,9
2020-10-28,Imperial,025,180216,13139,19,13158,349
2020-10-28,Inyo,027,18085,248,5,253,16
2020-10-28,Kern,029,883053,34360,447,34807,442
2020-10-28,Kings,031,150075,8798,52,8850,82
2020-10-28,Lake,033,64148,744,0,744,17
2020-10-28,Lassen,035,31185,783,2,785,1
2020-10-28,Los Angeles,037,10098052,307565,2937,310502,7178
2020-10-28,Madera,039,155013,5146,45,5191,104
2020-10-28,Marin,041,260295,1213,8,1221,89
2020-10-28,Mariposa,043,17540,81,0,81,0
2020-10-28,Mendocino,045,87422,1108,5,1113,21
2020-10-28,Merced,047,269075,9737,38,9775,160
2020-10-28,Modoc,049,8938,48,2,50,0
2020-10-28,Mono,051,14174,238,6,244,2
2020-10-28,Monterey,053,433212,11678,67,11745,95
2020-10-28,Napa,055,140530,2135,8,2143,15
2020-10-28,Nevada,057,99092,669,18,687,7
2020-10-28,Orange,059,3164182,61844,1809,63653,1531
2020-10-28,Placer,061,380077,4572,18,4590,59
2020-10-28,Plumas,063,18699,89,0,89,0
2020-10-28,Riverside,065,2383286,69120,461,69581,1353
2020-10-28,Sacramento,067,1510023,26464,35,26499,534
2020-10-28,San Benito,069,59416,1455,1,1456,13
2020-10-28,San Bernardino,071,2135413,65694,485,66179,1253
2020-10-28,San Diego,073,3302833,58200,1649,59849,917
2020-10-28,San Francisco,075,870044,12572,50,12622,161
2020-10-28,San Joaquin,077,732212,22283,228,22511,528
2020-10-28,San Luis Obispo,079,281455,4511,32,4543,34
2020-10-28,San Mateo,081,765935,11577,11,11588,170
2020-10-28,Santa Barbara,083,443738,10036,93,10129,130
2020-10-28,Santa Clara,085,1922200,26095,51,26146,365
2020-10-28,Santa Cruz,087,273765,2989,34,3023,28
2020-10-28,Shasta,089,179085,2443,20,2463,37
2020-10-28,Sierra,091,2930,6,0,6,0
2020-10-28,Siskiyou,093,43540,227,10,237,0
2020-10-28,Solano,095,438530,7766,37,7803,89
2020-10-28,Sonoma,097,501317,9901,28,9929,129
2020-10-28,Stanislaus,099,539301,17998,778,18776,384
2020-10-28,Sutter,101,95872,1906,1,1907,12
2020-10-28,Tehama,103,63373,984,2,986,13
2020-10-28,Trinity,105,12862,93,10,103,0
2020-10-28,Tulare,107,460477,18233,418,18651,300
2020-10-28,Tuolumne,109,53932,304,6,310,5
2020-10-28,Ventura,111,848112,15264,335,15599,174
2020-10-28,Yolo,113,214977,3335,10,3345,65
2020-10-28,Yuba,115,75493,1295,4,1299,9
2020-10-27,Alameda,001,1643700,24036,224,24260,396
2020-10-27,Alpine,002,1148,6,0,6,0
2020-10-27,Amador,005,37829,360,0,360,16
2020-10-27,Butte,007,227075,3243,63,3306,58
2020-10-27,Calaveras,009,45235,343,0,343,22
2020-10-27,Colusa,011,21464,562,1,563,6
2020-10-27,Contra Costa,013,1133247,19381,94,19475,257
2020-10-27,Del Norte,015,27424,180,0,180,1
2020-10-27,El Dorado,017,186661,1459,14,1473,4
2020-10-27,Fresno,019,978130,33876,493,34369,482
2020-10-27,Glenn,021,27897,695,1,696,3
2020-10-27,Humboldt,023,135768,579,1,580,9
2020-10-27,Imperial,025,180216,13090,19,13109,347
2020-10-27,Inyo,027,18085,248,5,253,16
2020-10-27,Kern,029,883053,34243,443,34686,442
2020-10-27,Kings,031,150075,8767,52,8819,82
2020-10-27,Lake,033,64148,741,0,741,16
2020-10-27,Lassen,035,31185,781,2,783,1
2020-10-27,Los Angeles,037,10098052,306177,2908,309085,7165
2020-10-27,Madera,039,155013,5116,44,5160,104
2020-10-27,Marin,041,260295,1212,8,1220,89
2020-10-27,Mariposa,043,17540,80,0,80,0
2020-10-27,Mendocino,045,87422,1102,4,1106,21
2020-10-27,Merced,047,269075,9697,38,9735,160
2020-10-27,Modoc,049,8938,46,2,48,0
2020-10-27,Mono,051,14174,224,6,230,2
2020-10-27,Monterey,053,433212,11622,65,11687,94
2020-10-27,Napa,055,140530,2119,8,2127,15
2020-10-27,Nevada,057,99092,663,18,681,7
2020-10-27,Orange,059,3164182,61574,1793,63367,1529
2020-10-27,Placer,061,380077,4523,16,4539,59
2020-10-27,Plumas,063,18699,86,0,86,0
2020-10-27,Riverside,065,2383286,68767,416,69183,1348
2020-10-27,Sacramento,067,1510023,26277,34,26311,531
2020-10-27,San Benito,069,59416,1450,1,1451,13
2020-10-27,San Bernardino,071,2135413,65232,472,65704,1250
2020-10-27,San Diego,073,3302833,57727,1626,59353,913
2020-10-27,San Francisco,075,870044,12497,49,12546,161
2020-10-27,San Joaquin,077,732212,22192,219,22411,528
2020-10-27,San Luis Obispo,079,281455,4484,28,4512,34
2020-10-27,San Mateo,081,765935,11530,11,11541,170
2020-10-27,Santa Barbara,083,443738,10006,92,10098,130
2020-10-27,Santa Clara,085,1922200,25953,51,26004,365
2020-10-27,Santa Cruz,087,273765,2959,33,2992,28
2020-10-27,Shasta,089,179085,2357,20,2377,37
2020-10-27,Sierra,091,2930,6,0,6,0
2020-10-27,Siskiyou,093,43540,218,10,228,0
2020-10-27,Solano,095,438530,7697,37,7734,88
2020-10-27,Sonoma,097,501317,9834,28,9862,129
2020-10-27,Stanislaus,099,539301,17930,771,18701,384
2020-10-27,Sutter,101,95872,1893,1,1894,12
2020-10-27,Tehama,103,63373,970,2,972,13
2020-10-27,Trinity,105,12862,90,10,100,0
2020-10-27,Tulare,107,460477,18170,395,18565,300
2020-10-27,Tuolumne,109,53932,300,6,306,4
2020-10-27,Ventura,111,848112,15181,328,15509,174
2020-10-27,Yolo,113,214977,3322,10,3332,65
2020-10-27,Yuba,115,75493,1282,4,1286,9
2020-10-26,Alameda,001,1643700,23923,223,24146,396
2020-10-26,Alpine,002,1148,4,0,4,0
2020-10-26,Amador,005,37829,356,0,356,16
2020-10-26,Butte,007,227075,3232,61,3293,58
2020-10-26,Calaveras,009,45235,340,0,340,21
2020-10-26,Colusa,011,21464,560,1,561,6
2020-10-26,Contra Costa,013,1133247,19285,93,19378,257
2020-10-26,Del Norte,015,27424,180,0,180,1
2020-10-26,El Dorado,017,186661,1445,14,1459,4
2020-10-26,Fresno,019,978130,33763,486,34249,481
2020-10-26,Glenn,021,27897,688,1,689,3
2020-10-26,Humboldt,023,135768,571,1,572,9
2020-10-26,Imperial,025,180216,13036,16,13052,346
2020-10-26,Inyo,027,18085,248,5,253,16
2020-10-26,Kern,029,883053,34159,438,34597,441
2020-10-26,Kings,031,150075,8746,50,8796,82
2020-10-26,Lake,033,64148,739,0,739,15
2020-10-26,Lassen,035,31185,778,2,780,1
2020-10-26,Los Angeles,037,10098052,304750,2868,307618,7147
2020-10-26,Madera,039,155013,5095,43,5138,103
2020-10-26,Marin,041,260295,1212,8,1220,89
2020-10-26,Mariposa,043,17540,80,0,80,0
2020-10-26,Mendocino,045,87422,1094,4,1098,21
2020-10-26,Merced,047,269075,9651,37,9688,160
2020-10-26,Modoc,049,8938,44,0,44,0
2020-10-26,Mono,051,14174,218,6,224,2
2020-10-26,Monterey,053,433212,11571,61,11632,91
2020-10-26,Napa,055,140530,2087,8,2095,15
2020-10-26,Nevada,057,99092,656,18,674,7
2020-10-26,Orange,059,3164182,61370,1774,63144,1526
2020-10-26,Placer,061,380077,4481,15,4496,58
2020-10-26,Plumas,063,18699,84,0,84,0
2020-10-26,Riverside,065,2383286,68316,390,68706,1343
2020-10-26,Sacramento,067,1510023,26097,32,26129,528
2020-10-26,San Benito,069,59416,1442,1,1443,13
2020-10-26,San Bernardino,071,2135413,64761,469,65230,1244
2020-10-26,San Diego,073,3302833,57334,1588,58922,911
2020-10-26,San Francisco,075,870044,12437,49,12486,161
2020-10-26,San Joaquin,077,732212,22109,213,22322,528
2020-10-26,San Luis Obispo,079,281455,4458,28,4486,34
2020-10-26,San Mateo,081,765935,11486,11,11497,169
2020-10-26,Santa Barbara,083,443738,9983,92,10075,129
2020-10-26,Santa Clara,085,1922200,25763,50,25813,363
2020-10-26,Santa Cruz,087,273765,2933,33,2966,28
2020-10-26,Shasta,089,179085,2303,20,2323,37
2020-10-26,Sierra,091,2930,6,0,6,0
2020-10-26,Siskiyou,093,43540,210,10,220,0
2020-10-26,Solano,095,438530,7617,37,7654,88
2020-10-26,Sonoma,097,501317,9757,28,9785,129
2020-10-26,Stanislaus,099,539301,17880,761,18641,383
2020-10-26,Sutter,101,95872,1885,1,1886,12
2020-10-26,Tehama,103,63373,950,2,952,13
2020-10-26,Trinity,105,12862,89,10,99,0
2020-10-26,Tulare,107,460477,18093,372,18465,300
2020-10-26,Tuolumne,109,53932,291,6,297,4
2020-10-26,Ventura,111,848112,15112,325,15437,174
2020-10-26,Yolo,113,214977,3303,10,3313,65
2020-10-26,Yuba,115,75493,1266,4,1270,9
2020-10-25,Alameda,001,1643700,23816,223,24039,396
2020-10-25,Alpine,002,1148,3,0,3,0
2020-10-25,Amador,005,37829,345,0,345,16
2020-10-25,Butte,007,227075,3212,61,3273,58
2020-10-25,Calaveras,009,45235,339,0,339,21
2020-10-25,Colusa,011,21464,556,1,557,6
2020-10-25,Contra Costa,013,1133247,19182,93,19275,257
2020-10-25,Del Norte,015,27424,176,0,176,1
2020-10-25,El Dorado,017,186661,1430,14,1444,4
2020-10-25,Fresno,019,978130,33628,473,34101,477
2020-10-25,Glenn,021,27897,685,1,686,3
2020-10-25,Humboldt,023,135768,568,1,569,9
2020-10-25,Imperial,025,180216,12987,16,13003,346
2020-10-25,Inyo,027,18085,245,5,250,16
2020-10-25,Kern,029,883053,34053,434,34487,441
2020-10-25,Kings,031,150075,8713,48,8761,82
2020-10-25,Lake,033,64148,722,0,722,15
2020-10-25,Lassen,035,31185,776,2,778,1
2020-10-25,Los Angeles,037,10098052,303186,2832,306018,7134
2020-10-25,Madera,039,155013,5065,38,5103,103
2020-10-25,Marin,041,260295,1211,8,1219,89
2020-10-25,Mariposa,043,17540,80,0,80,0
2020-10-25,Mendocino,045,87422,1087,4,1091,21
2020-10-25,Merced,047,269075,9581,35,9616,160
2020-10-25,Modoc,049,8938,39,0,39,0
2020-10-25,Mono,051,14174,210,6,216,2
2020-10-25,Monterey,053,433212,11488,56,11544,91
2020-10-25,Napa,055,140530,2057,8,2065,15
2020-10-25,Nevada,057,99092,648,18,666,7
2020-10-25,Orange,059,3164182,61081,1765,62846,1526
2020-10-25,Placer,061,380077,4429,15,4444,58
2020-10-25,Plumas,063,18699,84,0,84,0
2020-10-25,Riverside,065,2383286,67866,374,68240,1340
2020-10-25,Sacramento,067,1510023,25882,30,25912,524
2020-10-25,San Benito,069,59416,1435,1,1436,13
2020-10-25,San Bernardino,071,2135413,64221,457,64678,1240
2020-10-25,San Diego,073,3302833,56871,1556,58427,907
2020-10-25,San Francisco,075,870044,12364,49,12413,161
2020-10-25,San Joaquin,077,732212,22001,204,22205,525
2020-10-25,San Luis Obispo,079,281455,4416,26,4442,34
2020-10-25,San Mateo,081,765935,11441,11,11452,169
2020-10-25,Santa Barbara,083,443738,9964,92,10056,128
2020-10-25,Santa Clara,085,1922200,25575,50,25625,362
2020-10-25,Santa Cruz,087,273765,2906,33,2939,28
2020-10-25,Shasta,089,179085,2239,20,2259,35
2020-10-25,Sierra,091,2930,6,0,6,0
2020-10-25,Siskiyou,093,43540,207,10,217,0
2020-10-25,Solano,095,438530,7539,37,7576,88
2020-10-25,Sonoma,097,501317,9663,27,9690,128
2020-10-25,Stanislaus,099,539301,17823,752,18575,383
2020-10-25,Sutter,101,95872,1867,1,1868,12
2020-10-25,Tehama,103,63373,933,2,935,13
2020-10-25,Trinity,105,12862,85,10,95,0
2020-10-25,Tulare,107,460477,18018,362,18380,300
2020-10-25,Tuolumne,109,53932,286,6,292,4
2020-10-25,Ventura,111,848112,15019,319,15338,173
2020-10-25,Yolo,113,214977,3282,10,3292,65
2020-10-25,Yuba,115,75493,1258,4,1262,9
2020-10-24,Alameda,001,1643700,23745,220,23965,395
2020-10-24,Alpine,002,1148,3,0,3,0
2020-10-24,Amador,005,37829,344,0,344,16
2020-10-24,Butte,007,227075,3203,61,3264,58
2020-10-24,Calaveras,009,45235,337,0,337,21
2020-10-24,Colusa,011,21464,551,1,552,6
2020-10-24,Contra Costa,013,1133247,19116,93,19209,256
2020-10-24,Del Norte,015,27424,175,0,175,1
2020-10-24,El Dorado,017,186661,1414,14,1428,4
2020-10-24,Fresno,019,978130,33567,468,34035,477
2020-10-24,Glenn,021,27897,682,1,683,3
2020-10-24,Humboldt,023,135768,566,1,567,8
2020-10-24,Imperial,025,180216,12960,16,12976,345
2020-10-24,Inyo,027,18085,245,5,250,16
2020-10-24,Kern,029,883053,33995,429,34424,440
2020-10-24,Kings,031,150075,8703,47,8750,82
2020-10-24,Lake,033,64148,717,0,717,14
2020-10-24,Lassen,035,31185,775,2,777,1
2020-10-24,Los Angeles,037,10098052,302366,2810,305176,7117
2020-10-24,Madera,039,155013,5052,37,5089,103
2020-10-24,Marin,041,260295,1210,8,1218,89
2020-10-24,Mariposa,043,17540,80,0,80,0
2020-10-24,Mendocino,045,87422,1075,4,1079,21
2020-10-24,Merced,047,269075,9555,35,9590,160
2020-10-24,Modoc,049,8938,38,0,38,0
2020-10-24,Mono,051,14174,196,6,202,2
2020-10-24,Monterey,053,433212,11419,55,11474,89
2020-10-24,Napa,055,140530,2040,8,2048,15
2020-10-24,Nevada,057,99092,644,18,662,7
2020-10-24,Orange,059,3164182,60926,1755,62681,1522
2020-10-24,Placer,061,380077,4398,15,4413,58
2020-10-24,Plumas,063,18699,78,0,78,0
2020-10-24,Riverside,065,2383286,67658,360,68018,1338
2020-10-24,Sacramento,067,1510023,25801,30,25831,522
2020-10-24,San Benito,069,59416,1430,1,1431,13
2020-10-24,San Bernardino,071,2135413,63982,449,64431,1234
2020-10-24,San Diego,073,3302833,56594,1543,58137,904
2020-10-24,San Francisco,075,870044,12305,48,12353,161
2020-10-24,San Joaquin,077,732212,21948,199,22147,525
2020-10-24,San Luis Obispo,079,281455,4393,25,4418,33
2020-10-24,San Mateo,081,765935,11402,11,11413,169
2020-10-24,Santa Barbara,083,443738,9947,92,10039,128
2020-10-24,Santa Clara,085,1922200,25488,50,25538,361
2020-10-24,Santa Cruz,087,273765,2887,33,2920,28
2020-10-24,Shasta,089,179085,2194,20,2214,35
2020-10-24,Sierra,091,2930,6,0,6,0
2020-10-24,Siskiyou,093,43540,206,10,216,0
2020-10-24,Solano,095,438530,7486,37,7523,88
2020-10-24,Sonoma,097,501317,9629,27,9656,128
2020-10-24,Stanislaus,099,539301,17780,737,18517,383
2020-10-24,Sutter,101,95872,1858,1,1859,12
2020-10-24,Tehama,103,63373,925,2,927,12
2020-10-24,Trinity,105,12862,85,10,95,0
2020-10-24,Tulare,107,460477,17996,350,18346,300
2020-10-24,Tuolumne,109,53932,283,6,289,4
2020-10-24,Ventura,111,848112,14966,318,15284,173
2020-10-24,Yolo,113,214977,3270,10,3280,64
2020-10-24,Yuba,115,75493,1255,4,1259,9
2020-10-23,Alameda,001,1643700,23672,218,23890,394
2020-10-23,Alpine,002,1148,3,0,3,0
2020-10-23,Amador,005,37829,343,0,343,16
2020-10-23,Butte,007,227075,3194,61,3255,58
2020-10-23,Calaveras,009,45235,336,0,336,21
2020-10-23,Colusa,011,21464,551,1,552,6
2020-10-23,Contra Costa,013,1133247,19046,92,19138,256
2020-10-23,Del Norte,015,27424,175,0,175,1
2020-10-23,El Dorado,017,186661,1405,14,1419,4
2020-10-23,Fresno,019,978130,33499,465,33964,477
2020-10-23,Glenn,021,27897,679,1,680,3
2020-10-23,Humboldt,023,135768,564,1,565,8
2020-10-23,Imperial,025,180216,12929,15,12944,344
2020-10-23,Inyo,027,18085,244,5,249,15
2020-10-23,Kern,029,883053,33927,424,34351,440
2020-10-23,Kings,031,150075,8694,47,8741,82
2020-10-23,Lake,033,64148,715,0,715,13
2020-10-23,Lassen,035,31185,774,2,776,1
2020-10-23,Los Angeles,037,10098052,301280,2783,304063,7103
2020-10-23,Madera,039,155013,5047,37,5084,103
2020-10-23,Marin,041,260295,1210,8,1218,89
2020-10-23,Mariposa,043,17540,80,0,80,0
2020-10-23,Mendocino,045,87422,1072,4,1076,21
2020-10-23,Merced,047,269075,9540,35,9575,160
2020-10-23,Modoc,049,8938,38,0,38,0
2020-10-23,Mono,051,14174,194,6,200,2
2020-10-23,Monterey,053,433212,11372,51,11423,88
2020-10-23,Napa,055,140530,2032,8,2040,15
2020-10-23,Nevada,057,99092,641,18,659,7
2020-10-23,Orange,059,3164182,60756,1740,62496,1514
2020-10-23,Placer,061,380077,4351,15,4366,58
2020-10-23,Plumas,063,18699,75,0,75,0
2020-10-23,Riverside,065,2383286,67419,352,67771,1338
2020-10-23,Sacramento,067,1510023,25696,30,25726,519
2020-10-23,San Benito,069,59416,1428,1,1429,13
2020-10-23,San Bernardino,071,2135413,63696,435,64131,1231
2020-10-23,San Diego,073,3302833,56288,1516,57804,901
2020-10-23,San Francisco,075,870044,12274,48,12322,159
2020-10-23,San Joaquin,077,732212,21892,193,22085,525
2020-10-23,San Luis Obispo,079,281455,4368,25,4393,33
2020-10-23,San Mateo,081,765935,11353,11,11364,168
2020-10-23,Santa Barbara,083,443738,9931,92,10023,128
2020-10-23,Santa Clara,085,1922200,25386,50,25436,359
2020-10-23,Santa Cruz,087,273765,2873,33,2906,28
2020-10-23,Shasta,089,179085,2157,19,2176,35
2020-10-23,Sierra,091,2930,6,0,6,0
2020-10-23,Siskiyou,093,43540,202,10,212,0
2020-10-23,Solano,095,438530,7455,37,7492,88
2020-10-23,Sonoma,097,501317,9572,27,9599,127
2020-10-23,Stanislaus,099,539301,17743,730,18473,382
2020-10-23,Sutter,101,95872,1851,1,1852,12
2020-10-23,Tehama,103,63373,916,2,918,11
2020-10-23,Trinity,105,12862,85,10,95,0
2020-10-23,Tulare,107,460477,17951,339,18290,299
2020-10-23,Tuolumne,109,53932,280,6,286,4
2020-10-23,Ventura,111,848112,14937,318,15255,172
2020-10-23,Yolo,113,214977,3258,10,3268,63
2020-10-23,Yuba,115,75493,1251,4,1255,9
2020-10-22,Alameda,001,1643700,23571,218,23789,394
2020-10-22,Alpine,002,1148,3,0,3,0
2020-10-22,Amador,005,37829,339,0,339,16
2020-10-22,Butte,007,227075,3184,59,3243,58
2020-10-22,Calaveras,009,45235,332,0,332,21
2020-10-22,Colusa,011,21464,551,1,552,6
2020-10-22,Contra Costa,013,1133247,18975,92,19067,256
2020-10-22,Del Norte,015,27424,174,0,174,1
2020-10-22,El Dorado,017,186661,1395,14,1409,4
2020-10-22,Fresno,019,978130,33388,457,33845,477
2020-10-22,Glenn,021,27897,672,1,673,3
2020-10-22,Humboldt,023,135768,562,1,563,8
2020-10-22,Imperial,025,180216,12876,15,12891,344
2020-10-22,Inyo,027,18085,241,5,246,15
2020-10-22,Kern,029,883053,33846,421,34267,438
2020-10-22,Kings,031,150075,8443,47,8490,82
2020-10-22,Lake,033,64148,711,0,711,13
2020-10-22,Lassen,035,31185,771,2,773,1
2020-10-22,Los Angeles,037,10098052,299901,2729,302630,7082
2020-10-22,Madera,039,155013,5026,37,5063,103
2020-10-22,Marin,041,260295,1209,8,1217,89
2020-10-22,Mariposa,043,17540,80,0,80,0
2020-10-22,Mendocino,045,87422,1067,4,1071,21
2020-10-22,Merced,047,269075,9504,35,9539,159
2020-10-22,Modoc,049,8938,34,0,34,0
2020-10-22,Mono,051,14174,189,6,195,2
2020-10-22,Monterey,053,433212,11313,48,11361,88
2020-10-22,Napa,055,140530,2017,8,2025,14
2020-10-22,Nevada,057,99092,635,18,653,7
2020-10-22,Orange,059,3164182,60542,1723,62265,1511
2020-10-22,Placer,061,380077,4302,15,4317,58
2020-10-22,Plumas,063,18699,72,0,72,0
2020-10-22,Riverside,065,2383286,67084,334,67418,1336
2020-10-22,Sacramento,067,1510023,25556,30,25586,518
2020-10-22,San Benito,069,59416,1424,1,1425,13
2020-10-22,San Bernardino,071,2135413,63294,420,63714,1225
2020-10-22,San Diego,073,3302833,55901,1497,57398,898
2020-10-22,San Francisco,075,870044,12216,46,12262,159
2020-10-22,San Joaquin,077,732212,21819,187,22006,524
2020-10-22,San Luis Obispo,079,281455,4352,25,4377,32
2020-10-22,San Mateo,081,765935,11297,11,11308,168
2020-10-22,Santa Barbara,083,443738,9898,90,9988,127
2020-10-22,Santa Clara,085,1922200,25232,50,25282,355
2020-10-22,Santa Cruz,087,273765,2855,32,2887,28
2020-10-22,Shasta,089,179085,2111,19,2130,35
2020-10-22,Sierra,091,2930,6,0,6,0
2020-10-22,Siskiyou,093,43540,201,10,211,0
2020-10-22,Solano,095,438530,7409,37,7446,88
2020-10-22,Sonoma,097,501317,9506,26,9532,127
2020-10-22,Stanislaus,099,539301,17690,718,18408,379
2020-10-22,Sutter,101,95872,1837,1,1838,12
2020-10-22,Tehama,103,63373,905,2,907,9
2020-10-22,Trinity,105,12862,84,10,94,0
2020-10-22,Tulare,107,460477,17885,326,18211,299
2020-10-22,Tuolumne,109,53932,277,6,283,4
2020-10-22,Ventura,111,848112,14890,316,15206,172
2020-10-22,Yolo,113,214977,3246,10,3256,63
2020-10-22,Yuba,115,75493,1244,3,1247,9
2020-10-21,Alameda,001,1643700,23483,216,23699,394
2020-10-21,Alpine,002,1148,3,0,3,0
2020-10-21,Amador,005,37829,334,0,334,16
2020-10-21,Butte,007,227075,3172,59,3231,57
2020-10-21,Calaveras,009,45235,331,0,331,21
2020-10-21,Colusa,011,21464,551,1,552,6
2020-10-21,Contra Costa,013,1133247,18901,92,18993,256
2020-10-21,Del Norte,015,27424,174,0,174,1
2020-10-21,El Dorado,017,186661,1383,13,1396,4
2020-10-21,Fresno,019,978130,33289,452,33741,475
2020-10-21,Glenn,021,27897,667,1,668,3
2020-10-21,Humboldt,023,135768,561,1,562,8
2020-10-21,Imperial,025,180216,12819,15,12834,343
2020-10-21,Inyo,027,18085,237,5,242,15
2020-10-21,Kern,029,883053,33771,419,34190,435
2020-10-21,Kings,031,150075,8416,47,8463,82
2020-10-21,Lake,033,64148,710,0,710,13
2020-10-21,Lassen,035,31185,770,2,772,1
2020-10-21,Los Angeles,037,10098052,298560,2687,301247,7068
2020-10-21,Madera,039,155013,5001,37,5038,103
2020-10-21,Marin,041,260295,1209,8,1217,89
2020-10-21,Mariposa,043,17540,80,0,80,0
2020-10-21,Mendocino,045,87422,1065,4,1069,21
2020-10-21,Merced,047,269075,9478,33,9511,159
2020-10-21,Modoc,049,8938,33,0,33,0
2020-10-21,Mono,051,14174,187,6,193,2
2020-10-21,Monterey,053,433212,11275,47,11322,88
2020-10-21,Napa,055,140530,2002,8,2010,14
2020-10-21,Nevada,057,99092,629,18,647,7
2020-10-21,Orange,059,3164182,60330,1714,62044,1505
2020-10-21,Placer,061,380077,4265,15,4280,58
2020-10-21,Plumas,063,18699,69,0,69,0
2020-10-21,Riverside,065,2383286,66788,310,67098,1333
2020-10-21,Sacramento,067,1510023,25362,30,25392,518
2020-10-21,San Benito,069,59416,1423,1,1424,13
2020-10-21,San Bernardino,071,2135413,62884,413,63297,1220
2020-10-21,San Diego,073,3302833,55549,1469,57018,896
2020-10-21,San Francisco,075,870044,12167,45,12212,159
2020-10-21,San Joaquin,077,732212,21743,181,21924,524
2020-10-21,San Luis Obispo,079,281455,4325,23,4348,32
2020-10-21,San Mateo,081,765935,11248,11,11259,168
2020-10-21,Santa Barbara,083,443738,9881,89,9970,127
2020-10-21,Santa Clara,085,1922200,25105,50,25155,353
2020-10-21,Santa Cruz,087,273765,2832,32,2864,28
2020-10-21,Shasta,089,179085,2075,19,2094,35
2020-10-21,Sierra,091,2930,6,0,6,0
2020-10-21,Siskiyou,093,43540,197,10,207,0
2020-10-21,Solano,095,438530,7363,37,7400,87
2020-10-21,Sonoma,097,501317,9426,26,9452,126
2020-10-21,Stanislaus,099,539301,17641,710,18351,378
2020-10-21,Sutter,101,95872,1823,1,1824,12
2020-10-21,Tehama,103,63373,889,2,891,9
2020-10-21,Trinity,105,12862,78,9,87,0
2020-10-21,Tulare,107,460477,17847,312,18159,299
2020-10-21,Tuolumne,109,53932,276,6,282,4
2020-10-21,Ventura,111,848112,14827,313,15140,172
2020-10-21,Yolo,113,214977,3227,10,3237,63
2020-10-21,Yuba,115,75493,1236,3,1239,9
2020-10-20,Alameda,001,1643700,23381,212,23593,393
2020-10-20,Alpine,002,1148,3,0,3,0
2020-10-20,Amador,005,37829,333,0,333,16
2020-10-20,Butte,007,227075,3160,59,3219,57
2020-10-20,Calaveras,009,45235,329,0,329,21
2020-10-20,Colusa,011,21464,548,1,549,6
2020-10-20,Contra Costa,013,1133247,18808,92,18900,256
2020-10-20,Del Norte,015,27424,173,0,173,1
2020-10-20,El Dorado,017,186661,1377,13,1390,4
2020-10-20,Fresno,019,978130,33186,446,33632,473
2020-10-20,Glenn,021,27897,662,1,663,3
2020-10-20,Humboldt,023,135768,557,1,558,8
2020-10-20,Imperial,025,180216,12751,15,12766,343
2020-10-20,Inyo,027,18085,237,5,242,15
2020-10-20,Kern,029,883053,33696,406,34102,434
2020-10-20,Kings,031,150075,8398,46,8444,82
2020-10-20,Lake,033,64148,708,0,708,13
2020-10-20,Lassen,035,31185,769,2,771,1
2020-10-20,Los Angeles,037,10098052,297065,2639,299704,7054
2020-10-20,Madera,039,155013,4984,37,5021,103
2020-10-20,Marin,041,260295,1208,8,1216,88
2020-10-20,Mariposa,043,17540,79,0,79,0
2020-10-20,Mendocino,045,87422,1063,4,1067,21
2020-10-20,Merced,047,269075,9456,33,9489,159
2020-10-20,Modoc,049,8938,32,0,32,0
2020-10-20,Mono,051,14174,187,6,193,2
2020-10-20,Monterey,053,433212,11232,44,11276,87
2020-10-20,Napa,055,140530,1983,8,1991,14
2020-10-20,Nevada,057,99092,619,18,637,7
2020-10-20,Orange,059,3164182,60066,1704,61770,1501
2020-10-20,Placer,061,380077,4227,15,4242,57
2020-10-20,Plumas,063,18699,66,0,66,0
2020-10-20,Riverside,065,2383286,66409,298,66707,1329
2020-10-20,Sacramento,067,1510023,25234,29,25263,518
2020-10-20,San Benito,069,59416,1420,1,1421,13
2020-10-20,San Bernardino,071,2135413,62500,411,62911,1217
2020-10-20,San Diego,073,3302833,55213,1449,56662,896
2020-10-20,San Francisco,075,870044,12120,44,12164,159
2020-10-20,San Joaquin,077,732212,21664,172,21836,524
2020-10-20,San Luis Obispo,079,281455,4307,22,4329,32
2020-10-20,San Mateo,081,765935,11201,11,11212,167
2020-10-20,Santa Barbara,083,443738,9852,87,9939,126
2020-10-20,Santa Clara,085,1922200,24967,50,25017,349
2020-10-20,Santa Cruz,087,273765,2809,32,2841,28
2020-10-20,Shasta,089,179085,2052,19,2071,34
2020-10-20,Sierra,091,2930,6,0,6,0
2020-10-20,Siskiyou,093,43540,189,10,199,0
2020-10-20,Solano,095,438530,7314,37,7351,87
2020-10-20,Sonoma,097,501317,9363,24,9387,125
2020-10-20,Stanislaus,099,539301,17588,706,18294,378
2020-10-20,Sutter,101,95872,1814,1,1815,12
2020-10-20,Tehama,103,63373,874,2,876,9
2020-10-20,Trinity,105,12862,77,9,86,0
2020-10-20,Tulare,107,460477,17780,307,18087,298
2020-10-20,Tuolumne,109,53932,274,6,280,4
2020-10-20,Ventura,111,848112,14763,311,15074,172
2020-10-20,Yolo,113,214977,3204,10,3214,62
2020-10-20,Yuba,115,75493,1226,3,1229,9
2020-10-19,Alameda,001,1643700,23271,211,23482,393
2020-10-19,Alpine,002,1148,3,0,3,0
2020-10-19,Amador,005,37829,327,0,327,16
2020-10-19,Butte,007,227075,3149,59,3208,56
2020-10-19,Calaveras,009,45235,329,0,329,20
2020-10-19,Colusa,011,21464,548,1,549,6
2020-10-19,Contra Costa,013,1133247,18710,92,18802,253
2020-10-19,Del Norte,015,27424,170,0,170,1
2020-10-19,El Dorado,017,186661,1356,13,1369,4
2020-10-19,Fresno,019,978130,33075,440,33515,473
2020-10-19,Glenn,021,27897,657,0,657,3
2020-10-19,Humboldt,023,135768,557,1,558,8
2020-10-19,Imperial,025,180216,12697,14,12711,342
2020-10-19,Inyo,027,18085,236,5,241,15
2020-10-19,Kern,029,883053,33620,403,34023,433
2020-10-19,Kings,031,150075,8380,46,8426,82
2020-10-19,Lake,033,64148,705,0,705,13
2020-10-19,Lassen,035,31185,768,2,770,1
2020-10-19,Los Angeles,037,10098052,295580,2602,298182,7040
2020-10-19,Madera,039,155013,4969,37,5006,103
2020-10-19,Marin,041,260295,1207,8,1215,88
2020-10-19,Mariposa,043,17540,79,0,79,0
2020-10-19,Mendocino,045,87422,1058,4,1062,21
2020-10-19,Merced,047,269075,9431,30,9461,158
2020-10-19,Modoc,049,8938,31,0,31,0
2020-10-19,Mono,051,14174,182,6,188,2
2020-10-19,Monterey,053,433212,11171,44,11215,86
2020-10-19,Napa,055,140530,1971,8,1979,14
2020-10-19,Nevada,057,99092,616,18,634,6
2020-10-19,Orange,059,3164182,59782,1689,61471,1498
2020-10-19,Placer,061,380077,4179,15,4194,57
2020-10-19,Plumas,063,18699,64,0,64,0
2020-10-19,Riverside,065,2383286,65978,282,66260,1328
2020-10-19,Sacramento,067,1510023,25095,29,25124,515
2020-10-19,San Benito,069,59416,1413,1,1414,13
2020-10-19,San Bernardino,071,2135413,62048,399,62447,1215
2020-10-19,San Diego,073,3302833,54827,1424,56251,893
2020-10-19,San Francisco,075,870044,12076,44,12120,158
2020-10-19,San Joaquin,077,732212,21589,164,21753,524
2020-10-19,San Luis Obispo,079,281455,4291,22,4313,32
2020-10-19,San Mateo,081,765935,11155,11,11166,167
2020-10-19,Santa Barbara,083,443738,9816,87,9903,126
2020-10-19,Santa Clara,085,1922200,24817,50,24867,349
2020-10-19,Santa Cruz,087,273765,2792,32,2824,27
2020-10-19,Shasta,089,179085,2008,18,2026,34
2020-10-19,Sierra,091,2930,6,0,6,0
2020-10-19,Siskiyou,093,43540,182,10,192,0
2020-10-19,Solano,095,438530,7273,37,7310,86
2020-10-19,Sonoma,097,501317,9276,24,9300,124
2020-10-19,Stanislaus,099,539301,17537,696,18233,378
2020-10-19,Sutter,101,95872,1809,1,1810,12
2020-10-19,Tehama,103,63373,871,2,873,9
2020-10-19,Trinity,105,12862,75,9,84,0
2020-10-19,Tulare,107,460477,17730,300,18030,295
2020-10-19,Tuolumne,109,53932,272,6,278,4
2020-10-19,Ventura,111,848112,14698,308,15006,171
2020-10-19,Yolo,113,214977,3191,10,3201,62
2020-10-19,Yuba,115,75493,1219,3,1222,9
2020-10-18,Alameda,001,1643700,23167,210,23377,392
2020-10-18,Alpine,002,1148,3,0,3,0
2020-10-18,Amador,005,37829,316,0,316,16
2020-10-18,Butte,007,227075,3136,59,3195,56
2020-10-18,Calaveras,009,45235,328,0,328,20
2020-10-18,Colusa,011,21464,546,1,547,6
2020-10-18,Contra Costa,013,1133247,18612,92,18704,252
2020-10-18,Del Norte,015,27424,170,0,170,1
2020-10-18,El Dorado,017,186661,1347,13,1360,4
2020-10-18,Fresno,019,978130,32945,432,33377,471
2020-10-18,Glenn,021,27897,655,0,655,3
2020-10-18,Humboldt,023,135768,554,1,555,8
2020-10-18,Imperial,025,180216,12634,13,12647,341
2020-10-18,Inyo,027,18085,233,5,238,15
2020-10-18,Kern,029,883053,33547,396,33943,433
2020-10-18,Kings,031,150075,8365,46,8411,82
2020-10-18,Lake,033,64148,698,0,698,13
2020-10-18,Lassen,035,31185,768,2,770,1
2020-10-18,Los Angeles,037,10098052,293869,2561,296430,7023
2020-10-18,Madera,039,155013,4944,37,4981,103
2020-10-18,Marin,041,260295,1206,8,1214,88
2020-10-18,Mariposa,043,17540,79,0,79,0
2020-10-18,Mendocino,045,87422,1056,4,1060,21
2020-10-18,Merced,047,269075,9396,30,9426,158
2020-10-18,Modoc,049,8938,30,0,30,0
2020-10-18,Mono,051,14174,177,6,183,2
2020-10-18,Monterey,053,433212,11118,44,11162,84
2020-10-18,Napa,055,140530,1958,8,1966,14
2020-10-18,Nevada,057,99092,610,18,628,6
2020-10-18,Orange,059,3164182,59485,1672,61157,1495
2020-10-18,Placer,061,380077,4131,15,4146,57
2020-10-18,Plumas,063,18699,62,0,62,0
2020-10-18,Riverside,065,2383286,65665,261,65926,1326
2020-10-18,Sacramento,067,1510023,24940,29,24969,511
2020-10-18,San Benito,069,59416,1406,1,1407,13
2020-10-18,San Bernardino,071,2135413,61549,391,61940,1214
2020-10-18,San Diego,073,3302833,54438,1403,55841,886
2020-10-18,San Francisco,075,870044,12037,44,12081,156
2020-10-18,San Joaquin,077,732212,21506,151,21657,523
2020-10-18,San Luis Obispo,079,281455,4260,20,4280,32
2020-10-18,San Mateo,081,765935,11096,11,11107,167
2020-10-18,Santa Barbara,083,443738,9776,86,9862,126
2020-10-18,Santa Clara,085,1922200,24644,50,24694,347
2020-10-18,Santa Cruz,087,273765,2778,32,2810,26
2020-10-18,Shasta,089,179085,1983,18,2001,34
2020-10-18,Sierra,091,2930,6,0,6,0
2020-10-18,Siskiyou,093,43540,182,10,192,0
2020-10-18,Solano,095,438530,7226,37,7263,85
2020-10-18,Sonoma,097,501317,9199,23,9222,123
2020-10-18,Stanislaus,099,539301,17480,687,18167,376
2020-10-18,Sutter,101,95872,1800,1,1801,12
2020-10-18,Tehama,103,63373,839,2,841,8
2020-10-18,Trinity,105,12862,75,9,84,0
2020-10-18,Tulare,107,460477,17636,291,17927,294
2020-10-18,Tuolumne,109,53932,266,6,272,4
2020-10-18,Ventura,111,848112,14618,307,14925,170
2020-10-18,Yolo,113,214977,3152,10,3162,62
2020-10-18,Yuba,115,75493,1208,3,1211,9
2020-10-17,Alameda,001,1643700,23122,208,23330,392
2020-10-17,Alpine,002,1148,3,0,3,0
2020-10-17,Amador,005,37829,314,0,314,16
2020-10-17,Butte,007,227075,3129,57,3186,56
2020-10-17,Calaveras,009,45235,328,0,328,20
2020-10-17,Colusa,011,21464,545,1,546,6
2020-10-17,Contra Costa,013,1133247,18559,92,18651,251
2020-10-17,Del Norte,015,27424,170,0,170,1
2020-10-17,El Dorado,017,186661,1343,13,1356,4
2020-10-17,Fresno,019,978130,32890,430,33320,470
2020-10-17,Glenn,021,27897,652,0,652,3
2020-10-17,Humboldt,023,135768,551,1,552,8
2020-10-17,Imperial,025,180216,12606,13,12619,341
2020-10-17,Inyo,027,18085,228,5,233,15
2020-10-17,Kern,029,883053,33496,393,33889,431
2020-10-17,Kings,031,150075,8359,45,8404,82
2020-10-17,Lake,033,64148,695,0,695,13
2020-10-17,Lassen,035,31185,768,2,770,1
2020-10-17,Los Angeles,037,10098052,293115,2534,295649,7014
2020-10-17,Madera,039,155013,4938,37,4975,102
2020-10-17,Marin,041,260295,1206,8,1214,88
2020-10-17,Mariposa,043,17540,78,0,78,0
2020-10-17,Mendocino,045,87422,1049,4,1053,21
2020-10-17,Merced,047,269075,9383,30,9413,158
2020-10-17,Modoc,049,8938,30,0,30,0
2020-10-17,Mono,051,14174,176,6,182,2
2020-10-17,Monterey,053,433212,11079,43,11122,83
2020-10-17,Napa,055,140530,1949,8,1957,14
2020-10-17,Nevada,057,99092,609,18,627,6
2020-10-17,Orange,059,3164182,59343,1666,61009,1494
2020-10-17,Placer,061,380077,4104,15,4119,57
2020-10-17,Plumas,063,18699,62,0,62,0
2020-10-17,Riverside,065,2383286,65468,252,65720,1323
2020-10-17,Sacramento,067,1510023,24857,29,24886,509
2020-10-17,San Benito,069,59416,1402,1,1403,13
2020-10-17,San Bernardino,071,2135413,61276,384,61660,1212
2020-10-17,San Diego,073,3302833,54213,1392,55605,882
2020-10-17,San Francisco,075,870044,12010,43,12053,155
2020-10-17,San Joaquin,077,732212,21452,145,21597,520
2020-10-17,San Luis Obispo,079,281455,4245,20,4265,32
2020-10-17,San Mateo,081,765935,11068,11,11079,167
2020-10-17,Santa Barbara,083,443738,9757,84,9841,126
2020-10-17,Santa Clara,085,1922200,24554,50,24604,345
2020-10-17,Santa Cruz,087,273765,2764,32,2796,26
2020-10-17,Shasta,089,179085,1957,18,1975,34
2020-10-17,Sierra,091,2930,6,0,6,0
2020-10-17,Siskiyou,093,43540,181,10,191,0
2020-10-17,Solano,095,438530,7199,37,7236,85
2020-10-17,Sonoma,097,501317,9156,23,9179,123
2020-10-17,Stanislaus,099,539301,17439,678,18117,376
2020-10-17,Sutter,101,95872,1798,1,1799,12
2020-10-17,Tehama,103,63373,823,2,825,8
2020-10-17,Trinity,105,12862,75,9,84,0
2020-10-17,Tulare,107,460477,17606,282,17888,293
2020-10-17,Tuolumne,109,53932,266,6,272,4
2020-10-17,Ventura,111,848112,14573,304,14877,170
2020-10-17,Yolo,113,214977,3137,9,3146,61
2020-10-17,Yuba,115,75493,1203,3,1206,9
2020-10-16,Alameda,001,1643700,23068,208,23276,392
2020-10-16,Alpine,002,1148,3,0,3,0
2020-10-16,Amador,005,37829,314,0,314,16
2020-10-16,Butte,007,227075,3117,57,3174,56
2020-10-16,Calaveras,009,45235,328,0,328,20
2020-10-16,Colusa,011,21464,544,1,545,6
2020-10-16,Contra Costa,013,1133247,18507,92,18599,251
2020-10-16,Del Norte,015,27424,169,0,169,1
2020-10-16,El Dorado,017,186661,1337,13,1350,4
2020-10-16,Fresno,019,978130,32815,429,33244,469
2020-10-16,Glenn,021,27897,647,0,647,3
2020-10-16,Humboldt,023,135768,551,1,552,8
2020-10-16,Imperial,025,180216,12566,13,12579,341
2020-10-16,Inyo,027,18085,224,5,229,15
2020-10-16,Kern,029,883053,33453,391,33844,431
2020-10-16,Kings,031,150075,8350,44,8394,82
2020-10-16,Lake,033,64148,693,0,693,13
2020-10-16,Lassen,035,31185,768,2,770,1
2020-10-16,Los Angeles,037,10098052,292051,2513,294564,7002
2020-10-16,Madera,039,155013,4926,36,4962,101
2020-10-16,Marin,041,260295,1206,8,1214,88
2020-10-16,Mariposa,043,17540,78,0,78,0
2020-10-16,Mendocino,045,87422,1042,4,1046,21
2020-10-16,Merced,047,269075,9366,30,9396,158
2020-10-16,Modoc,049,8938,30,0,30,0
2020-10-16,Mono,051,14174,174,6,180,2
2020-10-16,Monterey,053,433212,11044,43,11087,81
2020-10-16,Napa,055,140530,1940,8,1948,14
2020-10-16,Nevada,057,99092,607,18,625,6
2020-10-16,Orange,059,3164182,59164,1660,60824,1492
2020-10-16,Placer,061,380077,4083,15,4098,57
2020-10-16,Plumas,063,18699,61,0,61,0
2020-10-16,Riverside,065,2383286,65242,251,65493,1322
2020-10-16,Sacramento,067,1510023,24762,29,24791,507
2020-10-16,San Benito,069,59416,1399,1,1400,13
2020-10-16,San Bernardino,071,2135413,61006,384,61390,1209
2020-10-16,San Diego,073,3302833,53971,1378,55349,879
2020-10-16,San Francisco,075,870044,11987,42,12029,155
2020-10-16,San Joaquin,077,732212,21407,144,21551,520
2020-10-16,San Luis Obispo,079,281455,4229,20,4249,32
2020-10-16,San Mateo,081,765935,11042,11,11053,166
2020-10-16,Santa Barbara,083,443738,9738,84,9822,126
2020-10-16,Santa Clara,085,1922200,24466,50,24516,345
2020-10-16,Santa Cruz,087,273765,2751,32,2783,25
2020-10-16,Shasta,089,179085,1935,18,1953,34
2020-10-16,Sierra,091,2930,6,0,6,0
2020-10-16,Siskiyou,093,43540,179,10,189,0
2020-10-16,Solano,095,438530,7176,37,7213,84
2020-10-16,Sonoma,097,501317,9100,23,9123,120
2020-10-16,Stanislaus,099,539301,17405,670,18075,376
2020-10-16,Sutter,101,95872,1790,1,1791,12
2020-10-16,Tehama,103,63373,822,2,824,8
2020-10-16,Trinity,105,12862,75,9,84,0
2020-10-16,Tulare,107,460477,17574,274,17848,293
2020-10-16,Tuolumne,109,53932,264,6,270,4
2020-10-16,Ventura,111,848112,14530,299,14829,168
2020-10-16,Yolo,113,214977,3128,9,3137,61
2020-10-16,Yuba,115,75493,1203,3,1206,9
2020-10-15,Alameda,001,1643700,23000,207,23207,392
2020-10-15,Alpine,002,1148,3,0,3,0
2020-10-15,Amador,005,37829,314,0,314,16
2020-10-15,Butte,007,227075,3105,56,3161,56
2020-10-15,Calaveras,009,45235,327,0,327,20
2020-10-15,Colusa,011,21464,543,1,544,6
2020-10-15,Contra Costa,013,1133247,18439,91,18530,250
2020-10-15,Del Norte,015,27424,169,0,169,1
2020-10-15,El Dorado,017,186661,1332,13,1345,4
2020-10-15,Fresno,019,978130,32715,426,33141,467
2020-10-15,Glenn,021,27897,642,0,642,3
2020-10-15,Humboldt,023,135768,547,1,548,8
2020-10-15,Imperial,025,180216,12525,12,12537,341
2020-10-15,Inyo,027,18085,224,5,229,15
2020-10-15,Kern,029,883053,33372,388,33760,431
2020-10-15,Kings,031,150075,8335,44,8379,82
2020-10-15,Lake,033,64148,691,0,691,13
2020-10-15,Lassen,035,31185,767,2,769,1
2020-10-15,Los Angeles,037,10098052,290766,2480,293246,6981
2020-10-15,Madera,039,155013,4913,35,4948,101
2020-10-15,Marin,041,260295,1206,8,1214,88
2020-10-15,Mariposa,043,17540,78,0,78,0
2020-10-15,Mendocino,045,87422,1036,4,1040,21
2020-10-15,Merced,047,269075,9340,29,9369,158
2020-10-15,Modoc,049,8938,30,0,30,0
2020-10-15,Mono,051,14174,174,6,180,2
2020-10-15,Monterey,053,433212,10977,42,11019,81
2020-10-15,Napa,055,140530,1927,8,1935,14
2020-10-15,Nevada,057,99092,603,18,621,6
2020-10-15,Orange,059,3164182,58948,1648,60596,1491
2020-10-15,Placer,061,380077,4054,15,4069,57
2020-10-15,Plumas,063,18699,58,0,58,0
2020-10-15,Riverside,065,2383286,64910,248,65158,1321
2020-10-15,Sacramento,067,1510023,24646,29,24675,503
2020-10-15,San Benito,069,59416,1396,1,1397,12
2020-10-15,San Bernardino,071,2135413,60667,381,61048,1205
2020-10-15,San Diego,073,3302833,53687,1362,55049,876
2020-10-15,San Francisco,075,870044,11959,39,11998,155
2020-10-15,San Joaquin,077,732212,21336,138,21474,520
2020-10-15,San Luis Obispo,079,281455,4213,20,4233,32
2020-10-15,San Mateo,081,765935,11002,11,11013,165
2020-10-15,Santa Barbara,083,443738,9714,83,9797,125
2020-10-15,Santa Clara,085,1922200,24350,50,24400,345
2020-10-15,Santa Cruz,087,273765,2737,32,2769,25
2020-10-15,Shasta,089,179085,1924,18,1942,34
2020-10-15,Sierra,091,2930,6,0,6,0
2020-10-15,Siskiyou,093,43540,175,10,185,0
2020-10-15,Solano,095,438530,7137,37,7174,84
2020-10-15,Sonoma,097,501317,9008,23,9031,120
2020-10-15,Stanislaus,099,539301,17367,656,18023,376
2020-10-15,Sutter,101,95872,1787,1,1788,12
2020-10-15,Tehama,103,63373,795,2,797,8
2020-10-15,Trinity,105,12862,75,9,84,0
2020-10-15,Tulare,107,460477,17514,259,17773,292
2020-10-15,Tuolumne,109,53932,262,6,268,4
2020-10-15,Ventura,111,848112,14474,294,14768,168
2020-10-15,Yolo,113,214977,3108,9,3117,60
2020-10-15,Yuba,115,75493,1196,3,1199,9
2020-10-14,Alameda,001,1643700,22901,206,23107,391
2020-10-14,Alpine,002,1148,3,0,3,0
2020-10-14,Amador,005,37829,312,0,312,16
2020-10-14,Butte,007,227075,3097,56,3153,56
2020-10-14,Calaveras,009,45235,327,0,327,20
2020-10-14,Colusa,011,21464,543,1,544,6
2020-10-14,Contra Costa,013,1133247,18381,89,18470,250
2020-10-14,Del Norte,015,27424,168,0,168,1
2020-10-14,El Dorado,017,186661,1326,12,1338,4
2020-10-14,Fresno,019,978130,32602,420,33022,466
2020-10-14,Glenn,021,27897,641,0,641,3
2020-10-14,Humboldt,023,135768,544,1,545,7
2020-10-14,Imperial,025,180216,12488,10,12498,341
2020-10-14,Inyo,027,18085,223,4,227,15
2020-10-14,Kern,029,883053,33297,386,33683,431
2020-10-14,Kings,031,150075,8317,44,8361,82
2020-10-14,Lake,033,64148,690,0,690,13
2020-10-14,Lassen,035,31185,765,2,767,1
2020-10-14,Los Angeles,037,10098052,289451,2437,291888,6967
2020-10-14,Madera,039,155013,4898,33,4931,101
2020-10-14,Marin,041,260295,1206,8,1214,88
2020-10-14,Mariposa,043,17540,77,0,77,0
2020-10-14,Mendocino,045,87422,1030,4,1034,21
2020-10-14,Merced,047,269075,9323,28,9351,157
2020-10-14,Modoc,049,8938,30,0,30,0
2020-10-14,Mono,051,14174,174,6,180,2
2020-10-14,Monterey,053,433212,10927,42,10969,80
2020-10-14,Napa,055,140530,1910,8,1918,14
2020-10-14,Nevada,057,99092,601,18,619,6
2020-10-14,Orange,059,3164182,58735,1639,60374,1488
2020-10-14,Placer,061,380077,4031,15,4046,57
2020-10-14,Plumas,063,18699,54,0,54,0
2020-10-14,Riverside,065,2383286,64627,247,64874,1317
2020-10-14,Sacramento,067,1510023,24502,29,24531,502
2020-10-14,San Benito,069,59416,1394,0,1394,12
2020-10-14,San Bernardino,071,2135413,60341,377,60718,1202
2020-10-14,San Diego,073,3302833,53368,1338,54706,873
2020-10-14,San Francisco,075,870044,11927,38,11965,155
2020-10-14,San Joaquin,077,732212,21257,124,21381,520
2020-10-14,San Luis Obispo,079,281455,4190,19,4209,32
2020-10-14,San Mateo,081,765935,10951,11,10962,164
2020-10-14,Santa Barbara,083,443738,9680,83,9763,123
2020-10-14,Santa Clara,085,1922200,24201,50,24251,343
2020-10-14,Santa Cruz,087,273765,2727,32,2759,24
2020-10-14,Shasta,089,179085,1886,18,1904,34
2020-10-14,Sierra,091,2930,6,0,6,0
2020-10-14,Siskiyou,093,43540,175,10,185,0
2020-10-14,Solano,095,438530,7081,37,7118,84
2020-10-14,Sonoma,097,501317,8955,23,8978,119
2020-10-14,Stanislaus,099,539301,17322,653,17975,376
2020-10-14,Sutter,101,95872,1778,1,1779,12
2020-10-14,Tehama,103,63373,784,2,786,8
2020-10-14,Trinity,105,12862,74,9,83,0
2020-10-14,Tulare,107,460477,17451,246,17697,291
2020-10-14,Tuolumne,109,53932,261,6,267,4
2020-10-14,Ventura,111,848112,14420,290,14710,168
2020-10-14,Yolo,113,214977,3090,8,3098,60
2020-10-14,Yuba,115,75493,1188,3,1191,9
2020-10-13,Alameda,001,1643700,22797,204,23001,390
2020-10-13,Alpine,002,1148,3,0,3,0
2020-10-13,Amador,005,37829,310,0,310,16
2020-10-13,Butte,007,227075,3089,56,3145,55
2020-10-13,Calaveras,009,45235,323,0,323,20
2020-10-13,Colusa,011,21464,543,1,544,6
2020-10-13,Contra Costa,013,1133247,18324,89,18413,249
2020-10-13,Del Norte,015,27424,168,0,168,1
2020-10-13,El Dorado,017,186661,1317,12,1329,4
2020-10-13,Fresno,019,978130,32480,416,32896,465
2020-10-13,Glenn,021,27897,640,0,640,3
2020-10-13,Humboldt,023,135768,542,1,543,7
2020-10-13,Imperial,025,180216,12452,10,12462,341
2020-10-13,Inyo,027,18085,220,4,224,15
2020-10-13,Kern,029,883053,33223,384,33607,431
2020-10-13,Kings,031,150075,8308,44,8352,82
2020-10-13,Lake,033,64148,687,0,687,13
2020-10-13,Lassen,035,31185,763,2,765,1
2020-10-13,Los Angeles,037,10098052,288170,2397,290567,6950
2020-10-13,Madera,039,155013,4879,33,4912,100
2020-10-13,Marin,041,260295,1206,8,1214,88
2020-10-13,Mariposa,043,17540,77,0,77,0
2020-10-13,Mendocino,045,87422,1021,4,1025,21
2020-10-13,Merced,047,269075,9309,28,9337,157
2020-10-13,Modoc,049,8938,29,0,29,0
2020-10-13,Mono,051,14174,174,5,179,2
2020-10-13,Monterey,053,433212,10866,41,10907,80
2020-10-13,Napa,055,140530,1901,8,1909,14
2020-10-13,Nevada,057,99092,594,18,612,6
2020-10-13,Orange,059,3164182,58522,1626,60148,1483
2020-10-13,Placer,061,380077,3993,15,4008,57
2020-10-13,Plumas,063,18699,52,0,52,0
2020-10-13,Riverside,065,2383286,64308,245,64553,1315
2020-10-13,Sacramento,067,1510023,24425,29,24454,498
2020-10-13,San Benito,069,59416,1386,0,1386,12
2020-10-13,San Bernardino,071,2135413,60003,375,60378,1198
2020-10-13,San Diego,073,3302833,53075,1321,54396,872
2020-10-13,San Francisco,075,870044,11890,38,11928,154
2020-10-13,San Joaquin,077,732212,21195,120,21315,519
2020-10-13,San Luis Obispo,079,281455,4173,18,4191,32
2020-10-13,San Mateo,081,765935,10908,11,10919,164
2020-10-13,Santa Barbara,083,443738,9648,83,9731,121
2020-10-13,Santa Clara,085,1922200,24073,50,24123,342
2020-10-13,Santa Cruz,087,273765,2709,32,2741,24
2020-10-13,Shasta,089,179085,1862,18,1880,34
2020-10-13,Sierra,091,2930,6,0,6,0
2020-10-13,Siskiyou,093,43540,174,10,184,0
2020-10-13,Solano,095,438530,7046,37,7083,84
2020-10-13,Sonoma,097,501317,8872,23,8895,119
2020-10-13,Stanislaus,099,539301,17277,648,17925,375
2020-10-13,Sutter,101,95872,1769,1,1770,12
2020-10-13,Tehama,103,63373,777,2,779,8
2020-10-13,Trinity,105,12862,70,8,78,0
2020-10-13,Tulare,107,460477,17394,238,17632,291
2020-10-13,Tuolumne,109,53932,259,6,265,4
2020-10-13,Ventura,111,848112,14366,286,14652,167
2020-10-13,Yolo,113,214977,3082,7,3089,60
2020-10-13,Yuba,115,75493,1183,3,1186,9
2020-10-12,Alameda,001,1643700,22718,203,22921,389
2020-10-12,Alpine,002,1148,3,0,3,0
2020-10-12,Amador,005,37829,309,0,309,16
2020-10-12,Butte,007,227075,3082,56,3138,54
2020-10-12,Calaveras,009,45235,323,0,323,20
2020-10-12,Colusa,011,21464,543,1,544,6
2020-10-12,Contra Costa,013,1133247,18250,89,18339,249
2020-10-12,Del Norte,015,27424,168,0,168,1
2020-10-12,El Dorado,017,186661,1314,12,1326,4
2020-10-12,Fresno,019,978130,32348,412,32760,463
2020-10-12,Glenn,021,27897,639,0,639,3
2020-10-12,Humboldt,023,135768,539,1,540,7
2020-10-12,Imperial,025,180216,12414,10,12424,341
2020-10-12,Inyo,027,18085,217,4,221,15
2020-10-12,Kern,029,883053,33130,380,33510,428
2020-10-12,Kings,031,150075,8302,44,8346,81
2020-10-12,Lake,033,64148,681,0,681,13
2020-10-12,Lassen,035,31185,763,2,765,1
2020-10-12,Los Angeles,037,10098052,286950,2370,289320,6930
2020-10-12,Madera,039,155013,4859,33,4892,99
2020-10-12,Marin,041,260295,1204,8,1212,88
2020-10-12,Mariposa,043,17540,77,0,77,0
2020-10-12,Mendocino,045,87422,1015,4,1019,21
2020-10-12,Merced,047,269075,9286,28,9314,156
2020-10-12,Modoc,049,8938,29,0,29,0
2020-10-12,Mono,051,14174,174,5,179,2
2020-10-12,Monterey,053,433212,10800,41,10841,79
2020-10-12,Napa,055,140530,1893,8,1901,14
2020-10-12,Nevada,057,99092,590,18,608,6
2020-10-12,Orange,059,3164182,58293,1616,59909,1483
2020-10-12,Placer,061,380077,3961,14,3975,57
2020-10-12,Plumas,063,18699,52,0,52,0
2020-10-12,Riverside,065,2383286,63997,241,64238,1311
2020-10-12,Sacramento,067,1510023,24320,29,24349,496
2020-10-12,San Benito,069,59416,1383,0,1383,12
2020-10-12,San Bernardino,071,2135413,59627,374,60001,1192
2020-10-12,San Diego,073,3302833,52785,1294,54079,872
2020-10-12,San Francisco,075,870044,11858,38,11896,154
2020-10-12,San Joaquin,077,732212,21132,114,21246,518
2020-10-12,San Luis Obispo,079,281455,4146,18,4164,32
2020-10-12,San Mateo,081,765935,10860,11,10871,163
2020-10-12,Santa Barbara,083,443738,9609,83,9692,121
2020-10-12,Santa Clara,085,1922200,23957,50,24007,342
2020-10-12,Santa Cruz,087,273765,2692,32,2724,24
2020-10-12,Shasta,089,179085,1837,18,1855,33
2020-10-12,Sierra,091,2930,6,0,6,0
2020-10-12,Siskiyou,093,43540,173,10,183,0
2020-10-12,Solano,095,438530,7007,37,7044,84
2020-10-12,Sonoma,097,501317,8800,23,8823,117
2020-10-12,Stanislaus,099,539301,17228,639,17867,375
2020-10-12,Sutter,101,95872,1761,1,1762,12
2020-10-12,Tehama,103,63373,761,2,763,8
2020-10-12,Trinity,105,12862,69,8,77,0
2020-10-12,Tulare,107,460477,17343,231,17574,290
2020-10-12,Tuolumne,109,53932,254,6,260,4
2020-10-12,Ventura,111,848112,14304,282,14586,167
2020-10-12,Yolo,113,214977,3067,7,3074,60
2020-10-12,Yuba,115,75493,1173,3,1176,9
2020-10-11,Alameda,001,1643700,22628,199,22827,388
2020-10-11,Alpine,002,1148,3,0,3,0
2020-10-11,Amador,005,37829,307,0,307,16
2020-10-11,Butte,007,227075,3074,55,3129,54
2020-10-11,Calaveras,009,45235,321,0,321,19
2020-10-11,Colusa,011,21464,541,1,542,6
2020-10-11,Contra Costa,013,1133247,18166,89,18255,249
2020-10-11,Del Norte,015,27424,166,0,166,1
2020-10-11,El Dorado,017,186661,1305,12,1317,4
2020-10-11,Fresno,019,978130,32210,404,32614,463
2020-10-11,Glenn,021,27897,637,0,637,3
2020-10-11,Humboldt,023,135768,538,1,539,7
2020-10-11,Imperial,025,180216,12355,10,12365,340
2020-10-11,Inyo,027,18085,213,4,217,15
2020-10-11,Kern,029,883053,33043,372,33415,428
2020-10-11,Kings,031,150075,8285,43,8328,81
2020-10-11,Lake,033,64148,668,0,668,13
2020-10-11,Lassen,035,31185,762,2,764,1
2020-10-11,Los Angeles,037,10098052,285514,2328,287842,6915
2020-10-11,Madera,039,155013,4831,32,4863,99
2020-10-11,Marin,041,260295,1204,8,1212,88
2020-10-11,Mariposa,043,17540,77,0,77,0
2020-10-11,Mendocino,045,87422,1008,4,1012,21
2020-10-11,Merced,047,269075,9267,28,9295,156
2020-10-11,Modoc,049,8938,29,0,29,0
2020-10-11,Mono,051,14174,174,5,179,2
2020-10-11,Monterey,053,433212,10749,39,10788,78
2020-10-11,Napa,055,140530,1877,8,1885,14
2020-10-11,Nevada,057,99092,588,18,606,6
2020-10-11,Orange,059,3164182,58063,1611,59674,1478
2020-10-11,Placer,061,380077,3940,14,3954,57
2020-10-11,Plumas,063,18699,52,0,52,0
2020-10-11,Riverside,065,2383286,63709,237,63946,1308
2020-10-11,Sacramento,067,1510023,24177,29,24206,496
2020-10-11,San Benito,069,59416,1382,0,1382,12
2020-10-11,San Bernardino,071,2135413,59175,372,59547,1186
2020-10-11,San Diego,073,3302833,52435,1272,53707,869
2020-10-11,San Francisco,075,870044,11815,37,11852,154
2020-10-11,San Joaquin,077,732212,21057,104,21161,518
2020-10-11,San Luis Obispo,079,281455,4129,17,4146,32
2020-10-11,San Mateo,081,765935,10828,11,10839,163
2020-10-11,Santa Barbara,083,443738,9578,82,9660,120
2020-10-11,Santa Clara,085,1922200,23817,49,23866,340
2020-10-11,Santa Cruz,087,273765,2678,32,2710,24
2020-10-11,Shasta,089,179085,1807,17,1824,33
2020-10-11,Sierra,091,2930,6,0,6,0
2020-10-11,Siskiyou,093,43540,172,10,182,0
2020-10-11,Solano,095,438530,6953,37,6990,84
2020-10-11,Sonoma,097,501317,8743,23,8766,117
2020-10-11,Stanislaus,099,539301,17163,623,17786,372
2020-10-11,Sutter,101,95872,1758,1,1759,12
2020-10-11,Tehama,103,63373,737,2,739,8
2020-10-11,Trinity,105,12862,69,8,77,0
2020-10-11,Tulare,107,460477,17279,223,17502,290
2020-10-11,Tuolumne,109,53932,249,6,255,4
2020-10-11,Ventura,111,848112,14243,277,14520,167
2020-10-11,Yolo,113,214977,3037,7,3044,60
2020-10-11,Yuba,115,75493,1162,3,1165,9
2020-10-10,Alameda,001,1643700,22578,198,22776,387
2020-10-10,Alpine,002,1148,3,0,3,0
2020-10-10,Amador,005,37829,306,0,306,16
2020-10-10,Butte,007,227075,3069,54,3123,54
2020-10-10,Calaveras,009,45235,320,0,320,19
2020-10-10,Colusa,011,21464,541,1,542,6
2020-10-10,Contra Costa,013,1133247,18130,88,18218,248
2020-10-10,Del Norte,015,27424,166,0,166,1
2020-10-10,El Dorado,017,186661,1303,12,1315,4
2020-10-10,Fresno,019,978130,32146,402,32548,463
2020-10-10,Glenn,021,27897,637,0,637,3
2020-10-10,Humboldt,023,135768,535,1,536,7
2020-10-10,Imperial,025,180216,12340,10,12350,340
2020-10-10,Inyo,027,18085,210,4,214,15
2020-10-10,Kern,029,883053,33006,372,33378,428
2020-10-10,Kings,031,150075,8281,43,8324,81
2020-10-10,Lake,033,64148,667,0,667,12
2020-10-10,Lassen,035,31185,762,2,764,1
2020-10-10,Los Angeles,037,10098052,284796,2294,287090,6899
2020-10-10,Madera,039,155013,4819,32,4851,99
2020-10-10,Marin,041,260295,1204,8,1212,88
2020-10-10,Mariposa,043,17540,77,0,77,0
2020-10-10,Mendocino,045,87422,1001,4,1005,21
2020-10-10,Merced,047,269075,9261,27,9288,156
2020-10-10,Modoc,049,8938,29,0,29,0
2020-10-10,Mono,051,14174,174,5,179,2
2020-10-10,Monterey,053,433212,10716,39,10755,77
2020-10-10,Napa,055,140530,1870,8,1878,13
2020-10-10,Nevada,057,99092,585,18,603,6
2020-10-10,Orange,059,3164182,57942,1606,59548,1474
2020-10-10,Placer,061,380077,3923,14,3937,57
2020-10-10,Plumas,063,18699,52,0,52,0
2020-10-10,Riverside,065,2383286,63506,235,63741,1305
2020-10-10,Sacramento,067,1510023,24109,29,24138,492
2020-10-10,San Benito,069,59416,1380,0,1380,12
2020-10-10,San Bernardino,071,2135413,59013,370,59383,1182
2020-10-10,San Diego,073,3302833,52205,1254,53459,868
2020-10-10,San Francisco,075,870044,11794,37,11831,153
2020-10-10,San Joaquin,077,732212,21029,100,21129,516
2020-10-10,San Luis Obispo,079,281455,4109,17,4126,32
2020-10-10,San Mateo,081,765935,10791,11,10802,163
2020-10-10,Santa Barbara,083,443738,9567,82,9649,120
2020-10-10,Santa Clara,085,1922200,23726,49,23775,337
2020-10-10,Santa Cruz,087,273765,2664,32,2696,22
2020-10-10,Shasta,089,179085,1790,17,1807,33
2020-10-10,Sierra,091,2930,6,0,6,0
2020-10-10,Siskiyou,093,43540,172,10,182,0
2020-10-10,Solano,095,438530,6927,37,6964,84
2020-10-10,Sonoma,097,501317,8723,23,8746,117
2020-10-10,Stanislaus,099,539301,17128,615,17743,370
2020-10-10,Sutter,101,95872,1755,1,1756,12
2020-10-10,Tehama,103,63373,730,2,732,8
2020-10-10,Trinity,105,12862,69,8,77,0
2020-10-10,Tulare,107,460477,17243,218,17461,290
2020-10-10,Tuolumne,109,53932,249,6,255,4
2020-10-10,Ventura,111,848112,14218,277,14495,167
2020-10-10,Yolo,113,214977,3028,7,3035,60
2020-10-10,Yuba,115,75493,1160,3,1163,9
2020-10-09,Alameda,001,1643700,22530,198,22728,386
2020-10-09,Alpine,002,1148,3,0,3,0
2020-10-09,Amador,005,37829,306,0,306,16
2020-10-09,Butte,007,227075,3066,54,3120,53
2020-10-09,Calaveras,009,45235,318,0,318,19
2020-10-09,Colusa,011,21464,541,1,542,6
2020-10-09,Contra Costa,013,1133247,18079,88,18167,248
2020-10-09,Del Norte,015,27424,165,0,165,1
2020-10-09,El Dorado,017,186661,1299,12,1311,4
2020-10-09,Fresno,019,978130,32072,400,32472,460
2020-10-09,Glenn,021,27897,632,0,632,3
2020-10-09,Humboldt,023,135768,533,1,534,7
2020-10-09,Imperial,025,180216,12314,10,12324,340
2020-10-09,Inyo,027,18085,207,4,211,15
2020-10-09,Kern,029,883053,32962,370,33332,428
2020-10-09,Kings,031,150075,8274,41,8315,81
2020-10-09,Lake,033,64148,657,0,657,11
2020-10-09,Lassen,035,31185,762,2,764,1
2020-10-09,Los Angeles,037,10098052,283661,2270,285931,6890
2020-10-09,Madera,039,155013,4809,32,4841,99
2020-10-09,Marin,041,260295,1204,8,1212,88
2020-10-09,Mariposa,043,17540,77,0,77,0
2020-10-09,Mendocino,045,87422,991,4,995,21
2020-10-09,Merced,047,269075,9246,27,9273,155
2020-10-09,Modoc,049,8938,29,0,29,0
2020-10-09,Mono,051,14174,174,5,179,2
2020-10-09,Monterey,053,433212,10682,39,10721,77
2020-10-09,Napa,055,140530,1860,8,1868,13
2020-10-09,Nevada,057,99092,580,18,598,6
2020-10-09,Orange,059,3164182,57770,1601,59371,1472
2020-10-09,Placer,061,380077,3909,13,3922,57
2020-10-09,Plumas,063,18699,52,0,52,0
2020-10-09,Riverside,065,2383286,63271,234,63505,1300
2020-10-09,Sacramento,067,1510023,24040,29,24069,490
2020-10-09,San Benito,069,59416,1375,0,1375,11
2020-10-09,San Bernardino,071,2135413,58773,368,59141,1177
2020-10-09,San Diego,073,3302833,51929,1243,53172,860
2020-10-09,San Francisco,075,870044,11764,37,11801,150
2020-10-09,San Joaquin,077,732212,20999,92,21091,512
2020-10-09,San Luis Obispo,079,281455,4090,17,4107,32
2020-10-09,San Mateo,081,765935,10763,11,10774,163
2020-10-09,Santa Barbara,083,443738,9539,82,9621,120
2020-10-09,Santa Clara,085,1922200,23624,48,23672,337
2020-10-09,Santa Cruz,087,273765,2655,32,2687,22
2020-10-09,Shasta,089,179085,1764,16,1780,33
2020-10-09,Sierra,091,2930,6,0,6,0
2020-10-09,Siskiyou,093,43540,170,10,180,0
2020-10-09,Solano,095,438530,6888,37,6925,84
2020-10-09,Sonoma,097,501317,8669,23,8692,117
2020-10-09,Stanislaus,099,539301,17103,608,17711,370
2020-10-09,Sutter,101,95872,1751,1,1752,12
2020-10-09,Tehama,103,63373,724,2,726,8
2020-10-09,Trinity,105,12862,69,8,77,0
2020-10-09,Tulare,107,460477,17203,209,17412,287
2020-10-09,Tuolumne,109,53932,246,6,252,4
2020-10-09,Ventura,111,848112,14182,274,14456,166
2020-10-09,Yolo,113,214977,3021,7,3028,59
2020-10-09,Yuba,115,75493,1159,3,1162,9
2020-10-08,Alameda,001,1643700,22449,197,22646,385
2020-10-08,Alpine,002,1148,3,0,3,0
2020-10-08,Amador,005,37829,305,0,305,16
2020-10-08,Butte,007,227075,3056,54,3110,53
2020-10-08,Calaveras,009,45235,317,0,317,19
2020-10-08,Colusa,011,21464,541,1,542,6
2020-10-08,Contra Costa,013,1133247,18019,87,18106,246
2020-10-08,Del Norte,015,27424,165,0,165,1
2020-10-08,El Dorado,017,186661,1298,12,1310,4
2020-10-08,Fresno,019,978130,31968,400,32368,459
2020-10-08,Glenn,021,27897,629,0,629,3
2020-10-08,Humboldt,023,135768,529,1,530,7
2020-10-08,Imperial,025,180216,12274,10,12284,340
2020-10-08,Inyo,027,18085,204,4,208,15
2020-10-08,Kern,029,883053,32904,365,33269,426
2020-10-08,Kings,031,150075,8268,41,8309,81
2020-10-08,Lake,033,64148,652,0,652,11
2020-10-08,Lassen,035,31185,757,2,759,0
2020-10-08,Los Angeles,037,10098052,282458,2230,284688,6877
2020-10-08,Madera,039,155013,4791,32,4823,99
2020-10-08,Marin,041,260295,1204,8,1212,87
2020-10-08,Mariposa,043,17540,77,0,77,0
2020-10-08,Mendocino,045,87422,986,4,990,21
2020-10-08,Merced,047,269075,9225,27,9252,155
2020-10-08,Modoc,049,8938,29,0,29,0
2020-10-08,Mono,051,14174,174,5,179,2
2020-10-08,Monterey,053,433212,10615,39,10654,76
2020-10-08,Napa,055,140530,1845,8,1853,13
2020-10-08,Nevada,057,99092,577,18,595,6
2020-10-08,Orange,059,3164182,57578,1590,59168,1466
2020-10-08,Placer,061,380077,3891,13,3904,57
2020-10-08,Plumas,063,18699,52,0,52,0
2020-10-08,Riverside,065,2383286,63003,233,63236,1298
2020-10-08,Sacramento,067,1510023,23933,29,23962,489
2020-10-08,San Benito,069,59416,1370,0,1370,11
2020-10-08,San Bernardino,071,2135413,58408,367,58775,1176
2020-10-08,San Diego,073,3302833,51649,1211,52860,854
2020-10-08,San Francisco,075,870044,11726,37,11763,146
2020-10-08,San Joaquin,077,732212,20947,87,21034,512
2020-10-08,San Luis Obispo,079,281455,4074,17,4091,32
2020-10-08,San Mateo,081,765935,10731,11,10742,163
2020-10-08,Santa Barbara,083,443738,9511,82,9593,120
2020-10-08,Santa Clara,085,1922200,23522,48,23570,336
2020-10-08,Santa Cruz,087,273765,2643,32,2675,21
2020-10-08,Shasta,089,179085,1730,16,1746,30
2020-10-08,Sierra,091,2930,6,0,6,0
2020-10-08,Siskiyou,093,43540,170,10,180,0
2020-10-08,Solano,095,438530,6864,37,6901,84
2020-10-08,Sonoma,097,501317,8605,23,8628,117
2020-10-08,Stanislaus,099,539301,17057,600,17657,369
2020-10-08,Sutter,101,95872,1751,1,1752,12
2020-10-08,Tehama,103,63373,715,2,717,8
2020-10-08,Trinity,105,12862,68,8,76,0
2020-10-08,Tulare,107,460477,17142,201,17343,287
2020-10-08,Tuolumne,109,53932,245,6,251,4
2020-10-08,Ventura,111,848112,14134,272,14406,165
2020-10-08,Yolo,113,214977,3004,7,3011,59
2020-10-08,Yuba,115,75493,1154,3,1157,9
2020-10-07,Alameda,001,1643700,22372,197,22569,383
2020-10-07,Alpine,002,1148,3,0,3,0
2020-10-07,Amador,005,37829,305,0,305,16
2020-10-07,Butte,007,227075,3045,54,3099,53
2020-10-07,Calaveras,009,45235,315,0,315,19
2020-10-07,Colusa,011,21464,540,0,540,6
2020-10-07,Contra Costa,013,1133247,17949,86,18035,246
2020-10-07,Del Norte,015,27424,164,0,164,1
2020-10-07,El Dorado,017,186661,1290,12,1302,4
2020-10-07,Fresno,019,978130,31847,395,32242,458
2020-10-07,Glenn,021,27897,629,0,629,3
2020-10-07,Humboldt,023,135768,526,1,527,7
2020-10-07,Imperial,025,180216,12237,9,12246,340
2020-10-07,Inyo,027,18085,204,4,208,15
2020-10-07,Kern,029,883053,32831,364,33195,426
2020-10-07,Kings,031,150075,8253,41,8294,81
2020-10-07,Lake,033,64148,651,0,651,11
2020-10-07,Lassen,035,31185,757,2,759,0
2020-10-07,Los Angeles,037,10098052,281274,2198,283472,6855
2020-10-07,Madera,039,155013,4771,32,4803,99
2020-10-07,Marin,041,260295,1203,8,1211,87
2020-10-07,Mariposa,043,17540,77,0,77,0
2020-10-07,Mendocino,045,87422,980,4,984,21
2020-10-07,Merced,047,269075,9189,26,9215,155
2020-10-07,Modoc,049,8938,29,0,29,0
2020-10-07,Mono,051,14174,173,4,177,2
2020-10-07,Monterey,053,433212,10556,39,10595,76
2020-10-07,Napa,055,140530,1832,8,1840,13
2020-10-07,Nevada,057,99092,573,18,591,6
2020-10-07,Orange,059,3164182,57362,1579,58941,1460
2020-10-07,Placer,061,380077,3875,13,3888,56
2020-10-07,Plumas,063,18699,52,0,52,0
2020-10-07,Riverside,065,2383286,62656,229,62885,1297
2020-10-07,Sacramento,067,1510023,23836,29,23865,487
2020-10-07,San Benito,069,59416,1367,0,1367,11
2020-10-07,San Bernardino,071,2135413,58059,366,58425,1173
2020-10-07,San Diego,073,3302833,51333,1187,52520,850
2020-10-07,San Francisco,075,870044,11690,37,11727,143
2020-10-07,San Joaquin,077,732212,20895,80,20975,509
2020-10-07,San Luis Obispo,079,281455,4044,17,4061,32
2020-10-07,San Mateo,081,765935,10688,11,10699,163
2020-10-07,Santa Barbara,083,443738,9485,81,9566,119
2020-10-07,Santa Clara,085,1922200,23394,48,23442,331
2020-10-07,Santa Cruz,087,273765,2631,32,2663,20
2020-10-07,Shasta,089,179085,1687,16,1703,30
2020-10-07,Sierra,091,2930,6,0,6,0
2020-10-07,Siskiyou,093,43540,168,10,178,0
2020-10-07,Solano,095,438530,6829,37,6866,84
2020-10-07,Sonoma,097,501317,8530,22,8552,117
2020-10-07,Stanislaus,099,539301,17022,594,17616,369
2020-10-07,Sutter,101,95872,1748,1,1749,12
2020-10-07,Tehama,103,63373,706,2,708,8
2020-10-07,Trinity,105,12862,64,8,72,0
2020-10-07,Tulare,107,460477,17099,193,17292,287
2020-10-07,Tuolumne,109,53932,245,6,251,4
2020-10-07,Ventura,111,848112,14084,266,14350,165
2020-10-07,Yolo,113,214977,2979,7,2986,59
2020-10-07,Yuba,115,75493,1148,3,1151,9
2020-10-06,Alameda,001,1643700,22281,195,22476,382
2020-10-06,Alpine,002,1148,3,0,3,0
2020-10-06,Amador,005,37829,303,0,303,16
2020-10-06,Butte,007,227075,3038,54,3092,53
2020-10-06,Calaveras,009,45235,315,0,315,19
2020-10-06,Colusa,011,21464,539,0,539,6
2020-10-06,Contra Costa,013,1133247,17870,86,17956,246
2020-10-06,Del Norte,015,27424,164,0,164,1
2020-10-06,El Dorado,017,186661,1286,12,1298,4
2020-10-06,Fresno,019,978130,31704,392,32096,457
2020-10-06,Glenn,021,27897,626,0,626,3
2020-10-06,Humboldt,023,135768,523,1,524,7
2020-10-06,Imperial,025,180216,12199,9,12208,340
2020-10-06,Inyo,027,18085,202,4,206,15
2020-10-06,Kern,029,883053,32755,362,33117,424
2020-10-06,Kings,031,150075,8237,41,8278,81
2020-10-06,Lake,033,64148,645,0,645,11
2020-10-06,Lassen,035,31185,757,2,759,0
2020-10-06,Los Angeles,037,10098052,280036,2149,282185,6835
2020-10-06,Madera,039,155013,4759,32,4791,99
2020-10-06,Marin,041,260295,1203,8,1211,87
2020-10-06,Mariposa,043,17540,77,0,77,0
2020-10-06,Mendocino,045,87422,973,4,977,21
2020-10-06,Merced,047,269075,9152,25,9177,155
2020-10-06,Modoc,049,8938,29,0,29,0
2020-10-06,Mono,051,14174,173,4,177,2
2020-10-06,Monterey,053,433212,10501,37,10538,75
2020-10-06,Napa,055,140530,1826,8,1834,12
2020-10-06,Nevada,057,99092,570,18,588,6
2020-10-06,Orange,059,3164182,57146,1570,58716,1456
2020-10-06,Placer,061,380077,3853,13,3866,56
2020-10-06,Plumas,063,18699,52,0,52,0
2020-10-06,Riverside,065,2383286,62391,227,62618,1289
2020-10-06,Sacramento,067,1510023,23750,29,23779,485
2020-10-06,San Benito,069,59416,1366,0,1366,11
2020-10-06,San Bernardino,071,2135413,57745,361,58106,1164
2020-10-06,San Diego,073,3302833,50996,1170,52166,846
2020-10-06,San Francisco,075,870044,11664,36,11700,143
2020-10-06,San Joaquin,077,732212,20855,77,20932,509
2020-10-06,San Luis Obispo,079,281455,4010,17,4027,32
2020-10-06,San Mateo,081,765935,10656,11,10667,161
2020-10-06,Santa Barbara,083,443738,9456,80,9536,119
2020-10-06,Santa Clara,085,1922200,23299,48,23347,331
2020-10-06,Santa Cruz,087,273765,2609,32,2641,20
2020-10-06,Shasta,089,179085,1647,16,1663,30
2020-10-06,Sierra,091,2930,6,0,6,0
2020-10-06,Siskiyou,093,43540,168,10,178,0
2020-10-06,Solano,095,438530,6783,37,6820,84
2020-10-06,Sonoma,097,501317,8437,22,8459,117
2020-10-06,Stanislaus,099,539301,16977,588,17565,369
2020-10-06,Sutter,101,95872,1746,1,1747,12
2020-10-06,Tehama,103,63373,696,2,698,7
2020-10-06,Trinity,105,12862,64,8,72,0
2020-10-06,Tulare,107,460477,17057,185,17242,287
2020-10-06,Tuolumne,109,53932,244,6,250,4
2020-10-06,Ventura,111,848112,14017,261,14278,165
2020-10-06,Yolo,113,214977,2965,7,2972,59
2020-10-06,Yuba,115,75493,1147,3,1150,9
2020-10-05,Alameda,001,1643700,22193,192,22385,382
2020-10-05,Alpine,002,1148,3,0,3,0
2020-10-05,Amador,005,37829,303,0,303,16
2020-10-05,Butte,007,227075,3028,54,3082,52
2020-10-05,Calaveras,009,45235,315,0,315,19
2020-10-05,Colusa,011,21464,539,0,539,6
2020-10-05,Contra Costa,013,1133247,17793,86,17879,246
2020-10-05,Del Norte,015,27424,161,0,161,1
2020-10-05,El Dorado,017,186661,1282,11,1293,4
2020-10-05,Fresno,019,978130,31587,392,31979,456
2020-10-05,Glenn,021,27897,624,0,624,3
2020-10-05,Humboldt,023,135768,522,1,523,7
2020-10-05,Imperial,025,180216,12158,9,12167,340
2020-10-05,Inyo,027,18085,202,4,206,15
2020-10-05,Kern,029,883053,32676,358,33034,422
2020-10-05,Kings,031,150075,8139,41,8180,81
2020-10-05,Lake,033,64148,641,0,641,11
2020-10-05,Lassen,035,31185,756,2,758,0
2020-10-05,Los Angeles,037,10098052,278939,2112,281051,6818
2020-10-05,Madera,039,155013,4751,30,4781,99
2020-10-05,Marin,041,260295,1202,8,1210,87
2020-10-05,Mariposa,043,17540,77,0,77,0
2020-10-05,Mendocino,045,87422,965,4,969,20
2020-10-05,Merced,047,269075,9132,24,9156,155
2020-10-05,Modoc,049,8938,29,0,29,0
2020-10-05,Mono,051,14174,173,4,177,2
2020-10-05,Monterey,053,433212,10454,37,10491,74
2020-10-05,Napa,055,140530,1815,8,1823,12
2020-10-05,Nevada,057,99092,567,17,584,6
2020-10-05,Orange,059,3164182,56930,1557,58487,1453
2020-10-05,Placer,061,380077,3827,13,3840,56
2020-10-05,Plumas,063,18699,51,0,51,0
2020-10-05,Riverside,065,2383286,62071,223,62294,1287
2020-10-05,Sacramento,067,1510023,23646,29,23675,484
2020-10-05,San Benito,069,59416,1363,0,1363,11
2020-10-05,San Bernardino,071,2135413,57438,360,57798,1158
2020-10-05,San Diego,073,3302833,50660,1146,51806,842
2020-10-05,San Francisco,075,870044,11625,34,11659,143
2020-10-05,San Joaquin,077,732212,20785,74,20859,508
2020-10-05,San Luis Obispo,079,281455,3983,17,4000,32
2020-10-05,San Mateo,081,765935,10629,11,10640,160
2020-10-05,Santa Barbara,083,443738,9434,80,9514,119
2020-10-05,Santa Clara,085,1922200,23182,48,23230,330
2020-10-05,Santa Cruz,087,273765,2597,32,2629,20
2020-10-05,Shasta,089,179085,1615,16,1631,30
2020-10-05,Sierra,091,2930,6,0,6,0
2020-10-05,Siskiyou,093,43540,168,10,178,0
2020-10-05,Solano,095,438530,6745,37,6782,84
2020-10-05,Sonoma,097,501317,8345,22,8367,115
2020-10-05,Stanislaus,099,539301,16941,581,17522,368
2020-10-05,Sutter,101,95872,1738,1,1739,12
2020-10-05,Tehama,103,63373,688,2,690,7
2020-10-05,Trinity,105,12862,62,8,70,0
2020-10-05,Tulare,107,460477,16998,180,17178,284
2020-10-05,Tuolumne,109,53932,241,6,247,4
2020-10-05,Ventura,111,848112,13948,242,14190,164
2020-10-05,Yolo,113,214977,2946,7,2953,59
2020-10-05,Yuba,115,75493,1134,3,1137,9
2020-10-04,Alameda,001,1643700,22097,192,22289,382
2020-10-04,Alpine,002,1148,3,0,3,0
2020-10-04,Amador,005,37829,302,0,302,16
2020-10-04,Butte,007,227075,3014,54,3068,52
2020-10-04,Calaveras,009,45235,315,0,315,18
2020-10-04,Colusa,011,21464,538,0,538,6
2020-10-04,Contra Costa,013,1133247,17729,86,17815,245
2020-10-04,Del Norte,015,27424,157,0,157,1
2020-10-04,El Dorado,017,186661,1278,11,1289,4
2020-10-04,Fresno,019,978130,31462,392,31854,456
2020-10-04,Glenn,021,27897,622,0,622,3
2020-10-04,Humboldt,023,135768,521,1,522,7
2020-10-04,Imperial,025,180216,12119,9,12128,339
2020-10-04,Inyo,027,18085,199,4,203,15
2020-10-04,Kern,029,883053,32601,355,32956,420
2020-10-04,Kings,031,150075,8124,41,8165,81
2020-10-04,Lake,033,64148,627,0,627,11
2020-10-04,Lassen,035,31185,756,2,758,0
2020-10-04,Los Angeles,037,10098052,277551,2066,279617,6802
2020-10-04,Madera,039,155013,4735,30,4765,99
2020-10-04,Marin,041,260295,1202,8,1210,86
2020-10-04,Mariposa,043,17540,77,0,77,0
2020-10-04,Mendocino,045,87422,952,4,956,20
2020-10-04,Merced,047,269075,9107,24,9131,154
2020-10-04,Modoc,049,8938,29,0,29,0
2020-10-04,Mono,051,14174,172,3,175,2
2020-10-04,Monterey,053,433212,10413,36,10449,74
2020-10-04,Napa,055,140530,1803,8,1811,12
2020-10-04,Nevada,057,99092,563,16,579,5
2020-10-04,Orange,059,3164182,56694,1548,58242,1445
2020-10-04,Placer,061,380077,3806,13,3819,55
2020-10-04,Plumas,063,18699,51,0,51,0
2020-10-04,Riverside,065,2383286,61785,219,62004,1284
2020-10-04,Sacramento,067,1510023,23530,29,23559,479
2020-10-04,San Benito,069,59416,1363,0,1363,11
2020-10-04,San Bernardino,071,2135413,56989,358,57347,1155
2020-10-04,San Diego,073,3302833,50293,1121,51414,839
2020-10-04,San Francisco,075,870044,11593,32,11625,141
2020-10-04,San Joaquin,077,732212,20708,68,20776,508
2020-10-04,San Luis Obispo,079,281455,3958,17,3975,32
2020-10-04,San Mateo,081,765935,10569,11,10580,160
2020-10-04,Santa Barbara,083,443738,9408,78,9486,119
2020-10-04,Santa Clara,085,1922200,23045,48,23093,328
2020-10-04,Santa Cruz,087,273765,2581,32,2613,18
2020-10-04,Shasta,089,179085,1517,15,1532,30
2020-10-04,Sierra,091,2930,6,0,6,0
2020-10-04,Siskiyou,093,43540,168,10,178,0
2020-10-04,Solano,095,438530,6694,37,6731,83
2020-10-04,Sonoma,097,501317,8257,22,8279,114
2020-10-04,Stanislaus,099,539301,16891,572,17463,368
2020-10-04,Sutter,101,95872,1735,1,1736,12
2020-10-04,Tehama,103,63373,673,2,675,7
2020-10-04,Trinity,105,12862,61,8,69,0
2020-10-04,Tulare,107,460477,16921,169,17090,283
2020-10-04,Tuolumne,109,53932,239,6,245,4
2020-10-04,Ventura,111,848112,13866,225,14091,164
2020-10-04,Yolo,113,214977,2935,7,2942,59
2020-10-04,Yuba,115,75493,1130,3,1133,9
2020-10-03,Alameda,001,1643700,22051,191,22242,382
2020-10-03,Alpine,002,1148,3,0,3,0
2020-10-03,Amador,005,37829,301,0,301,16
2020-10-03,Butte,007,227075,3008,54,3062,51
2020-10-03,Calaveras,009,45235,315,0,315,18
2020-10-03,Colusa,011,21464,537,0,537,6
2020-10-03,Contra Costa,013,1133247,17679,84,17763,243
2020-10-03,Del Norte,015,27424,153,0,153,1
2020-10-03,El Dorado,017,186661,1271,11,1282,4
2020-10-03,Fresno,019,978130,31402,391,31793,453
2020-10-03,Glenn,021,27897,620,0,620,3
2020-10-03,Humboldt,023,135768,520,1,521,7
2020-10-03,Imperial,025,180216,12096,9,12105,338
2020-10-03,Inyo,027,18085,199,4,203,15
2020-10-03,Kern,029,883053,32551,351,32902,417
2020-10-03,Kings,031,150075,8120,41,8161,81
2020-10-03,Lake,033,64148,617,0,617,11
2020-10-03,Lassen,035,31185,756,2,758,0
2020-10-03,Los Angeles,037,10098052,276844,2037,278881,6784
2020-10-03,Madera,039,155013,4718,30,4748,99
2020-10-03,Marin,041,260295,1202,8,1210,85
2020-10-03,Mariposa,043,17540,77,0,77,0
2020-10-03,Mendocino,045,87422,950,4,954,20
2020-10-03,Merced,047,269075,9094,24,9118,152
2020-10-03,Modoc,049,8938,29,0,29,0
2020-10-03,Mono,051,14174,171,3,174,2
2020-10-03,Monterey,053,433212,10379,33,10412,73
2020-10-03,Napa,055,140530,1799,8,1807,12
2020-10-03,Nevada,057,99092,562,16,578,5
2020-10-03,Orange,059,3164182,56577,1543,58120,1437
2020-10-03,Placer,061,380077,3795,13,3808,55
2020-10-03,Plumas,063,18699,51,0,51,0
2020-10-03,Riverside,065,2383286,61633,217,61850,1281
2020-10-03,Sacramento,067,1510023,23479,29,23508,477
2020-10-03,San Benito,069,59416,1363,0,1363,11
2020-10-03,San Bernardino,071,2135413,56816,355,57171,1150
2020-10-03,San Diego,073,3302833,50062,1104,51166,838
2020-10-03,San Francisco,075,870044,11568,30,11598,136
2020-10-03,San Joaquin,077,732212,20682,68,20750,504
2020-10-03,San Luis Obispo,079,281455,3934,17,3951,32
2020-10-03,San Mateo,081,765935,10542,10,10552,159
2020-10-03,Santa Barbara,083,443738,9395,78,9473,119
2020-10-03,Santa Clara,085,1922200,22965,48,23013,325
2020-10-03,Santa Cruz,087,273765,2573,32,2605,17
2020-10-03,Shasta,089,179085,1489,14,1503,29
2020-10-03,Sierra,091,2930,6,0,6,0
2020-10-03,Siskiyou,093,43540,168,10,178,0
2020-10-03,Solano,095,438530,6668,37,6705,83
2020-10-03,Sonoma,097,501317,8215,22,8237,114
2020-10-03,Stanislaus,099,539301,16858,568,17426,367
2020-10-03,Sutter,101,95872,1731,1,1732,12
2020-10-03,Tehama,103,63373,667,2,669,7
2020-10-03,Trinity,105,12862,61,8,69,0
2020-10-03,Tulare,107,460477,16877,165,17042,283
2020-10-03,Tuolumne,109,53932,238,6,244,4
2020-10-03,Ventura,111,848112,13828,221,14049,164
2020-10-03,Yolo,113,214977,2928,7,2935,58
2020-10-03,Yuba,115,75493,1122,3,1125,9
2020-10-02,Alameda,001,1643700,21997,190,22187,381
2020-10-02,Alpine,002,1148,3,0,3,0
2020-10-02,Amador,005,37829,300,0,300,16
2020-10-02,Butte,007,227075,2998,54,3052,51
2020-10-02,Calaveras,009,45235,314,0,314,18
2020-10-02,Colusa,011,21464,536,0,536,6
2020-10-02,Contra Costa,013,1133247,17636,83,17719,243
2020-10-02,Del Norte,015,27424,152,0,152,1
2020-10-02,El Dorado,017,186661,1264,11,1275,4
2020-10-02,Fresno,019,978130,31320,391,31711,453
2020-10-02,Glenn,021,27897,615,0,615,3
2020-10-02,Humboldt,023,135768,519,1,520,7
2020-10-02,Imperial,025,180216,12074,9,12083,338
2020-10-02,Inyo,027,18085,197,4,201,15
2020-10-02,Kern,029,883053,32499,344,32843,414
2020-10-02,Kings,031,150075,8111,41,8152,81
2020-10-02,Lake,033,64148,611,0,611,11
2020-10-02,Lassen,035,31185,756,2,758,0
2020-10-02,Los Angeles,037,10098052,275943,2011,277954,6772
2020-10-02,Madera,039,155013,4710,30,4740,99
2020-10-02,Marin,041,260295,1202,8,1210,84
2020-10-02,Mariposa,043,17540,77,0,77,0
2020-10-02,Mendocino,045,87422,945,4,949,19
2020-10-02,Merced,047,269075,9084,24,9108,151
2020-10-02,Modoc,049,8938,29,0,29,0
2020-10-02,Mono,051,14174,171,3,174,2
2020-10-02,Monterey,053,433212,10345,33,10378,73
2020-10-02,Napa,055,140530,1793,8,1801,12
2020-10-02,Nevada,057,99092,559,16,575,5
2020-10-02,Orange,059,3164182,56446,1536,57982,1431
2020-10-02,Placer,061,380077,3775,13,3788,55
2020-10-02,Plumas,063,18699,51,0,51,0
2020-10-02,Riverside,065,2383286,61412,214,61626,1278
2020-10-02,Sacramento,067,1510023,23414,29,23443,473
2020-10-02,San Benito,069,59416,1359,0,1359,11
2020-10-02,San Bernardino,071,2135413,56630,355,56985,1146
2020-10-02,San Diego,073,3302833,49810,1088,50898,835
2020-10-02,San Francisco,075,870044,11545,30,11575,136
2020-10-02,San Joaquin,077,732212,20648,67,20715,501
2020-10-02,San Luis Obispo,079,281455,3911,17,3928,31
2020-10-02,San Mateo,081,765935,10501,10,10511,158
2020-10-02,Santa Barbara,083,443738,9372,78,9450,119
2020-10-02,Santa Clara,085,1922200,22879,47,22926,323
2020-10-02,Santa Cruz,087,273765,2556,32,2588,15
2020-10-02,Shasta,089,179085,1454,14,1468,29
2020-10-02,Sierra,091,2930,6,0,6,0
2020-10-02,Siskiyou,093,43540,168,10,178,0
2020-10-02,Solano,095,438530,6638,37,6675,83
2020-10-02,Sonoma,097,501317,8158,22,8180,114
2020-10-02,Stanislaus,099,539301,16817,559,17376,367
2020-10-02,Sutter,101,95872,1730,1,1731,12
2020-10-02,Tehama,103,63373,662,2,664,7
2020-10-02,Trinity,105,12862,61,8,69,0
2020-10-02,Tulare,107,460477,16836,158,16994,283
2020-10-02,Tuolumne,109,53932,236,6,242,4
2020-10-02,Ventura,111,848112,13789,216,14005,164
2020-10-02,Yolo,113,214977,2923,7,2930,58
2020-10-02,Yuba,115,75493,1120,3,1123,8
2020-10-01,Alameda,001,1643700,21936,186,22122,379
2020-10-01,Alpine,002,1148,3,0,3,0
2020-10-01,Amador,005,37829,300,0,300,16
2020-10-01,Butte,007,227075,2990,54,3044,50
2020-10-01,Calaveras,009,45235,314,0,314,18
2020-10-01,Colusa,011,21464,536,0,536,6
2020-10-01,Contra Costa,013,1133247,17572,83,17655,241
2020-10-01,Del Norte,015,27424,147,0,147,1
2020-10-01,El Dorado,017,186661,1260,10,1270,4
2020-10-01,Fresno,019,978130,31240,389,31629,451
2020-10-01,Glenn,021,27897,611,0,611,3
2020-10-01,Humboldt,023,135768,519,1,520,7
2020-10-01,Imperial,025,180216,12032,9,12041,338
2020-10-01,Inyo,027,18085,197,4,201,15
2020-10-01,Kern,029,883053,32436,339,32775,413
2020-10-01,Kings,031,150075,8100,38,8138,81
2020-10-01,Lake,033,64148,605,0,605,10
2020-10-01,Lassen,035,31185,753,2,755,0
2020-10-01,Los Angeles,037,10098052,274895,1979,276874,6761
2020-10-01,Madera,039,155013,4687,30,4717,99
2020-10-01,Marin,041,260295,1202,8,1210,83
2020-10-01,Mariposa,043,17540,77,0,77,0
2020-10-01,Mendocino,045,87422,940,4,944,19
2020-10-01,Merced,047,269075,9059,24,9083,150
2020-10-01,Modoc,049,8938,29,0,29,0
2020-10-01,Mono,051,14174,169,3,172,2
2020-10-01,Monterey,053,433212,10270,33,10303,71
2020-10-01,Napa,055,140530,1785,8,1793,12
2020-10-01,Nevada,057,99092,558,16,574,5
2020-10-01,Orange,059,3164182,56280,1523,57803,1425
2020-10-01,Placer,061,380077,3748,13,3761,54
2020-10-01,Plumas,063,18699,51,0,51,0
2020-10-01,Riverside,065,2383286,61159,208,61367,1275
2020-10-01,Sacramento,067,1510023,23302,28,23330,471
2020-10-01,San Benito,069,59416,1357,0,1357,11
2020-10-01,San Bernardino,071,2135413,56337,352,56689,1141
2020-10-01,San Diego,073,3302833,49528,1068,50596,830
2020-10-01,San Francisco,075,870044,11514,28,11542,134
2020-10-01,San Joaquin,077,732212,20602,64,20666,501
2020-10-01,San Luis Obispo,079,281455,3884,17,3901,31
2020-10-01,San Mateo,081,765935,10456,10,10466,158
2020-10-01,Santa Barbara,083,443738,9332,78,9410,118
2020-10-01,Santa Clara,085,1922200,22778,47,22825,321
2020-10-01,Santa Cruz,087,273765,2541,32,2573,14
2020-10-01,Shasta,089,179085,1403,14,1417,28
2020-10-01,Sierra,091,2930,6,0,6,0
2020-10-01,Siskiyou,093,43540,165,10,175,0
2020-10-01,Solano,095,438530,6600,37,6637,82
2020-10-01,Sonoma,097,501317,8091,22,8113,113
2020-10-01,Stanislaus,099,539301,16784,553,17337,365
2020-10-01,Sutter,101,95872,1725,1,1726,11
2020-10-01,Tehama,103,63373,652,2,654,7
2020-10-01,Trinity,105,12862,61,8,69,0
2020-10-01,Tulare,107,460477,16761,155,16916,283
2020-10-01,Tuolumne,109,53932,236,6,242,4
2020-10-01,Ventura,111,848112,13737,203,13940,164
2020-10-01,Yolo,113,214977,2905,7,2912,58
2020-10-01,Yuba,115,75493,1116,3,1119,8
2020-09-30,Alameda,001,1643700,21858,183,22041,375
2020-09-30,Alpine,002,1148,3,0,3,0
2020-09-30,Amador,005,37829,300,0,300,16
2020-09-30,Butte,007,227075,2982,54,3036,49
2020-09-30,Calaveras,009,45235,313,0,313,18
2020-09-30,Colusa,011,21464,535,0,535,6
2020-09-30,Contra Costa,013,1133247,17504,83,17587,240
2020-09-30,Del Norte,015,27424,146,0,146,1
2020-09-30,El Dorado,017,186661,1248,10,1258,4
2020-09-30,Fresno,019,978130,31150,386,31536,450
2020-09-30,Glenn,021,27897,606,0,606,3
2020-09-30,Humboldt,023,135768,517,1,518,7
2020-09-30,Imperial,025,180216,12007,9,12016,337
2020-09-30,Inyo,027,18085,196,4,200,15
2020-09-30,Kern,029,883053,32360,338,32698,412
2020-09-30,Kings,031,150075,8072,38,8110,81
2020-09-30,Lake,033,64148,599,0,599,10
2020-09-30,Lassen,035,31185,750,2,752,0
2020-09-30,Los Angeles,037,10098052,273673,1947,275620,6748
2020-09-30,Madera,039,155013,4678,30,4708,98
2020-09-30,Marin,041,260295,1202,8,1210,83
2020-09-30,Mariposa,043,17540,77,0,77,0
2020-09-30,Mendocino,045,87422,934,4,938,19
2020-09-30,Merced,047,269075,9039,24,9063,150
2020-09-30,Modoc,049,8938,29,0,29,0
2020-09-30,Mono,051,14174,169,3,172,2
2020-09-30,Monterey,053,433212,10219,32,10251,71
2020-09-30,Napa,055,140530,1771,8,1779,12
2020-09-30,Nevada,057,99092,556,16,572,5
2020-09-30,Orange,059,3164182,56089,1508,57597,1412
2020-09-30,Placer,061,380077,3727,13,3740,54
2020-09-30,Plumas,063,18699,51,0,51,0
2020-09-30,Riverside,065,2383286,60803,204,61007,1270
2020-09-30,Sacramento,067,1510023,23199,28,23227,470
2020-09-30,San Benito,069,59416,1354,0,1354,11
2020-09-30,San Bernardino,071,2135413,56060,351,56411,1138
2020-09-30,San Diego,073,3302833,49224,1047,50271,829
2020-09-30,San Francisco,075,870044,11484,28,11512,129
2020-09-30,San Joaquin,077,732212,20519,62,20581,500
2020-09-30,San Luis Obispo,079,281455,3859,17,3876,31
2020-09-30,San Mateo,081,765935,10414,10,10424,158
2020-09-30,Santa Barbara,083,443738,9306,78,9384,118
2020-09-30,Santa Clara,085,1922200,22673,47,22720,321
2020-09-30,Santa Cruz,087,273765,2528,32,2560,13
2020-09-30,Shasta,089,179085,1347,13,1360,27
2020-09-30,Sierra,091,2930,6,0,6,0
2020-09-30,Siskiyou,093,43540,163,10,173,0
2020-09-30,Solano,095,438530,6558,37,6595,82
2020-09-30,Sonoma,097,501317,8002,22,8024,113
2020-09-30,Stanislaus,099,539301,16737,547,17284,364
2020-09-30,Sutter,101,95872,1709,1,1710,11
2020-09-30,Tehama,103,63373,646,2,648,6
2020-09-30,Trinity,105,12862,58,8,66,0
2020-09-30,Tulare,107,460477,16694,148,16842,281
2020-09-30,Tuolumne,109,53932,234,6,240,4
2020-09-30,Ventura,111,848112,13702,187,13889,164
2020-09-30,Yolo,113,214977,2892,7,2899,58
2020-09-30,Yuba,115,75493,1113,3,1116,8
2020-09-29,Alameda,001,1643700,21783,180,21963,375
2020-09-29,Alpine,002,1148,3,0,3,0
2020-09-29,Amador,005,37829,298,0,298,16
2020-09-29,Butte,007,227075,2968,54,3022,48
2020-09-29,Calaveras,009,45235,311,0,311,18
2020-09-29,Colusa,011,21464,535,0,535,6
2020-09-29,Contra Costa,013,1133247,17448,81,17529,240
2020-09-29,Del Norte,015,27424,142,0,142,1
2020-09-29,El Dorado,017,186661,1239,10,1249,4
2020-09-29,Fresno,019,978130,31053,385,31438,450
2020-09-29,Glenn,021,27897,602,0,602,3
2020-09-29,Humboldt,023,135768,515,1,516,7
2020-09-29,Imperial,025,180216,11972,9,11981,337
2020-09-29,Inyo,027,18085,195,4,199,15
2020-09-29,Kern,029,883053,32305,337,32642,410
2020-09-29,Kings,031,150075,8016,38,8054,79
2020-09-29,Lake,033,64148,597,0,597,10
2020-09-29,Lassen,035,31185,750,2,752,0
2020-09-29,Los Angeles,037,10098052,272458,1919,274377,6734
2020-09-29,Madera,039,155013,4655,30,4685,96
2020-09-29,Marin,041,260295,1202,8,1210,83
2020-09-29,Mariposa,043,17540,77,0,77,0
2020-09-29,Mendocino,045,87422,924,4,928,18
2020-09-29,Merced,047,269075,9026,22,9048,150
2020-09-29,Modoc,049,8938,29,0,29,0
2020-09-29,Mono,051,14174,169,3,172,2
2020-09-29,Monterey,053,433212,10164,30,10194,71
2020-09-29,Napa,055,140530,1768,8,1776,12
2020-09-29,Nevada,057,99092,551,16,567,5
2020-09-29,Orange,059,3164182,55902,1497,57399,1407
2020-09-29,Placer,061,380077,3705,13,3718,54
2020-09-29,Plumas,063,18699,51,0,51,0
2020-09-29,Riverside,065,2383286,60473,197,60670,1270
2020-09-29,Sacramento,067,1510023,23078,27,23105,468
2020-09-29,San Benito,069,59416,1349,0,1349,11
2020-09-29,San Bernardino,071,2135413,55750,350,56100,1136
2020-09-29,San Diego,073,3302833,48947,1024,49971,827
2020-09-29,San Francisco,075,870044,11448,28,11476,129
2020-09-29,San Joaquin,077,732212,20451,60,20511,500
2020-09-29,San Luis Obispo,079,281455,3837,17,3854,31
2020-09-29,San Mateo,081,765935,10367,10,10377,158
2020-09-29,Santa Barbara,083,443738,9286,77,9363,118
2020-09-29,Santa Clara,085,1922200,22537,46,22583,318
2020-09-29,Santa Cruz,087,273765,2513,31,2544,13
2020-09-29,Shasta,089,179085,1286,13,1299,27
2020-09-29,Sierra,091,2930,6,0,6,0
2020-09-29,Siskiyou,093,43540,157,10,167,0
2020-09-29,Solano,095,438530,6524,37,6561,82
2020-09-29,Sonoma,097,501317,7930,22,7952,113
2020-09-29,Stanislaus,099,539301,16707,541,17248,363
2020-09-29,Sutter,101,95872,1703,1,1704,11
2020-09-29,Tehama,103,63373,628,2,630,6
2020-09-29,Trinity,105,12862,56,8,64,0
2020-09-29,Tulare,107,460477,16628,141,16769,280
2020-09-29,Tuolumne,109,53932,234,6,240,4
2020-09-29,Ventura,111,848112,13645,184,13829,164
2020-09-29,Yolo,113,214977,2879,7,2886,57
2020-09-29,Yuba,115,75493,1111,3,1114,8
2020-09-28,Alameda,001,1643700,21696,180,21876,371
2020-09-28,Alpine,002,1148,3,0,3,0
2020-09-28,Amador,005,37829,296,0,296,16
2020-09-28,Butte,007,227075,2953,54,3007,48
2020-09-28,Calaveras,009,45235,311,0,311,18
2020-09-28,Colusa,011,21464,534,0,534,6
2020-09-28,Contra Costa,013,1133247,17385,81,17466,240
2020-09-28,Del Norte,015,27424,142,0,142,1
2020-09-28,El Dorado,017,186661,1232,10,1242,4
2020-09-28,Fresno,019,978130,30973,379,31352,448
2020-09-28,Glenn,021,27897,600,0,600,3
2020-09-28,Humboldt,023,135768,509,1,510,7
2020-09-28,Imperial,025,180216,11937,9,11946,337
2020-09-28,Inyo,027,18085,194,4,198,15
2020-09-28,Kern,029,883053,32240,333,32573,409
2020-09-28,Kings,031,150075,7875,36,7911,79
2020-09-28,Lake,033,64148,593,0,593,10
2020-09-28,Lassen,035,31185,749,2,751,0
2020-09-28,Los Angeles,037,10098052,271351,1889,273240,6723
2020-09-28,Madera,039,155013,4634,30,4664,96
2020-09-28,Marin,041,260295,1202,8,1210,83
2020-09-28,Mariposa,043,17540,77,0,77,0
2020-09-28,Mendocino,045,87422,909,4,913,18
2020-09-28,Merced,047,269075,9006,22,9028,150
2020-09-28,Modoc,049,8938,29,0,29,0
2020-09-28,Mono,051,14174,169,3,172,2
2020-09-28,Monterey,053,433212,10099,28,10127,70
2020-09-28,Napa,055,140530,1756,8,1764,12
2020-09-28,Nevada,057,99092,543,16,559,5
2020-09-28,Orange,059,3164182,55697,1488,57185,1402
2020-09-28,Placer,061,380077,3684,13,3697,54
2020-09-28,Plumas,063,18699,50,0,50,0
2020-09-28,Riverside,065,2383286,60175,188,60363,1266
2020-09-28,Sacramento,067,1510023,22931,27,22958,463
2020-09-28,San Benito,069,59416,1346,0,1346,11
2020-09-28,San Bernardino,071,2135413,55402,350,55752,1133
2020-09-28,San Diego,073,3302833,48629,1004,49633,823
2020-09-28,San Francisco,075,870044,11414,28,11442,128
2020-09-28,San Joaquin,077,732212,20404,59,20463,498
2020-09-28,San Luis Obispo,079,281455,3816,17,3833,31
2020-09-28,San Mateo,081,765935,10317,10,10327,158
2020-09-28,Santa Barbara,083,443738,9268,77,9345,118
2020-09-28,Santa Clara,085,1922200,22420,46,22466,316
2020-09-28,Santa Cruz,087,273765,2503,31,2534,13
2020-09-28,Shasta,089,179085,1232,10,1242,25
2020-09-28,Sierra,091,2930,6,0,6,0
2020-09-28,Siskiyou,093,43540,157,10,167,0
2020-09-28,Solano,095,438530,6487,37,6524,82
2020-09-28,Sonoma,097,501317,7854,22,7876,113
2020-09-28,Stanislaus,099,539301,16668,534,17202,360
2020-09-28,Sutter,101,95872,1696,1,1697,11
2020-09-28,Tehama,103,63373,620,2,622,5
2020-09-28,Trinity,105,12862,56,8,64,0
2020-09-28,Tulare,107,460477,16575,136,16711,279
2020-09-28,Tuolumne,109,53932,234,6,240,4
2020-09-28,Ventura,111,848112,13567,178,13745,163
2020-09-28,Yolo,113,214977,2862,7,2869,57
2020-09-28,Yuba,115,75493,1108,3,1111,8
2020-09-27,Alameda,001,1643700,21614,176,21790,371
2020-09-27,Alpine,002,1148,3,0,3,0
2020-09-27,Amador,005,37829,296,0,296,16
2020-09-27,Butte,007,227075,2942,53,2995,48
2020-09-27,Calaveras,009,45235,310,0,310,18
2020-09-27,Colusa,011,21464,533,0,533,6
2020-09-27,Contra Costa,013,1133247,17284,80,17364,239
2020-09-27,Del Norte,015,27424,142,0,142,1
2020-09-27,El Dorado,017,186661,1217,10,1227,4
2020-09-27,Fresno,019,978130,30868,379,31247,446
2020-09-27,Glenn,021,27897,596,0,596,3
2020-09-27,Humboldt,023,135768,507,1,508,7
2020-09-27,Imperial,025,180216,11903,9,11912,336
2020-09-27,Inyo,027,18085,192,4,196,15
2020-09-27,Kern,029,883053,32121,330,32451,408
2020-09-27,Kings,031,150075,7855,36,7891,79
2020-09-27,Lake,033,64148,589,0,589,10
2020-09-27,Lassen,035,31185,749,2,751,0
2020-09-27,Los Angeles,037,10098052,270171,1870,272041,6702
2020-09-27,Madera,039,155013,4605,30,4635,96
2020-09-27,Marin,041,260295,1202,8,1210,83
2020-09-27,Mariposa,043,17540,77,0,77,0
2020-09-27,Mendocino,045,87422,903,4,907,18
2020-09-27,Merced,047,269075,8977,22,8999,150
2020-09-27,Modoc,049,8938,29,0,29,0
2020-09-27,Mono,051,14174,169,3,172,2
2020-09-27,Monterey,053,433212,10039,27,10066,70
2020-09-27,Napa,055,140530,1751,8,1759,12
2020-09-27,Nevada,057,99092,542,16,558,5
2020-09-27,Orange,059,3164182,55422,1479,56901,1397
2020-09-27,Placer,061,380077,3671,13,3684,53
2020-09-27,Plumas,063,18699,50,0,50,0
2020-09-27,Riverside,065,2383286,59879,180,60059,1264
2020-09-27,Sacramento,067,1510023,22833,27,22860,461
2020-09-27,San Benito,069,59416,1346,0,1346,10
2020-09-27,San Bernardino,071,2135413,54966,350,55316,1128
2020-09-27,San Diego,073,3302833,48285,987,49272,823
2020-09-27,San Francisco,075,870044,11362,28,11390,125
2020-09-27,San Joaquin,077,732212,20345,59,20404,495
2020-09-27,San Luis Obispo,079,281455,3796,17,3813,31
2020-09-27,San Mateo,081,765935,10249,10,10259,157
2020-09-27,Santa Barbara,083,443738,9247,76,9323,117
2020-09-27,Santa Clara,085,1922200,22311,46,22357,314
2020-09-27,Santa Cruz,087,273765,2481,31,2512,13
2020-09-27,Shasta,089,179085,1189,9,1198,24
2020-09-27,Sierra,091,2930,6,0,6,0
2020-09-27,Siskiyou,093,43540,156,10,166,0
2020-09-27,Solano,095,438530,6452,37,6489,81
2020-09-27,Sonoma,097,501317,7773,22,7795,113
2020-09-27,Stanislaus,099,539301,16617,528,17145,360
2020-09-27,Sutter,101,95872,1689,1,1690,11
2020-09-27,Tehama,103,63373,603,2,605,5
2020-09-27,Trinity,105,12862,56,8,64,0
2020-09-27,Tulare,107,460477,16496,127,16623,279
2020-09-27,Tuolumne,109,53932,233,6,239,4
2020-09-27,Ventura,111,848112,13478,169,13647,162
2020-09-27,Yolo,113,214977,2848,7,2855,57
2020-09-27,Yuba,115,75493,1098,3,1101,8
2020-09-26,Alameda,001,1643700,21556,175,21731,371
2020-09-26,Alpine,002,1148,3,0,3,0
2020-09-26,Amador,005,37829,295,0,295,16
2020-09-26,Butte,007,227075,2934,53,2987,48
2020-09-26,Calaveras,009,45235,310,0,310,18
2020-09-26,Colusa,011,21464,533,0,533,6
2020-09-26,Contra Costa,013,1133247,17240,80,17320,239
2020-09-26,Del Norte,015,27424,142,0,142,1
2020-09-26,El Dorado,017,186661,1212,10,1222,4
2020-09-26,Fresno,019,978130,30801,379,31180,445
2020-09-26,Glenn,021,27897,596,0,596,3
2020-09-26,Humboldt,023,135768,507,1,508,7
2020-09-26,Imperial,025,180216,11886,9,11895,336
2020-09-26,Inyo,027,18085,191,4,195,15
2020-09-26,Kern,029,883053,32070,330,32400,408
2020-09-26,Kings,031,150075,7843,36,7879,79
2020-09-26,Lake,033,64148,586,0,586,10
2020-09-26,Lassen,035,31185,749,2,751,0
2020-09-26,Los Angeles,037,10098052,269538,1856,271394,6681
2020-09-26,Madera,039,155013,4589,30,4619,95
2020-09-26,Marin,041,260295,1201,8,1209,83
2020-09-26,Mariposa,043,17540,76,0,76,0
2020-09-26,Mendocino,045,87422,898,4,902,18
2020-09-26,Merced,047,269075,8965,21,8986,149
2020-09-26,Modoc,049,8938,29,0,29,0
2020-09-26,Mono,051,14174,169,3,172,2
2020-09-26,Monterey,053,433212,10012,27,10039,69
2020-09-26,Napa,055,140530,1749,8,1757,12
2020-09-26,Nevada,057,99092,542,16,558,5
2020-09-26,Orange,059,3164182,55283,1473,56756,1388
2020-09-26,Placer,061,380077,3658,13,3671,52
2020-09-26,Plumas,063,18699,49,0,49,0
2020-09-26,Riverside,065,2383286,59744,178,59922,1260
2020-09-26,Sacramento,067,1510023,22775,27,22802,458
2020-09-26,San Benito,069,59416,1344,0,1344,10
2020-09-26,San Bernardino,071,2135413,54833,350,55183,1124
2020-09-26,San Diego,073,3302833,48080,973,49053,820
2020-09-26,San Francisco,075,870044,11333,28,11361,125
2020-09-26,San Joaquin,077,732212,20309,57,20366,493
2020-09-26,San Luis Obispo,079,281455,3780,17,3797,31
2020-09-26,San Mateo,081,765935,10215,10,10225,157
2020-09-26,Santa Barbara,083,443738,9236,76,9312,117
2020-09-26,Santa Clara,085,1922200,22240,45,22285,310
2020-09-26,Santa Cruz,087,273765,2473,31,2504,13
2020-09-26,Shasta,089,179085,1139,8,1147,23
2020-09-26,Sierra,091,2930,6,0,6,0
2020-09-26,Siskiyou,093,43540,155,10,165,0
2020-09-26,Solano,095,438530,6433,37,6470,81
2020-09-26,Sonoma,097,501317,7748,21,7769,113
2020-09-26,Stanislaus,099,539301,16592,520,17112,360
2020-09-26,Sutter,101,95872,1684,1,1685,11
2020-09-26,Tehama,103,63373,591,2,593,5
2020-09-26,Trinity,105,12862,54,8,62,0
2020-09-26,Tulare,107,460477,16471,125,16596,278
2020-09-26,Tuolumne,109,53932,233,6,239,4
2020-09-26,Ventura,111,848112,13443,168,13611,162
2020-09-26,Yolo,113,214977,2846,7,2853,57
2020-09-26,Yuba,115,75493,1094,3,1097,7
2020-09-25,Alameda,001,1643700,21502,175,21677,370
2020-09-25,Alpine,002,1148,3,0,3,0
2020-09-25,Amador,005,37829,295,0,295,16
2020-09-25,Butte,007,227075,2929,53,2982,48
2020-09-25,Calaveras,009,45235,310,0,310,18
2020-09-25,Colusa,011,21464,533,0,533,6
2020-09-25,Contra Costa,013,1133247,17182,80,17262,237
2020-09-25,Del Norte,015,27424,142,0,142,1
2020-09-25,El Dorado,017,186661,1208,10,1218,4
2020-09-25,Fresno,019,978130,30741,378,31119,444
2020-09-25,Glenn,021,27897,594,0,594,3
2020-09-25,Humboldt,023,135768,506,1,507,6
2020-09-25,Imperial,025,180216,11868,9,11877,334
2020-09-25,Inyo,027,18085,189,4,193,15
2020-09-25,Kern,029,883053,32017,328,32345,406
2020-09-25,Kings,031,150075,7838,36,7874,78
2020-09-25,Lake,033,64148,585,0,585,10
2020-09-25,Lassen,035,31185,749,2,751,0
2020-09-25,Los Angeles,037,10098052,268744,1843,270587,6660
2020-09-25,Madera,039,155013,4570,30,4600,95
2020-09-25,Marin,041,260295,1200,8,1208,83
2020-09-25,Mariposa,043,17540,76,0,76,0
2020-09-25,Mendocino,045,87422,883,3,886,18
2020-09-25,Merced,047,269075,8949,21,8970,148
2020-09-25,Modoc,049,8938,29,0,29,0
2020-09-25,Mono,051,14174,169,3,172,2
2020-09-25,Monterey,053,433212,9960,27,9987,69
2020-09-25,Napa,055,140530,1747,8,1755,12
2020-09-25,Nevada,057,99092,540,16,556,5
2020-09-25,Orange,059,3164182,55156,1465,56621,1383
2020-09-25,Placer,061,380077,3647,13,3660,52
2020-09-25,Plumas,063,18699,49,0,49,0
2020-09-25,Riverside,065,2383286,59568,173,59741,1257
2020-09-25,Sacramento,067,1510023,22698,27,22725,452
2020-09-25,San Benito,069,59416,1343,0,1343,10
2020-09-25,San Bernardino,071,2135413,54679,350,55029,1121
2020-09-25,San Diego,073,3302833,47878,957,48835,811
2020-09-25,San Francisco,075,870044,11299,27,11326,125
2020-09-25,San Joaquin,077,732212,20257,57,20314,491
2020-09-25,San Luis Obispo,079,281455,3768,17,3785,31
2020-09-25,San Mateo,081,765935,10179,10,10189,155
2020-09-25,Santa Barbara,083,443738,9212,76,9288,117
2020-09-25,Santa Clara,085,1922200,22175,44,22219,306
2020-09-25,Santa Cruz,087,273765,2461,30,2491,13
2020-09-25,Shasta,089,179085,1105,8,1113,21
2020-09-25,Sierra,091,2930,6,0,6,0
2020-09-25,Siskiyou,093,43540,155,10,165,0
2020-09-25,Solano,095,438530,6417,37,6454,80
2020-09-25,Sonoma,097,501317,7708,21,7729,113
2020-09-25,Stanislaus,099,539301,16574,518,17092,358
2020-09-25,Sutter,101,95872,1681,1,1682,11
2020-09-25,Tehama,103,63373,583,2,585,5
2020-09-25,Trinity,105,12862,54,8,62,0
2020-09-25,Tulare,107,460477,16431,124,16555,277
2020-09-25,Tuolumne,109,53932,233,6,239,4
2020-09-25,Ventura,111,848112,13400,165,13565,160
2020-09-25,Yolo,113,214977,2838,7,2845,57
2020-09-25,Yuba,115,75493,1089,3,1092,7
2020-09-24,Alameda,001,1643700,21427,172,21599,369
2020-09-24,Alpine,002,1148,3,0,3,0
2020-09-24,Amador,005,37829,295,0,295,16
2020-09-24,Butte,007,227075,2918,53,2971,48
2020-09-24,Calaveras,009,45235,310,0,310,18
2020-09-24,Colusa,011,21464,533,0,533,6
2020-09-24,Contra Costa,013,1133247,17099,80,17179,236
2020-09-24,Del Norte,015,27424,138,0,138,1
2020-09-24,El Dorado,017,186661,1199,10,1209,4
2020-09-24,Fresno,019,978130,30635,373,31008,440
2020-09-24,Glenn,021,27897,590,0,590,3
2020-09-24,Humboldt,023,135768,503,1,504,6
2020-09-24,Imperial,025,180216,11844,9,11853,334
2020-09-24,Inyo,027,18085,189,4,193,15
2020-09-24,Kern,029,883053,31954,326,32280,406
2020-09-24,Kings,031,150075,7822,36,7858,78
2020-09-24,Lake,033,64148,576,0,576,10
2020-09-24,Lassen,035,31185,748,2,750,0
2020-09-24,Los Angeles,037,10098052,267702,1826,269528,6643
2020-09-24,Madera,039,155013,4551,30,4581,95
2020-09-24,Marin,041,260295,1200,8,1208,83
2020-09-24,Mariposa,043,17540,76,0,76,0
2020-09-24,Mendocino,045,87422,879,3,882,18
2020-09-24,Merced,047,269075,8919,20,8939,146
2020-09-24,Modoc,049,8938,29,0,29,0
2020-09-24,Mono,051,14174,169,3,172,2
2020-09-24,Monterey,053,433212,9894,25,9919,68
2020-09-24,Napa,055,140530,1735,8,1743,12
2020-09-24,Nevada,057,99092,539,16,555,5
2020-09-24,Orange,059,3164182,54950,1447,56397,1372
2020-09-24,Placer,061,380077,3633,13,3646,51
2020-09-24,Plumas,063,18699,49,0,49,0
2020-09-24,Riverside,065,2383286,59303,167,59470,1255
2020-09-24,Sacramento,067,1510023,22570,26,22596,451
2020-09-24,San Benito,069,59416,1341,0,1341,9
2020-09-24,San Bernardino,071,2135413,54342,349,54691,1116
2020-09-24,San Diego,073,3302833,47609,942,48551,809
2020-09-24,San Francisco,075,870044,11252,27,11279,123
2020-09-24,San Joaquin,077,732212,20219,55,20274,489
2020-09-24,San Luis Obispo,079,281455,3752,17,3769,31
2020-09-24,San Mateo,081,765935,10131,10,10141,155
2020-09-24,Santa Barbara,083,443738,9159,75,9234,116
2020-09-24,Santa Clara,085,1922200,22087,44,22131,306
2020-09-24,Santa Cruz,087,273765,2441,28,2469,12
2020-09-24,Shasta,089,179085,1068,5,1073,21
2020-09-24,Sierra,091,2930,6,0,6,0
2020-09-24,Siskiyou,093,43540,155,10,165,0
2020-09-24,Solano,095,438530,6384,37,6421,80
2020-09-24,Sonoma,097,501317,7627,21,7648,113
2020-09-24,Stanislaus,099,539301,16538,513,17051,358
2020-09-24,Sutter,101,95872,1678,1,1679,11
2020-09-24,Tehama,103,63373,580,2,582,5
2020-09-24,Trinity,105,12862,54,8,62,0
2020-09-24,Tulare,107,460477,16366,123,16489,277
2020-09-24,Tuolumne,109,53932,233,6,239,4
2020-09-24,Ventura,111,848112,13318,164,13482,160
2020-09-24,Yolo,113,214977,2831,7,2838,57
2020-09-24,Yuba,115,75493,1084,3,1087,7
2020-09-23,Alameda,001,1643700,21358,170,21528,366
2020-09-23,Alpine,002,1148,3,0,3,0
2020-09-23,Amador,005,37829,294,0,294,16
2020-09-23,Butte,007,227075,2910,53,2963,47
2020-09-23,Calaveras,009,45235,309,0,309,16
2020-09-23,Colusa,011,21464,532,0,532,6
2020-09-23,Contra Costa,013,1133247,17039,80,17119,234
2020-09-23,Del Norte,015,27424,136,0,136,1
2020-09-23,El Dorado,017,186661,1185,10,1195,4
2020-09-23,Fresno,019,978130,30542,371,30913,437
2020-09-23,Glenn,021,27897,583,0,583,3
2020-09-23,Humboldt,023,135768,499,1,500,5
2020-09-23,Imperial,025,180216,11819,9,11828,332
2020-09-23,Inyo,027,18085,188,4,192,15
2020-09-23,Kern,029,883053,31910,324,32234,406
2020-09-23,Kings,031,150075,7800,36,7836,77
2020-09-23,Lake,033,64148,571,0,571,10
2020-09-23,Lassen,035,31185,748,2,750,0
2020-09-23,Los Angeles,037,10098052,266683,1799,268482,6624
2020-09-23,Madera,039,155013,4536,30,4566,94
2020-09-23,Marin,041,260295,1200,8,1208,83
2020-09-23,Mariposa,043,17540,76,0,76,0
2020-09-23,Mendocino,045,87422,878,2,880,18
2020-09-23,Merced,047,269075,8898,19,8917,145
2020-09-23,Modoc,049,8938,29,0,29,0
2020-09-23,Mono,051,14174,169,3,172,2
2020-09-23,Monterey,053,433212,9825,24,9849,68
2020-09-23,Napa,055,140530,1726,8,1734,12
2020-09-23,Nevada,057,99092,538,16,554,5
2020-09-23,Orange,059,3164182,54722,1439,56161,1368
2020-09-23,Placer,061,380077,3621,13,3634,51
2020-09-23,Plumas,063,18699,49,0,49,0
2020-09-23,Riverside,065,2383286,58997,164,59161,1250
2020-09-23,Sacramento,067,1510023,22494,26,22520,445
2020-09-23,San Benito,069,59416,1335,0,1335,9
2020-09-23,San Bernardino,071,2135413,54049,347,54396,1112
2020-09-23,San Diego,073,3302833,47333,923,48256,806
2020-09-23,San Francisco,075,870044,11203,27,11230,121
2020-09-23,San Joaquin,077,732212,20165,55,20220,488
2020-09-23,San Luis Obispo,079,281455,3734,17,3751,31
2020-09-23,San Mateo,081,765935,10091,10,10101,154
2020-09-23,Santa Barbara,083,443738,9130,75,9205,116
2020-09-23,Santa Clara,085,1922200,21977,41,22018,304
2020-09-23,Santa Cruz,087,273765,2422,28,2450,12
2020-09-23,Shasta,089,179085,1029,4,1033,20
2020-09-23,Sierra,091,2930,6,0,6,0
2020-09-23,Siskiyou,093,43540,155,10,165,0
2020-09-23,Solano,095,438530,6358,37,6395,78
2020-09-23,Sonoma,097,501317,7551,21,7572,113
2020-09-23,Stanislaus,099,539301,16508,510,17018,355
2020-09-23,Sutter,101,95872,1674,1,1675,11
2020-09-23,Tehama,103,63373,574,2,576,5
2020-09-23,Trinity,105,12862,53,8,61,0
2020-09-23,Tulare,107,460477,16301,122,16423,277
2020-09-23,Tuolumne,109,53932,233,6,239,4
2020-09-23,Ventura,111,848112,13262,162,13424,159
2020-09-23,Yolo,113,214977,2813,7,2820,57
2020-09-23,Yuba,115,75493,1082,3,1085,7
2020-09-22,Alameda,001,1643700,21279,168,21447,364
2020-09-22,Alpine,002,1148,2,0,2,0
2020-09-22,Amador,005,37829,293,0,293,16
2020-09-22,Butte,007,227075,2904,53,2957,47
2020-09-22,Calaveras,009,45235,309,0,309,16
2020-09-22,Colusa,011,21464,530,0,530,6
2020-09-22,Contra Costa,013,1133247,16949,80,17029,231
2020-09-22,Del Norte,015,27424,136,0,136,1
2020-09-22,El Dorado,017,186661,1166,10,1176,4
2020-09-22,Fresno,019,978130,30447,368,30815,435
2020-09-22,Glenn,021,27897,580,0,580,3
2020-09-22,Humboldt,023,135768,498,1,499,5
2020-09-22,Imperial,025,180216,11790,9,11799,332
2020-09-22,Inyo,027,18085,188,4,192,15
2020-09-22,Kern,029,883053,31843,317,32160,403
2020-09-22,Kings,031,150075,7743,35,7778,76
2020-09-22,Lake,033,64148,565,0,565,10
2020-09-22,Lassen,035,31185,747,2,749,0
2020-09-22,Los Angeles,037,10098052,265617,1773,267390,6594
2020-09-22,Madera,039,155013,4520,30,4550,93
2020-09-22,Marin,041,260295,1200,8,1208,82
2020-09-22,Mariposa,043,17540,76,0,76,0
2020-09-22,Mendocino,045,87422,858,1,859,18
2020-09-22,Merced,047,269075,8865,19,8884,145
2020-09-22,Modoc,049,8938,29,0,29,0
2020-09-22,Mono,051,14174,168,3,171,2
2020-09-22,Monterey,053,433212,9767,23,9790,67
2020-09-22,Napa,055,140530,1709,8,1717,12
2020-09-22,Nevada,057,99092,538,16,554,5
2020-09-22,Orange,059,3164182,54471,1430,55901,1366
2020-09-22,Placer,061,380077,3609,13,3622,50
2020-09-22,Plumas,063,18699,49,0,49,0
2020-09-22,Riverside,065,2383286,58513,160,58673,1246
2020-09-22,Sacramento,067,1510023,22375,26,22401,442
2020-09-22,San Benito,069,59416,1330,0,1330,9
2020-09-22,San Bernardino,071,2135413,53775,347,54122,1112
2020-09-22,San Diego,073,3302833,47026,904,47930,804
2020-09-22,San Francisco,075,870044,11159,26,11185,120
2020-09-22,San Joaquin,077,732212,20118,54,20172,488
2020-09-22,San Luis Obispo,079,281455,3712,17,3729,31
2020-09-22,San Mateo,081,765935,10053,10,10063,154
2020-09-22,Santa Barbara,083,443738,9100,74,9174,116
2020-09-22,Santa Clara,085,1922200,21858,41,21899,302
2020-09-22,Santa Cruz,087,273765,2398,28,2426,12
2020-09-22,Shasta,089,179085,994,4,998,19
2020-09-22,Sierra,091,2930,6,0,6,0
2020-09-22,Siskiyou,093,43540,155,10,165,0
2020-09-22,Solano,095,438530,6327,37,6364,77
2020-09-22,Sonoma,097,501317,7472,20,7492,113
2020-09-22,Stanislaus,099,539301,16485,503,16988,353
2020-09-22,Sutter,101,95872,1668,1,1669,11
2020-09-22,Tehama,103,63373,566,2,568,4
2020-09-22,Trinity,105,12862,53,8,61,0
2020-09-22,Tulare,107,460477,16234,119,16353,276
2020-09-22,Tuolumne,109,53932,232,6,238,4
2020-09-22,Ventura,111,848112,13210,158,13368,158
2020-09-22,Yolo,113,214977,2806,7,2813,57
2020-09-22,Yuba,115,75493,1073,3,1076,7
2020-09-21,Alameda,001,1643700,21200,167,21367,360
2020-09-21,Alpine,002,1148,2,0,2,0
2020-09-21,Amador,005,37829,291,0,291,16
2020-09-21,Butte,007,227075,2890,53,2943,47
2020-09-21,Calaveras,009,45235,307,0,307,15
2020-09-21,Colusa,011,21464,529,0,529,6
2020-09-21,Contra Costa,013,1133247,16869,80,16949,230
2020-09-21,Del Norte,015,27424,136,0,136,1
2020-09-21,El Dorado,017,186661,1157,10,1167,4
2020-09-21,Fresno,019,978130,30345,361,30706,433
2020-09-21,Glenn,021,27897,576,0,576,3
2020-09-21,Humboldt,023,135768,494,1,495,5
2020-09-21,Imperial,025,180216,11759,9,11768,331
2020-09-21,Inyo,027,18085,187,4,191,15
2020-09-21,Kern,029,883053,31772,315,32087,403
2020-09-21,Kings,031,150075,7630,34,7664,76
2020-09-21,Lake,033,64148,560,0,560,10
2020-09-21,Lassen,035,31185,745,2,747,0
2020-09-21,Los Angeles,037,10098052,264531,1728,266259,6574
2020-09-21,Madera,039,155013,4509,29,4538,93
2020-09-21,Marin,041,260295,1200,8,1208,82
2020-09-21,Mariposa,043,17540,75,0,75,0
2020-09-21,Mendocino,045,87422,843,0,843,18
2020-09-21,Merced,047,269075,8842,19,8861,145
2020-09-21,Modoc,049,8938,29,0,29,0
2020-09-21,Mono,051,14174,168,3,171,2
2020-09-21,Monterey,053,433212,9703,20,9723,67
2020-09-21,Napa,055,140530,1698,8,1706,12
2020-09-21,Nevada,057,99092,536,16,552,5
2020-09-21,Orange,059,3164182,54249,1423,55672,1359
2020-09-21,Placer,061,380077,3599,13,3612,50
2020-09-21,Plumas,063,18699,49,0,49,0
2020-09-21,Riverside,065,2383286,58241,153,58394,1244
2020-09-21,Sacramento,067,1510023,22193,26,22219,438
2020-09-21,San Benito,069,59416,1328,0,1328,9
2020-09-21,San Bernardino,071,2135413,53488,347,53835,1109
2020-09-21,San Diego,073,3302833,46742,883,47625,801
2020-09-21,San Francisco,075,870044,11111,26,11137,117
2020-09-21,San Joaquin,077,732212,20061,54,20115,486
2020-09-21,San Luis Obispo,079,281455,3686,17,3703,31
2020-09-21,San Mateo,081,765935,10001,10,10011,154
2020-09-21,Santa Barbara,083,443738,9072,74,9146,116
2020-09-21,Santa Clara,085,1922200,21758,41,21799,300
2020-09-21,Santa Cruz,087,273765,2382,26,2408,11
2020-09-21,Shasta,089,179085,944,4,948,18
2020-09-21,Sierra,091,2930,6,0,6,0
2020-09-21,Siskiyou,093,43540,155,10,165,0
2020-09-21,Solano,095,438530,6303,37,6340,76
2020-09-21,Sonoma,097,501317,7396,20,7416,112
2020-09-21,Stanislaus,099,539301,16455,503,16958,350
2020-09-21,Sutter,101,95872,1661,1,1662,10
2020-09-21,Tehama,103,63373,547,2,549,4
2020-09-21,Trinity,105,12862,53,8,61,0
2020-09-21,Tulare,107,460477,16161,110,16271,273
2020-09-21,Tuolumne,109,53932,232,6,238,4
2020-09-21,Ventura,111,848112,13126,152,13278,156
2020-09-21,Yolo,113,214977,2800,7,2807,57
2020-09-21,Yuba,115,75493,1069,3,1072,7
2020-09-20,Alameda,001,1643700,21099,164,21263,359
2020-09-20,Alpine,002,1148,2,0,2,0
2020-09-20,Amador,005,37829,290,0,290,16
2020-09-20,Butte,007,227075,2878,53,2931,47
2020-09-20,Calaveras,009,45235,303,0,303,15
2020-09-20,Colusa,011,21464,527,0,527,6
2020-09-20,Contra Costa,013,1133247,16752,79,16831,228
2020-09-20,Del Norte,015,27424,134,0,134,1
2020-09-20,El Dorado,017,186661,1142,10,1152,4
2020-09-20,Fresno,019,978130,30232,356,30588,430
2020-09-20,Glenn,021,27897,572,0,572,3
2020-09-20,Humboldt,023,135768,494,1,495,5
2020-09-20,Imperial,025,180216,11732,8,11740,331
2020-09-20,Inyo,027,18085,187,4,191,15
2020-09-20,Kern,029,883053,31688,311,31999,402
2020-09-20,Kings,031,150075,7583,33,7616,76
2020-09-20,Lake,033,64148,548,0,548,10
2020-09-20,Lassen,035,31185,745,2,747,0
2020-09-20,Los Angeles,037,10098052,263303,1704,265007,6558
2020-09-20,Madera,039,155013,4489,29,4518,92
2020-09-20,Marin,041,260295,1199,8,1207,82
2020-09-20,Mariposa,043,17540,75,0,75,0
2020-09-20,Mendocino,045,87422,831,0,831,18
2020-09-20,Merced,047,269075,8815,19,8834,142
2020-09-20,Modoc,049,8938,27,0,27,0
2020-09-20,Mono,051,14174,167,3,170,2
2020-09-20,Monterey,053,433212,9624,20,9644,67
2020-09-20,Napa,055,140530,1689,8,1697,12
2020-09-20,Nevada,057,99092,533,16,549,5
2020-09-20,Orange,059,3164182,54008,1413,55421,1353
2020-09-20,Placer,061,380077,3585,13,3598,48
2020-09-20,Plumas,063,18699,49,0,49,0
2020-09-20,Riverside,065,2383286,58040,147,58187,1240
2020-09-20,Sacramento,067,1510023,22006,25,22031,436
2020-09-20,San Benito,069,59416,1317,0,1317,9
2020-09-20,San Bernardino,071,2135413,53171,345,53516,1106
2020-09-20,San Diego,073,3302833,46369,854,47223,797
2020-09-20,San Francisco,075,870044,11057,26,11083,117
2020-09-20,San Joaquin,077,732212,19997,47,20044,484
2020-09-20,San Luis Obispo,079,281455,3659,17,3676,31
2020-09-20,San Mateo,081,765935,9935,10,9945,154
2020-09-20,Santa Barbara,083,443738,9036,73,9109,116
2020-09-20,Santa Clara,085,1922200,21639,40,21679,299
2020-09-20,Santa Cruz,087,273765,2362,26,2388,11
2020-09-20,Shasta,089,179085,903,3,906,17
2020-09-20,Sierra,091,2930,6,0,6,0
2020-09-20,Siskiyou,093,43540,155,10,165,0
2020-09-20,Solano,095,438530,6259,37,6296,76
2020-09-20,Sonoma,097,501317,7292,20,7312,112
2020-09-20,Stanislaus,099,539301,16423,496,16919,347
2020-09-20,Sutter,101,95872,1655,1,1656,10
2020-09-20,Tehama,103,63373,534,2,536,4
2020-09-20,Trinity,105,12862,53,8,61,0
2020-09-20,Tulare,107,460477,16075,103,16178,273
2020-09-20,Tuolumne,109,53932,232,6,238,4
2020-09-20,Ventura,111,848112,13060,148,13208,154
2020-09-20,Yolo,113,214977,2792,7,2799,57
2020-09-20,Yuba,115,75493,1062,3,1065,7
2020-09-19,Alameda,001,1643700,21049,161,21210,356
2020-09-19,Alpine,002,1148,2,0,2,0
2020-09-19,Amador,005,37829,290,0,290,16
2020-09-19,Butte,007,227075,2872,53,2925,44
2020-09-19,Calaveras,009,45235,303,0,303,15
2020-09-19,Colusa,011,21464,527,0,527,6
2020-09-19,Contra Costa,013,1133247,16690,79,16769,227
2020-09-19,Del Norte,015,27424,133,0,133,1
2020-09-19,El Dorado,017,186661,1136,9,1145,4
2020-09-19,Fresno,019,978130,30159,356,30515,426
2020-09-19,Glenn,021,27897,569,0,569,3
2020-09-19,Humboldt,023,135768,493,1,494,5
2020-09-19,Imperial,025,180216,11717,8,11725,331
2020-09-19,Inyo,027,18085,187,4,191,15
2020-09-19,Kern,029,883053,31636,308,31944,401
2020-09-19,Kings,031,150075,7577,33,7610,76
2020-09-19,Lake,033,64148,548,0,548,10
2020-09-19,Lassen,035,31185,745,2,747,0
2020-09-19,Los Angeles,037,10098052,262679,1690,264369,6543
2020-09-19,Madera,039,155013,4466,29,4495,92
2020-09-19,Marin,041,260295,1197,7,1204,82
2020-09-19,Mariposa,043,17540,75,0,75,0
2020-09-19,Mendocino,045,87422,828,0,828,18
2020-09-19,Merced,047,269075,8804,18,8822,141
2020-09-19,Modoc,049,8938,27,0,27,0
2020-09-19,Mono,051,14174,167,3,170,2
2020-09-19,Monterey,053,433212,9582,20,9602,67
2020-09-19,Napa,055,140530,1681,8,1689,12
2020-09-19,Nevada,057,99092,531,16,547,4
2020-09-19,Orange,059,3164182,53880,1406,55286,1344
2020-09-19,Placer,061,380077,3576,13,3589,47
2020-09-19,Plumas,063,18699,49,0,49,0
2020-09-19,Riverside,065,2383286,57913,146,58059,1236
2020-09-19,Sacramento,067,1510023,21952,25,21977,433
2020-09-19,San Benito,069,59416,1313,0,1313,9
2020-09-19,San Bernardino,071,2135413,53013,342,53355,1102
2020-09-19,San Diego,073,3302833,46141,831,46972,792
2020-09-19,San Francisco,075,870044,11024,26,11050,116
2020-09-19,San Joaquin,077,732212,19961,47,20008,482
2020-09-19,San Luis Obispo,079,281455,3638,17,3655,29
2020-09-19,San Mateo,081,765935,9904,10,9914,154
2020-09-19,Santa Barbara,083,443738,9016,73,9089,116
2020-09-19,Santa Clara,085,1922200,21550,40,21590,298
2020-09-19,Santa Cruz,087,273765,2348,25,2373,11
2020-09-19,Shasta,089,179085,876,3,879,16
2020-09-19,Sierra,091,2930,6,0,6,0
2020-09-19,Siskiyou,093,43540,155,10,165,0
2020-09-19,Solano,095,438530,6243,37,6280,75
2020-09-19,Sonoma,097,501317,7259,20,7279,110
2020-09-19,Stanislaus,099,539301,16382,489,16871,345
2020-09-19,Sutter,101,95872,1654,1,1655,10
2020-09-19,Tehama,103,63373,529,2,531,4
2020-09-19,Trinity,105,12862,53,8,61,0
2020-09-19,Tulare,107,460477,16027,100,16127,269
2020-09-19,Tuolumne,109,53932,232,6,238,4
2020-09-19,Ventura,111,848112,13028,148,13176,154
2020-09-19,Yolo,113,214977,2784,7,2791,57
2020-09-19,Yuba,115,75493,1055,3,1058,7
2020-09-18,Alameda,001,1643700,20983,155,21138,353
2020-09-18,Alpine,002,1148,2,0,2,0
2020-09-18,Amador,005,37829,290,0,290,16
2020-09-18,Butte,007,227075,2870,53,2923,44
2020-09-18,Calaveras,009,45235,303,0,303,15
2020-09-18,Colusa,011,21464,527,0,527,6
2020-09-18,Contra Costa,013,1133247,16600,79,16679,226
2020-09-18,Del Norte,015,27424,133,0,133,1
2020-09-18,El Dorado,017,186661,1123,9,1132,4
2020-09-18,Fresno,019,978130,30095,356,30451,421
2020-09-18,Glenn,021,27897,566,0,566,3
2020-09-18,Humboldt,023,135768,490,1,491,5
2020-09-18,Imperial,025,180216,11702,8,11710,330
2020-09-18,Inyo,027,18085,187,4,191,15
2020-09-18,Kern,029,883053,31576,305,31881,401
2020-09-18,Kings,031,150075,7567,33,7600,76
2020-09-18,Lake,033,64148,542,0,542,9
2020-09-18,Lassen,035,31185,744,2,746,0
2020-09-18,Los Angeles,037,10098052,261917,1672,263589,6525
2020-09-18,Madera,039,155013,4455,29,4484,91
2020-09-18,Marin,041,260295,1195,7,1202,81
2020-09-18,Mariposa,043,17540,75,0,75,0
2020-09-18,Mendocino,045,87422,820,0,820,18
2020-09-18,Merced,047,269075,8794,17,8811,141
2020-09-18,Modoc,049,8938,27,0,27,0
2020-09-18,Mono,051,14174,165,3,168,2
2020-09-18,Monterey,053,433212,9541,20,9561,66
2020-09-18,Napa,055,140530,1675,8,1683,12
2020-09-18,Nevada,057,99092,528,16,544,4
2020-09-18,Orange,059,3164182,53734,1394,55128,1334
2020-09-18,Placer,061,380077,3565,13,3578,46
2020-09-18,Plumas,063,18699,49,0,49,0
2020-09-18,Riverside,065,2383286,57790,141,57931,1232
2020-09-18,Sacramento,067,1510023,21868,25,21893,430
2020-09-18,San Benito,069,59416,1305,0,1305,9
2020-09-18,San Bernardino,071,2135413,52868,339,53207,1098
2020-09-18,San Diego,073,3302833,45891,826,46717,788
2020-09-18,San Francisco,075,870044,10986,25,11011,116
2020-09-18,San Joaquin,077,732212,19918,46,19964,480
2020-09-18,San Luis Obispo,079,281455,3614,17,3631,29
2020-09-18,San Mateo,081,765935,9864,10,9874,153
2020-09-18,Santa Barbara,083,443738,8995,73,9068,115
2020-09-18,Santa Clara,085,1922200,21453,40,21493,294
2020-09-18,Santa Cruz,087,273765,2328,24,2352,10
2020-09-18,Shasta,089,179085,841,3,844,16
2020-09-18,Sierra,091,2930,6,0,6,0
2020-09-18,Siskiyou,093,43540,154,10,164,0
2020-09-18,Solano,095,438530,6227,37,6264,75
2020-09-18,Sonoma,097,501317,7212,20,7232,109
2020-09-18,Stanislaus,099,539301,16352,483,16835,342
2020-09-18,Sutter,101,95872,1647,1,1648,10
2020-09-18,Tehama,103,63373,529,2,531,4
2020-09-18,Trinity,105,12862,53,7,60,0
2020-09-18,Tulare,107,460477,15994,96,16090,268
2020-09-18,Tuolumne,109,53932,231,6,237,4
2020-09-18,Ventura,111,848112,12967,144,13111,154
2020-09-18,Yolo,113,214977,2778,7,2785,57
2020-09-18,Yuba,115,75493,1051,3,1054,7
2020-09-17,Alameda,001,1643700,20884,155,21039,352
2020-09-17,Alpine,002,1148,2,0,2,0
2020-09-17,Amador,005,37829,288,0,288,16
2020-09-17,Butte,007,227075,2853,53,2906,44
2020-09-17,Calaveras,009,45235,303,0,303,15
2020-09-17,Colusa,011,21464,525,0,525,6
2020-09-17,Contra Costa,013,1133247,16515,79,16594,224
2020-09-17,Del Norte,015,27424,133,0,133,1
2020-09-17,El Dorado,017,186661,1114,9,1123,4
2020-09-17,Fresno,019,978130,29984,351,30335,418
2020-09-17,Glenn,021,27897,565,0,565,3
2020-09-17,Humboldt,023,135768,484,1,485,5
2020-09-17,Imperial,025,180216,11685,8,11693,330
2020-09-17,Inyo,027,18085,187,4,191,15
2020-09-17,Kern,029,883053,31516,298,31814,401
2020-09-17,Kings,031,150075,7496,33,7529,76
2020-09-17,Lake,033,64148,532,0,532,9
2020-09-17,Lassen,035,31185,742,2,744,0
2020-09-17,Los Angeles,037,10098052,260974,1658,262632,6511
2020-09-17,Madera,039,155013,4421,29,4450,91
2020-09-17,Marin,041,260295,1195,7,1202,81
2020-09-17,Mariposa,043,17540,75,0,75,0
2020-09-17,Mendocino,045,87422,809,0,809,18
2020-09-17,Merced,047,269075,8774,17,8791,141
2020-09-17,Modoc,049,8938,27,0,27,0
2020-09-17,Mono,051,14174,165,3,168,2
2020-09-17,Monterey,053,433212,9479,20,9499,65
2020-09-17,Napa,055,140530,1664,8,1672,12
2020-09-17,Nevada,057,99092,526,16,542,4
2020-09-17,Orange,059,3164182,53555,1382,54937,1329
2020-09-17,Placer,061,380077,3545,13,3558,44
2020-09-17,Plumas,063,18699,49,0,49,0
2020-09-17,Riverside,065,2383286,57565,140,57705,1230
2020-09-17,Sacramento,067,1510023,21633,25,21658,424
2020-09-17,San Benito,069,59416,1303,0,1303,9
2020-09-17,San Bernardino,071,2135413,52664,339,53003,1092
2020-09-17,San Diego,073,3302833,45611,814,46425,785
2020-09-17,San Francisco,075,870044,10892,25,10917,114
2020-09-17,San Joaquin,077,732212,19859,46,19905,477
2020-09-17,San Luis Obispo,079,281455,3584,17,3601,29
2020-09-17,San Mateo,081,765935,9822,10,9832,152
2020-09-17,Santa Barbara,083,443738,8971,73,9044,115
2020-09-17,Santa Clara,085,1922200,21336,40,21376,294
2020-09-17,Santa Cruz,087,273765,2312,24,2336,10
2020-09-17,Shasta,089,179085,802,3,805,16
2020-09-17,Sierra,091,2930,6,0,6,0
2020-09-17,Siskiyou,093,43540,154,10,164,0
2020-09-17,Solano,095,438530,6204,37,6241,74
2020-09-17,Sonoma,097,501317,7148,20,7168,107
2020-09-17,Stanislaus,099,539301,16319,479,16798,342
2020-09-17,Sutter,101,95872,1642,1,1643,10
2020-09-17,Tehama,103,63373,516,2,518,4
2020-09-17,Trinity,105,12862,53,7,60,0
2020-09-17,Tulare,107,460477,15942,94,16036,266
2020-09-17,Tuolumne,109,53932,230,6,236,4
2020-09-17,Ventura,111,848112,12880,141,13021,153
2020-09-17,Yolo,113,214977,2769,7,2776,57
2020-09-17,Yuba,115,75493,1047,3,1050,7
2020-09-16,Alameda,001,1643700,20786,153,20939,345
2020-09-16,Alpine,002,1148,2,0,2,0
2020-09-16,Amador,005,37829,288,0,288,16
2020-09-16,Butte,007,227075,2843,52,2895,44
2020-09-16,Calaveras,009,45235,303,0,303,15
2020-09-16,Colusa,011,21464,523,0,523,6
2020-09-16,Contra Costa,013,1133247,16427,79,16506,223
2020-09-16,Del Norte,015,27424,133,0,133,1
2020-09-16,El Dorado,017,186661,1106,8,1114,4
2020-09-16,Fresno,019,978130,29877,349,30226,417
2020-09-16,Glenn,021,27897,563,0,563,3
2020-09-16,Humboldt,023,135768,483,1,484,5
2020-09-16,Imperial,025,180216,11662,8,11670,330
2020-09-16,Inyo,027,18085,186,4,190,15
2020-09-16,Kern,029,883053,31457,297,31754,400
2020-09-16,Kings,031,150075,7471,31,7502,76
2020-09-16,Lake,033,64148,521,0,521,9
2020-09-16,Lassen,035,31185,741,2,743,0
2020-09-16,Los Angeles,037,10098052,259993,1641,261634,6492
2020-09-16,Madera,039,155013,4398,29,4427,91
2020-09-16,Marin,041,260295,1193,7,1200,81
2020-09-16,Mariposa,043,17540,75,0,75,0
2020-09-16,Mendocino,045,87422,800,0,800,18
2020-09-16,Merced,047,269075,8749,15,8764,141
2020-09-16,Modoc,049,8938,27,0,27,0
2020-09-16,Mono,051,14174,165,3,168,2
2020-09-16,Monterey,053,433212,9425,20,9445,65
2020-09-16,Napa,055,140530,1650,8,1658,12
2020-09-16,Nevada,057,99092,521,15,536,4
2020-09-16,Orange,059,3164182,53354,1373,54727,1320
2020-09-16,Placer,061,380077,3527,13,3540,44
2020-09-16,Plumas,063,18699,49,0,49,0
2020-09-16,Riverside,065,2383286,57371,132,57503,1226
2020-09-16,Sacramento,067,1510023,21540,25,21565,419
2020-09-16,San Benito,069,59416,1295,0,1295,9
2020-09-16,San Bernardino,071,2135413,52439,338,52777,1087
2020-09-16,San Diego,073,3302833,45319,793,46112,783
2020-09-16,San Francisco,075,870044,10845,25,10870,112
2020-09-16,San Joaquin,077,732212,19804,45,19849,474
2020-09-16,San Luis Obispo,079,281455,3553,17,3570,29
2020-09-16,San Mateo,081,765935,9757,10,9767,152
2020-09-16,Santa Barbara,083,443738,8938,73,9011,115
2020-09-16,Santa Clara,085,1922200,21217,40,21257,292
2020-09-16,Santa Cruz,087,273765,2271,23,2294,10
2020-09-16,Shasta,089,179085,776,3,779,16
2020-09-16,Sierra,091,2930,6,0,6,0
2020-09-16,Siskiyou,093,43540,153,10,163,0
2020-09-16,Solano,095,438530,6175,37,6212,72
2020-09-16,Sonoma,097,501317,7086,20,7106,107
2020-09-16,Stanislaus,099,539301,16271,471,16742,335
2020-09-16,Sutter,101,95872,1629,1,1630,10
2020-09-16,Tehama,103,63373,508,2,510,4
2020-09-16,Trinity,105,12862,53,7,60,0
2020-09-16,Tulare,107,460477,15898,87,15985,266
2020-09-16,Tuolumne,109,53932,229,6,235,4
2020-09-16,Ventura,111,848112,12809,139,12948,151
2020-09-16,Yolo,113,214977,2762,7,2769,57
2020-09-16,Yuba,115,75493,1045,3,1048,7
2020-09-15,Alameda,001,1643700,20680,150,20830,342
2020-09-15,Alpine,002,1148,2,0,2,0
2020-09-15,Amador,005,37829,287,0,287,16
2020-09-15,Butte,007,227075,2830,50,2880,44
2020-09-15,Calaveras,009,45235,303,0,303,15
2020-09-15,Colusa,011,21464,517,0,517,6
2020-09-15,Contra Costa,013,1133247,16321,77,16398,221
2020-09-15,Del Norte,015,27424,133,0,133,1
2020-09-15,El Dorado,017,186661,1101,8,1109,4
2020-09-15,Fresno,019,978130,29769,344,30113,416
2020-09-15,Glenn,021,27897,562,0,562,3
2020-09-15,Humboldt,023,135768,481,1,482,5
2020-09-15,Imperial,025,180216,11637,8,11645,329
2020-09-15,Inyo,027,18085,186,4,190,15
2020-09-15,Kern,029,883053,31344,294,31638,399
2020-09-15,Kings,031,150075,7313,31,7344,76
2020-09-15,Lake,033,64148,508,0,508,8
2020-09-15,Lassen,035,31185,737,2,739,0
2020-09-15,Los Angeles,037,10098052,258884,1619,260503,6473
2020-09-15,Madera,039,155013,4379,29,4408,91
2020-09-15,Marin,041,260295,1191,7,1198,81
2020-09-15,Mariposa,043,17540,75,0,75,0
2020-09-15,Mendocino,045,87422,782,0,782,18
2020-09-15,Merced,047,269075,8720,15,8735,140
2020-09-15,Modoc,049,8938,26,0,26,0
2020-09-15,Mono,051,14174,165,3,168,2
2020-09-15,Monterey,053,433212,9376,20,9396,65
2020-09-15,Napa,055,140530,1636,8,1644,12
2020-09-15,Nevada,057,99092,516,15,531,4
2020-09-15,Orange,059,3164182,53172,1359,54531,1312
2020-09-15,Placer,061,380077,3503,13,3516,44
2020-09-15,Plumas,063,18699,49,0,49,0
2020-09-15,Riverside,065,2383286,57077,122,57199,1224
2020-09-15,Sacramento,067,1510023,21396,25,21421,415
2020-09-15,San Benito,069,59416,1288,0,1288,9
2020-09-15,San Bernardino,071,2135413,52224,337,52561,1082
2020-09-15,San Diego,073,3302833,45000,773,45773,778
2020-09-15,San Francisco,075,870044,10787,25,10812,111
2020-09-15,San Joaquin,077,732212,19752,45,19797,474
2020-09-15,San Luis Obispo,079,281455,3533,17,3550,28
2020-09-15,San Mateo,081,765935,9688,10,9698,152
2020-09-15,Santa Barbara,083,443738,8913,72,8985,115
2020-09-15,Santa Clara,085,1922200,21084,40,21124,292
2020-09-15,Santa Cruz,087,273765,2245,22,2267,10
2020-09-15,Shasta,089,179085,764,3,767,16
2020-09-15,Sierra,091,2930,6,0,6,0
2020-09-15,Siskiyou,093,43540,153,10,163,0
2020-09-15,Solano,095,438530,6141,37,6178,71
2020-09-15,Sonoma,097,501317,7047,20,7067,107
2020-09-15,Stanislaus,099,539301,16223,469,16692,332
2020-09-15,Sutter,101,95872,1618,1,1619,10
2020-09-15,Tehama,103,63373,496,2,498,4
2020-09-15,Trinity,105,12862,53,7,60,0
2020-09-15,Tulare,107,460477,15821,85,15906,264
2020-09-15,Tuolumne,109,53932,229,6,235,4
2020-09-15,Ventura,111,848112,12756,138,12894,150
2020-09-15,Yolo,113,214977,2758,7,2765,57
2020-09-15,Yuba,115,75493,1039,3,1042,7
2020-09-14,Alameda,001,1643700,20553,149,20702,340
2020-09-14,Alpine,002,1148,2,0,2,0
2020-09-14,Amador,005,37829,285,0,285,16
2020-09-14,Butte,007,227075,2812,50,2862,44
2020-09-14,Calaveras,009,45235,303,0,303,15
2020-09-14,Colusa,011,21464,516,0,516,6
2020-09-14,Contra Costa,013,1133247,16197,76,16273,220
2020-09-14,Del Norte,015,27424,130,0,130,1
2020-09-14,El Dorado,017,186661,1097,8,1105,4
2020-09-14,Fresno,019,978130,29686,341,30027,411
2020-09-14,Glenn,021,27897,554,0,554,3
2020-09-14,Humboldt,023,135768,478,1,479,5
2020-09-14,Imperial,025,180216,11617,8,11625,329
2020-09-14,Inyo,027,18085,186,4,190,15
2020-09-14,Kern,029,883053,31256,293,31549,397
2020-09-14,Kings,031,150075,7232,31,7263,76
2020-09-14,Lake,033,64148,487,0,487,7
2020-09-14,Lassen,035,31185,737,2,739,0
2020-09-14,Los Angeles,037,10098052,257855,1594,259449,6452
2020-09-14,Madera,039,155013,4364,29,4393,90
2020-09-14,Marin,041,260295,1191,7,1198,81
2020-09-14,Mariposa,043,17540,75,0,75,0
2020-09-14,Mendocino,045,87422,765,0,765,18
2020-09-14,Merced,047,269075,8702,15,8717,138
2020-09-14,Modoc,049,8938,26,0,26,0
2020-09-14,Mono,051,14174,165,3,168,2
2020-09-14,Monterey,053,433212,9305,19,9324,65
2020-09-14,Napa,055,140530,1619,8,1627,12
2020-09-14,Nevada,057,99092,511,15,526,4
2020-09-14,Orange,059,3164182,53011,1343,54354,1302
2020-09-14,Placer,061,380077,3481,13,3494,43
2020-09-14,Plumas,063,18699,48,0,48,0
2020-09-14,Riverside,065,2383286,56858,118,56976,1217
2020-09-14,Sacramento,067,1510023,21201,24,21225,411
2020-09-14,San Benito,069,59416,1273,0,1273,9
2020-09-14,San Bernardino,071,2135413,52000,336,52336,1076
2020-09-14,San Diego,073,3302833,44689,753,45442,773
2020-09-14,San Francisco,075,870044,10720,23,10743,111
2020-09-14,San Joaquin,077,732212,19678,44,19722,472
2020-09-14,San Luis Obispo,079,281455,3508,17,3525,28
2020-09-14,San Mateo,081,765935,9627,10,9637,152
2020-09-14,Santa Barbara,083,443738,8887,72,8959,114
2020-09-14,Santa Clara,085,1922200,20896,40,20936,289
2020-09-14,Santa Cruz,087,273765,2223,21,2244,10
2020-09-14,Shasta,089,179085,741,3,744,16
2020-09-14,Sierra,091,2930,6,0,6,0
2020-09-14,Siskiyou,093,43540,152,10,162,0
2020-09-14,Solano,095,438530,6106,37,6143,69
2020-09-14,Sonoma,097,501317,6983,20,7003,105
2020-09-14,Stanislaus,099,539301,16178,466,16644,328
2020-09-14,Sutter,101,95872,1607,1,1608,10
2020-09-14,Tehama,103,63373,494,2,496,3
2020-09-14,Trinity,105,12862,52,7,59,0
2020-09-14,Tulare,107,460477,15752,80,15832,263
2020-09-14,Tuolumne,109,53932,228,6,234,4
2020-09-14,Ventura,111,848112,12654,135,12789,149
2020-09-14,Yolo,113,214977,2747,7,2754,57
2020-09-14,Yuba,115,75493,1031,3,1034,7
2020-09-13,Alameda,001,1643700,20447,146,20593,338
2020-09-13,Alpine,002,1148,2,0,2,0
2020-09-13,Amador,005,37829,282,0,282,16
2020-09-13,Butte,007,227075,2791,50,2841,44
2020-09-13,Calaveras,009,45235,302,0,302,15
2020-09-13,Colusa,011,21464,512,0,512,6
2020-09-13,Contra Costa,013,1133247,16091,76,16167,218
2020-09-13,Del Norte,015,27424,127,0,127,1
2020-09-13,El Dorado,017,186661,1092,8,1100,4
2020-09-13,Fresno,019,978130,29575,332,29907,410
2020-09-13,Glenn,021,27897,550,0,550,3
2020-09-13,Humboldt,023,135768,478,1,479,5
2020-09-13,Imperial,025,180216,11580,7,11587,327
2020-09-13,Inyo,027,18085,186,4,190,15
2020-09-13,Kern,029,883053,31160,287,31447,395
2020-09-13,Kings,031,150075,7213,31,7244,76
2020-09-13,Lake,033,64148,469,0,469,6
2020-09-13,Lassen,035,31185,734,2,736,0
2020-09-13,Los Angeles,037,10098052,256702,1579,258281,6434
2020-09-13,Madera,039,155013,4307,29,4336,89
2020-09-13,Marin,041,260295,1191,7,1198,80
2020-09-13,Mariposa,043,17540,75,0,75,0
2020-09-13,Mendocino,045,87422,758,0,758,18
2020-09-13,Merced,047,269075,8673,15,8688,137
2020-09-13,Modoc,049,8938,26,0,26,0
2020-09-13,Mono,051,14174,165,3,168,2
2020-09-13,Monterey,053,433212,9223,18,9241,64
2020-09-13,Napa,055,140530,1612,8,1620,12
2020-09-13,Nevada,057,99092,503,15,518,4
2020-09-13,Orange,059,3164182,52796,1336,54132,1296
2020-09-13,Placer,061,380077,3452,13,3465,43
2020-09-13,Plumas,063,18699,48,0,48,0
2020-09-13,Riverside,065,2383286,56651,107,56758,1214
2020-09-13,Sacramento,067,1510023,20856,24,20880,407
2020-09-13,San Benito,069,59416,1265,0,1265,9
2020-09-13,San Bernardino,071,2135413,51713,334,52047,1069
2020-09-13,San Diego,073,3302833,44363,719,45082,767
2020-09-13,San Francisco,075,870044,10642,23,10665,111
2020-09-13,San Joaquin,077,732212,19607,43,19650,468
2020-09-13,San Luis Obispo,079,281455,3471,17,3488,26
2020-09-13,San Mateo,081,765935,9566,10,9576,150
2020-09-13,Santa Barbara,083,443738,8850,72,8922,114
2020-09-13,Santa Clara,085,1922200,20757,39,20796,285
2020-09-13,Santa Cruz,087,273765,2189,19,2208,9
2020-09-13,Shasta,089,179085,729,3,732,16
2020-09-13,Sierra,091,2930,6,0,6,0
2020-09-13,Siskiyou,093,43540,152,9,161,0
2020-09-13,Solano,095,438530,6060,37,6097,67
2020-09-13,Sonoma,097,501317,6918,20,6938,104
2020-09-13,Stanislaus,099,539301,16115,454,16569,327
2020-09-13,Sutter,101,95872,1595,1,1596,10
2020-09-13,Tehama,103,63373,490,2,492,3
2020-09-13,Trinity,105,12862,52,7,59,0
2020-09-13,Tulare,107,460477,15681,79,15760,263
2020-09-13,Tuolumne,109,53932,224,6,230,4
2020-09-13,Ventura,111,848112,12546,134,12680,147
2020-09-13,Yolo,113,214977,2735,7,2742,56
2020-09-13,Yuba,115,75493,1026,3,1029,7
2020-09-12,Alameda,001,1643700,20388,146,20534,337
2020-09-12,Alpine,002,1148,2,0,2,0
2020-09-12,Amador,005,37829,281,0,281,16
2020-09-12,Butte,007,227075,2784,49,2833,43
2020-09-12,Calaveras,009,45235,300,0,300,15
2020-09-12,Colusa,011,21464,508,0,508,6
2020-09-12,Contra Costa,013,1133247,16014,75,16089,217
2020-09-12,Del Norte,015,27424,126,0,126,1
2020-09-12,El Dorado,017,186661,1085,8,1093,4
2020-09-12,Fresno,019,978130,29505,332,29837,410
2020-09-12,Glenn,021,27897,549,0,549,3
2020-09-12,Humboldt,023,135768,477,1,478,5
2020-09-12,Imperial,025,180216,11568,7,11575,326
2020-09-12,Inyo,027,18085,186,4,190,14
2020-09-12,Kern,029,883053,31094,287,31381,395
2020-09-12,Kings,031,150075,7203,31,7234,76
2020-09-12,Lake,033,64148,461,0,461,6
2020-09-12,Lassen,035,31185,734,2,736,0
2020-09-12,Los Angeles,037,10098052,256143,1559,257702,6415
2020-09-12,Madera,039,155013,4296,29,4325,89
2020-09-12,Marin,041,260295,1191,7,1198,78
2020-09-12,Mariposa,043,17540,75,0,75,0
2020-09-12,Mendocino,045,87422,755,0,755,17
2020-09-12,Merced,047,269075,8664,15,8679,136
2020-09-12,Modoc,049,8938,25,0,25,0
2020-09-12,Mono,051,14174,165,3,168,2
2020-09-12,Monterey,053,433212,9187,18,9205,64
2020-09-12,Napa,055,140530,1609,8,1617,12
2020-09-12,Nevada,057,99092,502,15,517,4
2020-09-12,Orange,059,3164182,52680,1333,54013,1289
2020-09-12,Placer,061,380077,3435,13,3448,42
2020-09-12,Plumas,063,18699,48,0,48,0
2020-09-12,Riverside,065,2383286,56523,103,56626,1210
2020-09-12,Sacramento,067,1510023,20788,24,20812,401
2020-09-12,San Benito,069,59416,1262,0,1262,9
2020-09-12,San Bernardino,071,2135413,51622,332,51954,1065
2020-09-12,San Diego,073,3302833,44168,710,44878,763
2020-09-12,San Francisco,075,870044,10598,23,10621,111
2020-09-12,San Joaquin,077,732212,19579,43,19622,466
2020-09-12,San Luis Obispo,079,281455,3444,17,3461,26
2020-09-12,San Mateo,081,765935,9521,10,9531,149
2020-09-12,Santa Barbara,083,443738,8836,72,8908,114
2020-09-12,Santa Clara,085,1922200,20670,39,20709,280
2020-09-12,Santa Cruz,087,273765,2177,19,2196,9
2020-09-12,Shasta,089,179085,717,3,720,15
2020-09-12,Sierra,091,2930,6,0,6,0
2020-09-12,Siskiyou,093,43540,152,9,161,0
2020-09-12,Solano,095,438530,6036,37,6073,66
2020-09-12,Sonoma,097,501317,6893,20,6913,103
2020-09-12,Stanislaus,099,539301,16083,451,16534,325
2020-09-12,Sutter,101,95872,1589,1,1590,10
2020-09-12,Tehama,103,63373,487,2,489,3
2020-09-12,Trinity,105,12862,52,7,59,0
2020-09-12,Tulare,107,460477,15636,78,15714,262
2020-09-12,Tuolumne,109,53932,224,6,230,4
2020-09-12,Ventura,111,848112,12495,132,12627,146
2020-09-12,Yolo,113,214977,2728,7,2735,56
2020-09-12,Yuba,115,75493,1022,3,1025,6
2020-09-11,Alameda,001,1643700,20333,145,20478,334
2020-09-11,Alpine,002,1148,2,0,2,0
2020-09-11,Amador,005,37829,281,0,281,16
2020-09-11,Butte,007,227075,2772,49,2821,43
2020-09-11,Calaveras,009,45235,299,0,299,13
2020-09-11,Colusa,011,21464,507,0,507,6
2020-09-11,Contra Costa,013,1133247,15956,72,16028,217
2020-09-11,Del Norte,015,27424,126,0,126,1
2020-09-11,El Dorado,017,186661,1082,8,1090,4
2020-09-11,Fresno,019,978130,29425,331,29756,406
2020-09-11,Glenn,021,27897,544,0,544,3
2020-09-11,Humboldt,023,135768,475,1,476,5
2020-09-11,Imperial,025,180216,11550,7,11557,325
2020-09-11,Inyo,027,18085,186,4,190,14
2020-09-11,Kern,029,883053,31026,286,31312,394
2020-09-11,Kings,031,150075,7186,31,7217,76
2020-09-11,Lake,033,64148,453,0,453,6
2020-09-11,Lassen,035,31185,734,2,736,0
2020-09-11,Los Angeles,037,10098052,255464,1548,257012,6396
2020-09-11,Madera,039,155013,4277,29,4306,89
2020-09-11,Marin,041,260295,1191,7,1198,78
2020-09-11,Mariposa,043,17540,75,0,75,0
2020-09-11,Mendocino,045,87422,744,0,744,17
2020-09-11,Merced,047,269075,8645,14,8659,135
2020-09-11,Modoc,049,8938,25,0,25,0
2020-09-11,Mono,051,14174,165,3,168,2
2020-09-11,Monterey,053,433212,9139,18,9157,63
2020-09-11,Napa,055,140530,1598,8,1606,12
2020-09-11,Nevada,057,99092,495,15,510,4
2020-09-11,Orange,059,3164182,52550,1321,53871,1279
2020-09-11,Placer,061,380077,3420,13,3433,42
2020-09-11,Plumas,063,18699,48,0,48,0
2020-09-11,Riverside,065,2383286,56388,100,56488,1201
2020-09-11,Sacramento,067,1510023,20704,24,20728,396
2020-09-11,San Benito,069,59416,1252,0,1252,9
2020-09-11,San Bernardino,071,2135413,51523,332,51855,1062
2020-09-11,San Diego,073,3302833,43948,704,44652,761
2020-09-11,San Francisco,075,870044,10550,22,10572,110
2020-09-11,San Joaquin,077,732212,19531,43,19574,464
2020-09-11,San Luis Obispo,079,281455,3426,17,3443,26
2020-09-11,San Mateo,081,765935,9479,10,9489,148
2020-09-11,Santa Barbara,083,443738,8803,71,8874,114
2020-09-11,Santa Clara,085,1922200,20582,39,20621,279
2020-09-11,Santa Cruz,087,273765,2160,19,2179,8
2020-09-11,Shasta,089,179085,707,3,710,14
2020-09-11,Sierra,091,2930,6,0,6,0
2020-09-11,Siskiyou,093,43540,151,9,160,0
2020-09-11,Solano,095,438530,6018,37,6055,65
2020-09-11,Sonoma,097,501317,6854,20,6874,102
2020-09-11,Stanislaus,099,539301,16045,448,16493,320
2020-09-11,Sutter,101,95872,1579,1,1580,10
2020-09-11,Tehama,103,63373,484,2,486,3
2020-09-11,Trinity,105,12862,52,7,59,0
2020-09-11,Tulare,107,460477,15603,75,15678,262
2020-09-11,Tuolumne,109,53932,224,6,230,4
2020-09-11,Ventura,111,848112,12441,130,12571,146
2020-09-11,Yolo,113,214977,2718,7,2725,56
2020-09-11,Yuba,115,75493,1014,3,1017,6
2020-09-10,Alameda,001,1643700,20259,145,20404,332
2020-09-10,Alpine,002,1148,2,0,2,0
2020-09-10,Amador,005,37829,280,0,280,16
2020-09-10,Butte,007,227075,2755,49,2804,42
2020-09-10,Calaveras,009,45235,299,0,299,13
2020-09-10,Colusa,011,21464,505,0,505,6
2020-09-10,Contra Costa,013,1133247,15883,72,15955,215
2020-09-10,Del Norte,015,27424,125,0,125,1
2020-09-10,El Dorado,017,186661,1079,8,1087,4
2020-09-10,Fresno,019,978130,29304,331,29635,404
2020-09-10,Glenn,021,27897,534,0,534,3
2020-09-10,Humboldt,023,135768,464,1,465,4
2020-09-10,Imperial,025,180216,11534,7,11541,324
2020-09-10,Inyo,027,18085,185,4,189,14
2020-09-10,Kern,029,883053,30944,282,31226,391
2020-09-10,Kings,031,150075,7156,31,7187,76
2020-09-10,Lake,033,64148,447,0,447,6
2020-09-10,Lassen,035,31185,733,2,735,0
2020-09-10,Los Angeles,037,10098052,254486,1527,256013,6370
2020-09-10,Madera,039,155013,4259,29,4288,88
2020-09-10,Marin,041,260295,1191,7,1198,78
2020-09-10,Mariposa,043,17540,75,0,75,0
2020-09-10,Mendocino,045,87422,734,0,734,17
2020-09-10,Merced,047,269075,8598,14,8612,135
2020-09-10,Modoc,049,8938,25,0,25,0
2020-09-10,Mono,051,14174,165,3,168,2
2020-09-10,Monterey,053,433212,9069,18,9087,63
2020-09-10,Napa,055,140530,1592,8,1600,12
2020-09-10,Nevada,057,99092,491,15,506,4
2020-09-10,Orange,059,3164182,52387,1314,53701,1274
2020-09-10,Placer,061,380077,3400,13,3413,40
2020-09-10,Plumas,063,18699,48,0,48,0
2020-09-10,Riverside,065,2383286,56069,97,56166,1195
2020-09-10,Sacramento,067,1510023,20584,23,20607,392
2020-09-10,San Benito,069,59416,1246,0,1246,9
2020-09-10,San Bernardino,071,2135413,51334,330,51664,1057
2020-09-10,San Diego,073,3302833,43682,677,44359,758
2020-09-10,San Francisco,075,870044,10473,22,10495,109
2020-09-10,San Joaquin,077,732212,19478,43,19521,463
2020-09-10,San Luis Obispo,079,281455,3412,16,3428,26
2020-09-10,San Mateo,081,765935,9433,10,9443,148
2020-09-10,Santa Barbara,083,443738,8758,71,8829,113
2020-09-10,Santa Clara,085,1922200,20467,39,20506,277
2020-09-10,Santa Cruz,087,273765,2145,17,2162,7
2020-09-10,Shasta,089,179085,696,3,699,14
2020-09-10,Sierra,091,2930,6,0,6,0
2020-09-10,Siskiyou,093,43540,151,9,160,0
2020-09-10,Solano,095,438530,5978,37,6015,63
2020-09-10,Sonoma,097,501317,6805,20,6825,101
2020-09-10,Stanislaus,099,539301,15992,443,16435,316
2020-09-10,Sutter,101,95872,1569,1,1570,10
2020-09-10,Tehama,103,63373,477,2,479,3
2020-09-10,Trinity,105,12862,52,7,59,0
2020-09-10,Tulare,107,460477,15550,72,15622,262
2020-09-10,Tuolumne,109,53932,223,6,229,4
2020-09-10,Ventura,111,848112,12347,123,12470,146
2020-09-10,Yolo,113,214977,2713,7,2720,56
2020-09-10,Yuba,115,75493,1008,3,1011,6
2020-09-09,Alameda,001,1643700,20180,144,20324,328
2020-09-09,Alpine,002,1148,2,0,2,0
2020-09-09,Amador,005,37829,279,0,279,16
2020-09-09,Butte,007,227075,2738,49,2787,39
2020-09-09,Calaveras,009,45235,299,0,299,13
2020-09-09,Colusa,011,21464,500,0,500,6
2020-09-09,Contra Costa,013,1133247,15796,72,15868,214
2020-09-09,Del Norte,015,27424,121,0,121,1
2020-09-09,El Dorado,017,186661,1076,8,1084,3
2020-09-09,Fresno,019,978130,29202,326,29528,402
2020-09-09,Glenn,021,27897,531,0,531,3
2020-09-09,Humboldt,023,135768,462,1,463,4
2020-09-09,Imperial,025,180216,11514,7,11521,322
2020-09-09,Inyo,027,18085,184,4,188,14
2020-09-09,Kern,029,883053,30846,279,31125,391
2020-09-09,Kings,031,150075,7138,31,7169,76
2020-09-09,Lake,033,64148,438,0,438,5
2020-09-09,Lassen,035,31185,732,2,734,0
2020-09-09,Los Angeles,037,10098052,253613,1509,255122,6345
2020-09-09,Madera,039,155013,4233,29,4262,87
2020-09-09,Marin,041,260295,1191,7,1198,78
2020-09-09,Mariposa,043,17540,74,0,74,0
2020-09-09,Mendocino,045,87422,726,0,726,17
2020-09-09,Merced,047,269075,8568,14,8582,134
2020-09-09,Modoc,049,8938,24,0,24,0
2020-09-09,Mono,051,14174,165,3,168,2
2020-09-09,Monterey,053,433212,8997,18,9015,63
2020-09-09,Napa,055,140530,1582,8,1590,12
2020-09-09,Nevada,057,99092,487,15,502,4
2020-09-09,Orange,059,3164182,52209,1307,53516,1272
2020-09-09,Placer,061,380077,3379,13,3392,39
2020-09-09,Plumas,063,18699,46,0,46,0
2020-09-09,Riverside,065,2383286,55839,94,55933,1189
2020-09-09,Sacramento,067,1510023,20479,22,20501,391
2020-09-09,San Benito,069,59416,1242,0,1242,9
2020-09-09,San Bernardino,071,2135413,51135,329,51464,1052
2020-09-09,San Diego,073,3302833,43393,665,44058,752
2020-09-09,San Francisco,075,870044,10423,21,10444,105
2020-09-09,San Joaquin,077,732212,19415,42,19457,460
2020-09-09,San Luis Obispo,079,281455,3394,16,3410,26
2020-09-09,San Mateo,081,765935,9373,10,9383,148
2020-09-09,Santa Barbara,083,443738,8715,71,8786,113
2020-09-09,Santa Clara,085,1922200,20336,39,20375,276
2020-09-09,Santa Cruz,087,273765,2122,17,2139,7
2020-09-09,Shasta,089,179085,684,3,687,14
2020-09-09,Sierra,091,2930,6,0,6,0
2020-09-09,Siskiyou,093,43540,149,9,158,0
2020-09-09,Solano,095,438530,5946,37,5983,62
2020-09-09,Sonoma,097,501317,6738,20,6758,101
2020-09-09,Stanislaus,099,539301,15952,432,16384,314
2020-09-09,Sutter,101,95872,1561,1,1562,10
2020-09-09,Tehama,103,63373,474,2,476,3
2020-09-09,Trinity,105,12862,52,7,59,0
2020-09-09,Tulare,107,460477,15500,67,15567,262
2020-09-09,Tuolumne,109,53932,222,5,227,4
2020-09-09,Ventura,111,848112,12256,120,12376,146
2020-09-09,Yolo,113,214977,2702,7,2709,56
2020-09-09,Yuba,115,75493,1003,3,1006,6
2020-09-08,Alameda,001,1643700,20071,144,20215,325
2020-09-08,Alpine,002,1148,2,0,2,0
2020-09-08,Amador,005,37829,279,0,279,16
2020-09-08,Butte,007,227075,2720,49,2769,39
2020-09-08,Calaveras,009,45235,297,0,297,13
2020-09-08,Colusa,011,21464,498,0,498,6
2020-09-08,Contra Costa,013,1133247,15665,69,15734,213
2020-09-08,Del Norte,015,27424,121,0,121,1
2020-09-08,El Dorado,017,186661,1073,8,1081,3
2020-09-08,Fresno,019,978130,29084,322,29406,400
2020-09-08,Glenn,021,27897,527,0,527,3
2020-09-08,Humboldt,023,135768,460,1,461,4
2020-09-08,Imperial,025,180216,11498,7,11505,321
2020-09-08,Inyo,027,18085,184,4,188,14
2020-09-08,Kern,029,883053,30761,276,31037,388
2020-09-08,Kings,031,150075,7100,31,7131,75
2020-09-08,Lake,033,64148,428,0,428,5
2020-09-08,Lassen,035,31185,732,2,734,0
2020-09-08,Los Angeles,037,10098052,252680,1481,254161,6316
2020-09-08,Madera,039,155013,4209,29,4238,87
2020-09-08,Marin,041,260295,1191,7,1198,77
2020-09-08,Mariposa,043,17540,74,0,74,0
2020-09-08,Mendocino,045,87422,719,0,719,17
2020-09-08,Merced,047,269075,8544,14,8558,131
2020-09-08,Modoc,049,8938,24,0,24,0
2020-09-08,Mono,051,14174,165,3,168,2
2020-09-08,Monterey,053,433212,8912,18,8930,62
2020-09-08,Napa,055,140530,1578,8,1586,12
2020-09-08,Nevada,057,99092,487,15,502,4
2020-09-08,Orange,059,3164182,52067,1303,53370,1270
2020-09-08,Placer,061,380077,3365,13,3378,38
2020-09-08,Plumas,063,18699,46,0,46,0
2020-09-08,Riverside,065,2383286,55625,91,55716,1178
2020-09-08,Sacramento,067,1510023,20244,21,20265,388
2020-09-08,San Benito,069,59416,1235,0,1235,9
2020-09-08,San Bernardino,071,2135413,50946,327,51273,1047
2020-09-08,San Diego,073,3302833,43077,653,43730,749
2020-09-08,San Francisco,075,870044,10349,21,10370,103
2020-09-08,San Joaquin,077,732212,19337,42,19379,457
2020-09-08,San Luis Obispo,079,281455,3379,16,3395,26
2020-09-08,San Mateo,081,765935,9297,10,9307,148
2020-09-08,Santa Barbara,083,443738,8681,70,8751,113
2020-09-08,Santa Clara,085,1922200,20159,39,20198,276
2020-09-08,Santa Cruz,087,273765,2094,17,2111,7
2020-09-08,Shasta,089,179085,676,3,679,14
2020-09-08,Sierra,091,2930,6,0,6,0
2020-09-08,Siskiyou,093,43540,147,9,156,0
2020-09-08,Solano,095,438530,5909,37,5946,61
2020-09-08,Sonoma,097,501317,6669,20,6689,100
2020-09-08,Stanislaus,099,539301,15888,420,16308,308
2020-09-08,Sutter,101,95872,1545,1,1546,10
2020-09-08,Tehama,103,63373,470,2,472,3
2020-09-08,Trinity,105,12862,51,7,58,0
2020-09-08,Tulare,107,460477,15420,66,15486,262
2020-09-08,Tuolumne,109,53932,221,5,226,4
2020-09-08,Ventura,111,848112,12187,117,12304,145
2020-09-08,Yolo,113,214977,2692,7,2699,56
2020-09-08,Yuba,115,75493,991,3,994,6
2020-09-07,Alameda,001,1643700,19950,138,20088,323
2020-09-07,Alpine,002,1148,2,0,2,0
2020-09-07,Amador,005,37829,279,0,279,16
2020-09-07,Butte,007,227075,2687,48,2735,39
2020-09-07,Calaveras,009,45235,287,0,287,12
2020-09-07,Colusa,011,21464,497,0,497,6
2020-09-07,Contra Costa,013,1133247,15550,66,15616,212
2020-09-07,Del Norte,015,27424,121,0,121,1
2020-09-07,El Dorado,017,186661,1062,8,1070,3
2020-09-07,Fresno,019,978130,28989,319,29308,397
2020-09-07,Glenn,021,27897,522,0,522,3
2020-09-07,Humboldt,023,135768,451,1,452,4
2020-09-07,Imperial,025,180216,11467,7,11474,321
2020-09-07,Inyo,027,18085,184,4,188,14
2020-09-07,Kern,029,883053,30640,271,30911,386
2020-09-07,Kings,031,150075,6976,31,7007,75
2020-09-07,Lake,033,64148,405,0,405,5
2020-09-07,Lassen,035,31185,732,2,734,0
2020-09-07,Los Angeles,037,10098052,251632,1460,253092,6285
2020-09-07,Madera,039,155013,4178,28,4206,85
2020-09-07,Marin,041,260295,1186,7,1193,77
2020-09-07,Mariposa,043,17540,74,0,74,0
2020-09-07,Mendocino,045,87422,711,0,711,17
2020-09-07,Merced,047,269075,8497,14,8511,129
2020-09-07,Modoc,049,8938,23,0,23,0
2020-09-07,Mono,051,14174,165,3,168,2
2020-09-07,Monterey,053,433212,8833,18,8851,62
2020-09-07,Napa,055,140530,1566,8,1574,12
2020-09-07,Nevada,057,99092,485,15,500,4
2020-09-07,Orange,059,3164182,51893,1299,53192,1265
2020-09-07,Placer,061,380077,3335,12,3347,37
2020-09-07,Plumas,063,18699,45,0,45,0
2020-09-07,Riverside,065,2383286,55350,85,55435,1173
2020-09-07,Sacramento,067,1510023,20002,20,20022,382
2020-09-07,San Benito,069,59416,1229,0,1229,9
2020-09-07,San Bernardino,071,2135413,50718,325,51043,1042
2020-09-07,San Diego,073,3302833,42677,626,43303,747
2020-09-07,San Francisco,075,870044,10298,20,10318,102
2020-09-07,San Joaquin,077,732212,19255,40,19295,455
2020-09-07,San Luis Obispo,079,281455,3342,16,3358,26
2020-09-07,San Mateo,081,765935,9215,10,9225,148
2020-09-07,Santa Barbara,083,443738,8637,70,8707,112
2020-09-07,Santa Clara,085,1922200,20003,38,20041,272
2020-09-07,Santa Cruz,087,273765,2066,17,2083,7
2020-09-07,Shasta,089,179085,666,3,669,14
2020-09-07,Sierra,091,2930,6,0,6,0
2020-09-07,Siskiyou,093,43540,146,9,155,0
2020-09-07,Solano,095,438530,5844,37,5881,61
2020-09-07,Sonoma,097,501317,6603,20,6623,99
2020-09-07,Stanislaus,099,539301,15823,408,16231,308
2020-09-07,Sutter,101,95872,1528,1,1529,10
2020-09-07,Tehama,103,63373,466,2,468,3
2020-09-07,Trinity,105,12862,51,7,58,0
2020-09-07,Tulare,107,460477,15313,64,15377,261
2020-09-07,Tuolumne,109,53932,220,5,225,3
2020-09-07,Ventura,111,848112,12092,114,12206,145
2020-09-07,Yolo,113,214977,2675,6,2681,56
2020-09-07,Yuba,115,75493,975,3,978,6
2020-09-06,Alameda,001,1643700,19892,136,20028,321
2020-09-06,Alpine,002,1148,2,0,2,0
2020-09-06,Amador,005,37829,277,0,277,16
2020-09-06,Butte,007,227075,2678,48,2726,39
2020-09-06,Calaveras,009,45235,287,0,287,11
2020-09-06,Colusa,011,21464,493,0,493,6
2020-09-06,Contra Costa,013,1133247,15469,65,15534,209
2020-09-06,Del Norte,015,27424,121,0,121,1
2020-09-06,El Dorado,017,186661,1060,8,1068,3
2020-09-06,Fresno,019,978130,28926,317,29243,394
2020-09-06,Glenn,021,27897,516,0,516,3
2020-09-06,Humboldt,023,135768,448,1,449,4
2020-09-06,Imperial,025,180216,11450,7,11457,320
2020-09-06,Inyo,027,18085,184,4,188,14
2020-09-06,Kern,029,883053,30585,267,30852,383
2020-09-06,Kings,031,150075,6956,30,6986,75
2020-09-06,Lake,033,64148,402,0,402,4
2020-09-06,Lassen,035,31185,732,2,734,0
2020-09-06,Los Angeles,037,10098052,251000,1446,252446,6257
2020-09-06,Madera,039,155013,4134,28,4162,83
2020-09-06,Marin,041,260295,1185,7,1192,77
2020-09-06,Mariposa,043,17540,74,0,74,0
2020-09-06,Mendocino,045,87422,710,0,710,17
2020-09-06,Merced,047,269075,8477,14,8491,127
2020-09-06,Modoc,049,8938,23,0,23,0
2020-09-06,Mono,051,14174,164,3,167,2
2020-09-06,Monterey,053,433212,8793,17,8810,62
2020-09-06,Napa,055,140530,1562,6,1568,12
2020-09-06,Nevada,057,99092,485,14,499,4
2020-09-06,Orange,059,3164182,51780,1295,53075,1263
2020-09-06,Placer,061,380077,3318,12,3330,37
2020-09-06,Plumas,063,18699,44,0,44,0
2020-09-06,Riverside,065,2383286,55233,83,55316,1172
2020-09-06,Sacramento,067,1510023,19906,20,19926,382
2020-09-06,San Benito,069,59416,1227,0,1227,8
2020-09-06,San Bernardino,071,2135413,50611,325,50936,1039
2020-09-06,San Diego,073,3302833,42429,620,43049,744
2020-09-06,San Francisco,075,870044,10224,20,10244,101
2020-09-06,San Joaquin,077,732212,19206,40,19246,450
2020-09-06,San Luis Obispo,079,281455,3331,16,3347,26
2020-09-06,San Mateo,081,765935,9162,10,9172,148
2020-09-06,Santa Barbara,083,443738,8608,70,8678,111
2020-09-06,Santa Clara,085,1922200,19901,38,19939,272
2020-09-06,Santa Cruz,087,273765,2059,17,2076,7
2020-09-06,Shasta,089,179085,660,3,663,14
2020-09-06,Sierra,091,2930,6,0,6,0
2020-09-06,Siskiyou,093,43540,146,9,155,0
2020-09-06,Solano,095,438530,5818,37,5855,61
2020-09-06,Sonoma,097,501317,6574,20,6594,96
2020-09-06,Stanislaus,099,539301,15779,404,16183,306
2020-09-06,Sutter,101,95872,1515,1,1516,10
2020-09-06,Tehama,103,63373,465,2,467,3
2020-09-06,Trinity,105,12862,50,7,57,0
2020-09-06,Tulare,107,460477,15270,63,15333,261
2020-09-06,Tuolumne,109,53932,217,5,222,3
2020-09-06,Ventura,111,848112,12047,114,12161,142
2020-09-06,Yolo,113,214977,2661,6,2667,56
2020-09-06,Yuba,115,75493,966,3,969,6
2020-09-05,Alameda,001,1643700,19846,134,19980,316
2020-09-05,Alpine,002,1148,2,0,2,0
2020-09-05,Amador,005,37829,277,0,277,16
2020-09-05,Butte,007,227075,2662,47,2709,39
2020-09-05,Calaveras,009,45235,287,0,287,11
2020-09-05,Colusa,011,21464,489,0,489,6
2020-09-05,Contra Costa,013,1133247,15392,63,15455,208
2020-09-05,Del Norte,015,27424,121,0,121,1
2020-09-05,El Dorado,017,186661,1060,8,1068,3
2020-09-05,Fresno,019,978130,28859,317,29176,391
2020-09-05,Glenn,021,27897,515,0,515,3
2020-09-05,Humboldt,023,135768,446,1,447,4
2020-09-05,Imperial,025,180216,11433,7,11440,320
2020-09-05,Inyo,027,18085,184,4,188,14
2020-09-05,Kern,029,883053,30525,263,30788,382
2020-09-05,Kings,031,150075,6947,30,6977,75
2020-09-05,Lake,033,64148,399,0,399,4
2020-09-05,Lassen,035,31185,732,2,734,0
2020-09-05,Los Angeles,037,10098052,250465,1434,251899,6234
2020-09-05,Madera,039,155013,4094,28,4122,83
2020-09-05,Marin,041,260295,1185,7,1192,77
2020-09-05,Mariposa,043,17540,74,0,74,0
2020-09-05,Mendocino,045,87422,709,0,709,17
2020-09-05,Merced,047,269075,8453,12,8465,127
2020-09-05,Modoc,049,8938,23,0,23,0
2020-09-05,Mono,051,14174,164,3,167,2
2020-09-05,Monterey,053,433212,8763,17,8780,62
2020-09-05,Napa,055,140530,1556,6,1562,12
2020-09-05,Nevada,057,99092,482,14,496,4
2020-09-05,Orange,059,3164182,51679,1290,52969,1254
2020-09-05,Placer,061,380077,3308,12,3320,37
2020-09-05,Plumas,063,18699,44,0,44,0
2020-09-05,Riverside,065,2383286,55127,83,55210,1168
2020-09-05,Sacramento,067,1510023,19816,20,19836,379
2020-09-05,San Benito,069,59416,1225,0,1225,8
2020-09-05,San Bernardino,071,2135413,50535,324,50859,1031
2020-09-05,San Diego,073,3302833,42236,608,42844,739
2020-09-05,San Francisco,075,870044,10191,19,10210,100
2020-09-05,San Joaquin,077,732212,19177,40,19217,449
2020-09-05,San Luis Obispo,079,281455,3320,16,3336,26
2020-09-05,San Mateo,081,765935,9117,10,9127,147
2020-09-05,Santa Barbara,083,443738,8592,70,8662,110
2020-09-05,Santa Clara,085,1922200,19820,38,19858,268
2020-09-05,Santa Cruz,087,273765,2051,17,2068,7
2020-09-05,Shasta,089,179085,659,3,662,14
2020-09-05,Sierra,091,2930,6,0,6,0
2020-09-05,Siskiyou,093,43540,145,9,154,0
2020-09-05,Solano,095,438530,5806,37,5843,60
2020-09-05,Sonoma,097,501317,6541,20,6561,94
2020-09-05,Stanislaus,099,539301,15731,400,16131,304
2020-09-05,Sutter,101,95872,1508,1,1509,10
2020-09-05,Tehama,103,63373,464,2,466,2
2020-09-05,Trinity,105,12862,50,7,57,0
2020-09-05,Tulare,107,460477,15212,61,15273,261
2020-09-05,Tuolumne,109,53932,217,5,222,3
2020-09-05,Ventura,111,848112,12004,114,12118,139
2020-09-05,Yolo,113,214977,2651,6,2657,56
2020-09-05,Yuba,115,75493,960,3,963,5
2020-09-04,Alameda,001,1643700,19777,133,19910,311
2020-09-04,Alpine,002,1148,2,0,2,0
2020-09-04,Amador,005,37829,276,0,276,16
2020-09-04,Butte,007,227075,2639,47,2686,38
2020-09-04,Calaveras,009,45235,285,0,285,11
2020-09-04,Colusa,011,21464,487,0,487,6
2020-09-04,Contra Costa,013,1133247,15309,62,15371,207
2020-09-04,Del Norte,015,27424,121,0,121,1
2020-09-04,El Dorado,017,186661,1056,8,1064,3
2020-09-04,Fresno,019,978130,28753,316,29069,389
2020-09-04,Glenn,021,27897,507,0,507,3
2020-09-04,Humboldt,023,135768,441,1,442,4
2020-09-04,Imperial,025,180216,11424,7,11431,320
2020-09-04,Inyo,027,18085,184,4,188,14
2020-09-04,Kern,029,883053,30457,260,30717,378
2020-09-04,Kings,031,150075,6934,30,6964,75
2020-09-04,Lake,033,64148,399,0,399,4
2020-09-04,Lassen,035,31185,732,2,734,0
2020-09-04,Los Angeles,037,10098052,249896,1415,251311,6211
2020-09-04,Madera,039,155013,4081,28,4109,83
2020-09-04,Marin,041,260295,1185,7,1192,77
2020-09-04,Mariposa,043,17540,74,0,74,0
2020-09-04,Mendocino,045,87422,707,0,707,17
2020-09-04,Merced,047,269075,8434,12,8446,126
2020-09-04,Modoc,049,8938,23,0,23,0
2020-09-04,Mono,051,14174,164,3,167,2
2020-09-04,Monterey,053,433212,8718,17,8735,61
2020-09-04,Napa,055,140530,1547,6,1553,12
2020-09-04,Nevada,057,99092,479,14,493,4
2020-09-04,Orange,059,3164182,51555,1283,52838,1245
2020-09-04,Placer,061,380077,3296,12,3308,36
2020-09-04,Plumas,063,18699,44,0,44,0
2020-09-04,Riverside,065,2383286,55014,78,55092,1161
2020-09-04,Sacramento,067,1510023,19728,20,19748,374
2020-09-04,San Benito,069,59416,1216,0,1216,8
2020-09-04,San Bernardino,071,2135413,50442,322,50764,1028
2020-09-04,San Diego,073,3302833,42006,599,42605,734
2020-09-04,San Francisco,075,870044,10151,18,10169,97
2020-09-04,San Joaquin,077,732212,19123,40,19163,445
2020-09-04,San Luis Obispo,079,281455,3305,15,3320,26
2020-09-04,San Mateo,081,765935,9073,10,9083,147
2020-09-04,Santa Barbara,083,443738,8562,70,8632,109
2020-09-04,Santa Clara,085,1922200,19710,38,19748,267
2020-09-04,Santa Cruz,087,273765,2034,16,2050,7
2020-09-04,Shasta,089,179085,656,3,659,14
2020-09-04,Sierra,091,2930,6,0,6,0
2020-09-04,Siskiyou,093,43540,145,9,154,0
2020-09-04,Solano,095,438530,5793,37,5830,60
2020-09-04,Sonoma,097,501317,6486,20,6506,91
2020-09-04,Stanislaus,099,539301,15698,391,16089,303
2020-09-04,Sutter,101,95872,1492,1,1493,10
2020-09-04,Tehama,103,63373,460,2,462,2
2020-09-04,Trinity,105,12862,50,7,57,0
2020-09-04,Tulare,107,460477,15184,58,15242,259
2020-09-04,Tuolumne,109,53932,217,5,222,2
2020-09-04,Ventura,111,848112,11962,114,12076,138
2020-09-04,Yolo,113,214977,2637,6,2643,56
2020-09-04,Yuba,115,75493,955,3,958,5
2020-09-03,Alameda,001,1643700,19674,133,19807,308
2020-09-03,Alpine,002,1148,2,0,2,0
2020-09-03,Amador,005,37829,276,0,276,16
2020-09-03,Butte,007,227075,2595,47,2642,37
2020-09-03,Calaveras,009,45235,284,0,284,10
2020-09-03,Colusa,011,21464,485,0,485,6
2020-09-03,Contra Costa,013,1133247,15202,59,15261,204
2020-09-03,Del Norte,015,27424,118,0,118,1
2020-09-03,El Dorado,017,186661,1052,8,1060,3
2020-09-03,Fresno,019,978130,28634,311,28945,384
2020-09-03,Glenn,021,27897,503,0,503,3
2020-09-03,Humboldt,023,135768,436,1,437,4
2020-09-03,Imperial,025,180216,11403,7,11410,320
2020-09-03,Inyo,027,18085,182,4,186,14
2020-09-03,Kern,029,883053,30365,246,30611,373
2020-09-03,Kings,031,150075,6854,30,6884,75
2020-09-03,Lake,033,64148,390,0,390,4
2020-09-03,Lassen,035,31185,732,2,734,0
2020-09-03,Los Angeles,037,10098052,249033,1395,250428,6180
2020-09-03,Madera,039,155013,4062,28,4090,83
2020-09-03,Marin,041,260295,1184,7,1191,76
2020-09-03,Mariposa,043,17540,74,0,74,0
2020-09-03,Mendocino,045,87422,698,0,698,17
2020-09-03,Merced,047,269075,8392,12,8404,126
2020-09-03,Modoc,049,8938,23,0,23,0
2020-09-03,Mono,051,14174,163,3,166,2
2020-09-03,Monterey,053,433212,8664,17,8681,60
2020-09-03,Napa,055,140530,1540,6,1546,12
2020-09-03,Nevada,057,99092,476,14,490,4
2020-09-03,Orange,059,3164182,51368,1269,52637,1238
2020-09-03,Placer,061,380077,3278,12,3290,36
2020-09-03,Plumas,063,18699,44,0,44,0
2020-09-03,Riverside,065,2383286,54834,74,54908,1158
2020-09-03,Sacramento,067,1510023,19600,19,19619,372
2020-09-03,San Benito,069,59416,1205,0,1205,7
2020-09-03,San Bernardino,071,2135413,50276,321,50597,1025
2020-09-03,San Diego,073,3302833,41692,583,42275,731
2020-09-03,San Francisco,075,870044,10086,16,10102,97
2020-09-03,San Joaquin,077,732212,19045,40,19085,443
2020-09-03,San Luis Obispo,079,281455,3288,15,3303,25
2020-09-03,San Mateo,081,765935,8999,10,9009,147
2020-09-03,Santa Barbara,083,443738,8515,70,8585,108
2020-09-03,Santa Clara,085,1922200,19529,38,19567,265
2020-09-03,Santa Cruz,087,273765,2019,16,2035,7
2020-09-03,Shasta,089,179085,651,3,654,14
2020-09-03,Sierra,091,2930,6,0,6,0
2020-09-03,Siskiyou,093,43540,145,9,154,0
2020-09-03,Solano,095,438530,5773,36,5809,60
2020-09-03,Sonoma,097,501317,6419,20,6439,88
2020-09-03,Stanislaus,099,539301,15646,387,16033,300
2020-09-03,Sutter,101,95872,1482,1,1483,10
2020-09-03,Tehama,103,63373,456,2,458,2
2020-09-03,Trinity,105,12862,48,7,55,0
2020-09-03,Tulare,107,460477,15118,57,15175,256
2020-09-03,Tuolumne,109,53932,217,5,222,2
2020-09-03,Ventura,111,848112,11844,111,11955,137
2020-09-03,Yolo,113,214977,2621,6,2627,56
2020-09-03,Yuba,115,75493,948,3,951,5
2020-09-02,Alameda,001,1643700,19556,130,19686,305
2020-09-02,Alpine,002,1148,2,0,2,0
2020-09-02,Amador,005,37829,276,0,276,16
2020-09-02,Butte,007,227075,2549,47,2596,37
2020-09-02,Calaveras,009,45235,283,0,283,10
2020-09-02,Colusa,011,21464,481,0,481,6
2020-09-02,Contra Costa,013,1133247,15112,57,15169,203
2020-09-02,Del Norte,015,27424,117,0,117,1
2020-09-02,El Dorado,017,186661,1048,7,1055,3
2020-09-02,Fresno,019,978130,28486,308,28794,382
2020-09-02,Glenn,021,27897,498,0,498,3
2020-09-02,Humboldt,023,135768,433,1,434,4
2020-09-02,Imperial,025,180216,11387,7,11394,318
2020-09-02,Inyo,027,18085,182,4,186,14
2020-09-02,Kern,029,883053,30273,240,30513,371
2020-09-02,Kings,031,150075,6769,30,6799,75
2020-09-02,Lake,033,64148,386,0,386,4
2020-09-02,Lassen,035,31185,730,2,732,0
2020-09-02,Los Angeles,037,10098052,248102,1367,249469,6155
2020-09-02,Madera,039,155013,4042,28,4070,82
2020-09-02,Marin,041,260295,1184,7,1191,76
2020-09-02,Mariposa,043,17540,74,0,74,0
2020-09-02,Mendocino,045,87422,688,0,688,17
2020-09-02,Merced,047,269075,8365,11,8376,126
2020-09-02,Modoc,049,8938,22,0,22,0
2020-09-02,Mono,051,14174,163,3,166,2
2020-09-02,Monterey,053,433212,8600,17,8617,60
2020-09-02,Napa,055,140530,1528,6,1534,12
2020-09-02,Nevada,057,99092,470,13,483,4
2020-09-02,Orange,059,3164182,51187,1259,52446,1232
2020-09-02,Placer,061,380077,3253,11,3264,34
2020-09-02,Plumas,063,18699,44,0,44,0
2020-09-02,Riverside,065,2383286,54632,71,54703,1153
2020-09-02,Sacramento,067,1510023,19365,18,19383,366
2020-09-02,San Benito,069,59416,1192,0,1192,7
2020-09-02,San Bernardino,071,2135413,50113,318,50431,1017
2020-09-02,San Diego,073,3302833,41372,569,41941,729
2020-09-02,San Francisco,075,870044,10017,16,10033,95
2020-09-02,San Joaquin,077,732212,18964,39,19003,439
2020-09-02,San Luis Obispo,079,281455,3262,14,3276,25
2020-09-02,San Mateo,081,765935,8942,10,8952,146
2020-09-02,Santa Barbara,083,443738,8460,69,8529,108
2020-09-02,Santa Clara,085,1922200,19373,38,19411,264
2020-09-02,Santa Cruz,087,273765,1996,16,2012,7
2020-09-02,Shasta,089,179085,650,3,653,14
2020-09-02,Sierra,091,2930,6,0,6,0
2020-09-02,Siskiyou,093,43540,144,9,153,0
2020-09-02,Solano,095,438530,5745,36,5781,59
2020-09-02,Sonoma,097,501317,6358,20,6378,86
2020-09-02,Stanislaus,099,539301,15576,380,15956,298
2020-09-02,Sutter,101,95872,1467,1,1468,10
2020-09-02,Tehama,103,63373,453,2,455,2
2020-09-02,Trinity,105,12862,48,7,55,0
2020-09-02,Tulare,107,460477,15052,57,15109,256
2020-09-02,Tuolumne,109,53932,217,5,222,2
2020-09-02,Ventura,111,848112,11757,110,11867,135
2020-09-02,Yolo,113,214977,2599,6,2605,56
2020-09-02,Yuba,115,75493,941,3,944,5
2020-09-01,Alameda,001,1643700,19418,127,19545,301
2020-09-01,Alpine,002,1148,2,0,2,0
2020-09-01,Amador,005,37829,275,0,275,16
2020-09-01,Butte,007,227075,2492,47,2539,35
2020-09-01,Calaveras,009,45235,275,0,275,10
2020-09-01,Colusa,011,21464,476,0,476,6
2020-09-01,Contra Costa,013,1133247,15019,55,15074,202
2020-09-01,Del Norte,015,27424,116,0,116,1
2020-09-01,El Dorado,017,186661,1040,7,1047,2
2020-09-01,Fresno,019,978130,28342,306,28648,380
2020-09-01,Glenn,021,27897,491,0,491,3
2020-09-01,Humboldt,023,135768,427,1,428,4
2020-09-01,Imperial,025,180216,11361,7,11368,318
2020-09-01,Inyo,027,18085,182,4,186,14
2020-09-01,Kern,029,883053,30182,235,30417,367
2020-09-01,Kings,031,150075,6738,30,6768,74
2020-09-01,Lake,033,64148,383,0,383,4
2020-09-01,Lassen,035,31185,727,2,729,0
2020-09-01,Los Angeles,037,10098052,247012,1344,248356,6130
2020-09-01,Madera,039,155013,4013,27,4040,82
2020-09-01,Marin,041,260295,1184,7,1191,76
2020-09-01,Mariposa,043,17540,73,0,73,0
2020-09-01,Mendocino,045,87422,673,0,673,17
2020-09-01,Merced,047,269075,8312,11,8323,125
2020-09-01,Modoc,049,8938,20,0,20,0
2020-09-01,Mono,051,14174,163,3,166,2
2020-09-01,Monterey,053,433212,8494,17,8511,60
2020-09-01,Napa,055,140530,1513,6,1519,12
2020-09-01,Nevada,057,99092,464,13,477,4
2020-09-01,Orange,059,3164182,51023,1240,52263,1229
2020-09-01,Placer,061,380077,3231,11,3242,34
2020-09-01,Plumas,063,18699,44,0,44,0
2020-09-01,Riverside,065,2383286,54415,70,54485,1152
2020-09-01,Sacramento,067,1510023,19181,17,19198,359
2020-09-01,San Benito,069,59416,1180,0,1180,7
2020-09-01,San Bernardino,071,2135413,49906,317,50223,1011
2020-09-01,San Diego,073,3302833,41014,531,41545,727
2020-09-01,San Francisco,075,870044,9948,16,9964,95
2020-09-01,San Joaquin,077,732212,18883,38,18921,432
2020-09-01,San Luis Obispo,079,281455,3236,14,3250,25
2020-09-01,San Mateo,081,765935,8862,10,8872,145
2020-09-01,Santa Barbara,083,443738,8410,68,8478,106
2020-09-01,Santa Clara,085,1922200,19194,38,19232,263
2020-09-01,Santa Cruz,087,273765,1972,16,1988,7
2020-09-01,Shasta,089,179085,642,3,645,14
2020-09-01,Sierra,091,2930,6,0,6,0
2020-09-01,Siskiyou,093,43540,141,8,149,0
2020-09-01,Solano,095,438530,5719,36,5755,59
2020-09-01,Sonoma,097,501317,6269,20,6289,84
2020-09-01,Stanislaus,099,539301,15500,370,15870,296
2020-09-01,Sutter,101,95872,1456,1,1457,10
2020-09-01,Tehama,103,63373,450,2,452,2
2020-09-01,Trinity,105,12862,47,6,53,0
2020-09-01,Tulare,107,460477,14968,57,15025,252
2020-09-01,Tuolumne,109,53932,211,5,216,2
2020-09-01,Ventura,111,848112,11679,105,11784,132
2020-09-01,Yolo,113,214977,2583,6,2589,56
2020-09-01,Yuba,115,75493,932,3,935,5
2020-08-31,Alameda,001,1643700,19271,127,19398,298
2020-08-31,Alpine,002,1148,2,0,2,0
2020-08-31,Amador,005,37829,275,0,275,16
2020-08-31,Butte,007,227075,2428,47,2475,33
2020-08-31,Calaveras,009,45235,270,0,270,9
2020-08-31,Colusa,011,21464,475,0,475,6
2020-08-31,Contra Costa,013,1133247,14893,52,14945,201
2020-08-31,Del Norte,015,27424,116,0,116,1
2020-08-31,El Dorado,017,186661,1033,7,1040,2
2020-08-31,Fresno,019,978130,28124,300,28424,376
2020-08-31,Glenn,021,27897,479,0,479,3
2020-08-31,Humboldt,023,135768,425,1,426,4
2020-08-31,Imperial,025,180216,11330,7,11337,316
2020-08-31,Inyo,027,18085,181,4,185,14
2020-08-31,Kern,029,883053,30084,234,30318,363
2020-08-31,Kings,031,150075,6471,30,6501,74
2020-08-31,Lake,033,64148,367,0,367,3
2020-08-31,Lassen,035,31185,724,2,726,0
2020-08-31,Los Angeles,037,10098052,245905,1316,247221,6101
2020-08-31,Madera,039,155013,3990,26,4016,82
2020-08-31,Marin,041,260295,1182,7,1189,75
2020-08-31,Mariposa,043,17540,73,0,73,0
2020-08-31,Mendocino,045,87422,661,0,661,17
2020-08-31,Merced,047,269075,8264,11,8275,123
2020-08-31,Modoc,049,8938,18,0,18,0
2020-08-31,Mono,051,14174,163,3,166,2
2020-08-31,Monterey,053,433212,8387,17,8404,59
2020-08-31,Napa,055,140530,1505,6,1511,12
2020-08-31,Nevada,057,99092,462,13,475,4
2020-08-31,Orange,059,3164182,50824,1212,52036,1219
2020-08-31,Placer,061,380077,3182,11,3193,34
2020-08-31,Plumas,063,18699,43,0,43,0
2020-08-31,Riverside,065,2383286,54193,68,54261,1145
2020-08-31,Sacramento,067,1510023,18940,17,18957,352
2020-08-31,San Benito,069,59416,1164,0,1164,7
2020-08-31,San Bernardino,071,2135413,49694,316,50010,1002
2020-08-31,San Diego,073,3302833,40647,498,41145,727
2020-08-31,San Francisco,075,870044,9869,13,9882,94
2020-08-31,San Joaquin,077,732212,18796,37,18833,429
2020-08-31,San Luis Obispo,079,281455,3213,13,3226,25
2020-08-31,San Mateo,081,765935,8792,10,8802,145
2020-08-31,Santa Barbara,083,443738,8365,68,8433,105
2020-08-31,Santa Clara,085,1922200,19006,38,19044,260
2020-08-31,Santa Cruz,087,273765,1947,16,1963,7
2020-08-31,Shasta,089,179085,637,3,640,14
2020-08-31,Sierra,091,2930,6,0,6,0
2020-08-31,Siskiyou,093,43540,140,8,148,0
2020-08-31,Solano,095,438530,5687,35,5722,58
2020-08-31,Sonoma,097,501317,6182,20,6202,82
2020-08-31,Stanislaus,099,539301,15426,361,15787,294
2020-08-31,Sutter,101,95872,1441,1,1442,10
2020-08-31,Tehama,103,63373,447,2,449,2
2020-08-31,Trinity,105,12862,47,6,53,0
2020-08-31,Tulare,107,460477,14881,55,14936,250
2020-08-31,Tuolumne,109,53932,211,5,216,2
2020-08-31,Ventura,111,848112,11591,104,11695,131
2020-08-31,Yolo,113,214977,2565,5,2570,56
2020-08-31,Yuba,115,75493,918,3,921,5
2020-08-30,Alameda,001,1643700,19146,125,19271,298
2020-08-30,Alpine,002,1148,2,0,2,0
2020-08-30,Amador,005,37829,274,0,274,16
2020-08-30,Butte,007,227075,2348,47,2395,31
2020-08-30,Calaveras,009,45235,261,0,261,7
2020-08-30,Colusa,011,21464,474,0,474,6
2020-08-30,Contra Costa,013,1133247,14755,52,14807,201
2020-08-30,Del Norte,015,27424,115,0,115,1
2020-08-30,El Dorado,017,186661,1023,7,1030,2
2020-08-30,Fresno,019,978130,27998,299,28297,374
2020-08-30,Glenn,021,27897,472,0,472,3
2020-08-30,Humboldt,023,135768,414,1,415,4
2020-08-30,Imperial,025,180216,11311,7,11318,316
2020-08-30,Inyo,027,18085,181,4,185,14
2020-08-30,Kern,029,883053,29991,234,30225,359
2020-08-30,Kings,031,150075,6425,30,6455,74
2020-08-30,Lake,033,64148,362,0,362,3
2020-08-30,Lassen,035,31185,722,2,724,0
2020-08-30,Los Angeles,037,10098052,244767,1284,246051,6070
2020-08-30,Madera,039,155013,3962,26,3988,81
2020-08-30,Marin,041,260295,1181,7,1188,75
2020-08-30,Mariposa,043,17540,73,0,73,0
2020-08-30,Mendocino,045,87422,655,0,655,17
2020-08-30,Merced,047,269075,8194,11,8205,121
2020-08-30,Modoc,049,8938,13,0,13,0
2020-08-30,Mono,051,14174,163,3,166,2
2020-08-30,Monterey,053,433212,8303,17,8320,59
2020-08-30,Napa,055,140530,1493,6,1499,12
2020-08-30,Nevada,057,99092,459,13,472,4
2020-08-30,Orange,059,3164182,50627,1198,51825,1209
2020-08-30,Placer,061,380077,3149,11,3160,34
2020-08-30,Plumas,063,18699,42,0,42,0
2020-08-30,Riverside,065,2383286,54014,67,54081,1140
2020-08-30,Sacramento,067,1510023,18763,17,18780,347
2020-08-30,San Benito,069,59416,1154,0,1154,7
2020-08-30,San Bernardino,071,2135413,49437,316,49753,1000
2020-08-30,San Diego,073,3302833,40249,477,40726,719
2020-08-30,San Francisco,075,870044,9772,10,9782,92
2020-08-30,San Joaquin,077,732212,18679,36,18715,426
2020-08-30,San Luis Obispo,079,281455,3188,13,3201,25
2020-08-30,San Mateo,081,765935,8715,10,8725,145
2020-08-30,Santa Barbara,083,443738,8306,68,8374,104
2020-08-30,Santa Clara,085,1922200,18832,38,18870,259
2020-08-30,Santa Cruz,087,273765,1921,16,1937,7
2020-08-30,Shasta,089,179085,634,3,637,14
2020-08-30,Sierra,091,2930,6,0,6,0
2020-08-30,Siskiyou,093,43540,138,8,146,0
2020-08-30,Solano,095,438530,5644,35,5679,58
2020-08-30,Sonoma,097,501317,6122,20,6142,79
2020-08-30,Stanislaus,099,539301,15354,352,15706,293
2020-08-30,Sutter,101,95872,1420,1,1421,10
2020-08-30,Tehama,103,63373,437,2,439,2
2020-08-30,Trinity,105,12862,47,6,53,0
2020-08-30,Tulare,107,460477,14786,54,14840,250
2020-08-30,Tuolumne,109,53932,207,5,212,2
2020-08-30,Ventura,111,848112,11478,99,11577,130
2020-08-30,Yolo,113,214977,2537,4,2541,56
2020-08-30,Yuba,115,75493,904,3,907,5
2020-08-29,Alameda,001,1643700,19079,125,19204,291
2020-08-29,Alpine,002,1148,2,0,2,0
2020-08-29,Amador,005,37829,274,0,274,16
2020-08-29,Butte,007,227075,2317,47,2364,31
2020-08-29,Calaveras,009,45235,257,0,257,6
2020-08-29,Colusa,011,21464,471,0,471,6
2020-08-29,Contra Costa,013,1133247,14682,51,14733,198
2020-08-29,Del Norte,015,27424,115,0,115,1
2020-08-29,El Dorado,017,186661,1020,7,1027,2
2020-08-29,Fresno,019,978130,27943,299,28242,368
2020-08-29,Glenn,021,27897,466,0,466,3
2020-08-29,Humboldt,023,135768,411,1,412,4
2020-08-29,Imperial,025,180216,11296,7,11303,315
2020-08-29,Inyo,027,18085,181,4,185,14
2020-08-29,Kern,029,883053,29951,233,30184,353
2020-08-29,Kings,031,150075,6410,30,6440,74
2020-08-29,Lake,033,64148,361,0,361,3
2020-08-29,Lassen,035,31185,722,2,724,0
2020-08-29,Los Angeles,037,10098052,244138,1271,245409,6037
2020-08-29,Madera,039,155013,3953,25,3978,80
2020-08-29,Marin,041,260295,1181,7,1188,74
2020-08-29,Mariposa,043,17540,73,0,73,0
2020-08-29,Mendocino,045,87422,651,0,651,17
2020-08-29,Merced,047,269075,8165,11,8176,121
2020-08-29,Modoc,049,8938,13,0,13,0
2020-08-29,Mono,051,14174,163,3,166,2
2020-08-29,Monterey,053,433212,8258,17,8275,57
2020-08-29,Napa,055,140530,1490,6,1496,12
2020-08-29,Nevada,057,99092,459,13,472,4
2020-08-29,Orange,059,3164182,50516,1188,51704,1203
2020-08-29,Placer,061,380077,3132,11,3143,34
2020-08-29,Plumas,063,18699,41,0,41,0
2020-08-29,Riverside,065,2383286,53902,65,53967,1130
2020-08-29,Sacramento,067,1510023,18692,17,18709,341
2020-08-29,San Benito,069,59416,1145,0,1145,7
2020-08-29,San Bernardino,071,2135413,49322,316,49638,993
2020-08-29,San Diego,073,3302833,39983,459,40442,714
2020-08-29,San Francisco,075,870044,9744,9,9753,92
2020-08-29,San Joaquin,077,732212,18635,36,18671,423
2020-08-29,San Luis Obispo,079,281455,3163,13,3176,24
2020-08-29,San Mateo,081,765935,8673,10,8683,144
2020-08-29,Santa Barbara,083,443738,8279,67,8346,104
2020-08-29,Santa Clara,085,1922200,18732,37,18769,256
2020-08-29,Santa Cruz,087,273765,1909,16,1925,7
2020-08-29,Shasta,089,179085,626,3,629,14
2020-08-29,Sierra,091,2930,6,0,6,0
2020-08-29,Siskiyou,093,43540,138,8,146,0
2020-08-29,Solano,095,438530,5623,35,5658,57
2020-08-29,Sonoma,097,501317,6087,20,6107,78
2020-08-29,Stanislaus,099,539301,15305,342,15647,291
2020-08-29,Sutter,101,95872,1415,1,1416,10
2020-08-29,Tehama,103,63373,436,2,438,2
2020-08-29,Trinity,105,12862,46,6,52,0
2020-08-29,Tulare,107,460477,14748,53,14801,249
2020-08-29,Tuolumne,109,53932,207,5,212,2
2020-08-29,Ventura,111,848112,11436,99,11535,128
2020-08-29,Yolo,113,214977,2519,4,2523,56
2020-08-29,Yuba,115,75493,895,3,898,5
2020-08-28,Alameda,001,1643700,18996,124,19120,285
2020-08-28,Alpine,002,1148,2,0,2,0
2020-08-28,Amador,005,37829,274,0,274,16
2020-08-28,Butte,007,227075,2287,47,2334,31
2020-08-28,Calaveras,009,45235,255,0,255,5
2020-08-28,Colusa,011,21464,470,0,470,6
2020-08-28,Contra Costa,013,1133247,14611,50,14661,193
2020-08-28,Del Norte,015,27424,115,0,115,1
2020-08-28,El Dorado,017,186661,1014,7,1021,2
2020-08-28,Fresno,019,978130,27808,299,28107,361
2020-08-28,Glenn,021,27897,459,0,459,3
2020-08-28,Humboldt,023,135768,407,1,408,4
2020-08-28,Imperial,025,180216,11282,7,11289,314
2020-08-28,Inyo,027,18085,180,4,184,14
2020-08-28,Kern,029,883053,29903,233,30136,347
2020-08-28,Kings,031,150075,6403,29,6432,73
2020-08-28,Lake,033,64148,356,0,356,3
2020-08-28,Lassen,035,31185,722,2,724,0
2020-08-28,Los Angeles,037,10098052,243325,1246,244571,6003
2020-08-28,Madera,039,155013,3934,25,3959,80
2020-08-28,Marin,041,260295,1181,7,1188,74
2020-08-28,Mariposa,043,17540,73,0,73,0
2020-08-28,Mendocino,045,87422,646,0,646,17
2020-08-28,Merced,047,269075,8134,11,8145,121
2020-08-28,Modoc,049,8938,13,0,13,0
2020-08-28,Mono,051,14174,163,3,166,2
2020-08-28,Monterey,053,433212,8201,17,8218,55
2020-08-28,Napa,055,140530,1482,5,1487,12
2020-08-28,Nevada,057,99092,458,13,471,4
2020-08-28,Orange,059,3164182,50416,1173,51589,1199
2020-08-28,Placer,061,380077,3122,11,3133,34
2020-08-28,Plumas,063,18699,41,0,41,0
2020-08-28,Riverside,065,2383286,53771,61,53832,1121
2020-08-28,Sacramento,067,1510023,18594,17,18611,333
2020-08-28,San Benito,069,59416,1129,0,1129,7
2020-08-28,San Bernardino,071,2135413,49203,312,49515,984
2020-08-28,San Diego,073,3302833,39753,444,40197,710
2020-08-28,San Francisco,075,870044,9692,9,9701,91
2020-08-28,San Joaquin,077,732212,18582,35,18617,419
2020-08-28,San Luis Obispo,079,281455,3146,13,3159,23
2020-08-28,San Mateo,081,765935,8627,9,8636,142
2020-08-28,Santa Barbara,083,443738,8247,67,8314,102
2020-08-28,Santa Clara,085,1922200,18605,37,18642,255
2020-08-28,Santa Cruz,087,273765,1897,16,1913,7
2020-08-28,Shasta,089,179085,622,3,625,14
2020-08-28,Sierra,091,2930,6,0,6,0
2020-08-28,Siskiyou,093,43540,136,8,144,0
2020-08-28,Solano,095,438530,5604,35,5639,57
2020-08-28,Sonoma,097,501317,6055,19,6074,75
2020-08-28,Stanislaus,099,539301,15262,338,15600,286
2020-08-28,Sutter,101,95872,1405,1,1406,10
2020-08-28,Tehama,103,63373,431,2,433,2
2020-08-28,Trinity,105,12862,46,6,52,0
2020-08-28,Tulare,107,460477,14703,53,14756,248
2020-08-28,Tuolumne,109,53932,207,5,212,2
2020-08-28,Ventura,111,848112,11400,97,11497,127
2020-08-28,Yolo,113,214977,2510,4,2514,56
2020-08-28,Yuba,115,75493,886,3,889,5
2020-08-27,Alameda,001,1643700,18851,121,18972,281
2020-08-27,Alpine,002,1148,2,0,2,0
2020-08-27,Amador,005,37829,273,0,273,15
2020-08-27,Butte,007,227075,2221,46,2267,31
2020-08-27,Calaveras,009,45235,250,0,250,4
2020-08-27,Colusa,011,21464,468,0,468,6
2020-08-27,Contra Costa,013,1133247,14511,49,14560,192
2020-08-27,Del Norte,015,27424,115,0,115,1
2020-08-27,El Dorado,017,186661,1010,7,1017,2
2020-08-27,Fresno,019,978130,27628,294,27922,355
2020-08-27,Glenn,021,27897,451,0,451,3
2020-08-27,Humboldt,023,135768,399,1,400,4
2020-08-27,Imperial,025,180216,11255,7,11262,314
2020-08-27,Inyo,027,18085,180,3,183,13
2020-08-27,Kern,029,883053,29832,224,30056,341
2020-08-27,Kings,031,150075,6381,29,6410,73
2020-08-27,Lake,033,64148,354,0,354,3
2020-08-27,Lassen,035,31185,722,2,724,0
2020-08-27,Los Angeles,037,10098052,242324,1231,243555,5979
2020-08-27,Madera,039,155013,3908,25,3933,80
2020-08-27,Marin,041,260295,1180,7,1187,74
2020-08-27,Mariposa,043,17540,73,0,73,0
2020-08-27,Mendocino,045,87422,637,0,637,17
2020-08-27,Merced,047,269075,8085,11,8096,121
2020-08-27,Modoc,049,8938,11,0,11,0
2020-08-27,Mono,051,14174,163,3,166,2
2020-08-27,Monterey,053,433212,8107,17,8124,55
2020-08-27,Napa,055,140530,1476,5,1481,12
2020-08-27,Nevada,057,99092,455,13,468,4
2020-08-27,Orange,059,3164182,50259,1162,51421,1190
2020-08-27,Placer,061,380077,3091,11,3102,32
2020-08-27,Plumas,063,18699,40,0,40,0
2020-08-27,Riverside,065,2383286,53561,58,53619,1114
2020-08-27,Sacramento,067,1510023,18396,17,18413,328
2020-08-27,San Benito,069,59416,1113,0,1113,7
2020-08-27,San Bernardino,071,2135413,48980,306,49286,979
2020-08-27,San Diego,073,3302833,39482,424,39906,710
2020-08-27,San Francisco,075,870044,9626,9,9635,91
2020-08-27,San Joaquin,077,732212,18502,35,18537,414
2020-08-27,San Luis Obispo,079,281455,3121,13,3134,23
2020-08-27,San Mateo,081,765935,8518,9,8527,142
2020-08-27,Santa Barbara,083,443738,8209,67,8276,102
2020-08-27,Santa Clara,085,1922200,18419,37,18456,252
2020-08-27,Santa Cruz,087,273765,1880,16,1896,7
2020-08-27,Shasta,089,179085,616,3,619,14
2020-08-27,Sierra,091,2930,6,0,6,0
2020-08-27,Siskiyou,093,43540,136,8,144,0
2020-08-27,Solano,095,438530,5566,35,5601,57
2020-08-27,Sonoma,097,501317,5956,19,5975,74
2020-08-27,Stanislaus,099,539301,15181,335,15516,284
2020-08-27,Sutter,101,95872,1385,1,1386,10
2020-08-27,Tehama,103,63373,427,2,429,2
2020-08-27,Trinity,105,12862,46,6,52,0
2020-08-27,Tulare,107,460477,14612,53,14665,247
2020-08-27,Tuolumne,109,53932,202,5,207,2
2020-08-27,Ventura,111,848112,11337,93,11430,124
2020-08-27,Yolo,113,214977,2486,4,2490,56
2020-08-27,Yuba,115,75493,875,3,878,5
2020-08-26,Alameda,001,1643700,18688,121,18809,276
2020-08-26,Alpine,002,1148,2,0,2,0
2020-08-26,Amador,005,37829,273,0,273,15
2020-08-26,Butte,007,227075,2152,44,2196,31
2020-08-26,Calaveras,009,45235,242,0,242,3
2020-08-26,Colusa,011,21464,462,0,462,6
2020-08-26,Contra Costa,013,1133247,14374,49,14423,188
2020-08-26,Del Norte,015,27424,114,0,114,1
2020-08-26,El Dorado,017,186661,1008,7,1015,2
2020-08-26,Fresno,019,978130,27481,292,27773,353
2020-08-26,Glenn,021,27897,449,0,449,3
2020-08-26,Humboldt,023,135768,387,1,388,4
2020-08-26,Imperial,025,180216,11233,7,11240,314
2020-08-26,Inyo,027,18085,177,3,180,13
2020-08-26,Kern,029,883053,29693,221,29914,337
2020-08-26,Kings,031,150075,6360,29,6389,72
2020-08-26,Lake,033,64148,349,0,349,3
2020-08-26,Lassen,035,31185,722,2,724,0
2020-08-26,Los Angeles,037,10098052,241314,1201,242515,5947
2020-08-26,Madera,039,155013,3879,25,3904,80
2020-08-26,Marin,041,260295,1180,7,1187,74
2020-08-26,Mariposa,043,17540,73,0,73,0
2020-08-26,Mendocino,045,87422,626,0,626,17
2020-08-26,Merced,047,269075,8048,11,8059,121
2020-08-26,Modoc,049,8938,8,0,8,0
2020-08-26,Mono,051,14174,163,3,166,2
2020-08-26,Monterey,053,433212,8014,17,8031,52
2020-08-26,Napa,055,140530,1463,5,1468,12
2020-08-26,Nevada,057,99092,452,13,465,4
2020-08-26,Orange,059,3164182,50075,1146,51221,1178
2020-08-26,Placer,061,380077,3068,9,3077,32
2020-08-26,Plumas,063,18699,39,0,39,0
2020-08-26,Riverside,065,2383286,53320,58,53378,1104
2020-08-26,Sacramento,067,1510023,18233,17,18250,325
2020-08-26,San Benito,069,59416,1098,0,1098,6
2020-08-26,San Bernardino,071,2135413,48773,302,49075,973
2020-08-26,San Diego,073,3302833,39144,397,39541,703
2020-08-26,San Francisco,075,870044,9552,9,9561,90
2020-08-26,San Joaquin,077,732212,18413,34,18447,409
2020-08-26,San Luis Obispo,079,281455,3093,13,3106,22
2020-08-26,San Mateo,081,765935,8451,9,8460,140
2020-08-26,Santa Barbara,083,443738,8175,67,8242,102
2020-08-26,Santa Clara,085,1922200,18242,37,18279,252
2020-08-26,Santa Cruz,087,273765,1869,16,1885,7
2020-08-26,Shasta,089,179085,611,3,614,14
2020-08-26,Sierra,091,2930,6,0,6,0
2020-08-26,Siskiyou,093,43540,133,8,141,0
2020-08-26,Solano,095,438530,5542,34,5576,55
2020-08-26,Sonoma,097,501317,5884,19,5903,73
2020-08-26,Stanislaus,099,539301,15104,329,15433,275
2020-08-26,Sutter,101,95872,1367,1,1368,10
2020-08-26,Tehama,103,63373,424,2,426,2
2020-08-26,Trinity,105,12862,45,6,51,0
2020-08-26,Tulare,107,460477,14545,53,14598,243
2020-08-26,Tuolumne,109,53932,201,5,206,2
2020-08-26,Ventura,111,848112,11265,86,11351,123
2020-08-26,Yolo,113,214977,2465,4,2469,56
2020-08-26,Yuba,115,75493,860,3,863,5
2020-08-25,Alameda,001,1643700,18531,121,18652,272
2020-08-25,Alpine,002,1148,2,0,2,0
2020-08-25,Amador,005,37829,273,0,273,15
2020-08-25,Butte,007,227075,2085,43,2128,30
2020-08-25,Calaveras,009,45235,240,0,240,3
2020-08-25,Colusa,011,21464,455,0,455,6
2020-08-25,Contra Costa,013,1133247,14236,48,14284,186
2020-08-25,Del Norte,015,27424,113,0,113,1
2020-08-25,El Dorado,017,186661,1005,7,1012,2
2020-08-25,Fresno,019,978130,27294,291,27585,350
2020-08-25,Glenn,021,27897,446,0,446,3
2020-08-25,Humboldt,023,135768,382,1,383,4
2020-08-25,Imperial,025,180216,11205,7,11212,313
2020-08-25,Inyo,027,18085,175,3,178,12
2020-08-25,Kern,029,883053,29556,221,29777,333
2020-08-25,Kings,031,150075,6203,29,6232,72
2020-08-25,Lake,033,64148,344,0,344,3
2020-08-25,Lassen,035,31185,721,2,723,0
2020-08-25,Los Angeles,037,10098052,240017,1153,241170,5920
2020-08-25,Madera,039,155013,3864,24,3888,80
2020-08-25,Marin,041,260295,1178,7,1185,71
2020-08-25,Mariposa,043,17540,73,0,73,0
2020-08-25,Mendocino,045,87422,618,0,618,16
2020-08-25,Merced,047,269075,7980,10,7990,121
2020-08-25,Modoc,049,8938,8,0,8,0
2020-08-25,Mono,051,14174,163,3,166,2
2020-08-25,Monterey,053,433212,7933,17,7950,52
2020-08-25,Napa,055,140530,1456,5,1461,12
2020-08-25,Nevada,057,99092,448,13,461,4
2020-08-25,Orange,059,3164182,49881,1130,51011,1169
2020-08-25,Placer,061,380077,3049,6,3055,32
2020-08-25,Plumas,063,18699,39,0,39,0
2020-08-25,Riverside,065,2383286,53089,58,53147,1100
2020-08-25,Sacramento,067,1510023,18079,17,18096,319
2020-08-25,San Benito,069,59416,1082,0,1082,6
2020-08-25,San Bernardino,071,2135413,48538,299,48837,969
2020-08-25,San Diego,073,3302833,38865,375,39240,699
2020-08-25,San Francisco,075,870044,9475,9,9484,89
2020-08-25,San Joaquin,077,732212,18285,34,18319,405
2020-08-25,San Luis Obispo,079,281455,3034,12,3046,22
2020-08-25,San Mateo,081,765935,8391,8,8399,140
2020-08-25,Santa Barbara,083,443738,8123,67,8190,102
2020-08-25,Santa Clara,085,1922200,18073,37,18110,246
2020-08-25,Santa Cruz,087,273765,1850,16,1866,7
2020-08-25,Shasta,089,179085,607,3,610,14
2020-08-25,Sierra,091,2930,6,0,6,0
2020-08-25,Siskiyou,093,43540,132,8,140,0
2020-08-25,Solano,095,438530,5481,34,5515,55
2020-08-25,Sonoma,097,501317,5803,19,5822,70
2020-08-25,Stanislaus,099,539301,14996,318,15314,270
2020-08-25,Sutter,101,95872,1350,1,1351,9
2020-08-25,Tehama,103,63373,421,2,423,2
2020-08-25,Trinity,105,12862,44,6,50,0
2020-08-25,Tulare,107,460477,14440,52,14492,243
2020-08-25,Tuolumne,109,53932,199,5,204,2
2020-08-25,Ventura,111,848112,11180,81,11261,122
2020-08-25,Yolo,113,214977,2452,4,2456,54
2020-08-25,Yuba,115,75493,850,3,853,5
2020-08-24,Alameda,001,1643700,18336,120,18456,271
2020-08-24,Alpine,002,1148,2,0,2,0
2020-08-24,Amador,005,37829,271,0,271,15
2020-08-24,Butte,007,227075,2002,43,2045,29
2020-08-24,Calaveras,009,45235,231,0,231,3
2020-08-24,Colusa,011,21464,451,0,451,6
2020-08-24,Contra Costa,013,1133247,14119,46,14165,184
2020-08-24,Del Norte,015,27424,113,0,113,1
2020-08-24,El Dorado,017,186661,997,7,1004,2
2020-08-24,Fresno,019,978130,27105,284,27389,342
2020-08-24,Glenn,021,27897,444,0,444,3
2020-08-24,Humboldt,023,135768,378,1,379,4
2020-08-24,Imperial,025,180216,11172,7,11179,313
2020-08-24,Inyo,027,18085,171,3,174,12
2020-08-24,Kern,029,883053,29458,215,29673,328
2020-08-24,Kings,031,150075,6115,29,6144,72
2020-08-24,Lake,033,64148,329,0,329,3
2020-08-24,Lassen,035,31185,721,2,723,0
2020-08-24,Los Angeles,037,10098052,238652,1137,239789,5887
2020-08-24,Madera,039,155013,3836,24,3860,79
2020-08-24,Marin,041,260295,1170,7,1177,70
2020-08-24,Mariposa,043,17540,71,0,71,0
2020-08-24,Mendocino,045,87422,603,0,603,16
2020-08-24,Merced,047,269075,7901,10,7911,118
2020-08-24,Modoc,049,8938,8,0,8,0
2020-08-24,Mono,051,14174,163,3,166,2
2020-08-24,Monterey,053,433212,7824,16,7840,52
2020-08-24,Napa,055,140530,1443,5,1448,12
2020-08-24,Nevada,057,99092,443,13,456,4
2020-08-24,Orange,059,3164182,49688,1121,50809,1156
2020-08-24,Placer,061,380077,3002,6,3008,32
2020-08-24,Plumas,063,18699,39,0,39,0
2020-08-24,Riverside,065,2383286,52811,58,52869,1097
2020-08-24,Sacramento,067,1510023,17883,16,17899,311
2020-08-24,San Benito,069,59416,1061,0,1061,6
2020-08-24,San Bernardino,071,2135413,48275,297,48572,964
2020-08-24,San Diego,073,3302833,38577,347,38924,694
2020-08-24,San Francisco,075,870044,9392,9,9401,89
2020-08-24,San Joaquin,077,732212,18144,33,18177,399
2020-08-24,San Luis Obispo,079,281455,3006,12,3018,22
2020-08-24,San Mateo,081,765935,8324,8,8332,140
2020-08-24,Santa Barbara,083,443738,8082,67,8149,102
2020-08-24,Santa Clara,085,1922200,17869,37,17906,245
2020-08-24,Santa Cruz,087,273765,1830,15,1845,7
2020-08-24,Shasta,089,179085,605,3,608,13
2020-08-24,Sierra,091,2930,6,0,6,0
2020-08-24,Siskiyou,093,43540,128,8,136,0
2020-08-24,Solano,095,438530,5432,32,5464,55
2020-08-24,Sonoma,097,501317,5695,19,5714,67
2020-08-24,Stanislaus,099,539301,14898,304,15202,266
2020-08-24,Sutter,101,95872,1331,1,1332,8
2020-08-24,Tehama,103,63373,416,2,418,2
2020-08-24,Trinity,105,12862,44,6,50,0
2020-08-24,Tulare,107,460477,14332,51,14383,241
2020-08-24,Tuolumne,109,53932,198,5,203,2
2020-08-24,Ventura,111,848112,11100,77,11177,122
2020-08-24,Yolo,113,214977,2418,4,2422,53
2020-08-24,Yuba,115,75493,833,3,836,5
2020-08-23,Alameda,001,1643700,18113,119,18232,262
2020-08-23,Alpine,002,1148,2,0,2,0
2020-08-23,Amador,005,37829,268,0,268,15
2020-08-23,Butte,007,227075,1886,43,1929,28
2020-08-23,Calaveras,009,45235,222,0,222,3
2020-08-23,Colusa,011,21464,444,0,444,6
2020-08-23,Contra Costa,013,1133247,13957,46,14003,183
2020-08-23,Del Norte,015,27424,113,0,113,1
2020-08-23,El Dorado,017,186661,984,7,991,2
2020-08-23,Fresno,019,978130,26901,281,27182,336
2020-08-23,Glenn,021,27897,437,0,437,3
2020-08-23,Humboldt,023,135768,376,1,377,4
2020-08-23,Imperial,025,180216,11143,7,11150,313
2020-08-23,Inyo,027,18085,168,3,171,11
2020-08-23,Kern,029,883053,29309,210,29519,327
2020-08-23,Kings,031,150075,6072,29,6101,72
2020-08-23,Lake,033,64148,325,0,325,3
2020-08-23,Lassen,035,31185,720,2,722,0
2020-08-23,Los Angeles,037,10098052,237050,1070,238120,5860
2020-08-23,Madera,039,155013,3805,23,3828,78
2020-08-23,Marin,041,260295,1169,7,1176,70
2020-08-23,Mariposa,043,17540,71,0,71,0
2020-08-23,Mendocino,045,87422,599,0,599,16
2020-08-23,Merced,047,269075,7829,8,7837,112
2020-08-23,Modoc,049,8938,7,0,7,0
2020-08-23,Mono,051,14174,163,3,166,2
2020-08-23,Monterey,053,433212,7734,16,7750,52
2020-08-23,Napa,055,140530,1431,5,1436,12
2020-08-23,Nevada,057,99092,438,13,451,4
2020-08-23,Orange,059,3164182,49450,1109,50559,1144
2020-08-23,Placer,061,380077,2963,6,2969,32
2020-08-23,Plumas,063,18699,39,0,39,0
2020-08-23,Riverside,065,2383286,52541,56,52597,1088
2020-08-23,Sacramento,067,1510023,17660,15,17675,304
2020-08-23,San Benito,069,59416,1048,0,1048,6
2020-08-23,San Bernardino,071,2135413,48007,287,48294,956
2020-08-23,San Diego,073,3302833,38256,320,38576,692
2020-08-23,San Francisco,075,870044,9298,8,9306,89
2020-08-23,San Joaquin,077,732212,18011,32,18043,396
2020-08-23,San Luis Obispo,079,281455,2964,12,2976,22
2020-08-23,San Mateo,081,765935,8229,8,8237,139
2020-08-23,Santa Barbara,083,443738,8014,67,8081,100
2020-08-23,Santa Clara,085,1922200,17673,35,17708,241
2020-08-23,Santa Cruz,087,273765,1804,15,1819,7
2020-08-23,Shasta,089,179085,600,3,603,13
2020-08-23,Sierra,091,2930,6,0,6,0
2020-08-23,Siskiyou,093,43540,123,8,131,0
2020-08-23,Solano,095,438530,5374,30,5404,55
2020-08-23,Sonoma,097,501317,5607,19,5626,67
2020-08-23,Stanislaus,099,539301,14763,281,15044,263
2020-08-23,Sutter,101,95872,1309,1,1310,8
2020-08-23,Tehama,103,63373,406,2,408,2
2020-08-23,Trinity,105,12862,44,6,50,0
2020-08-23,Tulare,107,460477,14200,48,14248,240
2020-08-23,Tuolumne,109,53932,195,5,200,2
2020-08-23,Ventura,111,848112,10999,73,11072,119
2020-08-23,Yolo,113,214977,2390,4,2394,53
2020-08-23,Yuba,115,75493,812,3,815,5
2020-08-22,Alameda,001,1643700,18019,118,18137,260
2020-08-22,Alpine,002,1148,2,0,2,0
2020-08-22,Amador,005,37829,267,0,267,15
2020-08-22,Butte,007,227075,1835,43,1878,27
2020-08-22,Calaveras,009,45235,218,0,218,3
2020-08-22,Colusa,011,21464,440,0,440,6
2020-08-22,Contra Costa,013,1133247,13870,46,13916,183
2020-08-22,Del Norte,015,27424,112,0,112,1
2020-08-22,El Dorado,017,186661,982,7,989,2
2020-08-22,Fresno,019,978130,26803,280,27083,332
2020-08-22,Glenn,021,27897,436,0,436,3
2020-08-22,Humboldt,023,135768,366,1,367,4
2020-08-22,Imperial,025,180216,11135,7,11142,313
2020-08-22,Inyo,027,18085,168,3,171,10
2020-08-22,Kern,029,883053,29255,210,29465,321
2020-08-22,Kings,031,150075,6063,29,6092,69
2020-08-22,Lake,033,64148,323,0,323,3
2020-08-22,Lassen,035,31185,720,2,722,0
2020-08-22,Los Angeles,037,10098052,236389,1054,237443,5830
2020-08-22,Madera,039,155013,3786,23,3809,74
2020-08-22,Marin,041,260295,1168,7,1175,70
2020-08-22,Mariposa,043,17540,71,0,71,0
2020-08-22,Mendocino,045,87422,596,0,596,16
2020-08-22,Merced,047,269075,7800,8,7808,110
2020-08-22,Modoc,049,8938,7,0,7,0
2020-08-22,Mono,051,14174,163,3,166,2
2020-08-22,Monterey,053,433212,7686,16,7702,51
2020-08-22,Napa,055,140530,1426,5,1431,12
2020-08-22,Nevada,057,99092,438,13,451,4
2020-08-22,Orange,059,3164182,49309,1103,50412,1143
2020-08-22,Placer,061,380077,2949,6,2955,32
2020-08-22,Plumas,063,18699,39,0,39,0
2020-08-22,Riverside,065,2383286,52393,55,52448,1080
2020-08-22,Sacramento,067,1510023,17548,15,17563,302
2020-08-22,San Benito,069,59416,1032,0,1032,6
2020-08-22,San Bernardino,071,2135413,47878,283,48161,945
2020-08-22,San Diego,073,3302833,38073,309,38382,689
2020-08-22,San Francisco,075,870044,9238,8,9246,89
2020-08-22,San Joaquin,077,732212,17955,32,17987,388
2020-08-22,San Luis Obispo,079,281455,2938,12,2950,22
2020-08-22,San Mateo,081,765935,8182,8,8190,138
2020-08-22,Santa Barbara,083,443738,7988,67,8055,98
2020-08-22,Santa Clara,085,1922200,17565,35,17600,239
2020-08-22,Santa Cruz,087,273765,1788,14,1802,7
2020-08-22,Shasta,089,179085,598,3,601,13
2020-08-22,Sierra,091,2930,6,0,6,0
2020-08-22,Siskiyou,093,43540,123,8,131,0
2020-08-22,Solano,095,438530,5344,29,5373,54
2020-08-22,Sonoma,097,501317,5562,19,5581,66
2020-08-22,Stanislaus,099,539301,14713,264,14977,254
2020-08-22,Sutter,101,95872,1302,1,1303,8
2020-08-22,Tehama,103,63373,405,2,407,2
2020-08-22,Trinity,105,12862,44,6,50,0
2020-08-22,Tulare,107,460477,14133,48,14181,240
2020-08-22,Tuolumne,109,53932,193,5,198,2
2020-08-22,Ventura,111,848112,10944,71,11015,116
2020-08-22,Yolo,113,214977,2374,4,2378,53
2020-08-22,Yuba,115,75493,800,3,803,5
2020-08-21,Alameda,001,1643700,17927,118,18045,256
2020-08-21,Alpine,002,1148,2,0,2,0
2020-08-21,Amador,005,37829,266,0,266,15
2020-08-21,Butte,007,227075,1796,43,1839,26
2020-08-21,Calaveras,009,45235,218,0,218,3
2020-08-21,Colusa,011,21464,438,0,438,6
2020-08-21,Contra Costa,013,1133247,13780,45,13825,182
2020-08-21,Del Norte,015,27424,112,0,112,1
2020-08-21,El Dorado,017,186661,978,7,985,2
2020-08-21,Fresno,019,978130,26633,279,26912,324
2020-08-21,Glenn,021,27897,432,0,432,3
2020-08-21,Humboldt,023,135768,363,1,364,4
2020-08-21,Imperial,025,180216,11119,7,11126,312
2020-08-21,Inyo,027,18085,168,3,171,10
2020-08-21,Kern,029,883053,29196,208,29404,315
2020-08-21,Kings,031,150075,6041,29,6070,68
2020-08-21,Lake,033,64148,321,0,321,3
2020-08-21,Lassen,035,31185,720,2,722,0
2020-08-21,Los Angeles,037,10098052,235513,1035,236548,5788
2020-08-21,Madera,039,155013,3756,23,3779,70
2020-08-21,Marin,041,260295,1168,7,1175,70
2020-08-21,Mariposa,043,17540,71,0,71,0
2020-08-21,Mendocino,045,87422,586,0,586,16
2020-08-21,Merced,047,269075,7770,8,7778,104
2020-08-21,Modoc,049,8938,7,0,7,0
2020-08-21,Mono,051,14174,163,3,166,2
2020-08-21,Monterey,053,433212,7614,16,7630,51
2020-08-21,Napa,055,140530,1417,5,1422,12
2020-08-21,Nevada,057,99092,437,13,450,4
2020-08-21,Orange,059,3164182,49168,1094,50262,1133
2020-08-21,Placer,061,380077,2933,6,2939,32
2020-08-21,Plumas,063,18699,39,0,39,0
2020-08-21,Riverside,065,2383286,52198,55,52253,1075
2020-08-21,Sacramento,067,1510023,17425,15,17440,293
2020-08-21,San Benito,069,59416,1022,0,1022,6
2020-08-21,San Bernardino,071,2135413,47759,279,48038,940
2020-08-21,San Diego,073,3302833,37869,292,38161,686
2020-08-21,San Francisco,075,870044,9188,8,9196,89
2020-08-21,San Joaquin,077,732212,17873,30,17903,386
2020-08-21,San Luis Obispo,079,281455,2915,12,2927,22
2020-08-21,San Mateo,081,765935,8125,8,8133,138
2020-08-21,Santa Barbara,083,443738,7947,67,8014,97
2020-08-21,Santa Clara,085,1922200,17414,35,17449,237
2020-08-21,Santa Cruz,087,273765,1776,14,1790,7
2020-08-21,Shasta,089,179085,598,3,601,13
2020-08-21,Sierra,091,2930,6,0,6,0
2020-08-21,Siskiyou,093,43540,123,6,129,0
2020-08-21,Solano,095,438530,5321,28,5349,54
2020-08-21,Sonoma,097,501317,5492,19,5511,66
2020-08-21,Stanislaus,099,539301,14644,250,14894,249
2020-08-21,Sutter,101,95872,1289,1,1290,7
2020-08-21,Tehama,103,63373,403,2,405,2
2020-08-21,Trinity,105,12862,44,6,50,0
2020-08-21,Tulare,107,460477,14062,47,14109,238
2020-08-21,Tuolumne,109,53932,185,5,190,2
2020-08-21,Ventura,111,848112,10879,69,10948,116
2020-08-21,Yolo,113,214977,2359,4,2363,53
2020-08-21,Yuba,115,75493,796,3,799,5
2020-08-20,Alameda,001,1643700,17767,118,17885,253
2020-08-20,Alpine,002,1148,2,0,2,0
2020-08-20,Amador,005,37829,264,0,264,15
2020-08-20,Butte,007,227075,1747,43,1790,26
2020-08-20,Calaveras,009,45235,215,0,215,3
2020-08-20,Colusa,011,21464,436,0,436,5
2020-08-20,Contra Costa,013,1133247,13653,44,13697,179
2020-08-20,Del Norte,015,27424,112,0,112,1
2020-08-20,El Dorado,017,186661,974,7,981,2
2020-08-20,Fresno,019,978130,26451,274,26725,317
2020-08-20,Glenn,021,27897,427,0,427,3
2020-08-20,Humboldt,023,135768,358,1,359,4
2020-08-20,Imperial,025,180216,11100,7,11107,311
2020-08-20,Inyo,027,18085,167,3,170,10
2020-08-20,Kern,029,883053,29028,197,29225,311
2020-08-20,Kings,031,150075,6001,28,6029,67
2020-08-20,Lake,033,64148,316,0,316,3
2020-08-20,Lassen,035,31185,719,2,721,0
2020-08-20,Los Angeles,037,10098052,234278,1016,235294,5753
2020-08-20,Madera,039,155013,3730,23,3753,70
2020-08-20,Marin,041,260295,1168,7,1175,69
2020-08-20,Mariposa,043,17540,71,0,71,0
2020-08-20,Mendocino,045,87422,576,0,576,15
2020-08-20,Merced,047,269075,7700,8,7708,102
2020-08-20,Modoc,049,8938,7,0,7,0
2020-08-20,Mono,051,14174,163,3,166,2
2020-08-20,Monterey,053,433212,7543,16,7559,49
2020-08-20,Napa,055,140530,1411,5,1416,12
2020-08-20,Nevada,057,99092,436,13,449,4
2020-08-20,Orange,059,3164182,48941,1084,50025,1124
2020-08-20,Placer,061,380077,2917,6,2923,32
2020-08-20,Plumas,063,18699,39,0,39,0
2020-08-20,Riverside,065,2383286,51979,54,52033,1067
2020-08-20,Sacramento,067,1510023,17182,15,17197,287
2020-08-20,San Benito,069,59416,1009,0,1009,6
2020-08-20,San Bernardino,071,2135413,47503,275,47778,931
2020-08-20,San Diego,073,3302833,37649,274,37923,684
2020-08-20,San Francisco,075,870044,9102,8,9110,88
2020-08-20,San Joaquin,077,732212,17782,30,17812,385
2020-08-20,San Luis Obispo,079,281455,2895,12,2907,22
2020-08-20,San Mateo,081,765935,8060,8,8068,138
2020-08-20,Santa Barbara,083,443738,7909,67,7976,95
2020-08-20,Santa Clara,085,1922200,17242,35,17277,234
2020-08-20,Santa Cruz,087,273765,1763,14,1777,7
2020-08-20,Shasta,089,179085,597,3,600,13
2020-08-20,Sierra,091,2930,6,0,6,0
2020-08-20,Siskiyou,093,43540,122,1,123,0
2020-08-20,Solano,095,438530,5276,28,5304,51
2020-08-20,Sonoma,097,501317,5415,19,5434,64
2020-08-20,Stanislaus,099,539301,14548,241,14789,245
2020-08-20,Sutter,101,95872,1265,1,1266,7
2020-08-20,Tehama,103,63373,398,2,400,2
2020-08-20,Trinity,105,12862,44,6,50,0
2020-08-20,Tulare,107,460477,13954,46,14000,237
2020-08-20,Tuolumne,109,53932,181,5,186,2
2020-08-20,Ventura,111,848112,10766,68,10834,113
2020-08-20,Yolo,113,214977,2337,4,2341,51
2020-08-20,Yuba,115,75493,779,3,782,4
2020-08-19,Alameda,001,1643700,17609,117,17726,249
2020-08-19,Alpine,002,1148,2,0,2,0
2020-08-19,Amador,005,37829,263,0,263,15
2020-08-19,Butte,007,227075,1704,43,1747,25
2020-08-19,Calaveras,009,45235,213,0,213,3
2020-08-19,Colusa,011,21464,435,0,435,5
2020-08-19,Contra Costa,013,1133247,13540,43,13583,177
2020-08-19,Del Norte,015,27424,112,0,112,1
2020-08-19,El Dorado,017,186661,968,7,975,2
2020-08-19,Fresno,019,978130,26262,265,26527,314
2020-08-19,Glenn,021,27897,425,0,425,3
2020-08-19,Humboldt,023,135768,355,1,356,4
2020-08-19,Imperial,025,180216,11072,7,11079,309
2020-08-19,Inyo,027,18085,165,3,168,10
2020-08-19,Kern,029,883053,28911,193,29104,307
2020-08-19,Kings,031,150075,5828,26,5854,67
2020-08-19,Lake,033,64148,313,0,313,3
2020-08-19,Lassen,035,31185,711,2,713,0
2020-08-19,Los Angeles,037,10098052,233001,976,233977,5715
2020-08-19,Madera,039,155013,3696,21,3717,70
2020-08-19,Marin,041,260295,1168,7,1175,69
2020-08-19,Mariposa,043,17540,71,0,71,0
2020-08-19,Mendocino,045,87422,559,0,559,14
2020-08-19,Merced,047,269075,7603,5,7608,102
2020-08-19,Modoc,049,8938,7,0,7,0
2020-08-19,Mono,051,14174,163,3,166,2
2020-08-19,Monterey,053,433212,7443,16,7459,49
2020-08-19,Napa,055,140530,1405,5,1410,12
2020-08-19,Nevada,057,99092,429,13,442,3
2020-08-19,Orange,059,3164182,48736,1081,49817,1116
2020-08-19,Placer,061,380077,2895,6,2901,31
2020-08-19,Plumas,063,18699,39,0,39,0
2020-08-19,Riverside,065,2383286,51729,54,51783,1061
2020-08-19,Sacramento,067,1510023,17002,15,17017,277
2020-08-19,San Benito,069,59416,992,0,992,6
2020-08-19,San Bernardino,071,2135413,47207,269,47476,924
2020-08-19,San Diego,073,3302833,37399,259,37658,681
2020-08-19,San Francisco,075,870044,9038,8,9046,86
2020-08-19,San Joaquin,077,732212,17660,29,17689,381
2020-08-19,San Luis Obispo,079,281455,2855,12,2867,22
2020-08-19,San Mateo,081,765935,7991,8,7999,137
2020-08-19,Santa Barbara,083,443738,7860,67,7927,94
2020-08-19,Santa Clara,085,1922200,17097,35,17132,232
2020-08-19,Santa Cruz,087,273765,1737,14,1751,7
2020-08-19,Shasta,089,179085,593,3,596,13
2020-08-19,Sierra,091,2930,6,0,6,0
2020-08-19,Siskiyou,093,43540,121,1,122,0
2020-08-19,Solano,095,438530,5235,28,5263,50
2020-08-19,Sonoma,097,501317,5332,19,5351,63
2020-08-19,Stanislaus,099,539301,14445,219,14664,244
2020-08-19,Sutter,101,95872,1231,1,1232,7
2020-08-19,Tehama,103,63373,392,2,394,2
2020-08-19,Trinity,105,12862,43,6,49,0
2020-08-19,Tulare,107,460477,13856,46,13902,236
2020-08-19,Tuolumne,109,53932,178,5,183,2
2020-08-19,Ventura,111,848112,10674,66,10740,112
2020-08-19,Yolo,113,214977,2315,4,2319,50
2020-08-19,Yuba,115,75493,767,3,770,4
2020-08-18,Alameda,001,1643700,17431,115,17546,244
2020-08-18,Alpine,002,1148,2,0,2,0
2020-08-18,Amador,005,37829,262,0,262,15
2020-08-18,Butte,007,227075,1671,43,1714,24
2020-08-18,Calaveras,009,45235,210,0,210,3
2020-08-18,Colusa,011,21464,434,0,434,5
2020-08-18,Contra Costa,013,1133247,13419,41,13460,175
2020-08-18,Del Norte,015,27424,111,0,111,1
2020-08-18,El Dorado,017,186661,963,7,970,2
2020-08-18,Fresno,019,978130,26040,259,26299,310
2020-08-18,Glenn,021,27897,425,0,425,3
2020-08-18,Humboldt,023,135768,353,1,354,4
2020-08-18,Imperial,025,180216,11038,7,11045,307
2020-08-18,Inyo,027,18085,164,3,167,10
2020-08-18,Kern,029,883053,28758,189,28947,302
2020-08-18,Kings,031,150075,5793,25,5818,66
2020-08-18,Lake,033,64148,310,0,310,2
2020-08-18,Lassen,035,31185,711,2,713,0
2020-08-18,Los Angeles,037,10098052,231734,940,232674,5671
2020-08-18,Madera,039,155013,3668,21,3689,69
2020-08-18,Marin,041,260295,1167,7,1174,69
2020-08-18,Mariposa,043,17540,71,0,71,0
2020-08-18,Mendocino,045,87422,550,0,550,13
2020-08-18,Merced,047,269075,7558,5,7563,100
2020-08-18,Modoc,049,8938,7,0,7,0
2020-08-18,Mono,051,14174,162,3,165,2
2020-08-18,Monterey,053,433212,7351,15,7366,48
2020-08-18,Napa,055,140530,1401,5,1406,12
2020-08-18,Nevada,057,99092,422,13,435,3
2020-08-18,Orange,059,3164182,48511,1067,49578,1105
2020-08-18,Placer,061,380077,2869,5,2874,30
2020-08-18,Plumas,063,18699,39,0,39,0
2020-08-18,Riverside,065,2383286,51397,54,51451,1050
2020-08-18,Sacramento,067,1510023,16772,14,16786,271
2020-08-18,San Benito,069,59416,972,0,972,6
2020-08-18,San Bernardino,071,2135413,46926,263,47189,917
2020-08-18,San Diego,073,3302833,37106,227,37333,675
2020-08-18,San Francisco,075,870044,8953,8,8961,86
2020-08-18,San Joaquin,077,732212,17546,28,17574,375
2020-08-18,San Luis Obispo,079,281455,2830,11,2841,22
2020-08-18,San Mateo,081,765935,7930,8,7938,137
2020-08-18,Santa Barbara,083,443738,7818,67,7885,93
2020-08-18,Santa Clara,085,1922200,16928,34,16962,227
2020-08-18,Santa Cruz,087,273765,1724,14,1738,7
2020-08-18,Shasta,089,179085,589,3,592,13
2020-08-18,Sierra,091,2930,6,0,6,0
2020-08-18,Siskiyou,093,43540,120,1,121,0
2020-08-18,Solano,095,438530,5208,28,5236,50
2020-08-18,Sonoma,097,501317,5262,19,5281,61
2020-08-18,Stanislaus,099,539301,14347,203,14550,238
2020-08-18,Sutter,101,95872,1212,1,1213,7
2020-08-18,Tehama,103,63373,382,2,384,2
2020-08-18,Trinity,105,12862,41,6,47,0
2020-08-18,Tulare,107,460477,13725,43,13768,234
2020-08-18,Tuolumne,109,53932,175,5,180,2
2020-08-18,Ventura,111,848112,10584,61,10645,110
2020-08-18,Yolo,113,214977,2293,4,2297,49
2020-08-18,Yuba,115,75493,759,3,762,4
2020-08-17,Alameda,001,1643700,17238,114,17352,240
2020-08-17,Alpine,002,1148,2,0,2,0
2020-08-17,Amador,005,37829,262,0,262,13
2020-08-17,Butte,007,227075,1626,43,1669,23
2020-08-17,Calaveras,009,45235,206,0,206,3
2020-08-17,Colusa,011,21464,431,0,431,5
2020-08-17,Contra Costa,013,1133247,13282,41,13323,171
2020-08-17,Del Norte,015,27424,107,0,107,1
2020-08-17,El Dorado,017,186661,960,7,967,2
2020-08-17,Fresno,019,978130,25833,252,26085,307
2020-08-17,Glenn,021,27897,424,0,424,3
2020-08-17,Humboldt,023,135768,349,1,350,4
2020-08-17,Imperial,025,180216,10997,7,11004,304
2020-08-17,Inyo,027,18085,156,3,159,9
2020-08-17,Kern,029,883053,28611,179,28790,297
2020-08-17,Kings,031,150075,5755,25,5780,66
2020-08-17,Lake,033,64148,305,0,305,2
2020-08-17,Lassen,035,31185,711,2,713,0
2020-08-17,Los Angeles,037,10098052,230215,896,231111,5641
2020-08-17,Madera,039,155013,3625,20,3645,69
2020-08-17,Marin,041,260295,1167,6,1173,69
2020-08-17,Mariposa,043,17540,71,0,71,0
2020-08-17,Mendocino,045,87422,532,0,532,11
2020-08-17,Merced,047,269075,7464,5,7469,99
2020-08-17,Modoc,049,8938,7,0,7,0
2020-08-17,Mono,051,14174,162,3,165,2
2020-08-17,Monterey,053,433212,7251,15,7266,46
2020-08-17,Napa,055,140530,1380,5,1385,12
2020-08-17,Nevada,057,99092,417,13,430,3
2020-08-17,Orange,059,3164182,48301,1054,49355,1094
2020-08-17,Placer,061,380077,2844,5,2849,30
2020-08-17,Plumas,063,18699,39,0,39,0
2020-08-17,Riverside,065,2383286,51063,52,51115,1041
2020-08-17,Sacramento,067,1510023,16552,14,16566,269
2020-08-17,San Benito,069,59416,957,0,957,5
2020-08-17,San Bernardino,071,2135413,46582,254,46836,905
2020-08-17,San Diego,073,3302833,36840,213,37053,672
2020-08-17,San Francisco,075,870044,8882,8,8890,85
2020-08-17,San Joaquin,077,732212,17384,27,17411,369
2020-08-17,San Luis Obispo,079,281455,2797,11,2808,22
2020-08-17,San Mateo,081,765935,7873,7,7880,136
2020-08-17,Santa Barbara,083,443738,7776,67,7843,92
2020-08-17,Santa Clara,085,1922200,16703,34,16737,225
2020-08-17,Santa Cruz,087,273765,1708,13,1721,7
2020-08-17,Shasta,089,179085,583,3,586,13
2020-08-17,Sierra,091,2930,6,0,6,0
2020-08-17,Siskiyou,093,43540,119,0,119,0
2020-08-17,Solano,095,438530,5151,28,5179,49
2020-08-17,Sonoma,097,501317,5172,17,5189,60
2020-08-17,Stanislaus,099,539301,14222,196,14418,232
2020-08-17,Sutter,101,95872,1196,1,1197,7
2020-08-17,Tehama,103,63373,372,2,374,2
2020-08-17,Trinity,105,12862,41,6,47,0
2020-08-17,Tulare,107,460477,13613,42,13655,230
2020-08-17,Tuolumne,109,53932,172,5,177,2
2020-08-17,Ventura,111,848112,10461,56,10517,107
2020-08-17,Yolo,113,214977,2266,4,2270,49
2020-08-17,Yuba,115,75493,744,3,747,4
2020-08-16,Alameda,001,1643700,16947,114,17061,237
2020-08-16,Alpine,002,1148,2,0,2,0
2020-08-16,Amador,005,37829,259,0,259,13
2020-08-16,Butte,007,227075,1588,43,1631,22
2020-08-16,Calaveras,009,45235,199,0,199,2
2020-08-16,Colusa,011,21464,429,0,429,5
2020-08-16,Contra Costa,013,1133247,13096,41,13137,169
2020-08-16,Del Norte,015,27424,103,0,103,1
2020-08-16,El Dorado,017,186661,948,7,955,2
2020-08-16,Fresno,019,978130,25610,247,25857,297
2020-08-16,Glenn,021,27897,422,0,422,3
2020-08-16,Humboldt,023,135768,347,1,348,4
2020-08-16,Imperial,025,180216,10953,7,10960,304
2020-08-16,Inyo,027,18085,149,2,151,9
2020-08-16,Kern,029,883053,28412,171,28583,296
2020-08-16,Kings,031,150075,5724,25,5749,66
2020-08-16,Lake,033,64148,301,0,301,2
2020-08-16,Lassen,035,31185,711,2,713,0
2020-08-16,Los Angeles,037,10098052,228645,867,229512,5601
2020-08-16,Madera,039,155013,3580,20,3600,69
2020-08-16,Marin,041,260295,1167,6,1173,69
2020-08-16,Mariposa,043,17540,71,0,71,0
2020-08-16,Mendocino,045,87422,524,0,524,10
2020-08-16,Merced,047,269075,7388,4,7392,99
2020-08-16,Modoc,049,8938,7,0,7,0
2020-08-16,Mono,051,14174,162,3,165,1
2020-08-16,Monterey,053,433212,7153,14,7167,46
2020-08-16,Napa,055,140530,1362,3,1365,12
2020-08-16,Nevada,057,99092,408,13,421,2
2020-08-16,Orange,059,3164182,48051,1043,49094,1078
2020-08-16,Placer,061,380077,2815,4,2819,30
2020-08-16,Plumas,063,18699,39,0,39,0
2020-08-16,Riverside,065,2383286,50732,51,50783,1037
2020-08-16,Sacramento,067,1510023,16312,14,16326,258
2020-08-16,San Benito,069,59416,928,0,928,5
2020-08-16,San Bernardino,071,2135413,46159,246,46405,899
2020-08-16,San Diego,073,3302833,36576,198,36774,670
2020-08-16,San Francisco,075,870044,8795,8,8803,85
2020-08-16,San Joaquin,077,732212,17183,27,17210,366
2020-08-16,San Luis Obispo,079,281455,2768,11,2779,22
2020-08-16,San Mateo,081,765935,7799,7,7806,135
2020-08-16,Santa Barbara,083,443738,7727,67,7794,92
2020-08-16,Santa Clara,085,1922200,16503,34,16537,224
2020-08-16,Santa Cruz,087,273765,1681,12,1693,7
2020-08-16,Shasta,089,179085,576,3,579,13
2020-08-16,Sierra,091,2930,6,0,6,0
2020-08-16,Siskiyou,093,43540,118,0,118,0
2020-08-16,Solano,095,438530,5091,28,5119,49
2020-08-16,Sonoma,097,501317,5068,17,5085,56
2020-08-16,Stanislaus,099,539301,14064,186,14250,229
2020-08-16,Sutter,101,95872,1178,1,1179,7
2020-08-16,Tehama,103,63373,363,2,365,1
2020-08-16,Trinity,105,12862,38,6,44,0
2020-08-16,Tulare,107,460477,13481,39,13520,226
2020-08-16,Tuolumne,109,53932,172,5,177,2
2020-08-16,Ventura,111,848112,10352,51,10403,107
2020-08-16,Yolo,113,214977,2247,4,2251,49
2020-08-16,Yuba,115,75493,735,2,737,4
2020-08-15,Alameda,001,1643700,16870,114,16984,237
2020-08-15,Alpine,002,1148,2,0,2,0
2020-08-15,Amador,005,37829,259,0,259,12
2020-08-15,Butte,007,227075,1567,43,1610,22
2020-08-15,Calaveras,009,45235,197,0,197,2
2020-08-15,Colusa,011,21464,428,0,428,5
2020-08-15,Contra Costa,013,1133247,13000,41,13041,169
2020-08-15,Del Norte,015,27424,103,0,103,1
2020-08-15,El Dorado,017,186661,943,7,950,2
2020-08-15,Fresno,019,978130,25495,245,25740,292
2020-08-15,Glenn,021,27897,422,0,422,3
2020-08-15,Humboldt,023,135768,346,1,347,4
2020-08-15,Imperial,025,180216,10933,7,10940,303
2020-08-15,Inyo,027,18085,149,2,151,8
2020-08-15,Kern,029,883053,28324,171,28495,294
2020-08-15,Kings,031,150075,5706,25,5731,66
2020-08-15,Lake,033,64148,299,0,299,2
2020-08-15,Lassen,035,31185,711,2,713,0
2020-08-15,Los Angeles,037,10098052,227894,857,228751,5562
2020-08-15,Madera,039,155013,3530,20,3550,67
2020-08-15,Marin,041,260295,1167,6,1173,69
2020-08-15,Mariposa,043,17540,71,0,71,0
2020-08-15,Mendocino,045,87422,520,0,520,10
2020-08-15,Merced,047,269075,7352,4,7356,95
2020-08-15,Modoc,049,8938,7,0,7,0
2020-08-15,Mono,051,14174,162,3,165,1
2020-08-15,Monterey,053,433212,7108,14,7122,44
2020-08-15,Napa,055,140530,1352,3,1355,12
2020-08-15,Nevada,057,99092,408,13,421,2
2020-08-15,Orange,059,3164182,47938,1032,48970,1067
2020-08-15,Placer,061,380077,2794,4,2798,29
2020-08-15,Plumas,063,18699,39,0,39,0
2020-08-15,Riverside,065,2383286,50581,51,50632,1025
2020-08-15,Sacramento,067,1510023,16202,14,16216,249
2020-08-15,San Benito,069,59416,915,0,915,5
2020-08-15,San Bernardino,071,2135413,46007,244,46251,885
2020-08-15,San Diego,073,3302833,36410,184,36594,667
2020-08-15,San Francisco,075,870044,8733,8,8741,85
2020-08-15,San Joaquin,077,732212,17109,27,17136,358
2020-08-15,San Luis Obispo,079,281455,2751,11,2762,22
2020-08-15,San Mateo,081,765935,7762,7,7769,134
2020-08-15,Santa Barbara,083,443738,7699,67,7766,91
2020-08-15,Santa Clara,085,1922200,16407,34,16441,221
2020-08-15,Santa Cruz,087,273765,1660,12,1672,7
2020-08-15,Shasta,089,179085,573,3,576,13
2020-08-15,Sierra,091,2930,6,0,6,0
2020-08-15,Siskiyou,093,43540,117,0,117,0
2020-08-15,Solano,095,438530,5069,28,5097,48
2020-08-15,Sonoma,097,501317,5013,17,5030,55
2020-08-15,Stanislaus,099,539301,14000,185,14185,225
2020-08-15,Sutter,101,95872,1167,1,1168,7
2020-08-15,Tehama,103,63373,362,2,364,1
2020-08-15,Trinity,105,12862,36,6,42,0
2020-08-15,Tulare,107,460477,13442,39,13481,223
2020-08-15,Tuolumne,109,53932,172,5,177,2
2020-08-15,Ventura,111,848112,10293,49,10342,105
2020-08-15,Yolo,113,214977,2235,4,2239,49
2020-08-15,Yuba,115,75493,731,2,733,4
2020-08-14,Alameda,001,1643700,16730,114,16844,232
2020-08-14,Alpine,002,1148,2,0,2,0
2020-08-14,Amador,005,37829,259,0,259,11
2020-08-14,Butte,007,227075,1559,43,1602,21
2020-08-14,Calaveras,009,45235,193,0,193,2
2020-08-14,Colusa,011,21464,426,0,426,5
2020-08-14,Contra Costa,013,1133247,12889,41,12930,168
2020-08-14,Del Norte,015,27424,103,0,103,0
2020-08-14,El Dorado,017,186661,935,7,942,2
2020-08-14,Fresno,019,978130,25359,245,25604,287
2020-08-14,Glenn,021,27897,420,0,420,3
2020-08-14,Humboldt,023,135768,340,1,341,4
2020-08-14,Imperial,025,180216,10909,7,10916,303
2020-08-14,Inyo,027,18085,148,2,150,6
2020-08-14,Kern,029,883053,28220,170,28390,286
2020-08-14,Kings,031,150075,5692,25,5717,66
2020-08-14,Lake,033,64148,290,0,290,2
2020-08-14,Lassen,035,31185,711,2,713,0
2020-08-14,Los Angeles,037,10098052,226720,841,227561,5525
2020-08-14,Madera,039,155013,3500,20,3520,65
2020-08-14,Marin,041,260295,1167,6,1173,68
2020-08-14,Mariposa,043,17540,70,0,70,0
2020-08-14,Mendocino,045,87422,511,0,511,10
2020-08-14,Merced,047,269075,7322,4,7326,93
2020-08-14,Modoc,049,8938,7,0,7,0
2020-08-14,Mono,051,14174,162,3,165,1
2020-08-14,Monterey,053,433212,7057,14,7071,44
2020-08-14,Napa,055,140530,1342,3,1345,12
2020-08-14,Nevada,057,99092,404,13,417,1
2020-08-14,Orange,059,3164182,47788,1020,48808,1054
2020-08-14,Placer,061,380077,2775,4,2779,29
2020-08-14,Plumas,063,18699,38,0,38,0
2020-08-14,Riverside,065,2383286,50351,51,50402,1015
2020-08-14,Sacramento,067,1510023,16053,14,16067,244
2020-08-14,San Benito,069,59416,898,0,898,5
2020-08-14,San Bernardino,071,2135413,45820,241,46061,881
2020-08-14,San Diego,073,3302833,36216,177,36393,659
2020-08-14,San Francisco,075,870044,8675,8,8683,83
2020-08-14,San Joaquin,077,732212,17009,27,17036,356
2020-08-14,San Luis Obispo,079,281455,2736,11,2747,21
2020-08-14,San Mateo,081,765935,7703,7,7710,134
2020-08-14,Santa Barbara,083,443738,7649,67,7716,89
2020-08-14,Santa Clara,085,1922200,16237,33,16270,219
2020-08-14,Santa Cruz,087,273765,1638,11,1649,7
2020-08-14,Shasta,089,179085,568,3,571,13
2020-08-14,Sierra,091,2930,6,0,6,0
2020-08-14,Siskiyou,093,43540,117,0,117,0
2020-08-14,Solano,095,438530,5048,28,5076,47
2020-08-14,Sonoma,097,501317,4954,14,4968,54
2020-08-14,Stanislaus,099,539301,13922,181,14103,219
2020-08-14,Sutter,101,95872,1159,1,1160,7
2020-08-14,Tehama,103,63373,357,2,359,1
2020-08-14,Trinity,105,12862,36,6,42,0
2020-08-14,Tulare,107,460477,13365,39,13404,221
2020-08-14,Tuolumne,109,53932,171,5,176,2
2020-08-14,Ventura,111,848112,10218,49,10267,104
2020-08-14,Yolo,113,214977,2221,4,2225,49
2020-08-14,Yuba,115,75493,715,2,717,4
2020-08-13,Alameda,001,1643700,16449,114,16563,230
2020-08-13,Alpine,002,1148,2,0,2,0
2020-08-13,Amador,005,37829,259,0,259,11
2020-08-13,Butte,007,227075,1535,43,1578,21
2020-08-13,Calaveras,009,45235,191,0,191,2
2020-08-13,Colusa,011,21464,426,0,426,5
2020-08-13,Contra Costa,013,1133247,12734,40,12774,168
2020-08-13,Del Norte,015,27424,102,0,102,0
2020-08-13,El Dorado,017,186661,930,7,937,2
2020-08-13,Fresno,019,978130,25134,239,25373,284
2020-08-13,Glenn,021,27897,416,0,416,3
2020-08-13,Humboldt,023,135768,332,1,333,4
2020-08-13,Imperial,025,180216,10879,7,10886,301
2020-08-13,Inyo,027,18085,144,2,146,6
2020-08-13,Kern,029,883053,28053,167,28220,283
2020-08-13,Kings,031,150075,5657,25,5682,64
2020-08-13,Lake,033,64148,285,0,285,2
2020-08-13,Lassen,035,31185,711,2,713,0
2020-08-13,Los Angeles,037,10098052,225340,819,226159,5491
2020-08-13,Madera,039,155013,3456,19,3475,61
2020-08-13,Marin,041,260295,1167,6,1173,68
2020-08-13,Mariposa,043,17540,69,0,69,0
2020-08-13,Mendocino,045,87422,506,0,506,10
2020-08-13,Merced,047,269075,7217,4,7221,92
2020-08-13,Modoc,049,8938,7,0,7,0
2020-08-13,Mono,051,14174,162,3,165,1
2020-08-13,Monterey,053,433212,6974,14,6988,41
2020-08-13,Napa,055,140530,1333,3,1336,12
2020-08-13,Nevada,057,99092,400,13,413,1
2020-08-13,Orange,059,3164182,47549,1008,48557,1038
2020-08-13,Placer,061,380077,2752,4,2756,28
2020-08-13,Plumas,063,18699,38,0,38,0
2020-08-13,Riverside,065,2383286,50055,51,50106,1004
2020-08-13,Sacramento,067,1510023,15849,14,15863,239
2020-08-13,San Benito,069,59416,869,0,869,4
2020-08-13,San Bernardino,071,2135413,45423,234,45657,869
2020-08-13,San Diego,073,3302833,35980,159,36139,651
2020-08-13,San Francisco,075,870044,8581,8,8589,82
2020-08-13,San Joaquin,077,732212,16853,26,16879,352
2020-08-13,San Luis Obispo,079,281455,2714,11,2725,21
2020-08-13,San Mateo,081,765935,7641,7,7648,134
2020-08-13,Santa Barbara,083,443738,7604,66,7670,89
2020-08-13,Santa Clara,085,1922200,16015,33,16048,218
2020-08-13,Santa Cruz,087,273765,1613,11,1624,7
2020-08-13,Shasta,089,179085,563,3,566,13
2020-08-13,Sierra,091,2930,6,0,6,0
2020-08-13,Siskiyou,093,43540,117,0,117,0
2020-08-13,Solano,095,438530,5011,28,5039,46
2020-08-13,Sonoma,097,501317,4880,14,4894,52
2020-08-13,Stanislaus,099,539301,13793,165,13958,215
2020-08-13,Sutter,101,95872,1138,1,1139,7
2020-08-13,Tehama,103,63373,348,2,350,1
2020-08-13,Trinity,105,12862,35,6,41,0
2020-08-13,Tulare,107,460477,13221,36,13257,221
2020-08-13,Tuolumne,109,53932,170,5,175,2
2020-08-13,Ventura,111,848112,10129,49,10178,103
2020-08-13,Yolo,113,214977,2194,4,2198,49
2020-08-13,Yuba,115,75493,699,2,701,4
2020-08-12,Alameda,001,1643700,16236,114,16350,230
2020-08-12,Alpine,002,1148,2,0,2,0
2020-08-12,Amador,005,37829,256,0,256,11
2020-08-12,Butte,007,227075,1506,43,1549,21
2020-08-12,Calaveras,009,45235,188,0,188,2
2020-08-12,Colusa,011,21464,421,0,421,5
2020-08-12,Contra Costa,013,1133247,12589,39,12628,166
2020-08-12,Del Norte,015,27424,101,0,101,0
2020-08-12,El Dorado,017,186661,912,7,919,2
2020-08-12,Fresno,019,978130,24903,233,25136,277
2020-08-12,Glenn,021,27897,413,0,413,3
2020-08-12,Humboldt,023,135768,325,1,326,4
2020-08-12,Imperial,025,180216,10856,7,10863,300
2020-08-12,Inyo,027,18085,127,2,129,6
2020-08-12,Kern,029,883053,27861,165,28026,279
2020-08-12,Kings,031,150075,5618,25,5643,64
2020-08-12,Lake,033,64148,283,0,283,2
2020-08-12,Lassen,035,31185,710,2,712,0
2020-08-12,Los Angeles,037,10098052,223942,803,224745,5460
2020-08-12,Madera,039,155013,3422,17,3439,61
2020-08-12,Marin,041,260295,1167,6,1173,67
2020-08-12,Mariposa,043,17540,69,0,69,0
2020-08-12,Mendocino,045,87422,487,0,487,10
2020-08-12,Merced,047,269075,7159,4,7163,90
2020-08-12,Modoc,049,8938,7,0,7,0
2020-08-12,Mono,051,14174,161,3,164,1
2020-08-12,Monterey,053,433212,6870,14,6884,41
2020-08-12,Napa,055,140530,1323,3,1326,12
2020-08-12,Nevada,057,99092,395,13,408,1
2020-08-12,Orange,059,3164182,47298,984,48282,1022
2020-08-12,Placer,061,380077,2720,4,2724,26
2020-08-12,Plumas,063,18699,38,0,38,0
2020-08-12,Riverside,065,2383286,49707,51,49758,997
2020-08-12,Sacramento,067,1510023,15637,14,15651,233
2020-08-12,San Benito,069,59416,856,0,856,4
2020-08-12,San Bernardino,071,2135413,45080,225,45305,853
2020-08-12,San Diego,073,3302833,35771,139,35910,647
2020-08-12,San Francisco,075,870044,8498,8,8506,81
2020-08-12,San Joaquin,077,732212,16705,26,16731,347
2020-08-12,San Luis Obispo,079,281455,2689,11,2700,20
2020-08-12,San Mateo,081,765935,7562,7,7569,134
2020-08-12,Santa Barbara,083,443738,7544,64,7608,88
2020-08-12,Santa Clara,085,1922200,15840,33,15873,215
2020-08-12,Santa Cruz,087,273765,1584,10,1594,7
2020-08-12,Shasta,089,179085,559,3,562,13
2020-08-12,Sierra,091,2930,5,0,5,0
2020-08-12,Siskiyou,093,43540,116,0,116,0
2020-08-12,Solano,095,438530,4966,28,4994,46
2020-08-12,Sonoma,097,501317,4806,14,4820,49
2020-08-12,Stanislaus,099,539301,13653,158,13811,213
2020-08-12,Sutter,101,95872,1114,1,1115,7
2020-08-12,Tehama,103,63373,338,2,340,1
2020-08-12,Trinity,105,12862,34,6,40,0
2020-08-12,Tulare,107,460477,13093,36,13129,220
2020-08-12,Tuolumne,109,53932,169,5,174,2
2020-08-12,Ventura,111,848112,10042,49,10091,101
2020-08-12,Yolo,113,214977,2170,4,2174,47
2020-08-12,Yuba,115,75493,677,1,678,4
2020-08-11,Alameda,001,1643700,15975,111,16086,227
2020-08-11,Alpine,002,1148,2,0,2,0
2020-08-11,Amador,005,37829,250,0,250,10
2020-08-11,Butte,007,227075,1478,43,1521,19
2020-08-11,Calaveras,009,45235,186,0,186,2
2020-08-11,Colusa,011,21464,416,0,416,5
2020-08-11,Contra Costa,013,1133247,12401,37,12438,166
2020-08-11,Del Norte,015,27424,100,0,100,0
2020-08-11,El Dorado,017,186661,905,6,911,2
2020-08-11,Fresno,019,978130,24582,230,24812,273
2020-08-11,Glenn,021,27897,411,0,411,3
2020-08-11,Humboldt,023,135768,320,1,321,4
2020-08-11,Imperial,025,180216,10802,7,10809,298
2020-08-11,Inyo,027,18085,122,2,124,6
2020-08-11,Kern,029,883053,27526,163,27689,273
2020-08-11,Kings,031,150075,5427,25,5452,63
2020-08-11,Lake,033,64148,280,0,280,2
2020-08-11,Lassen,035,31185,704,2,706,0
2020-08-11,Los Angeles,037,10098052,222442,780,223222,5425
2020-08-11,Madera,039,155013,3368,17,3385,61
2020-08-11,Marin,041,260295,1166,5,1171,64
2020-08-11,Mariposa,043,17540,68,0,68,0
2020-08-11,Mendocino,045,87422,477,0,477,10
2020-08-11,Merced,047,269075,7065,3,7068,88
2020-08-11,Modoc,049,8938,7,0,7,0
2020-08-11,Mono,051,14174,161,3,164,1
2020-08-11,Monterey,053,433212,6761,14,6775,40
2020-08-11,Napa,055,140530,1312,2,1314,12
2020-08-11,Nevada,057,99092,392,13,405,1
2020-08-11,Orange,059,3164182,47078,963,48041,1011
2020-08-11,Placer,061,380077,2688,4,2692,26
2020-08-11,Plumas,063,18699,38,0,38,0
2020-08-11,Riverside,065,2383286,49350,51,49401,990
2020-08-11,Sacramento,067,1510023,15346,14,15360,231
2020-08-11,San Benito,069,59416,844,0,844,4
2020-08-11,San Bernardino,071,2135413,44740,218,44958,843
2020-08-11,San Diego,073,3302833,35504,120,35624,644
2020-08-11,San Francisco,075,870044,8402,8,8410,80
2020-08-11,San Joaquin,077,732212,16527,21,16548,344
2020-08-11,San Luis Obispo,079,281455,2632,11,2643,20
2020-08-11,San Mateo,081,765935,7488,7,7495,134
2020-08-11,Santa Barbara,083,443738,7495,64,7559,84
2020-08-11,Santa Clara,085,1922200,15619,33,15652,214
2020-08-11,Santa Cruz,087,273765,1561,10,1571,6
2020-08-11,Shasta,089,179085,555,3,558,13
2020-08-11,Sierra,091,2930,5,0,5,0
2020-08-11,Siskiyou,093,43540,116,0,116,0
2020-08-11,Solano,095,438530,4918,27,4945,45
2020-08-11,Sonoma,097,501317,4711,14,4725,48
2020-08-11,Stanislaus,099,539301,13549,146,13695,209
2020-08-11,Sutter,101,95872,1092,1,1093,7
2020-08-11,Tehama,103,63373,334,2,336,1
2020-08-11,Trinity,105,12862,34,6,40,0
2020-08-11,Tulare,107,460477,12968,35,13003,218
2020-08-11,Tuolumne,109,53932,165,5,170,2
2020-08-11,Ventura,111,848112,9974,48,10022,101
2020-08-11,Yolo,113,214977,2148,4,2152,47
2020-08-11,Yuba,115,75493,666,1,667,4
2020-08-10,Alameda,001,1643700,15735,109,15844,224
2020-08-10,Alpine,002,1148,2,0,2,0
2020-08-10,Amador,005,37829,249,0,249,10
2020-08-10,Butte,007,227075,1454,41,1495,18
2020-08-10,Calaveras,009,45235,175,0,175,2
2020-08-10,Colusa,011,21464,414,0,414,5
2020-08-10,Contra Costa,013,1133247,12247,35,12282,164
2020-08-10,Del Norte,015,27424,98,0,98,0
2020-08-10,El Dorado,017,186661,893,6,899,2
2020-08-10,Fresno,019,978130,24300,230,24530,263
2020-08-10,Glenn,021,27897,408,0,408,3
2020-08-10,Humboldt,023,135768,314,1,315,4
2020-08-10,Imperial,025,180216,10757,7,10764,297
2020-08-10,Inyo,027,18085,122,2,124,5
2020-08-10,Kern,029,883053,27300,162,27462,268
2020-08-10,Kings,031,150075,5321,25,5346,62
2020-08-10,Lake,033,64148,273,0,273,2
2020-08-10,Lassen,035,31185,704,2,706,0
2020-08-10,Los Angeles,037,10098052,220864,762,221626,5379
2020-08-10,Madera,039,155013,3335,17,3352,60
2020-08-10,Marin,041,260295,1159,5,1164,64
2020-08-10,Mariposa,043,17540,68,0,68,0
2020-08-10,Mendocino,045,87422,453,0,453,10
2020-08-10,Merced,047,269075,6979,3,6982,88
2020-08-10,Modoc,049,8938,7,0,7,0
2020-08-10,Mono,051,14174,161,3,164,1
2020-08-10,Monterey,053,433212,6651,14,6665,38
2020-08-10,Napa,055,140530,1294,2,1296,11
2020-08-10,Nevada,057,99092,384,13,397,1
2020-08-10,Orange,059,3164182,46808,945,47753,997
2020-08-10,Placer,061,380077,2649,4,2653,25
2020-08-10,Plumas,063,18699,38,0,38,0
2020-08-10,Riverside,065,2383286,48965,50,49015,980
2020-08-10,Sacramento,067,1510023,15035,14,15049,226
2020-08-10,San Benito,069,59416,831,0,831,4
2020-08-10,San Bernardino,071,2135413,44364,209,44573,829
2020-08-10,San Diego,073,3302833,35238,104,35342,638
2020-08-10,San Francisco,075,870044,8312,7,8319,80
2020-08-10,San Joaquin,077,732212,16343,21,16364,335
2020-08-10,San Luis Obispo,079,281455,2533,11,2544,19
2020-08-10,San Mateo,081,765935,7411,7,7418,134
2020-08-10,Santa Barbara,083,443738,7440,64,7504,79
2020-08-10,Santa Clara,085,1922200,15359,32,15391,212
2020-08-10,Santa Cruz,087,273765,1541,9,1550,6
2020-08-10,Shasta,089,179085,551,3,554,13
2020-08-10,Sierra,091,2930,5,0,5,0
2020-08-10,Siskiyou,093,43540,113,0,113,0
2020-08-10,Solano,095,438530,4858,27,4885,45
2020-08-10,Sonoma,097,501317,4540,10,4550,45
2020-08-10,Stanislaus,099,539301,13366,130,13496,199
2020-08-10,Sutter,101,95872,1067,1,1068,7
2020-08-10,Tehama,103,63373,327,2,329,1
2020-08-10,Trinity,105,12862,31,6,37,0
2020-08-10,Tulare,107,460477,12795,33,12828,216
2020-08-10,Tuolumne,109,53932,165,4,169,2
2020-08-10,Ventura,111,848112,9890,47,9937,101
2020-08-10,Yolo,113,214977,2125,4,2129,47
2020-08-10,Yuba,115,75493,649,1,650,4
2020-08-09,Alameda,001,1643700,15454,107,15561,220
2020-08-09,Alpine,002,1148,2,0,2,0
2020-08-09,Amador,005,37829,244,0,244,10
2020-08-09,Butte,007,227075,1411,41,1452,17
2020-08-09,Calaveras,009,45235,170,0,170,2
2020-08-09,Colusa,011,21464,410,0,410,5
2020-08-09,Contra Costa,013,1133247,12019,34,12053,159
2020-08-09,Del Norte,015,27424,98,0,98,0
2020-08-09,El Dorado,017,186661,885,6,891,2
2020-08-09,Fresno,019,978130,23990,226,24216,250
2020-08-09,Glenn,021,27897,406,0,406,3
2020-08-09,Humboldt,023,135768,308,1,309,4
2020-08-09,Imperial,025,180216,10714,6,10720,296
2020-08-09,Inyo,027,18085,117,1,118,4
2020-08-09,Kern,029,883053,27044,162,27206,262
2020-08-09,Kings,031,150075,5278,24,5302,62
2020-08-09,Lake,033,64148,266,0,266,2
2020-08-09,Lassen,035,31185,698,2,700,0
2020-08-09,Los Angeles,037,10098052,218803,740,219543,5333
2020-08-09,Madera,039,155013,3277,13,3290,59
2020-08-09,Marin,041,260295,1159,5,1164,63
2020-08-09,Mariposa,043,17540,66,0,66,0
2020-08-09,Mendocino,045,87422,443,0,443,10
2020-08-09,Merced,047,269075,6874,2,6876,85
2020-08-09,Modoc,049,8938,7,0,7,0
2020-08-09,Mono,051,14174,160,3,163,1
2020-08-09,Monterey,053,433212,6527,14,6541,36
2020-08-09,Napa,055,140530,1275,2,1277,11
2020-08-09,Nevada,057,99092,376,13,389,1
2020-08-09,Orange,059,3164182,46509,930,47439,984
2020-08-09,Placer,061,380077,2620,4,2624,23
2020-08-09,Plumas,063,18699,38,0,38,0
2020-08-09,Riverside,065,2383286,48618,50,48668,971
2020-08-09,Sacramento,067,1510023,14756,14,14770,224
2020-08-09,San Benito,069,59416,812,0,812,4
2020-08-09,San Bernardino,071,2135413,43886,209,44095,821
2020-08-09,San Diego,073,3302833,34947,93,35040,636
2020-08-09,San Francisco,075,870044,8197,7,8204,78
2020-08-09,San Joaquin,077,732212,16138,20,16158,327
2020-08-09,San Luis Obispo,079,281455,2497,11,2508,18
2020-08-09,San Mateo,081,765935,7316,7,7323,134
2020-08-09,Santa Barbara,083,443738,7352,64,7416,79
2020-08-09,Santa Clara,085,1922200,15089,32,15121,212
2020-08-09,Santa Cruz,087,273765,1517,9,1526,6
2020-08-09,Shasta,089,179085,547,3,550,13
2020-08-09,Sierra,091,2930,5,0,5,0
2020-08-09,Siskiyou,093,43540,112,0,112,0
2020-08-09,Solano,095,438530,4805,26,4831,44
2020-08-09,Sonoma,097,501317,4404,8,4412,45
2020-08-09,Stanislaus,099,539301,13158,117,13275,194
2020-08-09,Sutter,101,95872,1033,1,1034,7
2020-08-09,Tehama,103,63373,319,2,321,1
2020-08-09,Trinity,105,12862,31,6,37,0
2020-08-09,Tulare,107,460477,12605,30,12635,213
2020-08-09,Tuolumne,109,53932,161,4,165,2
2020-08-09,Ventura,111,848112,9742,46,9788,100
2020-08-09,Yolo,113,214977,2094,4,2098,47
2020-08-09,Yuba,115,75493,629,1,630,4
2020-08-08,Alameda,001,1643700,15344,107,15451,219
2020-08-08,Alpine,002,1148,2,0,2,0
2020-08-08,Amador,005,37829,244,0,244,8
2020-08-08,Butte,007,227075,1393,41,1434,16
2020-08-08,Calaveras,009,45235,169,0,169,2
2020-08-08,Colusa,011,21464,409,0,409,5
2020-08-08,Contra Costa,013,1133247,11910,34,11944,156
2020-08-08,Del Norte,015,27424,97,0,97,0
2020-08-08,El Dorado,017,186661,878,6,884,2
2020-08-08,Fresno,019,978130,23852,224,24076,243
2020-08-08,Glenn,021,27897,406,0,406,3
2020-08-08,Humboldt,023,135768,305,1,306,4
2020-08-08,Imperial,025,180216,10699,6,10705,296
2020-08-08,Inyo,027,18085,113,1,114,4
2020-08-08,Kern,029,883053,26930,162,27092,258
2020-08-08,Kings,031,150075,5264,24,5288,61
2020-08-08,Lake,033,64148,264,0,264,2
2020-08-08,Lassen,035,31185,698,2,700,0
2020-08-08,Los Angeles,037,10098052,217920,729,218649,5293
2020-08-08,Madera,039,155013,3246,13,3259,59
2020-08-08,Marin,041,260295,1157,5,1162,61
2020-08-08,Mariposa,043,17540,65,0,65,0
2020-08-08,Mendocino,045,87422,441,0,441,10
2020-08-08,Merced,047,269075,6832,2,6834,84
2020-08-08,Modoc,049,8938,7,0,7,0
2020-08-08,Mono,051,14174,160,3,163,1
2020-08-08,Monterey,053,433212,6469,14,6483,36
2020-08-08,Napa,055,140530,1267,2,1269,11
2020-08-08,Nevada,057,99092,374,13,387,1
2020-08-08,Orange,059,3164182,46380,921,47301,966
2020-08-08,Placer,061,380077,2604,4,2608,21
2020-08-08,Plumas,063,18699,38,0,38,0
2020-08-08,Riverside,065,2383286,48413,50,48463,960
2020-08-08,Sacramento,067,1510023,14626,14,14640,216
2020-08-08,San Benito,069,59416,804,0,804,4
2020-08-08,San Bernardino,071,2135413,43692,208,43900,814
2020-08-08,San Diego,073,3302833,34758,84,34842,633
2020-08-08,San Francisco,075,870044,8131,7,8138,77
2020-08-08,San Joaquin,077,732212,16058,19,16077,319
2020-08-08,San Luis Obispo,079,281455,2474,11,2485,18
2020-08-08,San Mateo,081,765935,7258,7,7265,133
2020-08-08,Santa Barbara,083,443738,7314,64,7378,79
2020-08-08,Santa Clara,085,1922200,14937,32,14969,211
2020-08-08,Santa Cruz,087,273765,1503,9,1512,6
2020-08-08,Shasta,089,179085,545,3,548,13
2020-08-08,Sierra,091,2930,5,0,5,0
2020-08-08,Siskiyou,093,43540,112,0,112,0
2020-08-08,Solano,095,438530,4784,25,4809,44
2020-08-08,Sonoma,097,501317,4373,8,4381,42
2020-08-08,Stanislaus,099,539301,13083,112,13195,192
2020-08-08,Sutter,101,95872,1023,1,1024,7
2020-08-08,Tehama,103,63373,318,2,320,1
2020-08-08,Trinity,105,12862,31,6,37,0
2020-08-08,Tulare,107,460477,12530,30,12560,213
2020-08-08,Tuolumne,109,53932,161,4,165,2
2020-08-08,Ventura,111,848112,9687,45,9732,100
2020-08-08,Yolo,113,214977,2081,4,2085,46
2020-08-08,Yuba,115,75493,620,1,621,4
2020-08-07,Alameda,001,1643700,15234,107,15341,216
2020-08-07,Alpine,002,1148,2,0,2,0
2020-08-07,Amador,005,37829,242,0,242,6
2020-08-07,Butte,007,227075,1375,41,1416,15
2020-08-07,Calaveras,009,45235,169,0,169,2
2020-08-07,Colusa,011,21464,408,0,408,5
2020-08-07,Contra Costa,013,1133247,11762,34,11796,152
2020-08-07,Del Norte,015,27424,97,0,97,0
2020-08-07,El Dorado,017,186661,873,6,879,2
2020-08-07,Fresno,019,978130,23692,224,23916,240
2020-08-07,Glenn,021,27897,405,0,405,3
2020-08-07,Humboldt,023,135768,301,1,302,4
2020-08-07,Imperial,025,180216,10674,6,10680,294
2020-08-07,Inyo,027,18085,112,1,113,2
2020-08-07,Kern,029,883053,26804,160,26964,254
2020-08-07,Kings,031,150075,5247,24,5271,61
2020-08-07,Lake,033,64148,262,0,262,2
2020-08-07,Lassen,035,31185,697,2,699,0
2020-08-07,Los Angeles,037,10098052,216453,718,217171,5256
2020-08-07,Madera,039,155013,3214,13,3227,57
2020-08-07,Marin,041,260295,1156,5,1161,61
2020-08-07,Mariposa,043,17540,65,0,65,0
2020-08-07,Mendocino,045,87422,427,0,427,10
2020-08-07,Merced,047,269075,6789,2,6791,82
2020-08-07,Modoc,049,8938,7,0,7,0
2020-08-07,Mono,051,14174,160,3,163,1
2020-08-07,Monterey,053,433212,6394,14,6408,35
2020-08-07,Napa,055,140530,1262,2,1264,11
2020-08-07,Nevada,057,99092,371,13,384,1
2020-08-07,Orange,059,3164182,46168,904,47072,955
2020-08-07,Placer,061,380077,2586,4,2590,20
2020-08-07,Plumas,063,18699,38,0,38,0
2020-08-07,Riverside,065,2383286,48149,49,48198,945
2020-08-07,Sacramento,067,1510023,14481,14,14495,207
2020-08-07,San Benito,069,59416,798,0,798,4
2020-08-07,San Bernardino,071,2135413,43445,207,43652,804
2020-08-07,San Diego,073,3302833,34573,81,34654,629
2020-08-07,San Francisco,075,870044,8053,7,8060,77
2020-08-07,San Joaquin,077,732212,15971,19,15990,312
2020-08-07,San Luis Obispo,079,281455,2443,11,2454,18
2020-08-07,San Mateo,081,765935,7198,7,7205,132
2020-08-07,Santa Barbara,083,443738,7263,64,7327,79
2020-08-07,Santa Clara,085,1922200,14738,32,14770,211
2020-08-07,Santa Cruz,087,273765,1485,9,1494,6
2020-08-07,Shasta,089,179085,540,3,543,12
2020-08-07,Sierra,091,2930,5,0,5,0
2020-08-07,Siskiyou,093,43540,109,0,109,0
2020-08-07,Solano,095,438530,4752,24,4776,44
2020-08-07,Sonoma,097,501317,4307,8,4315,42
2020-08-07,Stanislaus,099,539301,12961,102,13063,186
2020-08-07,Sutter,101,95872,1019,1,1020,7
2020-08-07,Tehama,103,63373,314,2,316,1
2020-08-07,Trinity,105,12862,30,6,36,0
2020-08-07,Tulare,107,460477,12453,30,12483,210
2020-08-07,Tuolumne,109,53932,160,4,164,2
2020-08-07,Ventura,111,848112,9627,43,9670,99
2020-08-07,Yolo,113,214977,2054,4,2058,45
2020-08-07,Yuba,115,75493,615,1,616,4
2020-08-06,Alameda,001,1643700,15012,106,15118,213
2020-08-06,Alpine,002,1148,2,0,2,0
2020-08-06,Amador,005,37829,228,0,228,5
2020-08-06,Butte,007,227075,1356,41,1397,14
2020-08-06,Calaveras,009,45235,167,0,167,2
2020-08-06,Colusa,011,21464,405,0,405,5
2020-08-06,Contra Costa,013,1133247,11568,33,11601,148
2020-08-06,Del Norte,015,27424,97,0,97,0
2020-08-06,El Dorado,017,186661,862,6,868,2
2020-08-06,Fresno,019,978130,23397,217,23614,234
2020-08-06,Glenn,021,27897,400,0,400,3
2020-08-06,Humboldt,023,135768,296,1,297,4
2020-08-06,Imperial,025,180216,10631,6,10637,294
2020-08-06,Inyo,027,18085,104,1,105,2
2020-08-06,Kern,029,883053,26568,159,26727,248
2020-08-06,Kings,031,150075,5185,23,5208,60
2020-08-06,Lake,033,64148,259,0,259,2
2020-08-06,Lassen,035,31185,695,2,697,0
2020-08-06,Los Angeles,037,10098052,214380,702,215082,5222
2020-08-06,Madera,039,155013,3166,12,3178,54
2020-08-06,Marin,041,260295,1156,5,1161,61
2020-08-06,Mariposa,043,17540,64,0,64,0
2020-08-06,Mendocino,045,87422,413,0,413,10
2020-08-06,Merced,047,269075,6694,2,6696,77
2020-08-06,Modoc,049,8938,7,0,7,0
2020-08-06,Mono,051,14174,159,3,162,1
2020-08-06,Monterey,053,433212,6285,13,6298,34
2020-08-06,Napa,055,140530,1248,2,1250,11
2020-08-06,Nevada,057,99092,366,13,379,1
2020-08-06,Orange,059,3164182,45876,899,46775,942
2020-08-06,Placer,061,380077,2560,4,2564,20
2020-08-06,Plumas,063,18699,37,0,37,0
2020-08-06,Riverside,065,2383286,47755,49,47804,933
2020-08-06,Sacramento,067,1510023,14253,14,14267,202
2020-08-06,San Benito,069,59416,790,0,790,4
2020-08-06,San Bernardino,071,2135413,43040,205,43245,789
2020-08-06,San Diego,073,3302833,34306,74,34380,626
2020-08-06,San Francisco,075,870044,7960,6,7966,75
2020-08-06,San Joaquin,077,732212,15812,19,15831,305
2020-08-06,San Luis Obispo,079,281455,2419,10,2429,18
2020-08-06,San Mateo,081,765935,7098,7,7105,132
2020-08-06,Santa Barbara,083,443738,7203,64,7267,76
2020-08-06,Santa Clara,085,1922200,14509,32,14541,211
2020-08-06,Santa Cruz,087,273765,1464,9,1473,6
2020-08-06,Shasta,089,179085,531,3,534,12
2020-08-06,Sierra,091,2930,5,0,5,0
2020-08-06,Siskiyou,093,43540,109,0,109,0
2020-08-06,Solano,095,438530,4708,24,4732,43
2020-08-06,Sonoma,097,501317,4243,8,4251,39
2020-08-06,Stanislaus,099,539301,12811,86,12897,182
2020-08-06,Sutter,101,95872,988,1,989,7
2020-08-06,Tehama,103,63373,311,2,313,1
2020-08-06,Trinity,105,12862,27,6,33,0
2020-08-06,Tulare,107,460477,12293,30,12323,208
2020-08-06,Tuolumne,109,53932,159,4,163,2
2020-08-06,Ventura,111,848112,9512,40,9552,99
2020-08-06,Yolo,113,214977,2030,4,2034,45
2020-08-06,Yuba,115,75493,606,0,606,4
2020-08-05,Alameda,001,1643700,14796,106,14902,210
2020-08-05,Alpine,002,1148,2,0,2,0
2020-08-05,Amador,005,37829,218,0,218,4
2020-08-05,Butte,007,227075,1323,39,1362,14
2020-08-05,Calaveras,009,45235,164,0,164,2
2020-08-05,Colusa,011,21464,401,0,401,5
2020-08-05,Contra Costa,013,1133247,11399,33,11432,148
2020-08-05,Del Norte,015,27424,96,0,96,0
2020-08-05,El Dorado,017,186661,854,6,860,2
2020-08-05,Fresno,019,978130,23153,212,23365,232
2020-08-05,Glenn,021,27897,397,0,397,3
2020-08-05,Humboldt,023,135768,294,1,295,4
2020-08-05,Imperial,025,180216,10596,6,10602,294
2020-08-05,Inyo,027,18085,102,1,103,1
2020-08-05,Kern,029,883053,26380,154,26534,246
2020-08-05,Kings,031,150075,5140,22,5162,60
2020-08-05,Lake,033,64148,252,0,252,2
2020-08-05,Lassen,035,31185,648,2,650,0
2020-08-05,Los Angeles,037,10098052,212459,682,213141,5185
2020-08-05,Madera,039,155013,3124,12,3136,52
2020-08-05,Marin,041,260295,1151,5,1156,60
2020-08-05,Mariposa,043,17540,64,0,64,0
2020-08-05,Mendocino,045,87422,401,0,401,10
2020-08-05,Merced,047,269075,6563,2,6565,76
2020-08-05,Modoc,049,8938,7,0,7,0
2020-08-05,Mono,051,14174,159,3,162,1
2020-08-05,Monterey,053,433212,6170,13,6183,33
2020-08-05,Napa,055,140530,1236,2,1238,11
2020-08-05,Nevada,057,99092,357,13,370,1
2020-08-05,Orange,059,3164182,45567,891,46458,924
2020-08-05,Placer,061,380077,2519,4,2523,20
2020-08-05,Plumas,063,18699,36,0,36,0
2020-08-05,Riverside,065,2383286,47361,47,47408,922
2020-08-05,Sacramento,067,1510023,14035,13,14048,197
2020-08-05,San Benito,069,59416,781,0,781,4
2020-08-05,San Bernardino,071,2135413,42578,200,42778,780
2020-08-05,San Diego,073,3302833,34082,58,34140,621
2020-08-05,San Francisco,075,870044,7867,6,7873,75
2020-08-05,San Joaquin,077,732212,15651,19,15670,299
2020-08-05,San Luis Obispo,079,281455,2395,10,2405,16
2020-08-05,San Mateo,081,765935,7003,7,7010,132
2020-08-05,Santa Barbara,083,443738,7143,64,7207,74
2020-08-05,Santa Clara,085,1922200,14275,32,14307,211
2020-08-05,Santa Cruz,087,273765,1444,7,1451,6
2020-08-05,Shasta,089,179085,525,3,528,12
2020-08-05,Sierra,091,2930,5,0,5,0
2020-08-05,Siskiyou,093,43540,105,0,105,0
2020-08-05,Solano,095,438530,4657,23,4680,43
2020-08-05,Sonoma,097,501317,4160,8,4168,37
2020-08-05,Stanislaus,099,539301,12652,81,12733,179
2020-08-05,Sutter,101,95872,977,1,978,6
2020-08-05,Tehama,103,63373,308,2,310,1
2020-08-05,Trinity,105,12862,27,6,33,0
2020-08-05,Tulare,107,460477,12152,30,12182,206
2020-08-05,Tuolumne,109,53932,159,4,163,2
2020-08-05,Ventura,111,848112,9396,36,9432,98
2020-08-05,Yolo,113,214977,2002,4,2006,45
2020-08-05,Yuba,115,75493,589,0,589,4
2020-08-04,Alameda,001,1643700,14579,105,14684,208
2020-08-04,Alpine,002,1148,2,0,2,0
2020-08-04,Amador,005,37829,203,0,203,2
2020-08-04,Butte,007,227075,1299,38,1337,14
2020-08-04,Calaveras,009,45235,160,0,160,2
2020-08-04,Colusa,011,21464,396,0,396,5
2020-08-04,Contra Costa,013,1133247,11232,33,11265,145
2020-08-04,Del Norte,015,27424,94,0,94,0
2020-08-04,El Dorado,017,186661,844,6,850,1
2020-08-04,Fresno,019,978130,22867,205,23072,225
2020-08-04,Glenn,021,27897,396,0,396,2
2020-08-04,Humboldt,023,135768,284,1,285,4
2020-08-04,Imperial,025,180216,10559,6,10565,292
2020-08-04,Inyo,027,18085,88,1,89,1
2020-08-04,Kern,029,883053,26097,154,26251,240
2020-08-04,Kings,031,150075,5075,22,5097,58
2020-08-04,Lake,033,64148,252,0,252,2
2020-08-04,Lassen,035,31185,645,2,647,0
2020-08-04,Los Angeles,037,10098052,210518,656,211174,5150
2020-08-04,Madera,039,155013,3081,8,3089,46
2020-08-04,Marin,041,260295,1149,5,1154,58
2020-08-04,Mariposa,043,17540,64,0,64,0
2020-08-04,Mendocino,045,87422,376,0,376,10
2020-08-04,Merced,047,269075,6453,2,6455,75
2020-08-04,Modoc,049,8938,7,0,7,0
2020-08-04,Mono,051,14174,158,2,160,1
2020-08-04,Monterey,053,433212,6056,13,6069,32
2020-08-04,Napa,055,140530,1223,0,1223,10
2020-08-04,Nevada,057,99092,356,13,369,1
2020-08-04,Orange,059,3164182,45191,885,46076,910
2020-08-04,Placer,061,380077,2482,4,2486,20
2020-08-04,Plumas,063,18699,36,0,36,0
2020-08-04,Riverside,065,2383286,46974,46,47020,912
2020-08-04,Sacramento,067,1510023,13816,13,13829,194
2020-08-04,San Benito,069,59416,765,0,765,4
2020-08-04,San Bernardino,071,2135413,42028,195,42223,766
2020-08-04,San Diego,073,3302833,33789,46,33835,615
2020-08-04,San Francisco,075,870044,7779,6,7785,74
2020-08-04,San Joaquin,077,732212,15523,16,15539,290
2020-08-04,San Luis Obispo,079,281455,2365,10,2375,15
2020-08-04,San Mateo,081,765935,6897,7,6904,130
2020-08-04,Santa Barbara,083,443738,7083,64,7147,74
2020-08-04,Santa Clara,085,1922200,13973,31,14004,210
2020-08-04,Santa Cruz,087,273765,1425,7,1432,6
2020-08-04,Shasta,089,179085,519,3,522,12
2020-08-04,Sierra,091,2930,5,0,5,0
2020-08-04,Siskiyou,093,43540,103,0,103,0
2020-08-04,Solano,095,438530,4586,23,4609,41
2020-08-04,Sonoma,097,501317,4093,8,4101,37
2020-08-04,Stanislaus,099,539301,12483,74,12557,174
2020-08-04,Sutter,101,95872,963,1,964,6
2020-08-04,Tehama,103,63373,301,2,303,1
2020-08-04,Trinity,105,12862,27,6,33,0
2020-08-04,Tulare,107,460477,11972,30,12002,200
2020-08-04,Tuolumne,109,53932,158,4,162,2
2020-08-04,Ventura,111,848112,9282,34,9316,97
2020-08-04,Yolo,113,214977,1976,4,1980,43
2020-08-04,Yuba,115,75493,574,0,574,4
2020-08-03,Alameda,001,1643700,14399,102,14501,204
2020-08-03,Alpine,002,1148,2,0,2,0
2020-08-03,Amador,005,37829,199,0,199,2
2020-08-03,Butte,007,227075,1253,35,1288,14
2020-08-03,Calaveras,009,45235,157,0,157,2
2020-08-03,Colusa,011,21464,392,0,392,5
2020-08-03,Contra Costa,013,1133247,11035,30,11065,144
2020-08-03,Del Norte,015,27424,90,0,90,0
2020-08-03,El Dorado,017,186661,833,6,839,1
2020-08-03,Fresno,019,978130,22573,199,22772,221
2020-08-03,Glenn,021,27897,389,0,389,2
2020-08-03,Humboldt,023,135768,277,1,278,4
2020-08-03,Imperial,025,180216,10504,6,10510,291
2020-08-03,Inyo,027,18085,85,1,86,1
2020-08-03,Kern,029,883053,25731,147,25878,233
2020-08-03,Kings,031,150075,4963,21,4984,58
2020-08-03,Lake,033,64148,245,0,245,1
2020-08-03,Lassen,035,31185,645,2,647,0
2020-08-03,Los Angeles,037,10098052,208481,628,209109,5097
2020-08-03,Madera,039,155013,3032,7,3039,45
2020-08-03,Marin,041,260295,1144,5,1149,57
2020-08-03,Mariposa,043,17540,63,0,63,0
2020-08-03,Mendocino,045,87422,353,0,353,9
2020-08-03,Merced,047,269075,6335,2,6337,64
2020-08-03,Modoc,049,8938,7,0,7,0
2020-08-03,Mono,051,14174,158,2,160,1
2020-08-03,Monterey,053,433212,5905,10,5915,32
2020-08-03,Napa,055,140530,1209,0,1209,10
2020-08-03,Nevada,057,99092,352,13,365,1
2020-08-03,Orange,059,3164182,44797,875,45672,897
2020-08-03,Placer,061,380077,2426,3,2429,19
2020-08-03,Plumas,063,18699,36,0,36,0
2020-08-03,Riverside,065,2383286,46506,46,46552,902
2020-08-03,Sacramento,067,1510023,13621,13,13634,184
2020-08-03,San Benito,069,59416,753,0,753,4
2020-08-03,San Bernardino,071,2135413,41504,189,41693,750
2020-08-03,San Diego,073,3302833,33475,36,33511,612
2020-08-03,San Francisco,075,870044,7685,6,7691,74
2020-08-03,San Joaquin,077,732212,15326,15,15341,282
2020-08-03,San Luis Obispo,079,281455,2323,8,2331,15
2020-08-03,San Mateo,081,765935,6816,7,6823,130
2020-08-03,Santa Barbara,083,443738,7039,64,7103,74
2020-08-03,Santa Clara,085,1922200,13696,31,13727,207
2020-08-03,Santa Cruz,087,273765,1405,7,1412,4
2020-08-03,Shasta,089,179085,512,3,515,12
2020-08-03,Sierra,091,2930,5,0,5,0
2020-08-03,Siskiyou,093,43540,99,0,99,0
2020-08-03,Solano,095,438530,4517,22,4539,41
2020-08-03,Sonoma,097,501317,3991,7,3998,36
2020-08-03,Stanislaus,099,539301,12274,66,12340,170
2020-08-03,Sutter,101,95872,939,1,940,6
2020-08-03,Tehama,103,63373,293,2,295,1
2020-08-03,Trinity,105,12862,27,6,33,0
2020-08-03,Tulare,107,460477,11788,30,11818,196
2020-08-03,Tuolumne,109,53932,158,4,162,2
2020-08-03,Ventura,111,848112,9191,31,9222,96
2020-08-03,Yolo,113,214977,1941,3,1944,43
2020-08-03,Yuba,115,75493,550,0,550,4
2020-08-02,Alameda,001,1643700,14152,90,14242,201
2020-08-02,Alpine,002,1148,2,0,2,0
2020-08-02,Amador,005,37829,194,0,194,1
2020-08-02,Butte,007,227075,1218,34,1252,12
2020-08-02,Calaveras,009,45235,154,0,154,2
2020-08-02,Colusa,011,21464,387,0,387,5
2020-08-02,Contra Costa,013,1133247,10795,30,10825,139
2020-08-02,Del Norte,015,27424,89,0,89,0
2020-08-02,El Dorado,017,186661,823,6,829,1
2020-08-02,Fresno,019,978130,22298,193,22491,215
2020-08-02,Glenn,021,27897,388,0,388,1
2020-08-02,Humboldt,023,135768,272,1,273,4
2020-08-02,Imperial,025,180216,10441,6,10447,286
2020-08-02,Inyo,027,18085,84,1,85,1
2020-08-02,Kern,029,883053,25433,145,25578,224
2020-08-02,Kings,031,150075,4901,20,4921,58
2020-08-02,Lake,033,64148,240,0,240,1
2020-08-02,Lassen,035,31185,645,2,647,0
2020-08-02,Los Angeles,037,10098052,206388,610,206998,5055
2020-08-02,Madera,039,155013,2966,5,2971,41
2020-08-02,Marin,041,260295,1139,5,1144,56
2020-08-02,Mariposa,043,17540,61,0,61,0
2020-08-02,Mendocino,045,87422,343,0,343,9
2020-08-02,Merced,047,269075,6192,2,6194,63
2020-08-02,Modoc,049,8938,7,0,7,0
2020-08-02,Mono,051,14174,151,2,153,1
2020-08-02,Monterey,053,433212,5779,10,5789,32
2020-08-02,Napa,055,140530,1195,0,1195,9
2020-08-02,Nevada,057,99092,349,13,362,1
2020-08-02,Orange,059,3164182,44418,864,45282,877
2020-08-02,Placer,061,380077,2387,3,2390,19
2020-08-02,Plumas,063,18699,36,0,36,0
2020-08-02,Riverside,065,2383286,46073,45,46118,882
2020-08-02,Sacramento,067,1510023,13342,13,13355,175
2020-08-02,San Benito,069,59416,739,0,739,4
2020-08-02,San Bernardino,071,2135413,40902,185,41087,739
2020-08-02,San Diego,073,3302833,33135,27,33162,607
2020-08-02,San Francisco,075,870044,7567,6,7573,73
2020-08-02,San Joaquin,077,732212,15045,13,15058,268
2020-08-02,San Luis Obispo,079,281455,2260,8,2268,15
2020-08-02,San Mateo,081,765935,6701,7,6708,130
2020-08-02,Santa Barbara,083,443738,6949,64,7013,72
2020-08-02,Santa Clara,085,1922200,13476,31,13507,204
2020-08-02,Santa Cruz,087,273765,1385,7,1392,4
2020-08-02,Shasta,089,179085,508,3,511,11
2020-08-02,Sierra,091,2930,4,0,4,0
2020-08-02,Siskiyou,093,43540,99,0,99,0
2020-08-02,Solano,095,438530,4458,22,4480,40
2020-08-02,Sonoma,097,501317,3906,7,3913,35
2020-08-02,Stanislaus,099,539301,12059,61,12120,167
2020-08-02,Sutter,101,95872,904,1,905,6
2020-08-02,Tehama,103,63373,287,2,289,1
2020-08-02,Trinity,105,12862,27,6,33,0
2020-08-02,Tulare,107,460477,11579,30,11609,194
2020-08-02,Tuolumne,109,53932,155,4,159,2
2020-08-02,Ventura,111,848112,9044,31,9075,93
2020-08-02,Yolo,113,214977,1916,3,1919,43
2020-08-02,Yuba,115,75493,530,0,530,4
2020-08-01,Alameda,001,1643700,14040,90,14130,200
2020-08-01,Alpine,002,1148,2,0,2,0
2020-08-01,Amador,005,37829,190,0,190,1
2020-08-01,Butte,007,227075,1204,34,1238,11
2020-08-01,Calaveras,009,45235,150,0,150,1
2020-08-01,Colusa,011,21464,386,0,386,5
2020-08-01,Contra Costa,013,1133247,10664,29,10693,138
2020-08-01,Del Norte,015,27424,89,0,89,0
2020-08-01,El Dorado,017,186661,820,6,826,1
2020-08-01,Fresno,019,978130,22161,193,22354,208
2020-08-01,Glenn,021,27897,387,0,387,1
2020-08-01,Humboldt,023,135768,271,1,272,4
2020-08-01,Imperial,025,180216,10405,6,10411,284
2020-08-01,Inyo,027,18085,82,1,83,1
2020-08-01,Kern,029,883053,25275,141,25416,218
2020-08-01,Kings,031,150075,4875,20,4895,58
2020-08-01,Lake,033,64148,238,0,238,1
2020-08-01,Lassen,035,31185,644,2,646,0
2020-08-01,Los Angeles,037,10098052,205496,583,206079,5014
2020-08-01,Madera,039,155013,2927,5,2932,41
2020-08-01,Marin,041,260295,1139,5,1144,55
2020-08-01,Mariposa,043,17540,61,0,61,0
2020-08-01,Mendocino,045,87422,336,0,336,9
2020-08-01,Merced,047,269075,6144,2,6146,60
2020-08-01,Modoc,049,8938,7,0,7,0
2020-08-01,Mono,051,14174,150,2,152,1
2020-08-01,Monterey,053,433212,5712,9,5721,28
2020-08-01,Napa,055,140530,1186,0,1186,9
2020-08-01,Nevada,057,99092,345,13,358,1
2020-08-01,Orange,059,3164182,44192,858,45050,865
2020-08-01,Placer,061,380077,2353,3,2356,18
2020-08-01,Plumas,063,18699,35,0,35,0
2020-08-01,Riverside,065,2383286,45861,43,45904,870
2020-08-01,Sacramento,067,1510023,13191,13,13204,172
2020-08-01,San Benito,069,59416,728,0,728,4
2020-08-01,San Bernardino,071,2135413,40666,184,40850,726
2020-08-01,San Diego,073,3302833,32918,19,32937,603
2020-08-01,San Francisco,075,870044,7506,6,7512,73
2020-08-01,San Joaquin,077,732212,14970,12,14982,257
2020-08-01,San Luis Obispo,079,281455,2231,8,2239,15
2020-08-01,San Mateo,081,765935,6647,7,6654,130
2020-08-01,Santa Barbara,083,443738,6909,64,6973,71
2020-08-01,Santa Clara,085,1922200,13325,30,13355,202
2020-08-01,Santa Cruz,087,273765,1369,7,1376,4
2020-08-01,Shasta,089,179085,503,3,506,11
2020-08-01,Sierra,091,2930,3,0,3,0
2020-08-01,Siskiyou,093,43540,99,0,99,0
2020-08-01,Solano,095,438530,4424,21,4445,40
2020-08-01,Sonoma,097,501317,3860,7,3867,34
2020-08-01,Stanislaus,099,539301,11941,54,11995,161
2020-08-01,Sutter,101,95872,900,1,901,6
2020-08-01,Tehama,103,63373,284,2,286,1
2020-08-01,Trinity,105,12862,27,6,33,0
2020-08-01,Tulare,107,460477,11510,30,11540,194
2020-08-01,Tuolumne,109,53932,155,4,159,2
2020-08-01,Ventura,111,848112,8998,31,9029,91
2020-08-01,Yolo,113,214977,1906,3,1909,43
2020-08-01,Yuba,115,75493,525,0,525,4
2020-07-31,Alameda,001,1643700,13911,90,14001,197
2020-07-31,Alpine,002,1148,2,0,2,0
2020-07-31,Amador,005,37829,189,0,189,1
2020-07-31,Butte,007,227075,1181,34,1215,11
2020-07-31,Calaveras,009,45235,150,0,150,1
2020-07-31,Colusa,011,21464,376,0,376,4
2020-07-31,Contra Costa,013,1133247,10517,28,10545,137
2020-07-31,Del Norte,015,27424,88,0,88,0
2020-07-31,El Dorado,017,186661,809,6,815,1
2020-07-31,Fresno,019,978130,21941,193,22134,204
2020-07-31,Glenn,021,27897,380,0,380,1
2020-07-31,Humboldt,023,135768,264,1,265,4
2020-07-31,Imperial,025,180216,10373,5,10378,282
2020-07-31,Inyo,027,18085,72,1,73,1
2020-07-31,Kern,029,883053,25034,137,25171,212
2020-07-31,Kings,031,150075,4847,20,4867,58
2020-07-31,Lake,033,64148,237,0,237,1
2020-07-31,Lassen,035,31185,639,2,641,0
2020-07-31,Los Angeles,037,10098052,203897,570,204467,4968
2020-07-31,Madera,039,155013,2880,5,2885,38
2020-07-31,Marin,041,260295,1139,4,1143,55
2020-07-31,Mariposa,043,17540,61,0,61,0
2020-07-31,Mendocino,045,87422,321,0,321,9
2020-07-31,Merced,047,269075,6061,2,6063,58
2020-07-31,Modoc,049,8938,6,0,6,0
2020-07-31,Mono,051,14174,149,2,151,1
2020-07-31,Monterey,053,433212,5620,9,5629,28
2020-07-31,Napa,055,140530,1174,0,1174,9
2020-07-31,Nevada,057,99092,343,13,356,1
2020-07-31,Orange,059,3164182,43892,841,44733,849
2020-07-31,Placer,061,380077,2328,3,2331,17
2020-07-31,Plumas,063,18699,34,0,34,0
2020-07-31,Riverside,065,2383286,45471,42,45513,857
2020-07-31,Sacramento,067,1510023,13013,13,13026,168
2020-07-31,San Benito,069,59416,720,0,720,4
2020-07-31,San Bernardino,071,2135413,40336,182,40518,715
2020-07-31,San Diego,073,3302833,32684,11,32695,598
2020-07-31,San Francisco,075,870044,7406,6,7412,70
2020-07-31,San Joaquin,077,732212,14830,12,14842,251
2020-07-31,San Luis Obispo,079,281455,2162,8,2170,15
2020-07-31,San Mateo,081,765935,6575,7,6582,129
2020-07-31,Santa Barbara,083,443738,6842,64,6906,70
2020-07-31,Santa Clara,085,1922200,13104,30,13134,200
2020-07-31,Santa Cruz,087,273765,1346,7,1353,4
2020-07-31,Shasta,089,179085,493,3,496,11
2020-07-31,Sierra,091,2930,3,0,3,0
2020-07-31,Siskiyou,093,43540,97,0,97,0
2020-07-31,Solano,095,438530,4376,20,4396,40
2020-07-31,Sonoma,097,501317,3802,7,3809,33
2020-07-31,Stanislaus,099,539301,11835,49,11884,159
2020-07-31,Sutter,101,95872,895,1,896,6
2020-07-31,Tehama,103,63373,281,2,283,1
2020-07-31,Trinity,105,12862,27,6,33,0
2020-07-31,Tulare,107,460477,11389,30,11419,191
2020-07-31,Tuolumne,109,53932,155,4,159,2
2020-07-31,Ventura,111,848112,8923,31,8954,90
2020-07-31,Yolo,113,214977,1880,3,1883,43
2020-07-31,Yuba,115,75493,516,0,516,4
2020-07-30,Alameda,001,1643700,13706,52,13758,195
2020-07-30,Alpine,002,1148,2,0,2,0
2020-07-30,Amador,005,37829,171,0,171,0
2020-07-30,Butte,007,227075,1165,34,1199,9
2020-07-30,Calaveras,009,45235,146,0,146,1
2020-07-30,Colusa,011,21464,373,0,373,4
2020-07-30,Contra Costa,013,1133247,10333,27,10360,134
2020-07-30,Del Norte,015,27424,88,0,88,0
2020-07-30,El Dorado,017,186661,802,6,808,1
2020-07-30,Fresno,019,978130,21609,187,21796,197
2020-07-30,Glenn,021,27897,373,0,373,1
2020-07-30,Humboldt,023,135768,262,1,263,4
2020-07-30,Imperial,025,180216,10313,5,10318,282
2020-07-30,Inyo,027,18085,68,1,69,1
2020-07-30,Kern,029,883053,24741,133,24874,202
2020-07-30,Kings,031,150075,4743,20,4763,57
2020-07-30,Lake,033,64148,231,0,231,1
2020-07-30,Lassen,035,31185,636,2,638,0
2020-07-30,Los Angeles,037,10098052,201869,540,202409,4927
2020-07-30,Madera,039,155013,2810,5,2815,34
2020-07-30,Marin,041,260295,1136,3,1139,54
2020-07-30,Mariposa,043,17540,61,0,61,0
2020-07-30,Mendocino,045,87422,314,0,314,9
2020-07-30,Merced,047,269075,5898,2,5900,56
2020-07-30,Modoc,049,8938,6,0,6,0
2020-07-30,Mono,051,14174,148,2,150,1
2020-07-30,Monterey,053,433212,5508,9,5517,28
2020-07-30,Napa,055,140530,1157,0,1157,9
2020-07-30,Nevada,057,99092,338,13,351,1
2020-07-30,Orange,059,3164182,43477,817,44294,829
2020-07-30,Placer,061,380077,2277,3,2280,16
2020-07-30,Plumas,063,18699,33,0,33,0
2020-07-30,Riverside,065,2383286,44930,42,44972,845
2020-07-30,Sacramento,067,1510023,12794,13,12807,162
2020-07-30,San Benito,069,59416,707,0,707,4
2020-07-30,San Bernardino,071,2135413,39812,182,39994,707
2020-07-30,San Diego,073,3302833,32337,9,32346,593
2020-07-30,San Francisco,075,870044,7305,6,7311,70
2020-07-30,San Joaquin,077,732212,14634,12,14646,240
2020-07-30,San Luis Obispo,079,281455,2126,8,2134,15
2020-07-30,San Mateo,081,765935,6480,7,6487,128
2020-07-30,Santa Barbara,083,443738,6762,64,6826,69
2020-07-30,Santa Clara,085,1922200,12871,29,12900,199
2020-07-30,Santa Cruz,087,273765,1318,7,1325,4
2020-07-30,Shasta,089,179085,489,3,492,11
2020-07-30,Sierra,091,2930,3,0,3,0
2020-07-30,Siskiyou,093,43540,96,0,96,0
2020-07-30,Solano,095,438530,4325,20,4345,40
2020-07-30,Sonoma,097,501317,3731,7,3738,31
2020-07-30,Stanislaus,099,539301,11622,41,11663,157
2020-07-30,Sutter,101,95872,876,1,877,6
2020-07-30,Tehama,103,63373,278,2,280,1
2020-07-30,Trinity,105,12862,26,6,32,0
2020-07-30,Tulare,107,460477,11260,30,11290,191
2020-07-30,Tuolumne,109,53932,154,4,158,2
2020-07-30,Ventura,111,848112,8811,29,8840,88
2020-07-30,Yolo,113,214977,1860,3,1863,43
2020-07-30,Yuba,115,75493,503,0,503,4
2020-07-29,Alameda,001,1643700,13485,47,13532,193
2020-07-29,Alpine,002,1148,2,0,2,0
2020-07-29,Amador,005,37829,163,0,163,0
2020-07-29,Butte,007,227075,1139,32,1171,9
2020-07-29,Calaveras,009,45235,139,0,139,1
2020-07-29,Colusa,011,21464,369,0,369,4
2020-07-29,Contra Costa,013,1133247,10129,27,10156,131
2020-07-29,Del Norte,015,27424,88,0,88,0
2020-07-29,El Dorado,017,186661,792,6,798,1
2020-07-29,Fresno,019,978130,21317,187,21504,189
2020-07-29,Glenn,021,27897,366,0,366,1
2020-07-29,Humboldt,023,135768,259,1,260,4
2020-07-29,Imperial,025,180216,10265,5,10270,281
2020-07-29,Inyo,027,18085,63,1,64,1
2020-07-29,Kern,029,883053,24402,130,24532,196
2020-07-29,Kings,031,150075,4695,20,4715,56
2020-07-29,Lake,033,64148,229,0,229,1
2020-07-29,Lassen,035,31185,621,2,623,0
2020-07-29,Los Angeles,037,10098052,199844,523,200367,4884
2020-07-29,Madera,039,155013,2756,5,2761,34
2020-07-29,Marin,041,260295,1130,3,1133,53
2020-07-29,Mariposa,043,17540,60,0,60,0
2020-07-29,Mendocino,045,87422,306,0,306,8
2020-07-29,Merced,047,269075,5758,2,5760,50
2020-07-29,Modoc,049,8938,5,0,5,0
2020-07-29,Mono,051,14174,145,2,147,1
2020-07-29,Monterey,053,433212,5408,9,5417,27
2020-07-29,Napa,055,140530,1129,0,1129,8
2020-07-29,Nevada,057,99092,334,13,347,1
2020-07-29,Orange,059,3164182,43042,806,43848,814
2020-07-29,Placer,061,380077,2245,3,2248,16
2020-07-29,Plumas,063,18699,33,0,33,0
2020-07-29,Riverside,065,2383286,44339,42,44381,828
2020-07-29,Sacramento,067,1510023,12548,13,12561,161
2020-07-29,San Benito,069,59416,692,0,692,4
2020-07-29,San Bernardino,071,2135413,39323,171,39494,696
2020-07-29,San Diego,073,3302833,32012,8,32020,590
2020-07-29,San Francisco,075,870044,7211,6,7217,70
2020-07-29,San Joaquin,077,732212,14385,9,14394,234
2020-07-29,San Luis Obispo,079,281455,2105,8,2113,14
2020-07-29,San Mateo,081,765935,6392,7,6399,128
2020-07-29,Santa Barbara,083,443738,6695,64,6759,67
2020-07-29,Santa Clara,085,1922200,12665,29,12694,196
2020-07-29,Santa Cruz,087,273765,1294,7,1301,4
2020-07-29,Shasta,089,179085,477,3,480,11
2020-07-29,Sierra,091,2930,2,0,2,0
2020-07-29,Siskiyou,093,43540,94,0,94,0
2020-07-29,Solano,095,438530,4271,20,4291,40
2020-07-29,Sonoma,097,501317,3653,7,3660,29
2020-07-29,Stanislaus,099,539301,11401,35,11436,151
2020-07-29,Sutter,101,95872,848,1,849,6
2020-07-29,Tehama,103,63373,274,2,276,1
2020-07-29,Trinity,105,12862,26,6,32,0
2020-07-29,Tulare,107,460477,11089,30,11119,186
2020-07-29,Tuolumne,109,53932,154,4,158,2
2020-07-29,Ventura,111,848112,8706,29,8735,87
2020-07-29,Yolo,113,214977,1834,3,1837,43
2020-07-29,Yuba,115,75493,487,0,487,4
2020-07-28,Alameda,001,1643700,13255,46,13301,187
2020-07-28,Alpine,002,1148,2,0,2,0
2020-07-28,Amador,005,37829,153,0,153,0
2020-07-28,Butte,007,227075,1104,32,1136,9
2020-07-28,Calaveras,009,45235,138,0,138,1
2020-07-28,Colusa,011,21464,363,0,363,4
2020-07-28,Contra Costa,013,1133247,9908,27,9935,124
2020-07-28,Del Norte,015,27424,87,0,87,0
2020-07-28,El Dorado,017,186661,777,6,783,1
2020-07-28,Fresno,019,978130,20982,181,21163,187
2020-07-28,Glenn,021,27897,364,0,364,1
2020-07-28,Humboldt,023,135768,258,1,259,4
2020-07-28,Imperial,025,180216,10229,5,10234,277
2020-07-28,Inyo,027,18085,61,1,62,1
2020-07-28,Kern,029,883053,24039,124,24163,190
2020-07-28,Kings,031,150075,4649,20,4669,54
2020-07-28,Lake,033,64148,225,0,225,1
2020-07-28,Lassen,035,31185,615,2,617,0
2020-07-28,Los Angeles,037,10098052,197612,502,198114,4842
2020-07-28,Madera,039,155013,2690,5,2695,33
2020-07-28,Marin,041,260295,1119,3,1122,51
2020-07-28,Mariposa,043,17540,58,0,58,0
2020-07-28,Mendocino,045,87422,295,0,295,6
2020-07-28,Merced,047,269075,5612,2,5614,46
2020-07-28,Modoc,049,8938,4,0,4,0
2020-07-28,Mono,051,14174,144,2,146,1
2020-07-28,Monterey,053,433212,5288,9,5297,27
2020-07-28,Napa,055,140530,1107,0,1107,8
2020-07-28,Nevada,057,99092,329,13,342,1
2020-07-28,Orange,059,3164182,42584,792,43376,809
2020-07-28,Placer,061,380077,2209,3,2212,16
2020-07-28,Plumas,063,18699,33,0,33,0
2020-07-28,Riverside,065,2383286,43738,41,43779,813
2020-07-28,Sacramento,067,1510023,12289,12,12301,154
2020-07-28,San Benito,069,59416,682,0,682,4
2020-07-28,San Bernardino,071,2135413,38800,167,38967,676
2020-07-28,San Diego,073,3302833,31662,6,31668,583
2020-07-28,San Francisco,075,870044,7098,6,7104,69
2020-07-28,San Joaquin,077,732212,14103,6,14109,227
2020-07-28,San Luis Obispo,079,281455,2072,8,2080,13
2020-07-28,San Mateo,081,765935,6319,7,6326,127
2020-07-28,Santa Barbara,083,443738,6631,62,6693,66
2020-07-28,Santa Clara,085,1922200,12431,29,12460,196
2020-07-28,Santa Cruz,087,273765,1267,7,1274,4
2020-07-28,Shasta,089,179085,465,3,468,11
2020-07-28,Sierra,091,2930,2,0,2,0
2020-07-28,Siskiyou,093,43540,90,0,90,0
2020-07-28,Solano,095,438530,4224,19,4243,38
2020-07-28,Sonoma,097,501317,3578,7,3585,27
2020-07-28,Stanislaus,099,539301,11179,27,11206,145
2020-07-28,Sutter,101,95872,811,0,811,6
2020-07-28,Tehama,103,63373,269,2,271,1
2020-07-28,Trinity,105,12862,26,6,32,0
2020-07-28,Tulare,107,460477,10902,30,10932,183
2020-07-28,Tuolumne,109,53932,153,4,157,2
2020-07-28,Ventura,111,848112,8580,28,8608,87
2020-07-28,Yolo,113,214977,1806,3,1809,42
2020-07-28,Yuba,115,75493,470,0,470,4
2020-07-27,Alameda,001,1643700,13027,43,13070,186
2020-07-27,Alpine,002,1148,2,0,2,0
2020-07-27,Amador,005,37829,148,0,148,0
2020-07-27,Butte,007,227075,1077,32,1109,8
2020-07-27,Calaveras,009,45235,134,0,134,1
2020-07-27,Colusa,011,21464,356,0,356,4
2020-07-27,Contra Costa,013,1133247,9685,27,9712,121
2020-07-27,Del Norte,015,27424,86,0,86,0
2020-07-27,El Dorado,017,186661,765,6,771,1
2020-07-27,Fresno,019,978130,20633,175,20808,182
2020-07-27,Glenn,021,27897,362,0,362,1
2020-07-27,Humboldt,023,135768,253,1,254,4
2020-07-27,Imperial,025,180216,10179,5,10184,275
2020-07-27,Inyo,027,18085,61,1,62,1
2020-07-27,Kern,029,883053,23537,118,23655,188
2020-07-27,Kings,031,150075,4400,20,4420,52
2020-07-27,Lake,033,64148,221,0,221,1
2020-07-27,Lassen,035,31185,615,2,617,0
2020-07-27,Los Angeles,037,10098052,195186,484,195670,4806
2020-07-27,Madera,039,155013,2625,5,2630,32
2020-07-27,Marin,041,260295,1093,3,1096,51
2020-07-27,Mariposa,043,17540,58,0,58,0
2020-07-27,Mendocino,045,87422,281,0,281,6
2020-07-27,Merced,047,269075,5471,2,5473,42
2020-07-27,Modoc,049,8938,3,0,3,0
2020-07-27,Mono,051,14174,140,2,142,1
2020-07-27,Monterey,053,433212,5099,9,5108,26
2020-07-27,Napa,055,140530,1092,0,1092,8
2020-07-27,Nevada,057,99092,325,13,338,1
2020-07-27,Orange,059,3164182,42144,776,42920,796
2020-07-27,Placer,061,380077,2159,3,2162,16
2020-07-27,Plumas,063,18699,33,0,33,0
2020-07-27,Riverside,065,2383286,43059,41,43100,802
2020-07-27,Sacramento,067,1510023,11996,12,12008,153
2020-07-27,San Benito,069,59416,667,0,667,3
2020-07-27,San Bernardino,071,2135413,38208,157,38365,665
2020-07-27,San Diego,073,3302833,31288,5,31293,579
2020-07-27,San Francisco,075,870044,7011,6,7017,66
2020-07-27,San Joaquin,077,732212,13815,6,13821,218
2020-07-27,San Luis Obispo,079,281455,2026,8,2034,13
2020-07-27,San Mateo,081,765935,6210,7,6217,127
2020-07-27,Santa Barbara,083,443738,6552,60,6612,66
2020-07-27,Santa Clara,085,1922200,12162,28,12190,192
2020-07-27,Santa Cruz,087,273765,1243,7,1250,4
2020-07-27,Shasta,089,179085,458,3,461,11
2020-07-27,Sierra,091,2930,2,0,2,0
2020-07-27,Siskiyou,093,43540,88,0,88,0
2020-07-27,Solano,095,438530,4157,18,4175,37
2020-07-27,Sonoma,097,501317,3487,7,3494,25
2020-07-27,Stanislaus,099,539301,10954,19,10973,142
2020-07-27,Sutter,101,95872,785,0,785,6
2020-07-27,Tehama,103,63373,261,2,263,1
2020-07-27,Trinity,105,12862,26,6,32,0
2020-07-27,Tulare,107,460477,10684,30,10714,181
2020-07-27,Tuolumne,109,53932,150,4,154,2
2020-07-27,Ventura,111,848112,8452,27,8479,85
2020-07-27,Yolo,113,214977,1761,3,1764,41
2020-07-27,Yuba,115,75493,450,0,450,3
2020-07-26,Alameda,001,1643700,12788,42,12830,182
2020-07-26,Alpine,002,1148,2,0,2,0
2020-07-26,Amador,005,37829,142,0,142,0
2020-07-26,Butte,007,227075,1040,31,1071,8
2020-07-26,Calaveras,009,45235,131,0,131,1
2020-07-26,Colusa,011,21464,347,0,347,3
2020-07-26,Contra Costa,013,1133247,9447,27,9474,118
2020-07-26,Del Norte,015,27424,84,0,84,0
2020-07-26,El Dorado,017,186661,747,6,753,1
2020-07-26,Fresno,019,978130,20243,167,20410,175
2020-07-26,Glenn,021,27897,354,0,354,1
2020-07-26,Humboldt,023,135768,247,1,248,4
2020-07-26,Imperial,025,180216,10107,5,10112,273
2020-07-26,Inyo,027,18085,56,1,57,1
2020-07-26,Kern,029,883053,23012,115,23127,183
2020-07-26,Kings,031,150075,4341,20,4361,49
2020-07-26,Lake,033,64148,213,0,213,1
2020-07-26,Lassen,035,31185,574,2,576,0
2020-07-26,Los Angeles,037,10098052,192619,466,193085,4761
2020-07-26,Madera,039,155013,2538,5,2543,30
2020-07-26,Marin,041,260295,1091,3,1094,50
2020-07-26,Mariposa,043,17540,56,0,56,0
2020-07-26,Mendocino,045,87422,272,0,272,6
2020-07-26,Merced,047,269075,5291,2,5293,42
2020-07-26,Modoc,049,8938,3,0,3,0
2020-07-26,Mono,051,14174,136,2,138,1
2020-07-26,Monterey,053,433212,4933,9,4942,26
2020-07-26,Napa,055,140530,1073,0,1073,8
2020-07-26,Nevada,057,99092,322,13,335,1
2020-07-26,Orange,059,3164182,41619,745,42364,781
2020-07-26,Placer,061,380077,2095,3,2098,16
2020-07-26,Plumas,063,18699,33,0,33,0
2020-07-26,Riverside,065,2383286,42499,41,42540,790
2020-07-26,Sacramento,067,1510023,11690,12,11702,150
2020-07-26,San Benito,069,59416,655,0,655,3
2020-07-26,San Bernardino,071,2135413,37567,149,37716,652
2020-07-26,San Diego,073,3302833,30892,4,30896,575
2020-07-26,San Francisco,075,870044,6905,6,6911,65
2020-07-26,San Joaquin,077,732212,13523,6,13529,210
2020-07-26,San Luis Obispo,079,281455,1984,8,1992,11
2020-07-26,San Mateo,081,765935,6105,7,6112,127
2020-07-26,Santa Barbara,083,443738,6451,60,6511,65
2020-07-26,Santa Clara,085,1922200,11933,28,11961,192
2020-07-26,Santa Cruz,087,273765,1216,7,1223,4
2020-07-26,Shasta,089,179085,451,3,454,11
2020-07-26,Sierra,091,2930,2,0,2,0
2020-07-26,Siskiyou,093,43540,86,0,86,0
2020-07-26,Solano,095,438530,4078,16,4094,37
2020-07-26,Sonoma,097,501317,3398,6,3404,23
2020-07-26,Stanislaus,099,539301,10691,18,10709,132
2020-07-26,Sutter,101,95872,771,0,771,5
2020-07-26,Tehama,103,63373,254,2,256,1
2020-07-26,Trinity,105,12862,26,6,32,0
2020-07-26,Tulare,107,460477,10478,30,10508,181
2020-07-26,Tuolumne,109,53932,145,4,149,1
2020-07-26,Ventura,111,848112,8245,27,8272,83
2020-07-26,Yolo,113,214977,1730,3,1733,40
2020-07-26,Yuba,115,75493,431,0,431,3
2020-07-25,Alameda,001,1643700,12691,40,12731,182
2020-07-25,Alpine,002,1148,2,0,2,0
2020-07-25,Amador,005,37829,139,0,139,0
2020-07-25,Butte,007,227075,1031,31,1062,6
2020-07-25,Calaveras,009,45235,128,0,128,1
2020-07-25,Colusa,011,21464,340,0,340,3
2020-07-25,Contra Costa,013,1133247,9305,27,9332,118
2020-07-25,Del Norte,015,27424,84,0,84,0
2020-07-25,El Dorado,017,186661,736,6,742,1
2020-07-25,Fresno,019,978130,20056,167,20223,167
2020-07-25,Glenn,021,27897,352,0,352,1
2020-07-25,Humboldt,023,135768,244,1,245,4
2020-07-25,Imperial,025,180216,10081,5,10086,272
2020-07-25,Inyo,027,18085,55,1,56,1
2020-07-25,Kern,029,883053,22794,114,22908,178
2020-07-25,Kings,031,150075,4324,20,4344,48
2020-07-25,Lake,033,64148,211,0,211,1
2020-07-25,Lassen,035,31185,574,2,576,0
2020-07-25,Los Angeles,037,10098052,191484,460,191944,4713
2020-07-25,Madera,039,155013,2506,5,2511,27
2020-07-25,Marin,041,260295,1090,3,1093,46
2020-07-25,Mariposa,043,17540,55,0,55,0
2020-07-25,Mendocino,045,87422,266,0,266,6
2020-07-25,Merced,047,269075,5212,2,5214,40
2020-07-25,Modoc,049,8938,3,0,3,0
2020-07-25,Mono,051,14174,136,2,138,1
2020-07-25,Monterey,053,433212,4856,9,4865,25
2020-07-25,Napa,055,140530,1060,0,1060,8
2020-07-25,Nevada,057,99092,320,13,333,1
2020-07-25,Orange,059,3164182,41400,724,42124,770
2020-07-25,Placer,061,380077,2079,3,2082,15
2020-07-25,Plumas,063,18699,33,0,33,0
2020-07-25,Riverside,065,2383286,42230,41,42271,777
2020-07-25,Sacramento,067,1510023,11544,11,11555,148
2020-07-25,San Benito,069,59416,639,0,639,3
2020-07-25,San Bernardino,071,2135413,37289,146,37435,642
2020-07-25,San Diego,073,3302833,30631,3,30634,568
2020-07-25,San Francisco,075,870044,6847,6,6853,64
2020-07-25,San Joaquin,077,732212,13397,5,13402,199
2020-07-25,San Luis Obispo,079,281455,1964,7,1971,11
2020-07-25,San Mateo,081,765935,6042,7,6049,127
2020-07-25,Santa Barbara,083,443738,6416,60,6476,64
2020-07-25,Santa Clara,085,1922200,11799,28,11827,191
2020-07-25,Santa Cruz,087,273765,1199,7,1206,4
2020-07-25,Shasta,089,179085,446,1,447,11
2020-07-25,Sierra,091,2930,2,0,2,0
2020-07-25,Siskiyou,093,43540,84,0,84,0
2020-07-25,Solano,095,438530,4038,14,4052,36
2020-07-25,Sonoma,097,501317,3359,6,3365,22
2020-07-25,Stanislaus,099,539301,10588,14,10602,129
2020-07-25,Sutter,101,95872,752,0,752,4
2020-07-25,Tehama,103,63373,253,2,255,1
2020-07-25,Trinity,105,12862,26,6,32,0
2020-07-25,Tulare,107,460477,10378,30,10408,178
2020-07-25,Tuolumne,109,53932,144,4,148,0
2020-07-25,Ventura,111,848112,8172,27,8199,83
2020-07-25,Yolo,113,214977,1714,3,1717,40
2020-07-25,Yuba,115,75493,425,0,425,3
2020-07-24,Alameda,001,1643700,12550,37,12587,179
2020-07-24,Alpine,002,1148,2,0,2,0
2020-07-24,Amador,005,37829,137,0,137,0
2020-07-24,Butte,007,227075,1019,31,1050,6
2020-07-24,Calaveras,009,45235,124,0,124,1
2020-07-24,Colusa,011,21464,337,0,337,3
2020-07-24,Contra Costa,013,1133247,9159,27,9186,116
2020-07-24,Del Norte,015,27424,84,0,84,0
2020-07-24,El Dorado,017,186661,714,6,720,1
2020-07-24,Fresno,019,978130,19831,167,19998,159
2020-07-24,Glenn,021,27897,349,0,349,1
2020-07-24,Humboldt,023,135768,241,1,242,4
2020-07-24,Imperial,025,180216,10059,5,10064,268
2020-07-24,Inyo,027,18085,55,1,56,1
2020-07-24,Kern,029,883053,22553,114,22667,172
2020-07-24,Kings,031,150075,4294,20,4314,48
2020-07-24,Lake,033,64148,209,0,209,1
2020-07-24,Lassen,035,31185,574,2,576,0
2020-07-24,Los Angeles,037,10098052,189459,449,189908,4664
2020-07-24,Madera,039,155013,2473,5,2478,25
2020-07-24,Marin,041,260295,1090,3,1093,44
2020-07-24,Mariposa,043,17540,55,0,55,0
2020-07-24,Mendocino,045,87422,259,0,259,6
2020-07-24,Merced,047,269075,5127,2,5129,38
2020-07-24,Modoc,049,8938,3,0,3,0
2020-07-24,Mono,051,14174,135,2,137,1
2020-07-24,Monterey,053,433212,4784,9,4793,24
2020-07-24,Napa,055,140530,1047,0,1047,8
2020-07-24,Nevada,057,99092,317,13,330,1
2020-07-24,Orange,059,3164182,41113,708,41821,759
2020-07-24,Placer,061,380077,2048,3,2051,14
2020-07-24,Plumas,063,18699,33,0,33,0
2020-07-24,Riverside,065,2383286,41806,40,41846,764
2020-07-24,Sacramento,067,1510023,11356,11,11367,140
2020-07-24,San Benito,069,59416,632,0,632,3
2020-07-24,San Bernardino,071,2135413,36918,141,37059,615
2020-07-24,San Diego,073,3302833,30331,3,30334,560
2020-07-24,San Francisco,075,870044,6753,6,6759,64
2020-07-24,San Joaquin,077,732212,13248,5,13253,190
2020-07-24,San Luis Obispo,079,281455,1940,7,1947,10
2020-07-24,San Mateo,081,765935,5979,7,5986,127
2020-07-24,Santa Barbara,083,443738,6363,58,6421,60
2020-07-24,Santa Clara,085,1922200,11634,28,11662,189
2020-07-24,Santa Cruz,087,273765,1179,7,1186,4
2020-07-24,Shasta,089,179085,438,1,439,11
2020-07-24,Sierra,091,2930,2,0,2,0
2020-07-24,Siskiyou,093,43540,84,0,84,0
2020-07-24,Solano,095,438530,4002,11,4013,36
2020-07-24,Sonoma,097,501317,3307,6,3313,21
2020-07-24,Stanislaus,099,539301,10416,12,10428,126
2020-07-24,Sutter,101,95872,741,0,741,4
2020-07-24,Tehama,103,63373,245,2,247,1
2020-07-24,Trinity,105,12862,25,6,31,0
2020-07-24,Tulare,107,460477,10284,28,10312,174
2020-07-24,Tuolumne,109,53932,140,4,144,0
2020-07-24,Ventura,111,848112,8087,27,8114,81
2020-07-24,Yolo,113,214977,1700,3,1703,39
2020-07-24,Yuba,115,75493,410,0,410,3
2020-07-23,Alameda,001,1643700,12307,37,12344,178
2020-07-23,Alpine,002,1148,2,0,2,0
2020-07-23,Amador,005,37829,120,0,120,0
2020-07-23,Butte,007,227075,1004,30,1034,6
2020-07-23,Calaveras,009,45235,117,0,117,1
2020-07-23,Colusa,011,21464,329,0,329,3
2020-07-23,Contra Costa,013,1133247,8960,25,8985,116
2020-07-23,Del Norte,015,27424,84,0,84,0
2020-07-23,El Dorado,017,186661,703,6,709,1
2020-07-23,Fresno,019,978130,19473,164,19637,153
2020-07-23,Glenn,021,27897,344,0,344,1
2020-07-23,Humboldt,023,135768,240,1,241,4
2020-07-23,Imperial,025,180216,10008,5,10013,267
2020-07-23,Inyo,027,18085,53,1,54,1
2020-07-23,Kern,029,883053,22146,110,22256,167
2020-07-23,Kings,031,150075,4182,20,4202,47
2020-07-23,Lake,033,64148,200,0,200,1
2020-07-23,Lassen,035,31185,571,2,573,0
2020-07-23,Los Angeles,037,10098052,186908,424,187332,4623
2020-07-23,Madera,039,155013,2407,4,2411,25
2020-07-23,Marin,041,260295,1087,3,1090,41
2020-07-23,Mariposa,043,17540,55,0,55,0
2020-07-23,Mendocino,045,87422,249,0,249,4
2020-07-23,Merced,047,269075,4970,2,4972,35
2020-07-23,Modoc,049,8938,3,0,3,0
2020-07-23,Mono,051,14174,131,2,133,1
2020-07-23,Monterey,053,433212,4667,9,4676,23
2020-07-23,Napa,055,140530,1023,0,1023,8
2020-07-23,Nevada,057,99092,314,13,327,1
2020-07-23,Orange,059,3164182,40617,678,41295,742
2020-07-23,Placer,061,380077,2004,3,2007,13
2020-07-23,Plumas,063,18699,32,0,32,0
2020-07-23,Riverside,065,2383286,41201,40,41241,749
2020-07-23,Sacramento,067,1510023,11123,11,11134,136
2020-07-23,San Benito,069,59416,618,0,618,3
2020-07-23,San Bernardino,071,2135413,36399,135,36534,604
2020-07-23,San Diego,073,3302833,29957,3,29960,555
2020-07-23,San Francisco,075,870044,6652,6,6658,64
2020-07-23,San Joaquin,077,732212,13029,5,13034,184
2020-07-23,San Luis Obispo,079,281455,1911,7,1918,9
2020-07-23,San Mateo,081,765935,5874,7,5881,127
2020-07-23,Santa Barbara,083,443738,6290,58,6348,58
2020-07-23,Santa Clara,085,1922200,11415,28,11443,188
2020-07-23,Santa Cruz,087,273765,1143,7,1150,4
2020-07-23,Shasta,089,179085,427,1,428,11
2020-07-23,Sierra,091,2930,2,0,2,0
2020-07-23,Siskiyou,093,43540,82,0,82,0
2020-07-23,Solano,095,438530,3938,9,3947,36
2020-07-23,Sonoma,097,501317,3231,6,3237,21
2020-07-23,Stanislaus,099,539301,10174,12,10186,117
2020-07-23,Sutter,101,95872,708,0,708,4
2020-07-23,Tehama,103,63373,239,2,241,1
2020-07-23,Trinity,105,12862,24,6,30,0
2020-07-23,Tulare,107,460477,10095,28,10123,173
2020-07-23,Tuolumne,109,53932,140,4,144,0
2020-07-23,Ventura,111,848112,7963,27,7990,81
2020-07-23,Yolo,113,214977,1682,3,1685,38
2020-07-23,Yuba,115,75493,390,0,390,3
2020-07-22,Alameda,001,1643700,12090,36,12126,175
2020-07-22,Alpine,002,1148,2,0,2,0
2020-07-22,Amador,005,37829,118,0,118,0
2020-07-22,Butte,007,227075,968,30,998,6
2020-07-22,Calaveras,009,45235,117,0,117,1
2020-07-22,Colusa,011,21464,322,0,322,2
2020-07-22,Contra Costa,013,1133247,8734,25,8759,112
2020-07-22,Del Norte,015,27424,84,0,84,0
2020-07-22,El Dorado,017,186661,690,6,696,1
2020-07-22,Fresno,019,978130,19109,158,19267,149
2020-07-22,Glenn,021,27897,338,0,338,1
2020-07-22,Humboldt,023,135768,238,1,239,4
2020-07-22,Imperial,025,180216,9949,5,9954,265
2020-07-22,Inyo,027,18085,49,1,50,1
2020-07-22,Kern,029,883053,21714,102,21816,163
2020-07-22,Kings,031,150075,4126,20,4146,45
2020-07-22,Lake,033,64148,197,0,197,1
2020-07-22,Lassen,035,31185,568,2,570,0
2020-07-22,Los Angeles,037,10098052,184258,403,184661,4582
2020-07-22,Madera,039,155013,2332,4,2336,23
2020-07-22,Marin,041,260295,1063,3,1066,41
2020-07-22,Mariposa,043,17540,55,0,55,0
2020-07-22,Mendocino,045,87422,242,0,242,4
2020-07-22,Merced,047,269075,4834,2,4836,35
2020-07-22,Modoc,049,8938,3,0,3,0
2020-07-22,Mono,051,14174,128,2,130,1
2020-07-22,Monterey,053,433212,4566,9,4575,23
2020-07-22,Napa,055,140530,1001,0,1001,8
2020-07-22,Nevada,057,99092,308,12,320,1
2020-07-22,Orange,059,3164182,40118,669,40787,731
2020-07-22,Placer,061,380077,1948,3,1951,13
2020-07-22,Plumas,063,18699,31,0,31,0
2020-07-22,Riverside,065,2383286,40565,40,40605,737
2020-07-22,Sacramento,067,1510023,10861,11,10872,133
2020-07-22,San Benito,069,59416,604,0,604,3
2020-07-22,San Bernardino,071,2135413,35877,124,36001,582
2020-07-22,San Diego,073,3302833,29569,2,29571,548
2020-07-22,San Francisco,075,870044,6548,5,6553,63
2020-07-22,San Joaquin,077,732212,12751,5,12756,178
2020-07-22,San Luis Obispo,079,281455,1865,7,1872,9
2020-07-22,San Mateo,081,765935,5785,7,5792,127
2020-07-22,Santa Barbara,083,443738,6206,56,6262,57
2020-07-22,Santa Clara,085,1922200,11172,28,11200,185
2020-07-22,Santa Cruz,087,273765,1119,7,1126,4
2020-07-22,Shasta,089,179085,417,1,418,11
2020-07-22,Sierra,091,2930,1,0,1,0
2020-07-22,Siskiyou,093,43540,81,0,81,0
2020-07-22,Solano,095,438530,3877,8,3885,36
2020-07-22,Sonoma,097,501317,3154,6,3160,19
2020-07-22,Stanislaus,099,539301,10003,12,10015,113
2020-07-22,Sutter,101,95872,684,0,684,4
2020-07-22,Tehama,103,63373,231,2,233,1
2020-07-22,Trinity,105,12862,23,6,29,0
2020-07-22,Tulare,107,460477,9862,28,9890,171
2020-07-22,Tuolumne,109,53932,136,4,140,0
2020-07-22,Ventura,111,848112,7835,25,7860,79
2020-07-22,Yolo,113,214977,1640,3,1643,37
2020-07-22,Yuba,115,75493,375,0,375,3
2020-07-21,Alameda,001,1643700,11876,36,11912,174
2020-07-21,Alpine,002,1148,2,0,2,0
2020-07-21,Amador,005,37829,113,0,113,0
2020-07-21,Butte,007,227075,923,29,952,6
2020-07-21,Calaveras,009,45235,111,0,111,1
2020-07-21,Colusa,011,21464,298,0,298,2
2020-07-21,Contra Costa,013,1133247,8492,25,8517,111
2020-07-21,Del Norte,015,27424,84,0,84,0
2020-07-21,El Dorado,017,186661,682,6,688,1
2020-07-21,Fresno,019,978130,18709,152,18861,144
2020-07-21,Glenn,021,27897,331,0,331,1
2020-07-21,Humboldt,023,135768,236,1,237,4
2020-07-21,Imperial,025,180216,9898,5,9903,261
2020-07-21,Inyo,027,18085,48,1,49,1
2020-07-21,Kern,029,883053,21292,96,21388,158
2020-07-21,Kings,031,150075,4061,19,4080,45
2020-07-21,Lake,033,64148,197,0,197,1
2020-07-21,Lassen,035,31185,566,2,568,0
2020-07-21,Los Angeles,037,10098052,181270,379,181649,4530
2020-07-21,Madera,039,155013,2267,3,2270,21
2020-07-21,Marin,041,260295,1057,3,1060,40
2020-07-21,Mariposa,043,17540,54,0,54,0
2020-07-21,Mendocino,045,87422,231,0,231,3
2020-07-21,Merced,047,269075,4647,2,4649,31
2020-07-21,Modoc,049,8938,3,0,3,0
2020-07-21,Mono,051,14174,124,2,126,1
2020-07-21,Monterey,053,433212,4434,8,4442,20
2020-07-21,Napa,055,140530,974,0,974,7
2020-07-21,Nevada,057,99092,306,10,316,1
2020-07-21,Orange,059,3164182,39622,637,40259,718
2020-07-21,Placer,061,380077,1907,3,1910,13
2020-07-21,Plumas,063,18699,31,0,31,0
2020-07-21,Riverside,065,2383286,39863,40,39903,726
2020-07-21,Sacramento,067,1510023,10589,10,10599,129
2020-07-21,San Benito,069,59416,593,0,593,3
2020-07-21,San Bernardino,071,2135413,35230,117,35347,568
2020-07-21,San Diego,073,3302833,29120,2,29122,541
2020-07-21,San Francisco,075,870044,6439,5,6444,62
2020-07-21,San Joaquin,077,732212,12423,5,12428,171
2020-07-21,San Luis Obispo,079,281455,1816,7,1823,7
2020-07-21,San Mateo,081,765935,5693,7,5700,127
2020-07-21,Santa Barbara,083,443738,6126,55,6181,57
2020-07-21,Santa Clara,085,1922200,10909,28,10937,184
2020-07-21,Santa Cruz,087,273765,1086,7,1093,4
2020-07-21,Shasta,089,179085,409,1,410,11
2020-07-21,Sierra,091,2930,1,0,1,0
2020-07-21,Siskiyou,093,43540,81,0,81,0
2020-07-21,Solano,095,438530,3805,8,3813,36
2020-07-21,Sonoma,097,501317,3097,6,3103,19
2020-07-21,Stanislaus,099,539301,9740,12,9752,110
2020-07-21,Sutter,101,95872,668,0,668,4
2020-07-21,Tehama,103,63373,221,2,223,1
2020-07-21,Trinity,105,12862,23,6,29,0
2020-07-21,Tulare,107,460477,9660,28,9688,171
2020-07-21,Tuolumne,109,53932,134,4,138,0
2020-07-21,Ventura,111,848112,7703,25,7728,77
2020-07-21,Yolo,113,214977,1586,3,1589,37
2020-07-21,Yuba,115,75493,369,0,369,3
2020-07-20,Alameda,001,1643700,11625,35,11660,172
2020-07-20,Alpine,002,1148,2,0,2,0
2020-07-20,Amador,005,37829,110,0,110,0
2020-07-20,Butte,007,227075,886,29,915,6
2020-07-20,Calaveras,009,45235,108,0,108,1
2020-07-20,Colusa,011,21464,287,0,287,2
2020-07-20,Contra Costa,013,1133247,8284,25,8309,110
2020-07-20,Del Norte,015,27424,84,0,84,0
2020-07-20,El Dorado,017,186661,659,6,665,1
2020-07-20,Fresno,019,978130,18263,151,18414,139
2020-07-20,Glenn,021,27897,323,0,323,1
2020-07-20,Humboldt,023,135768,229,1,230,4
2020-07-20,Imperial,025,180216,9857,5,9862,256
2020-07-20,Inyo,027,18085,46,1,47,1
2020-07-20,Kern,029,883053,20782,92,20874,156
2020-07-20,Kings,031,150075,4011,19,4030,45
2020-07-20,Lake,033,64148,194,0,194,1
2020-07-20,Lassen,035,31185,564,2,566,0
2020-07-20,Los Angeles,037,10098052,178307,352,178659,4484
2020-07-20,Madera,039,155013,2192,3,2195,19
2020-07-20,Marin,041,260295,1026,3,1029,40
2020-07-20,Mariposa,043,17540,53,0,53,0
2020-07-20,Mendocino,045,87422,218,0,218,3
2020-07-20,Merced,047,269075,4472,2,4474,30
2020-07-20,Modoc,049,8938,3,0,3,0
2020-07-20,Mono,051,14174,118,2,120,1
2020-07-20,Monterey,053,433212,4328,8,4336,20
2020-07-20,Napa,055,140530,939,0,939,7
2020-07-20,Nevada,057,99092,298,10,308,1
2020-07-20,Orange,059,3164182,39012,607,39619,703
2020-07-20,Placer,061,380077,1856,3,1859,13
2020-07-20,Plumas,063,18699,30,0,30,0
2020-07-20,Riverside,065,2383286,39031,40,39071,718
2020-07-20,Sacramento,067,1510023,10261,10,10271,125
2020-07-20,San Benito,069,59416,575,0,575,3
2020-07-20,San Bernardino,071,2135413,34422,113,34535,552
2020-07-20,San Diego,073,3302833,28678,2,28680,536
2020-07-20,San Francisco,075,870044,6318,5,6323,61
2020-07-20,San Joaquin,077,732212,12067,5,12072,160
2020-07-20,San Luis Obispo,079,281455,1774,7,1781,7
2020-07-20,San Mateo,081,765935,5593,7,5600,126
2020-07-20,Santa Barbara,083,443738,6016,53,6069,56
2020-07-20,Santa Clara,085,1922200,10677,27,10704,183
2020-07-20,Santa Cruz,087,273765,1054,7,1061,4
2020-07-20,Shasta,089,179085,394,1,395,10
2020-07-20,Sierra,091,2930,1,0,1,0
2020-07-20,Siskiyou,093,43540,77,0,77,0
2020-07-20,Solano,095,438530,3722,8,3730,36
2020-07-20,Sonoma,097,501317,2991,6,2997,17
2020-07-20,Stanislaus,099,539301,9456,12,9468,107
2020-07-20,Sutter,101,95872,635,0,635,4
2020-07-20,Tehama,103,63373,211,2,213,1
2020-07-20,Trinity,105,12862,23,6,29,0
2020-07-20,Tulare,107,460477,9426,28,9454,171
2020-07-20,Tuolumne,109,53932,133,4,137,0
2020-07-20,Ventura,111,848112,7569,25,7594,74
2020-07-20,Yolo,113,214977,1545,3,1548,36
2020-07-20,Yuba,115,75493,349,0,349,3
2020-07-19,Alameda,001,1643700,11385,29,11414,172
2020-07-19,Alpine,002,1148,2,0,2,0
2020-07-19,Amador,005,37829,103,0,103,0
2020-07-19,Butte,007,227075,861,25,886,6
2020-07-19,Calaveras,009,45235,106,0,106,1
2020-07-19,Colusa,011,21464,279,0,279,0
2020-07-19,Contra Costa,013,1133247,7993,23,8016,110
2020-07-19,Del Norte,015,27424,83,0,83,0
2020-07-19,El Dorado,017,186661,641,6,647,1
2020-07-19,Fresno,019,978130,17739,139,17878,135
2020-07-19,Glenn,021,27897,309,0,309,1
2020-07-19,Humboldt,023,135768,221,1,222,4
2020-07-19,Imperial,025,180216,9766,5,9771,249
2020-07-19,Inyo,027,18085,42,1,43,1
2020-07-19,Kern,029,883053,20165,84,20249,150
2020-07-19,Kings,031,150075,3925,19,3944,44
2020-07-19,Lake,033,64148,189,0,189,1
2020-07-19,Lassen,035,31185,545,2,547,0
2020-07-19,Los Angeles,037,10098052,174861,329,175190,4442
2020-07-19,Madera,039,155013,2115,3,2118,18
2020-07-19,Marin,041,260295,1026,3,1029,39
2020-07-19,Mariposa,043,17540,49,0,49,0
2020-07-19,Mendocino,045,87422,213,0,213,3
2020-07-19,Merced,047,269075,4259,2,4261,30
2020-07-19,Modoc,049,8938,3,0,3,0
2020-07-19,Mono,051,14174,107,2,109,1
2020-07-19,Monterey,053,433212,4209,8,4217,20
2020-07-19,Napa,055,140530,911,0,911,7
2020-07-19,Nevada,057,99092,292,10,302,1
2020-07-19,Orange,059,3164182,38448,594,39042,692
2020-07-19,Placer,061,380077,1809,3,1812,11
2020-07-19,Plumas,063,18699,30,0,30,0
2020-07-19,Riverside,065,2383286,38326,40,38366,701
2020-07-19,Sacramento,067,1510023,9868,10,9878,121
2020-07-19,San Benito,069,59416,559,0,559,3
2020-07-19,San Bernardino,071,2135413,33649,101,33750,534
2020-07-19,San Diego,073,3302833,28177,2,28179,528
2020-07-19,San Francisco,075,870044,6172,5,6177,61
2020-07-19,San Joaquin,077,732212,11660,5,11665,151
2020-07-19,San Luis Obispo,079,281455,1730,7,1737,7
2020-07-19,San Mateo,081,765935,5489,7,5496,126
2020-07-19,Santa Barbara,083,443738,5914,50,5964,52
2020-07-19,Santa Clara,085,1922200,10432,27,10459,182
2020-07-19,Santa Cruz,087,273765,1010,7,1017,4
2020-07-19,Shasta,089,179085,381,1,382,10
2020-07-19,Sierra,091,2930,1,0,1,0
2020-07-19,Siskiyou,093,43540,75,0,75,0
2020-07-19,Solano,095,438530,3617,8,3625,34
2020-07-19,Sonoma,097,501317,2891,6,2897,17
2020-07-19,Stanislaus,099,539301,9160,12,9172,104
2020-07-19,Sutter,101,95872,604,0,604,4
2020-07-19,Tehama,103,63373,207,2,209,1
2020-07-19,Trinity,105,12862,23,6,29,0
2020-07-19,Tulare,107,460477,9178,28,9206,170
2020-07-19,Tuolumne,109,53932,128,4,132,0
2020-07-19,Ventura,111,848112,7379,25,7404,73
2020-07-19,Yolo,113,214977,1505,3,1508,34
2020-07-19,Yuba,115,75493,329,0,329,3
2020-07-18,Alameda,001,1643700,11248,28,11276,171
2020-07-18,Alpine,002,1148,2,0,2,0
2020-07-18,Amador,005,37829,99,0,99,0
2020-07-18,Butte,007,227075,852,24,876,6
2020-07-18,Calaveras,009,45235,102,0,102,1
2020-07-18,Colusa,011,21464,274,0,274,0
2020-07-18,Contra Costa,013,1133247,7858,23,7881,110
2020-07-18,Del Norte,015,27424,83,0,83,0
2020-07-18,El Dorado,017,186661,638,6,644,1
2020-07-18,Fresno,019,978130,17490,137,17627,133
2020-07-18,Glenn,021,27897,303,0,303,1
2020-07-18,Humboldt,023,135768,218,1,219,4
2020-07-18,Imperial,025,180216,9736,5,9741,245
2020-07-18,Inyo,027,18085,42,1,43,1
2020-07-18,Kern,029,883053,19862,81,19943,148
2020-07-18,Kings,031,150075,3885,18,3903,43
2020-07-18,Lake,033,64148,186,0,186,1
2020-07-18,Lassen,035,31185,544,2,546,0
2020-07-18,Los Angeles,037,10098052,173415,319,173734,4403
2020-07-18,Madera,039,155013,2069,3,2072,18
2020-07-18,Marin,041,260295,1026,3,1029,36
2020-07-18,Mariposa,043,17540,49,0,49,0
2020-07-18,Mendocino,045,87422,207,0,207,3
2020-07-18,Merced,047,269075,4143,2,4145,28
2020-07-18,Modoc,049,8938,3,0,3,0
2020-07-18,Mono,051,14174,105,2,107,1
2020-07-18,Monterey,053,433212,4141,8,4149,19
2020-07-18,Napa,055,140530,900,0,900,7
2020-07-18,Nevada,057,99092,288,9,297,1
2020-07-18,Orange,059,3164182,38129,574,38703,677
2020-07-18,Placer,061,380077,1786,3,1789,11
2020-07-18,Plumas,063,18699,30,0,30,0
2020-07-18,Riverside,065,2383286,37972,39,38011,689
2020-07-18,Sacramento,067,1510023,9623,10,9633,114
2020-07-18,San Benito,069,59416,544,0,544,3
2020-07-18,San Bernardino,071,2135413,33189,94,33283,520
2020-07-18,San Diego,073,3302833,27874,2,27876,524
2020-07-18,San Francisco,075,870044,6070,5,6075,61
2020-07-18,San Joaquin,077,732212,11447,5,11452,139
2020-07-18,San Luis Obispo,079,281455,1695,7,1702,7
2020-07-18,San Mateo,081,765935,5429,7,5436,126
2020-07-18,Santa Barbara,083,443738,5854,48,5902,52
2020-07-18,Santa Clara,085,1922200,10283,26,10309,181
2020-07-18,Santa Cruz,087,273765,993,7,1000,4
2020-07-18,Shasta,089,179085,372,1,373,10
2020-07-18,Sierra,091,2930,1,0,1,0
2020-07-18,Siskiyou,093,43540,71,0,71,0
2020-07-18,Solano,095,438530,3576,8,3584,32
2020-07-18,Sonoma,097,501317,2839,6,2845,17
2020-07-18,Stanislaus,099,539301,9025,12,9037,101
2020-07-18,Sutter,101,95872,598,0,598,4
2020-07-18,Tehama,103,63373,202,2,204,1
2020-07-18,Trinity,105,12862,23,6,29,0
2020-07-18,Tulare,107,460477,9087,27,9114,170
2020-07-18,Tuolumne,109,53932,125,4,129,0
2020-07-18,Ventura,111,848112,7297,25,7322,72
2020-07-18,Yolo,113,214977,1477,3,1480,33
2020-07-18,Yuba,115,75493,318,0,318,3
2020-07-17,Alameda,001,1643700,11107,27,11134,171
2020-07-17,Alpine,002,1148,2,0,2,0
2020-07-17,Amador,005,37829,97,0,97,0
2020-07-17,Butte,007,227075,838,24,862,4
2020-07-17,Calaveras,009,45235,99,0,99,0
2020-07-17,Colusa,011,21464,272,0,272,0
2020-07-17,Contra Costa,013,1133247,7710,23,7733,107
2020-07-17,Del Norte,015,27424,82,0,82,0
2020-07-17,El Dorado,017,186661,622,6,628,1
2020-07-17,Fresno,019,978130,17194,137,17331,129
2020-07-17,Glenn,021,27897,296,0,296,1
2020-07-17,Humboldt,023,135768,217,1,218,4
2020-07-17,Imperial,025,180216,9714,5,9719,243
2020-07-17,Inyo,027,18085,42,1,43,1
2020-07-17,Kern,029,883053,19542,80,19622,141
2020-07-17,Kings,031,150075,3846,18,3864,42
2020-07-17,Lake,033,64148,184,0,184,1
2020-07-17,Lassen,035,31185,525,2,527,0
2020-07-17,Los Angeles,037,10098052,171042,306,171348,4371
2020-07-17,Madera,039,155013,2025,3,2028,17
2020-07-17,Marin,041,260295,1025,3,1028,36
2020-07-17,Mariposa,043,17540,47,0,47,0
2020-07-17,Mendocino,045,87422,199,0,199,2
2020-07-17,Merced,047,269075,4068,2,4070,24
2020-07-17,Modoc,049,8938,2,0,2,0
2020-07-17,Mono,051,14174,100,2,102,1
2020-07-17,Monterey,053,433212,4012,8,4020,18
2020-07-17,Napa,055,140530,886,0,886,5
2020-07-17,Nevada,057,99092,281,9,290,1
2020-07-17,Orange,059,3164182,37666,541,38207,664
2020-07-17,Placer,061,380077,1757,3,1760,11
2020-07-17,Plumas,063,18699,27,0,27,0
2020-07-17,Riverside,065,2383286,37372,39,37411,674
2020-07-17,Sacramento,067,1510023,9379,10,9389,111
2020-07-17,San Benito,069,59416,529,0,529,3
2020-07-17,San Bernardino,071,2135413,32670,91,32761,512
2020-07-17,San Diego,073,3302833,27486,2,27488,519
2020-07-17,San Francisco,075,870044,5976,5,5981,60
2020-07-17,San Joaquin,077,732212,11203,5,11208,134
2020-07-17,San Luis Obispo,079,281455,1658,7,1665,7
2020-07-17,San Mateo,081,765935,5332,7,5339,126
2020-07-17,Santa Barbara,083,443738,5782,47,5829,50
2020-07-17,Santa Clara,085,1922200,10065,26,10091,179
2020-07-17,Santa Cruz,087,273765,971,7,978,3
2020-07-17,Shasta,089,179085,360,1,361,10
2020-07-17,Sierra,091,2930,1,0,1,0
2020-07-17,Siskiyou,093,43540,70,0,70,0
2020-07-17,Solano,095,438530,3527,8,3535,31
2020-07-17,Sonoma,097,501317,2790,6,2796,15
2020-07-17,Stanislaus,099,539301,8851,12,8863,94
2020-07-17,Sutter,101,95872,585,0,585,4
2020-07-17,Tehama,103,63373,198,2,200,1
2020-07-17,Trinity,105,12862,23,6,29,0
2020-07-17,Tulare,107,460477,8951,27,8978,169
2020-07-17,Tuolumne,109,53932,124,4,128,0
2020-07-17,Ventura,111,848112,7214,25,7239,71
2020-07-17,Yolo,113,214977,1453,3,1456,32
2020-07-17,Yuba,115,75493,308,0,308,3
2020-07-16,Alameda,001,1643700,10874,22,10896,166
2020-07-16,Alpine,002,1148,2,0,2,0
2020-07-16,Amador,005,37829,94,0,94,0
2020-07-16,Butte,007,227075,802,23,825,4
2020-07-16,Calaveras,009,45235,97,0,97,0
2020-07-16,Colusa,011,21464,263,0,263,0
2020-07-16,Contra Costa,013,1133247,7498,17,7515,101
2020-07-16,Del Norte,015,27424,82,0,82,0
2020-07-16,El Dorado,017,186661,605,6,611,0
2020-07-16,Fresno,019,978130,16681,128,16809,125
2020-07-16,Glenn,021,27897,287,0,287,1
2020-07-16,Humboldt,023,135768,215,1,216,4
2020-07-16,Imperial,025,180216,9621,5,9626,240
2020-07-16,Inyo,027,18085,42,1,43,1
2020-07-16,Kern,029,883053,19020,78,19098,138
2020-07-16,Kings,031,150075,3680,18,3698,41
2020-07-16,Lake,033,64148,179,0,179,1
2020-07-16,Lassen,035,31185,524,2,526,0
2020-07-16,Los Angeles,037,10098052,167819,281,168100,4333
2020-07-16,Madera,039,155013,1961,3,1964,17
2020-07-16,Marin,041,260295,1013,3,1016,36
2020-07-16,Mariposa,043,17540,45,0,45,0
2020-07-16,Mendocino,045,87422,194,0,194,2
2020-07-16,Merced,047,269075,3904,2,3906,22
2020-07-16,Modoc,049,8938,1,0,1,0
2020-07-16,Mono,051,14174,97,2,99,1
2020-07-16,Monterey,053,433212,3907,7,3914,18
2020-07-16,Napa,055,140530,857,0,857,5
2020-07-16,Nevada,057,99092,278,9,287,1
2020-07-16,Orange,059,3164182,36963,505,37468,654
2020-07-16,Placer,061,380077,1709,3,1712,11
2020-07-16,Plumas,063,18699,25,0,25,0
2020-07-16,Riverside,065,2383286,36625,37,36662,668
2020-07-16,Sacramento,067,1510023,9066,9,9075,109
2020-07-16,San Benito,069,59416,512,0,512,3
2020-07-16,San Bernardino,071,2135413,31809,73,31882,492
2020-07-16,San Diego,073,3302833,26999,2,27001,514
2020-07-16,San Francisco,075,870044,5835,5,5840,59
2020-07-16,San Joaquin,077,732212,10840,5,10845,129
2020-07-16,San Luis Obispo,079,281455,1614,7,1621,6
2020-07-16,San Mateo,081,765935,5228,7,5235,126
2020-07-16,Santa Barbara,083,443738,5687,46,5733,50
2020-07-16,Santa Clara,085,1922200,9785,24,9809,178
2020-07-16,Santa Cruz,087,273765,930,7,937,3
2020-07-16,Shasta,089,179085,345,1,346,10
2020-07-16,Sierra,091,2930,1,0,1,0
2020-07-16,Siskiyou,093,43540,67,0,67,0
2020-07-16,Solano,095,438530,3433,8,3441,30
2020-07-16,Sonoma,097,501317,2700,6,2706,15
2020-07-16,Stanislaus,099,539301,8568,11,8579,89
2020-07-16,Sutter,101,95872,569,0,569,4
2020-07-16,Tehama,103,63373,188,2,190,1
2020-07-16,Trinity,105,12862,23,5,28,0
2020-07-16,Tulare,107,460477,8737,26,8763,168
2020-07-16,Tuolumne,109,53932,117,4,121,0
2020-07-16,Ventura,111,848112,7052,25,7077,70
2020-07-16,Yolo,113,214977,1411,3,1414,32
2020-07-16,Yuba,115,75493,290,0,290,3
2020-07-15,Alameda,001,1643700,10669,17,10686,164
2020-07-15,Alpine,002,1148,2,0,2,0
2020-07-15,Amador,005,37829,73,0,73,0
2020-07-15,Butte,007,227075,760,23,783,4
2020-07-15,Calaveras,009,45235,97,0,97,0
2020-07-15,Colusa,011,21464,258,0,258,0
2020-07-15,Contra Costa,013,1133247,7267,17,7284,100
2020-07-15,Del Norte,015,27424,81,0,81,0
2020-07-15,El Dorado,017,186661,581,6,587,0
2020-07-15,Fresno,019,978130,16209,122,16331,121
2020-07-15,Glenn,021,27897,278,0,278,1
2020-07-15,Humboldt,023,135768,213,1,214,4
2020-07-15,Imperial,025,180216,9554,5,9559,239
2020-07-15,Inyo,027,18085,42,1,43,1
2020-07-15,Kern,029,883053,18400,74,18474,136
2020-07-15,Kings,031,150075,3618,18,3636,41
2020-07-15,Lake,033,64148,177,0,177,1
2020-07-15,Lassen,035,31185,520,2,522,0
2020-07-15,Los Angeles,037,10098052,164352,266,164618,4285
2020-07-15,Madera,039,155013,1892,3,1895,16
2020-07-15,Marin,041,260295,1007,3,1010,35
2020-07-15,Mariposa,043,17540,45,0,45,0
2020-07-15,Mendocino,045,87422,191,0,191,1
2020-07-15,Merced,047,269075,3761,2,3763,19
2020-07-15,Modoc,049,8938,1,0,1,0
2020-07-15,Mono,051,14174,95,2,97,1
2020-07-15,Monterey,053,433212,3795,7,3802,18
2020-07-15,Napa,055,140530,831,0,831,5
2020-07-15,Nevada,057,99092,274,7,281,1
2020-07-15,Orange,059,3164182,36164,471,36635,640
2020-07-15,Placer,061,380077,1651,3,1654,11
2020-07-15,Plumas,063,18699,25,0,25,0
2020-07-15,Riverside,065,2383286,35843,35,35878,660
2020-07-15,Sacramento,067,1510023,8686,9,8695,108
2020-07-15,San Benito,069,59416,503,0,503,3
2020-07-15,San Bernardino,071,2135413,31019,57,31076,479
2020-07-15,San Diego,073,3302833,26532,2,26534,505
2020-07-15,San Francisco,075,870044,5721,5,5726,58
2020-07-15,San Joaquin,077,732212,10409,4,10413,124
2020-07-15,San Luis Obispo,079,281455,1571,7,1578,6
2020-07-15,San Mateo,081,765935,5115,7,5122,125
2020-07-15,Santa Barbara,083,443738,5573,46,5619,49
2020-07-15,Santa Clara,085,1922200,9482,24,9506,176
2020-07-15,Santa Cruz,087,273765,894,6,900,3
2020-07-15,Shasta,089,179085,336,1,337,9
2020-07-15,Sierra,091,2930,1,0,1,0
2020-07-15,Siskiyou,093,43540,66,0,66,0
2020-07-15,Solano,095,438530,3338,8,3346,30
2020-07-15,Sonoma,097,501317,2601,6,2607,15
2020-07-15,Stanislaus,099,539301,8271,11,8282,83
2020-07-15,Sutter,101,95872,543,0,543,4
2020-07-15,Tehama,103,63373,180,2,182,1
2020-07-15,Trinity,105,12862,22,5,27,0
2020-07-15,Tulare,107,460477,8525,26,8551,168
2020-07-15,Tuolumne,109,53932,110,4,114,0
2020-07-15,Ventura,111,848112,6875,25,6900,67
2020-07-15,Yolo,113,214977,1377,3,1380,32
2020-07-15,Yuba,115,75493,278,0,278,3
2020-07-14,Alameda,001,1643700,10328,11,10339,163
2020-07-14,Alpine,002,1148,2,0,2,0
2020-07-14,Amador,005,37829,69,0,69,0
2020-07-14,Butte,007,227075,714,23,737,4
2020-07-14,Calaveras,009,45235,95,0,95,0
2020-07-14,Colusa,011,21464,248,0,248,0
2020-07-14,Contra Costa,013,1133247,7030,15,7045,98
2020-07-14,Del Norte,015,27424,80,0,80,0
2020-07-14,El Dorado,017,186661,566,6,572,0
2020-07-14,Fresno,019,978130,15785,117,15902,120
2020-07-14,Glenn,021,27897,268,0,268,1
2020-07-14,Humboldt,023,135768,210,1,211,4
2020-07-14,Imperial,025,180216,9429,5,9434,236
2020-07-14,Inyo,027,18085,42,1,43,1
2020-07-14,Kern,029,883053,17641,61,17702,132
2020-07-14,Kings,031,150075,3551,17,3568,41
2020-07-14,Lake,033,64148,171,0,171,1
2020-07-14,Lassen,035,31185,503,2,505,0
2020-07-14,Los Angeles,037,10098052,161220,237,161457,4245
2020-07-14,Madera,039,155013,1818,3,1821,13
2020-07-14,Marin,041,260295,987,3,990,32
2020-07-14,Mariposa,043,17540,41,0,41,0
2020-07-14,Mendocino,045,87422,183,0,183,1
2020-07-14,Merced,047,269075,3576,2,3578,17
2020-07-14,Modoc,049,8938,1,0,1,0
2020-07-14,Mono,051,14174,85,2,87,1
2020-07-14,Monterey,053,433212,3682,7,3689,18
2020-07-14,Napa,055,140530,775,0,775,5
2020-07-14,Nevada,057,99092,257,6,263,1
2020-07-14,Orange,059,3164182,35282,423,35705,624
2020-07-14,Placer,061,380077,1593,3,1596,11
2020-07-14,Plumas,063,18699,24,0,24,0
2020-07-14,Riverside,065,2383286,35086,34,35120,644
2020-07-14,Sacramento,067,1510023,8332,9,8341,105
2020-07-14,San Benito,069,59416,484,0,484,3
2020-07-14,San Bernardino,071,2135413,30167,47,30214,462
2020-07-14,San Diego,073,3302833,25912,2,25914,496
2020-07-14,San Francisco,075,870044,5570,4,5574,57
2020-07-14,San Joaquin,077,732212,9982,4,9986,120
2020-07-14,San Luis Obispo,079,281455,1533,7,1540,6
2020-07-14,San Mateo,081,765935,5022,7,5029,124
2020-07-14,Santa Barbara,083,443738,5449,44,5493,47
2020-07-14,Santa Clara,085,1922200,9154,21,9175,175
2020-07-14,Santa Cruz,087,273765,855,6,861,3
2020-07-14,Shasta,089,179085,327,1,328,8
2020-07-14,Sierra,091,2930,1,0,1,0
2020-07-14,Siskiyou,093,43540,65,0,65,0
2020-07-14,Solano,095,438530,3239,7,3246,30
2020-07-14,Sonoma,097,501317,2508,6,2514,15
2020-07-14,Stanislaus,099,539301,7896,10,7906,81
2020-07-14,Sutter,101,95872,524,0,524,4
2020-07-14,Tehama,103,63373,168,2,170,1
2020-07-14,Trinity,105,12862,21,5,26,0
2020-07-14,Tulare,107,460477,8279,26,8305,166
2020-07-14,Tuolumne,109,53932,105,4,109,0
2020-07-14,Ventura,111,848112,6714,25,6739,67
2020-07-14,Yolo,113,214977,1330,3,1333,32
2020-07-14,Yuba,115,75493,261,0,261,3
2020-07-13,Alameda,001,1643700,10024,11,10035,160
2020-07-13,Alpine,002,1148,2,0,2,0
2020-07-13,Amador,005,37829,65,0,65,0
2020-07-13,Butte,007,227075,678,23,701,4
2020-07-13,Calaveras,009,45235,87,0,87,0
2020-07-13,Colusa,011,21464,242,0,242,0
2020-07-13,Contra Costa,013,1133247,6758,13,6771,98
2020-07-13,Del Norte,015,27424,74,0,74,0
2020-07-13,El Dorado,017,186661,535,6,541,0
2020-07-13,Fresno,019,978130,15355,112,15467,116
2020-07-13,Glenn,021,27897,261,0,261,0
2020-07-13,Humboldt,023,135768,205,1,206,4
2020-07-13,Imperial,025,180216,9343,5,9348,231
2020-07-13,Inyo,027,18085,41,1,42,1
2020-07-13,Kern,029,883053,16956,55,17011,130
2020-07-13,Kings,031,150075,3500,17,3517,41
2020-07-13,Lake,033,64148,166,0,166,1
2020-07-13,Lassen,035,31185,498,2,500,0
2020-07-13,Los Angeles,037,10098052,157986,223,158209,4195
2020-07-13,Madera,039,155013,1749,3,1752,12
2020-07-13,Marin,041,260295,961,3,964,32
2020-07-13,Mariposa,043,17540,40,0,40,0
2020-07-13,Mendocino,045,87422,179,0,179,1
2020-07-13,Merced,047,269075,3424,2,3426,15
2020-07-13,Modoc,049,8938,1,0,1,0
2020-07-13,Mono,051,14174,81,1,82,1
2020-07-13,Monterey,053,433212,3559,5,3564,18
2020-07-13,Napa,055,140530,739,0,739,5
2020-07-13,Nevada,057,99092,243,6,249,1
2020-07-13,Orange,059,3164182,34416,391,34807,616
2020-07-13,Placer,061,380077,1548,3,1551,11
2020-07-13,Plumas,063,18699,22,0,22,0
2020-07-13,Riverside,065,2383286,34159,32,34191,632
2020-07-13,Sacramento,067,1510023,8035,9,8044,104
2020-07-13,San Benito,069,59416,471,0,471,3
2020-07-13,San Bernardino,071,2135413,29293,40,29333,450
2020-07-13,San Diego,073,3302833,25345,2,25347,488
2020-07-13,San Francisco,075,870044,5443,3,5446,56
2020-07-13,San Joaquin,077,732212,9566,4,9570,113
2020-07-13,San Luis Obispo,079,281455,1502,7,1509,5
2020-07-13,San Mateo,081,765935,4891,7,4898,123
2020-07-13,Santa Barbara,083,443738,5335,43,5378,45
2020-07-13,Santa Clara,085,1922200,8829,20,8849,173
2020-07-13,Santa Cruz,087,273765,817,6,823,3
2020-07-13,Shasta,089,179085,316,1,317,8
2020-07-13,Sierra,091,2930,1,0,1,0
2020-07-13,Siskiyou,093,43540,61,0,61,0
2020-07-13,Solano,095,438530,3127,7,3134,30
2020-07-13,Sonoma,097,501317,2397,6,2403,14
2020-07-13,Stanislaus,099,539301,7593,9,7602,79
2020-07-13,Sutter,101,95872,486,0,486,4
2020-07-13,Tehama,103,63373,155,2,157,1
2020-07-13,Trinity,105,12862,21,5,26,0
2020-07-13,Tulare,107,460477,8018,24,8042,164
2020-07-13,Tuolumne,109,53932,97,4,101,0
2020-07-13,Ventura,111,848112,6524,22,6546,66
2020-07-13,Yolo,113,214977,1285,3,1288,29
2020-07-13,Yuba,115,75493,246,0,246,3
2020-07-12,Alameda,001,1643700,9754,11,9765,159
2020-07-12,Alpine,002,1148,2,0,2,0
2020-07-12,Amador,005,37829,55,0,55,0
2020-07-12,Butte,007,227075,627,22,649,4
2020-07-12,Calaveras,009,45235,87,0,87,0
2020-07-12,Colusa,011,21464,208,0,208,0
2020-07-12,Contra Costa,013,1133247,6490,11,6501,98
2020-07-12,Del Norte,015,27424,63,0,63,0
2020-07-12,El Dorado,017,186661,513,6,519,0
2020-07-12,Fresno,019,978130,14932,107,15039,114
2020-07-12,Glenn,021,27897,248,0,248,0
2020-07-12,Humboldt,023,135768,201,1,202,4
2020-07-12,Imperial,025,180216,9229,5,9234,226
2020-07-12,Inyo,027,18085,39,1,40,1
2020-07-12,Kern,029,883053,16213,51,16264,123
2020-07-12,Kings,031,150075,3438,17,3455,40
2020-07-12,Lake,033,64148,157,0,157,1
2020-07-12,Lassen,035,31185,491,2,493,0
2020-07-12,Los Angeles,037,10098052,154561,196,154757,4137
2020-07-12,Madera,039,155013,1693,3,1696,12
2020-07-12,Marin,041,260295,952,3,955,29
2020-07-12,Mariposa,043,17540,39,0,39,0
2020-07-12,Mendocino,045,87422,160,0,160,1
2020-07-12,Merced,047,269075,3286,2,3288,15
2020-07-12,Modoc,049,8938,1,0,1,0
2020-07-12,Mono,051,14174,71,1,72,1
2020-07-12,Monterey,053,433212,3444,5,3449,18
2020-07-12,Napa,055,140530,708,0,708,4
2020-07-12,Nevada,057,99092,233,6,239,1
2020-07-12,Orange,059,3164182,33537,382,33919,605
2020-07-12,Placer,061,380077,1491,3,1494,11
2020-07-12,Plumas,063,18699,21,0,21,0
2020-07-12,Riverside,065,2383286,33401,31,33432,624
2020-07-12,Sacramento,067,1510023,7723,7,7730,102
2020-07-12,San Benito,069,59416,456,0,456,3
2020-07-12,San Bernardino,071,2135413,28381,36,28417,434
2020-07-12,San Diego,073,3302833,24715,2,24717,476
2020-07-12,San Francisco,075,870044,5294,3,5297,55
2020-07-12,San Joaquin,077,732212,9203,4,9207,104
2020-07-12,San Luis Obispo,079,281455,1455,7,1462,5
2020-07-12,San Mateo,081,765935,4773,7,4780,122
2020-07-12,Santa Barbara,083,443738,5205,42,5247,45
2020-07-12,Santa Clara,085,1922200,8590,19,8609,172
2020-07-12,Santa Cruz,087,273765,775,5,780,3
2020-07-12,Shasta,089,179085,310,1,311,8
2020-07-12,Sierra,091,2930,1,0,1,0
2020-07-12,Siskiyou,093,43540,59,0,59,0
2020-07-12,Solano,095,438530,3002,7,3009,28
2020-07-12,Sonoma,097,501317,2303,6,2309,13
2020-07-12,Stanislaus,099,539301,7289,9,7298,79
2020-07-12,Sutter,101,95872,468,0,468,4
2020-07-12,Tehama,103,63373,148,2,150,1
2020-07-12,Trinity,105,12862,21,5,26,0
2020-07-12,Tulare,107,460477,7762,23,7785,162
2020-07-12,Tuolumne,109,53932,90,4,94,0
2020-07-12,Ventura,111,848112,6308,21,6329,65
2020-07-12,Yolo,113,214977,1244,3,1247,29
2020-07-12,Yuba,115,75493,235,0,235,3
2020-07-11,Alameda,001,1643700,9651,11,9662,157
2020-07-11,Alpine,002,1148,2,0,2,0
2020-07-11,Amador,005,37829,51,0,51,0
2020-07-11,Butte,007,227075,611,22,633,4
2020-07-11,Calaveras,009,45235,84,0,84,0
2020-07-11,Colusa,011,21464,203,0,203,0
2020-07-11,Contra Costa,013,1133247,6375,11,6386,98
2020-07-11,Del Norte,015,27424,63,0,63,0
2020-07-11,El Dorado,017,186661,502,6,508,0
2020-07-11,Fresno,019,978130,14671,104,14775,112
2020-07-11,Glenn,021,27897,240,0,240,0
2020-07-11,Humboldt,023,135768,200,1,201,4
2020-07-11,Imperial,025,180216,9189,5,9194,218
2020-07-11,Inyo,027,18085,39,1,40,1
2020-07-11,Kern,029,883053,15856,50,15906,121
2020-07-11,Kings,031,150075,3411,17,3428,40
2020-07-11,Lake,033,64148,156,0,156,1
2020-07-11,Lassen,035,31185,490,2,492,0
2020-07-11,Los Angeles,037,10098052,152843,186,153029,4107
2020-07-11,Madera,039,155013,1652,3,1655,10
2020-07-11,Marin,041,260295,951,3,954,28
2020-07-11,Mariposa,043,17540,39,0,39,0
2020-07-11,Mendocino,045,87422,156,0,156,1
2020-07-11,Merced,047,269075,3204,2,3206,15
2020-07-11,Modoc,049,8938,1,0,1,0
2020-07-11,Mono,051,14174,68,1,69,1
2020-07-11,Monterey,053,433212,3355,5,3360,18
2020-07-11,Napa,055,140530,696,0,696,4
2020-07-11,Nevada,057,99092,224,5,229,1
2020-07-11,Orange,059,3164182,33160,368,33528,595
2020-07-11,Placer,061,380077,1457,3,1460,11
2020-07-11,Plumas,063,18699,21,0,21,0
2020-07-11,Riverside,065,2383286,33010,31,33041,618
2020-07-11,Sacramento,067,1510023,7549,7,7556,97
2020-07-11,San Benito,069,59416,441,0,441,3
2020-07-11,San Bernardino,071,2135413,27944,34,27978,423
2020-07-11,San Diego,073,3302833,24323,2,24325,467
2020-07-11,San Francisco,075,870044,5198,2,5200,54
2020-07-11,San Joaquin,077,732212,9025,4,9029,97
2020-07-11,San Luis Obispo,079,281455,1407,7,1414,5
2020-07-11,San Mateo,081,765935,4705,7,4712,121
2020-07-11,Santa Barbara,083,443738,5136,41,5177,44
2020-07-11,Santa Clara,085,1922200,8430,19,8449,171
2020-07-11,Santa Cruz,087,273765,744,5,749,3
2020-07-11,Shasta,089,179085,303,1,304,8
2020-07-11,Sierra,091,2930,1,0,1,0
2020-07-11,Siskiyou,093,43540,59,0,59,0
2020-07-11,Solano,095,438530,2961,7,2968,28
2020-07-11,Sonoma,097,501317,2265,6,2271,13
2020-07-11,Stanislaus,099,539301,7149,9,7158,76
2020-07-11,Sutter,101,95872,452,0,452,4
2020-07-11,Tehama,103,63373,146,2,148,1
2020-07-11,Trinity,105,12862,21,5,26,0
2020-07-11,Tulare,107,460477,7656,23,7679,159
2020-07-11,Tuolumne,109,53932,87,4,91,0
2020-07-11,Ventura,111,848112,6212,20,6232,63
2020-07-11,Yolo,113,214977,1215,3,1218,28
2020-07-11,Yuba,115,75493,225,0,225,3
2020-07-10,Alameda,001,1643700,9494,11,9505,154
2020-07-10,Alpine,002,1148,2,0,2,0
2020-07-10,Amador,005,37829,47,0,47,0
2020-07-10,Butte,007,227075,600,22,622,4
2020-07-10,Calaveras,009,45235,84,0,84,0
2020-07-10,Colusa,011,21464,197,0,197,0
2020-07-10,Contra Costa,013,1133247,6236,11,6247,97
2020-07-10,Del Norte,015,27424,63,0,63,0
2020-07-10,El Dorado,017,186661,484,6,490,0
2020-07-10,Fresno,019,978130,14339,101,14440,109
2020-07-10,Glenn,021,27897,235,0,235,0
2020-07-10,Humboldt,023,135768,199,1,200,4
2020-07-10,Imperial,025,180216,9140,4,9144,211
2020-07-10,Inyo,027,18085,39,1,40,1
2020-07-10,Kern,029,883053,15424,49,15473,118
2020-07-10,Kings,031,150075,3375,17,3392,39
2020-07-10,Lake,033,64148,149,0,149,1
2020-07-10,Lassen,035,31185,489,2,491,0
2020-07-10,Los Angeles,037,10098052,150420,180,150600,4073
2020-07-10,Madera,039,155013,1606,3,1609,10
2020-07-10,Marin,041,260295,947,3,950,26
2020-07-10,Mariposa,043,17540,38,0,38,0
2020-07-10,Mendocino,045,87422,148,0,148,1
2020-07-10,Merced,047,269075,3118,2,3120,14
2020-07-10,Modoc,049,8938,1,0,1,0
2020-07-10,Mono,051,14174,67,1,68,1
2020-07-10,Monterey,053,433212,3277,5,3282,18
2020-07-10,Napa,055,140530,685,0,685,4
2020-07-10,Nevada,057,99092,219,5,224,1
2020-07-10,Orange,059,3164182,32574,365,32939,578
2020-07-10,Placer,061,380077,1415,3,1418,11
2020-07-10,Plumas,063,18699,19,0,19,0
2020-07-10,Riverside,065,2383286,32492,31,32523,604
2020-07-10,Sacramento,067,1510023,7294,7,7301,95
2020-07-10,San Benito,069,59416,432,0,432,3
2020-07-10,San Bernardino,071,2135413,27420,31,27451,418
2020-07-10,San Diego,073,3302833,23939,2,23941,459
2020-07-10,San Francisco,075,870044,5107,2,5109,54
2020-07-10,San Joaquin,077,732212,8792,4,8796,94
2020-07-10,San Luis Obispo,079,281455,1369,7,1376,4
2020-07-10,San Mateo,081,765935,4640,7,4647,121
2020-07-10,Santa Barbara,083,443738,5039,40,5079,44
2020-07-10,Santa Clara,085,1922200,8206,19,8225,171
2020-07-10,Santa Cruz,087,273765,716,5,721,3
2020-07-10,Shasta,089,179085,299,1,300,8
2020-07-10,Sierra,091,2930,1,0,1,0
2020-07-10,Siskiyou,093,43540,59,0,59,0
2020-07-10,Solano,095,438530,2914,7,2921,28
2020-07-10,Sonoma,097,501317,2218,5,2223,12
2020-07-10,Stanislaus,099,539301,6979,9,6988,74
2020-07-10,Sutter,101,95872,445,0,445,4
2020-07-10,Tehama,103,63373,145,2,147,1
2020-07-10,Trinity,105,12862,21,5,26,0
2020-07-10,Tulare,107,460477,7519,23,7542,152
2020-07-10,Tuolumne,109,53932,86,4,90,0
2020-07-10,Ventura,111,848112,6098,20,6118,61
2020-07-10,Yolo,113,214977,1191,3,1194,28
2020-07-10,Yuba,115,75493,211,0,211,3
2020-07-09,Alameda,001,1643700,9265,11,9276,151
2020-07-09,Alpine,002,1148,2,0,2,0
2020-07-09,Amador,005,37829,44,0,44,0
2020-07-09,Butte,007,227075,568,21,589,4
2020-07-09,Calaveras,009,45235,83,0,83,0
2020-07-09,Colusa,011,21464,189,0,189,0
2020-07-09,Contra Costa,013,1133247,5995,11,6006,96
2020-07-09,Del Norte,015,27424,63,0,63,0
2020-07-09,El Dorado,017,186661,459,5,464,0
2020-07-09,Fresno,019,978130,13886,98,13984,106
2020-07-09,Glenn,021,27897,225,0,225,0
2020-07-09,Humboldt,023,135768,196,1,197,4
2020-07-09,Imperial,025,180216,9041,4,9045,207
2020-07-09,Inyo,027,18085,37,1,38,1
2020-07-09,Kern,029,883053,14778,47,14825,114
2020-07-09,Kings,031,150075,3312,17,3329,39
2020-07-09,Lake,033,64148,146,0,146,1
2020-07-09,Lassen,035,31185,433,2,435,0
2020-07-09,Los Angeles,037,10098052,147161,158,147319,4030
2020-07-09,Madera,039,155013,1529,3,1532,10
2020-07-09,Marin,041,260295,879,2,881,25
2020-07-09,Mariposa,043,17540,38,0,38,0
2020-07-09,Mendocino,045,87422,144,0,144,1
2020-07-09,Merced,047,269075,2973,2,2975,14
2020-07-09,Modoc,049,8938,1,0,1,0
2020-07-09,Mono,051,14174,63,1,64,1
2020-07-09,Monterey,053,433212,3152,5,3157,18
2020-07-09,Napa,055,140530,668,0,668,4
2020-07-09,Nevada,057,99092,213,5,218,1
2020-07-09,Orange,059,3164182,31600,347,31947,570
2020-07-09,Placer,061,380077,1373,3,1376,11
2020-07-09,Plumas,063,18699,19,0,19,0
2020-07-09,Riverside,065,2383286,31599,30,31629,587
2020-07-09,Sacramento,067,1510023,6967,7,6974,94
2020-07-09,San Benito,069,59416,416,0,416,3
2020-07-09,San Bernardino,071,2135413,26550,25,26575,412
2020-07-09,San Diego,073,3302833,23347,2,23349,450
2020-07-09,San Francisco,075,870044,4975,2,4977,54
2020-07-09,San Joaquin,077,732212,8433,4,8437,89
2020-07-09,San Luis Obispo,079,281455,1328,7,1335,4
2020-07-09,San Mateo,081,765935,4514,7,4521,121
2020-07-09,Santa Barbara,083,443738,4907,40,4947,44
2020-07-09,Santa Clara,085,1922200,7945,19,7964,171
2020-07-09,Santa Cruz,087,273765,689,5,694,3
2020-07-09,Shasta,089,179085,293,1,294,8
2020-07-09,Sierra,091,2930,1,0,1,0
2020-07-09,Siskiyou,093,43540,55,0,55,0
2020-07-09,Solano,095,438530,2816,7,2823,28
2020-07-09,Sonoma,097,501317,2132,5,2137,11
2020-07-09,Stanislaus,099,539301,6664,8,6672,72
2020-07-09,Sutter,101,95872,428,0,428,4
2020-07-09,Tehama,103,63373,140,2,142,1
2020-07-09,Trinity,105,12862,21,5,26,0
2020-07-09,Tulare,107,460477,7300,22,7322,150
2020-07-09,Tuolumne,109,53932,85,4,89,0
2020-07-09,Ventura,111,848112,5930,20,5950,57
2020-07-09,Yolo,113,214977,1143,3,1146,28
2020-07-09,Yuba,115,75493,194,0,194,3
2020-07-08,Alameda,001,1643700,8973,11,8984,149
2020-07-08,Alpine,002,1148,2,0,2,0
2020-07-08,Amador,005,37829,41,0,41,0
2020-07-08,Butte,007,227075,531,21,552,4
2020-07-08,Calaveras,009,45235,78,0,78,0
2020-07-08,Colusa,011,21464,176,0,176,0
2020-07-08,Contra Costa,013,1133247,5749,9,5758,94
2020-07-08,Del Norte,015,27424,61,0,61,0
2020-07-08,El Dorado,017,186661,437,5,442,0
2020-07-08,Fresno,019,978130,13470,92,13562,105
2020-07-08,Glenn,021,27897,214,0,214,0
2020-07-08,Humboldt,023,135768,193,1,194,4
2020-07-08,Imperial,025,180216,8954,4,8958,198
2020-07-08,Inyo,027,18085,37,1,38,1
2020-07-08,Kern,029,883053,14200,45,14245,111
2020-07-08,Kings,031,150075,3253,14,3267,39
2020-07-08,Lake,033,64148,139,0,139,1
2020-07-08,Lassen,035,31185,337,2,339,0
2020-07-08,Los Angeles,037,10098052,143955,130,144085,3994
2020-07-08,Madera,039,155013,1459,3,1462,10
2020-07-08,Marin,041,260295,846,2,848,24
2020-07-08,Mariposa,043,17540,38,0,38,0
2020-07-08,Mendocino,045,87422,131,0,131,1
2020-07-08,Merced,047,269075,2845,2,2847,13
2020-07-08,Modoc,049,8938,1,0,1,0
2020-07-08,Mono,051,14174,60,0,60,1
2020-07-08,Monterey,053,433212,3034,4,3038,18
2020-07-08,Napa,055,140530,646,0,646,4
2020-07-08,Nevada,057,99092,204,5,209,1
2020-07-08,Orange,059,3164182,30645,342,30987,562
2020-07-08,Placer,061,380077,1326,3,1329,11
2020-07-08,Plumas,063,18699,19,0,19,0
2020-07-08,Riverside,065,2383286,30635,29,30664,584
2020-07-08,Sacramento,067,1510023,6678,7,6685,91
2020-07-08,San Benito,069,59416,399,0,399,3
2020-07-08,San Bernardino,071,2135413,25696,21,25717,405
2020-07-08,San Diego,073,3302833,22777,2,22779,447
2020-07-08,San Francisco,075,870044,4886,2,4888,54
2020-07-08,San Joaquin,077,732212,8090,4,8094,87
2020-07-08,San Luis Obispo,079,281455,1276,7,1283,4
2020-07-08,San Mateo,081,765935,4394,7,4401,121
2020-07-08,Santa Barbara,083,443738,4788,40,4828,43
2020-07-08,Santa Clara,085,1922200,7712,19,7731,166
2020-07-08,Santa Cruz,087,273765,656,4,660,3
2020-07-08,Shasta,089,179085,284,1,285,8
2020-07-08,Sierra,091,2930,1,0,1,0
2020-07-08,Siskiyou,093,43540,55,0,55,0
2020-07-08,Solano,095,438530,2700,7,2707,28
2020-07-08,Sonoma,097,501317,2056,5,2061,11
2020-07-08,Stanislaus,099,539301,6364,8,6372,67
2020-07-08,Sutter,101,95872,403,0,403,4
2020-07-08,Tehama,103,63373,134,2,136,1
2020-07-08,Trinity,105,12862,20,5,25,0
2020-07-08,Tulare,107,460477,7108,17,7125,149
2020-07-08,Tuolumne,109,53932,81,4,85,0
2020-07-08,Ventura,111,848112,5765,20,5785,56
2020-07-08,Yolo,113,214977,1099,3,1102,28
2020-07-08,Yuba,115,75493,181,0,181,3
2020-07-07,Alameda,001,1643700,8653,10,8663,147
2020-07-07,Alpine,002,1148,2,0,2,0
2020-07-07,Amador,005,37829,41,0,41,0
2020-07-07,Butte,007,227075,488,21,509,4
2020-07-07,Calaveras,009,45235,76,0,76,0
2020-07-07,Colusa,011,21464,143,0,143,0
2020-07-07,Contra Costa,013,1133247,5510,8,5518,94
2020-07-07,Del Norte,015,27424,61,0,61,0
2020-07-07,El Dorado,017,186661,417,5,422,0
2020-07-07,Fresno,019,978130,13015,92,13107,102
2020-07-07,Glenn,021,27897,205,0,205,0
2020-07-07,Humboldt,023,135768,190,1,191,4
2020-07-07,Imperial,025,180216,8856,4,8860,196
2020-07-07,Inyo,027,18085,36,1,37,1
2020-07-07,Kern,029,883053,13501,41,13542,110
2020-07-07,Kings,031,150075,3190,13,3203,39
2020-07-07,Lake,033,64148,129,0,129,1
2020-07-07,Lassen,035,31185,266,2,268,0
2020-07-07,Los Angeles,037,10098052,140376,123,140499,3955
2020-07-07,Madera,039,155013,1415,3,1418,9
2020-07-07,Marin,041,260295,837,2,839,24
2020-07-07,Mariposa,043,17540,38,0,38,0
2020-07-07,Mendocino,045,87422,123,0,123,1
2020-07-07,Merced,047,269075,2671,2,2673,13
2020-07-07,Modoc,049,8938,1,0,1,0
2020-07-07,Mono,051,14174,59,0,59,1
2020-07-07,Monterey,053,433212,2891,4,2895,18
2020-07-07,Napa,055,140530,627,0,627,4
2020-07-07,Nevada,057,99092,198,5,203,1
2020-07-07,Orange,059,3164182,29625,329,29954,547
2020-07-07,Placer,061,380077,1285,3,1288,11
2020-07-07,Plumas,063,18699,17,0,17,0
2020-07-07,Riverside,065,2383286,29620,29,29649,568
2020-07-07,Sacramento,067,1510023,6336,7,6343,90
2020-07-07,San Benito,069,59416,381,0,381,3
2020-07-07,San Bernardino,071,2135413,24826,19,24845,399
2020-07-07,San Diego,073,3302833,22058,2,22060,437
2020-07-07,San Francisco,075,870044,4794,1,4795,54
2020-07-07,San Joaquin,077,732212,7748,4,7752,84
2020-07-07,San Luis Obispo,079,281455,1215,7,1222,2
2020-07-07,San Mateo,081,765935,4279,7,4286,121
2020-07-07,Santa Barbara,083,443738,4660,39,4699,42
2020-07-07,Santa Clara,085,1922200,7443,19,7462,166
2020-07-07,Santa Cruz,087,273765,622,3,625,3
2020-07-07,Shasta,089,179085,271,1,272,8
2020-07-07,Sierra,091,2930,1,0,1,0
2020-07-07,Siskiyou,093,43540,54,0,54,0
2020-07-07,Solano,095,438530,2587,7,2594,27
2020-07-07,Sonoma,097,501317,1986,5,1991,11
2020-07-07,Stanislaus,099,539301,6026,8,6034,66
2020-07-07,Sutter,101,95872,377,0,377,4
2020-07-07,Tehama,103,63373,125,2,127,1
2020-07-07,Trinity,105,12862,20,5,25,0
2020-07-07,Tulare,107,460477,6929,16,6945,149
2020-07-07,Tuolumne,109,53932,75,4,79,0
2020-07-07,Ventura,111,848112,5596,18,5614,55
2020-07-07,Yolo,113,214977,1031,3,1034,27
2020-07-07,Yuba,115,75493,161,0,161,2
2020-07-06,Alameda,001,1643700,8418,10,8428,145
2020-07-06,Alpine,002,1148,1,0,1,0
2020-07-06,Amador,005,37829,39,0,39,0
2020-07-06,Butte,007,227075,432,18,450,4
2020-07-06,Calaveras,009,45235,73,0,73,0
2020-07-06,Colusa,011,21464,134,0,134,0
2020-07-06,Contra Costa,013,1133247,5282,7,5289,93
2020-07-06,Del Norte,015,27424,60,0,60,0
2020-07-06,El Dorado,017,186661,402,4,406,0
2020-07-06,Fresno,019,978130,12544,86,12630,100
2020-07-06,Glenn,021,27897,197,0,197,0
2020-07-06,Humboldt,023,135768,188,1,189,4
2020-07-06,Imperial,025,180216,8738,4,8742,192
2020-07-06,Inyo,027,18085,36,1,37,1
2020-07-06,Kern,029,883053,12695,40,12735,107
2020-07-06,Kings,031,150075,3139,9,3148,38
2020-07-06,Lake,033,64148,122,0,122,1
2020-07-06,Lassen,035,31185,264,2,266,0
2020-07-06,Los Angeles,037,10098052,136776,110,136886,3921
2020-07-06,Madera,039,155013,1345,3,1348,9
2020-07-06,Marin,041,260295,669,2,671,23
2020-07-06,Mariposa,043,17540,36,0,36,0
2020-07-06,Mendocino,045,87422,106,0,106,1
2020-07-06,Merced,047,269075,2513,2,2515,12
2020-07-06,Modoc,049,8938,1,0,1,0
2020-07-06,Mono,051,14174,58,0,58,1
2020-07-06,Monterey,053,433212,2802,4,2806,18
2020-07-06,Napa,055,140530,609,0,609,4
2020-07-06,Nevada,057,99092,192,5,197,1
2020-07-06,Orange,059,3164182,28560,292,28852,532
2020-07-06,Placer,061,380077,1222,3,1225,11
2020-07-06,Plumas,063,18699,17,0,17,0
2020-07-06,Riverside,065,2383286,28565,28,28593,556
2020-07-06,Sacramento,067,1510023,5985,7,5992,87
2020-07-06,San Benito,069,59416,366,0,366,3
2020-07-06,San Bernardino,071,2135413,23973,16,23989,392
2020-07-06,San Diego,073,3302833,21326,2,21328,435
2020-07-06,San Francisco,075,870044,4673,1,4674,54
2020-07-06,San Joaquin,077,732212,7377,4,7381,79
2020-07-06,San Luis Obispo,079,281455,1157,7,1164,2
2020-07-06,San Mateo,081,765935,4187,6,4193,121
2020-07-06,Santa Barbara,083,443738,4523,38,4561,41
2020-07-06,Santa Clara,085,1922200,7171,19,7190,164
2020-07-06,Santa Cruz,087,273765,600,2,602,3
2020-07-06,Shasta,089,179085,261,1,262,8
2020-07-06,Sierra,091,2930,1,0,1,0
2020-07-06,Siskiyou,093,43540,50,0,50,0
2020-07-06,Solano,095,438530,2451,7,2458,26
2020-07-06,Sonoma,097,501317,1922,5,1927,11
2020-07-06,Stanislaus,099,539301,5624,8,5632,64
2020-07-06,Sutter,101,95872,350,0,350,3
2020-07-06,Tehama,103,63373,122,2,124,1
2020-07-06,Trinity,105,12862,19,5,24,0
2020-07-06,Tulare,107,460477,6724,14,6738,149
2020-07-06,Tuolumne,109,53932,72,4,76,0
2020-07-06,Ventura,111,848112,5403,18,5421,54
2020-07-06,Yolo,113,214977,975,3,978,26
2020-07-06,Yuba,115,75493,147,0,147,2
2020-07-05,Alameda,001,1643700,8169,10,8179,145
2020-07-05,Alpine,002,1148,1,0,1,0
2020-07-05,Amador,005,37829,37,0,37,0
2020-07-05,Butte,007,227075,397,18,415,3
2020-07-05,Calaveras,009,45235,69,0,69,0
2020-07-05,Colusa,011,21464,124,0,124,0
2020-07-05,Contra Costa,013,1133247,5034,6,5040,91
2020-07-05,Del Norte,015,27424,60,0,60,0
2020-07-05,El Dorado,017,186661,384,4,388,0
2020-07-05,Fresno,019,978130,11978,85,12063,99
2020-07-05,Glenn,021,27897,194,0,194,0
2020-07-05,Humboldt,023,135768,184,1,185,4
2020-07-05,Imperial,025,180216,8601,4,8605,185
2020-07-05,Inyo,027,18085,35,1,36,1
2020-07-05,Kern,029,883053,11987,40,12027,103
2020-07-05,Kings,031,150075,3056,8,3064,38
2020-07-05,Lake,033,64148,122,0,122,1
2020-07-05,Lassen,035,31185,258,2,260,0
2020-07-05,Los Angeles,037,10098052,133545,104,133649,3885
2020-07-05,Madera,039,155013,1268,3,1271,9
2020-07-05,Marin,041,260295,539,2,541,22
2020-07-05,Mariposa,043,17540,36,0,36,0
2020-07-05,Mendocino,045,87422,103,0,103,1
2020-07-05,Merced,047,269075,2366,2,2368,12
2020-07-05,Modoc,049,8938,1,0,1,0
2020-07-05,Mono,051,14174,54,0,54,1
2020-07-05,Monterey,053,433212,2699,4,2703,16
2020-07-05,Napa,055,140530,579,0,579,4
2020-07-05,Nevada,057,99092,186,5,191,1
2020-07-05,Orange,059,3164182,27612,279,27891,520
2020-07-05,Placer,061,380077,1165,3,1168,11
2020-07-05,Plumas,063,18699,16,0,16,0
2020-07-05,Riverside,065,2383286,27707,28,27735,545
2020-07-05,Sacramento,067,1510023,5670,6,5676,87
2020-07-05,San Benito,069,59416,348,0,348,3
2020-07-05,San Bernardino,071,2135413,23094,16,23110,370
2020-07-05,San Diego,073,3302833,20635,2,20637,430
2020-07-05,San Francisco,075,870044,4556,1,4557,53
2020-07-05,San Joaquin,077,732212,7058,4,7062,75
2020-07-05,San Luis Obispo,079,281455,1078,7,1085,2
2020-07-05,San Mateo,081,765935,4077,6,4083,121
2020-07-05,Santa Barbara,083,443738,4376,35,4411,39
2020-07-05,Santa Clara,085,1922200,6875,19,6894,162
2020-07-05,Santa Cruz,087,273765,582,0,582,3
2020-07-05,Shasta,089,179085,255,1,256,8
2020-07-05,Sierra,091,2930,1,0,1,0
2020-07-05,Siskiyou,093,43540,46,0,46,0
2020-07-05,Solano,095,438530,2330,7,2337,25
2020-07-05,Sonoma,097,501317,1841,5,1846,9
2020-07-05,Stanislaus,099,539301,5294,7,5301,64
2020-07-05,Sutter,101,95872,322,0,322,3
2020-07-05,Tehama,103,63373,120,2,122,1
2020-07-05,Trinity,105,12862,19,5,24,0
2020-07-05,Tulare,107,460477,6465,12,6477,148
2020-07-05,Tuolumne,109,53932,67,3,70,0
2020-07-05,Ventura,111,848112,5200,18,5218,54
2020-07-05,Yolo,113,214977,935,3,938,26
2020-07-05,Yuba,115,75493,137,0,137,2
2020-07-04,Alameda,001,1643700,8057,10,8067,145
2020-07-04,Alpine,002,1148,1,0,1,0
2020-07-04,Amador,005,37829,36,0,36,0
2020-07-04,Butte,007,227075,379,18,397,3
2020-07-04,Calaveras,009,45235,69,0,69,0
2020-07-04,Colusa,011,21464,123,0,123,0
2020-07-04,Contra Costa,013,1133247,4888,6,4894,89
2020-07-04,Del Norte,015,27424,60,0,60,0
2020-07-04,El Dorado,017,186661,365,4,369,0
2020-07-04,Fresno,019,978130,11661,83,11744,98
2020-07-04,Glenn,021,27897,187,0,187,0
2020-07-04,Humboldt,023,135768,177,1,178,4
2020-07-04,Imperial,025,180216,8551,4,8555,183
2020-07-04,Inyo,027,18085,35,1,36,1
2020-07-04,Kern,029,883053,11683,40,11723,100
2020-07-04,Kings,031,150075,3013,8,3021,38
2020-07-04,Lake,033,64148,115,0,115,1
2020-07-04,Lassen,035,31185,258,2,260,0
2020-07-04,Los Angeles,037,10098052,131729,93,131822,3841
2020-07-04,Madera,039,155013,1222,3,1225,9
2020-07-04,Marin,041,260295,533,2,535,21
2020-07-04,Mariposa,043,17540,36,0,36,0
2020-07-04,Mendocino,045,87422,103,0,103,1
2020-07-04,Merced,047,269075,2267,2,2269,12
2020-07-04,Modoc,049,8938,1,0,1,0
2020-07-04,Mono,051,14174,54,0,54,1
2020-07-04,Monterey,053,433212,2619,4,2623,16
2020-07-04,Napa,055,140530,570,0,570,4
2020-07-04,Nevada,057,99092,183,5,188,1
2020-07-04,Orange,059,3164182,27175,266,27441,509
2020-07-04,Placer,061,380077,1130,3,1133,11
2020-07-04,Plumas,063,18699,16,0,16,0
2020-07-04,Riverside,065,2383286,27341,28,27369,538
2020-07-04,Sacramento,067,1510023,5499,6,5505,85
2020-07-04,San Benito,069,59416,335,0,335,3
2020-07-04,San Bernardino,071,2135413,22668,14,22682,363
2020-07-04,San Diego,073,3302833,20175,2,20177,426
2020-07-04,San Francisco,075,870044,4464,1,4465,52
2020-07-04,San Joaquin,077,732212,6846,4,6850,71
2020-07-04,San Luis Obispo,079,281455,1038,7,1045,2
2020-07-04,San Mateo,081,765935,4014,6,4020,121
2020-07-04,Santa Barbara,083,443738,4301,33,4334,38
2020-07-04,Santa Clara,085,1922200,6684,18,6702,159
2020-07-04,Santa Cruz,087,273765,572,0,572,3
2020-07-04,Shasta,089,179085,252,1,253,8
2020-07-04,Sierra,091,2930,1,0,1,0
2020-07-04,Siskiyou,093,43540,39,0,39,0
2020-07-04,Solano,095,438530,2293,7,2300,25
2020-07-04,Sonoma,097,501317,1815,5,1820,9
2020-07-04,Stanislaus,099,539301,5136,7,5143,64
2020-07-04,Sutter,101,95872,303,0,303,3
2020-07-04,Tehama,103,63373,117,2,119,1
2020-07-04,Trinity,105,12862,19,5,24,0
2020-07-04,Tulare,107,460477,6353,12,6365,145
2020-07-04,Tuolumne,109,53932,63,3,66,0
2020-07-04,Ventura,111,848112,5076,18,5094,54
2020-07-04,Yolo,113,214977,910,3,913,26
2020-07-04,Yuba,115,75493,130,0,130,2
2020-07-03,Alameda,001,1643700,7936,10,7946,144
2020-07-03,Alpine,002,1148,1,0,1,0
2020-07-03,Amador,005,37829,36,0,36,0
2020-07-03,Butte,007,227075,367,18,385,3
2020-07-03,Calaveras,009,45235,69,0,69,0
2020-07-03,Colusa,011,21464,117,0,117,0
2020-07-03,Contra Costa,013,1133247,4752,6,4758,86
2020-07-03,Del Norte,015,27424,60,0,60,0
2020-07-03,El Dorado,017,186661,353,4,357,0
2020-07-03,Fresno,019,978130,11356,81,11437,98
2020-07-03,Glenn,021,27897,182,0,182,0
2020-07-03,Humboldt,023,135768,173,1,174,4
2020-07-03,Imperial,025,180216,8504,4,8508,180
2020-07-03,Inyo,027,18085,35,1,36,1
2020-07-03,Kern,029,883053,11421,40,11461,98
2020-07-03,Kings,031,150075,2977,8,2985,37
2020-07-03,Lake,033,64148,108,0,108,1
2020-07-03,Lassen,035,31185,258,2,260,0
2020-07-03,Los Angeles,037,10098052,130216,89,130305,3811
2020-07-03,Madera,039,155013,1178,3,1181,9
2020-07-03,Marin,041,260295,530,2,532,19
2020-07-03,Mariposa,043,17540,36,0,36,0
2020-07-03,Mendocino,045,87422,102,0,102,1
2020-07-03,Merced,047,269075,2199,2,2201,12
2020-07-03,Modoc,049,8938,1,0,1,0
2020-07-03,Mono,051,14174,54,0,54,1
2020-07-03,Monterey,053,433212,2549,4,2553,16
2020-07-03,Napa,055,140530,552,0,552,4
2020-07-03,Nevada,057,99092,182,5,187,1
2020-07-03,Orange,059,3164182,26784,258,27042,498
2020-07-03,Placer,061,380077,1103,3,1106,11
2020-07-03,Plumas,063,18699,16,0,16,0
2020-07-03,Riverside,065,2383286,27035,28,27063,531
2020-07-03,Sacramento,067,1510023,5365,6,5371,84
2020-07-03,San Benito,069,59416,328,0,328,3
2020-07-03,San Bernardino,071,2135413,22280,14,22294,356
2020-07-03,San Diego,073,3302833,19720,2,19722,422
2020-07-03,San Francisco,075,870044,4418,1,4419,52
2020-07-03,San Joaquin,077,732212,6708,3,6711,71
2020-07-03,San Luis Obispo,079,281455,1003,7,1010,2
2020-07-03,San Mateo,081,765935,3957,6,3963,121
2020-07-03,Santa Barbara,083,443738,4214,32,4246,36
2020-07-03,Santa Clara,085,1922200,6572,18,6590,157
2020-07-03,Santa Cruz,087,273765,558,0,558,3
2020-07-03,Shasta,089,179085,244,1,245,7
2020-07-03,Sierra,091,2930,1,0,1,0
2020-07-03,Siskiyou,093,43540,36,0,36,0
2020-07-03,Solano,095,438530,2249,6,2255,25
2020-07-03,Sonoma,097,501317,1767,5,1772,8
2020-07-03,Stanislaus,099,539301,5012,7,5019,63
2020-07-03,Sutter,101,95872,293,0,293,3
2020-07-03,Tehama,103,63373,115,2,117,1
2020-07-03,Trinity,105,12862,19,5,24,0
2020-07-03,Tulare,107,460477,6238,12,6250,140
2020-07-03,Tuolumne,109,53932,61,3,64,0
2020-07-03,Ventura,111,848112,4980,18,4998,54
2020-07-03,Yolo,113,214977,876,3,879,26
2020-07-03,Yuba,115,75493,125,0,125,1
2020-07-02,Alameda,001,1643700,7810,10,7820,143
2020-07-02,Alpine,002,1148,1,0,1,0
2020-07-02,Amador,005,37829,35,0,35,0
2020-07-02,Butte,007,227075,350,18,368,3
2020-07-02,Calaveras,009,45235,64,0,64,0
2020-07-02,Colusa,011,21464,109,0,109,0
2020-07-02,Contra Costa,013,1133247,4570,6,4576,85
2020-07-02,Del Norte,015,27424,59,0,59,0
2020-07-02,El Dorado,017,186661,342,4,346,0
2020-07-02,Fresno,019,978130,10895,81,10976,97
2020-07-02,Glenn,021,27897,176,0,176,0
2020-07-02,Humboldt,023,135768,169,1,170,4
2020-07-02,Imperial,025,180216,8402,4,8406,176
2020-07-02,Inyo,027,18085,35,1,36,1
2020-07-02,Kern,029,883053,10886,38,10924,95
2020-07-02,Kings,031,150075,2926,8,2934,35
2020-07-02,Lake,033,64148,104,0,104,1
2020-07-02,Lassen,035,31185,256,2,258,0
2020-07-02,Los Angeles,037,10098052,128199,66,128265,3778
2020-07-02,Madera,039,155013,1110,3,1113,7
2020-07-02,Marin,041,260295,502,2,504,17
2020-07-02,Mariposa,043,17540,35,0,35,0
2020-07-02,Mendocino,045,87422,98,0,98,1
2020-07-02,Merced,047,269075,2096,2,2098,12
2020-07-02,Modoc,049,8938,1,0,1,0
2020-07-02,Mono,051,14174,54,0,54,1
2020-07-02,Monterey,053,433212,2489,4,2493,16
2020-07-02,Napa,055,140530,535,0,535,4
2020-07-02,Nevada,057,99092,176,4,180,1
2020-07-02,Orange,059,3164182,26016,245,26261,489
2020-07-02,Placer,061,380077,1079,3,1082,11
2020-07-02,Plumas,063,18699,15,0,15,0
2020-07-02,Riverside,065,2383286,26461,28,26489,524
2020-07-02,Sacramento,067,1510023,5138,6,5144,82
2020-07-02,San Benito,069,59416,320,0,320,3
2020-07-02,San Bernardino,071,2135413,21744,14,21758,348
2020-07-02,San Diego,073,3302833,19254,2,19256,417
2020-07-02,San Francisco,075,870044,4323,1,4324,52
2020-07-02,San Joaquin,077,732212,6361,3,6364,68
2020-07-02,San Luis Obispo,079,281455,958,7,965,2
2020-07-02,San Mateo,081,765935,3877,6,3883,119
2020-07-02,Santa Barbara,083,443738,4114,30,4144,36
2020-07-02,Santa Clara,085,1922200,6445,18,6463,156
2020-07-02,Santa Cruz,087,273765,535,0,535,3
2020-07-02,Shasta,089,179085,241,1,242,7
2020-07-02,Sierra,091,2930,1,0,1,0
2020-07-02,Siskiyou,093,43540,36,0,36,0
2020-07-02,Solano,095,438530,2166,6,2172,24
2020-07-02,Sonoma,097,501317,1709,5,1714,8
2020-07-02,Stanislaus,099,539301,4840,7,4847,61
2020-07-02,Sutter,101,95872,282,0,282,3
2020-07-02,Tehama,103,63373,113,2,115,1
2020-07-02,Trinity,105,12862,19,5,24,0
2020-07-02,Tulare,107,460477,6071,11,6082,136
2020-07-02,Tuolumne,109,53932,58,2,60,0
2020-07-02,Ventura,111,848112,4824,18,4842,54
2020-07-02,Yolo,113,214977,844,3,847,26
2020-07-02,Yuba,115,75493,115,0,115,1
2020-07-01,Alameda,001,1643700,7592,10,7602,139
2020-07-01,Alpine,002,1148,1,0,1,0
2020-07-01,Amador,005,37829,34,0,34,0
2020-07-01,Butte,007,227075,325,18,343,3
2020-07-01,Calaveras,009,45235,62,0,62,0
2020-07-01,Colusa,011,21464,103,0,103,0
2020-07-01,Contra Costa,013,1133247,4357,6,4363,83
2020-07-01,Del Norte,015,27424,59,0,59,0
2020-07-01,El Dorado,017,186661,315,4,319,0
2020-07-01,Fresno,019,978130,10461,78,10539,91
2020-07-01,Glenn,021,27897,170,0,170,0
2020-07-01,Humboldt,023,135768,164,0,164,4
2020-07-01,Imperial,025,180216,8305,4,8309,170
2020-07-01,Inyo,027,18085,34,1,35,1
2020-07-01,Kern,029,883053,10252,37,10289,93
2020-07-01,Kings,031,150075,2858,8,2866,33
2020-07-01,Lake,033,64148,103,0,103,1
2020-07-01,Lassen,035,31185,255,2,257,0
2020-07-01,Los Angeles,037,10098052,125001,57,125058,3734
2020-07-01,Madera,039,155013,1069,3,1072,7
2020-07-01,Marin,041,260295,444,2,446,17
2020-07-01,Mariposa,043,17540,35,0,35,0
2020-07-01,Mendocino,045,87422,94,0,94,1
2020-07-01,Merced,047,269075,1998,2,2000,12
2020-07-01,Modoc,049,8938,1,0,1,0
2020-07-01,Mono,051,14174,51,0,51,1
2020-07-01,Monterey,053,433212,2381,3,2384,15
2020-07-01,Napa,055,140530,512,0,512,4
2020-07-01,Nevada,057,99092,166,4,170,1
2020-07-01,Orange,059,3164182,25123,224,25347,481
2020-07-01,Placer,061,380077,1032,3,1035,11
2020-07-01,Plumas,063,18699,13,0,13,0
2020-07-01,Riverside,065,2383286,25618,27,25645,515
2020-07-01,Sacramento,067,1510023,4883,6,4889,81
2020-07-01,San Benito,069,59416,311,0,311,3
2020-07-01,San Bernardino,071,2135413,20850,11,20861,344
2020-07-01,San Diego,073,3302833,18686,2,18688,406
2020-07-01,San Francisco,075,870044,4230,1,4231,52
2020-07-01,San Joaquin,077,732212,6003,3,6006,65
2020-07-01,San Luis Obispo,079,281455,931,7,938,2
2020-07-01,San Mateo,081,765935,3815,6,3821,119
2020-07-01,Santa Barbara,083,443738,3994,29,4023,36
2020-07-01,Santa Clara,085,1922200,6259,17,6276,155
2020-07-01,Santa Cruz,087,273765,511,0,511,3
2020-07-01,Shasta,089,179085,236,1,237,7
2020-07-01,Sierra,091,2930,1,0,1,0
2020-07-01,Siskiyou,093,43540,36,0,36,0
2020-07-01,Solano,095,438530,2074,6,2080,24
2020-07-01,Sonoma,097,501317,1614,5,1619,7
2020-07-01,Stanislaus,099,539301,4562,7,4569,61
2020-07-01,Sutter,101,95872,269,0,269,3
2020-07-01,Tehama,103,63373,106,2,108,1
2020-07-01,Trinity,105,12862,19,4,23,0
2020-07-01,Tulare,107,460477,5895,11,5906,134
2020-07-01,Tuolumne,109,53932,55,2,57,0
2020-07-01,Ventura,111,848112,4682,16,4698,53
2020-07-01,Yolo,113,214977,793,3,796,26
2020-07-01,Yuba,115,75493,110,0,110,1
2020-06-30,Alameda,001,1643700,7345,8,7353,139
2020-06-30,Alpine,002,1148,1,0,1,0
2020-06-30,Amador,005,37829,34,0,34,0
2020-06-30,Butte,007,227075,308,17,325,3
2020-06-30,Calaveras,009,45235,58,0,58,0
2020-06-30,Colusa,011,21464,94,0,94,0
2020-06-30,Contra Costa,013,1133247,4146,6,4152,81
2020-06-30,Del Norte,015,27424,59,0,59,0
2020-06-30,El Dorado,017,186661,302,4,306,0
2020-06-30,Fresno,019,978130,10017,73,10090,89
2020-06-30,Glenn,021,27897,165,0,165,0
2020-06-30,Humboldt,023,135768,160,0,160,4
2020-06-30,Imperial,025,180216,8206,4,8210,168
2020-06-30,Inyo,027,18085,34,1,35,1
2020-06-30,Kern,029,883053,9605,34,9639,88
2020-06-30,Kings,031,150075,2809,5,2814,33
2020-06-30,Lake,033,64148,95,0,95,0
2020-06-30,Lassen,035,31185,248,2,250,0
2020-06-30,Los Angeles,037,10098052,121418,54,121472,3702
2020-06-30,Madera,039,155013,1012,3,1015,7
2020-06-30,Marin,041,260295,441,2,443,17
2020-06-30,Mariposa,043,17540,34,0,34,0
2020-06-30,Mendocino,045,87422,90,0,90,0
2020-06-30,Merced,047,269075,1861,2,1863,12
2020-06-30,Modoc,049,8938,1,0,1,0
2020-06-30,Mono,051,14174,49,0,49,1
2020-06-30,Monterey,053,433212,2284,3,2287,15
2020-06-30,Napa,055,140530,487,0,487,4
2020-06-30,Nevada,057,99092,158,4,162,1
2020-06-30,Orange,059,3164182,24185,214,24399,471
2020-06-30,Placer,061,380077,1005,3,1008,11
2020-06-30,Plumas,063,18699,12,0,12,0
2020-06-30,Riverside,065,2383286,24900,26,24926,506
2020-06-30,Sacramento,067,1510023,4594,6,4600,80
2020-06-30,San Benito,069,59416,300,0,300,3
2020-06-30,San Bernardino,071,2135413,19868,10,19878,340
2020-06-30,San Diego,073,3302833,17981,2,17983,398
2020-06-30,San Francisco,075,870044,4125,1,4126,52
2020-06-30,San Joaquin,077,732212,5629,3,5632,65
2020-06-30,San Luis Obispo,079,281455,891,7,898,2
2020-06-30,San Mateo,081,765935,3737,6,3743,118
2020-06-30,Santa Barbara,083,443738,3878,29,3907,35
2020-06-30,Santa Clara,085,1922200,6056,17,6073,155
2020-06-30,Santa Cruz,087,273765,485,0,485,3
2020-06-30,Shasta,089,179085,220,1,221,7
2020-06-30,Sierra,091,2930,1,0,1,0
2020-06-30,Siskiyou,093,43540,35,0,35,0
2020-06-30,Solano,095,438530,1982,6,1988,24
2020-06-30,Sonoma,097,501317,1551,5,1556,6
2020-06-30,Stanislaus,099,539301,4265,7,4272,58
2020-06-30,Sutter,101,95872,246,0,246,3
2020-06-30,Tehama,103,63373,104,2,106,1
2020-06-30,Trinity,105,12862,19,4,23,0
2020-06-30,Tulare,107,460477,5686,11,5697,131
2020-06-30,Tuolumne,109,53932,51,2,53,0
2020-06-30,Ventura,111,848112,4548,16,4564,53
2020-06-30,Yolo,113,214977,755,3,758,26
2020-06-30,Yuba,115,75493,106,0,106,1
2020-06-29,Alameda,001,1643700,7137,8,7145,138
2020-06-29,Alpine,002,1148,1,0,1,0
2020-06-29,Amador,005,37829,31,0,31,0
2020-06-29,Butte,007,227075,287,17,304,2
2020-06-29,Calaveras,009,45235,56,0,56,0
2020-06-29,Colusa,011,21464,89,0,89,0
2020-06-29,Contra Costa,013,1133247,3982,5,3987,79
2020-06-29,Del Norte,015,27424,59,0,59,0
2020-06-29,El Dorado,017,186661,288,2,290,0
2020-06-29,Fresno,019,978130,9669,71,9740,88
2020-06-29,Glenn,021,27897,156,0,156,0
2020-06-29,Humboldt,023,135768,159,0,159,4
2020-06-29,Imperial,025,180216,8077,4,8081,165
2020-06-29,Inyo,027,18085,33,0,33,1
2020-06-29,Kern,029,883053,8942,32,8974,85
2020-06-29,Kings,031,150075,2744,5,2749,32
2020-06-29,Lake,033,64148,88,0,88,0
2020-06-29,Lassen,035,31185,240,2,242,0
2020-06-29,Los Angeles,037,10098052,118382,48,118430,3664
2020-06-29,Madera,039,155013,955,3,958,5
2020-06-29,Marin,041,260295,438,2,440,17
2020-06-29,Mariposa,043,17540,32,0,32,0
2020-06-29,Mendocino,045,87422,87,0,87,0
2020-06-29,Merced,047,269075,1752,1,1753,12
2020-06-29,Modoc,049,8938,1,0,1,0
2020-06-29,Mono,051,14174,47,0,47,1
2020-06-29,Monterey,053,433212,2212,3,2215,15
2020-06-29,Napa,055,140530,465,0,465,4
2020-06-29,Nevada,057,99092,155,3,158,1
2020-06-29,Orange,059,3164182,23186,198,23384,457
2020-06-29,Placer,061,380077,969,3,972,11
2020-06-29,Plumas,063,18699,12,0,12,0
2020-06-29,Riverside,065,2383286,23866,26,23892,499
2020-06-29,Sacramento,067,1510023,4307,6,4313,78
2020-06-29,San Benito,069,59416,285,0,285,3
2020-06-29,San Bernardino,071,2135413,18905,10,18915,332
2020-06-29,San Diego,073,3302833,17403,2,17405,393
2020-06-29,San Francisco,075,870044,4048,1,4049,52
2020-06-29,San Joaquin,077,732212,5271,3,5274,63
2020-06-29,San Luis Obispo,079,281455,857,7,864,1
2020-06-29,San Mateo,081,765935,3683,6,3689,118
2020-06-29,Santa Barbara,083,443738,3769,28,3797,35
2020-06-29,Santa Clara,085,1922200,5886,17,5903,155
2020-06-29,Santa Cruz,087,273765,467,0,467,3
2020-06-29,Shasta,089,179085,212,1,213,5
2020-06-29,Sierra,091,2930,1,0,1,0
2020-06-29,Siskiyou,093,43540,35,0,35,0
2020-06-29,Solano,095,438530,1879,6,1885,23
2020-06-29,Sonoma,097,501317,1479,5,1484,6
2020-06-29,Stanislaus,099,539301,4060,6,4066,58
2020-06-29,Sutter,101,95872,224,0,224,3
2020-06-29,Tehama,103,63373,100,2,102,1
2020-06-29,Trinity,105,12862,18,4,22,0
2020-06-29,Tulare,107,460477,5532,10,5542,130
2020-06-29,Tuolumne,109,53932,47,2,49,0
2020-06-29,Ventura,111,848112,4401,16,4417,53
2020-06-29,Yolo,113,214977,722,3,725,25
2020-06-29,Yuba,115,75493,93,0,93,1
2020-06-28,Alameda,001,1643700,6876,8,6884,138
2020-06-28,Alpine,002,1148,1,0,1,0
2020-06-28,Amador,005,37829,29,0,29,0
2020-06-28,Butte,007,227075,268,16,284,2
2020-06-28,Calaveras,009,45235,51,0,51,0
2020-06-28,Colusa,011,21464,74,0,74,0
2020-06-28,Contra Costa,013,1133247,3792,4,3796,79
2020-06-28,Del Norte,015,27424,58,0,58,0
2020-06-28,El Dorado,017,186661,276,2,278,0
2020-06-28,Fresno,019,978130,9306,71,9377,85
2020-06-28,Glenn,021,27897,148,0,148,0
2020-06-28,Humboldt,023,135768,156,0,156,4
2020-06-28,Imperial,025,180216,7886,4,7890,163
2020-06-28,Inyo,027,18085,33,0,33,1
2020-06-28,Kern,029,883053,8391,29,8420,84
2020-06-28,Kings,031,150075,2684,5,2689,29
2020-06-28,Lake,033,64148,84,0,84,0
2020-06-28,Lassen,035,31185,240,2,242,0
2020-06-28,Los Angeles,037,10098052,115178,44,115222,3628
2020-06-28,Madera,039,155013,907,3,910,5
2020-06-28,Marin,041,260295,393,2,395,16
2020-06-28,Mariposa,043,17540,32,0,32,0
2020-06-28,Mendocino,045,87422,85,0,85,0
2020-06-28,Merced,047,269075,1638,1,1639,12
2020-06-28,Modoc,049,8938,1,0,1,0
2020-06-28,Mono,051,14174,47,0,47,1
2020-06-28,Monterey,053,433212,2130,3,2133,14
2020-06-28,Napa,055,140530,431,0,431,4
2020-06-28,Nevada,057,99092,144,3,147,1
2020-06-28,Orange,059,3164182,22204,180,22384,448
2020-06-28,Placer,061,380077,930,3,933,11
2020-06-28,Plumas,063,18699,11,0,11,0
2020-06-28,Riverside,065,2383286,23037,25,23062,490
2020-06-28,Sacramento,067,1510023,4079,6,4085,77
2020-06-28,San Benito,069,59416,274,0,274,3
2020-06-28,San Bernardino,071,2135413,18153,9,18162,319
2020-06-28,San Diego,073,3302833,16857,2,16859,388
2020-06-28,San Francisco,075,870044,3970,1,3971,52
2020-06-28,San Joaquin,077,732212,4934,3,4937,62
2020-06-28,San Luis Obispo,079,281455,818,6,824,1
2020-06-28,San Mateo,081,765935,3606,5,3611,118
2020-06-28,Santa Barbara,083,443738,3624,28,3652,34
2020-06-28,Santa Clara,085,1922200,5724,17,5741,153
2020-06-28,Santa Cruz,087,273765,444,0,444,3
2020-06-28,Shasta,089,179085,199,0,199,5
2020-06-28,Sierra,091,2930,1,0,1,0
2020-06-28,Siskiyou,093,43540,35,0,35,0
2020-06-28,Solano,095,438530,1804,6,1810,23
2020-06-28,Sonoma,097,501317,1425,5,1430,5
2020-06-28,Stanislaus,099,539301,3854,6,3860,56
2020-06-28,Sutter,101,95872,198,0,198,3
2020-06-28,Tehama,103,63373,93,2,95,1
2020-06-28,Trinity,105,12862,17,4,21,0
2020-06-28,Tulare,107,460477,5364,10,5374,128
2020-06-28,Tuolumne,109,53932,42,2,44,0
2020-06-28,Ventura,111,848112,4243,16,4259,50
2020-06-28,Yolo,113,214977,687,3,690,25
2020-06-28,Yuba,115,75493,89,0,89,1
2020-06-27,Alameda,001,1643700,6780,8,6788,136
2020-06-27,Alpine,002,1148,1,0,1,0
2020-06-27,Amador,005,37829,27,0,27,0
2020-06-27,Butte,007,227075,260,15,275,2
2020-06-27,Calaveras,009,45235,49,0,49,0
2020-06-27,Colusa,011,21464,68,0,68,0
2020-06-27,Contra Costa,013,1133247,3698,3,3701,77
2020-06-27,Del Norte,015,27424,58,0,58,0
2020-06-27,El Dorado,017,186661,270,2,272,0
2020-06-27,Fresno,019,978130,9059,71,9130,84
2020-06-27,Glenn,021,27897,144,0,144,0
2020-06-27,Humboldt,023,135768,154,0,154,4
2020-06-27,Imperial,025,180216,7825,4,7829,157
2020-06-27,Inyo,027,18085,33,0,33,1
2020-06-27,Kern,029,883053,8128,28,8156,82
2020-06-27,Kings,031,150075,2658,5,2663,27
2020-06-27,Lake,033,64148,81,0,81,0
2020-06-27,Lassen,035,31185,240,2,242,0
2020-06-27,Los Angeles,037,10098052,113436,41,113477,3586
2020-06-27,Madera,039,155013,864,2,866,5
2020-06-27,Marin,041,260295,391,2,393,16
2020-06-27,Mariposa,043,17540,31,0,31,0
2020-06-27,Mendocino,045,87422,85,0,85,0
2020-06-27,Merced,047,269075,1578,0,1578,12
2020-06-27,Modoc,049,8938,1,0,1,0
2020-06-27,Mono,051,14174,46,0,46,1
2020-06-27,Monterey,053,433212,2066,3,2069,14
2020-06-27,Napa,055,140530,421,0,421,4
2020-06-27,Nevada,057,99092,140,2,142,1
2020-06-27,Orange,059,3164182,21693,175,21868,432
2020-06-27,Placer,061,380077,909,3,912,11
2020-06-27,Plumas,063,18699,11,0,11,0
2020-06-27,Riverside,065,2383286,22647,25,22672,484
2020-06-27,Sacramento,067,1510023,3962,6,3968,76
2020-06-27,San Benito,069,59416,267,0,267,3
2020-06-27,San Bernardino,071,2135413,17778,9,17787,313
2020-06-27,San Diego,073,3302833,16492,2,16494,386
2020-06-27,San Francisco,075,870044,3915,1,3916,52
2020-06-27,San Joaquin,077,732212,4768,3,4771,62
2020-06-27,San Luis Obispo,079,281455,795,6,801,1
2020-06-27,San Mateo,081,765935,3549,5,3554,117
2020-06-27,Santa Barbara,083,443738,3552,28,3580,34
2020-06-27,Santa Clara,085,1922200,5618,17,5635,153
2020-06-27,Santa Cruz,087,273765,437,0,437,3
2020-06-27,Shasta,089,179085,193,0,193,5
2020-06-27,Sierra,091,2930,1,0,1,0
2020-06-27,Siskiyou,093,43540,35,0,35,0
2020-06-27,Solano,095,438530,1771,6,1777,23
2020-06-27,Sonoma,097,501317,1392,5,1397,4
2020-06-27,Stanislaus,099,539301,3754,6,3760,53
2020-06-27,Sutter,101,95872,191,0,191,3
2020-06-27,Tehama,103,63373,90,2,92,1
2020-06-27,Trinity,105,12862,17,4,21,0
2020-06-27,Tulare,107,460477,5267,10,5277,127
2020-06-27,Tuolumne,109,53932,41,2,43,0
2020-06-27,Ventura,111,848112,4144,16,4160,49
2020-06-27,Yolo,113,214977,663,3,666,25
2020-06-27,Yuba,115,75493,81,0,81,1
2020-06-26,Alameda,001,1643700,6694,7,6701,136
2020-06-26,Alpine,002,1148,1,0,1,0
2020-06-26,Amador,005,37829,26,0,26,0
2020-06-26,Butte,007,227075,245,15,260,2
2020-06-26,Calaveras,009,45235,47,0,47,0
2020-06-26,Colusa,011,21464,63,0,63,0
2020-06-26,Contra Costa,013,1133247,3585,3,3588,76
2020-06-26,Del Norte,015,27424,57,0,57,0
2020-06-26,El Dorado,017,186661,262,2,264,0
2020-06-26,Fresno,019,978130,8834,71,8905,82
2020-06-26,Glenn,021,27897,137,0,137,0
2020-06-26,Humboldt,023,135768,152,0,152,4
2020-06-26,Imperial,025,180216,7762,4,7766,153
2020-06-26,Inyo,027,18085,32,0,32,1
2020-06-26,Kern,029,883053,7798,28,7826,77
2020-06-26,Kings,031,150075,2626,4,2630,24
2020-06-26,Lake,033,64148,80,0,80,0
2020-06-26,Lassen,035,31185,239,2,241,0
2020-06-26,Los Angeles,037,10098052,111273,41,111314,3560
2020-06-26,Madera,039,155013,832,2,834,5
2020-06-26,Marin,041,260295,390,2,392,16
2020-06-26,Mariposa,043,17540,30,0,30,0
2020-06-26,Mendocino,045,87422,82,0,82,0
2020-06-26,Merced,047,269075,1531,0,1531,12
2020-06-26,Modoc,049,8938,1,0,1,0
2020-06-26,Mono,051,14174,45,0,45,1
2020-06-26,Monterey,053,433212,2014,3,2017,14
2020-06-26,Napa,055,140530,411,0,411,4
2020-06-26,Nevada,057,99092,136,1,137,1
2020-06-26,Orange,059,3164182,21014,172,21186,427
2020-06-26,Placer,061,380077,880,3,883,11
2020-06-26,Plumas,063,18699,11,0,11,0
2020-06-26,Riverside,065,2383286,22184,25,22209,476
2020-06-26,Sacramento,067,1510023,3797,6,3803,76
2020-06-26,San Benito,069,59416,263,0,263,3
2020-06-26,San Bernardino,071,2135413,17400,9,17409,309
2020-06-26,San Diego,073,3302833,16127,2,16129,382
2020-06-26,San Francisco,075,870044,3860,1,3861,52
2020-06-26,San Joaquin,077,732212,4554,3,4557,62
2020-06-26,San Luis Obispo,079,281455,780,6,786,1
2020-06-26,San Mateo,081,765935,3497,5,3502,117
2020-06-26,Santa Barbara,083,443738,3462,26,3488,34
2020-06-26,Santa Clara,085,1922200,5518,17,5535,153
2020-06-26,Santa Cruz,087,273765,430,0,430,3
2020-06-26,Shasta,089,179085,186,0,186,5
2020-06-26,Sierra,091,2930,1,0,1,0
2020-06-26,Siskiyou,093,43540,34,0,34,0
2020-06-26,Solano,095,438530,1729,6,1735,22
2020-06-26,Sonoma,097,501317,1361,5,1366,4
2020-06-26,Stanislaus,099,539301,3641,6,3647,52
2020-06-26,Sutter,101,95872,184,0,184,3
2020-06-26,Tehama,103,63373,87,2,89,1
2020-06-26,Trinity,105,12862,17,4,21,0
2020-06-26,Tulare,107,460477,5178,10,5188,126
2020-06-26,Tuolumne,109,53932,39,2,41,0
2020-06-26,Ventura,111,848112,4058,16,4074,48
2020-06-26,Yolo,113,214977,640,3,643,25
2020-06-26,Yuba,115,75493,75,0,75,1
2020-06-25,Alameda,001,1643700,6505,7,6512,134
2020-06-25,Alpine,002,1148,1,0,1,0
2020-06-25,Amador,005,37829,25,0,25,0
2020-06-25,Butte,007,227075,240,15,255,2
2020-06-25,Calaveras,009,45235,42,0,42,0
2020-06-25,Colusa,011,21464,53,0,53,0
2020-06-25,Contra Costa,013,1133247,3399,3,3402,76
2020-06-25,Del Norte,015,27424,55,0,55,0
2020-06-25,El Dorado,017,186661,254,2,256,0
2020-06-25,Fresno,019,978130,8521,70,8591,82
2020-06-25,Glenn,021,27897,132,0,132,0
2020-06-25,Humboldt,023,135768,151,0,151,4
2020-06-25,Imperial,025,180216,7633,4,7637,152
2020-06-25,Inyo,027,18085,29,0,29,1
2020-06-25,Kern,029,883053,7374,25,7399,74
2020-06-25,Kings,031,150075,2574,4,2578,22
2020-06-25,Lake,033,64148,79,0,79,0
2020-06-25,Lassen,035,31185,233,2,235,0
2020-06-25,Los Angeles,037,10098052,108505,41,108546,3527
2020-06-25,Madera,039,155013,788,2,790,5
2020-06-25,Marin,041,260295,387,2,389,16
2020-06-25,Mariposa,043,17540,29,0,29,0
2020-06-25,Mendocino,045,87422,79,0,79,0
2020-06-25,Merced,047,269075,1443,0,1443,11
2020-06-25,Modoc,049,8938,1,0,1,0
2020-06-25,Mono,051,14174,44,0,44,1
2020-06-25,Monterey,053,433212,1926,3,1929,13
2020-06-25,Napa,055,140530,393,0,393,4
2020-06-25,Nevada,057,99092,128,1,129,1
2020-06-25,Orange,059,3164182,20087,170,20257,419
2020-06-25,Placer,061,380077,826,3,829,11
2020-06-25,Plumas,063,18699,10,0,10,0
2020-06-25,Riverside,065,2383286,21429,25,21454,469
2020-06-25,Sacramento,067,1510023,3574,6,3580,76
2020-06-25,San Benito,069,59416,255,0,255,3
2020-06-25,San Bernardino,071,2135413,16649,9,16658,299
2020-06-25,San Diego,073,3302833,15588,2,15590,380
2020-06-25,San Francisco,075,870044,3794,1,3795,52
2020-06-25,San Joaquin,077,732212,4282,3,4285,61
2020-06-25,San Luis Obispo,079,281455,748,6,754,1
2020-06-25,San Mateo,081,765935,3429,4,3433,115
2020-06-25,Santa Barbara,083,443738,3357,25,3382,33
2020-06-25,Santa Clara,085,1922200,5368,17,5385,153
2020-06-25,Santa Cruz,087,273765,418,0,418,3
2020-06-25,Shasta,089,179085,176,0,176,5
2020-06-25,Sierra,091,2930,1,0,1,0
2020-06-25,Siskiyou,093,43540,33,0,33,0
2020-06-25,Solano,095,438530,1675,6,1681,22
2020-06-25,Sonoma,097,501317,1312,4,1316,4
2020-06-25,Stanislaus,099,539301,3429,6,3435,48
2020-06-25,Sutter,101,95872,172,0,172,3
2020-06-25,Tehama,103,63373,83,2,85,1
2020-06-25,Trinity,105,12862,17,4,21,0
2020-06-25,Tulare,107,460477,5047,10,5057,122
2020-06-25,Tuolumne,109,53932,38,1,39,0
2020-06-25,Ventura,111,848112,3876,15,3891,48
2020-06-25,Yolo,113,214977,611,3,614,24
2020-06-25,Yuba,115,75493,64,0,64,1
2020-06-24,Alameda,001,1643700,6343,7,6350,134
2020-06-24,Alpine,002,1148,1,0,1,0
2020-06-24,Amador,005,37829,23,0,23,0
2020-06-24,Butte,007,227075,224,14,238,2
2020-06-24,Calaveras,009,45235,40,0,40,0
2020-06-24,Colusa,011,21464,44,0,44,0
2020-06-24,Contra Costa,013,1133247,3244,3,3247,74
2020-06-24,Del Norte,015,27424,49,0,49,0
2020-06-24,El Dorado,017,186661,238,2,240,0
2020-06-24,Fresno,019,978130,8190,70,8260,82
2020-06-24,Glenn,021,27897,124,0,124,0
2020-06-24,Humboldt,023,135768,151,0,151,4
2020-06-24,Imperial,025,180216,7515,4,7519,149
2020-06-24,Inyo,027,18085,29,0,29,1
2020-06-24,Kern,029,883053,6981,23,7004,73
2020-06-24,Kings,031,150075,2510,4,2514,21
2020-06-24,Lake,033,64148,66,0,66,0
2020-06-24,Lassen,035,31185,232,2,234,0
2020-06-24,Los Angeles,037,10098052,105745,41,105786,3499
2020-06-24,Madera,039,155013,766,2,768,5
2020-06-24,Marin,041,260295,343,2,345,16
2020-06-24,Mariposa,043,17540,28,0,28,0
2020-06-24,Mendocino,045,87422,79,0,79,0
2020-06-24,Merced,047,269075,1356,0,1356,11
2020-06-24,Modoc,049,8938,1,0,1,0
2020-06-24,Mono,051,14174,42,0,42,1
2020-06-24,Monterey,053,433212,1850,3,1853,13
2020-06-24,Napa,055,140530,376,0,376,4
2020-06-24,Nevada,057,99092,122,1,123,1
2020-06-24,Orange,059,3164182,19089,152,19241,411
2020-06-24,Placer,061,380077,787,3,790,10
2020-06-24,Plumas,063,18699,10,0,10,0
2020-06-24,Riverside,065,2383286,20581,25,20606,461
2020-06-24,Sacramento,067,1510023,3370,5,3375,76
2020-06-24,San Benito,069,59416,251,0,251,3
2020-06-24,San Bernardino,071,2135413,15835,9,15844,294
2020-06-24,San Diego,073,3302833,15085,2,15087,377
2020-06-24,San Francisco,075,870044,3731,1,3732,52
2020-06-24,San Joaquin,077,732212,4061,3,4064,60
2020-06-24,San Luis Obispo,079,281455,717,5,722,1
2020-06-24,San Mateo,081,765935,3372,4,3376,114
2020-06-24,Santa Barbara,083,443738,3238,23,3261,31
2020-06-24,Santa Clara,085,1922200,5237,17,5254,152
2020-06-24,Santa Cruz,087,273765,406,0,406,3
2020-06-24,Shasta,089,179085,168,0,168,5
2020-06-24,Sierra,091,2930,1,0,1,0
2020-06-24,Siskiyou,093,43540,32,0,32,0
2020-06-24,Solano,095,438530,1586,5,1591,22
2020-06-24,Sonoma,097,501317,1263,4,1267,4
2020-06-24,Stanislaus,099,539301,3250,6,3256,47
2020-06-24,Sutter,101,95872,159,0,159,3
2020-06-24,Tehama,103,63373,81,2,83,1
2020-06-24,Trinity,105,12862,16,3,19,0
2020-06-24,Tulare,107,460477,4892,10,4902,119
2020-06-24,Tuolumne,109,53932,33,1,34,0
2020-06-24,Ventura,111,848112,3535,15,3550,47
2020-06-24,Yolo,113,214977,576,3,579,24
2020-06-24,Yuba,115,75493,58,0,58,1
2020-06-23,Alameda,001,1643700,6163,7,6170,133
2020-06-23,Alpine,002,1148,1,0,1,0
2020-06-23,Amador,005,37829,22,0,22,0
2020-06-23,Butte,007,227075,206,14,220,1
2020-06-23,Calaveras,009,45235,40,0,40,0
2020-06-23,Colusa,011,21464,40,0,40,0
2020-06-23,Contra Costa,013,1133247,3117,3,3120,73
2020-06-23,Del Norte,015,27424,48,0,48,0
2020-06-23,El Dorado,017,186661,229,2,231,0
2020-06-23,Fresno,019,978130,7541,68,7609,80
2020-06-23,Glenn,021,27897,120,0,120,0
2020-06-23,Humboldt,023,135768,151,0,151,4
2020-06-23,Imperial,025,180216,7351,4,7355,144
2020-06-23,Inyo,027,18085,29,0,29,1
2020-06-23,Kern,029,883053,6614,20,6634,70
2020-06-23,Kings,031,150075,2445,4,2449,21
2020-06-23,Lake,033,64148,60,0,60,0
2020-06-23,Lassen,035,31185,228,2,230,0
2020-06-23,Los Angeles,037,10098052,102801,40,102841,3458
2020-06-23,Madera,039,155013,727,2,729,5
2020-06-23,Marin,041,260295,329,2,331,15
2020-06-23,Mariposa,043,17540,26,0,26,0
2020-06-23,Mendocino,045,87422,78,0,78,0
2020-06-23,Merced,047,269075,1260,0,1260,11
2020-06-23,Modoc,049,8938,1,0,1,0
2020-06-23,Mono,051,14174,42,0,42,1
2020-06-23,Monterey,053,433212,1780,3,1783,13
2020-06-23,Napa,055,140530,361,0,361,4
2020-06-23,Nevada,057,99092,116,1,117,1
2020-06-23,Orange,059,3164182,18112,149,18261,396
2020-06-23,Placer,061,380077,761,3,764,10
2020-06-23,Plumas,063,18699,9,0,9,0
2020-06-23,Riverside,065,2383286,19562,25,19587,456
2020-06-23,Sacramento,067,1510023,3191,5,3196,75
2020-06-23,San Benito,069,59416,237,0,237,3
2020-06-23,San Bernardino,071,2135413,15053,9,15062,288
2020-06-23,San Diego,073,3302833,14565,2,14567,373
2020-06-23,San Francisco,075,870044,3658,1,3659,52
2020-06-23,San Joaquin,077,732212,3802,3,3805,59
2020-06-23,San Luis Obispo,079,281455,686,5,691,1
2020-06-23,San Mateo,081,765935,3307,4,3311,113
2020-06-23,Santa Barbara,083,443738,3143,23,3166,31
2020-06-23,Santa Clara,085,1922200,5092,17,5109,151
2020-06-23,Santa Cruz,087,273765,396,0,396,3
2020-06-23,Shasta,089,179085,159,0,159,5
2020-06-23,Sierra,091,2930,1,0,1,0
2020-06-23,Siskiyou,093,43540,30,0,30,0
2020-06-23,Solano,095,438530,1528,4,1532,22
2020-06-23,Sonoma,097,501317,1210,4,1214,4
2020-06-23,Stanislaus,099,539301,3073,6,3079,45
2020-06-23,Sutter,101,95872,149,0,149,3
2020-06-23,Tehama,103,63373,79,2,81,1
2020-06-23,Trinity,105,12862,16,3,19,0
2020-06-23,Tulare,107,460477,4770,10,4780,119
2020-06-23,Tuolumne,109,53932,28,0,28,0
2020-06-23,Ventura,111,848112,3375,14,3389,46
2020-06-23,Yolo,113,214977,549,0,549,24
2020-06-23,Yuba,115,75493,55,0,55,1
2020-06-22,Alameda,001,1643700,6012,7,6019,131
2020-06-22,Alpine,002,1148,1,0,1,0
2020-06-22,Amador,005,37829,19,0,19,0
2020-06-22,Butte,007,227075,187,14,201,1
2020-06-22,Calaveras,009,45235,38,0,38,0
2020-06-22,Colusa,011,21464,37,0,37,0
2020-06-22,Contra Costa,013,1133247,2976,3,2979,72
2020-06-22,Del Norte,015,27424,48,0,48,0
2020-06-22,El Dorado,017,186661,220,2,222,0
2020-06-22,Fresno,019,978130,7010,68,7078,80
2020-06-22,Glenn,021,27897,111,0,111,0
2020-06-22,Humboldt,023,135768,148,0,148,4
2020-06-22,Imperial,025,180216,7190,4,7194,142
2020-06-22,Inyo,027,18085,29,0,29,1
2020-06-22,Kern,029,883053,6262,18,6280,69
2020-06-22,Kings,031,150075,2396,4,2400,20
2020-06-22,Lake,033,64148,54,0,54,0
2020-06-22,Lassen,035,31185,118,2,120,0
2020-06-22,Los Angeles,037,10098052,99902,39,99941,3435
2020-06-22,Madera,039,155013,702,2,704,5
2020-06-22,Marin,041,260295,324,2,326,15
2020-06-22,Mariposa,043,17540,25,0,25,0
2020-06-22,Mendocino,045,87422,73,0,73,0
2020-06-22,Merced,047,269075,1171,0,1171,9
2020-06-22,Modoc,049,8938,1,0,1,0
2020-06-22,Mono,051,14174,42,0,42,1
2020-06-22,Monterey,053,433212,1719,3,1722,13
2020-06-22,Napa,055,140530,337,0,337,4
2020-06-22,Nevada,057,99092,111,1,112,1
2020-06-22,Orange,059,3164182,17176,146,17322,388
2020-06-22,Placer,061,380077,735,3,738,10
2020-06-22,Plumas,063,18699,7,0,7,0
2020-06-22,Riverside,065,2383286,18590,25,18615,451
2020-06-22,Sacramento,067,1510023,2975,4,2979,73
2020-06-22,San Benito,069,59416,228,0,228,3
2020-06-22,San Bernardino,071,2135413,14280,9,14289,284
2020-06-22,San Diego,073,3302833,14073,2,14075,366
2020-06-22,San Francisco,075,870044,3565,1,3566,52
2020-06-22,San Joaquin,077,732212,3554,3,3557,58
2020-06-22,San Luis Obispo,079,281455,653,5,658,1
2020-06-22,San Mateo,081,765935,3233,3,3236,111
2020-06-22,Santa Barbara,083,443738,3051,23,3074,29
2020-06-22,Santa Clara,085,1922200,4930,17,4947,149
2020-06-22,Santa Cruz,087,273765,383,0,383,3
2020-06-22,Shasta,089,179085,156,0,156,5
2020-06-22,Sierra,091,2930,1,0,1,0
2020-06-22,Siskiyou,093,43540,30,0,30,0
2020-06-22,Solano,095,438530,1450,3,1453,22
2020-06-22,Sonoma,097,501317,1166,2,1168,4
2020-06-22,Stanislaus,099,539301,2888,6,2894,44
2020-06-22,Sutter,101,95872,140,0,140,3
2020-06-22,Tehama,103,63373,75,2,77,1
2020-06-22,Trinity,105,12862,16,3,19,0
2020-06-22,Tulare,107,460477,4633,10,4643,118
2020-06-22,Tuolumne,109,53932,19,0,19,0
2020-06-22,Ventura,111,848112,3227,14,3241,46
2020-06-22,Yolo,113,214977,523,0,523,24
2020-06-22,Yuba,115,75493,50,0,50,1
2020-06-21,Alameda,001,1643700,5818,7,5825,130
2020-06-21,Alpine,002,1148,1,0,1,0
2020-06-21,Amador,005,37829,14,0,14,0
2020-06-21,Butte,007,227075,173,14,187,1
2020-06-21,Calaveras,009,45235,38,0,38,0
2020-06-21,Colusa,011,21464,29,0,29,0
2020-06-21,Contra Costa,013,1133247,2849,3,2852,69
2020-06-21,Del Norte,015,27424,47,0,47,0
2020-06-21,El Dorado,017,186661,211,2,213,0
2020-06-21,Fresno,019,978130,6439,67,6506,79
2020-06-21,Glenn,021,27897,102,0,102,0
2020-06-21,Humboldt,023,135768,143,0,143,4
2020-06-21,Imperial,025,180216,7007,4,7011,139
2020-06-21,Inyo,027,18085,27,0,27,1
2020-06-21,Kern,029,883053,5970,16,5986,68
2020-06-21,Kings,031,150075,2332,4,2336,19
2020-06-21,Lake,033,64148,49,0,49,0
2020-06-21,Lassen,035,31185,25,2,27,0
2020-06-21,Los Angeles,037,10098052,97011,38,97049,3404
2020-06-21,Madera,039,155013,668,2,670,5
2020-06-21,Marin,041,260295,298,2,300,15
2020-06-21,Mariposa,043,17540,22,0,22,0
2020-06-21,Mendocino,045,87422,70,0,70,0
2020-06-21,Merced,047,269075,1075,0,1075,9
2020-06-21,Modoc,049,8938,1,0,1,0
2020-06-21,Mono,051,14174,42,0,42,1
2020-06-21,Monterey,053,433212,1646,3,1649,13
2020-06-21,Napa,055,140530,322,0,322,4
2020-06-21,Nevada,057,99092,108,1,109,1
2020-06-21,Orange,059,3164182,16338,143,16481,374
2020-06-21,Placer,061,380077,695,3,698,10
2020-06-21,Plumas,063,18699,7,0,7,0
2020-06-21,Riverside,065,2383286,17883,24,17907,444
2020-06-21,Sacramento,067,1510023,2774,3,2777,72
2020-06-21,San Benito,069,59416,214,0,214,3
2020-06-21,San Bernardino,071,2135413,13505,8,13513,282
2020-06-21,San Diego,073,3302833,13527,2,13529,363
2020-06-21,San Francisco,075,870044,3459,1,3460,52
2020-06-21,San Joaquin,077,732212,3318,3,3321,55
2020-06-21,San Luis Obispo,079,281455,627,5,632,1
2020-06-21,San Mateo,081,765935,3175,3,3178,111
2020-06-21,Santa Barbara,083,443738,2944,22,2966,28
2020-06-21,Santa Clara,085,1922200,4793,17,4810,149
2020-06-21,Santa Cruz,087,273765,373,0,373,3
2020-06-21,Shasta,089,179085,146,0,146,5
2020-06-21,Sierra,091,2930,1,0,1,0
2020-06-21,Siskiyou,093,43540,30,0,30,0
2020-06-21,Solano,095,438530,1348,3,1351,22
2020-06-21,Sonoma,097,501317,1116,2,1118,4
2020-06-21,Stanislaus,099,539301,2702,6,2708,43
2020-06-21,Sutter,101,95872,132,0,132,3
2020-06-21,Tehama,103,63373,64,2,66,1
2020-06-21,Trinity,105,12862,15,3,18,0
2020-06-21,Tulare,107,460477,4464,10,4474,118
2020-06-21,Tuolumne,109,53932,17,0,17,0
2020-06-21,Ventura,111,848112,3049,14,3063,46
2020-06-21,Yolo,113,214977,491,0,491,24
2020-06-21,Yuba,115,75493,46,0,46,1
2020-06-20,Alameda,001,1643700,5757,7,5764,128
2020-06-20,Alpine,002,1148,1,0,1,0
2020-06-20,Amador,005,37829,14,0,14,0
2020-06-20,Butte,007,227075,166,14,180,1
2020-06-20,Calaveras,009,45235,38,0,38,0
2020-06-20,Colusa,011,21464,26,0,26,0
2020-06-20,Contra Costa,013,1133247,2790,3,2793,66
2020-06-20,Del Norte,015,27424,47,0,47,0
2020-06-20,El Dorado,017,186661,206,2,208,0
2020-06-20,Fresno,019,978130,6314,64,6378,78
2020-06-20,Glenn,021,27897,97,0,97,0
2020-06-20,Humboldt,023,135768,143,0,143,4
2020-06-20,Imperial,025,180216,6927,4,6931,139
2020-06-20,Inyo,027,18085,27,0,27,1
2020-06-20,Kern,029,883053,5805,16,5821,66
2020-06-20,Kings,031,150075,2308,4,2312,18
2020-06-20,Lake,033,64148,49,0,49,0
2020-06-20,Lassen,035,31185,24,2,26,0
2020-06-20,Los Angeles,037,10098052,95437,37,95474,3372
2020-06-20,Madera,039,155013,635,2,637,4
2020-06-20,Marin,041,260295,298,2,300,15
2020-06-20,Mariposa,043,17540,22,0,22,0
2020-06-20,Mendocino,045,87422,69,0,69,0
2020-06-20,Merced,047,269075,1037,0,1037,9
2020-06-20,Modoc,049,8938,1,0,1,0
2020-06-20,Mono,051,14174,42,0,42,1
2020-06-20,Monterey,053,433212,1610,3,1613,13
2020-06-20,Napa,055,140530,313,0,313,4
2020-06-20,Nevada,057,99092,105,1,106,1
2020-06-20,Orange,059,3164182,15987,139,16126,368
2020-06-20,Placer,061,380077,670,3,673,9
2020-06-20,Plumas,063,18699,6,0,6,0
2020-06-20,Riverside,065,2383286,17583,24,17607,439
2020-06-20,Sacramento,067,1510023,2703,3,2706,71
2020-06-20,San Benito,069,59416,210,0,210,3
2020-06-20,San Bernardino,071,2135413,13141,8,13149,279
2020-06-20,San Diego,073,3302833,13204,2,13206,360
2020-06-20,San Francisco,075,870044,3415,1,3416,52
2020-06-20,San Joaquin,077,732212,3236,3,3239,54
2020-06-20,San Luis Obispo,079,281455,613,5,618,1
2020-06-20,San Mateo,081,765935,3127,3,3130,110
2020-06-20,Santa Barbara,083,443738,2887,21,2908,26
2020-06-20,Santa Clara,085,1922200,4719,17,4736,149
2020-06-20,Santa Cruz,087,273765,371,0,371,3
2020-06-20,Shasta,089,179085,140,0,140,5
2020-06-20,Sierra,091,2930,1,0,1,0
2020-06-20,Siskiyou,093,43540,29,0,29,0
2020-06-20,Solano,095,438530,1324,3,1327,22
2020-06-20,Sonoma,097,501317,1080,2,1082,3
2020-06-20,Stanislaus,099,539301,2594,6,2600,43
2020-06-20,Sutter,101,95872,130,0,130,3
2020-06-20,Tehama,103,63373,62,2,64,1
2020-06-20,Trinity,105,12862,15,3,18,0
2020-06-20,Tulare,107,460477,4391,10,4401,114
2020-06-20,Tuolumne,109,53932,14,0,14,0
2020-06-20,Ventura,111,848112,2983,14,2997,44
2020-06-20,Yolo,113,214977,475,0,475,24
2020-06-20,Yuba,115,75493,44,0,44,1
2020-06-19,Alameda,001,1643700,5684,7,5691,126
2020-06-19,Alpine,002,1148,1,0,1,0
2020-06-19,Amador,005,37829,14,0,14,0
2020-06-19,Butte,007,227075,161,14,175,1
2020-06-19,Calaveras,009,45235,37,0,37,0
2020-06-19,Colusa,011,21464,24,0,24,0
2020-06-19,Contra Costa,013,1133247,2710,3,2713,64
2020-06-19,Del Norte,015,27424,47,0,47,0
2020-06-19,El Dorado,017,186661,198,2,200,0
2020-06-19,Fresno,019,978130,6151,63,6214,78
2020-06-19,Glenn,021,27897,91,0,91,0
2020-06-19,Humboldt,023,135768,141,0,141,4
2020-06-19,Imperial,025,180216,6835,4,6839,137
2020-06-19,Inyo,027,18085,27,0,27,1
2020-06-19,Kern,029,883053,5582,15,5597,64
2020-06-19,Kings,031,150075,2287,4,2291,13
2020-06-19,Lake,033,64148,46,0,46,0
2020-06-19,Lassen,035,31185,23,2,25,0
2020-06-19,Los Angeles,037,10098052,93448,36,93484,3332
2020-06-19,Madera,039,155013,616,2,618,4
2020-06-19,Marin,041,260295,298,2,300,15
2020-06-19,Mariposa,043,17540,21,0,21,0
2020-06-19,Mendocino,045,87422,68,0,68,0
2020-06-19,Merced,047,269075,992,0,992,8
2020-06-19,Modoc,049,8938,1,0,1,0
2020-06-19,Mono,051,14174,42,0,42,1
2020-06-19,Monterey,053,433212,1581,3,1584,13
2020-06-19,Napa,055,140530,303,0,303,4
2020-06-19,Nevada,057,99092,102,1,103,1
2020-06-19,Orange,059,3164182,15453,132,15585,362
2020-06-19,Placer,061,380077,652,3,655,9
2020-06-19,Plumas,063,18699,6,0,6,0
2020-06-19,Riverside,065,2383286,17178,24,17202,435
2020-06-19,Sacramento,067,1510023,2620,3,2623,68
2020-06-19,San Benito,069,59416,209,0,209,3
2020-06-19,San Bernardino,071,2135413,12736,7,12743,276
2020-06-19,San Diego,073,3302833,12841,2,12843,358
2020-06-19,San Francisco,075,870044,3360,1,3361,52
2020-06-19,San Joaquin,077,732212,3113,3,3116,53
2020-06-19,San Luis Obispo,079,281455,597,5,602,1
2020-06-19,San Mateo,081,765935,3088,3,3091,109
2020-06-19,Santa Barbara,083,443738,2814,19,2833,26
2020-06-19,Santa Clara,085,1922200,4646,17,4663,148
2020-06-19,Santa Cruz,087,273765,361,0,361,3
2020-06-19,Shasta,089,179085,137,0,137,5
2020-06-19,Sierra,091,2930,1,0,1,0
2020-06-19,Siskiyou,093,43540,29,0,29,0
2020-06-19,Solano,095,438530,1286,3,1289,22
2020-06-19,Sonoma,097,501317,1053,2,1055,3
2020-06-19,Stanislaus,099,539301,2484,6,2490,42
2020-06-19,Sutter,101,95872,129,0,129,3
2020-06-19,Tehama,103,63373,61,2,63,1
2020-06-19,Trinity,105,12862,15,3,18,0
2020-06-19,Tulare,107,460477,4321,10,4331,112
2020-06-19,Tuolumne,109,53932,13,0,13,0
2020-06-19,Ventura,111,848112,2899,14,2913,43
2020-06-19,Yolo,113,214977,456,0,456,24
2020-06-19,Yuba,115,75493,43,0,43,1
2020-06-18,Alameda,001,1643700,5555,7,5562,125
2020-06-18,Alpine,002,1148,1,0,1,0
2020-06-18,Amador,005,37829,13,0,13,0
2020-06-18,Butte,007,227075,156,14,170,1
2020-06-18,Calaveras,009,45235,37,0,37,0
2020-06-18,Colusa,011,21464,20,0,20,0
2020-06-18,Contra Costa,013,1133247,2603,3,2606,58
2020-06-18,Del Norte,015,27424,47,0,47,0
2020-06-18,El Dorado,017,186661,194,2,196,0
2020-06-18,Fresno,019,978130,5885,62,5947,77
2020-06-18,Glenn,021,27897,82,0,82,0
2020-06-18,Humboldt,023,135768,140,0,140,4
2020-06-18,Imperial,025,180216,6685,4,6689,134
2020-06-18,Inyo,027,18085,26,0,26,1
2020-06-18,Kern,029,883053,5364,14,5378,64
2020-06-18,Kings,031,150075,2228,4,2232,12
2020-06-18,Lake,033,64148,45,0,45,0
2020-06-18,Lassen,035,31185,22,2,24,0
2020-06-18,Los Angeles,037,10098052,91178,36,91214,3294
2020-06-18,Madera,039,155013,581,2,583,4
2020-06-18,Marin,041,260295,296,2,298,15
2020-06-18,Mariposa,043,17540,19,0,19,0
2020-06-18,Mendocino,045,87422,64,0,64,0
2020-06-18,Merced,047,269075,941,0,941,8
2020-06-18,Modoc,049,8938,1,0,1,0
2020-06-18,Mono,051,14174,42,0,42,1
2020-06-18,Monterey,053,433212,1513,3,1516,13
2020-06-18,Napa,055,140530,288,0,288,4
2020-06-18,Nevada,057,99092,98,1,99,1
2020-06-18,Orange,059,3164182,14796,113,14909,350
2020-06-18,Placer,061,380077,629,3,632,9
2020-06-18,Plumas,063,18699,6,0,6,0
2020-06-18,Riverside,065,2383286,16561,24,16585,429
2020-06-18,Sacramento,067,1510023,2504,3,2507,68
2020-06-18,San Benito,069,59416,203,0,203,3
2020-06-18,San Bernardino,071,2135413,12096,7,12103,273
2020-06-18,San Diego,073,3302833,12419,2,12421,357
2020-06-18,San Francisco,075,870044,3311,1,3312,52
2020-06-18,San Joaquin,077,732212,2961,3,2964,53
2020-06-18,San Luis Obispo,079,281455,576,5,581,1
2020-06-18,San Mateo,081,765935,3049,3,3052,109
2020-06-18,Santa Barbara,083,443738,2740,19,2759,24
2020-06-18,Santa Clara,085,1922200,4543,17,4560,147
2020-06-18,Santa Cruz,087,273765,344,0,344,3
2020-06-18,Shasta,089,179085,126,0,126,5
2020-06-18,Sierra,091,2930,1,0,1,0
2020-06-18,Siskiyou,093,43540,29,0,29,0
2020-06-18,Solano,095,438530,1248,3,1251,22
2020-06-18,Sonoma,097,501317,1011,2,1013,3
2020-06-18,Stanislaus,099,539301,2351,6,2357,42
2020-06-18,Sutter,101,95872,125,0,125,3
2020-06-18,Tehama,103,63373,56,2,58,1
2020-06-18,Trinity,105,12862,15,3,18,0
2020-06-18,Tulare,107,460477,4198,10,4208,109
2020-06-18,Tuolumne,109,53932,12,0,12,0
2020-06-18,Ventura,111,848112,2773,14,2787,40
2020-06-18,Yolo,113,214977,423,0,423,24
2020-06-18,Yuba,115,75493,42,0,42,1
2020-06-17,Alameda,001,1643700,5432,7,5439,122
2020-06-17,Alpine,002,1148,1,0,1,0
2020-06-17,Amador,005,37829,12,0,12,0
2020-06-17,Butte,007,227075,147,14,161,1
2020-06-17,Calaveras,009,45235,37,0,37,0
2020-06-17,Colusa,011,21464,19,0,19,0
2020-06-17,Contra Costa,013,1133247,2507,3,2510,58
2020-06-17,Del Norte,015,27424,47,0,47,0
2020-06-17,El Dorado,017,186661,187,2,189,0
2020-06-17,Fresno,019,978130,5659,61,5720,77
2020-06-17,Glenn,021,27897,75,0,75,0
2020-06-17,Humboldt,023,135768,138,0,138,4
2020-06-17,Imperial,025,180216,6510,4,6514,130
2020-06-17,Inyo,027,18085,25,0,25,1
2020-06-17,Kern,029,883053,5163,14,5177,62
2020-06-17,Kings,031,150075,2198,4,2202,11
2020-06-17,Lake,033,64148,44,0,44,0
2020-06-17,Lassen,035,31185,18,2,20,0
2020-06-17,Los Angeles,037,10098052,88870,35,88905,3263
2020-06-17,Madera,039,155013,559,2,561,4
2020-06-17,Marin,041,260295,292,2,294,15
2020-06-17,Mariposa,043,17540,18,0,18,0
2020-06-17,Mendocino,045,87422,62,0,62,0
2020-06-17,Merced,047,269075,868,0,868,8
2020-06-17,Modoc,049,8938,1,0,1,0
2020-06-17,Mono,051,14174,42,0,42,1
2020-06-17,Monterey,053,433212,1461,3,1464,13
2020-06-17,Napa,055,140530,273,0,273,4
2020-06-17,Nevada,057,99092,94,1,95,1
2020-06-17,Orange,059,3164182,14185,107,14292,341
2020-06-17,Placer,061,380077,609,3,612,9
2020-06-17,Plumas,063,18699,6,0,6,0
2020-06-17,Riverside,065,2383286,15925,24,15949,425
2020-06-17,Sacramento,067,1510023,2397,3,2400,68
2020-06-17,San Benito,069,59416,198,0,198,3
2020-06-17,San Bernardino,071,2135413,11547,7,11554,272
2020-06-17,San Diego,073,3302833,12040,2,12042,351
2020-06-17,San Francisco,075,870044,3272,1,3273,51
2020-06-17,San Joaquin,077,732212,2788,3,2791,51
2020-06-17,San Luis Obispo,079,281455,557,5,562,1
2020-06-17,San Mateo,081,765935,3002,3,3005,109
2020-06-17,Santa Barbara,083,443738,2668,17,2685,23
2020-06-17,Santa Clara,085,1922200,4450,16,4466,147
2020-06-17,Santa Cruz,087,273765,338,0,338,3
2020-06-17,Shasta,089,179085,124,0,124,5
2020-06-17,Sierra,091,2930,1,0,1,0
2020-06-17,Siskiyou,093,43540,28,0,28,0
2020-06-17,Solano,095,438530,1198,3,1201,22
2020-06-17,Sonoma,097,501317,986,2,988,3
2020-06-17,Stanislaus,099,539301,2227,6,2233,41
2020-06-17,Sutter,101,95872,119,0,119,3
2020-06-17,Tehama,103,63373,41,2,43,1
2020-06-17,Trinity,105,12862,14,3,17,0
2020-06-17,Tulare,107,460477,4088,10,4098,108
2020-06-17,Tuolumne,109,53932,12,0,12,0
2020-06-17,Ventura,111,848112,2673,14,2687,40
2020-06-17,Yolo,113,214977,403,0,403,24
2020-06-17,Yuba,115,75493,41,0,41,1
2020-06-16,Alameda,001,1643700,5314,7,5321,122
2020-06-16,Alpine,002,1148,1,0,1,0
2020-06-16,Amador,005,37829,12,0,12,0
2020-06-16,Butte,007,227075,143,14,157,1
2020-06-16,Calaveras,009,45235,34,0,34,0
2020-06-16,Colusa,011,21464,16,0,16,0
2020-06-16,Contra Costa,013,1133247,2415,2,2417,57
2020-06-16,Del Norte,015,27424,47,0,47,0
2020-06-16,El Dorado,017,186661,181,2,183,0
2020-06-16,Fresno,019,978130,5420,59,5479,76
2020-06-16,Glenn,021,27897,71,0,71,0
2020-06-16,Humboldt,023,135768,135,0,135,4
2020-06-16,Imperial,025,180216,6347,4,6351,125
2020-06-16,Inyo,027,18085,25,0,25,1
2020-06-16,Kern,029,883053,4939,14,4953,61
2020-06-16,Kings,031,150075,2152,4,2156,9
2020-06-16,Lake,033,64148,44,0,44,0
2020-06-16,Lassen,035,31185,15,2,17,0
2020-06-16,Los Angeles,037,10098052,86549,35,86584,3222
2020-06-16,Madera,039,155013,533,2,535,4
2020-06-16,Marin,041,260295,292,2,294,15
2020-06-16,Mariposa,043,17540,18,0,18,0
2020-06-16,Mendocino,045,87422,61,0,61,0
2020-06-16,Merced,047,269075,822,0,822,8
2020-06-16,Modoc,049,8938,1,0,1,0
2020-06-16,Mono,051,14174,42,0,42,1
2020-06-16,Monterey,053,433212,1413,3,1416,13
2020-06-16,Napa,055,140530,258,0,258,4
2020-06-16,Nevada,057,99092,91,1,92,1
2020-06-16,Orange,059,3164182,13600,101,13701,337
2020-06-16,Placer,061,380077,577,3,580,9
2020-06-16,Plumas,063,18699,6,0,6,0
2020-06-16,Riverside,065,2383286,15250,24,15274,421
2020-06-16,Sacramento,067,1510023,2287,3,2290,68
2020-06-16,San Benito,069,59416,190,0,190,3
2020-06-16,San Bernardino,071,2135413,11003,7,11010,269
2020-06-16,San Diego,073,3302833,11678,1,11679,348
2020-06-16,San Francisco,075,870044,3221,1,3222,51
2020-06-16,San Joaquin,077,732212,2635,3,2638,50
2020-06-16,San Luis Obispo,079,281455,533,5,538,1
2020-06-16,San Mateo,081,765935,2948,3,2951,108
2020-06-16,Santa Barbara,083,443738,2601,17,2618,23
2020-06-16,Santa Clara,085,1922200,4339,15,4354,147
2020-06-16,Santa Cruz,087,273765,322,0,322,3
2020-06-16,Shasta,089,179085,115,0,115,5
2020-06-16,Sierra,091,2930,1,0,1,0
2020-06-16,Siskiyou,093,43540,27,0,27,0
2020-06-16,Solano,095,438530,1108,3,1111,22
2020-06-16,Sonoma,097,501317,954,2,956,3
2020-06-16,Stanislaus,099,539301,2073,6,2079,40
2020-06-16,Sutter,101,95872,112,0,112,3
2020-06-16,Tehama,103,63373,37,2,39,1
2020-06-16,Trinity,105,12862,14,3,17,0
2020-06-16,Tulare,107,460477,3970,10,3980,107
2020-06-16,Tuolumne,109,53932,12,0,12,0
2020-06-16,Ventura,111,848112,2573,14,2587,40
2020-06-16,Yolo,113,214977,380,0,380,24
2020-06-16,Yuba,115,75493,39,0,39,1
2020-06-15,Alameda,001,1643700,5187,7,5194,120
2020-06-15,Alpine,002,1148,1,0,1,0
2020-06-15,Amador,005,37829,12,0,12,0
2020-06-15,Butte,007,227075,135,13,148,1
2020-06-15,Calaveras,009,45235,34,0,34,0
2020-06-15,Colusa,011,21464,14,0,14,0
2020-06-15,Contra Costa,013,1133247,2339,2,2341,54
2020-06-15,Del Norte,015,27424,47,0,47,0
2020-06-15,El Dorado,017,186661,171,2,173,0
2020-06-15,Fresno,019,978130,5205,58,5263,74
2020-06-15,Glenn,021,27897,66,0,66,0
2020-06-15,Humboldt,023,135768,133,0,133,4
2020-06-15,Imperial,025,180216,6173,4,6177,117
2020-06-15,Inyo,027,18085,25,0,25,1
2020-06-15,Kern,029,883053,4716,14,4730,60
2020-06-15,Kings,031,150075,2076,4,2080,9
2020-06-15,Lake,033,64148,44,0,44,0
2020-06-15,Lassen,035,31185,15,2,17,0
2020-06-15,Los Angeles,037,10098052,84362,35,84397,3197
2020-06-15,Madera,039,155013,511,2,513,4
2020-06-15,Marin,041,260295,286,2,288,15
2020-06-15,Mariposa,043,17540,18,0,18,0
2020-06-15,Mendocino,045,87422,52,0,52,0
2020-06-15,Merced,047,269075,775,0,775,8
2020-06-15,Modoc,049,8938,1,0,1,0
2020-06-15,Mono,051,14174,42,0,42,1
2020-06-15,Monterey,053,433212,1347,3,1350,13
2020-06-15,Napa,055,140530,250,0,250,3
2020-06-15,Nevada,057,99092,85,1,86,1
2020-06-15,Orange,059,3164182,13032,93,13125,332
2020-06-15,Placer,061,380077,555,3,558,9
2020-06-15,Plumas,063,18699,6,0,6,0
2020-06-15,Riverside,065,2383286,14631,23,14654,415
2020-06-15,Sacramento,067,1510023,2171,3,2174,68
2020-06-15,San Benito,069,59416,184,0,184,3
2020-06-15,San Bernardino,071,2135413,10500,7,10507,269
2020-06-15,San Diego,073,3302833,11338,1,11339,346
2020-06-15,San Francisco,075,870044,3177,1,3178,51
2020-06-15,San Joaquin,077,732212,2499,3,2502,50
2020-06-15,San Luis Obispo,079,281455,518,5,523,1
2020-06-15,San Mateo,081,765935,2901,3,2904,108
2020-06-15,Santa Barbara,083,443738,2533,17,2550,22
2020-06-15,Santa Clara,085,1922200,4239,15,4254,147
2020-06-15,Santa Cruz,087,273765,311,0,311,3
2020-06-15,Shasta,089,179085,109,0,109,5
2020-06-15,Sierra,091,2930,1,0,1,0
2020-06-15,Siskiyou,093,43540,26,0,26,0
2020-06-15,Solano,095,438530,1048,3,1051,22
2020-06-15,Sonoma,097,501317,925,2,927,3
2020-06-15,Stanislaus,099,539301,1956,6,1962,40
2020-06-15,Sutter,101,95872,102,0,102,3
2020-06-15,Tehama,103,63373,37,2,39,1
2020-06-15,Trinity,105,12862,13,3,16,0
2020-06-15,Tulare,107,460477,3856,10,3866,104
2020-06-15,Tuolumne,109,53932,11,0,11,0
2020-06-15,Ventura,111,848112,2492,14,2506,39
2020-06-15,Yolo,113,214977,360,0,360,24
2020-06-15,Yuba,115,75493,39,0,39,1
2020-06-14,Alameda,001,1643700,5040,7,5047,117
2020-06-14,Alpine,002,1148,1,0,1,0
2020-06-14,Amador,005,37829,12,0,12,0
2020-06-14,Butte,007,227075,127,13,140,1
2020-06-14,Calaveras,009,45235,33,0,33,0
2020-06-14,Colusa,011,21464,13,0,13,0
2020-06-14,Contra Costa,013,1133247,2271,2,2273,54
2020-06-14,Del Norte,015,27424,47,0,47,0
2020-06-14,El Dorado,017,186661,167,2,169,0
2020-06-14,Fresno,019,978130,5020,57,5077,72
2020-06-14,Glenn,021,27897,51,0,51,0
2020-06-14,Humboldt,023,135768,129,0,129,4
2020-06-14,Imperial,025,180216,5942,4,5946,114
2020-06-14,Inyo,027,18085,24,0,24,1
2020-06-14,Kern,029,883053,4505,14,4519,58
2020-06-14,Kings,031,150075,2025,3,2028,8
2020-06-14,Lake,033,64148,41,0,41,0
2020-06-14,Lassen,035,31185,15,2,17,0
2020-06-14,Los Angeles,037,10098052,82043,33,82076,3163
2020-06-14,Madera,039,155013,492,2,494,4
2020-06-14,Marin,041,260295,274,2,276,14
2020-06-14,Mariposa,043,17540,18,0,18,0
2020-06-14,Mendocino,045,87422,49,0,49,0
2020-06-14,Merced,047,269075,723,0,723,8
2020-06-14,Modoc,049,8938,1,0,1,0
2020-06-14,Mono,051,14174,42,0,42,1
2020-06-14,Monterey,053,433212,1286,3,1289,13
2020-06-14,Napa,055,140530,228,0,228,3
2020-06-14,Nevada,057,99092,81,1,82,1
2020-06-14,Orange,059,3164182,12601,89,12690,325
2020-06-14,Placer,061,380077,529,3,532,9
2020-06-14,Plumas,063,18699,5,0,5,0
2020-06-14,Riverside,065,2383286,14188,23,14211,412
2020-06-14,Sacramento,067,1510023,2084,3,2087,68
2020-06-14,San Benito,069,59416,173,0,173,3
2020-06-14,San Bernardino,071,2135413,9961,7,9968,266
2020-06-14,San Diego,073,3302833,10963,1,10964,344
2020-06-14,San Francisco,075,870044,3137,1,3138,51
2020-06-14,San Joaquin,077,732212,2348,3,2351,49
2020-06-14,San Luis Obispo,079,281455,503,5,508,1
2020-06-14,San Mateo,081,765935,2843,3,2846,105
2020-06-14,Santa Barbara,083,443738,2456,17,2473,21
2020-06-14,Santa Clara,085,1922200,4144,15,4159,147
2020-06-14,Santa Cruz,087,273765,297,0,297,2
2020-06-14,Shasta,089,179085,103,0,103,5
2020-06-14,Sierra,091,2930,1,0,1,0
2020-06-14,Siskiyou,093,43540,25,0,25,0
2020-06-14,Solano,095,438530,999,3,1002,22
2020-06-14,Sonoma,097,501317,897,2,899,3
2020-06-14,Stanislaus,099,539301,1807,6,1813,40
2020-06-14,Sutter,101,95872,97,0,97,3
2020-06-14,Tehama,103,63373,34,2,36,1
2020-06-14,Trinity,105,12862,13,3,16,0
2020-06-14,Tulare,107,460477,3722,10,3732,103
2020-06-14,Tuolumne,109,53932,11,0,11,0
2020-06-14,Ventura,111,848112,2393,13,2406,39
2020-06-14,Yolo,113,214977,344,0,344,24
2020-06-14,Yuba,115,75493,38,0,38,1
2020-06-13,Alameda,001,1643700,4976,7,4983,117
2020-06-13,Alpine,002,1148,1,0,1,0
2020-06-13,Amador,005,37829,11,0,11,0
2020-06-13,Butte,007,227075,118,13,131,1
2020-06-13,Calaveras,009,45235,31,0,31,0
2020-06-13,Colusa,011,21464,12,0,12,0
2020-06-13,Contra Costa,013,1133247,2235,2,2237,53
2020-06-13,Del Norte,015,27424,47,0,47,0
2020-06-13,El Dorado,017,186661,163,2,165,0
2020-06-13,Fresno,019,978130,4922,57,4979,69
2020-06-13,Glenn,021,27897,49,0,49,0
2020-06-13,Humboldt,023,135768,128,0,128,4
2020-06-13,Imperial,025,180216,5869,4,5873,111
2020-06-13,Inyo,027,18085,24,0,24,1
2020-06-13,Kern,029,883053,4396,14,4410,58
2020-06-13,Kings,031,150075,2005,3,2008,6
2020-06-13,Lake,033,64148,40,0,40,0
2020-06-13,Lassen,035,31185,15,2,17,0
2020-06-13,Los Angeles,037,10098052,81002,33,81035,3133
2020-06-13,Madera,039,155013,488,2,490,4
2020-06-13,Marin,041,260295,267,2,269,14
2020-06-13,Mariposa,043,17540,18,0,18,0
2020-06-13,Mendocino,045,87422,49,0,49,0
2020-06-13,Merced,047,269075,704,0,704,7
2020-06-13,Modoc,049,8938,1,0,1,0
2020-06-13,Mono,051,14174,42,0,42,1
2020-06-13,Monterey,053,433212,1248,3,1251,13
2020-06-13,Napa,055,140530,225,0,225,3
2020-06-13,Nevada,057,99092,79,1,80,1
2020-06-13,Orange,059,3164182,12356,86,12442,319
2020-06-13,Placer,061,380077,512,3,515,9
2020-06-13,Plumas,063,18699,5,0,5,0
2020-06-13,Riverside,065,2383286,13909,23,13932,403
2020-06-13,Sacramento,067,1510023,2029,3,2032,67
2020-06-13,San Benito,069,59416,166,0,166,3
2020-06-13,San Bernardino,071,2135413,9738,7,9745,262
2020-06-13,San Diego,073,3302833,10791,1,10792,342
2020-06-13,San Francisco,075,870044,3117,1,3118,51
2020-06-13,San Joaquin,077,732212,2267,3,2270,49
2020-06-13,San Luis Obispo,079,281455,492,5,497,1
2020-06-13,San Mateo,081,765935,2820,3,2823,105
2020-06-13,Santa Barbara,083,443738,2398,17,2415,21
2020-06-13,Santa Clara,085,1922200,4101,15,4116,147
2020-06-13,Santa Cruz,087,273765,291,0,291,2
2020-06-13,Shasta,089,179085,101,0,101,5
2020-06-13,Sierra,091,2930,1,0,1,0
2020-06-13,Siskiyou,093,43540,25,0,25,0
2020-06-13,Solano,095,438530,971,3,974,22
2020-06-13,Sonoma,097,501317,882,2,884,3
2020-06-13,Stanislaus,099,539301,1750,6,1756,39
2020-06-13,Sutter,101,95872,96,0,96,2
2020-06-13,Tehama,103,63373,33,2,35,1
2020-06-13,Trinity,105,12862,13,3,16,0
2020-06-13,Tulare,107,460477,3690,10,3700,102
2020-06-13,Tuolumne,109,53932,10,0,10,0
2020-06-13,Ventura,111,848112,2347,13,2360,39
2020-06-13,Yolo,113,214977,324,0,324,24
2020-06-13,Yuba,115,75493,38,0,38,1
2020-06-12,Alameda,001,1643700,4903,7,4910,117
2020-06-12,Alpine,002,1148,1,0,1,0
2020-06-12,Amador,005,37829,11,0,11,0
2020-06-12,Butte,007,227075,114,12,126,1
2020-06-12,Calaveras,009,45235,28,0,28,0
2020-06-12,Colusa,011,21464,12,0,12,0
2020-06-12,Contra Costa,013,1133247,2198,2,2200,52
2020-06-12,Del Norte,015,27424,47,0,47,0
2020-06-12,El Dorado,017,186661,163,2,165,0
2020-06-12,Fresno,019,978130,4786,57,4843,67
2020-06-12,Glenn,021,27897,46,0,46,0
2020-06-12,Humboldt,023,135768,126,0,126,4
2020-06-12,Imperial,025,180216,5785,4,5789,104
2020-06-12,Inyo,027,18085,24,0,24,1
2020-06-12,Kern,029,883053,4279,14,4293,56
2020-06-12,Kings,031,150075,1992,3,1995,6
2020-06-12,Lake,033,64148,39,0,39,0
2020-06-12,Lassen,035,31185,15,2,17,0
2020-06-12,Los Angeles,037,10098052,79596,33,79629,3101
2020-06-12,Madera,039,155013,463,2,465,3
2020-06-12,Marin,041,260295,267,2,269,14
2020-06-12,Mariposa,043,17540,18,0,18,0
2020-06-12,Mendocino,045,87422,49,0,49,0
2020-06-12,Merced,047,269075,671,0,671,7
2020-06-12,Modoc,049,8938,1,0,1,0
2020-06-12,Mono,051,14174,39,0,39,1
2020-06-12,Monterey,053,433212,1207,2,1209,12
2020-06-12,Napa,055,140530,222,0,222,3
2020-06-12,Nevada,057,99092,73,1,74,1
2020-06-12,Orange,059,3164182,12050,85,12135,313
2020-06-12,Placer,061,380077,495,3,498,9
2020-06-12,Plumas,063,18699,5,0,5,0
2020-06-12,Riverside,065,2383286,13572,23,13595,395
2020-06-12,Sacramento,067,1510023,1974,3,1977,67
2020-06-12,San Benito,069,59416,159,0,159,3
2020-06-12,San Bernardino,071,2135413,9469,7,9476,258
2020-06-12,San Diego,073,3302833,10621,1,10622,338
2020-06-12,San Francisco,075,870044,3083,1,3084,50
2020-06-12,San Joaquin,077,732212,2187,3,2190,47
2020-06-12,San Luis Obispo,079,281455,476,5,481,1
2020-06-12,San Mateo,081,765935,2785,3,2788,105
2020-06-12,Santa Barbara,083,443738,2344,17,2361,20
2020-06-12,Santa Clara,085,1922200,4057,15,4072,147
2020-06-12,Santa Cruz,087,273765,283,0,283,2
2020-06-12,Shasta,089,179085,94,0,94,5
2020-06-12,Sierra,091,2930,1,0,1,0
2020-06-12,Siskiyou,093,43540,25,0,25,0
2020-06-12,Solano,095,438530,957,3,960,22
2020-06-12,Sonoma,097,501317,863,2,865,3
2020-06-12,Stanislaus,099,539301,1691,6,1697,39
2020-06-12,Sutter,101,95872,95,0,95,2
2020-06-12,Tehama,103,63373,32,2,34,1
2020-06-12,Trinity,105,12862,13,3,16,0
2020-06-12,Tulare,107,460477,3636,10,3646,100
2020-06-12,Tuolumne,109,53932,10,0,10,0
2020-06-12,Ventura,111,848112,2295,13,2308,39
2020-06-12,Yolo,113,214977,312,0,312,24
2020-06-12,Yuba,115,75493,36,0,36,1
2020-06-11,Alameda,001,1643700,4774,6,4780,116
2020-06-11,Alpine,002,1148,1,0,1,0
2020-06-11,Amador,005,37829,10,0,10,0
2020-06-11,Butte,007,227075,108,12,120,1
2020-06-11,Calaveras,009,45235,27,0,27,0
2020-06-11,Colusa,011,21464,12,0,12,0
2020-06-11,Contra Costa,013,1133247,2145,2,2147,52
2020-06-11,Del Norte,015,27424,47,0,47,0
2020-06-11,El Dorado,017,186661,155,2,157,0
2020-06-11,Fresno,019,978130,4634,57,4691,66
2020-06-11,Glenn,021,27897,42,0,42,0
2020-06-11,Humboldt,023,135768,122,0,122,4
2020-06-11,Imperial,025,180216,5627,4,5631,100
2020-06-11,Inyo,027,18085,22,0,22,1
2020-06-11,Kern,029,883053,4127,12,4139,55
2020-06-11,Kings,031,150075,1959,3,1962,6
2020-06-11,Lake,033,64148,39,0,39,0
2020-06-11,Lassen,035,31185,15,2,17,0
2020-06-11,Los Angeles,037,10098052,77930,32,77962,3068
2020-06-11,Madera,039,155013,445,2,447,3
2020-06-11,Marin,041,260295,262,2,264,14
2020-06-11,Mariposa,043,17540,18,0,18,0
2020-06-11,Mendocino,045,87422,40,0,40,0
2020-06-11,Merced,047,269075,631,0,631,7
2020-06-11,Modoc,049,8938,1,0,1,0
2020-06-11,Mono,051,14174,39,0,39,1
2020-06-11,Monterey,053,433212,1160,2,1162,12
2020-06-11,Napa,055,140530,213,0,213,3
2020-06-11,Nevada,057,99092,67,1,68,1
2020-06-11,Orange,059,3164182,11741,84,11825,304
2020-06-11,Placer,061,380077,476,3,479,9
2020-06-11,Plumas,063,18699,5,0,5,0
2020-06-11,Riverside,065,2383286,13219,23,13242,391
2020-06-11,Sacramento,067,1510023,1926,3,1929,66
2020-06-11,San Benito,069,59416,153,0,153,3
2020-06-11,San Bernardino,071,2135413,9172,7,9179,256
2020-06-11,San Diego,073,3302833,10391,0,10391,335
2020-06-11,San Francisco,075,870044,3054,1,3055,49
2020-06-11,San Joaquin,077,732212,2075,3,2078,47
2020-06-11,San Luis Obispo,079,281455,462,5,467,1
2020-06-11,San Mateo,081,765935,2747,3,2750,103
2020-06-11,Santa Barbara,083,443738,2283,17,2300,17
2020-06-11,Santa Clara,085,1922200,3990,15,4005,146
2020-06-11,Santa Cruz,087,273765,279,0,279,2
2020-06-11,Shasta,089,179085,87,0,87,5
2020-06-11,Sierra,091,2930,1,0,1,0
2020-06-11,Siskiyou,093,43540,25,0,25,0
2020-06-11,Solano,095,438530,931,3,934,22
2020-06-11,Sonoma,097,501317,841,2,843,3
2020-06-11,Stanislaus,099,539301,1600,6,1606,39
2020-06-11,Sutter,101,95872,92,0,92,2
2020-06-11,Tehama,103,63373,27,2,29,1
2020-06-11,Trinity,105,12862,11,3,14,0
2020-06-11,Tulare,107,460477,3537,10,3547,97
2020-06-11,Tuolumne,109,53932,10,0,10,0
2020-06-11,Ventura,111,848112,2218,12,2230,39
2020-06-11,Yolo,113,214977,304,0,304,24
2020-06-11,Yuba,115,75493,36,0,36,1
2020-06-10,Alameda,001,1643700,4674,6,4680,115
2020-06-10,Alpine,002,1148,1,0,1,0
2020-06-10,Amador,005,37829,10,0,10,0
2020-06-10,Butte,007,227075,104,12,116,1
2020-06-10,Calaveras,009,45235,27,0,27,0
2020-06-10,Colusa,011,21464,11,0,11,0
2020-06-10,Contra Costa,013,1133247,2101,2,2103,52
2020-06-10,Del Norte,015,27424,47,0,47,0
2020-06-10,El Dorado,017,186661,152,2,154,0
2020-06-10,Fresno,019,978130,4459,57,4516,65
2020-06-10,Glenn,021,27897,39,0,39,0
2020-06-10,Humboldt,023,135768,118,0,118,4
2020-06-10,Imperial,025,180216,5480,4,5484,97
2020-06-10,Inyo,027,18085,22,0,22,1
2020-06-10,Kern,029,883053,4002,11,4013,54
2020-06-10,Kings,031,150075,1913,2,1915,6
2020-06-10,Lake,033,64148,39,0,39,0
2020-06-10,Lassen,035,31185,15,2,17,0
2020-06-10,Los Angeles,037,10098052,76415,32,76447,3041
2020-06-10,Madera,039,155013,431,1,432,3
2020-06-10,Marin,041,260295,256,2,258,14
2020-06-10,Mariposa,043,17540,17,0,17,0
2020-06-10,Mendocino,045,87422,39,0,39,0
2020-06-10,Merced,047,269075,606,0,606,7
2020-06-10,Modoc,049,8938,1,0,1,0
2020-06-10,Mono,051,14174,39,0,39,1
2020-06-10,Monterey,053,433212,1106,2,1108,12
2020-06-10,Napa,055,140530,210,0,210,3
2020-06-10,Nevada,057,99092,65,1,66,1
2020-06-10,Orange,059,3164182,11464,80,11544,298
2020-06-10,Placer,061,380077,451,3,454,9
2020-06-10,Plumas,063,18699,5,0,5,0
2020-06-10,Riverside,065,2383286,12896,23,12919,384
2020-06-10,Sacramento,067,1510023,1887,2,1889,66
2020-06-10,San Benito,069,59416,144,0,144,3
2020-06-10,San Bernardino,071,2135413,8879,7,8886,252
2020-06-10,San Diego,073,3302833,10227,0,10227,330
2020-06-10,San Francisco,075,870044,3029,1,3030,49
2020-06-10,San Joaquin,077,732212,1946,3,1949,47
2020-06-10,San Luis Obispo,079,281455,442,5,447,1
2020-06-10,San Mateo,081,765935,2707,3,2710,102
2020-06-10,Santa Barbara,083,443738,2227,17,2244,16
2020-06-10,Santa Clara,085,1922200,3939,15,3954,146
2020-06-10,Santa Cruz,087,273765,275,0,275,2
2020-06-10,Shasta,089,179085,82,0,82,5
2020-06-10,Sierra,091,2930,1,0,1,0
2020-06-10,Siskiyou,093,43540,25,0,25,0
2020-06-10,Solano,095,438530,894,3,897,22
2020-06-10,Sonoma,097,501317,823,2,825,3
2020-06-10,Stanislaus,099,539301,1510,6,1516,38
2020-06-10,Sutter,101,95872,91,0,91,2
2020-06-10,Tehama,103,63373,25,2,27,1
2020-06-10,Trinity,105,12862,11,3,14,0
2020-06-10,Tulare,107,460477,3444,10,3454,95
2020-06-10,Tuolumne,109,53932,10,0,10,0
2020-06-10,Ventura,111,848112,2172,11,2183,39
2020-06-10,Yolo,113,214977,296,0,296,24
2020-06-10,Yuba,115,75493,35,0,35,1
2020-06-09,Alameda,001,1643700,4563,6,4569,113
2020-06-09,Alpine,002,1148,1,0,1,0
2020-06-09,Amador,005,37829,10,0,10,0
2020-06-09,Butte,007,227075,103,11,114,1
2020-06-09,Calaveras,009,45235,27,0,27,0
2020-06-09,Colusa,011,21464,10,0,10,0
2020-06-09,Contra Costa,013,1133247,2060,2,2062,51
2020-06-09,Del Norte,015,27424,47,0,47,0
2020-06-09,El Dorado,017,186661,142,2,144,0
2020-06-09,Fresno,019,978130,4308,57,4365,63
2020-06-09,Glenn,021,27897,38,0,38,0
2020-06-09,Humboldt,023,135768,116,0,116,4
2020-06-09,Imperial,025,180216,5331,4,5335,90
2020-06-09,Inyo,027,18085,22,0,22,1
2020-06-09,Kern,029,883053,3874,11,3885,53
2020-06-09,Kings,031,150075,1881,2,1883,6
2020-06-09,Lake,033,64148,39,0,39,0
2020-06-09,Lassen,035,31185,15,2,17,0
2020-06-09,Los Angeles,037,10098052,74758,32,74790,3014
2020-06-09,Madera,039,155013,416,1,417,3
2020-06-09,Marin,041,260295,252,2,254,14
2020-06-09,Mariposa,043,17540,17,0,17,0
2020-06-09,Mendocino,045,87422,35,0,35,0
2020-06-09,Merced,047,269075,574,0,574,7
2020-06-09,Modoc,049,8938,1,0,1,0
2020-06-09,Mono,051,14174,39,0,39,1
2020-06-09,Monterey,053,433212,1065,2,1067,12
2020-06-09,Napa,055,140530,200,0,200,3
2020-06-09,Nevada,057,99092,57,1,58,1
2020-06-09,Orange,059,3164182,11220,78,11298,291
2020-06-09,Placer,061,380077,438,3,441,9
2020-06-09,Plumas,063,18699,5,0,5,0
2020-06-09,Riverside,065,2383286,12518,23,12541,381
2020-06-09,Sacramento,067,1510023,1832,2,1834,66
2020-06-09,San Benito,069,59416,138,0,138,3
2020-06-09,San Bernardino,071,2135413,8556,6,8562,249
2020-06-09,San Diego,073,3302833,10042,0,10042,327
2020-06-09,San Francisco,075,870044,3004,1,3005,49
2020-06-09,San Joaquin,077,732212,1840,3,1843,45
2020-06-09,San Luis Obispo,079,281455,429,4,433,1
2020-06-09,San Mateo,081,765935,2676,3,2679,102
2020-06-09,Santa Barbara,083,443738,2171,17,2188,16
2020-06-09,Santa Clara,085,1922200,3871,14,3885,145
2020-06-09,Santa Cruz,087,273765,269,0,269,2
2020-06-09,Shasta,089,179085,78,0,78,5
2020-06-09,Sierra,091,2930,1,0,1,0
2020-06-09,Siskiyou,093,43540,20,0,20,0
2020-06-09,Solano,095,438530,859,3,862,22
2020-06-09,Sonoma,097,501317,800,2,802,3
2020-06-09,Stanislaus,099,539301,1409,6,1415,37
2020-06-09,Sutter,101,95872,88,0,88,2
2020-06-09,Tehama,103,63373,25,2,27,1
2020-06-09,Trinity,105,12862,10,3,13,0
2020-06-09,Tulare,107,460477,3378,10,3388,95
2020-06-09,Tuolumne,109,53932,10,0,10,0
2020-06-09,Ventura,111,848112,2106,11,2117,37
2020-06-09,Yolo,113,214977,285,0,285,24
2020-06-09,Yuba,115,75493,34,0,34,1
2020-06-08,Alameda,001,1643700,4482,6,4488,111
2020-06-08,Alpine,002,1148,1,0,1,0
2020-06-08,Amador,005,37829,10,0,10,0
2020-06-08,Butte,007,227075,99,11,110,1
2020-06-08,Calaveras,009,45235,27,0,27,0
2020-06-08,Colusa,011,21464,9,0,9,0
2020-06-08,Contra Costa,013,1133247,2017,2,2019,50
2020-06-08,Del Norte,015,27424,47,0,47,0
2020-06-08,El Dorado,017,186661,138,1,139,0
2020-06-08,Fresno,019,978130,4185,56,4241,61
2020-06-08,Glenn,021,27897,36,0,36,0
2020-06-08,Humboldt,023,135768,116,0,116,4
2020-06-08,Imperial,025,180216,5179,4,5183,88
2020-06-08,Inyo,027,18085,22,0,22,1
2020-06-08,Kern,029,883053,3743,10,3753,53
2020-06-08,Kings,031,150075,1805,2,1807,6
2020-06-08,Lake,033,64148,39,0,39,0
2020-06-08,Lassen,035,31185,15,2,17,0
2020-06-08,Los Angeles,037,10098052,73298,32,73330,2972
2020-06-08,Madera,039,155013,386,1,387,3
2020-06-08,Marin,041,260295,234,2,236,14
2020-06-08,Mariposa,043,17540,16,0,16,0
2020-06-08,Mendocino,045,87422,33,0,33,0
2020-06-08,Merced,047,269075,540,0,540,7
2020-06-08,Modoc,049,8938,1,0,1,0
2020-06-08,Mono,051,14174,39,0,39,1
2020-06-08,Monterey,053,433212,1014,2,1016,12
2020-06-08,Napa,055,140530,184,0,184,3
2020-06-08,Nevada,057,99092,56,1,57,1
2020-06-08,Orange,059,3164182,10968,76,11044,281
2020-06-08,Placer,061,380077,421,3,424,9
2020-06-08,Plumas,063,18699,5,0,5,0
2020-06-08,Riverside,065,2383286,12148,23,12171,376
2020-06-08,Sacramento,067,1510023,1782,2,1784,66
2020-06-08,San Benito,069,59416,131,0,131,3
2020-06-08,San Bernardino,071,2135413,8237,6,8243,244
2020-06-08,San Diego,073,3302833,9885,0,9885,324
2020-06-08,San Francisco,075,870044,2977,1,2978,49
2020-06-08,San Joaquin,077,732212,1733,3,1736,45
2020-06-08,San Luis Obispo,079,281455,423,4,427,1
2020-06-08,San Mateo,081,765935,2645,2,2647,102
2020-06-08,Santa Barbara,083,443738,2116,15,2131,16
2020-06-08,Santa Clara,085,1922200,3825,14,3839,144
2020-06-08,Santa Cruz,087,273765,268,0,268,2
2020-06-08,Shasta,089,179085,74,0,74,5
2020-06-08,Sierra,091,2930,1,0,1,0
2020-06-08,Siskiyou,093,43540,20,0,20,0
2020-06-08,Solano,095,438530,832,3,835,22
2020-06-08,Sonoma,097,501317,784,2,786,3
2020-06-08,Stanislaus,099,539301,1326,6,1332,36
2020-06-08,Sutter,101,95872,81,0,81,2
2020-06-08,Tehama,103,63373,19,2,21,1
2020-06-08,Trinity,105,12862,10,3,13,0
2020-06-08,Tulare,107,460477,3295,10,3305,94
2020-06-08,Tuolumne,109,53932,9,0,9,0
2020-06-08,Ventura,111,848112,2048,11,2059,36
2020-06-08,Yolo,113,214977,274,0,274,24
2020-06-08,Yuba,115,75493,32,0,32,1
2020-06-07,Alameda,001,1643700,4369,6,4375,110
2020-06-07,Alpine,002,1148,1,0,1,0
2020-06-07,Amador,005,37829,10,0,10,0
2020-06-07,Butte,007,227075,97,9,106,1
2020-06-07,Calaveras,009,45235,25,0,25,0
2020-06-07,Colusa,011,21464,9,0,9,0
2020-06-07,Contra Costa,013,1133247,1966,1,1967,48
2020-06-07,Del Norte,015,27424,45,0,45,0
2020-06-07,El Dorado,017,186661,138,1,139,0
2020-06-07,Fresno,019,978130,4056,56,4112,59
2020-06-07,Glenn,021,27897,29,0,29,0
2020-06-07,Humboldt,023,135768,116,0,116,4
2020-06-07,Imperial,025,180216,5030,4,5034,84
2020-06-07,Inyo,027,18085,22,0,22,1
2020-06-07,Kern,029,883053,3612,10,3622,52
2020-06-07,Kings,031,150075,1756,2,1758,6
2020-06-07,Lake,033,64148,36,0,36,0
2020-06-07,Lassen,035,31185,14,2,16,0
2020-06-07,Los Angeles,037,10098052,71587,32,71619,2933
2020-06-07,Madera,039,155013,369,1,370,3
2020-06-07,Marin,041,260295,231,2,233,14
2020-06-07,Mariposa,043,17540,16,0,16,0
2020-06-07,Mendocino,045,87422,33,0,33,0
2020-06-07,Merced,047,269075,510,0,510,7
2020-06-07,Modoc,049,8938,1,0,1,0
2020-06-07,Mono,051,14174,39,0,39,1
2020-06-07,Monterey,053,433212,968,2,970,12
2020-06-07,Napa,055,140530,176,0,176,3
2020-06-07,Nevada,057,99092,55,1,56,1
2020-06-07,Orange,059,3164182,10709,74,10783,270
2020-06-07,Placer,061,380077,400,2,402,9
2020-06-07,Plumas,063,18699,5,0,5,0
2020-06-07,Riverside,065,2383286,11852,23,11875,371
2020-06-07,Sacramento,067,1510023,1734,2,1736,65
2020-06-07,San Benito,069,59416,128,0,128,3
2020-06-07,San Bernardino,071,2135413,7951,6,7957,241
2020-06-07,San Diego,073,3302833,9706,0,9706,321
2020-06-07,San Francisco,075,870044,2933,0,2933,49
2020-06-07,San Joaquin,077,732212,1632,3,1635,43
2020-06-07,San Luis Obispo,079,281455,413,4,417,1
2020-06-07,San Mateo,081,765935,2618,2,2620,101
2020-06-07,Santa Barbara,083,443738,2061,15,2076,16
2020-06-07,Santa Clara,085,1922200,3773,14,3787,144
2020-06-07,Santa Cruz,087,273765,260,0,260,2
2020-06-07,Shasta,089,179085,73,0,73,5
2020-06-07,Sierra,091,2930,1,0,1,0
2020-06-07,Siskiyou,093,43540,20,0,20,0
2020-06-07,Solano,095,438530,809,3,812,22
2020-06-07,Sonoma,097,501317,753,2,755,3
2020-06-07,Stanislaus,099,539301,1246,5,1251,35
2020-06-07,Sutter,101,95872,73,0,73,2
2020-06-07,Tehama,103,63373,16,2,18,1
2020-06-07,Trinity,105,12862,8,3,11,0
2020-06-07,Tulare,107,460477,3173,10,3183,93
2020-06-07,Tuolumne,109,53932,9,0,9,0
2020-06-07,Ventura,111,848112,1982,11,1993,33
2020-06-07,Yolo,113,214977,264,0,264,24
2020-06-07,Yuba,115,75493,32,0,32,1
2020-06-06,Alameda,001,1643700,4324,6,4330,109
2020-06-06,Alpine,002,1148,1,0,1,0
2020-06-06,Amador,005,37829,10,0,10,0
2020-06-06,Butte,007,227075,96,9,105,1
2020-06-06,Calaveras,009,45235,23,0,23,0
2020-06-06,Colusa,011,21464,9,0,9,0
2020-06-06,Contra Costa,013,1133247,1945,1,1946,47
2020-06-06,Del Norte,015,27424,45,0,45,0
2020-06-06,El Dorado,017,186661,133,1,134,0
2020-06-06,Fresno,019,978130,4000,56,4056,57
2020-06-06,Glenn,021,27897,27,0,27,0
2020-06-06,Humboldt,023,135768,116,0,116,4
2020-06-06,Imperial,025,180216,4955,4,4959,82
2020-06-06,Inyo,027,18085,22,0,22,1
2020-06-06,Kern,029,883053,3541,10,3551,51
2020-06-06,Kings,031,150075,1737,2,1739,6
2020-06-06,Lake,033,64148,36,0,36,0
2020-06-06,Lassen,035,31185,14,2,16,0
2020-06-06,Los Angeles,037,10098052,70832,32,70864,2895
2020-06-06,Madera,039,155013,360,1,361,3
2020-06-06,Marin,041,260295,229,2,231,14
2020-06-06,Mariposa,043,17540,16,0,16,0
2020-06-06,Mendocino,045,87422,33,0,33,0
2020-06-06,Merced,047,269075,508,0,508,7
2020-06-06,Modoc,049,8938,1,0,1,0
2020-06-06,Mono,051,14174,39,0,39,1
2020-06-06,Monterey,053,433212,944,2,946,11
2020-06-06,Napa,055,140530,170,0,170,3
2020-06-06,Nevada,057,99092,54,1,55,1
2020-06-06,Orange,059,3164182,10549,73,10622,260
2020-06-06,Placer,061,380077,388,2,390,9
2020-06-06,Plumas,063,18699,5,0,5,0
2020-06-06,Riverside,065,2383286,11674,23,11697,367
2020-06-06,Sacramento,067,1510023,1711,2,1713,64
2020-06-06,San Benito,069,59416,118,0,118,3
2020-06-06,San Bernardino,071,2135413,7802,6,7808,241
2020-06-06,San Diego,073,3302833,9585,0,9585,317
2020-06-06,San Francisco,075,870044,2918,0,2918,49
2020-06-06,San Joaquin,077,732212,1592,3,1595,41
2020-06-06,San Luis Obispo,079,281455,407,4,411,1
2020-06-06,San Mateo,081,765935,2603,2,2605,101
2020-06-06,Santa Barbara,083,443738,2022,15,2037,16
2020-06-06,Santa Clara,085,1922200,3732,14,3746,144
2020-06-06,Santa Cruz,087,273765,258,0,258,2
2020-06-06,Shasta,089,179085,73,0,73,5
2020-06-06,Sierra,091,2930,1,0,1,0
2020-06-06,Siskiyou,093,43540,18,0,18,0
2020-06-06,Solano,095,438530,794,3,797,22
2020-06-06,Sonoma,097,501317,741,2,743,3
2020-06-06,Stanislaus,099,539301,1212,5,1217,35
2020-06-06,Sutter,101,95872,73,0,73,2
2020-06-06,Tehama,103,63373,15,2,17,1
2020-06-06,Trinity,105,12862,8,2,10,0
2020-06-06,Tulare,107,460477,3140,10,3150,93
2020-06-06,Tuolumne,109,53932,9,0,9,0
2020-06-06,Ventura,111,848112,1958,11,1969,33
2020-06-06,Yolo,113,214977,262,0,262,24
2020-06-06,Yuba,115,75493,32,0,32,1
2020-06-05,Alameda,001,1643700,4273,6,4279,108
2020-06-05,Alpine,002,1148,1,0,1,0
2020-06-05,Amador,005,37829,10,0,10,0
2020-06-05,Butte,007,227075,93,9,102,1
2020-06-05,Calaveras,009,45235,22,0,22,0
2020-06-05,Colusa,011,21464,9,0,9,0
2020-06-05,Contra Costa,013,1133247,1930,1,1931,44
2020-06-05,Del Norte,015,27424,45,0,45,0
2020-06-05,El Dorado,017,186661,131,1,132,0
2020-06-05,Fresno,019,978130,3936,55,3991,57
2020-06-05,Glenn,021,27897,25,0,25,0
2020-06-05,Humboldt,023,135768,115,0,115,4
2020-06-05,Imperial,025,180216,4847,4,4851,81
2020-06-05,Inyo,027,18085,22,0,22,1
2020-06-05,Kern,029,883053,3452,10,3462,51
2020-06-05,Kings,031,150075,1722,2,1724,6
2020-06-05,Lake,033,64148,35,0,35,0
2020-06-05,Lassen,035,31185,13,2,15,0
2020-06-05,Los Angeles,037,10098052,69681,30,69711,2857
2020-06-05,Madera,039,155013,338,1,339,3
2020-06-05,Marin,041,260295,222,2,224,14
2020-06-05,Mariposa,043,17540,16,0,16,0
2020-06-05,Mendocino,045,87422,33,0,33,0
2020-06-05,Merced,047,269075,505,0,505,7
2020-06-05,Modoc,049,8938,1,0,1,0
2020-06-05,Mono,051,14174,39,0,39,1
2020-06-05,Monterey,053,433212,912,2,914,11
2020-06-05,Napa,055,140530,167,0,167,3
2020-06-05,Nevada,057,99092,54,1,55,1
2020-06-05,Orange,059,3164182,10353,72,10425,256
2020-06-05,Placer,061,380077,378,2,380,9
2020-06-05,Plumas,063,18699,5,0,5,0
2020-06-05,Riverside,065,2383286,11415,23,11438,360
2020-06-05,Sacramento,067,1510023,1689,2,1691,63
2020-06-05,San Benito,069,59416,116,0,116,3
2020-06-05,San Bernardino,071,2135413,7620,5,7625,238
2020-06-05,San Diego,073,3302833,9470,0,9470,314
2020-06-05,San Francisco,075,870044,2900,0,2900,49
2020-06-05,San Joaquin,077,732212,1513,3,1516,40
2020-06-05,San Luis Obispo,079,281455,400,4,404,1
2020-06-05,San Mateo,081,765935,2578,2,2580,100
2020-06-05,Santa Barbara,083,443738,1991,15,2006,16
2020-06-05,Santa Clara,085,1922200,3697,14,3711,144
2020-06-05,Santa Cruz,087,273765,255,0,255,2
2020-06-05,Shasta,089,179085,72,0,72,5
2020-06-05,Sierra,091,2930,1,0,1,0
2020-06-05,Siskiyou,093,43540,16,0,16,0
2020-06-05,Solano,095,438530,787,3,790,22
2020-06-05,Sonoma,097,501317,720,2,722,3
2020-06-05,Stanislaus,099,539301,1179,5,1184,34
2020-06-05,Sutter,101,95872,73,0,73,2
2020-06-05,Tehama,103,63373,15,2,17,1
2020-06-05,Trinity,105,12862,8,2,10,0
2020-06-05,Tulare,107,460477,3091,10,3101,92
2020-06-05,Tuolumne,109,53932,9,0,9,0
2020-06-05,Ventura,111,848112,1925,11,1936,33
2020-06-05,Yolo,113,214977,261,0,261,24
2020-06-05,Yuba,115,75493,32,0,32,1
2020-06-04,Alameda,001,1643700,4174,6,4180,107
2020-06-04,Alpine,002,1148,1,0,1,0
2020-06-04,Amador,005,37829,10,0,10,0
2020-06-04,Butte,007,227075,89,8,97,1
2020-06-04,Calaveras,009,45235,22,0,22,0
2020-06-04,Colusa,011,21464,9,0,9,0
2020-06-04,Contra Costa,013,1133247,1873,1,1874,44
2020-06-04,Del Norte,015,27424,45,0,45,0
2020-06-04,El Dorado,017,186661,129,1,130,0
2020-06-04,Fresno,019,978130,3832,54,3886,55
2020-06-04,Glenn,021,27897,22,0,22,0
2020-06-04,Humboldt,023,135768,115,0,115,4
2020-06-04,Imperial,025,180216,4665,4,4669,76
2020-06-04,Inyo,027,18085,22,0,22,1
2020-06-04,Kern,029,883053,3336,10,3346,50
2020-06-04,Kings,031,150075,1653,2,1655,6
2020-06-04,Lake,033,64148,34,0,34,0
2020-06-04,Lassen,035,31185,11,2,13,0
2020-06-04,Los Angeles,037,10098052,68216,30,68246,2816
2020-06-04,Madera,039,155013,330,1,331,3
2020-06-04,Marin,041,260295,206,2,208,14
2020-06-04,Mariposa,043,17540,16,0,16,0
2020-06-04,Mendocino,045,87422,33,0,33,0
2020-06-04,Merced,047,269075,495,0,495,7
2020-06-04,Modoc,049,8938,1,0,1,0
2020-06-04,Mono,051,14174,39,0,39,1
2020-06-04,Monterey,053,433212,877,1,878,11
2020-06-04,Napa,055,140530,163,0,163,3
2020-06-04,Nevada,057,99092,53,1,54,1
2020-06-04,Orange,059,3164182,10099,71,10170,250
2020-06-04,Placer,061,380077,362,2,364,9
2020-06-04,Plumas,063,18699,4,0,4,0
2020-06-04,Riverside,065,2383286,11138,23,11161,358
2020-06-04,Sacramento,067,1510023,1660,2,1662,63
2020-06-04,San Benito,069,59416,114,0,114,2
2020-06-04,San Bernardino,071,2135413,7351,5,7356,238
2020-06-04,San Diego,073,3302833,9307,0,9307,311
2020-06-04,San Francisco,075,870044,2867,0,2867,48
2020-06-04,San Joaquin,077,732212,1451,3,1454,40
2020-06-04,San Luis Obispo,079,281455,389,4,393,1
2020-06-04,San Mateo,081,765935,2551,2,2553,100
2020-06-04,Santa Barbara,083,443738,1960,14,1974,16
2020-06-04,Santa Clara,085,1922200,3662,14,3676,143
2020-06-04,Santa Cruz,087,273765,249,0,249,2
2020-06-04,Shasta,089,179085,66,0,66,5
2020-06-04,Sierra,091,2930,1,0,1,0
2020-06-04,Siskiyou,093,43540,15,0,15,0
2020-06-04,Solano,095,438530,770,3,773,22
2020-06-04,Sonoma,097,501317,701,1,702,3
2020-06-04,Stanislaus,099,539301,1103,5,1108,33
2020-06-04,Sutter,101,95872,68,0,68,2
2020-06-04,Tehama,103,63373,14,1,15,1
2020-06-04,Trinity,105,12862,8,2,10,0
2020-06-04,Tulare,107,460477,2974,10,2984,92
2020-06-04,Tuolumne,109,53932,8,0,8,0
2020-06-04,Ventura,111,848112,1881,10,1891,33
2020-06-04,Yolo,113,214977,256,0,256,24
2020-06-04,Yuba,115,75493,31,0,31,1
2020-06-03,Alameda,001,1643700,4115,5,4120,107
2020-06-03,Alpine,002,1148,1,0,1,0
2020-06-03,Amador,005,37829,10,0,10,0
2020-06-03,Butte,007,227075,87,8,95,1
2020-06-03,Calaveras,009,45235,21,0,21,0
2020-06-03,Colusa,011,21464,9,0,9,0
2020-06-03,Contra Costa,013,1133247,1825,1,1826,43
2020-06-03,Del Norte,015,27424,45,0,45,0
2020-06-03,El Dorado,017,186661,126,1,127,0
2020-06-03,Fresno,019,978130,3733,53,3786,55
2020-06-03,Glenn,021,27897,22,0,22,0
2020-06-03,Humboldt,023,135768,115,0,115,4
2020-06-03,Imperial,025,180216,4492,4,4496,72
2020-06-03,Inyo,027,18085,22,0,22,1
2020-06-03,Kern,029,883053,3240,9,3249,50
2020-06-03,Kings,031,150075,1592,2,1594,6
2020-06-03,Lake,033,64148,32,0,32,0
2020-06-03,Lassen,035,31185,11,2,13,0
2020-06-03,Los Angeles,037,10098052,66617,30,66647,2768
2020-06-03,Madera,039,155013,322,1,323,3
2020-06-03,Marin,041,260295,202,2,204,14
2020-06-03,Mariposa,043,17540,16,0,16,0
2020-06-03,Mendocino,045,87422,32,0,32,0
2020-06-03,Merced,047,269075,483,0,483,7
2020-06-03,Modoc,049,8938,1,0,1,0
2020-06-03,Mono,051,14174,39,0,39,1
2020-06-03,Monterey,053,433212,849,1,850,11
2020-06-03,Napa,055,140530,162,0,162,3
2020-06-03,Nevada,057,99092,52,1,53,1
2020-06-03,Orange,059,3164182,9874,70,9944,245
2020-06-03,Placer,061,380077,342,2,344,9
2020-06-03,Plumas,063,18699,4,0,4,0
2020-06-03,Riverside,065,2383286,10864,23,10887,354
2020-06-03,Sacramento,067,1510023,1631,2,1633,62
2020-06-03,San Benito,069,59416,108,0,108,2
2020-06-03,San Bernardino,071,2135413,7128,5,7133,235
2020-06-03,San Diego,073,3302833,9159,0,9159,307
2020-06-03,San Francisco,075,870044,2836,0,2836,48
2020-06-03,San Joaquin,077,732212,1386,3,1389,39
2020-06-03,San Luis Obispo,079,281455,384,4,388,1
2020-06-03,San Mateo,081,765935,2523,2,2525,99
2020-06-03,Santa Barbara,083,443738,1926,13,1939,15
2020-06-03,Santa Clara,085,1922200,3620,14,3634,143
2020-06-03,Santa Cruz,087,273765,243,0,243,2
2020-06-03,Shasta,089,179085,63,0,63,5
2020-06-03,Sierra,091,2930,1,0,1,0
2020-06-03,Siskiyou,093,43540,14,0,14,0
2020-06-03,Solano,095,438530,741,2,743,21
2020-06-03,Sonoma,097,501317,689,1,690,3
2020-06-03,Stanislaus,099,539301,1063,5,1068,33
2020-06-03,Sutter,101,95872,60,0,60,2
2020-06-03,Tehama,103,63373,14,1,15,1
2020-06-03,Trinity,105,12862,8,2,10,0
2020-06-03,Tulare,107,460477,2905,10,2915,92
2020-06-03,Tuolumne,109,53932,6,0,6,0
2020-06-03,Ventura,111,848112,1814,10,1824,33
2020-06-03,Yolo,113,214977,252,0,252,24
2020-06-03,Yuba,115,75493,31,0,31,1
2020-06-02,Alameda,001,1643700,4039,5,4044,106
2020-06-02,Alpine,002,1148,1,0,1,0
2020-06-02,Amador,005,37829,10,0,10,0
2020-06-02,Butte,007,227075,83,7,90,1
2020-06-02,Calaveras,009,45235,21,0,21,0
2020-06-02,Colusa,011,21464,9,0,9,0
2020-06-02,Contra Costa,013,1133247,1793,1,1794,43
2020-06-02,Del Norte,015,27424,45,0,45,0
2020-06-02,El Dorado,017,186661,125,1,126,0
2020-06-02,Fresno,019,978130,3619,53,3672,52
2020-06-02,Glenn,021,27897,21,0,21,0
2020-06-02,Humboldt,023,135768,115,0,115,4
2020-06-02,Imperial,025,180216,4299,4,4303,66
2020-06-02,Inyo,027,18085,20,0,20,1
2020-06-02,Kern,029,883053,3141,7,3148,47
2020-06-02,Kings,031,150075,1564,2,1566,6
2020-06-02,Lake,033,64148,32,0,32,0
2020-06-02,Lassen,035,31185,10,2,12,0
2020-06-02,Los Angeles,037,10098052,65215,30,65245,2722
2020-06-02,Madera,039,155013,301,1,302,3
2020-06-02,Marin,041,260295,192,2,194,14
2020-06-02,Mariposa,043,17540,16,0,16,0
2020-06-02,Mendocino,045,87422,32,0,32,0
2020-06-02,Merced,047,269075,467,0,467,7
2020-06-02,Modoc,049,8938,1,0,1,0
2020-06-02,Mono,051,14174,39,0,39,1
2020-06-02,Monterey,053,433212,819,1,820,11
2020-06-02,Napa,055,140530,153,0,153,3
2020-06-02,Nevada,057,99092,51,1,52,1
2020-06-02,Orange,059,3164182,9671,69,9740,241
2020-06-02,Placer,061,380077,328,2,330,9
2020-06-02,Plumas,063,18699,4,0,4,0
2020-06-02,Riverside,065,2383286,10568,22,10590,347
2020-06-02,Sacramento,067,1510023,1602,2,1604,62
2020-06-02,San Benito,069,59416,107,0,107,2
2020-06-02,San Bernardino,071,2135413,6921,5,6926,230
2020-06-02,San Diego,073,3302833,9013,0,9013,305
2020-06-02,San Francisco,075,870044,2801,0,2801,48
2020-06-02,San Joaquin,077,732212,1320,3,1323,39
2020-06-02,San Luis Obispo,079,281455,379,4,383,1
2020-06-02,San Mateo,081,765935,2488,2,2490,95
2020-06-02,Santa Barbara,083,443738,1886,13,1899,14
2020-06-02,Santa Clara,085,1922200,3570,14,3584,143
2020-06-02,Santa Cruz,087,273765,238,0,238,2
2020-06-02,Shasta,089,179085,62,0,62,4
2020-06-02,Sierra,091,2930,1,0,1,0
2020-06-02,Siskiyou,093,43540,13,0,13,0
2020-06-02,Solano,095,438530,726,1,727,20
2020-06-02,Sonoma,097,501317,678,1,679,3
2020-06-02,Stanislaus,099,539301,1004,5,1009,31
2020-06-02,Sutter,101,95872,57,0,57,2
2020-06-02,Tehama,103,63373,14,1,15,1
2020-06-02,Trinity,105,12862,8,2,10,0
2020-06-02,Tulare,107,460477,2825,10,2835,92
2020-06-02,Tuolumne,109,53932,6,0,6,0
2020-06-02,Ventura,111,848112,1761,10,1771,33
2020-06-02,Yolo,113,214977,250,0,250,24
2020-06-02,Yuba,115,75493,31,0,31,1
2020-06-01,Alameda,001,1643700,3973,5,3978,106
2020-06-01,Alpine,002,1148,1,0,1,0
2020-06-01,Amador,005,37829,10,0,10,0
2020-06-01,Butte,007,227075,82,6,88,1
2020-06-01,Calaveras,009,45235,21,0,21,0
2020-06-01,Colusa,011,21464,9,0,9,0
2020-06-01,Contra Costa,013,1133247,1757,1,1758,42
2020-06-01,Del Norte,015,27424,45,0,45,0
2020-06-01,El Dorado,017,186661,123,1,124,0
2020-06-01,Fresno,019,978130,3524,51,3575,51
2020-06-01,Glenn,021,27897,21,0,21,0
2020-06-01,Humboldt,023,135768,115,0,115,4
2020-06-01,Imperial,025,180216,4077,4,4081,61
2020-06-01,Inyo,027,18085,20,0,20,1
2020-06-01,Kern,029,883053,3058,7,3065,46
2020-06-01,Kings,031,150075,1296,2,1298,6
2020-06-01,Lake,033,64148,32,0,32,0
2020-06-01,Lassen,035,31185,10,2,12,0
2020-06-01,Los Angeles,037,10098052,63741,29,63770,2689
2020-06-01,Madera,039,155013,289,1,290,3
2020-06-01,Marin,041,260295,183,2,185,13
2020-06-01,Mariposa,043,17540,16,0,16,0
2020-06-01,Mendocino,045,87422,32,0,32,0
2020-06-01,Merced,047,269075,450,0,450,7
2020-06-01,Modoc,049,8938,1,0,1,0
2020-06-01,Mono,051,14174,39,0,39,1
2020-06-01,Monterey,053,433212,795,1,796,11
2020-06-01,Napa,055,140530,150,0,150,3
2020-06-01,Nevada,057,99092,51,1,52,1
2020-06-01,Orange,059,3164182,9474,68,9542,232
2020-06-01,Placer,061,380077,316,2,318,9
2020-06-01,Plumas,063,18699,4,0,4,0
2020-06-01,Riverside,065,2383286,10116,21,10137,344
2020-06-01,Sacramento,067,1510023,1563,2,1565,62
2020-06-01,San Benito,069,59416,104,0,104,2
2020-06-01,San Bernardino,071,2135413,6715,5,6720,228
2020-06-01,San Diego,073,3302833,8833,0,8833,301
2020-06-01,San Francisco,075,870044,2764,0,2764,48
2020-06-01,San Joaquin,077,732212,1255,3,1258,39
2020-06-01,San Luis Obispo,079,281455,375,4,379,1
2020-06-01,San Mateo,081,765935,2458,2,2460,94
2020-06-01,Santa Barbara,083,443738,1852,12,1864,14
2020-06-01,Santa Clara,085,1922200,3532,13,3545,142
2020-06-01,Santa Cruz,087,273765,234,0,234,2
2020-06-01,Shasta,089,179085,62,0,62,4
2020-06-01,Sierra,091,2930,1,0,1,0
2020-06-01,Siskiyou,093,43540,13,0,13,0
2020-06-01,Solano,095,438530,702,1,703,20
2020-06-01,Sonoma,097,501317,662,1,663,3
2020-06-01,Stanislaus,099,539301,967,5,972,30
2020-06-01,Sutter,101,95872,52,0,52,2
2020-06-01,Tehama,103,63373,11,1,12,1
2020-06-01,Trinity,105,12862,7,2,9,0
2020-06-01,Tulare,107,460477,2710,10,2720,90
2020-06-01,Tuolumne,109,53932,5,0,5,0
2020-06-01,Ventura,111,848112,1708,10,1718,33
2020-06-01,Yolo,113,214977,247,0,247,24
2020-06-01,Yuba,115,75493,30,0,30,1
2020-05-31,Alameda,001,1643700,3868,5,3873,104
2020-05-31,Alpine,002,1148,1,0,1,0
2020-05-31,Amador,005,37829,10,0,10,0
2020-05-31,Butte,007,227075,80,6,86,1
2020-05-31,Calaveras,009,45235,18,0,18,0
2020-05-31,Colusa,011,21464,9,0,9,0
2020-05-31,Contra Costa,013,1133247,1723,1,1724,42
2020-05-31,Del Norte,015,27424,45,0,45,0
2020-05-31,El Dorado,017,186661,119,1,120,0
2020-05-31,Fresno,019,978130,3360,46,3406,51
2020-05-31,Glenn,021,27897,20,0,20,0
2020-05-31,Humboldt,023,135768,113,0,113,3
2020-05-31,Imperial,025,180216,3809,4,3813,58
2020-05-31,Inyo,027,18085,20,0,20,1
2020-05-31,Kern,029,883053,2923,7,2930,45
2020-05-31,Kings,031,150075,1260,2,1262,5
2020-05-31,Lake,033,64148,32,0,32,0
2020-05-31,Lassen,035,31185,10,2,12,0
2020-05-31,Los Angeles,037,10098052,62446,29,62475,2645
2020-05-31,Madera,039,155013,271,1,272,2
2020-05-31,Marin,041,260295,179,2,181,13
2020-05-31,Mariposa,043,17540,16,0,16,0
2020-05-31,Mendocino,045,87422,32,0,32,0
2020-05-31,Merced,047,269075,417,0,417,7
2020-05-31,Modoc,049,8938,0,0,0,0
2020-05-31,Mono,051,14174,39,0,39,1
2020-05-31,Monterey,053,433212,721,1,722,11
2020-05-31,Napa,055,140530,148,0,148,3
2020-05-31,Nevada,057,99092,50,1,51,1
2020-05-31,Orange,059,3164182,9262,67,9329,220
2020-05-31,Placer,061,380077,294,2,296,9
2020-05-31,Plumas,063,18699,4,0,4,0
2020-05-31,Riverside,065,2383286,9860,21,9881,342
2020-05-31,Sacramento,067,1510023,1532,2,1534,62
2020-05-31,San Benito,069,59416,98,0,98,2
2020-05-31,San Bernardino,071,2135413,6447,5,6452,227
2020-05-31,San Diego,073,3302833,8639,0,8639,296
2020-05-31,San Francisco,075,870044,2728,0,2728,48
2020-05-31,San Joaquin,077,732212,1190,3,1193,39
2020-05-31,San Luis Obispo,079,281455,365,4,369,1
2020-05-31,San Mateo,081,765935,2412,2,2414,92
2020-05-31,Santa Barbara,083,443738,1801,11,1812,12
2020-05-31,Santa Clara,085,1922200,3488,13,3501,141
2020-05-31,Santa Cruz,087,273765,231,0,231,2
2020-05-31,Shasta,089,179085,60,0,60,4
2020-05-31,Sierra,091,2930,1,0,1,0
2020-05-31,Siskiyou,093,43540,12,0,12,0
2020-05-31,Solano,095,438530,676,1,677,20
2020-05-31,Sonoma,097,501317,642,1,643,3
2020-05-31,Stanislaus,099,539301,913,5,918,30
2020-05-31,Sutter,101,95872,50,0,50,2
2020-05-31,Tehama,103,63373,10,1,11,1
2020-05-31,Trinity,105,12862,7,2,9,0
2020-05-31,Tulare,107,460477,2637,10,2647,90
2020-05-31,Tuolumne,109,53932,5,0,5,0
2020-05-31,Ventura,111,848112,1647,10,1657,33
2020-05-31,Yolo,113,214977,241,0,241,24
2020-05-31,Yuba,115,75493,30,0,30,1
2020-05-30,Alameda,001,1643700,3842,5,3847,103
2020-05-30,Alpine,002,1148,1,0,1,0
2020-05-30,Amador,005,37829,10,0,10,0
2020-05-30,Butte,007,227075,79,6,85,0
2020-05-30,Calaveras,009,45235,17,0,17,0
2020-05-30,Colusa,011,21464,8,0,8,0
2020-05-30,Contra Costa,013,1133247,1707,1,1708,42
2020-05-30,Del Norte,015,27424,45,0,45,0
2020-05-30,El Dorado,017,186661,118,1,119,0
2020-05-30,Fresno,019,978130,3299,45,3344,47
2020-05-30,Glenn,021,27897,19,0,19,0
2020-05-30,Humboldt,023,135768,112,0,112,3
2020-05-30,Imperial,025,180216,3719,4,3723,58
2020-05-30,Inyo,027,18085,20,0,20,1
2020-05-30,Kern,029,883053,2854,7,2861,42
2020-05-30,Kings,031,150075,1246,2,1248,4
2020-05-30,Lake,033,64148,31,0,31,0
2020-05-30,Lassen,035,31185,10,2,12,0
2020-05-30,Los Angeles,037,10098052,61911,29,61940,2611
2020-05-30,Madera,039,155013,266,1,267,2
2020-05-30,Marin,041,260295,179,2,181,12
2020-05-30,Mariposa,043,17540,16,0,16,0
2020-05-30,Mendocino,045,87422,32,0,32,0
2020-05-30,Merced,047,269075,413,0,413,7
2020-05-30,Modoc,049,8938,0,0,0,0
2020-05-30,Mono,051,14174,39,0,39,1
2020-05-30,Monterey,053,433212,705,1,706,11
2020-05-30,Napa,055,140530,146,0,146,3
2020-05-30,Nevada,057,99092,50,1,51,1
2020-05-30,Orange,059,3164182,9105,66,9171,212
2020-05-30,Placer,061,380077,286,1,287,9
2020-05-30,Plumas,063,18699,4,0,4,0
2020-05-30,Riverside,065,2383286,9716,21,9737,340
2020-05-30,Sacramento,067,1510023,1521,2,1523,62
2020-05-30,San Benito,069,59416,97,0,97,2
2020-05-30,San Bernardino,071,2135413,6338,5,6343,225
2020-05-30,San Diego,073,3302833,8546,0,8546,290
2020-05-30,San Francisco,075,870044,2703,0,2703,47
2020-05-30,San Joaquin,077,732212,1152,3,1155,39
2020-05-30,San Luis Obispo,079,281455,360,4,364,1
2020-05-30,San Mateo,081,765935,2388,2,2390,91
2020-05-30,Santa Barbara,083,443738,1782,11,1793,12
2020-05-30,Santa Clara,085,1922200,3472,13,3485,139
2020-05-30,Santa Cruz,087,273765,231,0,231,2
2020-05-30,Shasta,089,179085,60,0,60,4
2020-05-30,Sierra,091,2930,1,0,1,0
2020-05-30,Siskiyou,093,43540,11,0,11,0
2020-05-30,Solano,095,438530,669,1,670,20
2020-05-30,Sonoma,097,501317,632,1,633,3
2020-05-30,Stanislaus,099,539301,896,5,901,30
2020-05-30,Sutter,101,95872,49,0,49,2
2020-05-30,Tehama,103,63373,10,1,11,1
2020-05-30,Trinity,105,12862,7,2,9,0
2020-05-30,Tulare,107,460477,2600,10,2610,90
2020-05-30,Tuolumne,109,53932,5,0,5,0
2020-05-30,Ventura,111,848112,1630,10,1640,33
2020-05-30,Yolo,113,214977,237,0,237,24
2020-05-30,Yuba,115,75493,30,0,30,1
2020-05-29,Alameda,001,1643700,3807,5,3812,101
2020-05-29,Alpine,002,1148,1,0,1,0
2020-05-29,Amador,005,37829,10,0,10,0
2020-05-29,Butte,007,227075,74,6,80,0
2020-05-29,Calaveras,009,45235,17,0,17,0
2020-05-29,Colusa,011,21464,8,0,8,0
2020-05-29,Contra Costa,013,1133247,1691,1,1692,41
2020-05-29,Del Norte,015,27424,45,0,45,0
2020-05-29,El Dorado,017,186661,117,1,118,0
2020-05-29,Fresno,019,978130,3249,45,3294,47
2020-05-29,Glenn,021,27897,19,0,19,0
2020-05-29,Humboldt,023,135768,111,0,111,3
2020-05-29,Imperial,025,180216,3601,4,3605,57
2020-05-29,Inyo,027,18085,20,0,20,1
2020-05-29,Kern,029,883053,2796,7,2803,41
2020-05-29,Kings,031,150075,1235,2,1237,3
2020-05-29,Lake,033,64148,30,0,30,0
2020-05-29,Lassen,035,31185,10,2,12,0
2020-05-29,Los Angeles,037,10098052,60955,29,60984,2571
2020-05-29,Madera,039,155013,251,1,252,2
2020-05-29,Marin,041,260295,174,2,176,11
2020-05-29,Mariposa,043,17540,16,0,16,0
2020-05-29,Mendocino,045,87422,30,0,30,0
2020-05-29,Merced,047,269075,403,0,403,7
2020-05-29,Modoc,049,8938,0,0,0,0
2020-05-29,Mono,051,14174,38,0,38,1
2020-05-29,Monterey,053,433212,675,1,676,11
2020-05-29,Napa,055,140530,143,0,143,3
2020-05-29,Nevada,057,99092,50,1,51,1
2020-05-29,Orange,059,3164182,8918,63,8981,206
2020-05-29,Placer,061,380077,264,1,265,9
2020-05-29,Plumas,063,18699,4,0,4,0
2020-05-29,Riverside,065,2383286,9530,21,9551,336
2020-05-29,Sacramento,067,1510023,1498,2,1500,61
2020-05-29,San Benito,069,59416,97,0,97,2
2020-05-29,San Bernardino,071,2135413,6230,5,6235,220
2020-05-29,San Diego,073,3302833,8423,0,8423,289
2020-05-29,San Francisco,075,870044,2679,0,2679,47
2020-05-29,San Joaquin,077,732212,1115,3,1118,39
2020-05-29,San Luis Obispo,079,281455,356,4,360,1
2020-05-29,San Mateo,081,765935,2372,2,2374,91
2020-05-29,Santa Barbara,083,443738,1754,11,1765,12
2020-05-29,Santa Clara,085,1922200,3444,13,3457,139
2020-05-29,Santa Cruz,087,273765,228,0,228,2
2020-05-29,Shasta,089,179085,60,0,60,4
2020-05-29,Sierra,091,2930,1,0,1,0
2020-05-29,Siskiyou,093,43540,11,0,11,0
2020-05-29,Solano,095,438530,660,1,661,20
2020-05-29,Sonoma,097,501317,621,1,622,3
2020-05-29,Stanislaus,099,539301,866,5,871,29
2020-05-29,Sutter,101,95872,47,0,47,2
2020-05-29,Tehama,103,63373,9,1,10,1
2020-05-29,Trinity,105,12862,7,2,9,0
2020-05-29,Tulare,107,460477,2562,10,2572,89
2020-05-29,Tuolumne,109,53932,5,0,5,0
2020-05-29,Ventura,111,848112,1606,10,1616,33
2020-05-29,Yolo,113,214977,233,0,233,24
2020-05-29,Yuba,115,75493,29,0,29,1
2020-05-28,Alameda,001,1643700,3708,5,3713,100
2020-05-28,Alpine,002,1148,1,0,1,0
2020-05-28,Amador,005,37829,10,0,10,0
2020-05-28,Butte,007,227075,73,6,79,0
2020-05-28,Calaveras,009,45235,16,0,16,0
2020-05-28,Colusa,011,21464,8,0,8,0
2020-05-28,Contra Costa,013,1133247,1652,1,1653,39
2020-05-28,Del Norte,015,27424,45,0,45,0
2020-05-28,El Dorado,017,186661,114,1,115,0
2020-05-28,Fresno,019,978130,3169,44,3213,44
2020-05-28,Glenn,021,27897,18,0,18,0
2020-05-28,Humboldt,023,135768,110,0,110,3
2020-05-28,Imperial,025,180216,3405,4,3409,56
2020-05-28,Inyo,027,18085,20,0,20,1
2020-05-28,Kern,029,883053,2718,7,2725,41
2020-05-28,Kings,031,150075,898,2,900,3
2020-05-28,Lake,033,64148,29,0,29,0
2020-05-28,Lassen,035,31185,10,2,12,0
2020-05-28,Los Angeles,037,10098052,59379,29,59408,2534
2020-05-28,Madera,039,155013,233,1,234,2
2020-05-28,Marin,041,260295,156,2,158,11
2020-05-28,Mariposa,043,17540,16,0,16,0
2020-05-28,Mendocino,045,87422,28,0,28,0
2020-05-28,Merced,047,269075,394,0,394,7
2020-05-28,Modoc,049,8938,0,0,0,0
2020-05-28,Mono,051,14174,38,0,38,1
2020-05-28,Monterey,053,433212,643,1,644,11
2020-05-28,Napa,055,140530,140,0,140,3
2020-05-28,Nevada,057,99092,45,1,46,1
2020-05-28,Orange,059,3164182,8723,63,8786,200
2020-05-28,Placer,061,380077,257,1,258,9
2020-05-28,Plumas,063,18699,4,0,4,0
2020-05-28,Riverside,065,2383286,9126,20,9146,335
2020-05-28,Sacramento,067,1510023,1478,2,1480,60
2020-05-28,San Benito,069,59416,96,0,96,2
2020-05-28,San Bernardino,071,2135413,6065,5,6070,218
2020-05-28,San Diego,073,3302833,8266,0,8266,286
2020-05-28,San Francisco,075,870044,2645,0,2645,46
2020-05-28,San Joaquin,077,732212,1080,3,1083,39
2020-05-28,San Luis Obispo,079,281455,353,4,357,1
2020-05-28,San Mateo,081,765935,2345,2,2347,90
2020-05-28,Santa Barbara,083,443738,1726,10,1736,12
2020-05-28,Santa Clara,085,1922200,3404,13,3417,139
2020-05-28,Santa Cruz,087,273765,227,0,227,2
2020-05-28,Shasta,089,179085,58,0,58,4
2020-05-28,Sierra,091,2930,1,0,1,0
2020-05-28,Siskiyou,093,43540,9,0,9,0
2020-05-28,Solano,095,438530,643,1,644,20
2020-05-28,Sonoma,097,501317,599,1,600,3
2020-05-28,Stanislaus,099,539301,825,5,830,29
2020-05-28,Sutter,101,95872,47,0,47,2
2020-05-28,Tehama,103,63373,9,1,10,1
2020-05-28,Trinity,105,12862,6,2,8,0
2020-05-28,Tulare,107,460477,2526,10,2536,87
2020-05-28,Tuolumne,109,53932,5,0,5,0
2020-05-28,Ventura,111,848112,1573,10,1583,33
2020-05-28,Yolo,113,214977,230,0,230,24
2020-05-28,Yuba,115,75493,28,0,28,1
2020-05-27,Alameda,001,1643700,3625,5,3630,99
2020-05-27,Alpine,002,1148,1,0,1,0
2020-05-27,Amador,005,37829,10,0,10,0
2020-05-27,Butte,007,227075,70,5,75,0
2020-05-27,Calaveras,009,45235,15,0,15,0
2020-05-27,Colusa,011,21464,8,0,8,0
2020-05-27,Contra Costa,013,1133247,1612,1,1613,38
2020-05-27,Del Norte,015,27424,45,0,45,0
2020-05-27,El Dorado,017,186661,113,1,114,0
2020-05-27,Fresno,019,978130,3079,44,3123,43
2020-05-27,Glenn,021,27897,18,0,18,0
2020-05-27,Humboldt,023,135768,110,0,110,3
2020-05-27,Imperial,025,180216,3227,4,3231,51
2020-05-27,Inyo,027,18085,20,0,20,1
2020-05-27,Kern,029,883053,2653,7,2660,41
2020-05-27,Kings,031,150075,871,2,873,3
2020-05-27,Lake,033,64148,29,0,29,0
2020-05-27,Lassen,035,31185,10,2,12,0
2020-05-27,Los Angeles,037,10098052,58008,29,58037,2501
2020-05-27,Madera,039,155013,224,1,225,2
2020-05-27,Marin,041,260295,145,2,147,11
2020-05-27,Mariposa,043,17540,16,0,16,0
2020-05-27,Mendocino,045,87422,27,0,27,0
2020-05-27,Merced,047,269075,388,0,388,7
2020-05-27,Modoc,049,8938,0,0,0,0
2020-05-27,Mono,051,14174,38,0,38,1
2020-05-27,Monterey,053,433212,603,1,604,11
2020-05-27,Napa,055,140530,135,0,135,3
2020-05-27,Nevada,057,99092,44,1,45,1
2020-05-27,Orange,059,3164182,8568,63,8631,192
2020-05-27,Placer,061,380077,238,0,238,9
2020-05-27,Plumas,063,18699,4,0,4,0
2020-05-27,Riverside,065,2383286,8747,20,8767,329
2020-05-27,Sacramento,067,1510023,1450,2,1452,60
2020-05-27,San Benito,069,59416,93,0,93,2
2020-05-27,San Bernardino,071,2135413,5881,5,5886,212
2020-05-27,San Diego,073,3302833,8115,0,8115,282
2020-05-27,San Francisco,075,870044,2616,0,2616,46
2020-05-27,San Joaquin,077,732212,1039,3,1042,38
2020-05-27,San Luis Obispo,079,281455,348,4,352,1
2020-05-27,San Mateo,081,765935,2305,2,2307,90
2020-05-27,Santa Barbara,083,443738,1711,10,1721,12
2020-05-27,Santa Clara,085,1922200,3371,13,3384,137
2020-05-27,Santa Cruz,087,273765,223,0,223,2
2020-05-27,Shasta,089,179085,55,0,55,4
2020-05-27,Sierra,091,2930,1,0,1,0
2020-05-27,Siskiyou,093,43540,9,0,9,0
2020-05-27,Solano,095,438530,623,1,624,20
2020-05-27,Sonoma,097,501317,585,1,586,3
2020-05-27,Stanislaus,099,539301,800,5,805,29
2020-05-27,Sutter,101,95872,46,0,46,2
2020-05-27,Tehama,103,63373,9,1,10,1
2020-05-27,Trinity,105,12862,6,2,8,0
2020-05-27,Tulare,107,460477,2474,10,2484,87
2020-05-27,Tuolumne,109,53932,5,0,5,0
2020-05-27,Ventura,111,848112,1548,10,1558,33
2020-05-27,Yolo,113,214977,229,0,229,23
2020-05-27,Yuba,115,75493,28,0,28,1
2020-05-26,Alameda,001,1643700,3530,5,3535,99
2020-05-26,Alpine,002,1148,1,0,1,0
2020-05-26,Amador,005,37829,10,0,10,0
2020-05-26,Butte,007,227075,68,4,72,0
2020-05-26,Calaveras,009,45235,15,0,15,0
2020-05-26,Colusa,011,21464,8,0,8,0
2020-05-26,Contra Costa,013,1133247,1576,1,1577,38
2020-05-26,Del Norte,015,27424,44,0,44,0
2020-05-26,El Dorado,017,186661,109,1,110,0
2020-05-26,Fresno,019,978130,2992,44,3036,43
2020-05-26,Glenn,021,27897,16,0,16,0
2020-05-26,Humboldt,023,135768,108,0,108,2
2020-05-26,Imperial,025,180216,3014,4,3018,47
2020-05-26,Inyo,027,18085,20,0,20,1
2020-05-26,Kern,029,883053,2575,7,2582,40
2020-05-26,Kings,031,150075,803,1,804,3
2020-05-26,Lake,033,64148,27,0,27,0
2020-05-26,Lassen,035,31185,9,2,11,0
2020-05-26,Los Angeles,037,10098052,56542,29,56571,2447
2020-05-26,Madera,039,155013,209,1,210,2
2020-05-26,Marin,041,260295,143,2,145,11
2020-05-26,Mariposa,043,17540,16,0,16,0
2020-05-26,Mendocino,045,87422,25,0,25,0
2020-05-26,Merced,047,269075,377,0,377,7
2020-05-26,Modoc,049,8938,0,0,0,0
2020-05-26,Mono,051,14174,37,0,37,1
2020-05-26,Monterey,053,433212,575,1,576,11
2020-05-26,Napa,055,140530,130,0,130,3
2020-05-26,Nevada,057,99092,43,1,44,1
2020-05-26,Orange,059,3164182,8299,62,8361,190
2020-05-26,Placer,061,380077,233,0,233,9
2020-05-26,Plumas,063,18699,4,0,4,0
2020-05-26,Riverside,065,2383286,8300,20,8320,325
2020-05-26,Sacramento,067,1510023,1424,2,1426,60
2020-05-26,San Benito,069,59416,88,0,88,2
2020-05-26,San Bernardino,071,2135413,5713,5,5718,206
2020-05-26,San Diego,073,3302833,7972,0,7972,279
2020-05-26,San Francisco,075,870044,2583,0,2583,46
2020-05-26,San Joaquin,077,732212,992,3,995,38
2020-05-26,San Luis Obispo,079,281455,346,4,350,1
2020-05-26,San Mateo,081,765935,2267,2,2269,90
2020-05-26,Santa Barbara,083,443738,1694,9,1703,12
2020-05-26,Santa Clara,085,1922200,3339,13,3352,137
2020-05-26,Santa Cruz,087,273765,221,0,221,2
2020-05-26,Shasta,089,179085,55,0,55,4
2020-05-26,Sierra,091,2930,1,0,1,0
2020-05-26,Siskiyou,093,43540,8,0,8,0
2020-05-26,Solano,095,438530,604,1,605,19
2020-05-26,Sonoma,097,501317,577,0,577,3
2020-05-26,Stanislaus,099,539301,780,5,785,28
2020-05-26,Sutter,101,95872,45,0,45,2
2020-05-26,Tehama,103,63373,8,1,9,1
2020-05-26,Trinity,105,12862,6,2,8,0
2020-05-26,Tulare,107,460477,2418,10,2428,85
2020-05-26,Tuolumne,109,53932,5,0,5,0
2020-05-26,Ventura,111,848112,1511,8,1519,31
2020-05-26,Yolo,113,214977,223,0,223,23
2020-05-26,Yuba,115,75493,27,0,27,1
2020-05-25,Alameda,001,1643700,3436,5,3441,99
2020-05-25,Alpine,002,1148,1,0,1,0
2020-05-25,Amador,005,37829,10,0,10,0
2020-05-25,Butte,007,227075,65,4,69,0
2020-05-25,Calaveras,009,45235,15,0,15,0
2020-05-25,Colusa,011,21464,7,0,7,0
2020-05-25,Contra Costa,013,1133247,1544,1,1545,38
2020-05-25,Del Norte,015,27424,44,0,44,0
2020-05-25,El Dorado,017,186661,101,1,102,0
2020-05-25,Fresno,019,978130,2889,42,2931,41
2020-05-25,Glenn,021,27897,16,0,16,0
2020-05-25,Humboldt,023,135768,107,0,107,2
2020-05-25,Imperial,025,180216,2808,4,2812,44
2020-05-25,Inyo,027,18085,19,0,19,1
2020-05-25,Kern,029,883053,2504,7,2511,39
2020-05-25,Kings,031,150075,773,1,774,2
2020-05-25,Lake,033,64148,25,0,25,0
2020-05-25,Lassen,035,31185,9,2,11,0
2020-05-25,Los Angeles,037,10098052,54729,28,54757,2404
2020-05-25,Madera,039,155013,196,1,197,2
2020-05-25,Marin,041,260295,140,2,142,11
2020-05-25,Mariposa,043,17540,16,0,16,0
2020-05-25,Mendocino,045,87422,22,0,22,0
2020-05-25,Merced,047,269075,371,0,371,7
2020-05-25,Modoc,049,8938,0,0,0,0
2020-05-25,Mono,051,14174,37,0,37,1
2020-05-25,Monterey,053,433212,545,1,546,10
2020-05-25,Napa,055,140530,130,0,130,3
2020-05-25,Nevada,057,99092,43,1,44,1
2020-05-25,Orange,059,3164182,8076,61,8137,180
2020-05-25,Placer,061,380077,229,0,229,9
2020-05-25,Plumas,063,18699,4,0,4,0
2020-05-25,Riverside,065,2383286,8069,20,8089,319
2020-05-25,Sacramento,067,1510023,1404,1,1405,60
2020-05-25,San Benito,069,59416,87,0,87,2
2020-05-25,San Bernardino,071,2135413,5523,4,5527,203
2020-05-25,San Diego,073,3302833,7796,0,7796,273
2020-05-25,San Francisco,075,870044,2546,0,2546,45
2020-05-25,San Joaquin,077,732212,966,3,969,37
2020-05-25,San Luis Obispo,079,281455,343,4,347,1
2020-05-25,San Mateo,081,765935,2230,2,2232,90
2020-05-25,Santa Barbara,083,443738,1684,9,1693,12
2020-05-25,Santa Clara,085,1922200,3306,13,3319,137
2020-05-25,Santa Cruz,087,273765,219,0,219,2
2020-05-25,Shasta,089,179085,54,0,54,4
2020-05-25,Sierra,091,2930,1,0,1,0
2020-05-25,Siskiyou,093,43540,8,0,8,0
2020-05-25,Solano,095,438530,589,1,590,19
2020-05-25,Sonoma,097,501317,565,0,565,3
2020-05-25,Stanislaus,099,539301,750,5,755,27
2020-05-25,Sutter,101,95872,45,0,45,2
2020-05-25,Tehama,103,63373,7,1,8,1
2020-05-25,Trinity,105,12862,6,2,8,0
2020-05-25,Tulare,107,460477,2354,10,2364,83
2020-05-25,Tuolumne,109,53932,5,0,5,0
2020-05-25,Ventura,111,848112,1470,8,1478,31
2020-05-25,Yolo,113,214977,221,0,221,23
2020-05-25,Yuba,115,75493,26,0,26,1
2020-05-24,Alameda,001,1643700,3363,5,3368,98
2020-05-24,Alpine,002,1148,1,0,1,0
2020-05-24,Amador,005,37829,10,0,10,0
2020-05-24,Butte,007,227075,63,4,67,0
2020-05-24,Calaveras,009,45235,15,0,15,0
2020-05-24,Colusa,011,21464,7,0,7,0
2020-05-24,Contra Costa,013,1133247,1516,1,1517,38
2020-05-24,Del Norte,015,27424,43,0,43,0
2020-05-24,El Dorado,017,186661,100,1,101,0
2020-05-24,Fresno,019,978130,2822,41,2863,39
2020-05-24,Glenn,021,27897,15,0,15,0
2020-05-24,Humboldt,023,135768,107,0,107,2
2020-05-24,Imperial,025,180216,2682,4,2686,43
2020-05-24,Inyo,027,18085,19,0,19,1
2020-05-24,Kern,029,883053,2431,6,2437,36
2020-05-24,Kings,031,150075,762,1,763,2
2020-05-24,Lake,033,64148,24,0,24,0
2020-05-24,Lassen,035,31185,8,2,10,0
2020-05-24,Los Angeles,037,10098052,53713,28,53741,2372
2020-05-24,Madera,039,155013,190,1,191,2
2020-05-24,Marin,041,260295,139,2,141,11
2020-05-24,Mariposa,043,17540,16,0,16,0
2020-05-24,Mendocino,045,87422,21,0,21,0
2020-05-24,Merced,047,269075,370,0,370,7
2020-05-24,Modoc,049,8938,0,0,0,0
2020-05-24,Mono,051,14174,37,0,37,1
2020-05-24,Monterey,053,433212,517,1,518,10
2020-05-24,Napa,055,140530,128,0,128,3
2020-05-24,Nevada,057,99092,43,1,44,1
2020-05-24,Orange,059,3164182,7922,60,7982,175
2020-05-24,Placer,061,380077,221,0,221,9
2020-05-24,Plumas,063,18699,4,0,4,0
2020-05-24,Riverside,065,2383286,7928,20,7948,315
2020-05-24,Sacramento,067,1510023,1388,1,1389,59
2020-05-24,San Benito,069,59416,86,0,86,2
2020-05-24,San Bernardino,071,2135413,5415,4,5419,200
2020-05-24,San Diego,073,3302833,7653,0,7653,269
2020-05-24,San Francisco,075,870044,2523,0,2523,45
2020-05-24,San Joaquin,077,732212,947,3,950,37
2020-05-24,San Luis Obispo,079,281455,341,4,345,1
2020-05-24,San Mateo,081,765935,2195,2,2197,90
2020-05-24,Santa Barbara,083,443738,1672,9,1681,12
2020-05-24,Santa Clara,085,1922200,3286,13,3299,136
2020-05-24,Santa Cruz,087,273765,216,0,216,2
2020-05-24,Shasta,089,179085,53,0,53,4
2020-05-24,Sierra,091,2930,1,0,1,0
2020-05-24,Siskiyou,093,43540,7,0,7,0
2020-05-24,Solano,095,438530,581,0,581,19
2020-05-24,Sonoma,097,501317,554,0,554,3
2020-05-24,Stanislaus,099,539301,730,5,735,27
2020-05-24,Sutter,101,95872,45,0,45,2
2020-05-24,Tehama,103,63373,5,1,6,1
2020-05-24,Trinity,105,12862,6,2,8,0
2020-05-24,Tulare,107,460477,2308,10,2318,82
2020-05-24,Tuolumne,109,53932,5,0,5,0
2020-05-24,Ventura,111,848112,1458,8,1466,31
2020-05-24,Yolo,113,214977,219,0,219,22
2020-05-24,Yuba,115,75493,26,0,26,1
2020-05-23,Alameda,001,1643700,3322,5,3327,97
2020-05-23,Alpine,002,1148,1,0,1,0
2020-05-23,Amador,005,37829,10,0,10,0
2020-05-23,Butte,007,227075,62,4,66,0
2020-05-23,Calaveras,009,45235,15,0,15,0
2020-05-23,Colusa,011,21464,7,0,7,0
2020-05-23,Contra Costa,013,1133247,1505,1,1506,38
2020-05-23,Del Norte,015,27424,43,0,43,0
2020-05-23,El Dorado,017,186661,100,1,101,0
2020-05-23,Fresno,019,978130,2802,41,2843,39
2020-05-23,Glenn,021,27897,15,0,15,0
2020-05-23,Humboldt,023,135768,105,0,105,2
2020-05-23,Imperial,025,180216,2594,4,2598,37
2020-05-23,Inyo,027,18085,19,0,19,1
2020-05-23,Kern,029,883053,2388,6,2394,34
2020-05-23,Kings,031,150075,758,1,759,2
2020-05-23,Lake,033,64148,23,0,23,0
2020-05-23,Lassen,035,31185,8,2,10,0
2020-05-23,Los Angeles,037,10098052,53168,28,53196,2330
2020-05-23,Madera,039,155013,186,1,187,2
2020-05-23,Marin,041,260295,139,1,140,11
2020-05-23,Mariposa,043,17540,16,0,16,0
2020-05-23,Mendocino,045,87422,21,0,21,0
2020-05-23,Merced,047,269075,365,0,365,6
2020-05-23,Modoc,049,8938,0,0,0,0
2020-05-23,Mono,051,14174,36,0,36,1
2020-05-23,Monterey,053,433212,503,1,504,10
2020-05-23,Napa,055,140530,124,0,124,3
2020-05-23,Nevada,057,99092,43,1,44,1
2020-05-23,Orange,059,3164182,7763,59,7822,171
2020-05-23,Placer,061,380077,215,0,215,9
2020-05-23,Plumas,063,18699,4,0,4,0
2020-05-23,Riverside,065,2383286,7837,20,7857,308
2020-05-23,Sacramento,067,1510023,1372,1,1373,58
2020-05-23,San Benito,069,59416,81,0,81,2
2020-05-23,San Bernardino,071,2135413,5321,4,5325,197
2020-05-23,San Diego,073,3302833,7562,0,7562,263
2020-05-23,San Francisco,075,870044,2504,0,2504,45
2020-05-23,San Joaquin,077,732212,932,3,935,35
2020-05-23,San Luis Obispo,079,281455,337,4,341,1
2020-05-23,San Mateo,081,765935,2167,2,2169,90
2020-05-23,Santa Barbara,083,443738,1664,9,1673,12
2020-05-23,Santa Clara,085,1922200,3272,12,3284,136
2020-05-23,Santa Cruz,087,273765,214,0,214,2
2020-05-23,Shasta,089,179085,53,0,53,4
2020-05-23,Sierra,091,2930,1,0,1,0
2020-05-23,Siskiyou,093,43540,7,0,7,0
2020-05-23,Solano,095,438530,575,0,575,19
2020-05-23,Sonoma,097,501317,540,0,540,3
2020-05-23,Stanislaus,099,539301,722,5,727,27
2020-05-23,Sutter,101,95872,44,0,44,2
2020-05-23,Tehama,103,63373,5,1,6,1
2020-05-23,Trinity,105,12862,6,2,8,0
2020-05-23,Tulare,107,460477,2287,10,2297,80
2020-05-23,Tuolumne,109,53932,5,0,5,0
2020-05-23,Ventura,111,848112,1438,8,1446,31
2020-05-23,Yolo,113,214977,218,0,218,22
2020-05-23,Yuba,115,75493,26,0,26,1
2020-05-22,Alameda,001,1643700,3268,5,3273,96
2020-05-22,Alpine,002,1148,1,0,1,0
2020-05-22,Amador,005,37829,10,0,10,0
2020-05-22,Butte,007,227075,60,4,64,0
2020-05-22,Calaveras,009,45235,15,0,15,0
2020-05-22,Colusa,011,21464,7,0,7,0
2020-05-22,Contra Costa,013,1133247,1493,1,1494,38
2020-05-22,Del Norte,015,27424,41,0,41,0
2020-05-22,El Dorado,017,186661,97,1,98,0
2020-05-22,Fresno,019,978130,2743,40,2783,37
2020-05-22,Glenn,021,27897,15,0,15,0
2020-05-22,Humboldt,023,135768,105,0,105,2
2020-05-22,Imperial,025,180216,2492,4,2496,34
2020-05-22,Inyo,027,18085,19,0,19,1
2020-05-22,Kern,029,883053,2339,6,2345,33
2020-05-22,Kings,031,150075,755,1,756,2
2020-05-22,Lake,033,64148,22,0,22,0
2020-05-22,Lassen,035,31185,6,2,8,0
2020-05-22,Los Angeles,037,10098052,52371,28,52399,2293
2020-05-22,Madera,039,155013,182,1,183,2
2020-05-22,Marin,041,260295,137,1,138,11
2020-05-22,Mariposa,043,17540,16,0,16,0
2020-05-22,Mendocino,045,87422,20,0,20,0
2020-05-22,Merced,047,269075,359,0,359,6
2020-05-22,Modoc,049,8938,0,0,0,0
2020-05-22,Mono,051,14174,36,0,36,1
2020-05-22,Monterey,053,433212,492,1,493,10
2020-05-22,Napa,055,140530,122,0,122,3
2020-05-22,Nevada,057,99092,42,1,43,1
2020-05-22,Orange,059,3164182,7566,57,7623,163
2020-05-22,Placer,061,380077,215,0,215,9
2020-05-22,Plumas,063,18699,4,0,4,0
2020-05-22,Riverside,065,2383286,7722,20,7742,303
2020-05-22,Sacramento,067,1510023,1356,1,1357,58
2020-05-22,San Benito,069,59416,80,0,80,2
2020-05-22,San Bernardino,071,2135413,5246,4,5250,190
2020-05-22,San Diego,073,3302833,7476,0,7476,260
2020-05-22,San Francisco,075,870044,2486,0,2486,45
2020-05-22,San Joaquin,077,732212,919,3,922,35
2020-05-22,San Luis Obispo,079,281455,336,4,340,1
2020-05-22,San Mateo,081,765935,2148,2,2150,87
2020-05-22,Santa Barbara,083,443738,1654,9,1663,12
2020-05-22,Santa Clara,085,1922200,3252,12,3264,136
2020-05-22,Santa Cruz,087,273765,211,0,211,2
2020-05-22,Shasta,089,179085,53,0,53,4
2020-05-22,Sierra,091,2930,1,0,1,0
2020-05-22,Siskiyou,093,43540,7,0,7,0
2020-05-22,Solano,095,438530,572,0,572,18
2020-05-22,Sonoma,097,501317,536,0,536,3
2020-05-22,Stanislaus,099,539301,712,5,717,27
2020-05-22,Sutter,101,95872,44,0,44,2
2020-05-22,Tehama,103,63373,5,0,5,1
2020-05-22,Trinity,105,12862,6,2,8,0
2020-05-22,Tulare,107,460477,2257,10,2267,80
2020-05-22,Tuolumne,109,53932,5,0,5,0
2020-05-22,Ventura,111,848112,1420,8,1428,31
2020-05-22,Yolo,113,214977,216,0,216,22
2020-05-22,Yuba,115,75493,26,0,26,1
2020-05-21,Alameda,001,1643700,3202,5,3207,95
2020-05-21,Alpine,002,1148,1,0,1,0
2020-05-21,Amador,005,37829,10,0,10,0
2020-05-21,Butte,007,227075,59,4,63,0
2020-05-21,Calaveras,009,45235,15,0,15,0
2020-05-21,Colusa,011,21464,7,0,7,0
2020-05-21,Contra Costa,013,1133247,1457,1,1458,38
2020-05-21,Del Norte,015,27424,38,0,38,0
2020-05-21,El Dorado,017,186661,95,1,96,0
2020-05-21,Fresno,019,978130,2652,39,2691,34
2020-05-21,Glenn,021,27897,14,0,14,0
2020-05-21,Humboldt,023,135768,104,0,104,2
2020-05-21,Imperial,025,180216,2332,4,2336,31
2020-05-21,Inyo,027,18085,19,0,19,1
2020-05-21,Kern,029,883053,2263,5,2268,32
2020-05-21,Kings,031,150075,734,1,735,2
2020-05-21,Lake,033,64148,17,0,17,0
2020-05-21,Lassen,035,31185,6,2,8,0
2020-05-21,Los Angeles,037,10098052,51331,28,51359,2243
2020-05-21,Madera,039,155013,179,1,180,2
2020-05-21,Marin,041,260295,130,1,131,11
2020-05-21,Mariposa,043,17540,16,0,16,0
2020-05-21,Mendocino,045,87422,20,0,20,0
2020-05-21,Merced,047,269075,351,0,351,6
2020-05-21,Modoc,049,8938,0,0,0,0
2020-05-21,Mono,051,14174,36,0,36,1
2020-05-21,Monterey,053,433212,481,1,482,10
2020-05-21,Napa,055,140530,120,0,120,3
2020-05-21,Nevada,057,99092,42,1,43,1
2020-05-21,Orange,059,3164182,7363,57,7420,158
2020-05-21,Placer,061,380077,208,0,208,9
2020-05-21,Plumas,063,18699,4,0,4,0
2020-05-21,Riverside,065,2383286,7535,20,7555,298
2020-05-21,Sacramento,067,1510023,1343,1,1344,58
2020-05-21,San Benito,069,59416,77,0,77,2
2020-05-21,San Bernardino,071,2135413,5099,4,5103,186
2020-05-21,San Diego,073,3302833,7340,0,7340,255
2020-05-21,San Francisco,075,870044,2462,0,2462,45
2020-05-21,San Joaquin,077,732212,883,3,886,34
2020-05-21,San Luis Obispo,079,281455,336,3,339,1
2020-05-21,San Mateo,081,765935,2112,2,2114,86
2020-05-21,Santa Barbara,083,443738,1639,9,1648,12
2020-05-21,Santa Clara,085,1922200,3230,12,3242,136
2020-05-21,Santa Cruz,087,273765,203,0,203,2
2020-05-21,Shasta,089,179085,51,0,51,4
2020-05-21,Sierra,091,2930,1,0,1,0
2020-05-21,Siskiyou,093,43540,7,0,7,0
2020-05-21,Solano,095,438530,563,0,563,18
2020-05-21,Sonoma,097,501317,518,0,518,3
2020-05-21,Stanislaus,099,539301,700,5,705,27
2020-05-21,Sutter,101,95872,43,0,43,2
2020-05-21,Tehama,103,63373,4,0,4,1
2020-05-21,Trinity,105,12862,5,2,7,0
2020-05-21,Tulare,107,460477,2207,8,2215,79
2020-05-21,Tuolumne,109,53932,3,0,3,0
2020-05-21,Ventura,111,848112,1371,8,1379,31
2020-05-21,Yolo,113,214977,213,0,213,22
2020-05-21,Yuba,115,75493,26,0,26,1
2020-05-20,Alameda,001,1643700,3129,5,3134,94
2020-05-20,Alpine,002,1148,1,0,1,0
2020-05-20,Amador,005,37829,10,0,10,0
2020-05-20,Butte,007,227075,56,4,60,0
2020-05-20,Calaveras,009,45235,15,0,15,0
2020-05-20,Colusa,011,21464,7,0,7,0
2020-05-20,Contra Costa,013,1133247,1427,1,1428,38
2020-05-20,Del Norte,015,27424,31,0,31,0
2020-05-20,El Dorado,017,186661,94,1,95,0
2020-05-20,Fresno,019,978130,2579,38,2617,34
2020-05-20,Glenn,021,27897,13,0,13,0
2020-05-20,Humboldt,023,135768,101,0,101,2
2020-05-20,Imperial,025,180216,2216,4,2220,30
2020-05-20,Inyo,027,18085,19,0,19,1
2020-05-20,Kern,029,883053,2200,4,2204,31
2020-05-20,Kings,031,150075,590,1,591,2
2020-05-20,Lake,033,64148,17,0,17,0
2020-05-20,Lassen,035,31185,5,2,7,0
2020-05-20,Los Angeles,037,10098052,50341,28,50369,2212
2020-05-20,Madera,039,155013,177,1,178,2
2020-05-20,Marin,041,260295,117,1,118,11
2020-05-20,Mariposa,043,17540,16,0,16,0
2020-05-20,Mendocino,045,87422,20,0,20,0
2020-05-20,Merced,047,269075,346,0,346,6
2020-05-20,Modoc,049,8938,0,0,0,0
2020-05-20,Mono,051,14174,36,0,36,1
2020-05-20,Monterey,053,433212,467,1,468,10
2020-05-20,Napa,055,140530,113,0,113,3
2020-05-20,Nevada,057,99092,42,1,43,1
2020-05-20,Orange,059,3164182,7155,55,7210,152
2020-05-20,Placer,061,380077,206,0,206,9
2020-05-20,Plumas,063,18699,4,0,4,0
2020-05-20,Riverside,065,2383286,7392,20,7412,293
2020-05-20,Sacramento,067,1510023,1333,1,1334,58
2020-05-20,San Benito,069,59416,76,0,76,2
2020-05-20,San Bernardino,071,2135413,4971,4,4975,183
2020-05-20,San Diego,073,3302833,7223,0,7223,251
2020-05-20,San Francisco,075,870044,2439,0,2439,45
2020-05-20,San Joaquin,077,732212,847,3,850,34
2020-05-20,San Luis Obispo,079,281455,329,3,332,1
2020-05-20,San Mateo,081,765935,2059,2,2061,86
2020-05-20,Santa Barbara,083,443738,1620,9,1629,11
2020-05-20,Santa Clara,085,1922200,3209,11,3220,135
2020-05-20,Santa Cruz,087,273765,200,0,200,2
2020-05-20,Shasta,089,179085,51,0,51,4
2020-05-20,Sierra,091,2930,1,0,1,0
2020-05-20,Siskiyou,093,43540,7,0,7,0
2020-05-20,Solano,095,438530,558,0,558,17
2020-05-20,Sonoma,097,501317,509,0,509,3
2020-05-20,Stanislaus,099,539301,684,4,688,27
2020-05-20,Sutter,101,95872,43,0,43,2
2020-05-20,Tehama,103,63373,4,0,4,1
2020-05-20,Trinity,105,12862,4,1,5,0
2020-05-20,Tulare,107,460477,2166,8,2174,77
2020-05-20,Tuolumne,109,53932,3,0,3,0
2020-05-20,Ventura,111,848112,1335,8,1343,29
2020-05-20,Yolo,113,214977,210,0,210,22
2020-05-20,Yuba,115,75493,26,0,26,1
2020-05-19,Alameda,001,1643700,3053,3,3056,94
2020-05-19,Alpine,002,1148,1,0,1,0
2020-05-19,Amador,005,37829,10,0,10,0
2020-05-19,Butte,007,227075,54,4,58,0
2020-05-19,Calaveras,009,45235,15,0,15,0
2020-05-19,Colusa,011,21464,5,0,5,0
2020-05-19,Contra Costa,013,1133247,1403,1,1404,38
2020-05-19,Del Norte,015,27424,28,0,28,0
2020-05-19,El Dorado,017,186661,91,0,91,0
2020-05-19,Fresno,019,978130,2467,37,2504,34
2020-05-19,Glenn,021,27897,13,0,13,0
2020-05-19,Humboldt,023,135768,101,0,101,2
2020-05-19,Imperial,025,180216,2054,4,2058,27
2020-05-19,Inyo,027,18085,19,0,19,1
2020-05-19,Kern,029,883053,2102,4,2106,29
2020-05-19,Kings,031,150075,579,1,580,2
2020-05-19,Lake,033,64148,14,0,14,0
2020-05-19,Lassen,035,31185,5,2,7,0
2020-05-19,Los Angeles,037,10098052,49137,28,49165,2180
2020-05-19,Madera,039,155013,173,1,174,2
2020-05-19,Marin,041,260295,102,1,103,11
2020-05-19,Mariposa,043,17540,16,0,16,0
2020-05-19,Mendocino,045,87422,20,0,20,0
2020-05-19,Merced,047,269075,338,0,338,6
2020-05-19,Modoc,049,8938,0,0,0,0
2020-05-19,Mono,051,14174,36,0,36,1
2020-05-19,Monterey,053,433212,455,1,456,10
2020-05-19,Napa,055,140530,112,0,112,3
2020-05-19,Nevada,057,99092,42,1,43,1
2020-05-19,Orange,059,3164182,6961,53,7014,143
2020-05-19,Placer,061,380077,204,0,204,8
2020-05-19,Plumas,063,18699,4,0,4,0
2020-05-19,Riverside,065,2383286,7232,19,7251,287
2020-05-19,Sacramento,067,1510023,1319,1,1320,58
2020-05-19,San Benito,069,59416,74,0,74,2
2020-05-19,San Bernardino,071,2135413,4821,4,4825,180
2020-05-19,San Diego,073,3302833,7079,0,7079,247
2020-05-19,San Francisco,075,870044,2405,0,2405,45
2020-05-19,San Joaquin,077,732212,825,3,828,33
2020-05-19,San Luis Obispo,079,281455,329,3,332,1
2020-05-19,San Mateo,081,765935,2018,2,2020,82
2020-05-19,Santa Barbara,083,443738,1606,9,1615,11
2020-05-19,Santa Clara,085,1922200,3159,11,3170,135
2020-05-19,Santa Cruz,087,273765,189,0,189,2
2020-05-19,Shasta,089,179085,51,0,51,4
2020-05-19,Sierra,091,2930,0,0,0,0
2020-05-19,Siskiyou,093,43540,7,0,7,0
2020-05-19,Solano,095,438530,544,0,544,15
2020-05-19,Sonoma,097,501317,498,0,498,3
2020-05-19,Stanislaus,099,539301,670,4,674,25
2020-05-19,Sutter,101,95872,43,0,43,2
2020-05-19,Tehama,103,63373,4,0,4,1
2020-05-19,Trinity,105,12862,3,0,3,0
2020-05-19,Tulare,107,460477,2118,8,2126,75
2020-05-19,Tuolumne,109,53932,3,0,3,0
2020-05-19,Ventura,111,848112,1294,7,1301,28
2020-05-19,Yolo,113,214977,208,0,208,22
2020-05-19,Yuba,115,75493,26,0,26,1
2020-05-18,Alameda,001,1643700,2980,3,2983,94
2020-05-18,Alpine,002,1148,1,0,1,0
2020-05-18,Amador,005,37829,10,0,10,0
2020-05-18,Butte,007,227075,52,4,56,0
2020-05-18,Calaveras,009,45235,15,0,15,0
2020-05-18,Colusa,011,21464,5,0,5,0
2020-05-18,Contra Costa,013,1133247,1372,1,1373,37
2020-05-18,Del Norte,015,27424,23,0,23,0
2020-05-18,El Dorado,017,186661,89,0,89,0
2020-05-18,Fresno,019,978130,2392,36,2428,31
2020-05-18,Glenn,021,27897,13,0,13,0
2020-05-18,Humboldt,023,135768,101,0,101,2
2020-05-18,Imperial,025,180216,1901,4,1905,27
2020-05-18,Inyo,027,18085,19,0,19,1
2020-05-18,Kern,029,883053,2053,4,2057,28
2020-05-18,Kings,031,150075,548,1,549,2
2020-05-18,Lake,033,64148,13,0,13,0
2020-05-18,Lassen,035,31185,5,2,7,0
2020-05-18,Los Angeles,037,10098052,48111,28,48139,2130
2020-05-18,Madera,039,155013,167,1,168,2
2020-05-18,Marin,041,260295,98,1,99,11
2020-05-18,Mariposa,043,17540,16,0,16,0
2020-05-18,Mendocino,045,87422,15,0,15,0
2020-05-18,Merced,047,269075,329,0,329,6
2020-05-18,Modoc,049,8938,0,0,0,0
2020-05-18,Mono,051,14174,36,0,36,1
2020-05-18,Monterey,053,433212,444,1,445,9
2020-05-18,Napa,055,140530,108,0,108,3
2020-05-18,Nevada,057,99092,42,1,43,1
2020-05-18,Orange,059,3164182,6771,51,6822,141
2020-05-18,Placer,061,380077,202,0,202,8
2020-05-18,Plumas,063,18699,4,0,4,0
2020-05-18,Riverside,065,2383286,7032,18,7050,282
2020-05-18,Sacramento,067,1510023,1313,0,1313,58
2020-05-18,San Benito,069,59416,72,0,72,2
2020-05-18,San Bernardino,071,2135413,4674,4,4678,176
2020-05-18,San Diego,073,3302833,6946,0,6946,243
2020-05-18,San Francisco,075,870044,2382,0,2382,45
2020-05-18,San Joaquin,077,732212,813,3,816,33
2020-05-18,San Luis Obispo,079,281455,325,3,328,1
2020-05-18,San Mateo,081,765935,1980,2,1982,81
2020-05-18,Santa Barbara,083,443738,1595,9,1604,11
2020-05-18,Santa Clara,085,1922200,3126,11,3137,135
2020-05-18,Santa Cruz,087,273765,187,0,187,2
2020-05-18,Shasta,089,179085,50,0,50,4
2020-05-18,Sierra,091,2930,0,0,0,0
2020-05-18,Siskiyou,093,43540,7,0,7,0
2020-05-18,Solano,095,438530,533,0,533,14
2020-05-18,Sonoma,097,501317,480,0,480,3
2020-05-18,Stanislaus,099,539301,658,4,662,25
2020-05-18,Sutter,101,95872,43,0,43,2
2020-05-18,Tehama,103,63373,4,0,4,1
2020-05-18,Trinity,105,12862,3,0,3,0
2020-05-18,Tulare,107,460477,2074,8,2082,74
2020-05-18,Tuolumne,109,53932,3,0,3,0
2020-05-18,Ventura,111,848112,1271,6,1277,28
2020-05-18,Yolo,113,214977,203,0,203,22
2020-05-18,Yuba,115,75493,26,0,26,1
2020-05-17,Alameda,001,1643700,2885,3,2888,93
2020-05-17,Alpine,002,1148,1,0,1,0
2020-05-17,Amador,005,37829,10,0,10,0
2020-05-17,Butte,007,227075,51,4,55,0
2020-05-17,Calaveras,009,45235,15,0,15,0
2020-05-17,Colusa,011,21464,3,0,3,0
2020-05-17,Contra Costa,013,1133247,1333,1,1334,37
2020-05-17,Del Norte,015,27424,23,0,23,0
2020-05-17,El Dorado,017,186661,89,0,89,0
2020-05-17,Fresno,019,978130,2287,33,2320,29
2020-05-17,Glenn,021,27897,13,0,13,0
2020-05-17,Humboldt,023,135768,94,0,94,1
2020-05-17,Imperial,025,180216,1753,4,1757,27
2020-05-17,Inyo,027,18085,19,0,19,1
2020-05-17,Kern,029,883053,1975,3,1978,27
2020-05-17,Kings,031,150075,501,1,502,2
2020-05-17,Lake,033,64148,13,0,13,0
2020-05-17,Lassen,035,31185,5,2,7,0
2020-05-17,Los Angeles,037,10098052,46870,28,46898,2079
2020-05-17,Madera,039,155013,165,1,166,2
2020-05-17,Marin,041,260295,92,1,93,11
2020-05-17,Mariposa,043,17540,15,0,15,0
2020-05-17,Mendocino,045,87422,14,0,14,0
2020-05-17,Merced,047,269075,319,0,319,6
2020-05-17,Modoc,049,8938,0,0,0,0
2020-05-17,Mono,051,14174,36,0,36,1
2020-05-17,Monterey,053,433212,424,1,425,9
2020-05-17,Napa,055,140530,105,0,105,3
2020-05-17,Nevada,057,99092,42,1,43,1
2020-05-17,Orange,059,3164182,6591,50,6641,132
2020-05-17,Placer,061,380077,197,0,197,8
2020-05-17,Plumas,063,18699,4,0,4,0
2020-05-17,Riverside,065,2383286,6858,18,6876,275
2020-05-17,Sacramento,067,1510023,1302,0,1302,58
2020-05-17,San Benito,069,59416,71,0,71,2
2020-05-17,San Bernardino,071,2135413,4524,4,4528,173
2020-05-17,San Diego,073,3302833,6814,0,6814,234
2020-05-17,San Francisco,075,870044,2355,0,2355,45
2020-05-17,San Joaquin,077,732212,783,3,786,33
2020-05-17,San Luis Obispo,079,281455,323,3,326,1
2020-05-17,San Mateo,081,765935,1943,2,1945,79
2020-05-17,Santa Barbara,083,443738,1576,9,1585,11
2020-05-17,Santa Clara,085,1922200,3088,11,3099,135
2020-05-17,Santa Cruz,087,273765,176,0,176,2
2020-05-17,Shasta,089,179085,49,0,49,4
2020-05-17,Sierra,091,2930,0,0,0,0
2020-05-17,Siskiyou,093,43540,7,0,7,0
2020-05-17,Solano,095,438530,521,0,521,14
2020-05-17,Sonoma,097,501317,459,0,459,3
2020-05-17,Stanislaus,099,539301,647,4,651,24
2020-05-17,Sutter,101,95872,42,0,42,2
2020-05-17,Tehama,103,63373,3,0,3,1
2020-05-17,Trinity,105,12862,2,0,2,0
2020-05-17,Tulare,107,460477,1998,7,2005,71
2020-05-17,Tuolumne,109,53932,3,0,3,0
2020-05-17,Ventura,111,848112,1226,6,1232,28
2020-05-17,Yolo,113,214977,201,0,201,22
2020-05-17,Yuba,115,75493,26,0,26,1
2020-05-16,Alameda,001,1643700,2835,3,2838,92
2020-05-16,Alpine,002,1148,1,0,1,0
2020-05-16,Amador,005,37829,10,0,10,0
2020-05-16,Butte,007,227075,46,4,50,0
2020-05-16,Calaveras,009,45235,15,0,15,0
2020-05-16,Colusa,011,21464,3,0,3,0
2020-05-16,Contra Costa,013,1133247,1315,1,1316,37
2020-05-16,Del Norte,015,27424,19,0,19,0
2020-05-16,El Dorado,017,186661,89,0,89,0
2020-05-16,Fresno,019,978130,2231,33,2264,27
2020-05-16,Glenn,021,27897,13,0,13,0
2020-05-16,Humboldt,023,135768,92,0,92,0
2020-05-16,Imperial,025,180216,1688,4,1692,26
2020-05-16,Inyo,027,18085,19,0,19,1
2020-05-16,Kern,029,883053,1939,3,1942,27
2020-05-16,Kings,031,150075,491,1,492,2
2020-05-16,Lake,033,64148,13,0,13,0
2020-05-16,Lassen,035,31185,4,2,6,0
2020-05-16,Los Angeles,037,10098052,46296,28,46324,2034
2020-05-16,Madera,039,155013,163,1,164,2
2020-05-16,Marin,041,260295,90,1,91,11
2020-05-16,Mariposa,043,17540,15,0,15,0
2020-05-16,Mendocino,045,87422,14,0,14,0
2020-05-16,Merced,047,269075,317,0,317,6
2020-05-16,Modoc,049,8938,0,0,0,0
2020-05-16,Mono,051,14174,36,0,36,1
2020-05-16,Monterey,053,433212,409,1,410,9
2020-05-16,Napa,055,140530,105,0,105,3
2020-05-16,Nevada,057,99092,42,1,43,1
2020-05-16,Orange,059,3164182,6515,49,6564,125
2020-05-16,Placer,061,380077,195,0,195,8
2020-05-16,Plumas,063,18699,4,0,4,0
2020-05-16,Riverside,065,2383286,6773,18,6791,270
2020-05-16,Sacramento,067,1510023,1295,0,1295,58
2020-05-16,San Benito,069,59416,66,0,66,2
2020-05-16,San Bernardino,071,2135413,4452,4,4456,170
2020-05-16,San Diego,073,3302833,6728,0,6728,230
2020-05-16,San Francisco,075,870044,2332,0,2332,43
2020-05-16,San Joaquin,077,732212,775,3,778,33
2020-05-16,San Luis Obispo,079,281455,322,3,325,1
2020-05-16,San Mateo,081,765935,1928,2,1930,78
2020-05-16,Santa Barbara,083,443738,1565,9,1574,11
2020-05-16,Santa Clara,085,1922200,3070,11,3081,135
2020-05-16,Santa Cruz,087,273765,173,0,173,2
2020-05-16,Shasta,089,179085,49,0,49,4
2020-05-16,Sierra,091,2930,0,0,0,0
2020-05-16,Siskiyou,093,43540,7,0,7,0
2020-05-16,Solano,095,438530,516,0,516,14
2020-05-16,Sonoma,097,501317,446,0,446,3
2020-05-16,Stanislaus,099,539301,638,4,642,24
2020-05-16,Sutter,101,95872,42,0,42,2
2020-05-16,Tehama,103,63373,3,0,3,1
2020-05-16,Trinity,105,12862,2,0,2,0
2020-05-16,Tulare,107,460477,1980,7,1987,71
2020-05-16,Tuolumne,109,53932,3,0,3,0
2020-05-16,Ventura,111,848112,1200,6,1206,27
2020-05-16,Yolo,113,214977,200,0,200,22
2020-05-16,Yuba,115,75493,26,0,26,1
2020-05-15,Alameda,001,1643700,2801,3,2804,90
2020-05-15,Alpine,002,1148,1,0,1,0
2020-05-15,Amador,005,37829,10,0,10,0
2020-05-15,Butte,007,227075,44,4,48,0
2020-05-15,Calaveras,009,45235,14,0,14,0
2020-05-15,Colusa,011,21464,3,0,3,0
2020-05-15,Contra Costa,013,1133247,1297,1,1298,35
2020-05-15,Del Norte,015,27424,14,0,14,0
2020-05-15,El Dorado,017,186661,89,0,89,0
2020-05-15,Fresno,019,978130,2165,33,2198,27
2020-05-15,Glenn,021,27897,13,0,13,0
2020-05-15,Humboldt,023,135768,91,0,91,0
2020-05-15,Imperial,025,180216,1603,0,1603,24
2020-05-15,Inyo,027,18085,19,0,19,1
2020-05-15,Kern,029,883053,1883,3,1886,27
2020-05-15,Kings,031,150075,488,1,489,2
2020-05-15,Lake,033,64148,13,0,13,0
2020-05-15,Lassen,035,31185,4,2,6,0
2020-05-15,Los Angeles,037,10098052,45508,28,45536,1978
2020-05-15,Madera,039,155013,162,1,163,2
2020-05-15,Marin,041,260295,84,1,85,11
2020-05-15,Mariposa,043,17540,15,0,15,0
2020-05-15,Mendocino,045,87422,14,0,14,0
2020-05-15,Merced,047,269075,313,0,313,6
2020-05-15,Modoc,049,8938,0,0,0,0
2020-05-15,Mono,051,14174,36,0,36,1
2020-05-15,Monterey,053,433212,403,1,404,9
2020-05-15,Napa,055,140530,105,0,105,3
2020-05-15,Nevada,057,99092,42,1,43,1
2020-05-15,Orange,059,3164182,6343,49,6392,123
2020-05-15,Placer,061,380077,193,0,193,8
2020-05-15,Plumas,063,18699,4,0,4,0
2020-05-15,Riverside,065,2383286,6659,18,6677,262
2020-05-15,Sacramento,067,1510023,1285,0,1285,58
2020-05-15,San Benito,069,59416,63,0,63,2
2020-05-15,San Bernardino,071,2135413,4374,4,4378,168
2020-05-15,San Diego,073,3302833,6621,0,6621,221
2020-05-15,San Francisco,075,870044,2316,0,2316,43
2020-05-15,San Joaquin,077,732212,769,3,772,32
2020-05-15,San Luis Obispo,079,281455,320,3,323,1
2020-05-15,San Mateo,081,765935,1906,2,1908,78
2020-05-15,Santa Barbara,083,443738,1556,8,1564,11
2020-05-15,Santa Clara,085,1922200,3027,10,3037,134
2020-05-15,Santa Cruz,087,273765,172,0,172,2
2020-05-15,Shasta,089,179085,48,0,48,4
2020-05-15,Sierra,091,2930,0,0,0,0
2020-05-15,Siskiyou,093,43540,6,0,6,0
2020-05-15,Solano,095,438530,512,0,512,14
2020-05-15,Sonoma,097,501317,438,0,438,3
2020-05-15,Stanislaus,099,539301,631,4,635,24
2020-05-15,Sutter,101,95872,41,0,41,2
2020-05-15,Tehama,103,63373,3,0,3,1
2020-05-15,Trinity,105,12862,2,0,2,0
2020-05-15,Tulare,107,460477,1952,7,1959,66
2020-05-15,Tuolumne,109,53932,3,0,3,0
2020-05-15,Ventura,111,848112,1182,5,1187,26
2020-05-15,Yolo,113,214977,199,0,199,22
2020-05-15,Yuba,115,75493,26,0,26,1
2020-05-14,Alameda,001,1643700,2709,3,2712,88
2020-05-14,Alpine,002,1148,1,0,1,0
2020-05-14,Amador,005,37829,10,0,10,0
2020-05-14,Butte,007,227075,42,4,46,0
2020-05-14,Calaveras,009,45235,14,0,14,0
2020-05-14,Colusa,011,21464,3,0,3,0
2020-05-14,Contra Costa,013,1133247,1270,1,1271,34
2020-05-14,Del Norte,015,27424,14,0,14,0
2020-05-14,El Dorado,017,186661,80,0,80,0
2020-05-14,Fresno,019,978130,2105,29,2134,25
2020-05-14,Glenn,021,27897,12,0,12,0
2020-05-14,Humboldt,023,135768,89,0,89,0
2020-05-14,Imperial,025,180216,1487,0,1487,22
2020-05-14,Inyo,027,18085,19,0,19,1
2020-05-14,Kern,029,883053,1841,3,1844,26
2020-05-14,Kings,031,150075,472,1,473,2
2020-05-14,Lake,033,64148,13,0,13,0
2020-05-14,Lassen,035,31185,4,2,6,0
2020-05-14,Los Angeles,037,10098052,44336,28,44364,1931
2020-05-14,Madera,039,155013,153,1,154,2
2020-05-14,Marin,041,260295,79,1,80,11
2020-05-14,Mariposa,043,17540,15,0,15,0
2020-05-14,Mendocino,045,87422,13,0,13,0
2020-05-14,Merced,047,269075,303,0,303,5
2020-05-14,Modoc,049,8938,0,0,0,0
2020-05-14,Mono,051,14174,36,0,36,1
2020-05-14,Monterey,053,433212,393,1,394,9
2020-05-14,Napa,055,140530,103,0,103,3
2020-05-14,Nevada,057,99092,41,1,42,1
2020-05-14,Orange,059,3164182,6169,47,6216,119
2020-05-14,Placer,061,380077,193,0,193,8
2020-05-14,Plumas,063,18699,4,0,4,0
2020-05-14,Riverside,065,2383286,6475,18,6493,259
2020-05-14,Sacramento,067,1510023,1273,0,1273,58
2020-05-14,San Benito,069,59416,61,0,61,2
2020-05-14,San Bernardino,071,2135413,4195,4,4199,165
2020-05-14,San Diego,073,3302833,6486,0,6486,218
2020-05-14,San Francisco,075,870044,2283,0,2283,42
2020-05-14,San Joaquin,077,732212,754,3,757,32
2020-05-14,San Luis Obispo,079,281455,317,3,320,1
2020-05-14,San Mateo,081,765935,1874,2,1876,77
2020-05-14,Santa Barbara,083,443738,1544,8,1552,11
2020-05-14,Santa Clara,085,1922200,3004,10,3014,133
2020-05-14,Santa Cruz,087,273765,170,0,170,2
2020-05-14,Shasta,089,179085,48,0,48,4
2020-05-14,Sierra,091,2930,0,0,0,0
2020-05-14,Siskiyou,093,43540,6,0,6,0
2020-05-14,Solano,095,438530,503,0,503,14
2020-05-14,Sonoma,097,501317,421,0,421,3
2020-05-14,Stanislaus,099,539301,612,4,616,24
2020-05-14,Sutter,101,95872,41,0,41,2
2020-05-14,Tehama,103,63373,3,0,3,1
2020-05-14,Trinity,105,12862,2,0,2,0
2020-05-14,Tulare,107,460477,1913,7,1920,64
2020-05-14,Tuolumne,109,53932,3,0,3,0
2020-05-14,Ventura,111,848112,1151,5,1156,25
2020-05-14,Yolo,113,214977,199,0,199,22
2020-05-14,Yuba,115,75493,26,0,26,1
2020-05-13,Alameda,001,1643700,2651,3,2654,87
2020-05-13,Alpine,002,1148,1,0,1,0
2020-05-13,Amador,005,37829,10,0,10,0
2020-05-13,Butte,007,227075,42,4,46,0
2020-05-13,Calaveras,009,45235,14,0,14,0
2020-05-13,Colusa,011,21464,3,0,3,0
2020-05-13,Contra Costa,013,1133247,1248,1,1249,34
2020-05-13,Del Norte,015,27424,13,0,13,0
2020-05-13,El Dorado,017,186661,79,0,79,0
2020-05-13,Fresno,019,978130,2006,29,2035,23
2020-05-13,Glenn,021,27897,11,0,11,0
2020-05-13,Humboldt,023,135768,83,0,83,0
2020-05-13,Imperial,025,180216,1417,0,1417,20
2020-05-13,Inyo,027,18085,19,0,19,1
2020-05-13,Kern,029,883053,1795,3,1798,24
2020-05-13,Kings,031,150075,458,1,459,1
2020-05-13,Lake,033,64148,13,0,13,0
2020-05-13,Lassen,035,31185,4,2,6,0
2020-05-13,Los Angeles,037,10098052,43024,28,43052,1897
2020-05-13,Madera,039,155013,144,1,145,2
2020-05-13,Marin,041,260295,69,1,70,11
2020-05-13,Mariposa,043,17540,15,0,15,0
2020-05-13,Mendocino,045,87422,13,0,13,0
2020-05-13,Merced,047,269075,299,0,299,4
2020-05-13,Modoc,049,8938,0,0,0,0
2020-05-13,Mono,051,14174,35,0,35,1
2020-05-13,Monterey,053,433212,383,1,384,7
2020-05-13,Napa,055,140530,103,0,103,3
2020-05-13,Nevada,057,99092,41,1,42,1
2020-05-13,Orange,059,3164182,5923,45,5968,113
2020-05-13,Placer,061,380077,192,0,192,8
2020-05-13,Plumas,063,18699,4,0,4,0
2020-05-13,Riverside,065,2383286,6352,18,6370,250
2020-05-13,Sacramento,067,1510023,1258,0,1258,58
2020-05-13,San Benito,069,59416,61,0,61,2
2020-05-13,San Bernardino,071,2135413,3939,3,3942,162
2020-05-13,San Diego,073,3302833,6350,0,6350,214
2020-05-13,San Francisco,075,870044,2255,0,2255,42
2020-05-13,San Joaquin,077,732212,733,3,736,31
2020-05-13,San Luis Obispo,079,281455,315,3,318,1
2020-05-13,San Mateo,081,765935,1842,2,1844,74
2020-05-13,Santa Barbara,083,443738,1533,8,1541,11
2020-05-13,Santa Clara,085,1922200,2984,10,2994,132
2020-05-13,Santa Cruz,087,273765,166,0,166,2
2020-05-13,Shasta,089,179085,48,0,48,4
2020-05-13,Sierra,091,2930,0,0,0,0
2020-05-13,Siskiyou,093,43540,6,0,6,0
2020-05-13,Solano,095,438530,490,0,490,13
2020-05-13,Sonoma,097,501317,411,0,411,3
2020-05-13,Stanislaus,099,539301,603,4,607,24
2020-05-13,Sutter,101,95872,41,0,41,2
2020-05-13,Tehama,103,63373,3,0,3,1
2020-05-13,Trinity,105,12862,2,0,2,0
2020-05-13,Tulare,107,460477,1880,7,1887,62
2020-05-13,Tuolumne,109,53932,3,0,3,0
2020-05-13,Ventura,111,848112,1120,5,1125,25
2020-05-13,Yolo,113,214977,197,0,197,22
2020-05-13,Yuba,115,75493,24,0,24,1
2020-05-12,Alameda,001,1643700,2587,3,2590,86
2020-05-12,Alpine,002,1148,1,0,1,0
2020-05-12,Amador,005,37829,10,0,10,0
2020-05-12,Butte,007,227075,40,4,44,0
2020-05-12,Calaveras,009,45235,13,0,13,0
2020-05-12,Colusa,011,21464,3,0,3,0
2020-05-12,Contra Costa,013,1133247,1217,1,1218,34
2020-05-12,Del Norte,015,27424,10,0,10,0
2020-05-12,El Dorado,017,186661,76,0,76,0
2020-05-12,Fresno,019,978130,1922,27,1949,21
2020-05-12,Glenn,021,27897,10,0,10,0
2020-05-12,Humboldt,023,135768,80,0,80,0
2020-05-12,Imperial,025,180216,1287,0,1287,20
2020-05-12,Inyo,027,18085,19,0,19,1
2020-05-12,Kern,029,883053,1754,3,1757,23
2020-05-12,Kings,031,150075,437,1,438,1
2020-05-12,Lake,033,64148,13,0,13,0
2020-05-12,Lassen,035,31185,4,2,6,0
2020-05-12,Los Angeles,037,10098052,42031,27,42058,1851
2020-05-12,Madera,039,155013,138,1,139,2
2020-05-12,Marin,041,260295,65,1,66,11
2020-05-12,Mariposa,043,17540,15,0,15,0
2020-05-12,Mendocino,045,87422,13,0,13,0
2020-05-12,Merced,047,269075,286,0,286,4
2020-05-12,Modoc,049,8938,0,0,0,0
2020-05-12,Mono,051,14174,35,0,35,1
2020-05-12,Monterey,053,433212,376,1,377,7
2020-05-12,Napa,055,140530,100,0,100,3
2020-05-12,Nevada,057,99092,41,1,42,1
2020-05-12,Orange,059,3164182,5741,43,5784,111
2020-05-12,Placer,061,380077,191,0,191,8
2020-05-12,Plumas,063,18699,4,0,4,0
2020-05-12,Riverside,065,2383286,6229,18,6247,245
2020-05-12,Sacramento,067,1510023,1238,0,1238,57
2020-05-12,San Benito,069,59416,61,0,61,2
2020-05-12,San Bernardino,071,2135413,3787,3,3790,157
2020-05-12,San Diego,073,3302833,6206,0,6206,211
2020-05-12,San Francisco,075,870044,2220,0,2220,42
2020-05-12,San Joaquin,077,732212,718,3,721,31
2020-05-12,San Luis Obispo,079,281455,312,3,315,1
2020-05-12,San Mateo,081,765935,1816,2,1818,73
2020-05-12,Santa Barbara,083,443738,1502,8,1510,11
2020-05-12,Santa Clara,085,1922200,2953,10,2963,131
2020-05-12,Santa Cruz,087,273765,164,0,164,2
2020-05-12,Shasta,089,179085,47,0,47,4
2020-05-12,Sierra,091,2930,0,0,0,0
2020-05-12,Siskiyou,093,43540,6,0,6,0
2020-05-12,Solano,095,438530,481,0,481,11
2020-05-12,Sonoma,097,501317,388,0,388,3
2020-05-12,Stanislaus,099,539301,596,4,600,23
2020-05-12,Sutter,101,95872,41,0,41,2
2020-05-12,Tehama,103,63373,3,0,3,1
2020-05-12,Trinity,105,12862,2,0,2,0
2020-05-12,Tulare,107,460477,1848,7,1855,59
2020-05-12,Tuolumne,109,53932,3,0,3,0
2020-05-12,Ventura,111,848112,1064,5,1069,24
2020-05-12,Yolo,113,214977,196,0,196,22
2020-05-12,Yuba,115,75493,24,0,24,1
2020-05-11,Alameda,001,1643700,2537,3,2540,83
2020-05-11,Alpine,002,1148,1,0,1,0
2020-05-11,Amador,005,37829,10,0,10,0
2020-05-11,Butte,007,227075,39,4,43,0
2020-05-11,Calaveras,009,45235,13,0,13,0
2020-05-11,Colusa,011,21464,3,0,3,0
2020-05-11,Contra Costa,013,1133247,1203,1,1204,34
2020-05-11,Del Norte,015,27424,8,0,8,0
2020-05-11,El Dorado,017,186661,76,0,76,0
2020-05-11,Fresno,019,978130,1831,26,1857,19
2020-05-11,Glenn,021,27897,10,0,10,0
2020-05-11,Humboldt,023,135768,77,0,77,0
2020-05-11,Imperial,025,180216,1181,0,1181,20
2020-05-11,Inyo,027,18085,19,0,19,1
2020-05-11,Kern,029,883053,1702,3,1705,21
2020-05-11,Kings,031,150075,414,0,414,1
2020-05-11,Lake,033,64148,12,0,12,0
2020-05-11,Lassen,035,31185,4,2,6,0
2020-05-11,Los Angeles,037,10098052,40848,27,40875,1801
2020-05-11,Madera,039,155013,129,1,130,2
2020-05-11,Marin,041,260295,57,1,58,11
2020-05-11,Mariposa,043,17540,15,0,15,0
2020-05-11,Mendocino,045,87422,13,0,13,0
2020-05-11,Merced,047,269075,269,0,269,4
2020-05-11,Modoc,049,8938,0,0,0,0
2020-05-11,Mono,051,14174,35,0,35,1
2020-05-11,Monterey,053,433212,373,1,374,7
2020-05-11,Napa,055,140530,94,0,94,3
2020-05-11,Nevada,057,99092,41,1,42,1
2020-05-11,Orange,059,3164182,5526,37,5563,111
2020-05-11,Placer,061,380077,191,0,191,8
2020-05-11,Plumas,063,18699,4,0,4,0
2020-05-11,Riverside,065,2383286,6071,17,6088,235
2020-05-11,Sacramento,067,1510023,1223,0,1223,55
2020-05-11,San Benito,069,59416,59,0,59,2
2020-05-11,San Bernardino,071,2135413,3676,3,3679,156
2020-05-11,San Diego,073,3302833,6053,0,6053,203
2020-05-11,San Francisco,075,870044,2174,0,2174,41
2020-05-11,San Joaquin,077,732212,708,3,711,31
2020-05-11,San Luis Obispo,079,281455,310,3,313,1
2020-05-11,San Mateo,081,765935,1790,2,1792,72
2020-05-11,Santa Barbara,083,443738,1491,7,1498,11
2020-05-11,Santa Clara,085,1922200,2936,10,2946,130
2020-05-11,Santa Cruz,087,273765,161,0,161,2
2020-05-11,Shasta,089,179085,47,0,47,4
2020-05-11,Sierra,091,2930,0,0,0,0
2020-05-11,Siskiyou,093,43540,6,0,6,0
2020-05-11,Solano,095,438530,474,0,474,11
2020-05-11,Sonoma,097,501317,378,0,378,3
2020-05-11,Stanislaus,099,539301,586,4,590,22
2020-05-11,Sutter,101,95872,40,0,40,2
2020-05-11,Tehama,103,63373,3,0,3,1
2020-05-11,Trinity,105,12862,2,0,2,0
2020-05-11,Tulare,107,460477,1799,7,1806,58
2020-05-11,Tuolumne,109,53932,3,0,3,0
2020-05-11,Ventura,111,848112,1003,4,1007,23
2020-05-11,Yolo,113,214977,196,0,196,22
2020-05-11,Yuba,115,75493,24,0,24,1
2020-05-10,Alameda,001,1643700,2460,3,2463,81
2020-05-10,Alpine,002,1148,1,0,1,0
2020-05-10,Amador,005,37829,10,0,10,0
2020-05-10,Butte,007,227075,34,4,38,0
2020-05-10,Calaveras,009,45235,13,0,13,0
2020-05-10,Colusa,011,21464,3,0,3,0
2020-05-10,Contra Costa,013,1133247,1189,0,1189,34
2020-05-10,Del Norte,015,27424,7,0,7,0
2020-05-10,El Dorado,017,186661,76,0,76,0
2020-05-10,Fresno,019,978130,1745,26,1771,18
2020-05-10,Glenn,021,27897,10,0,10,0
2020-05-10,Humboldt,023,135768,73,0,73,0
2020-05-10,Imperial,025,180216,1087,0,1087,19
2020-05-10,Inyo,027,18085,19,0,19,1
2020-05-10,Kern,029,883053,1651,2,1653,21
2020-05-10,Kings,031,150075,401,0,401,1
2020-05-10,Lake,033,64148,12,0,12,0
2020-05-10,Lassen,035,31185,4,2,6,0
2020-05-10,Los Angeles,037,10098052,39589,27,39616,1768
2020-05-10,Madera,039,155013,127,1,128,2
2020-05-10,Marin,041,260295,53,1,54,11
2020-05-10,Mariposa,043,17540,15,0,15,0
2020-05-10,Mendocino,045,87422,12,0,12,0
2020-05-10,Merced,047,269075,253,0,253,3
2020-05-10,Modoc,049,8938,0,0,0,0
2020-05-10,Mono,051,14174,35,0,35,1
2020-05-10,Monterey,053,433212,359,1,360,7
2020-05-10,Napa,055,140530,88,0,88,3
2020-05-10,Nevada,057,99092,41,1,42,1
2020-05-10,Orange,059,3164182,5383,37,5420,107
2020-05-10,Placer,061,380077,190,0,190,8
2020-05-10,Plumas,063,18699,4,0,4,0
2020-05-10,Riverside,065,2383286,5949,17,5966,229
2020-05-10,Sacramento,067,1510023,1207,0,1207,55
2020-05-10,San Benito,069,59416,59,0,59,2
2020-05-10,San Bernardino,071,2135413,3578,3,3581,151
2020-05-10,San Diego,073,3302833,5901,0,5901,197
2020-05-10,San Francisco,075,870044,2156,0,2156,41
2020-05-10,San Joaquin,077,732212,693,3,696,31
2020-05-10,San Luis Obispo,079,281455,307,3,310,1
2020-05-10,San Mateo,081,765935,1768,2,1770,72
2020-05-10,Santa Barbara,083,443738,1480,7,1487,11
2020-05-10,Santa Clara,085,1922200,2909,10,2919,128
2020-05-10,Santa Cruz,087,273765,160,0,160,2
2020-05-10,Shasta,089,179085,47,0,47,4
2020-05-10,Sierra,091,2930,0,0,0,0
2020-05-10,Siskiyou,093,43540,5,0,5,0
2020-05-10,Solano,095,438530,462,0,462,10
2020-05-10,Sonoma,097,501317,368,0,368,3
2020-05-10,Stanislaus,099,539301,579,4,583,21
2020-05-10,Sutter,101,95872,37,0,37,2
2020-05-10,Tehama,103,63373,3,0,3,1
2020-05-10,Trinity,105,12862,2,0,2,0
2020-05-10,Tulare,107,460477,1728,7,1735,56
2020-05-10,Tuolumne,109,53932,3,0,3,0
2020-05-10,Ventura,111,848112,945,2,947,22
2020-05-10,Yolo,113,214977,196,0,196,21
2020-05-10,Yuba,115,75493,23,0,23,1
2020-05-09,Alameda,001,1643700,2417,3,2420,80
2020-05-09,Alpine,002,1148,1,0,1,0
2020-05-09,Amador,005,37829,9,0,9,0
2020-05-09,Butte,007,227075,33,4,37,0
2020-05-09,Calaveras,009,45235,13,0,13,0
2020-05-09,Colusa,011,21464,3,0,3,0
2020-05-09,Contra Costa,013,1133247,1175,0,1175,33
2020-05-09,Del Norte,015,27424,7,0,7,0
2020-05-09,El Dorado,017,186661,73,0,73,0
2020-05-09,Fresno,019,978130,1707,25,1732,16
2020-05-09,Glenn,021,27897,9,0,9,0
2020-05-09,Humboldt,023,135768,71,0,71,0
2020-05-09,Imperial,025,180216,1030,0,1030,17
2020-05-09,Inyo,027,18085,19,0,19,1
2020-05-09,Kern,029,883053,1615,1,1616,19
2020-05-09,Kings,031,150075,396,0,396,1
2020-05-09,Lake,033,64148,12,0,12,0
2020-05-09,Lassen,035,31185,4,2,6,0
2020-05-09,Los Angeles,037,10098052,38968,27,38995,1733
2020-05-09,Madera,039,155013,126,1,127,2
2020-05-09,Marin,041,260295,53,1,54,11
2020-05-09,Mariposa,043,17540,15,0,15,0
2020-05-09,Mendocino,045,87422,12,0,12,0
2020-05-09,Merced,047,269075,249,0,249,3
2020-05-09,Modoc,049,8938,0,0,0,0
2020-05-09,Mono,051,14174,35,0,35,1
2020-05-09,Monterey,053,433212,352,0,352,7
2020-05-09,Napa,055,140530,87,0,87,2
2020-05-09,Nevada,057,99092,41,1,42,1
2020-05-09,Orange,059,3164182,5299,37,5336,105
2020-05-09,Placer,061,380077,189,0,189,8
2020-05-09,Plumas,063,18699,4,0,4,0
2020-05-09,Riverside,065,2383286,5854,17,5871,219
2020-05-09,Sacramento,067,1510023,1203,0,1203,54
2020-05-09,San Benito,069,59416,58,0,58,2
2020-05-09,San Bernardino,071,2135413,3522,3,3525,146
2020-05-09,San Diego,073,3302833,5789,0,5789,191
2020-05-09,San Francisco,075,870044,2141,0,2141,41
2020-05-09,San Joaquin,077,732212,684,3,687,31
2020-05-09,San Luis Obispo,079,281455,303,3,306,1
2020-05-09,San Mateo,081,765935,1749,2,1751,72
2020-05-09,Santa Barbara,083,443738,1472,7,1479,11
2020-05-09,Santa Clara,085,1922200,2895,10,2905,128
2020-05-09,Santa Cruz,087,273765,159,0,159,2
2020-05-09,Shasta,089,179085,47,0,47,4
2020-05-09,Sierra,091,2930,0,0,0,0
2020-05-09,Siskiyou,093,43540,5,0,5,0
2020-05-09,Solano,095,438530,456,0,456,9
2020-05-09,Sonoma,097,501317,364,0,364,3
2020-05-09,Stanislaus,099,539301,571,4,575,20
2020-05-09,Sutter,101,95872,37,0,37,2
2020-05-09,Tehama,103,63373,2,0,2,1
2020-05-09,Trinity,105,12862,2,0,2,0
2020-05-09,Tulare,107,460477,1700,7,1707,54
2020-05-09,Tuolumne,109,53932,3,0,3,0
2020-05-09,Ventura,111,848112,924,2,926,20
2020-05-09,Yolo,113,214977,196,0,196,21
2020-05-09,Yuba,115,75493,23,0,23,1
2020-05-08,Alameda,001,1643700,2374,3,2377,79
2020-05-08,Alpine,002,1148,1,0,1,0
2020-05-08,Amador,005,37829,9,0,9,0
2020-05-08,Butte,007,227075,33,4,37,0
2020-05-08,Calaveras,009,45235,13,0,13,0
2020-05-08,Colusa,011,21464,3,0,3,0
2020-05-08,Contra Costa,013,1133247,1163,0,1163,33
2020-05-08,Del Norte,015,27424,7,0,7,0
2020-05-08,El Dorado,017,186661,72,0,72,0
2020-05-08,Fresno,019,978130,1666,23,1689,16
2020-05-08,Glenn,021,27897,8,0,8,0
2020-05-08,Humboldt,023,135768,68,0,68,0
2020-05-08,Imperial,025,180216,984,0,984,17
2020-05-08,Inyo,027,18085,19,0,19,1
2020-05-08,Kern,029,883053,1584,1,1585,19
2020-05-08,Kings,031,150075,387,0,387,1
2020-05-08,Lake,033,64148,12,0,12,0
2020-05-08,Lassen,035,31185,4,2,6,0
2020-05-08,Los Angeles,037,10098052,38234,27,38261,1677
2020-05-08,Madera,039,155013,123,1,124,2
2020-05-08,Marin,041,260295,53,1,54,11
2020-05-08,Mariposa,043,17540,15,0,15,0
2020-05-08,Mendocino,045,87422,12,0,12,0
2020-05-08,Merced,047,269075,248,0,248,3
2020-05-08,Modoc,049,8938,0,0,0,0
2020-05-08,Mono,051,14174,32,0,32,1
2020-05-08,Monterey,053,433212,344,0,344,7
2020-05-08,Napa,055,140530,86,0,86,2
2020-05-08,Nevada,057,99092,41,1,42,1
2020-05-08,Orange,059,3164182,5151,37,5188,98
2020-05-08,Placer,061,380077,187,0,187,8
2020-05-08,Plumas,063,18699,4,0,4,0
2020-05-08,Riverside,065,2383286,5754,16,5770,216
2020-05-08,Sacramento,067,1510023,1198,0,1198,53
2020-05-08,San Benito,069,59416,58,0,58,2
2020-05-08,San Bernardino,071,2135413,3474,3,3477,141
2020-05-08,San Diego,073,3302833,5682,0,5682,183
2020-05-08,San Francisco,075,870044,2123,0,2123,39
2020-05-08,San Joaquin,077,732212,677,3,680,31
2020-05-08,San Luis Obispo,079,281455,300,3,303,1
2020-05-08,San Mateo,081,765935,1664,2,1666,72
2020-05-08,Santa Barbara,083,443738,1463,5,1468,11
2020-05-08,Santa Clara,085,1922200,2872,10,2882,127
2020-05-08,Santa Cruz,087,273765,155,0,155,2
2020-05-08,Shasta,089,179085,47,0,47,4
2020-05-08,Sierra,091,2930,0,0,0,0
2020-05-08,Siskiyou,093,43540,5,0,5,0
2020-05-08,Solano,095,438530,451,0,451,9
2020-05-08,Sonoma,097,501317,359,0,359,3
2020-05-08,Stanislaus,099,539301,557,4,561,19
2020-05-08,Sutter,101,95872,37,0,37,2
2020-05-08,Tehama,103,63373,2,0,2,1
2020-05-08,Trinity,105,12862,2,0,2,0
2020-05-08,Tulare,107,460477,1655,6,1661,52
2020-05-08,Tuolumne,109,53932,3,0,3,0
2020-05-08,Ventura,111,848112,906,2,908,20
2020-05-08,Yolo,113,214977,195,0,195,21
2020-05-08,Yuba,115,75493,22,0,22,1
2020-05-07,Alameda,001,1643700,2314,3,2317,77
2020-05-07,Alpine,002,1148,1,0,1,0
2020-05-07,Amador,005,37829,9,0,9,0
2020-05-07,Butte,007,227075,33,3,36,0
2020-05-07,Calaveras,009,45235,13,0,13,0
2020-05-07,Colusa,011,21464,3,0,3,0
2020-05-07,Contra Costa,013,1133247,1149,0,1149,31
2020-05-07,Del Norte,015,27424,6,0,6,0
2020-05-07,El Dorado,017,186661,71,0,71,0
2020-05-07,Fresno,019,978130,1581,22,1603,15
2020-05-07,Glenn,021,27897,8,0,8,0
2020-05-07,Humboldt,023,135768,67,0,67,0
2020-05-07,Imperial,025,180216,920,0,920,15
2020-05-07,Inyo,027,18085,19,0,19,1
2020-05-07,Kern,029,883053,1540,1,1541,18
2020-05-07,Kings,031,150075,364,0,364,1
2020-05-07,Lake,033,64148,11,0,11,0
2020-05-07,Lassen,035,31185,4,2,6,0
2020-05-07,Los Angeles,037,10098052,37113,26,37139,1626
2020-05-07,Madera,039,155013,119,1,120,2
2020-05-07,Marin,041,260295,51,1,52,11
2020-05-07,Mariposa,043,17540,15,0,15,0
2020-05-07,Mendocino,045,87422,12,0,12,0
2020-05-07,Merced,047,269075,236,0,236,3
2020-05-07,Modoc,049,8938,0,0,0,0
2020-05-07,Mono,051,14174,32,0,32,1
2020-05-07,Monterey,053,433212,336,0,336,7
2020-05-07,Napa,055,140530,86,0,86,2
2020-05-07,Nevada,057,99092,41,1,42,1
2020-05-07,Orange,059,3164182,4966,36,5002,96
2020-05-07,Placer,061,380077,187,0,187,8
2020-05-07,Plumas,063,18699,4,0,4,0
2020-05-07,Riverside,065,2383286,5638,16,5654,210
2020-05-07,Sacramento,067,1510023,1192,0,1192,52
2020-05-07,San Benito,069,59416,58,0,58,2
2020-05-07,San Bernardino,071,2135413,3382,3,3385,138
2020-05-07,San Diego,073,3302833,5525,0,5525,182
2020-05-07,San Francisco,075,870044,2092,0,2092,36
2020-05-07,San Joaquin,077,732212,664,3,667,30
2020-05-07,San Luis Obispo,079,281455,289,3,292,1
2020-05-07,San Mateo,081,765935,1642,2,1644,70
2020-05-07,Santa Barbara,083,443738,1436,4,1440,11
2020-05-07,Santa Clara,085,1922200,2834,10,2844,126
2020-05-07,Santa Cruz,087,273765,152,0,152,2
2020-05-07,Shasta,089,179085,46,0,46,4
2020-05-07,Sierra,091,2930,0,0,0,0
2020-05-07,Siskiyou,093,43540,5,0,5,0
2020-05-07,Solano,095,438530,443,0,443,8
2020-05-07,Sonoma,097,501317,347,0,347,3
2020-05-07,Stanislaus,099,539301,548,4,552,18
2020-05-07,Sutter,101,95872,37,0,37,2
2020-05-07,Tehama,103,63373,2,0,2,1
2020-05-07,Trinity,105,12862,2,0,2,0
2020-05-07,Tulare,107,460477,1587,6,1593,50
2020-05-07,Tuolumne,109,53932,3,0,3,0
2020-05-07,Ventura,111,848112,882,1,883,19
2020-05-07,Yolo,113,214977,194,0,194,21
2020-05-07,Yuba,115,75493,22,0,22,1
2020-05-06,Alameda,001,1643700,2276,3,2279,76
2020-05-06,Alpine,002,1148,1,0,1,0
2020-05-06,Amador,005,37829,9,0,9,0
2020-05-06,Butte,007,227075,32,3,35,0
2020-05-06,Calaveras,009,45235,13,0,13,0
2020-05-06,Colusa,011,21464,3,0,3,0
2020-05-06,Contra Costa,013,1133247,1128,0,1128,31
2020-05-06,Del Norte,015,27424,6,0,6,0
2020-05-06,El Dorado,017,186661,69,0,69,0
2020-05-06,Fresno,019,978130,1518,20,1538,14
2020-05-06,Glenn,021,27897,8,0,8,0
2020-05-06,Humboldt,023,135768,66,0,66,0
2020-05-06,Imperial,025,180216,853,0,853,15
2020-05-06,Inyo,027,18085,19,0,19,1
2020-05-06,Kern,029,883053,1484,1,1485,17
2020-05-06,Kings,031,150075,346,0,346,1
2020-05-06,Lake,033,64148,11,0,11,0
2020-05-06,Lassen,035,31185,4,2,6,0
2020-05-06,Los Angeles,037,10098052,36112,26,36138,1575
2020-05-06,Madera,039,155013,117,1,118,2
2020-05-06,Marin,041,260295,48,1,49,11
2020-05-06,Mariposa,043,17540,15,0,15,0
2020-05-06,Mendocino,045,87422,12,0,12,0
2020-05-06,Merced,047,269075,229,0,229,3
2020-05-06,Modoc,049,8938,0,0,0,0
2020-05-06,Mono,051,14174,32,0,32,1
2020-05-06,Monterey,053,433212,328,0,328,7
2020-05-06,Napa,055,140530,85,0,85,2
2020-05-06,Nevada,057,99092,41,1,42,1
2020-05-06,Orange,059,3164182,4782,35,4817,89
2020-05-06,Placer,061,380077,184,0,184,8
2020-05-06,Plumas,063,18699,4,0,4,0
2020-05-06,Riverside,065,2383286,5494,16,5510,202
2020-05-06,Sacramento,067,1510023,1186,0,1186,52
2020-05-06,San Benito,069,59416,57,0,57,2
2020-05-06,San Bernardino,071,2135413,3260,2,3262,132
2020-05-06,San Diego,073,3302833,5392,0,5392,175
2020-05-06,San Francisco,075,870044,2067,0,2067,36
2020-05-06,San Joaquin,077,732212,651,3,654,30
2020-05-06,San Luis Obispo,079,281455,285,3,288,1
2020-05-06,San Mateo,081,765935,1611,2,1613,69
2020-05-06,Santa Barbara,083,443738,1395,3,1398,11
2020-05-06,Santa Clara,085,1922200,2817,9,2826,126
2020-05-06,Santa Cruz,087,273765,149,0,149,2
2020-05-06,Shasta,089,179085,45,0,45,4
2020-05-06,Sierra,091,2930,0,0,0,0
2020-05-06,Siskiyou,093,43540,5,0,5,0
2020-05-06,Solano,095,438530,431,0,431,8
2020-05-06,Sonoma,097,501317,331,0,331,3
2020-05-06,Stanislaus,099,539301,532,4,536,18
2020-05-06,Sutter,101,95872,37,0,37,2
2020-05-06,Tehama,103,63373,2,0,2,1
2020-05-06,Trinity,105,12862,2,0,2,0
2020-05-06,Tulare,107,460477,1539,6,1545,49
2020-05-06,Tuolumne,109,53932,3,0,3,0
2020-05-06,Ventura,111,848112,855,1,856,19
2020-05-06,Yolo,113,214977,193,0,193,21
2020-05-06,Yuba,115,75493,22,0,22,1
2020-05-05,Alameda,001,1643700,2233,3,2236,74
2020-05-05,Alpine,002,1148,1,0,1,0
2020-05-05,Amador,005,37829,9,0,9,0
2020-05-05,Butte,007,227075,31,3,34,0
2020-05-05,Calaveras,009,45235,13,0,13,0
2020-05-05,Colusa,011,21464,3,0,3,0
2020-05-05,Contra Costa,013,1133247,1110,0,1110,30
2020-05-05,Del Norte,015,27424,6,0,6,0
2020-05-05,El Dorado,017,186661,67,0,67,0
2020-05-05,Fresno,019,978130,1445,18,1463,13
2020-05-05,Glenn,021,27897,8,0,8,0
2020-05-05,Humboldt,023,135768,63,0,63,0
2020-05-05,Imperial,025,180216,797,0,797,13
2020-05-05,Inyo,027,18085,19,0,19,1
2020-05-05,Kern,029,883053,1432,1,1433,16
2020-05-05,Kings,031,150075,328,0,328,1
2020-05-05,Lake,033,64148,10,0,10,0
2020-05-05,Lassen,035,31185,4,2,6,0
2020-05-05,Los Angeles,037,10098052,35044,26,35070,1521
2020-05-05,Madera,039,155013,113,1,114,2
2020-05-05,Marin,041,260295,43,1,44,11
2020-05-05,Mariposa,043,17540,15,0,15,0
2020-05-05,Mendocino,045,87422,12,0,12,0
2020-05-05,Merced,047,269075,224,0,224,3
2020-05-05,Modoc,049,8938,0,0,0,0
2020-05-05,Mono,051,14174,32,0,32,1
2020-05-05,Monterey,053,433212,314,0,314,7
2020-05-05,Napa,055,140530,85,0,85,2
2020-05-05,Nevada,057,99092,41,1,42,1
2020-05-05,Orange,059,3164182,4658,35,4693,82
2020-05-05,Placer,061,380077,184,0,184,8
2020-05-05,Plumas,063,18699,4,0,4,0
2020-05-05,Riverside,065,2383286,5384,16,5400,198
2020-05-05,Sacramento,067,1510023,1179,0,1179,49
2020-05-05,San Benito,069,59416,56,0,56,2
2020-05-05,San Bernardino,071,2135413,3167,2,3169,127
2020-05-05,San Diego,073,3302833,5249,0,5249,171
2020-05-05,San Francisco,075,870044,2032,0,2032,36
2020-05-05,San Joaquin,077,732212,642,3,645,28
2020-05-05,San Luis Obispo,079,281455,283,3,286,1
2020-05-05,San Mateo,081,765935,1579,2,1581,65
2020-05-05,Santa Barbara,083,443738,1174,3,1177,10
2020-05-05,Santa Clara,085,1922200,2771,8,2779,124
2020-05-05,Santa Cruz,087,273765,146,0,146,2
2020-05-05,Shasta,089,179085,44,0,44,4
2020-05-05,Sierra,091,2930,0,0,0,0
2020-05-05,Siskiyou,093,43540,5,0,5,0
2020-05-05,Solano,095,438530,416,0,416,7
2020-05-05,Sonoma,097,501317,328,0,328,3
2020-05-05,Stanislaus,099,539301,520,4,524,15
2020-05-05,Sutter,101,95872,36,0,36,2
2020-05-05,Tehama,103,63373,2,0,2,1
2020-05-05,Trinity,105,12862,2,0,2,0
2020-05-05,Tulare,107,460477,1441,6,1447,48
2020-05-05,Tuolumne,109,53932,3,0,3,0
2020-05-05,Ventura,111,848112,831,1,832,19
2020-05-05,Yolo,113,214977,191,0,191,21
2020-05-05,Yuba,115,75493,22,0,22,1
2020-05-04,Alameda,001,1643700,2175,2,2177,73
2020-05-04,Alpine,002,1148,1,0,1,0
2020-05-04,Amador,005,37829,8,0,8,0
2020-05-04,Butte,007,227075,30,2,32,0
2020-05-04,Calaveras,009,45235,13,0,13,0
2020-05-04,Colusa,011,21464,3,0,3,0
2020-05-04,Contra Costa,013,1133247,1092,0,1092,30
2020-05-04,Del Norte,015,27424,5,0,5,0
2020-05-04,El Dorado,017,186661,66,0,66,0
2020-05-04,Fresno,019,978130,1375,17,1392,12
2020-05-04,Glenn,021,27897,8,0,8,0
2020-05-04,Humboldt,023,135768,61,0,61,0
2020-05-04,Imperial,025,180216,746,0,746,13
2020-05-04,Inyo,027,18085,19,0,19,1
2020-05-04,Kern,029,883053,1390,1,1391,15
2020-05-04,Kings,031,150075,311,0,311,1
2020-05-04,Lake,033,64148,9,0,9,0
2020-05-04,Lassen,035,31185,3,2,5,0
2020-05-04,Los Angeles,037,10098052,33761,24,33785,1482
2020-05-04,Madera,039,155013,110,1,111,2
2020-05-04,Marin,041,260295,40,1,41,11
2020-05-04,Mariposa,043,17540,15,0,15,0
2020-05-04,Mendocino,045,87422,12,0,12,0
2020-05-04,Merced,047,269075,224,0,224,3
2020-05-04,Modoc,049,8938,0,0,0,0
2020-05-04,Mono,051,14174,32,0,32,1
2020-05-04,Monterey,053,433212,303,0,303,7
2020-05-04,Napa,055,140530,85,0,85,2
2020-05-04,Nevada,057,99092,41,1,42,1
2020-05-04,Orange,059,3164182,4520,32,4552,79
2020-05-04,Placer,061,380077,182,0,182,8
2020-05-04,Plumas,063,18699,4,0,4,0
2020-05-04,Riverside,065,2383286,5290,16,5306,194
2020-05-04,Sacramento,067,1510023,1169,0,1169,47
2020-05-04,San Benito,069,59416,54,0,54,2
2020-05-04,San Bernardino,071,2135413,3027,2,3029,124
2020-05-04,San Diego,073,3302833,5108,0,5108,165
2020-05-04,San Francisco,075,870044,1994,0,1994,36
2020-05-04,San Joaquin,077,732212,628,3,631,27
2020-05-04,San Luis Obispo,079,281455,280,3,283,1
2020-05-04,San Mateo,081,765935,1554,2,1556,65
2020-05-04,Santa Barbara,083,443738,927,3,930,9
2020-05-04,Santa Clara,085,1922200,2756,8,2764,124
2020-05-04,Santa Cruz,087,273765,145,0,145,2
2020-05-04,Shasta,089,179085,42,0,42,4
2020-05-04,Sierra,091,2930,0,0,0,0
2020-05-04,Siskiyou,093,43540,5,0,5,0
2020-05-04,Solano,095,438530,402,0,402,6
2020-05-04,Sonoma,097,501317,314,0,314,3
2020-05-04,Stanislaus,099,539301,514,4,518,14
2020-05-04,Sutter,101,95872,33,0,33,2
2020-05-04,Tehama,103,63373,2,0,2,1
2020-05-04,Trinity,105,12862,1,0,1,0
2020-05-04,Tulare,107,460477,1362,6,1368,45
2020-05-04,Tuolumne,109,53932,3,0,3,0
2020-05-04,Ventura,111,848112,810,1,811,19
2020-05-04,Yolo,113,214977,190,0,190,21
2020-05-04,Yuba,115,75493,19,0,19,1
2020-05-03,Alameda,001,1643700,2117,2,2119,73
2020-05-03,Alpine,002,1148,1,0,1,0
2020-05-03,Amador,005,37829,8,0,8,0
2020-05-03,Butte,007,227075,29,2,31,0
2020-05-03,Calaveras,009,45235,13,0,13,0
2020-05-03,Colusa,011,21464,3,0,3,0
2020-05-03,Contra Costa,013,1133247,1076,0,1076,30
2020-05-03,Del Norte,015,27424,5,0,5,0
2020-05-03,El Dorado,017,186661,64,0,64,0
2020-05-03,Fresno,019,978130,1282,14,1296,12
2020-05-03,Glenn,021,27897,7,0,7,0
2020-05-03,Humboldt,023,135768,60,0,60,0
2020-05-03,Imperial,025,180216,690,0,690,12
2020-05-03,Inyo,027,18085,19,0,19,1
2020-05-03,Kern,029,883053,1335,1,1336,15
2020-05-03,Kings,031,150075,291,0,291,1
2020-05-03,Lake,033,64148,9,0,9,0
2020-05-03,Lassen,035,31185,3,2,5,0
2020-05-03,Los Angeles,037,10098052,32804,23,32827,1434
2020-05-03,Madera,039,155013,103,1,104,2
2020-05-03,Marin,041,260295,37,1,38,11
2020-05-03,Mariposa,043,17540,15,0,15,0
2020-05-03,Mendocino,045,87422,12,0,12,0
2020-05-03,Merced,047,269075,217,0,217,3
2020-05-03,Modoc,049,8938,0,0,0,0
2020-05-03,Mono,051,14174,32,0,32,1
2020-05-03,Monterey,053,433212,294,0,294,7
2020-05-03,Napa,055,140530,85,0,85,2
2020-05-03,Nevada,057,99092,41,1,42,1
2020-05-03,Orange,059,3164182,4346,31,4377,76
2020-05-03,Placer,061,380077,182,0,182,8
2020-05-03,Plumas,063,18699,4,0,4,0
2020-05-03,Riverside,065,2383286,5185,16,5201,185
2020-05-03,Sacramento,067,1510023,1160,0,1160,47
2020-05-03,San Benito,069,59416,54,0,54,2
2020-05-03,San Bernardino,071,2135413,2967,2,2969,121
2020-05-03,San Diego,073,3302833,4971,0,4971,160
2020-05-03,San Francisco,075,870044,1965,0,1965,36
2020-05-03,San Joaquin,077,732212,621,3,624,27
2020-05-03,San Luis Obispo,079,281455,277,3,280,1
2020-05-03,San Mateo,081,765935,1526,2,1528,65
2020-05-03,Santa Barbara,083,443738,568,3,571,8
2020-05-03,Santa Clara,085,1922200,2719,8,2727,120
2020-05-03,Santa Cruz,087,273765,145,0,145,2
2020-05-03,Shasta,089,179085,40,0,40,4
2020-05-03,Sierra,091,2930,0,0,0,0
2020-05-03,Siskiyou,093,43540,5,0,5,0
2020-05-03,Solano,095,438530,392,0,392,6
2020-05-03,Sonoma,097,501317,305,0,305,3
2020-05-03,Stanislaus,099,539301,486,4,490,14
2020-05-03,Sutter,101,95872,31,0,31,2
2020-05-03,Tehama,103,63373,2,0,2,1
2020-05-03,Trinity,105,12862,1,0,1,0
2020-05-03,Tulare,107,460477,1283,6,1289,44
2020-05-03,Tuolumne,109,53932,3,0,3,0
2020-05-03,Ventura,111,848112,776,1,777,19
2020-05-03,Yolo,113,214977,189,0,189,20
2020-05-03,Yuba,115,75493,19,0,19,1
2020-05-02,Alameda,001,1643700,2080,2,2082,71
2020-05-02,Alpine,002,1148,1,0,1,0
2020-05-02,Amador,005,37829,8,0,8,0
2020-05-02,Butte,007,227075,29,2,31,0
2020-05-02,Calaveras,009,45235,13,0,13,0
2020-05-02,Colusa,011,21464,3,0,3,0
2020-05-02,Contra Costa,013,1133247,1058,0,1058,30
2020-05-02,Del Norte,015,27424,5,0,5,0
2020-05-02,El Dorado,017,186661,64,0,64,0
2020-05-02,Fresno,019,978130,1257,13,1270,12
2020-05-02,Glenn,021,27897,7,0,7,0
2020-05-02,Humboldt,023,135768,60,0,60,0
2020-05-02,Imperial,025,180216,663,0,663,11
2020-05-02,Inyo,027,18085,19,0,19,1
2020-05-02,Kern,029,883053,1309,1,1310,14
2020-05-02,Kings,031,150075,288,0,288,1
2020-05-02,Lake,033,64148,9,0,9,0
2020-05-02,Lassen,035,31185,3,2,5,0
2020-05-02,Los Angeles,037,10098052,32274,23,32297,1390
2020-05-02,Madera,039,155013,103,1,104,2
2020-05-02,Marin,041,260295,36,1,37,11
2020-05-02,Mariposa,043,17540,15,0,15,0
2020-05-02,Mendocino,045,87422,12,0,12,0
2020-05-02,Merced,047,269075,212,0,212,3
2020-05-02,Modoc,049,8938,0,0,0,0
2020-05-02,Mono,051,14174,32,0,32,1
2020-05-02,Monterey,053,433212,288,0,288,7
2020-05-02,Napa,055,140530,85,0,85,2
2020-05-02,Nevada,057,99092,41,1,42,1
2020-05-02,Orange,059,3164182,4232,31,4263,73
2020-05-02,Placer,061,380077,180,0,180,8
2020-05-02,Plumas,063,18699,4,0,4,0
2020-05-02,Riverside,065,2383286,5119,16,5135,182
2020-05-02,Sacramento,067,1510023,1157,0,1157,46
2020-05-02,San Benito,069,59416,54,0,54,2
2020-05-02,San Bernardino,071,2135413,2928,2,2930,120
2020-05-02,San Diego,073,3302833,4869,0,4869,152
2020-05-02,San Francisco,075,870044,1942,0,1942,36
2020-05-02,San Joaquin,077,732212,613,3,616,27
2020-05-02,San Luis Obispo,079,281455,271,3,274,1
2020-05-02,San Mateo,081,765935,1510,2,1512,63
2020-05-02,Santa Barbara,083,443738,560,3,563,8
2020-05-02,Santa Clara,085,1922200,2709,8,2717,118
2020-05-02,Santa Cruz,087,273765,144,0,144,2
2020-05-02,Shasta,089,179085,40,0,40,4
2020-05-02,Sierra,091,2930,0,0,0,0
2020-05-02,Siskiyou,093,43540,5,0,5,0
2020-05-02,Solano,095,438530,385,0,385,6
2020-05-02,Sonoma,097,501317,302,0,302,3
2020-05-02,Stanislaus,099,539301,478,4,482,14
2020-05-02,Sutter,101,95872,31,0,31,2
2020-05-02,Tehama,103,63373,2,0,2,1
2020-05-02,Trinity,105,12862,1,0,1,0
2020-05-02,Tulare,107,460477,1240,6,1246,43
2020-05-02,Tuolumne,109,53932,3,0,3,0
2020-05-02,Ventura,111,848112,762,1,763,19
2020-05-02,Yolo,113,214977,189,0,189,19
2020-05-02,Yuba,115,75493,19,0,19,1
2020-05-01,Alameda,001,1643700,2042,2,2044,69
2020-05-01,Alpine,002,1148,1,0,1,0
2020-05-01,Amador,005,37829,8,0,8,0
2020-05-01,Butte,007,227075,29,2,31,0
2020-05-01,Calaveras,009,45235,13,0,13,0
2020-05-01,Colusa,011,21464,3,0,3,0
2020-05-01,Contra Costa,013,1133247,1044,0,1044,29
2020-05-01,Del Norte,015,27424,5,0,5,0
2020-05-01,El Dorado,017,186661,64,0,64,0
2020-05-01,Fresno,019,978130,1226,13,1239,12
2020-05-01,Glenn,021,27897,7,0,7,0
2020-05-01,Humboldt,023,135768,60,0,60,0
2020-05-01,Imperial,025,180216,626,0,626,10
2020-05-01,Inyo,027,18085,19,0,19,1
2020-05-01,Kern,029,883053,1282,1,1283,12
2020-05-01,Kings,031,150075,271,0,271,1
2020-05-01,Lake,033,64148,9,0,9,0
2020-05-01,Lassen,035,31185,3,2,5,0
2020-05-01,Los Angeles,037,10098052,31518,23,31541,1340
2020-05-01,Madera,039,155013,99,1,100,2
2020-05-01,Marin,041,260295,36,1,37,11
2020-05-01,Mariposa,043,17540,15,0,15,0
2020-05-01,Mendocino,045,87422,12,0,12,0
2020-05-01,Merced,047,269075,209,0,209,3
2020-05-01,Modoc,049,8938,0,0,0,0
2020-05-01,Mono,051,14174,32,0,32,1
2020-05-01,Monterey,053,433212,284,0,284,6
2020-05-01,Napa,055,140530,85,0,85,2
2020-05-01,Nevada,057,99092,41,1,42,1
2020-05-01,Orange,059,3164182,4155,29,4184,68
2020-05-01,Placer,061,380077,179,0,179,8
2020-05-01,Plumas,063,18699,4,0,4,0
2020-05-01,Riverside,065,2383286,5055,16,5071,176
2020-05-01,Sacramento,067,1510023,1152,0,1152,46
2020-05-01,San Benito,069,59416,54,0,54,2
2020-05-01,San Bernardino,071,2135413,2873,2,2875,111
2020-05-01,San Diego,073,3302833,4778,0,4778,145
2020-05-01,San Francisco,075,870044,1898,0,1898,36
2020-05-01,San Joaquin,077,732212,609,3,612,26
2020-05-01,San Luis Obispo,079,281455,268,3,271,1
2020-05-01,San Mateo,081,765935,1488,2,1490,59
2020-05-01,Santa Barbara,083,443738,554,2,556,8
2020-05-01,Santa Clara,085,1922200,2697,8,2705,115
2020-05-01,Santa Cruz,087,273765,144,0,144,2
2020-05-01,Shasta,089,179085,40,0,40,4
2020-05-01,Sierra,091,2930,0,0,0,0
2020-05-01,Siskiyou,093,43540,5,0,5,0
2020-05-01,Solano,095,438530,377,0,377,6
2020-05-01,Sonoma,097,501317,299,0,299,2
2020-05-01,Stanislaus,099,539301,473,4,477,12
2020-05-01,Sutter,101,95872,31,0,31,2
2020-05-01,Tehama,103,63373,2,0,2,1
2020-05-01,Trinity,105,12862,1,0,1,0
2020-05-01,Tulare,107,460477,1196,6,1202,42
2020-05-01,Tuolumne,109,53932,3,0,3,0
2020-05-01,Ventura,111,848112,749,1,750,19
2020-05-01,Yolo,113,214977,189,0,189,19
2020-05-01,Yuba,115,75493,19,0,19,1
2020-04-30,Alameda,001,1643700,1982,2,1984,68
2020-04-30,Alpine,002,1148,1,0,1,0
2020-04-30,Amador,005,37829,8,0,8,0
2020-04-30,Butte,007,227075,29,2,31,0
2020-04-30,Calaveras,009,45235,13,0,13,0
2020-04-30,Colusa,011,21464,3,0,3,0
2020-04-30,Contra Costa,013,1133247,1022,0,1022,29
2020-04-30,Del Norte,015,27424,4,0,4,0
2020-04-30,El Dorado,017,186661,64,0,64,0
2020-04-30,Fresno,019,978130,1161,10,1171,11
2020-04-30,Glenn,021,27897,7,0,7,0
2020-04-30,Humboldt,023,135768,60,0,60,0
2020-04-30,Imperial,025,180216,578,0,578,10
2020-04-30,Inyo,027,18085,19,0,19,1
2020-04-30,Kern,029,883053,1250,1,1251,11
2020-04-30,Kings,031,150075,259,0,259,1
2020-04-30,Lake,033,64148,9,0,9,0
2020-04-30,Lassen,035,31185,3,2,5,0
2020-04-30,Los Angeles,037,10098052,30509,23,30532,1299
2020-04-30,Madera,039,155013,88,1,89,2
2020-04-30,Marin,041,260295,36,1,37,11
2020-04-30,Mariposa,043,17540,15,0,15,0
2020-04-30,Mendocino,045,87422,12,0,12,0
2020-04-30,Merced,047,269075,202,0,202,3
2020-04-30,Modoc,049,8938,0,0,0,0
2020-04-30,Mono,051,14174,31,0,31,1
2020-04-30,Monterey,053,433212,274,0,274,5
2020-04-30,Napa,055,140530,83,0,83,2
2020-04-30,Nevada,057,99092,41,1,42,1
2020-04-30,Orange,059,3164182,3933,27,3960,62
2020-04-30,Placer,061,380077,178,0,178,8
2020-04-30,Plumas,063,18699,4,0,4,0
2020-04-30,Riverside,065,2383286,4955,15,4970,169
2020-04-30,Sacramento,067,1510023,1146,0,1146,44
2020-04-30,San Benito,069,59416,54,0,54,2
2020-04-30,San Bernardino,071,2135413,2671,2,2673,104
2020-04-30,San Diego,073,3302833,4607,0,4607,144
2020-04-30,San Francisco,075,870044,1864,0,1864,35
2020-04-30,San Joaquin,077,732212,601,3,604,26
2020-04-30,San Luis Obispo,079,281455,265,3,268,1
2020-04-30,San Mateo,081,765935,1458,2,1460,58
2020-04-30,Santa Barbara,083,443738,542,2,544,8
2020-04-30,Santa Clara,085,1922200,2657,8,2665,113
2020-04-30,Santa Cruz,087,273765,143,0,143,2
2020-04-30,Shasta,089,179085,39,0,39,4
2020-04-30,Sierra,091,2930,0,0,0,0
2020-04-30,Siskiyou,093,43540,5,0,5,0
2020-04-30,Solano,095,438530,367,0,367,5
2020-04-30,Sonoma,097,501317,290,0,290,2
2020-04-30,Stanislaus,099,539301,466,4,470,12
2020-04-30,Sutter,101,95872,31,0,31,2
2020-04-30,Tehama,103,63373,1,0,1,1
2020-04-30,Trinity,105,12862,1,0,1,0
2020-04-30,Tulare,107,460477,1130,6,1136,41
2020-04-30,Tuolumne,109,53932,3,0,3,0
2020-04-30,Ventura,111,848112,721,1,722,19
2020-04-30,Yolo,113,214977,188,0,188,19
2020-04-30,Yuba,115,75493,19,0,19,1
2020-04-29,Alameda,001,1643700,1924,2,1926,68
2020-04-29,Alpine,002,1148,1,0,1,0
2020-04-29,Amador,005,37829,8,0,8,0
2020-04-29,Butte,007,227075,29,2,31,0
2020-04-29,Calaveras,009,45235,13,0,13,0
2020-04-29,Colusa,011,21464,3,0,3,0
2020-04-29,Contra Costa,013,1133247,1003,0,1003,29
2020-04-29,Del Norte,015,27424,4,0,4,0
2020-04-29,El Dorado,017,186661,62,0,62,0
2020-04-29,Fresno,019,978130,1109,10,1119,11
2020-04-29,Glenn,021,27897,7,0,7,0
2020-04-29,Humboldt,023,135768,60,0,60,0
2020-04-29,Imperial,025,180216,548,0,548,10
2020-04-29,Inyo,027,18085,19,0,19,1
2020-04-29,Kern,029,883053,1207,1,1208,8
2020-04-29,Kings,031,150075,240,0,240,1
2020-04-29,Lake,033,64148,9,0,9,0
2020-04-29,Lassen,035,31185,3,2,5,0
2020-04-29,Los Angeles,037,10098052,29532,22,29554,1247
2020-04-29,Madera,039,155013,86,1,87,2
2020-04-29,Marin,041,260295,35,1,36,11
2020-04-29,Mariposa,043,17540,15,0,15,0
2020-04-29,Mendocino,045,87422,12,0,12,0
2020-04-29,Merced,047,269075,195,0,195,3
2020-04-29,Modoc,049,8938,0,0,0,0
2020-04-29,Mono,051,14174,31,0,31,1
2020-04-29,Monterey,053,433212,266,0,266,5
2020-04-29,Napa,055,140530,81,0,81,2
2020-04-29,Nevada,057,99092,41,1,42,1
2020-04-29,Orange,059,3164182,3799,26,3825,60
2020-04-29,Placer,061,380077,176,0,176,8
2020-04-29,Plumas,063,18699,4,0,4,0
2020-04-29,Riverside,065,2383286,4878,15,4893,162
2020-04-29,Sacramento,067,1510023,1124,0,1124,42
2020-04-29,San Benito,069,59416,54,0,54,2
2020-04-29,San Bernardino,071,2135413,2584,1,2585,103
2020-04-29,San Diego,073,3302833,4465,0,4465,139
2020-04-29,San Francisco,075,870044,1836,0,1836,34
2020-04-29,San Joaquin,077,732212,593,3,596,26
2020-04-29,San Luis Obispo,079,281455,263,3,266,1
2020-04-29,San Mateo,081,765935,1432,2,1434,58
2020-04-29,Santa Barbara,083,443738,529,2,531,8
2020-04-29,Santa Clara,085,1922200,2630,8,2638,110
2020-04-29,Santa Cruz,087,273765,142,0,142,2
2020-04-29,Shasta,089,179085,38,0,38,4
2020-04-29,Sierra,091,2930,0,0,0,0
2020-04-29,Siskiyou,093,43540,5,0,5,0
2020-04-29,Solano,095,438530,330,0,330,5
2020-04-29,Sonoma,097,501317,282,0,282,2
2020-04-29,Stanislaus,099,539301,453,4,457,11
2020-04-29,Sutter,101,95872,31,0,31,2
2020-04-29,Tehama,103,63373,1,0,1,1
2020-04-29,Trinity,105,12862,1,0,1,0
2020-04-29,Tulare,107,460477,1057,5,1062,41
2020-04-29,Tuolumne,109,53932,3,0,3,0
2020-04-29,Ventura,111,848112,697,1,698,19
2020-04-29,Yolo,113,214977,185,0,185,17
2020-04-29,Yuba,115,75493,19,0,19,1
2020-04-28,Alameda,001,1643700,1867,2,1869,66
2020-04-28,Alpine,002,1148,1,0,1,0
2020-04-28,Amador,005,37829,8,0,8,0
2020-04-28,Butte,007,227075,29,2,31,0
2020-04-28,Calaveras,009,45235,13,0,13,0
2020-04-28,Colusa,011,21464,3,0,3,0
2020-04-28,Contra Costa,013,1133247,996,0,996,29
2020-04-28,Del Norte,015,27424,4,0,4,0
2020-04-28,El Dorado,017,186661,61,0,61,0
2020-04-28,Fresno,019,978130,1059,9,1068,9
2020-04-28,Glenn,021,27897,5,0,5,0
2020-04-28,Humboldt,023,135768,59,0,59,0
2020-04-28,Imperial,025,180216,515,0,515,10
2020-04-28,Inyo,027,18085,19,0,19,1
2020-04-28,Kern,029,883053,1164,1,1165,7
2020-04-28,Kings,031,150075,227,0,227,1
2020-04-28,Lake,033,64148,9,0,9,0
2020-04-28,Lassen,035,31185,3,2,5,0
2020-04-28,Los Angeles,037,10098052,28469,22,28491,1201
2020-04-28,Madera,039,155013,86,1,87,2
2020-04-28,Marin,041,260295,35,1,36,11
2020-04-28,Mariposa,043,17540,15,0,15,0
2020-04-28,Mendocino,045,87422,12,0,12,0
2020-04-28,Merced,047,269075,188,0,188,3
2020-04-28,Modoc,049,8938,0,0,0,0
2020-04-28,Mono,051,14174,31,0,31,1
2020-04-28,Monterey,053,433212,260,0,260,5
2020-04-28,Napa,055,140530,80,0,80,2
2020-04-28,Nevada,057,99092,41,1,42,1
2020-04-28,Orange,059,3164182,3636,25,3661,56
2020-04-28,Placer,061,380077,166,0,166,8
2020-04-28,Plumas,063,18699,4,0,4,0
2020-04-28,Riverside,065,2383286,4783,15,4798,156
2020-04-28,Sacramento,067,1510023,1109,0,1109,42
2020-04-28,San Benito,069,59416,52,0,52,2
2020-04-28,San Bernardino,071,2135413,2507,1,2508,101
2020-04-28,San Diego,073,3302833,4335,0,4335,136
2020-04-28,San Francisco,075,870044,1801,0,1801,31
2020-04-28,San Joaquin,077,732212,587,3,590,26
2020-04-28,San Luis Obispo,079,281455,255,3,258,1
2020-04-28,San Mateo,081,765935,1419,2,1421,56
2020-04-28,Santa Barbara,083,443738,524,2,526,8
2020-04-28,Santa Clara,085,1922200,2596,8,2604,109
2020-04-28,Santa Cruz,087,273765,142,0,142,2
2020-04-28,Shasta,089,179085,38,0,38,4
2020-04-28,Sierra,091,2930,0,0,0,0
2020-04-28,Siskiyou,093,43540,5,0,5,0
2020-04-28,Solano,095,438530,310,0,310,5
2020-04-28,Sonoma,097,501317,279,0,279,2
2020-04-28,Stanislaus,099,539301,437,4,441,10
2020-04-28,Sutter,101,95872,31,0,31,2
2020-04-28,Tehama,103,63373,1,0,1,1
2020-04-28,Trinity,105,12862,1,0,1,0
2020-04-28,Tulare,107,460477,960,5,965,38
2020-04-28,Tuolumne,109,53932,3,0,3,0
2020-04-28,Ventura,111,848112,677,1,678,18
2020-04-28,Yolo,113,214977,185,0,185,17
2020-04-28,Yuba,115,75493,19,0,19,1
2020-04-27,Alameda,001,1643700,1807,2,1809,65
2020-04-27,Alpine,002,1148,1,0,1,0
2020-04-27,Amador,005,37829,8,0,8,0
2020-04-27,Butte,007,227075,28,2,30,0
2020-04-27,Calaveras,009,45235,13,0,13,0
2020-04-27,Colusa,011,21464,3,0,3,0
2020-04-27,Contra Costa,013,1133247,984,0,984,29
2020-04-27,Del Norte,015,27424,4,0,4,0
2020-04-27,El Dorado,017,186661,60,0,60,0
2020-04-27,Fresno,019,978130,957,8,965,8
2020-04-27,Glenn,021,27897,5,0,5,0
2020-04-27,Humboldt,023,135768,59,0,59,0
2020-04-27,Imperial,025,180216,485,0,485,9
2020-04-27,Inyo,027,18085,19,0,19,1
2020-04-27,Kern,029,883053,1125,1,1126,5
2020-04-27,Kings,031,150075,204,0,204,1
2020-04-27,Lake,033,64148,8,0,8,0
2020-04-27,Lassen,035,31185,3,2,5,0
2020-04-27,Los Angeles,037,10098052,27449,22,27471,1143
2020-04-27,Madera,039,155013,84,1,85,2
2020-04-27,Marin,041,260295,35,1,36,11
2020-04-27,Mariposa,043,17540,14,0,14,0
2020-04-27,Mendocino,045,87422,12,0,12,0
2020-04-27,Merced,047,269075,185,0,185,3
2020-04-27,Modoc,049,8938,0,0,0,0
2020-04-27,Mono,051,14174,31,0,31,1
2020-04-27,Monterey,053,433212,253,0,253,5
2020-04-27,Napa,055,140530,77,0,77,2
2020-04-27,Nevada,057,99092,41,1,42,1
2020-04-27,Orange,059,3164182,3467,25,3492,52
2020-04-27,Placer,061,380077,166,0,166,8
2020-04-27,Plumas,063,18699,4,0,4,0
2020-04-27,Riverside,065,2383286,4660,15,4675,151
2020-04-27,Sacramento,067,1510023,1094,0,1094,41
2020-04-27,San Benito,069,59416,50,0,50,2
2020-04-27,San Bernardino,071,2135413,2393,1,2394,99
2020-04-27,San Diego,073,3302833,4209,0,4209,131
2020-04-27,San Francisco,075,870044,1747,0,1747,30
2020-04-27,San Joaquin,077,732212,581,3,584,26
2020-04-27,San Luis Obispo,079,281455,247,3,250,1
2020-04-27,San Mateo,081,765935,1397,2,1399,55
2020-04-27,Santa Barbara,083,443738,516,2,518,7
2020-04-27,Santa Clara,085,1922200,2571,7,2578,107
2020-04-27,Santa Cruz,087,273765,142,0,142,2
2020-04-27,Shasta,089,179085,38,0,38,4
2020-04-27,Sierra,091,2930,0,0,0,0
2020-04-27,Siskiyou,093,43540,5,0,5,0
2020-04-27,Solano,095,438530,310,0,310,4
2020-04-27,Sonoma,097,501317,270,0,270,2
2020-04-27,Stanislaus,099,539301,421,4,425,7
2020-04-27,Sutter,101,95872,29,0,29,2
2020-04-27,Tehama,103,63373,1,0,1,1
2020-04-27,Trinity,105,12862,1,0,1,0
2020-04-27,Tulare,107,460477,889,5,894,36
2020-04-27,Tuolumne,109,53932,3,0,3,0
2020-04-27,Ventura,111,848112,658,1,659,16
2020-04-27,Yolo,113,214977,182,0,182,17
2020-04-27,Yuba,115,75493,19,0,19,1
2020-04-26,Alameda,001,1643700,1746,2,1748,63
2020-04-26,Alpine,002,1148,1,0,1,0
2020-04-26,Amador,005,37829,8,0,8,0
2020-04-26,Butte,007,227075,28,2,30,0
2020-04-26,Calaveras,009,45235,13,0,13,0
2020-04-26,Colusa,011,21464,3,0,3,0
2020-04-26,Contra Costa,013,1133247,968,0,968,29
2020-04-26,Del Norte,015,27424,3,0,3,0
2020-04-26,El Dorado,017,186661,58,0,58,0
2020-04-26,Fresno,019,978130,863,7,870,8
2020-04-26,Glenn,021,27897,5,0,5,0
2020-04-26,Humboldt,023,135768,59,0,59,0
2020-04-26,Imperial,025,180216,450,0,450,9
2020-04-26,Inyo,027,18085,19,0,19,1
2020-04-26,Kern,029,883053,1075,1,1076,5
2020-04-26,Kings,031,150075,179,0,179,1
2020-04-26,Lake,033,64148,8,0,8,0
2020-04-26,Lassen,035,31185,3,2,5,0
2020-04-26,Los Angeles,037,10098052,26294,22,26316,1101
2020-04-26,Madera,039,155013,82,1,83,2
2020-04-26,Marin,041,260295,35,1,36,10
2020-04-26,Mariposa,043,17540,14,0,14,0
2020-04-26,Mendocino,045,87422,12,0,12,0
2020-04-26,Merced,047,269075,169,0,169,3
2020-04-26,Modoc,049,8938,0,0,0,0
2020-04-26,Mono,051,14174,31,0,31,1
2020-04-26,Monterey,053,433212,246,0,246,4
2020-04-26,Napa,055,140530,76,0,76,2
2020-04-26,Nevada,057,99092,41,1,42,1
2020-04-26,Orange,059,3164182,3302,25,3327,51
2020-04-26,Placer,061,380077,165,0,165,8
2020-04-26,Plumas,063,18699,4,0,4,0
2020-04-26,Riverside,065,2383286,4517,15,4532,148
2020-04-26,Sacramento,067,1510023,1085,0,1085,41
2020-04-26,San Benito,069,59416,50,0,50,2
2020-04-26,San Bernardino,071,2135413,2297,1,2298,96
2020-04-26,San Diego,073,3302833,4067,0,4067,124
2020-04-26,San Francisco,075,870044,1708,0,1708,30
2020-04-26,San Joaquin,077,732212,573,3,576,26
2020-04-26,San Luis Obispo,079,281455,244,3,247,1
2020-04-26,San Mateo,081,765935,1371,2,1373,55
2020-04-26,Santa Barbara,083,443738,509,2,511,7
2020-04-26,Santa Clara,085,1922200,2548,6,2554,105
2020-04-26,Santa Cruz,087,273765,142,0,142,2
2020-04-26,Shasta,089,179085,35,0,35,4
2020-04-26,Sierra,091,2930,0,0,0,0
2020-04-26,Siskiyou,093,43540,5,0,5,0
2020-04-26,Solano,095,438530,301,0,301,4
2020-04-26,Sonoma,097,501317,259,0,259,2
2020-04-26,Stanislaus,099,539301,406,4,410,6
2020-04-26,Sutter,101,95872,29,0,29,2
2020-04-26,Tehama,103,63373,1,0,1,1
2020-04-26,Trinity,105,12862,1,0,1,0
2020-04-26,Tulare,107,460477,830,5,835,34
2020-04-26,Tuolumne,109,53932,3,0,3,0
2020-04-26,Ventura,111,848112,640,1,641,16
2020-04-26,Yolo,113,214977,181,0,181,15
2020-04-26,Yuba,115,75493,18,0,18,1
2020-04-25,Alameda,001,1643700,1721,2,1723,62
2020-04-25,Alpine,002,1148,1,0,1,0
2020-04-25,Amador,005,37829,8,0,8,0
2020-04-25,Butte,007,227075,27,2,29,0
2020-04-25,Calaveras,009,45235,13,0,13,0
2020-04-25,Colusa,011,21464,3,0,3,0
2020-04-25,Contra Costa,013,1133247,954,0,954,27
2020-04-25,Del Norte,015,27424,2,0,2,0
2020-04-25,El Dorado,017,186661,57,0,57,0
2020-04-25,Fresno,019,978130,831,6,837,7
2020-04-25,Glenn,021,27897,5,0,5,0
2020-04-25,Humboldt,023,135768,59,0,59,0
2020-04-25,Imperial,025,180216,433,0,433,9
2020-04-25,Inyo,027,18085,19,0,19,1
2020-04-25,Kern,029,883053,1044,1,1045,4
2020-04-25,Kings,031,150075,167,0,167,1
2020-04-25,Lake,033,64148,6,0,6,0
2020-04-25,Lassen,035,31185,3,2,5,0
2020-04-25,Los Angeles,037,10098052,25661,22,25683,1055
2020-04-25,Madera,039,155013,79,1,80,2
2020-04-25,Marin,041,260295,35,1,36,10
2020-04-25,Mariposa,043,17540,14,0,14,0
2020-04-25,Mendocino,045,87422,11,0,11,0
2020-04-25,Merced,047,269075,167,0,167,3
2020-04-25,Modoc,049,8938,0,0,0,0
2020-04-25,Mono,051,14174,31,0,31,1
2020-04-25,Monterey,053,433212,244,0,244,4
2020-04-25,Napa,055,140530,76,0,76,2
2020-04-25,Nevada,057,99092,41,1,42,1
2020-04-25,Orange,059,3164182,3194,25,3219,48
2020-04-25,Placer,061,380077,165,0,165,8
2020-04-25,Plumas,063,18699,4,0,4,0
2020-04-25,Riverside,065,2383286,4427,15,4442,141
2020-04-25,Sacramento,067,1510023,1083,0,1083,40
2020-04-25,San Benito,069,59416,50,0,50,2
2020-04-25,San Bernardino,071,2135413,2251,1,2252,96
2020-04-25,San Diego,073,3302833,3966,0,3966,121
2020-04-25,San Francisco,075,870044,1683,0,1683,30
2020-04-25,San Joaquin,077,732212,566,3,569,26
2020-04-25,San Luis Obispo,079,281455,243,3,246,1
2020-04-25,San Mateo,081,765935,1353,2,1355,55
2020-04-25,Santa Barbara,083,443738,502,2,504,7
2020-04-25,Santa Clara,085,1922200,2526,5,2531,102
2020-04-25,Santa Cruz,087,273765,142,0,142,2
2020-04-25,Shasta,089,179085,35,0,35,4
2020-04-25,Sierra,091,2930,0,0,0,0
2020-04-25,Siskiyou,093,43540,5,0,5,0
2020-04-25,Solano,095,438530,297,0,297,4
2020-04-25,Sonoma,097,501317,254,0,254,2
2020-04-25,Stanislaus,099,539301,398,4,402,5
2020-04-25,Sutter,101,95872,29,0,29,2
2020-04-25,Tehama,103,63373,1,0,1,1
2020-04-25,Trinity,105,12862,0,0,0,0
2020-04-25,Tulare,107,460477,797,5,802,33
2020-04-25,Tuolumne,109,53932,3,0,3,0
2020-04-25,Ventura,111,848112,626,1,627,16
2020-04-25,Yolo,113,214977,181,0,181,14
2020-04-25,Yuba,115,75493,17,0,17,1
2020-04-24,Alameda,001,1643700,1690,2,1692,62
2020-04-24,Alpine,002,1148,1,0,1,0
2020-04-24,Amador,005,37829,8,0,8,0
2020-04-24,Butte,007,227075,26,2,28,0
2020-04-24,Calaveras,009,45235,13,0,13,0
2020-04-24,Colusa,011,21464,3,0,3,0
2020-04-24,Contra Costa,013,1133247,945,0,945,26
2020-04-24,Del Norte,015,27424,2,0,2,0
2020-04-24,El Dorado,017,186661,56,0,56,0
2020-04-24,Fresno,019,978130,808,6,814,7
2020-04-24,Glenn,021,27897,5,0,5,0
2020-04-24,Humboldt,023,135768,59,0,59,0
2020-04-24,Imperial,025,180216,416,0,416,9
2020-04-24,Inyo,027,18085,19,0,19,1
2020-04-24,Kern,029,883053,1020,1,1021,4
2020-04-24,Kings,031,150075,138,0,138,1
2020-04-24,Lake,033,64148,6,0,6,0
2020-04-24,Lassen,035,31185,3,2,5,0
2020-04-24,Los Angeles,037,10098052,24731,22,24753,1011
2020-04-24,Madera,039,155013,79,1,80,2
2020-04-24,Marin,041,260295,35,1,36,10
2020-04-24,Mariposa,043,17540,8,0,8,0
2020-04-24,Mendocino,045,87422,11,0,11,0
2020-04-24,Merced,047,269075,164,0,164,3
2020-04-24,Modoc,049,8938,0,0,0,0
2020-04-24,Mono,051,14174,30,0,30,1
2020-04-24,Monterey,053,433212,237,0,237,4
2020-04-24,Napa,055,140530,75,0,75,2
2020-04-24,Nevada,057,99092,41,1,42,1
2020-04-24,Orange,059,3164182,3087,25,3112,48
2020-04-24,Placer,061,380077,163,0,163,8
2020-04-24,Plumas,063,18699,4,0,4,0
2020-04-24,Riverside,065,2383286,4346,15,4361,128
2020-04-24,Sacramento,067,1510023,1077,0,1077,40
2020-04-24,San Benito,069,59416,50,0,50,2
2020-04-24,San Bernardino,071,2135413,2216,1,2217,96
2020-04-24,San Diego,073,3302833,3855,0,3855,118
2020-04-24,San Francisco,075,870044,1625,0,1625,29
2020-04-24,San Joaquin,077,732212,559,3,562,25
2020-04-24,San Luis Obispo,079,281455,240,3,243,1
2020-04-24,San Mateo,081,765935,1330,2,1332,53
2020-04-24,Santa Barbara,083,443738,496,2,498,7
2020-04-24,Santa Clara,085,1922200,2484,5,2489,101
2020-04-24,Santa Cruz,087,273765,138,0,138,2
2020-04-24,Shasta,089,179085,35,0,35,4
2020-04-24,Sierra,091,2930,0,0,0,0
2020-04-24,Siskiyou,093,43540,5,0,5,0
2020-04-24,Solano,095,438530,294,0,294,4
2020-04-24,Sonoma,097,501317,250,0,250,2
2020-04-24,Stanislaus,099,539301,395,4,399,5
2020-04-24,Sutter,101,95872,28,0,28,2
2020-04-24,Tehama,103,63373,1,0,1,1
2020-04-24,Trinity,105,12862,0,0,0,0
2020-04-24,Tulare,107,460477,769,5,774,33
2020-04-24,Tuolumne,109,53932,3,0,3,0
2020-04-24,Ventura,111,848112,616,1,617,15
2020-04-24,Yolo,113,214977,180,0,180,14
2020-04-24,Yuba,115,75493,16,0,16,1
2020-04-23,Alameda,001,1643700,1652,2,1654,60
2020-04-23,Alpine,002,1148,1,0,1,0
2020-04-23,Amador,005,37829,8,0,8,0
2020-04-23,Butte,007,227075,26,2,28,0
2020-04-23,Calaveras,009,45235,13,0,13,0
2020-04-23,Colusa,011,21464,3,0,3,0
2020-04-23,Contra Costa,013,1133247,924,0,924,25
2020-04-23,Del Norte,015,27424,2,0,2,0
2020-04-23,El Dorado,017,186661,55,0,55,0
2020-04-23,Fresno,019,978130,771,6,777,7
2020-04-23,Glenn,021,27897,5,0,5,0
2020-04-23,Humboldt,023,135768,59,0,59,0
2020-04-23,Imperial,025,180216,397,0,397,9
2020-04-23,Inyo,027,18085,19,0,19,0
2020-04-23,Kern,029,883053,972,1,973,4
2020-04-23,Kings,031,150075,123,0,123,1
2020-04-23,Lake,033,64148,6,0,6,0
2020-04-23,Lassen,035,31185,3,2,5,0
2020-04-23,Los Angeles,037,10098052,23669,21,23690,966
2020-04-23,Madera,039,155013,77,1,78,2
2020-04-23,Marin,041,260295,35,1,36,10
2020-04-23,Mariposa,043,17540,7,0,7,0
2020-04-23,Mendocino,045,87422,9,0,9,0
2020-04-23,Merced,047,269075,160,0,160,3
2020-04-23,Modoc,049,8938,0,0,0,0
2020-04-23,Mono,051,14174,30,0,30,1
2020-04-23,Monterey,053,433212,233,0,233,4
2020-04-23,Napa,055,140530,68,0,68,2
2020-04-23,Nevada,057,99092,41,1,42,1
2020-04-23,Orange,059,3164182,2908,24,2932,47
2020-04-23,Placer,061,380077,160,0,160,8
2020-04-23,Plumas,063,18699,4,0,4,0
2020-04-23,Riverside,065,2383286,4232,14,4246,120
2020-04-23,Sacramento,067,1510023,1065,0,1065,40
2020-04-23,San Benito,069,59416,47,0,47,2
2020-04-23,San Bernardino,071,2135413,2151,1,2152,89
2020-04-23,San Diego,073,3302833,3694,0,3694,115
2020-04-23,San Francisco,075,870044,1600,0,1600,29
2020-04-23,San Joaquin,077,732212,549,3,552,23
2020-04-23,San Luis Obispo,079,281455,236,3,239,1
2020-04-23,San Mateo,081,765935,1291,2,1293,48
2020-04-23,Santa Barbara,083,443738,490,2,492,6
2020-04-23,Santa Clara,085,1922200,2449,5,2454,100
2020-04-23,Santa Cruz,087,273765,137,0,137,2
2020-04-23,Shasta,089,179085,35,0,35,4
2020-04-23,Sierra,091,2930,0,0,0,0
2020-04-23,Siskiyou,093,43540,5,0,5,0
2020-04-23,Solano,095,438530,275,0,275,4
2020-04-23,Sonoma,097,501317,238,0,238,2
2020-04-23,Stanislaus,099,539301,391,4,395,5
2020-04-23,Sutter,101,95872,28,0,28,2
2020-04-23,Tehama,103,63373,1,0,1,1
2020-04-23,Trinity,105,12862,0,0,0,0
2020-04-23,Tulare,107,460477,740,5,745,31
2020-04-23,Tuolumne,109,53932,3,0,3,0
2020-04-23,Ventura,111,848112,602,1,603,15
2020-04-23,Yolo,113,214977,177,0,177,13
2020-04-23,Yuba,115,75493,16,0,16,1
2020-04-22,Alameda,001,1643700,1603,2,1605,58
2020-04-22,Alpine,002,1148,1,0,1,0
2020-04-22,Amador,005,37829,8,0,8,0
2020-04-22,Butte,007,227075,25,2,27,0
2020-04-22,Calaveras,009,45235,13,0,13,0
2020-04-22,Colusa,011,21464,3,0,3,0
2020-04-22,Contra Costa,013,1133247,909,0,909,24
2020-04-22,Del Norte,015,27424,2,0,2,0
2020-04-22,El Dorado,017,186661,55,0,55,0
2020-04-22,Fresno,019,978130,731,6,737,7
2020-04-22,Glenn,021,27897,5,0,5,0
2020-04-22,Humboldt,023,135768,59,0,59,0
2020-04-22,Imperial,025,180216,387,0,387,7
2020-04-22,Inyo,027,18085,19,0,19,0
2020-04-22,Kern,029,883053,950,1,951,4
2020-04-22,Kings,031,150075,102,0,102,1
2020-04-22,Lake,033,64148,6,0,6,0
2020-04-22,Lassen,035,31185,3,2,5,0
2020-04-22,Los Angeles,037,10098052,22643,21,22664,913
2020-04-22,Madera,039,155013,75,1,76,2
2020-04-22,Marin,041,260295,35,1,36,10
2020-04-22,Mariposa,043,17540,6,0,6,0
2020-04-22,Mendocino,045,87422,6,0,6,0
2020-04-22,Merced,047,269075,146,0,146,3
2020-04-22,Modoc,049,8938,0,0,0,0
2020-04-22,Mono,051,14174,29,0,29,1
2020-04-22,Monterey,053,433212,226,0,226,4
2020-04-22,Napa,055,140530,67,0,67,2
2020-04-22,Nevada,057,99092,41,1,42,1
2020-04-22,Orange,059,3164182,2814,23,2837,43
2020-04-22,Placer,061,380077,158,0,158,8
2020-04-22,Plumas,063,18699,4,0,4,0
2020-04-22,Riverside,065,2383286,4128,14,4142,117
2020-04-22,Sacramento,067,1510023,1060,0,1060,40
2020-04-22,San Benito,069,59416,46,0,46,2
2020-04-22,San Bernardino,071,2135413,2088,1,2089,85
2020-04-22,San Diego,073,3302833,3566,0,3566,106
2020-04-22,San Francisco,075,870044,1563,0,1563,28
2020-04-22,San Joaquin,077,732212,538,3,541,21
2020-04-22,San Luis Obispo,079,281455,227,3,230,1
2020-04-22,San Mateo,081,765935,1268,2,1270,43
2020-04-22,Santa Barbara,083,443738,485,2,487,5
2020-04-22,Santa Clara,085,1922200,2433,5,2438,99
2020-04-22,Santa Cruz,087,273765,133,0,133,2
2020-04-22,Shasta,089,179085,34,0,34,4
2020-04-22,Sierra,091,2930,0,0,0,0
2020-04-22,Siskiyou,093,43540,5,0,5,0
2020-04-22,Solano,095,438530,254,0,254,4
2020-04-22,Sonoma,097,501317,235,0,235,2
2020-04-22,Stanislaus,099,539301,334,4,338,5
2020-04-22,Sutter,101,95872,28,0,28,2
2020-04-22,Tehama,103,63373,1,0,1,1
2020-04-22,Trinity,105,12862,0,0,0,0
2020-04-22,Tulare,107,460477,706,5,711,30
2020-04-22,Tuolumne,109,53932,3,0,3,0
2020-04-22,Ventura,111,848112,591,1,592,15
2020-04-22,Yolo,113,214977,176,0,176,13
2020-04-22,Yuba,115,75493,16,0,16,1
2020-04-21,Alameda,001,1643700,1573,2,1575,56
2020-04-21,Alpine,002,1148,1,0,1,0
2020-04-21,Amador,005,37829,8,0,8,0
2020-04-21,Butte,007,227075,24,2,26,0
2020-04-21,Calaveras,009,45235,12,0,12,0
2020-04-21,Colusa,011,21464,3,0,3,0
2020-04-21,Contra Costa,013,1133247,894,0,894,24
2020-04-21,Del Norte,015,27424,2,0,2,0
2020-04-21,El Dorado,017,186661,54,0,54,0
2020-04-21,Fresno,019,978130,697,6,703,7
2020-04-21,Glenn,021,27897,5,0,5,0
2020-04-21,Humboldt,023,135768,58,0,58,0
2020-04-21,Imperial,025,180216,366,0,366,7
2020-04-21,Inyo,027,18085,19,0,19,0
2020-04-21,Kern,029,883053,908,1,909,4
2020-04-21,Kings,031,150075,88,0,88,1
2020-04-21,Lake,033,64148,6,0,6,0
2020-04-21,Lassen,035,31185,3,2,5,0
2020-04-21,Los Angeles,037,10098052,21780,21,21801,862
2020-04-21,Madera,039,155013,75,1,76,2
2020-04-21,Marin,041,260295,34,1,35,9
2020-04-21,Mariposa,043,17540,5,0,5,0
2020-04-21,Mendocino,045,87422,6,0,6,0
2020-04-21,Merced,047,269075,142,0,142,3
2020-04-21,Modoc,049,8938,0,0,0,0
2020-04-21,Mono,051,14174,29,0,29,1
2020-04-21,Monterey,053,433212,223,0,223,4
2020-04-21,Napa,055,140530,66,0,66,2
2020-04-21,Nevada,057,99092,41,1,42,1
2020-04-21,Orange,059,3164182,2691,22,2713,41
2020-04-21,Placer,061,380077,156,0,156,8
2020-04-21,Plumas,063,18699,4,0,4,0
2020-04-21,Riverside,065,2383286,3995,14,4009,110
2020-04-21,Sacramento,067,1510023,1050,0,1050,37
2020-04-21,San Benito,069,59416,44,0,44,2
2020-04-21,San Bernardino,071,2135413,2028,1,2029,81
2020-04-21,San Diego,073,3302833,3410,0,3410,105
2020-04-21,San Francisco,075,870044,1533,0,1533,27
2020-04-21,San Joaquin,077,732212,528,3,531,21
2020-04-21,San Luis Obispo,079,281455,219,3,222,1
2020-04-21,San Mateo,081,765935,1222,2,1224,43
2020-04-21,Santa Barbara,083,443738,476,2,478,5
2020-04-21,Santa Clara,085,1922200,2383,5,2388,96
2020-04-21,Santa Cruz,087,273765,131,0,131,2
2020-04-21,Shasta,089,179085,33,0,33,3
2020-04-21,Sierra,091,2930,0,0,0,0
2020-04-21,Siskiyou,093,43540,5,0,5,0
2020-04-21,Solano,095,438530,246,0,246,3
2020-04-21,Sonoma,097,501317,225,0,225,2
2020-04-21,Stanislaus,099,539301,315,4,319,4
2020-04-21,Sutter,101,95872,28,0,28,2
2020-04-21,Tehama,103,63373,1,0,1,1
2020-04-21,Trinity,105,12862,0,0,0,0
2020-04-21,Tulare,107,460477,669,5,674,25
2020-04-21,Tuolumne,109,53932,3,0,3,0
2020-04-21,Ventura,111,848112,579,1,580,15
2020-04-21,Yolo,113,214977,174,0,174,12
2020-04-21,Yuba,115,75493,16,0,16,1
2020-04-20,Alameda,001,1643700,1540,2,1542,55
2020-04-20,Alpine,002,1148,1,0,1,0
2020-04-20,Amador,005,37829,8,0,8,0
2020-04-20,Butte,007,227075,23,2,25,0
2020-04-20,Calaveras,009,45235,12,0,12,0
2020-04-20,Colusa,011,21464,3,0,3,0
2020-04-20,Contra Costa,013,1133247,884,0,884,24
2020-04-20,Del Norte,015,27424,2,0,2,0
2020-04-20,El Dorado,017,186661,54,0,54,0
2020-04-20,Fresno,019,978130,679,6,685,7
2020-04-20,Glenn,021,27897,4,0,4,0
2020-04-20,Humboldt,023,135768,58,0,58,0
2020-04-20,Imperial,025,180216,347,0,347,6
2020-04-20,Inyo,027,18085,19,0,19,0
2020-04-20,Kern,029,883053,876,1,877,4
2020-04-20,Kings,031,150075,77,0,77,1
2020-04-20,Lake,033,64148,6,0,6,0
2020-04-20,Lassen,035,31185,3,2,5,0
2020-04-20,Los Angeles,037,10098052,20869,20,20889,819
2020-04-20,Madera,039,155013,74,1,75,2
2020-04-20,Marin,041,260295,33,1,34,9
2020-04-20,Mariposa,043,17540,5,0,5,0
2020-04-20,Mendocino,045,87422,6,0,6,0
2020-04-20,Merced,047,269075,135,0,135,3
2020-04-20,Modoc,049,8938,0,0,0,0
2020-04-20,Mono,051,14174,29,0,29,1
2020-04-20,Monterey,053,433212,214,0,214,4
2020-04-20,Napa,055,140530,66,0,66,2
2020-04-20,Nevada,057,99092,41,1,42,1
2020-04-20,Orange,059,3164182,2607,22,2629,37
2020-04-20,Placer,061,380077,155,0,155,8
2020-04-20,Plumas,063,18699,4,0,4,0
2020-04-20,Riverside,065,2383286,3870,14,3884,101
2020-04-20,Sacramento,067,1510023,1040,0,1040,35
2020-04-20,San Benito,069,59416,44,0,44,2
2020-04-20,San Bernardino,071,2135413,1941,1,1942,80
2020-04-20,San Diego,073,3302833,3268,0,3268,102
2020-04-20,San Francisco,075,870044,1501,0,1501,27
2020-04-20,San Joaquin,077,732212,524,3,527,20
2020-04-20,San Luis Obispo,079,281455,205,3,208,1
2020-04-20,San Mateo,081,765935,1199,2,1201,42
2020-04-20,Santa Barbara,083,443738,469,2,471,5
2020-04-20,Santa Clara,085,1922200,2352,5,2357,93
2020-04-20,Santa Cruz,087,273765,129,0,129,2
2020-04-20,Shasta,089,179085,33,0,33,3
2020-04-20,Sierra,091,2930,0,0,0,0
2020-04-20,Siskiyou,093,43540,5,0,5,0
2020-04-20,Solano,095,438530,243,0,243,3
2020-04-20,Sonoma,097,501317,217,0,217,2
2020-04-20,Stanislaus,099,539301,301,4,305,4
2020-04-20,Sutter,101,95872,27,0,27,2
2020-04-20,Tehama,103,63373,1,0,1,1
2020-04-20,Trinity,105,12862,0,0,0,0
2020-04-20,Tulare,107,460477,659,5,664,22
2020-04-20,Tuolumne,109,53932,3,0,3,0
2020-04-20,Ventura,111,848112,565,1,566,15
2020-04-20,Yolo,113,214977,173,0,173,12
2020-04-20,Yuba,115,75493,16,0,16,1
2020-04-19,Alameda,001,1643700,1490,2,1492,53
2020-04-19,Alpine,002,1148,1,0,1,0
2020-04-19,Amador,005,37829,7,0,7,0
2020-04-19,Butte,007,227075,22,2,24,0
2020-04-19,Calaveras,009,45235,12,0,12,0
2020-04-19,Colusa,011,21464,3,0,3,0
2020-04-19,Contra Costa,013,1133247,868,0,868,23
2020-04-19,Del Norte,015,27424,2,0,2,0
2020-04-19,El Dorado,017,186661,54,0,54,0
2020-04-19,Fresno,019,978130,643,6,649,7
2020-04-19,Glenn,021,27897,4,0,4,0
2020-04-19,Humboldt,023,135768,58,0,58,0
2020-04-19,Imperial,025,180216,319,0,319,5
2020-04-19,Inyo,027,18085,19,0,19,0
2020-04-19,Kern,029,883053,851,1,852,3
2020-04-19,Kings,031,150075,67,0,67,1
2020-04-19,Lake,033,64148,6,0,6,0
2020-04-19,Lassen,035,31185,3,2,5,0
2020-04-19,Los Angeles,037,10098052,19862,20,19882,768
2020-04-19,Madera,039,155013,72,1,73,2
2020-04-19,Marin,041,260295,33,1,34,9
2020-04-19,Mariposa,043,17540,2,0,2,0
2020-04-19,Mendocino,045,87422,6,0,6,0
2020-04-19,Merced,047,269075,130,0,130,3
2020-04-19,Modoc,049,8938,0,0,0,0
2020-04-19,Mono,051,14174,29,0,29,1
2020-04-19,Monterey,053,433212,205,0,205,4
2020-04-19,Napa,055,140530,64,0,64,2
2020-04-19,Nevada,057,99092,40,1,41,1
2020-04-19,Orange,059,3164182,2510,21,2531,37
2020-04-19,Placer,061,380077,154,0,154,8
2020-04-19,Plumas,063,18699,4,0,4,0
2020-04-19,Riverside,065,2383286,3727,14,3741,96
2020-04-19,Sacramento,067,1510023,1013,0,1013,34
2020-04-19,San Benito,069,59416,42,0,42,2
2020-04-19,San Bernardino,071,2135413,1878,1,1879,73
2020-04-19,San Diego,073,3302833,3101,0,3101,96
2020-04-19,San Francisco,075,870044,1468,0,1468,27
2020-04-19,San Joaquin,077,732212,506,3,509,18
2020-04-19,San Luis Obispo,079,281455,200,3,203,1
2020-04-19,San Mateo,081,765935,1163,2,1165,42
2020-04-19,Santa Barbara,083,443738,462,2,464,4
2020-04-19,Santa Clara,085,1922200,2307,5,2312,88
2020-04-19,Santa Cruz,087,273765,126,0,126,2
2020-04-19,Shasta,089,179085,31,0,31,3
2020-04-19,Sierra,091,2930,0,0,0,0
2020-04-19,Siskiyou,093,43540,5,0,5,0
2020-04-19,Solano,095,438530,233,0,233,2
2020-04-19,Sonoma,097,501317,211,0,211,2
2020-04-19,Stanislaus,099,539301,293,4,297,4
2020-04-19,Sutter,101,95872,26,0,26,2
2020-04-19,Tehama,103,63373,1,0,1,1
2020-04-19,Trinity,105,12862,0,0,0,0
2020-04-19,Tulare,107,460477,613,5,618,22
2020-04-19,Tuolumne,109,53932,3,0,3,0
2020-04-19,Ventura,111,848112,557,1,558,13
2020-04-19,Yolo,113,214977,173,0,173,11
2020-04-19,Yuba,115,75493,16,0,16,1
2020-04-18,Alameda,001,1643700,1465,2,1467,52
2020-04-18,Alpine,002,1148,1,0,1,0
2020-04-18,Amador,005,37829,7,0,7,0
2020-04-18,Butte,007,227075,21,2,23,0
2020-04-18,Calaveras,009,45235,12,0,12,0
2020-04-18,Colusa,011,21464,3,0,3,0
2020-04-18,Contra Costa,013,1133247,856,0,856,23
2020-04-18,Del Norte,015,27424,2,0,2,0
2020-04-18,El Dorado,017,186661,54,0,54,0
2020-04-18,Fresno,019,978130,622,6,628,7
2020-04-18,Glenn,021,27897,4,0,4,0
2020-04-18,Humboldt,023,135768,58,0,58,0
2020-04-18,Imperial,025,180216,309,0,309,4
2020-04-18,Inyo,027,18085,19,0,19,0
2020-04-18,Kern,029,883053,829,1,830,3
2020-04-18,Kings,031,150075,66,0,66,1
2020-04-18,Lake,033,64148,6,0,6,0
2020-04-18,Lassen,035,31185,3,2,5,0
2020-04-18,Los Angeles,037,10098052,19333,20,19353,729
2020-04-18,Madera,039,155013,71,1,72,2
2020-04-18,Marin,041,260295,33,1,34,9
2020-04-18,Mariposa,043,17540,2,0,2,0
2020-04-18,Mendocino,045,87422,6,0,6,0
2020-04-18,Merced,047,269075,128,0,128,3
2020-04-18,Modoc,049,8938,0,0,0,0
2020-04-18,Mono,051,14174,29,0,29,1
2020-04-18,Monterey,053,433212,201,0,201,4
2020-04-18,Napa,055,140530,64,0,64,2
2020-04-18,Nevada,057,99092,39,1,40,1
2020-04-18,Orange,059,3164182,2445,20,2465,36
2020-04-18,Placer,061,380077,152,0,152,8
2020-04-18,Plumas,063,18699,4,0,4,0
2020-04-18,Riverside,065,2383286,3652,14,3666,91
2020-04-18,Sacramento,067,1510023,1001,0,1001,33
2020-04-18,San Benito,069,59416,42,0,42,2
2020-04-18,San Bernardino,071,2135413,1833,1,1834,68
2020-04-18,San Diego,073,3302833,2999,0,2999,89
2020-04-18,San Francisco,075,870044,1429,0,1429,26
2020-04-18,San Joaquin,077,732212,497,3,500,18
2020-04-18,San Luis Obispo,079,281455,196,3,199,1
2020-04-18,San Mateo,081,765935,1141,2,1143,41
2020-04-18,Santa Barbara,083,443738,456,2,458,4
2020-04-18,Santa Clara,085,1922200,2274,5,2279,86
2020-04-18,Santa Cruz,087,273765,124,0,124,2
2020-04-18,Shasta,089,179085,31,0,31,3
2020-04-18,Sierra,091,2930,0,0,0,0
2020-04-18,Siskiyou,093,43540,5,0,5,0
2020-04-18,Solano,095,438530,229,0,229,2
2020-04-18,Sonoma,097,501317,207,0,207,2
2020-04-18,Stanislaus,099,539301,285,4,289,4
2020-04-18,Sutter,101,95872,26,0,26,2
2020-04-18,Tehama,103,63373,1,0,1,1
2020-04-18,Trinity,105,12862,0,0,0,0
2020-04-18,Tulare,107,460477,602,5,607,20
2020-04-18,Tuolumne,109,53932,3,0,3,0
2020-04-18,Ventura,111,848112,549,1,550,13
2020-04-18,Yolo,113,214977,171,0,171,10
2020-04-18,Yuba,115,75493,16,0,16,1
2020-04-17,Alameda,001,1643700,1410,1,1411,49
2020-04-17,Alpine,002,1148,1,0,1,0
2020-04-17,Amador,005,37829,7,0,7,0
2020-04-17,Butte,007,227075,21,2,23,0
2020-04-17,Calaveras,009,45235,12,0,12,0
2020-04-17,Colusa,011,21464,3,0,3,0
2020-04-17,Contra Costa,013,1133247,845,0,845,21
2020-04-17,Del Norte,015,27424,2,0,2,0
2020-04-17,El Dorado,017,186661,54,0,54,0
2020-04-17,Fresno,019,978130,600,6,606,7
2020-04-17,Glenn,021,27897,4,0,4,0
2020-04-17,Humboldt,023,135768,57,0,57,0
2020-04-17,Imperial,025,180216,300,0,300,4
2020-04-17,Inyo,027,18085,19,0,19,0
2020-04-17,Kern,029,883053,809,1,810,3
2020-04-17,Kings,031,150075,64,0,64,1
2020-04-17,Lake,033,64148,6,0,6,0
2020-04-17,Lassen,035,31185,3,2,5,0
2020-04-17,Los Angeles,037,10098052,18693,20,18713,687
2020-04-17,Madera,039,155013,71,1,72,2
2020-04-17,Marin,041,260295,32,1,33,9
2020-04-17,Mariposa,043,17540,1,0,1,0
2020-04-17,Mendocino,045,87422,6,0,6,0
2020-04-17,Merced,047,269075,127,0,127,3
2020-04-17,Modoc,049,8938,0,0,0,0
2020-04-17,Mono,051,14174,29,0,29,1
2020-04-17,Monterey,053,433212,196,0,196,3
2020-04-17,Napa,055,140530,62,0,62,2
2020-04-17,Nevada,057,99092,38,1,39,1
2020-04-17,Orange,059,3164182,2394,20,2414,35
2020-04-17,Placer,061,380077,152,0,152,8
2020-04-17,Plumas,063,18699,4,0,4,0
2020-04-17,Riverside,065,2383286,3525,14,3539,86
2020-04-17,Sacramento,067,1510023,994,0,994,32
2020-04-17,San Benito,069,59416,42,0,42,2
2020-04-17,San Bernardino,071,2135413,1794,1,1795,67
2020-04-17,San Diego,073,3302833,2909,0,2909,82
2020-04-17,San Francisco,075,870044,1404,0,1404,25
2020-04-17,San Joaquin,077,732212,486,3,489,18
2020-04-17,San Luis Obispo,079,281455,189,3,192,1
2020-04-17,San Mateo,081,765935,1125,2,1127,40
2020-04-17,Santa Barbara,083,443738,451,2,453,4
2020-04-17,Santa Clara,085,1922200,2238,5,2243,82
2020-04-17,Santa Cruz,087,273765,123,0,123,2
2020-04-17,Shasta,089,179085,31,0,31,3
2020-04-17,Sierra,091,2930,0,0,0,0
2020-04-17,Siskiyou,093,43540,5,0,5,0
2020-04-17,Solano,095,438530,228,0,228,2
2020-04-17,Sonoma,097,501317,204,0,204,2
2020-04-17,Stanislaus,099,539301,283,4,287,4
2020-04-17,Sutter,101,95872,26,0,26,2
2020-04-17,Tehama,103,63373,1,0,1,1
2020-04-17,Trinity,105,12862,0,0,0,0
2020-04-17,Tulare,107,460477,595,5,600,20
2020-04-17,Tuolumne,109,53932,3,0,3,0
2020-04-17,Ventura,111,848112,544,1,545,13
2020-04-17,Yolo,113,214977,170,0,170,10
2020-04-17,Yuba,115,75493,16,0,16,1
2020-04-16,Alameda,001,1643700,1377,1,1378,45
2020-04-16,Alpine,002,1148,1,0,1,0
2020-04-16,Amador,005,37829,7,0,7,0
2020-04-16,Butte,007,227075,20,2,22,0
2020-04-16,Calaveras,009,45235,12,0,12,0
2020-04-16,Colusa,011,21464,3,0,3,0
2020-04-16,Contra Costa,013,1133247,831,0,831,21
2020-04-16,Del Norte,015,27424,2,0,2,0
2020-04-16,El Dorado,017,186661,53,0,53,0
2020-04-16,Fresno,019,978130,570,6,576,7
2020-04-16,Glenn,021,27897,4,0,4,0
2020-04-16,Humboldt,023,135768,57,0,57,0
2020-04-16,Imperial,025,180216,285,0,285,3
2020-04-16,Inyo,027,18085,17,0,17,0
2020-04-16,Kern,029,883053,782,1,783,3
2020-04-16,Kings,031,150075,60,0,60,1
2020-04-16,Lake,033,64148,6,0,6,0
2020-04-16,Lassen,035,31185,3,2,5,0
2020-04-16,Los Angeles,037,10098052,17802,20,17822,645
2020-04-16,Madera,039,155013,69,1,70,2
2020-04-16,Marin,041,260295,32,1,33,9
2020-04-16,Mariposa,043,17540,1,0,1,0
2020-04-16,Mendocino,045,87422,6,0,6,0
2020-04-16,Merced,047,269075,121,0,121,3
2020-04-16,Modoc,049,8938,0,0,0,0
2020-04-16,Mono,051,14174,29,0,29,1
2020-04-16,Monterey,053,433212,193,0,193,3
2020-04-16,Napa,055,140530,59,0,59,2
2020-04-16,Nevada,057,99092,38,1,39,1
2020-04-16,Orange,059,3164182,2329,19,2348,34
2020-04-16,Placer,061,380077,150,0,150,8
2020-04-16,Plumas,063,18699,4,0,4,0
2020-04-16,Riverside,065,2383286,3405,14,3419,80
2020-04-16,Sacramento,067,1510023,986,0,986,32
2020-04-16,San Benito,069,59416,42,0,42,2
2020-04-16,San Bernardino,071,2135413,1713,0,1713,63
2020-04-16,San Diego,073,3302833,2801,0,2801,75
2020-04-16,San Francisco,075,870044,1360,0,1360,25
2020-04-16,San Joaquin,077,732212,471,3,474,18
2020-04-16,San Luis Obispo,079,281455,185,3,188,1
2020-04-16,San Mateo,081,765935,1096,2,1098,40
2020-04-16,Santa Barbara,083,443738,440,2,442,3
2020-04-16,Santa Clara,085,1922200,2201,5,2206,77
2020-04-16,Santa Cruz,087,273765,121,0,121,2
2020-04-16,Shasta,089,179085,31,0,31,3
2020-04-16,Sierra,091,2930,0,0,0,0
2020-04-16,Siskiyou,093,43540,5,0,5,0
2020-04-16,Solano,095,438530,225,0,225,2
2020-04-16,Sonoma,097,501317,199,0,199,2
2020-04-16,Stanislaus,099,539301,280,4,284,4
2020-04-16,Sutter,101,95872,25,0,25,2
2020-04-16,Tehama,103,63373,1,0,1,1
2020-04-16,Trinity,105,12862,0,0,0,0
2020-04-16,Tulare,107,460477,578,5,583,18
2020-04-16,Tuolumne,109,53932,3,0,3,0
2020-04-16,Ventura,111,848112,532,1,533,13
2020-04-16,Yolo,113,214977,168,0,168,9
2020-04-16,Yuba,115,75493,15,0,15,1
2020-04-15,Alameda,001,1643700,1327,1,1328,45
2020-04-15,Alpine,002,1148,1,0,1,0
2020-04-15,Amador,005,37829,7,0,7,0
2020-04-15,Butte,007,227075,20,2,22,0
2020-04-15,Calaveras,009,45235,11,0,11,0
2020-04-15,Colusa,011,21464,3,0,3,0
2020-04-15,Contra Costa,013,1133247,809,0,809,19
2020-04-15,Del Norte,015,27424,2,0,2,0
2020-04-15,El Dorado,017,186661,51,0,51,0
2020-04-15,Fresno,019,978130,544,6,550,7
2020-04-15,Glenn,021,27897,4,0,4,0
2020-04-15,Humboldt,023,135768,57,0,57,0
2020-04-15,Imperial,025,180216,259,0,259,3
2020-04-15,Inyo,027,18085,17,0,17,0
2020-04-15,Kern,029,883053,760,1,761,3
2020-04-15,Kings,031,150075,56,0,56,1
2020-04-15,Lake,033,64148,6,0,6,0
2020-04-15,Lassen,035,31185,3,2,5,0
2020-04-15,Los Angeles,037,10098052,16979,18,16997,581
2020-04-15,Madera,039,155013,69,1,70,2
2020-04-15,Marin,041,260295,32,1,33,9
2020-04-15,Mariposa,043,17540,0,0,0,0
2020-04-15,Mendocino,045,87422,5,0,5,0
2020-04-15,Merced,047,269075,119,0,119,3
2020-04-15,Modoc,049,8938,0,0,0,0
2020-04-15,Mono,051,14174,29,0,29,1
2020-04-15,Monterey,053,433212,185,0,185,3
2020-04-15,Napa,055,140530,56,0,56,2
2020-04-15,Nevada,057,99092,37,1,38,1
2020-04-15,Orange,059,3164182,2226,19,2245,31
2020-04-15,Placer,061,380077,149,0,149,7
2020-04-15,Plumas,063,18699,4,0,4,0
2020-04-15,Riverside,065,2383286,3210,14,3224,74
2020-04-15,Sacramento,067,1510023,977,0,977,32
2020-04-15,San Benito,069,59416,42,0,42,2
2020-04-15,San Bernardino,071,2135413,1643,0,1643,55
2020-04-15,San Diego,073,3302833,2713,0,2713,70
2020-04-15,San Francisco,075,870044,1324,0,1324,24
2020-04-15,San Joaquin,077,732212,463,3,466,18
2020-04-15,San Luis Obispo,079,281455,177,3,180,1
2020-04-15,San Mateo,081,765935,1047,2,1049,36
2020-04-15,Santa Barbara,083,443738,424,2,426,3
2020-04-15,Santa Clara,085,1922200,2162,5,2167,74
2020-04-15,Santa Cruz,087,273765,117,0,117,2
2020-04-15,Shasta,089,179085,31,0,31,3
2020-04-15,Sierra,091,2930,0,0,0,0
2020-04-15,Siskiyou,093,43540,5,0,5,0
2020-04-15,Solano,095,438530,220,0,220,2
2020-04-15,Sonoma,097,501317,197,0,197,2
2020-04-15,Stanislaus,099,539301,273,4,277,4
2020-04-15,Sutter,101,95872,25,0,25,2
2020-04-15,Tehama,103,63373,1,0,1,1
2020-04-15,Trinity,105,12862,0,0,0,0
2020-04-15,Tulare,107,460477,560,5,565,17
2020-04-15,Tuolumne,109,53932,3,0,3,0
2020-04-15,Ventura,111,848112,517,1,518,13
2020-04-15,Yolo,113,214977,161,0,161,8
2020-04-15,Yuba,115,75493,15,0,15,1
2020-04-14,Alameda,001,1643700,1282,1,1283,44
2020-04-14,Alpine,002,1148,1,0,1,0
2020-04-14,Amador,005,37829,7,0,7,0
2020-04-14,Butte,007,227075,20,2,22,0
2020-04-14,Calaveras,009,45235,11,0,11,0
2020-04-14,Colusa,011,21464,3,0,3,0
2020-04-14,Contra Costa,013,1133247,797,0,797,16
2020-04-14,Del Norte,015,27424,2,0,2,0
2020-04-14,El Dorado,017,186661,51,0,51,0
2020-04-14,Fresno,019,978130,521,6,527,7
2020-04-14,Glenn,021,27897,4,0,4,0
2020-04-14,Humboldt,023,135768,57,0,57,0
2020-04-14,Imperial,025,180216,239,0,239,3
2020-04-14,Inyo,027,18085,17,0,17,0
2020-04-14,Kern,029,883053,736,1,737,3
2020-04-14,Kings,031,150075,55,0,55,1
2020-04-14,Lake,033,64148,6,0,6,0
2020-04-14,Lassen,035,31185,3,2,5,0
2020-04-14,Los Angeles,037,10098052,16086,17,16103,544
2020-04-14,Madera,039,155013,68,1,69,2
2020-04-14,Marin,041,260295,32,1,33,9
2020-04-14,Mariposa,043,17540,0,0,0,0
2020-04-14,Mendocino,045,87422,5,0,5,0
2020-04-14,Merced,047,269075,112,0,112,3
2020-04-14,Modoc,049,8938,0,0,0,0
2020-04-14,Mono,051,14174,29,0,29,1
2020-04-14,Monterey,053,433212,180,0,180,3
2020-04-14,Napa,055,140530,56,0,56,2
2020-04-14,Nevada,057,99092,37,1,38,1
2020-04-14,Orange,059,3164182,2126,19,2145,28
2020-04-14,Placer,061,380077,148,0,148,7
2020-04-14,Plumas,063,18699,4,0,4,0
2020-04-14,Riverside,065,2383286,3075,14,3089,65
2020-04-14,Sacramento,067,1510023,968,0,968,32
2020-04-14,San Benito,069,59416,39,0,39,2
2020-04-14,San Bernardino,071,2135413,1588,0,1588,52
2020-04-14,San Diego,073,3302833,2618,0,2618,65
2020-04-14,San Francisco,075,870044,1270,0,1270,23
2020-04-14,San Joaquin,077,732212,453,3,456,18
2020-04-14,San Luis Obispo,079,281455,174,3,177,1
2020-04-14,San Mateo,081,765935,1013,2,1015,36
2020-04-14,Santa Barbara,083,443738,400,2,402,3
2020-04-14,Santa Clara,085,1922200,2129,5,2134,70
2020-04-14,Santa Cruz,087,273765,109,0,109,2
2020-04-14,Shasta,089,179085,31,0,31,3
2020-04-14,Sierra,091,2930,0,0,0,0
2020-04-14,Siskiyou,093,43540,5,0,5,0
2020-04-14,Solano,095,438530,217,0,217,2
2020-04-14,Sonoma,097,501317,193,0,193,2
2020-04-14,Stanislaus,099,539301,260,4,264,4
2020-04-14,Sutter,101,95872,24,0,24,2
2020-04-14,Tehama,103,63373,1,0,1,1
2020-04-14,Trinity,105,12862,0,0,0,0
2020-04-14,Tulare,107,460477,536,5,541,16
2020-04-14,Tuolumne,109,53932,3,0,3,0
2020-04-14,Ventura,111,848112,504,1,505,13
2020-04-14,Yolo,113,214977,158,0,158,7
2020-04-14,Yuba,115,75493,14,0,14,1
2020-04-13,Alameda,001,1643700,1244,1,1245,40
2020-04-13,Alpine,002,1148,1,0,1,0
2020-04-13,Amador,005,37829,7,0,7,0
2020-04-13,Butte,007,227075,19,2,21,0
2020-04-13,Calaveras,009,45235,10,0,10,0
2020-04-13,Colusa,011,21464,3,0,3,0
2020-04-13,Contra Costa,013,1133247,781,0,781,14
2020-04-13,Del Norte,015,27424,2,0,2,0
2020-04-13,El Dorado,017,186661,49,0,49,0
2020-04-13,Fresno,019,978130,499,5,504,7
2020-04-13,Glenn,021,27897,4,0,4,0
2020-04-13,Humboldt,023,135768,57,0,57,0
2020-04-13,Imperial,025,180216,221,0,221,3
2020-04-13,Inyo,027,18085,17,0,17,0
2020-04-13,Kern,029,883053,711,1,712,3
2020-04-13,Kings,031,150075,51,0,51,1
2020-04-13,Lake,033,64148,6,0,6,0
2020-04-13,Lassen,035,31185,3,2,5,0
2020-04-13,Los Angeles,037,10098052,15365,17,15382,493
2020-04-13,Madera,039,155013,66,1,67,2
2020-04-13,Marin,041,260295,32,1,33,9
2020-04-13,Mariposa,043,17540,0,0,0,0
2020-04-13,Mendocino,045,87422,5,0,5,0
2020-04-13,Merced,047,269075,111,0,111,3
2020-04-13,Modoc,049,8938,0,0,0,0
2020-04-13,Mono,051,14174,29,0,29,1
2020-04-13,Monterey,053,433212,173,0,173,3
2020-04-13,Napa,055,140530,55,0,55,2
2020-04-13,Nevada,057,99092,37,1,38,1
2020-04-13,Orange,059,3164182,2054,19,2073,26
2020-04-13,Placer,061,380077,147,0,147,5
2020-04-13,Plumas,063,18699,4,0,4,0
2020-04-13,Riverside,065,2383286,2934,13,2947,60
2020-04-13,Sacramento,067,1510023,956,0,956,32
2020-04-13,San Benito,069,59416,38,0,38,2
2020-04-13,San Bernardino,071,2135413,1513,0,1513,46
2020-04-13,San Diego,073,3302833,2535,0,2535,61
2020-04-13,San Francisco,075,870044,1232,0,1232,20
2020-04-13,San Joaquin,077,732212,438,3,441,18
2020-04-13,San Luis Obispo,079,281455,169,3,172,1
2020-04-13,San Mateo,081,765935,973,2,975,34
2020-04-13,Santa Barbara,083,443738,381,1,382,2
2020-04-13,Santa Clara,085,1922200,2083,5,2088,68
2020-04-13,Santa Cruz,087,273765,103,0,103,1
2020-04-13,Shasta,089,179085,30,0,30,3
2020-04-13,Sierra,091,2930,0,0,0,0
2020-04-13,Siskiyou,093,43540,5,0,5,0
2020-04-13,Solano,095,438530,213,0,213,2
2020-04-13,Sonoma,097,501317,186,0,186,2
2020-04-13,Stanislaus,099,539301,254,4,258,4
2020-04-13,Sutter,101,95872,24,0,24,2
2020-04-13,Tehama,103,63373,1,0,1,1
2020-04-13,Trinity,105,12862,0,0,0,0
2020-04-13,Tulare,107,460477,500,5,505,14
2020-04-13,Tuolumne,109,53932,3,0,3,0
2020-04-13,Ventura,111,848112,483,0,483,13
2020-04-13,Yolo,113,214977,152,0,152,5
2020-04-13,Yuba,115,75493,14,0,14,1
2020-04-12,Alameda,001,1643700,1201,1,1202,37
2020-04-12,Alpine,002,1148,1,0,1,0
2020-04-12,Amador,005,37829,7,0,7,0
2020-04-12,Butte,007,227075,19,2,21,0
2020-04-12,Calaveras,009,45235,10,0,10,0
2020-04-12,Colusa,011,21464,3,0,3,0
2020-04-12,Contra Costa,013,1133247,768,0,768,13
2020-04-12,Del Norte,015,27424,2,0,2,0
2020-04-12,El Dorado,017,186661,49,0,49,0
2020-04-12,Fresno,019,978130,470,5,475,7
2020-04-12,Glenn,021,27897,4,0,4,0
2020-04-12,Humboldt,023,135768,57,0,57,0
2020-04-12,Imperial,025,180216,198,0,198,3
2020-04-12,Inyo,027,18085,15,0,15,0
2020-04-12,Kern,029,883053,679,0,679,3
2020-04-12,Kings,031,150075,49,0,49,1
2020-04-12,Lake,033,64148,6,0,6,0
2020-04-12,Lassen,035,31185,3,2,5,0
2020-04-12,Los Angeles,037,10098052,14645,17,14662,449
2020-04-12,Madera,039,155013,65,1,66,2
2020-04-12,Marin,041,260295,30,1,31,9
2020-04-12,Mariposa,043,17540,0,0,0,0
2020-04-12,Mendocino,045,87422,5,0,5,0
2020-04-12,Merced,047,269075,107,0,107,3
2020-04-12,Modoc,049,8938,0,0,0,0
2020-04-12,Mono,051,14174,29,0,29,1
2020-04-12,Monterey,053,433212,159,0,159,3
2020-04-12,Napa,055,140530,53,0,53,2
2020-04-12,Nevada,057,99092,37,1,38,1
2020-04-12,Orange,059,3164182,1994,18,2012,23
2020-04-12,Placer,061,380077,146,0,146,5
2020-04-12,Plumas,063,18699,4,0,4,0
2020-04-12,Riverside,065,2383286,2752,13,2765,53
2020-04-12,Sacramento,067,1510023,919,0,919,29
2020-04-12,San Benito,069,59416,36,0,36,2
2020-04-12,San Bernardino,071,2135413,1437,0,1437,42
2020-04-12,San Diego,073,3302833,2445,0,2445,55
2020-04-12,San Francisco,075,870044,1205,0,1205,19
2020-04-12,San Joaquin,077,732212,420,3,423,17
2020-04-12,San Luis Obispo,079,281455,166,2,168,1
2020-04-12,San Mateo,081,765935,947,2,949,33
2020-04-12,Santa Barbara,083,443738,362,1,363,2
2020-04-12,Santa Clara,085,1922200,2055,5,2060,67
2020-04-12,Santa Cruz,087,273765,102,0,102,1
2020-04-12,Shasta,089,179085,30,0,30,3
2020-04-12,Sierra,091,2930,0,0,0,0
2020-04-12,Siskiyou,093,43540,5,0,5,0
2020-04-12,Solano,095,438530,207,0,207,2
2020-04-12,Sonoma,097,501317,183,0,183,2
2020-04-12,Stanislaus,099,539301,246,4,250,2
2020-04-12,Sutter,101,95872,23,0,23,2
2020-04-12,Tehama,103,63373,1,0,1,0
2020-04-12,Trinity,105,12862,0,0,0,0
2020-04-12,Tulare,107,460477,488,5,493,14
2020-04-12,Tuolumne,109,53932,3,0,3,0
2020-04-12,Ventura,111,848112,473,0,473,13
2020-04-12,Yolo,113,214977,138,0,138,4
2020-04-12,Yuba,115,75493,14,0,14,1
2020-04-11,Alameda,001,1643700,1159,1,1160,33
2020-04-11,Alpine,002,1148,1,0,1,0
2020-04-11,Amador,005,37829,7,0,7,0
2020-04-11,Butte,007,227075,19,2,21,0
2020-04-11,Calaveras,009,45235,10,0,10,0
2020-04-11,Colusa,011,21464,3,0,3,0
2020-04-11,Contra Costa,013,1133247,759,0,759,13
2020-04-11,Del Norte,015,27424,2,0,2,0
2020-04-11,El Dorado,017,186661,48,0,48,0
2020-04-11,Fresno,019,978130,460,5,465,7
2020-04-11,Glenn,021,27897,4,0,4,0
2020-04-11,Humboldt,023,135768,57,0,57,0
2020-04-11,Imperial,025,180216,188,0,188,3
2020-04-11,Inyo,027,18085,15,0,15,0
2020-04-11,Kern,029,883053,651,0,651,3
2020-04-11,Kings,031,150075,46,0,46,1
2020-04-11,Lake,033,64148,6,0,6,0
2020-04-11,Lassen,035,31185,3,2,5,0
2020-04-11,Los Angeles,037,10098052,14169,17,14186,407
2020-04-11,Madera,039,155013,64,1,65,2
2020-04-11,Marin,041,260295,29,1,30,9
2020-04-11,Mariposa,043,17540,0,0,0,0
2020-04-11,Mendocino,045,87422,5,0,5,0
2020-04-11,Merced,047,269075,104,0,104,3
2020-04-11,Modoc,049,8938,0,0,0,0
2020-04-11,Mono,051,14174,29,0,29,1
2020-04-11,Monterey,053,433212,153,0,153,3
2020-04-11,Napa,055,140530,53,0,53,2
2020-04-11,Nevada,057,99092,37,1,38,1
2020-04-11,Orange,059,3164182,1932,18,1950,23
2020-04-11,Placer,061,380077,146,0,146,4
2020-04-11,Plumas,063,18699,4,0,4,0
2020-04-11,Riverside,065,2383286,2673,13,2686,50
2020-04-11,Sacramento,067,1510023,908,0,908,29
2020-04-11,San Benito,069,59416,36,0,36,2
2020-04-11,San Bernardino,071,2135413,1401,0,1401,37
2020-04-11,San Diego,073,3302833,2379,0,2379,50
2020-04-11,San Francisco,075,870044,1183,0,1183,19
2020-04-11,San Joaquin,077,732212,415,3,418,17
2020-04-11,San Luis Obispo,079,281455,166,1,167,1
2020-04-11,San Mateo,081,765935,935,2,937,31
2020-04-11,Santa Barbara,083,443738,354,1,355,2
2020-04-11,Santa Clara,085,1922200,1996,5,2001,61
2020-04-11,Santa Cruz,087,273765,102,0,102,1
2020-04-11,Shasta,089,179085,30,0,30,3
2020-04-11,Sierra,091,2930,0,0,0,0
2020-04-11,Siskiyou,093,43540,5,0,5,0
2020-04-11,Solano,095,438530,203,0,203,2
2020-04-11,Sonoma,097,501317,181,0,181,2
2020-04-11,Stanislaus,099,539301,238,3,241,2
2020-04-11,Sutter,101,95872,23,0,23,2
2020-04-11,Tehama,103,63373,1,0,1,0
2020-04-11,Trinity,105,12862,0,0,0,0
2020-04-11,Tulare,107,460477,466,5,471,14
2020-04-11,Tuolumne,109,53932,3,0,3,0
2020-04-11,Ventura,111,848112,463,0,463,13
2020-04-11,Yolo,113,214977,135,0,135,4
2020-04-11,Yuba,115,75493,14,0,14,1
2020-04-10,Alameda,001,1643700,1118,1,1119,30
2020-04-10,Alpine,002,1148,1,0,1,0
2020-04-10,Amador,005,37829,7,0,7,0
2020-04-10,Butte,007,227075,19,2,21,0
2020-04-10,Calaveras,009,45235,10,0,10,0
2020-04-10,Colusa,011,21464,3,0,3,0
2020-04-10,Contra Costa,013,1133247,746,0,746,12
2020-04-10,Del Norte,015,27424,2,0,2,0
2020-04-10,El Dorado,017,186661,48,0,48,0
2020-04-10,Fresno,019,978130,453,4,457,6
2020-04-10,Glenn,021,27897,4,0,4,0
2020-04-10,Humboldt,023,135768,57,0,57,0
2020-04-10,Imperial,025,180216,181,0,181,3
2020-04-10,Inyo,027,18085,13,0,13,0
2020-04-10,Kern,029,883053,627,0,627,3
2020-04-10,Kings,031,150075,43,0,43,0
2020-04-10,Lake,033,64148,6,0,6,0
2020-04-10,Lassen,035,31185,3,2,5,0
2020-04-10,Los Angeles,037,10098052,13651,14,13665,376
2020-04-10,Madera,039,155013,63,1,64,2
2020-04-10,Marin,041,260295,29,1,30,9
2020-04-10,Mariposa,043,17540,0,0,0,0
2020-04-10,Mendocino,045,87422,5,0,5,0
2020-04-10,Merced,047,269075,102,0,102,3
2020-04-10,Modoc,049,8938,0,0,0,0
2020-04-10,Mono,051,14174,29,0,29,1
2020-04-10,Monterey,053,433212,142,0,142,3
2020-04-10,Napa,055,140530,50,0,50,2
2020-04-10,Nevada,057,99092,37,1,38,1
2020-04-10,Orange,059,3164182,1885,18,1903,23
2020-04-10,Placer,061,380077,145,0,145,4
2020-04-10,Plumas,063,18699,4,0,4,0
2020-04-10,Riverside,065,2383286,2607,13,2620,48
2020-04-10,Sacramento,067,1510023,899,0,899,28
2020-04-10,San Benito,069,59416,36,0,36,2
2020-04-10,San Bernardino,071,2135413,1353,0,1353,34
2020-04-10,San Diego,073,3302833,2319,0,2319,49
2020-04-10,San Francisco,075,870044,1152,0,1152,18
2020-04-10,San Joaquin,077,732212,403,3,406,16
2020-04-10,San Luis Obispo,079,281455,166,1,167,1
2020-04-10,San Mateo,081,765935,919,2,921,30
2020-04-10,Santa Barbara,083,443738,346,1,347,2
2020-04-10,Santa Clara,085,1922200,1944,5,1949,56
2020-04-10,Santa Cruz,087,273765,101,0,101,1
2020-04-10,Shasta,089,179085,30,0,30,3
2020-04-10,Sierra,091,2930,0,0,0,0
2020-04-10,Siskiyou,093,43540,5,0,5,0
2020-04-10,Solano,095,438530,200,0,200,2
2020-04-10,Sonoma,097,501317,180,0,180,2
2020-04-10,Stanislaus,099,539301,231,3,234,1
2020-04-10,Sutter,101,95872,23,0,23,2
2020-04-10,Tehama,103,63373,1,0,1,0
2020-04-10,Trinity,105,12862,0,0,0,0
2020-04-10,Tulare,107,460477,424,5,429,13
2020-04-10,Tuolumne,109,53932,3,0,3,0
2020-04-10,Ventura,111,848112,454,0,454,13
2020-04-10,Yolo,113,214977,133,0,133,4
2020-04-10,Yuba,115,75493,14,0,14,1
2020-04-09,Alameda,001,1643700,1068,1,1069,28
2020-04-09,Alpine,002,1148,1,0,1,0
2020-04-09,Amador,005,37829,7,0,7,0
2020-04-09,Butte,007,227075,19,2,21,0
2020-04-09,Calaveras,009,45235,10,0,10,0
2020-04-09,Colusa,011,21464,3,0,3,0
2020-04-09,Contra Costa,013,1133247,703,0,703,10
2020-04-09,Del Norte,015,27424,2,0,2,0
2020-04-09,El Dorado,017,186661,47,0,47,0
2020-04-09,Fresno,019,978130,427,4,431,5
2020-04-09,Glenn,021,27897,4,0,4,0
2020-04-09,Humboldt,023,135768,57,0,57,0
2020-04-09,Imperial,025,180216,160,0,160,3
2020-04-09,Inyo,027,18085,12,0,12,0
2020-04-09,Kern,029,883053,591,0,591,3
2020-04-09,Kings,031,150075,40,0,40,0
2020-04-09,Lake,033,64148,5,0,5,0
2020-04-09,Lassen,035,31185,3,2,5,0
2020-04-09,Los Angeles,037,10098052,13022,14,13036,343
2020-04-09,Madera,039,155013,63,1,64,2
2020-04-09,Marin,041,260295,29,1,30,9
2020-04-09,Mariposa,043,17540,0,0,0,0
2020-04-09,Mendocino,045,87422,5,0,5,0
2020-04-09,Merced,047,269075,98,0,98,3
2020-04-09,Modoc,049,8938,0,0,0,0
2020-04-09,Mono,051,14174,29,0,29,1
2020-04-09,Monterey,053,433212,124,0,124,3
2020-04-09,Napa,055,140530,46,0,46,2
2020-04-09,Nevada,057,99092,36,1,37,1
2020-04-09,Orange,059,3164182,1811,18,1829,20
2020-04-09,Placer,061,380077,144,0,144,4
2020-04-09,Plumas,063,18699,4,0,4,0
2020-04-09,Riverside,065,2383286,2464,13,2477,44
2020-04-09,Sacramento,067,1510023,876,0,876,26
2020-04-09,San Benito,069,59416,36,0,36,2
2020-04-09,San Bernardino,071,2135413,1284,0,1284,29
2020-04-09,San Diego,073,3302833,2223,0,2223,48
2020-04-09,San Francisco,075,870044,1132,0,1132,16
2020-04-09,San Joaquin,077,732212,382,3,385,16
2020-04-09,San Luis Obispo,079,281455,158,1,159,1
2020-04-09,San Mateo,081,765935,903,2,905,29
2020-04-09,Santa Barbara,083,443738,336,1,337,2
2020-04-09,Santa Clara,085,1922200,1874,5,1879,55
2020-04-09,Santa Cruz,087,273765,101,0,101,1
2020-04-09,Shasta,089,179085,30,0,30,3
2020-04-09,Sierra,091,2930,0,0,0,0
2020-04-09,Siskiyou,093,43540,5,0,5,0
2020-04-09,Solano,095,438530,190,0,190,2
2020-04-09,Sonoma,097,501317,176,0,176,1
2020-04-09,Stanislaus,099,539301,219,3,222,0
2020-04-09,Sutter,101,95872,23,0,23,2
2020-04-09,Tehama,103,63373,1,0,1,0
2020-04-09,Trinity,105,12862,0,0,0,0
2020-04-09,Tulare,107,460477,395,5,400,11
2020-04-09,Tuolumne,109,53932,3,0,3,0
2020-04-09,Ventura,111,848112,435,0,435,12
2020-04-09,Yolo,113,214977,124,0,124,4
2020-04-09,Yuba,115,75493,14,0,14,1
2020-04-08,Alameda,001,1643700,1026,1,1027,26
2020-04-08,Alpine,002,1148,1,0,1,0
2020-04-08,Amador,005,37829,7,0,7,0
2020-04-08,Butte,007,227075,18,2,20,0
2020-04-08,Calaveras,009,45235,10,0,10,0
2020-04-08,Colusa,011,21464,3,0,3,0
2020-04-08,Contra Costa,013,1133247,690,0,690,9
2020-04-08,Del Norte,015,27424,2,0,2,0
2020-04-08,El Dorado,017,186661,47,0,47,0
2020-04-08,Fresno,019,978130,407,4,411,5
2020-04-08,Glenn,021,27897,4,0,4,0
2020-04-08,Humboldt,023,135768,57,0,57,0
2020-04-08,Imperial,025,180216,149,0,149,3
2020-04-08,Inyo,027,18085,12,0,12,0
2020-04-08,Kern,029,883053,550,0,550,3
2020-04-08,Kings,031,150075,40,0,40,0
2020-04-08,Lake,033,64148,5,0,5,0
2020-04-08,Lassen,035,31185,3,2,5,0
2020-04-08,Los Angeles,037,10098052,12424,14,12438,302
2020-04-08,Madera,039,155013,62,1,63,2
2020-04-08,Marin,041,260295,28,1,29,9
2020-04-08,Mariposa,043,17540,0,0,0,0
2020-04-08,Mendocino,045,87422,5,0,5,0
2020-04-08,Merced,047,269075,87,0,87,3
2020-04-08,Modoc,049,8938,0,0,0,0
2020-04-08,Mono,051,14174,29,0,29,1
2020-04-08,Monterey,053,433212,115,0,115,3
2020-04-08,Napa,055,140530,44,0,44,2
2020-04-08,Nevada,057,99092,36,1,37,1
2020-04-08,Orange,059,3164182,1748,18,1766,20
2020-04-08,Placer,061,380077,144,0,144,4
2020-04-08,Plumas,063,18699,4,0,4,0
2020-04-08,Riverside,065,2383286,2307,13,2320,42
2020-04-08,Sacramento,067,1510023,842,0,842,25
2020-04-08,San Benito,069,59416,36,0,36,2
2020-04-08,San Bernardino,071,2135413,1227,0,1227,28
2020-04-08,San Diego,073,3302833,2149,0,2149,47
2020-04-08,San Francisco,075,870044,1065,0,1065,16
2020-04-08,San Joaquin,077,732212,365,3,368,16
2020-04-08,San Luis Obispo,079,281455,156,1,157,1
2020-04-08,San Mateo,081,765935,888,2,890,29
2020-04-08,Santa Barbara,083,443738,319,1,320,2
2020-04-08,Santa Clara,085,1922200,1829,5,1834,51
2020-04-08,Santa Cruz,087,273765,100,0,100,1
2020-04-08,Shasta,089,179085,30,0,30,3
2020-04-08,Sierra,091,2930,0,0,0,0
2020-04-08,Siskiyou,093,43540,5,0,5,0
2020-04-08,Solano,095,438530,176,0,176,2
2020-04-08,Sonoma,097,501317,170,0,170,1
2020-04-08,Stanislaus,099,539301,203,3,206,0
2020-04-08,Sutter,101,95872,22,0,22,2
2020-04-08,Tehama,103,63373,1,0,1,0
2020-04-08,Trinity,105,12862,0,0,0,0
2020-04-08,Tulare,107,460477,364,5,369,9
2020-04-08,Tuolumne,109,53932,3,0,3,0
2020-04-08,Ventura,111,848112,426,0,426,9
2020-04-08,Yolo,113,214977,107,0,107,4
2020-04-08,Yuba,115,75493,14,0,14,0
2020-04-07,Alameda,001,1643700,991,1,992,23
2020-04-07,Alpine,002,1148,1,0,1,0
2020-04-07,Amador,005,37829,7,0,7,0
2020-04-07,Butte,007,227075,17,2,19,0
2020-04-07,Calaveras,009,45235,9,0,9,0
2020-04-07,Colusa,011,21464,3,0,3,0
2020-04-07,Contra Costa,013,1133247,670,0,670,8
2020-04-07,Del Norte,015,27424,2,0,2,0
2020-04-07,El Dorado,017,186661,46,0,46,0
2020-04-07,Fresno,019,978130,393,4,397,3
2020-04-07,Glenn,021,27897,4,0,4,0
2020-04-07,Humboldt,023,135768,56,0,56,0
2020-04-07,Imperial,025,180216,130,0,130,3
2020-04-07,Inyo,027,18085,12,0,12,0
2020-04-07,Kern,029,883053,507,0,507,2
2020-04-07,Kings,031,150075,37,0,37,0
2020-04-07,Lake,033,64148,4,0,4,0
2020-04-07,Lassen,035,31185,3,2,5,0
2020-04-07,Los Angeles,037,10098052,11773,14,11787,261
2020-04-07,Madera,039,155013,60,0,60,2
2020-04-07,Marin,041,260295,28,1,29,9
2020-04-07,Mariposa,043,17540,0,0,0,0
2020-04-07,Mendocino,045,87422,5,0,5,0
2020-04-07,Merced,047,269075,79,0,79,2
2020-04-07,Modoc,049,8938,0,0,0,0
2020-04-07,Mono,051,14174,28,0,28,1
2020-04-07,Monterey,053,433212,106,0,106,3
2020-04-07,Napa,055,140530,42,0,42,2
2020-04-07,Nevada,057,99092,36,1,37,1
2020-04-07,Orange,059,3164182,1701,16,1717,18
2020-04-07,Placer,061,380077,139,0,139,4
2020-04-07,Plumas,063,18699,4,0,4,0
2020-04-07,Riverside,065,2383286,2150,13,2163,40
2020-04-07,Sacramento,067,1510023,812,0,812,23
2020-04-07,San Benito,069,59416,36,0,36,2
2020-04-07,San Bernardino,071,2135413,1160,0,1160,27
2020-04-07,San Diego,073,3302833,2072,0,2072,44
2020-04-07,San Francisco,075,870044,1005,0,1005,15
2020-04-07,San Joaquin,077,732212,347,3,350,15
2020-04-07,San Luis Obispo,079,281455,149,1,150,1
2020-04-07,San Mateo,081,765935,867,2,869,28
2020-04-07,Santa Barbara,083,443738,305,1,306,2
2020-04-07,Santa Clara,085,1922200,1760,4,1764,49
2020-04-07,Santa Cruz,087,273765,100,0,100,1
2020-04-07,Shasta,089,179085,29,0,29,3
2020-04-07,Sierra,091,2930,0,0,0,0
2020-04-07,Siskiyou,093,43540,5,0,5,0
2020-04-07,Solano,095,438530,171,0,171,2
2020-04-07,Sonoma,097,501317,167,0,167,1
2020-04-07,Stanislaus,099,539301,186,3,189,0
2020-04-07,Sutter,101,95872,22,0,22,2
2020-04-07,Tehama,103,63373,1,0,1,0
2020-04-07,Trinity,105,12862,0,0,0,0
2020-04-07,Tulare,107,460477,335,5,340,9
2020-04-07,Tuolumne,109,53932,3,0,3,0
2020-04-07,Ventura,111,848112,409,0,409,9
2020-04-07,Yolo,113,214977,100,0,100,4
2020-04-07,Yuba,115,75493,14,0,14,0
2020-04-06,Alameda,001,1643700,960,1,961,20
2020-04-06,Alpine,002,1148,1,0,1,0
2020-04-06,Amador,005,37829,6,0,6,0
2020-04-06,Butte,007,227075,16,2,18,0
2020-04-06,Calaveras,009,45235,9,0,9,0
2020-04-06,Colusa,011,21464,3,0,3,0
2020-04-06,Contra Costa,013,1133247,645,0,645,7
2020-04-06,Del Norte,015,27424,2,0,2,0
2020-04-06,El Dorado,017,186661,44,0,44,0
2020-04-06,Fresno,019,978130,371,4,375,3
2020-04-06,Glenn,021,27897,4,0,4,0
2020-04-06,Humboldt,023,135768,55,0,55,0
2020-04-06,Imperial,025,180216,123,0,123,3
2020-04-06,Inyo,027,18085,11,0,11,0
2020-04-06,Kern,029,883053,470,0,470,2
2020-04-06,Kings,031,150075,37,0,37,0
2020-04-06,Lake,033,64148,4,0,4,0
2020-04-06,Lassen,035,31185,3,2,5,0
2020-04-06,Los Angeles,037,10098052,11043,14,11057,232
2020-04-06,Madera,039,155013,58,0,58,2
2020-04-06,Marin,041,260295,28,1,29,8
2020-04-06,Mariposa,043,17540,0,0,0,0
2020-04-06,Mendocino,045,87422,5,0,5,0
2020-04-06,Merced,047,269075,74,0,74,1
2020-04-06,Modoc,049,8938,0,0,0,0
2020-04-06,Mono,051,14174,28,0,28,1
2020-04-06,Monterey,053,433212,101,0,101,2
2020-04-06,Napa,055,140530,42,0,42,2
2020-04-06,Nevada,057,99092,36,1,37,1
2020-04-06,Orange,059,3164182,1657,15,1672,17
2020-04-06,Placer,061,380077,139,0,139,4
2020-04-06,Plumas,063,18699,4,0,4,0
2020-04-06,Riverside,065,2383286,2024,13,2037,33
2020-04-06,Sacramento,067,1510023,782,0,782,22
2020-04-06,San Benito,069,59416,34,0,34,2
2020-04-06,San Bernardino,071,2135413,1101,0,1101,24
2020-04-06,San Diego,073,3302833,1990,0,1990,39
2020-04-06,San Francisco,075,870044,965,0,965,14
2020-04-06,San Joaquin,077,732212,332,3,335,14
2020-04-06,San Luis Obispo,079,281455,147,1,148,1
2020-04-06,San Mateo,081,765935,849,2,851,25
2020-04-06,Santa Barbara,083,443738,296,1,297,2
2020-04-06,Santa Clara,085,1922200,1707,4,1711,48
2020-04-06,Santa Cruz,087,273765,98,0,98,1
2020-04-06,Shasta,089,179085,29,0,29,3
2020-04-06,Sierra,091,2930,0,0,0,0
2020-04-06,Siskiyou,093,43540,4,0,4,0
2020-04-06,Solano,095,438530,164,0,164,2
2020-04-06,Sonoma,097,501317,166,0,166,1
2020-04-06,Stanislaus,099,539301,170,3,173,0
2020-04-06,Sutter,101,95872,22,0,22,2
2020-04-06,Tehama,103,63373,1,0,1,0
2020-04-06,Trinity,105,12862,0,0,0,0
2020-04-06,Tulare,107,460477,319,5,324,7
2020-04-06,Tuolumne,109,53932,3,0,3,0
2020-04-06,Ventura,111,848112,391,0,391,8
2020-04-06,Yolo,113,214977,96,0,96,4
2020-04-06,Yuba,115,75493,14,0,14,0
2020-04-05,Alameda,001,1643700,918,1,919,18
2020-04-05,Alpine,002,1148,1,0,1,0
2020-04-05,Amador,005,37829,6,0,6,0
2020-04-05,Butte,007,227075,16,2,18,0
2020-04-05,Calaveras,009,45235,9,0,9,0
2020-04-05,Colusa,011,21464,3,0,3,0
2020-04-05,Contra Costa,013,1133247,628,0,628,7
2020-04-05,Del Norte,015,27424,2,0,2,0
2020-04-05,El Dorado,017,186661,42,0,42,0
2020-04-05,Fresno,019,978130,337,4,341,3
2020-04-05,Glenn,021,27897,4,0,4,0
2020-04-05,Humboldt,023,135768,55,0,55,0
2020-04-05,Imperial,025,180216,115,0,115,3
2020-04-05,Inyo,027,18085,11,0,11,0
2020-04-05,Kern,029,883053,415,0,415,2
2020-04-05,Kings,031,150075,36,0,36,0
2020-04-05,Lake,033,64148,4,0,4,0
2020-04-05,Lassen,035,31185,3,2,5,0
2020-04-05,Los Angeles,037,10098052,10476,14,10490,215
2020-04-05,Madera,039,155013,57,0,57,2
2020-04-05,Marin,041,260295,28,1,29,8
2020-04-05,Mariposa,043,17540,0,0,0,0
2020-04-05,Mendocino,045,87422,5,0,5,0
2020-04-05,Merced,047,269075,67,0,67,1
2020-04-05,Modoc,049,8938,0,0,0,0
2020-04-05,Mono,051,14174,28,0,28,1
2020-04-05,Monterey,053,433212,94,0,94,2
2020-04-05,Napa,055,140530,40,0,40,2
2020-04-05,Nevada,057,99092,36,1,37,1
2020-04-05,Orange,059,3164182,1601,15,1616,17
2020-04-05,Placer,061,380077,136,0,136,3
2020-04-05,Plumas,063,18699,3,0,3,0
2020-04-05,Riverside,065,2383286,1894,13,1907,32
2020-04-05,Sacramento,067,1510023,751,0,751,20
2020-04-05,San Benito,069,59416,34,0,34,2
2020-04-05,San Bernardino,071,2135413,1028,0,1028,21
2020-04-05,San Diego,073,3302833,1908,0,1908,36
2020-04-05,San Francisco,075,870044,918,0,918,13
2020-04-05,San Joaquin,077,732212,317,3,320,12
2020-04-05,San Luis Obispo,079,281455,145,1,146,1
2020-04-05,San Mateo,081,765935,829,2,831,24
2020-04-05,Santa Barbara,083,443738,280,1,281,2
2020-04-05,Santa Clara,085,1922200,1660,4,1664,47
2020-04-05,Santa Cruz,087,273765,98,0,98,1
2020-04-05,Shasta,089,179085,28,0,28,3
2020-04-05,Sierra,091,2930,0,0,0,0
2020-04-05,Siskiyou,093,43540,4,0,4,0
2020-04-05,Solano,095,438530,160,0,160,2
2020-04-05,Sonoma,097,501317,164,0,164,1
2020-04-05,Stanislaus,099,539301,156,3,159,0
2020-04-05,Sutter,101,95872,22,0,22,2
2020-04-05,Tehama,103,63373,1,0,1,0
2020-04-05,Trinity,105,12862,0,0,0,0
2020-04-05,Tulare,107,460477,282,5,287,6
2020-04-05,Tuolumne,109,53932,3,0,3,0
2020-04-05,Ventura,111,848112,377,0,377,8
2020-04-05,Yolo,113,214977,77,0,77,3
2020-04-05,Yuba,115,75493,14,0,14,0
2020-04-04,Alameda,001,1643700,895,1,896,16
2020-04-04,Alpine,002,1148,1,0,1,0
2020-04-04,Amador,005,37829,5,0,5,0
2020-04-04,Butte,007,227075,16,2,18,0
2020-04-04,Calaveras,009,45235,9,0,9,0
2020-04-04,Colusa,011,21464,3,0,3,0
2020-04-04,Contra Costa,013,1133247,620,0,620,6
2020-04-04,Del Norte,015,27424,2,0,2,0
2020-04-04,El Dorado,017,186661,42,0,42,0
2020-04-04,Fresno,019,978130,327,4,331,2
2020-04-04,Glenn,021,27897,4,0,4,0
2020-04-04,Humboldt,023,135768,55,0,55,0
2020-04-04,Imperial,025,180216,114,0,114,2
2020-04-04,Inyo,027,18085,11,0,11,0
2020-04-04,Kern,029,883053,385,0,385,2
2020-04-04,Kings,031,150075,36,0,36,0
2020-04-04,Lake,033,64148,4,0,4,0
2020-04-04,Lassen,035,31185,3,2,5,0
2020-04-04,Los Angeles,037,10098052,9861,14,9875,189
2020-04-04,Madera,039,155013,55,0,55,2
2020-04-04,Marin,041,260295,28,0,28,8
2020-04-04,Mariposa,043,17540,0,0,0,0
2020-04-04,Mendocino,045,87422,5,0,5,0
2020-04-04,Merced,047,269075,64,0,64,0
2020-04-04,Modoc,049,8938,0,0,0,0
2020-04-04,Mono,051,14174,28,0,28,1
2020-04-04,Monterey,053,433212,91,0,91,2
2020-04-04,Napa,055,140530,40,0,40,2
2020-04-04,Nevada,057,99092,36,1,37,1
2020-04-04,Orange,059,3164182,1559,14,1573,16
2020-04-04,Placer,061,380077,135,0,135,3
2020-04-04,Plumas,063,18699,3,0,3,0
2020-04-04,Riverside,065,2383286,1793,13,1806,31
2020-04-04,Sacramento,067,1510023,733,0,733,18
2020-04-04,San Benito,069,59416,34,0,34,2
2020-04-04,San Bernardino,071,2135413,980,0,980,17
2020-04-04,San Diego,073,3302833,1860,0,1860,26
2020-04-04,San Francisco,075,870044,880,0,880,12
2020-04-04,San Joaquin,077,732212,294,3,297,12
2020-04-04,San Luis Obispo,079,281455,145,1,146,1
2020-04-04,San Mateo,081,765935,817,2,819,22
2020-04-04,Santa Barbara,083,443738,271,1,272,2
2020-04-04,Santa Clara,085,1922200,1608,4,1612,45
2020-04-04,Santa Cruz,087,273765,98,0,98,1
2020-04-04,Shasta,089,179085,27,0,27,3
2020-04-04,Sierra,091,2930,0,0,0,0
2020-04-04,Siskiyou,093,43540,4,0,4,0
2020-04-04,Solano,095,438530,154,0,154,2
2020-04-04,Sonoma,097,501317,161,0,161,1
2020-04-04,Stanislaus,099,539301,145,3,148,0
2020-04-04,Sutter,101,95872,22,0,22,1
2020-04-04,Tehama,103,63373,1,0,1,0
2020-04-04,Trinity,105,12862,0,0,0,0
2020-04-04,Tulare,107,460477,268,5,273,5
2020-04-04,Tuolumne,109,53932,3,0,3,0
2020-04-04,Ventura,111,848112,364,0,364,8
2020-04-04,Yolo,113,214977,75,0,75,3
2020-04-04,Yuba,115,75493,13,0,13,0
2020-04-03,Alameda,001,1643700,859,1,860,15
2020-04-03,Alpine,002,1148,1,0,1,0
2020-04-03,Amador,005,37829,5,0,5,0
2020-04-03,Butte,007,227075,16,2,18,0
2020-04-03,Calaveras,009,45235,9,0,9,0
2020-04-03,Colusa,011,21464,3,0,3,0
2020-04-03,Contra Costa,013,1133247,597,0,597,6
2020-04-03,Del Norte,015,27424,2,0,2,0
2020-04-03,El Dorado,017,186661,40,0,40,0
2020-04-03,Fresno,019,978130,315,4,319,2
2020-04-03,Glenn,021,27897,4,0,4,0
2020-04-03,Humboldt,023,135768,55,0,55,0
2020-04-03,Imperial,025,180216,105,0,105,1
2020-04-03,Inyo,027,18085,11,0,11,0
2020-04-03,Kern,029,883053,359,0,359,2
2020-04-03,Kings,031,150075,34,0,34,0
2020-04-03,Lake,033,64148,3,0,3,0
2020-04-03,Lassen,035,31185,3,2,5,0
2020-04-03,Los Angeles,037,10098052,9247,14,9261,168
2020-04-03,Madera,039,155013,54,0,54,2
2020-04-03,Marin,041,260295,28,0,28,7
2020-04-03,Mariposa,043,17540,0,0,0,0
2020-04-03,Mendocino,045,87422,5,0,5,0
2020-04-03,Merced,047,269075,60,0,60,0
2020-04-03,Modoc,049,8938,0,0,0,0
2020-04-03,Mono,051,14174,28,0,28,1
2020-04-03,Monterey,053,433212,88,0,88,2
2020-04-03,Napa,055,140530,39,0,39,2
2020-04-03,Nevada,057,99092,36,1,37,1
2020-04-03,Orange,059,3164182,1520,14,1534,16
2020-04-03,Placer,061,380077,131,0,131,2
2020-04-03,Plumas,063,18699,3,0,3,0
2020-04-03,Riverside,065,2383286,1713,13,1726,31
2020-04-03,Sacramento,067,1510023,712,0,712,15
2020-04-03,San Benito,069,59416,34,0,34,2
2020-04-03,San Bernardino,071,2135413,935,0,935,16
2020-04-03,San Diego,073,3302833,1799,0,1799,24
2020-04-03,San Francisco,075,870044,856,0,856,12
2020-04-03,San Joaquin,077,732212,282,3,285,12
2020-04-03,San Luis Obispo,079,281455,144,1,145,0
2020-04-03,San Mateo,081,765935,800,2,802,22
2020-04-03,Santa Barbara,083,443738,260,1,261,1
2020-04-03,Santa Clara,085,1922200,1572,4,1576,43
2020-04-03,Santa Cruz,087,273765,98,0,98,1
2020-04-03,Shasta,089,179085,27,0,27,2
2020-04-03,Sierra,091,2930,0,0,0,0
2020-04-03,Siskiyou,093,43540,4,0,4,0
2020-04-03,Solano,095,438530,146,0,146,1
2020-04-03,Sonoma,097,501317,161,0,161,1
2020-04-03,Stanislaus,099,539301,139,3,142,0
2020-04-03,Sutter,101,95872,22,0,22,1
2020-04-03,Tehama,103,63373,1,0,1,0
2020-04-03,Trinity,105,12862,0,0,0,0
2020-04-03,Tulare,107,460477,254,5,259,5
2020-04-03,Tuolumne,109,53932,3,0,3,0
2020-04-03,Ventura,111,848112,354,0,354,8
2020-04-03,Yolo,113,214977,74,0,74,3
2020-04-03,Yuba,115,75493,13,0,13,0
2020-04-02,Alameda,001,1643700,808,1,809,14
2020-04-02,Alpine,002,1148,1,0,1,0
2020-04-02,Amador,005,37829,5,0,5,0
2020-04-02,Butte,007,227075,16,1,17,0
2020-04-02,Calaveras,009,45235,7,0,7,0
2020-04-02,Colusa,011,21464,3,0,3,0
2020-04-02,Contra Costa,013,1133247,567,0,567,4
2020-04-02,Del Norte,015,27424,2,0,2,0
2020-04-02,El Dorado,017,186661,38,0,38,0
2020-04-02,Fresno,019,978130,299,4,303,1
2020-04-02,Glenn,021,27897,3,0,3,0
2020-04-02,Humboldt,023,135768,51,0,51,0
2020-04-02,Imperial,025,180216,101,0,101,1
2020-04-02,Inyo,027,18085,10,0,10,0
2020-04-02,Kern,029,883053,332,0,332,1
2020-04-02,Kings,031,150075,34,0,34,0
2020-04-02,Lake,033,64148,3,0,3,0
2020-04-02,Lassen,035,31185,3,2,5,0
2020-04-02,Los Angeles,037,10098052,8420,14,8434,142
2020-04-02,Madera,039,155013,52,0,52,2
2020-04-02,Marin,041,260295,28,0,28,7
2020-04-02,Mariposa,043,17540,0,0,0,0
2020-04-02,Mendocino,045,87422,5,0,5,0
2020-04-02,Merced,047,269075,55,0,55,0
2020-04-02,Modoc,049,8938,0,0,0,0
2020-04-02,Mono,051,14174,28,0,28,1
2020-04-02,Monterey,053,433212,86,0,86,2
2020-04-02,Napa,055,140530,39,0,39,2
2020-04-02,Nevada,057,99092,35,1,36,0
2020-04-02,Orange,059,3164182,1468,13,1481,14
2020-04-02,Placer,061,380077,130,0,130,2
2020-04-02,Plumas,063,18699,3,0,3,0
2020-04-02,Riverside,065,2383286,1596,13,1609,27
2020-04-02,Sacramento,067,1510023,694,0,694,12
2020-04-02,San Benito,069,59416,32,0,32,1
2020-04-02,San Bernardino,071,2135413,880,0,880,15
2020-04-02,San Diego,073,3302833,1732,0,1732,22
2020-04-02,San Francisco,075,870044,830,0,830,12
2020-04-02,San Joaquin,077,732212,263,3,266,11
2020-04-02,San Luis Obispo,079,281455,139,1,140,0
2020-04-02,San Mateo,081,765935,779,2,781,19
2020-04-02,Santa Barbara,083,443738,249,1,250,1
2020-04-02,Santa Clara,085,1922200,1521,4,1525,42
2020-04-02,Santa Cruz,087,273765,96,0,96,1
2020-04-02,Shasta,089,179085,26,0,26,1
2020-04-02,Sierra,091,2930,0,0,0,0
2020-04-02,Siskiyou,093,43540,4,0,4,0
2020-04-02,Solano,095,438530,136,0,136,1
2020-04-02,Sonoma,097,501317,157,0,157,1
2020-04-02,Stanislaus,099,539301,128,3,131,0
2020-04-02,Sutter,101,95872,21,0,21,1
2020-04-02,Tehama,103,63373,1,0,1,0
2020-04-02,Trinity,105,12862,0,0,0,0
2020-04-02,Tulare,107,460477,220,5,225,4
2020-04-02,Tuolumne,109,53932,3,0,3,0
2020-04-02,Ventura,111,848112,336,0,336,8
2020-04-02,Yolo,113,214977,72,0,72,2
2020-04-02,Yuba,115,75493,10,0,10,0
2020-04-01,Alameda,001,1643700,781,1,782,13
2020-04-01,Alpine,002,1148,1,0,1,0
2020-04-01,Amador,005,37829,5,0,5,0
2020-04-01,Butte,007,227075,16,1,17,0
2020-04-01,Calaveras,009,45235,6,0,6,0
2020-04-01,Colusa,011,21464,3,0,3,0
2020-04-01,Contra Costa,013,1133247,524,0,524,3
2020-04-01,Del Norte,015,27424,2,0,2,0
2020-04-01,El Dorado,017,186661,37,0,37,0
2020-04-01,Fresno,019,978130,277,3,280,1
2020-04-01,Glenn,021,27897,3,0,3,0
2020-04-01,Humboldt,023,135768,51,0,51,0
2020-04-01,Imperial,025,180216,95,0,95,1
2020-04-01,Inyo,027,18085,10,0,10,0
2020-04-01,Kern,029,883053,305,0,305,1
2020-04-01,Kings,031,150075,32,0,32,0
2020-04-01,Lake,033,64148,3,0,3,0
2020-04-01,Lassen,035,31185,3,2,5,0
2020-04-01,Los Angeles,037,10098052,7772,14,7786,118
2020-04-01,Madera,039,155013,50,0,50,1
2020-04-01,Marin,041,260295,27,0,27,6
2020-04-01,Mariposa,043,17540,0,0,0,0
2020-04-01,Mendocino,045,87422,5,0,5,0
2020-04-01,Merced,047,269075,53,0,53,0
2020-04-01,Modoc,049,8938,0,0,0,0
2020-04-01,Mono,051,14174,28,0,28,1
2020-04-01,Monterey,053,433212,85,0,85,2
2020-04-01,Napa,055,140530,36,0,36,1
2020-04-01,Nevada,057,99092,35,1,36,0
2020-04-01,Orange,059,3164182,1416,13,1429,13
2020-04-01,Placer,061,380077,128,0,128,2
2020-04-01,Plumas,063,18699,3,0,3,0
2020-04-01,Riverside,065,2383286,1428,12,1440,20
2020-04-01,Sacramento,067,1510023,661,0,661,11
2020-04-01,San Benito,069,59416,29,0,29,1
2020-04-01,San Bernardino,071,2135413,831,0,831,11
2020-04-01,San Diego,073,3302833,1662,0,1662,17
2020-04-01,San Francisco,075,870044,802,0,802,12
2020-04-01,San Joaquin,077,732212,251,3,254,10
2020-04-01,San Luis Obispo,079,281455,133,1,134,0
2020-04-01,San Mateo,081,765935,761,2,763,16
2020-04-01,Santa Barbara,083,443738,236,1,237,1
2020-04-01,Santa Clara,085,1922200,1479,4,1483,40
2020-04-01,Santa Cruz,087,273765,91,0,91,1
2020-04-01,Shasta,089,179085,25,0,25,1
2020-04-01,Sierra,091,2930,0,0,0,0
2020-04-01,Siskiyou,093,43540,4,0,4,0
2020-04-01,Solano,095,438530,131,0,131,1
2020-04-01,Sonoma,097,501317,153,0,153,1
2020-04-01,Stanislaus,099,539301,117,3,120,0
2020-04-01,Sutter,101,95872,21,0,21,1
2020-04-01,Tehama,103,63373,1,0,1,0
2020-04-01,Trinity,105,12862,0,0,0,0
2020-04-01,Tulare,107,460477,182,5,187,3
2020-04-01,Tuolumne,109,53932,3,0,3,0
2020-04-01,Ventura,111,848112,323,0,323,7
2020-04-01,Yolo,113,214977,67,0,67,1
2020-04-01,Yuba,115,75493,9,0,9,0
2020-03-31,Alameda,001,1643700,715,1,716,11
2020-03-31,Alpine,002,1148,1,0,1,0
2020-03-31,Amador,005,37829,5,0,5,0
2020-03-31,Butte,007,227075,16,1,17,0
2020-03-31,Calaveras,009,45235,6,0,6,0
2020-03-31,Colusa,011,21464,3,0,3,0
2020-03-31,Contra Costa,013,1133247,499,0,499,3
2020-03-31,Del Norte,015,27424,1,0,1,0
2020-03-31,El Dorado,017,186661,33,0,33,0
2020-03-31,Fresno,019,978130,252,3,255,0
2020-03-31,Glenn,021,27897,3,0,3,0
2020-03-31,Humboldt,023,135768,51,0,51,0
2020-03-31,Imperial,025,180216,89,0,89,1
2020-03-31,Inyo,027,18085,10,0,10,0
2020-03-31,Kern,029,883053,281,0,281,1
2020-03-31,Kings,031,150075,30,0,30,0
2020-03-31,Lake,033,64148,1,0,1,0
2020-03-31,Lassen,035,31185,3,2,5,0
2020-03-31,Los Angeles,037,10098052,7108,14,7122,98
2020-03-31,Madera,039,155013,49,0,49,1
2020-03-31,Marin,041,260295,26,0,26,5
2020-03-31,Mariposa,043,17540,0,0,0,0
2020-03-31,Mendocino,045,87422,5,0,5,0
2020-03-31,Merced,047,269075,44,0,44,0
2020-03-31,Modoc,049,8938,0,0,0,0
2020-03-31,Mono,051,14174,26,0,26,1
2020-03-31,Monterey,053,433212,83,0,83,2
2020-03-31,Napa,055,140530,35,0,35,1
2020-03-31,Nevada,057,99092,35,1,36,0
2020-03-31,Orange,059,3164182,1346,13,1359,12
2020-03-31,Placer,061,380077,121,0,121,2
2020-03-31,Plumas,063,18699,1,0,1,0
2020-03-31,Riverside,065,2383286,1284,12,1296,19
2020-03-31,Sacramento,067,1510023,609,0,609,10
2020-03-31,San Benito,069,59416,29,0,29,1
2020-03-31,San Bernardino,071,2135413,746,0,746,10
2020-03-31,San Diego,073,3302833,1580,0,1580,16
2020-03-31,San Francisco,075,870044,767,0,767,9
2020-03-31,San Joaquin,077,732212,235,3,238,9
2020-03-31,San Luis Obispo,079,281455,129,1,130,0
2020-03-31,San Mateo,081,765935,742,2,744,15
2020-03-31,Santa Barbara,083,443738,221,1,222,0
2020-03-31,Santa Clara,085,1922200,1429,4,1433,37
2020-03-31,Santa Cruz,087,273765,84,0,84,1
2020-03-31,Shasta,089,179085,22,0,22,1
2020-03-31,Sierra,091,2930,0,0,0,0
2020-03-31,Siskiyou,093,43540,4,0,4,0
2020-03-31,Solano,095,438530,117,0,117,1
2020-03-31,Sonoma,097,501317,148,0,148,1
2020-03-31,Stanislaus,099,539301,102,3,105,0
2020-03-31,Sutter,101,95872,21,0,21,1
2020-03-31,Tehama,103,63373,1,0,1,0
2020-03-31,Trinity,105,12862,0,0,0,0
2020-03-31,Tulare,107,460477,159,4,163,2
2020-03-31,Tuolumne,109,53932,3,0,3,0
2020-03-31,Ventura,111,848112,312,0,312,5
2020-03-31,Yolo,113,214977,60,0,60,1
2020-03-31,Yuba,115,75493,9,0,9,0
2020-03-30,Alameda,001,1643700,676,1,677,10
2020-03-30,Alpine,002,1148,1,0,1,0
2020-03-30,Amador,005,37829,5,0,5,0
2020-03-30,Butte,007,227075,15,1,16,0
2020-03-30,Calaveras,009,45235,6,0,6,0
2020-03-30,Colusa,011,21464,3,0,3,0
2020-03-30,Contra Costa,013,1133247,473,0,473,3
2020-03-30,Del Norte,015,27424,0,0,0,0
2020-03-30,El Dorado,017,186661,33,0,33,0
2020-03-30,Fresno,019,978130,227,3,230,0
2020-03-30,Glenn,021,27897,3,0,3,0
2020-03-30,Humboldt,023,135768,49,0,49,0
2020-03-30,Imperial,025,180216,86,0,86,0
2020-03-30,Inyo,027,18085,10,0,10,0
2020-03-30,Kern,029,883053,248,0,248,1
2020-03-30,Kings,031,150075,30,0,30,0
2020-03-30,Lake,033,64148,1,0,1,0
2020-03-30,Lassen,035,31185,3,1,4,0
2020-03-30,Los Angeles,037,10098052,6446,14,6460,81
2020-03-30,Madera,039,155013,48,0,48,1
2020-03-30,Marin,041,260295,25,0,25,5
2020-03-30,Mariposa,043,17540,0,0,0,0
2020-03-30,Mendocino,045,87422,5,0,5,0
2020-03-30,Merced,047,269075,40,0,40,0
2020-03-30,Modoc,049,8938,0,0,0,0
2020-03-30,Mono,051,14174,26,0,26,0
2020-03-30,Monterey,053,433212,78,0,78,2
2020-03-30,Napa,055,140530,34,0,34,0
2020-03-30,Nevada,057,99092,34,1,35,0
2020-03-30,Orange,059,3164182,1281,13,1294,8
2020-03-30,Placer,061,380077,118,0,118,2
2020-03-30,Plumas,063,18699,1,0,1,0
2020-03-30,Riverside,065,2383286,1203,12,1215,14
2020-03-30,Sacramento,067,1510023,585,0,585,10
2020-03-30,San Benito,069,59416,29,0,29,1
2020-03-30,San Bernardino,071,2135413,702,0,702,9
2020-03-30,San Diego,073,3302833,1510,0,1510,11
2020-03-30,San Francisco,075,870044,727,0,727,8
2020-03-30,San Joaquin,077,732212,228,3,231,8
2020-03-30,San Luis Obispo,079,281455,126,1,127,0
2020-03-30,San Mateo,081,765935,717,2,719,14
2020-03-30,Santa Barbara,083,443738,212,1,213,0
2020-03-30,Santa Clara,085,1922200,1398,3,1401,36
2020-03-30,Santa Cruz,087,273765,81,0,81,1
2020-03-30,Shasta,089,179085,21,0,21,1
2020-03-30,Sierra,091,2930,0,0,0,0
2020-03-30,Siskiyou,093,43540,4,0,4,0
2020-03-30,Solano,095,438530,111,0,111,0
2020-03-30,Sonoma,097,501317,145,0,145,1
2020-03-30,Stanislaus,099,539301,95,3,98,0
2020-03-30,Sutter,101,95872,20,0,20,1
2020-03-30,Tehama,103,63373,1,0,1,0
2020-03-30,Trinity,105,12862,0,0,0,0
2020-03-30,Tulare,107,460477,147,3,150,1
2020-03-30,Tuolumne,109,53932,3,0,3,0
2020-03-30,Ventura,111,848112,301,0,301,5
2020-03-30,Yolo,113,214977,57,0,57,1
2020-03-30,Yuba,115,75493,8,0,8,0
2020-03-29,Alameda,001,1643700,642,1,643,10
2020-03-29,Alpine,002,1148,1,0,1,0
2020-03-29,Amador,005,37829,5,0,5,0
2020-03-29,Butte,007,227075,15,1,16,0
2020-03-29,Calaveras,009,45235,6,0,6,0
2020-03-29,Colusa,011,21464,3,0,3,0
2020-03-29,Contra Costa,013,1133247,443,0,443,3
2020-03-29,Del Norte,015,27424,0,0,0,0
2020-03-29,El Dorado,017,186661,32,0,32,0
2020-03-29,Fresno,019,978130,203,3,206,0
2020-03-29,Glenn,021,27897,2,0,2,0
2020-03-29,Humboldt,023,135768,46,0,46,0
2020-03-29,Imperial,025,180216,79,0,79,0
2020-03-29,Inyo,027,18085,9,0,9,0
2020-03-29,Kern,029,883053,230,0,230,1
2020-03-29,Kings,031,150075,27,0,27,0
2020-03-29,Lake,033,64148,0,0,0,0
2020-03-29,Lassen,035,31185,3,1,4,0
2020-03-29,Los Angeles,037,10098052,5796,13,5809,70
2020-03-29,Madera,039,155013,43,0,43,1
2020-03-29,Marin,041,260295,25,0,25,4
2020-03-29,Mariposa,043,17540,0,0,0,0
2020-03-29,Mendocino,045,87422,5,0,5,0
2020-03-29,Merced,047,269075,37,0,37,0
2020-03-29,Modoc,049,8938,0,0,0,0
2020-03-29,Mono,051,14174,26,0,26,0
2020-03-29,Monterey,053,433212,73,0,73,1
2020-03-29,Napa,055,140530,32,0,32,0
2020-03-29,Nevada,057,99092,32,1,33,0
2020-03-29,Orange,059,3164182,1208,13,1221,7
2020-03-29,Placer,061,380077,117,0,117,2
2020-03-29,Plumas,063,18699,1,0,1,0
2020-03-29,Riverside,065,2383286,1079,12,1091,10
2020-03-29,Sacramento,067,1510023,545,0,545,9
2020-03-29,San Benito,069,59416,28,0,28,1
2020-03-29,San Bernardino,071,2135413,650,0,650,7
2020-03-29,San Diego,073,3302833,1438,0,1438,9
2020-03-29,San Francisco,075,870044,683,0,683,7
2020-03-29,San Joaquin,077,732212,219,3,222,7
2020-03-29,San Luis Obispo,079,281455,119,0,119,0
2020-03-29,San Mateo,081,765935,692,2,694,12
2020-03-29,Santa Barbara,083,443738,204,1,205,0
2020-03-29,Santa Clara,085,1922200,1341,3,1344,34
2020-03-29,Santa Cruz,087,273765,81,0,81,1
2020-03-29,Shasta,089,179085,20,0,20,1
2020-03-29,Sierra,091,2930,0,0,0,0
2020-03-29,Siskiyou,093,43540,4,0,4,0
2020-03-29,Solano,095,438530,103,0,103,0
2020-03-29,Sonoma,097,501317,143,0,143,1
2020-03-29,Stanislaus,099,539301,90,3,93,0
2020-03-29,Sutter,101,95872,17,0,17,1
2020-03-29,Tehama,103,63373,1,0,1,0
2020-03-29,Trinity,105,12862,0,0,0,0
2020-03-29,Tulare,107,460477,122,3,125,1
2020-03-29,Tuolumne,109,53932,2,0,2,0
2020-03-29,Ventura,111,848112,274,0,274,5
2020-03-29,Yolo,113,214977,52,0,52,1
2020-03-29,Yuba,115,75493,8,0,8,0
2020-03-28,Alameda,001,1643700,615,1,616,10
2020-03-28,Alpine,002,1148,1,0,1,0
2020-03-28,Amador,005,37829,5,0,5,0
2020-03-28,Butte,007,227075,15,1,16,0
2020-03-28,Calaveras,009,45235,6,0,6,0
2020-03-28,Colusa,011,21464,3,0,3,0
2020-03-28,Contra Costa,013,1133247,420,0,420,3
2020-03-28,Del Norte,015,27424,0,0,0,0
2020-03-28,El Dorado,017,186661,31,0,31,0
2020-03-28,Fresno,019,978130,193,3,196,0
2020-03-28,Glenn,021,27897,2,0,2,0
2020-03-28,Humboldt,023,135768,46,0,46,0
2020-03-28,Imperial,025,180216,74,0,74,0
2020-03-28,Inyo,027,18085,9,0,9,0
2020-03-28,Kern,029,883053,213,0,213,1
2020-03-28,Kings,031,150075,26,0,26,0
2020-03-28,Lake,033,64148,0,0,0,0
2020-03-28,Lassen,035,31185,3,1,4,0
2020-03-28,Los Angeles,037,10098052,5411,12,5423,54
2020-03-28,Madera,039,155013,43,0,43,1
2020-03-28,Marin,041,260295,25,0,25,3
2020-03-28,Mariposa,043,17540,0,0,0,0
2020-03-28,Mendocino,045,87422,5,0,5,0
2020-03-28,Merced,047,269075,36,0,36,0
2020-03-28,Modoc,049,8938,0,0,0,0
2020-03-28,Mono,051,14174,24,0,24,0
2020-03-28,Monterey,053,433212,72,0,72,1
2020-03-28,Napa,055,140530,27,0,27,0
2020-03-28,Nevada,057,99092,32,1,33,0
2020-03-28,Orange,059,3164182,1172,13,1185,7
2020-03-28,Placer,061,380077,112,0,112,2
2020-03-28,Plumas,063,18699,1,0,1,0
2020-03-28,Riverside,065,2383286,1011,12,1023,10
2020-03-28,Sacramento,067,1510023,527,0,527,8
2020-03-28,San Benito,069,59416,28,0,28,1
2020-03-28,San Bernardino,071,2135413,603,0,603,6
2020-03-28,San Diego,073,3302833,1379,0,1379,9
2020-03-28,San Francisco,075,870044,659,0,659,7
2020-03-28,San Joaquin,077,732212,212,3,215,6
2020-03-28,San Luis Obispo,079,281455,117,0,117,0
2020-03-28,San Mateo,081,765935,672,2,674,11
2020-03-28,Santa Barbara,083,443738,194,1,195,0
2020-03-28,Santa Clara,085,1922200,1322,3,1325,32
2020-03-28,Santa Cruz,087,273765,80,0,80,1
2020-03-28,Shasta,089,179085,20,0,20,1
2020-03-28,Sierra,091,2930,0,0,0,0
2020-03-28,Siskiyou,093,43540,4,0,4,0
2020-03-28,Solano,095,438530,99,0,99,0
2020-03-28,Sonoma,097,501317,141,0,141,1
2020-03-28,Stanislaus,099,539301,85,3,88,0
2020-03-28,Sutter,101,95872,17,0,17,0
2020-03-28,Tehama,103,63373,1,0,1,0
2020-03-28,Trinity,105,12862,0,0,0,0
2020-03-28,Tulare,107,460477,114,3,117,1
2020-03-28,Tuolumne,109,53932,2,0,2,0
2020-03-28,Ventura,111,848112,270,0,270,4
2020-03-28,Yolo,113,214977,51,0,51,1
2020-03-28,Yuba,115,75493,8,0,8,0
2020-03-27,Alameda,001,1643700,596,1,597,7
2020-03-27,Alpine,002,1148,1,0,1,0
2020-03-27,Amador,005,37829,4,0,4,0
2020-03-27,Butte,007,227075,13,1,14,0
2020-03-27,Calaveras,009,45235,6,0,6,0
2020-03-27,Colusa,011,21464,3,0,3,0
2020-03-27,Contra Costa,013,1133247,399,0,399,3
2020-03-27,Del Norte,015,27424,0,0,0,0
2020-03-27,El Dorado,017,186661,29,0,29,0
2020-03-27,Fresno,019,978130,181,2,183,0
2020-03-27,Glenn,021,27897,2,0,2,0
2020-03-27,Humboldt,023,135768,42,0,42,0
2020-03-27,Imperial,025,180216,69,0,69,0
2020-03-27,Inyo,027,18085,9,0,9,0
2020-03-27,Kern,029,883053,200,0,200,1
2020-03-27,Kings,031,150075,25,0,25,0
2020-03-27,Lake,033,64148,0,0,0,0
2020-03-27,Lassen,035,31185,3,1,4,0
2020-03-27,Los Angeles,037,10098052,5003,12,5015,45
2020-03-27,Madera,039,155013,41,0,41,1
2020-03-27,Marin,041,260295,25,0,25,2
2020-03-27,Mariposa,043,17540,0,0,0,0
2020-03-27,Mendocino,045,87422,5,0,5,0
2020-03-27,Merced,047,269075,35,0,35,0
2020-03-27,Modoc,049,8938,0,0,0,0
2020-03-27,Mono,051,14174,24,0,24,0
2020-03-27,Monterey,053,433212,69,0,69,1
2020-03-27,Napa,055,140530,27,0,27,0
2020-03-27,Nevada,057,99092,32,1,33,0
2020-03-27,Orange,059,3164182,1122,13,1135,4
2020-03-27,Placer,061,380077,109,0,109,1
2020-03-27,Plumas,063,18699,0,0,0,0
2020-03-27,Riverside,065,2383286,955,12,967,8
2020-03-27,Sacramento,067,1510023,504,0,504,8
2020-03-27,San Benito,069,59416,27,0,27,1
2020-03-27,San Bernardino,071,2135413,513,0,513,5
2020-03-27,San Diego,073,3302833,1322,0,1322,8
2020-03-27,San Francisco,075,870044,634,0,634,7
2020-03-27,San Joaquin,077,732212,201,3,204,5
2020-03-27,San Luis Obispo,079,281455,115,0,115,0
2020-03-27,San Mateo,081,765935,646,2,648,11
2020-03-27,Santa Barbara,083,443738,180,1,181,0
2020-03-27,Santa Clara,085,1922200,1284,3,1287,30
2020-03-27,Santa Cruz,087,273765,79,0,79,0
2020-03-27,Shasta,089,179085,17,0,17,1
2020-03-27,Sierra,091,2930,0,0,0,0
2020-03-27,Siskiyou,093,43540,4,0,4,0
2020-03-27,Solano,095,438530,93,0,93,0
2020-03-27,Sonoma,097,501317,133,0,133,1
2020-03-27,Stanislaus,099,539301,83,3,86,0
2020-03-27,Sutter,101,95872,16,0,16,0
2020-03-27,Tehama,103,63373,1,0,1,0
2020-03-27,Trinity,105,12862,0,0,0,0
2020-03-27,Tulare,107,460477,106,3,109,0
2020-03-27,Tuolumne,109,53932,2,0,2,0
2020-03-27,Ventura,111,848112,261,0,261,4
2020-03-27,Yolo,113,214977,50,0,50,1
2020-03-27,Yuba,115,75493,7,0,7,0
2020-03-26,Alameda,001,1643700,556,1,557,5
2020-03-26,Alpine,002,1148,1,0,1,0
2020-03-26,Amador,005,37829,4,0,4,0
2020-03-26,Butte,007,227075,13,1,14,0
2020-03-26,Calaveras,009,45235,6,0,6,0
2020-03-26,Colusa,011,21464,3,0,3,0
2020-03-26,Contra Costa,013,1133247,388,0,388,3
2020-03-26,Del Norte,015,27424,0,0,0,0
2020-03-26,El Dorado,017,186661,27,0,27,0
2020-03-26,Fresno,019,978130,172,2,174,0
2020-03-26,Glenn,021,27897,2,0,2,0
2020-03-26,Humboldt,023,135768,38,0,38,0
2020-03-26,Imperial,025,180216,65,0,65,0
2020-03-26,Inyo,027,18085,8,0,8,0
2020-03-26,Kern,029,883053,184,0,184,0
2020-03-26,Kings,031,150075,25,0,25,0
2020-03-26,Lake,033,64148,0,0,0,0
2020-03-26,Lassen,035,31185,3,1,4,0
2020-03-26,Los Angeles,037,10098052,4596,12,4608,36
2020-03-26,Madera,039,155013,39,0,39,1
2020-03-26,Marin,041,260295,25,0,25,0
2020-03-26,Mariposa,043,17540,0,0,0,0
2020-03-26,Mendocino,045,87422,4,0,4,0
2020-03-26,Merced,047,269075,32,0,32,0
2020-03-26,Modoc,049,8938,0,0,0,0
2020-03-26,Mono,051,14174,23,0,23,0
2020-03-26,Monterey,053,433212,66,0,66,1
2020-03-26,Napa,055,140530,26,0,26,0
2020-03-26,Nevada,057,99092,32,1,33,0
2020-03-26,Orange,059,3164182,1060,11,1071,3
2020-03-26,Placer,061,380077,106,0,106,1
2020-03-26,Plumas,063,18699,0,0,0,0
2020-03-26,Riverside,065,2383286,884,12,896,8
2020-03-26,Sacramento,067,1510023,471,0,471,8
2020-03-26,San Benito,069,59416,27,0,27,1
2020-03-26,San Bernardino,071,2135413,447,0,447,5
2020-03-26,San Diego,073,3302833,1255,0,1255,8
2020-03-26,San Francisco,075,870044,607,0,607,5
2020-03-26,San Joaquin,077,732212,190,3,193,5
2020-03-26,San Luis Obispo,079,281455,110,0,110,0
2020-03-26,San Mateo,081,765935,612,2,614,9
2020-03-26,Santa Barbara,083,443738,167,1,168,0
2020-03-26,Santa Clara,085,1922200,1239,2,1241,29
2020-03-26,Santa Cruz,087,273765,75,0,75,0
2020-03-26,Shasta,089,179085,17,0,17,1
2020-03-26,Sierra,091,2930,0,0,0,0
2020-03-26,Siskiyou,093,43540,4,0,4,0
2020-03-26,Solano,095,438530,85,0,85,0
2020-03-26,Sonoma,097,501317,128,0,128,1
2020-03-26,Stanislaus,099,539301,81,3,84,0
2020-03-26,Sutter,101,95872,12,0,12,0
2020-03-26,Tehama,103,63373,1,0,1,0
2020-03-26,Trinity,105,12862,0,0,0,0
2020-03-26,Tulare,107,460477,97,3,100,0
2020-03-26,Tuolumne,109,53932,2,0,2,0
2020-03-26,Ventura,111,848112,245,0,245,2
2020-03-26,Yolo,113,214977,46,0,46,1
2020-03-26,Yuba,115,75493,7,0,7,0
2020-03-25,Alameda,001,1643700,535,1,536,4
2020-03-25,Alpine,002,1148,1,0,1,0
2020-03-25,Amador,005,37829,4,0,4,0
2020-03-25,Butte,007,227075,13,1,14,0
2020-03-25,Calaveras,009,45235,6,0,6,0
2020-03-25,Colusa,011,21464,2,0,2,0
2020-03-25,Contra Costa,013,1133247,374,0,374,3
2020-03-25,Del Norte,015,27424,0,0,0,0
2020-03-25,El Dorado,017,186661,27,0,27,0
2020-03-25,Fresno,019,978130,152,2,154,0
2020-03-25,Glenn,021,27897,2,0,2,0
2020-03-25,Humboldt,023,135768,35,0,35,0
2020-03-25,Imperial,025,180216,57,0,57,0
2020-03-25,Inyo,027,18085,5,0,5,0
2020-03-25,Kern,029,883053,164,0,164,0
2020-03-25,Kings,031,150075,23,0,23,0
2020-03-25,Lake,033,64148,0,0,0,0
2020-03-25,Lassen,035,31185,3,1,4,0
2020-03-25,Los Angeles,037,10098052,4196,12,4208,32
2020-03-25,Madera,039,155013,37,0,37,0
2020-03-25,Marin,041,260295,24,0,24,0
2020-03-25,Mariposa,043,17540,0,0,0,0
2020-03-25,Mendocino,045,87422,3,0,3,0
2020-03-25,Merced,047,269075,29,0,29,0
2020-03-25,Modoc,049,8938,0,0,0,0
2020-03-25,Mono,051,14174,22,0,22,0
2020-03-25,Monterey,053,433212,63,0,63,1
2020-03-25,Napa,055,140530,26,0,26,0
2020-03-25,Nevada,057,99092,31,1,32,0
2020-03-25,Orange,059,3164182,1002,9,1011,2
2020-03-25,Placer,061,380077,100,0,100,1
2020-03-25,Plumas,063,18699,0,0,0,0
2020-03-25,Riverside,065,2383286,813,12,825,8
2020-03-25,Sacramento,067,1510023,445,0,445,7
2020-03-25,San Benito,069,59416,26,0,26,1
2020-03-25,San Bernardino,071,2135413,408,0,408,4
2020-03-25,San Diego,073,3302833,1193,0,1193,7
2020-03-25,San Francisco,075,870044,566,0,566,2
2020-03-25,San Joaquin,077,732212,177,3,180,4
2020-03-25,San Luis Obispo,079,281455,105,0,105,0
2020-03-25,San Mateo,081,765935,577,2,579,8
2020-03-25,Santa Barbara,083,443738,157,1,158,0
2020-03-25,Santa Clara,085,1922200,1195,2,1197,29
2020-03-25,Santa Cruz,087,273765,72,0,72,0
2020-03-25,Shasta,089,179085,16,0,16,1
2020-03-25,Sierra,091,2930,0,0,0,0
2020-03-25,Siskiyou,093,43540,4,0,4,0
2020-03-25,Solano,095,438530,80,0,80,0
2020-03-25,Sonoma,097,501317,123,0,123,1
2020-03-25,Stanislaus,099,539301,74,3,77,0
2020-03-25,Sutter,101,95872,9,0,9,0
2020-03-25,Tehama,103,63373,1,0,1,0
2020-03-25,Trinity,105,12862,0,0,0,0
2020-03-25,Tulare,107,460477,87,3,90,0
2020-03-25,Tuolumne,109,53932,2,0,2,0
2020-03-25,Ventura,111,848112,229,0,229,2
2020-03-25,Yolo,113,214977,44,0,44,1
2020-03-25,Yuba,115,75493,7,0,7,0
2020-03-24,Alameda,001,1643700,503,1,504,2
2020-03-24,Alpine,002,1148,1,0,1,0
2020-03-24,Amador,005,37829,2,0,2,0
2020-03-24,Butte,007,227075,12,1,13,0
2020-03-24,Calaveras,009,45235,5,0,5,0
2020-03-24,Colusa,011,21464,2,0,2,0
2020-03-24,Contra Costa,013,1133247,361,0,361,2
2020-03-24,Del Norte,015,27424,0,0,0,0
2020-03-24,El Dorado,017,186661,27,0,27,0
2020-03-24,Fresno,019,978130,133,2,135,0
2020-03-24,Glenn,021,27897,2,0,2,0
2020-03-24,Humboldt,023,135768,33,0,33,0
2020-03-24,Imperial,025,180216,54,0,54,0
2020-03-24,Inyo,027,18085,5,0,5,0
2020-03-24,Kern,029,883053,144,0,144,0
2020-03-24,Kings,031,150075,22,0,22,0
2020-03-24,Lake,033,64148,0,0,0,0
2020-03-24,Lassen,035,31185,3,1,4,0
2020-03-24,Los Angeles,037,10098052,3752,12,3764,25
2020-03-24,Madera,039,155013,36,0,36,0
2020-03-24,Marin,041,260295,21,0,21,0
2020-03-24,Mariposa,043,17540,0,0,0,0
2020-03-24,Mendocino,045,87422,3,0,3,0
2020-03-24,Merced,047,269075,26,0,26,0
2020-03-24,Modoc,049,8938,0,0,0,0
2020-03-24,Mono,051,14174,21,0,21,0
2020-03-24,Monterey,053,433212,59,0,59,1
2020-03-24,Napa,055,140530,23,0,23,0
2020-03-24,Nevada,057,99092,30,1,31,0
2020-03-24,Orange,059,3164182,940,9,949,2
2020-03-24,Placer,061,380077,93,0,93,1
2020-03-24,Plumas,063,18699,0,0,0,0
2020-03-24,Riverside,065,2383286,746,12,758,8
2020-03-24,Sacramento,067,1510023,426,0,426,7
2020-03-24,San Benito,069,59416,25,0,25,1
2020-03-24,San Bernardino,071,2135413,364,0,364,4
2020-03-24,San Diego,073,3302833,1126,0,1126,6
2020-03-24,San Francisco,075,870044,534,0,534,2
2020-03-24,San Joaquin,077,732212,166,3,169,4
2020-03-24,San Luis Obispo,079,281455,102,0,102,0
2020-03-24,San Mateo,081,765935,536,2,538,7
2020-03-24,Santa Barbara,083,443738,151,1,152,0
2020-03-24,Santa Clara,085,1922200,1126,2,1128,22
2020-03-24,Santa Cruz,087,273765,67,0,67,0
2020-03-24,Shasta,089,179085,15,0,15,1
2020-03-24,Sierra,091,2930,0,0,0,0
2020-03-24,Siskiyou,093,43540,4,0,4,0
2020-03-24,Solano,095,438530,78,0,78,0
2020-03-24,Sonoma,097,501317,116,0,116,1
2020-03-24,Stanislaus,099,539301,65,3,68,0
2020-03-24,Sutter,101,95872,9,0,9,0
2020-03-24,Tehama,103,63373,1,0,1,0
2020-03-24,Trinity,105,12862,0,0,0,0
2020-03-24,Tulare,107,460477,77,3,80,0
2020-03-24,Tuolumne,109,53932,2,0,2,0
2020-03-24,Ventura,111,848112,213,0,213,1
2020-03-24,Yolo,113,214977,40,0,40,1
2020-03-24,Yuba,115,75493,7,0,7,0
2020-03-23,Alameda,001,1643700,471,1,472,2
2020-03-23,Alpine,002,1148,1,0,1,0
2020-03-23,Amador,005,37829,2,0,2,0
2020-03-23,Butte,007,227075,12,0,12,0
2020-03-23,Calaveras,009,45235,5,0,5,0
2020-03-23,Colusa,011,21464,1,0,1,0
2020-03-23,Contra Costa,013,1133247,341,0,341,2
2020-03-23,Del Norte,015,27424,0,0,0,0
2020-03-23,El Dorado,017,186661,26,0,26,0
2020-03-23,Fresno,019,978130,123,2,125,0
2020-03-23,Glenn,021,27897,2,0,2,0
2020-03-23,Humboldt,023,135768,31,0,31,0
2020-03-23,Imperial,025,180216,50,0,50,0
2020-03-23,Inyo,027,18085,3,0,3,0
2020-03-23,Kern,029,883053,130,0,130,0
2020-03-23,Kings,031,150075,22,0,22,0
2020-03-23,Lake,033,64148,0,0,0,0
2020-03-23,Lassen,035,31185,3,1,4,0
2020-03-23,Los Angeles,037,10098052,3444,11,3455,22
2020-03-23,Madera,039,155013,36,0,36,0
2020-03-23,Marin,041,260295,19,0,19,0
2020-03-23,Mariposa,043,17540,0,0,0,0
2020-03-23,Mendocino,045,87422,3,0,3,0
2020-03-23,Merced,047,269075,19,0,19,0
2020-03-23,Modoc,049,8938,0,0,0,0
2020-03-23,Mono,051,14174,19,0,19,0
2020-03-23,Monterey,053,433212,54,0,54,1
2020-03-23,Napa,055,140530,21,0,21,0
2020-03-23,Nevada,057,99092,27,1,28,0
2020-03-23,Orange,059,3164182,885,7,892,2
2020-03-23,Placer,061,380077,90,0,90,1
2020-03-23,Plumas,063,18699,0,0,0,0
2020-03-23,Riverside,065,2383286,703,12,715,6
2020-03-23,Sacramento,067,1510023,393,0,393,7
2020-03-23,San Benito,069,59416,24,0,24,1
2020-03-23,San Bernardino,071,2135413,334,0,334,2
2020-03-23,San Diego,073,3302833,1067,0,1067,2
2020-03-23,San Francisco,075,870044,505,0,505,1
2020-03-23,San Joaquin,077,732212,154,3,157,3
2020-03-23,San Luis Obispo,079,281455,96,0,96,0
2020-03-23,San Mateo,081,765935,497,2,499,4
2020-03-23,Santa Barbara,083,443738,133,1,134,0
2020-03-23,Santa Clara,085,1922200,1077,2,1079,21
2020-03-23,Santa Cruz,087,273765,65,0,65,0
2020-03-23,Shasta,089,179085,13,0,13,0
2020-03-23,Sierra,091,2930,0,0,0,0
2020-03-23,Siskiyou,093,43540,4,0,4,0
2020-03-23,Solano,095,438530,74,0,74,0
2020-03-23,Sonoma,097,501317,104,0,104,1
2020-03-23,Stanislaus,099,539301,57,3,60,0
2020-03-23,Sutter,101,95872,9,0,9,0
2020-03-23,Tehama,103,63373,1,0,1,0
2020-03-23,Trinity,105,12862,0,0,0,0
2020-03-23,Tulare,107,460477,68,3,71,0
2020-03-23,Tuolumne,109,53932,2,0,2,0
2020-03-23,Ventura,111,848112,196,0,196,1
2020-03-23,Yolo,113,214977,39,0,39,1
2020-03-23,Yuba,115,75493,7,0,7,0
2020-03-22,Alameda,001,1643700,432,1,433,2
2020-03-22,Alpine,002,1148,1,0,1,0
2020-03-22,Amador,005,37829,2,0,2,0
2020-03-22,Butte,007,227075,8,0,8,0
2020-03-22,Calaveras,009,45235,4,0,4,0
2020-03-22,Colusa,011,21464,1,0,1,0
2020-03-22,Contra Costa,013,1133247,314,0,314,2
2020-03-22,Del Norte,015,27424,0,0,0,0
2020-03-22,El Dorado,017,186661,24,0,24,0
2020-03-22,Fresno,019,978130,103,2,105,0
2020-03-22,Glenn,021,27897,2,0,2,0
2020-03-22,Humboldt,023,135768,28,0,28,0
2020-03-22,Imperial,025,180216,48,0,48,0
2020-03-22,Inyo,027,18085,1,0,1,0
2020-03-22,Kern,029,883053,114,0,114,0
2020-03-22,Kings,031,150075,19,0,19,0
2020-03-22,Lake,033,64148,0,0,0,0
2020-03-22,Lassen,035,31185,3,1,4,0
2020-03-22,Los Angeles,037,10098052,3114,11,3125,15
2020-03-22,Madera,039,155013,33,0,33,0
2020-03-22,Marin,041,260295,18,0,18,0
2020-03-22,Mariposa,043,17540,0,0,0,0
2020-03-22,Mendocino,045,87422,3,0,3,0
2020-03-22,Merced,047,269075,16,0,16,0
2020-03-22,Modoc,049,8938,0,0,0,0
2020-03-22,Mono,051,14174,14,0,14,0
2020-03-22,Monterey,053,433212,51,0,51,1
2020-03-22,Napa,055,140530,17,0,17,0
2020-03-22,Nevada,057,99092,23,1,24,0
2020-03-22,Orange,059,3164182,812,4,816,2
2020-03-22,Placer,061,380077,88,0,88,1
2020-03-22,Plumas,063,18699,0,0,0,0
2020-03-22,Riverside,065,2383286,613,8,621,6
2020-03-22,Sacramento,067,1510023,361,0,361,5
2020-03-22,San Benito,069,59416,19,0,19,1
2020-03-22,San Bernardino,071,2135413,290,0,290,1
2020-03-22,San Diego,073,3302833,979,0,979,2
2020-03-22,San Francisco,075,870044,468,0,468,1
2020-03-22,San Joaquin,077,732212,140,3,143,3
2020-03-22,San Luis Obispo,079,281455,89,0,89,0
2020-03-22,San Mateo,081,765935,464,2,466,1
2020-03-22,Santa Barbara,083,443738,119,1,120,0
2020-03-22,Santa Clara,085,1922200,1013,2,1015,16
2020-03-22,Santa Cruz,087,273765,64,0,64,0
2020-03-22,Shasta,089,179085,13,0,13,0
2020-03-22,Sierra,091,2930,0,0,0,0
2020-03-22,Siskiyou,093,43540,4,0,4,0
2020-03-22,Solano,095,438530,65,0,65,0
2020-03-22,Sonoma,097,501317,99,0,99,1
2020-03-22,Stanislaus,099,539301,51,3,54,0
2020-03-22,Sutter,101,95872,8,0,8,0
2020-03-22,Tehama,103,63373,0,0,0,0
2020-03-22,Trinity,105,12862,0,0,0,0
2020-03-22,Tulare,107,460477,62,3,65,0
2020-03-22,Tuolumne,109,53932,2,0,2,0
2020-03-22,Ventura,111,848112,174,0,174,1
2020-03-22,Yolo,113,214977,33,0,33,1
2020-03-22,Yuba,115,75493,7,0,7,0
2020-03-21,Alameda,001,1643700,408,1,409,0
2020-03-21,Alpine,002,1148,1,0,1,0
2020-03-21,Amador,005,37829,2,0,2,0
2020-03-21,Butte,007,227075,7,0,7,0
2020-03-21,Calaveras,009,45235,4,0,4,0
2020-03-21,Colusa,011,21464,1,0,1,0
2020-03-21,Contra Costa,013,1133247,303,0,303,0
2020-03-21,Del Norte,015,27424,0,0,0,0
2020-03-21,El Dorado,017,186661,21,0,21,0
2020-03-21,Fresno,019,978130,99,2,101,0
2020-03-21,Glenn,021,27897,2,0,2,0
2020-03-21,Humboldt,023,135768,25,0,25,0
2020-03-21,Imperial,025,180216,44,0,44,0
2020-03-21,Inyo,027,18085,1,0,1,0
2020-03-21,Kern,029,883053,108,0,108,0
2020-03-21,Kings,031,150075,19,0,19,0
2020-03-21,Lake,033,64148,0,0,0,0
2020-03-21,Lassen,035,31185,3,1,4,0
2020-03-21,Los Angeles,037,10098052,2838,11,2849,11
2020-03-21,Madera,039,155013,33,0,33,0
2020-03-21,Marin,041,260295,16,0,16,0
2020-03-21,Mariposa,043,17540,0,0,0,0
2020-03-21,Mendocino,045,87422,3,0,3,0
2020-03-21,Merced,047,269075,12,0,12,0
2020-03-21,Modoc,049,8938,0,0,0,0
2020-03-21,Mono,051,14174,14,0,14,0
2020-03-21,Monterey,053,433212,48,0,48,1
2020-03-21,Napa,055,140530,17,0,17,0
2020-03-21,Nevada,057,99092,23,1,24,0
2020-03-21,Orange,059,3164182,763,4,767,1
2020-03-21,Placer,061,380077,78,0,78,1
2020-03-21,Plumas,063,18699,0,0,0,0
2020-03-21,Riverside,065,2383286,566,8,574,6
2020-03-21,Sacramento,067,1510023,334,0,334,5
2020-03-21,San Benito,069,59416,17,0,17,1
2020-03-21,San Bernardino,071,2135413,270,0,270,1
2020-03-21,San Diego,073,3302833,901,0,901,1
2020-03-21,San Francisco,075,870044,432,0,432,1
2020-03-21,San Joaquin,077,732212,131,3,134,3
2020-03-21,San Luis Obispo,079,281455,84,0,84,0
2020-03-21,San Mateo,081,765935,426,2,428,1
2020-03-21,Santa Barbara,083,443738,109,1,110,0
2020-03-21,Santa Clara,085,1922200,951,2,953,14
2020-03-21,Santa Cruz,087,273765,62,0,62,0
2020-03-21,Shasta,089,179085,12,0,12,0
2020-03-21,Sierra,091,2930,0,0,0,0
2020-03-21,Siskiyou,093,43540,4,0,4,0
2020-03-21,Solano,095,438530,63,0,63,0
2020-03-21,Sonoma,097,501317,98,0,98,1
2020-03-21,Stanislaus,099,539301,45,3,48,0
2020-03-21,Sutter,101,95872,7,0,7,0
2020-03-21,Tehama,103,63373,0,0,0,0
2020-03-21,Trinity,105,12862,0,0,0,0
2020-03-21,Tulare,107,460477,54,3,57,0
2020-03-21,Tuolumne,109,53932,2,0,2,0
2020-03-21,Ventura,111,848112,166,0,166,0
2020-03-21,Yolo,113,214977,33,0,33,0
2020-03-21,Yuba,115,75493,7,0,7,0
2020-03-20,Alameda,001,1643700,387,1,388,0
2020-03-20,Alpine,002,1148,1,0,1,0
2020-03-20,Amador,005,37829,1,0,1,0
2020-03-20,Butte,007,227075,7,0,7,0
2020-03-20,Calaveras,009,45235,4,0,4,0
2020-03-20,Colusa,011,21464,1,0,1,0
2020-03-20,Contra Costa,013,1133247,273,0,273,0
2020-03-20,Del Norte,015,27424,0,0,0,0
2020-03-20,El Dorado,017,186661,20,0,20,0
2020-03-20,Fresno,019,978130,96,2,98,0
2020-03-20,Glenn,021,27897,1,0,1,0
2020-03-20,Humboldt,023,135768,25,0,25,0
2020-03-20,Imperial,025,180216,43,0,43,0
2020-03-20,Inyo,027,18085,0,0,0,0
2020-03-20,Kern,029,883053,93,0,93,0
2020-03-20,Kings,031,150075,18,0,18,0
2020-03-20,Lake,033,64148,0,0,0,0
2020-03-20,Lassen,035,31185,3,1,4,0
2020-03-20,Los Angeles,037,10098052,2610,10,2620,7
2020-03-20,Madera,039,155013,32,0,32,0
2020-03-20,Marin,041,260295,14,0,14,0
2020-03-20,Mariposa,043,17540,0,0,0,0
2020-03-20,Mendocino,045,87422,3,0,3,0
2020-03-20,Merced,047,269075,10,0,10,0
2020-03-20,Modoc,049,8938,0,0,0,0
2020-03-20,Mono,051,14174,14,0,14,0
2020-03-20,Monterey,053,433212,47,0,47,1
2020-03-20,Napa,055,140530,16,0,16,0
2020-03-20,Nevada,057,99092,20,1,21,0
2020-03-20,Orange,059,3164182,716,4,720,1
2020-03-20,Placer,061,380077,72,0,72,1
2020-03-20,Plumas,063,18699,0,0,0,0
2020-03-20,Riverside,065,2383286,507,8,515,5
2020-03-20,Sacramento,067,1510023,313,0,313,3
2020-03-20,San Benito,069,59416,17,0,17,1
2020-03-20,San Bernardino,071,2135413,243,0,243,1
2020-03-20,San Diego,073,3302833,849,0,849,0
2020-03-20,San Francisco,075,870044,399,0,399,1
2020-03-20,San Joaquin,077,732212,116,3,119,3
2020-03-20,San Luis Obispo,079,281455,80,0,80,0
2020-03-20,San Mateo,081,765935,396,2,398,1
2020-03-20,Santa Barbara,083,443738,97,1,98,0
2020-03-20,Santa Clara,085,1922200,915,2,917,12
2020-03-20,Santa Cruz,087,273765,60,0,60,0
2020-03-20,Shasta,089,179085,11,0,11,0
2020-03-20,Sierra,091,2930,0,0,0,0
2020-03-20,Siskiyou,093,43540,4,0,4,0
2020-03-20,Solano,095,438530,59,0,59,0
2020-03-20,Sonoma,097,501317,90,0,90,1
2020-03-20,Stanislaus,099,539301,39,3,42,0
2020-03-20,Sutter,101,95872,7,0,7,0
2020-03-20,Tehama,103,63373,0,0,0,0
2020-03-20,Trinity,105,12862,0,0,0,0
2020-03-20,Tulare,107,460477,50,3,53,0
2020-03-20,Tuolumne,109,53932,2,0,2,0
2020-03-20,Ventura,111,848112,156,0,156,0
2020-03-20,Yolo,113,214977,31,0,31,0
2020-03-20,Yuba,115,75493,6,0,6,0
2020-03-19,Alameda,001,1643700,351,1,352,0
2020-03-19,Alpine,002,1148,1,0,1,0
2020-03-19,Amador,005,37829,1,0,1,0
2020-03-19,Butte,007,227075,5,0,5,0
2020-03-19,Calaveras,009,45235,4,0,4,0
2020-03-19,Colusa,011,21464,0,0,0,0
2020-03-19,Contra Costa,013,1133247,257,0,257,0
2020-03-19,Del Norte,015,27424,0,0,0,0
2020-03-19,El Dorado,017,186661,18,0,18,0
2020-03-19,Fresno,019,978130,87,2,89,0
2020-03-19,Glenn,021,27897,1,0,1,0
2020-03-19,Humboldt,023,135768,23,0,23,0
2020-03-19,Imperial,025,180216,36,0,36,0
2020-03-19,Inyo,027,18085,0,0,0,0
2020-03-19,Kern,029,883053,81,0,81,0
2020-03-19,Kings,031,150075,14,0,14,0
2020-03-19,Lake,033,64148,0,0,0,0
2020-03-19,Lassen,035,31185,2,1,3,0
2020-03-19,Los Angeles,037,10098052,2320,10,2330,4
2020-03-19,Madera,039,155013,31,0,31,0
2020-03-19,Marin,041,260295,12,0,12,0
2020-03-19,Mariposa,043,17540,0,0,0,0
2020-03-19,Mendocino,045,87422,2,0,2,0
2020-03-19,Merced,047,269075,9,0,9,0
2020-03-19,Modoc,049,8938,0,0,0,0
2020-03-19,Mono,051,14174,12,0,12,0
2020-03-19,Monterey,053,433212,39,0,39,0
2020-03-19,Napa,055,140530,14,0,14,0
2020-03-19,Nevada,057,99092,18,1,19,0
2020-03-19,Orange,059,3164182,635,4,639,1
2020-03-19,Placer,061,380077,64,0,64,1
2020-03-19,Plumas,063,18699,0,0,0,0
2020-03-19,Riverside,065,2383286,396,6,402,5
2020-03-19,Sacramento,067,1510023,280,0,280,3
2020-03-19,San Benito,069,59416,14,0,14,1
2020-03-19,San Bernardino,071,2135413,213,0,213,1
2020-03-19,San Diego,073,3302833,766,0,766,0
2020-03-19,San Francisco,075,870044,363,0,363,1
2020-03-19,San Joaquin,077,732212,102,3,105,3
2020-03-19,San Luis Obispo,079,281455,77,0,77,0
2020-03-19,San Mateo,081,765935,361,2,363,1
2020-03-19,Santa Barbara,083,443738,85,0,85,0
2020-03-19,Santa Clara,085,1922200,848,2,850,10
2020-03-19,Santa Cruz,087,273765,57,0,57,0
2020-03-19,Shasta,089,179085,10,0,10,0
2020-03-19,Sierra,091,2930,0,0,0,0
2020-03-19,Siskiyou,093,43540,3,0,3,0
2020-03-19,Solano,095,438530,55,0,55,0
2020-03-19,Sonoma,097,501317,87,0,87,0
2020-03-19,Stanislaus,099,539301,38,3,41,0
2020-03-19,Sutter,101,95872,7,0,7,0
2020-03-19,Tehama,103,63373,0,0,0,0
2020-03-19,Trinity,105,12862,0,0,0,0
2020-03-19,Tulare,107,460477,44,3,47,0
2020-03-19,Tuolumne,109,53932,2,0,2,0
2020-03-19,Ventura,111,848112,134,0,134,0
2020-03-19,Yolo,113,214977,27,0,27,0
2020-03-19,Yuba,115,75493,5,0,5,0
2020-03-18,Alameda,001,1643700,322,1,323,0
2020-03-18,Alpine,002,1148,1,0,1,0
2020-03-18,Amador,005,37829,1,0,1,0
2020-03-18,Butte,007,227075,4,0,4,0
2020-03-18,Calaveras,009,45235,4,0,4,0
2020-03-18,Colusa,011,21464,0,0,0,0
2020-03-18,Contra Costa,013,1133247,235,0,235,0
2020-03-18,Del Norte,015,27424,0,0,0,0
2020-03-18,El Dorado,017,186661,17,0,17,0
2020-03-18,Fresno,019,978130,78,1,79,0
2020-03-18,Glenn,021,27897,1,0,1,0
2020-03-18,Humboldt,023,135768,19,0,19,0
2020-03-18,Imperial,025,180216,30,0,30,0
2020-03-18,Inyo,027,18085,0,0,0,0
2020-03-18,Kern,029,883053,66,0,66,0
2020-03-18,Kings,031,150075,12,0,12,0
2020-03-18,Lake,033,64148,0,0,0,0
2020-03-18,Lassen,035,31185,1,1,2,0
2020-03-18,Los Angeles,037,10098052,2075,10,2085,0
2020-03-18,Madera,039,155013,30,0,30,0
2020-03-18,Marin,041,260295,12,0,12,0
2020-03-18,Mariposa,043,17540,0,0,0,0
2020-03-18,Mendocino,045,87422,2,0,2,0
2020-03-18,Merced,047,269075,9,0,9,0
2020-03-18,Modoc,049,8938,0,0,0,0
2020-03-18,Mono,051,14174,11,0,11,0
2020-03-18,Monterey,053,433212,31,0,31,0
2020-03-18,Napa,055,140530,11,0,11,0
2020-03-18,Nevada,057,99092,16,1,17,0
2020-03-18,Orange,059,3164182,577,4,581,0
2020-03-18,Placer,061,380077,57,0,57,1
2020-03-18,Plumas,063,18699,0,0,0,0
2020-03-18,Riverside,065,2383286,333,5,338,4
2020-03-18,Sacramento,067,1510023,257,0,257,3
2020-03-18,San Benito,069,59416,13,0,13,1
2020-03-18,San Bernardino,071,2135413,191,0,191,1
2020-03-18,San Diego,073,3302833,681,0,681,0
2020-03-18,San Francisco,075,870044,344,0,344,1
2020-03-18,San Joaquin,077,732212,90,3,93,2
2020-03-18,San Luis Obispo,079,281455,70,0,70,0
2020-03-18,San Mateo,081,765935,340,2,342,1
2020-03-18,Santa Barbara,083,443738,77,0,77,0
2020-03-18,Santa Clara,085,1922200,797,2,799,10
2020-03-18,Santa Cruz,087,273765,55,0,55,0
2020-03-18,Shasta,089,179085,9,0,9,0
2020-03-18,Sierra,091,2930,0,0,0,0
2020-03-18,Siskiyou,093,43540,3,0,3,0
2020-03-18,Solano,095,438530,51,0,51,0
2020-03-18,Sonoma,097,501317,78,0,78,0
2020-03-18,Stanislaus,099,539301,34,2,36,0
2020-03-18,Sutter,101,95872,5,0,5,0
2020-03-18,Tehama,103,63373,0,0,0,0
2020-03-18,Trinity,105,12862,0,0,0,0
2020-03-18,Tulare,107,460477,34,3,37,0
2020-03-18,Tuolumne,109,53932,2,0,2,0
2020-03-18,Ventura,111,848112,115,0,115,0
2020-03-18,Yolo,113,214977,24,0,24,0
2020-03-18,Yuba,115,75493,4,0,4,0
2020-03-17,Alameda,001,1643700,290,0,290,0
2020-03-17,Alpine,002,1148,0,0,0,0
2020-03-17,Amador,005,37829,1,0,1,0
2020-03-17,Butte,007,227075,4,0,4,0
2020-03-17,Calaveras,009,45235,4,0,4,0
2020-03-17,Colusa,011,21464,0,0,0,0
2020-03-17,Contra Costa,013,1133247,213,0,213,0
2020-03-17,Del Norte,015,27424,0,0,0,0
2020-03-17,El Dorado,017,186661,16,0,16,0
2020-03-17,Fresno,019,978130,68,1,69,0
2020-03-17,Glenn,021,27897,1,0,1,0
2020-03-17,Humboldt,023,135768,17,0,17,0
2020-03-17,Imperial,025,180216,24,0,24,0
2020-03-17,Inyo,027,18085,0,0,0,0
2020-03-17,Kern,029,883053,52,0,52,0
2020-03-17,Kings,031,150075,9,0,9,0
2020-03-17,Lake,033,64148,0,0,0,0
2020-03-17,Lassen,035,31185,1,1,2,0
2020-03-17,Los Angeles,037,10098052,1866,10,1876,0
2020-03-17,Madera,039,155013,22,0,22,0
2020-03-17,Marin,041,260295,11,0,11,0
2020-03-17,Mariposa,043,17540,0,0,0,0
2020-03-17,Mendocino,045,87422,2,0,2,0
2020-03-17,Merced,047,269075,9,0,9,0
2020-03-17,Modoc,049,8938,0,0,0,0
2020-03-17,Mono,051,14174,9,0,9,0
2020-03-17,Monterey,053,433212,29,0,29,0
2020-03-17,Napa,055,140530,8,0,8,0
2020-03-17,Nevada,057,99092,15,1,16,0
2020-03-17,Orange,059,3164182,499,3,502,0
2020-03-17,Placer,061,380077,47,0,47,1
2020-03-17,Plumas,063,18699,0,0,0,0
2020-03-17,Riverside,065,2383286,271,5,276,4
2020-03-17,Sacramento,067,1510023,237,0,237,3
2020-03-17,San Benito,069,59416,12,0,12,1
2020-03-17,San Bernardino,071,2135413,163,0,163,1
2020-03-17,San Diego,073,3302833,614,0,614,0
2020-03-17,San Francisco,075,870044,317,0,317,1
2020-03-17,San Joaquin,077,732212,84,3,87,2
2020-03-17,San Luis Obispo,079,281455,62,0,62,0
2020-03-17,San Mateo,081,765935,308,2,310,1
2020-03-17,Santa Barbara,083,443738,65,0,65,0
2020-03-17,Santa Clara,085,1922200,739,2,741,10
2020-03-17,Santa Cruz,087,273765,52,0,52,0
2020-03-17,Shasta,089,179085,5,0,5,0
2020-03-17,Sierra,091,2930,0,0,0,0
2020-03-17,Siskiyou,093,43540,3,0,3,0
2020-03-17,Solano,095,438530,48,0,48,0
2020-03-17,Sonoma,097,501317,70,0,70,0
2020-03-17,Stanislaus,099,539301,31,2,33,0
2020-03-17,Sutter,101,95872,5,0,5,0
2020-03-17,Tehama,103,63373,0,0,0,0
2020-03-17,Trinity,105,12862,0,0,0,0
2020-03-17,Tulare,107,460477,29,3,32,0
2020-03-17,Tuolumne,109,53932,2,0,2,0
2020-03-17,Ventura,111,848112,98,0,98,0
2020-03-17,Yolo,113,214977,20,0,20,0
2020-03-17,Yuba,115,75493,4,0,4,0
2020-03-16,Alameda,001,1643700,261,0,261,0
2020-03-16,Alpine,002,1148,0,0,0,0
2020-03-16,Amador,005,37829,1,0,1,0
2020-03-16,Butte,007,227075,3,0,3,0
2020-03-16,Calaveras,009,45235,4,0,4,0
2020-03-16,Colusa,011,21464,0,0,0,0
2020-03-16,Contra Costa,013,1133247,189,0,189,0
2020-03-16,Del Norte,015,27424,0,0,0,0
2020-03-16,El Dorado,017,186661,15,0,15,0
2020-03-16,Fresno,019,978130,53,1,54,0
2020-03-16,Glenn,021,27897,0,0,0,0
2020-03-16,Humboldt,023,135768,13,0,13,0
2020-03-16,Imperial,025,180216,19,0,19,0
2020-03-16,Inyo,027,18085,0,0,0,0
2020-03-16,Kern,029,883053,43,0,43,0
2020-03-16,Kings,031,150075,8,0,8,0
2020-03-16,Lake,033,64148,0,0,0,0
2020-03-16,Lassen,035,31185,1,0,1,0
2020-03-16,Los Angeles,037,10098052,1628,10,1638,0
2020-03-16,Madera,039,155013,21,0,21,0
2020-03-16,Marin,041,260295,10,0,10,0
2020-03-16,Mariposa,043,17540,0,0,0,0
2020-03-16,Mendocino,045,87422,2,0,2,0
2020-03-16,Merced,047,269075,7,0,7,0
2020-03-16,Modoc,049,8938,0,0,0,0
2020-03-16,Mono,051,14174,7,0,7,0
2020-03-16,Monterey,053,433212,28,0,28,0
2020-03-16,Napa,055,140530,7,0,7,0
2020-03-16,Nevada,057,99092,11,1,12,0
2020-03-16,Orange,059,3164182,416,3,419,0
2020-03-16,Placer,061,380077,39,0,39,1
2020-03-16,Plumas,063,18699,0,0,0,0
2020-03-16,Riverside,065,2383286,235,5,240,4
2020-03-16,Sacramento,067,1510023,210,0,210,2
2020-03-16,San Benito,069,59416,8,0,8,1
2020-03-16,San Bernardino,071,2135413,143,0,143,1
2020-03-16,San Diego,073,3302833,523,0,523,0
2020-03-16,San Francisco,075,870044,279,0,279,0
2020-03-16,San Joaquin,077,732212,74,3,77,1
2020-03-16,San Luis Obispo,079,281455,55,0,55,0
2020-03-16,San Mateo,081,765935,269,2,271,1
2020-03-16,Santa Barbara,083,443738,55,0,55,0
2020-03-16,Santa Clara,085,1922200,659,1,660,7
2020-03-16,Santa Cruz,087,273765,45,0,45,0
2020-03-16,Shasta,089,179085,5,0,5,0
2020-03-16,Sierra,091,2930,0,0,0,0
2020-03-16,Siskiyou,093,43540,2,0,2,0
2020-03-16,Solano,095,438530,43,0,43,0
2020-03-16,Sonoma,097,501317,62,0,62,0
2020-03-16,Stanislaus,099,539301,27,2,29,0
2020-03-16,Sutter,101,95872,3,0,3,0
2020-03-16,Tehama,103,63373,0,0,0,0
2020-03-16,Trinity,105,12862,0,0,0,0
2020-03-16,Tulare,107,460477,25,3,28,0
2020-03-16,Tuolumne,109,53932,2,0,2,0
2020-03-16,Ventura,111,848112,88,0,88,0
2020-03-16,Yolo,113,214977,18,0,18,0
2020-03-16,Yuba,115,75493,3,0,3,0
2020-03-15,Alameda,001,1643700,214,0,214,0
2020-03-15,Alpine,002,1148,0,0,0,0
2020-03-15,Amador,005,37829,1,0,1,0
2020-03-15,Butte,007,227075,3,0,3,0
2020-03-15,Calaveras,009,45235,2,0,2,0
2020-03-15,Colusa,011,21464,0,0,0,0
2020-03-15,Contra Costa,013,1133247,164,0,164,0
2020-03-15,Del Norte,015,27424,0,0,0,0
2020-03-15,El Dorado,017,186661,14,0,14,0
2020-03-15,Fresno,019,978130,33,1,34,0
2020-03-15,Glenn,021,27897,0,0,0,0
2020-03-15,Humboldt,023,135768,11,0,11,0
2020-03-15,Imperial,025,180216,14,0,14,0
2020-03-15,Inyo,027,18085,0,0,0,0
2020-03-15,Kern,029,883053,37,0,37,0
2020-03-15,Kings,031,150075,8,0,8,0
2020-03-15,Lake,033,64148,0,0,0,0
2020-03-15,Lassen,035,31185,1,0,1,0
2020-03-15,Los Angeles,037,10098052,1380,10,1390,0
2020-03-15,Madera,039,155013,20,0,20,0
2020-03-15,Marin,041,260295,10,0,10,0
2020-03-15,Mariposa,043,17540,0,0,0,0
2020-03-15,Mendocino,045,87422,2,0,2,0
2020-03-15,Merced,047,269075,4,0,4,0
2020-03-15,Modoc,049,8938,0,0,0,0
2020-03-15,Mono,051,14174,6,0,6,0
2020-03-15,Monterey,053,433212,21,0,21,0
2020-03-15,Napa,055,140530,7,0,7,0
2020-03-15,Nevada,057,99092,11,1,12,0
2020-03-15,Orange,059,3164182,348,1,349,0
2020-03-15,Placer,061,380077,33,0,33,1
2020-03-15,Plumas,063,18699,0,0,0,0
2020-03-15,Riverside,065,2383286,183,5,188,1
2020-03-15,Sacramento,067,1510023,174,0,174,2
2020-03-15,San Benito,069,59416,8,0,8,0
2020-03-15,San Bernardino,071,2135413,121,0,121,1
2020-03-15,San Diego,073,3302833,436,0,436,0
2020-03-15,San Francisco,075,870044,221,0,221,0
2020-03-15,San Joaquin,077,732212,63,3,66,0
2020-03-15,San Luis Obispo,079,281455,45,0,45,0
2020-03-15,San Mateo,081,765935,235,1,236,1
2020-03-15,Santa Barbara,083,443738,46,0,46,0
2020-03-15,Santa Clara,085,1922200,587,1,588,7
2020-03-15,Santa Cruz,087,273765,38,0,38,0
2020-03-15,Shasta,089,179085,5,0,5,0
2020-03-15,Sierra,091,2930,0,0,0,0
2020-03-15,Siskiyou,093,43540,2,0,2,0
2020-03-15,Solano,095,438530,42,0,42,0
2020-03-15,Sonoma,097,501317,53,0,53,0
2020-03-15,Stanislaus,099,539301,26,2,28,0
2020-03-15,Sutter,101,95872,2,0,2,0
2020-03-15,Tehama,103,63373,0,0,0,0
2020-03-15,Trinity,105,12862,0,0,0,0
2020-03-15,Tulare,107,460477,19,3,22,0
2020-03-15,Tuolumne,109,53932,1,0,1,0
2020-03-15,Ventura,111,848112,77,0,77,0
2020-03-15,Yolo,113,214977,15,0,15,0
2020-03-15,Yuba,115,75493,2,0,2,0
2020-03-14,Alameda,001,1643700,195,0,195,0
2020-03-14,Alpine,002,1148,0,0,0,0
2020-03-14,Amador,005,37829,1,0,1,0
2020-03-14,Butte,007,227075,2,0,2,0
2020-03-14,Calaveras,009,45235,2,0,2,0
2020-03-14,Colusa,011,21464,0,0,0,0
2020-03-14,Contra Costa,013,1133247,142,0,142,0
2020-03-14,Del Norte,015,27424,0,0,0,0
2020-03-14,El Dorado,017,186661,12,0,12,0
2020-03-14,Fresno,019,978130,25,1,26,0
2020-03-14,Glenn,021,27897,0,0,0,0
2020-03-14,Humboldt,023,135768,7,0,7,0
2020-03-14,Imperial,025,180216,10,0,10,0
2020-03-14,Inyo,027,18085,0,0,0,0
2020-03-14,Kern,029,883053,32,0,32,0
2020-03-14,Kings,031,150075,8,0,8,0
2020-03-14,Lake,033,64148,0,0,0,0
2020-03-14,Lassen,035,31185,1,0,1,0
2020-03-14,Los Angeles,037,10098052,1198,10,1208,0
2020-03-14,Madera,039,155013,19,0,19,0
2020-03-14,Marin,041,260295,10,0,10,0
2020-03-14,Mariposa,043,17540,0,0,0,0
2020-03-14,Mendocino,045,87422,2,0,2,0
2020-03-14,Merced,047,269075,4,0,4,0
2020-03-14,Modoc,049,8938,0,0,0,0
2020-03-14,Mono,051,14174,5,0,5,0
2020-03-14,Monterey,053,433212,15,0,15,0
2020-03-14,Napa,055,140530,5,0,5,0
2020-03-14,Nevada,057,99092,8,1,9,0
2020-03-14,Orange,059,3164182,309,0,309,0
2020-03-14,Placer,061,380077,29,0,29,1
2020-03-14,Plumas,063,18699,0,0,0,0
2020-03-14,Riverside,065,2383286,163,5,168,1
2020-03-14,Sacramento,067,1510023,152,0,152,1
2020-03-14,San Benito,069,59416,8,0,8,0
2020-03-14,San Bernardino,071,2135413,102,0,102,1
2020-03-14,San Diego,073,3302833,361,0,361,0
2020-03-14,San Francisco,075,870044,200,0,200,0
2020-03-14,San Joaquin,077,732212,54,3,57,0
2020-03-14,San Luis Obispo,079,281455,40,0,40,0
2020-03-14,San Mateo,081,765935,212,1,213,1
2020-03-14,Santa Barbara,083,443738,37,0,37,0
2020-03-14,Santa Clara,085,1922200,532,1,533,6
2020-03-14,Santa Cruz,087,273765,33,0,33,0
2020-03-14,Shasta,089,179085,5,0,5,0
2020-03-14,Sierra,091,2930,0,0,0,0
2020-03-14,Siskiyou,093,43540,1,0,1,0
2020-03-14,Solano,095,438530,40,0,40,0
2020-03-14,Sonoma,097,501317,40,0,40,0
2020-03-14,Stanislaus,099,539301,22,2,24,0
2020-03-14,Sutter,101,95872,2,0,2,0
2020-03-14,Tehama,103,63373,0,0,0,0
2020-03-14,Trinity,105,12862,0,0,0,0
2020-03-14,Tulare,107,460477,17,2,19,0
2020-03-14,Tuolumne,109,53932,1,0,1,0
2020-03-14,Ventura,111,848112,68,0,68,0
2020-03-14,Yolo,113,214977,15,0,15,0
2020-03-14,Yuba,115,75493,1,0,1,0
2020-03-13,Alameda,001,1643700,176,0,176,0
2020-03-13,Alpine,002,1148,0,0,0,0
2020-03-13,Amador,005,37829,1,0,1,0
2020-03-13,Butte,007,227075,0,0,0,0
2020-03-13,Calaveras,009,45235,2,0,2,0
2020-03-13,Colusa,011,21464,0,0,0,0
2020-03-13,Contra Costa,013,1133247,128,0,128,0
2020-03-13,Del Norte,015,27424,0,0,0,0
2020-03-13,El Dorado,017,186661,11,0,11,0
2020-03-13,Fresno,019,978130,20,1,21,0
2020-03-13,Glenn,021,27897,0,0,0,0
2020-03-13,Humboldt,023,135768,7,0,7,0
2020-03-13,Imperial,025,180216,9,0,9,0
2020-03-13,Inyo,027,18085,0,0,0,0
2020-03-13,Kern,029,883053,27,0,27,0
2020-03-13,Kings,031,150075,7,0,7,0
2020-03-13,Lake,033,64148,0,0,0,0
2020-03-13,Lassen,035,31185,1,0,1,0
2020-03-13,Los Angeles,037,10098052,1041,8,1049,0
2020-03-13,Madera,039,155013,18,0,18,0
2020-03-13,Marin,041,260295,10,0,10,0
2020-03-13,Mariposa,043,17540,0,0,0,0
2020-03-13,Mendocino,045,87422,2,0,2,0
2020-03-13,Merced,047,269075,2,0,2,0
2020-03-13,Modoc,049,8938,0,0,0,0
2020-03-13,Mono,051,14174,3,0,3,0
2020-03-13,Monterey,053,433212,10,0,10,0
2020-03-13,Napa,055,140530,3,0,3,0
2020-03-13,Nevada,057,99092,7,1,8,0
2020-03-13,Orange,059,3164182,269,0,269,0
2020-03-13,Placer,061,380077,27,0,27,1
2020-03-13,Plumas,063,18699,0,0,0,0
2020-03-13,Riverside,065,2383286,133,4,137,1
2020-03-13,Sacramento,067,1510023,130,0,130,1
2020-03-13,San Benito,069,59416,6,0,6,0
2020-03-13,San Bernardino,071,2135413,96,0,96,1
2020-03-13,San Diego,073,3302833,311,0,311,0
2020-03-13,San Francisco,075,870044,185,0,185,0
2020-03-13,San Joaquin,077,732212,50,3,53,0
2020-03-13,San Luis Obispo,079,281455,33,0,33,0
2020-03-13,San Mateo,081,765935,191,1,192,0
2020-03-13,Santa Barbara,083,443738,33,0,33,0
2020-03-13,Santa Clara,085,1922200,470,1,471,6
2020-03-13,Santa Cruz,087,273765,32,0,32,0
2020-03-13,Shasta,089,179085,3,0,3,0
2020-03-13,Sierra,091,2930,0,0,0,0
2020-03-13,Siskiyou,093,43540,0,0,0,0
2020-03-13,Solano,095,438530,39,0,39,0
2020-03-13,Sonoma,097,501317,39,0,39,0
2020-03-13,Stanislaus,099,539301,17,2,19,0
2020-03-13,Sutter,101,95872,2,0,2,0
2020-03-13,Tehama,103,63373,0,0,0,0
2020-03-13,Trinity,105,12862,0,0,0,0
2020-03-13,Tulare,107,460477,14,2,16,0
2020-03-13,Tuolumne,109,53932,1,0,1,0
2020-03-13,Ventura,111,848112,54,0,54,0
2020-03-13,Yolo,113,214977,14,0,14,0
2020-03-13,Yuba,115,75493,1,0,1,0
2020-03-12,Alameda,001,1643700,151,0,151,0
2020-03-12,Alpine,002,1148,0,0,0,0
2020-03-12,Amador,005,37829,1,0,1,0
2020-03-12,Butte,007,227075,0,0,0,0
2020-03-12,Calaveras,009,45235,2,0,2,0
2020-03-12,Colusa,011,21464,0,0,0,0
2020-03-12,Contra Costa,013,1133247,110,0,110,0
2020-03-12,Del Norte,015,27424,0,0,0,0
2020-03-12,El Dorado,017,186661,9,0,9,0
2020-03-12,Fresno,019,978130,12,1,13,0
2020-03-12,Glenn,021,27897,0,0,0,0
2020-03-12,Humboldt,023,135768,6,0,6,0
2020-03-12,Imperial,025,180216,8,0,8,0
2020-03-12,Inyo,027,18085,0,0,0,0
2020-03-12,Kern,029,883053,18,0,18,0
2020-03-12,Kings,031,150075,4,0,4,0
2020-03-12,Lake,033,64148,0,0,0,0
2020-03-12,Lassen,035,31185,1,0,1,0
2020-03-12,Los Angeles,037,10098052,877,8,885,0
2020-03-12,Madera,039,155013,15,0,15,0
2020-03-12,Marin,041,260295,7,0,7,0
2020-03-12,Mariposa,043,17540,0,0,0,0
2020-03-12,Mendocino,045,87422,2,0,2,0
2020-03-12,Merced,047,269075,2,0,2,0
2020-03-12,Modoc,049,8938,0,0,0,0
2020-03-12,Mono,051,14174,3,0,3,0
2020-03-12,Monterey,053,433212,8,0,8,0
2020-03-12,Napa,055,140530,3,0,3,0
2020-03-12,Nevada,057,99092,4,1,5,0
2020-03-12,Orange,059,3164182,232,0,232,0
2020-03-12,Placer,061,380077,23,0,23,1
2020-03-12,Plumas,063,18699,0,0,0,0
2020-03-12,Riverside,065,2383286,107,2,109,1
2020-03-12,Sacramento,067,1510023,106,0,106,1
2020-03-12,San Benito,069,59416,5,0,5,0
2020-03-12,San Bernardino,071,2135413,80,0,80,1
2020-03-12,San Diego,073,3302833,256,0,256,0
2020-03-12,San Francisco,075,870044,159,0,159,0
2020-03-12,San Joaquin,077,732212,44,3,47,0
2020-03-12,San Luis Obispo,079,281455,26,0,26,0
2020-03-12,San Mateo,081,765935,157,1,158,0
2020-03-12,Santa Barbara,083,443738,22,0,22,0
2020-03-12,Santa Clara,085,1922200,412,1,413,5
2020-03-12,Santa Cruz,087,273765,29,0,29,0
2020-03-12,Shasta,089,179085,2,0,2,0
2020-03-12,Sierra,091,2930,0,0,0,0
2020-03-12,Siskiyou,093,43540,0,0,0,0
2020-03-12,Solano,095,438530,34,0,34,0
2020-03-12,Sonoma,097,501317,34,0,34,0
2020-03-12,Stanislaus,099,539301,15,2,17,0
2020-03-12,Sutter,101,95872,0,0,0,0
2020-03-12,Tehama,103,63373,0,0,0,0
2020-03-12,Trinity,105,12862,0,0,0,0
2020-03-12,Tulare,107,460477,12,1,13,0
2020-03-12,Tuolumne,109,53932,1,0,1,0
2020-03-12,Ventura,111,848112,45,0,45,0
2020-03-12,Yolo,113,214977,13,0,13,0
2020-03-12,Yuba,115,75493,1,0,1,0
2020-03-11,Alameda,001,1643700,121,0,121,0
2020-03-11,Alpine,002,1148,0,0,0,0
2020-03-11,Amador,005,37829,1,0,1,0
2020-03-11,Butte,007,227075,0,0,0,0
2020-03-11,Calaveras,009,45235,2,0,2,0
2020-03-11,Colusa,011,21464,0,0,0,0
2020-03-11,Contra Costa,013,1133247,94,0,94,0
2020-03-11,Del Norte,015,27424,0,0,0,0
2020-03-11,El Dorado,017,186661,8,0,8,0
2020-03-11,Fresno,019,978130,9,1,10,0
2020-03-11,Glenn,021,27897,0,0,0,0
2020-03-11,Humboldt,023,135768,6,0,6,0
2020-03-11,Imperial,025,180216,6,0,6,0
2020-03-11,Inyo,027,18085,0,0,0,0
2020-03-11,Kern,029,883053,16,0,16,0
2020-03-11,Kings,031,150075,2,0,2,0
2020-03-11,Lake,033,64148,0,0,0,0
2020-03-11,Lassen,035,31185,1,0,1,0
2020-03-11,Los Angeles,037,10098052,704,8,712,0
2020-03-11,Madera,039,155013,12,0,12,0
2020-03-11,Marin,041,260295,7,0,7,0
2020-03-11,Mariposa,043,17540,0,0,0,0
2020-03-11,Mendocino,045,87422,1,0,1,0
2020-03-11,Merced,047,269075,2,0,2,0
2020-03-11,Modoc,049,8938,0,0,0,0
2020-03-11,Mono,051,14174,3,0,3,0
2020-03-11,Monterey,053,433212,7,0,7,0
2020-03-11,Napa,055,140530,2,0,2,0
2020-03-11,Nevada,057,99092,4,1,5,0
2020-03-11,Orange,059,3164182,203,0,203,0
2020-03-11,Placer,061,380077,18,0,18,1
2020-03-11,Plumas,063,18699,0,0,0,0
2020-03-11,Riverside,065,2383286,81,1,82,1
2020-03-11,Sacramento,067,1510023,88,0,88,1
2020-03-11,San Benito,069,59416,5,0,5,0
2020-03-11,San Bernardino,071,2135413,73,0,73,1
2020-03-11,San Diego,073,3302833,206,0,206,0
2020-03-11,San Francisco,075,870044,127,0,127,0
2020-03-11,San Joaquin,077,732212,33,3,36,0
2020-03-11,San Luis Obispo,079,281455,23,0,23,0
2020-03-11,San Mateo,081,765935,139,0,139,0
2020-03-11,Santa Barbara,083,443738,13,0,13,0
2020-03-11,Santa Clara,085,1922200,371,1,372,5
2020-03-11,Santa Cruz,087,273765,26,0,26,0
2020-03-11,Shasta,089,179085,2,0,2,0
2020-03-11,Sierra,091,2930,0,0,0,0
2020-03-11,Siskiyou,093,43540,0,0,0,0
2020-03-11,Solano,095,438530,29,0,29,0
2020-03-11,Sonoma,097,501317,30,0,30,0
2020-03-11,Stanislaus,099,539301,15,2,17,0
2020-03-11,Sutter,101,95872,0,0,0,0
2020-03-11,Tehama,103,63373,0,0,0,0
2020-03-11,Trinity,105,12862,0,0,0,0
2020-03-11,Tulare,107,460477,10,1,11,0
2020-03-11,Tuolumne,109,53932,1,0,1,0
2020-03-11,Ventura,111,848112,37,0,37,0
2020-03-11,Yolo,113,214977,9,0,9,0
2020-03-11,Yuba,115,75493,1,0,1,0
2020-03-10,Alameda,001,1643700,101,0,101,0
2020-03-10,Alpine,002,1148,0,0,0,0
2020-03-10,Amador,005,37829,1,0,1,0
2020-03-10,Butte,007,227075,0,0,0,0
2020-03-10,Calaveras,009,45235,2,0,2,0
2020-03-10,Colusa,011,21464,0,0,0,0
2020-03-10,Contra Costa,013,1133247,84,0,84,0
2020-03-10,Del Norte,015,27424,0,0,0,0
2020-03-10,El Dorado,017,186661,7,0,7,0
2020-03-10,Fresno,019,978130,7,1,8,0
2020-03-10,Glenn,021,27897,0,0,0,0
2020-03-10,Humboldt,023,135768,6,0,6,0
2020-03-10,Imperial,025,180216,5,0,5,0
2020-03-10,Inyo,027,18085,0,0,0,0
2020-03-10,Kern,029,883053,11,0,11,0
2020-03-10,Kings,031,150075,2,0,2,0
2020-03-10,Lake,033,64148,0,0,0,0
2020-03-10,Lassen,035,31185,1,0,1,0
2020-03-10,Los Angeles,037,10098052,568,8,576,0
2020-03-10,Madera,039,155013,7,0,7,0
2020-03-10,Marin,041,260295,7,0,7,0
2020-03-10,Mariposa,043,17540,0,0,0,0
2020-03-10,Mendocino,045,87422,0,0,0,0
2020-03-10,Merced,047,269075,2,0,2,0
2020-03-10,Modoc,049,8938,0,0,0,0
2020-03-10,Mono,051,14174,3,0,3,0
2020-03-10,Monterey,053,433212,5,0,5,0
2020-03-10,Napa,055,140530,2,0,2,0
2020-03-10,Nevada,057,99092,3,1,4,0
2020-03-10,Orange,059,3164182,183,0,183,0
2020-03-10,Placer,061,380077,14,0,14,1
2020-03-10,Plumas,063,18699,0,0,0,0
2020-03-10,Riverside,065,2383286,59,1,60,0
2020-03-10,Sacramento,067,1510023,79,0,79,1
2020-03-10,San Benito,069,59416,5,0,5,0
2020-03-10,San Bernardino,071,2135413,65,0,65,1
2020-03-10,San Diego,073,3302833,163,0,163,0
2020-03-10,San Francisco,075,870044,94,0,94,0
2020-03-10,San Joaquin,077,732212,30,3,33,0
2020-03-10,San Luis Obispo,079,281455,15,0,15,0
2020-03-10,San Mateo,081,765935,123,0,123,0
2020-03-10,Santa Barbara,083,443738,10,0,10,0
2020-03-10,Santa Clara,085,1922200,322,1,323,5
2020-03-10,Santa Cruz,087,273765,22,0,22,0
2020-03-10,Shasta,089,179085,2,0,2,0
2020-03-10,Sierra,091,2930,0,0,0,0
2020-03-10,Siskiyou,093,43540,0,0,0,0
2020-03-10,Solano,095,438530,27,0,27,0
2020-03-10,Sonoma,097,501317,27,0,27,0
2020-03-10,Stanislaus,099,539301,11,2,13,0
2020-03-10,Sutter,101,95872,0,0,0,0
2020-03-10,Tehama,103,63373,0,0,0,0
2020-03-10,Trinity,105,12862,0,0,0,0
2020-03-10,Tulare,107,460477,9,1,10,0
2020-03-10,Tuolumne,109,53932,1,0,1,0
2020-03-10,Ventura,111,848112,29,0,29,0
2020-03-10,Yolo,113,214977,6,0,6,0
2020-03-10,Yuba,115,75493,1,0,1,0
2020-03-09,Alameda,001,1643700,73,0,73,0
2020-03-09,Alpine,002,1148,0,0,0,0
2020-03-09,Amador,005,37829,0,0,0,0
2020-03-09,Butte,007,227075,0,0,0,0
2020-03-09,Calaveras,009,45235,2,0,2,0
2020-03-09,Colusa,011,21464,0,0,0,0
2020-03-09,Contra Costa,013,1133247,72,0,72,0
2020-03-09,Del Norte,015,27424,0,0,0,0
2020-03-09,El Dorado,017,186661,5,0,5,0
2020-03-09,Fresno,019,978130,7,1,8,0
2020-03-09,Glenn,021,27897,0,0,0,0
2020-03-09,Humboldt,023,135768,5,0,5,0
2020-03-09,Imperial,025,180216,5,0,5,0
2020-03-09,Inyo,027,18085,0,0,0,0
2020-03-09,Kern,029,883053,8,0,8,0
2020-03-09,Kings,031,150075,1,0,1,0
2020-03-09,Lake,033,64148,0,0,0,0
2020-03-09,Lassen,035,31185,1,0,1,0
2020-03-09,Los Angeles,037,10098052,464,7,471,0
2020-03-09,Madera,039,155013,7,0,7,0
2020-03-09,Marin,041,260295,7,0,7,0
2020-03-09,Mariposa,043,17540,0,0,0,0
2020-03-09,Mendocino,045,87422,0,0,0,0
2020-03-09,Merced,047,269075,2,0,2,0
2020-03-09,Modoc,049,8938,0,0,0,0
2020-03-09,Mono,051,14174,3,0,3,0
2020-03-09,Monterey,053,433212,3,0,3,0
2020-03-09,Napa,055,140530,2,0,2,0
2020-03-09,Nevada,057,99092,2,1,3,0
2020-03-09,Orange,059,3164182,155,0,155,0
2020-03-09,Placer,061,380077,12,0,12,1
2020-03-09,Plumas,063,18699,0,0,0,0
2020-03-09,Riverside,065,2383286,49,1,50,0
2020-03-09,Sacramento,067,1510023,75,0,75,1
2020-03-09,San Benito,069,59416,3,0,3,0
2020-03-09,San Bernardino,071,2135413,54,0,54,1
2020-03-09,San Diego,073,3302833,124,0,124,0
2020-03-09,San Francisco,075,870044,72,0,72,0
2020-03-09,San Joaquin,077,732212,21,3,24,0
2020-03-09,San Luis Obispo,079,281455,15,0,15,0
2020-03-09,San Mateo,081,765935,109,0,109,0
2020-03-09,Santa Barbara,083,443738,8,0,8,0
2020-03-09,Santa Clara,085,1922200,278,1,279,5
2020-03-09,Santa Cruz,087,273765,19,0,19,0
2020-03-09,Shasta,089,179085,2,0,2,0
2020-03-09,Sierra,091,2930,0,0,0,0
2020-03-09,Siskiyou,093,43540,0,0,0,0
2020-03-09,Solano,095,438530,25,0,25,0
2020-03-09,Sonoma,097,501317,22,0,22,0
2020-03-09,Stanislaus,099,539301,11,2,13,0
2020-03-09,Sutter,101,95872,0,0,0,0
2020-03-09,Tehama,103,63373,0,0,0,0
2020-03-09,Trinity,105,12862,0,0,0,0
2020-03-09,Tulare,107,460477,9,1,10,0
2020-03-09,Tuolumne,109,53932,1,0,1,0
2020-03-09,Ventura,111,848112,25,0,25,0
2020-03-09,Yolo,113,214977,5,0,5,0
2020-03-09,Yuba,115,75493,0,0,0,0
2020-03-08,Alameda,001,1643700,48,0,48,0
2020-03-08,Alpine,002,1148,0,0,0,0
2020-03-08,Amador,005,37829,0,0,0,0
2020-03-08,Butte,007,227075,0,0,0,0
2020-03-08,Calaveras,009,45235,2,0,2,0
2020-03-08,Colusa,011,21464,0,0,0,0
2020-03-08,Contra Costa,013,1133247,58,0,58,0
2020-03-08,Del Norte,015,27424,0,0,0,0
2020-03-08,El Dorado,017,186661,5,0,5,0
2020-03-08,Fresno,019,978130,5,1,6,0
2020-03-08,Glenn,021,27897,0,0,0,0
2020-03-08,Humboldt,023,135768,5,0,5,0
2020-03-08,Imperial,025,180216,5,0,5,0
2020-03-08,Inyo,027,18085,0,0,0,0
2020-03-08,Kern,029,883053,8,0,8,0
2020-03-08,Kings,031,150075,0,0,0,0
2020-03-08,Lake,033,64148,0,0,0,0
2020-03-08,Lassen,035,31185,0,0,0,0
2020-03-08,Los Angeles,037,10098052,369,7,376,0
2020-03-08,Madera,039,155013,7,0,7,0
2020-03-08,Marin,041,260295,7,0,7,0
2020-03-08,Mariposa,043,17540,0,0,0,0
2020-03-08,Mendocino,045,87422,0,0,0,0
2020-03-08,Merced,047,269075,2,0,2,0
2020-03-08,Modoc,049,8938,0,0,0,0
2020-03-08,Mono,051,14174,3,0,3,0
2020-03-08,Monterey,053,433212,3,0,3,0
2020-03-08,Napa,055,140530,2,0,2,0
2020-03-08,Nevada,057,99092,1,1,2,0
2020-03-08,Orange,059,3164182,130,0,130,0
2020-03-08,Placer,061,380077,11,0,11,1
2020-03-08,Plumas,063,18699,0,0,0,0
2020-03-08,Riverside,065,2383286,41,1,42,0
2020-03-08,Sacramento,067,1510023,65,0,65,0
2020-03-08,San Benito,069,59416,3,0,3,0
2020-03-08,San Bernardino,071,2135413,43,0,43,1
2020-03-08,San Diego,073,3302833,90,0,90,0
2020-03-08,San Francisco,075,870044,53,0,53,0
2020-03-08,San Joaquin,077,732212,18,3,21,0
2020-03-08,San Luis Obispo,079,281455,9,0,9,0
2020-03-08,San Mateo,081,765935,96,0,96,0
2020-03-08,Santa Barbara,083,443738,5,0,5,0
2020-03-08,Santa Clara,085,1922200,236,1,237,3
2020-03-08,Santa Cruz,087,273765,17,0,17,0
2020-03-08,Shasta,089,179085,2,0,2,0
2020-03-08,Sierra,091,2930,0,0,0,0
2020-03-08,Siskiyou,093,43540,0,0,0,0
2020-03-08,Solano,095,438530,24,0,24,0
2020-03-08,Sonoma,097,501317,17,0,17,0
2020-03-08,Stanislaus,099,539301,10,2,12,0
2020-03-08,Sutter,101,95872,0,0,0,0
2020-03-08,Tehama,103,63373,0,0,0,0
2020-03-08,Trinity,105,12862,0,0,0,0
2020-03-08,Tulare,107,460477,9,0,9,0
2020-03-08,Tuolumne,109,53932,1,0,1,0
2020-03-08,Ventura,111,848112,21,0,21,0
2020-03-08,Yolo,113,214977,2,0,2,0
2020-03-08,Yuba,115,75493,0,0,0,0
2020-03-07,Alameda,001,1643700,43,0,43,0
2020-03-07,Alpine,002,1148,0,0,0,0
2020-03-07,Amador,005,37829,0,0,0,0
2020-03-07,Butte,007,227075,0,0,0,0
2020-03-07,Calaveras,009,45235,2,0,2,0
2020-03-07,Colusa,011,21464,0,0,0,0
2020-03-07,Contra Costa,013,1133247,55,0,55,0
2020-03-07,Del Norte,015,27424,0,0,0,0
2020-03-07,El Dorado,017,186661,4,0,4,0
2020-03-07,Fresno,019,978130,4,1,5,0
2020-03-07,Glenn,021,27897,0,0,0,0
2020-03-07,Humboldt,023,135768,5,0,5,0
2020-03-07,Imperial,025,180216,4,0,4,0
2020-03-07,Inyo,027,18085,0,0,0,0
2020-03-07,Kern,029,883053,7,0,7,0
2020-03-07,Kings,031,150075,0,0,0,0
2020-03-07,Lake,033,64148,0,0,0,0
2020-03-07,Lassen,035,31185,0,0,0,0
2020-03-07,Los Angeles,037,10098052,318,7,325,0
2020-03-07,Madera,039,155013,6,0,6,0
2020-03-07,Marin,041,260295,7,0,7,0
2020-03-07,Mariposa,043,17540,0,0,0,0
2020-03-07,Mendocino,045,87422,0,0,0,0
2020-03-07,Merced,047,269075,2,0,2,0
2020-03-07,Modoc,049,8938,0,0,0,0
2020-03-07,Mono,051,14174,3,0,3,0
2020-03-07,Monterey,053,433212,3,0,3,0
2020-03-07,Napa,055,140530,1,0,1,0
2020-03-07,Nevada,057,99092,1,1,2,0
2020-03-07,Orange,059,3164182,122,0,122,0
2020-03-07,Placer,061,380077,11,0,11,1
2020-03-07,Plumas,063,18699,0,0,0,0
2020-03-07,Riverside,065,2383286,31,1,32,0
2020-03-07,Sacramento,067,1510023,52,0,52,0
2020-03-07,San Benito,069,59416,3,0,3,0
2020-03-07,San Bernardino,071,2135413,41,0,41,1
2020-03-07,San Diego,073,3302833,72,0,72,0
2020-03-07,San Francisco,075,870044,47,0,47,0
2020-03-07,San Joaquin,077,732212,16,3,19,0
2020-03-07,San Luis Obispo,079,281455,6,0,6,0
2020-03-07,San Mateo,081,765935,86,0,86,0
2020-03-07,Santa Barbara,083,443738,5,0,5,0
2020-03-07,Santa Clara,085,1922200,206,1,207,3
2020-03-07,Santa Cruz,087,273765,17,0,17,0
2020-03-07,Shasta,089,179085,2,0,2,0
2020-03-07,Sierra,091,2930,0,0,0,0
2020-03-07,Siskiyou,093,43540,0,0,0,0
2020-03-07,Solano,095,438530,23,0,23,0
2020-03-07,Sonoma,097,501317,13,0,13,0
2020-03-07,Stanislaus,099,539301,9,2,11,0
2020-03-07,Sutter,101,95872,0,0,0,0
2020-03-07,Tehama,103,63373,0,0,0,0
2020-03-07,Trinity,105,12862,0,0,0,0
2020-03-07,Tulare,107,460477,6,0,6,0
2020-03-07,Tuolumne,109,53932,1,0,1,0
2020-03-07,Ventura,111,848112,18,0,18,0
2020-03-07,Yolo,113,214977,2,0,2,0
2020-03-07,Yuba,115,75493,0,0,0,0
2020-03-06,Alameda,001,1643700,41,0,41,0
2020-03-06,Alpine,002,1148,0,0,0,0
2020-03-06,Amador,005,37829,0,0,0,0
2020-03-06,Butte,007,227075,0,0,0,0
2020-03-06,Calaveras,009,45235,2,0,2,0
2020-03-06,Colusa,011,21464,0,0,0,0
2020-03-06,Contra Costa,013,1133247,46,0,46,0
2020-03-06,Del Norte,015,27424,0,0,0,0
2020-03-06,El Dorado,017,186661,3,0,3,0
2020-03-06,Fresno,019,978130,3,1,4,0
2020-03-06,Glenn,021,27897,0,0,0,0
2020-03-06,Humboldt,023,135768,4,0,4,0
2020-03-06,Imperial,025,180216,3,0,3,0
2020-03-06,Inyo,027,18085,0,0,0,0
2020-03-06,Kern,029,883053,6,0,6,0
2020-03-06,Kings,031,150075,0,0,0,0
2020-03-06,Lake,033,64148,0,0,0,0
2020-03-06,Lassen,035,31185,0,0,0,0
2020-03-06,Los Angeles,037,10098052,275,7,282,0
2020-03-06,Madera,039,155013,5,0,5,0
2020-03-06,Marin,041,260295,6,0,6,0
2020-03-06,Mariposa,043,17540,0,0,0,0
2020-03-06,Mendocino,045,87422,0,0,0,0
2020-03-06,Merced,047,269075,2,0,2,0
2020-03-06,Modoc,049,8938,0,0,0,0
2020-03-06,Mono,051,14174,1,0,1,0
2020-03-06,Monterey,053,433212,3,0,3,0
2020-03-06,Napa,055,140530,1,0,1,0
2020-03-06,Nevada,057,99092,1,1,2,0
2020-03-06,Orange,059,3164182,96,0,96,0
2020-03-06,Placer,061,380077,10,0,10,1
2020-03-06,Plumas,063,18699,0,0,0,0
2020-03-06,Riverside,065,2383286,30,1,31,0
2020-03-06,Sacramento,067,1510023,43,0,43,0
2020-03-06,San Benito,069,59416,3,0,3,0
2020-03-06,San Bernardino,071,2135413,39,0,39,1
2020-03-06,San Diego,073,3302833,59,0,59,0
2020-03-06,San Francisco,075,870044,41,0,41,0
2020-03-06,San Joaquin,077,732212,13,3,16,0
2020-03-06,San Luis Obispo,079,281455,4,0,4,0
2020-03-06,San Mateo,081,765935,78,0,78,0
2020-03-06,Santa Barbara,083,443738,3,0,3,0
2020-03-06,Santa Clara,085,1922200,188,1,189,3
2020-03-06,Santa Cruz,087,273765,15,0,15,0
2020-03-06,Shasta,089,179085,2,0,2,0
2020-03-06,Sierra,091,2930,0,0,0,0
2020-03-06,Siskiyou,093,43540,0,0,0,0
2020-03-06,Solano,095,438530,22,0,22,0
2020-03-06,Sonoma,097,501317,13,0,13,0
2020-03-06,Stanislaus,099,539301,5,2,7,0
2020-03-06,Sutter,101,95872,0,0,0,0
2020-03-06,Tehama,103,63373,0,0,0,0
2020-03-06,Trinity,105,12862,0,0,0,0
2020-03-06,Tulare,107,460477,6,0,6,0
2020-03-06,Tuolumne,109,53932,1,0,1,0
2020-03-06,Ventura,111,848112,15,0,15,0
2020-03-06,Yolo,113,214977,2,0,2,0
2020-03-06,Yuba,115,75493,0,0,0,0
2020-03-05,Alameda,001,1643700,35,0,35,0
2020-03-05,Alpine,002,1148,0,0,0,0
2020-03-05,Amador,005,37829,0,0,0,0
2020-03-05,Butte,007,227075,0,0,0,0
2020-03-05,Calaveras,009,45235,2,0,2,0
2020-03-05,Colusa,011,21464,0,0,0,0
2020-03-05,Contra Costa,013,1133247,39,0,39,0
2020-03-05,Del Norte,015,27424,0,0,0,0
2020-03-05,El Dorado,017,186661,1,0,1,0
2020-03-05,Fresno,019,978130,3,1,4,0
2020-03-05,Glenn,021,27897,0,0,0,0
2020-03-05,Humboldt,023,135768,4,0,4,0
2020-03-05,Imperial,025,180216,2,0,2,0
2020-03-05,Inyo,027,18085,0,0,0,0
2020-03-05,Kern,029,883053,6,0,6,0
2020-03-05,Kings,031,150075,0,0,0,0
2020-03-05,Lake,033,64148,0,0,0,0
2020-03-05,Lassen,035,31185,0,0,0,0
2020-03-05,Los Angeles,037,10098052,228,7,235,0
2020-03-05,Madera,039,155013,5,0,5,0
2020-03-05,Marin,041,260295,6,0,6,0
2020-03-05,Mariposa,043,17540,0,0,0,0
2020-03-05,Mendocino,045,87422,0,0,0,0
2020-03-05,Merced,047,269075,2,0,2,0
2020-03-05,Modoc,049,8938,0,0,0,0
2020-03-05,Mono,051,14174,1,0,1,0
2020-03-05,Monterey,053,433212,3,0,3,0
2020-03-05,Napa,055,140530,1,0,1,0
2020-03-05,Nevada,057,99092,0,1,1,0
2020-03-05,Orange,059,3164182,81,0,81,0
2020-03-05,Placer,061,380077,10,0,10,1
2020-03-05,Plumas,063,18699,0,0,0,0
2020-03-05,Riverside,065,2383286,27,1,28,0
2020-03-05,Sacramento,067,1510023,37,0,37,0
2020-03-05,San Benito,069,59416,1,0,1,0
2020-03-05,San Bernardino,071,2135413,34,0,34,1
2020-03-05,San Diego,073,3302833,52,0,52,0
2020-03-05,San Francisco,075,870044,31,0,31,0
2020-03-05,San Joaquin,077,732212,10,3,13,0
2020-03-05,San Luis Obispo,079,281455,4,0,4,0
2020-03-05,San Mateo,081,765935,65,0,65,0
2020-03-05,Santa Barbara,083,443738,2,0,2,0
2020-03-05,Santa Clara,085,1922200,164,1,165,2
2020-03-05,Santa Cruz,087,273765,13,0,13,0
2020-03-05,Shasta,089,179085,2,0,2,0
2020-03-05,Sierra,091,2930,0,0,0,0
2020-03-05,Siskiyou,093,43540,0,0,0,0
2020-03-05,Solano,095,438530,22,0,22,0
2020-03-05,Sonoma,097,501317,12,0,12,0
2020-03-05,Stanislaus,099,539301,4,2,6,0
2020-03-05,Sutter,101,95872,0,0,0,0
2020-03-05,Tehama,103,63373,0,0,0,0
2020-03-05,Trinity,105,12862,0,0,0,0
2020-03-05,Tulare,107,460477,6,0,6,0
2020-03-05,Tuolumne,109,53932,1,0,1,0
2020-03-05,Ventura,111,848112,13,0,13,0
2020-03-05,Yolo,113,214977,2,0,2,0
2020-03-05,Yuba,115,75493,0,0,0,0
2020-03-04,Alameda,001,1643700,31,0,31,0
2020-03-04,Alpine,002,1148,0,0,0,0
2020-03-04,Amador,005,37829,0,0,0,0
2020-03-04,Butte,007,227075,0,0,0,0
2020-03-04,Calaveras,009,45235,0,0,0,0
2020-03-04,Colusa,011,21464,0,0,0,0
2020-03-04,Contra Costa,013,1133247,34,0,34,0
2020-03-04,Del Norte,015,27424,0,0,0,0
2020-03-04,El Dorado,017,186661,1,0,1,0
2020-03-04,Fresno,019,978130,3,1,4,0
2020-03-04,Glenn,021,27897,0,0,0,0
2020-03-04,Humboldt,023,135768,1,0,1,0
2020-03-04,Imperial,025,180216,2,0,2,0
2020-03-04,Inyo,027,18085,0,0,0,0
2020-03-04,Kern,029,883053,6,0,6,0
2020-03-04,Kings,031,150075,0,0,0,0
2020-03-04,Lake,033,64148,0,0,0,0
2020-03-04,Lassen,035,31185,0,0,0,0
2020-03-04,Los Angeles,037,10098052,192,7,199,0
2020-03-04,Madera,039,155013,5,0,5,0
2020-03-04,Marin,041,260295,6,0,6,0
2020-03-04,Mariposa,043,17540,0,0,0,0
2020-03-04,Mendocino,045,87422,0,0,0,0
2020-03-04,Merced,047,269075,2,0,2,0
2020-03-04,Modoc,049,8938,0,0,0,0
2020-03-04,Mono,051,14174,1,0,1,0
2020-03-04,Monterey,053,433212,3,0,3,0
2020-03-04,Napa,055,140530,1,0,1,0
2020-03-04,Nevada,057,99092,0,1,1,0
2020-03-04,Orange,059,3164182,78,0,78,0
2020-03-04,Placer,061,380077,9,0,9,1
2020-03-04,Plumas,063,18699,0,0,0,0
2020-03-04,Riverside,065,2383286,23,1,24,0
2020-03-04,Sacramento,067,1510023,32,0,32,0
2020-03-04,San Benito,069,59416,1,0,1,0
2020-03-04,San Bernardino,071,2135413,31,0,31,1
2020-03-04,San Diego,073,3302833,39,0,39,0
2020-03-04,San Francisco,075,870044,26,0,26,0
2020-03-04,San Joaquin,077,732212,9,3,12,0
2020-03-04,San Luis Obispo,079,281455,4,0,4,0
2020-03-04,San Mateo,081,765935,60,0,60,0
2020-03-04,Santa Barbara,083,443738,2,0,2,0
2020-03-04,Santa Clara,085,1922200,147,1,148,2
2020-03-04,Santa Cruz,087,273765,13,0,13,0
2020-03-04,Shasta,089,179085,2,0,2,0
2020-03-04,Sierra,091,2930,0,0,0,0
2020-03-04,Siskiyou,093,43540,0,0,0,0
2020-03-04,Solano,095,438530,21,0,21,0
2020-03-04,Sonoma,097,501317,11,0,11,0
2020-03-04,Stanislaus,099,539301,4,2,6,0
2020-03-04,Sutter,101,95872,0,0,0,0
2020-03-04,Tehama,103,63373,0,0,0,0
2020-03-04,Trinity,105,12862,0,0,0,0
2020-03-04,Tulare,107,460477,6,0,6,0
2020-03-04,Tuolumne,109,53932,0,0,0,0
2020-03-04,Ventura,111,848112,12,0,12,0
2020-03-04,Yolo,113,214977,2,0,2,0
2020-03-04,Yuba,115,75493,0,0,0,0
2020-03-03,Alameda,001,1643700,25,0,25,0
2020-03-03,Alpine,002,1148,0,0,0,0
2020-03-03,Amador,005,37829,0,0,0,0
2020-03-03,Butte,007,227075,0,0,0,0
2020-03-03,Calaveras,009,45235,0,0,0,0
2020-03-03,Colusa,011,21464,0,0,0,0
2020-03-03,Contra Costa,013,1133247,30,0,30,0
2020-03-03,Del Norte,015,27424,0,0,0,0
2020-03-03,El Dorado,017,186661,1,0,1,0
2020-03-03,Fresno,019,978130,2,1,3,0
2020-03-03,Glenn,021,27897,0,0,0,0
2020-03-03,Humboldt,023,135768,1,0,1,0
2020-03-03,Imperial,025,180216,2,0,2,0
2020-03-03,Inyo,027,18085,0,0,0,0
2020-03-03,Kern,029,883053,4,0,4,0
2020-03-03,Kings,031,150075,0,0,0,0
2020-03-03,Lake,033,64148,0,0,0,0
2020-03-03,Lassen,035,31185,0,0,0,0
2020-03-03,Los Angeles,037,10098052,173,7,180,0
2020-03-03,Madera,039,155013,4,0,4,0
2020-03-03,Marin,041,260295,5,0,5,0
2020-03-03,Mariposa,043,17540,0,0,0,0
2020-03-03,Mendocino,045,87422,0,0,0,0
2020-03-03,Merced,047,269075,2,0,2,0
2020-03-03,Modoc,049,8938,0,0,0,0
2020-03-03,Mono,051,14174,1,0,1,0
2020-03-03,Monterey,053,433212,2,0,2,0
2020-03-03,Napa,055,140530,1,0,1,0
2020-03-03,Nevada,057,99092,0,1,1,0
2020-03-03,Orange,059,3164182,70,0,70,0
2020-03-03,Placer,061,380077,8,0,8,0
2020-03-03,Plumas,063,18699,0,0,0,0
2020-03-03,Riverside,065,2383286,20,1,21,0
2020-03-03,Sacramento,067,1510023,31,0,31,0
2020-03-03,San Benito,069,59416,1,0,1,0
2020-03-03,San Bernardino,071,2135413,28,0,28,1
2020-03-03,San Diego,073,3302833,32,0,32,0
2020-03-03,San Francisco,075,870044,24,0,24,0
2020-03-03,San Joaquin,077,732212,8,3,11,0
2020-03-03,San Luis Obispo,079,281455,2,0,2,0
2020-03-03,San Mateo,081,765935,53,0,53,0
2020-03-03,Santa Barbara,083,443738,1,0,1,0
2020-03-03,Santa Clara,085,1922200,132,1,133,2
2020-03-03,Santa Cruz,087,273765,10,0,10,0
2020-03-03,Shasta,089,179085,2,0,2,0
2020-03-03,Sierra,091,2930,0,0,0,0
2020-03-03,Siskiyou,093,43540,0,0,0,0
2020-03-03,Solano,095,438530,20,0,20,0
2020-03-03,Sonoma,097,501317,11,0,11,0
2020-03-03,Stanislaus,099,539301,4,2,6,0
2020-03-03,Sutter,101,95872,0,0,0,0
2020-03-03,Tehama,103,63373,0,0,0,0
2020-03-03,Trinity,105,12862,0,0,0,0
2020-03-03,Tulare,107,460477,6,0,6,0
2020-03-03,Tuolumne,109,53932,0,0,0,0
2020-03-03,Ventura,111,848112,11,0,11,0
2020-03-03,Yolo,113,214977,1,0,1,0
2020-03-03,Yuba,115,75493,0,0,0,0
2020-03-02,Alameda,001,1643700,22,0,22,0
2020-03-02,Alpine,002,1148,0,0,0,0
2020-03-02,Amador,005,37829,0,0,0,0
2020-03-02,Butte,007,227075,0,0,0,0
2020-03-02,Calaveras,009,45235,0,0,0,0
2020-03-02,Colusa,011,21464,0,0,0,0
2020-03-02,Contra Costa,013,1133247,27,0,27,0
2020-03-02,Del Norte,015,27424,0,0,0,0
2020-03-02,El Dorado,017,186661,1,0,1,0
2020-03-02,Fresno,019,978130,2,1,3,0
2020-03-02,Glenn,021,27897,0,0,0,0
2020-03-02,Humboldt,023,135768,1,0,1,0
2020-03-02,Imperial,025,180216,2,0,2,0
2020-03-02,Inyo,027,18085,0,0,0,0
2020-03-02,Kern,029,883053,4,0,4,0
2020-03-02,Kings,031,150075,0,0,0,0
2020-03-02,Lake,033,64148,0,0,0,0
2020-03-02,Lassen,035,31185,0,0,0,0
2020-03-02,Los Angeles,037,10098052,158,7,165,0
2020-03-02,Madera,039,155013,4,0,4,0
2020-03-02,Marin,041,260295,5,0,5,0
2020-03-02,Mariposa,043,17540,0,0,0,0
2020-03-02,Mendocino,045,87422,0,0,0,0
2020-03-02,Merced,047,269075,1,0,1,0
2020-03-02,Modoc,049,8938,0,0,0,0
2020-03-02,Mono,051,14174,1,0,1,0
2020-03-02,Monterey,053,433212,2,0,2,0
2020-03-02,Napa,055,140530,1,0,1,0
2020-03-02,Nevada,057,99092,0,1,1,0
2020-03-02,Orange,059,3164182,65,0,65,0
2020-03-02,Placer,061,380077,8,0,8,0
2020-03-02,Plumas,063,18699,0,0,0,0
2020-03-02,Riverside,065,2383286,19,1,20,0
2020-03-02,Sacramento,067,1510023,25,0,25,0
2020-03-02,San Benito,069,59416,1,0,1,0
2020-03-02,San Bernardino,071,2135413,28,0,28,1
2020-03-02,San Diego,073,3302833,26,0,26,0
2020-03-02,San Francisco,075,870044,17,0,17,0
2020-03-02,San Joaquin,077,732212,7,3,10,0
2020-03-02,San Luis Obispo,079,281455,2,0,2,0
2020-03-02,San Mateo,081,765935,44,0,44,0
2020-03-02,Santa Barbara,083,443738,1,0,1,0
2020-03-02,Santa Clara,085,1922200,110,1,111,2
2020-03-02,Santa Cruz,087,273765,9,0,9,0
2020-03-02,Shasta,089,179085,2,0,2,0
2020-03-02,Sierra,091,2930,0,0,0,0
2020-03-02,Siskiyou,093,43540,0,0,0,0
2020-03-02,Solano,095,438530,19,0,19,0
2020-03-02,Sonoma,097,501317,10,0,10,0
2020-03-02,Stanislaus,099,539301,2,2,4,0
2020-03-02,Sutter,101,95872,0,0,0,0
2020-03-02,Tehama,103,63373,0,0,0,0
2020-03-02,Trinity,105,12862,0,0,0,0
2020-03-02,Tulare,107,460477,6,0,6,0
2020-03-02,Tuolumne,109,53932,0,0,0,0
2020-03-02,Ventura,111,848112,10,0,10,0
2020-03-02,Yolo,113,214977,1,0,1,0
2020-03-02,Yuba,115,75493,0,0,0,0
2020-03-01,Alameda,001,1643700,21,0,21,0
2020-03-01,Alpine,002,1148,0,0,0,0
2020-03-01,Amador,005,37829,0,0,0,0
2020-03-01,Butte,007,227075,0,0,0,0
2020-03-01,Calaveras,009,45235,0,0,0,0
2020-03-01,Colusa,011,21464,0,0,0,0
2020-03-01,Contra Costa,013,1133247,24,0,24,0
2020-03-01,Del Norte,015,27424,0,0,0,0
2020-03-01,El Dorado,017,186661,1,0,1,0
2020-03-01,Fresno,019,978130,1,1,2,0
2020-03-01,Glenn,021,27897,0,0,0,0
2020-03-01,Humboldt,023,135768,1,0,1,0
2020-03-01,Imperial,025,180216,2,0,2,0
2020-03-01,Inyo,027,18085,0,0,0,0
2020-03-01,Kern,029,883053,2,0,2,0
2020-03-01,Kings,031,150075,0,0,0,0
2020-03-01,Lake,033,64148,0,0,0,0
2020-03-01,Lassen,035,31185,0,0,0,0
2020-03-01,Los Angeles,037,10098052,139,7,146,0
2020-03-01,Madera,039,155013,2,0,2,0
2020-03-01,Marin,041,260295,4,0,4,0
2020-03-01,Mariposa,043,17540,0,0,0,0
2020-03-01,Mendocino,045,87422,0,0,0,0
2020-03-01,Merced,047,269075,1,0,1,0
2020-03-01,Modoc,049,8938,0,0,0,0
2020-03-01,Mono,051,14174,1,0,1,0
2020-03-01,Monterey,053,433212,1,0,1,0
2020-03-01,Napa,055,140530,1,0,1,0
2020-03-01,Nevada,057,99092,0,1,1,0
2020-03-01,Orange,059,3164182,62,0,62,0
2020-03-01,Placer,061,380077,8,0,8,0
2020-03-01,Plumas,063,18699,0,0,0,0
2020-03-01,Riverside,065,2383286,18,1,19,0
2020-03-01,Sacramento,067,1510023,21,0,21,0
2020-03-01,San Benito,069,59416,0,0,0,0
2020-03-01,San Bernardino,071,2135413,27,0,27,1
2020-03-01,San Diego,073,3302833,19,0,19,0
2020-03-01,San Francisco,075,870044,13,0,13,0
2020-03-01,San Joaquin,077,732212,7,3,10,0
2020-03-01,San Luis Obispo,079,281455,2,0,2,0
2020-03-01,San Mateo,081,765935,36,0,36,0
2020-03-01,Santa Barbara,083,443738,1,0,1,0
2020-03-01,Santa Clara,085,1922200,97,1,98,2
2020-03-01,Santa Cruz,087,273765,8,0,8,0
2020-03-01,Shasta,089,179085,2,0,2,0
2020-03-01,Sierra,091,2930,0,0,0,0
2020-03-01,Siskiyou,093,43540,0,0,0,0
2020-03-01,Solano,095,438530,19,0,19,0
2020-03-01,Sonoma,097,501317,9,0,9,0
2020-03-01,Stanislaus,099,539301,2,2,4,0
2020-03-01,Sutter,101,95872,0,0,0,0
2020-03-01,Tehama,103,63373,0,0,0,0
2020-03-01,Trinity,105,12862,0,0,0,0
2020-03-01,Tulare,107,460477,6,0,6,0
2020-03-01,Tuolumne,109,53932,0,0,0,0
2020-03-01,Ventura,111,848112,8,0,8,0
2020-03-01,Yolo,113,214977,1,0,1,0
2020-03-01,Yuba,115,75493,0,0,0,0
2020-02-29,Alameda,001,1643700,17,0,17,0
2020-02-29,Alpine,002,1148,0,0,0,0
2020-02-29,Amador,005,37829,0,0,0,0
2020-02-29,Butte,007,227075,0,0,0,0
2020-02-29,Calaveras,009,45235,0,0,0,0
2020-02-29,Colusa,011,21464,0,0,0,0
2020-02-29,Contra Costa,013,1133247,20,0,20,0
2020-02-29,Del Norte,015,27424,0,0,0,0
2020-02-29,El Dorado,017,186661,1,0,1,0
2020-02-29,Fresno,019,978130,1,0,1,0
2020-02-29,Glenn,021,27897,0,0,0,0
2020-02-29,Humboldt,023,135768,1,0,1,0
2020-02-29,Imperial,025,180216,1,0,1,0
2020-02-29,Inyo,027,18085,0,0,0,0
2020-02-29,Kern,029,883053,2,0,2,0
2020-02-29,Kings,031,150075,0,0,0,0
2020-02-29,Lake,033,64148,0,0,0,0
2020-02-29,Lassen,035,31185,0,0,0,0
2020-02-29,Los Angeles,037,10098052,111,7,118,0
2020-02-29,Madera,039,155013,2,0,2,0
2020-02-29,Marin,041,260295,4,0,4,0
2020-02-29,Mariposa,043,17540,0,0,0,0
2020-02-29,Mendocino,045,87422,0,0,0,0
2020-02-29,Merced,047,269075,1,0,1,0
2020-02-29,Modoc,049,8938,0,0,0,0
2020-02-29,Mono,051,14174,1,0,1,0
2020-02-29,Monterey,053,433212,1,0,1,0
2020-02-29,Napa,055,140530,1,0,1,0
2020-02-29,Nevada,057,99092,0,1,1,0
2020-02-29,Orange,059,3164182,57,0,57,0
2020-02-29,Placer,061,380077,7,0,7,0
2020-02-29,Plumas,063,18699,0,0,0,0
2020-02-29,Riverside,065,2383286,15,1,16,0
2020-02-29,Sacramento,067,1510023,16,0,16,0
2020-02-29,San Benito,069,59416,0,0,0,0
2020-02-29,San Bernardino,071,2135413,25,0,25,1
2020-02-29,San Diego,073,3302833,14,0,14,0
2020-02-29,San Francisco,075,870044,12,0,12,0
2020-02-29,San Joaquin,077,732212,6,3,9,0
2020-02-29,San Luis Obispo,079,281455,2,0,2,0
2020-02-29,San Mateo,081,765935,29,0,29,0
2020-02-29,Santa Barbara,083,443738,0,0,0,0
2020-02-29,Santa Clara,085,1922200,75,1,76,2
2020-02-29,Santa Cruz,087,273765,8,0,8,0
2020-02-29,Shasta,089,179085,2,0,2,0
2020-02-29,Sierra,091,2930,0,0,0,0
2020-02-29,Siskiyou,093,43540,0,0,0,0
2020-02-29,Solano,095,438530,18,0,18,0
2020-02-29,Sonoma,097,501317,6,0,6,0
2020-02-29,Stanislaus,099,539301,2,2,4,0
2020-02-29,Sutter,101,95872,0,0,0,0
2020-02-29,Tehama,103,63373,0,0,0,0
2020-02-29,Trinity,105,12862,0,0,0,0
2020-02-29,Tulare,107,460477,4,0,4,0
2020-02-29,Tuolumne,109,53932,0,0,0,0
2020-02-29,Ventura,111,848112,6,0,6,0
2020-02-29,Yolo,113,214977,1,0,1,0
2020-02-29,Yuba,115,75493,0,0,0,0
2020-02-28,Alameda,001,1643700,15,0,15,0
2020-02-28,Alpine,002,1148,0,0,0,0
2020-02-28,Amador,005,37829,0,0,0,0
2020-02-28,Butte,007,227075,0,0,0,0
2020-02-28,Calaveras,009,45235,0,0,0,0
2020-02-28,Colusa,011,21464,0,0,0,0
2020-02-28,Contra Costa,013,1133247,20,0,20,0
2020-02-28,Del Norte,015,27424,0,0,0,0
2020-02-28,El Dorado,017,186661,0,0,0,0
2020-02-28,Fresno,019,978130,1,0,1,0
2020-02-28,Glenn,021,27897,0,0,0,0
2020-02-28,Humboldt,023,135768,1,0,1,0
2020-02-28,Imperial,025,180216,1,0,1,0
2020-02-28,Inyo,027,18085,0,0,0,0
2020-02-28,Kern,029,883053,2,0,2,0
2020-02-28,Kings,031,150075,0,0,0,0
2020-02-28,Lake,033,64148,0,0,0,0
2020-02-28,Lassen,035,31185,0,0,0,0
2020-02-28,Los Angeles,037,10098052,103,7,110,0
2020-02-28,Madera,039,155013,2,0,2,0
2020-02-28,Marin,041,260295,2,0,2,0
2020-02-28,Mariposa,043,17540,0,0,0,0
2020-02-28,Mendocino,045,87422,0,0,0,0
2020-02-28,Merced,047,269075,1,0,1,0
2020-02-28,Modoc,049,8938,0,0,0,0
2020-02-28,Mono,051,14174,0,0,0,0
2020-02-28,Monterey,053,433212,1,0,1,0
2020-02-28,Napa,055,140530,1,0,1,0
2020-02-28,Nevada,057,99092,0,1,1,0
2020-02-28,Orange,059,3164182,55,0,55,0
2020-02-28,Placer,061,380077,7,0,7,0
2020-02-28,Plumas,063,18699,0,0,0,0
2020-02-28,Riverside,065,2383286,13,1,14,0
2020-02-28,Sacramento,067,1510023,10,0,10,0
2020-02-28,San Benito,069,59416,0,0,0,0
2020-02-28,San Bernardino,071,2135413,25,0,25,1
2020-02-28,San Diego,073,3302833,11,0,11,0
2020-02-28,San Francisco,075,870044,10,0,10,0
2020-02-28,San Joaquin,077,732212,6,3,9,0
2020-02-28,San Luis Obispo,079,281455,2,0,2,0
2020-02-28,San Mateo,081,765935,24,0,24,0
2020-02-28,Santa Barbara,083,443738,0,0,0,0
2020-02-28,Santa Clara,085,1922200,70,1,71,2
2020-02-28,Santa Cruz,087,273765,8,0,8,0
2020-02-28,Shasta,089,179085,2,0,2,0
2020-02-28,Sierra,091,2930,0,0,0,0
2020-02-28,Siskiyou,093,43540,0,0,0,0
2020-02-28,Solano,095,438530,17,0,17,0
2020-02-28,Sonoma,097,501317,6,0,6,0
2020-02-28,Stanislaus,099,539301,2,2,4,0
2020-02-28,Sutter,101,95872,0,0,0,0
2020-02-28,Tehama,103,63373,0,0,0,0
2020-02-28,Trinity,105,12862,0,0,0,0
2020-02-28,Tulare,107,460477,3,0,3,0
2020-02-28,Tuolumne,109,53932,0,0,0,0
2020-02-28,Ventura,111,848112,6,0,6,0
2020-02-28,Yolo,113,214977,1,0,1,0
2020-02-28,Yuba,115,75493,0,0,0,0
2020-02-27,Alameda,001,1643700,14,0,14,0
2020-02-27,Alpine,002,1148,0,0,0,0
2020-02-27,Amador,005,37829,0,0,0,0
2020-02-27,Butte,007,227075,0,0,0,0
2020-02-27,Calaveras,009,45235,0,0,0,0
2020-02-27,Colusa,011,21464,0,0,0,0
2020-02-27,Contra Costa,013,1133247,14,0,14,0
2020-02-27,Del Norte,015,27424,0,0,0,0
2020-02-27,El Dorado,017,186661,0,0,0,0
2020-02-27,Fresno,019,978130,1,0,1,0
2020-02-27,Glenn,021,27897,0,0,0,0
2020-02-27,Humboldt,023,135768,1,0,1,0
2020-02-27,Imperial,025,180216,1,0,1,0
2020-02-27,Inyo,027,18085,0,0,0,0
2020-02-27,Kern,029,883053,2,0,2,0
2020-02-27,Kings,031,150075,0,0,0,0
2020-02-27,Lake,033,64148,0,0,0,0
2020-02-27,Lassen,035,31185,0,0,0,0
2020-02-27,Los Angeles,037,10098052,95,7,102,0
2020-02-27,Madera,039,155013,2,0,2,0
2020-02-27,Marin,041,260295,1,0,1,0
2020-02-27,Mariposa,043,17540,0,0,0,0
2020-02-27,Mendocino,045,87422,0,0,0,0
2020-02-27,Merced,047,269075,1,0,1,0
2020-02-27,Modoc,049,8938,0,0,0,0
2020-02-27,Mono,051,14174,0,0,0,0
2020-02-27,Monterey,053,433212,1,0,1,0
2020-02-27,Napa,055,140530,1,0,1,0
2020-02-27,Nevada,057,99092,0,1,1,0
2020-02-27,Orange,059,3164182,49,0,49,0
2020-02-27,Placer,061,380077,6,0,6,0
2020-02-27,Plumas,063,18699,0,0,0,0
2020-02-27,Riverside,065,2383286,12,1,13,0
2020-02-27,Sacramento,067,1510023,10,0,10,0
2020-02-27,San Benito,069,59416,0,0,0,0
2020-02-27,San Bernardino,071,2135413,25,0,25,1
2020-02-27,San Diego,073,3302833,10,0,10,0
2020-02-27,San Francisco,075,870044,9,0,9,0
2020-02-27,San Joaquin,077,732212,5,3,8,0
2020-02-27,San Luis Obispo,079,281455,2,0,2,0
2020-02-27,San Mateo,081,765935,20,0,20,0
2020-02-27,Santa Barbara,083,443738,0,0,0,0
2020-02-27,Santa Clara,085,1922200,59,1,60,2
2020-02-27,Santa Cruz,087,273765,6,0,6,0
2020-02-27,Shasta,089,179085,0,0,0,0
2020-02-27,Sierra,091,2930,0,0,0,0
2020-02-27,Siskiyou,093,43540,0,0,0,0
2020-02-27,Solano,095,438530,17,0,17,0
2020-02-27,Sonoma,097,501317,5,0,5,0
2020-02-27,Stanislaus,099,539301,2,2,4,0
2020-02-27,Sutter,101,95872,0,0,0,0
2020-02-27,Tehama,103,63373,0,0,0,0
2020-02-27,Trinity,105,12862,0,0,0,0
2020-02-27,Tulare,107,460477,3,0,3,0
2020-02-27,Tuolumne,109,53932,0,0,0,0
2020-02-27,Ventura,111,848112,4,0,4,0
2020-02-27,Yolo,113,214977,1,0,1,0
2020-02-27,Yuba,115,75493,0,0,0,0
2020-02-26,Alameda,001,1643700,14,0,14,0
2020-02-26,Alpine,002,1148,0,0,0,0
2020-02-26,Amador,005,37829,0,0,0,0
2020-02-26,Butte,007,227075,0,0,0,0
2020-02-26,Calaveras,009,45235,0,0,0,0
2020-02-26,Colusa,011,21464,0,0,0,0
2020-02-26,Contra Costa,013,1133247,13,0,13,0
2020-02-26,Del Norte,015,27424,0,0,0,0
2020-02-26,El Dorado,017,186661,0,0,0,0
2020-02-26,Fresno,019,978130,1,0,1,0
2020-02-26,Glenn,021,27897,0,0,0,0
2020-02-26,Humboldt,023,135768,1,0,1,0
2020-02-26,Imperial,025,180216,1,0,1,0
2020-02-26,Inyo,027,18085,0,0,0,0
2020-02-26,Kern,029,883053,2,0,2,0
2020-02-26,Kings,031,150075,0,0,0,0
2020-02-26,Lake,033,64148,0,0,0,0
2020-02-26,Lassen,035,31185,0,0,0,0
2020-02-26,Los Angeles,037,10098052,89,7,96,0
2020-02-26,Madera,039,155013,2,0,2,0
2020-02-26,Marin,041,260295,1,0,1,0
2020-02-26,Mariposa,043,17540,0,0,0,0
2020-02-26,Mendocino,045,87422,0,0,0,0
2020-02-26,Merced,047,269075,1,0,1,0
2020-02-26,Modoc,049,8938,0,0,0,0
2020-02-26,Mono,051,14174,0,0,0,0
2020-02-26,Monterey,053,433212,1,0,1,0
2020-02-26,Napa,055,140530,0,0,0,0
2020-02-26,Nevada,057,99092,0,1,1,0
2020-02-26,Orange,059,3164182,48,0,48,0
2020-02-26,Placer,061,380077,5,0,5,0
2020-02-26,Plumas,063,18699,0,0,0,0
2020-02-26,Riverside,065,2383286,10,1,11,0
2020-02-26,Sacramento,067,1510023,10,0,10,0
2020-02-26,San Benito,069,59416,0,0,0,0
2020-02-26,San Bernardino,071,2135413,23,0,23,1
2020-02-26,San Diego,073,3302833,9,0,9,0
2020-02-26,San Francisco,075,870044,9,0,9,0
2020-02-26,San Joaquin,077,732212,5,3,8,0
2020-02-26,San Luis Obispo,079,281455,2,0,2,0
2020-02-26,San Mateo,081,765935,18,0,18,0
2020-02-26,Santa Barbara,083,443738,0,0,0,0
2020-02-26,Santa Clara,085,1922200,50,1,51,2
2020-02-26,Santa Cruz,087,273765,6,0,6,0
2020-02-26,Shasta,089,179085,0,0,0,0
2020-02-26,Sierra,091,2930,0,0,0,0
2020-02-26,Siskiyou,093,43540,0,0,0,0
2020-02-26,Solano,095,438530,17,0,17,0
2020-02-26,Sonoma,097,501317,5,0,5,0
2020-02-26,Stanislaus,099,539301,2,2,4,0
2020-02-26,Sutter,101,95872,0,0,0,0
2020-02-26,Tehama,103,63373,0,0,0,0
2020-02-26,Trinity,105,12862,0,0,0,0
2020-02-26,Tulare,107,460477,3,0,3,0
2020-02-26,Tuolumne,109,53932,0,0,0,0
2020-02-26,Ventura,111,848112,4,0,4,0
2020-02-26,Yolo,113,214977,1,0,1,0
2020-02-26,Yuba,115,75493,0,0,0,0
2020-02-25,Alameda,001,1643700,14,0,14,0
2020-02-25,Alpine,002,1148,0,0,0,0
2020-02-25,Amador,005,37829,0,0,0,0
2020-02-25,Butte,007,227075,0,0,0,0
2020-02-25,Calaveras,009,45235,0,0,0,0
2020-02-25,Colusa,011,21464,0,0,0,0
2020-02-25,Contra Costa,013,1133247,11,0,11,0
2020-02-25,Del Norte,015,27424,0,0,0,0
2020-02-25,El Dorado,017,186661,0,0,0,0
2020-02-25,Fresno,019,978130,1,0,1,0
2020-02-25,Glenn,021,27897,0,0,0,0
2020-02-25,Humboldt,023,135768,1,0,1,0
2020-02-25,Imperial,025,180216,1,0,1,0
2020-02-25,Inyo,027,18085,0,0,0,0
2020-02-25,Kern,029,883053,2,0,2,0
2020-02-25,Kings,031,150075,0,0,0,0
2020-02-25,Lake,033,64148,0,0,0,0
2020-02-25,Lassen,035,31185,0,0,0,0
2020-02-25,Los Angeles,037,10098052,77,6,83,0
2020-02-25,Madera,039,155013,2,0,2,0
2020-02-25,Marin,041,260295,1,0,1,0
2020-02-25,Mariposa,043,17540,0,0,0,0
2020-02-25,Mendocino,045,87422,0,0,0,0
2020-02-25,Merced,047,269075,0,0,0,0
2020-02-25,Modoc,049,8938,0,0,0,0
2020-02-25,Mono,051,14174,0,0,0,0
2020-02-25,Monterey,053,433212,1,0,1,0
2020-02-25,Napa,055,140530,0,0,0,0
2020-02-25,Nevada,057,99092,0,1,1,0
2020-02-25,Orange,059,3164182,47,0,47,0
2020-02-25,Placer,061,380077,5,0,5,0
2020-02-25,Plumas,063,18699,0,0,0,0
2020-02-25,Riverside,065,2383286,10,1,11,0
2020-02-25,Sacramento,067,1510023,8,0,8,0
2020-02-25,San Benito,069,59416,0,0,0,0
2020-02-25,San Bernardino,071,2135413,21,0,21,1
2020-02-25,San Diego,073,3302833,5,0,5,0
2020-02-25,San Francisco,075,870044,7,0,7,0
2020-02-25,San Joaquin,077,732212,5,2,7,0
2020-02-25,San Luis Obispo,079,281455,2,0,2,0
2020-02-25,San Mateo,081,765935,17,0,17,0
2020-02-25,Santa Barbara,083,443738,0,0,0,0
2020-02-25,Santa Clara,085,1922200,40,1,41,2
2020-02-25,Santa Cruz,087,273765,5,0,5,0
2020-02-25,Shasta,089,179085,0,0,0,0
2020-02-25,Sierra,091,2930,0,0,0,0
2020-02-25,Siskiyou,093,43540,0,0,0,0
2020-02-25,Solano,095,438530,16,0,16,0
2020-02-25,Sonoma,097,501317,5,0,5,0
2020-02-25,Stanislaus,099,539301,2,2,4,0
2020-02-25,Sutter,101,95872,0,0,0,0
2020-02-25,Tehama,103,63373,0,0,0,0
2020-02-25,Trinity,105,12862,0,0,0,0
2020-02-25,Tulare,107,460477,3,0,3,0
2020-02-25,Tuolumne,109,53932,0,0,0,0
2020-02-25,Ventura,111,848112,4,0,4,0
2020-02-25,Yolo,113,214977,1,0,1,0
2020-02-25,Yuba,115,75493,0,0,0,0
2020-02-24,Alameda,001,1643700,14,0,14,0
2020-02-24,Alpine,002,1148,0,0,0,0
2020-02-24,Amador,005,37829,0,0,0,0
2020-02-24,Butte,007,227075,0,0,0,0
2020-02-24,Calaveras,009,45235,0,0,0,0
2020-02-24,Colusa,011,21464,0,0,0,0
2020-02-24,Contra Costa,013,1133247,9,0,9,0
2020-02-24,Del Norte,015,27424,0,0,0,0
2020-02-24,El Dorado,017,186661,0,0,0,0
2020-02-24,Fresno,019,978130,1,0,1,0
2020-02-24,Glenn,021,27897,0,0,0,0
2020-02-24,Humboldt,023,135768,1,0,1,0
2020-02-24,Imperial,025,180216,1,0,1,0
2020-02-24,Inyo,027,18085,0,0,0,0
2020-02-24,Kern,029,883053,2,0,2,0
2020-02-24,Kings,031,150075,0,0,0,0
2020-02-24,Lake,033,64148,0,0,0,0
2020-02-24,Lassen,035,31185,0,0,0,0
2020-02-24,Los Angeles,037,10098052,71,6,77,0
2020-02-24,Madera,039,155013,1,0,1,0
2020-02-24,Marin,041,260295,1,0,1,0
2020-02-24,Mariposa,043,17540,0,0,0,0
2020-02-24,Mendocino,045,87422,0,0,0,0
2020-02-24,Merced,047,269075,0,0,0,0
2020-02-24,Modoc,049,8938,0,0,0,0
2020-02-24,Mono,051,14174,0,0,0,0
2020-02-24,Monterey,053,433212,1,0,1,0
2020-02-24,Napa,055,140530,0,0,0,0
2020-02-24,Nevada,057,99092,0,1,1,0
2020-02-24,Orange,059,3164182,45,0,45,0
2020-02-24,Placer,061,380077,3,0,3,0
2020-02-24,Plumas,063,18699,0,0,0,0
2020-02-24,Riverside,065,2383286,9,1,10,0
2020-02-24,Sacramento,067,1510023,7,0,7,0
2020-02-24,San Benito,069,59416,0,0,0,0
2020-02-24,San Bernardino,071,2135413,21,0,21,1
2020-02-24,San Diego,073,3302833,5,0,5,0
2020-02-24,San Francisco,075,870044,6,0,6,0
2020-02-24,San Joaquin,077,732212,5,1,6,0
2020-02-24,San Luis Obispo,079,281455,2,0,2,0
2020-02-24,San Mateo,081,765935,13,0,13,0
2020-02-24,Santa Barbara,083,443738,0,0,0,0
2020-02-24,Santa Clara,085,1922200,38,1,39,2
2020-02-24,Santa Cruz,087,273765,5,0,5,0
2020-02-24,Shasta,089,179085,0,0,0,0
2020-02-24,Sierra,091,2930,0,0,0,0
2020-02-24,Siskiyou,093,43540,0,0,0,0
2020-02-24,Solano,095,438530,13,0,13,0
2020-02-24,Sonoma,097,501317,5,0,5,0
2020-02-24,Stanislaus,099,539301,2,2,4,0
2020-02-24,Sutter,101,95872,0,0,0,0
2020-02-24,Tehama,103,63373,0,0,0,0
2020-02-24,Trinity,105,12862,0,0,0,0
2020-02-24,Tulare,107,460477,3,0,3,0
2020-02-24,Tuolumne,109,53932,0,0,0,0
2020-02-24,Ventura,111,848112,4,0,4,0
2020-02-24,Yolo,113,214977,1,0,1,0
2020-02-24,Yuba,115,75493,0,0,0,0
2020-02-23,Alameda,001,1643700,12,0,12,0
2020-02-23,Alpine,002,1148,0,0,0,0
2020-02-23,Amador,005,37829,0,0,0,0
2020-02-23,Butte,007,227075,0,0,0,0
2020-02-23,Calaveras,009,45235,0,0,0,0
2020-02-23,Colusa,011,21464,0,0,0,0
2020-02-23,Contra Costa,013,1133247,6,0,6,0
2020-02-23,Del Norte,015,27424,0,0,0,0
2020-02-23,El Dorado,017,186661,0,0,0,0
2020-02-23,Fresno,019,978130,1,0,1,0
2020-02-23,Glenn,021,27897,0,0,0,0
2020-02-23,Humboldt,023,135768,1,0,1,0
2020-02-23,Imperial,025,180216,1,0,1,0
2020-02-23,Inyo,027,18085,0,0,0,0
2020-02-23,Kern,029,883053,2,0,2,0
2020-02-23,Kings,031,150075,0,0,0,0
2020-02-23,Lake,033,64148,0,0,0,0
2020-02-23,Lassen,035,31185,0,0,0,0
2020-02-23,Los Angeles,037,10098052,63,6,69,0
2020-02-23,Madera,039,155013,1,0,1,0
2020-02-23,Marin,041,260295,1,0,1,0
2020-02-23,Mariposa,043,17540,0,0,0,0
2020-02-23,Mendocino,045,87422,0,0,0,0
2020-02-23,Merced,047,269075,0,0,0,0
2020-02-23,Modoc,049,8938,0,0,0,0
2020-02-23,Mono,051,14174,0,0,0,0
2020-02-23,Monterey,053,433212,1,0,1,0
2020-02-23,Napa,055,140530,0,0,0,0
2020-02-23,Nevada,057,99092,0,1,1,0
2020-02-23,Orange,059,3164182,45,0,45,0
2020-02-23,Placer,061,380077,3,0,3,0
2020-02-23,Plumas,063,18699,0,0,0,0
2020-02-23,Riverside,065,2383286,9,0,9,0
2020-02-23,Sacramento,067,1510023,6,0,6,0
2020-02-23,San Benito,069,59416,0,0,0,0
2020-02-23,San Bernardino,071,2135413,20,0,20,1
2020-02-23,San Diego,073,3302833,4,0,4,0
2020-02-23,San Francisco,075,870044,5,0,5,0
2020-02-23,San Joaquin,077,732212,4,1,5,0
2020-02-23,San Luis Obispo,079,281455,2,0,2,0
2020-02-23,San Mateo,081,765935,10,0,10,0
2020-02-23,Santa Barbara,083,443738,0,0,0,0
2020-02-23,Santa Clara,085,1922200,26,1,27,2
2020-02-23,Santa Cruz,087,273765,2,0,2,0
2020-02-23,Shasta,089,179085,0,0,0,0
2020-02-23,Sierra,091,2930,0,0,0,0
2020-02-23,Siskiyou,093,43540,0,0,0,0
2020-02-23,Solano,095,438530,11,0,11,0
2020-02-23,Sonoma,097,501317,5,0,5,0
2020-02-23,Stanislaus,099,539301,2,2,4,0
2020-02-23,Sutter,101,95872,0,0,0,0
2020-02-23,Tehama,103,63373,0,0,0,0
2020-02-23,Trinity,105,12862,0,0,0,0
2020-02-23,Tulare,107,460477,2,0,2,0
2020-02-23,Tuolumne,109,53932,0,0,0,0
2020-02-23,Ventura,111,848112,4,0,4,0
2020-02-23,Yolo,113,214977,1,0,1,0
2020-02-23,Yuba,115,75493,0,0,0,0
2020-02-22,Alameda,001,1643700,11,0,11,0
2020-02-22,Alpine,002,1148,0,0,0,0
2020-02-22,Amador,005,37829,0,0,0,0
2020-02-22,Butte,007,227075,0,0,0,0
2020-02-22,Calaveras,009,45235,0,0,0,0
2020-02-22,Colusa,011,21464,0,0,0,0
2020-02-22,Contra Costa,013,1133247,5,0,5,0
2020-02-22,Del Norte,015,27424,0,0,0,0
2020-02-22,El Dorado,017,186661,0,0,0,0
2020-02-22,Fresno,019,978130,1,0,1,0
2020-02-22,Glenn,021,27897,0,0,0,0
2020-02-22,Humboldt,023,135768,1,0,1,0
2020-02-22,Imperial,025,180216,0,0,0,0
2020-02-22,Inyo,027,18085,0,0,0,0
2020-02-22,Kern,029,883053,2,0,2,0
2020-02-22,Kings,031,150075,0,0,0,0
2020-02-22,Lake,033,64148,0,0,0,0
2020-02-22,Lassen,035,31185,0,0,0,0
2020-02-22,Los Angeles,037,10098052,61,6,67,0
2020-02-22,Madera,039,155013,0,0,0,0
2020-02-22,Marin,041,260295,1,0,1,0
2020-02-22,Mariposa,043,17540,0,0,0,0
2020-02-22,Mendocino,045,87422,0,0,0,0
2020-02-22,Merced,047,269075,0,0,0,0
2020-02-22,Modoc,049,8938,0,0,0,0
2020-02-22,Mono,051,14174,0,0,0,0
2020-02-22,Monterey,053,433212,1,0,1,0
2020-02-22,Napa,055,140530,0,0,0,0
2020-02-22,Nevada,057,99092,0,1,1,0
2020-02-22,Orange,059,3164182,44,0,44,0
2020-02-22,Placer,061,380077,3,0,3,0
2020-02-22,Plumas,063,18699,0,0,0,0
2020-02-22,Riverside,065,2383286,9,0,9,0
2020-02-22,Sacramento,067,1510023,6,0,6,0
2020-02-22,San Benito,069,59416,0,0,0,0
2020-02-22,San Bernardino,071,2135413,18,0,18,1
2020-02-22,San Diego,073,3302833,3,0,3,0
2020-02-22,San Francisco,075,870044,3,0,3,0
2020-02-22,San Joaquin,077,732212,4,1,5,0
2020-02-22,San Luis Obispo,079,281455,2,0,2,0
2020-02-22,San Mateo,081,765935,8,0,8,0
2020-02-22,Santa Barbara,083,443738,0,0,0,0
2020-02-22,Santa Clara,085,1922200,23,1,24,2
2020-02-22,Santa Cruz,087,273765,2,0,2,0
2020-02-22,Shasta,089,179085,0,0,0,0
2020-02-22,Sierra,091,2930,0,0,0,0
2020-02-22,Siskiyou,093,43540,0,0,0,0
2020-02-22,Solano,095,438530,11,0,11,0
2020-02-22,Sonoma,097,501317,4,0,4,0
2020-02-22,Stanislaus,099,539301,2,2,4,0
2020-02-22,Sutter,101,95872,0,0,0,0
2020-02-22,Tehama,103,63373,0,0,0,0
2020-02-22,Trinity,105,12862,0,0,0,0
2020-02-22,Tulare,107,460477,2,0,2,0
2020-02-22,Tuolumne,109,53932,0,0,0,0
2020-02-22,Ventura,111,848112,4,0,4,0
2020-02-22,Yolo,113,214977,0,0,0,0
2020-02-22,Yuba,115,75493,0,0,0,0
2020-02-21,Alameda,001,1643700,10,0,10,0
2020-02-21,Alpine,002,1148,0,0,0,0
2020-02-21,Amador,005,37829,0,0,0,0
2020-02-21,Butte,007,227075,0,0,0,0
2020-02-21,Calaveras,009,45235,0,0,0,0
2020-02-21,Colusa,011,21464,0,0,0,0
2020-02-21,Contra Costa,013,1133247,4,0,4,0
2020-02-21,Del Norte,015,27424,0,0,0,0
2020-02-21,El Dorado,017,186661,0,0,0,0
2020-02-21,Fresno,019,978130,1,0,1,0
2020-02-21,Glenn,021,27897,0,0,0,0
2020-02-21,Humboldt,023,135768,1,0,1,0
2020-02-21,Imperial,025,180216,0,0,0,0
2020-02-21,Inyo,027,18085,0,0,0,0
2020-02-21,Kern,029,883053,2,0,2,0
2020-02-21,Kings,031,150075,0,0,0,0
2020-02-21,Lake,033,64148,0,0,0,0
2020-02-21,Lassen,035,31185,0,0,0,0
2020-02-21,Los Angeles,037,10098052,57,6,63,0
2020-02-21,Madera,039,155013,0,0,0,0
2020-02-21,Marin,041,260295,1,0,1,0
2020-02-21,Mariposa,043,17540,0,0,0,0
2020-02-21,Mendocino,045,87422,0,0,0,0
2020-02-21,Merced,047,269075,0,0,0,0
2020-02-21,Modoc,049,8938,0,0,0,0
2020-02-21,Mono,051,14174,0,0,0,0
2020-02-21,Monterey,053,433212,1,0,1,0
2020-02-21,Napa,055,140530,0,0,0,0
2020-02-21,Nevada,057,99092,0,1,1,0
2020-02-21,Orange,059,3164182,42,0,42,0
2020-02-21,Placer,061,380077,2,0,2,0
2020-02-21,Plumas,063,18699,0,0,0,0
2020-02-21,Riverside,065,2383286,9,0,9,0
2020-02-21,Sacramento,067,1510023,5,0,5,0
2020-02-21,San Benito,069,59416,0,0,0,0
2020-02-21,San Bernardino,071,2135413,17,0,17,1
2020-02-21,San Diego,073,3302833,3,0,3,0
2020-02-21,San Francisco,075,870044,3,0,3,0
2020-02-21,San Joaquin,077,732212,2,1,3,0
2020-02-21,San Luis Obispo,079,281455,2,0,2,0
2020-02-21,San Mateo,081,765935,8,0,8,0
2020-02-21,Santa Barbara,083,443738,0,0,0,0
2020-02-21,Santa Clara,085,1922200,21,1,22,2
2020-02-21,Santa Cruz,087,273765,2,0,2,0
2020-02-21,Shasta,089,179085,0,0,0,0
2020-02-21,Sierra,091,2930,0,0,0,0
2020-02-21,Siskiyou,093,43540,0,0,0,0
2020-02-21,Solano,095,438530,10,0,10,0
2020-02-21,Sonoma,097,501317,3,0,3,0
2020-02-21,Stanislaus,099,539301,2,2,4,0
2020-02-21,Sutter,101,95872,0,0,0,0
2020-02-21,Tehama,103,63373,0,0,0,0
2020-02-21,Trinity,105,12862,0,0,0,0
2020-02-21,Tulare,107,460477,2,0,2,0
2020-02-21,Tuolumne,109,53932,0,0,0,0
2020-02-21,Ventura,111,848112,4,0,4,0
2020-02-21,Yolo,113,214977,0,0,0,0
2020-02-21,Yuba,115,75493,0,0,0,0
2020-02-20,Alameda,001,1643700,8,0,8,0
2020-02-20,Alpine,002,1148,0,0,0,0
2020-02-20,Amador,005,37829,0,0,0,0
2020-02-20,Butte,007,227075,0,0,0,0
2020-02-20,Calaveras,009,45235,0,0,0,0
2020-02-20,Colusa,011,21464,0,0,0,0
2020-02-20,Contra Costa,013,1133247,3,0,3,0
2020-02-20,Del Norte,015,27424,0,0,0,0
2020-02-20,El Dorado,017,186661,0,0,0,0
2020-02-20,Fresno,019,978130,1,0,1,0
2020-02-20,Glenn,021,27897,0,0,0,0
2020-02-20,Humboldt,023,135768,1,0,1,0
2020-02-20,Imperial,025,180216,0,0,0,0
2020-02-20,Inyo,027,18085,0,0,0,0
2020-02-20,Kern,029,883053,2,0,2,0
2020-02-20,Kings,031,150075,0,0,0,0
2020-02-20,Lake,033,64148,0,0,0,0
2020-02-20,Lassen,035,31185,0,0,0,0
2020-02-20,Los Angeles,037,10098052,56,5,61,0
2020-02-20,Madera,039,155013,0,0,0,0
2020-02-20,Marin,041,260295,0,0,0,0
2020-02-20,Mariposa,043,17540,0,0,0,0
2020-02-20,Mendocino,045,87422,0,0,0,0
2020-02-20,Merced,047,269075,0,0,0,0
2020-02-20,Modoc,049,8938,0,0,0,0
2020-02-20,Mono,051,14174,0,0,0,0
2020-02-20,Monterey,053,433212,1,0,1,0
2020-02-20,Napa,055,140530,0,0,0,0
2020-02-20,Nevada,057,99092,0,1,1,0
2020-02-20,Orange,059,3164182,42,0,42,0
2020-02-20,Placer,061,380077,2,0,2,0
2020-02-20,Plumas,063,18699,0,0,0,0
2020-02-20,Riverside,065,2383286,7,0,7,0
2020-02-20,Sacramento,067,1510023,2,0,2,0
2020-02-20,San Benito,069,59416,0,0,0,0
2020-02-20,San Bernardino,071,2135413,15,0,15,0
2020-02-20,San Diego,073,3302833,3,0,3,0
2020-02-20,San Francisco,075,870044,3,0,3,0
2020-02-20,San Joaquin,077,732212,2,1,3,0
2020-02-20,San Luis Obispo,079,281455,2,0,2,0
2020-02-20,San Mateo,081,765935,7,0,7,0
2020-02-20,Santa Barbara,083,443738,0,0,0,0
2020-02-20,Santa Clara,085,1922200,17,1,18,2
2020-02-20,Santa Cruz,087,273765,2,0,2,0
2020-02-20,Shasta,089,179085,0,0,0,0
2020-02-20,Sierra,091,2930,0,0,0,0
2020-02-20,Siskiyou,093,43540,0,0,0,0
2020-02-20,Solano,095,438530,8,0,8,0
2020-02-20,Sonoma,097,501317,2,0,2,0
2020-02-20,Stanislaus,099,539301,2,2,4,0
2020-02-20,Sutter,101,95872,0,0,0,0
2020-02-20,Tehama,103,63373,0,0,0,0
2020-02-20,Trinity,105,12862,0,0,0,0
2020-02-20,Tulare,107,460477,2,0,2,0
2020-02-20,Tuolumne,109,53932,0,0,0,0
2020-02-20,Ventura,111,848112,4,0,4,0
2020-02-20,Yolo,113,214977,0,0,0,0
2020-02-20,Yuba,115,75493,0,0,0,0
2020-02-19,Alameda,001,1643700,7,0,7,0
2020-02-19,Alpine,002,1148,0,0,0,0
2020-02-19,Amador,005,37829,0,0,0,0
2020-02-19,Butte,007,227075,0,0,0,0
2020-02-19,Calaveras,009,45235,0,0,0,0
2020-02-19,Colusa,011,21464,0,0,0,0
2020-02-19,Contra Costa,013,1133247,3,0,3,0
2020-02-19,Del Norte,015,27424,0,0,0,0
2020-02-19,El Dorado,017,186661,0,0,0,0
2020-02-19,Fresno,019,978130,1,0,1,0
2020-02-19,Glenn,021,27897,0,0,0,0
2020-02-19,Humboldt,023,135768,1,0,1,0
2020-02-19,Imperial,025,180216,0,0,0,0
2020-02-19,Inyo,027,18085,0,0,0,0
2020-02-19,Kern,029,883053,2,0,2,0
2020-02-19,Kings,031,150075,0,0,0,0
2020-02-19,Lake,033,64148,0,0,0,0
2020-02-19,Lassen,035,31185,0,0,0,0
2020-02-19,Los Angeles,037,10098052,54,5,59,0
2020-02-19,Madera,039,155013,0,0,0,0
2020-02-19,Marin,041,260295,0,0,0,0
2020-02-19,Mariposa,043,17540,0,0,0,0
2020-02-19,Mendocino,045,87422,0,0,0,0
2020-02-19,Merced,047,269075,0,0,0,0
2020-02-19,Modoc,049,8938,0,0,0,0
2020-02-19,Mono,051,14174,0,0,0,0
2020-02-19,Monterey,053,433212,1,0,1,0
2020-02-19,Napa,055,140530,0,0,0,0
2020-02-19,Nevada,057,99092,0,1,1,0
2020-02-19,Orange,059,3164182,41,0,41,0
2020-02-19,Placer,061,380077,2,0,2,0
2020-02-19,Plumas,063,18699,0,0,0,0
2020-02-19,Riverside,065,2383286,5,0,5,0
2020-02-19,Sacramento,067,1510023,2,0,2,0
2020-02-19,San Benito,069,59416,0,0,0,0
2020-02-19,San Bernardino,071,2135413,14,0,14,0
2020-02-19,San Diego,073,3302833,2,0,2,0
2020-02-19,San Francisco,075,870044,2,0,2,0
2020-02-19,San Joaquin,077,732212,2,1,3,0
2020-02-19,San Luis Obispo,079,281455,2,0,2,0
2020-02-19,San Mateo,081,765935,6,0,6,0
2020-02-19,Santa Barbara,083,443738,0,0,0,0
2020-02-19,Santa Clara,085,1922200,15,1,16,2
2020-02-19,Santa Cruz,087,273765,0,0,0,0
2020-02-19,Shasta,089,179085,0,0,0,0
2020-02-19,Sierra,091,2930,0,0,0,0
2020-02-19,Siskiyou,093,43540,0,0,0,0
2020-02-19,Solano,095,438530,5,0,5,0
2020-02-19,Sonoma,097,501317,2,0,2,0
2020-02-19,Stanislaus,099,539301,1,2,3,0
2020-02-19,Sutter,101,95872,0,0,0,0
2020-02-19,Tehama,103,63373,0,0,0,0
2020-02-19,Trinity,105,12862,0,0,0,0
2020-02-19,Tulare,107,460477,2,0,2,0
2020-02-19,Tuolumne,109,53932,0,0,0,0
2020-02-19,Ventura,111,848112,2,0,2,0
2020-02-19,Yolo,113,214977,0,0,0,0
2020-02-19,Yuba,115,75493,0,0,0,0
2020-02-18,Alameda,001,1643700,7,0,7,0
2020-02-18,Alpine,002,1148,0,0,0,0
2020-02-18,Amador,005,37829,0,0,0,0
2020-02-18,Butte,007,227075,0,0,0,0
2020-02-18,Calaveras,009,45235,0,0,0,0
2020-02-18,Colusa,011,21464,0,0,0,0
2020-02-18,Contra Costa,013,1133247,3,0,3,0
2020-02-18,Del Norte,015,27424,0,0,0,0
2020-02-18,El Dorado,017,186661,0,0,0,0
2020-02-18,Fresno,019,978130,0,0,0,0
2020-02-18,Glenn,021,27897,0,0,0,0
2020-02-18,Humboldt,023,135768,1,0,1,0
2020-02-18,Imperial,025,180216,0,0,0,0
2020-02-18,Inyo,027,18085,0,0,0,0
2020-02-18,Kern,029,883053,2,0,2,0
2020-02-18,Kings,031,150075,0,0,0,0
2020-02-18,Lake,033,64148,0,0,0,0
2020-02-18,Lassen,035,31185,0,0,0,0
2020-02-18,Los Angeles,037,10098052,51,4,55,0
2020-02-18,Madera,039,155013,0,0,0,0
2020-02-18,Marin,041,260295,0,0,0,0
2020-02-18,Mariposa,043,17540,0,0,0,0
2020-02-18,Mendocino,045,87422,0,0,0,0
2020-02-18,Merced,047,269075,0,0,0,0
2020-02-18,Modoc,049,8938,0,0,0,0
2020-02-18,Mono,051,14174,0,0,0,0
2020-02-18,Monterey,053,433212,1,0,1,0
2020-02-18,Napa,055,140530,0,0,0,0
2020-02-18,Nevada,057,99092,0,1,1,0
2020-02-18,Orange,059,3164182,40,0,40,0
2020-02-18,Placer,061,380077,0,0,0,0
2020-02-18,Plumas,063,18699,0,0,0,0
2020-02-18,Riverside,065,2383286,5,0,5,0
2020-02-18,Sacramento,067,1510023,2,0,2,0
2020-02-18,San Benito,069,59416,0,0,0,0
2020-02-18,San Bernardino,071,2135413,13,0,13,0
2020-02-18,San Diego,073,3302833,2,0,2,0
2020-02-18,San Francisco,075,870044,2,0,2,0
2020-02-18,San Joaquin,077,732212,1,1,2,0
2020-02-18,San Luis Obispo,079,281455,2,0,2,0
2020-02-18,San Mateo,081,765935,5,0,5,0
2020-02-18,Santa Barbara,083,443738,0,0,0,0
2020-02-18,Santa Clara,085,1922200,14,1,15,2
2020-02-18,Santa Cruz,087,273765,0,0,0,0
2020-02-18,Shasta,089,179085,0,0,0,0
2020-02-18,Sierra,091,2930,0,0,0,0
2020-02-18,Siskiyou,093,43540,0,0,0,0
2020-02-18,Solano,095,438530,5,0,5,0
2020-02-18,Sonoma,097,501317,1,0,1,0
2020-02-18,Stanislaus,099,539301,1,2,3,0
2020-02-18,Sutter,101,95872,0,0,0,0
2020-02-18,Tehama,103,63373,0,0,0,0
2020-02-18,Trinity,105,12862,0,0,0,0
2020-02-18,Tulare,107,460477,2,0,2,0
2020-02-18,Tuolumne,109,53932,0,0,0,0
2020-02-18,Ventura,111,848112,2,0,2,0
2020-02-18,Yolo,113,214977,0,0,0,0
2020-02-18,Yuba,115,75493,0,0,0,0
2020-02-17,Alameda,001,1643700,7,0,7,0
2020-02-17,Alpine,002,1148,0,0,0,0
2020-02-17,Amador,005,37829,0,0,0,0
2020-02-17,Butte,007,227075,0,0,0,0
2020-02-17,Calaveras,009,45235,0,0,0,0
2020-02-17,Colusa,011,21464,0,0,0,0
2020-02-17,Contra Costa,013,1133247,3,0,3,0
2020-02-17,Del Norte,015,27424,0,0,0,0
2020-02-17,El Dorado,017,186661,0,0,0,0
2020-02-17,Fresno,019,978130,0,0,0,0
2020-02-17,Glenn,021,27897,0,0,0,0
2020-02-17,Humboldt,023,135768,1,0,1,0
2020-02-17,Imperial,025,180216,0,0,0,0
2020-02-17,Inyo,027,18085,0,0,0,0
2020-02-17,Kern,029,883053,2,0,2,0
2020-02-17,Kings,031,150075,0,0,0,0
2020-02-17,Lake,033,64148,0,0,0,0
2020-02-17,Lassen,035,31185,0,0,0,0
2020-02-17,Los Angeles,037,10098052,48,4,52,0
2020-02-17,Madera,039,155013,0,0,0,0
2020-02-17,Marin,041,260295,0,0,0,0
2020-02-17,Mariposa,043,17540,0,0,0,0
2020-02-17,Mendocino,045,87422,0,0,0,0
2020-02-17,Merced,047,269075,0,0,0,0
2020-02-17,Modoc,049,8938,0,0,0,0
2020-02-17,Mono,051,14174,0,0,0,0
2020-02-17,Monterey,053,433212,1,0,1,0
2020-02-17,Napa,055,140530,0,0,0,0
2020-02-17,Nevada,057,99092,0,1,1,0
2020-02-17,Orange,059,3164182,40,0,40,0
2020-02-17,Placer,061,380077,0,0,0,0
2020-02-17,Plumas,063,18699,0,0,0,0
2020-02-17,Riverside,065,2383286,5,0,5,0
2020-02-17,Sacramento,067,1510023,2,0,2,0
2020-02-17,San Benito,069,59416,0,0,0,0
2020-02-17,San Bernardino,071,2135413,11,0,11,0
2020-02-17,San Diego,073,3302833,2,0,2,0
2020-02-17,San Francisco,075,870044,2,0,2,0
2020-02-17,San Joaquin,077,732212,1,1,2,0
2020-02-17,San Luis Obispo,079,281455,1,0,1,0
2020-02-17,San Mateo,081,765935,5,0,5,0
2020-02-17,Santa Barbara,083,443738,0,0,0,0
2020-02-17,Santa Clara,085,1922200,12,1,13,2
2020-02-17,Santa Cruz,087,273765,0,0,0,0
2020-02-17,Shasta,089,179085,0,0,0,0
2020-02-17,Sierra,091,2930,0,0,0,0
2020-02-17,Siskiyou,093,43540,0,0,0,0
2020-02-17,Solano,095,438530,3,0,3,0
2020-02-17,Sonoma,097,501317,1,0,1,0
2020-02-17,Stanislaus,099,539301,1,2,3,0
2020-02-17,Sutter,101,95872,0,0,0,0
2020-02-17,Tehama,103,63373,0,0,0,0
2020-02-17,Trinity,105,12862,0,0,0,0
2020-02-17,Tulare,107,460477,2,0,2,0
2020-02-17,Tuolumne,109,53932,0,0,0,0
2020-02-17,Ventura,111,848112,2,0,2,0
2020-02-17,Yolo,113,214977,0,0,0,0
2020-02-17,Yuba,115,75493,0,0,0,0
2020-02-16,Alameda,001,1643700,6,0,6,0
2020-02-16,Alpine,002,1148,0,0,0,0
2020-02-16,Amador,005,37829,0,0,0,0
2020-02-16,Butte,007,227075,0,0,0,0
2020-02-16,Calaveras,009,45235,0,0,0,0
2020-02-16,Colusa,011,21464,0,0,0,0
2020-02-16,Contra Costa,013,1133247,3,0,3,0
2020-02-16,Del Norte,015,27424,0,0,0,0
2020-02-16,El Dorado,017,186661,0,0,0,0
2020-02-16,Fresno,019,978130,0,0,0,0
2020-02-16,Glenn,021,27897,0,0,0,0
2020-02-16,Humboldt,023,135768,1,0,1,0
2020-02-16,Imperial,025,180216,0,0,0,0
2020-02-16,Inyo,027,18085,0,0,0,0
2020-02-16,Kern,029,883053,2,0,2,0
2020-02-16,Kings,031,150075,0,0,0,0
2020-02-16,Lake,033,64148,0,0,0,0
2020-02-16,Lassen,035,31185,0,0,0,0
2020-02-16,Los Angeles,037,10098052,43,4,47,0
2020-02-16,Madera,039,155013,0,0,0,0
2020-02-16,Marin,041,260295,0,0,0,0
2020-02-16,Mariposa,043,17540,0,0,0,0
2020-02-16,Mendocino,045,87422,0,0,0,0
2020-02-16,Merced,047,269075,0,0,0,0
2020-02-16,Modoc,049,8938,0,0,0,0
2020-02-16,Mono,051,14174,0,0,0,0
2020-02-16,Monterey,053,433212,1,0,1,0
2020-02-16,Napa,055,140530,0,0,0,0
2020-02-16,Nevada,057,99092,0,0,0,0
2020-02-16,Orange,059,3164182,39,0,39,0
2020-02-16,Placer,061,380077,0,0,0,0
2020-02-16,Plumas,063,18699,0,0,0,0
2020-02-16,Riverside,065,2383286,5,0,5,0
2020-02-16,Sacramento,067,1510023,2,0,2,0
2020-02-16,San Benito,069,59416,0,0,0,0
2020-02-16,San Bernardino,071,2135413,10,0,10,0
2020-02-16,San Diego,073,3302833,2,0,2,0
2020-02-16,San Francisco,075,870044,2,0,2,0
2020-02-16,San Joaquin,077,732212,1,1,2,0
2020-02-16,San Luis Obispo,079,281455,1,0,1,0
2020-02-16,San Mateo,081,765935,4,0,4,0
2020-02-16,Santa Barbara,083,443738,0,0,0,0
2020-02-16,Santa Clara,085,1922200,10,1,11,1
2020-02-16,Santa Cruz,087,273765,0,0,0,0
2020-02-16,Shasta,089,179085,0,0,0,0
2020-02-16,Sierra,091,2930,0,0,0,0
2020-02-16,Siskiyou,093,43540,0,0,0,0
2020-02-16,Solano,095,438530,1,0,1,0
2020-02-16,Sonoma,097,501317,1,0,1,0
2020-02-16,Stanislaus,099,539301,1,2,3,0
2020-02-16,Sutter,101,95872,0,0,0,0
2020-02-16,Tehama,103,63373,0,0,0,0
2020-02-16,Trinity,105,12862,0,0,0,0
2020-02-16,Tulare,107,460477,2,0,2,0
2020-02-16,Tuolumne,109,53932,0,0,0,0
2020-02-16,Ventura,111,848112,2,0,2,0
2020-02-16,Yolo,113,214977,0,0,0,0
2020-02-16,Yuba,115,75493,0,0,0,0
2020-02-15,Alameda,001,1643700,6,0,6,0
2020-02-15,Alpine,002,1148,0,0,0,0
2020-02-15,Amador,005,37829,0,0,0,0
2020-02-15,Butte,007,227075,0,0,0,0
2020-02-15,Calaveras,009,45235,0,0,0,0
2020-02-15,Colusa,011,21464,0,0,0,0
2020-02-15,Contra Costa,013,1133247,3,0,3,0
2020-02-15,Del Norte,015,27424,0,0,0,0
2020-02-15,El Dorado,017,186661,0,0,0,0
2020-02-15,Fresno,019,978130,0,0,0,0
2020-02-15,Glenn,021,27897,0,0,0,0
2020-02-15,Humboldt,023,135768,1,0,1,0
2020-02-15,Imperial,025,180216,0,0,0,0
2020-02-15,Inyo,027,18085,0,0,0,0
2020-02-15,Kern,029,883053,2,0,2,0
2020-02-15,Kings,031,150075,0,0,0,0
2020-02-15,Lake,033,64148,0,0,0,0
2020-02-15,Lassen,035,31185,0,0,0,0
2020-02-15,Los Angeles,037,10098052,40,4,44,0
2020-02-15,Madera,039,155013,0,0,0,0
2020-02-15,Marin,041,260295,0,0,0,0
2020-02-15,Mariposa,043,17540,0,0,0,0
2020-02-15,Mendocino,045,87422,0,0,0,0
2020-02-15,Merced,047,269075,0,0,0,0
2020-02-15,Modoc,049,8938,0,0,0,0
2020-02-15,Mono,051,14174,0,0,0,0
2020-02-15,Monterey,053,433212,1,0,1,0
2020-02-15,Napa,055,140530,0,0,0,0
2020-02-15,Nevada,057,99092,0,0,0,0
2020-02-15,Orange,059,3164182,38,0,38,0
2020-02-15,Placer,061,380077,0,0,0,0
2020-02-15,Plumas,063,18699,0,0,0,0
2020-02-15,Riverside,065,2383286,4,0,4,0
2020-02-15,Sacramento,067,1510023,2,0,2,0
2020-02-15,San Benito,069,59416,0,0,0,0
2020-02-15,San Bernardino,071,2135413,9,0,9,0
2020-02-15,San Diego,073,3302833,2,0,2,0
2020-02-15,San Francisco,075,870044,2,0,2,0
2020-02-15,San Joaquin,077,732212,1,1,2,0
2020-02-15,San Luis Obispo,079,281455,1,0,1,0
2020-02-15,San Mateo,081,765935,4,0,4,0
2020-02-15,Santa Barbara,083,443738,0,0,0,0
2020-02-15,Santa Clara,085,1922200,10,1,11,1
2020-02-15,Santa Cruz,087,273765,0,0,0,0
2020-02-15,Shasta,089,179085,0,0,0,0
2020-02-15,Sierra,091,2930,0,0,0,0
2020-02-15,Siskiyou,093,43540,0,0,0,0
2020-02-15,Solano,095,438530,1,0,1,0
2020-02-15,Sonoma,097,501317,0,0,0,0
2020-02-15,Stanislaus,099,539301,1,2,3,0
2020-02-15,Sutter,101,95872,0,0,0,0
2020-02-15,Tehama,103,63373,0,0,0,0
2020-02-15,Trinity,105,12862,0,0,0,0
2020-02-15,Tulare,107,460477,2,0,2,0
2020-02-15,Tuolumne,109,53932,0,0,0,0
2020-02-15,Ventura,111,848112,2,0,2,0
2020-02-15,Yolo,113,214977,0,0,0,0
2020-02-15,Yuba,115,75493,0,0,0,0
2020-02-14,Alameda,001,1643700,5,0,5,0
2020-02-14,Alpine,002,1148,0,0,0,0
2020-02-14,Amador,005,37829,0,0,0,0
2020-02-14,Butte,007,227075,0,0,0,0
2020-02-14,Calaveras,009,45235,0,0,0,0
2020-02-14,Colusa,011,21464,0,0,0,0
2020-02-14,Contra Costa,013,1133247,3,0,3,0
2020-02-14,Del Norte,015,27424,0,0,0,0
2020-02-14,El Dorado,017,186661,0,0,0,0
2020-02-14,Fresno,019,978130,0,0,0,0
2020-02-14,Glenn,021,27897,0,0,0,0
2020-02-14,Humboldt,023,135768,1,0,1,0
2020-02-14,Imperial,025,180216,0,0,0,0
2020-02-14,Inyo,027,18085,0,0,0,0
2020-02-14,Kern,029,883053,2,0,2,0
2020-02-14,Kings,031,150075,0,0,0,0
2020-02-14,Lake,033,64148,0,0,0,0
2020-02-14,Lassen,035,31185,0,0,0,0
2020-02-14,Los Angeles,037,10098052,35,4,39,0
2020-02-14,Madera,039,155013,0,0,0,0
2020-02-14,Marin,041,260295,0,0,0,0
2020-02-14,Mariposa,043,17540,0,0,0,0
2020-02-14,Mendocino,045,87422,0,0,0,0
2020-02-14,Merced,047,269075,0,0,0,0
2020-02-14,Modoc,049,8938,0,0,0,0
2020-02-14,Mono,051,14174,0,0,0,0
2020-02-14,Monterey,053,433212,1,0,1,0
2020-02-14,Napa,055,140530,0,0,0,0
2020-02-14,Nevada,057,99092,0,0,0,0
2020-02-14,Orange,059,3164182,38,0,38,0
2020-02-14,Placer,061,380077,0,0,0,0
2020-02-14,Plumas,063,18699,0,0,0,0
2020-02-14,Riverside,065,2383286,4,0,4,0
2020-02-14,Sacramento,067,1510023,1,0,1,0
2020-02-14,San Benito,069,59416,0,0,0,0
2020-02-14,San Bernardino,071,2135413,9,0,9,0
2020-02-14,San Diego,073,3302833,1,0,1,0
2020-02-14,San Francisco,075,870044,2,0,2,0
2020-02-14,San Joaquin,077,732212,1,1,2,0
2020-02-14,San Luis Obispo,079,281455,0,0,0,0
2020-02-14,San Mateo,081,765935,3,0,3,0
2020-02-14,Santa Barbara,083,443738,0,0,0,0
2020-02-14,Santa Clara,085,1922200,8,1,9,1
2020-02-14,Santa Cruz,087,273765,0,0,0,0
2020-02-14,Shasta,089,179085,0,0,0,0
2020-02-14,Sierra,091,2930,0,0,0,0
2020-02-14,Siskiyou,093,43540,0,0,0,0
2020-02-14,Solano,095,438530,1,0,1,0
2020-02-14,Sonoma,097,501317,0,0,0,0
2020-02-14,Stanislaus,099,539301,1,2,3,0
2020-02-14,Sutter,101,95872,0,0,0,0
2020-02-14,Tehama,103,63373,0,0,0,0
2020-02-14,Trinity,105,12862,0,0,0,0
2020-02-14,Tulare,107,460477,2,0,2,0
2020-02-14,Tuolumne,109,53932,0,0,0,0
2020-02-14,Ventura,111,848112,2,0,2,0
2020-02-14,Yolo,113,214977,0,0,0,0
2020-02-14,Yuba,115,75493,0,0,0,0
2020-02-13,Alameda,001,1643700,5,0,5,0
2020-02-13,Alpine,002,1148,0,0,0,0
2020-02-13,Amador,005,37829,0,0,0,0
2020-02-13,Butte,007,227075,0,0,0,0
2020-02-13,Calaveras,009,45235,0,0,0,0
2020-02-13,Colusa,011,21464,0,0,0,0
2020-02-13,Contra Costa,013,1133247,3,0,3,0
2020-02-13,Del Norte,015,27424,0,0,0,0
2020-02-13,El Dorado,017,186661,0,0,0,0
2020-02-13,Fresno,019,978130,0,0,0,0
2020-02-13,Glenn,021,27897,0,0,0,0
2020-02-13,Humboldt,023,135768,1,0,1,0
2020-02-13,Imperial,025,180216,0,0,0,0
2020-02-13,Inyo,027,18085,0,0,0,0
2020-02-13,Kern,029,883053,2,0,2,0
2020-02-13,Kings,031,150075,0,0,0,0
2020-02-13,Lake,033,64148,0,0,0,0
2020-02-13,Lassen,035,31185,0,0,0,0
2020-02-13,Los Angeles,037,10098052,32,3,35,0
2020-02-13,Madera,039,155013,0,0,0,0
2020-02-13,Marin,041,260295,0,0,0,0
2020-02-13,Mariposa,043,17540,0,0,0,0
2020-02-13,Mendocino,045,87422,0,0,0,0
2020-02-13,Merced,047,269075,0,0,0,0
2020-02-13,Modoc,049,8938,0,0,0,0
2020-02-13,Mono,051,14174,0,0,0,0
2020-02-13,Monterey,053,433212,1,0,1,0
2020-02-13,Napa,055,140530,0,0,0,0
2020-02-13,Nevada,057,99092,0,0,0,0
2020-02-13,Orange,059,3164182,37,0,37,0
2020-02-13,Placer,061,380077,0,0,0,0
2020-02-13,Plumas,063,18699,0,0,0,0
2020-02-13,Riverside,065,2383286,4,0,4,0
2020-02-13,Sacramento,067,1510023,1,0,1,0
2020-02-13,San Benito,069,59416,0,0,0,0
2020-02-13,San Bernardino,071,2135413,8,0,8,0
2020-02-13,San Diego,073,3302833,0,0,0,0
2020-02-13,San Francisco,075,870044,2,0,2,0
2020-02-13,San Joaquin,077,732212,1,1,2,0
2020-02-13,San Luis Obispo,079,281455,0,0,0,0
2020-02-13,San Mateo,081,765935,2,0,2,0
2020-02-13,Santa Barbara,083,443738,0,0,0,0
2020-02-13,Santa Clara,085,1922200,7,0,7,1
2020-02-13,Santa Cruz,087,273765,0,0,0,0
2020-02-13,Shasta,089,179085,0,0,0,0
2020-02-13,Sierra,091,2930,0,0,0,0
2020-02-13,Siskiyou,093,43540,0,0,0,0
2020-02-13,Solano,095,438530,0,0,0,0
2020-02-13,Sonoma,097,501317,0,0,0,0
2020-02-13,Stanislaus,099,539301,1,1,2,0
2020-02-13,Sutter,101,95872,0,0,0,0
2020-02-13,Tehama,103,63373,0,0,0,0
2020-02-13,Trinity,105,12862,0,0,0,0
2020-02-13,Tulare,107,460477,2,0,2,0
2020-02-13,Tuolumne,109,53932,0,0,0,0
2020-02-13,Ventura,111,848112,2,0,2,0
2020-02-13,Yolo,113,214977,0,0,0,0
2020-02-13,Yuba,115,75493,0,0,0,0
2020-02-12,Alameda,001,1643700,5,0,5,0
2020-02-12,Alpine,002,1148,0,0,0,0
2020-02-12,Amador,005,37829,0,0,0,0
2020-02-12,Butte,007,227075,0,0,0,0
2020-02-12,Calaveras,009,45235,0,0,0,0
2020-02-12,Colusa,011,21464,0,0,0,0
2020-02-12,Contra Costa,013,1133247,3,0,3,0
2020-02-12,Del Norte,015,27424,0,0,0,0
2020-02-12,El Dorado,017,186661,0,0,0,0
2020-02-12,Fresno,019,978130,0,0,0,0
2020-02-12,Glenn,021,27897,0,0,0,0
2020-02-12,Humboldt,023,135768,1,0,1,0
2020-02-12,Imperial,025,180216,0,0,0,0
2020-02-12,Inyo,027,18085,0,0,0,0
2020-02-12,Kern,029,883053,2,0,2,0
2020-02-12,Kings,031,150075,0,0,0,0
2020-02-12,Lake,033,64148,0,0,0,0
2020-02-12,Lassen,035,31185,0,0,0,0
2020-02-12,Los Angeles,037,10098052,31,3,34,0
2020-02-12,Madera,039,155013,0,0,0,0
2020-02-12,Marin,041,260295,0,0,0,0
2020-02-12,Mariposa,043,17540,0,0,0,0
2020-02-12,Mendocino,045,87422,0,0,0,0
2020-02-12,Merced,047,269075,0,0,0,0
2020-02-12,Modoc,049,8938,0,0,0,0
2020-02-12,Mono,051,14174,0,0,0,0
2020-02-12,Monterey,053,433212,1,0,1,0
2020-02-12,Napa,055,140530,0,0,0,0
2020-02-12,Nevada,057,99092,0,0,0,0
2020-02-12,Orange,059,3164182,37,0,37,0
2020-02-12,Placer,061,380077,0,0,0,0
2020-02-12,Plumas,063,18699,0,0,0,0
2020-02-12,Riverside,065,2383286,4,0,4,0
2020-02-12,Sacramento,067,1510023,1,0,1,0
2020-02-12,San Benito,069,59416,0,0,0,0
2020-02-12,San Bernardino,071,2135413,8,0,8,0
2020-02-12,San Diego,073,3302833,0,0,0,0
2020-02-12,San Francisco,075,870044,2,0,2,0
2020-02-12,San Joaquin,077,732212,1,1,2,0
2020-02-12,San Luis Obispo,079,281455,0,0,0,0
2020-02-12,San Mateo,081,765935,2,0,2,0
2020-02-12,Santa Barbara,083,443738,0,0,0,0
2020-02-12,Santa Clara,085,1922200,6,0,6,1
2020-02-12,Santa Cruz,087,273765,0,0,0,0
2020-02-12,Shasta,089,179085,0,0,0,0
2020-02-12,Sierra,091,2930,0,0,0,0
2020-02-12,Siskiyou,093,43540,0,0,0,0
2020-02-12,Solano,095,438530,0,0,0,0
2020-02-12,Sonoma,097,501317,0,0,0,0
2020-02-12,Stanislaus,099,539301,1,1,2,0
2020-02-12,Sutter,101,95872,0,0,0,0
2020-02-12,Tehama,103,63373,0,0,0,0
2020-02-12,Trinity,105,12862,0,0,0,0
2020-02-12,Tulare,107,460477,2,0,2,0
2020-02-12,Tuolumne,109,53932,0,0,0,0
2020-02-12,Ventura,111,848112,2,0,2,0
2020-02-12,Yolo,113,214977,0,0,0,0
2020-02-12,Yuba,115,75493,0,0,0,0
2020-02-11,Alameda,001,1643700,5,0,5,0
2020-02-11,Alpine,002,1148,0,0,0,0
2020-02-11,Amador,005,37829,0,0,0,0
2020-02-11,Butte,007,227075,0,0,0,0
2020-02-11,Calaveras,009,45235,0,0,0,0
2020-02-11,Colusa,011,21464,0,0,0,0
2020-02-11,Contra Costa,013,1133247,3,0,3,0
2020-02-11,Del Norte,015,27424,0,0,0,0
2020-02-11,El Dorado,017,186661,0,0,0,0
2020-02-11,Fresno,019,978130,0,0,0,0
2020-02-11,Glenn,021,27897,0,0,0,0
2020-02-11,Humboldt,023,135768,1,0,1,0
2020-02-11,Imperial,025,180216,0,0,0,0
2020-02-11,Inyo,027,18085,0,0,0,0
2020-02-11,Kern,029,883053,2,0,2,0
2020-02-11,Kings,031,150075,0,0,0,0
2020-02-11,Lake,033,64148,0,0,0,0
2020-02-11,Lassen,035,31185,0,0,0,0
2020-02-11,Los Angeles,037,10098052,31,3,34,0
2020-02-11,Madera,039,155013,0,0,0,0
2020-02-11,Marin,041,260295,0,0,0,0
2020-02-11,Mariposa,043,17540,0,0,0,0
2020-02-11,Mendocino,045,87422,0,0,0,0
2020-02-11,Merced,047,269075,0,0,0,0
2020-02-11,Modoc,049,8938,0,0,0,0
2020-02-11,Mono,051,14174,0,0,0,0
2020-02-11,Monterey,053,433212,1,0,1,0
2020-02-11,Napa,055,140530,0,0,0,0
2020-02-11,Nevada,057,99092,0,0,0,0
2020-02-11,Orange,059,3164182,36,0,36,0
2020-02-11,Placer,061,380077,0,0,0,0
2020-02-11,Plumas,063,18699,0,0,0,0
2020-02-11,Riverside,065,2383286,4,0,4,0
2020-02-11,Sacramento,067,1510023,1,0,1,0
2020-02-11,San Benito,069,59416,0,0,0,0
2020-02-11,San Bernardino,071,2135413,8,0,8,0
2020-02-11,San Diego,073,3302833,0,0,0,0
2020-02-11,San Francisco,075,870044,2,0,2,0
2020-02-11,San Joaquin,077,732212,0,1,1,0
2020-02-11,San Luis Obispo,079,281455,0,0,0,0
2020-02-11,San Mateo,081,765935,2,0,2,0
2020-02-11,Santa Barbara,083,443738,0,0,0,0
2020-02-11,Santa Clara,085,1922200,5,0,5,1
2020-02-11,Santa Cruz,087,273765,0,0,0,0
2020-02-11,Shasta,089,179085,0,0,0,0
2020-02-11,Sierra,091,2930,0,0,0,0
2020-02-11,Siskiyou,093,43540,0,0,0,0
2020-02-11,Solano,095,438530,0,0,0,0
2020-02-11,Sonoma,097,501317,0,0,0,0
2020-02-11,Stanislaus,099,539301,1,1,2,0
2020-02-11,Sutter,101,95872,0,0,0,0
2020-02-11,Tehama,103,63373,0,0,0,0
2020-02-11,Trinity,105,12862,0,0,0,0
2020-02-11,Tulare,107,460477,2,0,2,0
2020-02-11,Tuolumne,109,53932,0,0,0,0
2020-02-11,Ventura,111,848112,2,0,2,0
2020-02-11,Yolo,113,214977,0,0,0,0
2020-02-11,Yuba,115,75493,0,0,0,0
2020-02-10,Alameda,001,1643700,5,0,5,0
2020-02-10,Alpine,002,1148,0,0,0,0
2020-02-10,Amador,005,37829,0,0,0,0
2020-02-10,Butte,007,227075,0,0,0,0
2020-02-10,Calaveras,009,45235,0,0,0,0
2020-02-10,Colusa,011,21464,0,0,0,0
2020-02-10,Contra Costa,013,1133247,3,0,3,0
2020-02-10,Del Norte,015,27424,0,0,0,0
2020-02-10,El Dorado,017,186661,0,0,0,0
2020-02-10,Fresno,019,978130,0,0,0,0
2020-02-10,Glenn,021,27897,0,0,0,0
2020-02-10,Humboldt,023,135768,0,0,0,0
2020-02-10,Imperial,025,180216,0,0,0,0
2020-02-10,Inyo,027,18085,0,0,0,0
2020-02-10,Kern,029,883053,2,0,2,0
2020-02-10,Kings,031,150075,0,0,0,0
2020-02-10,Lake,033,64148,0,0,0,0
2020-02-10,Lassen,035,31185,0,0,0,0
2020-02-10,Los Angeles,037,10098052,29,3,32,0
2020-02-10,Madera,039,155013,0,0,0,0
2020-02-10,Marin,041,260295,0,0,0,0
2020-02-10,Mariposa,043,17540,0,0,0,0
2020-02-10,Mendocino,045,87422,0,0,0,0
2020-02-10,Merced,047,269075,0,0,0,0
2020-02-10,Modoc,049,8938,0,0,0,0
2020-02-10,Mono,051,14174,0,0,0,0
2020-02-10,Monterey,053,433212,1,0,1,0
2020-02-10,Napa,055,140530,0,0,0,0
2020-02-10,Nevada,057,99092,0,0,0,0
2020-02-10,Orange,059,3164182,36,0,36,0
2020-02-10,Placer,061,380077,0,0,0,0
2020-02-10,Plumas,063,18699,0,0,0,0
2020-02-10,Riverside,065,2383286,4,0,4,0
2020-02-10,Sacramento,067,1510023,1,0,1,0
2020-02-10,San Benito,069,59416,0,0,0,0
2020-02-10,San Bernardino,071,2135413,7,0,7,0
2020-02-10,San Diego,073,3302833,0,0,0,0
2020-02-10,San Francisco,075,870044,2,0,2,0
2020-02-10,San Joaquin,077,732212,0,1,1,0
2020-02-10,San Luis Obispo,079,281455,0,0,0,0
2020-02-10,San Mateo,081,765935,2,0,2,0
2020-02-10,Santa Barbara,083,443738,0,0,0,0
2020-02-10,Santa Clara,085,1922200,5,0,5,1
2020-02-10,Santa Cruz,087,273765,0,0,0,0
2020-02-10,Shasta,089,179085,0,0,0,0
2020-02-10,Sierra,091,2930,0,0,0,0
2020-02-10,Siskiyou,093,43540,0,0,0,0
2020-02-10,Solano,095,438530,0,0,0,0
2020-02-10,Sonoma,097,501317,0,0,0,0
2020-02-10,Stanislaus,099,539301,1,0,1,0
2020-02-10,Sutter,101,95872,0,0,0,0
2020-02-10,Tehama,103,63373,0,0,0,0
2020-02-10,Trinity,105,12862,0,0,0,0
2020-02-10,Tulare,107,460477,2,0,2,0
2020-02-10,Tuolumne,109,53932,0,0,0,0
2020-02-10,Ventura,111,848112,2,0,2,0
2020-02-10,Yolo,113,214977,0,0,0,0
2020-02-10,Yuba,115,75493,0,0,0,0
2020-02-09,Alameda,001,1643700,5,0,5,0
2020-02-09,Alpine,002,1148,0,0,0,0
2020-02-09,Amador,005,37829,0,0,0,0
2020-02-09,Butte,007,227075,0,0,0,0
2020-02-09,Calaveras,009,45235,0,0,0,0
2020-02-09,Colusa,011,21464,0,0,0,0
2020-02-09,Contra Costa,013,1133247,3,0,3,0
2020-02-09,Del Norte,015,27424,0,0,0,0
2020-02-09,El Dorado,017,186661,0,0,0,0
2020-02-09,Fresno,019,978130,0,0,0,0
2020-02-09,Glenn,021,27897,0,0,0,0
2020-02-09,Humboldt,023,135768,0,0,0,0
2020-02-09,Imperial,025,180216,0,0,0,0
2020-02-09,Inyo,027,18085,0,0,0,0
2020-02-09,Kern,029,883053,2,0,2,0
2020-02-09,Kings,031,150075,0,0,0,0
2020-02-09,Lake,033,64148,0,0,0,0
2020-02-09,Lassen,035,31185,0,0,0,0
2020-02-09,Los Angeles,037,10098052,28,3,31,0
2020-02-09,Madera,039,155013,0,0,0,0
2020-02-09,Marin,041,260295,0,0,0,0
2020-02-09,Mariposa,043,17540,0,0,0,0
2020-02-09,Mendocino,045,87422,0,0,0,0
2020-02-09,Merced,047,269075,0,0,0,0
2020-02-09,Modoc,049,8938,0,0,0,0
2020-02-09,Mono,051,14174,0,0,0,0
2020-02-09,Monterey,053,433212,1,0,1,0
2020-02-09,Napa,055,140530,0,0,0,0
2020-02-09,Nevada,057,99092,0,0,0,0
2020-02-09,Orange,059,3164182,36,0,36,0
2020-02-09,Placer,061,380077,0,0,0,0
2020-02-09,Plumas,063,18699,0,0,0,0
2020-02-09,Riverside,065,2383286,4,0,4,0
2020-02-09,Sacramento,067,1510023,0,0,0,0
2020-02-09,San Benito,069,59416,0,0,0,0
2020-02-09,San Bernardino,071,2135413,7,0,7,0
2020-02-09,San Diego,073,3302833,0,0,0,0
2020-02-09,San Francisco,075,870044,1,0,1,0
2020-02-09,San Joaquin,077,732212,0,1,1,0
2020-02-09,San Luis Obispo,079,281455,0,0,0,0
2020-02-09,San Mateo,081,765935,2,0,2,0
2020-02-09,Santa Barbara,083,443738,0,0,0,0
2020-02-09,Santa Clara,085,1922200,4,0,4,1
2020-02-09,Santa Cruz,087,273765,0,0,0,0
2020-02-09,Shasta,089,179085,0,0,0,0
2020-02-09,Sierra,091,2930,0,0,0,0
2020-02-09,Siskiyou,093,43540,0,0,0,0
2020-02-09,Solano,095,438530,0,0,0,0
2020-02-09,Sonoma,097,501317,0,0,0,0
2020-02-09,Stanislaus,099,539301,0,0,0,0
2020-02-09,Sutter,101,95872,0,0,0,0
2020-02-09,Tehama,103,63373,0,0,0,0
2020-02-09,Trinity,105,12862,0,0,0,0
2020-02-09,Tulare,107,460477,2,0,2,0
2020-02-09,Tuolumne,109,53932,0,0,0,0
2020-02-09,Ventura,111,848112,1,0,1,0
2020-02-09,Yolo,113,214977,0,0,0,0
2020-02-09,Yuba,115,75493,0,0,0,0
2020-02-08,Alameda,001,1643700,4,0,4,0
2020-02-08,Alpine,002,1148,0,0,0,0
2020-02-08,Amador,005,37829,0,0,0,0
2020-02-08,Butte,007,227075,0,0,0,0
2020-02-08,Calaveras,009,45235,0,0,0,0
2020-02-08,Colusa,011,21464,0,0,0,0
2020-02-08,Contra Costa,013,1133247,2,0,2,0
2020-02-08,Del Norte,015,27424,0,0,0,0
2020-02-08,El Dorado,017,186661,0,0,0,0
2020-02-08,Fresno,019,978130,0,0,0,0
2020-02-08,Glenn,021,27897,0,0,0,0
2020-02-08,Humboldt,023,135768,0,0,0,0
2020-02-08,Imperial,025,180216,0,0,0,0
2020-02-08,Inyo,027,18085,0,0,0,0
2020-02-08,Kern,029,883053,2,0,2,0
2020-02-08,Kings,031,150075,0,0,0,0
2020-02-08,Lake,033,64148,0,0,0,0
2020-02-08,Lassen,035,31185,0,0,0,0
2020-02-08,Los Angeles,037,10098052,25,1,26,0
2020-02-08,Madera,039,155013,0,0,0,0
2020-02-08,Marin,041,260295,0,0,0,0
2020-02-08,Mariposa,043,17540,0,0,0,0
2020-02-08,Mendocino,045,87422,0,0,0,0
2020-02-08,Merced,047,269075,0,0,0,0
2020-02-08,Modoc,049,8938,0,0,0,0
2020-02-08,Mono,051,14174,0,0,0,0
2020-02-08,Monterey,053,433212,1,0,1,0
2020-02-08,Napa,055,140530,0,0,0,0
2020-02-08,Nevada,057,99092,0,0,0,0
2020-02-08,Orange,059,3164182,36,0,36,0
2020-02-08,Placer,061,380077,0,0,0,0
2020-02-08,Plumas,063,18699,0,0,0,0
2020-02-08,Riverside,065,2383286,4,0,4,0
2020-02-08,Sacramento,067,1510023,0,0,0,0
2020-02-08,San Benito,069,59416,0,0,0,0
2020-02-08,San Bernardino,071,2135413,7,0,7,0
2020-02-08,San Diego,073,3302833,0,0,0,0
2020-02-08,San Francisco,075,870044,1,0,1,0
2020-02-08,San Joaquin,077,732212,0,1,1,0
2020-02-08,San Luis Obispo,079,281455,0,0,0,0
2020-02-08,San Mateo,081,765935,2,0,2,0
2020-02-08,Santa Barbara,083,443738,0,0,0,0
2020-02-08,Santa Clara,085,1922200,4,0,4,1
2020-02-08,Santa Cruz,087,273765,0,0,0,0
2020-02-08,Shasta,089,179085,0,0,0,0
2020-02-08,Sierra,091,2930,0,0,0,0
2020-02-08,Siskiyou,093,43540,0,0,0,0
2020-02-08,Solano,095,438530,0,0,0,0
2020-02-08,Sonoma,097,501317,0,0,0,0
2020-02-08,Stanislaus,099,539301,0,0,0,0
2020-02-08,Sutter,101,95872,0,0,0,0
2020-02-08,Tehama,103,63373,0,0,0,0
2020-02-08,Trinity,105,12862,0,0,0,0
2020-02-08,Tulare,107,460477,2,0,2,0
2020-02-08,Tuolumne,109,53932,0,0,0,0
2020-02-08,Ventura,111,848112,1,0,1,0
2020-02-08,Yolo,113,214977,0,0,0,0
2020-02-08,Yuba,115,75493,0,0,0,0
2020-02-07,Alameda,001,1643700,4,0,4,0
2020-02-07,Alpine,002,1148,0,0,0,0
2020-02-07,Amador,005,37829,0,0,0,0
2020-02-07,Butte,007,227075,0,0,0,0
2020-02-07,Calaveras,009,45235,0,0,0,0
2020-02-07,Colusa,011,21464,0,0,0,0
2020-02-07,Contra Costa,013,1133247,2,0,2,0
2020-02-07,Del Norte,015,27424,0,0,0,0
2020-02-07,El Dorado,017,186661,0,0,0,0
2020-02-07,Fresno,019,978130,0,0,0,0
2020-02-07,Glenn,021,27897,0,0,0,0
2020-02-07,Humboldt,023,135768,0,0,0,0
2020-02-07,Imperial,025,180216,0,0,0,0
2020-02-07,Inyo,027,18085,0,0,0,0
2020-02-07,Kern,029,883053,2,0,2,0
2020-02-07,Kings,031,150075,0,0,0,0
2020-02-07,Lake,033,64148,0,0,0,0
2020-02-07,Lassen,035,31185,0,0,0,0
2020-02-07,Los Angeles,037,10098052,24,0,24,0
2020-02-07,Madera,039,155013,0,0,0,0
2020-02-07,Marin,041,260295,0,0,0,0
2020-02-07,Mariposa,043,17540,0,0,0,0
2020-02-07,Mendocino,045,87422,0,0,0,0
2020-02-07,Merced,047,269075,0,0,0,0
2020-02-07,Modoc,049,8938,0,0,0,0
2020-02-07,Mono,051,14174,0,0,0,0
2020-02-07,Monterey,053,433212,1,0,1,0
2020-02-07,Napa,055,140530,0,0,0,0
2020-02-07,Nevada,057,99092,0,0,0,0
2020-02-07,Orange,059,3164182,34,0,34,0
2020-02-07,Placer,061,380077,0,0,0,0
2020-02-07,Plumas,063,18699,0,0,0,0
2020-02-07,Riverside,065,2383286,4,0,4,0
2020-02-07,Sacramento,067,1510023,0,0,0,0
2020-02-07,San Benito,069,59416,0,0,0,0
2020-02-07,San Bernardino,071,2135413,4,0,4,0
2020-02-07,San Diego,073,3302833,0,0,0,0
2020-02-07,San Francisco,075,870044,1,0,1,0
2020-02-07,San Joaquin,077,732212,0,1,1,0
2020-02-07,San Luis Obispo,079,281455,0,0,0,0
2020-02-07,San Mateo,081,765935,1,0,1,0
2020-02-07,Santa Barbara,083,443738,0,0,0,0
2020-02-07,Santa Clara,085,1922200,4,0,4,1
2020-02-07,Santa Cruz,087,273765,0,0,0,0
2020-02-07,Shasta,089,179085,0,0,0,0
2020-02-07,Sierra,091,2930,0,0,0,0
2020-02-07,Siskiyou,093,43540,0,0,0,0
2020-02-07,Solano,095,438530,0,0,0,0
2020-02-07,Sonoma,097,501317,0,0,0,0
2020-02-07,Stanislaus,099,539301,0,0,0,0
2020-02-07,Sutter,101,95872,0,0,0,0
2020-02-07,Tehama,103,63373,0,0,0,0
2020-02-07,Trinity,105,12862,0,0,0,0
2020-02-07,Tulare,107,460477,2,0,2,0
2020-02-07,Tuolumne,109,53932,0,0,0,0
2020-02-07,Ventura,111,848112,1,0,1,0
2020-02-07,Yolo,113,214977,0,0,0,0
2020-02-07,Yuba,115,75493,0,0,0,0
2020-02-06,Alameda,001,1643700,4,0,4,0
2020-02-06,Alpine,002,1148,0,0,0,0
2020-02-06,Amador,005,37829,0,0,0,0
2020-02-06,Butte,007,227075,0,0,0,0
2020-02-06,Calaveras,009,45235,0,0,0,0
2020-02-06,Colusa,011,21464,0,0,0,0
2020-02-06,Contra Costa,013,1133247,2,0,2,0
2020-02-06,Del Norte,015,27424,0,0,0,0
2020-02-06,El Dorado,017,186661,0,0,0,0
2020-02-06,Fresno,019,978130,0,0,0,0
2020-02-06,Glenn,021,27897,0,0,0,0
2020-02-06,Humboldt,023,135768,0,0,0,0
2020-02-06,Imperial,025,180216,0,0,0,0
2020-02-06,Inyo,027,18085,0,0,0,0
2020-02-06,Kern,029,883053,2,0,2,0
2020-02-06,Kings,031,150075,0,0,0,0
2020-02-06,Lake,033,64148,0,0,0,0
2020-02-06,Lassen,035,31185,0,0,0,0
2020-02-06,Los Angeles,037,10098052,23,0,23,0
2020-02-06,Madera,039,155013,0,0,0,0
2020-02-06,Marin,041,260295,0,0,0,0
2020-02-06,Mariposa,043,17540,0,0,0,0
2020-02-06,Mendocino,045,87422,0,0,0,0
2020-02-06,Merced,047,269075,0,0,0,0
2020-02-06,Modoc,049,8938,0,0,0,0
2020-02-06,Mono,051,14174,0,0,0,0
2020-02-06,Monterey,053,433212,1,0,1,0
2020-02-06,Napa,055,140530,0,0,0,0
2020-02-06,Nevada,057,99092,0,0,0,0
2020-02-06,Orange,059,3164182,4,0,4,0
2020-02-06,Placer,061,380077,0,0,0,0
2020-02-06,Plumas,063,18699,0,0,0,0
2020-02-06,Riverside,065,2383286,4,0,4,0
2020-02-06,Sacramento,067,1510023,0,0,0,0
2020-02-06,San Benito,069,59416,0,0,0,0
2020-02-06,San Bernardino,071,2135413,4,0,4,0
2020-02-06,San Diego,073,3302833,0,0,0,0
2020-02-06,San Francisco,075,870044,1,0,1,0
2020-02-06,San Joaquin,077,732212,0,1,1,0
2020-02-06,San Luis Obispo,079,281455,0,0,0,0
2020-02-06,San Mateo,081,765935,1,0,1,0
2020-02-06,Santa Barbara,083,443738,0,0,0,0
2020-02-06,Santa Clara,085,1922200,4,0,4,1
2020-02-06,Santa Cruz,087,273765,0,0,0,0
2020-02-06,Shasta,089,179085,0,0,0,0
2020-02-06,Sierra,091,2930,0,0,0,0
2020-02-06,Siskiyou,093,43540,0,0,0,0
2020-02-06,Solano,095,438530,0,0,0,0
2020-02-06,Sonoma,097,501317,0,0,0,0
2020-02-06,Stanislaus,099,539301,0,0,0,0
2020-02-06,Sutter,101,95872,0,0,0,0
2020-02-06,Tehama,103,63373,0,0,0,0
2020-02-06,Trinity,105,12862,0,0,0,0
2020-02-06,Tulare,107,460477,2,0,2,0
2020-02-06,Tuolumne,109,53932,0,0,0,0
2020-02-06,Ventura,111,848112,1,0,1,0
2020-02-06,Yolo,113,214977,0,0,0,0
2020-02-06,Yuba,115,75493,0,0,0,0
2020-02-05,Alameda,001,1643700,3,0,3,0
2020-02-05,Alpine,002,1148,0,0,0,0
2020-02-05,Amador,005,37829,0,0,0,0
2020-02-05,Butte,007,227075,0,0,0,0
2020-02-05,Calaveras,009,45235,0,0,0,0
2020-02-05,Colusa,011,21464,0,0,0,0
2020-02-05,Contra Costa,013,1133247,2,0,2,0
2020-02-05,Del Norte,015,27424,0,0,0,0
2020-02-05,El Dorado,017,186661,0,0,0,0
2020-02-05,Fresno,019,978130,0,0,0,0
2020-02-05,Glenn,021,27897,0,0,0,0
2020-02-05,Humboldt,023,135768,0,0,0,0
2020-02-05,Imperial,025,180216,0,0,0,0
2020-02-05,Inyo,027,18085,0,0,0,0
2020-02-05,Kern,029,883053,1,0,1,0
2020-02-05,Kings,031,150075,0,0,0,0
2020-02-05,Lake,033,64148,0,0,0,0
2020-02-05,Lassen,035,31185,0,0,0,0
2020-02-05,Los Angeles,037,10098052,23,0,23,0
2020-02-05,Madera,039,155013,0,0,0,0
2020-02-05,Marin,041,260295,0,0,0,0
2020-02-05,Mariposa,043,17540,0,0,0,0
2020-02-05,Mendocino,045,87422,0,0,0,0
2020-02-05,Merced,047,269075,0,0,0,0
2020-02-05,Modoc,049,8938,0,0,0,0
2020-02-05,Mono,051,14174,0,0,0,0
2020-02-05,Monterey,053,433212,1,0,1,0
2020-02-05,Napa,055,140530,0,0,0,0
2020-02-05,Nevada,057,99092,0,0,0,0
2020-02-05,Orange,059,3164182,3,0,3,0
2020-02-05,Placer,061,380077,0,0,0,0
2020-02-05,Plumas,063,18699,0,0,0,0
2020-02-05,Riverside,065,2383286,4,0,4,0
2020-02-05,Sacramento,067,1510023,0,0,0,0
2020-02-05,San Benito,069,59416,0,0,0,0
2020-02-05,San Bernardino,071,2135413,4,0,4,0
2020-02-05,San Diego,073,3302833,0,0,0,0
2020-02-05,San Francisco,075,870044,1,0,1,0
2020-02-05,San Joaquin,077,732212,0,1,1,0
2020-02-05,San Luis Obispo,079,281455,0,0,0,0
2020-02-05,San Mateo,081,765935,1,0,1,0
2020-02-05,Santa Barbara,083,443738,0,0,0,0
2020-02-05,Santa Clara,085,1922200,2,0,2,0
2020-02-05,Santa Cruz,087,273765,0,0,0,0
2020-02-05,Shasta,089,179085,0,0,0,0
2020-02-05,Sierra,091,2930,0,0,0,0
2020-02-05,Siskiyou,093,43540,0,0,0,0
2020-02-05,Solano,095,438530,0,0,0,0
2020-02-05,Sonoma,097,501317,0,0,0,0
2020-02-05,Stanislaus,099,539301,0,0,0,0
2020-02-05,Sutter,101,95872,0,0,0,0
2020-02-05,Tehama,103,63373,0,0,0,0
2020-02-05,Trinity,105,12862,0,0,0,0
2020-02-05,Tulare,107,460477,2,0,2,0
2020-02-05,Tuolumne,109,53932,0,0,0,0
2020-02-05,Ventura,111,848112,0,0,0,0
2020-02-05,Yolo,113,214977,0,0,0,0
2020-02-05,Yuba,115,75493,0,0,0,0
2020-02-04,Alameda,001,1643700,3,0,3,0
2020-02-04,Alpine,002,1148,0,0,0,0
2020-02-04,Amador,005,37829,0,0,0,0
2020-02-04,Butte,007,227075,0,0,0,0
2020-02-04,Calaveras,009,45235,0,0,0,0
2020-02-04,Colusa,011,21464,0,0,0,0
2020-02-04,Contra Costa,013,1133247,2,0,2,0
2020-02-04,Del Norte,015,27424,0,0,0,0
2020-02-04,El Dorado,017,186661,0,0,0,0
2020-02-04,Fresno,019,978130,0,0,0,0
2020-02-04,Glenn,021,27897,0,0,0,0
2020-02-04,Humboldt,023,135768,0,0,0,0
2020-02-04,Imperial,025,180216,0,0,0,0
2020-02-04,Inyo,027,18085,0,0,0,0
2020-02-04,Kern,029,883053,0,0,0,0
2020-02-04,Kings,031,150075,0,0,0,0
2020-02-04,Lake,033,64148,0,0,0,0
2020-02-04,Lassen,035,31185,0,0,0,0
2020-02-04,Los Angeles,037,10098052,23,0,23,0
2020-02-04,Madera,039,155013,0,0,0,0
2020-02-04,Marin,041,260295,0,0,0,0
2020-02-04,Mariposa,043,17540,0,0,0,0
2020-02-04,Mendocino,045,87422,0,0,0,0
2020-02-04,Merced,047,269075,0,0,0,0
2020-02-04,Modoc,049,8938,0,0,0,0
2020-02-04,Mono,051,14174,0,0,0,0
2020-02-04,Monterey,053,433212,1,0,1,0
2020-02-04,Napa,055,140530,0,0,0,0
2020-02-04,Nevada,057,99092,0,0,0,0
2020-02-04,Orange,059,3164182,3,0,3,0
2020-02-04,Placer,061,380077,0,0,0,0
2020-02-04,Plumas,063,18699,0,0,0,0
2020-02-04,Riverside,065,2383286,4,0,4,0
2020-02-04,Sacramento,067,1510023,0,0,0,0
2020-02-04,San Benito,069,59416,0,0,0,0
2020-02-04,San Bernardino,071,2135413,3,0,3,0
2020-02-04,San Diego,073,3302833,0,0,0,0
2020-02-04,San Francisco,075,870044,1,0,1,0
2020-02-04,San Joaquin,077,732212,0,1,1,0
2020-02-04,San Luis Obispo,079,281455,0,0,0,0
2020-02-04,San Mateo,081,765935,0,0,0,0
2020-02-04,Santa Barbara,083,443738,0,0,0,0
2020-02-04,Santa Clara,085,1922200,2,0,2,0
2020-02-04,Santa Cruz,087,273765,0,0,0,0
2020-02-04,Shasta,089,179085,0,0,0,0
2020-02-04,Sierra,091,2930,0,0,0,0
2020-02-04,Siskiyou,093,43540,0,0,0,0
2020-02-04,Solano,095,438530,0,0,0,0
2020-02-04,Sonoma,097,501317,0,0,0,0
2020-02-04,Stanislaus,099,539301,0,0,0,0
2020-02-04,Sutter,101,95872,0,0,0,0
2020-02-04,Tehama,103,63373,0,0,0,0
2020-02-04,Trinity,105,12862,0,0,0,0
2020-02-04,Tulare,107,460477,2,0,2,0
2020-02-04,Tuolumne,109,53932,0,0,0,0
2020-02-04,Ventura,111,848112,0,0,0,0
2020-02-04,Yolo,113,214977,0,0,0,0
2020-02-04,Yuba,115,75493,0,0,0,0
2020-02-03,Alameda,001,1643700,3,0,3,0
2020-02-03,Alpine,002,1148,0,0,0,0
2020-02-03,Amador,005,37829,0,0,0,0
2020-02-03,Butte,007,227075,0,0,0,0
2020-02-03,Calaveras,009,45235,0,0,0,0
2020-02-03,Colusa,011,21464,0,0,0,0
2020-02-03,Contra Costa,013,1133247,2,0,2,0
2020-02-03,Del Norte,015,27424,0,0,0,0
2020-02-03,El Dorado,017,186661,0,0,0,0
2020-02-03,Fresno,019,978130,0,0,0,0
2020-02-03,Glenn,021,27897,0,0,0,0
2020-02-03,Humboldt,023,135768,0,0,0,0
2020-02-03,Imperial,025,180216,0,0,0,0
2020-02-03,Inyo,027,18085,0,0,0,0
2020-02-03,Kern,029,883053,0,0,0,0
2020-02-03,Kings,031,150075,0,0,0,0
2020-02-03,Lake,033,64148,0,0,0,0
2020-02-03,Lassen,035,31185,0,0,0,0
2020-02-03,Los Angeles,037,10098052,22,0,22,0
2020-02-03,Madera,039,155013,0,0,0,0
2020-02-03,Marin,041,260295,0,0,0,0
2020-02-03,Mariposa,043,17540,0,0,0,0
2020-02-03,Mendocino,045,87422,0,0,0,0
2020-02-03,Merced,047,269075,0,0,0,0
2020-02-03,Modoc,049,8938,0,0,0,0
2020-02-03,Mono,051,14174,0,0,0,0
2020-02-03,Monterey,053,433212,1,0,1,0
2020-02-03,Napa,055,140530,0,0,0,0
2020-02-03,Nevada,057,99092,0,0,0,0
2020-02-03,Orange,059,3164182,1,0,1,0
2020-02-03,Placer,061,380077,0,0,0,0
2020-02-03,Plumas,063,18699,0,0,0,0
2020-02-03,Riverside,065,2383286,4,0,4,0
2020-02-03,Sacramento,067,1510023,0,0,0,0
2020-02-03,San Benito,069,59416,0,0,0,0
2020-02-03,San Bernardino,071,2135413,3,0,3,0
2020-02-03,San Diego,073,3302833,0,0,0,0
2020-02-03,San Francisco,075,870044,1,0,1,0
2020-02-03,San Joaquin,077,732212,0,1,1,0
2020-02-03,San Luis Obispo,079,281455,0,0,0,0
2020-02-03,San Mateo,081,765935,0,0,0,0
2020-02-03,Santa Barbara,083,443738,0,0,0,0
2020-02-03,Santa Clara,085,1922200,2,0,2,0
2020-02-03,Santa Cruz,087,273765,0,0,0,0
2020-02-03,Shasta,089,179085,0,0,0,0
2020-02-03,Sierra,091,2930,0,0,0,0
2020-02-03,Siskiyou,093,43540,0,0,0,0
2020-02-03,Solano,095,438530,0,0,0,0
2020-02-03,Sonoma,097,501317,0,0,0,0
2020-02-03,Stanislaus,099,539301,0,0,0,0
2020-02-03,Sutter,101,95872,0,0,0,0
2020-02-03,Tehama,103,63373,0,0,0,0
2020-02-03,Trinity,105,12862,0,0,0,0
2020-02-03,Tulare,107,460477,2,0,2,0
2020-02-03,Tuolumne,109,53932,0,0,0,0
2020-02-03,Ventura,111,848112,0,0,0,0
2020-02-03,Yolo,113,214977,0,0,0,0
2020-02-03,Yuba,115,75493,0,0,0,0
2020-02-02,Alameda,001,1643700,3,0,3,0
2020-02-02,Alpine,002,1148,0,0,0,0
2020-02-02,Amador,005,37829,0,0,0,0
2020-02-02,Butte,007,227075,0,0,0,0
2020-02-02,Calaveras,009,45235,0,0,0,0
2020-02-02,Colusa,011,21464,0,0,0,0
2020-02-02,Contra Costa,013,1133247,1,0,1,0
2020-02-02,Del Norte,015,27424,0,0,0,0
2020-02-02,El Dorado,017,186661,0,0,0,0
2020-02-02,Fresno,019,978130,0,0,0,0
2020-02-02,Glenn,021,27897,0,0,0,0
2020-02-02,Humboldt,023,135768,0,0,0,0
2020-02-02,Imperial,025,180216,0,0,0,0
2020-02-02,Inyo,027,18085,0,0,0,0
2020-02-02,Kern,029,883053,0,0,0,0
2020-02-02,Kings,031,150075,0,0,0,0
2020-02-02,Lake,033,64148,0,0,0,0
2020-02-02,Lassen,035,31185,0,0,0,0
2020-02-02,Los Angeles,037,10098052,18,0,18,0
2020-02-02,Madera,039,155013,0,0,0,0
2020-02-02,Marin,041,260295,0,0,0,0
2020-02-02,Mariposa,043,17540,0,0,0,0
2020-02-02,Mendocino,045,87422,0,0,0,0
2020-02-02,Merced,047,269075,0,0,0,0
2020-02-02,Modoc,049,8938,0,0,0,0
2020-02-02,Mono,051,14174,0,0,0,0
2020-02-02,Monterey,053,433212,1,0,1,0
2020-02-02,Napa,055,140530,0,0,0,0
2020-02-02,Nevada,057,99092,0,0,0,0
2020-02-02,Orange,059,3164182,1,0,1,0
2020-02-02,Placer,061,380077,0,0,0,0
2020-02-02,Plumas,063,18699,0,0,0,0
2020-02-02,Riverside,065,2383286,3,0,3,0
2020-02-02,Sacramento,067,1510023,0,0,0,0
2020-02-02,San Benito,069,59416,0,0,0,0
2020-02-02,San Bernardino,071,2135413,2,0,2,0
2020-02-02,San Diego,073,3302833,0,0,0,0
2020-02-02,San Francisco,075,870044,1,0,1,0
2020-02-02,San Joaquin,077,732212,0,1,1,0
2020-02-02,San Luis Obispo,079,281455,0,0,0,0
2020-02-02,San Mateo,081,765935,0,0,0,0
2020-02-02,Santa Barbara,083,443738,0,0,0,0
2020-02-02,Santa Clara,085,1922200,2,0,2,0
2020-02-02,Santa Cruz,087,273765,0,0,0,0
2020-02-02,Shasta,089,179085,0,0,0,0
2020-02-02,Sierra,091,2930,0,0,0,0
2020-02-02,Siskiyou,093,43540,0,0,0,0
2020-02-02,Solano,095,438530,0,0,0,0
2020-02-02,Sonoma,097,501317,0,0,0,0
2020-02-02,Stanislaus,099,539301,0,0,0,0
2020-02-02,Sutter,101,95872,0,0,0,0
2020-02-02,Tehama,103,63373,0,0,0,0
2020-02-02,Trinity,105,12862,0,0,0,0
2020-02-02,Tulare,107,460477,2,0,2,0
2020-02-02,Tuolumne,109,53932,0,0,0,0
2020-02-02,Ventura,111,848112,0,0,0,0
2020-02-02,Yolo,113,214977,0,0,0,0
2020-02-02,Yuba,115,75493,0,0,0,0
2020-02-01,Alameda,001,1643700,3,0,3,0
2020-02-01,Alpine,002,1148,0,0,0,0
2020-02-01,Amador,005,37829,0,0,0,0
2020-02-01,Butte,007,227075,0,0,0,0
2020-02-01,Calaveras,009,45235,0,0,0,0
2020-02-01,Colusa,011,21464,0,0,0,0
2020-02-01,Contra Costa,013,1133247,0,0,0,0
2020-02-01,Del Norte,015,27424,0,0,0,0
2020-02-01,El Dorado,017,186661,0,0,0,0
2020-02-01,Fresno,019,978130,0,0,0,0
2020-02-01,Glenn,021,27897,0,0,0,0
2020-02-01,Humboldt,023,135768,0,0,0,0
2020-02-01,Imperial,025,180216,0,0,0,0
2020-02-01,Inyo,027,18085,0,0,0,0
2020-02-01,Kern,029,883053,0,0,0,0
2020-02-01,Kings,031,150075,0,0,0,0
2020-02-01,Lake,033,64148,0,0,0,0
2020-02-01,Lassen,035,31185,0,0,0,0
2020-02-01,Los Angeles,037,10098052,14,0,14,0
2020-02-01,Madera,039,155013,0,0,0,0
2020-02-01,Marin,041,260295,0,0,0,0
2020-02-01,Mariposa,043,17540,0,0,0,0
2020-02-01,Mendocino,045,87422,0,0,0,0
2020-02-01,Merced,047,269075,0,0,0,0
2020-02-01,Modoc,049,8938,0,0,0,0
2020-02-01,Mono,051,14174,0,0,0,0
2020-02-01,Monterey,053,433212,0,0,0,0
2020-02-01,Napa,055,140530,0,0,0,0
2020-02-01,Nevada,057,99092,0,0,0,0
2020-02-01,Orange,059,3164182,1,0,1,0
2020-02-01,Placer,061,380077,0,0,0,0
2020-02-01,Plumas,063,18699,0,0,0,0
2020-02-01,Riverside,065,2383286,2,0,2,0
2020-02-01,Sacramento,067,1510023,0,0,0,0
2020-02-01,San Benito,069,59416,0,0,0,0
2020-02-01,San Bernardino,071,2135413,1,0,1,0
2020-02-01,San Diego,073,3302833,0,0,0,0
2020-02-01,San Francisco,075,870044,1,0,1,0
2020-02-01,San Joaquin,077,732212,0,1,1,0
2020-02-01,San Luis Obispo,079,281455,0,0,0,0
2020-02-01,San Mateo,081,765935,0,0,0,0
2020-02-01,Santa Barbara,083,443738,0,0,0,0
2020-02-01,Santa Clara,085,1922200,2,0,2,0
2020-02-01,Santa Cruz,087,273765,0,0,0,0
2020-02-01,Shasta,089,179085,0,0,0,0
2020-02-01,Sierra,091,2930,0,0,0,0
2020-02-01,Siskiyou,093,43540,0,0,0,0
2020-02-01,Solano,095,438530,0,0,0,0
2020-02-01,Sonoma,097,501317,0,0,0,0
2020-02-01,Stanislaus,099,539301,0,0,0,0
2020-02-01,Sutter,101,95872,0,0,0,0
2020-02-01,Tehama,103,63373,0,0,0,0
2020-02-01,Trinity,105,12862,0,0,0,0
2020-02-01,Tulare,107,460477,1,0,1,0
2020-02-01,Tuolumne,109,53932,0,0,0,0
2020-02-01,Ventura,111,848112,0,0,0,0
2020-02-01,Yolo,113,214977,0,0,0,0
2020-02-01,Yuba,115,75493,0,0,0,0
