date,county,fips,population,confirmed_cases,reported_cases,probable_cases,reported_and_probable_cases,reported_deaths
2021-09-02,Alameda,1,1643700,109371,109377,2679,112056,1301
2021-09-02,Alpine,3,1148,92,92,0,92,0
2021-09-02,Amador,5,37829,4605,4606,42,4648,53
2021-09-02,Butte,7,227075,16154,16154,2824,18978,215
2021-09-02,Calaveras,9,45235,3042,3042,23,3065,62
2021-09-02,Colusa,11,21464,2289,2290,497,2787,16
2021-09-02,Contra Costa,13,1133247,90036,90038,1842,91880,886
2021-09-02,Del Norte,15,27424,2891,2891,13,2904,24
2021-09-02,El Dorado,17,186661,13641,13641,1302,14943,119
2021-09-02,Fresno,19,978130,117974,117974,10488,128462,1804
2021-09-02,Glenn,21,27897,2855,2855,759,3614,20
2021-09-02,Humboldt,23,135768,7138,7141,328,7469,52
2021-09-02,Imperial,25,180216,30445,30449,3023,33472,751
2021-09-02,Inyo,27,18085,1564,1564,7,1571,39
2021-09-02,Kern,29,883053,108926,108930,15241,124171,1404
2021-09-02,Kings,31,150075,26636,26638,1562,28200,263
2021-09-02,Lake,33,64148,5432,5432,60,5492,78
2021-09-02,Lassen,35,31185,5747,5747,172,5919,21
2021-09-02,Los Angeles,37,10098052,1350877,1351105,52743,1403848,25382
2021-09-02,Madera,39,155013,18935,18937,1373,20310,247
2021-09-02,Marin,41,260295,16239,16244,373,16617,242
2021-09-02,Mariposa,43,17540,745,745,20,765,5
2021-09-02,Mendocino,45,87422,5848,5848,212,6060,61
2021-09-02,Merced,47,269075,35818,35820,1229,37049,508
2021-09-02,Modoc,49,8938,437,437,157,594,5
2021-09-02,Mono,51,14174,1409,1409,15,1424,3
2021-09-02,Monterey,53,433212,45648,45648,2596,48244,539
2021-09-02,Napa,55,140530,11683,11684,68,11752,88
2021-09-02,Nevada,57,99092,7570,7575,248,7823,82
2021-09-02,Orange,59,3164182,286325,286326,13516,299842,5240
2021-09-02,Placer,61,380077,31067,31067,2763,33830,330
2021-09-02,Plumas,63,18699,1045,1045,20,1065,5
2021-09-02,Riverside,65,2383286,330136,330190,16182,346372,4644
2021-09-02,Sacramento,67,1510023,139272,139274,3181,142455,1882
2021-09-02,San Benito,69,59416,6732,6734,139,6873,64
2021-09-02,San Bernardino,71,2135413,326898,326940,10292,337232,5369
2021-09-02,San Diego,73,3302833,336382,336382,0,336382,3909
2021-09-02,San Francisco,75,870044,47667,47674,2265,49939,587
2021-09-02,San Joaquin,77,732212,88049,88056,4637,92693,1540
2021-09-02,San Luis Obispo,79,281455,25840,25851,1039,26890,283
2021-09-02,San Mateo,81,765935,49484,49490,1027,50517,558
2021-09-02,Santa Barbara,83,443738,39386,39386,1599,40985,486
2021-09-02,Santa Clara,85,1922200,135203,135216,1067,136283,1799
2021-09-02,Santa Cruz,87,273765,18473,18473,1019,19492,210
2021-09-02,Shasta,89,179085,15670,15670,2390,18060,224
2021-09-02,Sierra,91,2930,105,105,15,120,0
2021-09-02,Siskiyou,93,43540,2513,2513,776,3289,34
2021-09-02,Solano,95,438530,41282,41293,1014,42307,294
2021-09-02,Sonoma,97,501317,37549,37558,460,38018,352
2021-09-02,Stanislaus,99,539301,67557,67576,7487,75063,1074
2021-09-02,Sutter,101,95872,11990,11995,159,12154,138
2021-09-02,Tehama,103,63373,6264,6265,946,7211,72
2021-09-02,Trinity,105,12862,484,484,121,605,6
2021-09-02,Tulare,107,460477,56105,56105,11817,67922,872
2021-09-02,Tuolumne,109,53932,5578,5578,182,5760,88
2021-09-02,Ventura,111,848112,90606,90610,4093,94703,1084
2021-09-02,Yolo,113,214977,17357,17357,789,18146,235
2021-09-02,Yuba,115,75493,8361,8363,165,8528,55
2021-09-01,Alameda,1,1643700,109371,109075,2679,111754,1299
2021-09-01,Alpine,3,1148,92,92,0,92,0
2021-09-01,Amador,5,37829,4605,4599,42,4641,53
2021-09-01,Butte,7,227075,16154,16046,2824,18870,215
2021-09-01,Calaveras,9,45235,3042,3023,23,3046,59
2021-09-01,Colusa,11,21464,2289,2281,497,2778,16
2021-09-01,Contra Costa,13,1133247,90036,89834,1842,91676,877
2021-09-01,Del Norte,15,27424,2891,2860,13,2873,24
2021-09-01,El Dorado,17,186661,13641,13577,1302,14879,119
2021-09-01,Fresno,19,978130,117974,117492,10488,127980,1800
2021-09-01,Glenn,21,27897,2855,2846,759,3605,20
2021-09-01,Humboldt,23,135768,7138,7090,328,7418,52
2021-09-01,Imperial,25,180216,30445,30393,3023,33416,750
2021-09-01,Inyo,27,18085,1564,1561,7,1568,39
2021-09-01,Kern,29,883053,108926,108449,15241,123690,1400
2021-09-01,Kings,31,150075,26636,26443,1562,28005,263
2021-09-01,Lake,33,64148,5432,5396,60,5456,77
2021-09-01,Lassen,35,31185,5747,5731,172,5903,21
2021-09-01,Los Angeles,37,10098052,1350877,1348589,52743,1401332,25341
2021-09-01,Madera,39,155013,18935,18852,1373,20225,247
2021-09-01,Marin,41,260295,16239,16224,373,16597,240
2021-09-01,Mariposa,43,17540,745,735,20,755,5
2021-09-01,Mendocino,45,87422,5848,5821,212,6033,59
2021-09-01,Merced,47,269075,35818,35686,1229,36915,500
2021-09-01,Modoc,49,8938,437,436,157,593,5
2021-09-01,Mono,51,14174,1409,1400,15,1415,3
2021-09-01,Monterey,53,433212,45648,45590,2596,48186,539
2021-09-01,Napa,55,140530,11683,11653,68,11721,88
2021-09-01,Nevada,57,99092,7570,7508,248,7756,82
2021-09-01,Orange,59,3164182,286325,285840,13516,299356,5233
2021-09-01,Placer,61,380077,31067,30902,2763,33665,330
2021-09-01,Plumas,63,18699,1045,1033,20,1053,5
2021-09-01,Riverside,65,2383286,330136,329388,16182,345570,4634
2021-09-01,Sacramento,67,1510023,139272,138499,3181,141680,1875
2021-09-01,San Benito,69,59416,6732,6716,139,6855,64
2021-09-01,San Bernardino,71,2135413,326898,326250,10292,336542,5364
2021-09-01,San Diego,73,3302833,336382,335302,0,335302,3908
2021-09-01,San Francisco,75,870044,47667,47538,2265,49803,584
2021-09-01,San Joaquin,77,732212,88049,87640,4637,92277,1540
2021-09-01,San Luis Obispo,79,281455,25840,25691,1039,26730,283
2021-09-01,San Mateo,81,765935,49484,49394,1027,50421,558
2021-09-01,Santa Barbara,83,443738,39386,39263,1599,40862,483
2021-09-01,Santa Clara,85,1922200,135203,134855,1067,135922,1796
2021-09-01,Santa Cruz,87,273765,18473,18453,1019,19472,210
2021-09-01,Shasta,89,179085,15670,15552,2390,17942,221
2021-09-01,Sierra,91,2930,105,98,15,113,0
2021-09-01,Siskiyou,93,43540,2513,2482,776,3258,34
2021-09-01,Solano,95,438530,41282,41194,1014,42208,293
2021-09-01,Sonoma,97,501317,37549,37454,460,37914,352
2021-09-01,Stanislaus,99,539301,67557,67287,7487,74774,1075
2021-09-01,Sutter,101,95872,11990,11945,159,12104,136
2021-09-01,Tehama,103,63373,6264,6228,946,7174,72
2021-09-01,Trinity,105,12862,484,482,121,603,5
2021-09-01,Tulare,107,460477,56105,55768,11817,67585,870
2021-09-01,Tuolumne,109,53932,5578,5553,182,5735,88
2021-09-01,Ventura,111,848112,90606,90471,4093,94564,1089
2021-09-01,Yolo,113,214977,17357,17264,789,18053,235
2021-09-01,Yuba,115,75493,8361,8308,165,8473,55
2021-08-31,Alameda,1,1643700,109341,108837,2679,111516,1297
2021-08-31,Alpine,3,1148,92,92,0,92,0
2021-08-31,Amador,5,37829,4602,4555,42,4597,53
2021-08-31,Butte,7,227075,16138,15896,2824,18720,216
2021-08-31,Calaveras,9,45235,3035,3008,23,3031,59
2021-08-31,Colusa,11,21464,2285,2275,497,2772,16
2021-08-31,Contra Costa,13,1133247,90006,89546,1842,91388,871
2021-08-31,Del Norte,15,27424,2886,2830,13,2843,19
2021-08-31,El Dorado,17,186661,13632,13539,1302,14841,119
2021-08-31,Fresno,19,978130,117940,117155,10488,127643,1801
2021-08-31,Glenn,21,27897,2853,2829,759,3588,20
2021-08-31,Humboldt,23,135768,7127,7030,328,7358,52
2021-08-31,Imperial,25,180216,30444,30348,3023,33371,750
2021-08-31,Inyo,27,18085,1561,1550,7,1557,39
2021-08-31,Kern,29,883053,108878,108151,15241,123392,1393
2021-08-31,Kings,31,150075,26621,26405,1562,27967,260
2021-08-31,Lake,33,64148,5425,5359,60,5419,74
2021-08-31,Lassen,35,31185,5747,5702,172,5874,21
2021-08-31,Los Angeles,37,10098052,1350826,1346686,52743,1399429,25303
2021-08-31,Madera,39,155013,18929,18811,1373,20184,247
2021-08-31,Marin,41,260295,16234,16215,373,16588,240
2021-08-31,Mariposa,43,17540,743,732,20,752,5
2021-08-31,Mendocino,45,87422,5844,5777,212,5989,59
2021-08-31,Merced,47,269075,35803,35512,1229,36741,498
2021-08-31,Modoc,49,8938,437,436,157,593,5
2021-08-31,Mono,51,14174,1405,1398,15,1413,3
2021-08-31,Monterey,53,433212,45642,45550,2596,48146,539
2021-08-31,Napa,55,140530,11678,11618,68,11686,88
2021-08-31,Nevada,57,99092,7566,7460,248,7708,82
2021-08-31,Orange,59,3164182,286261,285310,13516,298826,5229
2021-08-31,Placer,61,380077,31046,30745,2763,33508,325
2021-08-31,Plumas,63,18699,1041,1018,20,1038,5
2021-08-31,Riverside,65,2383286,330094,328556,16182,344738,4627
2021-08-31,Sacramento,67,1510023,139219,137879,3181,141060,1863
2021-08-31,San Benito,69,59416,6732,6694,139,6833,64
2021-08-31,San Bernardino,71,2135413,326843,325446,10292,335738,5350
2021-08-31,San Diego,73,3302833,336328,334377,0,334377,3888
2021-08-31,San Francisco,75,870044,47654,47440,2265,49705,581
2021-08-31,San Joaquin,77,732212,87984,87365,4637,92002,1540
2021-08-31,San Luis Obispo,79,281455,25826,25518,1039,26557,282
2021-08-31,San Mateo,81,765935,49478,49299,1027,50326,556
2021-08-31,Santa Barbara,83,443738,39372,39091,1599,40690,481
2021-08-31,Santa Clara,85,1922200,135185,134637,1067,135704,1793
2021-08-31,Santa Cruz,87,273765,18473,18419,1019,19438,210
2021-08-31,Shasta,89,179085,15667,15368,2390,17758,220
2021-08-31,Sierra,91,2930,103,95,15,110,0
2021-08-31,Siskiyou,93,43540,2502,2435,776,3211,33
2021-08-31,Solano,95,438530,41271,41067,1014,42081,289
2021-08-31,Sonoma,97,501317,37541,37379,460,37839,352
2021-08-31,Stanislaus,99,539301,67509,67004,7487,74491,1075
2021-08-31,Sutter,101,95872,11964,11901,159,12060,136
2021-08-31,Tehama,103,63373,6263,6169,946,7115,72
2021-08-31,Trinity,105,12862,483,480,121,601,3
2021-08-31,Tulare,107,460477,56068,55567,11817,67384,870
2021-08-31,Tuolumne,109,53932,5567,5516,182,5698,88
2021-08-31,Ventura,111,848112,90596,90292,4093,94385,1081
2021-08-31,Yolo,113,214977,17353,17205,789,17994,234
2021-08-31,Yuba,115,75493,8346,8253,165,8418,54
2021-08-30,Alameda,1,1643700,109235,107734,2679,110413,1296
2021-08-30,Alpine,3,1148,92,92,0,92,0
2021-08-30,Amador,5,37829,4598,4507,42,4549,53
2021-08-30,Butte,7,227075,16062,15719,2823,18542,214
2021-08-30,Calaveras,9,45235,3027,2975,23,2998,59
2021-08-30,Colusa,11,21464,2281,2271,487,2758,16
2021-08-30,Contra Costa,13,1133247,89922,87679,1842,89521,872
2021-08-30,Del Norte,15,27424,2867,2796,13,2809,11
2021-08-30,El Dorado,17,186661,13608,13217,1301,14518,119
2021-08-30,Fresno,19,978130,117820,115867,10488,126355,1790
2021-08-30,Glenn,21,27897,2850,2804,757,3561,20
2021-08-30,Humboldt,23,135768,7098,6930,328,7258,52
2021-08-30,Imperial,25,180216,30420,30311,3023,33334,750
2021-08-30,Inyo,27,18085,1557,1544,7,1551,39
2021-08-30,Kern,29,883053,108735,107615,15241,122856,1389
2021-08-30,Kings,31,150075,26589,26236,1558,27794,259
2021-08-30,Lake,33,64148,5410,5323,60,5383,74
2021-08-30,Lassen,35,31185,5741,5667,172,5839,21
2021-08-30,Los Angeles,37,10098052,1350130,1344949,52723,1397672,25269
2021-08-30,Madera,39,155013,18914,18622,1373,19995,247
2021-08-30,Marin,41,260295,16230,16160,372,16532,240
2021-08-30,Mariposa,43,17540,741,715,20,735,5
2021-08-30,Mendocino,45,87422,5839,5721,212,5933,55
2021-08-30,Merced,47,269075,35772,35335,1228,36563,497
2021-08-30,Modoc,49,8938,437,436,155,591,5
2021-08-30,Mono,51,14174,1405,1390,15,1405,3
2021-08-30,Monterey,53,433212,45616,45463,2596,48059,539
2021-08-30,Napa,55,140530,11662,11579,68,11647,87
2021-08-30,Nevada,57,99092,7557,7356,248,7604,82
2021-08-30,Orange,59,3164182,286027,284750,13516,298266,5223
2021-08-30,Placer,61,380077,30988,29825,2763,32588,319
2021-08-30,Plumas,63,18699,1031,998,20,1018,5
2021-08-30,Riverside,65,2383286,329807,327593,16166,343759,4623
2021-08-30,Sacramento,67,1510023,138989,134571,3181,137752,1847
2021-08-30,San Benito,69,59416,6730,6663,139,6802,64
2021-08-30,San Bernardino,71,2135413,326625,324870,10283,335153,5348
2021-08-30,San Diego,73,3302833,335722,333011,0,333011,3885
2021-08-30,San Francisco,75,870044,47598,46966,2265,49231,581
2021-08-30,San Joaquin,77,732212,87866,86203,4637,90840,1528
2021-08-30,San Luis Obispo,79,281455,25718,25422,1034,26456,280
2021-08-30,San Mateo,81,765935,49449,48839,1027,49866,554
2021-08-30,Santa Barbara,83,443738,39285,38998,1599,40597,481
2021-08-30,Santa Clara,85,1922200,135028,133281,1066,134347,1789
2021-08-30,Santa Cruz,87,273765,18465,18326,1019,19345,210
2021-08-30,Shasta,89,179085,15633,15238,2381,17619,217
2021-08-30,Sierra,91,2930,101,91,15,106,0
2021-08-30,Siskiyou,93,43540,2497,2411,772,3183,33
2021-08-30,Solano,95,438530,41245,39986,1014,41000,290
2021-08-30,Sonoma,97,501317,37511,36764,459,37223,352
2021-08-30,Stanislaus,99,539301,67404,66173,7485,73658,1074
2021-08-30,Sutter,101,95872,11942,11791,158,11949,136
2021-08-30,Tehama,103,63373,6252,6085,940,7025,71
2021-08-30,Trinity,105,12862,483,468,121,589,3
2021-08-30,Tulare,107,460477,55981,55140,11802,66942,870
2021-08-30,Tuolumne,109,53932,5555,5492,182,5674,74
2021-08-30,Ventura,111,848112,90519,90149,4093,94242,1082
2021-08-30,Yolo,113,214977,17327,17071,789,17860,231
2021-08-30,Yuba,115,75493,8319,8129,165,8294,54
2021-08-29,Alameda,1,1643700,108957,107494,2669,110163,1296
2021-08-29,Alpine,3,1148,92,92,0,92,0
2021-08-29,Amador,5,37829,4588,4501,42,4543,53
2021-08-29,Butte,7,227075,15919,15602,2796,18398,214
2021-08-29,Calaveras,9,45235,3006,2970,23,2993,59
2021-08-29,Colusa,11,21464,2277,2260,482,2742,16
2021-08-29,Contra Costa,13,1133247,89693,87439,1842,89281,872
2021-08-29,Del Norte,15,27424,2844,2752,13,2765,11
2021-08-29,El Dorado,17,186661,13562,13166,1300,14466,119
2021-08-29,Fresno,19,978130,117440,115502,10473,125975,1790
2021-08-29,Glenn,21,27897,2830,2778,751,3529,20
2021-08-29,Humboldt,23,135768,7068,6922,317,7239,52
2021-08-29,Imperial,25,180216,30354,30293,3022,33315,750
2021-08-29,Inyo,27,18085,1551,1543,6,1549,39
2021-08-29,Kern,29,883053,108447,107324,15237,122561,1389
2021-08-29,Kings,31,150075,26447,26143,1551,27694,259
2021-08-29,Lake,33,64148,5363,5293,59,5352,74
2021-08-29,Lassen,35,31185,5724,5666,168,5834,21
2021-08-29,Los Angeles,37,10098052,1347834,1342541,52635,1395176,25263
2021-08-29,Madera,39,155013,18853,18594,1363,19957,247
2021-08-29,Marin,41,260295,16209,16134,371,16505,240
2021-08-29,Mariposa,43,17540,738,709,19,728,5
2021-08-29,Mendocino,45,87422,5796,5689,208,5897,55
2021-08-29,Merced,47,269075,35590,35250,1222,36472,497
2021-08-29,Modoc,49,8938,436,436,155,591,5
2021-08-29,Mono,51,14174,1396,1387,15,1402,3
2021-08-29,Monterey,53,433212,45555,45424,2592,48016,539
2021-08-29,Napa,55,140530,11626,11552,68,11620,87
2021-08-29,Nevada,57,99092,7491,7294,248,7542,82
2021-08-29,Orange,59,3164182,285615,284432,13511,297943,5223
2021-08-29,Placer,61,380077,30870,29674,2763,32437,319
2021-08-29,Plumas,63,18699,1023,996,20,1016,5
2021-08-29,Riverside,65,2383286,329141,326987,16149,343136,4623
2021-08-29,Sacramento,67,1510023,138315,133981,3171,137152,1843
2021-08-29,San Benito,69,59416,6705,6646,139,6785,64
2021-08-29,San Bernardino,71,2135413,325835,324266,10278,334544,5347
2021-08-29,San Diego,73,3302833,335011,332014,0,332014,3880
2021-08-29,San Francisco,75,870044,47479,46885,2254,49139,581
2021-08-29,San Joaquin,77,732212,87453,85922,4630,90552,1528
2021-08-29,San Luis Obispo,79,281455,25533,25288,1029,26317,280
2021-08-29,San Mateo,81,765935,49372,48737,1024,49761,554
2021-08-29,Santa Barbara,83,443738,39168,38900,1597,40497,481
2021-08-29,Santa Clara,85,1922200,134680,132979,1063,134042,1789
2021-08-29,Santa Cruz,87,273765,18425,18285,1018,19303,210
2021-08-29,Shasta,89,179085,15498,15198,2354,17552,217
2021-08-29,Sierra,91,2930,97,91,15,106,0
2021-08-29,Siskiyou,93,43540,2485,2407,764,3171,33
2021-08-29,Solano,95,438530,41125,39887,1012,40899,290
2021-08-29,Sonoma,97,501317,37411,36650,459,37109,352
2021-08-29,Stanislaus,99,539301,67133,65956,7476,73432,1074
2021-08-29,Sutter,101,95872,11908,11719,158,11877,136
2021-08-29,Tehama,103,63373,6184,6040,928,6968,71
2021-08-29,Trinity,105,12862,481,468,120,588,3
2021-08-29,Tulare,107,460477,55674,54974,11735,66709,870
2021-08-29,Tuolumne,109,53932,5525,5478,182,5660,74
2021-08-29,Ventura,111,848112,90396,90114,4092,94206,1082
2021-08-29,Yolo,113,214977,17239,17015,786,17801,231
2021-08-29,Yuba,115,75493,8271,8042,165,8207,54
2021-08-28,Alameda,1,1643700,108855,107007,2659,109666,1296
2021-08-28,Alpine,3,1148,92,92,0,92,0
2021-08-28,Amador,5,37829,4578,4484,42,4526,53
2021-08-28,Butte,7,227075,15896,15487,2776,18263,214
2021-08-28,Calaveras,9,45235,2999,2926,23,2949,59
2021-08-28,Colusa,11,21464,2274,2252,482,2734,16
2021-08-28,Contra Costa,13,1133247,89535,86938,1840,88778,872
2021-08-28,Del Norte,15,27424,2832,2734,12,2746,11
2021-08-28,El Dorado,17,186661,13535,13089,1293,14382,119
2021-08-28,Fresno,19,978130,117308,115079,10460,125539,1792
2021-08-28,Glenn,21,27897,2826,2773,751,3524,20
2021-08-28,Humboldt,23,135768,7055,6887,317,7204,52
2021-08-28,Imperial,25,180216,30340,30260,3016,33276,750
2021-08-28,Inyo,27,18085,1550,1539,6,1545,39
2021-08-28,Kern,29,883053,108255,107012,15222,122234,1389
2021-08-28,Kings,31,150075,26415,26059,1551,27610,257
2021-08-28,Lake,33,64148,5353,5267,59,5326,74
2021-08-28,Lassen,35,31185,5719,5665,167,5832,21
2021-08-28,Los Angeles,37,10098052,1347054,1337097,52560,1389657,25234
2021-08-28,Madera,39,155013,18837,18553,1351,19904,247
2021-08-28,Marin,41,260295,16203,16106,369,16475,240
2021-08-28,Mariposa,43,17540,736,704,19,723,5
2021-08-28,Mendocino,45,87422,5779,5658,208,5866,55
2021-08-28,Merced,47,269075,35561,35108,1219,36327,497
2021-08-28,Modoc,49,8938,436,436,154,590,5
2021-08-28,Mono,51,14174,1394,1385,15,1400,3
2021-08-28,Monterey,53,433212,45538,45394,2590,47984,539
2021-08-28,Napa,55,140530,11611,11512,67,11579,88
2021-08-28,Nevada,57,99092,7484,7238,247,7485,82
2021-08-28,Orange,59,3164182,285315,283953,13487,297440,5222
2021-08-28,Placer,61,380077,30776,29428,2759,32187,319
2021-08-28,Plumas,63,18699,1020,991,20,1011,5
2021-08-28,Riverside,65,2383286,328658,326222,16138,342360,4623
2021-08-28,Sacramento,67,1510023,137974,132985,3158,136143,1844
2021-08-28,San Benito,69,59416,6698,6636,139,6775,64
2021-08-28,San Bernardino,71,2135413,325607,323672,10263,333935,5348
2021-08-28,San Diego,73,3302833,334594,331330,0,331330,3880
2021-08-28,San Francisco,75,870044,47429,46654,2248,48902,581
2021-08-28,San Joaquin,77,732212,87357,85481,4628,90109,1527
2021-08-28,San Luis Obispo,79,281455,25487,25138,1026,26164,280
2021-08-28,San Mateo,81,765935,49331,48575,1023,49598,554
2021-08-28,Santa Barbara,83,443738,39115,38780,1597,40377,481
2021-08-28,Santa Clara,85,1922200,134560,132488,1063,133551,1789
2021-08-28,Santa Cruz,87,273765,18414,18240,1014,19254,210
2021-08-28,Shasta,89,179085,15472,15147,2348,17495,217
2021-08-28,Sierra,91,2930,96,91,15,106,0
2021-08-28,Siskiyou,93,43540,2480,2402,754,3156,33
2021-08-28,Solano,95,438530,41094,39610,1011,40621,290
2021-08-28,Sonoma,97,501317,37374,36466,459,36925,352
2021-08-28,Stanislaus,99,539301,67046,65670,7457,73127,1074
2021-08-28,Sutter,101,95872,11892,11669,158,11827,136
2021-08-28,Tehama,103,63373,6166,6004,926,6930,71
2021-08-28,Trinity,105,12862,479,463,120,583,3
2021-08-28,Tulare,107,460477,55621,54746,11712,66458,870
2021-08-28,Tuolumne,109,53932,5517,5469,182,5651,74
2021-08-28,Ventura,111,848112,90303,89934,4090,94024,1081
2021-08-28,Yolo,113,214977,17217,16907,778,17685,231
2021-08-28,Yuba,115,75493,8249,7985,164,8149,55
2021-08-27,Alameda,1,1643700,108717,106622,2657,109279,1296
2021-08-27,Alpine,3,1148,92,92,0,92,0
2021-08-27,Amador,5,37829,4565,4458,42,4500,53
2021-08-27,Butte,7,227075,15832,15277,2762,18039,214
2021-08-27,Calaveras,9,45235,2986,2903,23,2926,59
2021-08-27,Colusa,11,21464,2271,2240,482,2722,16
2021-08-27,Contra Costa,13,1133247,89373,86386,1839,88225,872
2021-08-27,Del Norte,15,27424,2804,2695,12,2707,11
2021-08-27,El Dorado,17,186661,13501,12968,1291,14259,119
2021-08-27,Fresno,19,978130,116924,114481,10443,124924,1774
2021-08-27,Glenn,21,27897,2811,2754,745,3499,20
2021-08-27,Humboldt,23,135768,7026,6782,317,7099,52
2021-08-27,Imperial,25,180216,30328,30201,3014,33215,750
2021-08-27,Inyo,27,18085,1550,1529,6,1535,39
2021-08-27,Kern,29,883053,107990,106570,15205,121775,1385
2021-08-27,Kings,31,150075,26371,25957,1550,27507,257
2021-08-27,Lake,33,64148,5340,5228,59,5287,74
2021-08-27,Lassen,35,31185,5712,5646,167,5813,21
2021-08-27,Los Angeles,37,10098052,1345597,1337006,52505,1389511,25230
2021-08-27,Madera,39,155013,18788,18476,1342,19818,247
2021-08-27,Marin,41,260295,16194,16055,367,16422,240
2021-08-27,Mariposa,43,17540,731,690,19,709,5
2021-08-27,Mendocino,45,87422,5762,5602,207,5809,55
2021-08-27,Merced,47,269075,35518,34906,1219,36125,495
2021-08-27,Modoc,49,8938,436,434,154,588,5
2021-08-27,Mono,51,14174,1388,1385,15,1400,3
2021-08-27,Monterey,53,433212,45509,45337,2586,47923,539
2021-08-27,Napa,55,140530,11584,11460,67,11527,87
2021-08-27,Nevada,57,99092,7448,7169,246,7415,82
2021-08-27,Orange,59,3164182,285015,283407,13467,296874,5206
2021-08-27,Placer,61,380077,30671,29157,2753,31910,320
2021-08-27,Plumas,63,18699,1015,984,20,1004,5
2021-08-27,Riverside,65,2383286,328216,325379,16126,341505,4622
2021-08-27,Sacramento,67,1510023,137550,131921,3139,135060,1838
2021-08-27,San Benito,69,59416,6693,6622,139,6761,64
2021-08-27,San Bernardino,71,2135413,325212,322893,10243,333136,5342
2021-08-27,San Diego,73,3302833,333958,330162,0,330162,3877
2021-08-27,San Francisco,75,870044,47373,46456,2236,48692,581
2021-08-27,San Joaquin,77,732212,87225,84949,4620,89569,1524
2021-08-27,San Luis Obispo,79,281455,25454,24952,1024,25976,280
2021-08-27,San Mateo,81,765935,49268,48424,1020,49444,553
2021-08-27,Santa Barbara,83,443738,39043,38675,1595,40270,480
2021-08-27,Santa Clara,85,1922200,134404,132011,1059,133070,1783
2021-08-27,Santa Cruz,87,273765,18389,18163,1011,19174,210
2021-08-27,Shasta,89,179085,15429,14996,2344,17340,217
2021-08-27,Sierra,91,2930,96,91,15,106,0
2021-08-27,Siskiyou,93,43540,2472,2358,746,3104,33
2021-08-27,Solano,95,438530,41012,39347,1008,40355,287
2021-08-27,Sonoma,97,501317,37308,36326,459,36785,342
2021-08-27,Stanislaus,99,539301,66901,65167,7435,72602,1061
2021-08-27,Sutter,101,95872,11858,11590,157,11747,135
2021-08-27,Tehama,103,63373,6144,5964,920,6884,71
2021-08-27,Trinity,105,12862,479,458,119,577,3
2021-08-27,Tulare,107,460477,55527,54443,11671,66114,870
2021-08-27,Tuolumne,109,53932,5503,5438,182,5620,74
2021-08-27,Ventura,111,848112,90207,89774,4084,93858,1076
2021-08-27,Yolo,113,214977,17186,16805,774,17579,231
2021-08-27,Yuba,115,75493,8193,7926,163,8089,54
2021-08-26,Alameda,1,1643700,108426,106146,2648,108794,1296
2021-08-26,Alpine,3,1148,92,92,0,92,0
2021-08-26,Amador,5,37829,4554,4442,42,4484,53
2021-08-26,Butte,7,227075,15687,15159,2737,17896,214
2021-08-26,Calaveras,9,45235,2976,2873,23,2896,59
2021-08-26,Colusa,11,21464,2265,2234,482,2716,16
2021-08-26,Contra Costa,13,1133247,89031,85808,1831,87639,866
2021-08-26,Del Norte,15,27424,2773,2625,12,2637,8
2021-08-26,El Dorado,17,186661,13436,12863,1272,14135,118
2021-08-26,Fresno,19,978130,116464,113854,10406,124260,1770
2021-08-26,Glenn,21,27897,2794,2740,730,3470,20
2021-08-26,Humboldt,23,135768,6981,6695,306,7001,53
2021-08-26,Imperial,25,180216,30301,30121,3007,33128,748
2021-08-26,Inyo,27,18085,1541,1521,5,1526,39
2021-08-26,Kern,29,883053,107591,106051,15137,121188,1380
2021-08-26,Kings,31,150075,26269,25838,1541,27379,260
2021-08-26,Lake,33,64148,5321,5196,58,5254,74
2021-08-26,Lassen,35,31185,5705,5626,165,5791,21
2021-08-26,Los Angeles,37,10098052,1343272,1334372,52401,1386773,25199
2021-08-26,Madera,39,155013,18717,18393,1332,19725,247
2021-08-26,Marin,41,260295,16170,15983,364,16347,240
2021-08-26,Mariposa,43,17540,722,677,19,696,5
2021-08-26,Mendocino,45,87422,5731,5533,200,5733,55
2021-08-26,Merced,47,269075,35354,34755,1207,35962,495
2021-08-26,Modoc,49,8938,436,433,154,587,5
2021-08-26,Mono,51,14174,1387,1385,15,1400,3
2021-08-26,Monterey,53,433212,45461,45265,2577,47842,539
2021-08-26,Napa,55,140530,11559,11394,67,11461,87
2021-08-26,Nevada,57,99092,7402,7086,246,7332,80
2021-08-26,Orange,59,3164182,284588,282814,13452,296266,5200
2021-08-26,Placer,61,380077,30529,28898,2749,31647,319
2021-08-26,Plumas,63,18699,1010,971,20,991,5
2021-08-26,Riverside,65,2383286,327496,324486,16110,340596,4615
2021-08-26,Sacramento,67,1510023,136971,130977,3099,134076,1827
2021-08-26,San Benito,69,59416,6684,6604,139,6743,64
2021-08-26,San Bernardino,71,2135413,324606,322100,10222,332322,5339
2021-08-26,San Diego,73,3302833,333077,328276,0,328276,3869
2021-08-26,San Francisco,75,870044,47273,46288,2234,48522,581
2021-08-26,San Joaquin,77,732212,86882,84429,4616,89045,1513
2021-08-26,San Luis Obispo,79,281455,25304,24831,1018,25849,278
2021-08-26,San Mateo,81,765935,49157,48263,1020,49283,553
2021-08-26,Santa Barbara,83,443738,38984,38566,1595,40161,479
2021-08-26,Santa Clara,85,1922200,134136,131443,1058,132501,1782
2021-08-26,Santa Cruz,87,273765,18334,18072,1009,19081,210
2021-08-26,Shasta,89,179085,15333,14891,2323,17214,217
2021-08-26,Sierra,91,2930,95,90,15,105,0
2021-08-26,Siskiyou,93,43540,2463,2342,739,3081,33
2021-08-26,Solano,95,438530,40879,39027,1006,40033,286
2021-08-26,Sonoma,97,501317,37215,36102,459,36561,337
2021-08-26,Stanislaus,99,539301,66623,64785,7413,72198,1061
2021-08-26,Sutter,101,95872,11805,11499,156,11655,135
2021-08-26,Tehama,103,63373,6081,5913,907,6820,68
2021-08-26,Trinity,105,12862,478,450,117,567,3
2021-08-26,Tulare,107,460477,55294,54157,11627,65784,870
2021-08-26,Tuolumne,109,53932,5492,5387,182,5569,74
2021-08-26,Ventura,111,848112,90071,89595,4072,93667,1080
2021-08-26,Yolo,113,214977,17115,16727,768,17495,231
2021-08-26,Yuba,115,75493,8126,7834,161,7995,54
2021-08-25,Alameda,1,1643700,108157,105636,2636,108272,1296
2021-08-25,Alpine,3,1148,92,92,0,92,0
2021-08-25,Amador,5,37829,4544,4415,42,4457,53
2021-08-25,Butte,7,227075,15585,15039,2707,17746,214
2021-08-25,Calaveras,9,45235,2961,2851,22,2873,59
2021-08-25,Colusa,11,21464,2260,2227,480,2707,16
2021-08-25,Contra Costa,13,1133247,88673,85322,1826,87148,863
2021-08-25,Del Norte,15,27424,2738,2573,12,2585,8
2021-08-25,El Dorado,17,186661,13366,12787,1254,14041,118
2021-08-25,Fresno,19,978130,115943,113384,10354,123738,1761
2021-08-25,Glenn,21,27897,2768,2728,717,3445,20
2021-08-25,Humboldt,23,135768,6936,6653,297,6950,52
2021-08-25,Imperial,25,180216,30269,30085,3007,33092,748
2021-08-25,Inyo,27,18085,1538,1518,5,1523,39
2021-08-25,Kern,29,883053,107221,105687,15044,120731,1379
2021-08-25,Kings,31,150075,26177,25676,1531,27207,258
2021-08-25,Lake,33,64148,5294,5163,55,5218,74
2021-08-25,Lassen,35,31185,5696,5583,164,5747,21
2021-08-25,Los Angeles,37,10098052,1340562,1331400,52288,1383688,25170
2021-08-25,Madera,39,155013,18658,18311,1313,19624,247
2021-08-25,Marin,41,260295,16152,15938,360,16298,240
2021-08-25,Mariposa,43,17540,717,676,19,695,5
2021-08-25,Mendocino,45,87422,5703,5486,194,5680,53
2021-08-25,Merced,47,269075,35214,34600,1204,35804,492
2021-08-25,Modoc,49,8938,436,433,154,587,5
2021-08-25,Mono,51,14174,1385,1382,15,1397,3
2021-08-25,Monterey,53,433212,45413,45196,2567,47763,539
2021-08-25,Napa,55,140530,11533,11348,67,11415,87
2021-08-25,Nevada,57,99092,7343,7000,246,7246,77
2021-08-25,Orange,59,3164182,284163,282061,13424,295485,5193
2021-08-25,Placer,61,380077,30381,28740,2730,31470,319
2021-08-25,Plumas,63,18699,994,962,19,981,5
2021-08-25,Riverside,65,2383286,326709,323548,16092,339640,4610
2021-08-25,Sacramento,67,1510023,136161,130046,3054,133100,1827
2021-08-25,San Benito,69,59416,6664,6587,138,6725,64
2021-08-25,San Bernardino,71,2135413,323985,321228,10204,331432,5337
2021-08-25,San Diego,73,3302833,331918,327166,0,327166,3859
2021-08-25,San Francisco,75,870044,47139,46107,2227,48334,578
2021-08-25,San Joaquin,77,732212,86532,84002,4608,88610,1510
2021-08-25,San Luis Obispo,79,281455,25119,24607,1012,25619,276
2021-08-25,San Mateo,81,765935,49057,48153,1018,49171,553
2021-08-25,Santa Barbara,83,443738,38891,38450,1594,40044,479
2021-08-25,Santa Clara,85,1922200,133814,130995,1053,132048,1783
2021-08-25,Santa Cruz,87,273765,18281,17987,1005,18992,210
2021-08-25,Shasta,89,179085,15237,14752,2301,17053,217
2021-08-25,Sierra,91,2930,95,90,15,105,0
2021-08-25,Siskiyou,93,43540,2412,2322,714,3036,33
2021-08-25,Solano,95,438530,40712,38848,998,39846,286
2021-08-25,Sonoma,97,501317,37084,35986,456,36442,336
2021-08-25,Stanislaus,99,539301,66367,64441,7380,71821,1061
2021-08-25,Sutter,101,95872,11743,11451,151,11602,134
2021-08-25,Tehama,103,63373,6023,5861,890,6751,68
2021-08-25,Trinity,105,12862,473,450,117,567,3
2021-08-25,Tulare,107,460477,55028,53877,11559,65436,866
2021-08-25,Tuolumne,109,53932,5471,5354,182,5536,74
2021-08-25,Ventura,111,848112,89906,89379,4059,93438,1068
2021-08-25,Yolo,113,214977,17052,16667,764,17431,231
2021-08-25,Yuba,115,75493,8054,7771,161,7932,54
2021-08-24,Alameda,1,1643700,107855,105319,2628,107947,1296
2021-08-24,Alpine,3,1148,92,92,0,92,0
2021-08-24,Amador,5,37829,4528,4380,42,4422,50
2021-08-24,Butte,7,227075,15439,14964,2675,17639,214
2021-08-24,Calaveras,9,45235,2922,2811,21,2832,59
2021-08-24,Colusa,11,21464,2256,2221,477,2698,16
2021-08-24,Contra Costa,13,1133247,88354,84963,1821,86784,857
2021-08-24,Del Norte,15,27424,2715,2543,11,2554,8
2021-08-24,El Dorado,17,186661,13286,12732,1234,13966,118
2021-08-24,Fresno,19,978130,115370,113024,10306,123330,1761
2021-08-24,Glenn,21,27897,2755,2717,704,3421,20
2021-08-24,Humboldt,23,135768,6881,6585,287,6872,52
2021-08-24,Imperial,25,180216,30216,30045,3005,33050,748
2021-08-24,Inyo,27,18085,1533,1512,5,1517,39
2021-08-24,Kern,29,883053,106806,105399,14947,120346,1375
2021-08-24,Kings,31,150075,26063,25629,1516,27145,258
2021-08-24,Lake,33,64148,5265,5135,55,5190,72
2021-08-24,Lassen,35,31185,5675,5576,163,5739,21
2021-08-24,Los Angeles,37,10098052,1337780,1328777,52193,1380970,25135
2021-08-24,Madera,39,155013,18583,18251,1298,19549,247
2021-08-24,Marin,41,260295,16124,15900,358,16258,240
2021-08-24,Mariposa,43,17540,711,670,19,689,5
2021-08-24,Mendocino,45,87422,5668,5416,186,5602,52
2021-08-24,Merced,47,269075,35067,34490,1193,35683,491
2021-08-24,Modoc,49,8938,436,432,154,586,5
2021-08-24,Mono,51,14174,1383,1382,15,1397,3
2021-08-24,Monterey,53,433212,45375,45126,2555,47681,539
2021-08-24,Napa,55,140530,11520,11299,67,11366,85
2021-08-24,Nevada,57,99092,7292,6981,244,7225,77
2021-08-24,Orange,59,3164182,283674,281461,13406,294867,5187
2021-08-24,Placer,61,380077,30209,28618,2690,31308,318
2021-08-24,Plumas,63,18699,982,953,19,972,5
2021-08-24,Riverside,65,2383286,325884,322620,16066,338686,4605
2021-08-24,Sacramento,67,1510023,135425,129542,2991,132533,1812
2021-08-24,San Benito,69,59416,6651,6576,138,6714,64
2021-08-24,San Bernardino,71,2135413,323394,320300,10173,330473,5328
2021-08-24,San Diego,73,3302833,330534,325823,0,325823,3851
2021-08-24,San Francisco,75,870044,46986,46010,2215,48225,574
2021-08-24,San Joaquin,77,732212,86129,83684,4586,88270,1508
2021-08-24,San Luis Obispo,79,281455,24978,24443,999,25442,274
2021-08-24,San Mateo,81,765935,48925,48050,1018,49068,553
2021-08-24,Santa Barbara,83,443738,38800,38307,1593,39900,478
2021-08-24,Santa Clara,85,1922200,133419,130763,1049,131812,1779
2021-08-24,Santa Cruz,87,273765,18223,17928,996,18924,209
2021-08-24,Shasta,89,179085,15151,14664,2273,16937,217
2021-08-24,Sierra,91,2930,95,90,15,105,0
2021-08-24,Siskiyou,93,43540,2395,2294,704,2998,33
2021-08-24,Solano,95,438530,40539,38724,994,39718,283
2021-08-24,Sonoma,97,501317,36984,35849,455,36304,336
2021-08-24,Stanislaus,99,539301,66042,64195,7344,71539,1058
2021-08-24,Sutter,101,95872,11679,11384,148,11532,134
2021-08-24,Tehama,103,63373,5985,5826,873,6699,67
2021-08-24,Trinity,105,12862,463,446,111,557,3
2021-08-24,Tulare,107,460477,54727,53702,11500,65202,856
2021-08-24,Tuolumne,109,53932,5449,5287,182,5469,74
2021-08-24,Ventura,111,848112,89745,89167,4048,93215,1068
2021-08-24,Yolo,113,214977,16981,16492,759,17251,231
2021-08-24,Yuba,115,75493,7974,7723,159,7882,54
2021-08-23,Alameda,1,1643700,107494,104922,2616,107538,1294
2021-08-23,Alpine,3,1148,92,91,0,91,0
2021-08-23,Amador,5,37829,4514,4369,42,4411,50
2021-08-23,Butte,7,227075,15314,14847,2645,17492,211
2021-08-23,Calaveras,9,45235,2889,2803,21,2824,59
2021-08-23,Colusa,11,21464,2253,2206,475,2681,16
2021-08-23,Contra Costa,13,1133247,88009,84651,1815,86466,857
2021-08-23,Del Norte,15,27424,2672,2499,11,2510,8
2021-08-23,El Dorado,17,186661,13186,12684,1210,13894,118
2021-08-23,Fresno,19,978130,114845,112445,10265,122710,1759
2021-08-23,Glenn,21,27897,2741,2696,693,3389,20
2021-08-23,Humboldt,23,135768,6813,6498,270,6768,52
2021-08-23,Imperial,25,180216,30175,30011,3003,33014,748
2021-08-23,Inyo,27,18085,1526,1509,5,1514,39
2021-08-23,Kern,29,883053,106404,104995,14855,119850,1375
2021-08-23,Kings,31,150075,25950,25465,1510,26975,257
2021-08-23,Lake,33,64148,5231,5099,54,5153,69
2021-08-23,Lassen,35,31185,5663,5562,163,5725,21
2021-08-23,Los Angeles,37,10098052,1335054,1326412,52062,1378474,25096
2021-08-23,Madera,39,155013,18515,18155,1285,19440,246
2021-08-23,Marin,41,260295,16088,15856,351,16207,240
2021-08-23,Mariposa,43,17540,702,645,19,664,5
2021-08-23,Mendocino,45,87422,5610,5374,178,5552,51
2021-08-23,Merced,47,269075,34874,34322,1189,35511,488
2021-08-23,Modoc,49,8938,433,431,153,584,6
2021-08-23,Mono,51,14174,1380,1384,15,1399,3
2021-08-23,Monterey,53,433212,45298,45047,2526,47573,538
2021-08-23,Napa,55,140530,11486,11257,67,11324,85
2021-08-23,Nevada,57,99092,7222,6930,242,7172,77
2021-08-23,Orange,59,3164182,283128,280891,13380,294271,5181
2021-08-23,Placer,61,380077,30032,28540,2650,31190,314
2021-08-23,Plumas,63,18699,969,934,19,953,5
2021-08-23,Riverside,65,2383286,325053,321650,16038,337688,4598
2021-08-23,Sacramento,67,1510023,134578,128969,2917,131886,1807
2021-08-23,San Benito,69,59416,6633,6562,136,6698,64
2021-08-23,San Bernardino,71,2135413,322696,319577,10140,329717,5324
2021-08-23,San Diego,73,3302833,329153,324536,0,324536,3848
2021-08-23,San Francisco,75,870044,46855,45945,2202,48147,573
2021-08-23,San Joaquin,77,732212,85721,83466,4565,88031,1499
2021-08-23,San Luis Obispo,79,281455,24802,24317,997,25314,274
2021-08-23,San Mateo,81,765935,48809,47935,1009,48944,553
2021-08-23,Santa Barbara,83,443738,38676,38181,1591,39772,478
2021-08-23,Santa Clara,85,1922200,133052,130489,1044,131533,1778
2021-08-23,Santa Cruz,87,273765,18169,17871,993,18864,209
2021-08-23,Shasta,89,179085,15041,14537,2230,16767,216
2021-08-23,Sierra,91,2930,95,90,15,105,0
2021-08-23,Siskiyou,93,43540,2378,2274,684,2958,33
2021-08-23,Solano,95,438530,40414,38612,986,39598,283
2021-08-23,Sonoma,97,501317,36899,35769,453,36222,336
2021-08-23,Stanislaus,99,539301,65706,63922,7316,71238,1058
2021-08-23,Sutter,101,95872,11602,11314,140,11454,133
2021-08-23,Tehama,103,63373,5940,5805,852,6657,67
2021-08-23,Trinity,105,12862,463,435,108,543,3
2021-08-23,Tulare,107,460477,54449,53370,11437,64807,856
2021-08-23,Tuolumne,109,53932,5411,5240,182,5422,73
2021-08-23,Ventura,111,848112,89561,88960,4036,92996,1063
2021-08-23,Yolo,113,214977,16906,16445,746,17191,226
2021-08-23,Yuba,115,75493,7901,7653,158,7811,54
2021-08-22,Alameda,1,1643700,107109,104539,2575,107114,1294
2021-08-22,Alpine,3,1148,92,91,0,91,0
2021-08-22,Amador,5,37829,4485,4349,42,4391,50
2021-08-22,Butte,7,227075,15189,14791,2601,17392,211
2021-08-22,Calaveras,9,45235,2852,2771,21,2792,59
2021-08-22,Colusa,11,21464,2246,2201,471,2672,16
2021-08-22,Contra Costa,13,1133247,87519,84371,1803,86174,857
2021-08-22,Del Norte,15,27424,2618,2455,11,2466,8
2021-08-22,El Dorado,17,186661,13089,12629,1188,13817,118
2021-08-22,Fresno,19,978130,114254,112057,10201,122258,1759
2021-08-22,Glenn,21,27897,2723,2678,685,3363,20
2021-08-22,Humboldt,23,135768,6736,6483,254,6737,52
2021-08-22,Imperial,25,180216,30120,29993,3002,32995,748
2021-08-22,Inyo,27,18085,1520,1505,5,1510,39
2021-08-22,Kern,29,883053,105915,104691,14757,119448,1375
2021-08-22,Kings,31,150075,25829,25391,1492,26883,257
2021-08-22,Lake,33,64148,5192,5069,51,5120,69
2021-08-22,Lassen,35,31185,5637,5556,158,5714,21
2021-08-22,Los Angeles,37,10098052,1332031,1324151,51944,1376095,25089
2021-08-22,Madera,39,155013,18431,18120,1275,19395,246
2021-08-22,Marin,41,260295,16035,15822,343,16165,240
2021-08-22,Mariposa,43,17540,692,638,17,655,5
2021-08-22,Mendocino,45,87422,5559,5336,178,5514,51
2021-08-22,Merced,47,269075,34670,34234,1181,35415,488
2021-08-22,Modoc,49,8938,433,431,153,584,6
2021-08-22,Mono,51,14174,1380,1378,15,1393,3
2021-08-22,Monterey,53,433212,45218,45017,2504,47521,538
2021-08-22,Napa,55,140530,11442,11231,67,11298,85
2021-08-22,Nevada,57,99092,7156,6864,240,7104,77
2021-08-22,Orange,59,3164182,282524,280390,13351,293741,5181
2021-08-22,Placer,61,380077,29836,28395,2616,31011,314
2021-08-22,Plumas,63,18699,950,923,18,941,5
2021-08-22,Riverside,65,2383286,324141,320836,15994,336830,4594
2021-08-22,Sacramento,67,1510023,133728,128231,2869,131100,1802
2021-08-22,San Benito,69,59416,6618,6550,136,6686,64
2021-08-22,San Bernardino,71,2135413,321856,318839,10105,328944,5324
2021-08-22,San Diego,73,3302833,327888,323591,0,323591,3848
2021-08-22,San Francisco,75,870044,46702,45831,2184,48015,573
2021-08-22,San Joaquin,77,732212,85292,83121,4554,87675,1498
2021-08-22,San Luis Obispo,79,281455,24608,24250,989,25239,274
2021-08-22,San Mateo,81,765935,48687,47821,967,48788,553
2021-08-22,Santa Barbara,83,443738,38539,38099,1584,39683,478
2021-08-22,Santa Clara,85,1922200,132658,130189,1037,131226,1778
2021-08-22,Santa Cruz,87,273765,18110,17823,989,18812,209
2021-08-22,Shasta,89,179085,14898,14478,2194,16672,216
2021-08-22,Sierra,91,2930,95,87,15,102,0
2021-08-22,Siskiyou,93,43540,2349,2261,665,2926,33
2021-08-22,Solano,95,438530,40237,38489,970,39459,283
2021-08-22,Sonoma,97,501317,36780,35676,451,36127,336
2021-08-22,Stanislaus,99,539301,65371,63683,7245,70928,1058
2021-08-22,Sutter,101,95872,11524,11251,136,11387,133
2021-08-22,Tehama,103,63373,5895,5791,831,6622,67
2021-08-22,Trinity,105,12862,456,433,106,539,3
2021-08-22,Tulare,107,460477,54169,53220,11370,64590,856
2021-08-22,Tuolumne,109,53932,5370,5214,182,5396,73
2021-08-22,Ventura,111,848112,89361,88791,4021,92812,1063
2021-08-22,Yolo,113,214977,16820,16374,739,17113,226
2021-08-22,Yuba,115,75493,7833,7626,157,7783,54
2021-08-21,Alameda,1,1643700,106940,104281,2565,106846,1294
2021-08-21,Alpine,3,1148,92,91,0,91,0
2021-08-21,Amador,5,37829,4475,4338,40,4378,50
2021-08-21,Butte,7,227075,15141,14714,2583,17297,211
2021-08-21,Calaveras,9,45235,2839,2744,21,2765,59
2021-08-21,Colusa,11,21464,2241,2192,467,2659,16
2021-08-21,Contra Costa,13,1133247,87288,84136,1798,85934,857
2021-08-21,Del Norte,15,27424,2601,2409,11,2420,8
2021-08-21,El Dorado,17,186661,13054,12590,1183,13773,118
2021-08-21,Fresno,19,978130,114062,111765,10194,121959,1759
2021-08-21,Glenn,21,27897,2721,2654,678,3332,20
2021-08-21,Humboldt,23,135768,6703,6446,248,6694,52
2021-08-21,Imperial,25,180216,30082,29976,3000,32976,748
2021-08-21,Inyo,27,18085,1517,1500,5,1505,39
2021-08-21,Kern,29,883053,105687,104443,14656,119099,1375
2021-08-21,Kings,31,150075,25766,25313,1487,26800,257
2021-08-21,Lake,33,64148,5176,5055,49,5104,69
2021-08-21,Lassen,35,31185,5626,5553,158,5711,21
2021-08-21,Los Angeles,37,10098052,1331099,1321308,51844,1373152,25080
2021-08-21,Madera,39,155013,18406,18067,1268,19335,246
2021-08-21,Marin,41,260295,16003,15775,340,16115,240
2021-08-21,Mariposa,43,17540,683,634,17,651,5
2021-08-21,Mendocino,45,87422,5525,5307,177,5484,51
2021-08-21,Merced,47,269075,34600,34148,1178,35326,488
2021-08-21,Modoc,49,8938,433,430,153,583,6
2021-08-21,Mono,51,14174,1380,1378,15,1393,3
2021-08-21,Monterey,53,433212,45182,44969,2490,47459,538
2021-08-21,Napa,55,140530,11407,11211,67,11278,85
2021-08-21,Nevada,57,99092,7120,6810,239,7049,77
2021-08-21,Orange,59,3164182,282142,279855,13320,293175,5181
2021-08-21,Placer,61,380077,29708,28289,2600,30889,314
2021-08-21,Plumas,63,18699,949,916,16,932,5
2021-08-21,Riverside,65,2383286,323606,320086,15983,336069,4594
2021-08-21,Sacramento,67,1510023,133237,127751,2857,130608,1809
2021-08-21,San Benito,69,59416,6609,6542,135,6677,64
2021-08-21,San Bernardino,71,2135413,321490,318293,10088,328381,5324
2021-08-21,San Diego,73,3302833,327271,322620,0,322620,3848
2021-08-21,San Francisco,75,870044,46616,45637,2167,47804,573
2021-08-21,San Joaquin,77,732212,85094,82825,4549,87374,1498
2021-08-21,San Luis Obispo,79,281455,24557,24169,989,25158,273
2021-08-21,San Mateo,81,765935,48603,47685,960,48645,553
2021-08-21,Santa Barbara,83,443738,38466,37951,1581,39532,478
2021-08-21,Santa Clara,85,1922200,132405,129911,1033,130944,1778
2021-08-21,Santa Cruz,87,273765,18075,17763,983,18746,209
2021-08-21,Shasta,89,179085,14832,14417,2181,16598,217
2021-08-21,Sierra,91,2930,92,85,15,100,0
2021-08-21,Siskiyou,93,43540,2337,2246,654,2900,33
2021-08-21,Solano,95,438530,40161,38423,960,39383,281
2021-08-21,Sonoma,97,501317,36712,35582,451,36033,336
2021-08-21,Stanislaus,99,539301,65192,63512,7226,70738,1058
2021-08-21,Sutter,101,95872,11483,11204,134,11338,133
2021-08-21,Tehama,103,63373,5878,5757,824,6581,67
2021-08-21,Trinity,105,12862,454,431,106,537,3
2021-08-21,Tulare,107,460477,54037,53045,11337,64382,857
2021-08-21,Tuolumne,109,53932,5342,5193,182,5375,73
2021-08-21,Ventura,111,848112,89236,88558,4009,92567,1063
2021-08-21,Yolo,113,214977,16783,16322,735,17057,226
2021-08-21,Yuba,115,75493,7797,7580,156,7736,54
2021-08-20,Alameda,1,1643700,106709,103812,2555,106367,1294
2021-08-20,Alpine,3,1148,92,91,0,91,0
2021-08-20,Amador,5,37829,4448,4323,40,4363,50
2021-08-20,Butte,7,227075,15072,14617,2560,17177,211
2021-08-20,Calaveras,9,45235,2825,2717,21,2738,59
2021-08-20,Colusa,11,21464,2236,2178,466,2644,16
2021-08-20,Contra Costa,13,1133247,87028,83721,1792,85513,857
2021-08-20,Del Norte,15,27424,2572,2316,11,2327,8
2021-08-20,El Dorado,17,186661,13025,12495,1175,13670,118
2021-08-20,Fresno,19,978130,113685,111315,10176,121491,1759
2021-08-20,Glenn,21,27897,2706,2642,676,3318,20
2021-08-20,Humboldt,23,135768,6657,6349,245,6594,52
2021-08-20,Imperial,25,180216,30061,29934,3000,32934,747
2021-08-20,Inyo,27,18085,1511,1495,5,1500,39
2021-08-20,Kern,29,883053,105426,104048,14529,118577,1373
2021-08-20,Kings,31,150075,25711,25241,1484,26725,256
2021-08-20,Lake,33,64148,5162,5024,49,5073,69
2021-08-20,Lassen,35,31185,5614,5539,158,5697,21
2021-08-20,Los Angeles,37,10098052,1329528,1317541,51743,1369284,25049
2021-08-20,Madera,39,155013,18362,18018,1253,19271,246
2021-08-20,Marin,41,260295,15985,15727,337,16064,240
2021-08-20,Mariposa,43,17540,677,630,17,647,5
2021-08-20,Mendocino,45,87422,5484,5241,175,5416,51
2021-08-20,Merced,47,269075,34548,34035,1175,35210,486
2021-08-20,Modoc,49,8938,433,429,153,582,6
2021-08-20,Mono,51,14174,1379,1368,15,1383,3
2021-08-20,Monterey,53,433212,45154,44890,2477,47367,538
2021-08-20,Napa,55,140530,11379,11152,67,11219,83
2021-08-20,Nevada,57,99092,7081,6753,235,6988,77
2021-08-20,Orange,59,3164182,281759,279193,13304,292497,5179
2021-08-20,Placer,61,380077,29620,28156,2577,30733,313
2021-08-20,Plumas,63,18699,942,908,16,924,5
2021-08-20,Riverside,65,2383286,322958,319072,15956,335028,4594
2021-08-20,Sacramento,67,1510023,132746,127226,2838,130064,1797
2021-08-20,San Benito,69,59416,6593,6508,135,6643,64
2021-08-20,San Bernardino,71,2135413,320956,317372,10061,327433,5322
2021-08-20,San Diego,73,3302833,326410,321102,0,321102,3846
2021-08-20,San Francisco,75,870044,46531,45432,2146,47578,573
2021-08-20,San Joaquin,77,732212,84876,82419,4538,86957,1496
2021-08-20,San Luis Obispo,79,281455,24491,23986,985,24971,273
2021-08-20,San Mateo,81,765935,48495,47561,952,48513,551
2021-08-20,Santa Barbara,83,443738,38386,37794,1575,39369,477
2021-08-20,Santa Clara,85,1922200,132128,129510,1029,130539,1774
2021-08-20,Santa Cruz,87,273765,18037,17701,980,18681,209
2021-08-20,Shasta,89,179085,14761,14277,2159,16436,215
2021-08-20,Sierra,91,2930,91,83,15,98,0
2021-08-20,Siskiyou,93,43540,2322,2226,650,2876,33
2021-08-20,Solano,95,438530,40049,38214,949,39163,277
2021-08-20,Sonoma,97,501317,36659,35416,450,35866,336
2021-08-20,Stanislaus,99,539301,65001,63219,7211,70430,1047
2021-08-20,Sutter,101,95872,11427,11136,133,11269,133
2021-08-20,Tehama,103,63373,5866,5730,814,6544,66
2021-08-20,Trinity,105,12862,454,422,105,527,3
2021-08-20,Tulare,107,460477,53910,52855,11295,64150,856
2021-08-20,Tuolumne,109,53932,5320,5153,181,5334,73
2021-08-20,Ventura,111,848112,89089,88285,4004,92289,1061
2021-08-20,Yolo,113,214977,16735,16236,731,16967,225
2021-08-20,Yuba,115,75493,7763,7523,156,7679,54
2021-08-19,Alameda,1,1643700,106278,103276,2531,105807,1294
2021-08-19,Alpine,3,1148,92,91,0,91,0
2021-08-19,Amador,5,37829,4442,4317,40,4357,50
2021-08-19,Butte,7,227075,14948,14518,2539,17057,211
2021-08-19,Calaveras,9,45235,2806,2673,21,2694,59
2021-08-19,Colusa,11,21464,2227,2167,462,2629,16
2021-08-19,Contra Costa,13,1133247,86607,83296,1782,85078,852
2021-08-19,Del Norte,15,27424,2526,2257,11,2268,8
2021-08-19,El Dorado,17,186661,12951,12410,1155,13565,118
2021-08-19,Fresno,19,978130,113207,110947,10139,121086,1759
2021-08-19,Glenn,21,27897,2681,2629,670,3299,20
2021-08-19,Humboldt,23,135768,6595,6246,240,6486,52
2021-08-19,Imperial,25,180216,30023,29865,2998,32863,747
2021-08-19,Inyo,27,18085,1504,1494,5,1499,39
2021-08-19,Kern,29,883053,105055,103731,14403,118134,1371
2021-08-19,Kings,31,150075,25593,25128,1471,26599,256
2021-08-19,Lake,33,64148,5136,4991,46,5037,69
2021-08-19,Lassen,35,31185,5599,5520,156,5676,21
2021-08-19,Los Angeles,37,10098052,1326811,1314453,51606,1366059,25020
2021-08-19,Madera,39,155013,18310,17947,1237,19184,246
2021-08-19,Marin,41,260295,15956,15672,332,16004,240
2021-08-19,Mariposa,43,17540,667,618,16,634,5
2021-08-19,Mendocino,45,87422,5454,5167,173,5340,51
2021-08-19,Merced,47,269075,34417,33851,1163,35014,486
2021-08-19,Modoc,49,8938,433,427,153,580,6
2021-08-19,Mono,51,14174,1375,1349,15,1364,3
2021-08-19,Monterey,53,433212,45093,44821,2458,47279,538
2021-08-19,Napa,55,140530,11327,11104,67,11171,83
2021-08-19,Nevada,57,99092,7019,6695,234,6929,77
2021-08-19,Orange,59,3164182,281182,278562,13264,291826,5172
2021-08-19,Placer,61,380077,29446,27953,2560,30513,313
2021-08-19,Plumas,63,18699,933,896,16,912,5
2021-08-19,Riverside,65,2383286,321985,318056,15931,333987,4589
2021-08-19,Sacramento,67,1510023,132006,126720,2798,129518,1801
2021-08-19,San Benito,69,59416,6575,6493,133,6626,64
2021-08-19,San Bernardino,71,2135413,320212,316398,10042,326440,5318
2021-08-19,San Diego,73,3302833,325201,319582,0,319582,3839
2021-08-19,San Francisco,75,870044,46377,45220,2125,47345,571
2021-08-19,San Joaquin,77,732212,84439,82047,4503,86550,1491
2021-08-19,San Luis Obispo,79,281455,24360,23878,980,24858,271
2021-08-19,San Mateo,81,765935,48374,47431,944,48375,551
2021-08-19,Santa Barbara,83,443738,38269,37693,1571,39264,477
2021-08-19,Santa Clara,85,1922200,131748,129133,1020,130153,1774
2021-08-19,Santa Cruz,87,273765,17980,17644,974,18618,209
2021-08-19,Shasta,89,179085,14629,14200,2134,16334,214
2021-08-19,Sierra,91,2930,90,83,15,98,0
2021-08-19,Siskiyou,93,43540,2309,2218,640,2858,33
2021-08-19,Solano,95,438530,39910,38025,940,38965,273
2021-08-19,Sonoma,97,501317,36571,35233,448,35681,336
2021-08-19,Stanislaus,99,539301,64658,62928,7167,70095,1047
2021-08-19,Sutter,101,95872,11346,11057,131,11188,133
2021-08-19,Tehama,103,63373,5835,5683,783,6466,66
2021-08-19,Trinity,105,12862,450,414,103,517,3
2021-08-19,Tulare,107,460477,53695,52685,11242,63927,856
2021-08-19,Tuolumne,109,53932,5286,5112,180,5292,64
2021-08-19,Ventura,111,848112,88905,88073,3990,92063,1060
2021-08-19,Yolo,113,214977,16655,16153,721,16874,225
2021-08-19,Yuba,115,75493,7719,7458,155,7613,51
2021-08-18,Alameda,1,1643700,105900,102696,2496,105192,1294
2021-08-18,Alpine,3,1148,91,91,0,91,0
2021-08-18,Amador,5,37829,4427,4279,39,4318,50
2021-08-18,Butte,7,227075,14843,14426,2513,16939,208
2021-08-18,Calaveras,9,45235,2767,2643,20,2663,59
2021-08-18,Colusa,11,21464,2219,2160,458,2618,16
2021-08-18,Contra Costa,13,1133247,86124,82767,1773,84540,851
2021-08-18,Del Norte,15,27424,2471,2219,11,2230,8
2021-08-18,El Dorado,17,186661,12864,12306,1144,13450,118
2021-08-18,Fresno,19,978130,112709,110523,10094,120617,1759
2021-08-18,Glenn,21,27897,2653,2623,660,3283,20
2021-08-18,Humboldt,23,135768,6527,6195,235,6430,52
2021-08-18,Imperial,25,180216,29992,29821,2994,32815,746
2021-08-18,Inyo,27,18085,1501,1494,5,1499,39
2021-08-18,Kern,29,883053,104726,103440,14314,117754,1370
2021-08-18,Kings,31,150075,25491,24984,1465,26449,256
2021-08-18,Lake,33,64148,5098,4957,45,5002,69
2021-08-18,Lassen,35,31185,5584,5506,155,5661,21
2021-08-18,Los Angeles,37,10098052,1323878,1311477,51483,1362960,24984
2021-08-18,Madera,39,155013,18260,17871,1228,19099,246
2021-08-18,Marin,41,260295,15919,15610,329,15939,240
2021-08-18,Mariposa,43,17540,654,615,16,631,5
2021-08-18,Mendocino,45,87422,5411,5129,170,5299,51
2021-08-18,Merced,47,269075,34250,33708,1157,34865,484
2021-08-18,Modoc,49,8938,433,427,152,579,6
2021-08-18,Mono,51,14174,1372,1344,15,1359,3
2021-08-18,Monterey,53,433212,45024,44735,2428,47163,532
2021-08-18,Napa,55,140530,11289,11060,66,11126,83
2021-08-18,Nevada,57,99092,6953,6633,234,6867,76
2021-08-18,Orange,59,3164182,280582,277795,13218,291013,5168
2021-08-18,Placer,61,380077,29233,27741,2531,30272,312
2021-08-18,Plumas,63,18699,920,874,16,890,5
2021-08-18,Riverside,65,2383286,321018,317107,15903,333010,4585
2021-08-18,Sacramento,67,1510023,131163,125599,2765,128364,1781
2021-08-18,San Benito,69,59416,6565,6481,132,6613,64
2021-08-18,San Bernardino,71,2135413,319462,315477,10028,325505,5304
2021-08-18,San Diego,73,3302833,323900,318152,0,318152,3834
2021-08-18,San Francisco,75,870044,46181,44957,2108,47065,568
2021-08-18,San Joaquin,77,732212,84005,81601,4480,86081,1491
2021-08-18,San Luis Obispo,79,281455,24213,23726,969,24695,270
2021-08-18,San Mateo,81,765935,48219,47255,934,48189,551
2021-08-18,Santa Barbara,83,443738,38155,37599,1562,39161,475
2021-08-18,Santa Clara,85,1922200,131386,128563,1017,129580,1773
2021-08-18,Santa Cruz,87,273765,17925,17566,969,18535,209
2021-08-18,Shasta,89,179085,14533,14087,2116,16203,213
2021-08-18,Sierra,91,2930,89,83,15,98,0
2021-08-18,Siskiyou,93,43540,2285,2204,629,2833,33
2021-08-18,Solano,95,438530,39711,37812,928,38740,271
2021-08-18,Sonoma,97,501317,36433,35063,447,35510,333
2021-08-18,Stanislaus,99,539301,64316,62613,7144,69757,1047
2021-08-18,Sutter,101,95872,11274,11004,126,11130,130
2021-08-18,Tehama,103,63373,5799,5653,771,6424,66
2021-08-18,Trinity,105,12862,444,409,101,510,3
2021-08-18,Tulare,107,460477,53463,52486,11182,63668,856
2021-08-18,Tuolumne,109,53932,5254,5081,180,5261,64
2021-08-18,Ventura,111,848112,88683,87835,3978,91813,1055
2021-08-18,Yolo,113,214977,16576,16047,713,16760,225
2021-08-18,Yuba,115,75493,7658,7391,155,7546,51
2021-08-17,Alameda,1,1643700,105512,102379,2486,104865,1290
2021-08-17,Alpine,3,1148,91,91,0,91,0
2021-08-17,Amador,5,37829,4400,4266,39,4305,50
2021-08-17,Butte,7,227075,14747,14357,2469,16826,206
2021-08-17,Calaveras,9,45235,2726,2624,20,2644,59
2021-08-17,Colusa,11,21464,2211,2156,454,2610,16
2021-08-17,Contra Costa,13,1133247,85694,82482,1761,84243,848
2021-08-17,Del Norte,15,27424,2421,2188,11,2199,8
2021-08-17,El Dorado,17,186661,12777,12242,1129,13371,118
2021-08-17,Fresno,19,978130,112221,110263,10044,120307,1755
2021-08-17,Glenn,21,27897,2643,2608,642,3250,20
2021-08-17,Humboldt,23,135768,6452,6155,231,6386,52
2021-08-17,Imperial,25,180216,29945,29768,2989,32757,746
2021-08-17,Inyo,27,18085,1498,1492,5,1497,39
2021-08-17,Kern,29,883053,104360,103048,14187,117235,1367
2021-08-17,Kings,31,150075,25394,24930,1454,26384,254
2021-08-17,Lake,33,64148,5058,4930,37,4967,68
2021-08-17,Lassen,35,31185,5568,5499,153,5652,21
2021-08-17,Los Angeles,37,10098052,1320488,1307999,51347,1359346,24952
2021-08-17,Madera,39,155013,18188,17838,1211,19049,246
2021-08-17,Marin,41,260295,15865,15570,329,15899,240
2021-08-17,Mariposa,43,17540,647,609,15,624,5
2021-08-17,Mendocino,45,87422,5367,5097,170,5267,51
2021-08-17,Merced,47,269075,34106,33508,1147,34655,482
2021-08-17,Modoc,49,8938,430,424,150,574,6
2021-08-17,Mono,51,14174,1366,1341,15,1356,3
2021-08-17,Monterey,53,433212,44950,44672,2413,47085,528
2021-08-17,Napa,55,140530,11249,11007,65,11072,83
2021-08-17,Nevada,57,99092,6880,6605,232,6837,75
2021-08-17,Orange,59,3164182,279975,277121,13189,290310,5164
2021-08-17,Placer,61,380077,29028,27634,2500,30134,312
2021-08-17,Plumas,63,18699,910,860,16,876,5
2021-08-17,Riverside,65,2383286,320043,316051,15871,331922,4582
2021-08-17,Sacramento,67,1510023,130312,125151,2722,127873,1774
2021-08-17,San Benito,69,59416,6550,6470,132,6602,64
2021-08-17,San Bernardino,71,2135413,318584,314402,9996,324398,5302
2021-08-17,San Diego,73,3302833,322337,317058,0,317058,3824
2021-08-17,San Francisco,75,870044,45995,44820,2097,46917,567
2021-08-17,San Joaquin,77,732212,83535,81300,4462,85762,1489
2021-08-17,San Luis Obispo,79,281455,24062,23556,966,24522,268
2021-08-17,San Mateo,81,765935,48072,47127,918,48045,551
2021-08-17,Santa Barbara,83,443738,38020,37478,1556,39034,475
2021-08-17,Santa Clara,85,1922200,130990,128354,1014,129368,1773
2021-08-17,Santa Cruz,87,273765,17846,17528,967,18495,209
2021-08-17,Shasta,89,179085,14413,14012,2095,16107,214
2021-08-17,Sierra,91,2930,88,82,15,97,0
2021-08-17,Siskiyou,93,43540,2272,2183,615,2798,33
2021-08-17,Solano,95,438530,39504,37662,919,38581,269
2021-08-17,Sonoma,97,501317,36291,34943,445,35388,333
2021-08-17,Stanislaus,99,539301,63973,62385,7094,69479,1047
2021-08-17,Sutter,101,95872,11204,10973,125,11098,130
2021-08-17,Tehama,103,63373,5749,5612,751,6363,66
2021-08-17,Trinity,105,12862,439,406,99,505,3
2021-08-17,Tulare,107,460477,53202,52362,11123,63485,856
2021-08-17,Tuolumne,109,53932,5212,5042,179,5221,64
2021-08-17,Ventura,111,848112,88449,87601,3957,91558,1053
2021-08-17,Yolo,113,214977,16489,15975,703,16678,225
2021-08-17,Yuba,115,75493,7594,7355,155,7510,51
2021-08-16,Alameda,1,1643700,105024,102052,2471,104523,1287
2021-08-16,Alpine,3,1148,91,91,0,91,0
2021-08-16,Amador,5,37829,4390,4235,39,4274,50
2021-08-16,Butte,7,227075,14645,14283,2443,16726,206
2021-08-16,Calaveras,9,45235,2670,2609,20,2629,57
2021-08-16,Colusa,11,21464,2200,2147,450,2597,16
2021-08-16,Contra Costa,13,1133247,85189,82070,1750,83820,848
2021-08-16,Del Norte,15,27424,2350,2125,11,2136,8
2021-08-16,El Dorado,17,186661,12676,12139,1111,13250,118
2021-08-16,Fresno,19,978130,111714,109623,9999,119622,1753
2021-08-16,Glenn,21,27897,2624,2593,640,3233,20
2021-08-16,Humboldt,23,135768,6378,6064,209,6273,52
2021-08-16,Imperial,25,180216,29908,29737,2977,32714,746
2021-08-16,Inyo,27,18085,1495,1490,5,1495,39
2021-08-16,Kern,29,883053,104017,102690,14066,116756,1367
2021-08-16,Kings,31,150075,25297,24817,1444,26261,254
2021-08-16,Lake,33,64148,5036,4898,36,4934,68
2021-08-16,Lassen,35,31185,5552,5481,144,5625,21
2021-08-16,Los Angeles,37,10098052,1317233,1305330,51186,1356516,24923
2021-08-16,Madera,39,155013,18121,17756,1197,18953,246
2021-08-16,Marin,41,260295,15805,15497,329,15826,239
2021-08-16,Mariposa,43,17540,630,597,15,612,5
2021-08-16,Mendocino,45,87422,5311,5037,168,5205,49
2021-08-16,Merced,47,269075,33900,33364,1144,34508,481
2021-08-16,Modoc,49,8938,428,421,149,570,5
2021-08-16,Mono,51,14174,1359,1339,15,1354,3
2021-08-16,Monterey,53,433212,44891,44595,2384,46979,527
2021-08-16,Napa,55,140530,11221,10946,65,11011,83
2021-08-16,Nevada,57,99092,6827,6535,231,6766,74
2021-08-16,Orange,59,3164182,279215,275985,13146,289131,5161
2021-08-16,Placer,61,380077,28850,27384,2466,29850,306
2021-08-16,Plumas,63,18699,900,851,16,867,5
2021-08-16,Riverside,65,2383286,318974,314774,15839,330613,4582
2021-08-16,Sacramento,67,1510023,129467,124554,2680,127234,1762
2021-08-16,San Benito,69,59416,6527,6452,132,6584,64
2021-08-16,San Bernardino,71,2135413,317667,313617,9970,323587,5301
2021-08-16,San Diego,73,3302833,320762,315348,0,315348,3824
2021-08-16,San Francisco,75,870044,45800,44681,2080,46761,567
2021-08-16,San Joaquin,77,732212,83052,81087,4442,85529,1488
2021-08-16,San Luis Obispo,79,281455,23916,23452,956,24408,265
2021-08-16,San Mateo,81,765935,47920,47024,896,47920,548
2021-08-16,Santa Barbara,83,443738,37876,37358,1551,38909,475
2021-08-16,Santa Clara,85,1922200,130541,127978,1009,128987,1773
2021-08-16,Santa Cruz,87,273765,17787,17491,961,18452,209
2021-08-16,Shasta,89,179085,14341,13862,2074,15936,211
2021-08-16,Sierra,91,2930,85,82,15,97,0
2021-08-16,Siskiyou,93,43540,2255,2169,596,2765,33
2021-08-16,Solano,95,438530,39258,37436,904,38340,263
2021-08-16,Sonoma,97,501317,36128,34844,443,35287,333
2021-08-16,Stanislaus,99,539301,63634,62033,7058,69091,1039
2021-08-16,Sutter,101,95872,11135,10902,124,11026,130
2021-08-16,Tehama,103,63373,5680,5565,745,6310,66
2021-08-16,Trinity,105,12862,434,400,97,497,3
2021-08-16,Tulare,107,460477,52965,52162,11056,63218,856
2021-08-16,Tuolumne,109,53932,5176,4984,178,5162,64
2021-08-16,Ventura,111,848112,88201,86954,3939,90893,1052
2021-08-16,Yolo,113,214977,16398,15922,696,16618,225
2021-08-16,Yuba,115,75493,7513,7314,154,7468,51
2021-08-15,Alameda,1,1643700,104572,101660,2456,104116,1287
2021-08-15,Alpine,3,1148,91,91,0,91,0
2021-08-15,Amador,5,37829,4363,4231,39,4270,49
2021-08-15,Butte,7,227075,14534,14263,2418,16681,206
2021-08-15,Calaveras,9,45235,2634,2599,20,2619,57
2021-08-15,Colusa,11,21464,2189,2140,441,2581,16
2021-08-15,Contra Costa,13,1133247,84755,81781,1734,83515,848
2021-08-15,Del Norte,15,27424,2282,2060,11,2071,8
2021-08-15,El Dorado,17,186661,12545,12057,1096,13153,118
2021-08-15,Fresno,19,978130,111187,109382,9940,119322,1753
2021-08-15,Glenn,21,27897,2605,2592,640,3232,20
2021-08-15,Humboldt,23,135768,6309,6024,203,6227,52
2021-08-15,Imperial,25,180216,29845,29711,2970,32681,746
2021-08-15,Inyo,27,18085,1494,1489,5,1494,39
2021-08-15,Kern,29,883053,103604,102524,13950,116474,1367
2021-08-15,Kings,31,150075,25155,24736,1434,26170,254
2021-08-15,Lake,33,64148,4981,4886,36,4922,68
2021-08-15,Lassen,35,31185,5540,5482,142,5624,21
2021-08-15,Los Angeles,37,10098052,1313754,1302882,51018,1353900,24918
2021-08-15,Madera,39,155013,18035,17714,1183,18897,246
2021-08-15,Marin,41,260295,15747,15461,327,15788,239
2021-08-15,Mariposa,43,17540,624,591,15,606,5
2021-08-15,Mendocino,45,87422,5259,5022,162,5184,49
2021-08-15,Merced,47,269075,33649,33305,1135,34440,481
2021-08-15,Modoc,49,8938,426,421,149,570,5
2021-08-15,Mono,51,14174,1351,1334,15,1349,3
2021-08-15,Monterey,53,433212,44784,44567,2352,46919,527
2021-08-15,Napa,55,140530,11170,10919,65,10984,83
2021-08-15,Nevada,57,99092,6749,6486,231,6717,74
2021-08-15,Orange,59,3164182,278481,275447,13110,288557,5161
2021-08-15,Placer,61,380077,28636,27220,2420,29640,306
2021-08-15,Plumas,63,18699,890,850,16,866,5
2021-08-15,Riverside,65,2383286,317869,314133,15811,329944,4582
2021-08-15,Sacramento,67,1510023,128597,123924,2646,126570,1761
2021-08-15,San Benito,69,59416,6513,6446,131,6577,64
2021-08-15,San Bernardino,71,2135413,316640,313120,9944,323064,5301
2021-08-15,San Diego,73,3302833,319320,314247,0,314247,3824
2021-08-15,San Francisco,75,870044,45579,44531,2055,46586,567
2021-08-15,San Joaquin,77,732212,82592,80832,4414,85246,1488
2021-08-15,San Luis Obispo,79,281455,23726,23404,945,24349,265
2021-08-15,San Mateo,81,765935,47771,46897,877,47774,548
2021-08-15,Santa Barbara,83,443738,37730,37276,1543,38819,475
2021-08-15,Santa Clara,85,1922200,130142,127715,1003,128718,1773
2021-08-15,Santa Cruz,87,273765,17720,17440,952,18392,209
2021-08-15,Shasta,89,179085,14248,13835,2047,15882,211
2021-08-15,Sierra,91,2930,84,82,14,96,0
2021-08-15,Siskiyou,93,43540,2234,2169,583,2752,33
2021-08-15,Solano,95,438530,39033,37320,894,38214,263
2021-08-15,Sonoma,97,501317,35949,34706,434,35140,333
2021-08-15,Stanislaus,99,539301,63256,61795,7012,68807,1039
2021-08-15,Sutter,101,95872,11043,10863,123,10986,130
2021-08-15,Tehama,103,63373,5634,5550,740,6290,66
2021-08-15,Trinity,105,12862,431,400,96,496,3
2021-08-15,Tulare,107,460477,52723,52046,10996,63042,856
2021-08-15,Tuolumne,109,53932,5138,4934,177,5111,64
2021-08-15,Ventura,111,848112,87904,86797,3925,90722,1052
2021-08-15,Yolo,113,214977,16310,15873,685,16558,225
2021-08-15,Yuba,115,75493,7438,7265,153,7418,51
2021-08-14,Alameda,1,1643700,104382,101305,2452,103757,1287
2021-08-14,Alpine,3,1148,91,91,0,91,0
2021-08-14,Amador,5,37829,4346,4206,39,4245,49
2021-08-14,Butte,7,227075,14502,14192,2406,16598,206
2021-08-14,Calaveras,9,45235,2629,2579,20,2599,57
2021-08-14,Colusa,11,21464,2179,2134,437,2571,16
2021-08-14,Contra Costa,13,1133247,84520,81458,1724,83182,848
2021-08-14,Del Norte,15,27424,2255,2015,11,2026,8
2021-08-14,El Dorado,17,186661,12520,12019,1088,13107,118
2021-08-14,Fresno,19,978130,111019,109056,9922,118978,1753
2021-08-14,Glenn,21,27897,2600,2583,639,3222,20
2021-08-14,Humboldt,23,135768,6257,5998,199,6197,52
2021-08-14,Imperial,25,180216,29819,29671,2970,32641,746
2021-08-14,Inyo,27,18085,1492,1487,5,1492,39
2021-08-14,Kern,29,883053,103424,102306,13852,116158,1367
2021-08-14,Kings,31,150075,25066,24647,1425,26072,254
2021-08-14,Lake,33,64148,4968,4850,35,4885,68
2021-08-14,Lassen,35,31185,5534,5475,141,5616,21
2021-08-14,Los Angeles,37,10098052,1312074,1299346,50873,1350219,24911
2021-08-14,Madera,39,155013,17991,17691,1179,18870,246
2021-08-14,Marin,41,260295,15714,15441,326,15767,239
2021-08-14,Mariposa,43,17540,620,584,15,599,5
2021-08-14,Mendocino,45,87422,5222,4977,159,5136,49
2021-08-14,Merced,47,269075,33603,33234,1130,34364,481
2021-08-14,Modoc,49,8938,426,421,149,570,5
2021-08-14,Mono,51,14174,1349,1332,15,1347,3
2021-08-14,Monterey,53,433212,44747,44514,2343,46857,527
2021-08-14,Napa,55,140530,11140,10878,64,10942,83
2021-08-14,Nevada,57,99092,6714,6419,230,6649,74
2021-08-14,Orange,59,3164182,278056,274732,13088,287820,5161
2021-08-14,Placer,61,380077,28497,27115,2396,29511,306
2021-08-14,Plumas,63,18699,883,849,16,865,5
2021-08-14,Riverside,65,2383286,317173,313264,15792,329056,4582
2021-08-14,Sacramento,67,1510023,128101,123438,2629,126067,1758
2021-08-14,San Benito,69,59416,6501,6428,131,6559,64
2021-08-14,San Bernardino,71,2135413,316128,312142,9924,322066,5301
2021-08-14,San Diego,73,3302833,318676,313589,0,313589,3824
2021-08-14,San Francisco,75,870044,45453,44353,2034,46387,567
2021-08-14,San Joaquin,77,732212,82379,80585,4402,84987,1488
2021-08-14,San Luis Obispo,79,281455,23667,23328,942,24270,265
2021-08-14,San Mateo,81,765935,47665,46792,866,47658,548
2021-08-14,Santa Barbara,83,443738,37639,37118,1539,38657,475
2021-08-14,Santa Clara,85,1922200,129869,127432,999,128431,1772
2021-08-14,Santa Cruz,87,273765,17684,17384,951,18335,209
2021-08-14,Shasta,89,179085,14182,13813,2024,15837,211
2021-08-14,Sierra,91,2930,84,81,14,95,0
2021-08-14,Siskiyou,93,43540,2224,2160,573,2733,33
2021-08-14,Solano,95,438530,38946,37237,883,38120,263
2021-08-14,Sonoma,97,501317,35831,34606,432,35038,333
2021-08-14,Stanislaus,99,539301,63066,61564,6979,68543,1039
2021-08-14,Sutter,101,95872,10998,10808,122,10930,130
2021-08-14,Tehama,103,63373,5620,5530,738,6268,66
2021-08-14,Trinity,105,12862,426,399,96,495,3
2021-08-14,Tulare,107,460477,52591,51951,10951,62902,856
2021-08-14,Tuolumne,109,53932,5105,4924,177,5101,64
2021-08-14,Ventura,111,848112,87752,86569,3905,90474,1052
2021-08-14,Yolo,113,214977,16266,15815,677,16492,225
2021-08-14,Yuba,115,75493,7388,7223,152,7375,51
2021-08-13,Alameda,1,1643700,104099,100930,2443,103373,1284
2021-08-13,Alpine,3,1148,91,91,0,91,0
2021-08-13,Amador,5,37829,4318,4169,39,4208,49
2021-08-13,Butte,7,227075,14441,14100,2390,16490,206
2021-08-13,Calaveras,9,45235,2620,2564,20,2584,57
2021-08-13,Colusa,11,21464,2173,2123,431,2554,16
2021-08-13,Contra Costa,13,1133247,84223,81046,1717,82763,848
2021-08-13,Del Norte,15,27424,2214,1973,11,1984,8
2021-08-13,El Dorado,17,186661,12487,11951,1077,13028,118
2021-08-13,Fresno,19,978130,110725,108638,9905,118543,1753
2021-08-13,Glenn,21,27897,2593,2574,639,3213,20
2021-08-13,Humboldt,23,135768,6215,5882,195,6077,52
2021-08-13,Imperial,25,180216,29791,29654,2969,32623,745
2021-08-13,Inyo,27,18085,1491,1484,5,1489,39
2021-08-13,Kern,29,883053,103218,102029,13744,115773,1364
2021-08-13,Kings,31,150075,24986,24531,1417,25948,253
2021-08-13,Lake,33,64148,4946,4811,34,4845,68
2021-08-13,Lassen,35,31185,5528,5455,140,5595,21
2021-08-13,Los Angeles,37,10098052,1309833,1295406,50738,1346144,24891
2021-08-13,Madera,39,155013,17944,17614,1172,18786,246
2021-08-13,Marin,41,260295,15685,15380,326,15706,239
2021-08-13,Mariposa,43,17540,615,577,15,592,5
2021-08-13,Mendocino,45,87422,5179,4924,157,5081,49
2021-08-13,Merced,47,269075,33561,33111,1127,34238,480
2021-08-13,Modoc,49,8938,425,421,148,569,5
2021-08-13,Mono,51,14174,1346,1331,15,1346,3
2021-08-13,Monterey,53,433212,44697,44450,2335,46785,527
2021-08-13,Napa,55,140530,11103,10830,64,10894,83
2021-08-13,Nevada,57,99092,6676,6356,229,6585,74
2021-08-13,Orange,59,3164182,277579,274004,13042,287046,5159
2021-08-13,Placer,61,380077,28404,26987,2368,29355,306
2021-08-13,Plumas,63,18699,871,842,16,858,5
2021-08-13,Riverside,65,2383286,316444,312408,15766,328174,4581
2021-08-13,Sacramento,67,1510023,127608,122868,2601,125469,1758
2021-08-13,San Benito,69,59416,6495,6422,129,6551,64
2021-08-13,San Bernardino,71,2135413,315479,311378,9908,321286,5301
2021-08-13,San Diego,73,3302833,317645,312293,0,312293,3821
2021-08-13,San Francisco,75,870044,45322,44196,2009,46205,567
2021-08-13,San Joaquin,77,732212,82168,80232,4392,84624,1481
2021-08-13,San Luis Obispo,79,281455,23610,23226,939,24165,265
2021-08-13,San Mateo,81,765935,47550,46660,858,47518,548
2021-08-13,Santa Barbara,83,443738,37557,37023,1535,38558,474
2021-08-13,Santa Clara,85,1922200,129582,126958,993,127951,1769
2021-08-13,Santa Cruz,87,273765,17645,17332,944,18276,209
2021-08-13,Shasta,89,179085,14123,13698,2009,15707,211
2021-08-13,Sierra,91,2930,83,81,14,95,0
2021-08-13,Siskiyou,93,43540,2215,2147,569,2716,33
2021-08-13,Solano,95,438530,38820,37104,873,37977,264
2021-08-13,Sonoma,97,501317,35729,34464,432,34896,333
2021-08-13,Stanislaus,99,539301,62885,61294,6945,68239,1039
2021-08-13,Sutter,101,95872,10956,10751,121,10872,130
2021-08-13,Tehama,103,63373,5600,5496,736,6232,66
2021-08-13,Trinity,105,12862,423,392,96,488,3
2021-08-13,Tulare,107,460477,52490,51770,10887,62657,856
2021-08-13,Tuolumne,109,53932,5072,4899,177,5076,64
2021-08-13,Ventura,111,848112,87591,86368,3891,90259,1052
2021-08-13,Yolo,113,214977,16212,15761,671,16432,225
2021-08-13,Yuba,115,75493,7350,7184,152,7336,51
2021-08-12,Alameda,1,1643700,103603,100472,2431,102903,1284
2021-08-12,Alpine,3,1148,91,91,0,91,0
2021-08-12,Amador,5,37829,4289,4161,39,4200,49
2021-08-12,Butte,7,227075,14370,14006,2373,16379,206
2021-08-12,Calaveras,9,45235,2600,2531,20,2551,57
2021-08-12,Colusa,11,21464,2168,2111,430,2541,17
2021-08-12,Contra Costa,13,1133247,83753,80738,1707,82445,846
2021-08-12,Del Norte,15,27424,2142,1923,11,1934,8
2021-08-12,El Dorado,17,186661,12383,11880,1070,12950,118
2021-08-12,Fresno,19,978130,110262,108193,9862,118055,1753
2021-08-12,Glenn,21,27897,2583,2559,632,3191,20
2021-08-12,Humboldt,23,135768,6150,5845,191,6036,52
2021-08-12,Imperial,25,180216,29734,29585,2963,32548,745
2021-08-12,Inyo,27,18085,1489,1483,5,1488,39
2021-08-12,Kern,29,883053,102946,101698,13672,115370,1364
2021-08-12,Kings,31,150075,24897,24423,1407,25830,252
2021-08-12,Lake,33,64148,4923,4774,33,4807,68
2021-08-12,Lassen,35,31185,5507,5428,139,5567,21
2021-08-12,Los Angeles,37,10098052,1306719,1291875,50607,1342482,24874
2021-08-12,Madera,39,155013,17882,17564,1164,18728,246
2021-08-12,Marin,41,260295,15635,15277,322,15599,239
2021-08-12,Mariposa,43,17540,606,568,14,582,5
2021-08-12,Mendocino,45,87422,5149,4873,151,5024,49
2021-08-12,Merced,47,269075,33452,32960,1124,34084,480
2021-08-12,Modoc,49,8938,424,423,148,571,5
2021-08-12,Mono,51,14174,1342,1325,15,1340,3
2021-08-12,Monterey,53,433212,44634,44383,2309,46692,527
2021-08-12,Napa,55,140530,11055,10780,63,10843,83
2021-08-12,Nevada,57,99092,6615,6283,229,6512,74
2021-08-12,Orange,59,3164182,276936,273167,12992,286159,5158
2021-08-12,Placer,61,380077,28202,26856,2344,29200,306
2021-08-12,Plumas,63,18699,861,829,16,845,5
2021-08-12,Riverside,65,2383286,315466,311304,15732,327036,4575
2021-08-12,Sacramento,67,1510023,126773,122222,2569,124791,1758
2021-08-12,San Benito,69,59416,6481,6398,126,6524,64
2021-08-12,San Bernardino,71,2135413,314626,310420,9879,320299,5297
2021-08-12,San Diego,73,3302833,316306,310596,0,310596,3821
2021-08-12,San Francisco,75,870044,45119,43774,1991,45765,564
2021-08-12,San Joaquin,77,732212,81780,79945,4369,84314,1479
2021-08-12,San Luis Obispo,79,281455,23523,23101,924,24025,264
2021-08-12,San Mateo,81,765935,47406,46435,841,47276,548
2021-08-12,Santa Barbara,83,443738,37451,36881,1524,38405,473
2021-08-12,Santa Clara,85,1922200,129136,126614,988,127602,1769
2021-08-12,Santa Cruz,87,273765,17582,17261,942,18203,209
2021-08-12,Shasta,89,179085,14041,13621,1984,15605,211
2021-08-12,Sierra,91,2930,83,81,14,95,0
2021-08-12,Siskiyou,93,43540,2209,2134,559,2693,33
2021-08-12,Solano,95,438530,38602,36980,865,37845,262
2021-08-12,Sonoma,97,501317,35581,34299,428,34727,333
2021-08-12,Stanislaus,99,539301,62606,61026,6902,67928,1039
2021-08-12,Sutter,101,95872,10894,10695,119,10814,130
2021-08-12,Tehama,103,63373,5571,5462,727,6189,66
2021-08-12,Trinity,105,12862,420,386,95,481,3
2021-08-12,Tulare,107,460477,52351,51632,10842,62474,856
2021-08-12,Tuolumne,109,53932,5025,4845,175,5020,64
2021-08-12,Ventura,111,848112,87361,86106,3867,89973,1052
2021-08-12,Yolo,113,214977,16143,15686,659,16345,224
2021-08-12,Yuba,115,75493,7302,7128,151,7279,51
2021-08-11,Alameda,1,1643700,103089,100040,2424,102464,1281
2021-08-11,Alpine,3,1148,91,91,0,91,0
2021-08-11,Amador,5,37829,4266,4127,38,4165,49
2021-08-11,Butte,7,227075,14266,13905,2347,16252,206
2021-08-11,Calaveras,9,45235,2578,2505,20,2525,57
2021-08-11,Colusa,11,21464,2158,2101,428,2529,16
2021-08-11,Contra Costa,13,1133247,83268,80275,1695,81970,843
2021-08-11,Del Norte,15,27424,2085,1893,11,1904,8
2021-08-11,El Dorado,17,186661,12272,11799,1058,12857,119
2021-08-11,Fresno,19,978130,109767,107773,9828,117601,1751
2021-08-11,Glenn,21,27897,2576,2547,630,3177,20
2021-08-11,Humboldt,23,135768,6104,5765,190,5955,52
2021-08-11,Imperial,25,180216,29694,29565,2960,32525,745
2021-08-11,Inyo,27,18085,1489,1483,5,1488,39
2021-08-11,Kern,29,883053,102644,101448,13562,115010,1363
2021-08-11,Kings,31,150075,24788,24304,1397,25701,250
2021-08-11,Lake,33,64148,4890,4713,33,4746,68
2021-08-11,Lassen,35,31185,5498,5408,137,5545,21
2021-08-11,Los Angeles,37,10098052,1303437,1288238,50415,1338653,24851
2021-08-11,Madera,39,155013,17837,17511,1153,18664,245
2021-08-11,Marin,41,260295,15587,15235,322,15557,239
2021-08-11,Mariposa,43,17540,597,554,13,567,5
2021-08-11,Mendocino,45,87422,5082,4796,143,4939,49
2021-08-11,Merced,47,269075,33313,32802,1118,33920,479
2021-08-11,Modoc,49,8938,424,421,148,569,5
2021-08-11,Mono,51,14174,1339,1320,15,1335,3
2021-08-11,Monterey,53,433212,44549,44314,2281,46595,527
2021-08-11,Napa,55,140530,11013,10732,63,10795,83
2021-08-11,Nevada,57,99092,6563,6172,227,6399,74
2021-08-11,Orange,59,3164182,276128,272212,12961,285173,5155
2021-08-11,Placer,61,380077,27992,26687,2320,29007,305
2021-08-11,Plumas,63,18699,852,824,16,840,5
2021-08-11,Riverside,65,2383286,314481,310265,15700,325965,4570
2021-08-11,Sacramento,67,1510023,125893,121603,2526,124129,1757
2021-08-11,San Benito,69,59416,6468,6381,126,6507,64
2021-08-11,San Bernardino,71,2135413,313771,309498,9857,319355,5296
2021-08-11,San Diego,73,3302833,314868,309406,0,309406,3818
2021-08-11,San Francisco,75,870044,44901,43555,1981,45536,564
2021-08-11,San Joaquin,77,732212,81378,79641,4344,83985,1478
2021-08-11,San Luis Obispo,79,281455,23418,22920,918,23838,264
2021-08-11,San Mateo,81,765935,47248,46300,826,47126,548
2021-08-11,Santa Barbara,83,443738,37335,36699,1516,38215,472
2021-08-11,Santa Clara,85,1922200,128654,126301,979,127280,1769
2021-08-11,Santa Cruz,87,273765,17519,17191,940,18131,209
2021-08-11,Shasta,89,179085,13976,13546,1967,15513,211
2021-08-11,Sierra,91,2930,82,81,14,95,0
2021-08-11,Siskiyou,93,43540,2196,2124,552,2676,33
2021-08-11,Solano,95,438530,38377,36862,851,37713,262
2021-08-11,Sonoma,97,501317,35408,34188,423,34611,333
2021-08-11,Stanislaus,99,539301,62263,60767,6871,67638,1037
2021-08-11,Sutter,101,95872,10822,10628,119,10747,130
2021-08-11,Tehama,103,63373,5535,5410,710,6120,66
2021-08-11,Trinity,105,12862,418,385,95,480,3
2021-08-11,Tulare,107,460477,52184,51464,10799,62263,854
2021-08-11,Tuolumne,109,53932,4992,4794,175,4969,64
2021-08-11,Ventura,111,848112,87110,85863,3845,89708,1051
2021-08-11,Yolo,113,214977,16071,15593,648,16241,218
2021-08-11,Yuba,115,75493,7244,7063,150,7213,53
2021-08-10,Alameda,1,1643700,102615,99771,2420,102191,1281
2021-08-10,Alpine,3,1148,91,91,0,91,0
2021-08-10,Amador,5,37829,4252,4093,38,4131,49
2021-08-10,Butte,7,227075,14179,13853,2325,16178,205
2021-08-10,Calaveras,9,45235,2558,2491,18,2509,57
2021-08-10,Colusa,11,21464,2145,2088,420,2508,16
2021-08-10,Contra Costa,13,1133247,82741,80018,1682,81700,840
2021-08-10,Del Norte,15,27424,2041,1870,11,1881,8
2021-08-10,El Dorado,17,186661,12177,11734,1047,12781,117
2021-08-10,Fresno,19,978130,109287,107616,9796,117412,1747
2021-08-10,Glenn,21,27897,2566,2538,629,3167,20
2021-08-10,Humboldt,23,135768,6049,5718,187,5905,52
2021-08-10,Imperial,25,180216,29657,29522,2955,32477,745
2021-08-10,Inyo,27,18085,1489,1482,5,1487,39
2021-08-10,Kern,29,883053,102336,101254,13461,114715,1359
2021-08-10,Kings,31,150075,24668,24252,1382,25634,251
2021-08-10,Lake,33,64148,4851,4700,32,4732,67
2021-08-10,Lassen,35,31185,5481,5401,137,5538,21
2021-08-10,Los Angeles,37,10098052,1299718,1285140,50245,1335385,24821
2021-08-10,Madera,39,155013,17766,17481,1146,18627,245
2021-08-10,Marin,41,260295,15540,15194,322,15516,239
2021-08-10,Mariposa,43,17540,586,550,13,563,5
2021-08-10,Mendocino,45,87422,5038,4775,139,4914,49
2021-08-10,Merced,47,269075,33178,32721,1113,33834,477
2021-08-10,Modoc,49,8938,423,421,148,569,5
2021-08-10,Mono,51,14174,1334,1320,15,1335,3
2021-08-10,Monterey,53,433212,44499,44259,2255,46514,527
2021-08-10,Napa,55,140530,10957,10703,62,10765,83
2021-08-10,Nevada,57,99092,6497,6151,226,6377,73
2021-08-10,Orange,59,3164182,275288,271688,12923,284611,5155
2021-08-10,Placer,61,380077,27766,26561,2277,28838,305
2021-08-10,Plumas,63,18699,845,816,16,832,5
2021-08-10,Riverside,65,2383286,313385,309529,15683,325212,4564
2021-08-10,Sacramento,67,1510023,124987,121159,2494,123653,1755
2021-08-10,San Benito,69,59416,6455,6371,126,6497,64
2021-08-10,San Bernardino,71,2135413,312881,308672,9839,318511,5295
2021-08-10,San Diego,73,3302833,313240,308288,0,308288,3815
2021-08-10,San Francisco,75,870044,44662,43389,1955,45344,564
2021-08-10,San Joaquin,77,732212,80993,79391,4330,83721,1478
2021-08-10,San Luis Obispo,79,281455,23295,22776,915,23691,264
2021-08-10,San Mateo,81,765935,47081,46184,806,46990,548
2021-08-10,Santa Barbara,83,443738,37216,36574,1509,38083,472
2021-08-10,Santa Clara,85,1922200,128199,126019,970,126989,1770
2021-08-10,Santa Cruz,87,273765,17438,17142,938,18080,209
2021-08-10,Shasta,89,179085,13904,13461,1942,15403,211
2021-08-10,Sierra,91,2930,82,76,14,90,0
2021-08-10,Siskiyou,93,43540,2188,2088,544,2632,33
2021-08-10,Solano,95,438530,38152,36767,842,37609,262
2021-08-10,Sonoma,97,501317,35264,34054,421,34475,333
2021-08-10,Stanislaus,99,539301,61919,60605,6843,67448,1037
2021-08-10,Sutter,101,95872,10758,10569,119,10688,130
2021-08-10,Tehama,103,63373,5507,5392,707,6099,66
2021-08-10,Trinity,105,12862,418,384,95,479,3
2021-08-10,Tulare,107,460477,52025,51390,10755,62145,854
2021-08-10,Tuolumne,109,53932,4963,4780,174,4954,64
2021-08-10,Ventura,111,848112,86827,85714,3824,89538,1051
2021-08-10,Yolo,113,214977,15985,15568,639,16207,218
2021-08-10,Yuba,115,75493,7196,7028,150,7178,50
2021-08-09,Alameda,1,1643700,102086,99496,2416,101912,1276
2021-08-09,Alpine,3,1148,91,91,0,91,0
2021-08-09,Amador,5,37829,4227,4078,38,4116,48
2021-08-09,Butte,7,227075,14085,13813,2293,16106,205
2021-08-09,Calaveras,9,45235,2529,2472,18,2490,57
2021-08-09,Colusa,11,21464,2135,2075,412,2487,16
2021-08-09,Contra Costa,13,1133247,82199,79740,1671,81411,840
2021-08-09,Del Norte,15,27424,1973,1848,11,1859,8
2021-08-09,El Dorado,17,186661,12076,11672,1033,12705,117
2021-08-09,Fresno,19,978130,108808,107310,9772,117082,1747
2021-08-09,Glenn,21,27897,2553,2532,627,3159,20
2021-08-09,Humboldt,23,135768,5959,5632,185,5817,52
2021-08-09,Imperial,25,180216,29616,29512,2951,32463,745
2021-08-09,Inyo,27,18085,1489,1481,5,1486,39
2021-08-09,Kern,29,883053,102035,101069,13375,114444,1359
2021-08-09,Kings,31,150075,24567,24155,1365,25520,250
2021-08-09,Lake,33,64148,4819,4670,30,4700,66
2021-08-09,Lassen,35,31185,5459,5393,136,5529,21
2021-08-09,Los Angeles,37,10098052,1295759,1282891,50049,1332940,24798
2021-08-09,Madera,39,155013,17708,17429,1130,18559,245
2021-08-09,Marin,41,260295,15488,15154,321,15475,239
2021-08-09,Mariposa,43,17540,572,545,13,558,5
2021-08-09,Mendocino,45,87422,4988,4732,131,4863,49
2021-08-09,Merced,47,269075,33020,32666,1109,33775,477
2021-08-09,Modoc,49,8938,423,419,148,567,5
2021-08-09,Mono,51,14174,1331,1337,15,1352,3
2021-08-09,Monterey,53,433212,44436,44190,2230,46420,527
2021-08-09,Napa,55,140530,10911,10679,62,10741,83
2021-08-09,Nevada,57,99092,6429,6088,225,6313,73
2021-08-09,Orange,59,3164182,274295,271036,12897,283933,5153
2021-08-09,Placer,61,380077,27542,26457,2243,28700,305
2021-08-09,Plumas,63,18699,830,803,16,819,5
2021-08-09,Riverside,65,2383286,312328,308678,15663,324341,4562
2021-08-09,Sacramento,67,1510023,124135,120812,2471,123283,1748
2021-08-09,San Benito,69,59416,6435,6359,124,6483,63
2021-08-09,San Bernardino,71,2135413,311909,308038,9820,317858,5295
2021-08-09,San Diego,73,3302833,311600,306855,0,306855,3811
2021-08-09,San Francisco,75,870044,44420,43261,1935,45196,564
2021-08-09,San Joaquin,77,732212,80609,79198,4314,83512,1469
2021-08-09,San Luis Obispo,79,281455,23158,22695,906,23601,264
2021-08-09,San Mateo,81,765935,46924,46040,790,46830,548
2021-08-09,Santa Barbara,83,443738,37039,36474,1503,37977,470
2021-08-09,Santa Clara,85,1922200,127689,125791,962,126753,2187
2021-08-09,Santa Cruz,87,273765,17378,17082,937,18019,209
2021-08-09,Shasta,89,179085,13794,13397,1930,15327,210
2021-08-09,Sierra,91,2930,81,75,14,89,0
2021-08-09,Siskiyou,93,43540,2177,2047,527,2574,32
2021-08-09,Solano,95,438530,37891,36653,840,37493,262
2021-08-09,Sonoma,97,501317,35086,33933,419,34352,333
2021-08-09,Stanislaus,99,539301,61640,60410,6802,67212,1037
2021-08-09,Sutter,101,95872,10710,10525,116,10641,129
2021-08-09,Tehama,103,63373,5462,5373,703,6076,66
2021-08-09,Trinity,105,12862,417,378,94,472,3
2021-08-09,Tulare,107,460477,51869,51274,10701,61975,854
2021-08-09,Tuolumne,109,53932,4921,4745,174,4919,64
2021-08-09,Ventura,111,848112,86553,85514,3811,89325,1047
2021-08-09,Yolo,113,214977,15907,15521,620,16141,218
2021-08-09,Yuba,115,75493,7140,6994,150,7144,50
2021-08-08,Alameda,1,1643700,101555,99135,2409,101544,1276
2021-08-08,Alpine,3,1148,91,91,0,91,0
2021-08-08,Amador,5,37829,4194,4057,37,4094,48
2021-08-08,Butte,7,227075,13994,13791,2274,16065,205
2021-08-08,Calaveras,9,45235,2497,2462,18,2480,57
2021-08-08,Colusa,11,21464,2118,2070,405,2475,16
2021-08-08,Contra Costa,13,1133247,81682,79454,1664,81118,840
2021-08-08,Del Norte,15,27424,1927,1810,11,1821,8
2021-08-08,El Dorado,17,186661,11968,11631,1022,12653,117
2021-08-08,Fresno,19,978130,108383,107078,9750,116828,1747
2021-08-08,Glenn,21,27897,2544,2527,624,3151,20
2021-08-08,Humboldt,23,135768,5870,5571,185,5756,52
2021-08-08,Imperial,25,180216,29593,29485,2940,32425,745
2021-08-08,Inyo,27,18085,1489,1481,5,1486,39
2021-08-08,Kern,29,883053,101721,100909,13264,114173,1359
2021-08-08,Kings,31,150075,24455,24095,1355,25450,250
2021-08-08,Lake,33,64148,4771,4636,29,4665,66
2021-08-08,Lassen,35,31185,5446,5391,136,5527,21
2021-08-08,Los Angeles,37,10098052,1291560,1279982,49861,1329843,24793
2021-08-08,Madera,39,155013,17632,17398,1116,18514,245
2021-08-08,Marin,41,260295,15440,15124,319,15443,239
2021-08-08,Mariposa,43,17540,568,538,13,551,5
2021-08-08,Mendocino,45,87422,4926,4702,117,4819,49
2021-08-08,Merced,47,269075,32868,32634,1103,33737,477
2021-08-08,Modoc,49,8938,422,419,147,566,5
2021-08-08,Mono,51,14174,1327,1336,15,1351,3
2021-08-08,Monterey,53,433212,44374,44171,2208,46379,527
2021-08-08,Napa,55,140530,10877,10668,62,10730,83
2021-08-08,Nevada,57,99092,6344,6009,223,6232,73
2021-08-08,Orange,59,3164182,273427,270532,12861,283393,5153
2021-08-08,Placer,61,380077,27336,26332,2200,28532,305
2021-08-08,Plumas,63,18699,822,803,16,819,5
2021-08-08,Riverside,65,2383286,311248,308042,15643,323685,4562
2021-08-08,Sacramento,67,1510023,123301,120109,2457,122566,1744
2021-08-08,San Benito,69,59416,6418,6350,123,6473,63
2021-08-08,San Bernardino,71,2135413,310776,307378,9792,317170,5295
2021-08-08,San Diego,73,3302833,310273,305983,0,305983,3811
2021-08-08,San Francisco,75,870044,44166,43098,1912,45010,564
2021-08-08,San Joaquin,77,732212,80161,79002,4299,83301,1469
2021-08-08,San Luis Obispo,79,281455,22984,22668,898,23566,263
2021-08-08,San Mateo,81,765935,46765,45927,773,46700,548
2021-08-08,Santa Barbara,83,443738,36864,36417,1496,37913,470
2021-08-08,Santa Clara,85,1922200,127240,125553,957,126510,2187
2021-08-08,Santa Cruz,87,273765,17306,17035,930,17965,209
2021-08-08,Shasta,89,179085,13710,13381,1919,15300,210
2021-08-08,Sierra,91,2930,81,74,14,88,0
2021-08-08,Siskiyou,93,43540,2162,2041,521,2562,32
2021-08-08,Solano,95,438530,37666,36551,837,37388,262
2021-08-08,Sonoma,97,501317,34839,33805,418,34223,333
2021-08-08,Stanislaus,99,539301,61300,60269,6771,67040,1037
2021-08-08,Sutter,101,95872,10651,10481,115,10596,129
2021-08-08,Tehama,103,63373,5422,5359,701,6060,66
2021-08-08,Trinity,105,12862,412,378,94,472,3
2021-08-08,Tulare,107,460477,51688,51220,10652,61872,854
2021-08-08,Tuolumne,109,53932,4882,4731,174,4905,64
2021-08-08,Ventura,111,848112,86262,85382,3803,89185,1047
2021-08-08,Yolo,113,214977,15815,15477,614,16091,218
2021-08-08,Yuba,115,75493,7101,6967,150,7117,50
2021-08-07,Alameda,1,1643700,101313,98812,2405,101217,1276
2021-08-07,Alpine,3,1148,91,91,0,91,0
2021-08-07,Amador,5,37829,4177,4041,37,4078,48
2021-08-07,Butte,7,227075,13947,13714,2262,15976,205
2021-08-07,Calaveras,9,45235,2487,2446,18,2464,57
2021-08-07,Colusa,11,21464,2113,2067,396,2463,16
2021-08-07,Contra Costa,13,1133247,81393,79168,1660,80828,840
2021-08-07,Del Norte,15,27424,1895,1791,11,1802,8
2021-08-07,El Dorado,17,186661,11919,11575,1012,12587,117
2021-08-07,Fresno,19,978130,108200,106861,9743,116604,1747
2021-08-07,Glenn,21,27897,2540,2515,624,3139,20
2021-08-07,Humboldt,23,135768,5820,5510,182,5692,52
2021-08-07,Imperial,25,180216,29575,29470,2940,32410,745
2021-08-07,Inyo,27,18085,1487,1476,5,1481,39
2021-08-07,Kern,29,883053,101569,100693,13210,113903,1359
2021-08-07,Kings,31,150075,24394,24048,1349,25397,250
2021-08-07,Lake,33,64148,4750,4613,29,4642,66
2021-08-07,Lassen,35,31185,5442,5386,136,5522,21
2021-08-07,Los Angeles,37,10098052,1289605,1276853,49703,1326556,24786
2021-08-07,Madera,39,155013,17606,17366,1110,18476,245
2021-08-07,Marin,41,260295,15407,15085,317,15402,239
2021-08-07,Mariposa,43,17540,565,530,13,543,5
2021-08-07,Mendocino,45,87422,4890,4690,115,4805,49
2021-08-07,Merced,47,269075,32816,32569,1101,33670,477
2021-08-07,Modoc,49,8938,422,419,147,566,5
2021-08-07,Mono,51,14174,1325,1329,15,1344,3
2021-08-07,Monterey,53,433212,44326,44124,2199,46323,527
2021-08-07,Napa,55,140530,10856,10658,61,10719,83
2021-08-07,Nevada,57,99092,6296,5967,220,6187,73
2021-08-07,Orange,59,3164182,272864,269900,12842,282742,5153
2021-08-07,Placer,61,380077,27159,26244,2191,28435,305
2021-08-07,Plumas,63,18699,819,801,16,817,5
2021-08-07,Riverside,65,2383286,310582,307326,15635,322961,4562
2021-08-07,Sacramento,67,1510023,122811,119636,2452,122088,1744
2021-08-07,San Benito,69,59416,6408,6332,123,6455,63
2021-08-07,San Bernardino,71,2135413,310194,306663,9777,316440,5295
2021-08-07,San Diego,73,3302833,309536,304974,0,304974,3811
2021-08-07,San Francisco,75,870044,44004,42926,1885,44811,564
2021-08-07,San Joaquin,77,732212,80000,78769,4284,83053,1469
2021-08-07,San Luis Obispo,79,281455,22918,22579,897,23476,263
2021-08-07,San Mateo,81,765935,46651,45804,762,46566,548
2021-08-07,Santa Barbara,83,443738,36767,36303,1490,37793,470
2021-08-07,Santa Clara,85,1922200,126976,125196,952,126148,2188
2021-08-07,Santa Cruz,87,273765,17265,16994,928,17922,209
2021-08-07,Shasta,89,179085,13659,13361,1910,15271,210
2021-08-07,Sierra,91,2930,81,74,14,88,0
2021-08-07,Siskiyou,93,43540,2150,2039,519,2558,32
2021-08-07,Solano,95,438530,37550,36458,829,37287,262
2021-08-07,Sonoma,97,501317,34715,33716,418,34134,333
2021-08-07,Stanislaus,99,539301,61115,60093,6747,66840,1037
2021-08-07,Sutter,101,95872,10614,10447,115,10562,129
2021-08-07,Tehama,103,63373,5415,5343,696,6039,66
2021-08-07,Trinity,105,12862,408,377,93,470,3
2021-08-07,Tulare,107,460477,51604,51133,10614,61747,854
2021-08-07,Tuolumne,109,53932,4852,4721,174,4895,64
2021-08-07,Ventura,111,848112,86086,85232,3787,89019,1047
2021-08-07,Yolo,113,214977,15774,15423,606,16029,218
2021-08-07,Yuba,115,75493,7077,6937,148,7085,50
2021-08-06,Alameda,1,1643700,100980,98487,2398,100885,1275
2021-08-06,Alpine,3,1148,91,91,0,91,0
2021-08-06,Amador,5,37829,4156,4002,37,4039,48
2021-08-06,Butte,7,227075,13904,13626,2251,15877,205
2021-08-06,Calaveras,9,45235,2477,2419,18,2437,57
2021-08-06,Colusa,11,21464,2107,2045,390,2435,16
2021-08-06,Contra Costa,13,1133247,81104,78796,1654,80450,840
2021-08-06,Del Norte,15,27424,1870,1755,11,1766,8
2021-08-06,El Dorado,17,186661,11871,11498,1000,12498,117
2021-08-06,Fresno,19,978130,107940,106542,9729,116271,1747
2021-08-06,Glenn,21,27897,2530,2504,624,3128,20
2021-08-06,Humboldt,23,135768,5769,5421,179,5600,52
2021-08-06,Imperial,25,180216,29564,29404,2936,32340,745
2021-08-06,Inyo,27,18085,1484,1471,5,1476,39
2021-08-06,Kern,29,883053,101392,100427,13126,113553,1359
2021-08-06,Kings,31,150075,24337,23974,1345,25319,250
2021-08-06,Lake,33,64148,4730,4557,29,4586,66
2021-08-06,Lassen,35,31185,5422,5368,134,5502,21
2021-08-06,Los Angeles,37,10098052,1287142,1273081,49552,1322633,24772
2021-08-06,Madera,39,155013,17567,17324,1103,18427,245
2021-08-06,Marin,41,260295,15375,15051,317,15368,239
2021-08-06,Mariposa,43,17540,556,511,13,524,5
2021-08-06,Mendocino,45,87422,4847,4649,114,4763,49
2021-08-06,Merced,47,269075,32765,32456,1098,33554,477
2021-08-06,Modoc,49,8938,422,419,147,566,5
2021-08-06,Mono,51,14174,1323,1328,15,1343,3
2021-08-06,Monterey,53,433212,44268,44058,2175,46233,527
2021-08-06,Napa,55,140530,10829,10620,61,10681,83
2021-08-06,Nevada,57,99092,6240,5874,220,6094,73
2021-08-06,Orange,59,3164182,272320,269077,12824,281901,5151
2021-08-06,Placer,61,380077,27033,26086,2168,28254,305
2021-08-06,Plumas,63,18699,814,795,16,811,5
2021-08-06,Riverside,65,2383286,309876,306304,15625,321929,4562
2021-08-06,Sacramento,67,1510023,122337,119169,2432,121601,1740
2021-08-06,San Benito,69,59416,6392,6315,123,6438,63
2021-08-06,San Bernardino,71,2135413,309501,305806,9773,315579,5286
2021-08-06,San Diego,73,3302833,308527,303691,0,303691,3810
2021-08-06,San Francisco,75,870044,43854,42659,1862,44521,565
2021-08-06,San Joaquin,77,732212,79854,78405,4273,82678,1469
2021-08-06,San Luis Obispo,79,281455,22851,22472,892,23364,263
2021-08-06,San Mateo,81,765935,46522,45665,747,46412,548
2021-08-06,Santa Barbara,83,443738,36679,36208,1485,37693,470
2021-08-06,Santa Clara,85,1922200,126689,124767,948,125715,2185
2021-08-06,Santa Cruz,87,273765,17223,16924,924,17848,207
2021-08-06,Shasta,89,179085,13593,13284,1905,15189,210
2021-08-06,Sierra,91,2930,81,73,14,87,0
2021-08-06,Siskiyou,93,43540,2140,2030,515,2545,32
2021-08-06,Solano,95,438530,37442,36351,820,37171,262
2021-08-06,Sonoma,97,501317,34630,33594,417,34011,333
2021-08-06,Stanislaus,99,539301,60964,59854,6729,66583,1037
2021-08-06,Sutter,101,95872,10572,10391,115,10506,128
2021-08-06,Tehama,103,63373,5396,5325,695,6020,66
2021-08-06,Trinity,105,12862,407,371,92,463,3
2021-08-06,Tulare,107,460477,51505,51018,10574,61592,854
2021-08-06,Tuolumne,109,53932,4825,4674,174,4848,64
2021-08-06,Ventura,111,848112,85916,85046,3776,88822,1047
2021-08-06,Yolo,113,214977,15719,15299,601,15900,218
2021-08-06,Yuba,115,75493,7054,6904,148,7052,50
2021-08-05,Alameda,1,1643700,100479,98052,2394,100446,1275
2021-08-05,Alpine,3,1148,91,91,0,91,0
2021-08-05,Amador,5,37829,4136,3992,37,4029,48
2021-08-05,Butte,7,227075,13853,13564,2229,15793,206
2021-08-05,Calaveras,9,45235,2459,2397,18,2415,57
2021-08-05,Colusa,11,21464,2095,2036,386,2422,16
2021-08-05,Contra Costa,13,1133247,80682,78514,1645,80159,840
2021-08-05,Del Norte,15,27424,1843,1731,11,1742,8
2021-08-05,El Dorado,17,186661,11788,11408,989,12397,117
2021-08-05,Fresno,19,978130,107566,106219,9702,115921,1747
2021-08-05,Glenn,21,27897,2525,2494,621,3115,20
2021-08-05,Humboldt,23,135768,5695,5328,177,5505,52
2021-08-05,Imperial,25,180216,29533,29383,2932,32315,745
2021-08-05,Inyo,27,18085,1480,1468,5,1473,38
2021-08-05,Kern,29,883053,101173,100091,13043,113134,1358
2021-08-05,Kings,31,150075,24252,23906,1341,25247,249
2021-08-05,Lake,33,64148,4692,4490,27,4517,66
2021-08-05,Lassen,35,31185,5414,5344,134,5478,21
2021-08-05,Los Angeles,37,10098052,1283942,1269445,49420,1318865,24756
2021-08-05,Madera,39,155013,17529,17301,1096,18397,245
2021-08-05,Marin,41,260295,15333,15005,313,15318,239
2021-08-05,Mariposa,43,17540,545,504,12,516,5
2021-08-05,Mendocino,45,87422,4805,4597,105,4702,49
2021-08-05,Merced,47,269075,32704,32381,1094,33475,477
2021-08-05,Modoc,49,8938,421,418,147,565,5
2021-08-05,Mono,51,14174,1313,1309,15,1324,3
2021-08-05,Monterey,53,433212,44217,43992,2155,46147,527
2021-08-05,Napa,55,140530,10793,10591,59,10650,83
2021-08-05,Nevada,57,99092,6156,5778,217,5995,73
2021-08-05,Orange,59,3164182,271581,268329,12804,281133,5149
2021-08-05,Placer,61,380077,26842,25965,2139,28104,305
2021-08-05,Plumas,63,18699,806,787,15,802,5
2021-08-05,Riverside,65,2383286,308968,305415,15603,321018,4562
2021-08-05,Sacramento,67,1510023,121626,118590,2422,121012,1739
2021-08-05,San Benito,69,59416,6374,6305,123,6428,63
2021-08-05,San Bernardino,71,2135413,308674,304956,9753,314709,5284
2021-08-05,San Diego,73,3302833,307284,302220,0,302220,3806
2021-08-05,San Francisco,75,870044,43648,42301,1849,44150,564
2021-08-05,San Joaquin,77,732212,79497,78151,4265,82416,1468
2021-08-05,San Luis Obispo,79,281455,22739,22362,887,23249,263
2021-08-05,San Mateo,81,765935,46360,45554,733,46287,548
2021-08-05,Santa Barbara,83,443738,36574,36112,1482,37594,470
2021-08-05,Santa Clara,85,1922200,126364,124490,948,125438,2185
2021-08-05,Santa Cruz,87,273765,17180,16867,921,17788,207
2021-08-05,Shasta,89,179085,13537,13217,1896,15113,210
2021-08-05,Sierra,91,2930,76,73,14,87,0
2021-08-05,Siskiyou,93,43540,2120,2024,504,2528,32
2021-08-05,Solano,95,438530,37268,36250,813,37063,262
2021-08-05,Sonoma,97,501317,34494,33455,417,33872,330
2021-08-05,Stanislaus,99,539301,60719,59692,6702,66394,1037
2021-08-05,Sutter,101,95872,10517,10349,115,10464,127
2021-08-05,Tehama,103,63373,5379,5305,692,5997,66
2021-08-05,Trinity,105,12862,401,367,92,459,3
2021-08-05,Tulare,107,460477,51393,50889,10523,61412,854
2021-08-05,Tuolumne,109,53932,4795,4619,174,4793,64
2021-08-05,Ventura,111,848112,85664,84837,3763,88600,1047
2021-08-05,Yolo,113,214977,15659,15250,596,15846,218
2021-08-05,Yuba,115,75493,7011,6872,146,7018,50
2021-08-04,Alameda,1,1643700,100006,97477,2382,99859,1274
2021-08-04,Alpine,3,1148,91,91,0,91,0
2021-08-04,Amador,5,37829,4106,3962,37,3999,48
2021-08-04,Butte,7,227075,13791,13509,2211,15720,205
2021-08-04,Calaveras,9,45235,2436,2374,18,2392,57
2021-08-04,Colusa,11,21464,2084,2025,380,2405,16
2021-08-04,Contra Costa,13,1133247,80179,77966,1639,79605,840
2021-08-04,Del Norte,15,27424,1820,1701,11,1712,8
2021-08-04,El Dorado,17,186661,11712,11319,978,12297,117
2021-08-04,Fresno,19,978130,107200,105899,9676,115575,1747
2021-08-04,Glenn,21,27897,2515,2487,621,3108,20
2021-08-04,Humboldt,23,135768,5619,5271,176,5447,52
2021-08-04,Imperial,25,180216,29485,29375,2930,32305,745
2021-08-04,Inyo,27,18085,1479,1465,5,1470,38
2021-08-04,Kern,29,883053,100924,99868,12958,112826,1358
2021-08-04,Kings,31,150075,24183,23840,1335,25175,250
2021-08-04,Lake,33,64148,4660,4423,21,4444,65
2021-08-04,Lassen,35,31185,5406,5340,134,5474,21
2021-08-04,Los Angeles,37,10098052,1280486,1265788,49256,1315044,24737
2021-08-04,Madera,39,155013,17497,17251,1089,18340,245
2021-08-04,Marin,41,260295,15287,14950,312,15262,239
2021-08-04,Mariposa,43,17540,530,497,12,509,5
2021-08-04,Mendocino,45,87422,4781,4560,101,4661,49
2021-08-04,Merced,47,269075,32572,32274,1091,33365,476
2021-08-04,Modoc,49,8938,421,416,147,563,5
2021-08-04,Mono,51,14174,1310,1307,15,1322,3
2021-08-04,Monterey,53,433212,44158,43926,2138,46064,526
2021-08-04,Napa,55,140530,10757,10544,59,10603,82
2021-08-04,Nevada,57,99092,6089,5702,216,5918,73
2021-08-04,Orange,59,3164182,270741,267199,12782,279981,5146
2021-08-04,Placer,61,380077,26633,25688,2119,27807,305
2021-08-04,Plumas,63,18699,797,784,15,799,5
2021-08-04,Riverside,65,2383286,308052,304272,15584,319856,4562
2021-08-04,Sacramento,67,1510023,120891,117882,2394,120276,1736
2021-08-04,San Benito,69,59416,6359,6300,123,6423,63
2021-08-04,San Bernardino,71,2135413,307841,304164,9736,313900,5285
2021-08-04,San Diego,73,3302833,305794,301100,0,301100,3805
2021-08-04,San Francisco,75,870044,43398,41913,1833,43746,562
2021-08-04,San Joaquin,77,732212,79148,77846,4254,82100,1466
2021-08-04,San Luis Obispo,79,281455,22634,22245,881,23126,262
2021-08-04,San Mateo,81,765935,46193,45392,725,46117,548
2021-08-04,Santa Barbara,83,443738,36460,36013,1473,37486,470
2021-08-04,Santa Clara,85,1922200,125983,124127,941,125068,2183
2021-08-04,Santa Cruz,87,273765,17118,16820,914,17734,208
2021-08-04,Shasta,89,179085,13489,13134,1882,15016,211
2021-08-04,Sierra,91,2930,76,73,14,87,0
2021-08-04,Siskiyou,93,43540,2100,2010,499,2509,32
2021-08-04,Solano,95,438530,37096,36025,804,36829,262
2021-08-04,Sonoma,97,501317,34330,33311,417,33728,330
2021-08-04,Stanislaus,99,539301,60481,59396,6673,66069,1037
2021-08-04,Sutter,101,95872,10481,10294,115,10409,127
2021-08-04,Tehama,103,63373,5357,5281,687,5968,66
2021-08-04,Trinity,105,12862,399,362,89,451,3
2021-08-04,Tulare,107,460477,51286,50797,10487,61284,855
2021-08-04,Tuolumne,109,53932,4770,4584,174,4758,64
2021-08-04,Ventura,111,848112,85404,84406,3739,88145,1047
2021-08-04,Yolo,113,214977,15586,15189,585,15774,215
2021-08-04,Yuba,115,75493,6971,6827,145,6972,50
2021-08-03,Alameda,1,1643700,99552,97275,2377,99652,1270
2021-08-03,Alpine,3,1148,91,91,0,91,0
2021-08-03,Amador,5,37829,4071,3953,37,3990,48
2021-08-03,Butte,7,227075,13730,13468,2195,15663,205
2021-08-03,Calaveras,9,45235,2412,2356,18,2374,57
2021-08-03,Colusa,11,21464,2071,2023,374,2397,16
2021-08-03,Contra Costa,13,1133247,79694,77739,1633,79372,836
2021-08-03,Del Norte,15,27424,1789,1691,10,1701,8
2021-08-03,El Dorado,17,186661,11624,11255,969,12224,117
2021-08-03,Fresno,19,978130,106852,105732,9657,115389,1746
2021-08-03,Glenn,21,27897,2509,2481,618,3099,20
2021-08-03,Humboldt,23,135768,5553,5199,171,5370,52
2021-08-03,Imperial,25,180216,29462,29333,2923,32256,745
2021-08-03,Inyo,27,18085,1476,1459,5,1464,38
2021-08-03,Kern,29,883053,100667,99708,12878,112586,1358
2021-08-03,Kings,31,150075,24094,23780,1330,25110,249
2021-08-03,Lake,33,64148,4603,4408,17,4425,66
2021-08-03,Lassen,35,31185,5396,5341,134,5475,21
2021-08-03,Los Angeles,37,10098052,1276781,1262678,49079,1311757,24721
2021-08-03,Madera,39,155013,17460,17220,1075,18295,245
2021-08-03,Marin,41,260295,15238,14906,309,15215,243
2021-08-03,Mariposa,43,17540,519,495,12,507,5
2021-08-03,Mendocino,45,87422,4731,4546,99,4645,49
2021-08-03,Merced,47,269075,32495,32197,1089,33286,476
2021-08-03,Modoc,49,8938,421,416,147,563,5
2021-08-03,Mono,51,14174,1304,1303,15,1318,3
2021-08-03,Monterey,53,433212,44097,43872,2122,45994,525
2021-08-03,Napa,55,140530,10714,10527,58,10585,82
2021-08-03,Nevada,57,99092,6009,5685,215,5900,73
2021-08-03,Orange,59,3164182,270023,266649,12755,279404,5146
2021-08-03,Placer,61,380077,26435,25624,2095,27719,305
2021-08-03,Plumas,63,18699,793,779,15,794,5
2021-08-03,Riverside,65,2383286,307127,303499,15560,319059,4562
2021-08-03,Sacramento,67,1510023,120177,117591,2373,119964,1732
2021-08-03,San Benito,69,59416,6344,6284,122,6406,63
2021-08-03,San Bernardino,71,2135413,306933,303386,9718,313104,5265
2021-08-03,San Diego,73,3302833,304383,300189,0,300189,3803
2021-08-03,San Francisco,75,870044,43120,41758,1808,43566,562
2021-08-03,San Joaquin,77,732212,78803,77615,4235,81850,1461
2021-08-03,San Luis Obispo,79,281455,22499,22166,875,23041,264
2021-08-03,San Mateo,81,765935,46014,45255,703,45958,548
2021-08-03,Santa Barbara,83,443738,36352,35912,1466,37378,469
2021-08-03,Santa Clara,85,1922200,125563,123914,935,124849,2183
2021-08-03,Santa Cruz,87,273765,17052,16778,911,17689,207
2021-08-03,Shasta,89,179085,13414,13091,1872,14963,211
2021-08-03,Sierra,91,2930,76,72,14,86,0
2021-08-03,Siskiyou,93,43540,2089,1998,494,2492,32
2021-08-03,Solano,95,438530,36887,35953,791,36744,261
2021-08-03,Sonoma,97,501317,34148,33243,416,33659,330
2021-08-03,Stanislaus,99,539301,60250,59282,6654,65936,1037
2021-08-03,Sutter,101,95872,10441,10263,115,10378,127
2021-08-03,Tehama,103,63373,5332,5269,682,5951,66
2021-08-03,Trinity,105,12862,395,361,86,447,3
2021-08-03,Tulare,107,460477,51190,50729,10447,61176,854
2021-08-03,Tuolumne,109,53932,4735,4563,174,4737,64
2021-08-03,Ventura,111,848112,85171,84270,3716,87986,1046
2021-08-03,Yolo,113,214977,15498,15149,572,15721,215
2021-08-03,Yuba,115,75493,6935,6781,145,6926,50
2021-08-02,Alameda,1,1643700,99011,96954,2373,99327,1270
2021-08-02,Alpine,3,1148,91,91,0,91,0
2021-08-02,Amador,5,37829,4051,3927,37,3964,48
2021-08-02,Butte,7,227075,13655,13442,2176,15618,205
2021-08-02,Calaveras,9,45235,2382,2347,18,2365,57
2021-08-02,Colusa,11,21464,2059,2019,371,2390,16
2021-08-02,Contra Costa,13,1133247,79190,77516,1618,79134,836
2021-08-02,Del Norte,15,27424,1761,1653,10,1663,8
2021-08-02,El Dorado,17,186661,11518,11226,955,12181,116
2021-08-02,Fresno,19,978130,106530,105471,9630,115101,1744
2021-08-02,Glenn,21,27897,2497,2477,615,3092,20
2021-08-02,Humboldt,23,135768,5469,5161,169,5330,52
2021-08-02,Imperial,25,180216,29428,29302,2920,32222,743
2021-08-02,Inyo,27,18085,1470,1455,5,1460,38
2021-08-02,Kern,29,883053,100412,99556,12785,112341,1357
2021-08-02,Kings,31,150075,24025,23722,1323,25045,249
2021-08-02,Lake,33,64148,4562,4375,17,4392,66
2021-08-02,Lassen,35,31185,5374,5338,132,5470,21
2021-08-02,Los Angeles,37,10098052,1273121,1260807,48863,1309670,24705
2021-08-02,Madera,39,155013,17419,17158,1062,18220,245
2021-08-02,Marin,41,260295,15195,14859,308,15167,239
2021-08-02,Mariposa,43,17540,510,490,12,502,5
2021-08-02,Mendocino,45,87422,4691,4512,96,4608,49
2021-08-02,Merced,47,269075,32395,32163,1085,33248,474
2021-08-02,Modoc,49,8938,421,415,147,562,5
2021-08-02,Mono,51,14174,1300,1296,15,1311,3
2021-08-02,Monterey,53,433212,44039,43842,2112,45954,525
2021-08-02,Napa,55,140530,10671,10490,55,10545,82
2021-08-02,Nevada,57,99092,5938,5611,214,5825,73
2021-08-02,Orange,59,3164182,269137,266050,12717,278767,5146
2021-08-02,Placer,61,380077,26287,25516,2059,27575,306
2021-08-02,Plumas,63,18699,787,762,15,777,5
2021-08-02,Riverside,65,2383286,306193,302756,15544,318300,4562
2021-08-02,Sacramento,67,1510023,119468,117183,2355,119538,1728
2021-08-02,San Benito,69,59416,6325,6276,121,6397,63
2021-08-02,San Bernardino,71,2135413,306083,303000,9691,312691,5253
2021-08-02,San Diego,73,3302833,302917,299021,0,299021,3798
2021-08-02,San Francisco,75,870044,42835,41553,1778,43331,562
2021-08-02,San Joaquin,77,732212,78464,77447,4204,81651,1461
2021-08-02,San Luis Obispo,79,281455,22407,22093,870,22963,261
2021-08-02,San Mateo,81,765935,45844,45154,680,45834,548
2021-08-02,Santa Barbara,83,443738,36232,35851,1460,37311,469
2021-08-02,Santa Clara,85,1922200,125098,123655,927,124582,2183
2021-08-02,Santa Cruz,87,273765,16995,16746,907,17653,207
2021-08-02,Shasta,89,179085,13351,13049,1858,14907,212
2021-08-02,Sierra,91,2930,76,71,14,85,0
2021-08-02,Siskiyou,93,43540,2078,1992,480,2472,31
2021-08-02,Solano,95,438530,36646,35852,782,36634,260
2021-08-02,Sonoma,97,501317,33922,33132,412,33544,330
2021-08-02,Stanislaus,99,539301,60018,59160,6639,65799,1037
2021-08-02,Sutter,101,95872,10395,10220,115,10335,127
2021-08-02,Tehama,103,63373,5309,5260,678,5938,66
2021-08-02,Trinity,105,12862,390,359,85,444,3
2021-08-02,Tulare,107,460477,51088,50640,10377,61017,854
2021-08-02,Tuolumne,109,53932,4669,4524,174,4698,64
2021-08-02,Ventura,111,848112,84991,84143,3693,87836,1044
2021-08-02,Yolo,113,214977,15398,15072,553,15625,215
2021-08-02,Yuba,115,75493,6893,6743,145,6888,50
2021-08-01,Alameda,1,1643700,98485,96775,2367,99142,1270
2021-08-01,Alpine,3,1148,91,91,0,91,0
2021-08-01,Amador,5,37829,4014,3923,36,3959,48
2021-08-01,Butte,7,227075,13578,13406,2159,15565,205
2021-08-01,Calaveras,9,45235,2357,2341,18,2359,57
2021-08-01,Colusa,11,21464,2049,2014,369,2383,16
2021-08-01,Contra Costa,13,1133247,78756,77360,1611,78971,836
2021-08-01,Del Norte,15,27424,1731,1642,10,1652,8
2021-08-01,El Dorado,17,186661,11414,11189,945,12134,116
2021-08-01,Fresno,19,978130,106216,105339,9606,114945,1744
2021-08-01,Glenn,21,27897,2494,2476,613,3089,20
2021-08-01,Humboldt,23,135768,5393,5118,165,5283,52
2021-08-01,Imperial,25,180216,29393,29297,2916,32213,743
2021-08-01,Inyo,27,18085,1468,1454,5,1459,38
2021-08-01,Kern,29,883053,100138,99396,12708,112104,1357
2021-08-01,Kings,31,150075,23937,23700,1317,25017,249
2021-08-01,Lake,33,64148,4483,4356,17,4373,66
2021-08-01,Lassen,35,31185,5362,5336,130,5466,21
2021-08-01,Los Angeles,37,10098052,1269473,1258461,48632,1307093,24700
2021-08-01,Madera,39,155013,17364,17146,1057,18203,245
2021-08-01,Marin,41,260295,15124,14844,306,15150,239
2021-08-01,Mariposa,43,17540,502,482,12,494,5
2021-08-01,Mendocino,45,87422,4645,4476,92,4568,49
2021-08-01,Merced,47,269075,32306,32144,1081,33225,474
2021-08-01,Modoc,49,8938,420,413,147,560,5
2021-08-01,Mono,51,14174,1297,1294,15,1309,3
2021-08-01,Monterey,53,433212,43994,43808,2099,45907,525
2021-08-01,Napa,55,140530,10625,10473,53,10526,82
2021-08-01,Nevada,57,99092,5856,5561,213,5774,73
2021-08-01,Orange,59,3164182,268358,265467,12676,278143,5146
2021-08-01,Placer,61,380077,26076,25464,2029,27493,306
2021-08-01,Plumas,63,18699,781,761,15,776,5
2021-08-01,Riverside,65,2383286,305267,302256,15525,317781,4562
2021-08-01,Sacramento,67,1510023,118753,116923,2338,119261,1727
2021-08-01,San Benito,69,59416,6307,6271,121,6392,63
2021-08-01,San Bernardino,71,2135413,305169,302542,9680,312222,5248
2021-08-01,San Diego,73,3302833,301753,298002,0,298002,3798
2021-08-01,San Francisco,75,870044,42500,41432,1764,43196,562
2021-08-01,San Joaquin,77,732212,78100,77338,4177,81515,1461
2021-08-01,San Luis Obispo,79,281455,22303,22083,865,22948,261
2021-08-01,San Mateo,81,765935,45688,45036,664,45700,548
2021-08-01,Santa Barbara,83,443738,36126,35809,1456,37265,469
2021-08-01,Santa Clara,85,1922200,124694,123511,919,124430,2183
2021-08-01,Santa Cruz,87,273765,16920,16709,897,17606,207
2021-08-01,Shasta,89,179085,13284,13036,1848,14884,212
2021-08-01,Sierra,91,2930,74,71,14,85,0
2021-08-01,Siskiyou,93,43540,2072,1989,474,2463,31
2021-08-01,Solano,95,438530,36428,35800,775,36575,260
2021-08-01,Sonoma,97,501317,33733,33076,410,33486,330
2021-08-01,Stanislaus,99,539301,59779,59078,6619,65697,1037
2021-08-01,Sutter,101,95872,10340,10198,112,10310,127
2021-08-01,Tehama,103,63373,5297,5252,673,5925,66
2021-08-01,Trinity,105,12862,388,359,84,443,3
2021-08-01,Tulare,107,460477,50937,50600,10318,60918,854
2021-08-01,Tuolumne,109,53932,4631,4489,174,4663,64
2021-08-01,Ventura,111,848112,84769,84040,3676,87716,1044
2021-08-01,Yolo,113,214977,15328,15042,544,15586,215
2021-08-01,Yuba,115,75493,6856,6721,145,6866,50
2021-07-31,Alameda,1,1643700,98177,95279,2361,97640,1265
2021-07-31,Alpine,3,1148,91,89,0,89,0
2021-07-31,Amador,5,37829,3994,3877,36,3913,48
2021-07-31,Butte,7,227075,13545,13235,2138,15373,205
2021-07-31,Calaveras,9,45235,2350,2294,18,2312,57
2021-07-31,Colusa,11,21464,2043,2006,367,2373,16
2021-07-31,Contra Costa,13,1133247,78477,75866,1608,77474,832
2021-07-31,Del Norte,15,27424,1708,1576,10,1586,8
2021-07-31,El Dorado,17,186661,11361,11017,938,11955,116
2021-07-31,Fresno,19,978130,106081,104639,9601,114240,1744
2021-07-31,Glenn,21,27897,2488,2465,610,3075,20
2021-07-31,Humboldt,23,135768,5339,4978,164,5142,52
2021-07-31,Imperial,25,180216,29377,29164,2913,32077,743
2021-07-31,Inyo,27,18085,1465,1442,5,1447,38
2021-07-31,Kern,29,883053,99979,98903,12647,111550,1357
2021-07-31,Kings,31,150075,23886,23548,1312,24860,248
2021-07-31,Lake,33,64148,4459,4238,16,4254,66
2021-07-31,Lassen,35,31185,5356,5320,130,5450,21
2021-07-31,Los Angeles,37,10098052,1267323,1248545,48485,1297030,24691
2021-07-31,Madera,39,155013,17332,17058,1052,18110,245
2021-07-31,Marin,41,260295,15080,14701,305,15006,239
2021-07-31,Mariposa,43,17540,493,470,12,482,5
2021-07-31,Mendocino,45,87422,4619,4400,89,4489,49
2021-07-31,Merced,47,269075,32265,31959,1075,33034,474
2021-07-31,Modoc,49,8938,420,413,147,560,5
2021-07-31,Mono,51,14174,1296,1287,15,1302,3
2021-07-31,Monterey,53,433212,43957,43720,2090,45810,525
2021-07-31,Napa,55,140530,10606,10401,52,10453,82
2021-07-31,Nevada,57,99092,5818,5373,212,5585,72
2021-07-31,Orange,59,3164182,267798,263446,12657,276103,5144
2021-07-31,Placer,61,380077,25944,25104,2021,27125,306
2021-07-31,Plumas,63,18699,778,743,15,758,5
2021-07-31,Riverside,65,2383286,304654,300315,15515,315830,4554
2021-07-31,Sacramento,67,1510023,118355,115259,2335,117594,1720
2021-07-31,San Benito,69,59416,6296,6251,121,6372,63
2021-07-31,San Bernardino,71,2135413,304607,300726,9677,310403,5240
2021-07-31,San Diego,73,3302833,301083,295054,0,295054,3798
2021-07-31,San Francisco,75,870044,42286,40412,1739,42151,562
2021-07-31,San Joaquin,77,732212,77934,76575,4165,80740,1443
2021-07-31,San Luis Obispo,79,281455,22247,21922,863,22785,260
2021-07-31,San Mateo,81,765935,45550,44622,652,45274,548
2021-07-31,Santa Barbara,83,443738,36050,35531,1454,36985,467
2021-07-31,Santa Clara,85,1922200,124439,122614,917,123531,2099
2021-07-31,Santa Cruz,87,273765,16881,16576,896,17472,207
2021-07-31,Shasta,89,179085,13250,12918,1839,14757,212
2021-07-31,Sierra,91,2930,74,68,14,82,0
2021-07-31,Siskiyou,93,43540,2063,1976,468,2444,31
2021-07-31,Solano,95,438530,36334,35340,769,36109,263
2021-07-31,Sonoma,97,501317,33608,32601,410,33011,329
2021-07-31,Stanislaus,99,539301,59622,58586,6598,65184,1035
2021-07-31,Sutter,101,95872,10304,10068,111,10179,127
2021-07-31,Tehama,103,63373,5285,5216,672,5888,66
2021-07-31,Trinity,105,12862,387,354,83,437,3
2021-07-31,Tulare,107,460477,50856,50409,10266,60675,854
2021-07-31,Tuolumne,109,53932,4592,4362,174,4536,64
2021-07-31,Ventura,111,848112,84614,83509,3659,87168,1044
2021-07-31,Yolo,113,214977,15281,14863,534,15397,215
2021-07-31,Yuba,115,75493,6833,6615,144,6759,50
2021-07-30,Alameda,1,1643700,97849,95279,2356,97635,1265
2021-07-30,Alpine,3,1148,91,89,0,89,0
2021-07-30,Amador,5,37829,3971,3877,36,3913,48
2021-07-30,Butte,7,227075,13491,13235,2125,15360,205
2021-07-30,Calaveras,9,45235,2345,2294,18,2312,57
2021-07-30,Colusa,11,21464,2039,2006,365,2371,16
2021-07-30,Contra Costa,13,1133247,78234,75866,1604,77470,832
2021-07-30,Del Norte,15,27424,1690,1576,10,1586,8
2021-07-30,El Dorado,17,186661,11330,11017,931,11948,116
2021-07-30,Fresno,19,978130,105894,104639,9595,114234,1744
2021-07-30,Glenn,21,27897,2486,2465,610,3075,20
2021-07-30,Humboldt,23,135768,5276,4978,161,5139,52
2021-07-30,Imperial,25,180216,29363,29164,2911,32075,743
2021-07-30,Inyo,27,18085,1464,1442,5,1447,38
2021-07-30,Kern,29,883053,99852,98903,12598,111501,1357
2021-07-30,Kings,31,150075,23845,23548,1308,24856,248
2021-07-30,Lake,33,64148,4431,4238,16,4254,66
2021-07-30,Lassen,35,31185,5352,5320,130,5450,21
2021-07-30,Los Angeles,37,10098052,1265029,1248545,48328,1296873,24691
2021-07-30,Madera,39,155013,17292,17058,1048,18106,245
2021-07-30,Marin,41,260295,15046,14701,305,15006,239
2021-07-30,Mariposa,43,17540,490,470,12,482,5
2021-07-30,Mendocino,45,87422,4590,4400,88,4488,49
2021-07-30,Merced,47,269075,32230,31959,1070,33029,474
2021-07-30,Modoc,49,8938,418,413,147,560,5
2021-07-30,Mono,51,14174,1290,1287,15,1302,3
2021-07-30,Monterey,53,433212,43925,43720,2080,45800,525
2021-07-30,Napa,55,140530,10584,10401,51,10452,82
2021-07-30,Nevada,57,99092,5761,5373,212,5585,72
2021-07-30,Orange,59,3164182,267178,263446,12629,276075,5144
2021-07-30,Placer,61,380077,25856,25104,2003,27107,306
2021-07-30,Plumas,63,18699,773,743,15,758,5
2021-07-30,Riverside,65,2383286,304018,300315,15506,315821,4554
2021-07-30,Sacramento,67,1510023,117918,115259,2330,117589,1720
2021-07-30,San Benito,69,59416,6289,6251,121,6372,63
2021-07-30,San Bernardino,71,2135413,304103,300726,9673,310399,5240
2021-07-30,San Diego,73,3302833,300322,295054,0,295054,3798
2021-07-30,San Francisco,75,870044,42073,40412,1723,42135,562
2021-07-30,San Joaquin,77,732212,77781,76575,4162,80737,1443
2021-07-30,San Luis Obispo,79,281455,22213,21922,859,22781,260
2021-07-30,San Mateo,81,765935,45432,44622,635,45257,548
2021-07-30,Santa Barbara,83,443738,35985,35531,1449,36980,467
2021-07-30,Santa Clara,85,1922200,124217,122614,914,123528,2099
2021-07-30,Santa Cruz,87,273765,16855,16576,894,17470,207
2021-07-30,Shasta,89,179085,13203,12918,1839,14757,212
2021-07-30,Sierra,91,2930,73,68,14,82,0
2021-07-30,Siskiyou,93,43540,2054,1976,467,2443,31
2021-07-30,Solano,95,438530,36243,35340,753,36093,263
2021-07-30,Sonoma,97,501317,33514,32601,410,33011,329
2021-07-30,Stanislaus,99,539301,59477,58586,6578,65164,1035
2021-07-30,Sutter,101,95872,10268,10068,111,10179,127
2021-07-30,Tehama,103,63373,5275,5216,672,5888,66
2021-07-30,Trinity,105,12862,387,354,83,437,3
2021-07-30,Tulare,107,460477,50813,50409,10232,60641,854
2021-07-30,Tuolumne,109,53932,4574,4362,174,4536,64
2021-07-30,Ventura,111,848112,84456,83509,3641,87150,1044
2021-07-30,Yolo,113,214977,15220,14863,530,15393,215
2021-07-30,Yuba,115,75493,6797,6615,143,6758,50
2021-07-29,Alameda,1,1643700,97424,95279,2351,97630,1265
2021-07-29,Alpine,3,1148,91,89,0,89,0
2021-07-29,Amador,5,37829,3952,3877,36,3913,48
2021-07-29,Butte,7,227075,13444,13235,2117,15352,205
2021-07-29,Calaveras,9,45235,2325,2294,18,2312,57
2021-07-29,Colusa,11,21464,2032,2006,365,2371,16
2021-07-29,Contra Costa,13,1133247,77796,75866,1600,77466,832
2021-07-29,Del Norte,15,27424,1666,1576,10,1586,8
2021-07-29,El Dorado,17,186661,11265,11017,919,11936,116
2021-07-29,Fresno,19,978130,105637,104639,9576,114215,1744
2021-07-29,Glenn,21,27897,2480,2465,610,3075,20
2021-07-29,Humboldt,23,135768,5216,4978,159,5137,52
2021-07-29,Imperial,25,180216,29316,29164,2909,32073,743
2021-07-29,Inyo,27,18085,1460,1442,5,1447,38
2021-07-29,Kern,29,883053,99645,98903,12520,111423,1357
2021-07-29,Kings,31,150075,23802,23548,1302,24850,248
2021-07-29,Lake,33,64148,4396,4238,16,4254,66
2021-07-29,Lassen,35,31185,5344,5320,127,5447,21
2021-07-29,Los Angeles,37,10098052,1261964,1248545,48133,1296678,24691
2021-07-29,Madera,39,155013,17248,17058,1043,18101,245
2021-07-29,Marin,41,260295,15002,14701,305,15006,239
2021-07-29,Mariposa,43,17540,485,470,12,482,5
2021-07-29,Mendocino,45,87422,4567,4400,86,4486,49
2021-07-29,Merced,47,269075,32177,31959,1070,33029,474
2021-07-29,Modoc,49,8938,418,413,147,560,5
2021-07-29,Mono,51,14174,1287,1287,15,1302,3
2021-07-29,Monterey,53,433212,43877,43720,2069,45789,525
2021-07-29,Napa,55,140530,10552,10401,49,10450,82
2021-07-29,Nevada,57,99092,5708,5373,212,5585,72
2021-07-29,Orange,59,3164182,266486,263446,12599,276045,5144
2021-07-29,Placer,61,380077,25737,25104,1987,27091,306
2021-07-29,Plumas,63,18699,765,743,15,758,5
2021-07-29,Riverside,65,2383286,303314,300315,15485,315800,4554
2021-07-29,Sacramento,67,1510023,117368,115259,2318,117577,1720
2021-07-29,San Benito,69,59416,6278,6251,121,6372,63
2021-07-29,San Bernardino,71,2135413,303487,300726,9664,310390,5240
2021-07-29,San Diego,73,3302833,299269,295054,0,295054,3798
2021-07-29,San Francisco,75,870044,41829,40412,1699,42111,562
2021-07-29,San Joaquin,77,732212,77524,76575,4156,80731,1443
2021-07-29,San Luis Obispo,79,281455,22158,21922,857,22779,260
2021-07-29,San Mateo,81,765935,45307,44622,624,45246,548
2021-07-29,Santa Barbara,83,443738,35901,35531,1447,36978,467
2021-07-29,Santa Clara,85,1922200,123921,122614,911,123525,2099
2021-07-29,Santa Cruz,87,273765,16803,16576,891,17467,207
2021-07-29,Shasta,89,179085,13151,12918,1830,14748,212
2021-07-29,Sierra,91,2930,73,68,14,82,0
2021-07-29,Siskiyou,93,43540,2050,1976,465,2441,31
2021-07-29,Solano,95,438530,36090,35340,743,36083,263
2021-07-29,Sonoma,97,501317,33341,32601,408,33009,329
2021-07-29,Stanislaus,99,539301,59303,58586,6560,65146,1035
2021-07-29,Sutter,101,95872,10222,10068,110,10178,127
2021-07-29,Tehama,103,63373,5265,5216,666,5882,66
2021-07-29,Trinity,105,12862,385,354,82,436,3
2021-07-29,Tulare,107,460477,50728,50409,10191,60600,854
2021-07-29,Tuolumne,109,53932,4538,4362,173,4535,64
2021-07-29,Ventura,111,848112,84290,83509,3634,87143,1044
2021-07-29,Yolo,113,214977,15153,14863,517,15380,215
2021-07-29,Yuba,115,75493,6749,6615,142,6757,50
2021-07-28,Alameda,1,1643700,96950,94965,2343,97308,1262
2021-07-28,Alpine,3,1148,91,89,0,89,0
2021-07-28,Amador,5,37829,3938,3870,36,3906,48
2021-07-28,Butte,7,227075,13390,13184,2104,15288,205
2021-07-28,Calaveras,9,45235,2311,2289,18,2307,57
2021-07-28,Colusa,11,21464,2028,2001,364,2365,16
2021-07-28,Contra Costa,13,1133247,77312,75487,1593,77080,832
2021-07-28,Del Norte,15,27424,1635,1545,10,1555,8
2021-07-28,El Dorado,17,186661,11216,10967,909,11876,116
2021-07-28,Fresno,19,978130,105401,104458,9556,114014,1744
2021-07-28,Glenn,21,27897,2476,2464,607,3071,20
2021-07-28,Humboldt,23,135768,5162,4946,158,5104,52
2021-07-28,Imperial,25,180216,29269,29096,2909,32005,743
2021-07-28,Inyo,27,18085,1454,1439,4,1443,38
2021-07-28,Kern,29,883053,99491,98781,12469,111250,1352
2021-07-28,Kings,31,150075,23737,23503,1292,24795,248
2021-07-28,Lake,33,64148,4349,4191,14,4205,65
2021-07-28,Lassen,35,31185,5336,5318,127,5445,21
2021-07-28,Los Angeles,37,10098052,1258830,1245485,47954,1293439,24673
2021-07-28,Madera,39,155013,17207,17024,1037,18061,245
2021-07-28,Marin,41,260295,14948,14652,305,14957,239
2021-07-28,Mariposa,43,17540,478,469,12,481,5
2021-07-28,Mendocino,45,87422,4539,4377,86,4463,49
2021-07-28,Merced,47,269075,32113,31886,1066,32952,474
2021-07-28,Modoc,49,8938,416,413,147,560,5
2021-07-28,Mono,51,14174,1287,1286,15,1301,3
2021-07-28,Monterey,53,433212,43829,43668,2059,45727,524
2021-07-28,Napa,55,140530,10512,10376,47,10423,82
2021-07-28,Nevada,57,99092,5654,5320,212,5532,72
2021-07-28,Orange,59,3164182,265722,262735,12576,275311,5143
2021-07-28,Placer,61,380077,25595,24978,1972,26950,306
2021-07-28,Plumas,63,18699,761,754,15,769,5
2021-07-28,Riverside,65,2383286,302549,299611,15464,315075,4554
2021-07-28,Sacramento,67,1510023,116724,114665,2297,116962,1714
2021-07-28,San Benito,69,59416,6267,6236,121,6357,63
2021-07-28,San Bernardino,71,2135413,302865,300121,9654,309775,5236
2021-07-28,San Diego,73,3302833,298005,294176,0,294176,3798
2021-07-28,San Francisco,75,870044,41496,40144,1672,41816,561
2021-07-28,San Joaquin,77,732212,77275,76312,4125,80437,1443
2021-07-28,San Luis Obispo,79,281455,22098,21865,856,22721,260
2021-07-28,San Mateo,81,765935,45162,44477,613,45090,547
2021-07-28,Santa Barbara,83,443738,35826,35431,1442,36873,467
2021-07-28,Santa Clara,85,1922200,123660,122345,909,123254,2099
2021-07-28,Santa Cruz,87,273765,16765,16551,890,17441,207
2021-07-28,Shasta,89,179085,13106,12882,1819,14701,212
2021-07-28,Sierra,91,2930,69,67,14,81,0
2021-07-28,Siskiyou,93,43540,2041,1971,462,2433,31
2021-07-28,Solano,95,438530,35921,35204,735,35939,262
2021-07-28,Sonoma,97,501317,33197,32434,405,32839,328
2021-07-28,Stanislaus,99,539301,59106,58427,6546,64973,1035
2021-07-28,Sutter,101,95872,10190,10033,109,10142,126
2021-07-28,Tehama,103,63373,5254,5209,662,5871,66
2021-07-28,Trinity,105,12862,384,352,82,434,3
2021-07-28,Tulare,107,460477,50641,50363,10151,60514,854
2021-07-28,Tuolumne,109,53932,4500,4313,173,4486,64
2021-07-28,Ventura,111,848112,84097,83360,3618,86978,1043
2021-07-28,Yolo,113,214977,15085,14801,510,15311,215
2021-07-28,Yuba,115,75493,6716,6591,142,6733,51
2021-07-27,Alameda,1,1643700,96537,94682,2333,97015,1256
2021-07-27,Alpine,3,1148,91,89,0,89,0
2021-07-27,Amador,5,37829,3922,3861,36,3897,48
2021-07-27,Butte,7,227075,13344,13127,2093,15220,205
2021-07-27,Calaveras,9,45235,2300,2280,18,2298,57
2021-07-27,Colusa,11,21464,2020,1999,363,2362,16
2021-07-27,Contra Costa,13,1133247,76823,75227,1589,76816,830
2021-07-27,Del Norte,15,27424,1615,1538,10,1548,8
2021-07-27,El Dorado,17,186661,11156,10941,899,11840,116
2021-07-27,Fresno,19,978130,105114,104288,9536,113824,1746
2021-07-27,Glenn,21,27897,2471,2460,605,3065,20
2021-07-27,Humboldt,23,135768,5109,4925,157,5082,52
2021-07-27,Imperial,25,180216,29224,29048,2908,31956,743
2021-07-27,Inyo,27,18085,1452,1430,4,1434,38
2021-07-27,Kern,29,883053,99326,98724,12410,111134,1352
2021-07-27,Kings,31,150075,23682,23463,1281,24744,248
2021-07-27,Lake,33,64148,4311,4157,14,4171,65
2021-07-27,Lassen,35,31185,5330,5315,127,5442,21
2021-07-27,Los Angeles,37,10098052,1255418,1243336,47778,1291114,24658
2021-07-27,Madera,39,155013,17156,16998,1032,18030,245
2021-07-27,Marin,41,260295,14902,14631,302,14933,239
2021-07-27,Mariposa,43,17540,474,468,12,480,5
2021-07-27,Mendocino,45,87422,4515,4371,86,4457,49
2021-07-27,Merced,47,269075,32051,31825,1062,32887,473
2021-07-27,Modoc,49,8938,415,413,147,560,5
2021-07-27,Mono,51,14174,1283,1288,15,1303,3
2021-07-27,Monterey,53,433212,43789,43646,2051,45697,523
2021-07-27,Napa,55,140530,10482,10354,47,10401,82
2021-07-27,Nevada,57,99092,5577,5305,210,5515,72
2021-07-27,Orange,59,3164182,265000,262193,12553,274746,5143
2021-07-27,Placer,61,380077,25436,24916,1946,26862,306
2021-07-27,Plumas,63,18699,758,752,15,767,5
2021-07-27,Riverside,65,2383286,301818,299160,15447,314607,4554
2021-07-27,Sacramento,67,1510023,116125,114413,2288,116701,1710
2021-07-27,San Benito,69,59416,6258,6229,121,6350,63
2021-07-27,San Bernardino,71,2135413,302178,299593,9632,309225,5236
2021-07-27,San Diego,73,3302833,296921,293408,0,293408,3798
2021-07-27,San Francisco,75,870044,41139,39939,1653,41592,561
2021-07-27,San Joaquin,77,732212,77017,76166,4105,80271,1442
2021-07-27,San Luis Obispo,79,281455,22044,21803,846,22649,260
2021-07-27,San Mateo,81,765935,45011,44378,608,44986,547
2021-07-27,Santa Barbara,83,443738,35727,35355,1440,36795,467
2021-07-27,Santa Clara,85,1922200,123371,122154,907,123061,2099
2021-07-27,Santa Cruz,87,273765,16719,16523,889,17412,207
2021-07-27,Shasta,89,179085,13058,12846,1806,14652,212
2021-07-27,Sierra,91,2930,69,65,14,79,0
2021-07-27,Siskiyou,93,43540,2036,1964,459,2423,31
2021-07-27,Solano,95,438530,35796,35093,725,35818,261
2021-07-27,Sonoma,97,501317,33053,32367,403,32770,328
2021-07-27,Stanislaus,99,539301,58935,58333,6531,64864,1033
2021-07-27,Sutter,101,95872,10149,9998,109,10107,115
2021-07-27,Tehama,103,63373,5233,5192,661,5853,66
2021-07-27,Trinity,105,12862,383,351,82,433,3
2021-07-27,Tulare,107,460477,50575,50324,10119,60443,854
2021-07-27,Tuolumne,109,53932,4448,4282,173,4455,64
2021-07-27,Ventura,111,848112,83890,83189,3605,86794,1043
2021-07-27,Yolo,113,214977,15012,14759,504,15263,215
2021-07-27,Yuba,115,75493,6694,6564,140,6704,51
2021-07-26,Alameda,1,1643700,96082,94436,2326,96762,1259
2021-07-26,Alpine,3,1148,91,89,0,89,0
2021-07-26,Amador,5,37829,3912,3854,36,3890,48
2021-07-26,Butte,7,227075,13291,13082,2080,15162,203
2021-07-26,Calaveras,9,45235,2295,2276,18,2294,57
2021-07-26,Colusa,11,21464,2013,1996,361,2357,16
2021-07-26,Contra Costa,13,1133247,76323,74854,1582,76436,830
2021-07-26,Del Norte,15,27424,1595,1530,10,1540,8
2021-07-26,El Dorado,17,186661,11095,10899,896,11795,116
2021-07-26,Fresno,19,978130,104917,104143,9520,113663,1742
2021-07-26,Glenn,21,27897,2470,2461,603,3064,20
2021-07-26,Humboldt,23,135768,5070,4906,155,5061,52
2021-07-26,Imperial,25,180216,29184,29034,2908,31942,743
2021-07-26,Inyo,27,18085,1447,1429,4,1433,38
2021-07-26,Kern,29,883053,99163,98633,12344,110977,1351
2021-07-26,Kings,31,150075,23633,23426,1277,24703,247
2021-07-26,Lake,33,64148,4290,4133,14,4147,65
2021-07-26,Lassen,35,31185,5325,5314,127,5441,21
2021-07-26,Los Angeles,37,10098052,1252113,1241527,47613,1289140,24647
2021-07-26,Madera,39,155013,17129,16971,1024,17995,245
2021-07-26,Marin,41,260295,14844,14579,301,14880,239
2021-07-26,Mariposa,43,17540,474,467,12,479,5
2021-07-26,Mendocino,45,87422,4495,4354,86,4440,49
2021-07-26,Merced,47,269075,31969,31774,1060,32834,473
2021-07-26,Modoc,49,8938,415,413,147,560,5
2021-07-26,Mono,51,14174,1282,1286,15,1301,3
2021-07-26,Monterey,53,433212,43746,43595,2037,45632,521
2021-07-26,Napa,55,140530,10459,10332,47,10379,82
2021-07-26,Nevada,57,99092,5490,5280,210,5490,72
2021-07-26,Orange,59,3164182,264377,261803,12532,274335,5142
2021-07-26,Placer,61,380077,25305,24842,1926,26768,304
2021-07-26,Plumas,63,18699,754,750,15,765,5
2021-07-26,Riverside,65,2383286,301129,298626,15432,314058,4553
2021-07-26,Sacramento,67,1510023,115540,113986,2270,116256,1705
2021-07-26,San Benito,69,59416,6252,6222,121,6343,63
2021-07-26,San Bernardino,71,2135413,301577,299238,9620,308858,5237
2021-07-26,San Diego,73,3302833,295815,292688,0,292688,3793
2021-07-26,San Francisco,75,870044,40786,39800,1624,41424,561
2021-07-26,San Joaquin,77,732212,76783,76033,4101,80134,1440
2021-07-26,San Luis Obispo,79,281455,21995,21752,843,22595,260
2021-07-26,San Mateo,81,765935,44862,44297,597,44894,547
2021-07-26,Santa Barbara,83,443738,35655,35311,1428,36739,467
2021-07-26,Santa Clara,85,1922200,123060,121978,898,122876,2099
2021-07-26,Santa Cruz,87,273765,16680,16493,885,17378,207
2021-07-26,Shasta,89,179085,13009,12819,1793,14612,211
2021-07-26,Sierra,91,2930,68,65,14,79,0
2021-07-26,Siskiyou,93,43540,2033,1962,457,2419,31
2021-07-26,Solano,95,438530,35648,34990,716,35706,259
2021-07-26,Sonoma,97,501317,32919,32283,401,32684,328
2021-07-26,Stanislaus,99,539301,58790,58219,6517,64736,1033
2021-07-26,Sutter,101,95872,10109,9963,106,10069,115
2021-07-26,Tehama,103,63373,5223,5183,657,5840,66
2021-07-26,Trinity,105,12862,383,351,81,432,3
2021-07-26,Tulare,107,460477,50510,50265,10085,60350,854
2021-07-26,Tuolumne,109,53932,4416,4271,173,4444,64
2021-07-26,Ventura,111,848112,83718,83072,3589,86661,1041
2021-07-26,Yolo,113,214977,14953,14727,491,15218,215
2021-07-26,Yuba,115,75493,6659,6538,139,6677,51
2021-07-25,Alameda,1,1643700,95593,94146,2320,96466,1259
2021-07-25,Alpine,3,1148,89,89,0,89,0
2021-07-25,Amador,5,37829,3896,3848,36,3884,48
2021-07-25,Butte,7,227075,13252,13074,2070,15144,203
2021-07-25,Calaveras,9,45235,2284,2275,18,2293,57
2021-07-25,Colusa,11,21464,2004,1996,357,2353,16
2021-07-25,Contra Costa,13,1133247,75838,74634,1568,76202,830
2021-07-25,Del Norte,15,27424,1575,1526,10,1536,8
2021-07-25,El Dorado,17,186661,11039,10878,893,11771,116
2021-07-25,Fresno,19,978130,104679,104019,9507,113526,1742
2021-07-25,Glenn,21,27897,2463,2461,601,3062,20
2021-07-25,Humboldt,23,135768,5011,4892,153,5045,52
2021-07-25,Imperial,25,180216,29148,29037,2908,31945,743
2021-07-25,Inyo,27,18085,1442,1427,4,1431,38
2021-07-25,Kern,29,883053,98992,98503,12271,110774,1351
2021-07-25,Kings,31,150075,23580,23396,1273,24669,247
2021-07-25,Lake,33,64148,4236,4109,13,4122,65
2021-07-25,Lassen,35,31185,5321,5314,127,5441,21
2021-07-25,Los Angeles,37,10098052,1248729,1239596,47435,1287031,24643
2021-07-25,Madera,39,155013,17095,16947,1017,17964,245
2021-07-25,Marin,41,260295,14793,14558,298,14856,239
2021-07-25,Mariposa,43,17540,472,465,12,477,5
2021-07-25,Mendocino,45,87422,4465,4335,84,4419,49
2021-07-25,Merced,47,269075,31896,31760,1059,32819,473
2021-07-25,Modoc,49,8938,415,413,147,560,5
2021-07-25,Mono,51,14174,1280,1286,15,1301,3
2021-07-25,Monterey,53,433212,43707,43590,2029,45619,521
2021-07-25,Napa,55,140530,10422,10316,46,10362,82
2021-07-25,Nevada,57,99092,5425,5256,207,5463,72
2021-07-25,Orange,59,3164182,263686,261351,12508,273859,5142
2021-07-25,Placer,61,380077,25190,24755,1903,26658,304
2021-07-25,Plumas,63,18699,752,750,15,765,5
2021-07-25,Riverside,65,2383286,300363,298181,15419,313600,4553
2021-07-25,Sacramento,67,1510023,115000,113611,2252,115863,1704
2021-07-25,San Benito,69,59416,6245,6217,121,6338,63
2021-07-25,San Bernardino,71,2135413,300932,298982,9615,308597,5237
2021-07-25,San Diego,73,3302833,294748,290626,0,290626,3793
2021-07-25,San Francisco,75,870044,40448,39663,1597,41260,561
2021-07-25,San Joaquin,77,732212,76532,75926,4082,80008,1440
2021-07-25,San Luis Obispo,79,281455,21924,21741,840,22581,260
2021-07-25,San Mateo,81,765935,44704,44189,591,44780,547
2021-07-25,Santa Barbara,83,443738,35578,35261,1425,36686,467
2021-07-25,Santa Clara,85,1922200,122735,121800,892,122692,2099
2021-07-25,Santa Cruz,87,273765,16633,16474,884,17358,207
2021-07-25,Shasta,89,179085,12962,12815,1788,14603,211
2021-07-25,Sierra,91,2930,68,65,14,79,0
2021-07-25,Siskiyou,93,43540,2025,1963,454,2417,31
2021-07-25,Solano,95,438530,35464,34863,713,35576,259
2021-07-25,Sonoma,97,501317,32792,32202,398,32600,328
2021-07-25,Stanislaus,99,539301,58624,58154,6513,64667,1033
2021-07-25,Sutter,101,95872,10055,9937,104,10041,115
2021-07-25,Tehama,103,63373,5207,5181,656,5837,66
2021-07-25,Trinity,105,12862,381,351,79,430,3
2021-07-25,Tulare,107,460477,50436,50221,10044,60265,854
2021-07-25,Tuolumne,109,53932,4364,4267,173,4440,64
2021-07-25,Ventura,111,848112,83510,82986,3567,86553,1041
2021-07-25,Yolo,113,214977,14895,14693,475,15168,215
2021-07-25,Yuba,115,75493,6627,6519,139,6658,51
2021-07-24,Alameda,1,1643700,95323,93170,2315,95485,1259
2021-07-24,Alpine,3,1148,89,89,0,89,0
2021-07-24,Amador,5,37829,3887,3816,36,3852,48
2021-07-24,Butte,7,227075,13222,12982,2068,15050,203
2021-07-24,Calaveras,9,45235,2280,2267,18,2285,57
2021-07-24,Colusa,11,21464,2003,1992,355,2347,16
2021-07-24,Contra Costa,13,1133247,75613,73682,1565,75247,830
2021-07-24,Del Norte,15,27424,1564,1497,10,1507,8
2021-07-24,El Dorado,17,186661,11006,10773,889,11662,116
2021-07-24,Fresno,19,978130,104563,103637,9498,113135,1736
2021-07-24,Glenn,21,27897,2462,2457,601,3058,20
2021-07-24,Humboldt,23,135768,4978,4780,152,4932,52
2021-07-24,Imperial,25,180216,29128,28996,2908,31904,742
2021-07-24,Inyo,27,18085,1439,1424,4,1428,38
2021-07-24,Kern,29,883053,98914,98261,12248,110509,1350
2021-07-24,Kings,31,150075,23549,23304,1270,24574,246
2021-07-24,Lake,33,64148,4213,3963,13,3976,64
2021-07-24,Lassen,35,31185,5320,5311,127,5438,21
2021-07-24,Los Angeles,37,10098052,1246979,1232164,47312,1279476,24623
2021-07-24,Madera,39,155013,17071,16885,1015,17900,245
2021-07-24,Marin,41,260295,14755,14454,298,14752,238
2021-07-24,Mariposa,43,17540,472,453,12,465,5
2021-07-24,Mendocino,45,87422,4440,4293,84,4377,49
2021-07-24,Merced,47,269075,31874,31661,1058,32719,473
2021-07-24,Modoc,49,8938,415,413,147,560,5
2021-07-24,Mono,51,14174,1278,1284,15,1299,3
2021-07-24,Monterey,53,433212,43682,43525,2022,45547,521
2021-07-24,Napa,55,140530,10406,10230,46,10276,81
2021-07-24,Nevada,57,99092,5393,5183,207,5390,72
2021-07-24,Orange,59,3164182,263227,259973,12495,272468,5141
2021-07-24,Placer,61,380077,25107,24530,1898,26428,303
2021-07-24,Plumas,63,18699,751,737,15,752,4
2021-07-24,Riverside,65,2383286,299895,296912,15409,312321,4552
2021-07-24,Sacramento,67,1510023,114690,112438,2248,114686,1698
2021-07-24,San Benito,69,59416,6241,6200,120,6320,63
2021-07-24,San Bernardino,71,2135413,300545,297899,9608,307507,5236
2021-07-24,San Diego,73,3302833,294284,289368,0,289368,3788
2021-07-24,San Francisco,75,870044,40285,38954,1580,40534,561
2021-07-24,San Joaquin,77,732212,76405,75461,4071,79532,1436
2021-07-24,San Luis Obispo,79,281455,21895,21616,838,22454,260
2021-07-24,San Mateo,81,765935,44588,43880,585,44465,542
2021-07-24,Santa Barbara,83,443738,35521,35071,1420,36491,465
2021-07-24,Santa Clara,85,1922200,122525,121092,891,121983,2099
2021-07-24,Santa Cruz,87,273765,16611,16416,884,17300,207
2021-07-24,Shasta,89,179085,12934,12759,1785,14544,211
2021-07-24,Sierra,91,2930,67,64,14,78,0
2021-07-24,Siskiyou,93,43540,2025,1951,454,2405,31
2021-07-24,Solano,95,438530,35372,34499,704,35203,259
2021-07-24,Sonoma,97,501317,32669,31928,396,32324,327
2021-07-24,Stanislaus,99,539301,58532,57879,6500,64379,1030
2021-07-24,Sutter,101,95872,10029,9890,104,9994,115
2021-07-24,Tehama,103,63373,5200,5166,654,5820,65
2021-07-24,Trinity,105,12862,381,345,79,424,3
2021-07-24,Tulare,107,460477,50393,50104,10026,60130,854
2021-07-24,Tuolumne,109,53932,4338,4216,173,4389,64
2021-07-24,Ventura,111,848112,83388,82687,3550,86237,1041
2021-07-24,Yolo,113,214977,14860,14557,472,15029,214
2021-07-24,Yuba,115,75493,6608,6449,139,6588,51
2021-07-23,Alameda,1,1643700,95074,93170,2310,95480,1259
2021-07-23,Alpine,3,1148,89,89,0,89,0
2021-07-23,Amador,5,37829,3880,3816,36,3852,48
2021-07-23,Butte,7,227075,13193,12982,2060,15042,203
2021-07-23,Calaveras,9,45235,2278,2267,18,2285,57
2021-07-23,Colusa,11,21464,2002,1992,355,2347,16
2021-07-23,Contra Costa,13,1133247,75355,73682,1555,75237,830
2021-07-23,Del Norte,15,27424,1556,1497,10,1507,8
2021-07-23,El Dorado,17,186661,10978,10773,885,11658,116
2021-07-23,Fresno,19,978130,104435,103637,9490,113127,1736
2021-07-23,Glenn,21,27897,2461,2457,598,3055,20
2021-07-23,Humboldt,23,135768,4958,4780,150,4930,52
2021-07-23,Imperial,25,180216,29116,28996,2908,31904,742
2021-07-23,Inyo,27,18085,1436,1424,4,1428,38
2021-07-23,Kern,29,883053,98831,98261,12222,110483,1350
2021-07-23,Kings,31,150075,23518,23304,1267,24571,246
2021-07-23,Lake,33,64148,4183,3963,13,3976,64
2021-07-23,Lassen,35,31185,5318,5311,127,5438,21
2021-07-23,Los Angeles,37,10098052,1245059,1232164,47223,1279387,24623
2021-07-23,Madera,39,155013,17042,16885,1011,17896,245
2021-07-23,Marin,41,260295,14718,14454,296,14750,238
2021-07-23,Mariposa,43,17540,469,453,12,465,5
2021-07-23,Mendocino,45,87422,4427,4293,84,4377,49
2021-07-23,Merced,47,269075,31848,31661,1058,32719,473
2021-07-23,Modoc,49,8938,415,413,147,560,5
2021-07-23,Mono,51,14174,1277,1284,15,1299,3
2021-07-23,Monterey,53,433212,43657,43525,2022,45547,521
2021-07-23,Napa,55,140530,10385,10230,46,10276,81
2021-07-23,Nevada,57,99092,5348,5183,207,5390,72
2021-07-23,Orange,59,3164182,262777,259973,12473,272446,5141
2021-07-23,Placer,61,380077,25025,24530,1884,26414,303
2021-07-23,Plumas,63,18699,749,737,15,752,4
2021-07-23,Riverside,65,2383286,299431,296912,15397,312309,4552
2021-07-23,Sacramento,67,1510023,114342,112438,2245,114683,1698
2021-07-23,San Benito,69,59416,6235,6200,120,6320,63
2021-07-23,San Bernardino,71,2135413,300173,297899,9604,307503,5236
2021-07-23,San Diego,73,3302833,293687,289368,0,289368,3788
2021-07-23,San Francisco,75,870044,40106,38954,1565,40519,561
2021-07-23,San Joaquin,77,732212,76305,75461,4056,79517,1436
2021-07-23,San Luis Obispo,79,281455,21857,21616,837,22453,260
2021-07-23,San Mateo,81,765935,44484,43880,580,44460,542
2021-07-23,Santa Barbara,83,443738,35457,35071,1419,36490,465
2021-07-23,Santa Clara,85,1922200,122309,121092,887,121979,2099
2021-07-23,Santa Cruz,87,273765,16587,16416,883,17299,207
2021-07-23,Shasta,89,179085,12907,12759,1782,14541,211
2021-07-23,Sierra,91,2930,67,64,14,78,0
2021-07-23,Siskiyou,93,43540,2023,1951,454,2405,31
2021-07-23,Solano,95,438530,35279,34499,700,35199,259
2021-07-23,Sonoma,97,501317,32576,31928,395,32323,327
2021-07-23,Stanislaus,99,539301,58451,57879,6490,64369,1030
2021-07-23,Sutter,101,95872,10000,9890,104,9994,115
2021-07-23,Tehama,103,63373,5191,5166,654,5820,65
2021-07-23,Trinity,105,12862,380,345,78,423,3
2021-07-23,Tulare,107,460477,50348,50104,10000,60104,854
2021-07-23,Tuolumne,109,53932,4316,4216,173,4389,64
2021-07-23,Ventura,111,848112,83228,82687,3532,86219,1041
2021-07-23,Yolo,113,214977,14821,14557,466,15023,214
2021-07-23,Yuba,115,75493,6582,6449,139,6588,51
2021-07-22,Alameda,1,1643700,94715,93170,2305,95475,1259
2021-07-22,Alpine,3,1148,89,89,0,89,0
2021-07-22,Amador,5,37829,3871,3816,36,3852,48
2021-07-22,Butte,7,227075,13159,12982,2051,15033,203
2021-07-22,Calaveras,9,45235,2275,2267,18,2285,57
2021-07-22,Colusa,11,21464,2000,1992,353,2345,16
2021-07-22,Contra Costa,13,1133247,75019,73682,1551,75233,830
2021-07-22,Del Norte,15,27424,1540,1497,10,1507,8
2021-07-22,El Dorado,17,186661,10944,10773,877,11650,116
2021-07-22,Fresno,19,978130,104305,103637,9481,113118,1736
2021-07-22,Glenn,21,27897,2458,2457,597,3054,20
2021-07-22,Humboldt,23,135768,4927,4780,147,4927,52
2021-07-22,Imperial,25,180216,29086,28996,2908,31904,742
2021-07-22,Inyo,27,18085,1434,1424,4,1428,38
2021-07-22,Kern,29,883053,98723,98261,12177,110438,1350
2021-07-22,Kings,31,150075,23478,23304,1265,24569,246
2021-07-22,Lake,33,64148,4132,3963,13,3976,64
2021-07-22,Lassen,35,31185,5315,5311,127,5438,21
2021-07-22,Los Angeles,37,10098052,1242672,1232164,47060,1279224,24623
2021-07-22,Madera,39,155013,17008,16885,1009,17894,245
2021-07-22,Marin,41,260295,14677,14454,295,14749,238
2021-07-22,Mariposa,43,17540,462,453,12,465,5
2021-07-22,Mendocino,45,87422,4414,4293,83,4376,49
2021-07-22,Merced,47,269075,31806,31661,1056,32717,473
2021-07-22,Modoc,49,8938,415,413,147,560,5
2021-07-22,Mono,51,14174,1276,1284,15,1299,3
2021-07-22,Monterey,53,433212,43628,43525,2016,45541,521
2021-07-22,Napa,55,140530,10367,10230,46,10276,81
2021-07-22,Nevada,57,99092,5322,5183,206,5389,72
2021-07-22,Orange,59,3164182,262234,259973,12465,272438,5141
2021-07-22,Placer,61,380077,24931,24530,1873,26403,303
2021-07-22,Plumas,63,18699,748,737,15,752,4
2021-07-22,Riverside,65,2383286,298921,296912,15376,312288,4552
2021-07-22,Sacramento,67,1510023,113917,112438,2235,114673,1698
2021-07-22,San Benito,69,59416,6227,6200,120,6320,63
2021-07-22,San Bernardino,71,2135413,299785,297899,9592,307491,5236
2021-07-22,San Diego,73,3302833,292975,289368,0,289368,3788
2021-07-22,San Francisco,75,870044,39895,38954,1553,40507,561
2021-07-22,San Joaquin,77,732212,76162,75461,4042,79503,1436
2021-07-22,San Luis Obispo,79,281455,21822,21616,832,22448,260
2021-07-22,San Mateo,81,765935,44370,43880,575,44455,542
2021-07-22,Santa Barbara,83,443738,35396,35071,1417,36488,465
2021-07-22,Santa Clara,85,1922200,122068,121092,884,121976,2099
2021-07-22,Santa Cruz,87,273765,16550,16416,883,17299,207
2021-07-22,Shasta,89,179085,12883,12759,1778,14537,211
2021-07-22,Sierra,91,2930,65,64,14,78,0
2021-07-22,Siskiyou,93,43540,2020,1951,454,2405,31
2021-07-22,Solano,95,438530,35132,34499,693,35192,259
2021-07-22,Sonoma,97,501317,32467,31928,393,32321,327
2021-07-22,Stanislaus,99,539301,58324,57879,6478,64357,1030
2021-07-22,Sutter,101,95872,9979,9890,104,9994,115
2021-07-22,Tehama,103,63373,5185,5166,654,5820,65
2021-07-22,Trinity,105,12862,379,345,78,423,3
2021-07-22,Tulare,107,460477,50305,50104,9972,60076,854
2021-07-22,Tuolumne,109,53932,4305,4216,173,4389,64
2021-07-22,Ventura,111,848112,83097,82687,3519,86206,1041
2021-07-22,Yolo,113,214977,14783,14557,466,15023,214
2021-07-22,Yuba,115,75493,6551,6449,139,6588,51
2021-07-21,Alameda,1,1643700,94381,92840,2299,95139,1256
2021-07-21,Alpine,3,1148,89,89,0,89,0
2021-07-21,Amador,5,37829,3858,3813,36,3849,48
2021-07-21,Butte,7,227075,13118,12939,2046,14985,203
2021-07-21,Calaveras,9,45235,2274,2257,18,2275,57
2021-07-21,Colusa,11,21464,1996,1988,352,2340,16
2021-07-21,Contra Costa,13,1133247,74753,73320,1542,74862,827
2021-07-21,Del Norte,15,27424,1530,1492,10,1502,8
2021-07-21,El Dorado,17,186661,10909,10742,873,11615,116
2021-07-21,Fresno,19,978130,104161,103504,9471,112975,1736
2021-07-21,Glenn,21,27897,2456,2455,596,3051,20
2021-07-21,Humboldt,23,135768,4897,4763,145,4908,52
2021-07-21,Imperial,25,180216,29074,28964,2906,31870,742
2021-07-21,Inyo,27,18085,1434,1423,4,1427,38
2021-07-21,Kern,29,883053,98609,98152,12133,110285,1350
2021-07-21,Kings,31,150075,23450,23270,1261,24531,246
2021-07-21,Lake,33,64148,4067,3896,13,3909,64
2021-07-21,Lassen,35,31185,5312,5310,127,5437,21
2021-07-21,Los Angeles,37,10098052,1240206,1229598,46935,1276533,24609
2021-07-21,Madera,39,155013,16989,16858,1006,17864,245
2021-07-21,Marin,41,260295,14628,14427,295,14722,238
2021-07-21,Mariposa,43,17540,458,449,12,461,5
2021-07-21,Mendocino,45,87422,4395,4274,83,4357,49
2021-07-21,Merced,47,269075,31768,31607,1051,32658,473
2021-07-21,Modoc,49,8938,415,413,147,560,5
2021-07-21,Mono,51,14174,1273,1282,15,1297,3
2021-07-21,Monterey,53,433212,43598,43502,2012,45514,515
2021-07-21,Napa,55,140530,10342,10209,46,10255,81
2021-07-21,Nevada,57,99092,5287,5152,206,5358,72
2021-07-21,Orange,59,3164182,261693,259615,12436,272051,5139
2021-07-21,Placer,61,380077,24822,24441,1862,26303,303
2021-07-21,Plumas,63,18699,748,736,15,751,4
2021-07-21,Riverside,65,2383286,298408,296419,15359,311778,4552
2021-07-21,Sacramento,67,1510023,113507,112043,2224,114267,1696
2021-07-21,San Benito,69,59416,6217,6196,120,6316,63
2021-07-21,San Bernardino,71,2135413,299345,297519,9584,307103,5230
2021-07-21,San Diego,73,3302833,292129,288682,0,288682,3787
2021-07-21,San Francisco,75,870044,39670,38699,1548,40247,559
2021-07-21,San Joaquin,77,732212,75975,75288,4030,79318,1434
2021-07-21,San Luis Obispo,79,281455,21786,21579,829,22408,260
2021-07-21,San Mateo,81,765935,44278,43755,571,44326,542
2021-07-21,Santa Barbara,83,443738,35340,34998,1397,36395,465
2021-07-21,Santa Clara,85,1922200,121861,120838,881,121719,2099
2021-07-21,Santa Cruz,87,273765,16516,16407,883,17290,207
2021-07-21,Shasta,89,179085,12851,12751,1774,14525,211
2021-07-21,Sierra,91,2930,65,64,14,78,0
2021-07-21,Siskiyou,93,43540,2018,1943,452,2395,31
2021-07-21,Solano,95,438530,34977,34374,688,35062,258
2021-07-21,Sonoma,97,501317,32351,31789,393,32182,327
2021-07-21,Stanislaus,99,539301,58222,57774,6469,64243,1028
2021-07-21,Sutter,101,95872,9955,9862,104,9966,113
2021-07-21,Tehama,103,63373,5181,5161,654,5815,65
2021-07-21,Trinity,105,12862,378,345,77,422,3
2021-07-21,Tulare,107,460477,50246,50066,9945,60011,854
2021-07-21,Tuolumne,109,53932,4268,4156,173,4329,64
2021-07-21,Ventura,111,848112,82976,82573,3507,86080,1041
2021-07-21,Yolo,113,214977,14742,14525,465,14990,213
2021-07-21,Yuba,115,75493,6524,6425,139,6564,52
2021-07-20,Alameda,1,1643700,94003,92625,2286,94911,1256
2021-07-20,Alpine,3,1148,89,89,0,89,0
2021-07-20,Amador,5,37829,3847,3807,36,3843,48
2021-07-20,Butte,7,227075,13081,12916,2040,14956,203
2021-07-20,Calaveras,9,45235,2271,2249,18,2267,57
2021-07-20,Colusa,11,21464,1996,1985,352,2337,16
2021-07-20,Contra Costa,13,1133247,74467,73143,1523,74666,825
2021-07-20,Del Norte,15,27424,1521,1490,10,1500,8
2021-07-20,El Dorado,17,186661,10868,10727,868,11595,116
2021-07-20,Fresno,19,978130,104023,103438,9460,112898,1736
2021-07-20,Glenn,21,27897,2456,2453,596,3049,20
2021-07-20,Humboldt,23,135768,4853,4735,143,4878,52
2021-07-20,Imperial,25,180216,29054,28933,2906,31839,742
2021-07-20,Inyo,27,18085,1430,1420,4,1424,36
2021-07-20,Kern,29,883053,98503,98082,12104,110186,1350
2021-07-20,Kings,31,150075,23409,23254,1257,24511,246
2021-07-20,Lake,33,64148,4043,3871,13,3884,64
2021-07-20,Lassen,35,31185,5312,5306,127,5433,21
2021-07-20,Los Angeles,37,10098052,1237440,1227404,46775,1274179,24603
2021-07-20,Madera,39,155013,16968,16856,1002,17858,245
2021-07-20,Marin,41,260295,14594,14396,292,14688,234
2021-07-20,Mariposa,43,17540,457,448,12,460,5
2021-07-20,Mendocino,45,87422,4378,4259,83,4342,49
2021-07-20,Merced,47,269075,31731,31578,1043,32621,473
2021-07-20,Modoc,49,8938,415,413,147,560,5
2021-07-20,Mono,51,14174,1269,1281,15,1296,3
2021-07-20,Monterey,53,433212,43567,43481,2009,45490,515
2021-07-20,Napa,55,140530,10319,10191,46,10237,81
2021-07-20,Nevada,57,99092,5268,5148,205,5353,72
2021-07-20,Orange,59,3164182,261156,259303,12411,271714,5139
2021-07-20,Placer,61,380077,24735,24408,1837,26245,303
2021-07-20,Plumas,63,18699,745,736,15,751,4
2021-07-20,Riverside,65,2383286,297874,296118,15345,311463,4543
2021-07-20,Sacramento,67,1510023,113069,111796,2194,113990,1695
2021-07-20,San Benito,69,59416,6210,6196,120,6316,63
2021-07-20,San Bernardino,71,2135413,298942,297222,9559,306781,5231
2021-07-20,San Diego,73,3302833,291214,288209,0,288209,3786
2021-07-20,San Francisco,75,870044,39414,38536,1537,40073,558
2021-07-20,San Joaquin,77,732212,75803,75198,4017,79215,1433
2021-07-20,San Luis Obispo,79,281455,21741,21556,828,22384,259
2021-07-20,San Mateo,81,765935,44163,43670,568,44238,542
2021-07-20,Santa Barbara,83,443738,35275,34935,1390,36325,462
2021-07-20,Santa Clara,85,1922200,121604,120704,879,121583,2098
2021-07-20,Santa Cruz,87,273765,16487,16399,883,17282,207
2021-07-20,Shasta,89,179085,12825,12734,1769,14503,211
2021-07-20,Sierra,91,2930,65,64,14,78,0
2021-07-20,Siskiyou,93,43540,2014,1931,451,2382,31
2021-07-20,Solano,95,438530,34851,34337,681,35018,258
2021-07-20,Sonoma,97,501317,32233,31763,392,32155,326
2021-07-20,Stanislaus,99,539301,58106,57706,6463,64169,1028
2021-07-20,Sutter,101,95872,9929,9854,101,9955,114
2021-07-20,Tehama,103,63373,5179,5153,654,5807,65
2021-07-20,Trinity,105,12862,377,344,75,419,3
2021-07-20,Tulare,107,460477,50205,50047,9927,59974,854
2021-07-20,Tuolumne,109,53932,4249,4156,173,4329,64
2021-07-20,Ventura,111,848112,82826,82504,3490,85994,1041
2021-07-20,Yolo,113,214977,14680,14495,462,14957,213
2021-07-20,Yuba,115,75493,6499,6393,137,6530,52
2021-07-19,Alameda,1,1643700,93628,92357,2270,94627,1256
2021-07-19,Alpine,3,1148,89,89,0,89,0
2021-07-19,Amador,5,37829,3843,3802,36,3838,48
2021-07-19,Butte,7,227075,13036,12901,2034,14935,202
2021-07-19,Calaveras,9,45235,2270,2245,18,2263,57
2021-07-19,Colusa,11,21464,1994,1981,351,2332,16
2021-07-19,Contra Costa,13,1133247,74159,72935,1502,74437,825
2021-07-19,Del Norte,15,27424,1509,1484,10,1494,8
2021-07-19,El Dorado,17,186661,10838,10703,860,11563,114
2021-07-19,Fresno,19,978130,103898,103350,9444,112794,1731
2021-07-19,Glenn,21,27897,2456,2452,595,3047,20
2021-07-19,Humboldt,23,135768,4823,4719,142,4861,52
2021-07-19,Imperial,25,180216,29028,28888,2906,31794,742
2021-07-19,Inyo,27,18085,1429,1417,4,1421,36
2021-07-19,Kern,29,883053,98392,97999,12068,110067,1349
2021-07-19,Kings,31,150075,23376,23221,1251,24472,246
2021-07-19,Lake,33,64148,4007,3848,13,3861,64
2021-07-19,Lassen,35,31185,5311,5305,127,5432,21
2021-07-19,Los Angeles,37,10098052,1234867,1225946,46584,1272530,24600
2021-07-19,Madera,39,155013,16946,16846,999,17845,244
2021-07-19,Marin,41,260295,14559,14369,289,14658,234
2021-07-19,Mariposa,43,17540,451,447,12,459,5
2021-07-19,Mendocino,45,87422,4360,4251,83,4334,49
2021-07-19,Merced,47,269075,31667,31565,1036,32601,472
2021-07-19,Modoc,49,8938,415,413,147,560,5
2021-07-19,Mono,51,14174,1267,1280,15,1295,3
2021-07-19,Monterey,53,433212,43543,43436,2008,45444,515
2021-07-19,Napa,55,140530,10294,10180,44,10224,81
2021-07-19,Nevada,57,99092,5240,5133,204,5337,72
2021-07-19,Orange,59,3164182,260654,258927,12380,271307,5138
2021-07-19,Placer,61,380077,24637,24359,1815,26174,303
2021-07-19,Plumas,63,18699,745,730,15,745,4
2021-07-19,Riverside,65,2383286,297383,295736,15307,311043,4543
2021-07-19,Sacramento,67,1510023,112712,111470,2168,113638,1696
2021-07-19,San Benito,69,59416,6207,6193,120,6313,63
2021-07-19,San Bernardino,71,2135413,298577,296929,9540,306469,5235
2021-07-19,San Diego,73,3302833,290328,287695,0,287695,3786
2021-07-19,San Francisco,75,870044,39145,38463,1523,39986,560
2021-07-19,San Joaquin,77,732212,75637,75086,4011,79097,1431
2021-07-19,San Luis Obispo,79,281455,21696,21531,824,22355,259
2021-07-19,San Mateo,81,765935,44016,43563,560,44123,542
2021-07-19,Santa Barbara,83,443738,35205,34904,1387,36291,461
2021-07-19,Santa Clara,85,1922200,121346,120554,878,121432,2098
2021-07-19,Santa Cruz,87,273765,16471,16387,883,17270,207
2021-07-19,Shasta,89,179085,12807,12723,1767,14490,209
2021-07-19,Sierra,91,2930,64,64,14,78,0
2021-07-19,Siskiyou,93,43540,2009,1927,449,2376,31
2021-07-19,Solano,95,438530,34682,34262,670,34932,261
2021-07-19,Sonoma,97,501317,32109,31713,391,32104,325
2021-07-19,Stanislaus,99,539301,58006,57644,6452,64096,1027
2021-07-19,Sutter,101,95872,9913,9834,101,9935,114
2021-07-19,Tehama,103,63373,5172,5152,652,5804,65
2021-07-19,Trinity,105,12862,377,344,74,418,3
2021-07-19,Tulare,107,460477,50160,49994,9909,59903,855
2021-07-19,Tuolumne,109,53932,4239,4151,173,4324,64
2021-07-19,Ventura,111,848112,82732,82409,3468,85877,1041
2021-07-19,Yolo,113,214977,14649,14439,460,14899,213
2021-07-19,Yuba,115,75493,6475,6370,137,6507,52
2021-07-18,Alameda,1,1643700,93280,92162,2255,94417,1256
2021-07-18,Alpine,3,1148,89,89,0,89,0
2021-07-18,Amador,5,37829,3832,3799,36,3835,48
2021-07-18,Butte,7,227075,12996,12888,2027,14915,202
2021-07-18,Calaveras,9,45235,2269,2243,18,2261,57
2021-07-18,Colusa,11,21464,1994,1981,350,2331,16
2021-07-18,Contra Costa,13,1133247,73844,72849,1484,74333,825
2021-07-18,Del Norte,15,27424,1500,1482,10,1492,8
2021-07-18,El Dorado,17,186661,10800,10687,852,11539,114
2021-07-18,Fresno,19,978130,103746,103298,9425,112723,1731
2021-07-18,Glenn,21,27897,2455,2452,594,3046,20
2021-07-18,Humboldt,23,135768,4787,4714,142,4856,52
2021-07-18,Imperial,25,180216,28992,28877,2905,31782,742
2021-07-18,Inyo,27,18085,1425,1417,4,1421,36
2021-07-18,Kern,29,883053,98266,97963,12026,109989,1349
2021-07-18,Kings,31,150075,23355,23203,1247,24450,246
2021-07-18,Lake,33,64148,3971,3825,13,3838,64
2021-07-18,Lassen,35,31185,5311,5305,127,5432,21
2021-07-18,Los Angeles,37,10098052,1232215,1224691,46397,1271088,24598
2021-07-18,Madera,39,155013,16921,16838,996,17834,244
2021-07-18,Marin,41,260295,14523,14358,288,14646,234
2021-07-18,Mariposa,43,17540,450,447,12,459,5
2021-07-18,Mendocino,45,87422,4339,4246,83,4329,49
2021-07-18,Merced,47,269075,31636,31537,1034,32571,471
2021-07-18,Modoc,49,8938,415,413,147,560,5
2021-07-18,Mono,51,14174,1266,1280,15,1295,3
2021-07-18,Monterey,53,433212,43525,43422,1999,45421,515
2021-07-18,Napa,55,140530,10277,10174,41,10215,81
2021-07-18,Nevada,57,99092,5214,5124,204,5328,72
2021-07-18,Orange,59,3164182,260174,258724,12350,271074,5138
2021-07-18,Placer,61,380077,24574,24313,1787,26100,303
2021-07-18,Plumas,63,18699,745,730,15,745,4
2021-07-18,Riverside,65,2383286,296894,295522,15266,310788,4543
2021-07-18,Sacramento,67,1510023,112286,111255,2138,113393,1696
2021-07-18,San Benito,69,59416,6199,6191,120,6311,63
2021-07-18,San Bernardino,71,2135413,298104,296739,9527,306266,5233
2021-07-18,San Diego,73,3302833,289515,286287,0,286287,3786
2021-07-18,San Francisco,75,870044,38915,38367,1512,39879,560
2021-07-18,San Joaquin,77,732212,75463,74997,3998,78995,1431
2021-07-18,San Luis Obispo,79,281455,21660,21527,821,22348,259
2021-07-18,San Mateo,81,765935,43905,43506,554,44060,542
2021-07-18,Santa Barbara,83,443738,35141,34880,1384,36264,461
2021-07-18,Santa Clara,85,1922200,121135,120438,870,121308,2098
2021-07-18,Santa Cruz,87,273765,16439,16372,882,17254,207
2021-07-18,Shasta,89,179085,12782,12714,1763,14477,209
2021-07-18,Sierra,91,2930,64,64,14,78,0
2021-07-18,Siskiyou,93,43540,2003,1927,444,2371,31
2021-07-18,Solano,95,438530,34563,34215,666,34881,261
2021-07-18,Sonoma,97,501317,32005,31675,390,32065,325
2021-07-18,Stanislaus,99,539301,57895,57600,6430,64030,1028
2021-07-18,Sutter,101,95872,9881,9826,100,9926,114
2021-07-18,Tehama,103,63373,5169,5150,651,5801,65
2021-07-18,Trinity,105,12862,377,344,74,418,3
2021-07-18,Tulare,107,460477,50108,49985,9886,59871,855
2021-07-18,Tuolumne,109,53932,4221,4149,173,4322,64
2021-07-18,Ventura,111,848112,82625,82361,3442,85803,1041
2021-07-18,Yolo,113,214977,14593,14425,454,14879,213
2021-07-18,Yuba,115,75493,6434,6357,137,6494,52
2021-07-17,Alameda,1,1643700,93067,91346,2242,93588,1255
2021-07-17,Alpine,3,1148,89,89,0,89,0
2021-07-17,Amador,5,37829,3823,3785,36,3821,48
2021-07-17,Butte,7,227075,12983,12824,2023,14847,202
2021-07-17,Calaveras,9,45235,2263,2237,18,2255,57
2021-07-17,Colusa,11,21464,1991,1976,350,2326,16
2021-07-17,Contra Costa,13,1133247,73664,72254,1470,73724,824
2021-07-17,Del Norte,15,27424,1492,1475,10,1485,8
2021-07-17,El Dorado,17,186661,10774,10622,847,11469,114
2021-07-17,Fresno,19,978130,103674,103055,9412,112467,1730
2021-07-17,Glenn,21,27897,2454,2451,594,3045,20
2021-07-17,Humboldt,23,135768,4774,4654,141,4795,52
2021-07-17,Imperial,25,180216,28977,28840,2905,31745,742
2021-07-17,Inyo,27,18085,1425,1416,4,1420,36
2021-07-17,Kern,29,883053,98210,97796,11990,109786,1348
2021-07-17,Kings,31,150075,23334,23163,1246,24409,246
2021-07-17,Lake,33,64148,3946,3760,13,3773,64
2021-07-17,Lassen,35,31185,5311,5302,127,5429,21
2021-07-17,Los Angeles,37,10098052,1230723,1219733,46246,1265979,24582
2021-07-17,Madera,39,155013,16913,16804,996,17800,240
2021-07-17,Marin,41,260295,14505,14297,286,14583,234
2021-07-17,Mariposa,43,17540,450,445,12,457,5
2021-07-17,Mendocino,45,87422,4327,4209,83,4292,49
2021-07-17,Merced,47,269075,31615,31451,1031,32482,471
2021-07-17,Modoc,49,8938,415,412,147,559,5
2021-07-17,Mono,51,14174,1264,1277,15,1292,3
2021-07-17,Monterey,53,433212,43503,43367,1993,45360,515
2021-07-17,Napa,55,140530,10261,10129,41,10170,81
2021-07-17,Nevada,57,99092,5199,5066,204,5270,72
2021-07-17,Orange,59,3164182,259872,257805,12313,270118,5136
2021-07-17,Placer,61,380077,24507,24169,1773,25942,303
2021-07-17,Plumas,63,18699,741,721,15,736,4
2021-07-17,Riverside,65,2383286,296588,294751,15234,309985,4542
2021-07-17,Sacramento,67,1510023,112052,110432,2117,112549,1694
2021-07-17,San Benito,69,59416,6193,6181,120,6301,63
2021-07-17,San Bernardino,71,2135413,297883,296048,9510,305558,5218
2021-07-17,San Diego,73,3302833,289109,285698,0,285698,3786
2021-07-17,San Francisco,75,870044,38795,37978,1508,39486,560
2021-07-17,San Joaquin,77,732212,75378,74695,3990,78685,1430
2021-07-17,San Luis Obispo,79,281455,21634,21462,820,22282,258
2021-07-17,San Mateo,81,765935,43834,43324,552,43876,542
2021-07-17,Santa Barbara,83,443738,35101,34769,1382,36151,461
2021-07-17,Santa Clara,85,1922200,120963,119980,867,120847,2097
2021-07-17,Santa Cruz,87,273765,16432,16337,882,17219,207
2021-07-17,Shasta,89,179085,12767,12683,1758,14441,210
2021-07-17,Sierra,91,2930,64,62,14,76,0
2021-07-17,Siskiyou,93,43540,1998,1922,441,2363,29
2021-07-17,Solano,95,438530,34499,34015,658,34673,263
2021-07-17,Sonoma,97,501317,31938,31536,389,31925,322
2021-07-17,Stanislaus,99,539301,57817,57400,6417,63817,1028
2021-07-17,Sutter,101,95872,9871,9778,100,9878,114
2021-07-17,Tehama,103,63373,5166,5145,651,5796,64
2021-07-17,Trinity,105,12862,376,341,74,415,3
2021-07-17,Tulare,107,460477,50087,49937,9874,59811,854
2021-07-17,Tuolumne,109,53932,4211,4131,173,4304,64
2021-07-17,Ventura,111,848112,82559,82125,3430,85555,1041
2021-07-17,Yolo,113,214977,14564,14356,446,14802,213
2021-07-17,Yuba,115,75493,6423,6309,137,6446,52
2021-07-16,Alameda,1,1643700,92833,91346,2230,93576,1255
2021-07-16,Alpine,3,1148,89,89,0,89,0
2021-07-16,Amador,5,37829,3820,3785,36,3821,48
2021-07-16,Butte,7,227075,12958,12824,2020,14844,202
2021-07-16,Calaveras,9,45235,2263,2237,18,2255,57
2021-07-16,Colusa,11,21464,1989,1976,349,2325,16
2021-07-16,Contra Costa,13,1133247,73475,72254,1465,73719,824
2021-07-16,Del Norte,15,27424,1490,1475,10,1485,8
2021-07-16,El Dorado,17,186661,10755,10622,846,11468,114
2021-07-16,Fresno,19,978130,103623,103055,9393,112448,1730
2021-07-16,Glenn,21,27897,2454,2451,594,3045,20
2021-07-16,Humboldt,23,135768,4752,4654,141,4795,52
2021-07-16,Imperial,25,180216,28965,28840,2905,31745,742
2021-07-16,Inyo,27,18085,1423,1416,4,1420,36
2021-07-16,Kern,29,883053,98148,97796,11949,109745,1348
2021-07-16,Kings,31,150075,23311,23163,1243,24406,246
2021-07-16,Lake,33,64148,3920,3760,13,3773,64
2021-07-16,Lassen,35,31185,5310,5302,127,5429,21
2021-07-16,Los Angeles,37,10098052,1229250,1219733,46096,1265829,24582
2021-07-16,Madera,39,155013,16895,16804,996,17800,240
2021-07-16,Marin,41,260295,14481,14297,283,14580,234
2021-07-16,Mariposa,43,17540,450,445,12,457,5
2021-07-16,Mendocino,45,87422,4318,4209,82,4291,49
2021-07-16,Merced,47,269075,31593,31451,1029,32480,471
2021-07-16,Modoc,49,8938,415,412,147,559,5
2021-07-16,Mono,51,14174,1263,1277,15,1292,3
2021-07-16,Monterey,53,433212,43481,43367,1991,45358,515
2021-07-16,Napa,55,140530,10237,10129,40,10169,81
2021-07-16,Nevada,57,99092,5189,5066,204,5270,72
2021-07-16,Orange,59,3164182,259607,257805,12273,270078,5136
2021-07-16,Placer,61,380077,24455,24169,1767,25936,303
2021-07-16,Plumas,63,18699,740,721,15,736,4
2021-07-16,Riverside,65,2383286,296311,294751,15208,309959,4542
2021-07-16,Sacramento,67,1510023,111837,110432,2105,112537,1694
2021-07-16,San Benito,69,59416,6191,6181,120,6301,63
2021-07-16,San Bernardino,71,2135413,297620,296048,9493,305541,5218
2021-07-16,San Diego,73,3302833,288663,285698,0,285698,3786
2021-07-16,San Francisco,75,870044,38678,37978,1503,39481,560
2021-07-16,San Joaquin,77,732212,75285,74695,3987,78682,1430
2021-07-16,San Luis Obispo,79,281455,21616,21462,820,22282,258
2021-07-16,San Mateo,81,765935,43782,43324,550,43874,542
2021-07-16,Santa Barbara,83,443738,35063,34769,1382,36151,461
2021-07-16,Santa Clara,85,1922200,120815,119980,859,120839,2097
2021-07-16,Santa Cruz,87,273765,16419,16337,882,17219,207
2021-07-16,Shasta,89,179085,12757,12683,1757,14440,210
2021-07-16,Sierra,91,2930,64,62,14,76,0
2021-07-16,Siskiyou,93,43540,1996,1922,439,2361,29
2021-07-16,Solano,95,438530,34435,34015,650,34665,263
2021-07-16,Sonoma,97,501317,31886,31536,387,31923,322
2021-07-16,Stanislaus,99,539301,57769,57400,6407,63807,1028
2021-07-16,Sutter,101,95872,9859,9778,100,9878,114
2021-07-16,Tehama,103,63373,5164,5145,651,5796,64
2021-07-16,Trinity,105,12862,376,341,73,414,3
2021-07-16,Tulare,107,460477,50063,49937,9864,59801,854
2021-07-16,Tuolumne,109,53932,4205,4131,173,4304,64
2021-07-16,Ventura,111,848112,82498,82125,3423,85548,1041
2021-07-16,Yolo,113,214977,14538,14356,442,14798,213
2021-07-16,Yuba,115,75493,6402,6309,137,6446,52
2021-07-15,Alameda,1,1643700,92532,91346,2220,93566,1255
2021-07-15,Alpine,3,1148,89,89,0,89,0
2021-07-15,Amador,5,37829,3817,3785,36,3821,48
2021-07-15,Butte,7,227075,12932,12824,2017,14841,202
2021-07-15,Calaveras,9,45235,2261,2237,18,2255,57
2021-07-15,Colusa,11,21464,1988,1976,348,2324,16
2021-07-15,Contra Costa,13,1133247,73261,72254,1457,73711,824
2021-07-15,Del Norte,15,27424,1487,1475,10,1485,8
2021-07-15,El Dorado,17,186661,10728,10622,844,11466,114
2021-07-15,Fresno,19,978130,103527,103055,9371,112426,1730
2021-07-15,Glenn,21,27897,2454,2451,594,3045,20
2021-07-15,Humboldt,23,135768,4734,4654,140,4794,52
2021-07-15,Imperial,25,180216,28942,28840,2905,31745,742
2021-07-15,Inyo,27,18085,1423,1416,4,1420,36
2021-07-15,Kern,29,883053,98078,97796,11922,109718,1348
2021-07-15,Kings,31,150075,23274,23163,1240,24403,246
2021-07-15,Lake,33,64148,3881,3760,13,3773,64
2021-07-15,Lassen,35,31185,5309,5302,127,5429,21
2021-07-15,Los Angeles,37,10098052,1227292,1219733,45931,1265664,24582
2021-07-15,Madera,39,155013,16873,16804,992,17796,240
2021-07-15,Marin,41,260295,14457,14297,283,14580,234
2021-07-15,Mariposa,43,17540,450,445,12,457,5
2021-07-15,Mendocino,45,87422,4310,4209,81,4290,49
2021-07-15,Merced,47,269075,31563,31451,1029,32480,471
2021-07-15,Modoc,49,8938,415,412,147,559,5
2021-07-15,Mono,51,14174,1263,1277,15,1292,3
2021-07-15,Monterey,53,433212,43452,43367,1988,45355,515
2021-07-15,Napa,55,140530,10212,10129,39,10168,81
2021-07-15,Nevada,57,99092,5171,5066,203,5269,72
2021-07-15,Orange,59,3164182,259258,257805,12253,270058,5136
2021-07-15,Placer,61,380077,24396,24169,1750,25919,303
2021-07-15,Plumas,63,18699,739,721,15,736,4
2021-07-15,Riverside,65,2383286,295995,294751,15192,309943,4542
2021-07-15,Sacramento,67,1510023,111538,110432,2087,112519,1694
2021-07-15,San Benito,69,59416,6189,6181,120,6301,63
2021-07-15,San Bernardino,71,2135413,297324,296048,9479,305527,5218
2021-07-15,San Diego,73,3302833,288033,285698,0,285698,3786
2021-07-15,San Francisco,75,870044,38529,37978,1494,39472,560
2021-07-15,San Joaquin,77,732212,75171,74695,3982,78677,1430
2021-07-15,San Luis Obispo,79,281455,21583,21462,820,22282,258
2021-07-15,San Mateo,81,765935,43683,43324,546,43870,542
2021-07-15,Santa Barbara,83,443738,35010,34769,1381,36150,461
2021-07-15,Santa Clara,85,1922200,120694,119980,856,120836,2097
2021-07-15,Santa Cruz,87,273765,16406,16337,882,17219,207
2021-07-15,Shasta,89,179085,12749,12683,1752,14435,210
2021-07-15,Sierra,91,2930,64,62,14,76,0
2021-07-15,Siskiyou,93,43540,1995,1922,439,2361,29
2021-07-15,Solano,95,438530,34361,34015,644,34659,263
2021-07-15,Sonoma,97,501317,31825,31536,387,31923,322
2021-07-15,Stanislaus,99,539301,57701,57400,6394,63794,1028
2021-07-15,Sutter,101,95872,9839,9778,100,9878,114
2021-07-15,Tehama,103,63373,5158,5145,650,5795,64
2021-07-15,Trinity,105,12862,376,341,73,414,3
2021-07-15,Tulare,107,460477,50042,49937,9847,59784,854
2021-07-15,Tuolumne,109,53932,4193,4131,173,4304,64
2021-07-15,Ventura,111,848112,82419,82125,3418,85543,1041
2021-07-15,Yolo,113,214977,14512,14356,441,14797,213
2021-07-15,Yuba,115,75493,6387,6309,137,6446,52
2021-07-14,Alameda,1,1643700,92279,91092,2201,93293,1255
2021-07-14,Alpine,3,1148,89,89,0,89,0
2021-07-14,Amador,5,37829,3809,3784,36,3820,48
2021-07-14,Butte,7,227075,12905,12813,2010,14823,202
2021-07-14,Calaveras,9,45235,2253,2234,18,2252,57
2021-07-14,Colusa,11,21464,1985,1974,348,2322,16
2021-07-14,Contra Costa,13,1133247,73036,72091,1444,73535,823
2021-07-14,Del Norte,15,27424,1486,1472,10,1482,8
2021-07-14,El Dorado,17,186661,10702,10598,841,11439,114
2021-07-14,Fresno,19,978130,103449,102966,9359,112325,1728
2021-07-14,Glenn,21,27897,2454,2449,594,3043,20
2021-07-14,Humboldt,23,135768,4711,4644,138,4782,52
2021-07-14,Imperial,25,180216,28912,28822,2905,31727,742
2021-07-14,Inyo,27,18085,1422,1415,4,1419,36
2021-07-14,Kern,29,883053,98015,97736,11896,109632,1346
2021-07-14,Kings,31,150075,23262,23142,1240,24382,246
2021-07-14,Lake,33,64148,3848,3739,13,3752,63
2021-07-14,Lassen,35,31185,5308,5298,127,5425,21
2021-07-14,Los Angeles,37,10098052,1225298,1218265,45780,1264045,24578
2021-07-14,Madera,39,155013,16862,16786,990,17776,240
2021-07-14,Marin,41,260295,14423,14269,281,14550,233
2021-07-14,Mariposa,43,17540,448,445,12,457,5
2021-07-14,Mendocino,45,87422,4297,4193,81,4274,49
2021-07-14,Merced,47,269075,31527,31412,1026,32438,471
2021-07-14,Modoc,49,8938,415,412,147,559,4
2021-07-14,Mono,51,14174,1263,1278,15,1293,3
2021-07-14,Monterey,53,433212,43429,43347,1985,45332,504
2021-07-14,Napa,55,140530,10190,10121,39,10160,81
2021-07-14,Nevada,57,99092,5152,5058,203,5261,72
2021-07-14,Orange,59,3164182,258946,257558,12225,269783,5137
2021-07-14,Placer,61,380077,24345,24125,1738,25863,303
2021-07-14,Plumas,63,18699,732,719,15,734,4
2021-07-14,Riverside,65,2383286,295670,294511,15175,309686,4542
2021-07-14,Sacramento,67,1510023,111211,110193,2065,112258,1688
2021-07-14,San Benito,69,59416,6186,6177,120,6297,63
2021-07-14,San Bernardino,71,2135413,297033,295820,9466,305286,5193
2021-07-14,San Diego,73,3302833,287468,285269,0,285269,3786
2021-07-14,San Francisco,75,870044,38389,37836,1487,39323,559
2021-07-14,San Joaquin,77,732212,75080,74599,3973,78572,1416
2021-07-14,San Luis Obispo,79,281455,21561,21444,818,22262,258
2021-07-14,San Mateo,81,765935,43587,43249,542,43791,542
2021-07-14,Santa Barbara,83,443738,34970,34719,1379,36098,461
2021-07-14,Santa Clara,85,1922200,120545,119844,853,120697,2098
2021-07-14,Santa Cruz,87,273765,16393,16326,882,17208,207
2021-07-14,Shasta,89,179085,12729,12669,1749,14418,209
2021-07-14,Sierra,91,2930,64,62,14,76,0
2021-07-14,Siskiyou,93,43540,1988,1922,436,2358,29
2021-07-14,Solano,95,438530,34289,33948,644,34592,268
2021-07-14,Sonoma,97,501317,31774,31470,386,31856,322
2021-07-14,Stanislaus,99,539301,57626,57340,6382,63722,1028
2021-07-14,Sutter,101,95872,9816,9766,100,9866,114
2021-07-14,Tehama,103,63373,5156,5142,650,5792,64
2021-07-14,Trinity,105,12862,376,341,73,414,3
2021-07-14,Tulare,107,460477,50026,49908,9832,59740,853
2021-07-14,Tuolumne,109,53932,4190,4128,172,4300,64
2021-07-14,Ventura,111,848112,82328,82041,3406,85447,1040
2021-07-14,Yolo,113,214977,14479,14332,438,14770,213
2021-07-14,Yuba,115,75493,6369,6294,137,6431,52
2021-07-13,Alameda,1,1643700,92013,90874,2190,93064,1255
2021-07-13,Alpine,3,1148,89,89,0,89,0
2021-07-13,Amador,5,37829,3801,3783,36,3819,48
2021-07-13,Butte,7,227075,12892,12802,2008,14810,202
2021-07-13,Calaveras,9,45235,2249,2230,18,2248,57
2021-07-13,Colusa,11,21464,1983,1972,344,2316,16
2021-07-13,Contra Costa,13,1133247,72812,71963,1435,73398,823
2021-07-13,Del Norte,15,27424,1484,1471,10,1481,8
2021-07-13,El Dorado,17,186661,10684,10581,838,11419,114
2021-07-13,Fresno,19,978130,103373,102909,9350,112259,1727
2021-07-13,Glenn,21,27897,2452,2448,594,3042,20
2021-07-13,Humboldt,23,135768,4696,4634,137,4771,51
2021-07-13,Imperial,25,180216,28901,28792,2905,31697,741
2021-07-13,Inyo,27,18085,1421,1415,4,1419,36
2021-07-13,Kern,29,883053,97929,97698,11856,109554,1346
2021-07-13,Kings,31,150075,23244,23132,1240,24372,246
2021-07-13,Lake,33,64148,3821,3719,13,3732,63
2021-07-13,Lassen,35,31185,5306,5292,127,5419,21
2021-07-13,Los Angeles,37,10098052,1223466,1217184,45607,1262791,24569
2021-07-13,Madera,39,155013,16853,16773,986,17759,240
2021-07-13,Marin,41,260295,14394,14254,280,14534,233
2021-07-13,Mariposa,43,17540,447,443,12,455,5
2021-07-13,Mendocino,45,87422,4290,4185,81,4266,49
2021-07-13,Merced,47,269075,31506,31379,1023,32402,471
2021-07-13,Modoc,49,8938,415,411,147,558,4
2021-07-13,Mono,51,14174,1262,1277,15,1292,3
2021-07-13,Monterey,53,433212,43411,43333,1981,45314,504
2021-07-13,Napa,55,140530,10169,10118,39,10157,81
2021-07-13,Nevada,57,99092,5127,5053,203,5256,72
2021-07-13,Orange,59,3164182,258623,257339,12196,269535,5136
2021-07-13,Placer,61,380077,24298,24091,1725,25816,303
2021-07-13,Plumas,63,18699,731,716,15,731,4
2021-07-13,Riverside,65,2383286,295350,294302,15148,309450,4541
2021-07-13,Sacramento,67,1510023,110909,109990,2044,112034,1687
2021-07-13,San Benito,69,59416,6184,6173,120,6293,63
2021-07-13,San Bernardino,71,2135413,296752,295596,9444,305040,5183
2021-07-13,San Diego,73,3302833,286928,284997,0,284997,3785
2021-07-13,San Francisco,75,870044,38245,37725,1480,39205,559
2021-07-13,San Joaquin,77,732212,74964,74500,3969,78469,1417
2021-07-13,San Luis Obispo,79,281455,21535,21423,815,22238,258
2021-07-13,San Mateo,81,765935,43519,43180,541,43721,542
2021-07-13,Santa Barbara,83,443738,34921,34679,1376,36055,461
2021-07-13,Santa Clara,85,1922200,120390,119727,849,120576,2098
2021-07-13,Santa Cruz,87,273765,16384,16315,881,17196,207
2021-07-13,Shasta,89,179085,12716,12659,1742,14401,209
2021-07-13,Sierra,91,2930,64,62,14,76,0
2021-07-13,Siskiyou,93,43540,1987,1916,434,2350,29
2021-07-13,Solano,95,438530,34227,33918,638,34556,268
2021-07-13,Sonoma,97,501317,31715,31431,386,31817,322
2021-07-13,Stanislaus,99,539301,57558,57282,6368,63650,1028
2021-07-13,Sutter,101,95872,9798,9752,99,9851,114
2021-07-13,Tehama,103,63373,5149,5144,650,5794,64
2021-07-13,Trinity,105,12862,376,341,72,413,3
2021-07-13,Tulare,107,460477,50002,49891,9816,59707,853
2021-07-13,Tuolumne,109,53932,4182,4122,171,4293,64
2021-07-13,Ventura,111,848112,82250,81982,3380,85362,1040
2021-07-13,Yolo,113,214977,14451,14320,431,14751,213
2021-07-13,Yuba,115,75493,6353,6279,137,6416,52
2021-07-12,Alameda,1,1643700,91763,90720,2181,92901,1254
2021-07-12,Alpine,3,1148,89,89,0,89,0
2021-07-12,Amador,5,37829,3794,3781,36,3817,47
2021-07-12,Butte,7,227075,12872,12796,2006,14802,202
2021-07-12,Calaveras,9,45235,2246,2228,18,2246,57
2021-07-12,Colusa,11,21464,1979,1971,343,2314,16
2021-07-12,Contra Costa,13,1133247,72611,71833,1430,73263,823
2021-07-12,Del Norte,15,27424,1481,1469,10,1479,8
2021-07-12,El Dorado,17,186661,10655,10569,836,11405,114
2021-07-12,Fresno,19,978130,103280,102853,9338,112191,1728
2021-07-12,Glenn,21,27897,2452,2446,594,3040,20
2021-07-12,Humboldt,23,135768,4680,4621,137,4758,51
2021-07-12,Imperial,25,180216,28871,28789,2905,31694,741
2021-07-12,Inyo,27,18085,1421,1415,4,1419,36
2021-07-12,Kern,29,883053,97860,97660,11831,109491,1346
2021-07-12,Kings,31,150075,23224,23124,1238,24362,246
2021-07-12,Lake,33,64148,3801,3706,13,3719,63
2021-07-12,Lassen,35,31185,5305,5292,127,5419,21
2021-07-12,Los Angeles,37,10098052,1221702,1216230,45462,1261692,24559
2021-07-12,Madera,39,155013,16843,16772,986,17758,240
2021-07-12,Marin,41,260295,14369,14238,279,14517,233
2021-07-12,Mariposa,43,17540,447,442,12,454,5
2021-07-12,Mendocino,45,87422,4278,4175,81,4256,49
2021-07-12,Merced,47,269075,31475,31374,1022,32396,471
2021-07-12,Modoc,49,8938,414,411,147,558,4
2021-07-12,Mono,51,14174,1260,1275,15,1290,3
2021-07-12,Monterey,53,433212,43390,43315,1977,45292,504
2021-07-12,Napa,55,140530,10151,10104,38,10142,81
2021-07-12,Nevada,57,99092,5104,5046,203,5249,72
2021-07-12,Orange,59,3164182,258274,257171,12171,269342,5136
2021-07-12,Placer,61,380077,24249,24052,1719,25771,302
2021-07-12,Plumas,63,18699,731,716,15,731,4
2021-07-12,Riverside,65,2383286,295042,294108,15119,309227,4541
2021-07-12,Sacramento,67,1510023,110693,109849,2022,111871,1685
2021-07-12,San Benito,69,59416,6181,6166,120,6286,63
2021-07-12,San Bernardino,71,2135413,296491,295447,9429,304876,5171
2021-07-12,San Diego,73,3302833,286464,284648,0,284648,3785
2021-07-12,San Francisco,75,870044,38098,37656,1476,39132,559
2021-07-12,San Joaquin,77,732212,74870,74424,3959,78383,1415
2021-07-12,San Luis Obispo,79,281455,21516,21408,814,22222,258
2021-07-12,San Mateo,81,765935,43426,43138,534,43672,542
2021-07-12,Santa Barbara,83,443738,34879,34664,1374,36038,461
2021-07-12,Santa Clara,85,1922200,120226,119634,846,120480,2098
2021-07-12,Santa Cruz,87,273765,16359,16310,880,17190,207
2021-07-12,Shasta,89,179085,12708,12648,1739,14387,208
2021-07-12,Sierra,91,2930,64,62,14,76,0
2021-07-12,Siskiyou,93,43540,1982,1916,429,2345,29
2021-07-12,Solano,95,438530,34141,33859,629,34488,268
2021-07-12,Sonoma,97,501317,31667,31377,385,31762,322
2021-07-12,Stanislaus,99,539301,57485,57243,6361,63604,1028
2021-07-12,Sutter,101,95872,9781,9736,98,9834,114
2021-07-12,Tehama,103,63373,5144,5138,649,5787,63
2021-07-12,Trinity,105,12862,372,340,70,410,3
2021-07-12,Tulare,107,460477,49975,49882,9802,59684,853
2021-07-12,Tuolumne,109,53932,4178,4116,171,4287,64
2021-07-12,Ventura,111,848112,82153,81919,3357,85276,1040
2021-07-12,Yolo,113,214977,14422,14303,427,14730,213
2021-07-12,Yuba,115,75493,6338,6266,137,6403,52
2021-07-11,Alameda,1,1643700,91439,90597,2166,92763,1254
2021-07-11,Alpine,3,1148,89,89,0,89,0
2021-07-11,Amador,5,37829,3792,3779,36,3815,47
2021-07-11,Butte,7,227075,12852,12794,1999,14793,202
2021-07-11,Calaveras,9,45235,2238,2226,17,2243,57
2021-07-11,Colusa,11,21464,1979,1971,342,2313,16
2021-07-11,Contra Costa,13,1133247,72402,71744,1423,73167,823
2021-07-11,Del Norte,15,27424,1477,1467,9,1476,8
2021-07-11,El Dorado,17,186661,10626,10554,834,11388,114
2021-07-11,Fresno,19,978130,103185,102813,9319,112132,1728
2021-07-11,Glenn,21,27897,2451,2446,594,3040,20
2021-07-11,Humboldt,23,135768,4667,4611,136,4747,51
2021-07-11,Imperial,25,180216,28853,28787,2905,31692,741
2021-07-11,Inyo,27,18085,1419,1415,4,1419,36
2021-07-11,Kern,29,883053,97787,97637,11815,109452,1346
2021-07-11,Kings,31,150075,23193,23116,1235,24351,246
2021-07-11,Lake,33,64148,3771,3699,13,3712,63
2021-07-11,Lassen,35,31185,5302,5291,127,5418,21
2021-07-11,Los Angeles,37,10098052,1219967,1215182,45297,1260479,24558
2021-07-11,Madera,39,155013,16825,16766,985,17751,240
2021-07-11,Marin,41,260295,14344,14231,279,14510,233
2021-07-11,Mariposa,43,17540,446,442,12,454,5
2021-07-11,Mendocino,45,87422,4258,4167,81,4248,49
2021-07-11,Merced,47,269075,31451,31366,1017,32383,471
2021-07-11,Modoc,49,8938,414,411,147,558,4
2021-07-11,Mono,51,14174,1260,1275,15,1290,3
2021-07-11,Monterey,53,433212,43372,43307,1972,45279,504
2021-07-11,Napa,55,140530,10147,10100,38,10138,81
2021-07-11,Nevada,57,99092,5093,5035,202,5237,72
2021-07-11,Orange,59,3164182,257969,257009,12145,269154,5136
2021-07-11,Placer,61,380077,24193,24017,1707,25724,302
2021-07-11,Plumas,63,18699,731,716,15,731,4
2021-07-11,Riverside,65,2383286,294779,293969,15101,309070,4541
2021-07-11,Sacramento,67,1510023,110422,109696,2011,111707,1685
2021-07-11,San Benito,69,59416,6176,6163,120,6283,63
2021-07-11,San Bernardino,71,2135413,296191,295342,9404,304746,5167
2021-07-11,San Diego,73,3302833,286050,283819,0,283819,3784
2021-07-11,San Francisco,75,870044,37971,37596,1470,39066,559
2021-07-11,San Joaquin,77,732212,74755,74376,3942,78318,1415
2021-07-11,San Luis Obispo,79,281455,21482,21403,813,22216,258
2021-07-11,San Mateo,81,765935,43346,43107,527,43634,542
2021-07-11,Santa Barbara,83,443738,34833,34646,1374,36020,461
2021-07-11,Santa Clara,85,1922200,120073,119549,845,120394,2098
2021-07-11,Santa Cruz,87,273765,16343,16303,880,17183,207
2021-07-11,Shasta,89,179085,12691,12647,1737,14384,208
2021-07-11,Sierra,91,2930,64,62,14,76,0
2021-07-11,Siskiyou,93,43540,1978,1915,427,2342,29
2021-07-11,Solano,95,438530,34063,33837,625,34462,268
2021-07-11,Sonoma,97,501317,31584,31352,385,31737,322
2021-07-11,Stanislaus,99,539301,57412,57230,6349,63579,1028
2021-07-11,Sutter,101,95872,9767,9728,98,9826,114
2021-07-11,Tehama,103,63373,5141,5138,648,5786,63
2021-07-11,Trinity,105,12862,371,340,70,410,3
2021-07-11,Tulare,107,460477,49951,49877,9782,59659,853
2021-07-11,Tuolumne,109,53932,4172,4116,171,4287,64
2021-07-11,Ventura,111,848112,82080,81875,3337,85212,1040
2021-07-11,Yolo,113,214977,14398,14285,419,14704,213
2021-07-11,Yuba,115,75493,6328,6260,137,6397,52
2021-07-10,Alameda,1,1643700,91294,90090,2162,92252,1252
2021-07-10,Alpine,3,1148,89,89,0,89,0
2021-07-10,Amador,5,37829,3786,3773,36,3809,47
2021-07-10,Butte,7,227075,12841,12764,1997,14761,202
2021-07-10,Calaveras,9,45235,2237,2214,17,2231,57
2021-07-10,Colusa,11,21464,1977,1969,342,2311,16
2021-07-10,Contra Costa,13,1133247,72303,71376,1422,72798,821
2021-07-10,Del Norte,15,27424,1475,1451,9,1460,8
2021-07-10,El Dorado,17,186661,10610,10508,830,11338,114
2021-07-10,Fresno,19,978130,103152,102675,9312,111987,1730
2021-07-10,Glenn,21,27897,2448,2440,593,3033,20
2021-07-10,Humboldt,23,135768,4658,4574,136,4710,51
2021-07-10,Imperial,25,180216,28840,28729,2905,31634,741
2021-07-10,Inyo,27,18085,1418,1415,4,1419,36
2021-07-10,Kern,29,883053,97748,97538,11796,109334,1346
2021-07-10,Kings,31,150075,23186,23090,1234,24324,246
2021-07-10,Lake,33,64148,3754,3667,13,3680,63
2021-07-10,Lassen,35,31185,5302,5290,127,5417,21
2021-07-10,Los Angeles,37,10098052,1218953,1212043,45193,1257236,24542
2021-07-10,Madera,39,155013,16820,16744,982,17726,241
2021-07-10,Marin,41,260295,14330,14194,279,14473,233
2021-07-10,Mariposa,43,17540,446,442,12,454,5
2021-07-10,Mendocino,45,87422,4251,4153,80,4233,49
2021-07-10,Merced,47,269075,31438,31328,1017,32345,470
2021-07-10,Modoc,49,8938,414,410,147,557,4
2021-07-10,Mono,51,14174,1260,1275,15,1290,3
2021-07-10,Monterey,53,433212,43358,43251,1970,45221,499
2021-07-10,Napa,55,140530,10135,10077,38,10115,81
2021-07-10,Nevada,57,99092,5084,5000,202,5202,72
2021-07-10,Orange,59,3164182,257799,256438,12130,268568,5135
2021-07-10,Placer,61,380077,24162,23916,1697,25613,302
2021-07-10,Plumas,63,18699,730,717,15,732,4
2021-07-10,Riverside,65,2383286,294594,293474,15088,308562,4541
2021-07-10,Sacramento,67,1510023,110270,109091,2006,111097,1682
2021-07-10,San Benito,69,59416,6171,6141,120,6261,63
2021-07-10,San Bernardino,71,2135413,296004,294932,9392,304324,5117
2021-07-10,San Diego,73,3302833,285761,283577,0,283577,3783
2021-07-10,San Francisco,75,870044,37888,37338,1465,38803,559
2021-07-10,San Joaquin,77,732212,74697,74150,3936,78086,1412
2021-07-10,San Luis Obispo,79,281455,21471,21375,812,22187,258
2021-07-10,San Mateo,81,765935,43296,42948,525,43473,542
2021-07-10,Santa Barbara,83,443738,34808,34595,1374,35969,460
2021-07-10,Santa Clara,85,1922200,119972,119330,841,120171,2094
2021-07-10,Santa Cruz,87,273765,16336,16286,880,17166,207
2021-07-10,Shasta,89,179085,12679,12623,1732,14355,206
2021-07-10,Sierra,91,2930,64,61,14,75,0
2021-07-10,Siskiyou,93,43540,1976,1909,424,2333,29
2021-07-10,Solano,95,438530,34023,33678,619,34297,268
2021-07-10,Sonoma,97,501317,31532,31231,385,31616,317
2021-07-10,Stanislaus,99,539301,57371,57104,6339,63443,1026
2021-07-10,Sutter,101,95872,9754,9692,98,9790,114
2021-07-10,Tehama,103,63373,5138,5131,648,5779,63
2021-07-10,Trinity,105,12862,371,341,70,411,3
2021-07-10,Tulare,107,460477,49941,49850,9776,59626,853
2021-07-10,Tuolumne,109,53932,4170,4114,171,4285,64
2021-07-10,Ventura,111,848112,82035,81713,3319,85032,1039
2021-07-10,Yolo,113,214977,14377,14250,416,14666,213
2021-07-10,Yuba,115,75493,6318,6238,137,6375,52
2021-07-09,Alameda,1,1643700,91142,90090,2156,92246,1252
2021-07-09,Alpine,3,1148,89,89,0,89,0
2021-07-09,Amador,5,37829,3785,3773,36,3809,47
2021-07-09,Butte,7,227075,12830,12764,1995,14759,202
2021-07-09,Calaveras,9,45235,2235,2214,17,2231,57
2021-07-09,Colusa,11,21464,1976,1969,342,2311,16
2021-07-09,Contra Costa,13,1133247,72178,71376,1421,72797,821
2021-07-09,Del Norte,15,27424,1471,1451,9,1460,8
2021-07-09,El Dorado,17,186661,10596,10508,828,11336,114
2021-07-09,Fresno,19,978130,103096,102675,9305,111980,1730
2021-07-09,Glenn,21,27897,2447,2440,591,3031,20
2021-07-09,Humboldt,23,135768,4639,4574,136,4710,51
2021-07-09,Imperial,25,180216,28831,28729,2905,31634,741
2021-07-09,Inyo,27,18085,1417,1415,4,1419,36
2021-07-09,Kern,29,883053,97710,97538,11784,109322,1346
2021-07-09,Kings,31,150075,23176,23090,1233,24323,246
2021-07-09,Lake,33,64148,3740,3667,13,3680,63
2021-07-09,Lassen,35,31185,5300,5290,126,5416,21
2021-07-09,Los Angeles,37,10098052,1217954,1212043,45116,1257159,24542
2021-07-09,Madera,39,155013,16811,16744,981,17725,241
2021-07-09,Marin,41,260295,14310,14194,277,14471,233
2021-07-09,Mariposa,43,17540,446,442,12,454,5
2021-07-09,Mendocino,45,87422,4244,4153,80,4233,49
2021-07-09,Merced,47,269075,31423,31328,1017,32345,470
2021-07-09,Modoc,49,8938,414,410,147,557,4
2021-07-09,Mono,51,14174,1260,1275,15,1290,3
2021-07-09,Monterey,53,433212,43349,43251,1970,45221,499
2021-07-09,Napa,55,140530,10128,10077,38,10115,81
2021-07-09,Nevada,57,99092,5075,5000,202,5202,72
2021-07-09,Orange,59,3164182,257597,256438,12116,268554,5135
2021-07-09,Placer,61,380077,24140,23916,1691,25607,302
2021-07-09,Plumas,63,18699,728,717,15,732,4
2021-07-09,Riverside,65,2383286,294407,293474,15074,308548,4541
2021-07-09,Sacramento,67,1510023,110119,109091,1998,111089,1682
2021-07-09,San Benito,69,59416,6169,6141,120,6261,63
2021-07-09,San Bernardino,71,2135413,295856,294932,9385,304317,5117
2021-07-09,San Diego,73,3302833,285475,283577,0,283577,3783
2021-07-09,San Francisco,75,870044,37810,37338,1457,38795,559
2021-07-09,San Joaquin,77,732212,74625,74150,3928,78078,1412
2021-07-09,San Luis Obispo,79,281455,21459,21375,812,22187,258
2021-07-09,San Mateo,81,765935,43252,42948,520,43468,542
2021-07-09,Santa Barbara,83,443738,34791,34595,1373,35968,460
2021-07-09,Santa Clara,85,1922200,119862,119330,841,120171,2094
2021-07-09,Santa Cruz,87,273765,16333,16286,880,17166,207
2021-07-09,Shasta,89,179085,12673,12623,1727,14350,206
2021-07-09,Sierra,91,2930,64,61,14,75,0
2021-07-09,Siskiyou,93,43540,1974,1909,423,2332,29
2021-07-09,Solano,95,438530,33988,33678,615,34293,268
2021-07-09,Sonoma,97,501317,31496,31231,385,31616,317
2021-07-09,Stanislaus,99,539301,57329,57104,6337,63441,1026
2021-07-09,Sutter,101,95872,9745,9692,98,9790,114
2021-07-09,Tehama,103,63373,5136,5131,648,5779,63
2021-07-09,Trinity,105,12862,370,341,67,408,3
2021-07-09,Tulare,107,460477,49928,49850,9770,59620,853
2021-07-09,Tuolumne,109,53932,4167,4114,171,4285,64
2021-07-09,Ventura,111,848112,81981,81713,3310,85023,1039
2021-07-09,Yolo,113,214977,14362,14250,412,14662,213
2021-07-09,Yuba,115,75493,6305,6238,137,6375,52
2021-07-08,Alameda,1,1643700,90936,90090,2151,92241,1252
2021-07-08,Alpine,3,1148,89,89,0,89,0
2021-07-08,Amador,5,37829,3783,3773,36,3809,47
2021-07-08,Butte,7,227075,12817,12764,1993,14757,202
2021-07-08,Calaveras,9,45235,2229,2214,16,2230,57
2021-07-08,Colusa,11,21464,1976,1969,342,2311,16
2021-07-08,Contra Costa,13,1133247,72050,71376,1416,72792,821
2021-07-08,Del Norte,15,27424,1469,1451,9,1460,8
2021-07-08,El Dorado,17,186661,10579,10508,823,11331,114
2021-07-08,Fresno,19,978130,103037,102675,9294,111969,1730
2021-07-08,Glenn,21,27897,2447,2440,591,3031,20
2021-07-08,Humboldt,23,135768,4624,4574,135,4709,51
2021-07-08,Imperial,25,180216,28818,28729,2904,31633,741
2021-07-08,Inyo,27,18085,1417,1415,4,1419,36
2021-07-08,Kern,29,883053,97666,97538,11766,109304,1346
2021-07-08,Kings,31,150075,23167,23090,1233,24323,246
2021-07-08,Lake,33,64148,3726,3667,13,3680,63
2021-07-08,Lassen,35,31185,5297,5290,126,5416,21
2021-07-08,Los Angeles,37,10098052,1216752,1212043,45017,1257060,24542
2021-07-08,Madera,39,155013,16796,16744,981,17725,241
2021-07-08,Marin,41,260295,14295,14194,277,14471,233
2021-07-08,Mariposa,43,17540,445,442,12,454,5
2021-07-08,Mendocino,45,87422,4240,4153,80,4233,49
2021-07-08,Merced,47,269075,31409,31328,1015,32343,470
2021-07-08,Modoc,49,8938,414,410,147,557,4
2021-07-08,Mono,51,14174,1260,1275,15,1290,3
2021-07-08,Monterey,53,433212,43329,43251,1964,45215,499
2021-07-08,Napa,55,140530,10124,10077,38,10115,81
2021-07-08,Nevada,57,99092,5069,5000,202,5202,72
2021-07-08,Orange,59,3164182,257406,256438,12096,268534,5135
2021-07-08,Placer,61,380077,24102,23916,1683,25599,302
2021-07-08,Plumas,63,18699,727,717,15,732,4
2021-07-08,Riverside,65,2383286,294209,293474,15062,308536,4541
2021-07-08,Sacramento,67,1510023,109900,109091,1991,111082,1682
2021-07-08,San Benito,69,59416,6166,6141,120,6261,63
2021-07-08,San Bernardino,71,2135413,295682,294932,9376,304308,5117
2021-07-08,San Diego,73,3302833,285147,283577,0,283577,3783
2021-07-08,San Francisco,75,870044,37732,37338,1452,38790,559
2021-07-08,San Joaquin,77,732212,74537,74150,3917,78067,1412
2021-07-08,San Luis Obispo,79,281455,21447,21375,809,22184,258
2021-07-08,San Mateo,81,765935,43201,42948,519,43467,542
2021-07-08,Santa Barbara,83,443738,34766,34595,1371,35966,460
2021-07-08,Santa Clara,85,1922200,119769,119330,840,120170,2094
2021-07-08,Santa Cruz,87,273765,16327,16286,880,17166,207
2021-07-08,Shasta,89,179085,12667,12623,1723,14346,206
2021-07-08,Sierra,91,2930,64,61,14,75,0
2021-07-08,Siskiyou,93,43540,1969,1909,420,2329,29
2021-07-08,Solano,95,438530,33936,33678,607,34285,268
2021-07-08,Sonoma,97,501317,31465,31231,384,31615,317
2021-07-08,Stanislaus,99,539301,57295,57104,6332,63436,1026
2021-07-08,Sutter,101,95872,9730,9692,96,9788,114
2021-07-08,Tehama,103,63373,5133,5131,647,5778,63
2021-07-08,Trinity,105,12862,370,341,67,408,3
2021-07-08,Tulare,107,460477,49911,49850,9761,59611,853
2021-07-08,Tuolumne,109,53932,4165,4114,171,4285,64
2021-07-08,Ventura,111,848112,81917,81713,3293,85006,1039
2021-07-08,Yolo,113,214977,14344,14250,410,14660,213
2021-07-08,Yuba,115,75493,6297,6238,137,6375,52
2021-07-07,Alameda,1,1643700,90754,89995,2144,92139,1253
2021-07-07,Alpine,3,1148,89,89,0,89,0
2021-07-07,Amador,5,37829,3778,3770,36,3806,47
2021-07-07,Butte,7,227075,12804,12750,1988,14738,202
2021-07-07,Calaveras,9,45235,2225,2212,16,2228,57
2021-07-07,Colusa,11,21464,1972,1969,342,2311,16
2021-07-07,Contra Costa,13,1133247,71906,71308,1414,72722,821
2021-07-07,Del Norte,15,27424,1464,1446,9,1455,8
2021-07-07,El Dorado,17,186661,10559,10494,821,11315,114
2021-07-07,Fresno,19,978130,102987,102639,9286,111925,1729
2021-07-07,Glenn,21,27897,2447,2441,591,3032,20
2021-07-07,Humboldt,23,135768,4610,4566,135,4701,51
2021-07-07,Imperial,25,180216,28809,28701,2904,31605,740
2021-07-07,Inyo,27,18085,1416,1415,4,1419,36
2021-07-07,Kern,29,883053,97624,97507,11751,109258,1348
2021-07-07,Kings,31,150075,23154,23085,1230,24315,245
2021-07-07,Lake,33,64148,3707,3660,13,3673,63
2021-07-07,Lassen,35,31185,5297,5286,126,5412,21
2021-07-07,Los Angeles,37,10098052,1215587,1211316,44906,1256222,24531
2021-07-07,Madera,39,155013,16786,16733,979,17712,241
2021-07-07,Marin,41,260295,14275,14183,276,14459,233
2021-07-07,Mariposa,43,17540,443,442,12,454,5
2021-07-07,Mendocino,45,87422,4231,4145,80,4225,49
2021-07-07,Merced,47,269075,31394,31317,1015,32332,470
2021-07-07,Modoc,49,8938,414,410,147,557,4
2021-07-07,Mono,51,14174,1259,1274,15,1289,3
2021-07-07,Monterey,53,433212,43305,43233,1962,45195,494
2021-07-07,Napa,55,140530,10113,10078,38,10116,81
2021-07-07,Nevada,57,99092,5062,4996,202,5198,72
2021-07-07,Orange,59,3164182,257182,256301,12075,268376,5132
2021-07-07,Placer,61,380077,24064,23901,1673,25574,302
2021-07-07,Plumas,63,18699,727,710,15,725,4
2021-07-07,Riverside,65,2383286,293995,293331,15051,308382,4538
2021-07-07,Sacramento,67,1510023,109711,108954,1983,110937,1682
2021-07-07,San Benito,69,59416,6161,6137,120,6257,63
2021-07-07,San Bernardino,71,2135413,295510,294787,9369,304156,5087
2021-07-07,San Diego,73,3302833,284829,283377,0,283377,3782
2021-07-07,San Francisco,75,870044,37641,37284,1449,38733,558
2021-07-07,San Joaquin,77,732212,74462,74095,3901,77996,1410
2021-07-07,San Luis Obispo,79,281455,21438,21360,807,22167,258
2021-07-07,San Mateo,81,765935,43147,42908,516,43424,542
2021-07-07,Santa Barbara,83,443738,34740,34582,1369,35951,460
2021-07-07,Santa Clara,85,1922200,119671,119250,839,120089,2094
2021-07-07,Santa Cruz,87,273765,16318,16279,879,17158,207
2021-07-07,Shasta,89,179085,12659,12613,1720,14333,206
2021-07-07,Sierra,91,2930,64,60,14,74,0
2021-07-07,Siskiyou,93,43540,1963,1908,416,2324,29
2021-07-07,Solano,95,438530,33888,33659,600,34259,268
2021-07-07,Sonoma,97,501317,31418,31172,384,31556,316
2021-07-07,Stanislaus,99,539301,57250,57102,6327,63429,1028
2021-07-07,Sutter,101,95872,9720,9683,96,9779,114
2021-07-07,Tehama,103,63373,5132,5129,646,5775,63
2021-07-07,Trinity,105,12862,370,341,67,408,3
2021-07-07,Tulare,107,460477,49907,49835,9752,59587,853
2021-07-07,Tuolumne,109,53932,4161,4115,170,4285,64
2021-07-07,Ventura,111,848112,81873,81608,3278,84886,1036
2021-07-07,Yolo,113,214977,14334,14236,407,14643,213
2021-07-07,Yuba,115,75493,6281,6233,137,6370,51
2021-07-06,Alameda,1,1643700,90559,89918,2135,92053,1253
2021-07-06,Alpine,3,1148,89,89,0,89,0
2021-07-06,Amador,5,37829,3777,3768,35,3803,47
2021-07-06,Butte,7,227075,12791,12744,1985,14729,201
2021-07-06,Calaveras,9,45235,2225,2211,16,2227,55
2021-07-06,Colusa,11,21464,1971,1967,339,2306,16
2021-07-06,Contra Costa,13,1133247,71778,71262,1412,72674,820
2021-07-06,Del Norte,15,27424,1460,1445,9,1454,8
2021-07-06,El Dorado,17,186661,10542,10484,820,11304,113
2021-07-06,Fresno,19,978130,102936,102616,9275,111891,1727
2021-07-06,Glenn,21,27897,2446,2438,591,3029,20
2021-07-06,Humboldt,23,135768,4596,4565,134,4699,49
2021-07-06,Imperial,25,180216,28795,28693,2902,31595,739
2021-07-06,Inyo,27,18085,1416,1412,4,1416,36
2021-07-06,Kern,29,883053,97583,97491,11740,109231,1346
2021-07-06,Kings,31,150075,23146,23077,1229,24306,245
2021-07-06,Lake,33,64148,3697,3659,13,3672,63
2021-07-06,Lassen,35,31185,5296,5288,125,5413,21
2021-07-06,Los Angeles,37,10098052,1214381,1210965,44805,1255770,24525
2021-07-06,Madera,39,155013,16776,16730,979,17709,241
2021-07-06,Marin,41,260295,14261,14181,276,14457,233
2021-07-06,Mariposa,43,17540,443,442,12,454,5
2021-07-06,Mendocino,45,87422,4224,4143,80,4223,49
2021-07-06,Merced,47,269075,31377,31317,1014,32331,470
2021-07-06,Modoc,49,8938,414,411,147,558,4
2021-07-06,Mono,51,14174,1257,1274,15,1289,3
2021-07-06,Monterey,53,433212,43283,43224,1961,45185,494
2021-07-06,Napa,55,140530,10102,10081,38,10119,81
2021-07-06,Nevada,57,99092,5053,4988,202,5190,72
2021-07-06,Orange,59,3164182,256943,256227,12057,268284,5129
2021-07-06,Placer,61,380077,24023,23876,1667,25543,302
2021-07-06,Plumas,63,18699,726,708,15,723,4
2021-07-06,Riverside,65,2383286,293789,293227,15032,308259,4539
2021-07-06,Sacramento,67,1510023,109504,108850,1975,110825,1679
2021-07-06,San Benito,69,59416,6157,6137,120,6257,63
2021-07-06,San Bernardino,71,2135413,295334,294712,9356,304068,5056
2021-07-06,San Diego,73,3302833,284474,283278,0,283278,3782
2021-07-06,San Francisco,75,870044,37525,37251,1446,38697,558
2021-07-06,San Joaquin,77,732212,74393,74019,3889,77908,1410
2021-07-06,San Luis Obispo,79,281455,21421,21354,806,22160,257
2021-07-06,San Mateo,81,765935,43072,42895,516,43411,541
2021-07-06,Santa Barbara,83,443738,34723,34572,1367,35939,460
2021-07-06,Santa Clara,85,1922200,119553,119194,836,120030,2095
2021-07-06,Santa Cruz,87,273765,16313,16274,878,17152,207
2021-07-06,Shasta,89,179085,12649,12606,1718,14324,205
2021-07-06,Sierra,91,2930,63,60,14,74,0
2021-07-06,Siskiyou,93,43540,1960,1905,412,2317,29
2021-07-06,Solano,95,438530,33838,33619,597,34216,268
2021-07-06,Sonoma,97,501317,31353,31130,383,31513,316
2021-07-06,Stanislaus,99,539301,57188,57120,6315,63435,1029
2021-07-06,Sutter,101,95872,9711,9674,95,9769,114
2021-07-06,Tehama,103,63373,5129,5126,645,5771,63
2021-07-06,Trinity,105,12862,370,341,67,408,3
2021-07-06,Tulare,107,460477,49892,49826,9741,59567,853
2021-07-06,Tuolumne,109,53932,4159,4113,170,4283,64
2021-07-06,Ventura,111,848112,81834,81534,3252,84786,1033
2021-07-06,Yolo,113,214977,14313,14227,402,14629,213
2021-07-06,Yuba,115,75493,6270,6231,137,6368,51
2021-07-05,Alameda,1,1643700,90383,89892,2129,92021,1253
2021-07-05,Alpine,3,1148,89,89,0,89,0
2021-07-05,Amador,5,37829,3775,3768,35,3803,47
2021-07-05,Butte,7,227075,12783,12740,1975,14715,201
2021-07-05,Calaveras,9,45235,2223,2211,16,2227,55
2021-07-05,Colusa,11,21464,1969,1966,338,2304,16
2021-07-05,Contra Costa,13,1133247,71652,71235,1412,72647,820
2021-07-05,Del Norte,15,27424,1456,1446,9,1455,8
2021-07-05,El Dorado,17,186661,10517,10481,820,11301,113
2021-07-05,Fresno,19,978130,102880,102592,9256,111848,1727
2021-07-05,Glenn,21,27897,2443,2438,590,3028,20
2021-07-05,Humboldt,23,135768,4582,4563,134,4697,49
2021-07-05,Imperial,25,180216,28776,28689,2902,31591,739
2021-07-05,Inyo,27,18085,1416,1412,4,1416,36
2021-07-05,Kern,29,883053,97535,97479,11719,109198,1346
2021-07-05,Kings,31,150075,23138,23065,1226,24291,245
2021-07-05,Lake,33,64148,3679,3645,13,3658,63
2021-07-05,Lassen,35,31185,5293,5288,123,5411,21
2021-07-05,Los Angeles,37,10098052,1213205,1210653,44696,1255349,24522
2021-07-05,Madera,39,155013,16766,16722,978,17700,241
2021-07-05,Marin,41,260295,14239,14178,276,14454,233
2021-07-05,Mariposa,43,17540,443,441,12,453,5
2021-07-05,Mendocino,45,87422,4219,4139,80,4219,49
2021-07-05,Merced,47,269075,31357,31312,1014,32326,470
2021-07-05,Modoc,49,8938,414,410,147,557,4
2021-07-05,Mono,51,14174,1257,1273,15,1288,3
2021-07-05,Monterey,53,433212,43263,43218,1956,45174,494
2021-07-05,Napa,55,140530,10096,10074,38,10112,81
2021-07-05,Nevada,57,99092,5035,4980,201,5181,72
2021-07-05,Orange,59,3164182,256746,256173,12037,268210,5129
2021-07-05,Placer,61,380077,23977,23867,1659,25526,302
2021-07-05,Plumas,63,18699,725,708,15,723,4
2021-07-05,Riverside,65,2383286,293595,293193,15019,308212,4539
2021-07-05,Sacramento,67,1510023,109323,108758,1966,110724,1679
2021-07-05,San Benito,69,59416,6150,6137,120,6257,63
2021-07-05,San Bernardino,71,2135413,295175,294647,9349,303996,5037
2021-07-05,San Diego,73,3302833,284113,282834,0,282834,3782
2021-07-05,San Francisco,75,870044,37439,37237,1441,38678,558
2021-07-05,San Joaquin,77,732212,74323,73999,3883,77882,1410
2021-07-05,San Luis Obispo,79,281455,21408,21351,805,22156,257
2021-07-05,San Mateo,81,765935,43020,42876,513,43389,541
2021-07-05,Santa Barbara,83,443738,34703,34569,1367,35936,460
2021-07-05,Santa Clara,85,1922200,119449,119184,834,120018,2095
2021-07-05,Santa Cruz,87,273765,16303,16273,877,17150,208
2021-07-05,Shasta,89,179085,12640,12603,1716,14319,205
2021-07-05,Sierra,91,2930,63,60,14,74,0
2021-07-05,Siskiyou,93,43540,1959,1904,410,2314,29
2021-07-05,Solano,95,438530,33769,33612,591,34203,268
2021-07-05,Sonoma,97,501317,31300,31116,382,31498,316
2021-07-05,Stanislaus,99,539301,57152,57109,6305,63414,1029
2021-07-05,Sutter,101,95872,9699,9667,95,9762,114
2021-07-05,Tehama,103,63373,5128,5125,645,5770,63
2021-07-05,Trinity,105,12862,369,341,66,407,3
2021-07-05,Tulare,107,460477,49874,49818,9738,59556,853
2021-07-05,Tuolumne,109,53932,4155,4112,170,4282,64
2021-07-05,Ventura,111,848112,81785,81519,3231,84750,1033
2021-07-05,Yolo,113,214977,14296,14225,393,14618,213
2021-07-05,Yuba,115,75493,6262,6223,137,6360,51
2021-07-04,Alameda,1,1643700,90216,89683,2124,91807,1253
2021-07-04,Alpine,3,1148,89,89,0,89,0
2021-07-04,Amador,5,37829,3774,3758,35,3793,46
2021-07-04,Butte,7,227075,12773,12684,1975,14659,201
2021-07-04,Calaveras,9,45235,2223,2200,16,2216,55
2021-07-04,Colusa,11,21464,1969,1969,338,2307,15
2021-07-04,Contra Costa,13,1133247,71548,70941,1407,72348,818
2021-07-04,Del Norte,15,27424,1453,1439,9,1448,8
2021-07-04,El Dorado,17,186661,10508,10433,819,11252,113
2021-07-04,Fresno,19,978130,102836,102512,9237,111749,1727
2021-07-04,Glenn,21,27897,2441,2442,589,3031,20
2021-07-04,Humboldt,23,135768,4574,4530,134,4664,49
2021-07-04,Imperial,25,180216,28770,28661,2902,31563,739
2021-07-04,Inyo,27,18085,1416,1412,4,1416,35
2021-07-04,Kern,29,883053,97517,97421,11709,109130,1347
2021-07-04,Kings,31,150075,23130,23051,1226,24277,245
2021-07-04,Lake,33,64148,3669,3623,13,3636,62
2021-07-04,Lassen,35,31185,5292,5277,123,5400,20
2021-07-04,Los Angeles,37,10098052,1212365,1208705,44600,1253305,24506
2021-07-04,Madera,39,155013,16754,16696,976,17672,240
2021-07-04,Marin,41,260295,14225,14143,276,14419,233
2021-07-04,Mariposa,43,17540,443,441,12,453,5
2021-07-04,Mendocino,45,87422,4209,4122,80,4202,49
2021-07-04,Merced,47,269075,31346,31297,1014,32311,469
2021-07-04,Modoc,49,8938,414,410,147,557,4
2021-07-04,Mono,51,14174,1257,1275,15,1290,3
2021-07-04,Monterey,53,433212,43247,43212,1955,45167,492
2021-07-04,Napa,55,140530,10088,10045,37,10082,81
2021-07-04,Nevada,57,99092,5026,4966,201,5167,72
2021-07-04,Orange,59,3164182,256575,255823,12016,267839,5126
2021-07-04,Placer,61,380077,23939,23764,1652,25416,299
2021-07-04,Plumas,63,18699,725,707,15,722,4
2021-07-04,Riverside,65,2383286,293437,293260,15011,308271,4536
2021-07-04,Sacramento,67,1510023,109159,108257,1961,110218,1676
2021-07-04,San Benito,69,59416,6143,6108,120,6228,63
2021-07-04,San Bernardino,71,2135413,295013,294294,9342,303636,5003
2021-07-04,San Diego,73,3302833,283888,282692,0,282692,3780
2021-07-04,San Francisco,75,870044,37385,37107,1434,38541,558
2021-07-04,San Joaquin,77,732212,74256,73841,3875,77716,1409
2021-07-04,San Luis Obispo,79,281455,21402,21330,804,22134,256
2021-07-04,San Mateo,81,765935,42987,42691,513,43204,541
2021-07-04,Santa Barbara,83,443738,34682,34526,1366,35892,456
2021-07-04,Santa Clara,85,1922200,119359,118966,833,119799,2090
2021-07-04,Santa Cruz,87,273765,16292,16254,877,17131,208
2021-07-04,Shasta,89,179085,12636,12582,1715,14297,204
2021-07-04,Sierra,91,2930,62,60,14,74,0
2021-07-04,Siskiyou,93,43540,1955,1899,409,2308,29
2021-07-04,Solano,95,438530,33728,33486,589,34075,268
2021-07-04,Sonoma,97,501317,31270,31000,381,31381,316
2021-07-04,Stanislaus,99,539301,57129,57018,6299,63317,1018
2021-07-04,Sutter,101,95872,9688,9644,95,9739,114
2021-07-04,Tehama,103,63373,5124,5124,644,5768,63
2021-07-04,Trinity,105,12862,368,341,66,407,3
2021-07-04,Tulare,107,460477,49864,49789,9735,59524,853
2021-07-04,Tuolumne,109,53932,4147,4113,170,4283,64
2021-07-04,Ventura,111,848112,81731,81425,3220,84645,1033
2021-07-04,Yolo,113,214977,14277,14188,390,14578,213
2021-07-04,Yuba,115,75493,6254,6197,137,6334,51
2021-07-03,Alameda,1,1643700,90135,89683,2117,91800,1253
2021-07-03,Alpine,3,1148,89,89,0,89,0
2021-07-03,Amador,5,37829,3774,3758,35,3793,46
2021-07-03,Butte,7,227075,12769,12684,1974,14658,201
2021-07-03,Calaveras,9,45235,2222,2200,16,2216,55
2021-07-03,Colusa,11,21464,1969,1969,337,2306,15
2021-07-03,Contra Costa,13,1133247,71489,70941,1404,72345,818
2021-07-03,Del Norte,15,27424,1450,1439,9,1448,8
2021-07-03,El Dorado,17,186661,10501,10433,817,11250,113
2021-07-03,Fresno,19,978130,102811,102512,9228,111740,1727
2021-07-03,Glenn,21,27897,2441,2442,589,3031,20
2021-07-03,Humboldt,23,135768,4569,4530,134,4664,49
2021-07-03,Imperial,25,180216,28760,28661,2902,31563,739
2021-07-03,Inyo,27,18085,1416,1412,4,1416,35
2021-07-03,Kern,29,883053,97497,97421,11701,109122,1347
2021-07-03,Kings,31,150075,23130,23051,1225,24276,245
2021-07-03,Lake,33,64148,3659,3623,13,3636,62
2021-07-03,Lassen,35,31185,5291,5277,123,5400,20
2021-07-03,Los Angeles,37,10098052,1211941,1208705,44570,1253275,24506
2021-07-03,Madera,39,155013,16746,16696,973,17669,240
2021-07-03,Marin,41,260295,14221,14143,276,14419,233
2021-07-03,Mariposa,43,17540,443,441,12,453,5
2021-07-03,Mendocino,45,87422,4208,4122,80,4202,49
2021-07-03,Merced,47,269075,31333,31297,1013,32310,469
2021-07-03,Modoc,49,8938,413,410,147,557,4
2021-07-03,Mono,51,14174,1256,1275,15,1290,3
2021-07-03,Monterey,53,433212,43235,43212,1952,45164,492
2021-07-03,Napa,55,140530,10083,10045,37,10082,81
2021-07-03,Nevada,57,99092,5012,4966,201,5167,72
2021-07-03,Orange,59,3164182,256492,255823,12009,267832,5126
2021-07-03,Placer,61,380077,23920,23764,1649,25413,299
2021-07-03,Plumas,63,18699,725,707,15,722,4
2021-07-03,Riverside,65,2383286,293346,293260,15006,308266,4536
2021-07-03,Sacramento,67,1510023,109085,108257,1958,110215,1676
2021-07-03,San Benito,69,59416,6136,6108,120,6228,63
2021-07-03,San Bernardino,71,2135413,294926,294294,9339,303633,5003
2021-07-03,San Diego,73,3302833,283756,282692,0,282692,3780
2021-07-03,San Francisco,75,870044,37344,37107,1431,38538,558
2021-07-03,San Joaquin,77,732212,74221,73841,3869,77710,1409
2021-07-03,San Luis Obispo,79,281455,21390,21330,804,22134,256
2021-07-03,San Mateo,81,765935,42962,42691,512,43203,541
2021-07-03,Santa Barbara,83,443738,34673,34526,1365,35891,456
2021-07-03,Santa Clara,85,1922200,119313,118966,833,119799,2090
2021-07-03,Santa Cruz,87,273765,16285,16254,877,17131,208
2021-07-03,Shasta,89,179085,12632,12582,1713,14295,204
2021-07-03,Sierra,91,2930,62,60,14,74,0
2021-07-03,Siskiyou,93,43540,1954,1899,408,2307,29
2021-07-03,Solano,95,438530,33686,33486,589,34075,268
2021-07-03,Sonoma,97,501317,31236,31000,381,31381,316
2021-07-03,Stanislaus,99,539301,57115,57018,6291,63309,1018
2021-07-03,Sutter,101,95872,9678,9644,95,9739,114
2021-07-03,Tehama,103,63373,5122,5124,644,5768,63
2021-07-03,Trinity,105,12862,368,341,66,407,3
2021-07-03,Tulare,107,460477,49859,49789,9729,59518,853
2021-07-03,Tuolumne,109,53932,4146,4113,170,4283,64
2021-07-03,Ventura,111,848112,81700,81425,3212,84637,1033
2021-07-03,Yolo,113,214977,14267,14188,387,14575,213
2021-07-03,Yuba,115,75493,6248,6197,137,6334,51
2021-07-02,Alameda,1,1643700,90053,89683,2116,91799,1253
2021-07-02,Alpine,3,1148,89,89,0,89,0
2021-07-02,Amador,5,37829,3772,3758,35,3793,46
2021-07-02,Butte,7,227075,12762,12684,1974,14658,201
2021-07-02,Calaveras,9,45235,2221,2200,16,2216,55
2021-07-02,Colusa,11,21464,1968,1969,336,2305,15
2021-07-02,Contra Costa,13,1133247,71419,70941,1400,72341,818
2021-07-02,Del Norte,15,27424,1450,1439,9,1448,8
2021-07-02,El Dorado,17,186661,10493,10433,817,11250,113
2021-07-02,Fresno,19,978130,102781,102512,9222,111734,1727
2021-07-02,Glenn,21,27897,2440,2442,588,3030,20
2021-07-02,Humboldt,23,135768,4566,4530,133,4663,49
2021-07-02,Imperial,25,180216,28754,28661,2901,31562,739
2021-07-02,Inyo,27,18085,1416,1412,4,1416,35
2021-07-02,Kern,29,883053,97479,97421,11692,109113,1347
2021-07-02,Kings,31,150075,23120,23051,1225,24276,245
2021-07-02,Lake,33,64148,3653,3623,13,3636,62
2021-07-02,Lassen,35,31185,5291,5277,123,5400,20
2021-07-02,Los Angeles,37,10098052,1211472,1208705,44531,1253236,24506
2021-07-02,Madera,39,155013,16737,16696,972,17668,240
2021-07-02,Marin,41,260295,14216,14143,276,14419,233
2021-07-02,Mariposa,43,17540,443,441,12,453,5
2021-07-02,Mendocino,45,87422,4204,4122,79,4201,49
2021-07-02,Merced,47,269075,31324,31297,1013,32310,469
2021-07-02,Modoc,49,8938,413,410,147,557,4
2021-07-02,Mono,51,14174,1255,1275,15,1290,3
2021-07-02,Monterey,53,433212,43227,43212,1951,45163,492
2021-07-02,Napa,55,140530,10078,10045,37,10082,81
2021-07-02,Nevada,57,99092,5003,4966,201,5167,72
2021-07-02,Orange,59,3164182,256380,255823,12002,267825,5126
2021-07-02,Placer,61,380077,23903,23764,1642,25406,299
2021-07-02,Plumas,63,18699,725,707,15,722,4
2021-07-02,Riverside,65,2383286,293249,293260,15001,308261,4536
2021-07-02,Sacramento,67,1510023,109004,108257,1957,110214,1676
2021-07-02,San Benito,69,59416,6133,6108,120,6228,63
2021-07-02,San Bernardino,71,2135413,294834,294294,9336,303630,5003
2021-07-02,San Diego,73,3302833,283610,282692,0,282692,3780
2021-07-02,San Francisco,75,870044,37297,37107,1429,38536,558
2021-07-02,San Joaquin,77,732212,74189,73841,3863,77704,1409
2021-07-02,San Luis Obispo,79,281455,21384,21330,803,22133,256
2021-07-02,San Mateo,81,765935,42926,42691,512,43203,541
2021-07-02,Santa Barbara,83,443738,34664,34526,1365,35891,456
2021-07-02,Santa Clara,85,1922200,119235,118966,833,119799,2090
2021-07-02,Santa Cruz,87,273765,16281,16254,877,17131,208
2021-07-02,Shasta,89,179085,12628,12582,1713,14295,204
2021-07-02,Sierra,91,2930,61,60,14,74,0
2021-07-02,Siskiyou,93,43540,1951,1899,407,2306,29
2021-07-02,Solano,95,438530,33661,33486,589,34075,268
2021-07-02,Sonoma,97,501317,31213,31000,381,31381,316
2021-07-02,Stanislaus,99,539301,57093,57018,6290,63308,1018
2021-07-02,Sutter,101,95872,9673,9644,95,9739,114
2021-07-02,Tehama,103,63373,5120,5124,642,5766,63
2021-07-02,Trinity,105,12862,368,341,66,407,3
2021-07-02,Tulare,107,460477,49849,49789,9721,59510,853
2021-07-02,Tuolumne,109,53932,4143,4113,170,4283,64
2021-07-02,Ventura,111,848112,81658,81425,3204,84629,1033
2021-07-02,Yolo,113,214977,14252,14188,385,14573,213
2021-07-02,Yuba,115,75493,6240,6197,137,6334,51
2021-07-01,Alameda,1,1643700,89948,89683,2114,91797,1253
2021-07-01,Alpine,3,1148,89,89,0,89,0
2021-07-01,Amador,5,37829,3771,3758,35,3793,46
2021-07-01,Butte,7,227075,12750,12684,1972,14656,201
2021-07-01,Calaveras,9,45235,2219,2200,16,2216,55
2021-07-01,Colusa,11,21464,1968,1969,334,2303,15
2021-07-01,Contra Costa,13,1133247,71348,70941,1399,72340,818
2021-07-01,Del Norte,15,27424,1449,1439,9,1448,8
2021-07-01,El Dorado,17,186661,10481,10433,817,11250,113
2021-07-01,Fresno,19,978130,102742,102512,9217,111729,1727
2021-07-01,Glenn,21,27897,2440,2442,588,3030,20
2021-07-01,Humboldt,23,135768,4564,4530,133,4663,49
2021-07-01,Imperial,25,180216,28737,28661,2901,31562,739
2021-07-01,Inyo,27,18085,1416,1412,4,1416,35
2021-07-01,Kern,29,883053,97453,97421,11681,109102,1347
2021-07-01,Kings,31,150075,23106,23051,1225,24276,245
2021-07-01,Lake,33,64148,3650,3623,13,3636,62
2021-07-01,Lassen,35,31185,5289,5277,123,5400,20
2021-07-01,Los Angeles,37,10098052,1210878,1208705,44475,1253180,24506
2021-07-01,Madera,39,155013,16728,16696,971,17667,240
2021-07-01,Marin,41,260295,14212,14143,276,14419,233
2021-07-01,Mariposa,43,17540,443,441,12,453,5
2021-07-01,Mendocino,45,87422,4200,4122,78,4200,49
2021-07-01,Merced,47,269075,31318,31297,1013,32310,469
2021-07-01,Modoc,49,8938,413,410,147,557,4
2021-07-01,Mono,51,14174,1254,1275,15,1290,3
2021-07-01,Monterey,53,433212,43219,43212,1947,45159,492
2021-07-01,Napa,55,140530,10072,10045,37,10082,81
2021-07-01,Nevada,57,99092,4998,4966,201,5167,72
2021-07-01,Orange,59,3164182,256262,255823,11984,267807,5126
2021-07-01,Placer,61,380077,23885,23764,1639,25403,299
2021-07-01,Plumas,63,18699,722,707,13,720,4
2021-07-01,Riverside,65,2383286,293141,293260,14995,308255,4536
2021-07-01,Sacramento,67,1510023,108883,108257,1950,110207,1676
2021-07-01,San Benito,69,59416,6129,6108,120,6228,63
2021-07-01,San Bernardino,71,2135413,294712,294294,9329,303623,5003
2021-07-01,San Diego,73,3302833,283433,282692,0,282692,3780
2021-07-01,San Francisco,75,870044,37261,37107,1427,38534,558
2021-07-01,San Joaquin,77,732212,74138,73841,3859,77700,1409
2021-07-01,San Luis Obispo,79,281455,21369,21330,802,22132,256
2021-07-01,San Mateo,81,765935,42896,42691,511,43202,541
2021-07-01,Santa Barbara,83,443738,34654,34526,1365,35891,456
2021-07-01,Santa Clara,85,1922200,119186,118966,833,119799,2090
2021-07-01,Santa Cruz,87,273765,16277,16254,877,17131,208
2021-07-01,Shasta,89,179085,12620,12582,1712,14294,204
2021-07-01,Sierra,91,2930,61,60,14,74,0
2021-07-01,Siskiyou,93,43540,1951,1899,407,2306,29
2021-07-01,Solano,95,438530,33620,33486,588,34074,268
2021-07-01,Sonoma,97,501317,31168,31000,381,31381,316
2021-07-01,Stanislaus,99,539301,57070,57018,6286,63304,1018
2021-07-01,Sutter,101,95872,9664,9644,95,9739,114
2021-07-01,Tehama,103,63373,5120,5124,641,5765,63
2021-07-01,Trinity,105,12862,368,341,66,407,3
2021-07-01,Tulare,107,460477,49840,49789,9714,59503,853
2021-07-01,Tuolumne,109,53932,4136,4113,170,4283,64
2021-07-01,Ventura,111,848112,81627,81425,3193,84618,1033
2021-07-01,Yolo,113,214977,14237,14188,383,14571,213
2021-07-01,Yuba,115,75493,6233,6197,137,6334,51
2021-06-30,Alameda,1,1643700,89859,89597,2107,91704,1256
2021-06-30,Alpine,3,1148,89,89,0,89,0
2021-06-30,Amador,5,37829,3769,3756,35,3791,46
2021-06-30,Butte,7,227075,12743,12676,1963,14639,201
2021-06-30,Calaveras,9,45235,2215,2198,16,2214,55
2021-06-30,Colusa,11,21464,1966,1967,331,2298,15
2021-06-30,Contra Costa,13,1133247,71284,70869,1396,72265,818
2021-06-30,Del Norte,15,27424,1444,1435,9,1444,8
2021-06-30,El Dorado,17,186661,10461,10420,817,11237,113
2021-06-30,Fresno,19,978130,102706,102490,9212,111702,1727
2021-06-30,Glenn,21,27897,2438,2440,588,3028,20
2021-06-30,Humboldt,23,135768,4548,4522,131,4653,49
2021-06-30,Imperial,25,180216,28729,28651,2901,31552,739
2021-06-30,Inyo,27,18085,1416,1409,4,1413,35
2021-06-30,Kern,29,883053,97415,97267,11669,108936,1348
2021-06-30,Kings,31,150075,23101,23038,1224,24262,245
2021-06-30,Lake,33,64148,3637,3601,13,3614,56
2021-06-30,Lassen,35,31185,5284,5269,123,5392,20
2021-06-30,Los Angeles,37,10098052,1210211,1208246,44430,1252676,24499
2021-06-30,Madera,39,155013,16721,16688,969,17657,240
2021-06-30,Marin,41,260295,14204,14133,274,14407,232
2021-06-30,Mariposa,43,17540,442,441,12,453,5
2021-06-30,Mendocino,45,87422,4190,4115,78,4193,49
2021-06-30,Merced,47,269075,31308,31286,1013,32299,469
2021-06-30,Modoc,49,8938,413,410,147,557,4
2021-06-30,Mono,51,14174,1254,1275,15,1290,3
2021-06-30,Monterey,53,433212,43214,43209,1945,45154,492
2021-06-30,Napa,55,140530,10064,10039,37,10076,81
2021-06-30,Nevada,57,99092,4987,4958,201,5159,72
2021-06-30,Orange,59,3164182,256135,255764,11974,267738,5125
2021-06-30,Placer,61,380077,23860,23721,1635,25356,299
2021-06-30,Plumas,63,18699,722,705,13,718,4
2021-06-30,Riverside,65,2383286,293029,293280,14983,308263,4535
2021-06-30,Sacramento,67,1510023,108744,108137,1945,110082,1676
2021-06-30,San Benito,69,59416,6125,6105,120,6225,63
2021-06-30,San Bernardino,71,2135413,294561,294211,9324,303535,4975
2021-06-30,San Diego,73,3302833,283297,282583,0,282583,3780
2021-06-30,San Francisco,75,870044,37211,37065,1422,38487,558
2021-06-30,San Joaquin,77,732212,74078,73777,3857,77634,1409
2021-06-30,San Luis Obispo,79,281455,21356,21326,801,22127,256
2021-06-30,San Mateo,81,765935,42860,42599,510,43109,537
2021-06-30,Santa Barbara,83,443738,34638,34521,1363,35884,456
2021-06-30,Santa Clara,85,1922200,119139,118930,830,119760,2090
2021-06-30,Santa Cruz,87,273765,16272,16250,877,17127,208
2021-06-30,Shasta,89,179085,12614,12564,1712,14276,204
2021-06-30,Sierra,91,2930,61,60,14,74,0
2021-06-30,Siskiyou,93,43540,1949,1900,404,2304,29
2021-06-30,Solano,95,438530,33582,33453,586,34039,268
2021-06-30,Sonoma,97,501317,31138,30947,381,31328,316
2021-06-30,Stanislaus,99,539301,57048,56997,6285,63282,1018
2021-06-30,Sutter,101,95872,9654,9638,95,9733,114
2021-06-30,Tehama,103,63373,5118,5124,641,5765,63
2021-06-30,Trinity,105,12862,368,341,66,407,3
2021-06-30,Tulare,107,460477,49829,49764,9703,59467,853
2021-06-30,Tuolumne,109,53932,4133,4112,170,4282,64
2021-06-30,Ventura,111,848112,81586,81392,3188,84580,1032
2021-06-30,Yolo,113,214977,14233,14178,380,14558,213
2021-06-30,Yuba,115,75493,6225,6191,137,6328,51
2021-06-29,Alameda,1,1643700,89755,89519,2106,91625,1257
2021-06-29,Alpine,3,1148,89,89,0,89,0
2021-06-29,Amador,5,37829,3765,3754,35,3789,46
2021-06-29,Butte,7,227075,12735,12669,1963,14632,201
2021-06-29,Calaveras,9,45235,2210,2198,16,2214,55
2021-06-29,Colusa,11,21464,1964,1967,331,2298,15
2021-06-29,Contra Costa,13,1133247,71210,70775,1396,72171,817
2021-06-29,Del Norte,15,27424,1443,1435,9,1444,8
2021-06-29,El Dorado,17,186661,10448,10403,813,11216,113
2021-06-29,Fresno,19,978130,102672,102464,9209,111673,1725
2021-06-29,Glenn,21,27897,2437,2439,588,3027,20
2021-06-29,Humboldt,23,135768,4544,4514,128,4642,49
2021-06-29,Imperial,25,180216,28720,28645,2900,31545,737
2021-06-29,Inyo,27,18085,1416,1408,4,1412,35
2021-06-29,Kern,29,883053,97394,97173,11662,108835,1347
2021-06-29,Kings,31,150075,23093,23035,1223,24258,245
2021-06-29,Lake,33,64148,3631,3594,13,3607,56
2021-06-29,Lassen,35,31185,5277,5268,123,5391,20
2021-06-29,Los Angeles,37,10098052,1209609,1207895,44394,1252289,24498
2021-06-29,Madera,39,155013,16717,16680,968,17648,240
2021-06-29,Marin,41,260295,14192,14127,274,14401,232
2021-06-29,Mariposa,43,17540,442,441,12,453,5
2021-06-29,Mendocino,45,87422,4187,4107,77,4184,49
2021-06-29,Merced,47,269075,31296,31277,1013,32290,469
2021-06-29,Modoc,49,8938,412,408,147,555,3
2021-06-29,Mono,51,14174,1254,1275,15,1290,3
2021-06-29,Monterey,53,433212,43204,43196,1943,45139,471
2021-06-29,Napa,55,140530,10058,10033,37,10070,81
2021-06-29,Nevada,57,99092,4980,4952,201,5153,72
2021-06-29,Orange,59,3164182,256038,255686,11959,267645,5124
2021-06-29,Placer,61,380077,23841,23693,1633,25326,299
2021-06-29,Plumas,63,18699,722,704,13,717,4
2021-06-29,Riverside,65,2383286,292930,292962,14976,307938,4524
2021-06-29,Sacramento,67,1510023,108592,108067,1942,110009,1677
2021-06-29,San Benito,69,59416,6114,6099,120,6219,63
2021-06-29,San Bernardino,71,2135413,294453,294118,9322,303440,4940
2021-06-29,San Diego,73,3302833,283143,282499,0,282499,3780
2021-06-29,San Francisco,75,870044,37176,37041,1419,38460,558
2021-06-29,San Joaquin,77,732212,74030,73724,3854,77578,1409
2021-06-29,San Luis Obispo,79,281455,21347,21324,799,22123,256
2021-06-29,San Mateo,81,765935,42829,42540,508,43048,540
2021-06-29,Santa Barbara,83,443738,34628,34507,1361,35868,455
2021-06-29,Santa Clara,85,1922200,119084,118893,829,119722,2090
2021-06-29,Santa Cruz,87,273765,16267,16249,877,17126,208
2021-06-29,Shasta,89,179085,12602,12564,1711,14275,204
2021-06-29,Sierra,91,2930,61,59,14,73,0
2021-06-29,Siskiyou,93,43540,1946,1897,400,2297,29
2021-06-29,Solano,95,438530,33549,33440,584,34024,268
2021-06-29,Sonoma,97,501317,31096,30950,379,31329,316
2021-06-29,Stanislaus,99,539301,57020,56980,6278,63258,1018
2021-06-29,Sutter,101,95872,9643,9634,95,9729,114
2021-06-29,Tehama,103,63373,5118,5124,641,5765,63
2021-06-29,Trinity,105,12862,368,341,66,407,3
2021-06-29,Tulare,107,460477,49816,49751,9698,59449,852
2021-06-29,Tuolumne,109,53932,4131,4111,170,4281,64
2021-06-29,Ventura,111,848112,81553,81363,3182,84545,1032
2021-06-29,Yolo,113,214977,14221,14171,379,14550,213
2021-06-29,Yuba,115,75493,6215,6188,137,6325,51
2021-06-28,Alameda,1,1643700,89662,89638,2104,91742,1259
2021-06-28,Alpine,3,1148,89,89,0,89,0
2021-06-28,Amador,5,37829,3764,3753,35,3788,46
2021-06-28,Butte,7,227075,12726,12697,1960,14657,198
2021-06-28,Calaveras,9,45235,2207,2203,16,2219,55
2021-06-28,Colusa,11,21464,1963,1974,330,2304,15
2021-06-28,Contra Costa,13,1133247,71135,70807,1394,72201,816
2021-06-28,Del Norte,15,27424,1443,1436,9,1445,8
2021-06-28,El Dorado,17,186661,10438,10422,809,11231,115
2021-06-28,Fresno,19,978130,102641,103121,9207,112328,1727
2021-06-28,Glenn,21,27897,2437,2439,588,3027,20
2021-06-28,Humboldt,23,135768,4537,4520,126,4646,49
2021-06-28,Imperial,25,180216,28712,28981,2899,31880,741
2021-06-28,Inyo,27,18085,1413,1407,4,1411,35
2021-06-28,Kern,29,883053,97375,97252,11657,108909,1348
2021-06-28,Kings,31,150075,23087,23134,1223,24357,246
2021-06-28,Lake,33,64148,3622,3591,13,3604,56
2021-06-28,Lassen,35,31185,5275,5268,123,5391,20
2021-06-28,Los Angeles,37,10098052,1209094,1207714,44356,1252070,24496
2021-06-28,Madera,39,155013,16707,16683,967,17650,240
2021-06-28,Marin,41,260295,14177,14186,274,14460,232
2021-06-28,Mariposa,43,17540,442,440,12,452,5
2021-06-28,Mendocino,45,87422,4179,4102,76,4178,49
2021-06-28,Merced,47,269075,31284,31277,1013,32290,469
2021-06-28,Modoc,49,8938,412,411,146,557,3
2021-06-28,Mono,51,14174,1254,1276,15,1291,3
2021-06-28,Monterey,53,433212,43200,43202,1942,45144,462
2021-06-28,Napa,55,140530,10049,10050,36,10086,81
2021-06-28,Nevada,57,99092,4976,4951,201,5152,72
2021-06-28,Orange,59,3164182,255951,255755,11946,267701,5123
2021-06-28,Placer,61,380077,23820,23756,1628,25384,299
2021-06-28,Plumas,63,18699,720,704,13,717,4
2021-06-28,Riverside,65,2383286,292804,292647,14965,307612,4507
2021-06-28,Sacramento,67,1510023,108459,108342,1938,110280,1675
2021-06-28,San Benito,69,59416,6112,6101,120,6221,63
2021-06-28,San Bernardino,71,2135413,294351,294151,9317,303468,4928
2021-06-28,San Diego,73,3302833,282982,282417,0,282417,3780
2021-06-28,San Francisco,75,870044,37141,37372,1417,38789,559
2021-06-28,San Joaquin,77,732212,73981,73973,3849,77822,1411
2021-06-28,San Luis Obispo,79,281455,21343,21340,798,22138,256
2021-06-28,San Mateo,81,765935,42796,42927,507,43434,540
2021-06-28,Santa Barbara,83,443738,34621,34534,1359,35893,455
2021-06-28,Santa Clara,85,1922200,119020,120377,828,121205,2103
2021-06-28,Santa Cruz,87,273765,16262,16245,877,17122,208
2021-06-28,Shasta,89,179085,12598,12642,1709,14351,203
2021-06-28,Sierra,91,2930,61,58,14,72,0
2021-06-28,Siskiyou,93,43540,1945,1896,400,2296,29
2021-06-28,Solano,95,438530,33513,33524,582,34106,267
2021-06-28,Sonoma,97,501317,31059,31137,378,31515,315
2021-06-28,Stanislaus,99,539301,57001,57047,6274,63321,1018
2021-06-28,Sutter,101,95872,9639,9682,95,9777,114
2021-06-28,Tehama,103,63373,5116,5122,641,5763,63
2021-06-28,Trinity,105,12862,368,341,66,407,3
2021-06-28,Tulare,107,460477,49807,49751,9693,59444,850
2021-06-28,Tuolumne,109,53932,4124,4121,170,4291,64
2021-06-28,Ventura,111,848112,81495,81393,3177,84570,1032
2021-06-28,Yolo,113,214977,14212,14199,376,14575,213
2021-06-28,Yuba,115,75493,6210,6207,137,6344,51
2021-06-27,Alameda,1,1643700,89577,89611,2100,91711,1259
2021-06-27,Alpine,3,1148,89,89,0,89,0
2021-06-27,Amador,5,37829,3763,3752,35,3787,46
2021-06-27,Butte,7,227075,12717,12696,1959,14655,198
2021-06-27,Calaveras,9,45235,2206,2203,16,2219,55
2021-06-27,Colusa,11,21464,1963,1974,330,2304,15
2021-06-27,Contra Costa,13,1133247,71048,70762,1390,72152,816
2021-06-27,Del Norte,15,27424,1440,1436,9,1445,8
2021-06-27,El Dorado,17,186661,10426,10418,806,11224,115
2021-06-27,Fresno,19,978130,102612,103110,9205,112315,1727
2021-06-27,Glenn,21,27897,2436,2439,587,3026,20
2021-06-27,Humboldt,23,135768,4525,4513,123,4636,49
2021-06-27,Imperial,25,180216,28698,28987,2899,31886,741
2021-06-27,Inyo,27,18085,1413,1407,4,1411,35
2021-06-27,Kern,29,883053,97350,97249,11650,108899,1348
2021-06-27,Kings,31,150075,23077,23132,1223,24355,246
2021-06-27,Lake,33,64148,3615,3581,13,3594,56
2021-06-27,Lassen,35,31185,5274,5265,123,5388,20
2021-06-27,Los Angeles,37,10098052,1208553,1207461,44316,1251777,24493
2021-06-27,Madera,39,155013,16699,16680,967,17647,240
2021-06-27,Marin,41,260295,14168,14182,274,14456,232
2021-06-27,Mariposa,43,17540,442,440,12,452,5
2021-06-27,Mendocino,45,87422,4172,4100,76,4176,49
2021-06-27,Merced,47,269075,31272,31266,1013,32279,469
2021-06-27,Modoc,49,8938,412,411,146,557,3
2021-06-27,Mono,51,14174,1254,1279,15,1294,3
2021-06-27,Monterey,53,433212,43187,43199,1942,45141,462
2021-06-27,Napa,55,140530,10042,10046,36,10082,81
2021-06-27,Nevada,57,99092,4970,4946,201,5147,72
2021-06-27,Orange,59,3164182,255837,255710,11933,267643,5123
2021-06-27,Placer,61,380077,23787,23731,1625,25356,299
2021-06-27,Plumas,63,18699,720,704,13,717,4
2021-06-27,Riverside,65,2383286,292704,292641,14959,307600,4507
2021-06-27,Sacramento,67,1510023,108326,108279,1934,110213,1675
2021-06-27,San Benito,69,59416,6106,6101,120,6221,63
2021-06-27,San Bernardino,71,2135413,294236,294115,9316,303431,4927
2021-06-27,San Diego,73,3302833,282845,282359,0,282359,3780
2021-06-27,San Francisco,75,870044,37104,37360,1416,38776,559
2021-06-27,San Joaquin,77,732212,73945,73960,3847,77807,1411
2021-06-27,San Luis Obispo,79,281455,21336,21340,797,22137,256
2021-06-27,San Mateo,81,765935,42768,42925,504,43429,539
2021-06-27,Santa Barbara,83,443738,34607,34533,1356,35889,455
2021-06-27,Santa Clara,85,1922200,118968,120352,826,121178,2103
2021-06-27,Santa Cruz,87,273765,16253,16241,877,17118,208
2021-06-27,Shasta,89,179085,12592,12640,1708,14348,203
2021-06-27,Sierra,91,2930,61,58,14,72,0
2021-06-27,Siskiyou,93,43540,1943,1896,399,2295,29
2021-06-27,Solano,95,438530,33485,33516,582,34098,267
2021-06-27,Sonoma,97,501317,31021,31129,378,31507,315
2021-06-27,Stanislaus,99,539301,56954,57021,6271,63292,1018
2021-06-27,Sutter,101,95872,9633,9678,95,9773,114
2021-06-27,Tehama,103,63373,5112,5122,641,5763,63
2021-06-27,Trinity,105,12862,368,341,65,406,3
2021-06-27,Tulare,107,460477,49795,49749,9686,59435,850
2021-06-27,Tuolumne,109,53932,4122,4121,170,4291,64
2021-06-27,Ventura,111,848112,81461,81361,3168,84529,1032
2021-06-27,Yolo,113,214977,14197,14194,373,14567,213
2021-06-27,Yuba,115,75493,6204,6205,137,6342,51
2021-06-26,Alameda,1,1643700,89520,89560,2099,91659,1259
2021-06-26,Alpine,3,1148,89,89,0,89,0
2021-06-26,Amador,5,37829,3763,3748,35,3783,46
2021-06-26,Butte,7,227075,12713,12693,1956,14649,198
2021-06-26,Calaveras,9,45235,2204,2202,16,2218,55
2021-06-26,Colusa,11,21464,1963,1973,330,2303,15
2021-06-26,Contra Costa,13,1133247,71005,70712,1389,72101,816
2021-06-26,Del Norte,15,27424,1439,1432,9,1441,8
2021-06-26,El Dorado,17,186661,10418,10414,805,11219,115
2021-06-26,Fresno,19,978130,102592,103091,9203,112294,1727
2021-06-26,Glenn,21,27897,2434,2441,587,3028,20
2021-06-26,Humboldt,23,135768,4522,4509,123,4632,49
2021-06-26,Imperial,25,180216,28694,28970,2899,31869,741
2021-06-26,Inyo,27,18085,1413,1407,4,1411,35
2021-06-26,Kern,29,883053,97324,97239,11641,108880,1348
2021-06-26,Kings,31,150075,23073,23128,1222,24350,246
2021-06-26,Lake,33,64148,3605,3576,13,3589,56
2021-06-26,Lassen,35,31185,5271,5263,123,5386,20
2021-06-26,Los Angeles,37,10098052,1208252,1207198,44280,1251478,24490
2021-06-26,Madera,39,155013,16692,16679,966,17645,240
2021-06-26,Marin,41,260295,14159,14180,274,14454,232
2021-06-26,Mariposa,43,17540,442,440,12,452,5
2021-06-26,Mendocino,45,87422,4170,4096,76,4172,49
2021-06-26,Merced,47,269075,31266,31259,1012,32271,469
2021-06-26,Modoc,49,8938,412,411,146,557,3
2021-06-26,Mono,51,14174,1254,1279,15,1294,3
2021-06-26,Monterey,53,433212,43184,43192,1942,45134,462
2021-06-26,Napa,55,140530,10036,10043,36,10079,81
2021-06-26,Nevada,57,99092,4965,4939,201,5140,72
2021-06-26,Orange,59,3164182,255762,255640,11926,267566,5123
2021-06-26,Placer,61,380077,23773,23702,1623,25325,299
2021-06-26,Plumas,63,18699,720,704,13,717,4
2021-06-26,Riverside,65,2383286,292647,292480,14953,307433,4505
2021-06-26,Sacramento,67,1510023,108257,108179,1932,110111,1675
2021-06-26,San Benito,69,59416,6102,6100,120,6220,63
2021-06-26,San Bernardino,71,2135413,294145,294034,9311,303345,4928
2021-06-26,San Diego,73,3302833,282760,282263,0,282263,3780
2021-06-26,San Francisco,75,870044,37072,37348,1415,38763,559
2021-06-26,San Joaquin,77,732212,73917,73928,3846,77774,1411
2021-06-26,San Luis Obispo,79,281455,21335,21330,796,22126,256
2021-06-26,San Mateo,81,765935,42747,42898,504,43402,539
2021-06-26,Santa Barbara,83,443738,34598,34525,1356,35881,455
2021-06-26,Santa Clara,85,1922200,118935,120321,826,121147,2103
2021-06-26,Santa Cruz,87,273765,16250,16239,877,17116,208
2021-06-26,Shasta,89,179085,12588,12635,1704,14339,203
2021-06-26,Sierra,91,2930,61,58,14,72,0
2021-06-26,Siskiyou,93,43540,1942,1896,398,2294,29
2021-06-26,Solano,95,438530,33467,33489,580,34069,267
2021-06-26,Sonoma,97,501317,30993,31088,378,31466,315
2021-06-26,Stanislaus,99,539301,56933,57006,6269,63275,1018
2021-06-26,Sutter,101,95872,9632,9669,95,9764,114
2021-06-26,Tehama,103,63373,5112,5119,641,5760,63
2021-06-26,Trinity,105,12862,368,341,65,406,3
2021-06-26,Tulare,107,460477,49789,49745,9686,59431,850
2021-06-26,Tuolumne,109,53932,4122,4121,170,4291,64
2021-06-26,Ventura,111,848112,81437,81352,3167,84519,1032
2021-06-26,Yolo,113,214977,14188,14184,373,14557,213
2021-06-26,Yuba,115,75493,6201,6200,137,6337,51
2021-06-25,Alameda,1,1643700,89455,89453,2096,91549,1271
2021-06-25,Alpine,3,1148,89,89,0,89,0
2021-06-25,Amador,5,37829,3762,3746,35,3781,46
2021-06-25,Butte,7,227075,12708,12682,1953,14635,198
2021-06-25,Calaveras,9,45235,2203,2201,16,2217,55
2021-06-25,Colusa,11,21464,1963,1972,330,2302,15
2021-06-25,Contra Costa,13,1133247,70969,70659,1389,72048,815
2021-06-25,Del Norte,15,27424,1439,1426,9,1435,8
2021-06-25,El Dorado,17,186661,10410,10406,802,11208,115
2021-06-25,Fresno,19,978130,102575,103073,9199,112272,1727
2021-06-25,Glenn,21,27897,2434,2441,587,3028,20
2021-06-25,Humboldt,23,135768,4516,4503,121,4624,49
2021-06-25,Imperial,25,180216,28691,28968,2899,31867,740
2021-06-25,Inyo,27,18085,1412,1406,4,1410,35
2021-06-25,Kern,29,883053,97305,97182,11637,108819,1347
2021-06-25,Kings,31,150075,23067,23118,1222,24340,246
2021-06-25,Lake,33,64148,3599,3571,13,3584,56
2021-06-25,Lassen,35,31185,5270,5259,123,5382,20
2021-06-25,Los Angeles,37,10098052,1207978,1206909,44261,1251170,24483
2021-06-25,Madera,39,155013,16689,16670,966,17636,240
2021-06-25,Marin,41,260295,14156,14179,274,14453,232
2021-06-25,Mariposa,43,17540,442,440,12,452,5
2021-06-25,Mendocino,45,87422,4167,4089,76,4165,49
2021-06-25,Merced,47,269075,31258,31256,1012,32268,467
2021-06-25,Modoc,49,8938,412,411,146,557,3
2021-06-25,Mono,51,14174,1254,1279,15,1294,3
2021-06-25,Monterey,53,433212,43179,43184,1941,45125,462
2021-06-25,Napa,55,140530,10031,10037,36,10073,81
2021-06-25,Nevada,57,99092,4962,4932,201,5133,72
2021-06-25,Orange,59,3164182,255695,255574,11923,267497,5119
2021-06-25,Placer,61,380077,23754,23672,1622,25294,299
2021-06-25,Plumas,63,18699,720,702,12,714,4
2021-06-25,Riverside,65,2383286,292581,291663,14947,306610,4490
2021-06-25,Sacramento,67,1510023,108184,108034,1928,109962,1673
2021-06-25,San Benito,69,59416,6098,6098,120,6218,63
2021-06-25,San Bernardino,71,2135413,294090,293941,9309,303250,4911
2021-06-25,San Diego,73,3302833,282700,282157,0,282157,3779
2021-06-25,San Francisco,75,870044,37049,37338,1414,38752,559
2021-06-25,San Joaquin,77,732212,73884,73860,3844,77704,1410
2021-06-25,San Luis Obispo,79,281455,21332,21325,795,22120,256
2021-06-25,San Mateo,81,765935,42729,42849,504,43353,537
2021-06-25,Santa Barbara,83,443738,34590,34518,1355,35873,454
2021-06-25,Santa Clara,85,1922200,118915,120272,826,121098,2103
2021-06-25,Santa Cruz,87,273765,16247,16230,877,17107,208
2021-06-25,Shasta,89,179085,12578,12633,1703,14336,202
2021-06-25,Sierra,91,2930,61,58,14,72,0
2021-06-25,Siskiyou,93,43540,1941,1894,398,2292,29
2021-06-25,Solano,95,438530,33447,33449,580,34029,267
2021-06-25,Sonoma,97,501317,30970,31043,378,31421,314
2021-06-25,Stanislaus,99,539301,56914,56973,6262,63235,1018
2021-06-25,Sutter,101,95872,9625,9664,95,9759,114
2021-06-25,Tehama,103,63373,5111,5119,641,5760,63
2021-06-25,Trinity,105,12862,368,338,65,403,3
2021-06-25,Tulare,107,460477,49783,49731,9682,59413,850
2021-06-25,Tuolumne,109,53932,4121,4121,170,4291,64
2021-06-25,Ventura,111,848112,81408,81342,3161,84503,1032
2021-06-25,Yolo,113,214977,14182,14172,373,14545,213
2021-06-25,Yuba,115,75493,6197,6195,137,6332,51
2021-06-24,Alameda,1,1643700,89381,89358,2092,91450,1268
2021-06-24,Alpine,3,1148,89,89,0,89,0
2021-06-24,Amador,5,37829,3758,3745,35,3780,46
2021-06-24,Butte,7,227075,12702,12673,1951,14624,198
2021-06-24,Calaveras,9,45235,2199,2202,16,2218,55
2021-06-24,Colusa,11,21464,1962,1972,330,2302,15
2021-06-24,Contra Costa,13,1133247,70910,70590,1389,71979,813
2021-06-24,Del Norte,15,27424,1438,1421,9,1430,8
2021-06-24,El Dorado,17,186661,10403,10402,802,11204,115
2021-06-24,Fresno,19,978130,102556,103061,9196,112257,1727
2021-06-24,Glenn,21,27897,2433,2439,587,3026,20
2021-06-24,Humboldt,23,135768,4511,4493,121,4614,49
2021-06-24,Imperial,25,180216,28688,28981,2899,31880,740
2021-06-24,Inyo,27,18085,1411,1406,4,1410,35
2021-06-24,Kern,29,883053,97286,97129,11624,108753,1346
2021-06-24,Kings,31,150075,23063,23114,1220,24334,246
2021-06-24,Lake,33,64148,3593,3571,13,3584,56
2021-06-24,Lassen,35,31185,5269,5258,123,5381,20
2021-06-24,Los Angeles,37,10098052,1207655,1206590,44237,1250827,24480
2021-06-24,Madera,39,155013,16678,16662,966,17628,240
2021-06-24,Marin,41,260295,14152,14180,274,14454,232
2021-06-24,Mariposa,43,17540,442,440,12,452,5
2021-06-24,Mendocino,45,87422,4159,4085,76,4161,49
2021-06-24,Merced,47,269075,31247,31248,1012,32260,466
2021-06-24,Modoc,49,8938,412,411,146,557,3
2021-06-24,Mono,51,14174,1254,1276,15,1291,3
2021-06-24,Monterey,53,433212,43172,43180,1941,45121,451
2021-06-24,Napa,55,140530,10029,10036,36,10072,80
2021-06-24,Nevada,57,99092,4960,4927,201,5128,72
2021-06-24,Orange,59,3164182,255632,255520,11916,267436,5117
2021-06-24,Placer,61,380077,23729,23659,1620,25279,299
2021-06-24,Plumas,63,18699,719,702,12,714,4
2021-06-24,Riverside,65,2383286,292501,291067,14940,306007,4473
2021-06-24,Sacramento,67,1510023,108096,107965,1926,109891,1672
2021-06-24,San Benito,69,59416,6095,6098,120,6218,63
2021-06-24,San Bernardino,71,2135413,294023,293895,9303,303198,4898
2021-06-24,San Diego,73,3302833,282595,282053,0,282053,3778
2021-06-24,San Francisco,75,870044,37027,37320,1412,38732,559
2021-06-24,San Joaquin,77,732212,73836,73814,3844,77658,1408
2021-06-24,San Luis Obispo,79,281455,21326,21326,795,22121,256
2021-06-24,San Mateo,81,765935,42703,42814,503,43317,542
2021-06-24,Santa Barbara,83,443738,34584,34512,1354,35866,454
2021-06-24,Santa Clara,85,1922200,118885,120274,825,121099,2103
2021-06-24,Santa Cruz,87,273765,16246,16227,877,17104,208
2021-06-24,Shasta,89,179085,12573,12629,1699,14328,202
2021-06-24,Sierra,91,2930,61,58,14,72,0
2021-06-24,Siskiyou,93,43540,1941,1892,398,2290,28
2021-06-24,Solano,95,438530,33425,33432,578,34010,267
2021-06-24,Sonoma,97,501317,30941,31020,378,31398,314
2021-06-24,Stanislaus,99,539301,56883,56946,6261,63207,1018
2021-06-24,Sutter,101,95872,9618,9660,95,9755,113
2021-06-24,Tehama,103,63373,5108,5115,640,5755,63
2021-06-24,Trinity,105,12862,367,338,65,403,3
2021-06-24,Tulare,107,460477,49773,49730,9679,59409,850
2021-06-24,Tuolumne,109,53932,4119,4120,170,4290,64
2021-06-24,Ventura,111,848112,81380,81332,3160,84492,1032
2021-06-24,Yolo,113,214977,14174,14169,369,14538,213
2021-06-24,Yuba,115,75493,6192,6195,137,6332,51
2021-06-23,Alameda,1,1643700,89308,89338,2091,91429,1266
2021-06-23,Alpine,3,1148,89,88,0,88,0
2021-06-23,Amador,5,37829,3756,3743,35,3778,46
2021-06-23,Butte,7,227075,12695,12666,1951,14617,198
2021-06-23,Calaveras,9,45235,2198,2199,16,2215,55
2021-06-23,Colusa,11,21464,1961,1972,330,2302,15
2021-06-23,Contra Costa,13,1133247,70845,70526,1388,71914,813
2021-06-23,Del Norte,15,27424,1434,1418,9,1427,8
2021-06-23,El Dorado,17,186661,10394,10395,799,11194,115
2021-06-23,Fresno,19,978130,102526,103020,9194,112214,1724
2021-06-23,Glenn,21,27897,2433,2437,586,3023,20
2021-06-23,Humboldt,23,135768,4502,4490,121,4611,48
2021-06-23,Imperial,25,180216,28681,28908,2899,31807,740
2021-06-23,Inyo,27,18085,1411,1406,4,1410,35
2021-06-23,Kern,29,883053,97259,97078,11611,108689,1345
2021-06-23,Kings,31,150075,23056,23105,1218,24323,245
2021-06-23,Lake,33,64148,3584,3566,13,3579,53
2021-06-23,Lassen,35,31185,5266,5257,123,5380,20
2021-06-23,Los Angeles,37,10098052,1207318,1206358,44226,1250584,24472
2021-06-23,Madera,39,155013,16673,16660,966,17626,240
2021-06-23,Marin,41,260295,14146,14177,274,14451,230
2021-06-23,Mariposa,43,17540,442,439,12,451,5
2021-06-23,Mendocino,45,87422,4155,4078,76,4154,49
2021-06-23,Merced,47,269075,31238,31260,1012,32272,465
2021-06-23,Modoc,49,8938,410,407,146,553,3
2021-06-23,Mono,51,14174,1254,1279,15,1294,3
2021-06-23,Monterey,53,433212,43163,43166,1941,45107,439
2021-06-23,Napa,55,140530,10020,10032,36,10068,80
2021-06-23,Nevada,57,99092,4957,4924,201,5125,72
2021-06-23,Orange,59,3164182,255568,255479,11908,267387,5116
2021-06-23,Placer,61,380077,23701,23630,1613,25243,299
2021-06-23,Plumas,63,18699,718,701,12,713,4
2021-06-23,Riverside,65,2383286,292418,290343,14938,305281,4462
2021-06-23,Sacramento,67,1510023,108003,107868,1921,109789,1671
2021-06-23,San Benito,69,59416,6091,6097,120,6217,63
2021-06-23,San Bernardino,71,2135413,293946,293816,9299,303115,4886
2021-06-23,San Diego,73,3302833,282495,281937,0,281937,3777
2021-06-23,San Francisco,75,870044,37003,37304,1411,38715,559
2021-06-23,San Joaquin,77,732212,73797,73764,3842,77606,1405
2021-06-23,San Luis Obispo,79,281455,21322,21323,794,22117,257
2021-06-23,San Mateo,81,765935,42687,42756,502,43258,542
2021-06-23,Santa Barbara,83,443738,34574,34505,1354,35859,454
2021-06-23,Santa Clara,85,1922200,118856,120233,825,121058,2098
2021-06-23,Santa Cruz,87,273765,16242,16215,877,17092,209
2021-06-23,Shasta,89,179085,12566,12604,1697,14301,202
2021-06-23,Sierra,91,2930,61,57,14,71,0
2021-06-23,Siskiyou,93,43540,1939,1892,398,2290,28
2021-06-23,Solano,95,438530,33381,33408,578,33986,267
2021-06-23,Sonoma,97,501317,30901,30959,376,31335,314
2021-06-23,Stanislaus,99,539301,56850,56926,6260,63186,1017
2021-06-23,Sutter,101,95872,9612,9653,95,9748,113
2021-06-23,Tehama,103,63373,5108,5119,638,5757,63
2021-06-23,Trinity,105,12862,367,338,65,403,3
2021-06-23,Tulare,107,460477,49767,49711,9674,59385,850
2021-06-23,Tuolumne,109,53932,4116,4120,170,4290,64
2021-06-23,Ventura,111,848112,81358,81312,3157,84469,1032
2021-06-23,Yolo,113,214977,14164,14161,369,14530,212
2021-06-23,Yuba,115,75493,6189,6190,137,6327,51
2021-06-22,Alameda,1,1643700,89239,89308,2091,91399,1263
2021-06-22,Alpine,3,1148,89,88,0,88,0
2021-06-22,Amador,5,37829,3753,3743,35,3778,46
2021-06-22,Butte,7,227075,12691,12662,1949,14611,198
2021-06-22,Calaveras,9,45235,2197,2198,16,2214,55
2021-06-22,Colusa,11,21464,1960,1971,330,2301,15
2021-06-22,Contra Costa,13,1133247,70789,70480,1387,71867,813
2021-06-22,Del Norte,15,27424,1431,1417,9,1426,8
2021-06-22,El Dorado,17,186661,10389,10380,798,11178,113
2021-06-22,Fresno,19,978130,102508,102996,9190,112186,1724
2021-06-22,Glenn,21,27897,2432,2435,584,3019,19
2021-06-22,Humboldt,23,135768,4492,4483,119,4602,42
2021-06-22,Imperial,25,180216,28676,28880,2899,31779,740
2021-06-22,Inyo,27,18085,1411,1405,4,1409,35
2021-06-22,Kern,29,883053,97245,97013,11607,108620,1342
2021-06-22,Kings,31,150075,23048,23098,1217,24315,245
2021-06-22,Lake,33,64148,3582,3564,13,3577,45
2021-06-22,Lassen,35,31185,5261,5254,123,5377,20
2021-06-22,Los Angeles,37,10098052,1207007,1206146,44214,1250360,24461
2021-06-22,Madera,39,155013,16668,16652,966,17618,240
2021-06-22,Marin,41,260295,14144,14174,274,14448,230
2021-06-22,Mariposa,43,17540,442,439,12,451,5
2021-06-22,Mendocino,45,87422,4149,4072,76,4148,49
2021-06-22,Merced,47,269075,31227,31267,1012,32279,464
2021-06-22,Modoc,49,8938,409,405,145,550,3
2021-06-22,Mono,51,14174,1254,1277,15,1292,3
2021-06-22,Monterey,53,433212,43160,43162,1940,45102,427
2021-06-22,Napa,55,140530,10015,10029,36,10065,80
2021-06-22,Nevada,57,99092,4951,4923,201,5124,72
2021-06-22,Orange,59,3164182,255503,255452,11898,267350,5114
2021-06-22,Placer,61,380077,23680,23603,1613,25216,299
2021-06-22,Plumas,63,18699,718,697,12,709,4
2021-06-22,Riverside,65,2383286,292357,289839,14934,304773,4456
2021-06-22,Sacramento,67,1510023,107901,107801,1916,109717,1670
2021-06-22,San Benito,69,59416,6090,6098,120,6218,63
2021-06-22,San Bernardino,71,2135413,293869,293770,9293,303063,4873
2021-06-22,San Diego,73,3302833,282390,281867,0,281867,3771
2021-06-22,San Francisco,75,870044,36989,37287,1411,38698,556
2021-06-22,San Joaquin,77,732212,73767,73723,3841,77564,1405
2021-06-22,San Luis Obispo,79,281455,21319,21321,793,22114,257
2021-06-22,San Mateo,81,765935,42674,42725,496,43221,542
2021-06-22,Santa Barbara,83,443738,34563,34500,1353,35853,454
2021-06-22,Santa Clara,85,1922200,118824,120194,825,121019,2095
2021-06-22,Santa Cruz,87,273765,16237,16218,877,17095,209
2021-06-22,Shasta,89,179085,12556,12616,1693,14309,202
2021-06-22,Sierra,91,2930,60,57,14,71,0
2021-06-22,Siskiyou,93,43540,1939,1892,398,2290,28
2021-06-22,Solano,95,438530,33363,33397,577,33974,267
2021-06-22,Sonoma,97,501317,30862,30933,376,31309,314
2021-06-22,Stanislaus,99,539301,56830,56915,6258,63173,1017
2021-06-22,Sutter,101,95872,9605,9649,95,9744,113
2021-06-22,Tehama,103,63373,5106,5118,636,5754,63
2021-06-22,Trinity,105,12862,365,337,65,402,3
2021-06-22,Tulare,107,460477,49759,49706,9669,59375,850
2021-06-22,Tuolumne,109,53932,4114,4119,170,4289,64
2021-06-22,Ventura,111,848112,81345,81300,3156,84456,1032
2021-06-22,Yolo,113,214977,14159,14157,367,14524,212
2021-06-22,Yuba,115,75493,6185,6181,137,6318,51
2021-06-21,Alameda,1,1643700,89178,89281,2090,91371,1262
2021-06-21,Alpine,3,1148,89,88,0,88,0
2021-06-21,Amador,5,37829,3747,3742,35,3777,46
2021-06-21,Butte,7,227075,12685,12668,1947,14615,195
2021-06-21,Calaveras,9,45235,2196,2194,16,2210,55
2021-06-21,Colusa,11,21464,1959,1970,329,2299,15
2021-06-21,Contra Costa,13,1133247,70719,70439,1385,71824,813
2021-06-21,Del Norte,15,27424,1427,1416,9,1425,8
2021-06-21,El Dorado,17,186661,10383,10375,797,11172,113
2021-06-21,Fresno,19,978130,102489,102971,9187,112158,1724
2021-06-21,Glenn,21,27897,2431,2433,584,3017,19
2021-06-21,Humboldt,23,135768,4483,4478,118,4596,42
2021-06-21,Imperial,25,180216,28672,28855,2899,31754,740
2021-06-21,Inyo,27,18085,1410,1405,4,1409,35
2021-06-21,Kern,29,883053,97216,96995,11598,108593,1342
2021-06-21,Kings,31,150075,23042,23091,1213,24304,245
2021-06-21,Lake,33,64148,3576,3563,13,3576,45
2021-06-21,Lassen,35,31185,5259,5233,123,5356,19
2021-06-21,Los Angeles,37,10098052,1206719,1205994,44189,1250183,24459
2021-06-21,Madera,39,155013,16659,16647,965,17612,240
2021-06-21,Marin,41,260295,14140,14173,274,14447,230
2021-06-21,Mariposa,43,17540,442,439,12,451,5
2021-06-21,Mendocino,45,87422,4146,4085,76,4161,49
2021-06-21,Merced,47,269075,31217,31264,1011,32275,465
2021-06-21,Modoc,49,8938,409,405,145,550,3
2021-06-21,Mono,51,14174,1254,1277,15,1292,3
2021-06-21,Monterey,53,433212,43157,43157,1940,45097,427
2021-06-21,Napa,55,140530,10011,10028,36,10064,80
2021-06-21,Nevada,57,99092,4947,4921,201,5122,72
2021-06-21,Orange,59,3164182,255436,255400,11890,267290,5113
2021-06-21,Placer,61,380077,23655,23577,1613,25190,298
2021-06-21,Plumas,63,18699,716,697,12,709,4
2021-06-21,Riverside,65,2383286,292283,289797,14929,304726,4456
2021-06-21,Sacramento,67,1510023,107790,107757,1915,109672,1669
2021-06-21,San Benito,69,59416,6086,6098,120,6218,63
2021-06-21,San Bernardino,71,2135413,293780,293736,9288,303024,4850
2021-06-21,San Diego,73,3302833,282284,281811,0,281811,3771
2021-06-21,San Francisco,75,870044,36973,37275,1410,38685,556
2021-06-21,San Joaquin,77,732212,73726,73687,3840,77527,1405
2021-06-21,San Luis Obispo,79,281455,21310,21316,793,22109,257
2021-06-21,San Mateo,81,765935,42656,42685,495,43180,542
2021-06-21,Santa Barbara,83,443738,34558,34492,1353,35845,455
2021-06-21,Santa Clara,85,1922200,118792,120192,824,121016,2093
2021-06-21,Santa Cruz,87,273765,16235,16212,877,17089,208
2021-06-21,Shasta,89,179085,12543,12617,1690,14307,201
2021-06-21,Sierra,91,2930,60,57,14,71,0
2021-06-21,Siskiyou,93,43540,1939,1892,398,2290,27
2021-06-21,Solano,95,438530,33340,33383,575,33958,266
2021-06-21,Sonoma,97,501317,30841,30912,376,31288,314
2021-06-21,Stanislaus,99,539301,56800,56891,6253,63144,1017
2021-06-21,Sutter,101,95872,9604,9649,95,9744,113
2021-06-21,Tehama,103,63373,5106,5115,635,5750,63
2021-06-21,Trinity,105,12862,365,337,65,402,3
2021-06-21,Tulare,107,460477,49751,49689,9662,59351,849
2021-06-21,Tuolumne,109,53932,4110,4119,170,4289,63
2021-06-21,Ventura,111,848112,81317,81291,3152,84443,1031
2021-06-21,Yolo,113,214977,14153,14165,367,14532,212
2021-06-21,Yuba,115,75493,6184,6172,137,6309,51
2021-06-20,Alameda,1,1643700,89115,89255,2090,91345,1263
2021-06-20,Alpine,3,1148,89,88,0,88,0
2021-06-20,Amador,5,37829,3744,3740,35,3775,46
2021-06-20,Butte,7,227075,12678,12668,1946,14614,194
2021-06-20,Calaveras,9,45235,2194,2193,16,2209,55
2021-06-20,Colusa,11,21464,1959,1970,329,2299,15
2021-06-20,Contra Costa,13,1133247,70662,70401,1383,71784,813
2021-06-20,Del Norte,15,27424,1423,1416,9,1425,8
2021-06-20,El Dorado,17,186661,10369,10372,795,11167,113
2021-06-20,Fresno,19,978130,102449,102947,9182,112129,1724
2021-06-20,Glenn,21,27897,2431,2434,584,3018,19
2021-06-20,Humboldt,23,135768,4477,4472,116,4588,42
2021-06-20,Imperial,25,180216,28663,28855,2899,31754,740
2021-06-20,Inyo,27,18085,1409,1405,4,1409,35
2021-06-20,Kern,29,883053,97195,96985,11587,108572,1342
2021-06-20,Kings,31,150075,23037,23088,1211,24299,245
2021-06-20,Lake,33,64148,3574,3563,13,3576,45
2021-06-20,Lassen,35,31185,5256,5230,123,5353,19
2021-06-20,Los Angeles,37,10098052,1206426,1205874,44179,1250053,24456
2021-06-20,Madera,39,155013,16651,16638,964,17602,240
2021-06-20,Marin,41,260295,14137,14166,274,14440,230
2021-06-20,Mariposa,43,17540,440,439,12,451,5
2021-06-20,Mendocino,45,87422,4139,4080,76,4156,49
2021-06-20,Merced,47,269075,31205,31265,1011,32276,465
2021-06-20,Modoc,49,8938,409,405,145,550,3
2021-06-20,Mono,51,14174,1254,1275,15,1290,3
2021-06-20,Monterey,53,433212,43148,43156,1939,45095,427
2021-06-20,Napa,55,140530,10004,10026,35,10061,80
2021-06-20,Nevada,57,99092,4940,4919,201,5120,72
2021-06-20,Orange,59,3164182,255374,255377,11879,267256,5113
2021-06-20,Placer,61,380077,23622,23562,1609,25171,298
2021-06-20,Plumas,63,18699,715,697,12,709,4
2021-06-20,Riverside,65,2383286,292208,289770,14919,304689,4456
2021-06-20,Sacramento,67,1510023,107682,107700,1912,109612,1669
2021-06-20,San Benito,69,59416,6086,6098,120,6218,63
2021-06-20,San Bernardino,71,2135413,293678,293713,9285,302998,4845
2021-06-20,San Diego,73,3302833,282179,281750,0,281750,3771
2021-06-20,San Francisco,75,870044,36952,37269,1410,38679,556
2021-06-20,San Joaquin,77,732212,73683,73676,3832,77508,1405
2021-06-20,San Luis Obispo,79,281455,21308,21313,793,22106,257
2021-06-20,San Mateo,81,765935,42628,42681,495,43176,542
2021-06-20,Santa Barbara,83,443738,34549,34487,1353,35840,455
2021-06-20,Santa Clara,85,1922200,118757,120163,824,120987,2093
2021-06-20,Santa Cruz,87,273765,16228,16210,877,17087,208
2021-06-20,Shasta,89,179085,12538,12617,1688,14305,201
2021-06-20,Sierra,91,2930,60,57,14,71,0
2021-06-20,Siskiyou,93,43540,1938,1891,398,2289,27
2021-06-20,Solano,95,438530,33318,33361,573,33934,266
2021-06-20,Sonoma,97,501317,30795,30884,372,31256,314
2021-06-20,Stanislaus,99,539301,56765,56868,6252,63120,1017
2021-06-20,Sutter,101,95872,9601,9645,95,9740,113
2021-06-20,Tehama,103,63373,5102,5115,635,5750,63
2021-06-20,Trinity,105,12862,365,337,65,402,3
2021-06-20,Tulare,107,460477,49742,49685,9660,59345,849
2021-06-20,Tuolumne,109,53932,4107,4117,170,4287,63
2021-06-20,Ventura,111,848112,81301,81282,3150,84432,1031
2021-06-20,Yolo,113,214977,14146,14160,367,14527,212
2021-06-20,Yuba,115,75493,6177,6167,137,6304,51
2021-06-19,Alameda,1,1643700,89082,89202,2090,91292,1263
2021-06-19,Alpine,3,1148,89,88,0,88,0
2021-06-19,Amador,5,37829,3742,3739,35,3774,46
2021-06-19,Butte,7,227075,12674,12659,1946,14605,194
2021-06-19,Calaveras,9,45235,2194,2192,16,2208,55
2021-06-19,Colusa,11,21464,1959,1969,329,2298,15
2021-06-19,Contra Costa,13,1133247,70628,70334,1382,71716,813
2021-06-19,Del Norte,15,27424,1422,1416,9,1425,8
2021-06-19,El Dorado,17,186661,10368,10363,794,11157,113
2021-06-19,Fresno,19,978130,102436,102922,9177,112099,1724
2021-06-19,Glenn,21,27897,2430,2434,583,3017,19
2021-06-19,Humboldt,23,135768,4466,4463,116,4579,42
2021-06-19,Imperial,25,180216,28662,28813,2899,31712,740
2021-06-19,Inyo,27,18085,1409,1405,4,1409,35
2021-06-19,Kern,29,883053,97179,96966,11582,108548,1342
2021-06-19,Kings,31,150075,23034,23086,1211,24297,245
2021-06-19,Lake,33,64148,3570,3563,13,3576,45
2021-06-19,Lassen,35,31185,5255,5225,123,5348,19
2021-06-19,Los Angeles,37,10098052,1206229,1205602,44164,1249766,24454
2021-06-19,Madera,39,155013,16649,16632,964,17596,240
2021-06-19,Marin,41,260295,14129,14152,274,14426,230
2021-06-19,Mariposa,43,17540,440,439,12,451,5
2021-06-19,Mendocino,45,87422,4133,4077,76,4153,49
2021-06-19,Merced,47,269075,31203,31256,1011,32267,465
2021-06-19,Modoc,49,8938,408,402,145,547,3
2021-06-19,Mono,51,14174,1254,1275,15,1290,3
2021-06-19,Monterey,53,433212,43142,43153,1939,45092,427
2021-06-19,Napa,55,140530,10000,10025,35,10060,80
2021-06-19,Nevada,57,99092,4935,4910,201,5111,72
2021-06-19,Orange,59,3164182,255329,255329,11875,267204,5112
2021-06-19,Placer,61,380077,23605,23537,1606,25143,298
2021-06-19,Plumas,63,18699,714,697,12,709,4
2021-06-19,Riverside,65,2383286,292167,289720,14919,304639,4456
2021-06-19,Sacramento,67,1510023,107638,107631,1909,109540,1669
2021-06-19,San Benito,69,59416,6085,6098,120,6218,63
2021-06-19,San Bernardino,71,2135413,293634,293673,9282,302955,4844
2021-06-19,San Diego,73,3302833,282119,281682,0,281682,3771
2021-06-19,San Francisco,75,870044,36940,37256,1409,38665,556
2021-06-19,San Joaquin,77,732212,73667,73652,3828,77480,1405
2021-06-19,San Luis Obispo,79,281455,21306,21308,793,22101,257
2021-06-19,San Mateo,81,765935,42613,42646,493,43139,542
2021-06-19,Santa Barbara,83,443738,34547,34472,1353,35825,455
2021-06-19,Santa Clara,85,1922200,118734,120110,823,120933,2093
2021-06-19,Santa Cruz,87,273765,16224,16206,877,17083,208
2021-06-19,Shasta,89,179085,12536,12615,1687,14302,201
2021-06-19,Sierra,91,2930,60,57,14,71,0
2021-06-19,Siskiyou,93,43540,1938,1891,397,2288,27
2021-06-19,Solano,95,438530,33308,33341,572,33913,266
2021-06-19,Sonoma,97,501317,30754,30841,371,31212,314
2021-06-19,Stanislaus,99,539301,56746,56847,6249,63096,1017
2021-06-19,Sutter,101,95872,9598,9645,95,9740,113
2021-06-19,Tehama,103,63373,5101,5115,635,5750,63
2021-06-19,Trinity,105,12862,365,337,65,402,3
2021-06-19,Tulare,107,460477,49735,49681,9655,59336,849
2021-06-19,Tuolumne,109,53932,4107,4117,170,4287,63
2021-06-19,Ventura,111,848112,81288,81270,3149,84419,1031
2021-06-19,Yolo,113,214977,14142,14156,366,14522,212
2021-06-19,Yuba,115,75493,6176,6157,137,6294,51
2021-06-18,Alameda,1,1643700,89044,89123,2090,91213,1263
2021-06-18,Alpine,3,1148,89,88,0,88,0
2021-06-18,Amador,5,37829,3742,3739,35,3774,46
2021-06-18,Butte,7,227075,12671,12653,1943,14596,194
2021-06-18,Calaveras,9,45235,2194,2191,16,2207,55
2021-06-18,Colusa,11,21464,1958,1969,329,2298,15
2021-06-18,Contra Costa,13,1133247,70587,70271,1380,71651,813
2021-06-18,Del Norte,15,27424,1422,1415,9,1424,8
2021-06-18,El Dorado,17,186661,10366,10348,792,11140,113
2021-06-18,Fresno,19,978130,102420,102894,9175,112069,1722
2021-06-18,Glenn,21,27897,2429,2430,583,3013,19
2021-06-18,Humboldt,23,135768,4458,4450,116,4566,42
2021-06-18,Imperial,25,180216,28660,28809,2899,31708,740
2021-06-18,Inyo,27,18085,1409,1405,4,1409,35
2021-06-18,Kern,29,883053,97168,96948,11576,108524,1341
2021-06-18,Kings,31,150075,23029,23082,1211,24293,245
2021-06-18,Lake,33,64148,3566,3563,13,3576,45
2021-06-18,Lassen,35,31185,5254,5224,123,5347,19
2021-06-18,Los Angeles,37,10098052,1206073,1205472,44146,1249618,24451
2021-06-18,Madera,39,155013,16643,16625,964,17589,241
2021-06-18,Marin,41,260295,14126,14147,274,14421,230
2021-06-18,Mariposa,43,17540,440,439,12,451,5
2021-06-18,Mendocino,45,87422,4128,4068,76,4144,49
2021-06-18,Merced,47,269075,31201,31262,1011,32273,464
2021-06-18,Modoc,49,8938,408,402,145,547,3
2021-06-18,Mono,51,14174,1253,1275,14,1289,3
2021-06-18,Monterey,53,433212,43139,43148,1939,45087,427
2021-06-18,Napa,55,140530,9996,10021,35,10056,80
2021-06-18,Nevada,57,99092,4927,4903,201,5104,72
2021-06-18,Orange,59,3164182,255293,255274,11872,267146,5108
2021-06-18,Placer,61,380077,23596,23500,1603,25103,298
2021-06-18,Plumas,63,18699,714,697,12,709,4
2021-06-18,Riverside,65,2383286,292118,289676,14918,304594,4457
2021-06-18,Sacramento,67,1510023,107591,107570,1909,109479,1669
2021-06-18,San Benito,69,59416,6084,6097,120,6217,63
2021-06-18,San Bernardino,71,2135413,293592,293629,9277,302906,4826
2021-06-18,San Diego,73,3302833,282043,281608,0,281608,3771
2021-06-18,San Francisco,75,870044,36931,37246,1409,38655,556
2021-06-18,San Joaquin,77,732212,73649,73623,3826,77449,1403
2021-06-18,San Luis Obispo,79,281455,21302,21301,792,22093,257
2021-06-18,San Mateo,81,765935,42602,42630,492,43122,542
2021-06-18,Santa Barbara,83,443738,34537,34469,1353,35822,455
2021-06-18,Santa Clara,85,1922200,118713,120081,822,120903,2093
2021-06-18,Santa Cruz,87,273765,16220,16202,877,17079,208
2021-06-18,Shasta,89,179085,12532,12607,1685,14292,201
2021-06-18,Sierra,91,2930,59,57,14,71,0
2021-06-18,Siskiyou,93,43540,1938,1890,397,2287,27
2021-06-18,Solano,95,438530,33294,33323,572,33895,266
2021-06-18,Sonoma,97,501317,30737,30816,369,31185,313
2021-06-18,Stanislaus,99,539301,56731,56803,6247,63050,1012
2021-06-18,Sutter,101,95872,9595,9643,95,9738,113
2021-06-18,Tehama,103,63373,5099,5114,635,5749,63
2021-06-18,Trinity,105,12862,365,337,64,401,3
2021-06-18,Tulare,107,460477,49733,49664,9648,59312,849
2021-06-18,Tuolumne,109,53932,4105,4116,170,4286,63
2021-06-18,Ventura,111,848112,81278,81256,3145,84401,1031
2021-06-18,Yolo,113,214977,14139,14148,364,14512,212
2021-06-18,Yuba,115,75493,6170,6150,137,6287,51
2021-06-17,Alameda,1,1643700,88997,89087,2090,91177,1262
2021-06-17,Alpine,3,1148,89,88,0,88,0
2021-06-17,Amador,5,37829,3740,3731,35,3766,46
2021-06-17,Butte,7,227075,12661,12644,1942,14586,194
2021-06-17,Calaveras,9,45235,2193,2189,16,2205,55
2021-06-17,Colusa,11,21464,1957,1969,329,2298,15
2021-06-17,Contra Costa,13,1133247,70548,70190,1377,71567,810
2021-06-17,Del Norte,15,27424,1420,1413,9,1422,8
2021-06-17,El Dorado,17,186661,10356,10341,792,11133,113
2021-06-17,Fresno,19,978130,102394,102867,9170,112037,1722
2021-06-17,Glenn,21,27897,2429,2430,583,3013,19
2021-06-17,Humboldt,23,135768,4449,4438,116,4554,42
2021-06-17,Imperial,25,180216,28652,28801,2899,31700,741
2021-06-17,Inyo,27,18085,1409,1405,4,1409,35
2021-06-17,Kern,29,883053,97153,96840,11569,108409,1340
2021-06-17,Kings,31,150075,23025,23078,1210,24288,245
2021-06-17,Lake,33,64148,3563,3563,9,3572,45
2021-06-17,Lassen,35,31185,5250,5223,123,5346,19
2021-06-17,Los Angeles,37,10098052,1205864,1205301,44116,1249417,24444
2021-06-17,Madera,39,155013,16638,16618,964,17582,241
2021-06-17,Marin,41,260295,14126,14141,274,14415,229
2021-06-17,Mariposa,43,17540,440,439,12,451,5
2021-06-17,Mendocino,45,87422,4121,4054,76,4130,49
2021-06-17,Merced,47,269075,31196,31262,1011,32273,464
2021-06-17,Modoc,49,8938,407,401,145,546,3
2021-06-17,Mono,51,14174,1252,1275,14,1289,3
2021-06-17,Monterey,53,433212,43132,43140,1939,45079,416
2021-06-17,Napa,55,140530,9996,10014,35,10049,80
2021-06-17,Nevada,57,99092,4923,4898,201,5099,72
2021-06-17,Orange,59,3164182,255251,255240,11860,267100,5109
2021-06-17,Placer,61,380077,23580,23461,1601,25062,298
2021-06-17,Plumas,63,18699,713,697,12,709,4
2021-06-17,Riverside,65,2383286,292065,289627,14915,304542,4458
2021-06-17,Sacramento,67,1510023,107527,107492,1907,109399,1666
2021-06-17,San Benito,69,59416,6084,6097,120,6217,63
2021-06-17,San Bernardino,71,2135413,293556,293560,9277,302837,4811
2021-06-17,San Diego,73,3302833,281966,281531,0,281531,3771
2021-06-17,San Francisco,75,870044,36920,37243,1408,38651,556
2021-06-17,San Joaquin,77,732212,73626,73560,3821,77381,1403
2021-06-17,San Luis Obispo,79,281455,21300,21297,792,22089,257
2021-06-17,San Mateo,81,765935,42595,42615,492,43107,542
2021-06-17,Santa Barbara,83,443738,34531,34466,1353,35819,453
2021-06-17,Santa Clara,85,1922200,118688,120032,821,120853,2093
2021-06-17,Santa Cruz,87,273765,16216,16197,877,17074,208
2021-06-17,Shasta,89,179085,12524,12597,1685,14282,201
2021-06-17,Sierra,91,2930,59,56,14,70,0
2021-06-17,Siskiyou,93,43540,1937,1889,397,2286,27
2021-06-17,Solano,95,438530,33274,33296,570,33866,266
2021-06-17,Sonoma,97,501317,30706,30793,369,31162,323
2021-06-17,Stanislaus,99,539301,56700,56752,6241,62993,1012
2021-06-17,Sutter,101,95872,9592,9629,95,9724,113
2021-06-17,Tehama,103,63373,5098,5112,633,5745,63
2021-06-17,Trinity,105,12862,365,337,64,401,3
2021-06-17,Tulare,107,460477,49728,49649,9640,59289,849
2021-06-17,Tuolumne,109,53932,4104,4116,170,4286,63
2021-06-17,Ventura,111,848112,81269,81248,3140,84388,1030
2021-06-17,Yolo,113,214977,14131,14141,364,14505,212
2021-06-17,Yuba,115,75493,6161,6140,137,6277,51
2021-06-16,Alameda,1,1643700,88946,89045,2086,91131,1265
2021-06-16,Alpine,3,1148,89,88,0,88,0
2021-06-16,Amador,5,37829,3739,3730,35,3765,46
2021-06-16,Butte,7,227075,12659,12635,1940,14575,194
2021-06-16,Calaveras,9,45235,2191,2188,16,2204,55
2021-06-16,Colusa,11,21464,1957,1967,329,2296,15
2021-06-16,Contra Costa,13,1133247,70496,70136,1376,71512,810
2021-06-16,Del Norte,15,27424,1417,1413,9,1422,8
2021-06-16,El Dorado,17,186661,10350,10334,791,11125,113
2021-06-16,Fresno,19,978130,102364,102842,9163,112005,1722
2021-06-16,Glenn,21,27897,2429,2430,583,3013,19
2021-06-16,Humboldt,23,135768,4440,4427,113,4540,42
2021-06-16,Imperial,25,180216,28649,28796,2899,31695,741
2021-06-16,Inyo,27,18085,1408,1405,4,1409,35
2021-06-16,Kern,29,883053,97132,96789,11560,108349,1339
2021-06-16,Kings,31,150075,23024,23072,1209,24281,245
2021-06-16,Lake,33,64148,3563,3562,9,3571,45
2021-06-16,Lassen,35,31185,5247,5216,123,5339,19
2021-06-16,Los Angeles,37,10098052,1205641,1205102,44104,1249206,24439
2021-06-16,Madera,39,155013,16634,16603,964,17567,240
2021-06-16,Marin,41,260295,14124,14137,274,14411,229
2021-06-16,Mariposa,43,17540,440,437,12,449,5
2021-06-16,Mendocino,45,87422,4113,4041,76,4117,49
2021-06-16,Merced,47,269075,31188,31250,1011,32261,463
2021-06-16,Modoc,49,8938,406,383,144,527,3
2021-06-16,Mono,51,14174,1252,1275,14,1289,3
2021-06-16,Monterey,53,433212,43129,43122,1939,45061,416
2021-06-16,Napa,55,140530,9992,10011,35,10046,80
2021-06-16,Nevada,57,99092,4918,4894,201,5095,72
2021-06-16,Orange,59,3164182,255203,255188,11853,267041,5109
2021-06-16,Placer,61,380077,23570,23425,1597,25022,298
2021-06-16,Plumas,63,18699,713,697,12,709,4
2021-06-16,Riverside,65,2383286,292004,289539,14913,304452,4457
2021-06-16,Sacramento,67,1510023,107455,107422,1903,109325,1665
2021-06-16,San Benito,69,59416,6084,6090,120,6210,63
2021-06-16,San Bernardino,71,2135413,293507,293499,9275,302774,4797
2021-06-16,San Diego,73,3302833,281888,281423,0,281423,3770
2021-06-16,San Francisco,75,870044,36907,37222,1406,38628,555
2021-06-16,San Joaquin,77,732212,73589,73530,3817,77347,1399
2021-06-16,San Luis Obispo,79,281455,21295,21294,792,22086,257
2021-06-16,San Mateo,81,765935,42579,42601,492,43093,542
2021-06-16,Santa Barbara,83,443738,34525,34459,1352,35811,460
2021-06-16,Santa Clara,85,1922200,118656,119982,821,120803,2087
2021-06-16,Santa Cruz,87,273765,16213,16187,877,17064,208
2021-06-16,Shasta,89,179085,12519,12592,1684,14276,200
2021-06-16,Sierra,91,2930,59,56,14,70,0
2021-06-16,Siskiyou,93,43540,1936,1886,397,2283,26
2021-06-16,Solano,95,438530,33246,33276,570,33846,266
2021-06-16,Sonoma,97,501317,30671,30741,369,31110,323
2021-06-16,Stanislaus,99,539301,56669,56738,6239,62977,984
2021-06-16,Sutter,101,95872,9588,9620,95,9715,113
2021-06-16,Tehama,103,63373,5096,5106,633,5739,63
2021-06-16,Trinity,105,12862,364,332,64,396,3
2021-06-16,Tulare,107,460477,49723,49578,9636,59214,849
2021-06-16,Tuolumne,109,53932,4104,4110,170,4280,63
2021-06-16,Ventura,111,848112,81255,81229,3138,84367,1029
2021-06-16,Yolo,113,214977,14122,14135,363,14498,212
2021-06-16,Yuba,115,75493,6151,6134,137,6271,51
2021-06-15,Alameda,1,1643700,88902,89008,2086,91094,1262
2021-06-15,Alpine,3,1148,89,88,0,88,0
2021-06-15,Amador,5,37829,3736,3723,35,3758,46
2021-06-15,Butte,7,227075,12651,12620,1939,14559,194
2021-06-15,Calaveras,9,45235,2190,2188,16,2204,55
2021-06-15,Colusa,11,21464,1957,1967,327,2294,15
2021-06-15,Contra Costa,13,1133247,70434,70101,1376,71477,810
2021-06-15,Del Norte,15,27424,1416,1411,9,1420,8
2021-06-15,El Dorado,17,186661,10341,10330,791,11121,113
2021-06-15,Fresno,19,978130,102334,102828,9161,111989,1722
2021-06-15,Glenn,21,27897,2428,2426,583,3009,19
2021-06-15,Humboldt,23,135768,4431,4414,110,4524,42
2021-06-15,Imperial,25,180216,28643,28789,2899,31688,741
2021-06-15,Inyo,27,18085,1408,1405,4,1409,35
2021-06-15,Kern,29,883053,97104,96782,11551,108333,1338
2021-06-15,Kings,31,150075,23018,23070,1208,24278,245
2021-06-15,Lake,33,64148,3562,3559,9,3568,45
2021-06-15,Lassen,35,31185,5246,5211,123,5334,19
2021-06-15,Los Angeles,37,10098052,1205414,1204926,44095,1249021,24435
2021-06-15,Madera,39,155013,16627,16600,963,17563,240
2021-06-15,Marin,41,260295,14116,14135,274,14409,229
2021-06-15,Mariposa,43,17540,440,437,12,449,5
2021-06-15,Mendocino,45,87422,4106,4034,76,4110,49
2021-06-15,Merced,47,269075,31182,31244,1011,32255,461
2021-06-15,Modoc,49,8938,405,383,144,527,3
2021-06-15,Mono,51,14174,1252,1275,14,1289,3
2021-06-15,Monterey,53,433212,43123,43118,1939,45057,416
2021-06-15,Napa,55,140530,9990,10010,35,10045,80
2021-06-15,Nevada,57,99092,4915,4888,201,5089,72
2021-06-15,Orange,59,3164182,255166,255127,11844,266971,5105
2021-06-15,Placer,61,380077,23548,23396,1596,24992,298
2021-06-15,Plumas,63,18699,712,697,12,709,4
2021-06-15,Riverside,65,2383286,291947,289508,14909,304417,4455
2021-06-15,Sacramento,67,1510023,107381,107370,1896,109266,1662
2021-06-15,San Benito,69,59416,6083,6089,120,6209,63
2021-06-15,San Bernardino,71,2135413,293455,293463,9271,302734,4790
2021-06-15,San Diego,73,3302833,281804,281375,0,281375,3770
2021-06-15,San Francisco,75,870044,36898,37210,1405,38615,555
2021-06-15,San Joaquin,77,732212,73550,73494,3813,77307,1399
2021-06-15,San Luis Obispo,79,281455,21290,21293,791,22084,257
2021-06-15,San Mateo,81,765935,42566,42593,492,43085,543
2021-06-15,Santa Barbara,83,443738,34520,34451,1352,35803,460
2021-06-15,Santa Clara,85,1922200,118618,119963,821,120784,2086
2021-06-15,Santa Cruz,87,273765,16206,16180,877,17057,208
2021-06-15,Shasta,89,179085,12513,12583,1684,14267,201
2021-06-15,Sierra,91,2930,58,55,14,69,0
2021-06-15,Siskiyou,93,43540,1935,1887,397,2284,26
2021-06-15,Solano,95,438530,33227,33264,570,33834,266
2021-06-15,Sonoma,97,501317,30632,30707,368,31075,323
2021-06-15,Stanislaus,99,539301,56640,56724,6236,62960,979
2021-06-15,Sutter,101,95872,9579,9616,95,9711,113
2021-06-15,Tehama,103,63373,5095,5102,633,5735,63
2021-06-15,Trinity,105,12862,363,332,64,396,3
2021-06-15,Tulare,107,460477,49717,49561,9632,59193,848
2021-06-15,Tuolumne,109,53932,4104,4111,170,4281,63
2021-06-15,Ventura,111,848112,81244,81215,3135,84350,1029
2021-06-15,Yolo,113,214977,14118,14127,361,14488,212
2021-06-15,Yuba,115,75493,6140,6130,137,6267,51
2021-06-14,Alameda,1,1643700,88849,88966,2085,91051,1264
2021-06-14,Alpine,3,1148,89,88,0,88,0
2021-06-14,Amador,5,37829,3735,3722,35,3757,46
2021-06-14,Butte,7,227075,12640,12613,1935,14548,194
2021-06-14,Calaveras,9,45235,2188,2190,16,2206,55
2021-06-14,Colusa,11,21464,1956,1966,327,2293,15
2021-06-14,Contra Costa,13,1133247,70381,70069,1374,71443,810
2021-06-14,Del Norte,15,27424,1416,1411,9,1420,8
2021-06-14,El Dorado,17,186661,10332,10327,790,11117,113
2021-06-14,Fresno,19,978130,102312,102812,9160,111972,1719
2021-06-14,Glenn,21,27897,2428,2426,583,3009,19
2021-06-14,Humboldt,23,135768,4423,4407,106,4513,42
2021-06-14,Imperial,25,180216,28631,28836,2899,31735,741
2021-06-14,Inyo,27,18085,1407,1405,4,1409,35
2021-06-14,Kern,29,883053,97086,96760,11540,108300,1337
2021-06-14,Kings,31,150075,23016,23071,1206,24277,245
2021-06-14,Lake,33,64148,3561,3557,9,3566,45
2021-06-14,Lassen,35,31185,5243,5209,122,5331,19
2021-06-14,Los Angeles,37,10098052,1205189,1204748,44085,1248833,24434
2021-06-14,Madera,39,155013,16622,16597,962,17559,240
2021-06-14,Marin,41,260295,14114,14133,274,14407,229
2021-06-14,Mariposa,43,17540,439,437,12,449,5
2021-06-14,Mendocino,45,87422,4100,4028,76,4104,49
2021-06-14,Merced,47,269075,31173,31241,1010,32251,461
2021-06-14,Modoc,49,8938,396,382,142,524,3
2021-06-14,Mono,51,14174,1252,1275,14,1289,3
2021-06-14,Monterey,53,433212,43120,43110,1939,45049,415
2021-06-14,Napa,55,140530,9986,10000,35,10035,80
2021-06-14,Nevada,57,99092,4908,4885,201,5086,72
2021-06-14,Orange,59,3164182,255130,255069,11839,266908,5103
2021-06-14,Placer,61,380077,23523,23379,1595,24974,298
2021-06-14,Plumas,63,18699,712,696,12,708,4
2021-06-14,Riverside,65,2383286,291897,289476,14907,304383,4453
2021-06-14,Sacramento,67,1510023,107329,107334,1890,109224,1661
2021-06-14,San Benito,69,59416,6083,6087,120,6207,63
2021-06-14,San Bernardino,71,2135413,293401,293446,9267,302713,4790
2021-06-14,San Diego,73,3302833,281699,281314,0,281314,3770
2021-06-14,San Francisco,75,870044,36885,37206,1405,38611,555
2021-06-14,San Joaquin,77,732212,73521,73453,3813,77266,1398
2021-06-14,San Luis Obispo,79,281455,21288,21302,791,22093,256
2021-06-14,San Mateo,81,765935,42552,42619,491,43110,543
2021-06-14,Santa Barbara,83,443738,34517,34449,1352,35801,460
2021-06-14,Santa Clara,85,1922200,118587,119957,820,120777,2085
2021-06-14,Santa Cruz,87,273765,16204,16175,877,17052,208
2021-06-14,Shasta,89,179085,12503,12561,1681,14242,201
2021-06-14,Sierra,91,2930,57,55,14,69,0
2021-06-14,Siskiyou,93,43540,1935,1886,397,2283,26
2021-06-14,Solano,95,438530,33209,33243,569,33812,266
2021-06-14,Sonoma,97,501317,30600,30679,367,31046,323
2021-06-14,Stanislaus,99,539301,56603,56689,6235,62924,975
2021-06-14,Sutter,101,95872,9576,9607,95,9702,112
2021-06-14,Tehama,103,63373,5093,5102,633,5735,63
2021-06-14,Trinity,105,12862,363,332,64,396,3
2021-06-14,Tulare,107,460477,49713,49538,9628,59166,848
2021-06-14,Tuolumne,109,53932,4101,4108,170,4278,63
2021-06-14,Ventura,111,848112,81234,81209,3135,84344,1028
2021-06-14,Yolo,113,214977,14110,14123,361,14484,212
2021-06-14,Yuba,115,75493,6133,6127,137,6264,50
2021-06-13,Alameda,1,1643700,88792,88947,2083,91030,1264
2021-06-13,Alpine,3,1148,88,88,0,88,0
2021-06-13,Amador,5,37829,3731,3721,35,3756,46
2021-06-13,Butte,7,227075,12629,12586,1931,14517,194
2021-06-13,Calaveras,9,45235,2188,2189,16,2205,55
2021-06-13,Colusa,11,21464,1956,1965,326,2291,15
2021-06-13,Contra Costa,13,1133247,70327,70040,1372,71412,810
2021-06-13,Del Norte,15,27424,1414,1412,9,1421,8
2021-06-13,El Dorado,17,186661,10323,10324,790,11114,113
2021-06-13,Fresno,19,978130,102282,102795,9155,111950,1719
2021-06-13,Glenn,21,27897,2427,2425,581,3006,19
2021-06-13,Humboldt,23,135768,4410,4401,105,4506,42
2021-06-13,Imperial,25,180216,28622,28800,2899,31699,741
2021-06-13,Inyo,27,18085,1407,1405,4,1409,35
2021-06-13,Kern,29,883053,97064,96743,11527,108270,1337
2021-06-13,Kings,31,150075,23011,23069,1205,24274,245
2021-06-13,Lake,33,64148,3561,3556,9,3565,45
2021-06-13,Lassen,35,31185,5238,5209,122,5331,19
2021-06-13,Los Angeles,37,10098052,1204929,1204614,44072,1248686,24433
2021-06-13,Madera,39,155013,16608,16590,962,17552,240
2021-06-13,Marin,41,260295,14108,14126,274,14400,229
2021-06-13,Mariposa,43,17540,439,434,12,446,5
2021-06-13,Mendocino,45,87422,4093,4026,76,4102,49
2021-06-13,Merced,47,269075,31166,31240,1010,32250,461
2021-06-13,Modoc,49,8938,394,382,140,522,3
2021-06-13,Mono,51,14174,1252,1275,14,1289,3
2021-06-13,Monterey,53,433212,43112,43108,1939,45047,415
2021-06-13,Napa,55,140530,9980,9995,35,10030,80
2021-06-13,Nevada,57,99092,4903,4883,201,5084,72
2021-06-13,Orange,59,3164182,255077,255043,11837,266880,5103
2021-06-13,Placer,61,380077,23496,23365,1593,24958,295
2021-06-13,Plumas,63,18699,711,696,12,708,4
2021-06-13,Riverside,65,2383286,291829,289447,14904,304351,4453
2021-06-13,Sacramento,67,1510023,107256,107289,1887,109176,1658
2021-06-13,San Benito,69,59416,6083,6086,120,6206,63
2021-06-13,San Bernardino,71,2135413,293349,293416,9262,302678,4788
2021-06-13,San Diego,73,3302833,281623,281268,0,281268,3770
2021-06-13,San Francisco,75,870044,36874,37197,1405,38602,555
2021-06-13,San Joaquin,77,732212,73490,73438,3810,77248,1398
2021-06-13,San Luis Obispo,79,281455,21282,21298,790,22088,256
2021-06-13,San Mateo,81,765935,42538,42611,491,43102,542
2021-06-13,Santa Barbara,83,443738,34506,34449,1351,35800,460
2021-06-13,Santa Clara,85,1922200,118564,119946,820,120766,2085
2021-06-13,Santa Cruz,87,273765,16197,16172,877,17049,208
2021-06-13,Shasta,89,179085,12494,12560,1680,14240,201
2021-06-13,Sierra,91,2930,57,55,14,69,0
2021-06-13,Siskiyou,93,43540,1934,1885,397,2282,26
2021-06-13,Solano,95,438530,33187,33234,569,33803,266
2021-06-13,Sonoma,97,501317,30565,30663,365,31028,323
2021-06-13,Stanislaus,99,539301,56576,56671,6234,62905,975
2021-06-13,Sutter,101,95872,9569,9603,95,9698,112
2021-06-13,Tehama,103,63373,5091,5100,633,5733,63
2021-06-13,Trinity,105,12862,362,332,64,396,3
2021-06-13,Tulare,107,460477,49704,49537,9623,59160,848
2021-06-13,Tuolumne,109,53932,4099,4107,169,4276,63
2021-06-13,Ventura,111,848112,81220,81201,3135,84336,1028
2021-06-13,Yolo,113,214977,14103,14120,359,14479,212
2021-06-13,Yuba,115,75493,6126,6125,137,6262,50
2021-06-12,Alameda,1,1643700,88763,88901,2083,90984,1271
2021-06-12,Alpine,3,1148,88,88,0,88,0
2021-06-12,Amador,5,37829,3730,3721,35,3756,46
2021-06-12,Butte,7,227075,12625,12576,1931,14507,194
2021-06-12,Calaveras,9,45235,2188,2189,16,2205,55
2021-06-12,Colusa,11,21464,1956,1965,326,2291,15
2021-06-12,Contra Costa,13,1133247,70296,69989,1369,71358,810
2021-06-12,Del Norte,15,27424,1414,1412,9,1421,8
2021-06-12,El Dorado,17,186661,10319,10320,788,11108,113
2021-06-12,Fresno,19,978130,102272,102783,9153,111936,1720
2021-06-12,Glenn,21,27897,2425,2425,581,3006,19
2021-06-12,Humboldt,23,135768,4402,4396,105,4501,42
2021-06-12,Imperial,25,180216,28619,28799,2899,31698,741
2021-06-12,Inyo,27,18085,1407,1405,4,1409,35
2021-06-12,Kern,29,883053,97049,96731,11522,108253,1337
2021-06-12,Kings,31,150075,23009,23067,1205,24272,245
2021-06-12,Lake,33,64148,3560,3552,9,3561,45
2021-06-12,Lassen,35,31185,5238,5208,122,5330,19
2021-06-12,Los Angeles,37,10098052,1204793,1204439,44063,1248502,24434
2021-06-12,Madera,39,155013,16604,16586,962,17548,240
2021-06-12,Marin,41,260295,14105,14121,274,14395,229
2021-06-12,Mariposa,43,17540,439,434,12,446,5
2021-06-12,Mendocino,45,87422,4090,4024,76,4100,49
2021-06-12,Merced,47,269075,31163,31236,1010,32246,461
2021-06-12,Modoc,49,8938,393,382,140,522,3
2021-06-12,Mono,51,14174,1252,1275,14,1289,3
2021-06-12,Monterey,53,433212,43107,43103,1939,45042,415
2021-06-12,Napa,55,140530,9976,9986,35,10021,80
2021-06-12,Nevada,57,99092,4897,4878,201,5079,72
2021-06-12,Orange,59,3164182,255049,255004,11835,266839,5103
2021-06-12,Placer,61,380077,23478,23345,1593,24938,295
2021-06-12,Plumas,63,18699,711,696,12,708,4
2021-06-12,Riverside,65,2383286,291787,289413,14902,304315,4453
2021-06-12,Sacramento,67,1510023,107196,107199,1884,109083,1658
2021-06-12,San Benito,69,59416,6081,6083,120,6203,63
2021-06-12,San Bernardino,71,2135413,293316,293375,9260,302635,4788
2021-06-12,San Diego,73,3302833,281567,281203,0,281203,3770
2021-06-12,San Francisco,75,870044,36864,37189,1405,38594,555
2021-06-12,San Joaquin,77,732212,73471,73413,3809,77222,1398
2021-06-12,San Luis Obispo,79,281455,21279,21293,790,22083,256
2021-06-12,San Mateo,81,765935,42532,42604,491,43095,542
2021-06-12,Santa Barbara,83,443738,34502,34450,1351,35801,460
2021-06-12,Santa Clara,85,1922200,118524,119894,820,120714,2085
2021-06-12,Santa Cruz,87,273765,16189,16170,877,17047,208
2021-06-12,Shasta,89,179085,12491,12556,1679,14235,201
2021-06-12,Sierra,91,2930,57,55,14,69,0
2021-06-12,Siskiyou,93,43540,1933,1884,397,2281,25
2021-06-12,Solano,95,438530,33178,33219,569,33788,266
2021-06-12,Sonoma,97,501317,30537,30647,364,31011,323
2021-06-12,Stanislaus,99,539301,56559,56649,6233,62882,974
2021-06-12,Sutter,101,95872,9565,9603,95,9698,112
2021-06-12,Tehama,103,63373,5091,5099,632,5731,63
2021-06-12,Trinity,105,12862,362,332,64,396,3
2021-06-12,Tulare,107,460477,49699,49533,9616,59149,848
2021-06-12,Tuolumne,109,53932,4098,4105,169,4274,63
2021-06-12,Ventura,111,848112,81208,81197,3135,84332,1028
2021-06-12,Yolo,113,214977,14100,14118,357,14475,212
2021-06-12,Yuba,115,75493,6121,6120,137,6257,50
2021-06-11,Alameda,1,1643700,88734,88844,2083,90927,1278
2021-06-11,Alpine,3,1148,88,88,0,88,0
2021-06-11,Amador,5,37829,3730,3710,35,3745,46
2021-06-11,Butte,7,227075,12622,12576,1929,14505,194
2021-06-11,Calaveras,9,45235,2188,2188,16,2204,55
2021-06-11,Colusa,11,21464,1955,1964,326,2290,15
2021-06-11,Contra Costa,13,1133247,70263,69940,1367,71307,808
2021-06-11,Del Norte,15,27424,1414,1409,9,1418,8
2021-06-11,El Dorado,17,186661,10316,10316,788,11104,113
2021-06-11,Fresno,19,978130,102254,102770,9152,111922,1720
2021-06-11,Glenn,21,27897,2425,2425,581,3006,19
2021-06-11,Humboldt,23,135768,4398,4389,105,4494,42
2021-06-11,Imperial,25,180216,28614,28793,2899,31692,741
2021-06-11,Inyo,27,18085,1407,1405,4,1409,35
2021-06-11,Kern,29,883053,97037,96718,11518,108236,1340
2021-06-11,Kings,31,150075,23005,23069,1204,24273,245
2021-06-11,Lake,33,64148,3559,3550,9,3559,45
2021-06-11,Lassen,35,31185,5237,5204,122,5326,18
2021-06-11,Los Angeles,37,10098052,1204649,1204259,44049,1248308,24434
2021-06-11,Madera,39,155013,16601,16582,962,17544,240
2021-06-11,Marin,41,260295,14102,14116,274,14390,229
2021-06-11,Mariposa,43,17540,439,434,12,446,5
2021-06-11,Mendocino,45,87422,4087,4022,76,4098,49
2021-06-11,Merced,47,269075,31158,31231,1010,32241,461
2021-06-11,Modoc,49,8938,393,382,139,521,3
2021-06-11,Mono,51,14174,1252,1274,14,1288,3
2021-06-11,Monterey,53,433212,43103,43097,1939,45036,415
2021-06-11,Napa,55,140530,9973,9977,35,10012,80
2021-06-11,Nevada,57,99092,4895,4873,201,5074,72
2021-06-11,Orange,59,3164182,255024,254975,11831,266806,5101
2021-06-11,Placer,61,380077,23473,23330,1593,24923,294
2021-06-11,Plumas,63,18699,711,696,12,708,4
2021-06-11,Riverside,65,2383286,291749,289376,14900,304276,4451
2021-06-11,Sacramento,67,1510023,107136,107119,1883,109002,1659
2021-06-11,San Benito,69,59416,6080,6082,120,6202,63
2021-06-11,San Bernardino,71,2135413,293279,293335,9256,302591,4788
2021-06-11,San Diego,73,3302833,281527,281144,0,281144,3768
2021-06-11,San Francisco,75,870044,36859,37177,1405,38582,555
2021-06-11,San Joaquin,77,732212,73454,73347,3806,77153,1397
2021-06-11,San Luis Obispo,79,281455,21278,21288,790,22078,256
2021-06-11,San Mateo,81,765935,42518,42585,491,43076,542
2021-06-11,Santa Barbara,83,443738,34499,34438,1351,35789,460
2021-06-11,Santa Clara,85,1922200,118505,119860,820,120680,2083
2021-06-11,Santa Cruz,87,273765,16181,16164,877,17041,208
2021-06-11,Shasta,89,179085,12483,12550,1677,14227,201
2021-06-11,Sierra,91,2930,57,55,14,69,0
2021-06-11,Siskiyou,93,43540,1932,1882,397,2279,25
2021-06-11,Solano,95,438530,33158,33179,568,33747,266
2021-06-11,Sonoma,97,501317,30519,30624,364,30988,323
2021-06-11,Stanislaus,99,539301,56533,56617,6229,62846,974
2021-06-11,Sutter,101,95872,9562,9600,94,9694,112
2021-06-11,Tehama,103,63373,5090,5099,632,5731,63
2021-06-11,Trinity,105,12862,362,331,64,395,3
2021-06-11,Tulare,107,460477,49693,49516,9615,59131,848
2021-06-11,Tuolumne,109,53932,4095,4104,169,4273,63
2021-06-11,Ventura,111,848112,81198,81189,3135,84324,1026
2021-06-11,Yolo,113,214977,14093,14111,353,14464,212
2021-06-11,Yuba,115,75493,6117,6113,137,6250,50
2021-06-10,Alameda,1,1643700,88690,88806,2082,90888,1275
2021-06-10,Alpine,3,1148,88,88,0,88,0
2021-06-10,Amador,5,37829,3726,3709,35,3744,46
2021-06-10,Butte,7,227075,12605,12565,1929,14494,194
2021-06-10,Calaveras,9,45235,2188,2188,16,2204,55
2021-06-10,Colusa,11,21464,1953,1964,326,2290,15
2021-06-10,Contra Costa,13,1133247,70209,69876,1367,71243,807
2021-06-10,Del Norte,15,27424,1414,1405,9,1414,8
2021-06-10,El Dorado,17,186661,10309,10314,784,11098,113
2021-06-10,Fresno,19,978130,102229,102724,9150,111874,1717
2021-06-10,Glenn,21,27897,2425,2425,581,3006,19
2021-06-10,Humboldt,23,135768,4390,4384,105,4489,42
2021-06-10,Imperial,25,180216,28608,28779,2899,31678,739
2021-06-10,Inyo,27,18085,1407,1405,4,1409,35
2021-06-10,Kern,29,883053,97023,96706,11513,108219,1336
2021-06-10,Kings,31,150075,23004,23067,1204,24271,245
2021-06-10,Lake,33,64148,3554,3550,9,3559,45
2021-06-10,Lassen,35,31185,5235,5201,122,5323,18
2021-06-10,Los Angeles,37,10098052,1204489,1204110,44032,1248142,24440
2021-06-10,Madera,39,155013,16594,16581,962,17543,240
2021-06-10,Marin,41,260295,14099,14118,274,14392,229
2021-06-10,Mariposa,43,17540,437,434,12,446,5
2021-06-10,Mendocino,45,87422,4082,4016,76,4092,48
2021-06-10,Merced,47,269075,31150,31231,1007,32238,461
2021-06-10,Modoc,49,8938,392,381,139,520,3
2021-06-10,Mono,51,14174,1251,1274,14,1288,3
2021-06-10,Monterey,53,433212,43097,43090,1939,45029,415
2021-06-10,Napa,55,140530,9972,9974,35,10009,80
2021-06-10,Nevada,57,99092,4890,4866,201,5067,72
2021-06-10,Orange,59,3164182,254997,254950,11824,266774,5097
2021-06-10,Placer,61,380077,23459,23296,1593,24889,293
2021-06-10,Plumas,63,18699,711,696,12,708,4
2021-06-10,Riverside,65,2383286,291708,289335,14894,304229,4450
2021-06-10,Sacramento,67,1510023,107074,107049,1883,108932,1658
2021-06-10,San Benito,69,59416,6080,6079,120,6199,63
2021-06-10,San Bernardino,71,2135413,293237,293281,9253,302534,4782
2021-06-10,San Diego,73,3302833,281470,281052,0,281052,3766
2021-06-10,San Francisco,75,870044,36849,37159,1403,38562,552
2021-06-10,San Joaquin,77,732212,73422,73276,3805,77081,1393
2021-06-10,San Luis Obispo,79,281455,21275,21280,790,22070,256
2021-06-10,San Mateo,81,765935,42512,42562,491,43053,666
2021-06-10,Santa Barbara,83,443738,34495,34434,1351,35785,460
2021-06-10,Santa Clara,85,1922200,118470,119832,819,120651,2075
2021-06-10,Santa Cruz,87,273765,16180,16159,877,17036,208
2021-06-10,Shasta,89,179085,12473,12536,1676,14212,201
2021-06-10,Sierra,91,2930,56,55,14,69,0
2021-06-10,Siskiyou,93,43540,1932,1881,397,2278,25
2021-06-10,Solano,95,438530,33141,33150,567,33717,265
2021-06-10,Sonoma,97,501317,30483,30571,362,30933,323
2021-06-10,Stanislaus,99,539301,56512,56588,6225,62813,974
2021-06-10,Sutter,101,95872,9555,9594,94,9688,112
2021-06-10,Tehama,103,63373,5090,5096,632,5728,63
2021-06-10,Trinity,105,12862,362,331,64,395,3
2021-06-10,Tulare,107,460477,49685,49503,9615,59118,848
2021-06-10,Tuolumne,109,53932,4095,4100,169,4269,63
2021-06-10,Ventura,111,848112,81187,81172,3133,84305,1026
2021-06-10,Yolo,113,214977,14090,14107,353,14460,212
2021-06-10,Yuba,115,75493,6113,6112,137,6249,50
2021-06-09,Alameda,1,1643700,88644,88762,2080,90842,1271
2021-06-09,Alpine,3,1148,88,88,0,88,0
2021-06-09,Amador,5,37829,3722,3706,35,3741,46
2021-06-09,Butte,7,227075,12599,12555,1927,14482,194
2021-06-09,Calaveras,9,45235,2186,2184,16,2200,55
2021-06-09,Colusa,11,21464,1953,1962,325,2287,15
2021-06-09,Contra Costa,13,1133247,70172,69829,1366,71195,803
2021-06-09,Del Norte,15,27424,1411,1403,9,1412,8
2021-06-09,El Dorado,17,186661,10306,10312,783,11095,113
2021-06-09,Fresno,19,978130,102211,102690,9146,111836,1717
2021-06-09,Glenn,21,27897,2424,2424,581,3005,19
2021-06-09,Humboldt,23,135768,4385,4379,103,4482,42
2021-06-09,Imperial,25,180216,28605,28754,2899,31653,739
2021-06-09,Inyo,27,18085,1407,1405,4,1409,35
2021-06-09,Kern,29,883053,97010,96697,11503,108200,1328
2021-06-09,Kings,31,150075,23002,23061,1204,24265,245
2021-06-09,Lake,33,64148,3551,3541,9,3550,45
2021-06-09,Lassen,35,31185,5234,5200,122,5322,18
2021-06-09,Los Angeles,37,10098052,1204305,1203955,44021,1247976,24432
2021-06-09,Madera,39,155013,16589,16580,962,17542,240
2021-06-09,Marin,41,260295,14094,14114,274,14388,229
2021-06-09,Mariposa,43,17540,437,434,12,446,5
2021-06-09,Mendocino,45,87422,4076,4008,76,4084,47
2021-06-09,Merced,47,269075,31146,31225,1007,32232,461
2021-06-09,Modoc,49,8938,390,377,138,515,3
2021-06-09,Mono,51,14174,1251,1274,14,1288,3
2021-06-09,Monterey,53,433212,43090,43082,1939,45021,415
2021-06-09,Napa,55,140530,9966,9971,35,10006,80
2021-06-09,Nevada,57,99092,4880,4863,200,5063,72
2021-06-09,Orange,59,3164182,254953,254893,11820,266713,5080
2021-06-09,Placer,61,380077,23441,23237,1593,24830,293
2021-06-09,Plumas,63,18699,710,697,12,709,4
2021-06-09,Riverside,65,2383286,291664,289299,14892,304191,4450
2021-06-09,Sacramento,67,1510023,107011,106971,1880,108851,1657
2021-06-09,San Benito,69,59416,6076,6078,120,6198,63
2021-06-09,San Bernardino,71,2135413,293195,293222,9253,302475,4782
2021-06-09,San Diego,73,3302833,281406,280941,0,280941,3765
2021-06-09,San Francisco,75,870044,36836,37143,1402,38545,552
2021-06-09,San Joaquin,77,732212,73397,73232,3804,77036,1392
2021-06-09,San Luis Obispo,79,281455,21274,21259,790,22049,256
2021-06-09,San Mateo,81,765935,42496,42502,490,42992,666
2021-06-09,Santa Barbara,83,443738,34484,34422,1351,35773,460
2021-06-09,Santa Clara,85,1922200,118432,119793,818,120611,2068
2021-06-09,Santa Cruz,87,273765,16177,16155,877,17032,208
2021-06-09,Shasta,89,179085,12463,12521,1674,14195,201
2021-06-09,Sierra,91,2930,55,55,14,69,0
2021-06-09,Siskiyou,93,43540,1931,1871,397,2268,25
2021-06-09,Solano,95,438530,33125,33137,566,33703,264
2021-06-09,Sonoma,97,501317,30461,30540,362,30902,323
2021-06-09,Stanislaus,99,539301,56492,56560,6222,62782,974
2021-06-09,Sutter,101,95872,9546,9586,93,9679,111
2021-06-09,Tehama,103,63373,5089,5093,631,5724,63
2021-06-09,Trinity,105,12862,361,331,64,395,3
2021-06-09,Tulare,107,460477,49681,49496,9613,59109,847
2021-06-09,Tuolumne,109,53932,4092,4100,169,4269,63
2021-06-09,Ventura,111,848112,81177,81154,3132,84286,1026
2021-06-09,Yolo,113,214977,14088,14102,352,14454,212
2021-06-09,Yuba,115,75493,6109,6109,137,6246,50
2021-06-08,Alameda,1,1643700,88594,88731,2080,90811,1267
2021-06-08,Alpine,3,1148,88,88,0,88,0
2021-06-08,Amador,5,37829,3721,3704,35,3739,46
2021-06-08,Butte,7,227075,12593,12540,1924,14464,194
2021-06-08,Calaveras,9,45235,2185,2181,16,2197,55
2021-06-08,Colusa,11,21464,1953,1961,325,2286,15
2021-06-08,Contra Costa,13,1133247,70123,69762,1365,71127,803
2021-06-08,Del Norte,15,27424,1409,1402,9,1411,8
2021-06-08,El Dorado,17,186661,10301,10306,781,11087,113
2021-06-08,Fresno,19,978130,102186,102680,9143,111823,1717
2021-06-08,Glenn,21,27897,2423,2423,581,3004,19
2021-06-08,Humboldt,23,135768,4380,4363,100,4463,42
2021-06-08,Imperial,25,180216,28596,28752,2899,31651,738
2021-06-08,Inyo,27,18085,1407,1405,4,1409,35
2021-06-08,Kern,29,883053,96990,96671,11496,108167,1325
2021-06-08,Kings,31,150075,23001,23036,1204,24240,245
2021-06-08,Lake,33,64148,3550,3540,9,3549,45
2021-06-08,Lassen,35,31185,5234,5200,122,5322,18
2021-06-08,Los Angeles,37,10098052,1204111,1203794,44009,1247803,24426
2021-06-08,Madera,39,155013,16583,16579,961,17540,240
2021-06-08,Marin,41,260295,14092,14111,273,14384,229
2021-06-08,Mariposa,43,17540,437,434,12,446,5
2021-06-08,Mendocino,45,87422,4069,4002,76,4078,47
2021-06-08,Merced,47,269075,31138,31225,1007,32232,461
2021-06-08,Modoc,49,8938,385,377,137,514,3
2021-06-08,Mono,51,14174,1251,1274,14,1288,3
2021-06-08,Monterey,53,433212,43084,43078,1938,45016,415
2021-06-08,Napa,55,140530,9962,9962,35,9997,80
2021-06-08,Nevada,57,99092,4875,4861,200,5061,72
2021-06-08,Orange,59,3164182,254912,254852,11814,266666,5078
2021-06-08,Placer,61,380077,23423,23209,1589,24798,293
2021-06-08,Plumas,63,18699,710,692,12,704,4
2021-06-08,Riverside,65,2383286,291630,289268,14884,304152,4452
2021-06-08,Sacramento,67,1510023,106950,106901,1878,108779,1654
2021-06-08,San Benito,69,59416,6074,6076,120,6196,63
2021-06-08,San Bernardino,71,2135413,293146,293186,9249,302435,4778
2021-06-08,San Diego,73,3302833,281344,280879,0,280879,3764
2021-06-08,San Francisco,75,870044,36821,37134,1401,38535,552
2021-06-08,San Joaquin,77,732212,73353,73186,3799,76985,1390
2021-06-08,San Luis Obispo,79,281455,21268,21251,789,22040,255
2021-06-08,San Mateo,81,765935,42483,42488,490,42978,663
2021-06-08,Santa Barbara,83,443738,34480,34418,1351,35769,459
2021-06-08,Santa Clara,85,1922200,118413,119770,817,120587,2068
2021-06-08,Santa Cruz,87,273765,16174,16160,877,17037,208
2021-06-08,Shasta,89,179085,12448,12498,1674,14172,201
2021-06-08,Sierra,91,2930,55,55,14,69,0
2021-06-08,Siskiyou,93,43540,1929,1870,395,2265,21
2021-06-08,Solano,95,438530,33104,33130,566,33696,259
2021-06-08,Sonoma,97,501317,30435,30523,360,30883,323
2021-06-08,Stanislaus,99,539301,56465,56548,6220,62768,973
2021-06-08,Sutter,101,95872,9543,9581,93,9674,111
2021-06-08,Tehama,103,63373,5086,5093,631,5724,63
2021-06-08,Trinity,105,12862,361,330,64,394,3
2021-06-08,Tulare,107,460477,49670,49485,9607,59092,847
2021-06-08,Tuolumne,109,53932,4089,4099,169,4268,63
2021-06-08,Ventura,111,848112,81161,81142,3131,84273,1026
2021-06-08,Yolo,113,214977,14083,14099,351,14450,212
2021-06-08,Yuba,115,75493,6107,6103,137,6240,50
2021-06-07,Alameda,1,1643700,88536,88688,2080,90768,1267
2021-06-07,Alpine,3,1148,88,88,0,88,0
2021-06-07,Amador,5,37829,3711,3697,35,3732,46
2021-06-07,Butte,7,227075,12586,12533,1923,14456,194
2021-06-07,Calaveras,9,45235,2184,2181,16,2197,55
2021-06-07,Colusa,11,21464,1952,1960,325,2285,15
2021-06-07,Contra Costa,13,1133247,70067,69718,1364,71082,817
2021-06-07,Del Norte,15,27424,1409,1401,9,1410,8
2021-06-07,El Dorado,17,186661,10296,10305,781,11086,113
2021-06-07,Fresno,19,978130,102159,102659,9134,111793,1717
2021-06-07,Glenn,21,27897,2423,2423,581,3004,19
2021-06-07,Humboldt,23,135768,4372,4354,97,4451,42
2021-06-07,Imperial,25,180216,28594,28754,2899,31653,738
2021-06-07,Inyo,27,18085,1407,1404,4,1408,35
2021-06-07,Kern,29,883053,96974,96645,11489,108134,1324
2021-06-07,Kings,31,150075,22997,23023,1204,24227,244
2021-06-07,Lake,33,64148,3548,3540,9,3549,45
2021-06-07,Lassen,35,31185,5229,5198,122,5320,18
2021-06-07,Los Angeles,37,10098052,1203891,1203664,43994,1247658,24413
2021-06-07,Madera,39,155013,16576,16572,961,17533,240
2021-06-07,Marin,41,260295,14088,14108,272,14380,229
2021-06-07,Mariposa,43,17540,437,434,12,446,5
2021-06-07,Mendocino,45,87422,4063,3998,76,4074,47
2021-06-07,Merced,47,269075,31126,31212,1006,32218,459
2021-06-07,Modoc,49,8938,384,375,134,509,3
2021-06-07,Mono,51,14174,1251,1275,14,1289,3
2021-06-07,Monterey,53,433212,43077,43077,1938,45015,415
2021-06-07,Napa,55,140530,9953,9962,35,9997,80
2021-06-07,Nevada,57,99092,4873,4860,200,5060,72
2021-06-07,Orange,59,3164182,254872,254808,11807,266615,5073
2021-06-07,Placer,61,380077,23405,23176,1587,24763,293
2021-06-07,Plumas,63,18699,710,692,12,704,4
2021-06-07,Riverside,65,2383286,291588,289232,14881,304113,4451
2021-06-07,Sacramento,67,1510023,106870,106841,1874,108715,1655
2021-06-07,San Benito,69,59416,6073,6074,120,6194,63
2021-06-07,San Bernardino,71,2135413,293106,293129,9248,302377,4775
2021-06-07,San Diego,73,3302833,281262,280808,0,280808,3764
2021-06-07,San Francisco,75,870044,36805,37122,1401,38523,552
2021-06-07,San Joaquin,77,732212,73308,73130,3789,76919,1388
2021-06-07,San Luis Obispo,79,281455,21255,21252,789,22041,255
2021-06-07,San Mateo,81,765935,42466,42479,490,42969,664
2021-06-07,Santa Barbara,83,443738,34474,34407,1351,35758,459
2021-06-07,Santa Clara,85,1922200,118386,119743,817,120560,2066
2021-06-07,Santa Cruz,87,273765,16172,16159,877,17036,208
2021-06-07,Shasta,89,179085,12434,12483,1669,14152,200
2021-06-07,Sierra,91,2930,55,55,14,69,0
2021-06-07,Siskiyou,93,43540,1929,1869,395,2264,21
2021-06-07,Solano,95,438530,33082,33124,565,33689,258
2021-06-07,Sonoma,97,501317,30399,30504,359,30863,323
2021-06-07,Stanislaus,99,539301,56432,56521,6217,62738,972
2021-06-07,Sutter,101,95872,9539,9571,93,9664,111
2021-06-07,Tehama,103,63373,5082,5092,631,5723,63
2021-06-07,Trinity,105,12862,361,329,64,393,3
2021-06-07,Tulare,107,460477,49664,49471,9607,59078,847
2021-06-07,Tuolumne,109,53932,4088,4098,165,4263,63
2021-06-07,Ventura,111,848112,81144,81137,3130,84267,1025
2021-06-07,Yolo,113,214977,14078,14097,350,14447,211
2021-06-07,Yuba,115,75493,6105,6099,134,6233,49
2021-06-06,Alameda,1,1643700,88494,88636,2079,90715,1267
2021-06-06,Alpine,3,1148,88,88,0,88,0
2021-06-06,Amador,5,37829,3708,3696,35,3731,46
2021-06-06,Butte,7,227075,12575,12527,1922,14449,194
2021-06-06,Calaveras,9,45235,2183,2181,16,2197,55
2021-06-06,Colusa,11,21464,1950,1959,325,2284,15
2021-06-06,Contra Costa,13,1133247,70002,69659,1362,71021,817
2021-06-06,Del Norte,15,27424,1404,1401,8,1409,8
2021-06-06,El Dorado,17,186661,10289,10294,781,11075,113
2021-06-06,Fresno,19,978130,102126,102642,9131,111773,1717
2021-06-06,Glenn,21,27897,2422,2423,581,3004,19
2021-06-06,Humboldt,23,135768,4361,4353,91,4444,42
2021-06-06,Imperial,25,180216,28588,28762,2899,31661,738
2021-06-06,Inyo,27,18085,1406,1404,4,1408,35
2021-06-06,Kern,29,883053,96956,96623,11482,108105,1324
2021-06-06,Kings,31,150075,22991,23021,1204,24225,244
2021-06-06,Lake,33,64148,3548,3535,9,3544,45
2021-06-06,Lassen,35,31185,5227,5191,122,5313,18
2021-06-06,Los Angeles,37,10098052,1203695,1203539,43982,1247521,24410
2021-06-06,Madera,39,155013,16570,16567,961,17528,240
2021-06-06,Marin,41,260295,14082,14106,271,14377,229
2021-06-06,Mariposa,43,17540,436,435,12,447,5
2021-06-06,Mendocino,45,87422,4059,3993,76,4069,47
2021-06-06,Merced,47,269075,31118,31215,1006,32221,459
2021-06-06,Modoc,49,8938,384,375,133,508,3
2021-06-06,Mono,51,14174,1251,1275,14,1289,3
2021-06-06,Monterey,53,433212,43072,43078,1938,45016,415
2021-06-06,Napa,55,140530,9947,9963,35,9998,80
2021-06-06,Nevada,57,99092,4866,4854,199,5053,72
2021-06-06,Orange,59,3164182,254839,254782,11802,266584,5073
2021-06-06,Placer,61,380077,23380,23156,1583,24739,293
2021-06-06,Plumas,63,18699,710,692,12,704,4
2021-06-06,Riverside,65,2383286,291554,289201,14876,304077,4451
2021-06-06,Sacramento,67,1510023,106784,106749,1873,108622,1655
2021-06-06,San Benito,69,59416,6067,6074,120,6194,63
2021-06-06,San Bernardino,71,2135413,293058,293117,9239,302356,4773
2021-06-06,San Diego,73,3302833,281182,280743,0,280743,3764
2021-06-06,San Francisco,75,870044,36793,37118,1400,38518,552
2021-06-06,San Joaquin,77,732212,73276,73105,3785,76890,1388
2021-06-06,San Luis Obispo,79,281455,21252,21246,789,22035,255
2021-06-06,San Mateo,81,765935,42448,42457,490,42947,664
2021-06-06,Santa Barbara,83,443738,34470,34403,1350,35753,459
2021-06-06,Santa Clara,85,1922200,118364,119711,817,120528,2066
2021-06-06,Santa Cruz,87,273765,16171,16158,877,17035,208
2021-06-06,Shasta,89,179085,12419,12478,1665,14143,200
2021-06-06,Sierra,91,2930,55,55,14,69,0
2021-06-06,Siskiyou,93,43540,1926,1869,395,2264,21
2021-06-06,Solano,95,438530,33055,33093,565,33658,258
2021-06-06,Sonoma,97,501317,30368,30478,358,30836,323
2021-06-06,Stanislaus,99,539301,56389,56486,6214,62700,972
2021-06-06,Sutter,101,95872,9532,9567,93,9660,111
2021-06-06,Tehama,103,63373,5078,5092,630,5722,63
2021-06-06,Trinity,105,12862,361,328,64,392,3
2021-06-06,Tulare,107,460477,49657,49466,9601,59067,847
2021-06-06,Tuolumne,109,53932,4086,4097,165,4262,63
2021-06-06,Ventura,111,848112,81133,81130,3127,84257,1025
2021-06-06,Yolo,113,214977,14070,14089,348,14437,210
2021-06-06,Yuba,115,75493,6097,6096,134,6230,49
2021-06-05,Alameda,1,1643700,88462,88612,2077,90689,1268
2021-06-05,Alpine,3,1148,88,88,0,88,0
2021-06-05,Amador,5,37829,3708,3694,35,3729,46
2021-06-05,Butte,7,227075,12569,12514,1921,14435,194
2021-06-05,Calaveras,9,45235,2183,2181,16,2197,55
2021-06-05,Colusa,11,21464,1950,1959,325,2284,15
2021-06-05,Contra Costa,13,1133247,69973,69601,1362,70963,817
2021-06-05,Del Norte,15,27424,1404,1400,8,1408,8
2021-06-05,El Dorado,17,186661,10287,10288,780,11068,113
2021-06-05,Fresno,19,978130,102117,102626,9128,111754,1717
2021-06-05,Glenn,21,27897,2421,2423,581,3004,19
2021-06-05,Humboldt,23,135768,4356,4346,91,4437,42
2021-06-05,Imperial,25,180216,28585,28764,2899,31663,738
2021-06-05,Inyo,27,18085,1406,1405,4,1409,35
2021-06-05,Kern,29,883053,96944,96597,11477,108074,1324
2021-06-05,Kings,31,150075,22988,23017,1203,24220,244
2021-06-05,Lake,33,64148,3545,3534,9,3543,45
2021-06-05,Lassen,35,31185,5226,5191,122,5313,18
2021-06-05,Los Angeles,37,10098052,1203569,1203338,43972,1247310,24411
2021-06-05,Madera,39,155013,16566,16563,961,17524,240
2021-06-05,Marin,41,260295,14080,14101,271,14372,229
2021-06-05,Mariposa,43,17540,436,435,12,447,5
2021-06-05,Mendocino,45,87422,4056,3989,76,4065,47
2021-06-05,Merced,47,269075,31116,31212,1006,32218,459
2021-06-05,Modoc,49,8938,384,375,132,507,3
2021-06-05,Mono,51,14174,1251,1274,14,1288,3
2021-06-05,Monterey,53,433212,43068,43071,1937,45008,415
2021-06-05,Napa,55,140530,9942,9960,35,9995,80
2021-06-05,Nevada,57,99092,4864,4849,199,5048,72
2021-06-05,Orange,59,3164182,254815,254752,11799,266551,5069
2021-06-05,Placer,61,380077,23365,23133,1582,24715,293
2021-06-05,Plumas,63,18699,710,692,12,704,4
2021-06-05,Riverside,65,2383286,291519,289157,14871,304028,4451
2021-06-05,Sacramento,67,1510023,106733,106688,1869,108557,1655
2021-06-05,San Benito,69,59416,6065,6074,120,6194,63
2021-06-05,San Bernardino,71,2135413,293024,293081,9237,302318,4772
2021-06-05,San Diego,73,3302833,281141,280676,0,280676,3764
2021-06-05,San Francisco,75,870044,36784,37111,1400,38511,552
2021-06-05,San Joaquin,77,732212,73260,73078,3778,76856,1388
2021-06-05,San Luis Obispo,79,281455,21249,21236,789,22025,255
2021-06-05,San Mateo,81,765935,42439,42433,490,42923,664
2021-06-05,Santa Barbara,83,443738,34467,34399,1349,35748,459
2021-06-05,Santa Clara,85,1922200,118342,119676,815,120491,2066
2021-06-05,Santa Cruz,87,273765,16171,16154,877,17031,208
2021-06-05,Shasta,89,179085,12410,12472,1664,14136,200
2021-06-05,Sierra,91,2930,55,55,14,69,0
2021-06-05,Siskiyou,93,43540,1926,1867,395,2262,21
2021-06-05,Solano,95,438530,33040,33074,565,33639,257
2021-06-05,Sonoma,97,501317,30341,30450,356,30806,323
2021-06-05,Stanislaus,99,539301,56368,56463,6212,62675,973
2021-06-05,Sutter,101,95872,9529,9559,93,9652,111
2021-06-05,Tehama,103,63373,5077,5092,629,5721,63
2021-06-05,Trinity,105,12862,361,328,64,392,3
2021-06-05,Tulare,107,460477,49652,49463,9600,59063,847
2021-06-05,Tuolumne,109,53932,4084,4098,165,4263,63
2021-06-05,Ventura,111,848112,81124,81119,3125,84244,1025
2021-06-05,Yolo,113,214977,14068,14088,348,14436,210
2021-06-05,Yuba,115,75493,6096,6087,134,6221,49
2021-06-04,Alameda,1,1643700,88435,88585,2075,90660,1263
2021-06-04,Alpine,3,1148,88,88,0,88,0
2021-06-04,Amador,5,37829,3708,3690,35,3725,46
2021-06-04,Butte,7,227075,12558,12494,1918,14412,193
2021-06-04,Calaveras,9,45235,2183,2179,16,2195,55
2021-06-04,Colusa,11,21464,1950,1959,325,2284,15
2021-06-04,Contra Costa,13,1133247,69938,69540,1359,70899,816
2021-06-04,Del Norte,15,27424,1404,1398,8,1406,8
2021-06-04,El Dorado,17,186661,10283,10284,778,11062,112
2021-06-04,Fresno,19,978130,102101,102601,9128,111729,1712
2021-06-04,Glenn,21,27897,2421,2423,580,3003,19
2021-06-04,Humboldt,23,135768,4351,4327,91,4418,42
2021-06-04,Imperial,25,180216,28581,28753,2899,31652,738
2021-06-04,Inyo,27,18085,1406,1404,4,1408,35
2021-06-04,Kern,29,883053,96926,96573,11475,108048,1327
2021-06-04,Kings,31,150075,22988,23002,1203,24205,244
2021-06-04,Lake,33,64148,3543,3528,9,3537,45
2021-06-04,Lassen,35,31185,5226,5180,122,5302,18
2021-06-04,Los Angeles,37,10098052,1203450,1203106,43962,1247068,24400
2021-06-04,Madera,39,155013,16564,16557,961,17518,240
2021-06-04,Marin,41,260295,14079,14099,270,14369,229
2021-06-04,Mariposa,43,17540,436,435,12,447,5
2021-06-04,Mendocino,45,87422,4047,3983,76,4059,47
2021-06-04,Merced,47,269075,31111,31204,1005,32209,459
2021-06-04,Modoc,49,8938,382,375,132,507,3
2021-06-04,Mono,51,14174,1251,1275,14,1289,3
2021-06-04,Monterey,53,433212,43064,43068,1937,45005,415
2021-06-04,Napa,55,140530,9938,9958,35,9993,80
2021-06-04,Nevada,57,99092,4860,4844,199,5043,72
2021-06-04,Orange,59,3164182,254779,254730,11796,266526,5059
2021-06-04,Placer,61,380077,23350,23110,1581,24691,293
2021-06-04,Plumas,63,18699,710,691,12,703,4
2021-06-04,Riverside,65,2383286,291493,289098,14867,303965,4452
2021-06-04,Sacramento,67,1510023,106681,106616,1867,108483,1654
2021-06-04,San Benito,69,59416,6063,6073,120,6193,63
2021-06-04,San Bernardino,71,2135413,292999,293056,9234,302290,4768
2021-06-04,San Diego,73,3302833,281099,280556,0,280556,3763
2021-06-04,San Francisco,75,870044,36779,37079,1399,38478,551
2021-06-04,San Joaquin,77,732212,73241,73039,3776,76815,1388
2021-06-04,San Luis Obispo,79,281455,21246,21234,788,22022,255
2021-06-04,San Mateo,81,765935,42427,42413,490,42903,478
2021-06-04,Santa Barbara,83,443738,34461,34402,1348,35750,459
2021-06-04,Santa Clara,85,1922200,118313,119619,815,120434,2065
2021-06-04,Santa Cruz,87,273765,16169,16150,877,17027,207
2021-06-04,Shasta,89,179085,12404,12458,1659,14117,200
2021-06-04,Sierra,91,2930,55,55,14,69,0
2021-06-04,Siskiyou,93,43540,1925,1865,395,2260,21
2021-06-04,Solano,95,438530,33029,33058,565,33623,256
2021-06-04,Sonoma,97,501317,30320,30411,356,30767,323
2021-06-04,Stanislaus,99,539301,56345,56442,6211,62653,973
2021-06-04,Sutter,101,95872,9524,9554,93,9647,111
2021-06-04,Tehama,103,63373,5072,5090,629,5719,63
2021-06-04,Trinity,105,12862,361,328,64,392,3
2021-06-04,Tulare,107,460477,49643,49452,9598,59050,847
2021-06-04,Tuolumne,109,53932,4083,4095,165,4260,63
2021-06-04,Ventura,111,848112,81117,81104,3123,84227,1023
2021-06-04,Yolo,113,214977,14066,14083,348,14431,210
2021-06-04,Yuba,115,75493,6093,6084,134,6218,49
2021-06-03,Alameda,1,1643700,88397,88555,2072,90627,1257
2021-06-03,Alpine,3,1148,88,88,0,88,0
2021-06-03,Amador,5,37829,3700,3688,35,3723,46
2021-06-03,Butte,7,227075,12554,12478,1917,14395,193
2021-06-03,Calaveras,9,45235,2183,2179,16,2195,55
2021-06-03,Colusa,11,21464,1950,1957,325,2282,15
2021-06-03,Contra Costa,13,1133247,69883,69500,1354,70854,816
2021-06-03,Del Norte,15,27424,1402,1397,8,1405,8
2021-06-03,El Dorado,17,186661,10277,10284,775,11059,112
2021-06-03,Fresno,19,978130,102085,102566,9128,111694,1709
2021-06-03,Glenn,21,27897,2421,2421,580,3001,19
2021-06-03,Humboldt,23,135768,4343,4314,91,4405,42
2021-06-03,Imperial,25,180216,28569,28737,2899,31636,738
2021-06-03,Inyo,27,18085,1406,1404,4,1408,35
2021-06-03,Kern,29,883053,96899,96507,11461,107968,1326
2021-06-03,Kings,31,150075,22984,22982,1203,24185,244
2021-06-03,Lake,33,64148,3541,3526,9,3535,45
2021-06-03,Lassen,35,31185,5217,5177,122,5299,12
2021-06-03,Los Angeles,37,10098052,1203277,1202923,43954,1246877,24386
2021-06-03,Madera,39,155013,16558,16554,961,17515,240
2021-06-03,Marin,41,260295,14074,14095,270,14365,230
2021-06-03,Mariposa,43,17540,436,435,12,447,5
2021-06-03,Mendocino,45,87422,4040,3978,76,4054,47
2021-06-03,Merced,47,269075,31107,31199,1005,32204,459
2021-06-03,Modoc,49,8938,381,376,131,507,3
2021-06-03,Mono,51,14174,1251,1275,14,1289,3
2021-06-03,Monterey,53,433212,43061,43063,1937,45000,415
2021-06-03,Napa,55,140530,9931,9957,35,9992,81
2021-06-03,Nevada,57,99092,4856,4837,199,5036,72
2021-06-03,Orange,59,3164182,254751,254676,11786,266462,5056
2021-06-03,Placer,61,380077,23341,23100,1580,24680,293
2021-06-03,Plumas,63,18699,710,691,12,703,4
2021-06-03,Riverside,65,2383286,291439,289035,14865,303900,4447
2021-06-03,Sacramento,67,1510023,106602,106526,1865,108391,1654
2021-06-03,San Benito,69,59416,6063,6073,120,6193,63
2021-06-03,San Bernardino,71,2135413,292969,293021,9228,302249,4762
2021-06-03,San Diego,73,3302833,281036,280430,0,280430,3761
2021-06-03,San Francisco,75,870044,36773,37072,1399,38471,551
2021-06-03,San Joaquin,77,732212,73213,72989,3772,76761,1388
2021-06-03,San Luis Obispo,79,281455,21241,21224,788,22012,255
2021-06-03,San Mateo,81,765935,42414,42396,490,42886,467
2021-06-03,Santa Barbara,83,443738,34458,34391,1348,35739,459
2021-06-03,Santa Clara,85,1922200,118291,119592,813,120405,2058
2021-06-03,Santa Cruz,87,273765,16167,16144,877,17021,207
2021-06-03,Shasta,89,179085,12389,12441,1657,14098,199
2021-06-03,Sierra,91,2930,55,55,14,69,0
2021-06-03,Siskiyou,93,43540,1925,1862,394,2256,21
2021-06-03,Solano,95,438530,33016,33019,565,33584,256
2021-06-03,Sonoma,97,501317,30298,30383,355,30738,322
2021-06-03,Stanislaus,99,539301,56315,56401,6204,62605,973
2021-06-03,Sutter,101,95872,9515,9539,93,9632,111
2021-06-03,Tehama,103,63373,5072,5087,629,5716,63
2021-06-03,Trinity,105,12862,361,328,64,392,3
2021-06-03,Tulare,107,460477,49640,49442,9594,59036,848
2021-06-03,Tuolumne,109,53932,4081,4095,165,4260,63
2021-06-03,Ventura,111,848112,81105,81078,3121,84199,1023
2021-06-03,Yolo,113,214977,14062,14078,345,14423,210
2021-06-03,Yuba,115,75493,6086,6077,134,6211,49
2021-06-02,Alameda,1,1643700,88352,88525,2070,90595,1254
2021-06-02,Alpine,3,1148,88,88,0,88,0
2021-06-02,Amador,5,37829,3698,3687,35,3722,46
2021-06-02,Butte,7,227075,12534,12432,1915,14347,193
2021-06-02,Calaveras,9,45235,2181,2174,15,2189,55
2021-06-02,Colusa,11,21464,1949,1957,325,2282,15
2021-06-02,Contra Costa,13,1133247,69832,69455,1352,70807,814
2021-06-02,Del Norte,15,27424,1400,1395,8,1403,8
2021-06-02,El Dorado,17,186661,10273,10275,775,11050,110
2021-06-02,Fresno,19,978130,102062,102547,9125,111672,1707
2021-06-02,Glenn,21,27897,2421,2421,580,3001,19
2021-06-02,Humboldt,23,135768,4328,4302,89,4391,42
2021-06-02,Imperial,25,180216,28564,28737,2897,31634,738
2021-06-02,Inyo,27,18085,1405,1403,4,1407,35
2021-06-02,Kern,29,883053,96873,96481,11452,107933,1326
2021-06-02,Kings,31,150075,22982,22981,1203,24184,244
2021-06-02,Lake,33,64148,3536,3522,9,3531,45
2021-06-02,Lassen,35,31185,5216,5177,122,5299,6
2021-06-02,Los Angeles,37,10098052,1203075,1202760,43945,1246705,24375
2021-06-02,Madera,39,155013,16550,16550,961,17511,240
2021-06-02,Marin,41,260295,14072,14091,270,14361,229
2021-06-02,Mariposa,43,17540,436,434,12,446,5
2021-06-02,Mendocino,45,87422,4034,3970,76,4046,47
2021-06-02,Merced,47,269075,31094,31195,1004,32199,458
2021-06-02,Modoc,49,8938,380,375,130,505,3
2021-06-02,Mono,51,14174,1251,1275,14,1289,3
2021-06-02,Monterey,53,433212,43059,43056,1937,44993,380
2021-06-02,Napa,55,140530,9930,9953,35,9988,82
2021-06-02,Nevada,57,99092,4853,4833,199,5032,72
2021-06-02,Orange,59,3164182,254706,254637,11782,266419,5055
2021-06-02,Placer,61,380077,23320,23058,1578,24636,293
2021-06-02,Plumas,63,18699,710,690,12,702,4
2021-06-02,Riverside,65,2383286,291384,289012,14855,303867,4445
2021-06-02,Sacramento,67,1510023,106538,106435,1858,108293,1649
2021-06-02,San Benito,69,59416,6062,6073,120,6193,63
2021-06-02,San Bernardino,71,2135413,292924,293004,9223,302227,4760
2021-06-02,San Diego,73,3302833,280956,280347,0,280347,3760
2021-06-02,San Francisco,75,870044,36753,37050,1398,38448,550
2021-06-02,San Joaquin,77,732212,73182,72893,3769,76662,1387
2021-06-02,San Luis Obispo,79,281455,21234,21214,787,22001,255
2021-06-02,San Mateo,81,765935,42404,42383,489,42872,464
2021-06-02,Santa Barbara,83,443738,34451,34381,1348,35729,456
2021-06-02,Santa Clara,85,1922200,118263,119553,812,120365,2058
2021-06-02,Santa Cruz,87,273765,16164,16144,877,17021,207
2021-06-02,Shasta,89,179085,12372,12426,1654,14080,199
2021-06-02,Sierra,91,2930,55,55,14,69,0
2021-06-02,Siskiyou,93,43540,1925,1861,392,2253,21
2021-06-02,Solano,95,438530,33004,33007,564,33571,256
2021-06-02,Sonoma,97,501317,30279,30359,350,30709,322
2021-06-02,Stanislaus,99,539301,56286,56377,6199,62576,973
2021-06-02,Sutter,101,95872,9512,9533,93,9626,111
2021-06-02,Tehama,103,63373,5069,5081,629,5710,63
2021-06-02,Trinity,105,12862,359,328,64,392,3
2021-06-02,Tulare,107,460477,49633,49434,9590,59024,846
2021-06-02,Tuolumne,109,53932,4081,4095,165,4260,63
2021-06-02,Ventura,111,848112,81080,81033,3121,84154,1020
2021-06-02,Yolo,113,214977,14059,14074,344,14418,210
2021-06-02,Yuba,115,75493,6080,6072,134,6206,48
2021-06-01,Alameda,1,1643700,88319,88472,2068,90540,1253
2021-06-01,Alpine,3,1148,88,88,0,88,0
2021-06-01,Amador,5,37829,3696,3687,35,3722,46
2021-06-01,Butte,7,227075,12520,12427,1914,14341,193
2021-06-01,Calaveras,9,45235,2179,2173,15,2188,55
2021-06-01,Colusa,11,21464,1948,1955,324,2279,15
2021-06-01,Contra Costa,13,1133247,69775,69404,1352,70756,813
2021-06-01,Del Norte,15,27424,1399,1394,8,1402,8
2021-06-01,El Dorado,17,186661,10267,10271,775,11046,110
2021-06-01,Fresno,19,978130,102041,102534,9122,111656,1706
2021-06-01,Glenn,21,27897,2421,2422,580,3002,18
2021-06-01,Humboldt,23,135768,4318,4299,89,4388,42
2021-06-01,Imperial,25,180216,28560,28722,2896,31618,736
2021-06-01,Inyo,27,18085,1405,1403,4,1407,35
2021-06-01,Kern,29,883053,96846,96477,11444,107921,1319
2021-06-01,Kings,31,150075,22978,22977,1203,24180,244
2021-06-01,Lake,33,64148,3535,3523,9,3532,45
2021-06-01,Lassen,35,31185,5209,5172,122,5294,6
2021-06-01,Los Angeles,37,10098052,1202842,1202673,43932,1246605,24367
2021-06-01,Madera,39,155013,16541,16549,961,17510,240
2021-06-01,Marin,41,260295,14070,14081,270,14351,229
2021-06-01,Mariposa,43,17540,436,431,12,443,5
2021-06-01,Mendocino,45,87422,4027,3966,76,4042,47
2021-06-01,Merced,47,269075,31085,31195,1004,32199,456
2021-06-01,Modoc,49,8938,379,375,130,505,3
2021-06-01,Mono,51,14174,1251,1275,14,1289,3
2021-06-01,Monterey,53,433212,43053,43051,1937,44988,379
2021-06-01,Napa,55,140530,9928,9949,35,9984,82
2021-06-01,Nevada,57,99092,4848,4825,199,5024,72
2021-06-01,Orange,59,3164182,254672,254603,11775,266378,5051
2021-06-01,Placer,61,380077,23290,23021,1576,24597,293
2021-06-01,Plumas,63,18699,709,690,12,702,4
2021-06-01,Riverside,65,2383286,291333,288996,14849,303845,4442
2021-06-01,Sacramento,67,1510023,106466,106330,1856,108186,1644
2021-06-01,San Benito,69,59416,6061,6073,119,6192,63
2021-06-01,San Bernardino,71,2135413,292901,292990,9221,302211,4758
2021-06-01,San Diego,73,3302833,280853,280305,0,280305,3756
2021-06-01,San Francisco,75,870044,36737,37031,1398,38429,550
2021-06-01,San Joaquin,77,732212,73150,72858,3767,76625,1383
2021-06-01,San Luis Obispo,79,281455,21229,21217,787,22004,256
2021-06-01,San Mateo,81,765935,42388,42383,488,42871,462
2021-06-01,Santa Barbara,83,443738,34448,34374,1348,35722,456
2021-06-01,Santa Clara,85,1922200,118235,119528,812,120340,2057
2021-06-01,Santa Cruz,87,273765,16160,16143,876,17019,207
2021-06-01,Shasta,89,179085,12363,12409,1649,14058,199
2021-06-01,Sierra,91,2930,55,55,14,69,0
2021-06-01,Siskiyou,93,43540,1919,1860,391,2251,21
2021-06-01,Solano,95,438530,32979,32974,563,33537,256
2021-06-01,Sonoma,97,501317,30240,30324,349,30673,322
2021-06-01,Stanislaus,99,539301,56262,56348,6197,62545,973
2021-06-01,Sutter,101,95872,9505,9528,93,9621,111
2021-06-01,Tehama,103,63373,5067,5079,629,5708,63
2021-06-01,Trinity,105,12862,358,328,63,391,3
2021-06-01,Tulare,107,460477,49625,49419,9586,59005,845
2021-06-01,Tuolumne,109,53932,4081,4094,165,4259,63
2021-06-01,Ventura,111,848112,81064,81018,3120,84138,1021
2021-06-01,Yolo,113,214977,14055,14067,343,14410,210
2021-06-01,Yuba,115,75493,6076,6067,134,6201,48
2021-05-31,Alameda,1,1643700,88281,88458,2064,90522,1253
2021-05-31,Alpine,3,1148,88,88,0,88,0
2021-05-31,Amador,5,37829,3690,3687,35,3722,46
2021-05-31,Butte,7,227075,12507,12429,1914,14343,193
2021-05-31,Calaveras,9,45235,2178,2171,15,2186,55
2021-05-31,Colusa,11,21464,1948,1956,323,2279,15
2021-05-31,Contra Costa,13,1133247,69738,69390,1350,70740,813
2021-05-31,Del Norte,15,27424,1396,1394,8,1402,8
2021-05-31,El Dorado,17,186661,10261,10271,773,11044,110
2021-05-31,Fresno,19,978130,102005,102507,9121,111628,1706
2021-05-31,Glenn,21,27897,2420,2422,579,3001,18
2021-05-31,Humboldt,23,135768,4306,4295,89,4384,42
2021-05-31,Imperial,25,180216,28554,28732,2893,31625,736
2021-05-31,Inyo,27,18085,1404,1403,4,1407,35
2021-05-31,Kern,29,883053,96810,96457,11435,107892,1319
2021-05-31,Kings,31,150075,22974,22977,1203,24180,244
2021-05-31,Lake,33,64148,3530,3523,9,3532,45
2021-05-31,Lassen,35,31185,5207,5172,121,5293,6
2021-05-31,Los Angeles,37,10098052,1202602,1202567,43924,1246491,24364
2021-05-31,Madera,39,155013,16540,16543,960,17503,240
2021-05-31,Marin,41,260295,14068,14080,269,14349,229
2021-05-31,Mariposa,43,17540,436,430,12,442,5
2021-05-31,Mendocino,45,87422,4018,3961,76,4037,47
2021-05-31,Merced,47,269075,31080,31194,1004,32198,456
2021-05-31,Modoc,49,8938,378,374,130,504,3
2021-05-31,Mono,51,14174,1251,1275,14,1289,3
2021-05-31,Monterey,53,433212,43049,43051,1937,44988,379
2021-05-31,Napa,55,140530,9921,9948,35,9983,82
2021-05-31,Nevada,57,99092,4838,4823,198,5021,72
2021-05-31,Orange,59,3164182,254645,254572,11768,266340,5051
2021-05-31,Placer,61,380077,23263,23019,1571,24590,293
2021-05-31,Plumas,63,18699,708,690,12,702,4
2021-05-31,Riverside,65,2383286,291277,288970,14837,303807,4442
2021-05-31,Sacramento,67,1510023,106369,106278,1851,108129,1644
2021-05-31,San Benito,69,59416,6061,6072,119,6191,63
2021-05-31,San Bernardino,71,2135413,292855,292973,9220,302193,4758
2021-05-31,San Diego,73,3302833,280749,280254,0,280254,3756
2021-05-31,San Francisco,75,870044,36722,37022,1397,38419,550
2021-05-31,San Joaquin,77,732212,73103,72856,3760,76616,1383
2021-05-31,San Luis Obispo,79,281455,21221,21215,787,22002,256
2021-05-31,San Mateo,81,765935,42372,42389,488,42877,442
2021-05-31,Santa Barbara,83,443738,34435,34369,1346,35715,456
2021-05-31,Santa Clara,85,1922200,118191,119515,812,120327,2057
2021-05-31,Santa Cruz,87,273765,16157,16139,876,17015,207
2021-05-31,Shasta,89,179085,12347,12408,1646,14054,199
2021-05-31,Sierra,91,2930,55,55,14,69,0
2021-05-31,Siskiyou,93,43540,1918,1856,390,2246,21
2021-05-31,Solano,95,438530,32928,32973,563,33536,256
2021-05-31,Sonoma,97,501317,30197,30314,349,30663,322
2021-05-31,Stanislaus,99,539301,56211,56335,6194,62529,973
2021-05-31,Sutter,101,95872,9486,9523,93,9616,111
2021-05-31,Tehama,103,63373,5065,5076,628,5704,63
2021-05-31,Trinity,105,12862,358,328,63,391,3
2021-05-31,Tulare,107,460477,49614,49404,9581,58985,845
2021-05-31,Tuolumne,109,53932,4079,4095,158,4253,63
2021-05-31,Ventura,111,848112,81049,81017,3117,84134,1021
2021-05-31,Yolo,113,214977,14051,14064,343,14407,210
2021-05-31,Yuba,115,75493,6070,6063,131,6194,48
2021-05-30,Alameda,1,1643700,88256,88429,2064,90493,1253
2021-05-30,Alpine,3,1148,88,88,0,88,0
2021-05-30,Amador,5,37829,3686,3685,35,3720,46
2021-05-30,Butte,7,227075,12497,12427,1912,14339,190
2021-05-30,Calaveras,9,45235,2174,2166,15,2181,55
2021-05-30,Colusa,11,21464,1948,1954,323,2277,15
2021-05-30,Contra Costa,13,1133247,69704,69381,1348,70729,813
2021-05-30,Del Norte,15,27424,1395,1393,8,1401,8
2021-05-30,El Dorado,17,186661,10258,10271,773,11044,110
2021-05-30,Fresno,19,978130,101988,102499,9117,111616,1706
2021-05-30,Glenn,21,27897,2420,2422,578,3000,18
2021-05-30,Humboldt,23,135768,4297,4291,89,4380,42
2021-05-30,Imperial,25,180216,28549,28732,2892,31624,736
2021-05-30,Inyo,27,18085,1404,1403,4,1407,35
2021-05-30,Kern,29,883053,96794,96443,11432,107875,1319
2021-05-30,Kings,31,150075,22973,22974,1202,24176,244
2021-05-30,Lake,33,64148,3530,3517,9,3526,45
2021-05-30,Lassen,35,31185,5205,5171,121,5292,6
2021-05-30,Los Angeles,37,10098052,1202500,1202425,43917,1246342,24360
2021-05-30,Madera,39,155013,16536,16538,960,17498,240
2021-05-30,Marin,41,260295,14064,14083,268,14351,229
2021-05-30,Mariposa,43,17540,436,430,12,442,5
2021-05-30,Mendocino,45,87422,4011,3955,76,4031,47
2021-05-30,Merced,47,269075,31076,31189,1003,32192,456
2021-05-30,Modoc,49,8938,378,374,130,504,3
2021-05-30,Mono,51,14174,1251,1275,14,1289,3
2021-05-30,Monterey,53,433212,43046,43049,1937,44986,379
2021-05-30,Napa,55,140530,9920,9948,35,9983,82
2021-05-30,Nevada,57,99092,4832,4818,198,5016,72
2021-05-30,Orange,59,3164182,254621,254559,11767,266326,5051
2021-05-30,Placer,61,380077,23257,23016,1571,24587,293
2021-05-30,Plumas,63,18699,706,690,12,702,4
2021-05-30,Riverside,65,2383286,291256,288961,14835,303796,4442
2021-05-30,Sacramento,67,1510023,106324,106252,1849,108101,1644
2021-05-30,San Benito,69,59416,6061,6072,119,6191,63
2021-05-30,San Bernardino,71,2135413,292830,292981,9219,302200,4758
2021-05-30,San Diego,73,3302833,280693,280209,0,280209,3756
2021-05-30,San Francisco,75,870044,36705,37016,1396,38412,550
2021-05-30,San Joaquin,77,732212,73086,72853,3759,76612,1383
2021-05-30,San Luis Obispo,79,281455,21213,21211,786,21997,256
2021-05-30,San Mateo,81,765935,42364,42386,488,42874,439
2021-05-30,Santa Barbara,83,443738,34431,34369,1344,35713,456
2021-05-30,Santa Clara,85,1922200,118169,119510,808,120318,2057
2021-05-30,Santa Cruz,87,273765,16155,16140,876,17016,207
2021-05-30,Shasta,89,179085,12345,12408,1643,14051,199
2021-05-30,Sierra,91,2930,55,55,14,69,0
2021-05-30,Siskiyou,93,43540,1918,1856,390,2246,21
2021-05-30,Solano,95,438530,32917,32952,562,33514,256
2021-05-30,Sonoma,97,501317,30181,30310,347,30657,322
2021-05-30,Stanislaus,99,539301,56192,56323,6193,62516,973
2021-05-30,Sutter,101,95872,9485,9519,92,9611,111
2021-05-30,Tehama,103,63373,5065,5073,628,5701,63
2021-05-30,Trinity,105,12862,358,328,63,391,3
2021-05-30,Tulare,107,460477,49607,49397,9573,58970,845
2021-05-30,Tuolumne,109,53932,4079,4094,158,4252,63
2021-05-30,Ventura,111,848112,81046,81012,3115,84127,1021
2021-05-30,Yolo,113,214977,14046,14059,342,14401,210
2021-05-30,Yuba,115,75493,6063,6063,130,6193,48
2021-05-29,Alameda,1,1643700,88233,88433,2062,90495,1253
2021-05-29,Alpine,3,1148,88,88,0,88,0
2021-05-29,Amador,5,37829,3685,3683,35,3718,46
2021-05-29,Butte,7,227075,12491,12425,1912,14337,190
2021-05-29,Calaveras,9,45235,2173,2166,15,2181,55
2021-05-29,Colusa,11,21464,1945,1954,323,2277,15
2021-05-29,Contra Costa,13,1133247,69671,69351,1348,70699,813
2021-05-29,Del Norte,15,27424,1395,1391,8,1399,8
2021-05-29,El Dorado,17,186661,10257,10269,771,11040,110
2021-05-29,Fresno,19,978130,101976,102470,9110,111580,1706
2021-05-29,Glenn,21,27897,2420,2422,577,2999,18
2021-05-29,Humboldt,23,135768,4291,4283,89,4372,42
2021-05-29,Imperial,25,180216,28546,28729,2891,31620,736
2021-05-29,Inyo,27,18085,1404,1404,4,1408,35
2021-05-29,Kern,29,883053,96784,96424,11415,107839,1319
2021-05-29,Kings,31,150075,22972,22970,1201,24171,244
2021-05-29,Lake,33,64148,3530,3515,9,3524,45
2021-05-29,Lassen,35,31185,5205,5171,121,5292,6
2021-05-29,Los Angeles,37,10098052,1202376,1202264,43914,1246178,24359
2021-05-29,Madera,39,155013,16534,16535,960,17495,240
2021-05-29,Marin,41,260295,14060,14071,267,14338,229
2021-05-29,Mariposa,43,17540,435,428,12,440,5
2021-05-29,Mendocino,45,87422,4005,3952,76,4028,47
2021-05-29,Merced,47,269075,31065,31187,1003,32190,456
2021-05-29,Modoc,49,8938,378,374,130,504,3
2021-05-29,Mono,51,14174,1251,1275,14,1289,3
2021-05-29,Monterey,53,433212,43044,43042,1937,44979,379
2021-05-29,Napa,55,140530,9917,9948,35,9983,82
2021-05-29,Nevada,57,99092,4831,4816,198,5014,72
2021-05-29,Orange,59,3164182,254599,254537,11757,266294,5049
2021-05-29,Placer,61,380077,23243,23009,1570,24579,293
2021-05-29,Plumas,63,18699,706,689,12,701,4
2021-05-29,Riverside,65,2383286,291236,288908,14835,303743,4442
2021-05-29,Sacramento,67,1510023,106295,106218,1846,108064,1643
2021-05-29,San Benito,69,59416,6060,6072,119,6191,63
2021-05-29,San Bernardino,71,2135413,292799,292961,9217,302178,4757
2021-05-29,San Diego,73,3302833,280634,280151,0,280151,3756
2021-05-29,San Francisco,75,870044,36696,37008,1396,38404,550
2021-05-29,San Joaquin,77,732212,73070,72827,3757,76584,1383
2021-05-29,San Luis Obispo,79,281455,21211,21201,786,21987,256
2021-05-29,San Mateo,81,765935,42356,42375,487,42862,439
2021-05-29,Santa Barbara,83,443738,34427,34367,1344,35711,456
2021-05-29,Santa Clara,85,1922200,118145,119498,807,120305,2056
2021-05-29,Santa Cruz,87,273765,16154,16137,876,17013,207
2021-05-29,Shasta,89,179085,12337,12401,1642,14043,199
2021-05-29,Sierra,91,2930,55,55,14,69,0
2021-05-29,Siskiyou,93,43540,1913,1856,390,2246,21
2021-05-29,Solano,95,438530,32908,32917,562,33479,256
2021-05-29,Sonoma,97,501317,30158,30298,346,30644,322
2021-05-29,Stanislaus,99,539301,56172,56305,6191,62496,974
2021-05-29,Sutter,101,95872,9481,9516,92,9608,111
2021-05-29,Tehama,103,63373,5064,5070,628,5698,63
2021-05-29,Trinity,105,12862,358,328,63,391,3
2021-05-29,Tulare,107,460477,49597,49392,9569,58961,845
2021-05-29,Tuolumne,109,53932,4079,4093,158,4251,63
2021-05-29,Ventura,111,848112,81038,81008,3115,84123,1021
2021-05-29,Yolo,113,214977,14045,14055,342,14397,210
2021-05-29,Yuba,115,75493,6063,6059,130,6189,48
2021-05-28,Alameda,1,1643700,88209,88391,2058,90449,1261
2021-05-28,Alpine,3,1148,88,88,0,88,0
2021-05-28,Amador,5,37829,3685,3680,35,3715,46
2021-05-28,Butte,7,227075,12488,12407,1911,14318,190
2021-05-28,Calaveras,9,45235,2172,2165,15,2180,55
2021-05-28,Colusa,11,21464,1945,1954,321,2275,15
2021-05-28,Contra Costa,13,1133247,69635,69290,1347,70637,813
2021-05-28,Del Norte,15,27424,1394,1390,8,1398,8
2021-05-28,El Dorado,17,186661,10254,10265,771,11036,110
2021-05-28,Fresno,19,978130,101962,102437,9110,111547,1705
2021-05-28,Glenn,21,27897,2420,2419,577,2996,18
2021-05-28,Humboldt,23,135768,4285,4265,89,4354,42
2021-05-28,Imperial,25,180216,28543,28722,2891,31613,736
2021-05-28,Inyo,27,18085,1404,1404,4,1408,35
2021-05-28,Kern,29,883053,96767,96396,11407,107803,1320
2021-05-28,Kings,31,150075,22970,22962,1201,24163,244
2021-05-28,Lake,33,64148,3528,3515,9,3524,45
2021-05-28,Lassen,35,31185,5205,5169,121,5290,6
2021-05-28,Los Angeles,37,10098052,1202269,1202103,43902,1246005,24357
2021-05-28,Madera,39,155013,16532,16530,960,17490,240
2021-05-28,Marin,41,260295,14059,14063,266,14329,229
2021-05-28,Mariposa,43,17540,435,428,12,440,5
2021-05-28,Mendocino,45,87422,4000,3947,76,4023,47
2021-05-28,Merced,47,269075,31062,31176,1003,32179,455
2021-05-28,Modoc,49,8938,378,374,130,504,3
2021-05-28,Mono,51,14174,1251,1274,14,1288,3
2021-05-28,Monterey,53,433212,43043,43036,1937,44973,379
2021-05-28,Napa,55,140530,9917,9941,35,9976,82
2021-05-28,Nevada,57,99092,4829,4813,198,5011,71
2021-05-28,Orange,59,3164182,254581,254494,11755,266249,5047
2021-05-28,Placer,61,380077,23233,22987,1568,24555,293
2021-05-28,Plumas,63,18699,704,688,12,700,4
2021-05-28,Riverside,65,2383286,291214,288872,14833,303705,4442
2021-05-28,Sacramento,67,1510023,106237,106131,1845,107976,1642
2021-05-28,San Benito,69,59416,6060,6074,119,6193,63
2021-05-28,San Bernardino,71,2135413,292775,292905,9217,302122,4757
2021-05-28,San Diego,73,3302833,280571,280043,0,280043,3756
2021-05-28,San Francisco,75,870044,36690,36987,1396,38383,546
2021-05-28,San Joaquin,77,732212,73040,72793,3755,76548,1383
2021-05-28,San Luis Obispo,79,281455,21207,21190,784,21974,256
2021-05-28,San Mateo,81,765935,42349,42364,487,42851,439
2021-05-28,Santa Barbara,83,443738,34426,34371,1343,35714,455
2021-05-28,Santa Clara,85,1922200,118121,119462,807,120269,2056
2021-05-28,Santa Cruz,87,273765,16153,16129,876,17005,207
2021-05-28,Shasta,89,179085,12328,12383,1640,14023,198
2021-05-28,Sierra,91,2930,55,54,14,68,0
2021-05-28,Siskiyou,93,43540,1911,1850,390,2240,19
2021-05-28,Solano,95,438530,32893,32892,562,33454,256
2021-05-28,Sonoma,97,501317,30139,30270,346,30616,321
2021-05-28,Stanislaus,99,539301,56149,56278,6188,62466,974
2021-05-28,Sutter,101,95872,9477,9511,92,9603,111
2021-05-28,Tehama,103,63373,5058,5064,628,5692,63
2021-05-28,Trinity,105,12862,358,328,63,391,3
2021-05-28,Tulare,107,460477,49591,49375,9559,58934,846
2021-05-28,Tuolumne,109,53932,4079,4090,158,4248,63
2021-05-28,Ventura,111,848112,81027,80985,3114,84099,1021
2021-05-28,Yolo,113,214977,14041,14050,341,14391,210
2021-05-28,Yuba,115,75493,6061,6050,129,6179,48
2021-05-27,Alameda,1,1643700,88173,88342,2056,90398,1274
2021-05-27,Alpine,3,1148,88,88,0,88,0
2021-05-27,Amador,5,37829,3683,3680,35,3715,46
2021-05-27,Butte,7,227075,12483,12401,1910,14311,190
2021-05-27,Calaveras,9,45235,2171,2163,15,2178,55
2021-05-27,Colusa,11,21464,1942,1952,321,2273,15
2021-05-27,Contra Costa,13,1133247,69594,69245,1345,70590,813
2021-05-27,Del Norte,15,27424,1394,1388,8,1396,8
2021-05-27,El Dorado,17,186661,10253,10248,771,11019,112
2021-05-27,Fresno,19,978130,101946,102413,9107,111520,1704
2021-05-27,Glenn,21,27897,2420,2415,577,2992,18
2021-05-27,Humboldt,23,135768,4277,4260,89,4349,42
2021-05-27,Imperial,25,180216,28532,28728,2891,31619,736
2021-05-27,Inyo,27,18085,1404,1404,4,1408,35
2021-05-27,Kern,29,883053,96751,96364,11399,107763,1322
2021-05-27,Kings,31,150075,22967,22953,1201,24154,245
2021-05-27,Lake,33,64148,3523,3509,9,3518,45
2021-05-27,Lassen,35,31185,5204,5170,120,5290,6
2021-05-27,Los Angeles,37,10098052,1202110,1201927,43885,1245812,24348
2021-05-27,Madera,39,155013,16523,16527,960,17487,240
2021-05-27,Marin,41,260295,14055,14061,266,14327,229
2021-05-27,Mariposa,43,17540,433,427,12,439,5
2021-05-27,Mendocino,45,87422,3994,3945,76,4021,47
2021-05-27,Merced,47,269075,31050,31161,1003,32164,455
2021-05-27,Modoc,49,8938,377,374,130,504,3
2021-05-27,Mono,51,14174,1251,1276,14,1290,3
2021-05-27,Monterey,53,433212,43037,43032,1937,44969,379
2021-05-27,Napa,55,140530,9916,9934,35,9969,82
2021-05-27,Nevada,57,99092,4825,4807,196,5003,71
2021-05-27,Orange,59,3164182,254545,254438,11750,266188,5059
2021-05-27,Placer,61,380077,23224,22966,1568,24534,293
2021-05-27,Plumas,63,18699,704,687,12,699,4
2021-05-27,Riverside,65,2383286,291179,288835,14828,303663,4443
2021-05-27,Sacramento,67,1510023,106163,106015,1843,107858,1642
2021-05-27,San Benito,69,59416,6059,6074,119,6193,63
2021-05-27,San Bernardino,71,2135413,292736,292755,9214,301969,4756
2021-05-27,San Diego,73,3302833,280497,279960,0,279960,3756
2021-05-27,San Francisco,75,870044,36685,36980,1392,38372,546
2021-05-27,San Joaquin,77,732212,73008,72714,3751,76465,1388
2021-05-27,San Luis Obispo,79,281455,21204,21171,784,21955,256
2021-05-27,San Mateo,81,765935,42340,42345,487,42832,436
2021-05-27,Santa Barbara,83,443738,34422,34355,1343,35698,456
2021-05-27,Santa Clara,85,1922200,118102,119452,807,120259,2053
2021-05-27,Santa Cruz,87,273765,16150,16134,876,17010,207
2021-05-27,Shasta,89,179085,12317,12380,1640,14020,202
2021-05-27,Sierra,91,2930,55,54,14,68,0
2021-05-27,Siskiyou,93,43540,1908,1846,390,2236,18
2021-05-27,Solano,95,438530,32852,32855,561,33416,257
2021-05-27,Sonoma,97,501317,30112,30253,342,30595,321
2021-05-27,Stanislaus,99,539301,56121,56207,6187,62394,974
2021-05-27,Sutter,101,95872,9473,9501,92,9593,111
2021-05-27,Tehama,103,63373,5055,5064,627,5691,63
2021-05-27,Trinity,105,12862,358,328,63,391,3
2021-05-27,Tulare,107,460477,49577,49366,9550,58916,840
2021-05-27,Tuolumne,109,53932,4078,4090,158,4248,66
2021-05-27,Ventura,111,848112,81014,80965,3111,84076,1023
2021-05-27,Yolo,113,214977,14038,14036,340,14376,213
2021-05-27,Yuba,115,75493,6056,6040,128,6168,48
2021-05-26,Alameda,1,1643700,88144,88297,2056,90353,1266
2021-05-26,Alpine,3,1148,88,88,0,88,0
2021-05-26,Amador,5,37829,3683,3679,35,3714,46
2021-05-26,Butte,7,227075,12474,12332,1909,14241,190
2021-05-26,Calaveras,9,45235,2169,2154,15,2169,55
2021-05-26,Colusa,11,21464,1941,1952,321,2273,15
2021-05-26,Contra Costa,13,1133247,69557,69210,1345,70555,812
2021-05-26,Del Norte,15,27424,1394,1386,7,1393,8
2021-05-26,El Dorado,17,186661,10249,10242,770,11012,112
2021-05-26,Fresno,19,978130,101914,102374,9101,111475,1702
2021-05-26,Glenn,21,27897,2419,2415,577,2992,18
2021-05-26,Humboldt,23,135768,4272,4246,85,4331,42
2021-05-26,Imperial,25,180216,28527,28712,2889,31601,734
2021-05-26,Inyo,27,18085,1404,1403,4,1407,36
2021-05-26,Kern,29,883053,96727,96343,11391,107734,1320
2021-05-26,Kings,31,150075,22963,22950,1200,24150,245
2021-05-26,Lake,33,64148,3522,3508,9,3517,45
2021-05-26,Lassen,35,31185,5203,5164,120,5284,6
2021-05-26,Los Angeles,37,10098052,1201946,1198100,43867,1241967,24221
2021-05-26,Madera,39,155013,16521,16520,960,17480,240
2021-05-26,Marin,41,260295,14052,14061,265,14326,227
2021-05-26,Mariposa,43,17540,433,427,12,439,5
2021-05-26,Mendocino,45,87422,3988,3938,76,4014,47
2021-05-26,Merced,47,269075,31041,31139,1003,32142,455
2021-05-26,Modoc,49,8938,377,371,129,500,3
2021-05-26,Mono,51,14174,1251,1274,14,1288,3
2021-05-26,Monterey,53,433212,43031,43018,1936,44954,379
2021-05-26,Napa,55,140530,9909,9932,33,9965,82
2021-05-26,Nevada,57,99092,4820,4803,196,4999,70
2021-05-26,Orange,59,3164182,254510,254368,11746,266114,5058
2021-05-26,Placer,61,380077,23200,22940,1568,24508,293
2021-05-26,Plumas,63,18699,703,685,12,697,4
2021-05-26,Riverside,65,2383286,291133,288782,14821,303603,4443
2021-05-26,Sacramento,67,1510023,106077,105919,1839,107758,1637
2021-05-26,San Benito,69,59416,6059,6074,119,6193,63
2021-05-26,San Bernardino,71,2135413,292699,292662,9213,301875,4755
2021-05-26,San Diego,73,3302833,280423,279859,0,279859,3755
2021-05-26,San Francisco,75,870044,36673,36954,1392,38346,546
2021-05-26,San Joaquin,77,732212,72967,72681,3748,76429,1388
2021-05-26,San Luis Obispo,79,281455,21199,21163,784,21947,256
2021-05-26,San Mateo,81,765935,42331,42331,486,42817,436
2021-05-26,Santa Barbara,83,443738,34413,34348,1343,35691,459
2021-05-26,Santa Clara,85,1922200,118075,119421,806,120227,2031
2021-05-26,Santa Cruz,87,273765,16149,16139,876,17015,207
2021-05-26,Shasta,89,179085,12303,12357,1637,13994,202
2021-05-26,Sierra,91,2930,55,54,14,68,0
2021-05-26,Siskiyou,93,43540,1906,1847,388,2235,18
2021-05-26,Solano,95,438530,32816,32831,561,33392,257
2021-05-26,Sonoma,97,501317,30086,30230,342,30572,321
2021-05-26,Stanislaus,99,539301,56099,56193,6184,62377,974
2021-05-26,Sutter,101,95872,9468,9495,92,9587,112
2021-05-26,Tehama,103,63373,5054,5054,624,5678,63
2021-05-26,Trinity,105,12862,358,328,63,391,3
2021-05-26,Tulare,107,460477,49570,49352,9546,58898,839
2021-05-26,Tuolumne,109,53932,4074,4088,158,4246,66
2021-05-26,Ventura,111,848112,80991,80944,3109,84053,1023
2021-05-26,Yolo,113,214977,14035,14025,340,14365,213
2021-05-26,Yuba,115,75493,6051,6036,128,6164,49
2021-05-25,Alameda,1,1643700,88115,88237,2056,90293,1263
2021-05-25,Alpine,3,1148,88,88,0,88,0
2021-05-25,Amador,5,37829,3678,3676,35,3711,46
2021-05-25,Butte,7,227075,12463,12295,1908,14203,189
2021-05-25,Calaveras,9,45235,2167,2148,15,2163,55
2021-05-25,Colusa,11,21464,1940,1949,321,2270,15
2021-05-25,Contra Costa,13,1133247,69505,69167,1340,70507,809
2021-05-25,Del Norte,15,27424,1394,1385,7,1392,8
2021-05-25,El Dorado,17,186661,10242,10240,769,11009,112
2021-05-25,Fresno,19,978130,101892,102329,9101,111430,1701
2021-05-25,Glenn,21,27897,2418,2414,576,2990,17
2021-05-25,Humboldt,23,135768,4265,4231,83,4314,42
2021-05-25,Imperial,25,180216,28520,28586,2889,31475,735
2021-05-25,Inyo,27,18085,1404,1402,4,1406,36
2021-05-25,Kern,29,883053,96697,96319,11376,107695,1319
2021-05-25,Kings,31,150075,22957,22944,1199,24143,245
2021-05-25,Lake,33,64148,3521,3508,9,3517,44
2021-05-25,Lassen,35,31185,5199,5164,120,5284,6
2021-05-25,Los Angeles,37,10098052,1201771,1197940,43848,1241788,24212
2021-05-25,Madera,39,155013,16516,16519,959,17478,240
2021-05-25,Marin,41,260295,14046,14053,265,14318,227
2021-05-25,Mariposa,43,17540,432,427,12,439,5
2021-05-25,Mendocino,45,87422,3983,3928,76,4004,47
2021-05-25,Merced,47,269075,31020,31132,1003,32135,455
2021-05-25,Modoc,49,8938,376,367,129,496,3
2021-05-25,Mono,51,14174,1251,1274,14,1288,3
2021-05-25,Monterey,53,433212,43027,43012,1935,44947,379
2021-05-25,Napa,55,140530,9907,9926,33,9959,82
2021-05-25,Nevada,57,99092,4814,4795,196,4991,70
2021-05-25,Orange,59,3164182,254481,254321,11745,266066,5057
2021-05-25,Placer,61,380077,23189,22920,1566,24486,292
2021-05-25,Plumas,63,18699,703,684,12,696,4
2021-05-25,Riverside,65,2383286,291094,288725,14818,303543,4443
2021-05-25,Sacramento,67,1510023,105997,105828,1835,107663,1633
2021-05-25,San Benito,69,59416,6059,6073,119,6192,63
2021-05-25,San Bernardino,71,2135413,292647,292485,9212,301697,4755
2021-05-25,San Diego,73,3302833,280344,279786,0,279786,3753
2021-05-25,San Francisco,75,870044,36650,36939,1392,38331,546
2021-05-25,San Joaquin,77,732212,72927,72628,3744,76372,1387
2021-05-25,San Luis Obispo,79,281455,21196,21153,784,21937,256
2021-05-25,San Mateo,81,765935,42321,42268,486,42754,435
2021-05-25,Santa Barbara,83,443738,34410,34337,1342,35679,459
2021-05-25,Santa Clara,85,1922200,118050,119393,805,120198,2032
2021-05-25,Santa Cruz,87,273765,16144,16141,876,17017,207
2021-05-25,Shasta,89,179085,12293,12328,1635,13963,202
2021-05-25,Sierra,91,2930,54,54,14,68,0
2021-05-25,Siskiyou,93,43540,1905,1845,387,2232,18
2021-05-25,Solano,95,438530,32798,32817,560,33377,256
2021-05-25,Sonoma,97,501317,30057,30207,341,30548,321
2021-05-25,Stanislaus,99,539301,56062,56168,6182,62350,974
2021-05-25,Sutter,101,95872,9464,9495,92,9587,112
2021-05-25,Tehama,103,63373,5052,5048,623,5671,63
2021-05-25,Trinity,105,12862,358,328,62,390,3
2021-05-25,Tulare,107,460477,49560,49326,9538,58864,838
2021-05-25,Tuolumne,109,53932,4074,4084,158,4242,66
2021-05-25,Ventura,111,848112,80973,80905,3109,84014,1022
2021-05-25,Yolo,113,214977,14028,14018,338,14356,213
2021-05-25,Yuba,115,75493,6044,6028,128,6156,49
2021-05-24,Alameda,1,1643700,88052,88182,2055,90237,1263
2021-05-24,Alpine,3,1148,88,88,0,88,0
2021-05-24,Amador,5,37829,3676,3675,35,3710,46
2021-05-24,Butte,7,227075,12450,12279,1905,14184,189
2021-05-24,Calaveras,9,45235,2166,2146,15,2161,54
2021-05-24,Colusa,11,21464,1940,1949,321,2270,15
2021-05-24,Contra Costa,13,1133247,69466,69107,1336,70443,809
2021-05-24,Del Norte,15,27424,1393,1384,7,1391,8
2021-05-24,El Dorado,17,186661,10232,10227,768,10995,112
2021-05-24,Fresno,19,978130,101852,102289,9099,111388,1698
2021-05-24,Glenn,21,27897,2418,2413,576,2989,17
2021-05-24,Humboldt,23,135768,4258,4225,83,4308,42
2021-05-24,Imperial,25,180216,28518,28575,2889,31464,735
2021-05-24,Inyo,27,18085,1404,1402,4,1406,36
2021-05-24,Kern,29,883053,96670,96296,11371,107667,1319
2021-05-24,Kings,31,150075,22953,22940,1199,24139,246
2021-05-24,Lake,33,64148,3519,3506,9,3515,43
2021-05-24,Lassen,35,31185,5195,5163,120,5283,6
2021-05-24,Los Angeles,37,10098052,1201599,1197782,43833,1241615,24201
2021-05-24,Madera,39,155013,16513,16513,958,17471,239
2021-05-24,Marin,41,260295,14044,14051,265,14316,227
2021-05-24,Mariposa,43,17540,431,427,12,439,5
2021-05-24,Mendocino,45,87422,3981,3919,76,3995,47
2021-05-24,Merced,47,269075,31010,31128,1002,32130,455
2021-05-24,Modoc,49,8938,376,366,128,494,3
2021-05-24,Mono,51,14174,1251,1270,14,1284,3
2021-05-24,Monterey,53,433212,43022,43005,1934,44939,379
2021-05-24,Napa,55,140530,9907,9924,33,9957,82
2021-05-24,Nevada,57,99092,4811,4790,196,4986,70
2021-05-24,Orange,59,3164182,254447,254287,11735,266022,5056
2021-05-24,Placer,61,380077,23169,22895,1565,24460,292
2021-05-24,Plumas,63,18699,702,683,12,695,4
2021-05-24,Riverside,65,2383286,291041,288669,14807,303476,4442
2021-05-24,Sacramento,67,1510023,105882,105716,1834,107550,1632
2021-05-24,San Benito,69,59416,6059,6072,119,6191,63
2021-05-24,San Bernardino,71,2135413,292609,292343,9210,301553,4747
2021-05-24,San Diego,73,3302833,280235,279715,0,279715,3749
2021-05-24,San Francisco,75,870044,36631,36934,1391,38325,547
2021-05-24,San Joaquin,77,732212,72895,72586,3743,76329,1371
2021-05-24,San Luis Obispo,79,281455,21178,21146,783,21929,256
2021-05-24,San Mateo,81,765935,42312,42249,486,42735,433
2021-05-24,Santa Barbara,83,443738,34405,34322,1342,35664,459
2021-05-24,Santa Clara,85,1922200,118018,119358,804,120162,2030
2021-05-24,Santa Cruz,87,273765,16139,16135,876,17011,207
2021-05-24,Shasta,89,179085,12277,12315,1632,13947,201
2021-05-24,Sierra,91,2930,54,54,14,68,0
2021-05-24,Siskiyou,93,43540,1901,1840,387,2227,17
2021-05-24,Solano,95,438530,32774,32792,559,33351,254
2021-05-24,Sonoma,97,501317,30042,30187,341,30528,321
2021-05-24,Stanislaus,99,539301,56028,56128,6178,62306,974
2021-05-24,Sutter,101,95872,9458,9486,92,9578,113
2021-05-24,Tehama,103,63373,5049,5043,621,5664,63
2021-05-24,Trinity,105,12862,358,328,62,390,3
2021-05-24,Tulare,107,460477,49553,49318,9534,58852,838
2021-05-24,Tuolumne,109,53932,4074,4083,150,4233,65
2021-05-24,Ventura,111,848112,80960,80876,3107,83983,1022
2021-05-24,Yolo,113,214977,14011,14012,335,14347,213
2021-05-24,Yuba,115,75493,6035,6022,128,6150,49
2021-05-23,Alameda,1,1643700,87979,88157,2052,90209,1263
2021-05-23,Alpine,3,1148,88,88,0,88,0
2021-05-23,Amador,5,37829,3675,3673,35,3708,46
2021-05-23,Butte,7,227075,12436,12271,1904,14175,189
2021-05-23,Calaveras,9,45235,2156,2144,15,2159,54
2021-05-23,Colusa,11,21464,1940,1949,319,2268,15
2021-05-23,Contra Costa,13,1133247,69420,69075,1334,70409,809
2021-05-23,Del Norte,15,27424,1389,1383,7,1390,8
2021-05-23,El Dorado,17,186661,10226,10222,768,10990,112
2021-05-23,Fresno,19,978130,101808,102270,9093,111363,1698
2021-05-23,Glenn,21,27897,2416,2413,576,2989,17
2021-05-23,Humboldt,23,135768,4240,4216,83,4299,42
2021-05-23,Imperial,25,180216,28512,28569,2888,31457,735
2021-05-23,Inyo,27,18085,1404,1402,4,1406,36
2021-05-23,Kern,29,883053,96648,96282,11362,107644,1319
2021-05-23,Kings,31,150075,22940,22939,1197,24136,246
2021-05-23,Lake,33,64148,3516,3504,9,3513,43
2021-05-23,Lassen,35,31185,5191,5163,119,5282,6
2021-05-23,Los Angeles,37,10098052,1201418,1197633,43819,1241452,24197
2021-05-23,Madera,39,155013,16508,16504,957,17461,239
2021-05-23,Marin,41,260295,14035,14048,265,14313,227
2021-05-23,Mariposa,43,17540,431,427,12,439,5
2021-05-23,Mendocino,45,87422,3975,3913,75,3988,47
2021-05-23,Merced,47,269075,31000,31118,1002,32120,455
2021-05-23,Modoc,49,8938,372,366,128,494,3
2021-05-23,Mono,51,14174,1250,1270,14,1284,3
2021-05-23,Monterey,53,433212,43012,43003,1934,44937,379
2021-05-23,Napa,55,140530,9903,9923,33,9956,82
2021-05-23,Nevada,57,99092,4801,4790,196,4986,70
2021-05-23,Orange,59,3164182,254409,254277,11728,266005,5050
2021-05-23,Placer,61,380077,23150,22888,1565,24453,292
2021-05-23,Plumas,63,18699,701,683,12,695,4
2021-05-23,Riverside,65,2383286,290974,288641,14803,303444,4442
2021-05-23,Sacramento,67,1510023,105765,105663,1832,107495,1632
2021-05-23,San Benito,69,59416,6058,6072,119,6191,63
2021-05-23,San Bernardino,71,2135413,292554,292327,9208,301535,4747
2021-05-23,San Diego,73,3302833,280145,279690,0,279690,3751
2021-05-23,San Francisco,75,870044,36620,36927,1390,38317,547
2021-05-23,San Joaquin,77,732212,72846,72571,3741,76312,1371
2021-05-23,San Luis Obispo,79,281455,21168,21141,782,21923,256
2021-05-23,San Mateo,81,765935,42295,42248,486,42734,433
2021-05-23,Santa Barbara,83,443738,34398,34319,1342,35661,459
2021-05-23,Santa Clara,85,1922200,117994,119333,804,120137,2030
2021-05-23,Santa Cruz,87,273765,16136,16130,876,17006,207
2021-05-23,Shasta,89,179085,12260,12313,1629,13942,201
2021-05-23,Sierra,91,2930,54,54,14,68,0
2021-05-23,Siskiyou,93,43540,1897,1826,380,2206,17
2021-05-23,Solano,95,438530,32756,32780,558,33338,254
2021-05-23,Sonoma,97,501317,30012,30168,340,30508,321
2021-05-23,Stanislaus,99,539301,55977,56104,6175,62279,974
2021-05-23,Sutter,101,95872,9449,9479,92,9571,113
2021-05-23,Tehama,103,63373,5042,5041,619,5660,63
2021-05-23,Trinity,105,12862,358,328,62,390,3
2021-05-23,Tulare,107,460477,49538,49310,9530,58840,838
2021-05-23,Tuolumne,109,53932,4071,4081,150,4231,65
2021-05-23,Ventura,111,848112,80930,80872,3106,83978,1022
2021-05-23,Yolo,113,214977,13999,14004,332,14336,213
2021-05-23,Yuba,115,75493,6030,6017,128,6145,49
2021-05-22,Alameda,1,1643700,87954,88101,2051,90152,1263
2021-05-22,Alpine,3,1148,88,88,0,88,0
2021-05-22,Amador,5,37829,3674,3672,35,3707,46
2021-05-22,Butte,7,227075,12424,12265,1903,14168,189
2021-05-22,Calaveras,9,45235,2154,2141,15,2156,54
2021-05-22,Colusa,11,21464,1936,1949,318,2267,15
2021-05-22,Contra Costa,13,1133247,69387,69004,1333,70337,809
2021-05-22,Del Norte,15,27424,1388,1381,7,1388,8
2021-05-22,El Dorado,17,186661,10221,10215,768,10983,112
2021-05-22,Fresno,19,978130,101794,102238,9086,111324,1698
2021-05-22,Glenn,21,27897,2416,2412,576,2988,17
2021-05-22,Humboldt,23,135768,4231,4194,82,4276,42
2021-05-22,Imperial,25,180216,28503,28574,2888,31462,735
2021-05-22,Inyo,27,18085,1404,1402,4,1406,36
2021-05-22,Kern,29,883053,96636,96260,11355,107615,1319
2021-05-22,Kings,31,150075,22940,22936,1197,24133,246
2021-05-22,Lake,33,64148,3513,3502,9,3511,43
2021-05-22,Lassen,35,31185,5191,5163,119,5282,6
2021-05-22,Los Angeles,37,10098052,1201312,1197454,43810,1241264,24192
2021-05-22,Madera,39,155013,16505,16503,957,17460,239
2021-05-22,Marin,41,260295,14032,14043,265,14308,227
2021-05-22,Mariposa,43,17540,431,427,12,439,5
2021-05-22,Mendocino,45,87422,3969,3908,75,3983,47
2021-05-22,Merced,47,269075,30990,31099,1002,32101,455
2021-05-22,Modoc,49,8938,372,366,128,494,3
2021-05-22,Mono,51,14174,1248,1270,14,1284,3
2021-05-22,Monterey,53,433212,43006,42998,1934,44932,379
2021-05-22,Napa,55,140530,9901,9918,33,9951,82
2021-05-22,Nevada,57,99092,4794,4787,195,4982,70
2021-05-22,Orange,59,3164182,254388,254238,11722,265960,5048
2021-05-22,Placer,61,380077,23136,22865,1564,24429,292
2021-05-22,Plumas,63,18699,700,683,12,695,4
2021-05-22,Riverside,65,2383286,290944,288580,14802,303382,4442
2021-05-22,Sacramento,67,1510023,105692,105551,1829,107380,1632
2021-05-22,San Benito,69,59416,6058,6071,119,6190,63
2021-05-22,San Bernardino,71,2135413,292531,292292,9208,301500,4747
2021-05-22,San Diego,73,3302833,280086,279614,0,279614,3751
2021-05-22,San Francisco,75,870044,36610,36906,1388,38294,547
2021-05-22,San Joaquin,77,732212,72824,72528,3738,76266,1371
2021-05-22,San Luis Obispo,79,281455,21160,21134,781,21915,256
2021-05-22,San Mateo,81,765935,42285,42218,486,42704,433
2021-05-22,Santa Barbara,83,443738,34394,34313,1341,35654,459
2021-05-22,Santa Clara,85,1922200,117971,119292,804,120096,2030
2021-05-22,Santa Cruz,87,273765,16136,16125,876,17001,207
2021-05-22,Shasta,89,179085,12254,12307,1626,13933,201
2021-05-22,Sierra,91,2930,54,54,14,68,0
2021-05-22,Siskiyou,93,43540,1896,1824,379,2203,17
2021-05-22,Solano,95,438530,32743,32753,558,33311,254
2021-05-22,Sonoma,97,501317,29998,30154,340,30494,321
2021-05-22,Stanislaus,99,539301,55952,56069,6173,62242,974
2021-05-22,Sutter,101,95872,9444,9476,92,9568,113
2021-05-22,Tehama,103,63373,5041,5036,619,5655,63
2021-05-22,Trinity,105,12862,358,328,62,390,3
2021-05-22,Tulare,107,460477,49532,49299,9525,58824,838
2021-05-22,Tuolumne,109,53932,4071,4078,150,4228,65
2021-05-22,Ventura,111,848112,80926,80859,3106,83965,1022
2021-05-22,Yolo,113,214977,13997,13997,332,14329,213
2021-05-22,Yuba,115,75493,6027,6010,128,6138,49
2021-05-21,Alameda,1,1643700,87927,88041,2050,90091,1263
2021-05-21,Alpine,3,1148,88,88,0,88,0
2021-05-21,Amador,5,37829,3671,3672,35,3707,46
2021-05-21,Butte,7,227075,12418,12236,1901,14137,188
2021-05-21,Calaveras,9,45235,2152,2138,15,2153,54
2021-05-21,Colusa,11,21464,1936,1947,318,2265,15
2021-05-21,Contra Costa,13,1133247,69344,68965,1332,70297,810
2021-05-21,Del Norte,15,27424,1387,1376,7,1383,8
2021-05-21,El Dorado,17,186661,10217,10204,768,10972,112
2021-05-21,Fresno,19,978130,101766,102189,9084,111273,1698
2021-05-21,Glenn,21,27897,2416,2408,576,2984,17
2021-05-21,Humboldt,23,135768,4224,4175,82,4257,42
2021-05-21,Imperial,25,180216,28496,28572,2887,31459,732
2021-05-21,Inyo,27,18085,1404,1402,4,1406,36
2021-05-21,Kern,29,883053,96622,96233,11348,107581,1318
2021-05-21,Kings,31,150075,22940,22927,1197,24124,246
2021-05-21,Lake,33,64148,3511,3500,9,3509,43
2021-05-21,Lassen,35,31185,5190,5161,119,5280,6
2021-05-21,Los Angeles,37,10098052,1201203,1197263,43801,1241064,24180
2021-05-21,Madera,39,155013,16504,16500,956,17456,238
2021-05-21,Marin,41,260295,14027,14042,265,14307,227
2021-05-21,Mariposa,43,17540,430,427,12,439,5
2021-05-21,Mendocino,45,87422,3963,3897,75,3972,47
2021-05-21,Merced,47,269075,30982,31076,1002,32078,455
2021-05-21,Modoc,49,8938,372,365,128,493,3
2021-05-21,Mono,51,14174,1248,1269,14,1283,3
2021-05-21,Monterey,53,433212,43004,42995,1934,44929,379
2021-05-21,Napa,55,140530,9897,9913,33,9946,82
2021-05-21,Nevada,57,99092,4793,4779,195,4974,70
2021-05-21,Orange,59,3164182,254369,254171,11720,265891,5042
2021-05-21,Placer,61,380077,23128,22853,1564,24417,292
2021-05-21,Plumas,63,18699,700,683,11,694,4
2021-05-21,Riverside,65,2383286,290917,288499,14795,303294,4442
2021-05-21,Sacramento,67,1510023,105625,105476,1826,107302,1632
2021-05-21,San Benito,69,59416,6058,6068,119,6187,63
2021-05-21,San Bernardino,71,2135413,292502,292205,9205,301410,4744
2021-05-21,San Diego,73,3302833,280015,279554,0,279554,3748
2021-05-21,San Francisco,75,870044,36604,36879,1388,38267,546
2021-05-21,San Joaquin,77,732212,72805,72467,3736,76203,1371
2021-05-21,San Luis Obispo,79,281455,21154,21128,778,21906,256
2021-05-21,San Mateo,81,765935,42272,42163,485,42648,432
2021-05-21,Santa Barbara,83,443738,34389,34302,1341,35643,459
2021-05-21,Santa Clara,85,1922200,117944,119247,804,120051,2029
2021-05-21,Santa Cruz,87,273765,16132,16120,876,16996,207
2021-05-21,Shasta,89,179085,12237,12289,1624,13913,201
2021-05-21,Sierra,91,2930,54,54,14,68,0
2021-05-21,Siskiyou,93,43540,1895,1815,379,2194,16
2021-05-21,Solano,95,438530,32728,32742,558,33300,254
2021-05-21,Sonoma,97,501317,29984,30126,340,30466,321
2021-05-21,Stanislaus,99,539301,55920,56036,6171,62207,975
2021-05-21,Sutter,101,95872,9442,9470,92,9562,113
2021-05-21,Tehama,103,63373,5035,5030,619,5649,63
2021-05-21,Trinity,105,12862,358,329,61,390,3
2021-05-21,Tulare,107,460477,49527,49271,9523,58794,838
2021-05-21,Tuolumne,109,53932,4069,4079,150,4229,65
2021-05-21,Ventura,111,848112,80918,80821,3103,83924,1021
2021-05-21,Yolo,113,214977,13990,13983,332,14315,213
2021-05-21,Yuba,115,75493,6021,6006,128,6134,49
2021-05-20,Alameda,1,1643700,87880,87975,2049,90024,1264
2021-05-20,Alpine,3,1148,88,88,0,88,0
2021-05-20,Amador,5,37829,3670,3671,35,3706,46
2021-05-20,Butte,7,227075,12411,12220,1898,14118,188
2021-05-20,Calaveras,9,45235,2148,2138,15,2153,54
2021-05-20,Colusa,11,21464,1935,1946,316,2262,15
2021-05-20,Contra Costa,13,1133247,69299,68913,1330,70243,809
2021-05-20,Del Norte,15,27424,1387,1373,7,1380,8
2021-05-20,El Dorado,17,186661,10208,10188,768,10956,112
2021-05-20,Fresno,19,978130,101746,102135,9081,111216,1696
2021-05-20,Glenn,21,27897,2413,2406,576,2982,17
2021-05-20,Humboldt,23,135768,4207,4162,82,4244,42
2021-05-20,Imperial,25,180216,28491,28551,2887,31438,732
2021-05-20,Inyo,27,18085,1404,1402,4,1406,36
2021-05-20,Kern,29,883053,96601,96204,11341,107545,1317
2021-05-20,Kings,31,150075,22938,22922,1197,24119,246
2021-05-20,Lake,33,64148,3508,3500,9,3509,43
2021-05-20,Lassen,35,31185,5188,5160,118,5278,6
2021-05-20,Los Angeles,37,10098052,1201048,1197073,43790,1240863,24168
2021-05-20,Madera,39,155013,16498,16499,954,17453,238
2021-05-20,Marin,41,260295,14023,14036,264,14300,227
2021-05-20,Mariposa,43,17540,430,426,12,438,5
2021-05-20,Mendocino,45,87422,3956,3897,75,3972,47
2021-05-20,Merced,47,269075,30969,31046,1001,32047,454
2021-05-20,Modoc,49,8938,372,365,128,493,3
2021-05-20,Mono,51,14174,1247,1269,14,1283,3
2021-05-20,Monterey,53,433212,42998,42984,1933,44917,379
2021-05-20,Napa,55,140530,9894,9913,33,9946,82
2021-05-20,Nevada,57,99092,4792,4775,195,4970,70
2021-05-20,Orange,59,3164182,254328,254127,11717,265844,5038
2021-05-20,Placer,61,380077,23116,22823,1562,24385,292
2021-05-20,Plumas,63,18699,698,682,11,693,4
2021-05-20,Riverside,65,2383286,290872,288453,14790,303243,4442
2021-05-20,Sacramento,67,1510023,105530,105414,1822,107236,1629
2021-05-20,San Benito,69,59416,6057,6067,119,6186,63
2021-05-20,San Bernardino,71,2135413,292456,292153,9204,301357,4728
2021-05-20,San Diego,73,3302833,279927,279490,0,279490,3749
2021-05-20,San Francisco,75,870044,36595,36860,1388,38248,546
2021-05-20,San Joaquin,77,732212,72767,72388,3735,76123,1371
2021-05-20,San Luis Obispo,79,281455,21142,21095,776,21871,256
2021-05-20,San Mateo,81,765935,42258,42152,483,42635,432
2021-05-20,Santa Barbara,83,443738,34385,34293,1341,35634,459
2021-05-20,Santa Clara,85,1922200,117923,119222,804,120026,2029
2021-05-20,Santa Cruz,87,273765,16127,16119,876,16995,207
2021-05-20,Shasta,89,179085,12225,12266,1620,13886,200
2021-05-20,Sierra,91,2930,54,54,14,68,0
2021-05-20,Siskiyou,93,43540,1888,1811,378,2189,16
2021-05-20,Solano,95,438530,32713,32725,558,33283,253
2021-05-20,Sonoma,97,501317,29967,30107,339,30446,321
2021-05-20,Stanislaus,99,539301,55888,55979,6169,62148,970
2021-05-20,Sutter,101,95872,9438,9467,92,9559,113
2021-05-20,Tehama,103,63373,5033,5029,618,5647,63
2021-05-20,Trinity,105,12862,358,329,60,389,3
2021-05-20,Tulare,107,460477,49516,49217,9520,58737,837
2021-05-20,Tuolumne,109,53932,4068,4077,150,4227,65
2021-05-20,Ventura,111,848112,80907,80800,3103,83903,1019
2021-05-20,Yolo,113,214977,13985,13973,332,14305,211
2021-05-20,Yuba,115,75493,6012,6002,128,6130,49
2021-05-19,Alameda,1,1643700,87839,87889,2047,89936,1260
2021-05-19,Alpine,3,1148,88,88,0,88,0
2021-05-19,Amador,5,37829,3670,3669,35,3704,46
2021-05-19,Butte,7,227075,12401,12198,1898,14096,188
2021-05-19,Calaveras,9,45235,2144,2132,15,2147,54
2021-05-19,Colusa,11,21464,1935,1945,314,2259,15
2021-05-19,Contra Costa,13,1133247,69252,68836,1330,70166,808
2021-05-19,Del Norte,15,27424,1385,1371,7,1378,8
2021-05-19,El Dorado,17,186661,10203,10179,767,10946,112
2021-05-19,Fresno,19,978130,101717,102085,9075,111160,1693
2021-05-19,Glenn,21,27897,2413,2404,576,2980,17
2021-05-19,Humboldt,23,135768,4197,4143,80,4223,42
2021-05-19,Imperial,25,180216,28482,28550,2887,31437,732
2021-05-19,Inyo,27,18085,1404,1402,4,1406,36
2021-05-19,Kern,29,883053,96574,96173,11333,107506,1316
2021-05-19,Kings,31,150075,22932,22919,1197,24116,246
2021-05-19,Lake,33,64148,3508,3497,9,3506,43
2021-05-19,Lassen,35,31185,5187,5157,118,5275,6
2021-05-19,Los Angeles,37,10098052,1200857,1196856,43775,1240631,24143
2021-05-19,Madera,39,155013,16495,16496,954,17450,238
2021-05-19,Marin,41,260295,14019,14033,262,14295,227
2021-05-19,Mariposa,43,17540,430,425,12,437,5
2021-05-19,Mendocino,45,87422,3952,3886,75,3961,47
2021-05-19,Merced,47,269075,30953,31044,1001,32045,452
2021-05-19,Modoc,49,8938,372,364,126,490,3
2021-05-19,Mono,51,14174,1247,1266,14,1280,3
2021-05-19,Monterey,53,433212,42993,42973,1932,44905,379
2021-05-19,Napa,55,140530,9891,9906,33,9939,82
2021-05-19,Nevada,57,99092,4790,4769,195,4964,70
2021-05-19,Orange,59,3164182,254293,254087,11708,265795,5035
2021-05-19,Placer,61,380077,23098,22784,1556,24340,291
2021-05-19,Plumas,63,18699,698,682,11,693,4
2021-05-19,Riverside,65,2383286,290827,288398,14788,303186,4442
2021-05-19,Sacramento,67,1510023,105453,105225,1821,107046,1629
2021-05-19,San Benito,69,59416,6056,6064,119,6183,63
2021-05-19,San Bernardino,71,2135413,292408,292078,9201,301279,4725
2021-05-19,San Diego,73,3302833,279843,279345,0,279345,3746
2021-05-19,San Francisco,75,870044,36582,36835,1387,38222,546
2021-05-19,San Joaquin,77,732212,72724,72338,3729,76067,1369
2021-05-19,San Luis Obispo,79,281455,21134,21085,775,21860,256
2021-05-19,San Mateo,81,765935,42251,42126,483,42609,429
2021-05-19,Santa Barbara,83,443738,34377,34292,1341,35633,459
2021-05-19,Santa Clara,85,1922200,117884,119176,803,119979,2015
2021-05-19,Santa Cruz,87,273765,16123,16121,875,16996,207
2021-05-19,Shasta,89,179085,12207,12233,1616,13849,200
2021-05-19,Sierra,91,2930,54,54,14,68,0
2021-05-19,Siskiyou,93,43540,1885,1803,377,2180,16
2021-05-19,Solano,95,438530,32686,32678,556,33234,253
2021-05-19,Sonoma,97,501317,29954,30080,339,30419,321
2021-05-19,Stanislaus,99,539301,55866,55912,6164,62076,967
2021-05-19,Sutter,101,95872,9431,9459,91,9550,113
2021-05-19,Tehama,103,63373,5025,5026,615,5641,63
2021-05-19,Trinity,105,12862,358,329,60,389,3
2021-05-19,Tulare,107,460477,49504,49163,9515,58678,837
2021-05-19,Tuolumne,109,53932,4068,4074,150,4224,64
2021-05-19,Ventura,111,848112,80891,80747,3102,83849,1019
2021-05-19,Yolo,113,214977,13980,13961,331,14292,211
2021-05-19,Yuba,115,75493,6008,5993,128,6121,49
2021-05-18,Alameda,1,1643700,87766,87816,2047,89863,1254
2021-05-18,Alpine,3,1148,88,88,0,88,0
2021-05-18,Amador,5,37829,3670,3669,35,3704,46
2021-05-18,Butte,7,227075,12389,12164,1895,14059,191
2021-05-18,Calaveras,9,45235,2140,2131,15,2146,54
2021-05-18,Colusa,11,21464,1935,1943,314,2257,14
2021-05-18,Contra Costa,13,1133247,69195,68750,1329,70079,808
2021-05-18,Del Norte,15,27424,1382,1371,7,1378,8
2021-05-18,El Dorado,17,186661,10192,10169,766,10935,112
2021-05-18,Fresno,19,978130,101681,102056,9072,111128,1690
2021-05-18,Glenn,21,27897,2407,2403,575,2978,17
2021-05-18,Humboldt,23,135768,4179,4132,79,4211,42
2021-05-18,Imperial,25,180216,28476,28538,2885,31423,730
2021-05-18,Inyo,27,18085,1404,1401,4,1405,36
2021-05-18,Kern,29,883053,96540,96128,11319,107447,1315
2021-05-18,Kings,31,150075,22926,22916,1197,24113,247
2021-05-18,Lake,33,64148,3506,3495,9,3504,43
2021-05-18,Lassen,35,31185,5186,5157,117,5274,6
2021-05-18,Los Angeles,37,10098052,1200680,1196668,43762,1240430,24133
2021-05-18,Madera,39,155013,16488,16491,954,17445,238
2021-05-18,Marin,41,260295,14016,14026,262,14288,227
2021-05-18,Mariposa,43,17540,430,424,12,436,5
2021-05-18,Mendocino,45,87422,3941,3877,75,3952,47
2021-05-18,Merced,47,269075,30935,31036,1001,32037,452
2021-05-18,Modoc,49,8938,371,364,126,490,3
2021-05-18,Mono,51,14174,1246,1265,14,1279,3
2021-05-18,Monterey,53,433212,42987,43001,1932,44933,379
2021-05-18,Napa,55,140530,9891,9905,33,9938,82
2021-05-18,Nevada,57,99092,4783,4762,195,4957,70
2021-05-18,Orange,59,3164182,254252,254041,11698,265739,5031
2021-05-18,Placer,61,380077,23066,22726,1552,24278,291
2021-05-18,Plumas,63,18699,698,682,11,693,4
2021-05-18,Riverside,65,2383286,290775,288354,14781,303135,4438
2021-05-18,Sacramento,67,1510023,105355,105083,1819,106902,1629
2021-05-18,San Benito,69,59416,6055,6065,119,6184,63
2021-05-18,San Bernardino,71,2135413,292359,292014,9196,301210,4722
2021-05-18,San Diego,73,3302833,279736,279254,0,279254,3742
2021-05-18,San Francisco,75,870044,36562,36818,1387,38205,546
2021-05-18,San Joaquin,77,732212,72678,72282,3725,76007,1368
2021-05-18,San Luis Obispo,79,281455,21124,21080,773,21853,256
2021-05-18,San Mateo,81,765935,42240,42099,482,42581,428
2021-05-18,Santa Barbara,83,443738,34368,34278,1341,35619,459
2021-05-18,Santa Clara,85,1922200,117857,119171,802,119973,2014
2021-05-18,Santa Cruz,87,273765,16115,16137,875,17012,207
2021-05-18,Shasta,89,179085,12189,12197,1610,13807,200
2021-05-18,Sierra,91,2930,54,54,14,68,0
2021-05-18,Siskiyou,93,43540,1884,1799,377,2176,16
2021-05-18,Solano,95,438530,32661,32644,556,33200,253
2021-05-18,Sonoma,97,501317,29933,30054,338,30392,321
2021-05-18,Stanislaus,99,539301,55828,55860,6164,62024,959
2021-05-18,Sutter,101,95872,9423,9453,91,9544,113
2021-05-18,Tehama,103,63373,5021,5020,612,5632,63
2021-05-18,Trinity,105,12862,358,329,59,388,3
2021-05-18,Tulare,107,460477,49496,49142,9510,58652,836
2021-05-18,Tuolumne,109,53932,4066,4073,150,4223,64
2021-05-18,Ventura,111,848112,80876,80726,3099,83825,1017
2021-05-18,Yolo,113,214977,13973,13951,330,14281,211
2021-05-18,Yuba,115,75493,6004,5989,127,6116,49
2021-05-17,Alameda,1,1643700,87713,87766,2044,89810,1253
2021-05-17,Alpine,3,1148,88,88,0,88,0
2021-05-17,Amador,5,37829,3667,3668,35,3703,46
2021-05-17,Butte,7,227075,12381,12144,1895,14039,192
2021-05-17,Calaveras,9,45235,2140,2131,15,2146,53
2021-05-17,Colusa,11,21464,1935,1943,314,2257,14
2021-05-17,Contra Costa,13,1133247,69140,68720,1328,70048,805
2021-05-17,Del Norte,15,27424,1377,1369,7,1376,8
2021-05-17,El Dorado,17,186661,10175,10163,766,10929,112
2021-05-17,Fresno,19,978130,101638,102013,9062,111075,1690
2021-05-17,Glenn,21,27897,2407,2401,575,2976,17
2021-05-17,Humboldt,23,135768,4168,4112,77,4189,42
2021-05-17,Imperial,25,180216,28471,28533,2883,31416,729
2021-05-17,Inyo,27,18085,1404,1401,4,1405,36
2021-05-17,Kern,29,883053,96511,96095,11302,107397,1315
2021-05-17,Kings,31,150075,22923,22918,1197,24115,246
2021-05-17,Lake,33,64148,3501,3489,9,3498,43
2021-05-17,Lassen,35,31185,5183,5156,116,5272,6
2021-05-17,Los Angeles,37,10098052,1200509,1196556,43755,1240311,24123
2021-05-17,Madera,39,155013,16485,16486,954,17440,238
2021-05-17,Marin,41,260295,14010,14021,262,14283,227
2021-05-17,Mariposa,43,17540,429,423,12,435,5
2021-05-17,Mendocino,45,87422,3932,3868,75,3943,46
2021-05-17,Merced,47,269075,30919,31031,1001,32032,450
2021-05-17,Modoc,49,8938,370,362,126,488,3
2021-05-17,Mono,51,14174,1242,1265,14,1279,3
2021-05-17,Monterey,53,433212,42980,42995,1932,44927,379
2021-05-17,Napa,55,140530,9890,9894,33,9927,82
2021-05-17,Nevada,57,99092,4779,4761,194,4955,70
2021-05-17,Orange,59,3164182,254207,253993,11691,265684,5031
2021-05-17,Placer,61,380077,23041,22706,1545,24251,289
2021-05-17,Plumas,63,18699,698,682,11,693,4
2021-05-17,Riverside,65,2383286,290710,288304,14777,303081,4433
2021-05-17,Sacramento,67,1510023,105249,105035,1817,106852,1629
2021-05-17,San Benito,69,59416,6052,6067,119,6186,63
2021-05-17,San Bernardino,71,2135413,292312,291989,9189,301178,4724
2021-05-17,San Diego,73,3302833,279604,279146,0,279146,3742
2021-05-17,San Francisco,75,870044,36550,36816,1385,38201,546
2021-05-17,San Joaquin,77,732212,72640,72234,3722,75956,1359
2021-05-17,San Luis Obispo,79,281455,21115,21079,771,21850,256
2021-05-17,San Mateo,81,765935,42212,42083,482,42565,428
2021-05-17,Santa Barbara,83,443738,34361,34275,1341,35616,459
2021-05-17,Santa Clara,85,1922200,117820,119116,800,119916,2015
2021-05-17,Santa Cruz,87,273765,16112,16151,875,17026,206
2021-05-17,Shasta,89,179085,12167,12163,1609,13772,200
2021-05-17,Sierra,91,2930,54,54,14,68,0
2021-05-17,Siskiyou,93,43540,1875,1795,374,2169,15
2021-05-17,Solano,95,438530,32643,32627,556,33183,253
2021-05-17,Sonoma,97,501317,29911,30043,338,30381,321
2021-05-17,Stanislaus,99,539301,55777,55839,6157,61996,951
2021-05-17,Sutter,101,95872,9416,9447,91,9538,113
2021-05-17,Tehama,103,63373,5018,5016,611,5627,63
2021-05-17,Trinity,105,12862,358,328,59,387,3
2021-05-17,Tulare,107,460477,49474,49107,9503,58610,836
2021-05-17,Tuolumne,109,53932,4066,4071,149,4220,64
2021-05-17,Ventura,111,848112,80856,80699,3099,83798,1017
2021-05-17,Yolo,113,214977,13967,13941,330,14271,211
2021-05-17,Yuba,115,75493,5996,5987,127,6114,49
2021-05-16,Alameda,1,1643700,87648,87743,2044,89787,1253
2021-05-16,Alpine,3,1148,88,88,0,88,0
2021-05-16,Amador,5,37829,3666,3667,35,3702,46
2021-05-16,Butte,7,227075,12367,12140,1895,14035,192
2021-05-16,Calaveras,9,45235,2138,2129,15,2144,53
2021-05-16,Colusa,11,21464,1933,1943,314,2257,14
2021-05-16,Contra Costa,13,1133247,69072,68694,1325,70019,805
2021-05-16,Del Norte,15,27424,1374,1365,7,1372,8
2021-05-16,El Dorado,17,186661,10159,10159,765,10924,112
2021-05-16,Fresno,19,978130,101594,101987,9057,111044,1690
2021-05-16,Glenn,21,27897,2407,2401,574,2975,17
2021-05-16,Humboldt,23,135768,4154,4104,76,4180,42
2021-05-16,Imperial,25,180216,28459,28516,2883,31399,729
2021-05-16,Inyo,27,18085,1404,1401,4,1405,36
2021-05-16,Kern,29,883053,96478,96083,11281,107364,1315
2021-05-16,Kings,31,150075,22919,22918,1194,24112,246
2021-05-16,Lake,33,64148,3498,3489,9,3498,43
2021-05-16,Lassen,35,31185,5182,5156,116,5272,6
2021-05-16,Los Angeles,37,10098052,1200291,1196397,43738,1240135,24120
2021-05-16,Madera,39,155013,16481,16483,951,17434,238
2021-05-16,Marin,41,260295,14007,14015,262,14277,227
2021-05-16,Mariposa,43,17540,429,423,12,435,5
2021-05-16,Mendocino,45,87422,3922,3863,75,3938,46
2021-05-16,Merced,47,269075,30896,31023,1001,32024,450
2021-05-16,Modoc,49,8938,370,362,126,488,3
2021-05-16,Mono,51,14174,1242,1265,14,1279,3
2021-05-16,Monterey,53,433212,42975,42991,1932,44923,379
2021-05-16,Napa,55,140530,9887,9891,33,9924,82
2021-05-16,Nevada,57,99092,4775,4755,194,4949,70
2021-05-16,Orange,59,3164182,254175,253962,11688,265650,5031
2021-05-16,Placer,61,380077,23009,22696,1539,24235,289
2021-05-16,Plumas,63,18699,697,682,11,693,4
2021-05-16,Riverside,65,2383286,290639,288259,14767,303026,4433
2021-05-16,Sacramento,67,1510023,105134,105013,1815,106828,1628
2021-05-16,San Benito,69,59416,6051,6067,118,6185,63
2021-05-16,San Bernardino,71,2135413,292233,291940,9186,301126,4724
2021-05-16,San Diego,73,3302833,279486,279099,0,279099,3742
2021-05-16,San Francisco,75,870044,36529,36808,1384,38192,546
2021-05-16,San Joaquin,77,732212,72592,72218,3717,75935,1359
2021-05-16,San Luis Obispo,79,281455,21108,21072,770,21842,256
2021-05-16,San Mateo,81,765935,42200,42063,481,42544,428
2021-05-16,Santa Barbara,83,443738,34354,34270,1341,35611,459
2021-05-16,Santa Clara,85,1922200,117791,119098,799,119897,2015
2021-05-16,Santa Cruz,87,273765,16110,16143,875,17018,206
2021-05-16,Shasta,89,179085,12151,12156,1605,13761,200
2021-05-16,Sierra,91,2930,54,54,14,68,0
2021-05-16,Siskiyou,93,43540,1871,1790,373,2163,15
2021-05-16,Solano,95,438530,32609,32619,554,33173,253
2021-05-16,Sonoma,97,501317,29892,30033,338,30371,321
2021-05-16,Stanislaus,99,539301,55722,55814,6145,61959,951
2021-05-16,Sutter,101,95872,9409,9445,91,9536,113
2021-05-16,Tehama,103,63373,5014,5013,609,5622,63
2021-05-16,Trinity,105,12862,358,328,59,387,3
2021-05-16,Tulare,107,460477,49458,49091,9499,58590,837
2021-05-16,Tuolumne,109,53932,4062,4070,149,4219,64
2021-05-16,Ventura,111,848112,80825,80689,3099,83788,1017
2021-05-16,Yolo,113,214977,13952,13938,330,14268,211
2021-05-16,Yuba,115,75493,5993,5987,127,6114,49
2021-05-15,Alameda,1,1643700,87622,87677,2043,89720,1252
2021-05-15,Alpine,3,1148,88,88,0,88,0
2021-05-15,Amador,5,37829,3666,3666,35,3701,46
2021-05-15,Butte,7,227075,12360,12095,1894,13989,192
2021-05-15,Calaveras,9,45235,2137,2126,15,2141,53
2021-05-15,Colusa,11,21464,1933,1941,312,2253,14
2021-05-15,Contra Costa,13,1133247,69026,68658,1325,69983,805
2021-05-15,Del Norte,15,27424,1369,1359,7,1366,8
2021-05-15,El Dorado,17,186661,10147,10156,764,10920,112
2021-05-15,Fresno,19,978130,101558,101957,9054,111011,1690
2021-05-15,Glenn,21,27897,2407,2400,574,2974,17
2021-05-15,Humboldt,23,135768,4144,4080,76,4156,42
2021-05-15,Imperial,25,180216,28456,28504,2882,31386,729
2021-05-15,Inyo,27,18085,1404,1402,4,1406,36
2021-05-15,Kern,29,883053,96465,96061,11264,107325,1315
2021-05-15,Kings,31,150075,22918,22913,1194,24107,246
2021-05-15,Lake,33,64148,3497,3485,9,3494,43
2021-05-15,Lassen,35,31185,5178,5156,115,5271,6
2021-05-15,Los Angeles,37,10098052,1200170,1196255,43724,1239979,24115
2021-05-15,Madera,39,155013,16478,16482,951,17433,238
2021-05-15,Marin,41,260295,14003,14012,262,14274,227
2021-05-15,Mariposa,43,17540,429,423,12,435,5
2021-05-15,Mendocino,45,87422,3919,3861,75,3936,46
2021-05-15,Merced,47,269075,30875,31012,1001,32013,450
2021-05-15,Modoc,49,8938,370,362,126,488,3
2021-05-15,Mono,51,14174,1242,1265,14,1279,3
2021-05-15,Monterey,53,433212,42971,42982,1932,44914,379
2021-05-15,Napa,55,140530,9884,9887,33,9920,82
2021-05-15,Nevada,57,99092,4774,4755,194,4949,70
2021-05-15,Orange,59,3164182,254149,253919,11681,265600,5030
2021-05-15,Placer,61,380077,22988,22688,1539,24227,289
2021-05-15,Plumas,63,18699,697,681,11,692,4
2021-05-15,Riverside,65,2383286,290597,288203,14762,302965,4433
2021-05-15,Sacramento,67,1510023,105061,104929,1812,106741,1628
2021-05-15,San Benito,69,59416,6051,6066,118,6184,63
2021-05-15,San Bernardino,71,2135413,292193,291892,9184,301076,4724
2021-05-15,San Diego,73,3302833,279415,278991,0,278991,3737
2021-05-15,San Francisco,75,870044,36513,36795,1382,38177,546
2021-05-15,San Joaquin,77,732212,72566,72197,3715,75912,1359
2021-05-15,San Luis Obispo,79,281455,21105,21061,769,21830,256
2021-05-15,San Mateo,81,765935,42184,42059,481,42540,428
2021-05-15,Santa Barbara,83,443738,34347,34259,1341,35600,459
2021-05-15,Santa Clara,85,1922200,117771,119060,799,119859,2016
2021-05-15,Santa Cruz,87,273765,16106,16137,875,17012,206
2021-05-15,Shasta,89,179085,12139,12152,1602,13754,200
2021-05-15,Sierra,91,2930,54,54,14,68,0
2021-05-15,Siskiyou,93,43540,1865,1788,371,2159,15
2021-05-15,Solano,95,438530,32599,32604,553,33157,253
2021-05-15,Sonoma,97,501317,29873,30020,338,30358,321
2021-05-15,Stanislaus,99,539301,55690,55795,6138,61933,952
2021-05-15,Sutter,101,95872,9407,9436,91,9527,113
2021-05-15,Tehama,103,63373,5010,5012,607,5619,63
2021-05-15,Trinity,105,12862,358,328,59,387,3
2021-05-15,Tulare,107,460477,49449,49080,9494,58574,837
2021-05-15,Tuolumne,109,53932,4060,4064,149,4213,63
2021-05-15,Ventura,111,848112,80814,80662,3099,83761,1017
2021-05-15,Yolo,113,214977,13945,13932,329,14261,211
2021-05-15,Yuba,115,75493,5990,5979,127,6106,49
2021-05-14,Alameda,1,1643700,87587,87621,2041,89662,1249
2021-05-14,Alpine,3,1148,88,88,0,88,0
2021-05-14,Amador,5,37829,3666,3665,35,3700,46
2021-05-14,Butte,7,227075,12351,12076,1891,13967,192
2021-05-14,Calaveras,9,45235,2133,2121,15,2136,53
2021-05-14,Colusa,11,21464,1932,1940,311,2251,14
2021-05-14,Contra Costa,13,1133247,68984,68589,1323,69912,806
2021-05-14,Del Norte,15,27424,1369,1355,7,1362,8
2021-05-14,El Dorado,17,186661,10140,10143,763,10906,113
2021-05-14,Fresno,19,978130,101529,101917,9048,110965,1688
2021-05-14,Glenn,21,27897,2406,2398,574,2972,17
2021-05-14,Humboldt,23,135768,4136,4050,76,4126,37
2021-05-14,Imperial,25,180216,28449,28485,2881,31366,728
2021-05-14,Inyo,27,18085,1404,1400,4,1404,36
2021-05-14,Kern,29,883053,96435,96033,11255,107288,1311
2021-05-14,Kings,31,150075,22917,22910,1194,24104,246
2021-05-14,Lake,33,64148,3493,3483,9,3492,43
2021-05-14,Lassen,35,31185,5178,5154,115,5269,6
2021-05-14,Los Angeles,37,10098052,1200038,1196038,43719,1239757,24101
2021-05-14,Madera,39,155013,16475,16474,951,17425,238
2021-05-14,Marin,41,260295,13999,14010,262,14272,227
2021-05-14,Mariposa,43,17540,429,422,12,434,5
2021-05-14,Mendocino,45,87422,3917,3855,75,3930,46
2021-05-14,Merced,47,269075,30865,31010,1001,32011,450
2021-05-14,Modoc,49,8938,370,362,126,488,3
2021-05-14,Mono,51,14174,1241,1265,14,1279,3
2021-05-14,Monterey,53,433212,42966,42973,1932,44905,380
2021-05-14,Napa,55,140530,9881,9883,33,9916,82
2021-05-14,Nevada,57,99092,4769,4745,194,4939,70
2021-05-14,Orange,59,3164182,254114,253855,11674,265529,5028
2021-05-14,Placer,61,380077,22969,22660,1533,24193,287
2021-05-14,Plumas,63,18699,696,680,11,691,4
2021-05-14,Riverside,65,2383286,290546,288140,14759,302899,4433
2021-05-14,Sacramento,67,1510023,104973,104828,1811,106639,1627
2021-05-14,San Benito,69,59416,6051,6064,118,6182,63
2021-05-14,San Bernardino,71,2135413,292143,291834,9184,301018,4721
2021-05-14,San Diego,73,3302833,279343,278853,0,278853,3732
2021-05-14,San Francisco,75,870044,36504,36771,1378,38149,545
2021-05-14,San Joaquin,77,732212,72533,72160,3708,75868,1359
2021-05-14,San Luis Obispo,79,281455,21102,21051,768,21819,256
2021-05-14,San Mateo,81,765935,42173,42041,481,42522,428
2021-05-14,Santa Barbara,83,443738,34337,34243,1341,35584,456
2021-05-14,Santa Clara,85,1922200,117742,119006,799,119805,2014
2021-05-14,Santa Cruz,87,273765,16101,16130,875,17005,207
2021-05-14,Shasta,89,179085,12133,12130,1597,13727,200
2021-05-14,Sierra,91,2930,54,54,14,68,0
2021-05-14,Siskiyou,93,43540,1858,1779,370,2149,14
2021-05-14,Solano,95,438530,32579,32585,552,33137,252
2021-05-14,Sonoma,97,501317,29854,30007,338,30345,321
2021-05-14,Stanislaus,99,539301,55654,55752,6132,61884,950
2021-05-14,Sutter,101,95872,9398,9433,89,9522,113
2021-05-14,Tehama,103,63373,5003,5005,607,5612,63
2021-05-14,Trinity,105,12862,358,328,59,387,3
2021-05-14,Tulare,107,460477,49434,49060,9487,58547,836
2021-05-14,Tuolumne,109,53932,4060,4060,149,4209,63
2021-05-14,Ventura,111,848112,80800,80628,3099,83727,1014
2021-05-14,Yolo,113,214977,13940,13922,325,14247,210
2021-05-14,Yuba,115,75493,5986,5970,127,6097,47
2021-05-13,Alameda,1,1643700,87542,87557,2040,89597,1250
2021-05-13,Alpine,3,1148,88,88,0,88,0
2021-05-13,Amador,5,37829,3666,3662,35,3697,46
2021-05-13,Butte,7,227075,12337,12051,1890,13941,196
2021-05-13,Calaveras,9,45235,2133,2120,15,2135,53
2021-05-13,Colusa,11,21464,1931,1939,307,2246,14
2021-05-13,Contra Costa,13,1133247,68936,68522,1322,69844,806
2021-05-13,Del Norte,15,27424,1367,1354,7,1361,8
2021-05-13,El Dorado,17,186661,10138,10133,763,10896,112
2021-05-13,Fresno,19,978130,101500,101862,9046,110908,1687
2021-05-13,Glenn,21,27897,2405,2395,574,2969,17
2021-05-13,Humboldt,23,135768,4118,4027,76,4103,37
2021-05-13,Imperial,25,180216,28434,28468,2879,31347,729
2021-05-13,Inyo,27,18085,1404,1400,4,1404,36
2021-05-13,Kern,29,883053,96412,95996,11236,107232,1311
2021-05-13,Kings,31,150075,22916,22904,1194,24098,246
2021-05-13,Lake,33,64148,3492,3479,9,3488,43
2021-05-13,Lassen,35,31185,5178,5152,114,5266,6
2021-05-13,Los Angeles,37,10098052,1199849,1195504,43705,1239209,24083
2021-05-13,Madera,39,155013,16469,16467,951,17418,238
2021-05-13,Marin,41,260295,13994,14004,260,14264,227
2021-05-13,Mariposa,43,17540,429,422,12,434,5
2021-05-13,Mendocino,45,87422,3913,3846,75,3921,46
2021-05-13,Merced,47,269075,30857,30989,1001,31990,450
2021-05-13,Modoc,49,8938,370,362,126,488,3
2021-05-13,Mono,51,14174,1241,1265,14,1279,3
2021-05-13,Monterey,53,433212,42952,42966,1931,44897,380
2021-05-13,Napa,55,140530,9874,9877,33,9910,82
2021-05-13,Nevada,57,99092,4765,4743,193,4936,70
2021-05-13,Orange,59,3164182,254073,253778,11672,265450,5026
2021-05-13,Placer,61,380077,22944,22668,1526,24194,288
2021-05-13,Plumas,63,18699,696,680,11,691,4
2021-05-13,Riverside,65,2383286,290486,288067,14757,302824,4433
2021-05-13,Sacramento,67,1510023,104888,104711,1808,106519,1626
2021-05-13,San Benito,69,59416,6049,6062,118,6180,63
2021-05-13,San Bernardino,71,2135413,292081,291765,9184,300949,4722
2021-05-13,San Diego,73,3302833,279230,278592,0,278592,3729
2021-05-13,San Francisco,75,870044,36480,36741,1376,38117,544
2021-05-13,San Joaquin,77,732212,72492,72096,3704,75800,1357
2021-05-13,San Luis Obispo,79,281455,21087,21043,767,21810,255
2021-05-13,San Mateo,81,765935,42154,42059,481,42540,426
2021-05-13,Santa Barbara,83,443738,34325,34242,1341,35583,456
2021-05-13,Santa Clara,85,1922200,117716,118952,799,119751,2013
2021-05-13,Santa Cruz,87,273765,16095,16129,875,17004,208
2021-05-13,Shasta,89,179085,12113,12111,1593,13704,200
2021-05-13,Sierra,91,2930,54,54,14,68,0
2021-05-13,Siskiyou,93,43540,1851,1769,367,2136,14
2021-05-13,Solano,95,438530,32566,32548,550,33098,252
2021-05-13,Sonoma,97,501317,29829,29991,338,30329,321
2021-05-13,Stanislaus,99,539301,55617,55678,6126,61804,949
2021-05-13,Sutter,101,95872,9394,9431,87,9518,112
2021-05-13,Tehama,103,63373,4998,4997,607,5604,63
2021-05-13,Trinity,105,12862,358,327,58,385,3
2021-05-13,Tulare,107,460477,49409,49032,9478,58510,837
2021-05-13,Tuolumne,109,53932,4059,4059,149,4208,63
2021-05-13,Ventura,111,848112,80770,80615,3098,83713,1012
2021-05-13,Yolo,113,214977,13931,13914,323,14237,210
2021-05-13,Yuba,115,75493,5977,5962,127,6089,47
2021-05-12,Alameda,1,1643700,87508,87482,2038,89520,1261
2021-05-12,Alpine,3,1148,88,88,0,88,0
2021-05-12,Amador,5,37829,3666,3658,35,3693,46
2021-05-12,Butte,7,227075,12327,12026,1890,13916,199
2021-05-12,Calaveras,9,45235,2130,2119,15,2134,53
2021-05-12,Colusa,11,21464,1929,1939,306,2245,14
2021-05-12,Contra Costa,13,1133247,68877,68462,1316,69778,805
2021-05-12,Del Norte,15,27424,1365,1352,7,1359,8
2021-05-12,El Dorado,17,186661,10129,10123,763,10886,112
2021-05-12,Fresno,19,978130,101453,101838,9032,110870,1688
2021-05-12,Glenn,21,27897,2402,2391,574,2965,17
2021-05-12,Humboldt,23,135768,4090,3982,73,4055,37
2021-05-12,Imperial,25,180216,28416,28443,2876,31319,726
2021-05-12,Inyo,27,18085,1404,1400,4,1404,36
2021-05-12,Kern,29,883053,96377,95955,11228,107183,1310
2021-05-12,Kings,31,150075,22914,22896,1194,24090,246
2021-05-12,Lake,33,64148,3490,3476,9,3485,43
2021-05-12,Lassen,35,31185,5176,5151,114,5265,6
2021-05-12,Los Angeles,37,10098052,1199670,1195318,43688,1239006,24067
2021-05-12,Madera,39,155013,16465,16462,950,17412,238
2021-05-12,Marin,41,260295,13989,13997,260,14257,227
2021-05-12,Mariposa,43,17540,429,422,12,434,5
2021-05-12,Mendocino,45,87422,3903,3836,75,3911,46
2021-05-12,Merced,47,269075,30841,30941,1001,31942,450
2021-05-12,Modoc,49,8938,369,362,126,488,3
2021-05-12,Mono,51,14174,1241,1265,14,1279,3
2021-05-12,Monterey,53,433212,42940,42950,1930,44880,380
2021-05-12,Napa,55,140530,9868,9870,33,9903,82
2021-05-12,Nevada,57,99092,4761,4738,193,4931,70
2021-05-12,Orange,59,3164182,254023,253587,11667,265254,5024
2021-05-12,Placer,61,380077,22926,22652,1518,24170,288
2021-05-12,Plumas,63,18699,696,681,11,692,4
2021-05-12,Riverside,65,2383286,290416,287830,14752,302582,4431
2021-05-12,Sacramento,67,1510023,104792,104592,1807,106399,1621
2021-05-12,San Benito,69,59416,6049,6062,118,6180,63
2021-05-12,San Bernardino,71,2135413,292033,291505,9179,300684,4715
2021-05-12,San Diego,73,3302833,279126,278402,0,278402,3729
2021-05-12,San Francisco,75,870044,36461,36720,1375,38095,544
2021-05-12,San Joaquin,77,732212,72438,72043,3700,75743,1356
2021-05-12,San Luis Obispo,79,281455,21077,21021,767,21788,255
2021-05-12,San Mateo,81,765935,42145,42038,479,42517,426
2021-05-12,Santa Barbara,83,443738,34318,34218,1340,35558,456
2021-05-12,Santa Clara,85,1922200,117673,118897,799,119696,2005
2021-05-12,Santa Cruz,87,273765,16089,16123,875,16998,207
2021-05-12,Shasta,89,179085,12093,12092,1591,13683,200
2021-05-12,Sierra,91,2930,54,54,14,68,0
2021-05-12,Siskiyou,93,43540,1847,1760,365,2125,13
2021-05-12,Solano,95,438530,32542,32519,550,33069,252
2021-05-12,Sonoma,97,501317,29817,29976,338,30314,320
2021-05-12,Stanislaus,99,539301,55578,55632,6117,61749,919
2021-05-12,Sutter,101,95872,9391,9427,87,9514,112
2021-05-12,Tehama,103,63373,4994,4989,607,5596,62
2021-05-12,Trinity,105,12862,358,327,58,385,3
2021-05-12,Tulare,107,460477,49393,49001,9470,58471,838
2021-05-12,Tuolumne,109,53932,4058,4056,149,4205,63
2021-05-12,Ventura,111,848112,80751,80577,3098,83675,1010
2021-05-12,Yolo,113,214977,13924,13910,322,14232,210
2021-05-12,Yuba,115,75493,5974,5956,127,6083,47
2021-05-11,Alameda,1,1643700,87444,87413,2034,89447,1290
2021-05-11,Alpine,3,1148,88,88,0,88,0
2021-05-11,Amador,5,37829,3664,3657,35,3692,46
2021-05-11,Butte,7,227075,12312,12008,1887,13895,199
2021-05-11,Calaveras,9,45235,2130,2118,15,2133,52
2021-05-11,Colusa,11,21464,1928,1939,306,2245,14
2021-05-11,Contra Costa,13,1133247,68817,68406,1315,69721,806
2021-05-11,Del Norte,15,27424,1363,1347,7,1354,8
2021-05-11,El Dorado,17,186661,10123,10108,762,10870,112
2021-05-11,Fresno,19,978130,101409,101792,9024,110816,1686
2021-05-11,Glenn,21,27897,2401,2387,573,2960,17
2021-05-11,Humboldt,23,135768,4069,3964,71,4035,37
2021-05-11,Imperial,25,180216,28408,28413,2872,31285,722
2021-05-11,Inyo,27,18085,1403,1402,4,1406,36
2021-05-11,Kern,29,883053,96351,95938,11214,107152,1310
2021-05-11,Kings,31,150075,22906,22887,1194,24081,246
2021-05-11,Lake,33,64148,3490,3473,9,3482,43
2021-05-11,Lassen,35,31185,5174,5148,114,5262,6
2021-05-11,Los Angeles,37,10098052,1199438,1195100,43675,1238775,24048
2021-05-11,Madera,39,155013,16462,16459,950,17409,238
2021-05-11,Marin,41,260295,13982,13987,260,14247,227
2021-05-11,Mariposa,43,17540,429,421,12,433,5
2021-05-11,Mendocino,45,87422,3895,3821,75,3896,46
2021-05-11,Merced,47,269075,30832,30893,1001,31894,449
2021-05-11,Modoc,49,8938,369,362,125,487,3
2021-05-11,Mono,51,14174,1241,1265,14,1279,3
2021-05-11,Monterey,53,433212,42932,42934,1929,44863,380
2021-05-11,Napa,55,140530,9861,9870,33,9903,81
2021-05-11,Nevada,57,99092,4757,4737,193,4930,70
2021-05-11,Orange,59,3164182,253963,253545,11659,265204,5017
2021-05-11,Placer,61,380077,22905,22615,1514,24129,287
2021-05-11,Plumas,63,18699,694,679,11,690,4
2021-05-11,Riverside,65,2383286,290357,287757,14746,302503,4429
2021-05-11,Sacramento,67,1510023,104695,104496,1804,106300,1616
2021-05-11,San Benito,69,59416,6046,6058,118,6176,63
2021-05-11,San Bernardino,71,2135413,291972,291421,9177,300598,4707
2021-05-11,San Diego,73,3302833,278991,278308,0,278308,3725
2021-05-11,San Francisco,75,870044,36441,36707,1375,38082,543
2021-05-11,San Joaquin,77,732212,72391,71999,3696,75695,1356
2021-05-11,San Luis Obispo,79,281455,21070,21008,765,21773,255
2021-05-11,San Mateo,81,765935,42126,41985,478,42463,425
2021-05-11,Santa Barbara,83,443738,34309,34207,1340,35547,456
2021-05-11,Santa Clara,85,1922200,117627,118857,798,119655,2005
2021-05-11,Santa Cruz,87,273765,16085,16113,875,16988,206
2021-05-11,Shasta,89,179085,12070,12050,1585,13635,200
2021-05-11,Sierra,91,2930,54,54,14,68,0
2021-05-11,Siskiyou,93,43540,1838,1756,362,2118,13
2021-05-11,Solano,95,438530,32525,32499,548,33047,250
2021-05-11,Sonoma,97,501317,29801,29966,338,30304,318
2021-05-11,Stanislaus,99,539301,55530,55589,6113,61702,909
2021-05-11,Sutter,101,95872,9384,9417,87,9504,112
2021-05-11,Tehama,103,63373,4990,4985,606,5591,62
2021-05-11,Trinity,105,12862,358,327,57,384,3
2021-05-11,Tulare,107,460477,49367,48974,9455,58429,837
2021-05-11,Tuolumne,109,53932,4057,4056,149,4205,63
2021-05-11,Ventura,111,848112,80727,80544,3095,83639,1008
2021-05-11,Yolo,113,214977,13911,13902,319,14221,210
2021-05-11,Yuba,115,75493,5965,5950,127,6077,46
2021-05-10,Alameda,1,1643700,87372,87366,2033,89399,1284
2021-05-10,Alpine,3,1148,88,88,0,88,0
2021-05-10,Amador,5,37829,3663,3657,35,3692,46
2021-05-10,Butte,7,227075,12297,11993,1881,13874,199
2021-05-10,Calaveras,9,45235,2124,2118,15,2133,52
2021-05-10,Colusa,11,21464,1928,1939,306,2245,14
2021-05-10,Contra Costa,13,1133247,68754,68357,1315,69672,806
2021-05-10,Del Norte,15,27424,1360,1339,7,1346,8
2021-05-10,El Dorado,17,186661,10109,10093,762,10855,113
2021-05-10,Fresno,19,978130,101378,101755,9016,110771,1682
2021-05-10,Glenn,21,27897,2400,2384,571,2955,17
2021-05-10,Humboldt,23,135768,4039,3961,64,4025,36
2021-05-10,Imperial,25,180216,28394,28397,2869,31266,722
2021-05-10,Inyo,27,18085,1403,1401,4,1405,36
2021-05-10,Kern,29,883053,96309,95920,11200,107120,1310
2021-05-10,Kings,31,150075,22895,22884,1193,24077,246
2021-05-10,Lake,33,64148,3482,3471,9,3480,43
2021-05-10,Lassen,35,31185,5171,5148,113,5261,5
2021-05-10,Los Angeles,37,10098052,1199184,1194976,43657,1238633,24030
2021-05-10,Madera,39,155013,16452,16450,950,17400,238
2021-05-10,Marin,41,260295,13979,13981,260,14241,228
2021-05-10,Mariposa,43,17540,428,420,12,432,5
2021-05-10,Mendocino,45,87422,3889,3818,75,3893,46
2021-05-10,Merced,47,269075,30822,30880,1001,31881,448
2021-05-10,Modoc,49,8938,369,361,125,486,3
2021-05-10,Mono,51,14174,1241,1265,14,1279,3
2021-05-10,Monterey,53,433212,42926,42927,1924,44851,380
2021-05-10,Napa,55,140530,9859,9860,33,9893,81
2021-05-10,Nevada,57,99092,4750,4735,193,4928,70
2021-05-10,Orange,59,3164182,253913,253484,11653,265137,5008
2021-05-10,Placer,61,380077,22884,22590,1511,24101,286
2021-05-10,Plumas,63,18699,693,679,11,690,4
2021-05-10,Riverside,65,2383286,290292,287689,14740,302429,4427
2021-05-10,Sacramento,67,1510023,104582,104378,1798,106176,1613
2021-05-10,San Benito,69,59416,6045,6058,118,6176,63
2021-05-10,San Bernardino,71,2135413,291918,291360,9176,300536,4707
2021-05-10,San Diego,73,3302833,278826,278183,0,278183,3725
2021-05-10,San Francisco,75,870044,36422,36683,1375,38058,543
2021-05-10,San Joaquin,77,732212,72354,71954,3681,75635,1356
2021-05-10,San Luis Obispo,79,281455,21052,20993,764,21757,256
2021-05-10,San Mateo,81,765935,42108,41926,478,42404,424
2021-05-10,Santa Barbara,83,443738,34302,34201,1340,35541,456
2021-05-10,Santa Clara,85,1922200,117569,118822,797,119619,2003
2021-05-10,Santa Cruz,87,273765,16079,16114,875,16989,206
2021-05-10,Shasta,89,179085,12056,12036,1581,13617,200
2021-05-10,Sierra,91,2930,54,54,14,68,0
2021-05-10,Siskiyou,93,43540,1828,1752,360,2112,13
2021-05-10,Solano,95,438530,32505,32466,546,33012,250
2021-05-10,Sonoma,97,501317,29787,29955,337,30292,318
2021-05-10,Stanislaus,99,539301,55455,55541,6107,61648,898
2021-05-10,Sutter,101,95872,9378,9412,87,9499,111
2021-05-10,Tehama,103,63373,4986,4980,606,5586,62
2021-05-10,Trinity,105,12862,358,327,55,382,3
2021-05-10,Tulare,107,460477,49343,48956,9449,58405,837
2021-05-10,Tuolumne,109,53932,4053,4054,145,4199,63
2021-05-10,Ventura,111,848112,80711,80501,3093,83594,1008
2021-05-10,Yolo,113,214977,13898,13898,317,14215,209
2021-05-10,Yuba,115,75493,5963,5942,127,6069,46
2021-05-09,Alameda,1,1643700,87300,87292,2030,89322,1284
2021-05-09,Alpine,3,1148,88,88,0,88,0
2021-05-09,Amador,5,37829,3661,3655,35,3690,46
2021-05-09,Butte,7,227075,12279,11985,1877,13862,199
2021-05-09,Calaveras,9,45235,2123,2116,15,2131,52
2021-05-09,Colusa,11,21464,1927,1940,306,2246,14
2021-05-09,Contra Costa,13,1133247,68690,68302,1313,69615,806
2021-05-09,Del Norte,15,27424,1353,1338,7,1345,8
2021-05-09,El Dorado,17,186661,10095,10089,759,10848,113
2021-05-09,Fresno,19,978130,101340,101729,9006,110735,1682
2021-05-09,Glenn,21,27897,2393,2382,568,2950,17
2021-05-09,Humboldt,23,135768,4019,3950,59,4009,36
2021-05-09,Imperial,25,180216,28371,28388,2862,31250,722
2021-05-09,Inyo,27,18085,1403,1401,3,1404,36
2021-05-09,Kern,29,883053,96281,95903,11189,107092,1310
2021-05-09,Kings,31,150075,22886,22878,1193,24071,246
2021-05-09,Lake,33,64148,3478,3471,9,3480,43
2021-05-09,Lassen,35,31185,5169,5147,113,5260,5
2021-05-09,Los Angeles,37,10098052,1198928,1194820,43642,1238462,24026
2021-05-09,Madera,39,155013,16443,16444,944,17388,238
2021-05-09,Marin,41,260295,13968,13979,259,14238,228
2021-05-09,Mariposa,43,17540,425,420,12,432,5
2021-05-09,Mendocino,45,87422,3879,3814,75,3889,46
2021-05-09,Merced,47,269075,30799,30883,1001,31884,448
2021-05-09,Modoc,49,8938,369,360,125,485,3
2021-05-09,Mono,51,14174,1241,1264,14,1278,3
2021-05-09,Monterey,53,433212,42909,42918,1924,44842,380
2021-05-09,Napa,55,140530,9848,9857,33,9890,81
2021-05-09,Nevada,57,99092,4743,4727,193,4920,70
2021-05-09,Orange,59,3164182,253861,253451,11645,265096,5008
2021-05-09,Placer,61,380077,22858,22566,1508,24074,286
2021-05-09,Plumas,63,18699,692,679,11,690,4
2021-05-09,Riverside,65,2383286,290213,287644,14734,302378,4427
2021-05-09,Sacramento,67,1510023,104438,104309,1791,106100,1612
2021-05-09,San Benito,69,59416,6043,6056,118,6174,63
2021-05-09,San Bernardino,71,2135413,291836,291337,9170,300507,4707
2021-05-09,San Diego,73,3302833,278660,277950,0,277950,3725
2021-05-09,San Francisco,75,870044,36396,36669,1373,38042,543
2021-05-09,San Joaquin,77,732212,72310,71927,3680,75607,1356
2021-05-09,San Luis Obispo,79,281455,21042,20999,764,21763,256
2021-05-09,San Mateo,81,765935,42079,41903,478,42381,424
2021-05-09,Santa Barbara,83,443738,34289,34196,1338,35534,456
2021-05-09,Santa Clara,85,1922200,117515,118798,796,119594,2003
2021-05-09,Santa Cruz,87,273765,16073,16094,875,16969,206
2021-05-09,Shasta,89,179085,12026,12034,1576,13610,200
2021-05-09,Sierra,91,2930,54,54,14,68,0
2021-05-09,Siskiyou,93,43540,1822,1741,357,2098,13
2021-05-09,Solano,95,438530,32465,32434,543,32977,250
2021-05-09,Sonoma,97,501317,29772,29953,336,30289,318
2021-05-09,Stanislaus,99,539301,55388,55511,6103,61614,898
2021-05-09,Sutter,101,95872,9372,9413,87,9500,111
2021-05-09,Tehama,103,63373,4981,4979,606,5585,62
2021-05-09,Trinity,105,12862,358,327,55,382,3
2021-05-09,Tulare,107,460477,49316,48948,9444,58392,837
2021-05-09,Tuolumne,109,53932,4052,4053,145,4198,63
2021-05-09,Ventura,111,848112,80696,80487,3092,83579,1008
2021-05-09,Yolo,113,214977,13887,13897,316,14213,209
2021-05-09,Yuba,115,75493,5957,5934,127,6061,46
2021-05-08,Alameda,1,1643700,87258,87213,2026,89239,1284
2021-05-08,Alpine,3,1148,88,88,0,88,0
2021-05-08,Amador,5,37829,3659,3652,35,3687,46
2021-05-08,Butte,7,227075,12267,11962,1876,13838,199
2021-05-08,Calaveras,9,45235,2122,2114,15,2129,52
2021-05-08,Colusa,11,21464,1927,1939,306,2245,14
2021-05-08,Contra Costa,13,1133247,68657,68223,1311,69534,803
2021-05-08,Del Norte,15,27424,1350,1335,7,1342,8
2021-05-08,El Dorado,17,186661,10081,10079,759,10838,113
2021-05-08,Fresno,19,978130,101305,101676,9000,110676,1682
2021-05-08,Glenn,21,27897,2391,2382,566,2948,17
2021-05-08,Humboldt,23,135768,4003,3939,59,3998,36
2021-05-08,Imperial,25,180216,28363,28373,2862,31235,721
2021-05-08,Inyo,27,18085,1403,1402,3,1405,36
2021-05-08,Kern,29,883053,96258,95880,11176,107056,1310
2021-05-08,Kings,31,150075,22883,22872,1192,24064,246
2021-05-08,Lake,33,64148,3477,3470,9,3479,43
2021-05-08,Lassen,35,31185,5168,5145,113,5258,5
2021-05-08,Los Angeles,37,10098052,1198780,1194584,43626,1238210,24022
2021-05-08,Madera,39,155013,16439,16442,944,17386,238
2021-05-08,Marin,41,260295,13965,13974,258,14232,228
2021-05-08,Mariposa,43,17540,425,420,12,432,5
2021-05-08,Mendocino,45,87422,3874,3810,74,3884,46
2021-05-08,Merced,47,269075,30790,30876,1001,31877,448
2021-05-08,Modoc,49,8938,369,360,124,484,3
2021-05-08,Mono,51,14174,1241,1262,14,1276,3
2021-05-08,Monterey,53,433212,42904,42914,1923,44837,380
2021-05-08,Napa,55,140530,9841,9853,33,9886,81
2021-05-08,Nevada,57,99092,4740,4716,193,4909,70
2021-05-08,Orange,59,3164182,253825,253412,11642,265054,5006
2021-05-08,Placer,61,380077,22840,22547,1506,24053,286
2021-05-08,Plumas,63,18699,691,679,11,690,4
2021-05-08,Riverside,65,2383286,290172,287574,14732,302306,4427
2021-05-08,Sacramento,67,1510023,104354,104208,1787,105995,1610
2021-05-08,San Benito,69,59416,6042,6048,118,6166,63
2021-05-08,San Bernardino,71,2135413,291793,291296,9170,300466,4707
2021-05-08,San Diego,73,3302833,278576,277760,0,277760,3725
2021-05-08,San Francisco,75,870044,36373,36642,1373,38015,543
2021-05-08,San Joaquin,77,732212,72281,71869,3671,75540,1356
2021-05-08,San Luis Obispo,79,281455,21031,20992,764,21756,256
2021-05-08,San Mateo,81,765935,42068,41871,478,42349,424
2021-05-08,Santa Barbara,83,443738,34276,34185,1338,35523,456
2021-05-08,Santa Clara,85,1922200,117484,118751,796,119547,2003
2021-05-08,Santa Cruz,87,273765,16070,16089,875,16964,206
2021-05-08,Shasta,89,179085,12016,12030,1572,13602,200
2021-05-08,Sierra,91,2930,54,54,14,68,0
2021-05-08,Siskiyou,93,43540,1821,1741,353,2094,13
2021-05-08,Solano,95,438530,32440,32395,541,32936,249
2021-05-08,Sonoma,97,501317,29760,29942,336,30278,318
2021-05-08,Stanislaus,99,539301,55355,55467,6099,61566,898
2021-05-08,Sutter,101,95872,9369,9413,87,9500,111
2021-05-08,Tehama,103,63373,4979,4977,606,5583,62
2021-05-08,Trinity,105,12862,358,327,55,382,3
2021-05-08,Tulare,107,460477,49302,48929,9434,58363,837
2021-05-08,Tuolumne,109,53932,4051,4050,145,4195,63
2021-05-08,Ventura,111,848112,80685,80481,3089,83570,1008
2021-05-08,Yolo,113,214977,13884,13894,315,14209,209
2021-05-08,Yuba,115,75493,5949,5928,127,6055,46
2021-05-07,Alameda,1,1643700,87206,87128,2026,89154,1280
2021-05-07,Alpine,3,1148,88,88,0,88,0
2021-05-07,Amador,5,37829,3656,3651,35,3686,46
2021-05-07,Butte,7,227075,12249,11943,1871,13814,199
2021-05-07,Calaveras,9,45235,2120,2114,15,2129,52
2021-05-07,Colusa,11,21464,1927,1937,306,2243,14
2021-05-07,Contra Costa,13,1133247,68611,68156,1309,69465,804
2021-05-07,Del Norte,15,27424,1345,1329,7,1336,8
2021-05-07,El Dorado,17,186661,10068,10065,757,10822,112
2021-05-07,Fresno,19,978130,101273,101625,8999,110624,1684
2021-05-07,Glenn,21,27897,2388,2381,565,2946,17
2021-05-07,Humboldt,23,135768,3988,3919,59,3978,36
2021-05-07,Imperial,25,180216,28355,28352,2862,31214,721
2021-05-07,Inyo,27,18085,1403,1402,3,1405,36
2021-05-07,Kern,29,883053,96245,95839,11164,107003,1308
2021-05-07,Kings,31,150075,22882,22857,1191,24048,246
2021-05-07,Lake,33,64148,3475,3467,9,3476,43
2021-05-07,Lassen,35,31185,5167,5144,112,5256,5
2021-05-07,Los Angeles,37,10098052,1198610,1194294,43616,1237910,24008
2021-05-07,Madera,39,155013,16434,16439,944,17383,238
2021-05-07,Marin,41,260295,13961,13968,258,14226,228
2021-05-07,Mariposa,43,17540,424,419,12,431,5
2021-05-07,Mendocino,45,87422,3868,3805,74,3879,46
2021-05-07,Merced,47,269075,30786,30862,1001,31863,446
2021-05-07,Modoc,49,8938,369,360,124,484,3
2021-05-07,Mono,51,14174,1240,1261,14,1275,3
2021-05-07,Monterey,53,433212,42898,42909,1921,44830,380
2021-05-07,Napa,55,140530,9840,9849,33,9882,81
2021-05-07,Nevada,57,99092,4736,4704,193,4897,70
2021-05-07,Orange,59,3164182,253788,253338,11632,264970,5000
2021-05-07,Placer,61,380077,22820,22524,1503,24027,286
2021-05-07,Plumas,63,18699,691,678,11,689,4
2021-05-07,Riverside,65,2383286,290115,287479,14731,302210,4426
2021-05-07,Sacramento,67,1510023,104281,104068,1782,105850,1609
2021-05-07,San Benito,69,59416,6041,6048,118,6166,63
2021-05-07,San Bernardino,71,2135413,291754,291185,9165,300350,4697
2021-05-07,San Diego,73,3302833,278492,277534,0,277534,3718
2021-05-07,San Francisco,75,870044,36360,36616,1372,37988,543
2021-05-07,San Joaquin,77,732212,72241,71804,3669,75473,1351
2021-05-07,San Luis Obispo,79,281455,21024,20979,764,21743,256
2021-05-07,San Mateo,81,765935,42052,41844,478,42322,424
2021-05-07,Santa Barbara,83,443738,34266,34166,1338,35504,453
2021-05-07,Santa Clara,85,1922200,117451,118691,795,119486,2002
2021-05-07,Santa Cruz,87,273765,16067,16074,875,16949,206
2021-05-07,Shasta,89,179085,11994,12005,1570,13575,200
2021-05-07,Sierra,91,2930,54,54,14,68,0
2021-05-07,Siskiyou,93,43540,1818,1723,353,2076,13
2021-05-07,Solano,95,438530,32413,32352,539,32891,249
2021-05-07,Sonoma,97,501317,29743,29925,334,30259,318
2021-05-07,Stanislaus,99,539301,55314,55407,6093,61500,896
2021-05-07,Sutter,101,95872,9369,9407,86,9493,111
2021-05-07,Tehama,103,63373,4972,4974,606,5580,57
2021-05-07,Trinity,105,12862,358,327,55,382,3
2021-05-07,Tulare,107,460477,49285,48913,9429,58342,837
2021-05-07,Tuolumne,109,53932,4049,4048,145,4193,63
2021-05-07,Ventura,111,848112,80661,80444,3089,83533,1008
2021-05-07,Yolo,113,214977,13879,13875,314,14189,209
2021-05-07,Yuba,115,75493,5939,5910,127,6037,46
2021-05-06,Alameda,1,1643700,87128,87028,2022,89050,1278
2021-05-06,Alpine,3,1148,88,88,0,88,0
2021-05-06,Amador,5,37829,3654,3650,35,3685,46
2021-05-06,Butte,7,227075,12229,11929,1866,13795,198
2021-05-06,Calaveras,9,45235,2119,2111,15,2126,52
2021-05-06,Colusa,11,21464,1927,1935,306,2241,14
2021-05-06,Contra Costa,13,1133247,68556,68076,1306,69382,802
2021-05-06,Del Norte,15,27424,1337,1324,7,1331,6
2021-05-06,El Dorado,17,186661,10061,10048,757,10805,112
2021-05-06,Fresno,19,978130,101232,101536,8993,110529,1680
2021-05-06,Glenn,21,27897,2387,2380,564,2944,17
2021-05-06,Humboldt,23,135768,3964,3898,58,3956,36
2021-05-06,Imperial,25,180216,28344,28311,2861,31172,720
2021-05-06,Inyo,27,18085,1403,1401,3,1404,36
2021-05-06,Kern,29,883053,96220,95801,11147,106948,1307
2021-05-06,Kings,31,150075,22875,22848,1190,24038,246
2021-05-06,Lake,33,64148,3474,3465,9,3474,43
2021-05-06,Lassen,35,31185,5166,5143,112,5255,1
2021-05-06,Los Angeles,37,10098052,1198371,1193954,43599,1237553,23991
2021-05-06,Madera,39,155013,16426,16430,944,17374,238
2021-05-06,Marin,41,260295,13957,13956,258,14214,228
2021-05-06,Mariposa,43,17540,423,419,12,431,5
2021-05-06,Mendocino,45,87422,3857,3802,74,3876,46
2021-05-06,Merced,47,269075,30772,30863,1000,31863,444
2021-05-06,Modoc,49,8938,369,360,124,484,3
2021-05-06,Mono,51,14174,1238,1261,14,1275,3
2021-05-06,Monterey,53,433212,42882,42899,1921,44820,379
2021-05-06,Napa,55,140530,9834,9843,33,9876,81
2021-05-06,Nevada,57,99092,4735,4687,193,4880,70
2021-05-06,Orange,59,3164182,253723,253286,11625,264911,4991
2021-05-06,Placer,61,380077,22799,22493,1503,23996,286
2021-05-06,Plumas,63,18699,691,678,11,689,4
2021-05-06,Riverside,65,2383286,290042,287399,14726,302125,4422
2021-05-06,Sacramento,67,1510023,104165,103956,1779,105735,1609
2021-05-06,San Benito,69,59416,6040,6045,118,6163,63
2021-05-06,San Bernardino,71,2135413,291683,291085,9164,300249,4683
2021-05-06,San Diego,73,3302833,278369,277324,0,277324,3716
2021-05-06,San Francisco,75,870044,36345,36599,1372,37971,543
2021-05-06,San Joaquin,77,732212,72185,71729,3666,75395,1350
2021-05-06,San Luis Obispo,79,281455,21012,20965,762,21727,256
2021-05-06,San Mateo,81,765935,42034,41802,477,42279,424
2021-05-06,Santa Barbara,83,443738,34253,34152,1338,35490,453
2021-05-06,Santa Clara,85,1922200,117410,118591,795,119386,2001
2021-05-06,Santa Cruz,87,273765,16060,16050,875,16925,206
2021-05-06,Shasta,89,179085,11972,11983,1564,13547,199
2021-05-06,Sierra,91,2930,54,54,14,68,0
2021-05-06,Siskiyou,93,43540,1809,1711,351,2062,12
2021-05-06,Solano,95,438530,32387,32320,531,32851,249
2021-05-06,Sonoma,97,501317,29735,29911,334,30245,318
2021-05-06,Stanislaus,99,539301,55258,55323,6090,61413,834
2021-05-06,Sutter,101,95872,9363,9396,86,9482,111
2021-05-06,Tehama,103,63373,4967,4970,606,5576,53
2021-05-06,Trinity,105,12862,358,327,55,382,3
2021-05-06,Tulare,107,460477,49262,48890,9414,58304,836
2021-05-06,Tuolumne,109,53932,4045,4047,145,4192,63
2021-05-06,Ventura,111,848112,80630,80411,3086,83497,1005
2021-05-06,Yolo,113,214977,13871,13871,310,14181,209
2021-05-06,Yuba,115,75493,5927,5901,127,6028,46
2021-05-05,Alameda,1,1643700,87066,86950,2020,88970,1278
2021-05-05,Alpine,3,1148,88,88,0,88,0
2021-05-05,Amador,5,37829,3651,3650,35,3685,46
2021-05-05,Butte,7,227075,12211,11907,1863,13770,198
2021-05-05,Calaveras,9,45235,2115,2103,15,2118,52
2021-05-05,Colusa,11,21464,1926,1933,306,2239,14
2021-05-05,Contra Costa,13,1133247,68491,67997,1301,69298,803
2021-05-05,Del Norte,15,27424,1334,1317,7,1324,6
2021-05-05,El Dorado,17,186661,10050,10020,756,10776,111
2021-05-05,Fresno,19,978130,101183,101491,8984,110475,1680
2021-05-05,Glenn,21,27897,2384,2380,563,2943,17
2021-05-05,Humboldt,23,135768,3945,3886,56,3942,36
2021-05-05,Imperial,25,180216,28303,28295,2854,31149,720
2021-05-05,Inyo,27,18085,1402,1401,3,1404,36
2021-05-05,Kern,29,883053,96179,95753,11142,106895,1304
2021-05-05,Kings,31,150075,22869,22840,1189,24029,246
2021-05-05,Lake,33,64148,3471,3458,9,3467,43
2021-05-05,Lassen,35,31185,5166,5143,111,5254,1
2021-05-05,Los Angeles,37,10098052,1198109,1193608,43586,1237194,23977
2021-05-05,Madera,39,155013,16424,16423,944,17367,235
2021-05-05,Marin,41,260295,13949,13950,257,14207,228
2021-05-05,Mariposa,43,17540,423,418,12,430,5
2021-05-05,Mendocino,45,87422,3853,3799,74,3873,46
2021-05-05,Merced,47,269075,30752,30844,1000,31844,444
2021-05-05,Modoc,49,8938,368,361,123,484,3
2021-05-05,Mono,51,14174,1238,1260,14,1274,3
2021-05-05,Monterey,53,433212,42869,42870,1918,44788,379
2021-05-05,Napa,55,140530,9828,9833,33,9866,81
2021-05-05,Nevada,57,99092,4732,4666,193,4859,70
2021-05-05,Orange,59,3164182,253669,253237,11620,264857,4978
2021-05-05,Placer,61,380077,22767,22362,1499,23861,287
2021-05-05,Plumas,63,18699,691,677,11,688,4
2021-05-05,Riverside,65,2383286,289953,287353,14716,302069,4414
2021-05-05,Sacramento,67,1510023,104075,103476,1774,105250,1607
2021-05-05,San Benito,69,59416,6031,6046,118,6164,63
2021-05-05,San Bernardino,71,2135413,291608,291008,9160,300168,4677
2021-05-05,San Diego,73,3302833,278232,277098,0,277098,3716
2021-05-05,San Francisco,75,870044,36330,36577,1371,37948,543
2021-05-05,San Joaquin,77,732212,72133,71638,3662,75300,1345
2021-05-05,San Luis Obispo,79,281455,21004,20958,762,21720,256
2021-05-05,San Mateo,81,765935,42004,41755,475,42230,415
2021-05-05,Santa Barbara,83,443738,34239,34139,1337,35476,453
2021-05-05,Santa Clara,85,1922200,117380,118482,791,119273,1992
2021-05-05,Santa Cruz,87,273765,16054,16013,875,16888,207
2021-05-05,Shasta,89,179085,11956,11939,1560,13499,200
2021-05-05,Sierra,91,2930,54,54,14,68,0
2021-05-05,Siskiyou,93,43540,1792,1706,343,2049,11
2021-05-05,Solano,95,438530,32352,32250,529,32779,249
2021-05-05,Sonoma,97,501317,29722,29879,334,30213,318
2021-05-05,Stanislaus,99,539301,55201,55231,6087,61318,807
2021-05-05,Sutter,101,95872,9357,9387,86,9473,111
2021-05-05,Tehama,103,63373,4964,4968,606,5574,53
2021-05-05,Trinity,105,12862,358,326,55,381,3
2021-05-05,Tulare,107,460477,49241,48875,9404,58279,835
2021-05-05,Tuolumne,109,53932,4042,4040,145,4185,63
2021-05-05,Ventura,111,848112,80601,80372,3082,83454,1005
2021-05-05,Yolo,113,214977,13867,13846,308,14154,209
2021-05-05,Yuba,115,75493,5917,5895,126,6021,44
2021-05-04,Alameda,1,1643700,86974,86894,2020,88914,1277
2021-05-04,Alpine,3,1148,88,88,0,88,0
2021-05-04,Amador,5,37829,3651,3650,35,3685,46
2021-05-04,Butte,7,227075,12187,11883,1862,13745,198
2021-05-04,Calaveras,9,45235,2110,2100,15,2115,52
2021-05-04,Colusa,11,21464,1925,1933,306,2239,14
2021-05-04,Contra Costa,13,1133247,68412,67931,1297,69228,799
2021-05-04,Del Norte,15,27424,1334,1314,7,1321,6
2021-05-04,El Dorado,17,186661,10039,10009,752,10761,110
2021-05-04,Fresno,19,978130,101129,101451,8974,110425,1677
2021-05-04,Glenn,21,27897,2381,2379,560,2939,17
2021-05-04,Humboldt,23,135768,3919,3877,55,3932,36
2021-05-04,Imperial,25,180216,28283,28276,2850,31126,720
2021-05-04,Inyo,27,18085,1402,1399,3,1402,36
2021-05-04,Kern,29,883053,96146,95720,11123,106843,1301
2021-05-04,Kings,31,150075,22854,22822,1186,24008,246
2021-05-04,Lake,33,64148,3470,3454,9,3463,43
2021-05-04,Lassen,35,31185,5165,5142,111,5253,1
2021-05-04,Los Angeles,37,10098052,1197822,1193453,43574,1237027,23957
2021-05-04,Madera,39,155013,16423,16418,944,17362,235
2021-05-04,Marin,41,260295,13942,13935,257,14192,228
2021-05-04,Mariposa,43,17540,423,418,12,430,5
2021-05-04,Mendocino,45,87422,3848,3794,74,3868,46
2021-05-04,Merced,47,269075,30735,30829,1000,31829,444
2021-05-04,Modoc,49,8938,367,360,122,482,3
2021-05-04,Mono,51,14174,1238,1260,14,1274,3
2021-05-04,Monterey,53,433212,42857,42845,1917,44762,380
2021-05-04,Napa,55,140530,9819,9824,33,9857,81
2021-05-04,Nevada,57,99092,4725,4656,193,4849,70
2021-05-04,Orange,59,3164182,253602,253177,11610,264787,4977
2021-05-04,Placer,61,380077,22738,22326,1496,23822,287
2021-05-04,Plumas,63,18699,690,675,11,686,4
2021-05-04,Riverside,65,2383286,289869,287285,14708,301993,4411
2021-05-04,Sacramento,67,1510023,103946,103383,1770,105153,1604
2021-05-04,San Benito,69,59416,6030,6039,118,6157,63
2021-05-04,San Bernardino,71,2135413,291525,290934,9153,300087,4668
2021-05-04,San Diego,73,3302833,278066,276879,0,276879,3713
2021-05-04,San Francisco,75,870044,36312,36550,1371,37921,541
2021-05-04,San Joaquin,77,732212,72072,71582,3658,75240,1342
2021-05-04,San Luis Obispo,79,281455,21000,20923,760,21683,255
2021-05-04,San Mateo,81,765935,41979,41708,475,42183,415
2021-05-04,Santa Barbara,83,443738,34223,34131,1337,35468,453
2021-05-04,Santa Clara,85,1922200,117317,118431,790,119221,1988
2021-05-04,Santa Cruz,87,273765,16048,16005,875,16880,207
2021-05-04,Shasta,89,179085,11936,11923,1554,13477,198
2021-05-04,Sierra,91,2930,54,54,14,68,0
2021-05-04,Siskiyou,93,43540,1785,1694,341,2035,11
2021-05-04,Solano,95,438530,32311,32220,527,32747,249
2021-05-04,Sonoma,97,501317,29704,29867,333,30200,318
2021-05-04,Stanislaus,99,539301,55146,55165,6084,61249,807
2021-05-04,Sutter,101,95872,9352,9375,86,9461,111
2021-05-04,Tehama,103,63373,4962,4959,605,5564,53
2021-05-04,Trinity,105,12862,358,326,55,381,3
2021-05-04,Tulare,107,460477,49215,48857,9394,58251,835
2021-05-04,Tuolumne,109,53932,4040,4041,145,4186,61
2021-05-04,Ventura,111,848112,80572,80351,3080,83431,1005
2021-05-04,Yolo,113,214977,13854,13820,306,14126,208
2021-05-04,Yuba,115,75493,5911,5891,126,6017,44
2021-05-03,Alameda,1,1643700,86897,86845,2014,88859,1272
2021-05-03,Alpine,3,1148,88,88,0,88,0
2021-05-03,Amador,5,37829,3651,3651,35,3686,46
2021-05-03,Butte,7,227075,12177,11864,1859,13723,198
2021-05-03,Calaveras,9,45235,2109,2099,15,2114,50
2021-05-03,Colusa,11,21464,1924,1931,304,2235,14
2021-05-03,Contra Costa,13,1133247,68353,67895,1293,69188,799
2021-05-03,Del Norte,15,27424,1329,1306,6,1312,6
2021-05-03,El Dorado,17,186661,10021,9984,747,10731,110
2021-05-03,Fresno,19,978130,101076,101405,8962,110367,1678
2021-05-03,Glenn,21,27897,2381,2375,559,2934,17
2021-05-03,Humboldt,23,135768,3904,3865,51,3916,36
2021-05-03,Imperial,25,180216,28261,28280,2847,31127,720
2021-05-03,Inyo,27,18085,1401,1398,3,1401,36
2021-05-03,Kern,29,883053,96111,95693,11110,106803,1299
2021-05-03,Kings,31,150075,22845,22821,1186,24007,246
2021-05-03,Lake,33,64148,3468,3446,9,3455,43
2021-05-03,Lassen,35,31185,5164,5142,111,5253,1
2021-05-03,Los Angeles,37,10098052,1197559,1193261,43546,1236807,23942
2021-05-03,Madera,39,155013,16419,16414,943,17357,235
2021-05-03,Marin,41,260295,13936,13927,257,14184,228
2021-05-03,Mariposa,43,17540,423,418,12,430,5
2021-05-03,Mendocino,45,87422,3841,3792,74,3866,46
2021-05-03,Merced,47,269075,30724,30814,998,31812,444
2021-05-03,Modoc,49,8938,367,360,122,482,3
2021-05-03,Mono,51,14174,1238,1259,14,1273,3
2021-05-03,Monterey,53,433212,42847,42837,1915,44752,380
2021-05-03,Napa,55,140530,9814,9815,33,9848,81
2021-05-03,Nevada,57,99092,4717,4650,193,4843,70
2021-05-03,Orange,59,3164182,253544,253107,11602,264709,4968
2021-05-03,Placer,61,380077,22707,22289,1490,23779,287
2021-05-03,Plumas,63,18699,689,675,11,686,4
2021-05-03,Riverside,65,2383286,289797,287233,14707,301940,4412
2021-05-03,Sacramento,67,1510023,103793,103303,1761,105064,1602
2021-05-03,San Benito,69,59416,6029,6038,118,6156,63
2021-05-03,San Bernardino,71,2135413,291456,290886,9148,300034,4659
2021-05-03,San Diego,73,3302833,277903,276693,0,276693,3712
2021-05-03,San Francisco,75,870044,36286,36538,1370,37908,541
2021-05-03,San Joaquin,77,732212,72021,71504,3655,75159,1325
2021-05-03,San Luis Obispo,79,281455,20983,20915,757,21672,254
2021-05-03,San Mateo,81,765935,41956,41689,474,42163,413
2021-05-03,Santa Barbara,83,443738,34211,34119,1337,35456,453
2021-05-03,Santa Clara,85,1922200,117263,118373,789,119162,1988
2021-05-03,Santa Cruz,87,273765,16045,16000,875,16875,207
2021-05-03,Shasta,89,179085,11913,11890,1549,13439,197
2021-05-03,Sierra,91,2930,54,54,14,68,0
2021-05-03,Siskiyou,93,43540,1779,1683,335,2018,11
2021-05-03,Solano,95,438530,32270,32201,526,32727,249
2021-05-03,Sonoma,97,501317,29692,29855,330,30185,318
2021-05-03,Stanislaus,99,539301,55082,55116,6073,61189,774
2021-05-03,Sutter,101,95872,9340,9370,86,9456,111
2021-05-03,Tehama,103,63373,4953,4952,605,5557,53
2021-05-03,Trinity,105,12862,358,326,55,381,3
2021-05-03,Tulare,107,460477,49198,48844,9384,58228,835
2021-05-03,Tuolumne,109,53932,4039,4038,139,4177,61
2021-05-03,Ventura,111,848112,80550,80291,3080,83371,1005
2021-05-03,Yolo,113,214977,13841,13809,304,14113,208
2021-05-03,Yuba,115,75493,5906,5880,126,6006,44
2021-05-02,Alameda,1,1643700,86811,86784,2012,88796,1272
2021-05-02,Alpine,3,1148,88,88,0,88,0
2021-05-02,Amador,5,37829,3651,3650,35,3685,46
2021-05-02,Butte,7,227075,12153,11859,1856,13715,198
2021-05-02,Calaveras,9,45235,2105,2098,15,2113,50
2021-05-02,Colusa,11,21464,1923,1931,303,2234,14
2021-05-02,Contra Costa,13,1133247,68267,67843,1290,69133,800
2021-05-02,Del Norte,15,27424,1322,1305,6,1311,6
2021-05-02,El Dorado,17,186661,10006,9962,746,10708,110
2021-05-02,Fresno,19,978130,101005,101372,8953,110325,1678
2021-05-02,Glenn,21,27897,2380,2374,557,2931,17
2021-05-02,Humboldt,23,135768,3892,3858,49,3907,36
2021-05-02,Imperial,25,180216,28227,28275,2838,31113,721
2021-05-02,Inyo,27,18085,1399,1398,3,1401,36
2021-05-02,Kern,29,883053,96053,95668,11103,106771,1299
2021-05-02,Kings,31,150075,22827,22816,1185,24001,246
2021-05-02,Lake,33,64148,3466,3443,9,3452,43
2021-05-02,Lassen,35,31185,5163,5142,110,5252,1
2021-05-02,Los Angeles,37,10098052,1197213,1193056,43522,1236578,23943
2021-05-02,Madera,39,155013,16413,16410,943,17353,235
2021-05-02,Marin,41,260295,13926,13917,257,14174,228
2021-05-02,Mariposa,43,17540,423,419,12,431,5
2021-05-02,Mendocino,45,87422,3836,3787,74,3861,46
2021-05-02,Merced,47,269075,30702,30793,996,31789,444
2021-05-02,Modoc,49,8938,367,360,122,482,3
2021-05-02,Mono,51,14174,1237,1259,14,1273,3
2021-05-02,Monterey,53,433212,42834,42837,1913,44750,380
2021-05-02,Napa,55,140530,9810,9805,33,9838,81
2021-05-02,Nevada,57,99092,4701,4635,193,4828,70
2021-05-02,Orange,59,3164182,253473,253025,11589,264614,4968
2021-05-02,Placer,61,380077,22678,22264,1487,23751,287
2021-05-02,Plumas,63,18699,689,675,11,686,4
2021-05-02,Riverside,65,2383286,289700,287197,14697,301894,4412
2021-05-02,Sacramento,67,1510023,103658,103153,1754,104907,1602
2021-05-02,San Benito,69,59416,6024,6037,118,6155,63
2021-05-02,San Bernardino,71,2135413,291355,290859,9146,300005,4655
2021-05-02,San Diego,73,3302833,277707,276521,0,276521,3712
2021-05-02,San Francisco,75,870044,36260,36522,1370,37892,541
2021-05-02,San Joaquin,77,732212,71957,71447,3648,75095,1325
2021-05-02,San Luis Obispo,79,281455,20963,20910,756,21666,254
2021-05-02,San Mateo,81,765935,41940,41656,473,42129,412
2021-05-02,Santa Barbara,83,443738,34197,34106,1337,35443,453
2021-05-02,Santa Clara,85,1922200,117190,118321,789,119110,1988
2021-05-02,Santa Cruz,87,273765,16040,15995,874,16869,207
2021-05-02,Shasta,89,179085,11897,11885,1541,13426,197
2021-05-02,Sierra,91,2930,54,54,14,68,0
2021-05-02,Siskiyou,93,43540,1768,1661,334,1995,11
2021-05-02,Solano,95,438530,32231,32151,522,32673,249
2021-05-02,Sonoma,97,501317,29669,29842,330,30172,318
2021-05-02,Stanislaus,99,539301,55009,55057,6066,61123,774
2021-05-02,Sutter,101,95872,9333,9363,86,9449,111
2021-05-02,Tehama,103,63373,4948,4950,602,5552,53
2021-05-02,Trinity,105,12862,358,326,55,381,3
2021-05-02,Tulare,107,460477,49180,48834,9376,58210,835
2021-05-02,Tuolumne,109,53932,4036,4038,139,4177,61
2021-05-02,Ventura,111,848112,80513,80284,3079,83363,1005
2021-05-02,Yolo,113,214977,13829,13799,303,14102,208
2021-05-02,Yuba,115,75493,5896,5879,126,6005,44
2021-05-01,Alameda,1,1643700,86768,86704,2009,88713,1270
2021-05-01,Alpine,3,1148,88,88,0,88,0
2021-05-01,Amador,5,37829,3651,3650,35,3685,46
2021-05-01,Butte,7,227075,12139,11845,1851,13696,198
2021-05-01,Calaveras,9,45235,2103,2096,15,2111,50
2021-05-01,Colusa,11,21464,1922,1931,303,2234,14
2021-05-01,Contra Costa,13,1133247,68215,67779,1287,69066,800
2021-05-01,Del Norte,15,27424,1321,1292,6,1298,6
2021-05-01,El Dorado,17,186661,9992,9944,744,10688,110
2021-05-01,Fresno,19,978130,100960,101326,8946,110272,1678
2021-05-01,Glenn,21,27897,2377,2369,556,2925,17
2021-05-01,Humboldt,23,135768,3877,3845,49,3894,36
2021-05-01,Imperial,25,180216,28220,28262,2838,31100,721
2021-05-01,Inyo,27,18085,1399,1397,3,1400,36
2021-05-01,Kern,29,883053,96026,95645,11090,106735,1299
2021-05-01,Kings,31,150075,22825,22797,1182,23979,246
2021-05-01,Lake,33,64148,3464,3441,9,3450,43
2021-05-01,Lassen,35,31185,5161,5142,110,5252,1
2021-05-01,Los Angeles,37,10098052,1197046,1192781,43507,1236288,23946
2021-05-01,Madera,39,155013,16409,16408,943,17351,235
2021-05-01,Marin,41,260295,13919,13902,257,14159,228
2021-05-01,Mariposa,43,17540,423,418,12,430,5
2021-05-01,Mendocino,45,87422,3834,3782,74,3856,46
2021-05-01,Merced,47,269075,30684,30771,995,31766,444
2021-05-01,Modoc,49,8938,367,361,122,483,3
2021-05-01,Mono,51,14174,1237,1258,14,1272,3
2021-05-01,Monterey,53,433212,42828,42828,1913,44741,379
2021-05-01,Napa,55,140530,9807,9800,33,9833,81
2021-05-01,Nevada,57,99092,4696,4625,193,4818,70
2021-05-01,Orange,59,3164182,253434,252969,11578,264547,4964
2021-05-01,Placer,61,380077,22652,22240,1485,23725,287
2021-05-01,Plumas,63,18699,688,675,11,686,4
2021-05-01,Riverside,65,2383286,289661,287129,14695,301824,4412
2021-05-01,Sacramento,67,1510023,103579,103043,1752,104795,1602
2021-05-01,San Benito,69,59416,6021,6030,118,6148,63
2021-05-01,San Bernardino,71,2135413,291311,290802,9145,299947,4652
2021-05-01,San Diego,73,3302833,277583,276367,0,276367,3706
2021-05-01,San Francisco,75,870044,36245,36496,1370,37866,541
2021-05-01,San Joaquin,77,732212,71909,71389,3646,75035,1325
2021-05-01,San Luis Obispo,79,281455,20958,20896,755,21651,254
2021-05-01,San Mateo,81,765935,41911,41617,472,42089,411
2021-05-01,Santa Barbara,83,443738,34192,34085,1335,35420,453
2021-05-01,Santa Clara,85,1922200,117139,118265,787,119052,1988
2021-05-01,Santa Cruz,87,273765,16037,15984,874,16858,207
2021-05-01,Shasta,89,179085,11877,11878,1533,13411,197
2021-05-01,Sierra,91,2930,54,53,14,67,0
2021-05-01,Siskiyou,93,43540,1760,1653,333,1986,11
2021-05-01,Solano,95,438530,32201,32124,514,32638,249
2021-05-01,Sonoma,97,501317,29667,29835,330,30165,318
2021-05-01,Stanislaus,99,539301,54974,55005,6060,61065,774
2021-05-01,Sutter,101,95872,9330,9358,86,9444,110
2021-05-01,Tehama,103,63373,4947,4950,601,5551,53
2021-05-01,Trinity,105,12862,358,326,54,380,3
2021-05-01,Tulare,107,460477,49173,48818,9370,58188,835
2021-05-01,Tuolumne,109,53932,4030,4035,139,4174,61
2021-05-01,Ventura,111,848112,80495,80268,3079,83347,1005
2021-05-01,Yolo,113,214977,13822,13784,301,14085,208
2021-05-01,Yuba,115,75493,5894,5875,126,6001,44
2021-04-30,Alameda,1,1643700,86706,86602,2006,88608,1268
2021-04-30,Alpine,3,1148,88,88,0,88,0
2021-04-30,Amador,5,37829,3649,3650,35,3685,46
2021-04-30,Butte,7,227075,12120,11812,1847,13659,197
2021-04-30,Calaveras,9,45235,2102,2087,15,2102,50
2021-04-30,Colusa,11,21464,1922,1931,302,2233,14
2021-04-30,Contra Costa,13,1133247,68167,67684,1284,68968,800
2021-04-30,Del Norte,15,27424,1309,1276,6,1282,6
2021-04-30,El Dorado,17,186661,9978,9906,744,10650,110
2021-04-30,Fresno,19,978130,100914,101263,8942,110205,1670
2021-04-30,Glenn,21,27897,2376,2369,556,2925,17
2021-04-30,Humboldt,23,135768,3864,3834,49,3883,36
2021-04-30,Imperial,25,180216,28211,28244,2835,31079,721
2021-04-30,Inyo,27,18085,1399,1397,3,1400,36
2021-04-30,Kern,29,883053,96010,95605,11085,106690,1298
2021-04-30,Kings,31,150075,22822,22793,1181,23974,246
2021-04-30,Lake,33,64148,3460,3440,9,3449,43
2021-04-30,Lassen,35,31185,5160,5140,110,5250,1
2021-04-30,Los Angeles,37,10098052,1196839,1192393,43493,1235886,23919
2021-04-30,Madera,39,155013,16403,16395,943,17338,235
2021-04-30,Marin,41,260295,13911,13895,255,14150,228
2021-04-30,Mariposa,43,17540,423,417,12,429,5
2021-04-30,Mendocino,45,87422,3830,3777,74,3851,46
2021-04-30,Merced,47,269075,30671,30740,994,31734,444
2021-04-30,Modoc,49,8938,366,360,122,482,3
2021-04-30,Mono,51,14174,1237,1258,14,1272,3
2021-04-30,Monterey,53,433212,42814,42810,1912,44722,379
2021-04-30,Napa,55,140530,9803,9792,33,9825,81
2021-04-30,Nevada,57,99092,4688,4608,193,4801,70
2021-04-30,Orange,59,3164182,253379,252883,11572,264455,4956
2021-04-30,Placer,61,380077,22633,22190,1481,23671,287
2021-04-30,Plumas,63,18699,688,677,11,688,4
2021-04-30,Riverside,65,2383286,289608,287030,14688,301718,4412
2021-04-30,Sacramento,67,1510023,103478,102864,1748,104612,1596
2021-04-30,San Benito,69,59416,6017,6024,117,6141,63
2021-04-30,San Bernardino,71,2135413,291257,290704,9144,299848,4640
2021-04-30,San Diego,73,3302833,277489,276157,0,276157,3702
2021-04-30,San Francisco,75,870044,36234,36453,1369,37822,538
2021-04-30,San Joaquin,77,732212,71858,71311,3643,74954,1306
2021-04-30,San Luis Obispo,79,281455,20952,20884,755,21639,255
2021-04-30,San Mateo,81,765935,41896,41583,471,42054,380
2021-04-30,Santa Barbara,83,443738,34179,34061,1335,35396,451
2021-04-30,Santa Clara,85,1922200,117081,118170,783,118953,1988
2021-04-30,Santa Cruz,87,273765,16032,15975,874,16849,207
2021-04-30,Shasta,89,179085,11856,11848,1530,13378,197
2021-04-30,Sierra,91,2930,54,53,14,67,0
2021-04-30,Siskiyou,93,43540,1749,1628,330,1958,11
2021-04-30,Solano,95,438530,32169,32050,511,32561,249
2021-04-30,Sonoma,97,501317,29657,29816,328,30144,318
2021-04-30,Stanislaus,99,539301,54923,54938,6057,60995,774
2021-04-30,Sutter,101,95872,9328,9353,86,9439,110
2021-04-30,Tehama,103,63373,4945,4944,601,5545,53
2021-04-30,Trinity,105,12862,358,326,54,380,3
2021-04-30,Tulare,107,460477,49164,48797,9353,58150,836
2021-04-30,Tuolumne,109,53932,4029,4033,139,4172,61
2021-04-30,Ventura,111,848112,80456,80232,3074,83306,1004
2021-04-30,Yolo,113,214977,13809,13756,301,14057,208
2021-04-30,Yuba,115,75493,5886,5870,126,5996,44
2021-04-29,Alameda,1,1643700,86641,86490,2004,88494,1263
2021-04-29,Alpine,3,1148,88,88,0,88,0
2021-04-29,Amador,5,37829,3649,3649,35,3684,46
2021-04-29,Butte,7,227075,12105,11787,1845,13632,196
2021-04-29,Calaveras,9,45235,2099,2082,15,2097,50
2021-04-29,Colusa,11,21464,1922,1929,302,2231,14
2021-04-29,Contra Costa,13,1133247,68112,67606,1281,68887,795
2021-04-29,Del Norte,15,27424,1305,1271,6,1277,6
2021-04-29,El Dorado,17,186661,9959,9884,741,10625,107
2021-04-29,Fresno,19,978130,100860,101189,8931,110120,1667
2021-04-29,Glenn,21,27897,2373,2369,556,2925,17
2021-04-29,Humboldt,23,135768,3850,3815,49,3864,36
2021-04-29,Imperial,25,180216,28198,28235,2834,31069,720
2021-04-29,Inyo,27,18085,1399,1396,3,1399,36
2021-04-29,Kern,29,883053,95977,95547,11081,106628,1295
2021-04-29,Kings,31,150075,22812,22777,1176,23953,245
2021-04-29,Lake,33,64148,3452,3438,9,3447,43
2021-04-29,Lassen,35,31185,5160,5140,110,5250,1
2021-04-29,Los Angeles,37,10098052,1196565,1192068,43472,1235540,23899
2021-04-29,Madera,39,155013,16398,16383,942,17325,235
2021-04-29,Marin,41,260295,13907,13884,247,14131,228
2021-04-29,Mariposa,43,17540,422,416,12,428,5
2021-04-29,Mendocino,45,87422,3824,3774,74,3848,46
2021-04-29,Merced,47,269075,30651,30706,994,31700,444
2021-04-29,Modoc,49,8938,366,360,122,482,3
2021-04-29,Mono,51,14174,1235,1259,14,1273,3
2021-04-29,Monterey,53,433212,42798,42797,1911,44708,379
2021-04-29,Napa,55,140530,9789,9789,33,9822,81
2021-04-29,Nevada,57,99092,4677,4590,193,4783,70
2021-04-29,Orange,59,3164182,253313,252823,11557,264380,4934
2021-04-29,Placer,61,380077,22608,22161,1479,23640,286
2021-04-29,Plumas,63,18699,687,676,11,687,4
2021-04-29,Riverside,65,2383286,289542,286947,14684,301631,4409
2021-04-29,Sacramento,67,1510023,103346,102686,1738,104424,1593
2021-04-29,San Benito,69,59416,6016,6023,117,6140,63
2021-04-29,San Bernardino,71,2135413,291184,290606,9139,299745,4609
2021-04-29,San Diego,73,3302833,277340,275961,0,275961,3700
2021-04-29,San Francisco,75,870044,36208,36412,1369,37781,537
2021-04-29,San Joaquin,77,732212,71793,71225,3638,74863,1301
2021-04-29,San Luis Obispo,79,281455,20941,20876,755,21631,255
2021-04-29,San Mateo,81,765935,41867,41538,470,42008,358
2021-04-29,Santa Barbara,83,443738,34163,34039,1333,35372,448
2021-04-29,Santa Clara,85,1922200,117026,118082,781,118863,1984
2021-04-29,Santa Cruz,87,273765,16026,15961,874,16835,205
2021-04-29,Shasta,89,179085,11826,11836,1521,13357,193
2021-04-29,Sierra,91,2930,54,53,14,67,0
2021-04-29,Siskiyou,93,43540,1740,1615,327,1942,11
2021-04-29,Solano,95,438530,32129,32002,506,32508,248
2021-04-29,Sonoma,97,501317,29642,29785,325,30110,318
2021-04-29,Stanislaus,99,539301,54856,54836,6052,60888,774
2021-04-29,Sutter,101,95872,9321,9346,86,9432,110
2021-04-29,Tehama,103,63373,4937,4939,600,5539,53
2021-04-29,Trinity,105,12862,358,326,54,380,3
2021-04-29,Tulare,107,460477,49149,48785,9339,58124,832
2021-04-29,Tuolumne,109,53932,4028,4030,139,4169,58
2021-04-29,Ventura,111,848112,80422,80188,3072,83260,1002
2021-04-29,Yolo,113,214977,13788,13745,299,14044,205
2021-04-29,Yuba,115,75493,5876,5865,126,5991,44
2021-04-28,Alameda,1,1643700,86569,86390,1999,88389,1260
2021-04-28,Alpine,3,1148,88,88,0,88,0
2021-04-28,Amador,5,37829,3649,3646,35,3681,46
2021-04-28,Butte,7,227075,12085,11762,1840,13602,196
2021-04-28,Calaveras,9,45235,2095,2078,14,2092,50
2021-04-28,Colusa,11,21464,1919,1927,301,2228,14
2021-04-28,Contra Costa,13,1133247,68052,67539,1280,68819,795
2021-04-28,Del Norte,15,27424,1297,1267,6,1273,6
2021-04-28,El Dorado,17,186661,9935,9873,741,10614,107
2021-04-28,Fresno,19,978130,100814,101161,8920,110081,1666
2021-04-28,Glenn,21,27897,2370,2368,556,2924,17
2021-04-28,Humboldt,23,135768,3833,3796,48,3844,36
2021-04-28,Imperial,25,180216,28184,28177,2833,31010,720
2021-04-28,Inyo,27,18085,1399,1396,2,1398,36
2021-04-28,Kern,29,883053,95947,95494,11073,106567,1295
2021-04-28,Kings,31,150075,22801,22767,1173,23940,245
2021-04-28,Lake,33,64148,3449,3433,9,3442,43
2021-04-28,Lassen,35,31185,5160,5138,110,5248,1
2021-04-28,Los Angeles,37,10098052,1196271,1191729,43445,1235174,23858
2021-04-28,Madera,39,155013,16394,16372,942,17314,235
2021-04-28,Marin,41,260295,13896,13866,247,14113,227
2021-04-28,Mariposa,43,17540,419,415,12,427,5
2021-04-28,Mendocino,45,87422,3818,3770,72,3842,46
2021-04-28,Merced,47,269075,30632,30649,994,31643,443
2021-04-28,Modoc,49,8938,366,360,122,482,3
2021-04-28,Mono,51,14174,1235,1258,14,1272,3
2021-04-28,Monterey,53,433212,42793,42776,1911,44687,379
2021-04-28,Napa,55,140530,9778,9777,33,9810,81
2021-04-28,Nevada,57,99092,4658,4570,193,4763,70
2021-04-28,Orange,59,3164182,253236,252747,11542,264289,4931
2021-04-28,Placer,61,380077,22581,22115,1478,23593,285
2021-04-28,Plumas,63,18699,687,676,11,687,4
2021-04-28,Riverside,65,2383286,289486,286868,14679,301547,4407
2021-04-28,Sacramento,67,1510023,103223,102613,1734,104347,1591
2021-04-28,San Benito,69,59416,6014,6021,117,6138,63
2021-04-28,San Bernardino,71,2135413,291111,290548,9128,299676,4582
2021-04-28,San Diego,73,3302833,277185,275821,0,275821,3698
2021-04-28,San Francisco,75,870044,36179,36382,1368,37750,534
2021-04-28,San Joaquin,77,732212,71713,71171,3630,74801,1301
2021-04-28,San Luis Obispo,79,281455,20933,20851,755,21606,255
2021-04-28,San Mateo,81,765935,41842,41498,468,41966,358
2021-04-28,Santa Barbara,83,443738,34149,34003,1332,35335,448
2021-04-28,Santa Clara,85,1922200,116957,117997,778,118775,1969
2021-04-28,Santa Cruz,87,273765,16022,15943,873,16816,205
2021-04-28,Shasta,89,179085,11811,11815,1513,13328,192
2021-04-28,Sierra,91,2930,54,51,14,65,0
2021-04-28,Siskiyou,93,43540,1727,1603,325,1928,11
2021-04-28,Solano,95,438530,32097,31982,502,32484,248
2021-04-28,Sonoma,97,501317,29628,29773,321,30094,318
2021-04-28,Stanislaus,99,539301,54802,54745,6048,60793,774
2021-04-28,Sutter,101,95872,9316,9343,86,9429,110
2021-04-28,Tehama,103,63373,4931,4930,599,5529,53
2021-04-28,Trinity,105,12862,358,326,54,380,3
2021-04-28,Tulare,107,460477,49132,48754,9323,58077,832
2021-04-28,Tuolumne,109,53932,4025,4029,139,4168,58
2021-04-28,Ventura,111,848112,80387,80172,3070,83242,1000
2021-04-28,Yolo,113,214977,13773,13721,298,14019,205
2021-04-28,Yuba,115,75493,5870,5857,126,5983,44
2021-04-27,Alameda,1,1643700,86472,86301,1994,88295,1260
2021-04-27,Alpine,3,1148,88,88,0,88,0
2021-04-27,Amador,5,37829,3649,3645,35,3680,46
2021-04-27,Butte,7,227075,12060,11738,1834,13572,196
2021-04-27,Calaveras,9,45235,2092,2076,14,2090,50
2021-04-27,Colusa,11,21464,1918,1926,301,2227,14
2021-04-27,Contra Costa,13,1133247,67983,67470,1276,68746,791
2021-04-27,Del Norte,15,27424,1285,1266,6,1272,6
2021-04-27,El Dorado,17,186661,9906,9866,738,10604,106
2021-04-27,Fresno,19,978130,100751,101138,8908,110046,1663
2021-04-27,Glenn,21,27897,2370,2368,556,2924,17
2021-04-27,Humboldt,23,135768,3822,3780,47,3827,35
2021-04-27,Imperial,25,180216,28168,28149,2827,30976,720
2021-04-27,Inyo,27,18085,1399,1396,2,1398,36
2021-04-27,Kern,29,883053,95893,95466,11060,106526,1295
2021-04-27,Kings,31,150075,22787,22759,1170,23929,244
2021-04-27,Lake,33,64148,3448,3431,9,3440,43
2021-04-27,Lassen,35,31185,5160,5137,110,5247,1
2021-04-27,Los Angeles,37,10098052,1195953,1191504,43414,1234918,23825
2021-04-27,Madera,39,155013,16387,16365,942,17307,235
2021-04-27,Marin,41,260295,13875,13855,246,14101,227
2021-04-27,Mariposa,43,17540,418,413,12,425,5
2021-04-27,Mendocino,45,87422,3814,3765,72,3837,46
2021-04-27,Merced,47,269075,30592,30620,994,31614,443
2021-04-27,Modoc,49,8938,365,360,122,482,3
2021-04-27,Mono,51,14174,1235,1257,14,1271,3
2021-04-27,Monterey,53,433212,42775,42752,1908,44660,379
2021-04-27,Napa,55,140530,9771,9774,33,9807,81
2021-04-27,Nevada,57,99092,4643,4557,193,4750,70
2021-04-27,Orange,59,3164182,253169,252667,11536,264203,4925
2021-04-27,Placer,61,380077,22550,22050,1475,23525,285
2021-04-27,Plumas,63,18699,686,675,11,686,4
2021-04-27,Riverside,65,2383286,289413,286820,14674,301494,4405
2021-04-27,Sacramento,67,1510023,103096,102595,1724,104319,1589
2021-04-27,San Benito,69,59416,6009,6016,117,6133,63
2021-04-27,San Bernardino,71,2135413,291039,290461,9123,299584,4575
2021-04-27,San Diego,73,3302833,277029,275685,0,275685,3692
2021-04-27,San Francisco,75,870044,36151,36358,1367,37725,533
2021-04-27,San Joaquin,77,732212,71660,71104,3625,74729,1301
2021-04-27,San Luis Obispo,79,281455,20926,20841,755,21596,255
2021-04-27,San Mateo,81,765935,41809,41474,467,41941,358
2021-04-27,Santa Barbara,83,443738,34125,33973,1330,35303,448
2021-04-27,Santa Clara,85,1922200,116907,117945,777,118722,1969
2021-04-27,Santa Cruz,87,273765,16015,15905,872,16777,205
2021-04-27,Shasta,89,179085,11785,11802,1505,13307,192
2021-04-27,Sierra,91,2930,54,51,14,65,0
2021-04-27,Siskiyou,93,43540,1712,1597,324,1921,11
2021-04-27,Solano,95,438530,32049,31964,501,32465,248
2021-04-27,Sonoma,97,501317,29609,29761,320,30081,318
2021-04-27,Stanislaus,99,539301,54732,54695,6040,60735,752
2021-04-27,Sutter,101,95872,9311,9342,86,9428,110
2021-04-27,Tehama,103,63373,4928,4922,595,5517,53
2021-04-27,Trinity,105,12862,358,326,54,380,3
2021-04-27,Tulare,107,460477,49116,48744,9313,58057,832
2021-04-27,Tuolumne,109,53932,4022,4028,139,4167,58
2021-04-27,Ventura,111,848112,80358,80152,3068,83220,1000
2021-04-27,Yolo,113,214977,13760,13697,296,13993,205
2021-04-27,Yuba,115,75493,5870,5853,126,5979,44
2021-04-26,Alameda,1,1643700,86381,86230,1990,88220,1256
2021-04-26,Alpine,3,1148,88,88,0,88,0
2021-04-26,Amador,5,37829,3648,3645,35,3680,46
2021-04-26,Butte,7,227075,12036,11720,1830,13550,196
2021-04-26,Calaveras,9,45235,2083,2074,14,2088,50
2021-04-26,Colusa,11,21464,1918,1925,300,2225,14
2021-04-26,Contra Costa,13,1133247,67915,67392,1272,68664,789
2021-04-26,Del Norte,15,27424,1276,1263,6,1269,6
2021-04-26,El Dorado,17,186661,9885,9849,737,10586,106
2021-04-26,Fresno,19,978130,100696,101099,8895,109994,1662
2021-04-26,Glenn,21,27897,2368,2367,556,2923,17
2021-04-26,Humboldt,23,135768,3812,3764,46,3810,35
2021-04-26,Imperial,25,180216,28155,28148,2824,30972,720
2021-04-26,Inyo,27,18085,1398,1396,2,1398,36
2021-04-26,Kern,29,883053,95868,95429,11053,106482,1295
2021-04-26,Kings,31,150075,22784,22756,1167,23923,244
2021-04-26,Lake,33,64148,3443,3428,9,3437,43
2021-04-26,Lassen,35,31185,5160,5138,110,5248,1
2021-04-26,Los Angeles,37,10098052,1195631,1191253,43393,1234646,23802
2021-04-26,Madera,39,155013,16375,16353,941,17294,231
2021-04-26,Marin,41,260295,13860,13849,246,14095,227
2021-04-26,Mariposa,43,17540,417,410,12,422,5
2021-04-26,Mendocino,45,87422,3812,3757,72,3829,46
2021-04-26,Merced,47,269075,30575,30611,991,31602,443
2021-04-26,Modoc,49,8938,365,360,122,482,3
2021-04-26,Mono,51,14174,1235,1258,14,1272,3
2021-04-26,Monterey,53,433212,42759,42740,1907,44647,379
2021-04-26,Napa,55,140530,9759,9769,33,9802,79
2021-04-26,Nevada,57,99092,4622,4548,193,4741,70
2021-04-26,Orange,59,3164182,253085,252592,11525,264117,4919
2021-04-26,Placer,61,380077,22521,22032,1470,23502,285
2021-04-26,Plumas,63,18699,686,670,11,681,4
2021-04-26,Riverside,65,2383286,289352,286724,14665,301389,4401
2021-04-26,Sacramento,67,1510023,102924,102459,1710,104169,1587
2021-04-26,San Benito,69,59416,6007,6013,117,6130,63
2021-04-26,San Bernardino,71,2135413,290988,290394,9121,299515,4572
2021-04-26,San Diego,73,3302833,276855,275541,0,275541,3692
2021-04-26,San Francisco,75,870044,36124,36330,1365,37695,532
2021-04-26,San Joaquin,77,732212,71594,71050,3618,74668,1301
2021-04-26,San Luis Obispo,79,281455,20918,20830,754,21584,255
2021-04-26,San Mateo,81,765935,41779,41457,467,41924,357
2021-04-26,Santa Barbara,83,443738,34094,33948,1330,35278,448
2021-04-26,Santa Clara,85,1922200,116808,117874,773,118647,1968
2021-04-26,Santa Cruz,87,273765,16006,15877,872,16749,205
2021-04-26,Shasta,89,179085,11768,11787,1499,13286,192
2021-04-26,Sierra,91,2930,53,51,14,65,0
2021-04-26,Siskiyou,93,43540,1702,1592,320,1912,11
2021-04-26,Solano,95,438530,32004,31913,499,32412,247
2021-04-26,Sonoma,97,501317,29586,29755,318,30073,318
2021-04-26,Stanislaus,99,539301,54642,54638,6034,60672,744
2021-04-26,Sutter,101,95872,9306,9328,86,9414,110
2021-04-26,Tehama,103,63373,4923,4920,592,5512,53
2021-04-26,Trinity,105,12862,358,326,54,380,3
2021-04-26,Tulare,107,460477,49096,48735,9304,58039,831
2021-04-26,Tuolumne,109,53932,4021,4024,139,4163,58
2021-04-26,Ventura,111,848112,80333,80137,3065,83202,999
2021-04-26,Yolo,113,214977,13740,13684,293,13977,205
2021-04-26,Yuba,115,75493,5868,5851,126,5977,44
2021-04-25,Alameda,1,1643700,86274,86162,1983,88145,1256
2021-04-25,Alpine,3,1148,88,87,0,87,0
2021-04-25,Amador,5,37829,3647,3643,35,3678,46
2021-04-25,Butte,7,227075,12007,11709,1823,13532,196
2021-04-25,Calaveras,9,45235,2077,2072,13,2085,50
2021-04-25,Colusa,11,21464,1917,1924,300,2224,14
2021-04-25,Contra Costa,13,1133247,67823,67316,1271,68587,789
2021-04-25,Del Norte,15,27424,1270,1259,6,1265,6
2021-04-25,El Dorado,17,186661,9869,9837,735,10572,106
2021-04-25,Fresno,19,978130,100638,101061,8883,109944,1662
2021-04-25,Glenn,21,27897,2368,2366,556,2922,17
2021-04-25,Humboldt,23,135768,3799,3751,45,3796,35
2021-04-25,Imperial,25,180216,28130,28136,2820,30956,720
2021-04-25,Inyo,27,18085,1398,1396,2,1398,36
2021-04-25,Kern,29,883053,95807,95398,11039,106437,1295
2021-04-25,Kings,31,150075,22770,22755,1165,23920,244
2021-04-25,Lake,33,64148,3441,3427,9,3436,43
2021-04-25,Lassen,35,31185,5158,5138,110,5248,1
2021-04-25,Los Angeles,37,10098052,1195301,1190970,43371,1234341,23799
2021-04-25,Madera,39,155013,16363,16346,941,17287,231
2021-04-25,Marin,41,260295,13851,13852,246,14098,227
2021-04-25,Mariposa,43,17540,417,410,12,422,5
2021-04-25,Mendocino,45,87422,3805,3757,72,3829,46
2021-04-25,Merced,47,269075,30540,30586,991,31577,443
2021-04-25,Modoc,49,8938,365,360,122,482,3
2021-04-25,Mono,51,14174,1235,1257,14,1271,3
2021-04-25,Monterey,53,433212,42746,42737,1905,44642,379
2021-04-25,Napa,55,140530,9754,9762,33,9795,79
2021-04-25,Nevada,57,99092,4610,4536,193,4729,70
2021-04-25,Orange,59,3164182,253007,252531,11518,264049,4919
2021-04-25,Placer,61,380077,22474,22011,1462,23473,285
2021-04-25,Plumas,63,18699,685,670,11,681,4
2021-04-25,Riverside,65,2383286,289259,286651,14659,301310,4401
2021-04-25,Sacramento,67,1510023,102755,102319,1700,104019,1587
2021-04-25,San Benito,69,59416,6005,6014,116,6130,63
2021-04-25,San Bernardino,71,2135413,290909,290357,9113,299470,4571
2021-04-25,San Diego,73,3302833,276642,275412,0,275412,3692
2021-04-25,San Francisco,75,870044,36094,36310,1365,37675,532
2021-04-25,San Joaquin,77,732212,71499,70987,3607,74594,1301
2021-04-25,San Luis Obispo,79,281455,20899,20820,752,21572,255
2021-04-25,San Mateo,81,765935,41745,41465,466,41931,356
2021-04-25,Santa Barbara,83,443738,34068,33931,1330,35261,448
2021-04-25,Santa Clara,85,1922200,116729,117778,771,118549,1968
2021-04-25,Santa Cruz,87,273765,16000,15868,870,16738,205
2021-04-25,Shasta,89,179085,11745,11784,1494,13278,192
2021-04-25,Sierra,91,2930,53,51,14,65,0
2021-04-25,Siskiyou,93,43540,1691,1580,318,1898,11
2021-04-25,Solano,95,438530,31957,31864,491,32355,247
2021-04-25,Sonoma,97,501317,29568,29756,318,30074,318
2021-04-25,Stanislaus,99,539301,54547,54543,6025,60568,744
2021-04-25,Sutter,101,95872,9300,9326,86,9412,110
2021-04-25,Tehama,103,63373,4919,4916,590,5506,53
2021-04-25,Trinity,105,12862,358,326,54,380,3
2021-04-25,Tulare,107,460477,49081,48728,9290,58018,831
2021-04-25,Tuolumne,109,53932,4019,4022,139,4161,58
2021-04-25,Ventura,111,848112,80309,80110,3065,83175,999
2021-04-25,Yolo,113,214977,13718,13667,291,13958,205
2021-04-25,Yuba,115,75493,5865,5849,125,5974,44
2021-04-24,Alameda,1,1643700,86218,86016,1981,87997,1257
2021-04-24,Alpine,3,1148,88,86,0,86,0
2021-04-24,Amador,5,37829,3646,3640,35,3675,46
2021-04-24,Butte,7,227075,11991,11678,1821,13499,196
2021-04-24,Calaveras,9,45235,2074,2067,13,2080,50
2021-04-24,Colusa,11,21464,1916,1921,300,2221,14
2021-04-24,Contra Costa,13,1133247,67754,67222,1268,68490,789
2021-04-24,Del Norte,15,27424,1265,1255,6,1261,6
2021-04-24,El Dorado,17,186661,9858,9814,734,10548,106
2021-04-24,Fresno,19,978130,100607,100991,8876,109867,1662
2021-04-24,Glenn,21,27897,2368,2363,556,2919,17
2021-04-24,Humboldt,23,135768,3785,3722,45,3767,35
2021-04-24,Imperial,25,180216,28123,28124,2819,30943,720
2021-04-24,Inyo,27,18085,1397,1396,2,1398,36
2021-04-24,Kern,29,883053,95789,95365,11027,106392,1295
2021-04-24,Kings,31,150075,22767,22749,1165,23914,244
2021-04-24,Lake,33,64148,3440,3426,9,3435,43
2021-04-24,Lassen,35,31185,5157,5137,110,5247,1
2021-04-24,Los Angeles,37,10098052,1195079,1190603,43351,1233954,23802
2021-04-24,Madera,39,155013,16360,16338,941,17279,231
2021-04-24,Marin,41,260295,13843,13847,246,14093,227
2021-04-24,Mariposa,43,17540,417,409,12,421,5
2021-04-24,Mendocino,45,87422,3803,3754,71,3825,46
2021-04-24,Merced,47,269075,30520,30559,991,31550,443
2021-04-24,Modoc,49,8938,365,360,122,482,3
2021-04-24,Mono,51,14174,1235,1256,14,1270,3
2021-04-24,Monterey,53,433212,42734,42727,1904,44631,379
2021-04-24,Napa,55,140530,9748,9756,33,9789,79
2021-04-24,Nevada,57,99092,4603,4522,193,4715,70
2021-04-24,Orange,59,3164182,252963,252441,11513,263954,4910
2021-04-24,Placer,61,380077,22462,21983,1461,23444,285
2021-04-24,Plumas,63,18699,684,670,11,681,4
2021-04-24,Riverside,65,2383286,289191,286552,14655,301207,4400
2021-04-24,Sacramento,67,1510023,102671,102179,1693,103872,1587
2021-04-24,San Benito,69,59416,6003,6007,116,6123,63
2021-04-24,San Bernardino,71,2135413,290860,290264,9111,299375,4568
2021-04-24,San Diego,73,3302833,276538,275252,0,275252,3688
2021-04-24,San Francisco,75,870044,36065,36285,1361,37646,532
2021-04-24,San Joaquin,77,732212,71456,70911,3603,74514,1301
2021-04-24,San Luis Obispo,79,281455,20889,20797,751,21548,255
2021-04-24,San Mateo,81,765935,41732,41424,464,41888,355
2021-04-24,Santa Barbara,83,443738,34053,33911,1329,35240,448
2021-04-24,Santa Clara,85,1922200,116674,117674,769,118443,1968
2021-04-24,Santa Cruz,87,273765,15992,15840,870,16710,205
2021-04-24,Shasta,89,179085,11727,11770,1491,13261,192
2021-04-24,Sierra,91,2930,53,51,14,65,0
2021-04-24,Siskiyou,93,43540,1681,1574,317,1891,11
2021-04-24,Solano,95,438530,31934,31821,489,32310,247
2021-04-24,Sonoma,97,501317,29565,29739,318,30057,318
2021-04-24,Stanislaus,99,539301,54498,54455,6022,60477,744
2021-04-24,Sutter,101,95872,9297,9316,86,9402,110
2021-04-24,Tehama,103,63373,4914,4907,590,5497,53
2021-04-24,Trinity,105,12862,358,326,54,380,3
2021-04-24,Tulare,107,460477,49070,48705,9280,57985,830
2021-04-24,Tuolumne,109,53932,4015,4020,139,4159,58
2021-04-24,Ventura,111,848112,80296,80097,3063,83160,999
2021-04-24,Yolo,113,214977,13707,13653,291,13944,205
2021-04-24,Yuba,115,75493,5863,5837,125,5962,44
2021-04-23,Alameda,1,1643700,86147,85935,1979,87914,1256
2021-04-23,Alpine,3,1148,87,86,0,86,0
2021-04-23,Amador,5,37829,3645,3637,35,3672,46
2021-04-23,Butte,7,227075,11970,11672,1816,13488,196
2021-04-23,Calaveras,9,45235,2072,2064,13,2077,50
2021-04-23,Colusa,11,21464,1915,1921,300,2221,14
2021-04-23,Contra Costa,13,1133247,67700,67164,1264,68428,785
2021-04-23,Del Norte,15,27424,1264,1254,6,1260,6
2021-04-23,El Dorado,17,186661,9841,9788,731,10519,106
2021-04-23,Fresno,19,978130,100567,100928,8869,109797,1662
2021-04-23,Glenn,21,27897,2368,2361,555,2916,17
2021-04-23,Humboldt,23,135768,3774,3698,45,3743,35
2021-04-23,Imperial,25,180216,28108,28108,2818,30926,720
2021-04-23,Inyo,27,18085,1397,1395,2,1397,36
2021-04-23,Kern,29,883053,95764,95330,11022,106352,1295
2021-04-23,Kings,31,150075,22764,22735,1165,23900,244
2021-04-23,Lake,33,64148,3438,3425,9,3434,43
2021-04-23,Lassen,35,31185,5157,5141,110,5251,1
2021-04-23,Los Angeles,37,10098052,1194816,1190264,43325,1233589,23785
2021-04-23,Madera,39,155013,16351,16328,941,17269,231
2021-04-23,Marin,41,260295,13838,13838,246,14084,227
2021-04-23,Mariposa,43,17540,415,405,12,417,5
2021-04-23,Mendocino,45,87422,3801,3745,70,3815,46
2021-04-23,Merced,47,269075,30502,30530,991,31521,443
2021-04-23,Modoc,49,8938,365,360,122,482,3
2021-04-23,Mono,51,14174,1233,1256,14,1270,3
2021-04-23,Monterey,53,433212,42728,42722,1904,44626,377
2021-04-23,Napa,55,140530,9742,9752,33,9785,79
2021-04-23,Nevada,57,99092,4594,4510,193,4703,70
2021-04-23,Orange,59,3164182,252920,252399,11507,263906,4904
2021-04-23,Placer,61,380077,22439,21959,1460,23419,282
2021-04-23,Plumas,63,18699,683,670,11,681,4
2021-04-23,Riverside,65,2383286,289134,286456,14650,301106,4399
2021-04-23,Sacramento,67,1510023,102584,102041,1690,103731,1586
2021-04-23,San Benito,69,59416,6001,6005,116,6121,63
2021-04-23,San Bernardino,71,2135413,290811,290189,9109,299298,4568
2021-04-23,San Diego,73,3302833,276399,275097,0,275097,3684
2021-04-23,San Francisco,75,870044,36048,36252,1360,37612,532
2021-04-23,San Joaquin,77,732212,71400,70840,3600,74440,1295
2021-04-23,San Luis Obispo,79,281455,20881,20781,750,21531,255
2021-04-23,San Mateo,81,765935,41706,41386,464,41850,355
2021-04-23,Santa Barbara,83,443738,34043,33895,1327,35222,447
2021-04-23,Santa Clara,85,1922200,116613,117593,768,118361,1965
2021-04-23,Santa Cruz,87,273765,15985,15802,870,16672,205
2021-04-23,Shasta,89,179085,11720,11759,1490,13249,192
2021-04-23,Sierra,91,2930,53,51,14,65,0
2021-04-23,Siskiyou,93,43540,1669,1567,315,1882,11
2021-04-23,Solano,95,438530,31902,31784,485,32269,247
2021-04-23,Sonoma,97,501317,29551,29727,318,30045,318
2021-04-23,Stanislaus,99,539301,54435,54391,6014,60405,744
2021-04-23,Sutter,101,95872,9295,9312,86,9398,110
2021-04-23,Tehama,103,63373,4911,4906,590,5496,53
2021-04-23,Trinity,105,12862,358,326,54,380,3
2021-04-23,Tulare,107,460477,49053,48694,9272,57966,829
2021-04-23,Tuolumne,109,53932,4014,4020,139,4159,58
2021-04-23,Ventura,111,848112,80277,80095,3063,83158,996
2021-04-23,Yolo,113,214977,13696,13647,290,13937,205
2021-04-23,Yuba,115,75493,5860,5828,125,5953,44
2021-04-22,Alameda,1,1643700,86056,85829,1978,87807,1253
2021-04-22,Alpine,3,1148,87,86,0,86,0
2021-04-22,Amador,5,37829,3644,3633,35,3668,46
2021-04-22,Butte,7,227075,11956,11656,1813,13469,196
2021-04-22,Calaveras,9,45235,2070,2059,13,2072,50
2021-04-22,Colusa,11,21464,1913,1920,298,2218,14
2021-04-22,Contra Costa,13,1133247,67629,67029,1258,68287,782
2021-04-22,Del Norte,15,27424,1259,1252,6,1258,6
2021-04-22,El Dorado,17,186661,9830,9773,728,10501,106
2021-04-22,Fresno,19,978130,100523,100864,8856,109720,1657
2021-04-22,Glenn,21,27897,2367,2361,555,2916,17
2021-04-22,Humboldt,23,135768,3765,3680,45,3725,35
2021-04-22,Imperial,25,180216,28086,28096,2815,30911,720
2021-04-22,Inyo,27,18085,1396,1394,2,1396,36
2021-04-22,Kern,29,883053,95722,95292,11007,106299,1299
2021-04-22,Kings,31,150075,22754,22725,1165,23890,243
2021-04-22,Lake,33,64148,3436,3423,9,3432,43
2021-04-22,Lassen,35,31185,5157,5155,110,5265,1
2021-04-22,Los Angeles,37,10098052,1194499,1189878,43302,1233180,23762
2021-04-22,Madera,39,155013,16332,16316,941,17257,231
2021-04-22,Marin,41,260295,13830,13832,246,14078,227
2021-04-22,Mariposa,43,17540,414,403,12,415,5
2021-04-22,Mendocino,45,87422,3795,3729,70,3799,46
2021-04-22,Merced,47,269075,30468,30490,990,31480,443
2021-04-22,Modoc,49,8938,365,360,122,482,3
2021-04-22,Mono,51,14174,1233,1254,14,1268,3
2021-04-22,Monterey,53,433212,42721,42708,1902,44610,377
2021-04-22,Napa,55,140530,9732,9734,33,9767,79
2021-04-22,Nevada,57,99092,4585,4504,191,4695,70
2021-04-22,Orange,59,3164182,252849,252307,11495,263802,4898
2021-04-22,Placer,61,380077,22409,21916,1456,23372,282
2021-04-22,Plumas,63,18699,682,670,11,681,4
2021-04-22,Riverside,65,2383286,289039,286362,14641,301003,4398
2021-04-22,Sacramento,67,1510023,102435,101870,1680,103550,1585
2021-04-22,San Benito,69,59416,5997,5998,116,6114,63
2021-04-22,San Bernardino,71,2135413,290738,290125,9101,299226,4571
2021-04-22,San Diego,73,3302833,276233,275913,0,275913,3684
2021-04-22,San Francisco,75,870044,36026,36218,1357,37575,532
2021-04-22,San Joaquin,77,732212,71341,70751,3594,74345,1295
2021-04-22,San Luis Obispo,79,281455,20867,20761,750,21511,255
2021-04-22,San Mateo,81,765935,41679,41345,462,41807,355
2021-04-22,Santa Barbara,83,443738,34020,33870,1326,35196,446
2021-04-22,Santa Clara,85,1922200,116524,117457,764,118221,1954
2021-04-22,Santa Cruz,87,273765,15982,15737,869,16606,205
2021-04-22,Shasta,89,179085,11706,11738,1486,13224,192
2021-04-22,Sierra,91,2930,53,51,14,65,0
2021-04-22,Siskiyou,93,43540,1665,1564,314,1878,11
2021-04-22,Solano,95,438530,31856,31731,482,32213,247
2021-04-22,Sonoma,97,501317,29537,29705,314,30019,318
2021-04-22,Stanislaus,99,539301,54362,54313,6008,60321,744
2021-04-22,Sutter,101,95872,9291,9302,86,9388,110
2021-04-22,Tehama,103,63373,4905,4896,586,5482,53
2021-04-22,Trinity,105,12862,358,326,54,380,3
2021-04-22,Tulare,107,460477,49034,48669,9262,57931,828
2021-04-22,Tuolumne,109,53932,4010,4020,139,4159,58
2021-04-22,Ventura,111,848112,80252,80073,3061,83134,996
2021-04-22,Yolo,113,214977,13675,13616,290,13906,205
2021-04-22,Yuba,115,75493,5849,5825,125,5950,44
2021-04-21,Alameda,1,1643700,85974,85762,1976,87738,1249
2021-04-21,Alpine,3,1148,87,86,0,86,0
2021-04-21,Amador,5,37829,3641,3632,35,3667,46
2021-04-21,Butte,7,227075,11936,11643,1811,13454,196
2021-04-21,Calaveras,9,45235,2059,2057,13,2070,50
2021-04-21,Colusa,11,21464,1911,1920,297,2217,14
2021-04-21,Contra Costa,13,1133247,67563,66981,1257,68238,782
2021-04-21,Del Norte,15,27424,1255,1252,6,1258,6
2021-04-21,El Dorado,17,186661,9813,9760,726,10486,106
2021-04-21,Fresno,19,978130,100468,100838,8850,109688,1654
2021-04-21,Glenn,21,27897,2366,2361,555,2916,17
2021-04-21,Humboldt,23,135768,3745,3642,45,3687,35
2021-04-21,Imperial,25,180216,28073,28052,2814,30866,719
2021-04-21,Inyo,27,18085,1396,1392,2,1394,36
2021-04-21,Kern,29,883053,95678,95257,10997,106254,1297
2021-04-21,Kings,31,150075,22747,22713,1164,23877,243
2021-04-21,Lake,33,64148,3433,3421,9,3430,43
2021-04-21,Lassen,35,31185,5156,5156,110,5266,1
2021-04-21,Los Angeles,37,10098052,1194163,1189530,43278,1232808,23729
2021-04-21,Madera,39,155013,16327,16309,941,17250,231
2021-04-21,Marin,41,260295,13815,13822,246,14068,227
2021-04-21,Mariposa,43,17540,413,402,12,414,5
2021-04-21,Mendocino,45,87422,3793,3729,70,3799,46
2021-04-21,Merced,47,269075,30447,30471,989,31460,442
2021-04-21,Modoc,49,8938,365,360,122,482,3
2021-04-21,Mono,51,14174,1233,1254,14,1268,3
2021-04-21,Monterey,53,433212,42706,42699,1900,44599,377
2021-04-21,Napa,55,140530,9726,9727,33,9760,79
2021-04-21,Nevada,57,99092,4571,4499,191,4690,70
2021-04-21,Orange,59,3164182,252774,252243,11482,263725,4889
2021-04-21,Placer,61,380077,22380,21896,1451,23347,282
2021-04-21,Plumas,63,18699,682,670,11,681,4
2021-04-21,Riverside,65,2383286,288944,286299,14634,300933,4388
2021-04-21,Sacramento,67,1510023,102309,101803,1674,103477,1579
2021-04-21,San Benito,69,59416,5994,5998,116,6114,63
2021-04-21,San Bernardino,71,2135413,290661,290049,9098,299147,4572
2021-04-21,San Diego,73,3302833,276025,275632,0,275632,3681
2021-04-21,San Francisco,75,870044,36006,36194,1356,37550,529
2021-04-21,San Joaquin,77,732212,71287,70687,3583,74270,1295
2021-04-21,San Luis Obispo,79,281455,20852,20724,749,21473,255
2021-04-21,San Mateo,81,765935,41648,41318,461,41779,355
2021-04-21,Santa Barbara,83,443738,34001,33830,1325,35155,445
2021-04-21,Santa Clara,85,1922200,116448,117318,758,118076,1946
2021-04-21,Santa Cruz,87,273765,15973,15698,869,16567,204
2021-04-21,Shasta,89,179085,11687,11722,1484,13206,192
2021-04-21,Sierra,91,2930,53,51,14,65,0
2021-04-21,Siskiyou,93,43540,1658,1557,314,1871,11
2021-04-21,Solano,95,438530,31817,31712,481,32193,244
2021-04-21,Sonoma,97,501317,29526,29697,312,30009,318
2021-04-21,Stanislaus,99,539301,54301,54290,6002,60292,742
2021-04-21,Sutter,101,95872,9283,9297,86,9383,110
2021-04-21,Tehama,103,63373,4898,4893,585,5478,53
2021-04-21,Trinity,105,12862,358,326,54,380,3
2021-04-21,Tulare,107,460477,49019,48653,9249,57902,828
2021-04-21,Tuolumne,109,53932,4007,4019,139,4158,58
2021-04-21,Ventura,111,848112,80220,80039,3058,83097,996
2021-04-21,Yolo,113,214977,13655,13606,289,13895,200
2021-04-21,Yuba,115,75493,5842,5822,124,5946,44
2021-04-20,Alameda,1,1643700,85879,85652,1974,87626,1248
2021-04-20,Alpine,3,1148,86,85,0,85,0
2021-04-20,Amador,5,37829,3640,3631,35,3666,46
2021-04-20,Butte,7,227075,11918,11619,1809,13428,196
2021-04-20,Calaveras,9,45235,2057,2053,13,2066,50
2021-04-20,Colusa,11,21464,1911,1915,296,2211,14
2021-04-20,Contra Costa,13,1133247,67480,66889,1254,68143,782
2021-04-20,Del Norte,15,27424,1254,1250,6,1256,6
2021-04-20,El Dorado,17,186661,9785,9743,724,10467,106
2021-04-20,Fresno,19,978130,100411,100768,8840,109608,1650
2021-04-20,Glenn,21,27897,2364,2359,554,2913,17
2021-04-20,Humboldt,23,135768,3723,3612,44,3656,35
2021-04-20,Imperial,25,180216,28053,28024,2811,30835,719
2021-04-20,Inyo,27,18085,1396,1393,2,1395,36
2021-04-20,Kern,29,883053,95643,95223,10980,106203,1295
2021-04-20,Kings,31,150075,22741,22693,1161,23854,243
2021-04-20,Lake,33,64148,3431,3418,9,3427,43
2021-04-20,Lassen,35,31185,5156,5155,110,5265,1
2021-04-20,Los Angeles,37,10098052,1193822,1189256,43248,1232504,23694
2021-04-20,Madera,39,155013,16321,16301,941,17242,231
2021-04-20,Marin,41,260295,13801,13807,246,14053,227
2021-04-20,Mariposa,43,17540,412,402,12,414,5
2021-04-20,Mendocino,45,87422,3792,3726,70,3796,46
2021-04-20,Merced,47,269075,30419,30439,989,31428,441
2021-04-20,Modoc,49,8938,365,359,122,481,3
2021-04-20,Mono,51,14174,1232,1254,14,1268,3
2021-04-20,Monterey,53,433212,42695,42663,1897,44560,363
2021-04-20,Napa,55,140530,9722,9711,33,9744,79
2021-04-20,Nevada,57,99092,4554,4485,190,4675,70
2021-04-20,Orange,59,3164182,252684,252134,11471,263605,4887
2021-04-20,Placer,61,380077,22346,21846,1447,23293,282
2021-04-20,Plumas,63,18699,681,670,11,681,4
2021-04-20,Riverside,65,2383286,288851,286194,14628,300822,4388
2021-04-20,Sacramento,67,1510023,102171,101629,1666,103295,1574
2021-04-20,San Benito,69,59416,5991,5988,116,6104,63
2021-04-20,San Bernardino,71,2135413,290581,289905,9095,299000,4569
2021-04-20,San Diego,73,3302833,275795,275369,0,275369,3674
2021-04-20,San Francisco,75,870044,35987,36117,1355,37472,529
2021-04-20,San Joaquin,77,732212,71214,70590,3574,74164,1289
2021-04-20,San Luis Obispo,79,281455,20829,20691,741,21432,254
2021-04-20,San Mateo,81,765935,41617,41251,461,41712,355
2021-04-20,Santa Barbara,83,443738,33983,33803,1323,35126,445
2021-04-20,Santa Clara,85,1922200,116351,117228,753,117981,1944
2021-04-20,Santa Cruz,87,273765,15961,15647,869,16516,204
2021-04-20,Shasta,89,179085,11671,11677,1481,13158,189
2021-04-20,Sierra,91,2930,53,51,14,65,0
2021-04-20,Siskiyou,93,43540,1650,1551,313,1864,10
2021-04-20,Solano,95,438530,31762,31673,477,32150,243
2021-04-20,Sonoma,97,501317,29517,29676,310,29986,311
2021-04-20,Stanislaus,99,539301,54236,54236,5989,60225,735
2021-04-20,Sutter,101,95872,9279,9279,86,9365,109
2021-04-20,Tehama,103,63373,4893,4887,584,5471,52
2021-04-20,Trinity,105,12862,358,326,54,380,3
2021-04-20,Tulare,107,460477,48999,48650,9238,57888,831
2021-04-20,Tuolumne,109,53932,4007,4014,139,4153,58
2021-04-20,Ventura,111,848112,80192,80018,3056,83074,995
2021-04-20,Yolo,113,214977,13637,13581,287,13868,200
2021-04-20,Yuba,115,75493,5832,5814,124,5938,44
2021-04-19,Alameda,1,1643700,85757,85583,1971,87554,1247
2021-04-19,Alpine,3,1148,86,85,0,85,0
2021-04-19,Amador,5,37829,3639,3629,35,3664,46
2021-04-19,Butte,7,227075,11899,11601,1804,13405,196
2021-04-19,Calaveras,9,45235,2054,2050,13,2063,50
2021-04-19,Colusa,11,21464,1911,1913,295,2208,14
2021-04-19,Contra Costa,13,1133247,67403,66833,1251,68084,782
2021-04-19,Del Norte,15,27424,1252,1247,6,1253,6
2021-04-19,El Dorado,17,186661,9768,9726,719,10445,106
2021-04-19,Fresno,19,978130,100343,100702,8826,109528,1646
2021-04-19,Glenn,21,27897,2364,2358,553,2911,17
2021-04-19,Humboldt,23,135768,3702,3602,42,3644,35
2021-04-19,Imperial,25,180216,28033,27995,2811,30806,719
2021-04-19,Inyo,27,18085,1396,1392,2,1394,36
2021-04-19,Kern,29,883053,95615,95162,10965,106127,1290
2021-04-19,Kings,31,150075,22725,22688,1161,23849,243
2021-04-19,Lake,33,64148,3430,3416,9,3425,43
2021-04-19,Lassen,35,31185,5155,5156,110,5266,1
2021-04-19,Los Angeles,37,10098052,1193447,1188945,43221,1232166,23666
2021-04-19,Madera,39,155013,16310,16289,940,17229,231
2021-04-19,Marin,41,260295,13790,13804,245,14049,226
2021-04-19,Mariposa,43,17540,411,401,12,413,5
2021-04-19,Mendocino,45,87422,3790,3722,70,3792,46
2021-04-19,Merced,47,269075,30390,30422,988,31410,441
2021-04-19,Modoc,49,8938,365,359,122,481,3
2021-04-19,Mono,51,14174,1231,1254,14,1268,3
2021-04-19,Monterey,53,433212,42682,42642,1892,44534,356
2021-04-19,Napa,55,140530,9714,9680,33,9713,79
2021-04-19,Nevada,57,99092,4538,4477,190,4667,70
2021-04-19,Orange,59,3164182,252568,252013,11457,263470,4883
2021-04-19,Placer,61,380077,22323,21814,1443,23257,282
2021-04-19,Plumas,63,18699,681,665,11,676,4
2021-04-19,Riverside,65,2383286,288760,286087,14618,300705,4371
2021-04-19,Sacramento,67,1510023,102038,101482,1654,103136,1572
2021-04-19,San Benito,69,59416,5983,5989,116,6105,63
2021-04-19,San Bernardino,71,2135413,290496,289738,9089,298827,4561
2021-04-19,San Diego,73,3302833,275547,275113,0,275113,3674
2021-04-19,San Francisco,75,870044,35952,36094,1352,37446,529
2021-04-19,San Joaquin,77,732212,71135,70514,3566,74080,1289
2021-04-19,San Luis Obispo,79,281455,20802,20669,735,21404,254
2021-04-19,San Mateo,81,765935,41585,41226,460,41686,355
2021-04-19,Santa Barbara,83,443738,33969,33786,1323,35109,446
2021-04-19,Santa Clara,85,1922200,116241,117099,749,117848,1944
2021-04-19,Santa Cruz,87,273765,15949,15600,869,16469,204
2021-04-19,Shasta,89,179085,11656,11662,1473,13135,189
2021-04-19,Sierra,91,2930,53,51,14,65,0
2021-04-19,Siskiyou,93,43540,1640,1544,313,1857,10
2021-04-19,Solano,95,438530,31724,31643,472,32115,239
2021-04-19,Sonoma,97,501317,29498,29667,310,29977,311
2021-04-19,Stanislaus,99,539301,54160,54179,5985,60164,728
2021-04-19,Sutter,101,95872,9268,9269,86,9355,109
2021-04-19,Tehama,103,63373,4888,4878,584,5462,52
2021-04-19,Trinity,105,12862,358,326,54,380,3
2021-04-19,Tulare,107,460477,48983,48630,9225,57855,831
2021-04-19,Tuolumne,109,53932,4006,4010,139,4149,58
2021-04-19,Ventura,111,848112,80166,80000,3054,83054,996
2021-04-19,Yolo,113,214977,13625,13572,284,13856,200
2021-04-19,Yuba,115,75493,5825,5804,123,5927,44
2021-04-18,Alameda,1,1643700,85643,85481,1964,87445,1247
2021-04-18,Alpine,3,1148,86,85,0,85,0
2021-04-18,Amador,5,37829,3636,3627,35,3662,46
2021-04-18,Butte,7,227075,11881,11591,1799,13390,196
2021-04-18,Calaveras,9,45235,2050,2047,13,2060,50
2021-04-18,Colusa,11,21464,1907,1912,294,2206,14
2021-04-18,Contra Costa,13,1133247,67299,66750,1246,67996,782
2021-04-18,Del Norte,15,27424,1252,1240,6,1246,6
2021-04-18,El Dorado,17,186661,9745,9710,717,10427,106
2021-04-18,Fresno,19,978130,100286,100621,8820,109441,1646
2021-04-18,Glenn,21,27897,2359,2358,553,2911,17
2021-04-18,Humboldt,23,135768,3674,3590,42,3632,35
2021-04-18,Imperial,25,180216,28018,27991,2806,30797,719
2021-04-18,Inyo,27,18085,1395,1392,2,1394,36
2021-04-18,Kern,29,883053,95583,95129,10948,106077,1290
2021-04-18,Kings,31,150075,22716,22685,1161,23846,243
2021-04-18,Lake,33,64148,3429,3413,9,3422,43
2021-04-18,Lassen,35,31185,5152,5156,110,5266,1
2021-04-18,Los Angeles,37,10098052,1192996,1188620,43195,1231815,23648
2021-04-18,Madera,39,155013,16299,16277,939,17216,231
2021-04-18,Marin,41,260295,13783,13801,244,14045,226
2021-04-18,Mariposa,43,17540,410,400,11,411,5
2021-04-18,Mendocino,45,87422,3787,3722,70,3792,46
2021-04-18,Merced,47,269075,30354,30405,986,31391,441
2021-04-18,Modoc,49,8938,365,359,122,481,3
2021-04-18,Mono,51,14174,1231,1254,14,1268,3
2021-04-18,Monterey,53,433212,42670,42638,1891,44529,356
2021-04-18,Napa,55,140530,9698,9674,33,9707,79
2021-04-18,Nevada,57,99092,4523,4464,190,4654,70
2021-04-18,Orange,59,3164182,252455,251940,11449,263389,4883
2021-04-18,Placer,61,380077,22280,21783,1436,23219,282
2021-04-18,Plumas,63,18699,680,665,11,676,4
2021-04-18,Riverside,65,2383286,288671,286043,14613,300656,4371
2021-04-18,Sacramento,67,1510023,101862,101354,1648,103002,1572
2021-04-18,San Benito,69,59416,5981,5989,116,6105,63
2021-04-18,San Bernardino,71,2135413,290404,289691,9080,298771,4556
2021-04-18,San Diego,73,3302833,275268,274961,0,274961,3674
2021-04-18,San Francisco,75,870044,35917,36073,1348,37421,525
2021-04-18,San Joaquin,77,732212,71054,70466,3557,74023,1289
2021-04-18,San Luis Obispo,79,281455,20781,20656,728,21384,254
2021-04-18,San Mateo,81,765935,41556,41201,459,41660,352
2021-04-18,Santa Barbara,83,443738,33935,33769,1322,35091,446
2021-04-18,Santa Clara,85,1922200,116116,116996,734,117730,1944
2021-04-18,Santa Cruz,87,273765,15939,15580,868,16448,204
2021-04-18,Shasta,89,179085,11635,11658,1470,13128,189
2021-04-18,Sierra,91,2930,53,51,14,65,0
2021-04-18,Siskiyou,93,43540,1629,1538,311,1849,10
2021-04-18,Solano,95,438530,31673,31606,471,32077,239
2021-04-18,Sonoma,97,501317,29482,29660,308,29968,311
2021-04-18,Stanislaus,99,539301,54079,54132,5976,60108,728
2021-04-18,Sutter,101,95872,9254,9261,86,9347,109
2021-04-18,Tehama,103,63373,4879,4877,583,5460,52
2021-04-18,Trinity,105,12862,358,326,53,379,3
2021-04-18,Tulare,107,460477,48971,48618,9219,57837,829
2021-04-18,Tuolumne,109,53932,4005,4008,138,4146,58
2021-04-18,Ventura,111,848112,80136,79984,3050,83034,996
2021-04-18,Yolo,113,214977,13613,13562,282,13844,200
2021-04-18,Yuba,115,75493,5818,5804,123,5927,44
2021-04-17,Alameda,1,1643700,85570,85367,1960,87327,1247
2021-04-17,Alpine,3,1148,86,85,0,85,0
2021-04-17,Amador,5,37829,3634,3625,35,3660,46
2021-04-17,Butte,7,227075,11861,11573,1795,13368,196
2021-04-17,Calaveras,9,45235,2047,2045,13,2058,50
2021-04-17,Colusa,11,21464,1907,1912,294,2206,14
2021-04-17,Contra Costa,13,1133247,67251,66657,1238,67895,782
2021-04-17,Del Norte,15,27424,1252,1238,6,1244,6
2021-04-17,El Dorado,17,186661,9730,9692,714,10406,106
2021-04-17,Fresno,19,978130,100255,100562,8812,109374,1646
2021-04-17,Glenn,21,27897,2359,2357,553,2910,17
2021-04-17,Humboldt,23,135768,3651,3579,42,3621,35
2021-04-17,Imperial,25,180216,28007,27987,2805,30792,719
2021-04-17,Inyo,27,18085,1392,1392,2,1394,36
2021-04-17,Kern,29,883053,95565,95102,10945,106047,1290
2021-04-17,Kings,31,150075,22711,22678,1160,23838,243
2021-04-17,Lake,33,64148,3428,3409,9,3418,43
2021-04-17,Lassen,35,31185,5152,5154,110,5264,1
2021-04-17,Los Angeles,37,10098052,1192742,1188262,43163,1231425,23653
2021-04-17,Madera,39,155013,16295,16260,938,17198,231
2021-04-17,Marin,41,260295,13779,13797,243,14040,226
2021-04-17,Mariposa,43,17540,409,398,11,409,5
2021-04-17,Mendocino,45,87422,3784,3721,70,3791,46
2021-04-17,Merced,47,269075,30339,30392,984,31376,441
2021-04-17,Modoc,49,8938,365,357,122,479,3
2021-04-17,Mono,51,14174,1231,1253,14,1267,3
2021-04-17,Monterey,53,433212,42661,42630,1889,44519,356
2021-04-17,Napa,55,140530,9694,9666,33,9699,79
2021-04-17,Nevada,57,99092,4515,4457,190,4647,70
2021-04-17,Orange,59,3164182,252386,251873,11437,263310,4878
2021-04-17,Placer,61,380077,22258,21736,1431,23167,282
2021-04-17,Plumas,63,18699,679,666,11,677,4
2021-04-17,Riverside,65,2383286,288602,285963,14605,300568,4371
2021-04-17,Sacramento,67,1510023,101752,101172,1636,102808,1572
2021-04-17,San Benito,69,59416,5975,5986,116,6102,63
2021-04-17,San Bernardino,71,2135413,290352,289624,9077,298701,4555
2021-04-17,San Diego,73,3302833,275121,274812,0,274812,3674
2021-04-17,San Francisco,75,870044,35896,36032,1345,37377,523
2021-04-17,San Joaquin,77,732212,71014,70372,3545,73917,1288
2021-04-17,San Luis Obispo,79,281455,20771,20642,723,21365,254
2021-04-17,San Mateo,81,765935,41533,41157,459,41616,352
2021-04-17,Santa Barbara,83,443738,33904,33738,1319,35057,446
2021-04-17,Santa Clara,85,1922200,116025,116887,729,117616,1944
2021-04-17,Santa Cruz,87,273765,15933,15571,868,16439,204
2021-04-17,Shasta,89,179085,11620,11647,1469,13116,189
2021-04-17,Sierra,91,2930,53,51,14,65,0
2021-04-17,Siskiyou,93,43540,1624,1539,310,1849,10
2021-04-17,Solano,95,438530,31642,31541,468,32009,239
2021-04-17,Sonoma,97,501317,29475,29637,308,29945,311
2021-04-17,Stanislaus,99,539301,54042,54058,5971,60029,728
2021-04-17,Sutter,101,95872,9248,9252,86,9338,109
2021-04-17,Tehama,103,63373,4873,4875,582,5457,52
2021-04-17,Trinity,105,12862,358,326,53,379,3
2021-04-17,Tulare,107,460477,48959,48603,9215,57818,829
2021-04-17,Tuolumne,109,53932,4003,4005,138,4143,58
2021-04-17,Ventura,111,848112,80116,79964,3050,83014,996
2021-04-17,Yolo,113,214977,13603,13580,282,13862,200
2021-04-17,Yuba,115,75493,5813,5802,122,5924,44
2021-04-16,Alameda,1,1643700,85491,85243,1958,87201,1245
2021-04-16,Alpine,3,1148,86,85,0,85,0
2021-04-16,Amador,5,37829,3629,3621,35,3656,46
2021-04-16,Butte,7,227075,11849,11549,1793,13342,196
2021-04-16,Calaveras,9,45235,2045,2042,13,2055,50
2021-04-16,Colusa,11,21464,1905,1911,293,2204,14
2021-04-16,Contra Costa,13,1133247,67197,66569,1235,67804,782
2021-04-16,Del Norte,15,27424,1251,1237,6,1243,6
2021-04-16,El Dorado,17,186661,9710,9665,710,10375,106
2021-04-16,Fresno,19,978130,100206,100500,8805,109305,1643
2021-04-16,Glenn,21,27897,2359,2355,553,2908,17
2021-04-16,Humboldt,23,135768,3630,3570,41,3611,35
2021-04-16,Imperial,25,180216,27997,27962,2804,30766,719
2021-04-16,Inyo,27,18085,1392,1392,2,1394,36
2021-04-16,Kern,29,883053,95536,95066,10940,106006,1288
2021-04-16,Kings,31,150075,22708,22667,1157,23824,243
2021-04-16,Lake,33,64148,3422,3406,9,3415,43
2021-04-16,Lassen,35,31185,5151,5155,110,5265,1
2021-04-16,Los Angeles,37,10098052,1192444,1187818,43124,1230942,23627
2021-04-16,Madera,39,155013,16290,16250,936,17186,231
2021-04-16,Marin,41,260295,13776,13788,243,14031,226
2021-04-16,Mariposa,43,17540,408,396,10,406,5
2021-04-16,Mendocino,45,87422,3782,3719,70,3789,46
2021-04-16,Merced,47,269075,30324,30355,984,31339,438
2021-04-16,Modoc,49,8938,365,355,122,477,3
2021-04-16,Mono,51,14174,1231,1253,14,1267,3
2021-04-16,Monterey,53,433212,42650,42620,1887,44507,351
2021-04-16,Napa,55,140530,9686,9653,33,9686,79
2021-04-16,Nevada,57,99092,4506,4443,190,4633,70
2021-04-16,Orange,59,3164182,252323,251770,11427,263197,4873
2021-04-16,Placer,61,380077,22230,21680,1425,23105,282
2021-04-16,Plumas,63,18699,678,665,11,676,4
2021-04-16,Riverside,65,2383286,288526,285818,14602,300420,4369
2021-04-16,Sacramento,67,1510023,101653,100993,1630,102623,1572
2021-04-16,San Benito,69,59416,5973,5982,116,6098,63
2021-04-16,San Bernardino,71,2135413,290305,289424,9075,298499,4550
2021-04-16,San Diego,73,3302833,274967,274567,0,274567,3662
2021-04-16,San Francisco,75,870044,35871,35993,1341,37334,517
2021-04-16,San Joaquin,77,732212,70948,70280,3536,73816,1288
2021-04-16,San Luis Obispo,79,281455,20759,20623,722,21345,253
2021-04-16,San Mateo,81,765935,41503,41107,457,41564,352
2021-04-16,Santa Barbara,83,443738,33886,33703,1319,35022,446
2021-04-16,Santa Clara,85,1922200,115925,116693,726,117419,1941
2021-04-16,Santa Cruz,87,273765,15931,15539,868,16407,204
2021-04-16,Shasta,89,179085,11608,11623,1467,13090,189
2021-04-16,Sierra,91,2930,53,51,14,65,0
2021-04-16,Siskiyou,93,43540,1620,1530,308,1838,10
2021-04-16,Solano,95,438530,31603,31470,465,31935,239
2021-04-16,Sonoma,97,501317,29464,29617,308,29925,311
2021-04-16,Stanislaus,99,539301,53994,53983,5969,59952,728
2021-04-16,Sutter,101,95872,9242,9247,86,9333,109
2021-04-16,Tehama,103,63373,4872,4866,582,5448,52
2021-04-16,Trinity,105,12862,358,326,53,379,3
2021-04-16,Tulare,107,460477,48948,48583,9212,57795,830
2021-04-16,Tuolumne,109,53932,4000,4005,138,4143,58
2021-04-16,Ventura,111,848112,80091,79942,3045,82987,994
2021-04-16,Yolo,113,214977,13590,13559,280,13839,198
2021-04-16,Yuba,115,75493,5810,5795,121,5916,44
2021-04-15,Alameda,1,1643700,85384,85089,1956,87045,1246
2021-04-15,Alpine,3,1148,86,85,0,85,0
2021-04-15,Amador,5,37829,3628,3616,35,3651,46
2021-04-15,Butte,7,227075,11834,11529,1789,13318,196
2021-04-15,Calaveras,9,45235,2044,2039,13,2052,50
2021-04-15,Colusa,11,21464,1903,1909,292,2201,14
2021-04-15,Contra Costa,13,1133247,67123,66480,1231,67711,781
2021-04-15,Del Norte,15,27424,1244,1235,6,1241,6
2021-04-15,El Dorado,17,186661,9696,9639,708,10347,106
2021-04-15,Fresno,19,978130,100147,100431,8798,109229,1642
2021-04-15,Glenn,21,27897,2359,2354,553,2907,17
2021-04-15,Humboldt,23,135768,3609,3561,41,3602,35
2021-04-15,Imperial,25,180216,27969,27920,2801,30721,718
2021-04-15,Inyo,27,18085,1392,1393,2,1395,36
2021-04-15,Kern,29,883053,95506,94989,10925,105914,1289
2021-04-15,Kings,31,150075,22694,22648,1157,23805,242
2021-04-15,Lake,33,64148,3421,3399,9,3408,43
2021-04-15,Lassen,35,31185,5150,5152,110,5262,1
2021-04-15,Los Angeles,37,10098052,1192051,1187274,43084,1230358,23598
2021-04-15,Madera,39,155013,16275,16234,936,17170,231
2021-04-15,Marin,41,260295,13772,13783,242,14025,226
2021-04-15,Mariposa,43,17540,406,395,10,405,5
2021-04-15,Mendocino,45,87422,3781,3714,70,3784,46
2021-04-15,Merced,47,269075,30298,30325,983,31308,437
2021-04-15,Modoc,49,8938,365,355,122,477,3
2021-04-15,Mono,51,14174,1230,1253,14,1267,3
2021-04-15,Monterey,53,433212,42640,42604,1885,44489,347
2021-04-15,Napa,55,140530,9678,9645,33,9678,79
2021-04-15,Nevada,57,99092,4494,4434,189,4623,70
2021-04-15,Orange,59,3164182,252228,251679,11414,263093,4857
2021-04-15,Placer,61,380077,22201,21614,1418,23032,281
2021-04-15,Plumas,63,18699,676,665,11,676,4
2021-04-15,Riverside,65,2383286,288426,285698,14595,300293,4363
2021-04-15,Sacramento,67,1510023,101525,100782,1616,102398,1570
2021-04-15,San Benito,69,59416,5970,5969,115,6084,63
2021-04-15,San Bernardino,71,2135413,290216,289288,9067,298355,4544
2021-04-15,San Diego,73,3302833,274721,274250,0,274250,3653
2021-04-15,San Francisco,75,870044,35852,35947,1338,37285,510
2021-04-15,San Joaquin,77,732212,70867,70189,3528,73717,1288
2021-04-15,San Luis Obispo,79,281455,20743,20591,719,21310,253
2021-04-15,San Mateo,81,765935,41464,41050,456,41506,352
2021-04-15,Santa Barbara,83,443738,33868,33672,1315,34987,446
2021-04-15,Santa Clara,85,1922200,115819,116602,722,117324,1927
2021-04-15,Santa Cruz,87,273765,15921,15509,868,16377,203
2021-04-15,Shasta,89,179085,11594,11597,1463,13060,191
2021-04-15,Sierra,91,2930,53,51,14,65,0
2021-04-15,Siskiyou,93,43540,1614,1524,308,1832,10
2021-04-15,Solano,95,438530,31565,31394,464,31858,239
2021-04-15,Sonoma,97,501317,29450,29587,308,29895,311
2021-04-15,Stanislaus,99,539301,53940,53918,5961,59879,728
2021-04-15,Sutter,101,95872,9235,9237,86,9323,109
2021-04-15,Tehama,103,63373,4870,4854,581,5435,52
2021-04-15,Trinity,105,12862,358,326,53,379,3
2021-04-15,Tulare,107,460477,48927,48556,9212,57768,829
2021-04-15,Tuolumne,109,53932,4000,4003,138,4141,57
2021-04-15,Ventura,111,848112,80072,79917,3043,82960,989
2021-04-15,Yolo,113,214977,13571,13547,278,13825,198
2021-04-15,Yuba,115,75493,5807,5788,121,5909,44
2021-04-14,Alameda,1,1643700,85285,85009,1955,86964,1247
2021-04-14,Alpine,3,1148,86,85,0,85,0
2021-04-14,Amador,5,37829,3627,3613,35,3648,46
2021-04-14,Butte,7,227075,11821,11513,1788,13301,196
2021-04-14,Calaveras,9,45235,2042,2037,13,2050,50
2021-04-14,Colusa,11,21464,1903,1905,292,2197,14
2021-04-14,Contra Costa,13,1133247,67037,66400,1225,67625,781
2021-04-14,Del Norte,15,27424,1244,1228,6,1234,6
2021-04-14,El Dorado,17,186661,9681,9625,703,10328,106
2021-04-14,Fresno,19,978130,100090,100376,8784,109160,1640
2021-04-14,Glenn,21,27897,2359,2353,553,2906,17
2021-04-14,Humboldt,23,135768,3587,3551,40,3591,35
2021-04-14,Imperial,25,180216,27948,27907,2798,30705,718
2021-04-14,Inyo,27,18085,1392,1392,2,1394,36
2021-04-14,Kern,29,883053,95482,94947,10918,105865,1287
2021-04-14,Kings,31,150075,22686,22641,1156,23797,243
2021-04-14,Lake,33,64148,3416,3396,9,3405,43
2021-04-14,Lassen,35,31185,5149,5151,110,5261,1
2021-04-14,Los Angeles,37,10098052,1191656,1186821,43034,1229855,23579
2021-04-14,Madera,39,155013,16266,16218,936,17154,231
2021-04-14,Marin,41,260295,13770,13768,241,14009,226
2021-04-14,Mariposa,43,17540,405,394,10,404,5
2021-04-14,Mendocino,45,87422,3776,3711,70,3781,46
2021-04-14,Merced,47,269075,30280,30296,983,31279,436
2021-04-14,Modoc,49,8938,365,355,122,477,3
2021-04-14,Mono,51,14174,1230,1252,14,1266,3
2021-04-14,Monterey,53,433212,42624,42595,1881,44476,347
2021-04-14,Napa,55,140530,9667,9643,33,9676,79
2021-04-14,Nevada,57,99092,4487,4421,189,4610,70
2021-04-14,Orange,59,3164182,252122,251568,11394,262962,4849
2021-04-14,Placer,61,380077,22168,21575,1417,22992,280
2021-04-14,Plumas,63,18699,676,665,11,676,4
2021-04-14,Riverside,65,2383286,288316,285583,14589,300172,4358
2021-04-14,Sacramento,67,1510023,101352,100645,1602,102247,1570
2021-04-14,San Benito,69,59416,5968,5960,115,6075,62
2021-04-14,San Bernardino,71,2135413,290146,289078,9064,298142,4523
2021-04-14,San Diego,73,3302833,274510,273969,0,273969,3648
2021-04-14,San Francisco,75,870044,35814,35898,1337,37235,510
2021-04-14,San Joaquin,77,732212,70798,70095,3521,73616,1288
2021-04-14,San Luis Obispo,79,281455,20719,20561,709,21270,253
2021-04-14,San Mateo,81,765935,41425,40982,452,41434,352
2021-04-14,Santa Barbara,83,443738,33839,33650,1315,34965,445
2021-04-14,Santa Clara,85,1922200,115702,116488,718,117206,1922
2021-04-14,Santa Cruz,87,273765,15911,15481,868,16349,203
2021-04-14,Shasta,89,179085,11568,11581,1461,13042,190
2021-04-14,Sierra,91,2930,53,51,14,65,0
2021-04-14,Siskiyou,93,43540,1606,1518,307,1825,10
2021-04-14,Solano,95,438530,31513,31357,456,31813,239
2021-04-14,Sonoma,97,501317,29442,29572,306,29878,311
2021-04-14,Stanislaus,99,539301,53869,53836,5952,59788,727
2021-04-14,Sutter,101,95872,9227,9230,86,9316,106
2021-04-14,Tehama,103,63373,4865,4853,579,5432,52
2021-04-14,Trinity,105,12862,358,326,53,379,3
2021-04-14,Tulare,107,460477,48901,48527,9209,57736,827
2021-04-14,Tuolumne,109,53932,3999,3997,138,4135,57
2021-04-14,Ventura,111,848112,80036,79891,3041,82932,986
2021-04-14,Yolo,113,214977,13555,13530,276,13806,198
2021-04-14,Yuba,115,75493,5805,5778,121,5899,44
2021-04-13,Alameda,1,1643700,85179,84921,1950,86871,1239
2021-04-13,Alpine,3,1148,86,85,0,85,0
2021-04-13,Amador,5,37829,3624,3609,35,3644,46
2021-04-13,Butte,7,227075,11803,11497,1784,13281,196
2021-04-13,Calaveras,9,45235,2039,2035,13,2048,50
2021-04-13,Colusa,11,21464,1901,1905,290,2195,14
2021-04-13,Contra Costa,13,1133247,66948,66304,1225,67529,778
2021-04-13,Del Norte,15,27424,1239,1221,6,1227,6
2021-04-13,El Dorado,17,186661,9655,9609,701,10310,106
2021-04-13,Fresno,19,978130,100010,100357,8779,109136,1636
2021-04-13,Glenn,21,27897,2358,2351,553,2904,17
2021-04-13,Humboldt,23,135768,3570,3540,40,3580,35
2021-04-13,Imperial,25,180216,27930,27887,2791,30678,718
2021-04-13,Inyo,27,18085,1392,1391,2,1393,36
2021-04-13,Kern,29,883053,95440,94908,10906,105814,1285
2021-04-13,Kings,31,150075,22670,22636,1155,23791,243
2021-04-13,Lake,33,64148,3413,3390,9,3399,43
2021-04-13,Lassen,35,31185,5148,5147,110,5257,1
2021-04-13,Los Angeles,37,10098052,1191206,1186482,42988,1229470,23526
2021-04-13,Madera,39,155013,16256,16207,934,17141,231
2021-04-13,Marin,41,260295,13762,13760,240,14000,224
2021-04-13,Mariposa,43,17540,404,394,7,401,5
2021-04-13,Mendocino,45,87422,3770,3702,70,3772,46
2021-04-13,Merced,47,269075,30249,30276,981,31257,435
2021-04-13,Modoc,49,8938,365,355,122,477,3
2021-04-13,Mono,51,14174,1230,1251,14,1265,3
2021-04-13,Monterey,53,433212,42613,42577,1881,44458,347
2021-04-13,Napa,55,140530,9657,9627,33,9660,79
2021-04-13,Nevada,57,99092,4475,4415,189,4604,69
2021-04-13,Orange,59,3164182,252026,251491,11376,262867,4836
2021-04-13,Placer,61,380077,22131,21534,1414,22948,280
2021-04-13,Plumas,63,18699,675,665,11,676,4
2021-04-13,Riverside,65,2383286,288199,285505,14582,300087,4348
2021-04-13,Sacramento,67,1510023,101177,100551,1596,102147,1569
2021-04-13,San Benito,69,59416,5965,5946,115,6061,62
2021-04-13,San Bernardino,71,2135413,290027,288929,9058,297987,4521
2021-04-13,San Diego,73,3302833,274256,273709,0,273709,3623
2021-04-13,San Francisco,75,870044,35778,35869,1333,37202,506
2021-04-13,San Joaquin,77,732212,70690,70034,3513,73547,1288
2021-04-13,San Luis Obispo,79,281455,20692,20536,699,21235,253
2021-04-13,San Mateo,81,765935,41380,40955,452,41407,353
2021-04-13,Santa Barbara,83,443738,33817,33613,1312,34925,444
2021-04-13,Santa Clara,85,1922200,115574,116363,716,117079,1923
2021-04-13,Santa Cruz,87,273765,15904,15449,868,16317,203
2021-04-13,Shasta,89,179085,11548,11536,1458,12994,189
2021-04-13,Sierra,91,2930,53,51,14,65,0
2021-04-13,Siskiyou,93,43540,1598,1511,303,1814,10
2021-04-13,Solano,95,438530,31466,31335,452,31787,239
2021-04-13,Sonoma,97,501317,29435,29544,305,29849,311
2021-04-13,Stanislaus,99,539301,53797,53797,5942,59739,722
2021-04-13,Sutter,101,95872,9223,9226,86,9312,106
2021-04-13,Tehama,103,63373,4858,4850,575,5425,52
2021-04-13,Trinity,105,12862,358,326,53,379,3
2021-04-13,Tulare,107,460477,48889,48511,9205,57716,825
2021-04-13,Tuolumne,109,53932,3997,3995,138,4133,57
2021-04-13,Ventura,111,848112,80004,79854,3039,82893,986
2021-04-13,Yolo,113,214977,13543,13516,275,13791,198
2021-04-13,Yuba,115,75493,5796,5776,121,5897,44
2021-04-12,Alameda,1,1643700,85076,84817,1949,86766,1238
2021-04-12,Alpine,3,1148,86,85,0,85,0
2021-04-12,Amador,5,37829,3623,3607,35,3642,46
2021-04-12,Butte,7,227075,11788,11488,1780,13268,193
2021-04-12,Calaveras,9,45235,2037,2033,13,2046,50
2021-04-12,Colusa,11,21464,1899,1904,288,2192,14
2021-04-12,Contra Costa,13,1133247,66868,66176,1225,67401,777
2021-04-12,Del Norte,15,27424,1236,1216,6,1222,6
2021-04-12,El Dorado,17,186661,9638,9588,699,10287,106
2021-04-12,Fresno,19,978130,99949,100277,8755,109032,1633
2021-04-12,Glenn,21,27897,2357,2349,553,2902,17
2021-04-12,Humboldt,23,135768,3556,3533,31,3564,35
2021-04-12,Imperial,25,180216,27901,27851,2788,30639,717
2021-04-12,Inyo,27,18085,1392,1390,2,1392,36
2021-04-12,Kern,29,883053,95408,94861,10894,105755,1283
2021-04-12,Kings,31,150075,22662,22621,1154,23775,241
2021-04-12,Lake,33,64148,3409,3380,9,3389,43
2021-04-12,Lassen,35,31185,5147,5147,110,5257,1
2021-04-12,Los Angeles,37,10098052,1190711,1186145,42946,1229091,23505
2021-04-12,Madera,39,155013,16245,16174,932,17106,231
2021-04-12,Marin,41,260295,13750,13751,237,13988,224
2021-04-12,Mariposa,43,17540,403,394,7,401,5
2021-04-12,Mendocino,45,87422,3769,3699,70,3769,46
2021-04-12,Merced,47,269075,30217,30261,979,31240,435
2021-04-12,Modoc,49,8938,363,352,122,474,3
2021-04-12,Mono,51,14174,1230,1251,14,1265,3
2021-04-12,Monterey,53,433212,42599,42555,1879,44434,346
2021-04-12,Napa,55,140530,9643,9603,33,9636,80
2021-04-12,Nevada,57,99092,4464,4408,189,4597,69
2021-04-12,Orange,59,3164182,251940,251350,11355,262705,4826
2021-04-12,Placer,61,380077,22083,21475,1408,22883,278
2021-04-12,Plumas,63,18699,673,666,11,677,4
2021-04-12,Riverside,65,2383286,288092,285361,14576,299937,4336
2021-04-12,Sacramento,67,1510023,101004,100394,1591,101985,1566
2021-04-12,San Benito,69,59416,5957,5942,114,6056,62
2021-04-12,San Bernardino,71,2135413,289917,288736,9046,297782,4493
2021-04-12,San Diego,73,3302833,273997,273431,0,273431,3621
2021-04-12,San Francisco,75,870044,35746,35841,1331,37172,506
2021-04-12,San Joaquin,77,732212,70619,69968,3504,73472,1288
2021-04-12,San Luis Obispo,79,281455,20648,20515,685,21200,253
2021-04-12,San Mateo,81,765935,41338,40920,448,41368,353
2021-04-12,Santa Barbara,83,443738,33786,33606,1311,34917,444
2021-04-12,Santa Clara,85,1922200,115446,116252,714,116966,1923
2021-04-12,Santa Cruz,87,273765,15885,15406,868,16274,203
2021-04-12,Shasta,89,179085,11531,11509,1454,12963,189
2021-04-12,Sierra,91,2930,53,51,14,65,0
2021-04-12,Siskiyou,93,43540,1587,1511,301,1812,7
2021-04-12,Solano,95,438530,31425,31305,449,31754,238
2021-04-12,Sonoma,97,501317,29406,29500,305,29805,310
2021-04-12,Stanislaus,99,539301,53732,53722,5935,59657,707
2021-04-12,Sutter,101,95872,9212,9221,86,9307,106
2021-04-12,Tehama,103,63373,4849,4834,571,5405,52
2021-04-12,Trinity,105,12862,358,324,53,377,3
2021-04-12,Tulare,107,460477,48870,48495,9195,57690,824
2021-04-12,Tuolumne,109,53932,3993,3993,129,4122,57
2021-04-12,Ventura,111,848112,79971,79818,3037,82855,985
2021-04-12,Yolo,113,214977,13529,13510,274,13784,198
2021-04-12,Yuba,115,75493,5790,5773,121,5894,43
2021-04-11,Alameda,1,1643700,84939,84756,1944,86700,1238
2021-04-11,Alpine,3,1148,86,85,0,85,0
2021-04-11,Amador,5,37829,3621,3605,35,3640,46
2021-04-11,Butte,7,227075,11753,11487,1777,13264,193
2021-04-11,Calaveras,9,45235,2032,2036,13,2049,50
2021-04-11,Colusa,11,21464,1898,1904,287,2191,14
2021-04-11,Contra Costa,13,1133247,66759,66107,1222,67329,777
2021-04-11,Del Norte,15,27424,1230,1214,6,1220,6
2021-04-11,El Dorado,17,186661,9624,9575,696,10271,106
2021-04-11,Fresno,19,978130,99883,100230,8743,108973,1633
2021-04-11,Glenn,21,27897,2353,2348,552,2900,17
2021-04-11,Humboldt,23,135768,3547,3523,31,3554,35
2021-04-11,Imperial,25,180216,27877,27841,2786,30627,717
2021-04-11,Inyo,27,18085,1392,1390,2,1392,36
2021-04-11,Kern,29,883053,95351,94830,10885,105715,1283
2021-04-11,Kings,31,150075,22653,22618,1151,23769,241
2021-04-11,Lake,33,64148,3405,3377,9,3386,43
2021-04-11,Lassen,35,31185,5143,5147,110,5257,1
2021-04-11,Los Angeles,37,10098052,1190203,1185757,42902,1228659,23503
2021-04-11,Madera,39,155013,16227,16166,930,17096,231
2021-04-11,Marin,41,260295,13744,13741,235,13976,226
2021-04-11,Mariposa,43,17540,403,394,7,401,5
2021-04-11,Mendocino,45,87422,3767,3696,70,3766,46
2021-04-11,Merced,47,269075,30179,30249,978,31227,435
2021-04-11,Modoc,49,8938,362,352,120,472,3
2021-04-11,Mono,51,14174,1229,1250,14,1264,3
2021-04-11,Monterey,53,433212,42592,42547,1872,44419,346
2021-04-11,Napa,55,140530,9632,9592,33,9625,80
2021-04-11,Nevada,57,99092,4450,4394,189,4583,69
2021-04-11,Orange,59,3164182,251815,251233,11342,262575,4826
2021-04-11,Placer,61,380077,22026,21458,1403,22861,278
2021-04-11,Plumas,63,18699,673,666,11,677,4
2021-04-11,Riverside,65,2383286,287965,285269,14564,299833,4336
2021-04-11,Sacramento,67,1510023,100835,100296,1577,101873,1566
2021-04-11,San Benito,69,59416,5949,5941,113,6054,62
2021-04-11,San Bernardino,71,2135413,289806,288686,9039,297725,4492
2021-04-11,San Diego,73,3302833,273700,273287,0,273287,3621
2021-04-11,San Francisco,75,870044,35710,35815,1328,37143,498
2021-04-11,San Joaquin,77,732212,70531,69939,3493,73432,1288
2021-04-11,San Luis Obispo,79,281455,20622,20501,682,21183,253
2021-04-11,San Mateo,81,765935,41280,40901,447,41348,353
2021-04-11,Santa Barbara,83,443738,33752,33591,1309,34900,444
2021-04-11,Santa Clara,85,1922200,115312,116161,711,116872,1923
2021-04-11,Santa Cruz,87,273765,15873,15382,868,16250,203
2021-04-11,Shasta,89,179085,11487,11504,1453,12957,189
2021-04-11,Sierra,91,2930,53,51,14,65,0
2021-04-11,Siskiyou,93,43540,1581,1509,297,1806,7
2021-04-11,Solano,95,438530,31373,31268,445,31713,238
2021-04-11,Sonoma,97,501317,29380,29496,301,29797,310
2021-04-11,Stanislaus,99,539301,53650,53683,5925,59608,707
2021-04-11,Sutter,101,95872,9203,9222,86,9308,106
2021-04-11,Tehama,103,63373,4846,4832,568,5400,52
2021-04-11,Trinity,105,12862,358,324,53,377,3
2021-04-11,Tulare,107,460477,48856,48479,9188,57667,824
2021-04-11,Tuolumne,109,53932,3991,3993,129,4122,57
2021-04-11,Ventura,111,848112,79925,79800,3030,82830,985
2021-04-11,Yolo,113,214977,13508,13496,272,13768,198
2021-04-11,Yuba,115,75493,5780,5768,121,5889,43
2021-04-10,Alameda,1,1643700,84874,84626,1944,86570,1238
2021-04-10,Alpine,3,1148,86,85,0,85,0
2021-04-10,Amador,5,37829,3619,3603,35,3638,46
2021-04-10,Butte,7,227075,11742,11482,1776,13258,193
2021-04-10,Calaveras,9,45235,2032,2032,13,2045,50
2021-04-10,Colusa,11,21464,1898,1902,287,2189,14
2021-04-10,Contra Costa,13,1133247,66698,66001,1219,67220,778
2021-04-10,Del Norte,15,27424,1227,1212,6,1218,6
2021-04-10,El Dorado,17,186661,9612,9549,693,10242,106
2021-04-10,Fresno,19,978130,99850,100135,8736,108871,1633
2021-04-10,Glenn,21,27897,2353,2343,552,2895,17
2021-04-10,Humboldt,23,135768,3537,3508,31,3539,35
2021-04-10,Imperial,25,180216,27863,27816,2786,30602,717
2021-04-10,Inyo,27,18085,1392,1387,2,1389,36
2021-04-10,Kern,29,883053,95337,94802,10879,105681,1284
2021-04-10,Kings,31,150075,22649,22614,1149,23763,241
2021-04-10,Lake,33,64148,3400,3368,9,3377,43
2021-04-10,Lassen,35,31185,5143,5146,109,5255,1
2021-04-10,Los Angeles,37,10098052,1189934,1185246,42882,1228128,23493
2021-04-10,Madera,39,155013,16219,16143,929,17072,231
2021-04-10,Marin,41,260295,13739,13731,235,13966,226
2021-04-10,Mariposa,43,17540,400,393,7,400,5
2021-04-10,Mendocino,45,87422,3765,3696,70,3766,46
2021-04-10,Merced,47,269075,30158,30225,978,31203,435
2021-04-10,Modoc,49,8938,362,352,120,472,3
2021-04-10,Mono,51,14174,1229,1249,14,1263,3
2021-04-10,Monterey,53,433212,42581,42527,1871,44398,346
2021-04-10,Napa,55,140530,9625,9569,33,9602,79
2021-04-10,Nevada,57,99092,4443,4379,189,4568,69
2021-04-10,Orange,59,3164182,251722,251139,11333,262472,4818
2021-04-10,Placer,61,380077,21995,21402,1397,22799,278
2021-04-10,Plumas,63,18699,673,666,11,677,4
2021-04-10,Riverside,65,2383286,287887,285082,14556,299638,4336
2021-04-10,Sacramento,67,1510023,100733,100048,1575,101623,1566
2021-04-10,San Benito,69,59416,5938,5932,112,6044,62
2021-04-10,San Bernardino,71,2135413,289745,288590,9032,297622,4489
2021-04-10,San Diego,73,3302833,273484,273058,0,273058,3613
2021-04-10,San Francisco,75,870044,35680,35774,1324,37098,498
2021-04-10,San Joaquin,77,732212,70495,69852,3483,73335,1288
2021-04-10,San Luis Obispo,79,281455,20607,20461,680,21141,253
2021-04-10,San Mateo,81,765935,41247,40878,447,41325,350
2021-04-10,Santa Barbara,83,443738,33724,33541,1307,34848,444
2021-04-10,Santa Clara,85,1922200,115216,116015,710,116725,1923
2021-04-10,Santa Cruz,87,273765,15867,15360,868,16228,203
2021-04-10,Shasta,89,179085,11479,11492,1449,12941,189
2021-04-10,Sierra,91,2930,53,51,14,65,0
2021-04-10,Siskiyou,93,43540,1578,1512,297,1809,7
2021-04-10,Solano,95,438530,31339,31218,441,31659,238
2021-04-10,Sonoma,97,501317,29365,29469,300,29769,310
2021-04-10,Stanislaus,99,539301,53616,53596,5918,59514,707
2021-04-10,Sutter,101,95872,9201,9214,86,9300,106
2021-04-10,Tehama,103,63373,4844,4820,566,5386,52
2021-04-10,Trinity,105,12862,358,324,53,377,3
2021-04-10,Tulare,107,460477,48847,48470,9182,57652,824
2021-04-10,Tuolumne,109,53932,3988,3991,129,4120,57
2021-04-10,Ventura,111,848112,79897,79758,3028,82786,985
2021-04-10,Yolo,113,214977,13499,13494,271,13765,198
2021-04-10,Yuba,115,75493,5777,5757,120,5877,43
2021-04-09,Alameda,1,1643700,84801,84404,1936,86340,1237
2021-04-09,Alpine,3,1148,86,85,0,85,0
2021-04-09,Amador,5,37829,3618,3600,35,3635,46
2021-04-09,Butte,7,227075,11732,11454,1775,13229,193
2021-04-09,Calaveras,9,45235,2031,2028,13,2041,50
2021-04-09,Colusa,11,21464,1898,1898,287,2185,14
2021-04-09,Contra Costa,13,1133247,66605,65857,1213,67070,777
2021-04-09,Del Norte,15,27424,1226,1207,6,1213,6
2021-04-09,El Dorado,17,186661,9590,9528,688,10216,106
2021-04-09,Fresno,19,978130,99816,100027,8731,108758,1630
2021-04-09,Glenn,21,27897,2353,2337,552,2889,17
2021-04-09,Humboldt,23,135768,3527,3496,31,3527,35
2021-04-09,Imperial,25,180216,27848,27764,2784,30548,717
2021-04-09,Inyo,27,18085,1391,1386,2,1388,36
2021-04-09,Kern,29,883053,95299,94675,10876,105551,1282
2021-04-09,Kings,31,150075,22640,22595,1143,23738,242
2021-04-09,Lake,33,64148,3396,3362,9,3371,43
2021-04-09,Lassen,35,31185,5143,5140,109,5249,1
2021-04-09,Los Angeles,37,10098052,1189571,1184501,42850,1227351,23458
2021-04-09,Madera,39,155013,16216,16118,929,17047,231
2021-04-09,Marin,41,260295,13732,13721,235,13956,226
2021-04-09,Mariposa,43,17540,400,393,7,400,5
2021-04-09,Mendocino,45,87422,3763,3693,70,3763,46
2021-04-09,Merced,47,269075,30129,30179,977,31156,435
2021-04-09,Modoc,49,8938,361,352,120,472,3
2021-04-09,Mono,51,14174,1229,1247,14,1261,3
2021-04-09,Monterey,53,433212,42572,42481,1867,44348,344
2021-04-09,Napa,55,140530,9606,9574,33,9607,80
2021-04-09,Nevada,57,99092,4435,4373,189,4562,69
2021-04-09,Orange,59,3164182,251649,250852,11328,262180,4813
2021-04-09,Placer,61,380077,21964,21327,1389,22716,278
2021-04-09,Plumas,63,18699,672,666,11,677,4
2021-04-09,Riverside,65,2383286,287805,284562,14549,299111,4325
2021-04-09,Sacramento,67,1510023,100578,99722,1567,101289,1564
2021-04-09,San Benito,69,59416,5933,5925,111,6036,62
2021-04-09,San Bernardino,71,2135413,289673,288000,9028,297028,4467
2021-04-09,San Diego,73,3302833,273286,272697,0,272697,3600
2021-04-09,San Francisco,75,870044,35638,35716,1319,37035,497
2021-04-09,San Joaquin,77,732212,70432,69675,3471,73146,1281
2021-04-09,San Luis Obispo,79,281455,20594,20427,678,21105,252
2021-04-09,San Mateo,81,765935,41211,40800,446,41246,350
2021-04-09,Santa Barbara,83,443738,33701,33424,1304,34728,444
2021-04-09,Santa Clara,85,1922200,115132,115749,708,116457,1923
2021-04-09,Santa Cruz,87,273765,15862,15331,868,16199,203
2021-04-09,Shasta,89,179085,11469,11478,1446,12924,188
2021-04-09,Sierra,91,2930,53,51,14,65,0
2021-04-09,Siskiyou,93,43540,1575,1510,296,1806,7
2021-04-09,Solano,95,438530,31306,31166,436,31602,238
2021-04-09,Sonoma,97,501317,29351,29433,300,29733,310
2021-04-09,Stanislaus,99,539301,53561,53504,5909,59413,705
2021-04-09,Sutter,101,95872,9194,9201,86,9287,106
2021-04-09,Tehama,103,63373,4838,4806,566,5372,52
2021-04-09,Trinity,105,12862,357,324,53,377,3
2021-04-09,Tulare,107,460477,48843,48430,9176,57606,824
2021-04-09,Tuolumne,109,53932,3987,3986,129,4115,57
2021-04-09,Ventura,111,848112,79869,79698,3028,82726,987
2021-04-09,Yolo,113,214977,13488,13478,269,13747,198
2021-04-09,Yuba,115,75493,5770,5754,120,5874,43
2021-04-08,Alameda,1,1643700,84700,84213,1932,86145,1232
2021-04-08,Alpine,3,1148,86,85,0,85,0
2021-04-08,Amador,5,37829,3614,3595,35,3630,46
2021-04-08,Butte,7,227075,11721,11414,1774,13188,193
2021-04-08,Calaveras,9,45235,2029,2027,13,2040,50
2021-04-08,Colusa,11,21464,1897,1897,287,2184,14
2021-04-08,Contra Costa,13,1133247,66495,65706,1210,66916,775
2021-04-08,Del Norte,15,27424,1220,1201,6,1207,6
2021-04-08,El Dorado,17,186661,9574,9513,682,10195,106
2021-04-08,Fresno,19,978130,99753,99935,8723,108658,1627
2021-04-08,Glenn,21,27897,2351,2337,552,2889,17
2021-04-08,Humboldt,23,135768,3517,3486,30,3516,35
2021-04-08,Imperial,25,180216,27821,27744,2781,30525,713
2021-04-08,Inyo,27,18085,1390,1386,2,1388,36
2021-04-08,Kern,29,883053,95256,94493,10862,105355,1281
2021-04-08,Kings,31,150075,22634,22589,1140,23729,243
2021-04-08,Lake,33,64148,3390,3360,9,3369,43
2021-04-08,Lassen,35,31185,5142,5136,109,5245,1
2021-04-08,Los Angeles,37,10098052,1189074,1184443,42811,1227254,23416
2021-04-08,Madera,39,155013,16204,16103,929,17032,231
2021-04-08,Marin,41,260295,13725,13704,235,13939,226
2021-04-08,Mariposa,43,17540,399,393,7,400,5
2021-04-08,Mendocino,45,87422,3761,3690,70,3760,45
2021-04-08,Merced,47,269075,30107,30163,977,31140,430
2021-04-08,Modoc,49,8938,361,352,120,472,3
2021-04-08,Mono,51,14174,1227,1247,14,1261,3
2021-04-08,Monterey,53,433212,42551,42437,1862,44299,342
2021-04-08,Napa,55,140530,9589,9569,33,9602,80
2021-04-08,Nevada,57,99092,4424,4367,189,4556,69
2021-04-08,Orange,59,3164182,251542,250529,11312,261841,4797
2021-04-08,Placer,61,380077,21924,21258,1380,22638,277
2021-04-08,Plumas,63,18699,672,665,11,676,4
2021-04-08,Riverside,65,2383286,287694,283853,14544,298397,4296
2021-04-08,Sacramento,67,1510023,100435,99319,1555,100874,1561
2021-04-08,San Benito,69,59416,5930,5914,109,6023,62
2021-04-08,San Bernardino,71,2135413,289574,287190,9025,296215,4445
2021-04-08,San Diego,73,3302833,273057,272495,0,272495,3592
2021-04-08,San Francisco,75,870044,35615,35657,1318,36975,494
2021-04-08,San Joaquin,77,732212,70362,69479,3465,72944,1279
2021-04-08,San Luis Obispo,79,281455,20575,20402,675,21077,252
2021-04-08,San Mateo,81,765935,41172,40749,446,41195,350
2021-04-08,Santa Barbara,83,443738,33677,33309,1303,34612,444
2021-04-08,Santa Clara,85,1922200,115027,115487,707,116194,1905
2021-04-08,Santa Cruz,87,273765,15856,15296,868,16164,203
2021-04-08,Shasta,89,179085,11459,11466,1442,12908,186
2021-04-08,Sierra,91,2930,53,51,14,65,0
2021-04-08,Siskiyou,93,43540,1572,1511,296,1807,7
2021-04-08,Solano,95,438530,31257,31120,436,31556,238
2021-04-08,Sonoma,97,501317,29331,29410,299,29709,310
2021-04-08,Stanislaus,99,539301,53483,53401,5899,59300,706
2021-04-08,Sutter,101,95872,9190,9195,86,9281,106
2021-04-08,Tehama,103,63373,4834,4802,566,5368,52
2021-04-08,Trinity,105,12862,357,324,53,377,3
2021-04-08,Tulare,107,460477,48830,48409,9165,57574,821
2021-04-08,Tuolumne,109,53932,3987,3986,129,4115,57
2021-04-08,Ventura,111,848112,79832,79626,3024,82650,986
2021-04-08,Yolo,113,214977,13479,13468,268,13736,198
2021-04-08,Yuba,115,75493,5766,5743,120,5863,43
2021-04-07,Alameda,1,1643700,84616,84130,1928,86058,1224
2021-04-07,Alpine,3,1148,86,85,0,85,0
2021-04-07,Amador,5,37829,3611,3590,35,3625,46
2021-04-07,Butte,7,227075,11717,11405,1771,13176,193
2021-04-07,Calaveras,9,45235,2025,2022,13,2035,50
2021-04-07,Colusa,11,21464,1893,1894,286,2180,14
2021-04-07,Contra Costa,13,1133247,66409,65619,1209,66828,775
2021-04-07,Del Norte,15,27424,1218,1198,6,1204,6
2021-04-07,El Dorado,17,186661,9553,9500,677,10177,106
2021-04-07,Fresno,19,978130,99690,99865,8711,108576,1627
2021-04-07,Glenn,21,27897,2348,2337,551,2888,17
2021-04-07,Humboldt,23,135768,3505,3484,30,3514,35
2021-04-07,Imperial,25,180216,27797,27704,2774,30478,713
2021-04-07,Inyo,27,18085,1389,1386,2,1388,36
2021-04-07,Kern,29,883053,95222,94456,10847,105303,1275
2021-04-07,Kings,31,150075,22632,22589,1140,23729,243
2021-04-07,Lake,33,64148,3388,3358,9,3367,43
2021-04-07,Lassen,35,31185,5142,5137,109,5246,1
2021-04-07,Los Angeles,37,10098052,1188642,1183862,42786,1226648,23372
2021-04-07,Madera,39,155013,16185,16090,928,17018,231
2021-04-07,Marin,41,260295,13714,13688,233,13921,225
2021-04-07,Mariposa,43,17540,398,391,7,398,5
2021-04-07,Mendocino,45,87422,3760,3691,70,3761,45
2021-04-07,Merced,47,269075,30084,30132,972,31104,430
2021-04-07,Modoc,49,8938,361,351,120,471,3
2021-04-07,Mono,51,14174,1227,1246,14,1260,3
2021-04-07,Monterey,53,433212,42533,42427,1861,44288,341
2021-04-07,Napa,55,140530,9575,9556,33,9589,80
2021-04-07,Nevada,57,99092,4418,4364,189,4553,69
2021-04-07,Orange,59,3164182,251420,250378,11288,261666,4778
2021-04-07,Placer,61,380077,21878,21227,1372,22599,276
2021-04-07,Plumas,63,18699,672,665,11,676,4
2021-04-07,Riverside,65,2383286,287585,283749,14534,298283,4285
2021-04-07,Sacramento,67,1510023,100269,99202,1549,100751,1544
2021-04-07,San Benito,69,59416,5925,5912,108,6020,62
2021-04-07,San Bernardino,71,2135413,289457,286978,9020,295998,4433
2021-04-07,San Diego,73,3302833,272832,272195,0,272195,3588
2021-04-07,San Francisco,75,870044,35575,35618,1313,36931,493
2021-04-07,San Joaquin,77,732212,70294,69375,3459,72834,1278
2021-04-07,San Luis Obispo,79,281455,20549,20373,672,21045,252
2021-04-07,San Mateo,81,765935,41129,40693,446,41139,350
2021-04-07,Santa Barbara,83,443738,33652,33289,1300,34589,444
2021-04-07,Santa Clara,85,1922200,114897,115311,705,116016,1900
2021-04-07,Santa Cruz,87,273765,15846,15275,867,16142,203
2021-04-07,Shasta,89,179085,11447,11456,1437,12893,184
2021-04-07,Sierra,91,2930,53,51,14,65,0
2021-04-07,Siskiyou,93,43540,1566,1512,295,1807,7
2021-04-07,Solano,95,438530,31207,31097,435,31532,238
2021-04-07,Sonoma,97,501317,29312,29394,298,29692,310
2021-04-07,Stanislaus,99,539301,53415,53344,5890,59234,686
2021-04-07,Sutter,101,95872,9187,9188,86,9274,106
2021-04-07,Tehama,103,63373,4827,4802,562,5364,52
2021-04-07,Trinity,105,12862,357,322,53,375,3
2021-04-07,Tulare,107,460477,48817,48386,9153,57539,820
2021-04-07,Tuolumne,109,53932,3986,3982,129,4111,57
2021-04-07,Ventura,111,848112,79798,79595,3022,82617,986
2021-04-07,Yolo,113,214977,13463,13450,266,13716,198
2021-04-07,Yuba,115,75493,5762,5737,120,5857,43
2021-04-06,Alameda,1,1643700,84504,84091,1922,86013,1223
2021-04-06,Alpine,3,1148,86,85,0,85,0
2021-04-06,Amador,5,37829,3610,3587,35,3622,45
2021-04-06,Butte,7,227075,11702,11396,1770,13166,193
2021-04-06,Calaveras,9,45235,2022,2021,13,2034,50
2021-04-06,Colusa,11,21464,1891,1894,284,2178,14
2021-04-06,Contra Costa,13,1133247,66332,65575,1208,66783,774
2021-04-06,Del Norte,15,27424,1213,1197,6,1203,6
2021-04-06,El Dorado,17,186661,9523,9489,675,10164,106
2021-04-06,Fresno,19,978130,99626,99814,8704,108518,1626
2021-04-06,Glenn,21,27897,2347,2335,551,2886,17
2021-04-06,Humboldt,23,135768,3496,3477,27,3504,35
2021-04-06,Imperial,25,180216,27764,27661,2764,30425,713
2021-04-06,Inyo,27,18085,1389,1379,2,1381,36
2021-04-06,Kern,29,883053,95179,94422,10841,105263,1259
2021-04-06,Kings,31,150075,22626,22587,1140,23727,240
2021-04-06,Lake,33,64148,3385,3358,9,3367,43
2021-04-06,Lassen,35,31185,5140,5137,109,5246,1
2021-04-06,Los Angeles,37,10098052,1188138,1183499,42741,1226240,23323
2021-04-06,Madera,39,155013,16166,16085,923,17008,230
2021-04-06,Marin,41,260295,13705,13675,230,13905,224
2021-04-06,Mariposa,43,17540,398,390,7,397,5
2021-04-06,Mendocino,45,87422,3758,3686,70,3756,45
2021-04-06,Merced,47,269075,30055,30100,967,31067,430
2021-04-06,Modoc,49,8938,360,351,120,471,3
2021-04-06,Mono,51,14174,1227,1246,14,1260,3
2021-04-06,Monterey,53,433212,42524,42412,1860,44272,341
2021-04-06,Napa,55,140530,9556,9509,33,9542,78
2021-04-06,Nevada,57,99092,4408,4356,187,4543,69
2021-04-06,Orange,59,3164182,251312,250304,11273,261577,4771
2021-04-06,Placer,61,380077,21831,21184,1369,22553,276
2021-04-06,Plumas,63,18699,672,665,11,676,4
2021-04-06,Riverside,65,2383286,287408,283622,14522,298144,4264
2021-04-06,Sacramento,67,1510023,100061,99110,1540,100650,1537
2021-04-06,San Benito,69,59416,5916,5907,108,6015,62
2021-04-06,San Bernardino,71,2135413,289344,286792,9010,295802,4428
2021-04-06,San Diego,73,3302833,272570,271867,0,271867,3585
2021-04-06,San Francisco,75,870044,35532,35572,1313,36885,488
2021-04-06,San Joaquin,77,732212,70211,69316,3446,72762,1278
2021-04-06,San Luis Obispo,79,281455,20528,20350,668,21018,252
2021-04-06,San Mateo,81,765935,41082,40649,445,41094,350
2021-04-06,Santa Barbara,83,443738,33634,33257,1299,34556,443
2021-04-06,Santa Clara,85,1922200,114727,115184,703,115887,1900
2021-04-06,Santa Cruz,87,273765,15836,15252,867,16119,203
2021-04-06,Shasta,89,179085,11426,11443,1435,12878,184
2021-04-06,Sierra,91,2930,53,51,14,65,0
2021-04-06,Siskiyou,93,43540,1562,1510,292,1802,7
2021-04-06,Solano,95,438530,31160,31078,434,31512,237
2021-04-06,Sonoma,97,501317,29287,29386,296,29682,311
2021-04-06,Stanislaus,99,539301,53357,53304,5884,59188,686
2021-04-06,Sutter,101,95872,9177,9179,86,9265,106
2021-04-06,Tehama,103,63373,4818,4798,562,5360,52
2021-04-06,Trinity,105,12862,357,321,53,374,3
2021-04-06,Tulare,107,460477,48774,48372,9150,57522,819
2021-04-06,Tuolumne,109,53932,3986,3981,129,4110,57
2021-04-06,Ventura,111,848112,79761,79556,3020,82576,983
2021-04-06,Yolo,113,214977,13450,13443,265,13708,198
2021-04-06,Yuba,115,75493,5758,5733,119,5852,43
2021-04-05,Alameda,1,1643700,84387,84007,1917,85924,1219
2021-04-05,Alpine,3,1148,86,85,0,85,0
2021-04-05,Amador,5,37829,3607,3584,35,3619,45
2021-04-05,Butte,7,227075,11687,11384,1768,13152,193
2021-04-05,Calaveras,9,45235,2019,2019,13,2032,50
2021-04-05,Colusa,11,21464,1891,1894,283,2177,14
2021-04-05,Contra Costa,13,1133247,66265,65457,1206,66663,774
2021-04-05,Del Norte,15,27424,1211,1189,6,1195,6
2021-04-05,El Dorado,17,186661,9508,9463,675,10138,106
2021-04-05,Fresno,19,978130,99540,99755,8694,108449,1622
2021-04-05,Glenn,21,27897,2346,2335,551,2886,17
2021-04-05,Humboldt,23,135768,3487,3475,26,3501,35
2021-04-05,Imperial,25,180216,27733,27604,2757,30361,710
2021-04-05,Inyo,27,18085,1386,1377,2,1379,36
2021-04-05,Kern,29,883053,95125,94401,10815,105216,1249
2021-04-05,Kings,31,150075,22622,22580,1140,23720,239
2021-04-05,Lake,33,64148,3377,3359,9,3368,43
2021-04-05,Lassen,35,31185,5140,5138,108,5246,1
2021-04-05,Los Angeles,37,10098052,1187605,1183200,42689,1225889,23302
2021-04-05,Madera,39,155013,16152,16065,922,16987,230
2021-04-05,Marin,41,260295,13691,13666,226,13892,221
2021-04-05,Mariposa,43,17540,398,390,7,397,5
2021-04-05,Mendocino,45,87422,3756,3687,70,3757,45
2021-04-05,Merced,47,269075,30028,30068,966,31034,427
2021-04-05,Modoc,49,8938,358,346,120,466,3
2021-04-05,Mono,51,14174,1227,1246,14,1260,3
2021-04-05,Monterey,53,433212,42511,42396,1856,44252,341
2021-04-05,Napa,55,140530,9533,9492,33,9525,78
2021-04-05,Nevada,57,99092,4397,4346,187,4533,69
2021-04-05,Orange,59,3164182,251199,250177,11249,261426,4759
2021-04-05,Placer,61,380077,21785,21133,1361,22494,276
2021-04-05,Plumas,63,18699,672,666,11,677,4
2021-04-05,Riverside,65,2383286,287277,283549,14510,298059,4237
2021-04-05,Sacramento,67,1510023,99900,98908,1532,100440,1533
2021-04-05,San Benito,69,59416,5910,5904,108,6012,61
2021-04-05,San Bernardino,71,2135413,289231,286597,9007,295604,4425
2021-04-05,San Diego,73,3302833,272322,271655,0,271655,3583
2021-04-05,San Francisco,75,870044,35502,35538,1313,36851,488
2021-04-05,San Joaquin,77,732212,70124,69214,3436,72650,1268
2021-04-05,San Luis Obispo,79,281455,20491,20333,668,21001,252
2021-04-05,San Mateo,81,765935,41039,40609,444,41053,350
2021-04-05,Santa Barbara,83,443738,33602,33235,1299,34534,443
2021-04-05,Santa Clara,85,1922200,114562,115091,700,115791,1893
2021-04-05,Santa Cruz,87,273765,15829,15228,867,16095,201
2021-04-05,Shasta,89,179085,11407,11435,1430,12865,184
2021-04-05,Sierra,91,2930,53,50,14,64,0
2021-04-05,Siskiyou,93,43540,1559,1509,290,1799,7
2021-04-05,Solano,95,438530,31120,31026,432,31458,237
2021-04-05,Sonoma,97,501317,29256,29361,294,29655,311
2021-04-05,Stanislaus,99,539301,53277,53238,5881,59119,686
2021-04-05,Sutter,101,95872,9170,9169,86,9255,106
2021-04-05,Tehama,103,63373,4812,4794,562,5356,52
2021-04-05,Trinity,105,12862,356,321,53,374,3
2021-04-05,Tulare,107,460477,48762,48356,9143,57499,818
2021-04-05,Tuolumne,109,53932,3985,3980,101,4081,57
2021-04-05,Ventura,111,848112,79731,79549,3016,82565,983
2021-04-05,Yolo,113,214977,13436,13427,264,13691,198
2021-04-05,Yuba,115,75493,5753,5728,118,5846,43
2021-04-04,Alameda,1,1643700,84269,83951,1913,85864,1219
2021-04-04,Alpine,3,1148,86,85,0,85,0
2021-04-04,Amador,5,37829,3601,3582,35,3617,45
2021-04-04,Butte,7,227075,11672,11375,1767,13142,193
2021-04-04,Calaveras,9,45235,2015,2020,13,2033,50
2021-04-04,Colusa,11,21464,1890,1893,283,2176,14
2021-04-04,Contra Costa,13,1133247,66159,65408,1201,66609,774
2021-04-04,Del Norte,15,27424,1203,1186,6,1192,6
2021-04-04,El Dorado,17,186661,9489,9455,671,10126,106
2021-04-04,Fresno,19,978130,99466,99702,8681,108383,1622
2021-04-04,Glenn,21,27897,2343,2335,550,2885,17
2021-04-04,Humboldt,23,135768,3476,3472,26,3498,35
2021-04-04,Imperial,25,180216,27677,27588,2752,30340,710
2021-04-04,Inyo,27,18085,1382,1377,2,1379,36
2021-04-04,Kern,29,883053,95085,94388,10791,105179,1247
2021-04-04,Kings,31,150075,22620,22580,1139,23719,239
2021-04-04,Lake,33,64148,3371,3355,8,3363,43
2021-04-04,Lassen,35,31185,5139,5138,108,5246,1
2021-04-04,Los Angeles,37,10098052,1187064,1182872,42641,1225513,23301
2021-04-04,Madera,39,155013,16126,16052,918,16970,230
2021-04-04,Marin,41,260295,13678,13663,225,13888,221
2021-04-04,Mariposa,43,17540,398,390,7,397,5
2021-04-04,Mendocino,45,87422,3753,3684,70,3754,45
2021-04-04,Merced,47,269075,29985,30048,963,31011,427
2021-04-04,Modoc,49,8938,358,346,120,466,3
2021-04-04,Mono,51,14174,1226,1245,14,1259,3
2021-04-04,Monterey,53,433212,42494,42391,1855,44246,341
2021-04-04,Napa,55,140530,9521,9486,33,9519,78
2021-04-04,Nevada,57,99092,4385,4337,186,4523,69
2021-04-04,Orange,59,3164182,251063,250117,11233,261350,4759
2021-04-04,Placer,61,380077,21740,21104,1342,22446,276
2021-04-04,Plumas,63,18699,672,666,11,677,4
2021-04-04,Riverside,65,2383286,287152,283537,14506,298043,4237
2021-04-04,Sacramento,67,1510023,99700,98821,1524,100345,1531
2021-04-04,San Benito,69,59416,5900,5901,104,6005,61
2021-04-04,San Bernardino,71,2135413,289088,286561,8999,295560,4423
2021-04-04,San Diego,73,3302833,272011,271528,0,271528,3583
2021-04-04,San Francisco,75,870044,35448,35525,1310,36835,488
2021-04-04,San Joaquin,77,732212,70023,69147,3424,72571,1268
2021-04-04,San Luis Obispo,79,281455,20459,20328,660,20988,252
2021-04-04,San Mateo,81,765935,40996,40587,441,41028,350
2021-04-04,Santa Barbara,83,443738,33566,33213,1299,34512,443
2021-04-04,Santa Clara,85,1922200,114396,114976,693,115669,1893
2021-04-04,Santa Cruz,87,273765,15820,15219,867,16086,201
2021-04-04,Shasta,89,179085,11381,11433,1429,12862,184
2021-04-04,Sierra,91,2930,53,50,14,64,0
2021-04-04,Siskiyou,93,43540,1556,1509,286,1795,7
2021-04-04,Solano,95,438530,31073,31002,430,31432,237
2021-04-04,Sonoma,97,501317,29224,29340,292,29632,311
2021-04-04,Stanislaus,99,539301,53184,53181,5873,59054,686
2021-04-04,Sutter,101,95872,9163,9164,86,9250,106
2021-04-04,Tehama,103,63373,4801,4792,561,5353,52
2021-04-04,Trinity,105,12862,354,321,53,374,3
2021-04-04,Tulare,107,460477,48747,48343,9135,57478,818
2021-04-04,Tuolumne,109,53932,3977,3980,101,4081,57
2021-04-04,Ventura,111,848112,79688,79526,3015,82541,983
2021-04-04,Yolo,113,214977,13415,13425,263,13688,198
2021-04-04,Yuba,115,75493,5746,5722,118,5840,43
2021-04-03,Alameda,1,1643700,84201,83861,1911,85772,1218
2021-04-03,Alpine,3,1148,86,85,0,85,0
2021-04-03,Amador,5,37829,3598,3577,35,3612,45
2021-04-03,Butte,7,227075,11668,11359,1763,13122,193
2021-04-03,Calaveras,9,45235,2013,2019,13,2032,50
2021-04-03,Colusa,11,21464,1890,1891,283,2174,14
2021-04-03,Contra Costa,13,1133247,66087,65338,1201,66539,774
2021-04-03,Del Norte,15,27424,1198,1183,6,1189,6
2021-04-03,El Dorado,17,186661,9480,9448,670,10118,106
2021-04-03,Fresno,19,978130,99409,99602,8676,108278,1622
2021-04-03,Glenn,21,27897,2343,2334,549,2883,17
2021-04-03,Humboldt,23,135768,3474,3467,26,3493,35
2021-04-03,Imperial,25,180216,27662,27572,2748,30320,710
2021-04-03,Inyo,27,18085,1381,1376,2,1378,36
2021-04-03,Kern,29,883053,95062,94369,10773,105142,1243
2021-04-03,Kings,31,150075,22618,22580,1139,23719,239
2021-04-03,Lake,33,64148,3370,3350,8,3358,43
2021-04-03,Lassen,35,31185,5138,5136,108,5244,1
2021-04-03,Los Angeles,37,10098052,1186766,1182402,42622,1225024,23301
2021-04-03,Madera,39,155013,16117,16051,916,16967,230
2021-04-03,Marin,41,260295,13670,13658,224,13882,221
2021-04-03,Mariposa,43,17540,398,390,6,396,5
2021-04-03,Mendocino,45,87422,3752,3684,70,3754,45
2021-04-03,Merced,47,269075,29970,30031,963,30994,427
2021-04-03,Modoc,49,8938,358,346,120,466,3
2021-04-03,Mono,51,14174,1226,1245,14,1259,3
2021-04-03,Monterey,53,433212,42481,42376,1853,44229,341
2021-04-03,Napa,55,140530,9512,9473,33,9506,78
2021-04-03,Nevada,57,99092,4381,4323,186,4509,69
2021-04-03,Orange,59,3164182,250984,249982,11214,261196,4755
2021-04-03,Placer,61,380077,21709,21060,1338,22398,276
2021-04-03,Plumas,63,18699,672,666,11,677,4
2021-04-03,Riverside,65,2383286,287075,283423,14503,297926,4237
2021-04-03,Sacramento,67,1510023,99592,98660,1518,100178,1531
2021-04-03,San Benito,69,59416,5897,5893,103,5996,61
2021-04-03,San Bernardino,71,2135413,289023,286473,8993,295466,4422
2021-04-03,San Diego,73,3302833,271842,271335,0,271335,3571
2021-04-03,San Francisco,75,870044,35430,35488,1308,36796,489
2021-04-03,San Joaquin,77,732212,69982,69100,3408,72508,1268
2021-04-03,San Luis Obispo,79,281455,20440,20301,660,20961,252
2021-04-03,San Mateo,81,765935,40971,40560,441,41001,350
2021-04-03,Santa Barbara,83,443738,33540,33172,1298,34470,443
2021-04-03,Santa Clara,85,1922200,114288,114865,691,115556,1893
2021-04-03,Santa Cruz,87,273765,15813,15205,867,16072,201
2021-04-03,Shasta,89,179085,11373,11418,1429,12847,184
2021-04-03,Sierra,91,2930,53,50,14,64,0
2021-04-03,Siskiyou,93,43540,1555,1509,286,1795,7
2021-04-03,Solano,95,438530,31052,30970,427,31397,237
2021-04-03,Sonoma,97,501317,29209,29315,291,29606,311
2021-04-03,Stanislaus,99,539301,53149,53137,5867,59004,686
2021-04-03,Sutter,101,95872,9157,9158,86,9244,106
2021-04-03,Tehama,103,63373,4794,4788,561,5349,52
2021-04-03,Trinity,105,12862,354,321,53,374,3
2021-04-03,Tulare,107,460477,48737,48327,9131,57458,818
2021-04-03,Tuolumne,109,53932,3977,3980,101,4081,57
2021-04-03,Ventura,111,848112,79667,79489,3013,82502,983
2021-04-03,Yolo,113,214977,13409,13414,263,13677,198
2021-04-03,Yuba,115,75493,5740,5716,118,5834,43
2021-04-02,Alameda,1,1643700,84128,83776,1907,85683,1217
2021-04-02,Alpine,3,1148,86,85,0,85,0
2021-04-02,Amador,5,37829,3594,3573,34,3607,45
2021-04-02,Butte,7,227075,11659,11350,1763,13113,193
2021-04-02,Calaveras,9,45235,2013,2010,13,2023,50
2021-04-02,Colusa,11,21464,1890,1891,283,2174,14
2021-04-02,Contra Costa,13,1133247,66023,65299,1200,66499,774
2021-04-02,Del Norte,15,27424,1195,1174,6,1180,6
2021-04-02,El Dorado,17,186661,9467,9437,667,10104,106
2021-04-02,Fresno,19,978130,99355,99551,8665,108216,1620
2021-04-02,Glenn,21,27897,2343,2331,549,2880,17
2021-04-02,Humboldt,23,135768,3470,3465,26,3491,35
2021-04-02,Imperial,25,180216,27651,27553,2740,30293,710
2021-04-02,Inyo,27,18085,1381,1377,2,1379,36
2021-04-02,Kern,29,883053,95045,94348,10769,105117,1233
2021-04-02,Kings,31,150075,22618,22571,1136,23707,239
2021-04-02,Lake,33,64148,3368,3348,8,3356,43
2021-04-02,Lassen,35,31185,5138,5134,108,5242,1
2021-04-02,Los Angeles,37,10098052,1186457,1181682,42598,1224280,23264
2021-04-02,Madera,39,155013,16108,16036,915,16951,230
2021-04-02,Marin,41,260295,13662,13649,224,13873,221
2021-04-02,Mariposa,43,17540,396,390,6,396,5
2021-04-02,Mendocino,45,87422,3749,3682,70,3752,45
2021-04-02,Merced,47,269075,29946,29998,963,30961,426
2021-04-02,Modoc,49,8938,355,346,120,466,3
2021-04-02,Mono,51,14174,1226,1246,14,1260,3
2021-04-02,Monterey,53,433212,42471,42359,1850,44209,341
2021-04-02,Napa,55,140530,9497,9453,33,9486,78
2021-04-02,Nevada,57,99092,4377,4323,186,4509,69
2021-04-02,Orange,59,3164182,250888,249891,11200,261091,4748
2021-04-02,Placer,61,380077,21674,21035,1331,22366,275
2021-04-02,Plumas,63,18699,672,666,11,677,4
2021-04-02,Riverside,65,2383286,286991,283328,14495,297823,4213
2021-04-02,Sacramento,67,1510023,99485,98648,1511,100159,1527
2021-04-02,San Benito,69,59416,5895,5888,101,5989,61
2021-04-02,San Bernardino,71,2135413,288950,286308,8988,295296,4417
2021-04-02,San Diego,73,3302833,271655,271036,0,271036,3568
2021-04-02,San Francisco,75,870044,35396,35451,1305,36756,488
2021-04-02,San Joaquin,77,732212,69918,68996,3392,72388,1268
2021-04-02,San Luis Obispo,79,281455,20423,20271,659,20930,252
2021-04-02,San Mateo,81,765935,40929,40514,441,40955,350
2021-04-02,Santa Barbara,83,443738,33512,33145,1298,34443,443
2021-04-02,Santa Clara,85,1922200,114176,114777,689,115466,1882
2021-04-02,Santa Cruz,87,273765,15805,15216,867,16083,202
2021-04-02,Shasta,89,179085,11368,11377,1421,12798,181
2021-04-02,Sierra,91,2930,53,50,14,64,0
2021-04-02,Siskiyou,93,43540,1555,1508,285,1793,7
2021-04-02,Solano,95,438530,31024,30951,425,31376,237
2021-04-02,Sonoma,97,501317,29189,29288,290,29578,311
2021-04-02,Stanislaus,99,539301,53104,53073,5860,58933,687
2021-04-02,Sutter,101,95872,9149,9131,86,9217,106
2021-04-02,Tehama,103,63373,4787,4775,560,5335,52
2021-04-02,Trinity,105,12862,354,320,53,373,3
2021-04-02,Tulare,107,460477,48731,48306,9125,57431,818
2021-04-02,Tuolumne,109,53932,3974,3980,101,4081,57
2021-04-02,Ventura,111,848112,79639,79434,3011,82445,982
2021-04-02,Yolo,113,214977,13399,13381,263,13644,197
2021-04-02,Yuba,115,75493,5737,5709,118,5827,44
2021-04-01,Alameda,1,1643700,84046,83574,1902,85476,1216
2021-04-01,Alpine,3,1148,86,85,0,85,0
2021-04-01,Amador,5,37829,3590,3558,34,3592,45
2021-04-01,Butte,7,227075,11641,11328,1761,13089,193
2021-04-01,Calaveras,9,45235,2012,2006,13,2019,50
2021-04-01,Colusa,11,21464,1887,1890,283,2173,14
2021-04-01,Contra Costa,13,1133247,65963,65176,1198,66374,771
2021-04-01,Del Norte,15,27424,1190,1138,6,1144,6
2021-04-01,El Dorado,17,186661,9458,9393,663,10056,106
2021-04-01,Fresno,19,978130,99304,99317,8657,107974,1616
2021-04-01,Glenn,21,27897,2343,2322,548,2870,17
2021-04-01,Humboldt,23,135768,3466,3464,26,3490,35
2021-04-01,Imperial,25,180216,27621,27520,2734,30254,710
2021-04-01,Inyo,27,18085,1380,1374,2,1376,36
2021-04-01,Kern,29,883053,95014,94244,10755,104999,1233
2021-04-01,Kings,31,150075,22611,22560,1135,23695,239
2021-04-01,Lake,33,64148,3363,3337,8,3345,43
2021-04-01,Lassen,35,31185,5137,5132,108,5240,1
2021-04-01,Los Angeles,37,10098052,1185970,1181101,42571,1223672,23220
2021-04-01,Madera,39,155013,16092,16023,915,16938,230
2021-04-01,Marin,41,260295,13652,13635,224,13859,221
2021-04-01,Mariposa,43,17540,394,389,6,395,5
2021-04-01,Mendocino,45,87422,3749,3680,70,3750,45
2021-04-01,Merced,47,269075,29913,29820,963,30783,425
2021-04-01,Modoc,49,8938,354,346,120,466,3
2021-04-01,Mono,51,14174,1226,1245,14,1259,3
2021-04-01,Monterey,53,433212,42463,42324,1848,44172,339
2021-04-01,Napa,55,140530,9485,9410,33,9443,78
2021-04-01,Nevada,57,99092,4367,4288,185,4473,68
2021-04-01,Orange,59,3164182,250768,249617,11182,260799,4742
2021-04-01,Placer,61,380077,21638,20909,1318,22227,274
2021-04-01,Plumas,63,18699,672,664,11,675,4
2021-04-01,Riverside,65,2383286,286889,283128,14493,297621,4193
2021-04-01,Sacramento,67,1510023,99342,97952,1497,99449,1521
2021-04-01,San Benito,69,59416,5887,5878,100,5978,61
2021-04-01,San Bernardino,71,2135413,288832,286086,8980,295066,4404
2021-04-01,San Diego,73,3302833,271431,270540,0,270540,3555
2021-04-01,San Francisco,75,870044,35376,35386,1301,36687,488
2021-04-01,San Joaquin,77,732212,69835,68802,3384,72186,1262
2021-04-01,San Luis Obispo,79,281455,20395,20235,658,20893,252
2021-04-01,San Mateo,81,765935,40888,40454,441,40895,350
2021-04-01,Santa Barbara,83,443738,33467,33096,1293,34389,443
2021-04-01,Santa Clara,85,1922200,114063,114606,688,115294,1874
2021-04-01,Santa Cruz,87,273765,15790,15271,867,16138,202
2021-04-01,Shasta,89,179085,11353,11355,1415,12770,181
2021-04-01,Sierra,91,2930,53,50,14,64,0
2021-04-01,Siskiyou,93,43540,1553,1507,284,1791,7
2021-04-01,Solano,95,438530,30991,30850,422,31272,237
2021-04-01,Sonoma,97,501317,29157,29241,283,29524,311
2021-04-01,Stanislaus,99,539301,53041,52825,5854,58679,687
2021-04-01,Sutter,101,95872,9137,9105,86,9191,106
2021-04-01,Tehama,103,63373,4781,4764,557,5321,52
2021-04-01,Trinity,105,12862,354,319,53,372,3
2021-04-01,Tulare,107,460477,48708,48279,9115,57394,817
2021-04-01,Tuolumne,109,53932,3973,3978,101,4079,57
2021-04-01,Ventura,111,848112,79615,79369,3010,82379,977
2021-04-01,Yolo,113,214977,13386,13342,263,13605,197
2021-04-01,Yuba,115,75493,5732,5694,118,5812,44
2021-03-31,Alameda,1,1643700,83965,83475,1897,85372,1215
2021-03-31,Alpine,3,1148,86,85,0,85,0
2021-03-31,Amador,5,37829,3587,3556,34,3590,45
2021-03-31,Butte,7,227075,11631,11321,1758,13079,193
2021-03-31,Calaveras,9,45235,2008,2005,13,2018,50
2021-03-31,Colusa,11,21464,1887,1890,283,2173,14
2021-03-31,Contra Costa,13,1133247,65878,65109,1197,66306,769
2021-03-31,Del Norte,15,27424,1181,1129,6,1135,6
2021-03-31,El Dorado,17,186661,9441,9390,663,10053,106
2021-03-31,Fresno,19,978130,99214,99240,8641,107881,1616
2021-03-31,Glenn,21,27897,2338,2318,546,2864,17
2021-03-31,Humboldt,23,135768,3460,3460,26,3486,35
2021-03-31,Imperial,25,180216,27601,27506,2733,30239,710
2021-03-31,Inyo,27,18085,1377,1373,2,1375,35
2021-03-31,Kern,29,883053,94975,94205,10746,104951,1229
2021-03-31,Kings,31,150075,22608,22540,1135,23675,239
2021-03-31,Lake,33,64148,3359,3332,8,3340,43
2021-03-31,Lassen,35,31185,5133,5132,108,5240,1
2021-03-31,Los Angeles,37,10098052,1185511,1180538,42529,1223067,23171
2021-03-31,Madera,39,155013,16078,16015,913,16928,229
2021-03-31,Marin,41,260295,13642,13624,224,13848,221
2021-03-31,Mariposa,43,17540,394,389,6,395,5
2021-03-31,Mendocino,45,87422,3743,3675,70,3745,45
2021-03-31,Merced,47,269075,29884,29780,963,30743,423
2021-03-31,Modoc,49,8938,354,346,120,466,3
2021-03-31,Mono,51,14174,1226,1245,14,1259,3
2021-03-31,Monterey,53,433212,42446,42309,1846,44155,338
2021-03-31,Napa,55,140530,9467,9401,33,9434,78
2021-03-31,Nevada,57,99092,4361,4283,185,4468,68
2021-03-31,Orange,59,3164182,250657,249518,11167,260685,4731
2021-03-31,Placer,61,380077,21588,20885,1310,22195,271
2021-03-31,Plumas,63,18699,671,663,11,674,4
2021-03-31,Riverside,65,2383286,286790,283006,14482,297488,4171
2021-03-31,Sacramento,67,1510023,99165,97760,1490,99250,1519
2021-03-31,San Benito,69,59416,5877,5875,100,5975,61
2021-03-31,San Bernardino,71,2135413,288734,285916,8977,294893,4356
2021-03-31,San Diego,73,3302833,271200,270288,0,270288,3555
2021-03-31,San Francisco,75,870044,35332,35347,1299,36646,474
2021-03-31,San Joaquin,77,732212,69747,68685,3367,72052,1259
2021-03-31,San Luis Obispo,79,281455,20375,20215,657,20872,251
2021-03-31,San Mateo,81,765935,40858,40423,441,40864,350
2021-03-31,Santa Barbara,83,443738,33436,33052,1291,34343,443
2021-03-31,Santa Clara,85,1922200,113937,114499,688,115187,1874
2021-03-31,Santa Cruz,87,273765,15778,15295,866,16161,201
2021-03-31,Shasta,89,179085,11341,11327,1407,12734,179
2021-03-31,Sierra,91,2930,53,50,14,64,0
2021-03-31,Siskiyou,93,43540,1552,1505,284,1789,7
2021-03-31,Solano,95,438530,30945,30824,421,31245,235
2021-03-31,Sonoma,97,501317,29131,29216,283,29499,311
2021-03-31,Stanislaus,99,539301,52973,52782,5842,58624,687
2021-03-31,Sutter,101,95872,9126,9111,86,9197,106
2021-03-31,Tehama,103,63373,4776,4762,554,5316,52
2021-03-31,Trinity,105,12862,354,319,53,372,3
2021-03-31,Tulare,107,460477,48689,48261,9098,57359,816
2021-03-31,Tuolumne,109,53932,3973,3976,101,4077,57
2021-03-31,Ventura,111,848112,79583,79326,3006,82332,969
2021-03-31,Yolo,113,214977,13368,13359,262,13621,197
2021-03-31,Yuba,115,75493,5725,5686,118,5804,44
2021-03-30,Alameda,1,1643700,83865,83395,1894,85289,1211
2021-03-30,Alpine,3,1148,86,85,0,85,0
2021-03-30,Amador,5,37829,3584,3551,34,3585,45
2021-03-30,Butte,7,227075,11618,11296,1755,13051,193
2021-03-30,Calaveras,9,45235,2004,1997,13,2010,50
2021-03-30,Colusa,11,21464,1886,1890,282,2172,14
2021-03-30,Contra Costa,13,1133247,65790,65041,1195,66236,767
2021-03-30,Del Norte,15,27424,1173,1118,5,1123,6
2021-03-30,El Dorado,17,186661,9422,9381,660,10041,105
2021-03-30,Fresno,19,978130,99150,99156,8629,107785,1609
2021-03-30,Glenn,21,27897,2338,2310,544,2854,17
2021-03-30,Humboldt,23,135768,3457,3461,26,3487,35
2021-03-30,Imperial,25,180216,27572,27471,2731,30202,706
2021-03-30,Inyo,27,18085,1377,1374,2,1376,35
2021-03-30,Kern,29,883053,94935,94151,10737,104888,1221
2021-03-30,Kings,31,150075,22604,22530,1133,23663,238
2021-03-30,Lake,33,64148,3353,3330,8,3338,43
2021-03-30,Lassen,35,31185,5133,5132,108,5240,1
2021-03-30,Los Angeles,37,10098052,1185022,1180044,42505,1222549,23136
2021-03-30,Madera,39,155013,16068,16003,910,16913,229
2021-03-30,Marin,41,260295,13633,13611,216,13827,221
2021-03-30,Mariposa,43,17540,394,388,6,394,5
2021-03-30,Mendocino,45,87422,3741,3670,70,3740,45
2021-03-30,Merced,47,269075,29848,29731,963,30694,423
2021-03-30,Modoc,49,8938,353,346,120,466,3
2021-03-30,Mono,51,14174,1225,1245,14,1259,3
2021-03-30,Monterey,53,433212,42420,42308,1843,44151,338
2021-03-30,Napa,55,140530,9452,9391,33,9424,78
2021-03-30,Nevada,57,99092,4349,4266,184,4450,68
2021-03-30,Orange,59,3164182,250529,249412,11139,260551,4727
2021-03-30,Placer,61,380077,21548,20866,1303,22169,271
2021-03-30,Plumas,63,18699,671,661,11,672,4
2021-03-30,Riverside,65,2383286,286671,282930,14473,297403,4154
2021-03-30,Sacramento,67,1510023,99029,97718,1485,99203,1516
2021-03-30,San Benito,69,59416,5871,5870,100,5970,61
2021-03-30,San Bernardino,71,2135413,288624,285758,8968,294726,4343
2021-03-30,San Diego,73,3302833,270963,269998,0,269998,3555
2021-03-30,San Francisco,75,870044,35282,35325,1298,36623,474
2021-03-30,San Joaquin,77,732212,69660,68613,3356,71969,1232
2021-03-30,San Luis Obispo,79,281455,20355,20194,657,20851,251
2021-03-30,San Mateo,81,765935,40813,40377,441,40818,349
2021-03-30,Santa Barbara,83,443738,33411,33016,1290,34306,441
2021-03-30,Santa Clara,85,1922200,113814,114413,687,115100,1873
2021-03-30,Santa Cruz,87,273765,15772,15278,866,16144,201
2021-03-30,Shasta,89,179085,11333,11316,1406,12722,184
2021-03-30,Sierra,91,2930,53,50,14,64,0
2021-03-30,Siskiyou,93,43540,1551,1501,284,1785,7
2021-03-30,Solano,95,438530,30916,30802,420,31222,232
2021-03-30,Sonoma,97,501317,29099,29198,283,29481,311
2021-03-30,Stanislaus,99,539301,52895,52690,5834,58524,677
2021-03-30,Sutter,101,95872,9122,9107,85,9192,106
2021-03-30,Tehama,103,63373,4767,4748,553,5301,52
2021-03-30,Trinity,105,12862,354,316,53,369,3
2021-03-30,Tulare,107,460477,48675,48249,9088,57337,815
2021-03-30,Tuolumne,109,53932,3968,3972,101,4073,57
2021-03-30,Ventura,111,848112,79539,79282,3003,82285,958
2021-03-30,Yolo,113,214977,13355,13353,262,13615,195
2021-03-30,Yuba,115,75493,5714,5679,112,5791,42
2021-03-29,Alameda,1,1643700,83763,83338,1893,85231,1211
2021-03-29,Alpine,3,1148,86,85,0,85,0
2021-03-29,Amador,5,37829,3578,3549,34,3583,45
2021-03-29,Butte,7,227075,11609,11291,1752,13043,191
2021-03-29,Calaveras,9,45235,2000,1998,13,2011,50
2021-03-29,Colusa,11,21464,1886,1889,281,2170,14
2021-03-29,Contra Costa,13,1133247,65722,64971,1194,66165,767
2021-03-29,Del Norte,15,27424,1168,1116,4,1120,6
2021-03-29,El Dorado,17,186661,9402,9374,654,10028,105
2021-03-29,Fresno,19,978130,99067,99085,8617,107702,1606
2021-03-29,Glenn,21,27897,2332,2310,544,2854,17
2021-03-29,Humboldt,23,135768,3452,3459,26,3485,34
2021-03-29,Imperial,25,180216,27552,27442,2727,30169,704
2021-03-29,Inyo,27,18085,1377,1372,2,1374,35
2021-03-29,Kern,29,883053,94890,94098,10716,104814,1220
2021-03-29,Kings,31,150075,22592,22522,1132,23654,238
2021-03-29,Lake,33,64148,3350,3325,8,3333,43
2021-03-29,Lassen,35,31185,5133,5131,108,5239,1
2021-03-29,Los Angeles,37,10098052,1184532,1179736,42463,1222199,23108
2021-03-29,Madera,39,155013,16048,15987,908,16895,210
2021-03-29,Marin,41,260295,13621,13600,212,13812,220
2021-03-29,Mariposa,43,17540,393,388,6,394,5
2021-03-29,Mendocino,45,87422,3738,3667,70,3737,45
2021-03-29,Merced,47,269075,29824,29699,963,30662,422
2021-03-29,Modoc,49,8938,352,344,120,464,3
2021-03-29,Mono,51,14174,1224,1243,14,1257,3
2021-03-29,Monterey,53,433212,42403,42305,1838,44143,337
2021-03-29,Napa,55,140530,9436,9379,33,9412,78
2021-03-29,Nevada,57,99092,4342,4258,184,4442,68
2021-03-29,Orange,59,3164182,250416,249295,11127,260422,4713
2021-03-29,Placer,61,380077,21513,20827,1296,22123,267
2021-03-29,Plumas,63,18699,670,660,11,671,4
2021-03-29,Riverside,65,2383286,286582,282867,14471,297338,4133
2021-03-29,Sacramento,67,1510023,98836,97577,1476,99053,1514
2021-03-29,San Benito,69,59416,5864,5865,100,5965,61
2021-03-29,San Bernardino,71,2135413,288524,285615,8964,294579,4335
2021-03-29,San Diego,73,3302833,270697,269771,0,269771,3547
2021-03-29,San Francisco,75,870044,35249,35291,1294,36585,474
2021-03-29,San Joaquin,77,732212,69574,68537,3342,71879,1211
2021-03-29,San Luis Obispo,79,281455,20320,20176,655,20831,250
2021-03-29,San Mateo,81,765935,40771,40357,440,40797,348
2021-03-29,Santa Barbara,83,443738,33377,32983,1289,34272,439
2021-03-29,Santa Clara,85,1922200,113708,114335,681,115016,1871
2021-03-29,Santa Cruz,87,273765,15761,15249,865,16114,201
2021-03-29,Shasta,89,179085,11315,11313,1404,12717,183
2021-03-29,Sierra,91,2930,53,50,14,64,0
2021-03-29,Siskiyou,93,43540,1550,1497,283,1780,6
2021-03-29,Solano,95,438530,30877,30762,418,31180,232
2021-03-29,Sonoma,97,501317,29075,29184,279,29463,310
2021-03-29,Stanislaus,99,539301,52811,52614,5826,58440,677
2021-03-29,Sutter,101,95872,9115,9105,85,9190,106
2021-03-29,Tehama,103,63373,4759,4742,552,5294,52
2021-03-29,Trinity,105,12862,354,314,53,367,3
2021-03-29,Tulare,107,460477,48648,48226,9077,57303,815
2021-03-29,Tuolumne,109,53932,3966,3969,91,4060,57
2021-03-29,Ventura,111,848112,79497,79252,3002,82254,956
2021-03-29,Yolo,113,214977,13337,13346,262,13608,195
2021-03-29,Yuba,115,75493,5707,5671,111,5782,42
2021-03-28,Alameda,1,1643700,83641,83239,1891,85130,1212
2021-03-28,Alpine,3,1148,86,85,0,85,0
2021-03-28,Amador,5,37829,3574,3541,34,3575,45
2021-03-28,Butte,7,227075,11596,11285,1750,13035,191
2021-03-28,Calaveras,9,45235,1997,1995,13,2008,50
2021-03-28,Colusa,11,21464,1885,1889,281,2170,14
2021-03-28,Contra Costa,13,1133247,65648,64878,1190,66068,767
2021-03-28,Del Norte,15,27424,1161,1107,2,1109,6
2021-03-28,El Dorado,17,186661,9387,9371,652,10023,105
2021-03-28,Fresno,19,978130,98985,99004,8604,107608,1606
2021-03-28,Glenn,21,27897,2329,2309,542,2851,17
2021-03-28,Humboldt,23,135768,3449,3452,25,3477,34
2021-03-28,Imperial,25,180216,27524,27426,2724,30150,704
2021-03-28,Inyo,27,18085,1376,1372,2,1374,35
2021-03-28,Kern,29,883053,94848,94084,10704,104788,1219
2021-03-28,Kings,31,150075,22588,22514,1128,23642,238
2021-03-28,Lake,33,64148,3345,3320,8,3328,43
2021-03-28,Lassen,35,31185,5133,5131,107,5238,1
2021-03-28,Los Angeles,37,10098052,1183982,1179316,42401,1221717,23101
2021-03-28,Madera,39,155013,16033,15973,907,16880,210
2021-03-28,Marin,41,260295,13608,13594,210,13804,221
2021-03-28,Mariposa,43,17540,393,388,6,394,5
2021-03-28,Mendocino,45,87422,3736,3666,70,3736,45
2021-03-28,Merced,47,269075,29767,29679,963,30642,422
2021-03-28,Modoc,49,8938,352,344,120,464,3
2021-03-28,Mono,51,14174,1223,1242,14,1256,3
2021-03-28,Monterey,53,433212,42380,42294,1834,44128,337
2021-03-28,Napa,55,140530,9422,9368,33,9401,78
2021-03-28,Nevada,57,99092,4328,4239,184,4423,68
2021-03-28,Orange,59,3164182,250263,249238,11116,260354,4713
2021-03-28,Placer,61,380077,21470,20796,1289,22085,267
2021-03-28,Plumas,63,18699,668,657,11,668,4
2021-03-28,Riverside,65,2383286,286479,282811,14462,297273,4132
2021-03-28,Sacramento,67,1510023,98662,97425,1470,98895,1514
2021-03-28,San Benito,69,59416,5859,5862,100,5962,61
2021-03-28,San Bernardino,71,2135413,288408,285570,8954,294524,4332
2021-03-28,San Diego,73,3302833,270424,269476,0,269476,3547
2021-03-28,San Francisco,75,870044,35202,35286,1290,36576,474
2021-03-28,San Joaquin,77,732212,69449,68459,3322,71781,1211
2021-03-28,San Luis Obispo,79,281455,20285,20172,652,20824,250
2021-03-28,San Mateo,81,765935,40726,40305,439,40744,348
2021-03-28,Santa Barbara,83,443738,33338,32953,1287,34240,439
2021-03-28,Santa Clara,85,1922200,113609,114232,677,114909,1871
2021-03-28,Santa Cruz,87,273765,15747,15238,864,16102,201
2021-03-28,Shasta,89,179085,11289,11308,1393,12701,183
2021-03-28,Sierra,91,2930,53,50,14,64,0
2021-03-28,Siskiyou,93,43540,1550,1497,282,1779,6
2021-03-28,Solano,95,438530,30840,30719,416,31135,232
2021-03-28,Sonoma,97,501317,29040,29161,276,29437,310
2021-03-28,Stanislaus,99,539301,52726,52567,5811,58378,678
2021-03-28,Sutter,101,95872,9106,9094,85,9179,106
2021-03-28,Tehama,103,63373,4750,4740,547,5287,52
2021-03-28,Trinity,105,12862,352,314,52,366,3
2021-03-28,Tulare,107,460477,48619,48218,9071,57289,815
2021-03-28,Tuolumne,109,53932,3964,3969,90,4059,57
2021-03-28,Ventura,111,848112,79445,79222,2997,82219,956
2021-03-28,Yolo,113,214977,13319,13325,261,13586,194
2021-03-28,Yuba,115,75493,5703,5662,111,5773,42
2021-03-27,Alameda,1,1643700,83569,83169,1887,85056,1211
2021-03-27,Alpine,3,1148,86,85,0,85,0
2021-03-27,Amador,5,37829,3569,3538,34,3572,45
2021-03-27,Butte,7,227075,11589,11278,1749,13027,191
2021-03-27,Calaveras,9,45235,1997,1992,13,2005,50
2021-03-27,Colusa,11,21464,1885,1889,281,2170,14
2021-03-27,Contra Costa,13,1133247,65579,64804,1187,65991,767
2021-03-27,Del Norte,15,27424,1151,1104,2,1106,6
2021-03-27,El Dorado,17,186661,9373,9367,652,10019,105
2021-03-27,Fresno,19,978130,98933,98901,8599,107500,1606
2021-03-27,Glenn,21,27897,2328,2308,542,2850,17
2021-03-27,Humboldt,23,135768,3444,3442,25,3467,34
2021-03-27,Imperial,25,180216,27512,27406,2721,30127,704
2021-03-27,Inyo,27,18085,1374,1372,2,1374,35
2021-03-27,Kern,29,883053,94830,94041,10690,104731,1217
2021-03-27,Kings,31,150075,22585,22502,1128,23630,238
2021-03-27,Lake,33,64148,3343,3317,8,3325,43
2021-03-27,Lassen,35,31185,5133,5129,107,5236,1
2021-03-27,Los Angeles,37,10098052,1183669,1178831,42372,1221203,23103
2021-03-27,Madera,39,155013,16026,15968,905,16873,210
2021-03-27,Marin,41,260295,13603,13579,210,13789,222
2021-03-27,Mariposa,43,17540,393,386,6,392,5
2021-03-27,Mendocino,45,87422,3735,3666,70,3736,45
2021-03-27,Merced,47,269075,29734,29647,961,30608,422
2021-03-27,Modoc,49,8938,352,344,120,464,3
2021-03-27,Mono,51,14174,1221,1241,14,1255,3
2021-03-27,Monterey,53,433212,42370,42271,1834,44105,337
2021-03-27,Napa,55,140530,9410,9360,33,9393,78
2021-03-27,Nevada,57,99092,4318,4231,184,4415,68
2021-03-27,Orange,59,3164182,250170,249160,11100,260260,4698
2021-03-27,Placer,61,380077,21450,20717,1282,21999,267
2021-03-27,Plumas,63,18699,667,655,11,666,4
2021-03-27,Riverside,65,2383286,286417,282707,14454,297161,4132
2021-03-27,Sacramento,67,1510023,98572,97247,1468,98715,1513
2021-03-27,San Benito,69,59416,5857,5862,98,5960,61
2021-03-27,San Bernardino,71,2135413,288346,285480,8952,294432,4325
2021-03-27,San Diego,73,3302833,270254,269271,0,269271,3540
2021-03-27,San Francisco,75,870044,35178,35244,1288,36532,474
2021-03-27,San Joaquin,77,732212,69389,68365,3313,71678,1211
2021-03-27,San Luis Obispo,79,281455,20274,20153,649,20802,250
2021-03-27,San Mateo,81,765935,40702,40264,439,40703,348
2021-03-27,Santa Barbara,83,443738,33315,32921,1286,34207,439
2021-03-27,Santa Clara,85,1922200,113512,114124,675,114799,1871
2021-03-27,Santa Cruz,87,273765,15741,15215,864,16079,201
2021-03-27,Shasta,89,179085,11278,11288,1391,12679,183
2021-03-27,Sierra,91,2930,53,50,14,64,0
2021-03-27,Siskiyou,93,43540,1550,1497,282,1779,6
2021-03-27,Solano,95,438530,30812,30669,415,31084,232
2021-03-27,Sonoma,97,501317,29025,29133,274,29407,310
2021-03-27,Stanislaus,99,539301,52663,52497,5802,58299,678
2021-03-27,Sutter,101,95872,9098,9093,85,9178,106
2021-03-27,Tehama,103,63373,4744,4738,545,5283,52
2021-03-27,Trinity,105,12862,352,313,52,365,3
2021-03-27,Tulare,107,460477,48603,48203,9063,57266,813
2021-03-27,Tuolumne,109,53932,3961,3968,90,4058,57
2021-03-27,Ventura,111,848112,79418,79184,2995,82179,956
2021-03-27,Yolo,113,214977,13314,13317,260,13577,194
2021-03-27,Yuba,115,75493,5701,5657,111,5768,42
2021-03-26,Alameda,1,1643700,83507,83043,1885,84928,1208
2021-03-26,Alpine,3,1148,86,85,0,85,0
2021-03-26,Amador,5,37829,3564,3532,34,3566,45
2021-03-26,Butte,7,227075,11579,11278,1749,13027,191
2021-03-26,Calaveras,9,45235,1996,1989,13,2002,50
2021-03-26,Colusa,11,21464,1885,1889,281,2170,14
2021-03-26,Contra Costa,13,1133247,65519,64699,1185,65884,761
2021-03-26,Del Norte,15,27424,1148,1101,2,1103,6
2021-03-26,El Dorado,17,186661,9368,9353,652,10005,105
2021-03-26,Fresno,19,978130,98872,98731,8587,107318,1601
2021-03-26,Glenn,21,27897,2328,2307,541,2848,17
2021-03-26,Humboldt,23,135768,3442,3431,25,3456,34
2021-03-26,Imperial,25,180216,27488,27374,2721,30095,701
2021-03-26,Inyo,27,18085,1373,1369,2,1371,35
2021-03-26,Kern,29,883053,94804,93949,10684,104633,1211
2021-03-26,Kings,31,150075,22577,22493,1126,23619,239
2021-03-26,Lake,33,64148,3342,3314,8,3322,43
2021-03-26,Lassen,35,31185,5132,5131,107,5238,1
2021-03-26,Los Angeles,37,10098052,1183334,1178213,42357,1220570,23080
2021-03-26,Madera,39,155013,16016,15952,905,16857,210
2021-03-26,Marin,41,260295,13597,13553,205,13758,221
2021-03-26,Mariposa,43,17540,393,386,6,392,5
2021-03-26,Mendocino,45,87422,3734,3664,70,3734,45
2021-03-26,Merced,47,269075,29711,29613,959,30572,419
2021-03-26,Modoc,49,8938,352,344,120,464,3
2021-03-26,Mono,51,14174,1220,1236,14,1250,3
2021-03-26,Monterey,53,433212,42358,42241,1830,44071,338
2021-03-26,Napa,55,140530,9400,9349,33,9382,78
2021-03-26,Nevada,57,99092,4298,4222,184,4406,83
2021-03-26,Orange,59,3164182,250107,248995,11086,260081,4671
2021-03-26,Placer,61,380077,21424,20679,1280,21959,259
2021-03-26,Plumas,63,18699,666,654,11,665,4
2021-03-26,Riverside,65,2383286,286339,282602,14448,297050,4109
2021-03-26,Sacramento,67,1510023,98472,97040,1463,98503,1509
2021-03-26,San Benito,69,59416,5854,5855,98,5953,61
2021-03-26,San Bernardino,71,2135413,288287,285313,8949,294262,4288
2021-03-26,San Diego,73,3302833,270076,269045,0,269045,3525
2021-03-26,San Francisco,75,870044,35153,35186,1288,36474,472
2021-03-26,San Joaquin,77,732212,69327,68249,3308,71557,1202
2021-03-26,San Luis Obispo,79,281455,20261,20118,649,20767,250
2021-03-26,San Mateo,81,765935,40667,40199,439,40638,348
2021-03-26,Santa Barbara,83,443738,33285,32895,1286,34181,439
2021-03-26,Santa Clara,85,1922200,113414,113959,674,114633,1868
2021-03-26,Santa Cruz,87,273765,15727,15199,863,16062,201
2021-03-26,Shasta,89,179085,11269,11276,1385,12661,182
2021-03-26,Sierra,91,2930,53,50,14,64,0
2021-03-26,Siskiyou,93,43540,1550,1493,281,1774,6
2021-03-26,Solano,95,438530,30787,30640,415,31055,205
2021-03-26,Sonoma,97,501317,29009,29101,271,29372,310
2021-03-26,Stanislaus,99,539301,52595,52420,5798,58218,678
2021-03-26,Sutter,101,95872,9096,9082,85,9167,104
2021-03-26,Tehama,103,63373,4743,4722,544,5266,51
2021-03-26,Trinity,105,12862,352,311,52,363,3
2021-03-26,Tulare,107,460477,48589,48179,9054,57233,813
2021-03-26,Tuolumne,109,53932,3960,3965,90,4055,57
2021-03-26,Ventura,111,848112,79385,79122,2993,82115,953
2021-03-26,Yolo,113,214977,13306,13299,258,13557,194
2021-03-26,Yuba,115,75493,5691,5653,111,5764,42
2021-03-25,Alameda,1,1643700,83407,82945,1883,84828,1206
2021-03-25,Alpine,3,1148,86,84,0,84,0
2021-03-25,Amador,5,37829,3562,3530,34,3564,45
2021-03-25,Butte,7,227075,11569,11270,1749,13019,188
2021-03-25,Calaveras,9,45235,1991,1982,13,1995,50
2021-03-25,Colusa,11,21464,1885,1888,281,2169,14
2021-03-25,Contra Costa,13,1133247,65452,64606,1181,65787,757
2021-03-25,Del Norte,15,27424,1142,1095,2,1097,6
2021-03-25,El Dorado,17,186661,9358,9331,652,9983,105
2021-03-25,Fresno,19,978130,98756,98602,8572,107174,1593
2021-03-25,Glenn,21,27897,2327,2302,540,2842,17
2021-03-25,Humboldt,23,135768,3437,3423,25,3448,34
2021-03-25,Imperial,25,180216,27472,27352,2720,30072,699
2021-03-25,Inyo,27,18085,1373,1369,2,1371,35
2021-03-25,Kern,29,883053,94772,93857,10679,104536,1206
2021-03-25,Kings,31,150075,22567,22472,1126,23598,237
2021-03-25,Lake,33,64148,3337,3312,8,3320,43
2021-03-25,Lassen,35,31185,5132,5129,107,5236,1
2021-03-25,Los Angeles,37,10098052,1182907,1177490,42319,1219809,23051
2021-03-25,Madera,39,155013,15997,15937,902,16839,210
2021-03-25,Marin,41,260295,13588,13538,202,13740,219
2021-03-25,Mariposa,43,17540,393,386,6,392,5
2021-03-25,Mendocino,45,87422,3733,3664,70,3734,45
2021-03-25,Merced,47,269075,29677,29576,950,30526,416
2021-03-25,Modoc,49,8938,352,343,120,463,3
2021-03-25,Mono,51,14174,1220,1235,14,1249,3
2021-03-25,Monterey,53,433212,42337,42220,1825,44045,336
2021-03-25,Napa,55,140530,9381,9321,33,9354,78
2021-03-25,Nevada,57,99092,4280,4202,182,4384,84
2021-03-25,Orange,59,3164182,249996,248871,11064,259935,4655
2021-03-25,Placer,61,380077,21385,20639,1273,21912,252
2021-03-25,Plumas,63,18699,666,654,11,665,4
2021-03-25,Riverside,65,2383286,286243,282492,14437,296929,4078
2021-03-25,Sacramento,67,1510023,98328,96823,1460,98283,1505
2021-03-25,San Benito,69,59416,5851,5850,98,5948,61
2021-03-25,San Bernardino,71,2135413,288202,285134,8944,294078,4222
2021-03-25,San Diego,73,3302833,269849,268623,0,268623,3520
2021-03-25,San Francisco,75,870044,35114,35154,1286,36440,468
2021-03-25,San Joaquin,77,732212,69231,68089,3259,71348,1196
2021-03-25,San Luis Obispo,79,281455,20244,20076,648,20724,250
2021-03-25,San Mateo,81,765935,40627,40147,439,40586,348
2021-03-25,Santa Barbara,83,443738,33258,32857,1285,34142,439
2021-03-25,Santa Clara,85,1922200,113312,113877,672,114549,1868
2021-03-25,Santa Cruz,87,273765,15706,15170,863,16033,201
2021-03-25,Shasta,89,179085,11252,11262,1383,12645,181
2021-03-25,Sierra,91,2930,53,50,14,64,0
2021-03-25,Siskiyou,93,43540,1548,1491,280,1771,6
2021-03-25,Solano,95,438530,30727,30583,413,30996,193
2021-03-25,Sonoma,97,501317,28975,29060,267,29327,310
2021-03-25,Stanislaus,99,539301,52529,52321,5791,58112,678
2021-03-25,Sutter,101,95872,9087,9069,85,9154,104
2021-03-25,Tehama,103,63373,4741,4719,543,5262,52
2021-03-25,Trinity,105,12862,352,310,52,362,3
2021-03-25,Tulare,107,460477,48564,48148,9041,57189,811
2021-03-25,Tuolumne,109,53932,3959,3962,90,4052,57
2021-03-25,Ventura,111,848112,79345,79045,2989,82034,952
2021-03-25,Yolo,113,214977,13299,13287,258,13545,194
2021-03-25,Yuba,115,75493,5685,5647,104,5751,42
2021-03-24,Alameda,1,1643700,83313,82871,1880,84751,1199
2021-03-24,Alpine,3,1148,86,84,0,84,0
2021-03-24,Amador,5,37829,3556,3529,34,3563,45
2021-03-24,Butte,7,227075,11559,11252,1745,12997,187
2021-03-24,Calaveras,9,45235,1987,1975,13,1988,50
2021-03-24,Colusa,11,21464,1885,1886,280,2166,14
2021-03-24,Contra Costa,13,1133247,65372,64539,1180,65719,755
2021-03-24,Del Norte,15,27424,1137,1087,2,1089,6
2021-03-24,El Dorado,17,186661,9352,9319,651,9970,105
2021-03-24,Fresno,19,978130,98667,98437,8556,106993,1585
2021-03-24,Glenn,21,27897,2326,2297,539,2836,17
2021-03-24,Humboldt,23,135768,3434,3414,25,3439,34
2021-03-24,Imperial,25,180216,27463,27325,2720,30045,699
2021-03-24,Inyo,27,18085,1373,1368,2,1370,35
2021-03-24,Kern,29,883053,94726,93800,10670,104470,1198
2021-03-24,Kings,31,150075,22553,22456,1124,23580,237
2021-03-24,Lake,33,64148,3333,3307,8,3315,43
2021-03-24,Lassen,35,31185,5130,5130,106,5236,1
2021-03-24,Los Angeles,37,10098052,1182437,1177015,42282,1219297,22993
2021-03-24,Madera,39,155013,15988,15918,901,16819,210
2021-03-24,Marin,41,260295,13575,13526,200,13726,219
2021-03-24,Mariposa,43,17540,393,384,6,390,5
2021-03-24,Mendocino,45,87422,3730,3660,70,3730,45
2021-03-24,Merced,47,269075,29636,29525,950,30475,415
2021-03-24,Modoc,49,8938,351,341,120,461,3
2021-03-24,Mono,51,14174,1219,1243,14,1257,3
2021-03-24,Monterey,53,433212,42315,42201,1822,44023,335
2021-03-24,Napa,55,140530,9361,9310,33,9343,78
2021-03-24,Nevada,57,99092,4266,4191,181,4372,85
2021-03-24,Orange,59,3164182,249879,248775,11045,259820,4638
2021-03-24,Placer,61,380077,21355,20606,1265,21871,250
2021-03-24,Plumas,63,18699,664,652,11,663,4
2021-03-24,Riverside,65,2383286,286160,282410,14435,296845,4058
2021-03-24,Sacramento,67,1510023,98154,96628,1448,98076,1500
2021-03-24,San Benito,69,59416,5850,5847,98,5945,61
2021-03-24,San Bernardino,71,2135413,288111,284983,8940,293923,4170
2021-03-24,San Diego,73,3302833,269634,268413,0,268413,3509
2021-03-24,San Francisco,75,870044,35086,35103,1283,36386,462
2021-03-24,San Joaquin,77,732212,69160,67978,3247,71225,1196
2021-03-24,San Luis Obispo,79,281455,20214,20021,647,20668,250
2021-03-24,San Mateo,81,765935,40578,40083,439,40522,348
2021-03-24,Santa Barbara,83,443738,33231,32810,1285,34095,438
2021-03-24,Santa Clara,85,1922200,113199,113757,667,114424,1851
2021-03-24,Santa Cruz,87,273765,15693,15138,862,16000,202
2021-03-24,Shasta,89,179085,11233,11243,1381,12624,181
2021-03-24,Sierra,91,2930,53,50,14,64,0
2021-03-24,Siskiyou,93,43540,1546,1490,280,1770,6
2021-03-24,Solano,95,438530,30690,30552,412,30964,178
2021-03-24,Sonoma,97,501317,28956,29034,262,29296,310
2021-03-24,Stanislaus,99,539301,52453,52259,5783,58042,677
2021-03-24,Sutter,101,95872,9071,9049,85,9134,104
2021-03-24,Tehama,103,63373,4735,4719,542,5261,49
2021-03-24,Trinity,105,12862,351,310,52,362,3
2021-03-24,Tulare,107,460477,48554,48109,9028,57137,808
2021-03-24,Tuolumne,109,53932,3958,3961,90,4051,57
2021-03-24,Ventura,111,848112,79293,78993,2982,81975,944
2021-03-24,Yolo,113,214977,13288,13269,258,13527,194
2021-03-24,Yuba,115,75493,5679,5634,101,5735,42
2021-03-23,Alameda,1,1643700,83211,82799,1876,84675,1190
2021-03-23,Alpine,3,1148,86,84,0,84,0
2021-03-23,Amador,5,37829,3550,3524,34,3558,45
2021-03-23,Butte,7,227075,11548,11227,1744,12971,187
2021-03-23,Calaveras,9,45235,1987,1971,13,1984,50
2021-03-23,Colusa,11,21464,1883,1885,279,2164,14
2021-03-23,Contra Costa,13,1133247,65273,64491,1179,65670,750
2021-03-23,Del Norte,15,27424,1132,1082,2,1084,6
2021-03-23,El Dorado,17,186661,9342,9318,649,9967,105
2021-03-23,Fresno,19,978130,98556,98362,8530,106892,1575
2021-03-23,Glenn,21,27897,2321,2293,537,2830,17
2021-03-23,Humboldt,23,135768,3425,3405,25,3430,34
2021-03-23,Imperial,25,180216,27455,27320,2720,30040,699
2021-03-23,Inyo,27,18085,1371,1364,2,1366,35
2021-03-23,Kern,29,883053,94620,93728,10663,104391,1191
2021-03-23,Kings,31,150075,22542,22439,1122,23561,237
2021-03-23,Lake,33,64148,3331,3294,8,3302,43
2021-03-23,Lassen,35,31185,5130,5130,106,5236,1
2021-03-23,Los Angeles,37,10098052,1181925,1176572,42242,1218814,22904
2021-03-23,Madera,39,155013,15972,15908,900,16808,210
2021-03-23,Marin,41,260295,13552,13514,198,13712,221
2021-03-23,Mariposa,43,17540,392,384,6,390,5
2021-03-23,Mendocino,45,87422,3728,3652,70,3722,45
2021-03-23,Merced,47,269075,29604,29485,950,30435,415
2021-03-23,Modoc,49,8938,350,342,120,462,3
2021-03-23,Mono,51,14174,1218,1263,14,1277,3
2021-03-23,Monterey,53,433212,42304,42180,1820,44000,335
2021-03-23,Napa,55,140530,9336,9299,33,9332,78
2021-03-23,Nevada,57,99092,4247,4179,180,4359,89
2021-03-23,Orange,59,3164182,249753,248661,11026,259687,4626
2021-03-23,Placer,61,380077,21320,20567,1261,21828,248
2021-03-23,Plumas,63,18699,664,652,11,663,4
2021-03-23,Riverside,65,2383286,286066,282317,14427,296744,4035
2021-03-23,Sacramento,67,1510023,97962,96521,1443,97964,1496
2021-03-23,San Benito,69,59416,5845,5845,97,5942,61
2021-03-23,San Bernardino,71,2135413,288028,284875,8931,293806,4134
2021-03-23,San Diego,73,3302833,269389,268156,0,268156,3498
2021-03-23,San Francisco,75,870044,35029,35071,1276,36347,462
2021-03-23,San Joaquin,77,732212,69064,67903,3229,71132,1182
2021-03-23,San Luis Obispo,79,281455,20173,20009,646,20655,250
2021-03-23,San Mateo,81,765935,40520,40032,438,40470,348
2021-03-23,Santa Barbara,83,443738,33193,32771,1283,34054,438
2021-03-23,Santa Clara,85,1922200,113082,113645,664,114309,1848
2021-03-23,Santa Cruz,87,273765,15678,15106,862,15968,201
2021-03-23,Shasta,89,179085,11220,11234,1380,12614,175
2021-03-23,Sierra,91,2930,53,50,14,64,0
2021-03-23,Siskiyou,93,43540,1541,1485,278,1763,6
2021-03-23,Solano,95,438530,30649,30524,411,30935,178
2021-03-23,Sonoma,97,501317,28921,29020,260,29280,310
2021-03-23,Stanislaus,99,539301,52353,52148,5778,57926,677
2021-03-23,Sutter,101,95872,9063,9039,85,9124,104
2021-03-23,Tehama,103,63373,4724,4707,541,5248,46
2021-03-23,Trinity,105,12862,351,310,52,362,3
2021-03-23,Tulare,107,460477,48527,48095,9012,57107,808
2021-03-23,Tuolumne,109,53932,3955,3957,90,4047,57
2021-03-23,Ventura,111,848112,79232,78930,2979,81909,932
2021-03-23,Yolo,113,214977,13277,13255,258,13513,194
2021-03-23,Yuba,115,75493,5674,5628,101,5729,42
2021-03-22,Alameda,1,1643700,83118,82748,1871,84619,1189
2021-03-22,Alpine,3,1148,85,83,0,83,0
2021-03-22,Amador,5,37829,3542,3522,34,3556,44
2021-03-22,Butte,7,227075,11539,11211,1742,12953,185
2021-03-22,Calaveras,9,45235,1985,1963,13,1976,49
2021-03-22,Colusa,11,21464,1882,1885,278,2163,13
2021-03-22,Contra Costa,13,1133247,65178,64432,1177,65609,740
2021-03-22,Del Norte,15,27424,1126,1082,2,1084,6
2021-03-22,El Dorado,17,186661,9326,9310,646,9956,105
2021-03-22,Fresno,19,978130,98460,98276,8516,106792,1556
2021-03-22,Glenn,21,27897,2313,2291,537,2828,17
2021-03-22,Humboldt,23,135768,3420,3403,25,3428,34
2021-03-22,Imperial,25,180216,27440,27302,2716,30018,699
2021-03-22,Inyo,27,18085,1368,1363,2,1365,35
2021-03-22,Kern,29,883053,94551,93675,10646,104321,1178
2021-03-22,Kings,31,150075,22529,22433,1117,23550,236
2021-03-22,Lake,33,64148,3330,3290,8,3298,43
2021-03-22,Lassen,35,31185,5128,5129,106,5235,1
2021-03-22,Los Angeles,37,10098052,1181422,1176205,42207,1218412,22843
2021-03-22,Madera,39,155013,15957,15904,900,16804,210
2021-03-22,Marin,41,260295,13543,13501,197,13698,221
2021-03-22,Mariposa,43,17540,391,381,6,387,5
2021-03-22,Mendocino,45,87422,3726,3653,70,3723,45
2021-03-22,Merced,47,269075,29561,29468,947,30415,413
2021-03-22,Modoc,49,8938,348,342,120,462,3
2021-03-22,Mono,51,14174,1213,1263,14,1277,3
2021-03-22,Monterey,53,433212,42287,42161,1818,43979,335
2021-03-22,Napa,55,140530,9325,9288,33,9321,77
2021-03-22,Nevada,57,99092,4237,4174,175,4349,89
2021-03-22,Orange,59,3164182,249603,248517,10991,259508,4599
2021-03-22,Placer,61,380077,21284,20543,1256,21799,242
2021-03-22,Plumas,63,18699,664,652,11,663,4
2021-03-22,Riverside,65,2383286,285974,282242,14415,296657,4009
2021-03-22,Sacramento,67,1510023,97785,96385,1433,97818,1493
2021-03-22,San Benito,69,59416,5842,5844,96,5940,61
2021-03-22,San Bernardino,71,2135413,287940,284771,8918,293689,4107
2021-03-22,San Diego,73,3302833,269179,267913,0,267913,3494
2021-03-22,San Francisco,75,870044,34987,35040,1272,36312,462
2021-03-22,San Joaquin,77,732212,68973,67815,3209,71024,1182
2021-03-22,San Luis Obispo,79,281455,20149,20000,645,20645,250
2021-03-22,San Mateo,81,765935,40470,40024,436,40460,348
2021-03-22,Santa Barbara,83,443738,33148,32756,1280,34036,437
2021-03-22,Santa Clara,85,1922200,112963,113575,664,114239,1845
2021-03-22,Santa Cruz,87,273765,15666,15077,861,15938,201
2021-03-22,Shasta,89,179085,11206,11218,1379,12597,150
2021-03-22,Sierra,91,2930,53,50,14,64,0
2021-03-22,Siskiyou,93,43540,1540,1487,277,1764,5
2021-03-22,Solano,95,438530,30610,30490,407,30897,171
2021-03-22,Sonoma,97,501317,28892,29010,256,29266,310
2021-03-22,Stanislaus,99,539301,52269,52083,5773,57856,677
2021-03-22,Sutter,101,95872,9050,9024,85,9109,104
2021-03-22,Tehama,103,63373,4716,4704,540,5244,45
2021-03-22,Trinity,105,12862,351,310,52,362,3
2021-03-22,Tulare,107,460477,48512,48074,8991,57065,807
2021-03-22,Tuolumne,109,53932,3952,3954,90,4044,57
2021-03-22,Ventura,111,848112,79184,78890,2976,81866,927
2021-03-22,Yolo,113,214977,13265,13243,257,13500,190
2021-03-22,Yuba,115,75493,5663,5627,99,5726,42
2021-03-21,Alameda,1,1643700,83029,82684,1868,84552,1187
2021-03-21,Alpine,3,1148,85,83,0,83,0
2021-03-21,Amador,5,37829,3538,3519,34,3553,44
2021-03-21,Butte,7,227075,11523,11208,1736,12944,185
2021-03-21,Calaveras,9,45235,1982,1962,13,1975,49
2021-03-21,Colusa,11,21464,1882,1885,278,2163,13
2021-03-21,Contra Costa,13,1133247,65096,64382,1173,65555,740
2021-03-21,Del Norte,15,27424,1111,1076,2,1078,6
2021-03-21,El Dorado,17,186661,9316,9302,641,9943,105
2021-03-21,Fresno,19,978130,98348,98211,8492,106703,1556
2021-03-21,Glenn,21,27897,2310,2288,536,2824,17
2021-03-21,Humboldt,23,135768,3415,3402,24,3426,34
2021-03-21,Imperial,25,180216,27423,27267,2707,29974,699
2021-03-21,Inyo,27,18085,1368,1363,2,1365,35
2021-03-21,Kern,29,883053,94487,93649,10635,104284,1170
2021-03-21,Kings,31,150075,22512,22422,1116,23538,236
2021-03-21,Lake,33,64148,3326,3286,8,3294,43
2021-03-21,Lassen,35,31185,5128,5129,106,5235,1
2021-03-21,Los Angeles,37,10098052,1180900,1175684,42155,1217839,22834
2021-03-21,Madera,39,155013,15938,15895,898,16793,210
2021-03-21,Marin,41,260295,13527,13495,196,13691,220
2021-03-21,Mariposa,43,17540,391,381,6,387,5
2021-03-21,Mendocino,45,87422,3723,3651,70,3721,45
2021-03-21,Merced,47,269075,29501,29446,941,30387,413
2021-03-21,Modoc,49,8938,348,341,120,461,3
2021-03-21,Mono,51,14174,1208,1263,14,1277,3
2021-03-21,Monterey,53,433212,42262,42153,1815,43968,335
2021-03-21,Napa,55,140530,9305,9282,33,9315,77
2021-03-21,Nevada,57,99092,4224,4169,175,4344,89
2021-03-21,Orange,59,3164182,249471,248442,10963,259405,4598
2021-03-21,Placer,61,380077,21248,20520,1248,21768,242
2021-03-21,Plumas,63,18699,664,653,11,664,4
2021-03-21,Riverside,65,2383286,285869,282187,14403,296590,4009
2021-03-21,Sacramento,67,1510023,97590,96269,1424,97693,1489
2021-03-21,San Benito,69,59416,5836,5842,96,5938,61
2021-03-21,San Bernardino,71,2135413,287846,284732,8910,293642,4094
2021-03-21,San Diego,73,3302833,268919,267724,0,267724,3494
2021-03-21,San Francisco,75,870044,34940,35012,1265,36277,460
2021-03-21,San Joaquin,77,732212,68851,67729,3191,70920,1182
2021-03-21,San Luis Obispo,79,281455,20117,19979,643,20622,250
2021-03-21,San Mateo,81,765935,40426,39988,435,40423,344
2021-03-21,Santa Barbara,83,443738,33109,32743,1277,34020,437
2021-03-21,Santa Clara,85,1922200,112834,113487,661,114148,1840
2021-03-21,Santa Cruz,87,273765,15659,15064,861,15925,199
2021-03-21,Shasta,89,179085,11186,11215,1378,12593,150
2021-03-21,Sierra,91,2930,53,50,14,64,0
2021-03-21,Siskiyou,93,43540,1540,1486,276,1762,5
2021-03-21,Solano,95,438530,30570,30474,404,30878,171
2021-03-21,Sonoma,97,501317,28864,28986,255,29241,310
2021-03-21,Stanislaus,99,539301,52179,52014,5772,57786,677
2021-03-21,Sutter,101,95872,9037,9021,85,9106,104
2021-03-21,Tehama,103,63373,4712,4701,540,5241,45
2021-03-21,Trinity,105,12862,349,310,51,361,3
2021-03-21,Tulare,107,460477,48496,48060,8979,57039,807
2021-03-21,Tuolumne,109,53932,3950,3953,90,4043,57
2021-03-21,Ventura,111,848112,79120,78863,2971,81834,927
2021-03-21,Yolo,113,214977,13244,13235,257,13492,190
2021-03-21,Yuba,115,75493,5653,5624,99,5723,42
2021-03-20,Alameda,1,1643700,82960,82614,1866,84480,1178
2021-03-20,Alpine,3,1148,85,83,0,83,0
2021-03-20,Amador,5,37829,3536,3518,34,3552,44
2021-03-20,Butte,7,227075,11517,11199,1734,12933,185
2021-03-20,Calaveras,9,45235,1978,1961,13,1974,49
2021-03-20,Colusa,11,21464,1882,1883,278,2161,12
2021-03-20,Contra Costa,13,1133247,65036,64313,1173,65486,713
2021-03-20,Del Norte,15,27424,1110,1075,2,1077,6
2021-03-20,El Dorado,17,186661,9310,9290,641,9931,105
2021-03-20,Fresno,19,978130,98288,98112,8484,106596,1532
2021-03-20,Glenn,21,27897,2309,2288,534,2822,17
2021-03-20,Humboldt,23,135768,3408,3399,24,3423,33
2021-03-20,Imperial,25,180216,27417,27239,2705,29944,695
2021-03-20,Inyo,27,18085,1368,1362,2,1364,35
2021-03-20,Kern,29,883053,94458,93606,10630,104236,1155
2021-03-20,Kings,31,150075,22505,22415,1115,23530,236
2021-03-20,Lake,33,64148,3322,3280,8,3288,43
2021-03-20,Lassen,35,31185,5128,5128,106,5234,1
2021-03-20,Los Angeles,37,10098052,1180605,1175290,42127,1217417,22810
2021-03-20,Madera,39,155013,15930,15891,897,16788,210
2021-03-20,Marin,41,260295,13515,13470,192,13662,220
2021-03-20,Mariposa,43,17540,390,381,6,387,5
2021-03-20,Mendocino,45,87422,3722,3639,70,3709,43
2021-03-20,Merced,47,269075,29470,29411,938,30349,412
2021-03-20,Modoc,49,8938,347,341,120,461,3
2021-03-20,Mono,51,14174,1208,1256,14,1270,3
2021-03-20,Monterey,53,433212,42253,42146,1814,43960,334
2021-03-20,Napa,55,140530,9297,9274,33,9307,77
2021-03-20,Nevada,57,99092,4213,4164,174,4338,89
2021-03-20,Orange,59,3164182,249389,248348,10949,259297,4522
2021-03-20,Placer,61,380077,21226,20505,1246,21751,242
2021-03-20,Plumas,63,18699,661,652,11,663,4
2021-03-20,Riverside,65,2383286,285796,282081,14399,296480,4000
2021-03-20,Sacramento,67,1510023,97480,96126,1420,97546,1488
2021-03-20,San Benito,69,59416,5832,5840,96,5936,61
2021-03-20,San Bernardino,71,2135413,287782,284690,8906,293596,3965
2021-03-20,San Diego,73,3302833,268748,267532,0,267532,3493
2021-03-20,San Francisco,75,870044,34917,34968,1258,36226,453
2021-03-20,San Joaquin,77,732212,68810,67662,3184,70846,1161
2021-03-20,San Luis Obispo,79,281455,20101,19951,637,20588,250
2021-03-20,San Mateo,81,765935,40392,39958,434,40392,344
2021-03-20,Santa Barbara,83,443738,33085,32723,1276,33999,434
2021-03-20,Santa Clara,85,1922200,112742,113384,660,114044,1799
2021-03-20,Santa Cruz,87,273765,15643,15053,861,15914,199
2021-03-20,Shasta,89,179085,11180,11211,1378,12589,147
2021-03-20,Sierra,91,2930,53,50,14,64,0
2021-03-20,Siskiyou,93,43540,1540,1483,276,1759,5
2021-03-20,Solano,95,438530,30540,30439,404,30843,170
2021-03-20,Sonoma,97,501317,28849,28962,254,29216,309
2021-03-20,Stanislaus,99,539301,52123,51925,5764,57689,673
2021-03-20,Sutter,101,95872,9029,9014,85,9099,103
2021-03-20,Tehama,103,63373,4707,4696,538,5234,33
2021-03-20,Trinity,105,12862,348,310,51,361,3
2021-03-20,Tulare,107,460477,48481,48030,8962,56992,804
2021-03-20,Tuolumne,109,53932,3947,3950,90,4040,57
2021-03-20,Ventura,111,848112,79083,78818,2969,81787,922
2021-03-20,Yolo,113,214977,13240,13226,257,13483,190
2021-03-20,Yuba,115,75493,5650,5621,98,5719,42
2021-03-19,Alameda,1,1643700,82887,82499,1864,84363,1187
2021-03-19,Alpine,3,1148,84,82,0,82,0
2021-03-19,Amador,5,37829,3533,3515,34,3549,44
2021-03-19,Butte,7,227075,11508,11191,1731,12922,185
2021-03-19,Calaveras,9,45235,1977,1957,13,1970,49
2021-03-19,Colusa,11,21464,1881,1883,278,2161,12
2021-03-19,Contra Costa,13,1133247,64977,64195,1170,65365,737
2021-03-19,Del Norte,15,27424,1104,1071,0,1071,6
2021-03-19,El Dorado,17,186661,9301,9274,641,9915,105
2021-03-19,Fresno,19,978130,98207,97969,8469,106438,1527
2021-03-19,Glenn,21,27897,2309,2282,534,2816,17
2021-03-19,Humboldt,23,135768,3399,3388,24,3412,33
2021-03-19,Imperial,25,180216,27406,27218,2699,29917,695
2021-03-19,Inyo,27,18085,1366,1356,2,1358,35
2021-03-19,Kern,29,883053,94425,93534,10617,104151,1152
2021-03-19,Kings,31,150075,22496,22369,1112,23481,235
2021-03-19,Lake,33,64148,3316,3262,8,3270,43
2021-03-19,Lassen,35,31185,5128,5126,106,5232,1
2021-03-19,Los Angeles,37,10098052,1180270,1174818,42111,1216929,22752
2021-03-19,Madera,39,155013,15923,15877,896,16773,210
2021-03-19,Marin,41,260295,13503,13441,192,13633,220
2021-03-19,Mariposa,43,17540,389,380,6,386,5
2021-03-19,Mendocino,45,87422,3721,3639,70,3709,45
2021-03-19,Merced,47,269075,29441,29376,937,30313,412
2021-03-19,Modoc,49,8938,347,341,120,461,3
2021-03-19,Mono,51,14174,1206,1244,14,1258,3
2021-03-19,Monterey,53,433212,42244,42125,1812,43937,335
2021-03-19,Napa,55,140530,9285,9256,33,9289,77
2021-03-19,Nevada,57,99092,4202,4156,174,4330,88
2021-03-19,Orange,59,3164182,249290,248146,10936,259082,4501
2021-03-19,Placer,61,380077,21208,20451,1244,21695,242
2021-03-19,Plumas,63,18699,661,650,11,661,4
2021-03-19,Riverside,65,2383286,285714,281937,14394,296331,3989
2021-03-19,Sacramento,67,1510023,97378,95934,1417,97351,1486
2021-03-19,San Benito,69,59416,5832,5845,96,5941,61
2021-03-19,San Bernardino,71,2135413,287717,284501,8904,293405,4017
2021-03-19,San Diego,73,3302833,268613,267173,0,267173,3491
2021-03-19,San Francisco,75,870044,34872,34936,1255,36191,461
2021-03-19,San Joaquin,77,732212,68740,67515,3170,70685,1180
2021-03-19,San Luis Obispo,79,281455,20081,19913,635,20548,249
2021-03-19,San Mateo,81,765935,40368,39893,434,40327,344
2021-03-19,Santa Barbara,83,443738,33056,32685,1275,33960,435
2021-03-19,Santa Clara,85,1922200,112668,113232,659,113891,1797
2021-03-19,Santa Cruz,87,273765,15636,15026,861,15887,199
2021-03-19,Shasta,89,179085,11173,11104,1376,12480,103
2021-03-19,Sierra,91,2930,52,49,14,63,0
2021-03-19,Siskiyou,93,43540,1540,1480,275,1755,5
2021-03-19,Solano,95,438530,30510,30395,402,30797,172
2021-03-19,Sonoma,97,501317,28828,28932,252,29184,292
2021-03-19,Stanislaus,99,539301,52065,51755,5761,57516,679
2021-03-19,Sutter,101,95872,9027,9005,85,9090,103
2021-03-19,Tehama,103,63373,4698,4685,538,5223,33
2021-03-19,Trinity,105,12862,348,310,51,361,3
2021-03-19,Tulare,107,460477,48458,47989,8939,56928,805
2021-03-19,Tuolumne,109,53932,3944,3946,90,4036,57
2021-03-19,Ventura,111,848112,79045,78753,2964,81717,920
2021-03-19,Yolo,113,214977,13232,13197,257,13454,189
2021-03-19,Yuba,115,75493,5647,5615,97,5712,42
2021-03-18,Alameda,1,1643700,82803,82419,1861,84280,1189
2021-03-18,Alpine,3,1148,84,82,0,82,0
2021-03-18,Amador,5,37829,3529,3513,34,3547,44
2021-03-18,Butte,7,227075,11497,11179,1729,12908,185
2021-03-18,Calaveras,9,45235,1975,1954,13,1967,49
2021-03-18,Colusa,11,21464,1881,1882,278,2160,12
2021-03-18,Contra Costa,13,1133247,64904,64103,1167,65270,739
2021-03-18,Del Norte,15,27424,1095,1059,0,1059,6
2021-03-18,El Dorado,17,186661,9288,9261,640,9901,105
2021-03-18,Fresno,19,978130,98112,97856,8454,106310,1527
2021-03-18,Glenn,21,27897,2305,2275,533,2808,17
2021-03-18,Humboldt,23,135768,3392,3381,24,3405,34
2021-03-18,Imperial,25,180216,27390,27190,2693,29883,695
2021-03-18,Inyo,27,18085,1363,1354,2,1356,35
2021-03-18,Kern,29,883053,94369,93458,10603,104061,1158
2021-03-18,Kings,31,150075,22490,22354,1111,23465,235
2021-03-18,Lake,33,64148,3313,3260,8,3268,43
2021-03-18,Lassen,35,31185,5127,5126,106,5232,1
2021-03-18,Los Angeles,37,10098052,1179842,1174205,42080,1216285,22689
2021-03-18,Madera,39,155013,15913,15860,894,16754,211
2021-03-18,Marin,41,260295,13485,13435,191,13626,219
2021-03-18,Mariposa,43,17540,387,380,6,386,5
2021-03-18,Mendocino,45,87422,3711,3630,70,3700,45
2021-03-18,Merced,47,269075,29406,29317,937,30254,410
2021-03-18,Modoc,49,8938,347,341,120,461,3
2021-03-18,Mono,51,14174,1202,1215,14,1229,3
2021-03-18,Monterey,53,433212,42230,42105,1812,43917,335
2021-03-18,Napa,55,140530,9276,9243,33,9276,77
2021-03-18,Nevada,57,99092,4195,4154,174,4328,74
2021-03-18,Orange,59,3164182,249187,248050,10923,258973,4514
2021-03-18,Placer,61,380077,21175,20421,1241,21662,243
2021-03-18,Plumas,63,18699,659,648,11,659,4
2021-03-18,Riverside,65,2383286,285635,281789,14387,296176,3957
2021-03-18,Sacramento,67,1510023,97227,95819,1413,97232,1481
2021-03-18,San Benito,69,59416,5830,5842,96,5938,61
2021-03-18,San Bernardino,71,2135413,287639,284294,8874,293168,4076
2021-03-18,San Diego,73,3302833,268461,266752,0,266752,3478
2021-03-18,San Francisco,75,870044,34834,34904,1254,36158,461
2021-03-18,San Joaquin,77,732212,68640,67301,3158,70459,1169
2021-03-18,San Luis Obispo,79,281455,20052,19894,634,20528,249
2021-03-18,San Mateo,81,765935,40327,39874,434,40308,344
2021-03-18,Santa Barbara,83,443738,33014,32640,1275,33915,434
2021-03-18,Santa Clara,85,1922200,112551,113119,655,113774,1808
2021-03-18,Santa Cruz,87,273765,15626,14998,861,15859,198
2021-03-18,Shasta,89,179085,11159,11059,1374,12433,100
2021-03-18,Sierra,91,2930,52,49,14,63,0
2021-03-18,Siskiyou,93,43540,1537,1480,274,1754,5
2021-03-18,Solano,95,438530,30468,30352,399,30751,172
2021-03-18,Sonoma,97,501317,28806,28915,250,29165,292
2021-03-18,Stanislaus,99,539301,51994,51615,5757,57372,682
2021-03-18,Sutter,101,95872,9015,8999,85,9084,103
2021-03-18,Tehama,103,63373,4692,4683,537,5220,35
2021-03-18,Trinity,105,12862,348,310,51,361,3
2021-03-18,Tulare,107,460477,48439,47964,8924,56888,805
2021-03-18,Tuolumne,109,53932,3944,3942,90,4032,57
2021-03-18,Ventura,111,848112,78989,78697,2964,81661,918
2021-03-18,Yolo,113,214977,13219,13183,257,13440,191
2021-03-18,Yuba,115,75493,5643,5612,97,5709,42
2021-03-17,Alameda,1,1643700,82728,82353,1856,84209,1185
2021-03-17,Alpine,3,1148,84,82,0,82,0
2021-03-17,Amador,5,37829,3527,3511,34,3545,44
2021-03-17,Butte,7,227075,11488,11170,1727,12897,185
2021-03-17,Calaveras,9,45235,1974,1946,13,1959,49
2021-03-17,Colusa,11,21464,1880,1882,278,2160,12
2021-03-17,Contra Costa,13,1133247,64834,64026,1166,65192,737
2021-03-17,Del Norte,15,27424,1091,1053,0,1053,6
2021-03-17,El Dorado,17,186661,9278,9252,640,9892,105
2021-03-17,Fresno,19,978130,98002,97727,8434,106161,1507
2021-03-17,Glenn,21,27897,2298,2269,532,2801,17
2021-03-17,Humboldt,23,135768,3384,3365,24,3389,33
2021-03-17,Imperial,25,180216,27373,27168,2691,29859,691
2021-03-17,Inyo,27,18085,1361,1351,2,1353,35
2021-03-17,Kern,29,883053,94313,93392,10590,103982,1149
2021-03-17,Kings,31,150075,22474,22336,1110,23446,233
2021-03-17,Lake,33,64148,3306,3251,8,3259,43
2021-03-17,Lassen,35,31185,5126,5125,106,5231,1
2021-03-17,Los Angeles,37,10098052,1179394,1173416,42046,1215462,22602
2021-03-17,Madera,39,155013,15906,15835,893,16728,214
2021-03-17,Marin,41,260295,13467,13428,190,13618,218
2021-03-17,Mariposa,43,17540,387,379,6,385,5
2021-03-17,Mendocino,45,87422,3707,3625,70,3695,44
2021-03-17,Merced,47,269075,29378,29250,933,30183,408
2021-03-17,Modoc,49,8938,347,341,120,461,3
2021-03-17,Mono,51,14174,1200,1212,14,1226,3
2021-03-17,Monterey,53,433212,42211,42061,1809,43870,334
2021-03-17,Napa,55,140530,9261,9219,33,9252,76
2021-03-17,Nevada,57,99092,4185,4145,174,4319,74
2021-03-17,Orange,59,3164182,249070,247943,10895,258838,4502
2021-03-17,Placer,61,380077,21148,20369,1239,21608,243
2021-03-17,Plumas,63,18699,658,645,11,656,4
2021-03-17,Riverside,65,2383286,285524,281649,14379,296028,3925
2021-03-17,Sacramento,67,1510023,97100,95650,1407,97057,1477
2021-03-17,San Benito,69,59416,5827,5841,96,5937,61
2021-03-17,San Bernardino,71,2135413,287522,284170,8869,293039,4049
2021-03-17,San Diego,73,3302833,268250,266313,0,266313,3470
2021-03-17,San Francisco,75,870044,34799,34873,1253,36126,457
2021-03-17,San Joaquin,77,732212,68558,67093,3142,70235,1164
2021-03-17,San Luis Obispo,79,281455,20029,19858,630,20488,249
2021-03-17,San Mateo,81,765935,40296,39838,433,40271,344
2021-03-17,Santa Barbara,83,443738,32994,32585,1274,33859,433
2021-03-17,Santa Clara,85,1922200,112458,112983,654,113637,1805
2021-03-17,Santa Cruz,87,273765,15618,14967,861,15828,199
2021-03-17,Shasta,89,179085,11154,11045,1371,12416,100
2021-03-17,Sierra,91,2930,52,49,14,63,0
2021-03-17,Siskiyou,93,43540,1536,1479,272,1751,5
2021-03-17,Solano,95,438530,30442,30320,397,30717,171
2021-03-17,Sonoma,97,501317,28782,28877,249,29126,292
2021-03-17,Stanislaus,99,539301,51921,51524,5750,57274,682
2021-03-17,Sutter,101,95872,9005,8982,85,9067,103
2021-03-17,Tehama,103,63373,4686,4670,537,5207,34
2021-03-17,Trinity,105,12862,348,308,51,359,3
2021-03-17,Tulare,107,460477,48419,47929,8914,56843,805
2021-03-17,Tuolumne,109,53932,3941,3938,90,4028,57
2021-03-17,Ventura,111,848112,78934,78648,2961,81609,916
2021-03-17,Yolo,113,214977,13204,13169,256,13425,190
2021-03-17,Yuba,115,75493,5640,5603,97,5700,42
2021-03-16,Alameda,1,1643700,82628,82259,1854,84113,1177
2021-03-16,Alpine,3,1148,84,82,0,82,0
2021-03-16,Amador,5,37829,3525,3510,34,3544,44
2021-03-16,Butte,7,227075,11476,11154,1726,12880,184
2021-03-16,Calaveras,9,45235,1969,1945,13,1958,49
2021-03-16,Colusa,11,21464,1879,1882,278,2160,12
2021-03-16,Contra Costa,13,1133247,64753,63951,1162,65113,736
2021-03-16,Del Norte,15,27424,1083,1048,0,1048,6
2021-03-16,El Dorado,17,186661,9261,9249,640,9889,105
2021-03-16,Fresno,19,978130,97870,97638,8410,106048,1498
2021-03-16,Glenn,21,27897,2290,2267,528,2795,17
2021-03-16,Humboldt,23,135768,3380,3351,24,3375,33
2021-03-16,Imperial,25,180216,27362,27143,2688,29831,689
2021-03-16,Inyo,27,18085,1360,1346,2,1348,35
2021-03-16,Kern,29,883053,94248,93340,10574,103914,1144
2021-03-16,Kings,31,150075,22440,22320,1109,23429,233
2021-03-16,Lake,33,64148,3298,3246,8,3254,43
2021-03-16,Lassen,35,31185,5125,5126,106,5232,1
2021-03-16,Los Angeles,37,10098052,1178875,1172676,42006,1214682,22527
2021-03-16,Madera,39,155013,15891,15822,891,16713,214
2021-03-16,Marin,41,260295,13449,13419,190,13609,218
2021-03-16,Mariposa,43,17540,384,379,6,385,5
2021-03-16,Mendocino,45,87422,3702,3623,70,3693,44
2021-03-16,Merced,47,269075,29325,29198,932,30130,407
2021-03-16,Modoc,49,8938,347,341,120,461,3
2021-03-16,Mono,51,14174,1199,1207,14,1221,3
2021-03-16,Monterey,53,433212,42192,42023,1809,43832,334
2021-03-16,Napa,55,140530,9251,9209,33,9242,75
2021-03-16,Nevada,57,99092,4176,4132,173,4305,67
2021-03-16,Orange,59,3164182,248943,247843,10875,258718,4479
2021-03-16,Placer,61,380077,21115,20339,1235,21574,240
2021-03-16,Plumas,63,18699,657,643,11,654,4
2021-03-16,Riverside,65,2383286,285423,281540,14361,295901,3893
2021-03-16,Sacramento,67,1510023,96965,95522,1404,96926,1466
2021-03-16,San Benito,69,59416,5822,5831,96,5927,61
2021-03-16,San Bernardino,71,2135413,287406,283980,8861,292841,4032
2021-03-16,San Diego,73,3302833,268021,265903,0,265903,3462
2021-03-16,San Francisco,75,870044,34770,34833,1249,36082,456
2021-03-16,San Joaquin,77,732212,68456,66856,3129,69985,1163
2021-03-16,San Luis Obispo,79,281455,20000,19832,628,20460,248
2021-03-16,San Mateo,81,765935,40262,39806,432,40238,344
2021-03-16,Santa Barbara,83,443738,32962,32556,1273,33829,433
2021-03-16,Santa Clara,85,1922200,112341,112845,651,113496,1797
2021-03-16,Santa Cruz,87,273765,15612,14926,861,15787,199
2021-03-16,Shasta,89,179085,11141,11035,1368,12403,100
2021-03-16,Sierra,91,2930,51,49,14,63,0
2021-03-16,Siskiyou,93,43540,1532,1477,272,1749,5
2021-03-16,Solano,95,438530,30408,30298,396,30694,171
2021-03-16,Sonoma,97,501317,28751,28850,247,29097,291
2021-03-16,Stanislaus,99,539301,51842,51410,5742,57152,683
2021-03-16,Sutter,101,95872,8997,8970,85,9055,102
2021-03-16,Tehama,103,63373,4682,4660,536,5196,34
2021-03-16,Trinity,105,12862,348,308,50,358,3
2021-03-16,Tulare,107,460477,48371,47895,8906,56801,803
2021-03-16,Tuolumne,109,53932,3938,3938,90,4028,57
2021-03-16,Ventura,111,848112,78867,78671,2954,81625,916
2021-03-16,Yolo,113,214977,13189,13162,256,13418,190
2021-03-16,Yuba,115,75493,5637,5596,96,5692,42
2021-03-15,Alameda,1,1643700,82541,82159,1854,84013,1167
2021-03-15,Alpine,3,1148,84,82,0,82,0
2021-03-15,Amador,5,37829,3524,3506,34,3540,44
2021-03-15,Butte,7,227075,11463,11141,1722,12863,185
2021-03-15,Calaveras,9,45235,1965,1941,13,1954,49
2021-03-15,Colusa,11,21464,1879,1883,278,2161,12
2021-03-15,Contra Costa,13,1133247,64692,63847,1161,65008,732
2021-03-15,Del Norte,15,27424,1080,1048,0,1048,6
2021-03-15,El Dorado,17,186661,9255,9235,639,9874,103
2021-03-15,Fresno,19,978130,97744,97520,8393,105913,1496
2021-03-15,Glenn,21,27897,2285,2261,525,2786,15
2021-03-15,Humboldt,23,135768,3374,3337,24,3361,32
2021-03-15,Imperial,25,180216,27341,27122,2686,29808,684
2021-03-15,Inyo,27,18085,1360,1346,2,1348,35
2021-03-15,Kern,29,883053,94188,93266,10567,103833,1141
2021-03-15,Kings,31,150075,22423,22294,1104,23398,233
2021-03-15,Lake,33,64148,3286,3237,8,3245,43
2021-03-15,Lassen,35,31185,5125,5125,106,5231,1
2021-03-15,Los Angeles,37,10098052,1178317,1172445,41965,1214410,22477
2021-03-15,Madera,39,155013,15880,15806,889,16695,214
2021-03-15,Marin,41,260295,13443,13408,189,13597,218
2021-03-15,Mariposa,43,17540,384,376,6,382,5
2021-03-15,Mendocino,45,87422,3698,3615,70,3685,44
2021-03-15,Merced,47,269075,29285,29169,930,30099,407
2021-03-15,Modoc,49,8938,347,340,120,460,3
2021-03-15,Mono,51,14174,1198,1206,14,1220,3
2021-03-15,Monterey,53,433212,42164,42011,1806,43817,333
2021-03-15,Napa,55,140530,9240,9196,33,9229,75
2021-03-15,Nevada,57,99092,4171,4123,172,4295,66
2021-03-15,Orange,59,3164182,248831,247697,10855,258552,4481
2021-03-15,Placer,61,380077,21092,20308,1235,21543,238
2021-03-15,Plumas,63,18699,657,642,11,653,4
2021-03-15,Riverside,65,2383286,285280,281367,14349,295716,3856
2021-03-15,Sacramento,67,1510023,96811,95414,1398,96812,1463
2021-03-15,San Benito,69,59416,5819,5831,96,5927,61
2021-03-15,San Bernardino,71,2135413,287310,283815,8853,292668,4004
2021-03-15,San Diego,73,3302833,267770,265646,0,265646,3452
2021-03-15,San Francisco,75,870044,34734,34820,1245,36065,456
2021-03-15,San Joaquin,77,732212,68352,66622,3116,69738,1140
2021-03-15,San Luis Obispo,79,281455,19971,19813,623,20436,247
2021-03-15,San Mateo,81,765935,40209,39765,432,40197,344
2021-03-15,Santa Barbara,83,443738,32940,32529,1270,33799,431
2021-03-15,Santa Clara,85,1922200,112240,112729,649,113378,1798
2021-03-15,Santa Cruz,87,273765,15606,14899,859,15758,200
2021-03-15,Shasta,89,179085,11125,11019,1363,12382,92
2021-03-15,Sierra,91,2930,51,49,14,63,0
2021-03-15,Siskiyou,93,43540,1532,1475,272,1747,5
2021-03-15,Solano,95,438530,30379,30258,395,30653,171
2021-03-15,Sonoma,97,501317,28733,28814,244,29058,285
2021-03-15,Stanislaus,99,539301,51765,51357,5734,57091,683
2021-03-15,Sutter,101,95872,8991,8962,85,9047,102
2021-03-15,Tehama,103,63373,4672,4650,535,5185,34
2021-03-15,Trinity,105,12862,348,308,50,358,3
2021-03-15,Tulare,107,460477,48341,47857,8891,56748,800
2021-03-15,Tuolumne,109,53932,3936,3937,64,4001,57
2021-03-15,Ventura,111,848112,78813,78626,2953,81579,910
2021-03-15,Yolo,113,214977,13170,13131,254,13385,190
2021-03-15,Yuba,115,75493,5632,5585,95,5680,42
2021-03-14,Alameda,1,1643700,82454,82116,1851,83967,1168
2021-03-14,Alpine,3,1148,84,82,0,82,0
2021-03-14,Amador,5,37829,3519,3504,34,3538,44
2021-03-14,Butte,7,227075,11450,11140,1718,12858,185
2021-03-14,Calaveras,9,45235,1961,1939,13,1952,49
2021-03-14,Colusa,11,21464,1879,1883,278,2161,12
2021-03-14,Contra Costa,13,1133247,64588,63808,1159,64967,731
2021-03-14,Del Norte,15,27424,1066,1048,0,1048,6
2021-03-14,El Dorado,17,186661,9245,9231,639,9870,103
2021-03-14,Fresno,19,978130,97637,97461,8373,105834,1496
2021-03-14,Glenn,21,27897,2280,2260,522,2782,15
2021-03-14,Humboldt,23,135768,3360,3335,24,3359,32
2021-03-14,Imperial,25,180216,27323,27122,2682,29804,685
2021-03-14,Inyo,27,18085,1356,1346,2,1348,35
2021-03-14,Kern,29,883053,94108,93252,10545,103797,1141
2021-03-14,Kings,31,150075,22405,22292,1101,23393,232
2021-03-14,Lake,33,64148,3281,3237,8,3245,43
2021-03-14,Lassen,35,31185,5123,5125,106,5231,1
2021-03-14,Los Angeles,37,10098052,1177749,1172100,41926,1214026,22476
2021-03-14,Madera,39,155013,15859,15804,889,16693,214
2021-03-14,Marin,41,260295,13427,13405,187,13592,218
2021-03-14,Mariposa,43,17540,382,376,6,382,5
2021-03-14,Mendocino,45,87422,3693,3613,70,3683,44
2021-03-14,Merced,47,269075,29217,29149,926,30075,407
2021-03-14,Modoc,49,8938,347,340,120,460,3
2021-03-14,Mono,51,14174,1192,1206,14,1220,3
2021-03-14,Monterey,53,433212,42142,42007,1802,43809,333
2021-03-14,Napa,55,140530,9222,9194,33,9227,75
2021-03-14,Nevada,57,99092,4165,4122,170,4292,66
2021-03-14,Orange,59,3164182,248696,247656,10832,258488,4460
2021-03-14,Placer,61,380077,21059,20288,1227,21515,238
2021-03-14,Plumas,63,18699,655,642,11,653,4
2021-03-14,Riverside,65,2383286,285129,281332,14339,295671,3845
2021-03-14,Sacramento,67,1510023,96635,95343,1393,96736,1462
2021-03-14,San Benito,69,59416,5810,5829,96,5925,61
2021-03-14,San Bernardino,71,2135413,287179,283791,8836,292627,3996
2021-03-14,San Diego,73,3302833,267535,265468,0,265468,3452
2021-03-14,San Francisco,75,870044,34697,34810,1241,36051,455
2021-03-14,San Joaquin,77,732212,68224,66563,3097,69660,1140
2021-03-14,San Luis Obispo,79,281455,19943,19806,621,20427,247
2021-03-14,San Mateo,81,765935,40170,39744,432,40176,342
2021-03-14,Santa Barbara,83,443738,32896,32514,1268,33782,431
2021-03-14,Santa Clara,85,1922200,112113,112648,648,113296,1796
2021-03-14,Santa Cruz,87,273765,15589,14887,857,15744,200
2021-03-14,Shasta,89,179085,11109,11019,1356,12375,92
2021-03-14,Sierra,91,2930,51,49,14,63,0
2021-03-14,Siskiyou,93,43540,1528,1473,271,1744,5
2021-03-14,Solano,95,438530,30347,30230,390,30620,171
2021-03-14,Sonoma,97,501317,28699,28798,240,29038,284
2021-03-14,Stanislaus,99,539301,51646,51306,5725,57031,690
2021-03-14,Sutter,101,95872,8975,8958,85,9043,102
2021-03-14,Tehama,103,63373,4660,4650,534,5184,34
2021-03-14,Trinity,105,12862,347,308,49,357,3
2021-03-14,Tulare,107,460477,48308,47845,8870,56715,800
2021-03-14,Tuolumne,109,53932,3934,3937,64,4001,57
2021-03-14,Ventura,111,848112,78760,78611,2947,81558,910
2021-03-14,Yolo,113,214977,13148,13128,250,13378,189
2021-03-14,Yuba,115,75493,5622,5583,95,5678,42
2021-03-13,Alameda,1,1643700,82394,82010,1851,83861,1168
2021-03-13,Alpine,3,1148,84,82,0,82,0
2021-03-13,Amador,5,37829,3516,3504,34,3538,44
2021-03-13,Butte,7,227075,11440,11131,1717,12848,185
2021-03-13,Calaveras,9,45235,1957,1939,13,1952,49
2021-03-13,Colusa,11,21464,1879,1882,278,2160,12
2021-03-13,Contra Costa,13,1133247,64528,63689,1159,64848,731
2021-03-13,Del Norte,15,27424,1062,1041,0,1041,6
2021-03-13,El Dorado,17,186661,9237,9221,639,9860,103
2021-03-13,Fresno,19,978130,97578,97324,8353,105677,1495
2021-03-13,Glenn,21,27897,2279,2260,521,2781,15
2021-03-13,Humboldt,23,135768,3353,3325,24,3349,32
2021-03-13,Imperial,25,180216,27318,27099,2677,29776,677
2021-03-13,Inyo,27,18085,1355,1344,2,1346,35
2021-03-13,Kern,29,883053,94069,93197,10538,103735,1140
2021-03-13,Kings,31,150075,22389,22265,1100,23365,232
2021-03-13,Lake,33,64148,3274,3234,7,3241,43
2021-03-13,Lassen,35,31185,5123,5125,106,5231,1
2021-03-13,Los Angeles,37,10098052,1177434,1171505,41882,1213387,22451
2021-03-13,Madera,39,155013,15847,15780,889,16669,214
2021-03-13,Marin,41,260295,13421,13391,185,13576,218
2021-03-13,Mariposa,43,17540,381,376,6,382,5
2021-03-13,Mendocino,45,87422,3689,3611,70,3681,44
2021-03-13,Merced,47,269075,29186,29106,926,30032,406
2021-03-13,Modoc,49,8938,347,340,119,459,3
2021-03-13,Mono,51,14174,1192,1207,14,1221,3
2021-03-13,Monterey,53,433212,42132,41989,1800,43789,332
2021-03-13,Napa,55,140530,9216,9190,33,9223,75
2021-03-13,Nevada,57,99092,4158,4111,169,4280,66
2021-03-13,Orange,59,3164182,248616,247514,10815,258329,4423
2021-03-13,Placer,61,380077,21039,20238,1224,21462,239
2021-03-13,Plumas,63,18699,653,642,11,653,4
2021-03-13,Riverside,65,2383286,285042,281191,14331,295522,3848
2021-03-13,Sacramento,67,1510023,96549,95192,1391,96583,1461
2021-03-13,San Benito,69,59416,5807,5823,96,5919,61
2021-03-13,San Bernardino,71,2135413,287128,283727,8830,292557,3972
2021-03-13,San Diego,73,3302833,267380,265270,0,265270,3444
2021-03-13,San Francisco,75,870044,34680,34784,1232,36016,455
2021-03-13,San Joaquin,77,732212,68168,66480,3082,69562,1141
2021-03-13,San Luis Obispo,79,281455,19924,19789,620,20409,247
2021-03-13,San Mateo,81,765935,40143,39689,431,40120,341
2021-03-13,Santa Barbara,83,443738,32871,32486,1267,33753,431
2021-03-13,Santa Clara,85,1922200,112028,112531,647,113178,1790
2021-03-13,Santa Cruz,87,273765,15582,14875,857,15732,199
2021-03-13,Shasta,89,179085,11101,11021,1353,12374,108
2021-03-13,Sierra,91,2930,50,49,14,63,0
2021-03-13,Siskiyou,93,43540,1527,1470,271,1741,5
2021-03-13,Solano,95,438530,30330,30198,390,30588,171
2021-03-13,Sonoma,97,501317,28679,28762,236,28998,285
2021-03-13,Stanislaus,99,539301,51596,51257,5721,56978,695
2021-03-13,Sutter,101,95872,8968,8948,85,9033,102
2021-03-13,Tehama,103,63373,4658,4647,534,5181,33
2021-03-13,Trinity,105,12862,347,306,49,355,3
2021-03-13,Tulare,107,460477,48283,47818,8861,56679,798
2021-03-13,Tuolumne,109,53932,3931,3937,64,4001,57
2021-03-13,Ventura,111,848112,78711,78693,2947,81640,906
2021-03-13,Yolo,113,214977,13140,13087,249,13336,189
2021-03-13,Yuba,115,75493,5621,5577,95,5672,42
2021-03-12,Alameda,1,1643700,82316,81898,1850,83748,1164
2021-03-12,Alpine,3,1148,84,82,0,82,0
2021-03-12,Amador,5,37829,3513,3503,34,3537,44
2021-03-12,Butte,7,227075,11430,11126,1715,12841,184
2021-03-12,Calaveras,9,45235,1955,1916,13,1929,49
2021-03-12,Colusa,11,21464,1879,1883,278,2161,12
2021-03-12,Contra Costa,13,1133247,64453,63583,1158,64741,728
2021-03-12,Del Norte,15,27424,1056,1033,0,1033,6
2021-03-12,El Dorado,17,186661,9228,9219,639,9858,103
2021-03-12,Fresno,19,978130,97484,97185,8340,105525,1489
2021-03-12,Glenn,21,27897,2278,2258,520,2778,15
2021-03-12,Humboldt,23,135768,3348,3315,24,3339,32
2021-03-12,Imperial,25,180216,27307,27071,2675,29746,677
2021-03-12,Inyo,27,18085,1353,1339,2,1341,35
2021-03-12,Kern,29,883053,94034,93142,10522,103664,1132
2021-03-12,Kings,31,150075,22370,22233,1100,23333,232
2021-03-12,Lake,33,64148,3268,3226,6,3232,43
2021-03-12,Lassen,35,31185,5123,5125,105,5230,1
2021-03-12,Los Angeles,37,10098052,1177039,1170860,41865,1212725,22409
2021-03-12,Madera,39,155013,15835,15761,886,16647,214
2021-03-12,Marin,41,260295,13414,13375,185,13560,218
2021-03-12,Mariposa,43,17540,379,376,6,382,5
2021-03-12,Mendocino,45,87422,3686,3605,70,3675,43
2021-03-12,Merced,47,269075,29155,29064,926,29990,403
2021-03-12,Modoc,49,8938,347,340,119,459,3
2021-03-12,Mono,51,14174,1191,1206,14,1220,3
2021-03-12,Monterey,53,433212,42118,41964,1795,43759,329
2021-03-12,Napa,55,140530,9207,9180,33,9213,75
2021-03-12,Nevada,57,99092,4147,4101,169,4270,66
2021-03-12,Orange,59,3164182,248525,247388,10804,258192,4401
2021-03-12,Placer,61,380077,21006,20210,1219,21429,239
2021-03-12,Plumas,63,18699,652,641,11,652,4
2021-03-12,Riverside,65,2383286,284944,281037,14321,295358,3854
2021-03-12,Sacramento,67,1510023,96426,95061,1384,96445,1460
2021-03-12,San Benito,69,59416,5804,5817,96,5913,61
2021-03-12,San Bernardino,71,2135413,287075,283558,8824,292382,3917
2021-03-12,San Diego,73,3302833,267217,264886,0,264886,3434
2021-03-12,San Francisco,75,870044,34659,34758,1229,35987,452
2021-03-12,San Joaquin,77,732212,68098,66482,3072,69554,1144
2021-03-12,San Luis Obispo,79,281455,19910,19769,618,20387,247
2021-03-12,San Mateo,81,765935,40107,39638,429,40067,341
2021-03-12,Santa Barbara,83,443738,32848,32457,1264,33721,429
2021-03-12,Santa Clara,85,1922200,111934,112396,645,113041,1766
2021-03-12,Santa Cruz,87,273765,15570,14846,855,15701,195
2021-03-12,Shasta,89,179085,11093,11143,1351,12494,153
2021-03-12,Sierra,91,2930,50,49,14,63,0
2021-03-12,Siskiyou,93,43540,1527,1468,270,1738,5
2021-03-12,Solano,95,438530,30311,30180,389,30569,171
2021-03-12,Sonoma,97,501317,28652,28714,236,28950,285
2021-03-12,Stanislaus,99,539301,51537,51146,5714,56860,701
2021-03-12,Sutter,101,95872,8962,8940,85,9025,101
2021-03-12,Tehama,103,63373,4654,4638,533,5171,33
2021-03-12,Trinity,105,12862,346,306,48,354,3
2021-03-12,Tulare,107,460477,48259,47772,8854,56626,798
2021-03-12,Tuolumne,109,53932,3930,3936,64,4000,57
2021-03-12,Ventura,111,848112,78669,78698,2943,81641,899
2021-03-12,Yolo,113,214977,13130,13061,242,13303,189
2021-03-12,Yuba,115,75493,5614,5563,94,5657,42
2021-03-11,Alameda,1,1643700,82223,81809,1845,83654,1164
2021-03-11,Alpine,3,1148,84,78,0,78,0
2021-03-11,Amador,5,37829,3512,3498,34,3532,42
2021-03-11,Butte,7,227075,11419,11110,1713,12823,185
2021-03-11,Calaveras,9,45235,1952,1915,13,1928,49
2021-03-11,Colusa,11,21464,1879,1883,278,2161,12
2021-03-11,Contra Costa,13,1133247,64380,63469,1155,64624,728
2021-03-11,Del Norte,15,27424,1051,1027,0,1027,6
2021-03-11,El Dorado,17,186661,9214,9211,639,9850,101
2021-03-11,Fresno,19,978130,97369,97026,8312,105338,1481
2021-03-11,Glenn,21,27897,2275,2255,520,2775,15
2021-03-11,Humboldt,23,135768,3331,3302,24,3326,32
2021-03-11,Imperial,25,180216,27300,27045,2671,29716,675
2021-03-11,Inyo,27,18085,1348,1335,2,1337,35
2021-03-11,Kern,29,883053,93979,93052,10483,103535,1121
2021-03-11,Kings,31,150075,22355,22183,1097,23280,230
2021-03-11,Lake,33,64148,3264,3214,6,3220,42
2021-03-11,Lassen,35,31185,5122,5124,105,5229,1
2021-03-11,Los Angeles,37,10098052,1176510,1170111,41831,1211942,22316
2021-03-11,Madera,39,155013,15824,15725,885,16610,214
2021-03-11,Marin,41,260295,13403,13356,184,13540,217
2021-03-11,Mariposa,43,17540,379,376,6,382,5
2021-03-11,Mendocino,45,87422,3679,3604,70,3674,42
2021-03-11,Merced,47,269075,29106,29001,925,29926,401
2021-03-11,Modoc,49,8938,347,340,119,459,3
2021-03-11,Mono,51,14174,1190,1206,14,1220,3
2021-03-11,Monterey,53,433212,42095,41936,1789,43725,329
2021-03-11,Napa,55,140530,9194,9173,33,9206,75
2021-03-11,Nevada,57,99092,4135,4085,167,4252,66
2021-03-11,Orange,59,3164182,248387,247217,10789,258006,4373
2021-03-11,Placer,61,380077,20962,20178,1215,21393,239
2021-03-11,Plumas,63,18699,651,640,11,651,4
2021-03-11,Riverside,65,2383286,284780,280881,14308,295189,3842
2021-03-11,Sacramento,67,1510023,96286,94912,1381,96293,1455
2021-03-11,San Benito,69,59416,5802,5816,95,5911,61
2021-03-11,San Bernardino,71,2135413,286981,283312,8817,292129,3869
2021-03-11,San Diego,73,3302833,267053,264524,0,264524,3422
2021-03-11,San Francisco,75,870044,34623,34722,1223,35945,452
2021-03-11,San Joaquin,77,732212,67987,66522,3063,69585,1157
2021-03-11,San Luis Obispo,79,281455,19885,19748,617,20365,247
2021-03-11,San Mateo,81,765935,40069,39590,428,40018,341
2021-03-11,Santa Barbara,83,443738,32822,32408,1261,33669,430
2021-03-11,Santa Clara,85,1922200,111805,112246,642,112888,1765
2021-03-11,Santa Cruz,87,273765,15558,14812,854,15666,193
2021-03-11,Shasta,89,179085,11083,11139,1346,12485,158
2021-03-11,Sierra,91,2930,50,48,14,62,0
2021-03-11,Siskiyou,93,43540,1524,1466,270,1736,5
2021-03-11,Solano,95,438530,30284,30138,388,30526,171
2021-03-11,Sonoma,97,501317,28622,28677,236,28913,285
2021-03-11,Stanislaus,99,539301,51453,51038,5706,56744,707
2021-03-11,Sutter,101,95872,8956,8933,85,9018,101
2021-03-11,Tehama,103,63373,4645,4632,532,5164,33
2021-03-11,Trinity,105,12862,345,304,47,351,3
2021-03-11,Tulare,107,460477,48223,47709,8842,56551,797
2021-03-11,Tuolumne,109,53932,3928,3934,64,3998,57
2021-03-11,Ventura,111,848112,78619,78697,2939,81636,889
2021-03-11,Yolo,113,214977,13112,13041,240,13281,190
2021-03-11,Yuba,115,75493,5610,5553,94,5647,42
2021-03-10,Alameda,1,1643700,82114,81701,1839,83540,1160
2021-03-10,Alpine,3,1148,83,78,0,78,0
2021-03-10,Amador,5,37829,3510,3496,34,3530,42
2021-03-10,Butte,7,227075,11409,11096,1713,12809,185
2021-03-10,Calaveras,9,45235,1948,1913,13,1926,48
2021-03-10,Colusa,11,21464,1879,1882,278,2160,12
2021-03-10,Contra Costa,13,1133247,64282,63372,1151,64523,725
2021-03-10,Del Norte,15,27424,1049,1020,0,1020,5
2021-03-10,El Dorado,17,186661,9202,9203,638,9841,100
2021-03-10,Fresno,19,978130,97264,96866,8294,105160,1471
2021-03-10,Glenn,21,27897,2272,2253,518,2771,15
2021-03-10,Humboldt,23,135768,3321,3296,23,3319,32
2021-03-10,Imperial,25,180216,27285,27051,2671,29722,675
2021-03-10,Inyo,27,18085,1348,1328,2,1330,35
2021-03-10,Kern,29,883053,93913,92965,10460,103425,1102
2021-03-10,Kings,31,150075,22336,22166,1095,23261,226
2021-03-10,Lake,33,64148,3254,3207,6,3213,42
2021-03-10,Lassen,35,31185,5122,5120,105,5225,1
2021-03-10,Los Angeles,37,10098052,1175966,1169079,41801,1210880,22199
2021-03-10,Madera,39,155013,15803,15705,882,16587,212
2021-03-10,Marin,41,260295,13393,13348,183,13531,216
2021-03-10,Mariposa,43,17540,379,376,6,382,5
2021-03-10,Mendocino,45,87422,3674,3602,70,3672,42
2021-03-10,Merced,47,269075,29069,28927,923,29850,401
2021-03-10,Modoc,49,8938,346,338,119,457,3
2021-03-10,Mono,51,14174,1187,1204,14,1218,3
2021-03-10,Monterey,53,433212,42073,41920,1785,43705,329
2021-03-10,Napa,55,140530,9185,9165,33,9198,75
2021-03-10,Nevada,57,99092,4131,4074,167,4241,66
2021-03-10,Orange,59,3164182,248242,247075,10769,257844,4342
2021-03-10,Placer,61,380077,20927,20144,1209,21353,239
2021-03-10,Plumas,63,18699,650,639,11,650,4
2021-03-10,Riverside,65,2383286,284644,280708,14294,295002,3822
2021-03-10,Sacramento,67,1510023,96156,94796,1375,96171,1452
2021-03-10,San Benito,69,59416,5793,5811,95,5906,61
2021-03-10,San Bernardino,71,2135413,286882,283140,8808,291948,3841
2021-03-10,San Diego,73,3302833,266832,264094,0,264094,3413
2021-03-10,San Francisco,75,870044,34590,34688,1214,35902,450
2021-03-10,San Joaquin,77,732212,67886,66483,3045,69528,1156
2021-03-10,San Luis Obispo,79,281455,19861,19710,613,20323,247
2021-03-10,San Mateo,81,765935,40044,39571,428,39999,338
2021-03-10,Santa Barbara,83,443738,32795,32356,1258,33614,429
2021-03-10,Santa Clara,85,1922200,111699,112103,638,112741,1759
2021-03-10,Santa Cruz,87,273765,15543,14790,853,15643,192
2021-03-10,Shasta,89,179085,11073,11125,1343,12468,155
2021-03-10,Sierra,91,2930,50,48,14,62,0
2021-03-10,Siskiyou,93,43540,1522,1458,270,1728,5
2021-03-10,Solano,95,438530,30254,30111,387,30498,170
2021-03-10,Sonoma,97,501317,28587,28638,235,28873,286
2021-03-10,Stanislaus,99,539301,51364,50968,5693,56661,706
2021-03-10,Sutter,101,95872,8945,8918,85,9003,101
2021-03-10,Tehama,103,63373,4635,4623,532,5155,33
2021-03-10,Trinity,105,12862,345,304,47,351,3
2021-03-10,Tulare,107,460477,48175,47659,8823,56482,793
2021-03-10,Tuolumne,109,53932,3927,3931,64,3995,57
2021-03-10,Ventura,111,848112,78542,78609,2937,81546,878
2021-03-10,Yolo,113,214977,13089,13021,239,13260,189
2021-03-10,Yuba,115,75493,5596,5545,93,5638,42
2021-03-09,Alameda,1,1643700,82028,81618,1839,83457,1151
2021-03-09,Alpine,3,1148,83,78,0,78,0
2021-03-09,Amador,5,37829,3508,3494,34,3528,42
2021-03-09,Butte,7,227075,11396,11092,1711,12803,185
2021-03-09,Calaveras,9,45235,1946,1913,13,1926,48
2021-03-09,Colusa,11,21464,1879,1880,278,2158,11
2021-03-09,Contra Costa,13,1133247,64189,63314,1149,64463,723
2021-03-09,Del Norte,15,27424,1041,1017,0,1017,5
2021-03-09,El Dorado,17,186661,9195,9198,638,9836,98
2021-03-09,Fresno,19,978130,97145,96744,8266,105010,1463
2021-03-09,Glenn,21,27897,2268,2251,516,2767,15
2021-03-09,Humboldt,23,135768,3310,3288,22,3310,32
2021-03-09,Imperial,25,180216,27276,27045,2667,29712,675
2021-03-09,Inyo,27,18085,1346,1324,2,1326,35
2021-03-09,Kern,29,883053,93834,92924,10442,103366,1088
2021-03-09,Kings,31,150075,22311,22143,1093,23236,226
2021-03-09,Lake,33,64148,3248,3202,6,3208,42
2021-03-09,Lassen,35,31185,5122,5120,105,5225,1
2021-03-09,Los Angeles,37,10098052,1175372,1167967,41765,1209732,22080
2021-03-09,Madera,39,155013,15792,15701,879,16580,211
2021-03-09,Marin,41,260295,13375,13335,181,13516,214
2021-03-09,Mariposa,43,17540,379,376,6,382,5
2021-03-09,Mendocino,45,87422,3670,3595,70,3665,42
2021-03-09,Merced,47,269075,29008,28876,922,29798,399
2021-03-09,Modoc,49,8938,346,338,118,456,3
2021-03-09,Mono,51,14174,1186,1203,14,1217,3
2021-03-09,Monterey,53,433212,42056,41894,1776,43670,329
2021-03-09,Napa,55,140530,9171,9155,33,9188,75
2021-03-09,Nevada,57,99092,4123,4062,167,4229,66
2021-03-09,Orange,59,3164182,248101,246989,10748,257737,4310
2021-03-09,Placer,61,380077,20884,20122,1205,21327,239
2021-03-09,Plumas,63,18699,647,639,11,650,4
2021-03-09,Riverside,65,2383286,284516,280562,14288,294850,3821
2021-03-09,Sacramento,67,1510023,95988,94720,1369,96089,1442
2021-03-09,San Benito,69,59416,5789,5800,95,5895,61
2021-03-09,San Bernardino,71,2135413,286764,282971,8801,291772,3823
2021-03-09,San Diego,73,3302833,266599,263745,0,263745,3405
2021-03-09,San Francisco,75,870044,34560,34654,1210,35864,450
2021-03-09,San Joaquin,77,732212,67758,66383,3035,69418,1150
2021-03-09,San Luis Obispo,79,281455,19843,19672,606,20278,245
2021-03-09,San Mateo,81,765935,39996,39535,426,39961,336
2021-03-09,Santa Barbara,83,443738,32754,32314,1255,33569,428
2021-03-09,Santa Clara,85,1922200,111588,111963,633,112596,1756
2021-03-09,Santa Cruz,87,273765,15523,14764,850,15614,188
2021-03-09,Shasta,89,179085,11067,11113,1337,12450,155
2021-03-09,Sierra,91,2930,50,48,14,62,0
2021-03-09,Siskiyou,93,43540,1518,1447,268,1715,5
2021-03-09,Solano,95,438530,30218,30090,385,30475,169
2021-03-09,Sonoma,97,501317,28537,28601,232,28833,284
2021-03-09,Stanislaus,99,539301,51270,50884,5684,56568,703
2021-03-09,Sutter,101,95872,8932,8914,85,8999,101
2021-03-09,Tehama,103,63373,4627,4620,531,5151,33
2021-03-09,Trinity,105,12862,345,304,47,351,3
2021-03-09,Tulare,107,460477,48149,47637,8800,56437,792
2021-03-09,Tuolumne,109,53932,3925,3929,64,3993,56
2021-03-09,Ventura,111,848112,78473,78526,2935,81461,863
2021-03-09,Yolo,113,214977,13078,13015,238,13253,189
2021-03-09,Yuba,115,75493,5589,5539,93,5632,42
2021-03-08,Alameda,1,1643700,81914,81543,1838,83381,1142
2021-03-08,Alpine,3,1148,83,78,0,78,0
2021-03-08,Amador,5,37829,3505,3490,34,3524,42
2021-03-08,Butte,7,227075,11381,11082,1710,12792,185
2021-03-08,Calaveras,9,45235,1945,1909,13,1922,48
2021-03-08,Colusa,11,21464,1879,1877,278,2155,11
2021-03-08,Contra Costa,13,1133247,64095,63240,1149,64389,719
2021-03-08,Del Norte,15,27424,1036,1012,0,1012,5
2021-03-08,El Dorado,17,186661,9192,9188,637,9825,97
2021-03-08,Fresno,19,978130,97050,96665,8239,104904,1442
2021-03-08,Glenn,21,27897,2267,2249,516,2765,15
2021-03-08,Humboldt,23,135768,3296,3278,22,3300,31
2021-03-08,Imperial,25,180216,27269,27033,2664,29697,663
2021-03-08,Inyo,27,18085,1344,1320,2,1322,35
2021-03-08,Kern,29,883053,93767,92857,10421,103278,1087
2021-03-08,Kings,31,150075,22291,22130,1090,23220,226
2021-03-08,Lake,33,64148,3236,3195,6,3201,42
2021-03-08,Lassen,35,31185,5122,5119,105,5224,1
2021-03-08,Los Angeles,37,10098052,1174761,1163409,41731,1205140,21868
2021-03-08,Madera,39,155013,15782,15691,877,16568,211
2021-03-08,Marin,41,260295,13355,13328,179,13507,214
2021-03-08,Mariposa,43,17540,379,376,6,382,5
2021-03-08,Mendocino,45,87422,3668,3590,69,3659,42
2021-03-08,Merced,47,269075,28947,28841,921,29762,398
2021-03-08,Modoc,49,8938,346,338,118,456,3
2021-03-08,Mono,51,14174,1185,1200,14,1214,3
2021-03-08,Monterey,53,433212,42035,41863,1775,43638,328
2021-03-08,Napa,55,140530,9168,9146,33,9179,75
2021-03-08,Nevada,57,99092,4115,4059,167,4226,66
2021-03-08,Orange,59,3164182,247930,246900,10716,257616,4243
2021-03-08,Placer,61,380077,20851,20102,1194,21296,239
2021-03-08,Plumas,63,18699,646,635,11,646,4
2021-03-08,Riverside,65,2383286,284378,280463,14279,294742,3783
2021-03-08,Sacramento,67,1510023,95816,94654,1364,96018,1438
2021-03-08,San Benito,69,59416,5786,5797,95,5892,61
2021-03-08,San Bernardino,71,2135413,286660,282894,8788,291682,3811
2021-03-08,San Diego,73,3302833,266358,263272,0,263272,3390
2021-03-08,San Francisco,75,870044,34533,34634,1206,35840,446
2021-03-08,San Joaquin,77,732212,67643,66307,3026,69333,1139
2021-03-08,San Luis Obispo,79,281455,19803,19656,602,20258,245
2021-03-08,San Mateo,81,765935,39949,39492,424,39916,335
2021-03-08,Santa Barbara,83,443738,32722,32293,1255,33548,427
2021-03-08,Santa Clara,85,1922200,111462,111882,631,112513,1756
2021-03-08,Santa Cruz,87,273765,15503,14729,850,15579,188
2021-03-08,Shasta,89,179085,11060,11088,1331,12419,155
2021-03-08,Sierra,91,2930,50,48,14,62,0
2021-03-08,Siskiyou,93,43540,1517,1440,268,1708,5
2021-03-08,Solano,95,438530,30178,30068,383,30451,169
2021-03-08,Sonoma,97,501317,28493,28571,231,28802,284
2021-03-08,Stanislaus,99,539301,51190,50825,5679,56504,690
2021-03-08,Sutter,101,95872,8929,8905,85,8990,100
2021-03-08,Tehama,103,63373,4624,4615,530,5145,33
2021-03-08,Trinity,105,12862,344,302,47,349,3
2021-03-08,Tulare,107,460477,48111,47587,8773,56360,791
2021-03-08,Tuolumne,109,53932,3924,3921,64,3985,56
2021-03-08,Ventura,111,848112,78402,78526,2927,81453,852
2021-03-08,Yolo,113,214977,13055,13000,237,13237,189
2021-03-08,Yuba,115,75493,5579,5530,93,5623,42
2021-03-07,Alameda,1,1643700,81795,81413,1837,83250,1145
2021-03-07,Alpine,3,1148,83,78,0,78,0
2021-03-07,Amador,5,37829,3502,3489,34,3523,42
2021-03-07,Butte,7,227075,11366,11075,1709,12784,185
2021-03-07,Calaveras,9,45235,1944,1906,13,1919,48
2021-03-07,Colusa,11,21464,1878,1876,278,2154,11
2021-03-07,Contra Costa,13,1133247,63998,63148,1146,64294,719
2021-03-07,Del Norte,15,27424,1031,1010,0,1010,5
2021-03-07,El Dorado,17,186661,9190,9184,636,9820,97
2021-03-07,Fresno,19,978130,96875,96549,8214,104763,1442
2021-03-07,Glenn,21,27897,2265,2244,516,2760,15
2021-03-07,Humboldt,23,135768,3286,3274,22,3296,31
2021-03-07,Imperial,25,180216,27260,27019,2662,29681,658
2021-03-07,Inyo,27,18085,1341,1320,2,1322,35
2021-03-07,Kern,29,883053,93681,92746,10389,103135,1086
2021-03-07,Kings,31,150075,22270,22103,1088,23191,224
2021-03-07,Lake,33,64148,3230,3192,6,3198,42
2021-03-07,Lassen,35,31185,5121,5119,105,5224,1
2021-03-07,Los Angeles,37,10098052,1174040,1162749,41691,1204440,21857
2021-03-07,Madera,39,155013,15763,15675,877,16552,211
2021-03-07,Marin,41,260295,13347,13313,177,13490,214
2021-03-07,Mariposa,43,17540,378,376,6,382,5
2021-03-07,Mendocino,45,87422,3665,3581,69,3650,42
2021-03-07,Merced,47,269075,28875,28829,917,29746,399
2021-03-07,Modoc,49,8938,346,338,118,456,3
2021-03-07,Mono,51,14174,1183,1199,14,1213,3
2021-03-07,Monterey,53,433212,42014,41858,1772,43630,328
2021-03-07,Napa,55,140530,9158,9137,33,9170,75
2021-03-07,Nevada,57,99092,4101,4052,166,4218,66
2021-03-07,Orange,59,3164182,247741,246771,10689,257460,4218
2021-03-07,Placer,61,380077,20813,20070,1190,21260,239
2021-03-07,Plumas,63,18699,645,635,11,646,4
2021-03-07,Riverside,65,2383286,284235,280379,14268,294647,3779
2021-03-07,Sacramento,67,1510023,95639,94513,1356,95869,1437
2021-03-07,San Benito,69,59416,5779,5795,95,5890,61
2021-03-07,San Bernardino,71,2135413,286496,282860,8777,291637,3810
2021-03-07,San Diego,73,3302833,266076,262965,0,262965,3390
2021-03-07,San Francisco,75,870044,34499,34594,1201,35795,445
2021-03-07,San Joaquin,77,732212,67509,66252,3012,69264,1139
2021-03-07,San Luis Obispo,79,281455,19765,19614,600,20214,245
2021-03-07,San Mateo,81,765935,39910,39436,421,39857,329
2021-03-07,Santa Barbara,83,443738,32675,32218,1254,33472,425
2021-03-07,Santa Clara,85,1922200,111315,111745,627,112372,1752
2021-03-07,Santa Cruz,87,273765,15481,14715,849,15564,189
2021-03-07,Shasta,89,179085,11047,11083,1323,12406,156
2021-03-07,Sierra,91,2930,49,48,14,62,0
2021-03-07,Siskiyou,93,43540,1514,1435,264,1699,5
2021-03-07,Solano,95,438530,30142,30027,383,30410,169
2021-03-07,Sonoma,97,501317,28442,28533,229,28762,284
2021-03-07,Stanislaus,99,539301,51058,50783,5661,56444,699
2021-03-07,Sutter,101,95872,8919,8900,85,8985,100
2021-03-07,Tehama,103,63373,4614,4614,527,5141,33
2021-03-07,Trinity,105,12862,344,302,47,349,3
2021-03-07,Tulare,107,460477,48055,47569,8739,56308,790
2021-03-07,Tuolumne,109,53932,3923,3922,64,3986,56
2021-03-07,Ventura,111,848112,78305,78487,2922,81409,851
2021-03-07,Yolo,113,214977,13036,12988,237,13225,189
2021-03-07,Yuba,115,75493,5575,5516,93,5609,42
2021-03-06,Alameda,1,1643700,81742,81310,1836,83146,1143
2021-03-06,Alpine,3,1148,83,78,0,78,0
2021-03-06,Amador,5,37829,3498,3487,34,3521,42
2021-03-06,Butte,7,227075,11362,11065,1708,12773,185
2021-03-06,Calaveras,9,45235,1940,1904,13,1917,48
2021-03-06,Colusa,11,21464,1876,1874,278,2152,11
2021-03-06,Contra Costa,13,1133247,63938,63040,1142,64182,719
2021-03-06,Del Norte,15,27424,1026,1000,0,1000,5
2021-03-06,El Dorado,17,186661,9186,9166,636,9802,97
2021-03-06,Fresno,19,978130,96784,96366,8199,104565,1440
2021-03-06,Glenn,21,27897,2265,2241,516,2757,15
2021-03-06,Humboldt,23,135768,3276,3260,22,3282,31
2021-03-06,Imperial,25,180216,27256,27009,2656,29665,658
2021-03-06,Inyo,27,18085,1338,1312,2,1314,35
2021-03-06,Kern,29,883053,93635,92684,10368,103052,1082
2021-03-06,Kings,31,150075,22253,22094,1088,23182,224
2021-03-06,Lake,33,64148,3228,3189,6,3195,42
2021-03-06,Lassen,35,31185,5121,5119,105,5224,1
2021-03-06,Los Angeles,37,10098052,1173608,1161745,41659,1203404,21843
2021-03-06,Madera,39,155013,15754,15646,875,16521,211
2021-03-06,Marin,41,260295,13338,13289,177,13466,213
2021-03-06,Mariposa,43,17540,378,376,6,382,5
2021-03-06,Mendocino,45,87422,3663,3579,69,3648,42
2021-03-06,Merced,47,269075,28833,28771,917,29688,399
2021-03-06,Modoc,49,8938,345,338,118,456,3
2021-03-06,Mono,51,14174,1182,1198,14,1212,3
2021-03-06,Monterey,53,433212,42009,41838,1769,43607,327
2021-03-06,Napa,55,140530,9150,9129,33,9162,75
2021-03-06,Nevada,57,99092,4095,4044,166,4210,66
2021-03-06,Orange,59,3164182,247650,246634,10675,257309,4165
2021-03-06,Placer,61,380077,20790,20030,1188,21218,239
2021-03-06,Plumas,63,18699,645,634,11,645,4
2021-03-06,Riverside,65,2383286,284144,280225,14259,294484,3781
2021-03-06,Sacramento,67,1510023,95550,94332,1347,95679,1436
2021-03-06,San Benito,69,59416,5774,5793,95,5888,61
2021-03-06,San Bernardino,71,2135413,286423,282737,8775,291512,3791
2021-03-06,San Diego,73,3302833,265889,262778,0,262778,3385
2021-03-06,San Francisco,75,870044,34469,34560,1196,35756,435
2021-03-06,San Joaquin,77,732212,67435,66162,3001,69163,1138
2021-03-06,San Luis Obispo,79,281455,19747,19592,597,20189,245
2021-03-06,San Mateo,81,765935,39887,39384,421,39805,329
2021-03-06,Santa Barbara,83,443738,32644,32176,1253,33429,424
2021-03-06,Santa Clara,85,1922200,111220,111570,625,112195,1749
2021-03-06,Santa Cruz,87,273765,15470,14701,849,15550,188
2021-03-06,Shasta,89,179085,11038,11076,1321,12397,158
2021-03-06,Sierra,91,2930,49,48,14,62,0
2021-03-06,Siskiyou,93,43540,1512,1432,264,1696,5
2021-03-06,Solano,95,438530,30113,30000,382,30382,169
2021-03-06,Sonoma,97,501317,28420,28484,227,28711,284
2021-03-06,Stanislaus,99,539301,50989,50691,5654,56345,711
2021-03-06,Sutter,101,95872,8913,8887,85,8972,100
2021-03-06,Tehama,103,63373,4614,4610,525,5135,33
2021-03-06,Trinity,105,12862,344,302,47,349,3
2021-03-06,Tulare,107,460477,48024,47515,8709,56224,789
2021-03-06,Tuolumne,109,53932,3921,3920,64,3984,56
2021-03-06,Ventura,111,848112,78251,78439,2920,81359,848
2021-03-06,Yolo,113,214977,13030,12951,237,13188,189
2021-03-06,Yuba,115,75493,5566,5504,93,5597,42
2021-03-05,Alameda,1,1643700,81656,81215,1834,83049,1141
2021-03-05,Alpine,3,1148,83,78,0,78,0
2021-03-05,Amador,5,37829,3497,3484,34,3518,42
2021-03-05,Butte,7,227075,11351,11050,1707,12757,185
2021-03-05,Calaveras,9,45235,1936,1902,13,1915,48
2021-03-05,Colusa,11,21464,1876,1874,278,2152,11
2021-03-05,Contra Costa,13,1133247,63858,62886,1139,64025,711
2021-03-05,Del Norte,15,27424,1022,995,0,995,5
2021-03-05,El Dorado,17,186661,9181,9150,635,9785,97
2021-03-05,Fresno,19,978130,96678,96184,8178,104362,1432
2021-03-05,Glenn,21,27897,2260,2241,516,2757,15
2021-03-05,Humboldt,23,135768,3269,3234,22,3256,31
2021-03-05,Imperial,25,180216,27246,26970,2647,29617,651
2021-03-05,Inyo,27,18085,1334,1309,2,1311,35
2021-03-05,Kern,29,883053,93597,92601,10354,102955,1076
2021-03-05,Kings,31,150075,22236,22063,1086,23149,224
2021-03-05,Lake,33,64148,3226,3185,6,3191,42
2021-03-05,Lassen,35,31185,5121,5117,103,5220,1
2021-03-05,Los Angeles,37,10098052,1173125,1160688,41624,1202312,21745
2021-03-05,Madera,39,155013,15744,15624,873,16497,211
2021-03-05,Marin,41,260295,13325,13275,176,13451,215
2021-03-05,Mariposa,43,17540,378,375,6,381,4
2021-03-05,Mendocino,45,87422,3660,3577,69,3646,42
2021-03-05,Merced,47,269075,28799,28734,916,29650,399
2021-03-05,Modoc,49,8938,345,337,118,455,3
2021-03-05,Mono,51,14174,1181,1197,14,1211,3
2021-03-05,Monterey,53,433212,41996,41802,1769,43571,325
2021-03-05,Napa,55,140530,9142,9109,33,9142,75
2021-03-05,Nevada,57,99092,4091,4033,166,4199,66
2021-03-05,Orange,59,3164182,247536,246489,10662,257151,4108
2021-03-05,Placer,61,380077,20764,19973,1184,21157,239
2021-03-05,Plumas,63,18699,645,635,11,646,4
2021-03-05,Riverside,65,2383286,284034,280075,14252,294327,3781
2021-03-05,Sacramento,67,1510023,95452,94182,1340,95522,1430
2021-03-05,San Benito,69,59416,5771,5790,95,5885,61
2021-03-05,San Bernardino,71,2135413,286331,282640,8766,291406,3774
2021-03-05,San Diego,73,3302833,265657,262357,0,262357,3371
2021-03-05,San Francisco,75,870044,34429,34526,1192,35718,430
2021-03-05,San Joaquin,77,732212,67357,66041,2989,69030,1133
2021-03-05,San Luis Obispo,79,281455,19725,19557,595,20152,244
2021-03-05,San Mateo,81,765935,39855,39305,421,39726,326
2021-03-05,Santa Barbara,83,443738,32609,32139,1248,33387,424
2021-03-05,Santa Clara,85,1922200,111124,111384,625,112009,1745
2021-03-05,Santa Cruz,87,273765,15459,14694,849,15543,188
2021-03-05,Shasta,89,179085,11026,11062,1315,12377,148
2021-03-05,Sierra,91,2930,49,48,14,62,0
2021-03-05,Siskiyou,93,43540,1508,1429,263,1692,5
2021-03-05,Solano,95,438530,30096,29951,380,30331,168
2021-03-05,Sonoma,97,501317,28393,28417,227,28644,279
2021-03-05,Stanislaus,99,539301,50938,50606,5644,56250,721
2021-03-05,Sutter,101,95872,8906,8876,85,8961,100
2021-03-05,Tehama,103,63373,4605,4606,525,5131,33
2021-03-05,Trinity,105,12862,344,302,47,349,3
2021-03-05,Tulare,107,460477,47997,47469,8688,56157,789
2021-03-05,Tuolumne,109,53932,3919,3917,64,3981,56
2021-03-05,Ventura,111,848112,78184,78368,2918,81286,839
2021-03-05,Yolo,113,214977,13018,12920,236,13156,188
2021-03-05,Yuba,115,75493,5554,5496,93,5589,42
2021-03-04,Alameda,1,1643700,81544,81115,1834,82949,1136
2021-03-04,Alpine,3,1148,83,78,0,78,0
2021-03-04,Amador,5,37829,3496,3480,34,3514,42
2021-03-04,Butte,7,227075,11344,11033,1706,12739,185
2021-03-04,Calaveras,9,45235,1935,1896,13,1909,48
2021-03-04,Colusa,11,21464,1874,1873,273,2146,11
2021-03-04,Contra Costa,13,1133247,63760,62789,1136,63925,708
2021-03-04,Del Norte,15,27424,1014,989,0,989,5
2021-03-04,El Dorado,17,186661,9166,9133,635,9768,97
2021-03-04,Fresno,19,978130,96516,96023,8159,104182,1422
2021-03-04,Glenn,21,27897,2256,2236,513,2749,15
2021-03-04,Humboldt,23,135768,3256,3212,22,3234,31
2021-03-04,Imperial,25,180216,27235,26946,2643,29589,646
2021-03-04,Inyo,27,18085,1331,1300,2,1302,35
2021-03-04,Kern,29,883053,93510,92525,10334,102859,1070
2021-03-04,Kings,31,150075,22211,22025,1083,23108,224
2021-03-04,Lake,33,64148,3218,3181,6,3187,42
2021-03-04,Lassen,35,31185,5121,5116,103,5219,1
2021-03-04,Los Angeles,37,10098052,1172516,1159405,41573,1200978,21610
2021-03-04,Madera,39,155013,15710,15596,869,16465,208
2021-03-04,Marin,41,260295,13308,13240,173,13413,215
2021-03-04,Mariposa,43,17540,378,376,6,382,4
2021-03-04,Mendocino,45,87422,3657,3569,69,3638,42
2021-03-04,Merced,47,269075,28749,28671,914,29585,396
2021-03-04,Modoc,49,8938,344,336,118,454,3
2021-03-04,Mono,51,14174,1181,1197,14,1211,3
2021-03-04,Monterey,53,433212,41976,41771,1766,43537,325
2021-03-04,Napa,55,140530,9134,9094,33,9127,74
2021-03-04,Nevada,57,99092,4081,4020,166,4186,66
2021-03-04,Orange,59,3164182,247384,246354,10643,256997,4096
2021-03-04,Placer,61,380077,20732,19900,1178,21078,239
2021-03-04,Plumas,63,18699,645,634,11,645,4
2021-03-04,Riverside,65,2383286,283909,279871,14239,294110,3766
2021-03-04,Sacramento,67,1510023,95319,93982,1336,95318,1426
2021-03-04,San Benito,69,59416,5771,5781,95,5876,61
2021-03-04,San Bernardino,71,2135413,286198,282407,8762,291169,3757
2021-03-04,San Diego,73,3302833,265398,261858,0,261858,3359
2021-03-04,San Francisco,75,870044,34395,34480,1189,35669,426
2021-03-04,San Joaquin,77,732212,67265,65931,2979,68910,1129
2021-03-04,San Luis Obispo,79,281455,19687,19520,593,20113,243
2021-03-04,San Mateo,81,765935,39811,39225,420,39645,322
2021-03-04,Santa Barbara,83,443738,32572,32090,1247,33337,423
2021-03-04,Santa Clara,85,1922200,110991,111194,623,111817,1723
2021-03-04,Santa Cruz,87,273765,15440,14669,849,15518,186
2021-03-04,Shasta,89,179085,11023,11050,1306,12356,150
2021-03-04,Sierra,91,2930,49,48,14,62,0
2021-03-04,Siskiyou,93,43540,1502,1427,263,1690,5
2021-03-04,Solano,95,438530,30069,29905,379,30284,168
2021-03-04,Sonoma,97,501317,28338,28379,226,28605,279
2021-03-04,Stanislaus,99,539301,50850,50521,5636,56157,731
2021-03-04,Sutter,101,95872,8894,8849,85,8934,100
2021-03-04,Tehama,103,63373,4599,4604,525,5129,33
2021-03-04,Trinity,105,12862,344,302,47,349,3
2021-03-04,Tulare,107,460477,47953,47398,8662,56060,784
2021-03-04,Tuolumne,109,53932,3913,3916,64,3980,56
2021-03-04,Ventura,111,848112,78097,78184,2916,81100,831
2021-03-04,Yolo,113,214977,12998,12895,236,13131,189
2021-03-04,Yuba,115,75493,5542,5483,93,5576,41
2021-03-03,Alameda,1,1643700,81421,80972,1832,82804,1127
2021-03-03,Alpine,3,1148,83,77,0,77,0
2021-03-03,Amador,5,37829,3494,3478,33,3511,42
2021-03-03,Butte,7,227075,11337,11014,1705,12719,184
2021-03-03,Calaveras,9,45235,1932,1893,13,1906,48
2021-03-03,Colusa,11,21464,1873,1873,273,2146,11
2021-03-03,Contra Costa,13,1133247,63662,62668,1133,63801,708
2021-03-03,Del Norte,15,27424,1011,988,0,988,5
2021-03-03,El Dorado,17,186661,9156,9121,635,9756,97
2021-03-03,Fresno,19,978130,96375,95893,8140,104033,1415
2021-03-03,Glenn,21,27897,2256,2233,513,2746,15
2021-03-03,Humboldt,23,135768,3244,3196,22,3218,30
2021-03-03,Imperial,25,180216,27217,26939,2638,29577,640
2021-03-03,Inyo,27,18085,1323,1294,2,1296,35
2021-03-03,Kern,29,883053,93437,92434,10316,102750,1063
2021-03-03,Kings,31,150075,22195,22009,1082,23091,223
2021-03-03,Lake,33,64148,3211,3175,6,3181,40
2021-03-03,Lassen,35,31185,5121,5115,102,5217,1
2021-03-03,Los Angeles,37,10098052,1171881,1157911,41530,1199441,21500
2021-03-03,Madera,39,155013,15691,15553,863,16416,203
2021-03-03,Marin,41,260295,13295,13216,173,13389,214
2021-03-03,Mariposa,43,17540,377,376,6,382,4
2021-03-03,Mendocino,45,87422,3649,3564,69,3633,42
2021-03-03,Merced,47,269075,28696,28625,914,29539,393
2021-03-03,Modoc,49,8938,344,333,117,450,3
2021-03-03,Mono,51,14174,1181,1191,14,1205,3
2021-03-03,Monterey,53,433212,41943,41731,1763,43494,325
2021-03-03,Napa,55,140530,9126,9090,33,9123,72
2021-03-03,Nevada,57,99092,4071,4009,166,4175,66
2021-03-03,Orange,59,3164182,247240,246120,10627,256747,4072
2021-03-03,Placer,61,380077,20706,19851,1175,21026,239
2021-03-03,Plumas,63,18699,644,631,11,642,4
2021-03-03,Riverside,65,2383286,283780,279626,14234,293860,3735
2021-03-03,Sacramento,67,1510023,95160,93819,1327,95146,1419
2021-03-03,San Benito,69,59416,5770,5774,95,5869,61
2021-03-03,San Bernardino,71,2135413,286057,282138,8751,290889,3664
2021-03-03,San Diego,73,3302833,265136,261350,0,261350,3342
2021-03-03,San Francisco,75,870044,34364,34443,1186,35629,426
2021-03-03,San Joaquin,77,732212,67154,65855,2971,68826,1115
2021-03-03,San Luis Obispo,79,281455,19661,19479,589,20068,241
2021-03-03,San Mateo,81,765935,39764,39189,419,39608,319
2021-03-03,Santa Barbara,83,443738,32535,32027,1247,33274,421
2021-03-03,Santa Clara,85,1922200,110835,110991,621,111612,1720
2021-03-03,Santa Cruz,87,273765,15429,14645,849,15494,185
2021-03-03,Shasta,89,179085,11013,11023,1299,12322,150
2021-03-03,Sierra,91,2930,49,48,14,62,0
2021-03-03,Siskiyou,93,43540,1500,1424,263,1687,5
2021-03-03,Solano,95,438530,30033,29866,378,30244,167
2021-03-03,Sonoma,97,501317,28298,28307,225,28532,279
2021-03-03,Stanislaus,99,539301,50773,50438,5628,56066,730
2021-03-03,Sutter,101,95872,8885,8840,85,8925,99
2021-03-03,Tehama,103,63373,4596,4601,525,5126,32
2021-03-03,Trinity,105,12862,344,302,47,349,3
2021-03-03,Tulare,107,460477,47903,47348,8631,55979,778
2021-03-03,Tuolumne,109,53932,3911,3914,63,3977,56
2021-03-03,Ventura,111,848112,78014,78057,2910,80967,822
2021-03-03,Yolo,113,214977,12985,12890,236,13126,189
2021-03-03,Yuba,115,75493,5529,5479,93,5572,41
2021-03-02,Alameda,1,1643700,81304,80904,1830,82734,1116
2021-03-02,Alpine,3,1148,83,77,0,77,0
2021-03-02,Amador,5,37829,3492,3474,33,3507,42
2021-03-02,Butte,7,227075,11327,11007,1703,12710,182
2021-03-02,Calaveras,9,45235,1926,1890,13,1903,48
2021-03-02,Colusa,11,21464,1873,1872,272,2144,11
2021-03-02,Contra Costa,13,1133247,63551,62557,1128,63685,694
2021-03-02,Del Norte,15,27424,1004,983,0,983,5
2021-03-02,El Dorado,17,186661,9148,9116,635,9751,98
2021-03-02,Fresno,19,978130,96231,95785,8112,103897,1410
2021-03-02,Glenn,21,27897,2250,2232,512,2744,15
2021-03-02,Humboldt,23,135768,3225,3184,22,3206,30
2021-03-02,Imperial,25,180216,27207,26926,2636,29562,637
2021-03-02,Inyo,27,18085,1319,1292,2,1294,35
2021-03-02,Kern,29,883053,93332,92313,10286,102599,1046
2021-03-02,Kings,31,150075,22143,21999,1080,23079,217
2021-03-02,Lake,33,64148,3205,3169,6,3175,40
2021-03-02,Lassen,35,31185,5116,5115,101,5216,1
2021-03-02,Los Angeles,37,10098052,1171242,1156826,41482,1198308,21395
2021-03-02,Madera,39,155013,15672,15523,860,16383,194
2021-03-02,Marin,41,260295,13272,13186,172,13358,214
2021-03-02,Mariposa,43,17540,377,376,6,382,4
2021-03-02,Mendocino,45,87422,3646,3562,68,3630,41
2021-03-02,Merced,47,269075,28639,28598,914,29512,389
2021-03-02,Modoc,49,8938,344,332,117,449,3
2021-03-02,Mono,51,14174,1180,1191,14,1205,3
2021-03-02,Monterey,53,433212,41916,41716,1761,43477,325
2021-03-02,Napa,55,140530,9114,9080,33,9113,71
2021-03-02,Nevada,57,99092,4062,3983,164,4147,66
2021-03-02,Orange,59,3164182,247094,246004,10611,256615,4037
2021-03-02,Placer,61,380077,20651,19828,1172,21000,239
2021-03-02,Plumas,63,18699,642,628,11,639,4
2021-03-02,Riverside,65,2383286,283614,279486,14219,293705,3721
2021-03-02,Sacramento,67,1510023,94993,93690,1326,95016,1411
2021-03-02,San Benito,69,59416,5763,5770,95,5865,60
2021-03-02,San Bernardino,71,2135413,285923,281919,8743,290662,3604
2021-03-02,San Diego,73,3302833,264893,260998,0,260998,3317
2021-03-02,San Francisco,75,870044,34323,34387,1182,35569,424
2021-03-02,San Joaquin,77,732212,67048,65769,2950,68719,1111
2021-03-02,San Luis Obispo,79,281455,19629,19452,588,20040,241
2021-03-02,San Mateo,81,765935,39713,39148,418,39566,317
2021-03-02,Santa Barbara,83,443738,32487,31964,1243,33207,416
2021-03-02,Santa Clara,85,1922200,110657,110832,619,111451,1706
2021-03-02,Santa Cruz,87,273765,15415,14611,847,15458,185
2021-03-02,Shasta,89,179085,10999,11012,1288,12300,149
2021-03-02,Sierra,91,2930,49,48,14,62,0
2021-03-02,Siskiyou,93,43540,1496,1412,261,1673,5
2021-03-02,Solano,95,438530,30000,29827,376,30203,167
2021-03-02,Sonoma,97,501317,28244,28261,225,28486,279
2021-03-02,Stanislaus,99,539301,50686,50359,5614,55973,724
2021-03-02,Sutter,101,95872,8876,8832,85,8917,99
2021-03-02,Tehama,103,63373,4594,4597,525,5122,32
2021-03-02,Trinity,105,12862,344,301,47,348,3
2021-03-02,Tulare,107,460477,47847,47326,8605,55931,783
2021-03-02,Tuolumne,109,53932,3907,3908,63,3971,53
2021-03-02,Ventura,111,848112,77923,77952,2906,80858,780
2021-03-02,Yolo,113,214977,12968,12867,236,13103,189
2021-03-02,Yuba,115,75493,5521,5475,93,5568,41
2021-03-01,Alameda,1,1643700,81178,80805,1828,82633,1105
2021-03-01,Alpine,3,1148,81,77,0,77,0
2021-03-01,Amador,5,37829,3489,3469,33,3502,42
2021-03-01,Butte,7,227075,11311,10981,1698,12679,180
2021-03-01,Calaveras,9,45235,1920,1885,13,1898,46
2021-03-01,Colusa,11,21464,1872,1871,272,2143,11
2021-03-01,Contra Costa,13,1133247,63444,62458,1127,63585,694
2021-03-01,Del Norte,15,27424,999,982,0,982,5
2021-03-01,El Dorado,17,186661,9124,9085,635,9720,98
2021-03-01,Fresno,19,978130,96094,95677,8087,103764,1405
2021-03-01,Glenn,21,27897,2245,2232,511,2743,15
2021-03-01,Humboldt,23,135768,3207,3179,22,3201,30
2021-03-01,Imperial,25,180216,27197,26913,2628,29541,636
2021-03-01,Inyo,27,18085,1316,1285,2,1287,35
2021-03-01,Kern,29,883053,93245,92219,10259,102478,1041
2021-03-01,Kings,31,150075,22126,21988,1074,23062,217
2021-03-01,Lake,33,64148,3200,3164,6,3170,40
2021-03-01,Lassen,35,31185,5114,5111,101,5212,1
2021-03-01,Los Angeles,37,10098052,1170596,1155984,41437,1197421,21293
2021-03-01,Madera,39,155013,15643,15505,849,16354,194
2021-03-01,Marin,41,260295,13246,13161,171,13332,214
2021-03-01,Mariposa,43,17540,377,375,6,381,4
2021-03-01,Mendocino,45,87422,3639,3561,68,3629,41
2021-03-01,Merced,47,269075,28594,28575,910,29485,385
2021-03-01,Modoc,49,8938,341,331,116,447,3
2021-03-01,Mono,51,14174,1179,1192,14,1206,3
2021-03-01,Monterey,53,433212,41891,41697,1759,43456,324
2021-03-01,Napa,55,140530,9105,9056,33,9089,70
2021-03-01,Nevada,57,99092,4043,3979,164,4143,66
2021-03-01,Orange,59,3164182,246902,245852,10597,256449,3976
2021-03-01,Placer,61,380077,20613,19803,1169,20972,239
2021-03-01,Plumas,63,18699,642,628,11,639,4
2021-03-01,Riverside,65,2383286,283399,279323,14211,293534,3680
2021-03-01,Sacramento,67,1510023,94848,93546,1324,94870,1401
2021-03-01,San Benito,69,59416,5758,5772,95,5867,57
2021-03-01,San Bernardino,71,2135413,285776,281685,8739,290424,3603
2021-03-01,San Diego,73,3302833,264578,260622,0,260622,3303
2021-03-01,San Francisco,75,870044,34279,34318,1174,35492,424
2021-03-01,San Joaquin,77,732212,66941,65699,2938,68637,1097
2021-03-01,San Luis Obispo,79,281455,19607,19429,586,20015,239
2021-03-01,San Mateo,81,765935,39663,39096,417,39513,314
2021-03-01,Santa Barbara,83,443738,32445,31909,1242,33151,413
2021-03-01,Santa Clara,85,1922200,110499,110684,615,111299,1704
2021-03-01,Santa Cruz,87,273765,15396,14575,846,15421,185
2021-03-01,Shasta,89,179085,10987,10990,1285,12275,149
2021-03-01,Sierra,91,2930,49,48,14,62,0
2021-03-01,Siskiyou,93,43540,1492,1408,259,1667,5
2021-03-01,Solano,95,438530,29957,29779,375,30154,166
2021-03-01,Sonoma,97,501317,28197,28222,223,28445,278
2021-03-01,Stanislaus,99,539301,50612,50293,5607,55900,722
2021-03-01,Sutter,101,95872,8864,8825,85,8910,99
2021-03-01,Tehama,103,63373,4590,4595,525,5120,32
2021-03-01,Trinity,105,12862,344,298,46,344,3
2021-03-01,Tulare,107,460477,47810,47275,8570,55845,781
2021-03-01,Tuolumne,109,53932,3904,3907,63,3970,53
2021-03-01,Ventura,111,848112,77841,77849,2904,80753,775
2021-03-01,Yolo,113,214977,12951,12854,234,13088,188
2021-03-01,Yuba,115,75493,5509,5466,93,5559,41
2021-02-28,Alameda,1,1643700,81055,80727,1826,82553,1105
2021-02-28,Alpine,3,1148,81,77,0,77,0
2021-02-28,Amador,5,37829,3484,3466,32,3498,42
2021-02-28,Butte,7,227075,11296,10970,1698,12668,180
2021-02-28,Calaveras,9,45235,1914,1881,13,1894,46
2021-02-28,Colusa,11,21464,1872,1871,271,2142,11
2021-02-28,Contra Costa,13,1133247,63317,62386,1122,63508,694
2021-02-28,Del Norte,15,27424,997,981,0,981,5
2021-02-28,El Dorado,17,186661,9113,9082,635,9717,98
2021-02-28,Fresno,19,978130,95916,95548,8050,103598,1405
2021-02-28,Glenn,21,27897,2243,2230,509,2739,15
2021-02-28,Humboldt,23,135768,3184,3179,22,3201,30
2021-02-28,Imperial,25,180216,27171,26909,2620,29529,636
2021-02-28,Inyo,27,18085,1311,1282,2,1284,35
2021-02-28,Kern,29,883053,93131,92169,10236,102405,1012
2021-02-28,Kings,31,150075,22105,21967,1073,23040,217
2021-02-28,Lake,33,64148,3195,3164,6,3170,40
2021-02-28,Lassen,35,31185,5113,5106,101,5207,1
2021-02-28,Los Angeles,37,10098052,1169821,1155141,41373,1196514,21261
2021-02-28,Madera,39,155013,15600,15496,846,16342,199
2021-02-28,Marin,41,260295,13223,13152,169,13321,214
2021-02-28,Mariposa,43,17540,377,374,6,380,4
2021-02-28,Mendocino,45,87422,3633,3558,68,3626,41
2021-02-28,Merced,47,269075,28532,28546,909,29455,384
2021-02-28,Modoc,49,8938,341,331,116,447,3
2021-02-28,Mono,51,14174,1176,1192,14,1206,3
2021-02-28,Monterey,53,433212,41859,41683,1758,43441,323
2021-02-28,Napa,55,140530,9086,9053,33,9086,70
2021-02-28,Nevada,57,99092,4030,3972,164,4136,66
2021-02-28,Orange,59,3164182,246702,245706,10589,256295,3970
2021-02-28,Placer,61,380077,20567,19775,1167,20942,239
2021-02-28,Plumas,63,18699,642,628,11,639,4
2021-02-28,Riverside,65,2383286,283180,279214,14200,293414,3661
2021-02-28,Sacramento,67,1510023,94664,93463,1319,94782,1398
2021-02-28,San Benito,69,59416,5747,5772,95,5867,57
2021-02-28,San Bernardino,71,2135413,285646,281620,8719,290339,3595
2021-02-28,San Diego,73,3302833,264282,260353,0,260353,3303
2021-02-28,San Francisco,75,870044,34238,34291,1167,35458,417
2021-02-28,San Joaquin,77,732212,66833,65662,2929,68591,1097
2021-02-28,San Luis Obispo,79,281455,19572,19422,583,20005,237
2021-02-28,San Mateo,81,765935,39609,39059,416,39475,314
2021-02-28,Santa Barbara,83,443738,32394,31877,1240,33117,413
2021-02-28,Santa Clara,85,1922200,110301,110556,612,111168,1704
2021-02-28,Santa Cruz,87,273765,15367,14571,843,15414,185
2021-02-28,Shasta,89,179085,10966,10990,1281,12271,149
2021-02-28,Sierra,91,2930,49,48,14,62,0
2021-02-28,Siskiyou,93,43540,1484,1408,258,1666,5
2021-02-28,Solano,95,438530,29901,29758,370,30128,166
2021-02-28,Sonoma,97,501317,28135,28193,222,28415,279
2021-02-28,Stanislaus,99,539301,50522,50228,5593,55821,728
2021-02-28,Sutter,101,95872,8849,8825,85,8910,99
2021-02-28,Tehama,103,63373,4583,4590,525,5115,32
2021-02-28,Trinity,105,12862,344,298,46,344,3
2021-02-28,Tulare,107,460477,47748,47258,8539,55797,780
2021-02-28,Tuolumne,109,53932,3899,3905,63,3968,53
2021-02-28,Ventura,111,848112,77730,77749,2901,80650,775
2021-02-28,Yolo,113,214977,12929,12851,234,13085,188
2021-02-28,Yuba,115,75493,5499,5461,93,5554,41
2021-02-27,Alameda,1,1643700,80981,80565,1824,82389,1108
2021-02-27,Alpine,3,1148,81,77,0,77,0
2021-02-27,Amador,5,37829,3482,3463,32,3495,42
2021-02-27,Butte,7,227075,11284,10962,1698,12660,180
2021-02-27,Calaveras,9,45235,1912,1875,13,1888,46
2021-02-27,Colusa,11,21464,1871,1869,271,2140,11
2021-02-27,Contra Costa,13,1133247,63246,62248,1119,63367,693
2021-02-27,Del Norte,15,27424,995,978,0,978,5
2021-02-27,El Dorado,17,186661,9109,9072,635,9707,98
2021-02-27,Fresno,19,978130,95843,95393,8036,103429,1400
2021-02-27,Glenn,21,27897,2243,2225,508,2733,15
2021-02-27,Humboldt,23,135768,3178,3167,22,3189,30
2021-02-27,Imperial,25,180216,27163,26903,2619,29522,633
2021-02-27,Inyo,27,18085,1308,1275,2,1277,35
2021-02-27,Kern,29,883053,93071,92053,10221,102274,996
2021-02-27,Kings,31,150075,22095,21955,1070,23025,216
2021-02-27,Lake,33,64148,3192,3156,6,3162,40
2021-02-27,Lassen,35,31185,5113,5106,101,5207,1
2021-02-27,Los Angeles,37,10098052,1169331,1154275,41343,1195618,21158
2021-02-27,Madera,39,155013,15583,15467,845,16312,199
2021-02-27,Marin,41,260295,13199,13134,169,13303,214
2021-02-27,Mariposa,43,17540,377,374,6,380,4
2021-02-27,Mendocino,45,87422,3630,3555,68,3623,41
2021-02-27,Merced,47,269075,28491,28501,900,29401,384
2021-02-27,Modoc,49,8938,341,331,115,446,3
2021-02-27,Mono,51,14174,1174,1191,14,1205,3
2021-02-27,Monterey,53,433212,41850,41665,1758,43423,322
2021-02-27,Napa,55,140530,9075,9038,33,9071,71
2021-02-27,Nevada,57,99092,4024,3960,164,4124,66
2021-02-27,Orange,59,3164182,246576,245542,10577,256119,3960
2021-02-27,Placer,61,380077,20531,19726,1164,20890,239
2021-02-27,Plumas,63,18699,642,628,11,639,4
2021-02-27,Riverside,65,2383286,283071,279048,14190,293238,3663
2021-02-27,Sacramento,67,1510023,94582,93281,1306,94587,1396
2021-02-27,San Benito,69,59416,5746,5767,94,5861,57
2021-02-27,San Bernardino,71,2135413,285575,281471,8711,290182,3527
2021-02-27,San Diego,73,3302833,264093,260091,0,260091,3284
2021-02-27,San Francisco,75,870044,34206,34260,1164,35424,413
2021-02-27,San Joaquin,77,732212,66787,65578,2927,68505,1100
2021-02-27,San Luis Obispo,79,281455,19551,19411,582,19993,237
2021-02-27,San Mateo,81,765935,39566,38998,415,39413,313
2021-02-27,Santa Barbara,83,443738,32360,31805,1239,33044,411
2021-02-27,Santa Clara,85,1922200,110154,110361,610,110971,1703
2021-02-27,Santa Cruz,87,273765,15358,14552,842,15394,185
2021-02-27,Shasta,89,179085,10960,10985,1277,12262,149
2021-02-27,Sierra,91,2930,49,48,14,62,0
2021-02-27,Siskiyou,93,43540,1482,1407,257,1664,5
2021-02-27,Solano,95,438530,29873,29718,369,30087,165
2021-02-27,Sonoma,97,501317,28091,28141,216,28357,281
2021-02-27,Stanislaus,99,539301,50468,50147,5583,55730,733
2021-02-27,Sutter,101,95872,8844,8820,85,8905,99
2021-02-27,Tehama,103,63373,4580,4584,525,5109,32
2021-02-27,Trinity,105,12862,344,298,46,344,3
2021-02-27,Tulare,107,460477,47712,47209,8512,55721,770
2021-02-27,Tuolumne,109,53932,3896,3899,63,3962,53
2021-02-27,Ventura,111,848112,77658,77623,2898,80521,771
2021-02-27,Yolo,113,214977,12917,12834,234,13068,188
2021-02-27,Yuba,115,75493,5496,5450,93,5543,39
2021-02-26,Alameda,1,1643700,80885,80387,1819,82206,1106
2021-02-26,Alpine,3,1148,81,77,0,77,0
2021-02-26,Amador,5,37829,3476,3457,32,3489,42
2021-02-26,Butte,7,227075,11274,10941,1697,12638,180
2021-02-26,Calaveras,9,45235,1911,1873,13,1886,46
2021-02-26,Colusa,11,21464,1871,1865,271,2136,11
2021-02-26,Contra Costa,13,1133247,63164,62114,1119,63233,685
2021-02-26,Del Norte,15,27424,991,968,0,968,5
2021-02-26,El Dorado,17,186661,9103,9038,633,9671,98
2021-02-26,Fresno,19,978130,95740,95202,8028,103230,1391
2021-02-26,Glenn,21,27897,2240,2220,508,2728,15
2021-02-26,Humboldt,23,135768,3172,3152,22,3174,30
2021-02-26,Imperial,25,180216,27155,26888,2617,29505,631
2021-02-26,Inyo,27,18085,1306,1271,2,1273,34
2021-02-26,Kern,29,883053,92992,91884,10205,102089,997
2021-02-26,Kings,31,150075,22079,21917,1067,22984,216
2021-02-26,Lake,33,64148,3187,3153,6,3159,40
2021-02-26,Lassen,35,31185,5113,5102,101,5203,1
2021-02-26,Los Angeles,37,10098052,1168763,1153131,41280,1194411,21070
2021-02-26,Madera,39,155013,15567,15436,843,16279,199
2021-02-26,Marin,41,260295,13185,13091,169,13260,214
2021-02-26,Mariposa,43,17540,377,375,6,381,4
2021-02-26,Mendocino,45,87422,3625,3549,68,3617,41
2021-02-26,Merced,47,269075,28459,28455,899,29354,382
2021-02-26,Modoc,49,8938,340,330,115,445,3
2021-02-26,Mono,51,14174,1172,1191,14,1205,3
2021-02-26,Monterey,53,433212,41824,41607,1758,43365,322
2021-02-26,Napa,55,140530,9069,9014,33,9047,70
2021-02-26,Nevada,57,99092,4013,3952,164,4116,66
2021-02-26,Orange,59,3164182,246438,245278,10567,255845,3918
2021-02-26,Placer,61,380077,20505,19712,1158,20870,239
2021-02-26,Plumas,63,18699,642,628,11,639,4
2021-02-26,Riverside,65,2383286,282927,278772,14184,292956,3653
2021-02-26,Sacramento,67,1510023,94459,93180,1303,94483,1390
2021-02-26,San Benito,69,59416,5745,5759,94,5853,57
2021-02-26,San Bernardino,71,2135413,285467,281132,8709,289841,3461
2021-02-26,San Diego,73,3302833,263866,259641,0,259641,3271
2021-02-26,San Francisco,75,870044,34176,34213,1159,35372,413
2021-02-26,San Joaquin,77,732212,66706,65492,2921,68413,1070
2021-02-26,San Luis Obispo,79,281455,19535,19359,580,19939,234
2021-02-26,San Mateo,81,765935,39520,38922,415,39337,313
2021-02-26,Santa Barbara,83,443738,32317,31724,1238,32962,410
2021-02-26,Santa Clara,85,1922200,110025,110168,607,110775,1700
2021-02-26,Santa Cruz,87,273765,15346,14528,841,15369,185
2021-02-26,Shasta,89,179085,10954,10972,1267,12239,149
2021-02-26,Sierra,91,2930,49,47,14,61,0
2021-02-26,Siskiyou,93,43540,1482,1401,257,1658,5
2021-02-26,Solano,95,438530,29839,29651,368,30019,165
2021-02-26,Sonoma,97,501317,28063,28063,215,28278,280
2021-02-26,Stanislaus,99,539301,50412,50054,5575,55629,737
2021-02-26,Sutter,101,95872,8835,8806,85,8891,99
2021-02-26,Tehama,103,63373,4578,4581,525,5106,32
2021-02-26,Trinity,105,12862,343,298,46,344,3
2021-02-26,Tulare,107,460477,47677,47135,8481,55616,770
2021-02-26,Tuolumne,109,53932,3895,3896,63,3959,53
2021-02-26,Ventura,111,848112,77558,77534,2896,80430,765
2021-02-26,Yolo,113,214977,12910,12816,234,13050,188
2021-02-26,Yuba,115,75493,5491,5438,93,5531,39
2021-02-25,Alameda,1,1643700,80763,80181,1818,81999,1093
2021-02-25,Alpine,3,1148,81,77,0,77,0
2021-02-25,Amador,5,37829,3473,3448,32,3480,41
2021-02-25,Butte,7,227075,11253,10922,1692,12614,178
2021-02-25,Calaveras,9,45235,1903,1868,13,1881,46
2021-02-25,Colusa,11,21464,1868,1863,270,2133,11
2021-02-25,Contra Costa,13,1133247,63062,61910,1119,63029,686
2021-02-25,Del Norte,15,27424,981,966,0,966,5
2021-02-25,El Dorado,17,186661,9087,9012,633,9645,98
2021-02-25,Fresno,19,978130,95598,95015,8007,103022,1377
2021-02-25,Glenn,21,27897,2237,2219,507,2726,15
2021-02-25,Humboldt,23,135768,3165,3129,21,3150,30
2021-02-25,Imperial,25,180216,27149,26855,2612,29467,628
2021-02-25,Inyo,27,18085,1300,1264,2,1266,33
2021-02-25,Kern,29,883053,92878,91735,10179,101914,992
2021-02-25,Kings,31,150075,22070,21900,1064,22964,216
2021-02-25,Lake,33,64148,3178,3141,6,3147,40
2021-02-25,Lassen,35,31185,5112,5097,99,5196,1
2021-02-25,Los Angeles,37,10098052,1168026,1151846,41220,1193066,20931
2021-02-25,Madera,39,155013,15532,15414,839,16253,194
2021-02-25,Marin,41,260295,13161,13067,169,13236,214
2021-02-25,Mariposa,43,17540,377,375,6,381,4
2021-02-25,Mendocino,45,87422,3620,3542,68,3610,41
2021-02-25,Merced,47,269075,28409,28383,898,29281,382
2021-02-25,Modoc,49,8938,340,329,115,444,3
2021-02-25,Mono,51,14174,1171,1190,14,1204,3
2021-02-25,Monterey,53,433212,41799,41564,1753,43317,321
2021-02-25,Napa,55,140530,9043,8998,33,9031,70
2021-02-25,Nevada,57,99092,3996,3940,163,4103,66
2021-02-25,Orange,59,3164182,246264,245000,10557,255557,3882
2021-02-25,Placer,61,380077,20464,19661,1156,20817,239
2021-02-25,Plumas,63,18699,642,626,11,637,4
2021-02-25,Riverside,65,2383286,282742,278544,14160,292704,3646
2021-02-25,Sacramento,67,1510023,94300,92961,1290,94251,1386
2021-02-25,San Benito,69,59416,5740,5752,94,5846,58
2021-02-25,San Bernardino,71,2135413,285321,280946,8700,289646,3409
2021-02-25,San Diego,73,3302833,263571,258979,0,258979,3260
2021-02-25,San Francisco,75,870044,34134,34138,1156,35294,408
2021-02-25,San Joaquin,77,732212,66623,65389,2909,68298,1047
2021-02-25,San Luis Obispo,79,281455,19514,19335,578,19913,234
2021-02-25,San Mateo,81,765935,39475,38872,415,39287,300
2021-02-25,Santa Barbara,83,443738,32241,31631,1237,32868,408
2021-02-25,Santa Clara,85,1922200,109861,109923,606,110529,1677
2021-02-25,Santa Cruz,87,273765,15328,14492,839,15331,185
2021-02-25,Shasta,89,179085,10942,10947,1262,12209,148
2021-02-25,Sierra,91,2930,49,47,14,61,0
2021-02-25,Siskiyou,93,43540,1478,1390,254,1644,4
2021-02-25,Solano,95,438530,29807,29616,368,29984,161
2021-02-25,Sonoma,97,501317,28008,28004,212,28216,278
2021-02-25,Stanislaus,99,539301,50323,49964,5564,55528,738
2021-02-25,Sutter,101,95872,8821,8789,84,8873,99
2021-02-25,Tehama,103,63373,4574,4578,523,5101,32
2021-02-25,Trinity,105,12862,343,297,46,343,3
2021-02-25,Tulare,107,460477,47629,47052,8453,55505,765
2021-02-25,Tuolumne,109,53932,3892,3894,63,3957,53
2021-02-25,Ventura,111,848112,77453,77395,2890,80285,751
2021-02-25,Yolo,113,214977,12893,12787,234,13021,188
2021-02-25,Yuba,115,75493,5483,5429,93,5522,39
2021-02-24,Alameda,1,1643700,80640,80070,1814,81884,1082
2021-02-24,Alpine,3,1148,80,77,0,77,0
2021-02-24,Amador,5,37829,3468,3444,32,3476,41
2021-02-24,Butte,7,227075,11241,10915,1688,12603,178
2021-02-24,Calaveras,9,45235,1900,1864,13,1877,31
2021-02-24,Colusa,11,21464,1866,1863,270,2133,11
2021-02-24,Contra Costa,13,1133247,62954,61776,1119,62895,663
2021-02-24,Del Norte,15,27424,980,960,0,960,5
2021-02-24,El Dorado,17,186661,9075,8993,633,9626,98
2021-02-24,Fresno,19,978130,95452,94794,7990,102784,1369
2021-02-24,Glenn,21,27897,2235,2210,507,2717,14
2021-02-24,Humboldt,23,135768,3153,3123,21,3144,29
2021-02-24,Imperial,25,180216,27134,26843,2608,29451,596
2021-02-24,Inyo,27,18085,1295,1253,2,1255,32
2021-02-24,Kern,29,883053,92745,91525,10163,101688,992
2021-02-24,Kings,31,150075,22047,21871,1060,22931,216
2021-02-24,Lake,33,64148,3171,3134,6,3140,40
2021-02-24,Lassen,35,31185,5109,5095,98,5193,1
2021-02-24,Los Angeles,37,10098052,1167271,1150322,41170,1191492,20817
2021-02-24,Madera,39,155013,15505,15390,839,16229,194
2021-02-24,Marin,41,260295,13138,13044,168,13212,214
2021-02-24,Mariposa,43,17540,377,374,6,380,4
2021-02-24,Mendocino,45,87422,3613,3540,68,3608,41
2021-02-24,Merced,47,269075,28370,28295,895,29190,383
2021-02-24,Modoc,49,8938,339,329,115,444,3
2021-02-24,Mono,51,14174,1169,1189,14,1203,3
2021-02-24,Monterey,53,433212,41773,41495,1751,43246,320
2021-02-24,Napa,55,140530,9026,8976,32,9008,70
2021-02-24,Nevada,57,99092,3986,3927,163,4090,66
2021-02-24,Orange,59,3164182,246047,244743,10543,255286,3835
2021-02-24,Placer,61,380077,20426,19648,1150,20798,239
2021-02-24,Plumas,63,18699,640,626,11,637,4
2021-02-24,Riverside,65,2383286,282520,278293,14150,292443,3603
2021-02-24,Sacramento,67,1510023,94147,92742,1285,94027,1375
2021-02-24,San Benito,69,59416,5739,5743,94,5837,57
2021-02-24,San Bernardino,71,2135413,285177,280583,8696,289279,3360
2021-02-24,San Diego,73,3302833,263278,258460,0,258460,3230
2021-02-24,San Francisco,75,870044,34089,34061,1152,35213,406
2021-02-24,San Joaquin,77,732212,66513,65274,2905,68179,1019
2021-02-24,San Luis Obispo,79,281455,19491,19309,576,19885,233
2021-02-24,San Mateo,81,765935,39438,38763,414,39177,300
2021-02-24,Santa Barbara,83,443738,32190,31563,1231,32794,405
2021-02-24,Santa Clara,85,1922200,109707,109671,605,110276,1674
2021-02-24,Santa Cruz,87,273765,15307,14458,839,15297,185
2021-02-24,Shasta,89,179085,10927,10922,1259,12181,148
2021-02-24,Sierra,91,2930,49,47,14,61,0
2021-02-24,Siskiyou,93,43540,1471,1385,250,1635,4
2021-02-24,Solano,95,438530,29768,29577,365,29942,158
2021-02-24,Sonoma,97,501317,27943,27954,208,28162,278
2021-02-24,Stanislaus,99,539301,50255,49851,5555,55406,732
2021-02-24,Sutter,101,95872,8811,8778,84,8862,99
2021-02-24,Tehama,103,63373,4570,4566,523,5089,31
2021-02-24,Trinity,105,12862,343,294,45,339,3
2021-02-24,Tulare,107,460477,47575,46976,8423,55399,759
2021-02-24,Tuolumne,109,53932,3889,3887,63,3950,53
2021-02-24,Ventura,111,848112,77347,77238,2888,80126,718
2021-02-24,Yolo,113,214977,12881,12760,229,12989,188
2021-02-24,Yuba,115,75493,5472,5425,91,5516,39
2021-02-23,Alameda,1,1643700,80502,79948,1810,81758,1070
2021-02-23,Alpine,3,1148,79,77,0,77,0
2021-02-23,Amador,5,37829,3466,3440,32,3472,41
2021-02-23,Butte,7,227075,11226,10887,1684,12571,176
2021-02-23,Calaveras,9,45235,1899,1863,13,1876,21
2021-02-23,Colusa,11,21464,1863,1862,270,2132,11
2021-02-23,Contra Costa,13,1133247,62821,61613,1117,62730,661
2021-02-23,Del Norte,15,27424,978,953,0,953,3
2021-02-23,El Dorado,17,186661,9062,8969,633,9602,96
2021-02-23,Fresno,19,978130,95291,94741,7976,102717,1356
2021-02-23,Glenn,21,27897,2233,2209,507,2716,14
2021-02-23,Humboldt,23,135768,3135,3108,21,3129,29
2021-02-23,Imperial,25,180216,27114,26816,2603,29419,591
2021-02-23,Inyo,27,18085,1291,1250,2,1252,32
2021-02-23,Kern,29,883053,92609,91390,10134,101524,982
2021-02-23,Kings,31,150075,22032,21839,1056,22895,216
2021-02-23,Lake,33,64148,3163,3121,6,3127,40
2021-02-23,Lassen,35,31185,5106,5092,98,5190,1
2021-02-23,Los Angeles,37,10098052,1166410,1148965,41113,1190078,19887
2021-02-23,Madera,39,155013,15491,15352,833,16185,193
2021-02-23,Marin,41,260295,13118,13015,167,13182,214
2021-02-23,Mariposa,43,17540,377,374,6,380,4
2021-02-23,Mendocino,45,87422,3611,3540,67,3607,41
2021-02-23,Merced,47,269075,28282,28209,894,29103,381
2021-02-23,Modoc,49,8938,338,328,114,442,3
2021-02-23,Mono,51,14174,1169,1189,14,1203,3
2021-02-23,Monterey,53,433212,41732,41439,1745,43184,317
2021-02-23,Napa,55,140530,9015,8967,32,8999,70
2021-02-23,Nevada,57,99092,3978,3912,163,4075,66
2021-02-23,Orange,59,3164182,245851,244566,10526,255092,3843
2021-02-23,Placer,61,380077,20400,19608,1146,20754,238
2021-02-23,Plumas,63,18699,639,626,11,637,4
2021-02-23,Riverside,65,2383286,282288,278075,14137,292212,3599
2021-02-23,Sacramento,67,1510023,93990,92632,1279,93911,1370
2021-02-23,San Benito,69,59416,5733,5731,93,5824,57
2021-02-23,San Bernardino,71,2135413,284985,280279,8687,288966,3283
2021-02-23,San Diego,73,3302833,262903,257802,0,257802,3218
2021-02-23,San Francisco,75,870044,34040,33994,1151,35145,405
2021-02-23,San Joaquin,77,732212,66415,65141,2897,68038,1004
2021-02-23,San Luis Obispo,79,281455,19462,19233,575,19808,230
2021-02-23,San Mateo,81,765935,39377,38662,414,39076,299
2021-02-23,Santa Barbara,83,443738,32137,31483,1224,32707,402
2021-02-23,Santa Clara,85,1922200,109511,109449,602,110051,1661
2021-02-23,Santa Cruz,87,273765,15280,14435,835,15270,178
2021-02-23,Shasta,89,179085,10915,10903,1255,12158,146
2021-02-23,Sierra,91,2930,49,47,14,61,0
2021-02-23,Siskiyou,93,43540,1466,1380,248,1628,4
2021-02-23,Solano,95,438530,29728,29545,362,29907,154
2021-02-23,Sonoma,97,501317,27900,27882,205,28087,278
2021-02-23,Stanislaus,99,539301,50179,49749,5537,55286,722
2021-02-23,Sutter,101,95872,8798,8766,84,8850,98
2021-02-23,Tehama,103,63373,4566,4556,522,5078,30
2021-02-23,Trinity,105,12862,343,292,44,336,3
2021-02-23,Tulare,107,460477,47496,46937,8387,55324,757
2021-02-23,Tuolumne,109,53932,3885,3864,63,3927,53
2021-02-23,Ventura,111,848112,77232,77093,2879,79972,689
2021-02-23,Yolo,113,214977,12852,12729,229,12958,188
2021-02-23,Yuba,115,75493,5459,5417,90,5507,38
2021-02-22,Alameda,1,1643700,80350,79796,1807,81603,1062
2021-02-22,Alpine,3,1148,79,77,0,77,0
2021-02-22,Amador,5,37829,3461,3438,32,3470,39
2021-02-22,Butte,7,227075,11214,10855,1678,12533,176
2021-02-22,Calaveras,9,45235,1896,1862,13,1875,21
2021-02-22,Colusa,11,21464,1863,1860,270,2130,11
2021-02-22,Contra Costa,13,1133247,62686,61478,1115,62593,661
2021-02-22,Del Norte,15,27424,977,948,0,948,3
2021-02-22,El Dorado,17,186661,9045,8940,633,9573,96
2021-02-22,Fresno,19,978130,95127,94584,7957,102541,1351
2021-02-22,Glenn,21,27897,2227,2207,505,2712,14
2021-02-22,Humboldt,23,135768,3123,3095,21,3116,29
2021-02-22,Imperial,25,180216,27090,26778,2595,29373,590
2021-02-22,Inyo,27,18085,1286,1248,2,1250,32
2021-02-22,Kern,29,883053,92495,91201,10111,101312,982
2021-02-22,Kings,31,150075,22011,21801,1053,22854,214
2021-02-22,Lake,33,64148,3157,3107,6,3113,40
2021-02-22,Lassen,35,31185,5106,5088,97,5185,1
2021-02-22,Los Angeles,37,10098052,1165542,1147541,41051,1188592,19730
2021-02-22,Madera,39,155013,15466,15325,829,16154,193
2021-02-22,Marin,41,260295,13094,12991,164,13155,213
2021-02-22,Mariposa,43,17540,376,374,6,380,4
2021-02-22,Mendocino,45,87422,3605,3535,67,3602,41
2021-02-22,Merced,47,269075,28214,28166,892,29058,379
2021-02-22,Modoc,49,8938,338,329,114,443,3
2021-02-22,Mono,51,14174,1165,1189,14,1203,3
2021-02-22,Monterey,53,433212,41681,41397,1738,43135,311
2021-02-22,Napa,55,140530,8988,8950,32,8982,69
2021-02-22,Nevada,57,99092,3969,3900,161,4061,66
2021-02-22,Orange,59,3164182,245614,244118,10509,254627,3843
2021-02-22,Placer,61,380077,20363,19587,1138,20725,238
2021-02-22,Plumas,63,18699,639,625,11,636,4
2021-02-22,Riverside,65,2383286,282029,277730,14128,291858,3567
2021-02-22,Sacramento,67,1510023,93824,92476,1269,93745,1359
2021-02-22,San Benito,69,59416,5731,5723,93,5816,57
2021-02-22,San Bernardino,71,2135413,284802,279984,8674,288658,3259
2021-02-22,San Diego,73,3302833,262494,257348,0,257348,3189
2021-02-22,San Francisco,75,870044,33981,33947,1145,35092,405
2021-02-22,San Joaquin,77,732212,66314,65060,2884,67944,1001
2021-02-22,San Luis Obispo,79,281455,19425,19198,573,19771,229
2021-02-22,San Mateo,81,765935,39320,38542,411,38953,282
2021-02-22,Santa Barbara,83,443738,32072,31421,1221,32642,399
2021-02-22,Santa Clara,85,1922200,109300,109213,590,109803,1655
2021-02-22,Santa Cruz,87,273765,15255,14417,834,15251,176
2021-02-22,Shasta,89,179085,10900,10872,1250,12122,145
2021-02-22,Sierra,91,2930,49,47,14,61,0
2021-02-22,Siskiyou,93,43540,1460,1373,247,1620,4
2021-02-22,Solano,95,438530,29689,29508,361,29869,150
2021-02-22,Sonoma,97,501317,27855,27845,204,28049,278
2021-02-22,Stanislaus,99,539301,50075,49630,5516,55146,722
2021-02-22,Sutter,101,95872,8790,8698,84,8782,98
2021-02-22,Tehama,103,63373,4557,4550,522,5072,30
2021-02-22,Trinity,105,12862,343,287,43,330,3
2021-02-22,Tulare,107,460477,47435,46879,8354,55233,751
2021-02-22,Tuolumne,109,53932,3881,3856,63,3919,53
2021-02-22,Ventura,111,848112,77105,76947,2873,79820,677
2021-02-22,Yolo,113,214977,12826,12689,228,12917,183
2021-02-22,Yuba,115,75493,5456,5404,89,5493,38
2021-02-21,Alameda,1,1643700,80152,79649,1802,81451,1061
2021-02-21,Alpine,3,1148,79,77,0,77,0
2021-02-21,Amador,5,37829,3453,3435,32,3467,39
2021-02-21,Butte,7,227075,11191,10855,1676,12531,176
2021-02-21,Calaveras,9,45235,1895,1860,13,1873,21
2021-02-21,Colusa,11,21464,1862,1860,266,2126,11
2021-02-21,Contra Costa,13,1133247,62522,61364,1112,62476,661
2021-02-21,Del Norte,15,27424,971,942,0,942,3
2021-02-21,El Dorado,17,186661,9027,8927,632,9559,96
2021-02-21,Fresno,19,978130,94981,94374,7938,102312,1349
2021-02-21,Glenn,21,27897,2225,2201,503,2704,14
2021-02-21,Humboldt,23,135768,3111,3096,21,3117,29
2021-02-21,Imperial,25,180216,27071,26779,2591,29370,590
2021-02-21,Inyo,27,18085,1280,1232,2,1234,32
2021-02-21,Kern,29,883053,92370,91141,10072,101213,980
2021-02-21,Kings,31,150075,21977,21784,1050,22834,213
2021-02-21,Lake,33,64148,3149,3100,6,3106,40
2021-02-21,Lassen,35,31185,5098,5077,97,5174,1
2021-02-21,Los Angeles,37,10098052,1164511,1146756,40996,1187752,19711
2021-02-21,Madera,39,155013,15435,15298,826,16124,192
2021-02-21,Marin,41,260295,13064,12968,164,13132,212
2021-02-21,Mariposa,43,17540,376,373,6,379,4
2021-02-21,Mendocino,45,87422,3600,3535,67,3602,41
2021-02-21,Merced,47,269075,28125,28106,880,28986,379
2021-02-21,Modoc,49,8938,335,329,114,443,3
2021-02-21,Mono,51,14174,1165,1189,14,1203,3
2021-02-21,Monterey,53,433212,41626,41373,1727,43100,309
2021-02-21,Napa,55,140530,8973,8929,32,8961,69
2021-02-21,Nevada,57,99092,3956,3895,161,4056,66
2021-02-21,Orange,59,3164182,245311,243985,10489,254474,3801
2021-02-21,Placer,61,380077,20326,19553,1134,20687,238
2021-02-21,Plumas,63,18699,639,625,11,636,4
2021-02-21,Riverside,65,2383286,281798,277555,14114,291669,3564
2021-02-21,Sacramento,67,1510023,93612,92288,1256,93544,1354
2021-02-21,San Benito,69,59416,5721,5716,90,5806,57
2021-02-21,San Bernardino,71,2135413,284557,279870,8652,288522,3247
2021-02-21,San Diego,73,3302833,262060,257027,0,257027,3190
2021-02-21,San Francisco,75,870044,33916,33891,1141,35032,405
2021-02-21,San Joaquin,77,732212,66165,64997,2871,67868,1001
2021-02-21,San Luis Obispo,79,281455,19393,19178,571,19749,229
2021-02-21,San Mateo,81,765935,39259,38448,408,38856,282
2021-02-21,Santa Barbara,83,443738,32010,31374,1215,32589,399
2021-02-21,Santa Clara,85,1922200,109076,108992,580,109572,1654
2021-02-21,Santa Cruz,87,273765,15231,14401,833,15234,176
2021-02-21,Shasta,89,179085,10885,10867,1245,12112,145
2021-02-21,Sierra,91,2930,49,47,14,61,0
2021-02-21,Siskiyou,93,43540,1454,1371,247,1618,4
2021-02-21,Solano,95,438530,29632,29471,360,29831,150
2021-02-21,Sonoma,97,501317,27789,27793,196,27989,278
2021-02-21,Stanislaus,99,539301,49950,49527,5499,55026,726
2021-02-21,Sutter,101,95872,8772,8687,83,8770,97
2021-02-21,Tehama,103,63373,4545,4547,522,5069,30
2021-02-21,Trinity,105,12862,341,286,43,329,3
2021-02-21,Tulare,107,460477,47368,46830,8317,55147,749
2021-02-21,Tuolumne,109,53932,3867,3828,63,3891,53
2021-02-21,Ventura,111,848112,76959,76862,2859,79721,677
2021-02-21,Yolo,113,214977,12795,12670,227,12897,183
2021-02-21,Yuba,115,75493,5448,5396,87,5483,38
2021-02-20,Alameda,1,1643700,80058,79496,1798,81294,1055
2021-02-20,Alpine,3,1148,79,77,0,77,0
2021-02-20,Amador,5,37829,3451,3432,32,3464,39
2021-02-20,Butte,7,227075,11183,10838,1674,12512,176
2021-02-20,Calaveras,9,45235,1894,1858,13,1871,21
2021-02-20,Colusa,11,21464,1861,1858,266,2124,11
2021-02-20,Contra Costa,13,1133247,62433,61205,1110,62315,663
2021-02-20,Del Norte,15,27424,967,937,0,937,3
2021-02-20,El Dorado,17,186661,9016,8911,632,9543,96
2021-02-20,Fresno,19,978130,94894,94234,7919,102153,1341
2021-02-20,Glenn,21,27897,2222,2199,502,2701,14
2021-02-20,Humboldt,23,135768,3103,3073,21,3094,29
2021-02-20,Imperial,25,180216,27063,26771,2591,29362,590
2021-02-20,Inyo,27,18085,1276,1226,2,1228,32
2021-02-20,Kern,29,883053,92299,91025,10038,101063,968
2021-02-20,Kings,31,150075,21959,21773,1049,22822,212
2021-02-20,Lake,33,64148,3142,3089,6,3095,40
2021-02-20,Lassen,35,31185,5096,5067,97,5164,1
2021-02-20,Los Angeles,37,10098052,1163949,1145594,40952,1186546,19630
2021-02-20,Madera,39,155013,15415,15274,825,16099,191
2021-02-20,Marin,41,260295,13043,12945,162,13107,211
2021-02-20,Mariposa,43,17540,376,372,6,378,4
2021-02-20,Mendocino,45,87422,3598,3533,67,3600,40
2021-02-20,Merced,47,269075,28080,28066,878,28944,379
2021-02-20,Modoc,49,8938,335,328,114,442,3
2021-02-20,Mono,51,14174,1164,1187,14,1201,3
2021-02-20,Monterey,53,433212,41606,41313,1725,43038,309
2021-02-20,Napa,55,140530,8964,8910,32,8942,69
2021-02-20,Nevada,57,99092,3946,3887,160,4047,66
2021-02-20,Orange,59,3164182,245148,243761,10473,254234,3755
2021-02-20,Placer,61,380077,20285,19509,1130,20639,236
2021-02-20,Plumas,63,18699,639,626,11,637,4
2021-02-20,Riverside,65,2383286,281647,277267,14102,291369,3559
2021-02-20,Sacramento,67,1510023,93487,92057,1254,93311,1352
2021-02-20,San Benito,69,59416,5709,5709,90,5799,57
2021-02-20,San Bernardino,71,2135413,284462,279608,8646,288254,3203
2021-02-20,San Diego,73,3302833,261818,256510,0,256510,3188
2021-02-20,San Francisco,75,870044,33874,33820,1132,34952,399
2021-02-20,San Joaquin,77,732212,66093,64916,2866,67782,1001
2021-02-20,San Luis Obispo,79,281455,19370,19138,569,19707,229
2021-02-20,San Mateo,81,765935,39217,38371,407,38778,282
2021-02-20,Santa Barbara,83,443738,31976,31289,1213,32502,396
2021-02-20,Santa Clara,85,1922200,108900,108728,577,109305,1649
2021-02-20,Santa Cruz,87,273765,15220,14378,831,15209,176
2021-02-20,Shasta,89,179085,10871,10850,1240,12090,146
2021-02-20,Sierra,91,2930,49,47,14,61,0
2021-02-20,Siskiyou,93,43540,1451,1366,247,1613,4
2021-02-20,Solano,95,438530,29617,29440,358,29798,150
2021-02-20,Sonoma,97,501317,27760,27703,193,27896,278
2021-02-20,Stanislaus,99,539301,49895,49445,5486,54931,733
2021-02-20,Sutter,101,95872,8766,8681,83,8764,97
2021-02-20,Tehama,103,63373,4544,4545,522,5067,30
2021-02-20,Trinity,105,12862,340,285,42,327,3
2021-02-20,Tulare,107,460477,47335,46769,8292,55061,739
2021-02-20,Tuolumne,109,53932,3862,3823,63,3886,53
2021-02-20,Ventura,111,848112,76864,76757,2856,79613,671
2021-02-20,Yolo,113,214977,12781,12639,226,12865,183
2021-02-20,Yuba,115,75493,5445,5386,87,5473,38
2021-02-19,Alameda,1,1643700,79950,79318,1794,81112,1047
2021-02-19,Alpine,3,1148,79,77,0,77,0
2021-02-19,Amador,5,37829,3447,3427,32,3459,39
2021-02-19,Butte,7,227075,11173,10823,1669,12492,176
2021-02-19,Calaveras,9,45235,1893,1856,13,1869,21
2021-02-19,Colusa,11,21464,1861,1858,266,2124,11
2021-02-19,Contra Costa,13,1133247,62326,61017,1108,62125,651
2021-02-19,Del Norte,15,27424,962,932,0,932,2
2021-02-19,El Dorado,17,186661,9007,8882,631,9513,96
2021-02-19,Fresno,19,978130,94764,93973,7900,101873,1330
2021-02-19,Glenn,21,27897,2217,2199,501,2700,14
2021-02-19,Humboldt,23,135768,3090,3037,21,3058,29
2021-02-19,Imperial,25,180216,27058,26751,2588,29339,589
2021-02-19,Inyo,27,18085,1271,1212,2,1214,32
2021-02-19,Kern,29,883053,92230,90807,9996,100803,963
2021-02-19,Kings,31,150075,21945,21724,1046,22770,211
2021-02-19,Lake,33,64148,3136,3078,6,3084,40
2021-02-19,Lassen,35,31185,5095,5057,97,5154,1
2021-02-19,Los Angeles,37,10098052,1163198,1143828,40908,1184736,19498
2021-02-19,Madera,39,155013,15398,15222,823,16045,188
2021-02-19,Marin,41,260295,13019,12919,160,13079,210
2021-02-19,Mariposa,43,17540,376,371,6,377,4
2021-02-19,Mendocino,45,87422,3596,3526,67,3593,39
2021-02-19,Merced,47,269075,28049,27985,874,28859,376
2021-02-19,Modoc,49,8938,335,328,114,442,3
2021-02-19,Mono,51,14174,1164,1186,14,1200,3
2021-02-19,Monterey,53,433212,41577,41209,1721,42930,309
2021-02-19,Napa,55,140530,8953,8899,32,8931,69
2021-02-19,Nevada,57,99092,3940,3863,160,4023,66
2021-02-19,Orange,59,3164182,244969,243397,10458,253855,3715
2021-02-19,Placer,61,380077,20264,19457,1129,20586,236
2021-02-19,Plumas,63,18699,637,624,11,635,4
2021-02-19,Riverside,65,2383286,281476,276941,14085,291026,3541
2021-02-19,Sacramento,67,1510023,93366,91815,1248,93063,1351
2021-02-19,San Benito,69,59416,5704,5699,90,5789,57
2021-02-19,San Bernardino,71,2135413,284344,279209,8640,287849,3117
2021-02-19,San Diego,73,3302833,261528,255799,0,255799,3169
2021-02-19,San Francisco,75,870044,33826,33746,1126,34872,387
2021-02-19,San Joaquin,77,732212,66022,64774,2857,67631,988
2021-02-19,San Luis Obispo,79,281455,19340,19061,567,19628,230
2021-02-19,San Mateo,81,765935,39159,38256,405,38661,282
2021-02-19,Santa Barbara,83,443738,31912,31204,1212,32416,392
2021-02-19,Santa Clara,85,1922200,108687,108400,575,108975,1634
2021-02-19,Santa Cruz,87,273765,15205,14354,831,15185,176
2021-02-19,Shasta,89,179085,10859,10833,1237,12070,140
2021-02-19,Sierra,91,2930,49,47,14,61,0
2021-02-19,Siskiyou,93,43540,1447,1363,245,1608,4
2021-02-19,Solano,95,438530,29586,29383,357,29740,150
2021-02-19,Sonoma,97,501317,27713,27595,191,27786,280
2021-02-19,Stanislaus,99,539301,49834,49282,5470,54752,739
2021-02-19,Sutter,101,95872,8756,8665,83,8748,96
2021-02-19,Tehama,103,63373,4542,4535,522,5057,30
2021-02-19,Trinity,105,12862,339,282,39,321,3
2021-02-19,Tulare,107,460477,47291,46662,8264,54926,736
2021-02-19,Tuolumne,109,53932,3856,3817,62,3879,52
2021-02-19,Ventura,111,848112,76784,76582,2853,79435,667
2021-02-19,Yolo,113,214977,12765,12606,226,12832,183
2021-02-19,Yuba,115,75493,5435,5376,87,5463,38
2021-02-18,Alameda,1,1643700,79802,79111,1787,80898,1012
2021-02-18,Alpine,3,1148,79,77,0,77,0
2021-02-18,Amador,5,37829,3443,3417,31,3448,38
2021-02-18,Butte,7,227075,11154,10791,1666,12457,175
2021-02-18,Calaveras,9,45235,1888,1873,13,1886,21
2021-02-18,Colusa,11,21464,1859,1856,264,2120,11
2021-02-18,Contra Costa,13,1133247,62215,60868,1107,61975,640
2021-02-18,Del Norte,15,27424,957,929,0,929,2
2021-02-18,El Dorado,17,186661,8993,8850,630,9480,94
2021-02-18,Fresno,19,978130,94596,93734,7871,101605,1323
2021-02-18,Glenn,21,27897,2211,2195,501,2696,14
2021-02-18,Humboldt,23,135768,3078,3023,21,3044,29
2021-02-18,Imperial,25,180216,27032,26731,2583,29314,591
2021-02-18,Inyo,27,18085,1267,1213,1,1214,32
2021-02-18,Kern,29,883053,92074,90655,9966,100621,961
2021-02-18,Kings,31,150075,21924,21648,1044,22692,211
2021-02-18,Lake,33,64148,3128,3066,6,3072,40
2021-02-18,Lassen,35,31185,5086,5052,97,5149,1
2021-02-18,Los Angeles,37,10098052,1162245,1141930,40838,1182768,19358
2021-02-18,Madera,39,155013,15377,15175,818,15993,188
2021-02-18,Marin,41,260295,13005,12895,160,13055,209
2021-02-18,Mariposa,43,17540,375,369,6,375,4
2021-02-18,Mendocino,45,87422,3593,3519,66,3585,39
2021-02-18,Merced,47,269075,27999,27870,868,28738,372
2021-02-18,Modoc,49,8938,333,327,113,440,3
2021-02-18,Mono,51,14174,1164,1182,14,1196,3
2021-02-18,Monterey,53,433212,41514,41091,1712,42803,307
2021-02-18,Napa,55,140530,8936,8877,32,8909,68
2021-02-18,Nevada,57,99092,3931,3836,159,3995,66
2021-02-18,Orange,59,3164182,244749,243098,10439,253537,3673
2021-02-18,Placer,61,380077,20238,19429,1128,20557,232
2021-02-18,Plumas,63,18699,637,624,11,635,4
2021-02-18,Riverside,65,2383286,281196,276595,14064,290659,3510
2021-02-18,Sacramento,67,1510023,93203,91476,1242,92718,1334
2021-02-18,San Benito,69,59416,5701,5697,89,5786,58
2021-02-18,San Bernardino,71,2135413,284129,278887,8622,287509,3066
2021-02-18,San Diego,73,3302833,261175,254987,0,254987,3135
2021-02-18,San Francisco,75,870044,33768,33650,1123,34773,386
2021-02-18,San Joaquin,77,732212,65937,64634,2846,67480,982
2021-02-18,San Luis Obispo,79,281455,19298,18987,564,19551,230
2021-02-18,San Mateo,81,765935,39097,38185,401,38586,282
2021-02-18,Santa Barbara,83,443738,31833,31054,1203,32257,387
2021-02-18,Santa Clara,85,1922200,108462,108210,572,108782,1605
2021-02-18,Santa Cruz,87,273765,15179,14314,831,15145,176
2021-02-18,Shasta,89,179085,10839,10811,1234,12045,139
2021-02-18,Sierra,91,2930,48,47,14,61,0
2021-02-18,Siskiyou,93,43540,1442,1359,244,1603,4
2021-02-18,Solano,95,438530,29559,29349,356,29705,150
2021-02-18,Sonoma,97,501317,27645,27512,190,27702,281
2021-02-18,Stanislaus,99,539301,49737,49150,5455,54605,738
2021-02-18,Sutter,101,95872,8748,8654,83,8737,96
2021-02-18,Tehama,103,63373,4539,4528,521,5049,30
2021-02-18,Trinity,105,12862,338,282,39,321,3
2021-02-18,Tulare,107,460477,47232,46591,8222,54813,728
2021-02-18,Tuolumne,109,53932,3819,3811,62,3873,52
2021-02-18,Ventura,111,848112,76653,76442,2843,79285,659
2021-02-18,Yolo,113,214977,12738,12549,223,12772,183
2021-02-18,Yuba,115,75493,5418,5358,87,5445,38
2021-02-17,Alameda,1,1643700,79639,78895,1785,80680,1002
2021-02-17,Alpine,3,1148,79,77,0,77,0
2021-02-17,Amador,5,37829,3439,3415,31,3446,38
2021-02-17,Butte,7,227075,11136,10770,1663,12433,174
2021-02-17,Calaveras,9,45235,1888,1876,13,1889,21
2021-02-17,Colusa,11,21464,1856,1854,264,2118,10
2021-02-17,Contra Costa,13,1133247,62076,60723,1104,61827,635
2021-02-17,Del Norte,15,27424,951,920,0,920,2
2021-02-17,El Dorado,17,186661,8982,8847,630,9477,94
2021-02-17,Fresno,19,978130,94464,93555,7844,101399,1307
2021-02-17,Glenn,21,27897,2211,2189,500,2689,14
2021-02-17,Humboldt,23,135768,3063,3006,21,3027,29
2021-02-17,Imperial,25,180216,27017,26726,2581,29307,580
2021-02-17,Inyo,27,18085,1259,1197,1,1198,32
2021-02-17,Kern,29,883053,91955,90454,9919,100373,962
2021-02-17,Kings,31,150075,21887,21617,1040,22657,211
2021-02-17,Lake,33,64148,3117,3057,2,3059,38
2021-02-17,Lassen,35,31185,5081,5052,96,5148,1
2021-02-17,Los Angeles,37,10098052,1161184,1139786,40771,1180557,19213
2021-02-17,Madera,39,155013,15351,15135,809,15944,177
2021-02-17,Marin,41,260295,12978,12881,160,13041,207
2021-02-17,Mariposa,43,17540,375,368,5,373,4
2021-02-17,Mendocino,45,87422,3591,3494,65,3559,39
2021-02-17,Merced,47,269075,27945,27824,859,28683,372
2021-02-17,Modoc,49,8938,333,327,113,440,3
2021-02-17,Mono,51,14174,1164,1180,14,1194,3
2021-02-17,Monterey,53,433212,41460,41014,1700,42714,304
2021-02-17,Napa,55,140530,8922,8865,32,8897,68
2021-02-17,Nevada,57,99092,3912,3822,156,3978,52
2021-02-17,Orange,59,3164182,244481,242716,10406,253122,3626
2021-02-17,Placer,61,380077,20205,19405,1123,20528,230
2021-02-17,Plumas,63,18699,636,623,11,634,4
2021-02-17,Riverside,65,2383286,280921,276289,14041,290330,3491
2021-02-17,Sacramento,67,1510023,93048,91309,1234,92543,1326
2021-02-17,San Benito,69,59416,5695,5661,89,5750,57
2021-02-17,San Bernardino,71,2135413,283920,278461,8599,287060,3020
2021-02-17,San Diego,73,3302833,260799,254177,0,254177,3099
2021-02-17,San Francisco,75,870044,33691,33558,1118,34676,379
2021-02-17,San Joaquin,77,732212,65836,64556,2839,67395,979
2021-02-17,San Luis Obispo,79,281455,19253,18964,564,19528,230
2021-02-17,San Mateo,81,765935,39030,38124,399,38523,282
2021-02-17,Santa Barbara,83,443738,31766,30927,1202,32129,384
2021-02-17,Santa Clara,85,1922200,108230,107949,570,108519,1592
2021-02-17,Santa Cruz,87,273765,15146,14268,828,15096,174
2021-02-17,Shasta,89,179085,10819,10770,1233,12003,139
2021-02-17,Sierra,91,2930,48,47,14,61,0
2021-02-17,Siskiyou,93,43540,1436,1352,241,1593,4
2021-02-17,Solano,95,438530,29504,29288,356,29644,149
2021-02-17,Sonoma,97,501317,27572,27408,185,27593,281
2021-02-17,Stanislaus,99,539301,49628,49050,5438,54488,730
2021-02-17,Sutter,101,95872,8738,8681,83,8764,95
2021-02-17,Tehama,103,63373,4535,4511,520,5031,30
2021-02-17,Trinity,105,12862,338,277,37,314,3
2021-02-17,Tulare,107,460477,47171,46495,8191,54686,726
2021-02-17,Tuolumne,109,53932,3810,3806,62,3868,49
2021-02-17,Ventura,111,848112,76528,76234,2836,79070,646
2021-02-17,Yolo,113,214977,12721,12506,221,12727,182
2021-02-17,Yuba,115,75493,5409,5345,87,5432,38
2021-02-16,Alameda,1,1643700,79464,78756,1781,80537,997
2021-02-16,Alpine,3,1148,79,76,0,76,0
2021-02-16,Amador,5,37829,3432,3413,31,3444,39
2021-02-16,Butte,7,227075,11110,10748,1660,12408,164
2021-02-16,Calaveras,9,45235,1886,1872,13,1885,21
2021-02-16,Colusa,11,21464,1853,1852,262,2114,10
2021-02-16,Contra Costa,13,1133247,61929,60564,1099,61663,631
2021-02-16,Del Norte,15,27424,943,913,0,913,2
2021-02-16,El Dorado,17,186661,8973,8836,628,9464,94
2021-02-16,Fresno,19,978130,94292,93363,7812,101175,1293
2021-02-16,Glenn,21,27897,2202,2189,495,2684,14
2021-02-16,Humboldt,23,135768,3040,2994,21,3015,29
2021-02-16,Imperial,25,180216,27004,26711,2577,29288,580
2021-02-16,Inyo,27,18085,1251,1191,1,1192,32
2021-02-16,Kern,29,883053,91824,90267,9886,100153,959
2021-02-16,Kings,31,150075,21841,21583,1036,22619,206
2021-02-16,Lake,33,64148,3108,3041,2,3043,38
2021-02-16,Lassen,35,31185,5069,5047,96,5143,1
2021-02-16,Los Angeles,37,10098052,1159931,1138262,40707,1178969,19044
2021-02-16,Madera,39,155013,15312,15120,805,15925,172
2021-02-16,Marin,41,260295,12954,12832,160,12992,205
2021-02-16,Mariposa,43,17540,375,367,5,372,4
2021-02-16,Mendocino,45,87422,3587,3489,65,3554,39
2021-02-16,Merced,47,269075,27873,27724,852,28576,368
2021-02-16,Modoc,49,8938,333,326,113,439,3
2021-02-16,Mono,51,14174,1164,1180,14,1194,3
2021-02-16,Monterey,53,433212,41386,40962,1691,42653,303
2021-02-16,Napa,55,140530,8909,8854,32,8886,66
2021-02-16,Nevada,57,99092,3899,3774,155,3929,47
2021-02-16,Orange,59,3164182,244158,242382,10391,252773,3612
2021-02-16,Placer,61,380077,20173,19367,1120,20487,230
2021-02-16,Plumas,63,18699,636,619,11,630,4
2021-02-16,Riverside,65,2383286,280620,275954,14011,289965,3471
2021-02-16,Sacramento,67,1510023,92793,91246,1227,92473,1305
2021-02-16,San Benito,69,59416,5687,5659,88,5747,56
2021-02-16,San Bernardino,71,2135413,283702,277947,8584,286531,2978
2021-02-16,San Diego,73,3302833,260337,253638,0,253638,3042
2021-02-16,San Francisco,75,870044,33621,33491,1113,34604,373
2021-02-16,San Joaquin,77,732212,65716,64448,2835,67283,979
2021-02-16,San Luis Obispo,79,281455,19208,18925,561,19486,229
2021-02-16,San Mateo,81,765935,38971,38041,397,38438,277
2021-02-16,Santa Barbara,83,443738,31693,30865,1195,32060,378
2021-02-16,Santa Clara,85,1922200,107977,107754,567,108321,1591
2021-02-16,Santa Cruz,87,273765,15127,14256,826,15082,174
2021-02-16,Shasta,89,179085,10803,10736,1231,11967,139
2021-02-16,Sierra,91,2930,48,47,14,61,0
2021-02-16,Siskiyou,93,43540,1432,1351,241,1592,4
2021-02-16,Solano,95,438530,29464,29246,355,29601,148
2021-02-16,Sonoma,97,501317,27509,27380,179,27559,279
2021-02-16,Stanislaus,99,539301,49512,48927,5421,54348,716
2021-02-16,Sutter,101,95872,8715,8671,83,8754,95
2021-02-16,Tehama,103,63373,4526,4501,519,5020,30
2021-02-16,Trinity,105,12862,334,275,37,312,3
2021-02-16,Tulare,107,460477,47107,46444,8145,54589,716
2021-02-16,Tuolumne,109,53932,3808,3796,62,3858,49
2021-02-16,Ventura,111,848112,76384,76043,2832,78875,631
2021-02-16,Yolo,113,214977,12690,12457,221,12678,175
2021-02-16,Yuba,115,75493,5402,5332,86,5418,38
2021-02-15,Alameda,1,1643700,79263,78647,1770,80417,996
2021-02-15,Alpine,3,1148,79,76,0,76,0
2021-02-15,Amador,5,37829,3428,3409,31,3440,39
2021-02-15,Butte,7,227075,11092,10723,1656,12379,155
2021-02-15,Calaveras,9,45235,1883,1871,13,1884,21
2021-02-15,Colusa,11,21464,1853,1849,258,2107,10
2021-02-15,Contra Costa,13,1133247,61754,60444,1092,61536,631
2021-02-15,Del Norte,15,27424,939,913,0,913,2
2021-02-15,El Dorado,17,186661,8957,8816,628,9444,94
2021-02-15,Fresno,19,978130,94093,93231,7774,101005,1288
2021-02-15,Glenn,21,27897,2199,2185,492,2677,14
2021-02-15,Humboldt,23,135768,3032,2997,21,3018,29
2021-02-15,Imperial,25,180216,26985,26700,2573,29273,580
2021-02-15,Inyo,27,18085,1232,1184,1,1185,32
2021-02-15,Kern,29,883053,91681,90181,9853,100034,959
2021-02-15,Kings,31,150075,21796,21574,1032,22606,205
2021-02-15,Lake,33,64148,3094,3030,1,3031,38
2021-02-15,Lassen,35,31185,5067,5047,95,5142,1
2021-02-15,Los Angeles,37,10098052,1158541,1137164,40644,1177808,18925
2021-02-15,Madera,39,155013,15281,15108,804,15912,106
2021-02-15,Marin,41,260295,12934,12810,157,12967,203
2021-02-15,Mariposa,43,17540,373,367,5,372,4
2021-02-15,Mendocino,45,87422,3575,3481,65,3546,39
2021-02-15,Merced,47,269075,27798,27656,846,28502,368
2021-02-15,Modoc,49,8938,333,326,113,439,3
2021-02-15,Mono,51,14174,1161,1178,14,1192,3
2021-02-15,Monterey,53,433212,41324,40911,1677,42588,302
2021-02-15,Napa,55,140530,8895,8837,32,8869,57
2021-02-15,Nevada,57,99092,3882,3767,154,3921,47
2021-02-15,Orange,59,3164182,243839,242176,10364,252540,3586
2021-02-15,Placer,61,380077,20146,19361,1119,20480,230
2021-02-15,Plumas,63,18699,636,620,11,631,4
2021-02-15,Riverside,65,2383286,280274,275771,13996,289767,3468
2021-02-15,Sacramento,67,1510023,92466,91091,1222,92313,1304
2021-02-15,San Benito,69,59416,5678,5649,88,5737,56
2021-02-15,San Bernardino,71,2135413,283440,277869,8574,286443,2945
2021-02-15,San Diego,73,3302833,259825,252940,0,252940,3037
2021-02-15,San Francisco,75,870044,33549,33454,1105,34559,373
2021-02-15,San Joaquin,77,732212,65551,64382,2828,67210,979
2021-02-15,San Luis Obispo,79,281455,19155,18891,559,19450,227
2021-02-15,San Mateo,81,765935,38891,37969,394,38363,277
2021-02-15,Santa Barbara,83,443738,31593,30810,1192,32002,378
2021-02-15,Santa Clara,85,1922200,107743,107630,565,108195,1588
2021-02-15,Santa Cruz,87,273765,15095,14239,823,15062,175
2021-02-15,Shasta,89,179085,10783,10730,1226,11956,139
2021-02-15,Sierra,91,2930,48,47,14,61,0
2021-02-15,Siskiyou,93,43540,1424,1345,240,1585,4
2021-02-15,Solano,95,438530,29409,29225,355,29580,148
2021-02-15,Sonoma,97,501317,27422,27359,175,27534,276
2021-02-15,Stanislaus,99,539301,49388,48808,5407,54215,716
2021-02-15,Sutter,101,95872,8700,8652,83,8735,95
2021-02-15,Tehama,103,63373,4515,4492,517,5009,30
2021-02-15,Trinity,105,12862,333,274,37,311,3
2021-02-15,Tulare,107,460477,47035,46344,8104,54448,715
2021-02-15,Tuolumne,109,53932,3798,3794,61,3855,49
2021-02-15,Ventura,111,848112,76228,75889,2829,78718,629
2021-02-15,Yolo,113,214977,12655,12412,214,12626,175
2021-02-15,Yuba,115,75493,5385,5320,85,5405,38
2021-02-14,Alameda,1,1643700,79106,78442,1769,80211,995
2021-02-14,Alpine,3,1148,79,76,0,76,0
2021-02-14,Amador,5,37829,3423,3398,31,3429,39
2021-02-14,Butte,7,227075,11068,10717,1651,12368,155
2021-02-14,Calaveras,9,45235,1880,1866,13,1879,21
2021-02-14,Colusa,11,21464,1849,1845,255,2100,10
2021-02-14,Contra Costa,13,1133247,61606,60272,1089,61361,631
2021-02-14,Del Norte,15,27424,935,911,0,911,2
2021-02-14,El Dorado,17,186661,8929,8790,626,9416,94
2021-02-14,Fresno,19,978130,93929,93065,7749,100814,1287
2021-02-14,Glenn,21,27897,2197,2184,492,2676,14
2021-02-14,Humboldt,23,135768,3019,2992,21,3013,29
2021-02-14,Imperial,25,180216,26977,26696,2572,29268,580
2021-02-14,Inyo,27,18085,1226,1177,1,1178,32
2021-02-14,Kern,29,883053,91524,90038,9798,99836,959
2021-02-14,Kings,31,150075,21771,21538,1029,22567,205
2021-02-14,Lake,33,64148,3085,3030,1,3031,38
2021-02-14,Lassen,35,31185,5063,5037,95,5132,1
2021-02-14,Los Angeles,37,10098052,1157204,1135450,40556,1176006,18898
2021-02-14,Madera,39,155013,15250,15089,800,15889,106
2021-02-14,Marin,41,260295,12910,12784,157,12941,201
2021-02-14,Mariposa,43,17540,373,365,5,370,4
2021-02-14,Mendocino,45,87422,3570,3475,65,3540,39
2021-02-14,Merced,47,269075,27721,27601,840,28441,368
2021-02-14,Modoc,49,8938,333,326,113,439,3
2021-02-14,Mono,51,14174,1160,1180,14,1194,3
2021-02-14,Monterey,53,433212,41275,40842,1673,42515,302
2021-02-14,Napa,55,140530,8875,8826,32,8858,57
2021-02-14,Nevada,57,99092,3866,3761,154,3915,47
2021-02-14,Orange,59,3164182,243530,241859,10343,252202,3564
2021-02-14,Placer,61,380077,20108,19313,1114,20427,230
2021-02-14,Plumas,63,18699,635,620,11,631,4
2021-02-14,Riverside,65,2383286,279960,275518,13972,289490,3471
2021-02-14,Sacramento,67,1510023,92259,90856,1218,92074,1304
2021-02-14,San Benito,69,59416,5670,5641,87,5728,56
2021-02-14,San Bernardino,71,2135413,283123,277664,8548,286212,2929
2021-02-14,San Diego,73,3302833,259333,252247,0,252247,3037
2021-02-14,San Francisco,75,870044,33477,33374,1095,34469,372
2021-02-14,San Joaquin,77,732212,65452,64243,2814,67057,979
2021-02-14,San Luis Obispo,79,281455,19117,18868,556,19424,225
2021-02-14,San Mateo,81,765935,38809,37859,394,38253,277
2021-02-14,Santa Barbara,83,443738,31501,30744,1184,31928,377
2021-02-14,Santa Clara,85,1922200,107543,107412,561,107973,1582
2021-02-14,Santa Cruz,87,273765,15067,14225,818,15043,175
2021-02-14,Shasta,89,179085,10753,10720,1220,11940,139
2021-02-14,Sierra,91,2930,48,47,14,61,0
2021-02-14,Siskiyou,93,43540,1420,1340,240,1580,4
2021-02-14,Solano,95,438530,29371,29150,351,29501,148
2021-02-14,Sonoma,97,501317,27345,27266,173,27439,276
2021-02-14,Stanislaus,99,539301,49283,48672,5390,54062,716
2021-02-14,Sutter,101,95872,8677,8642,83,8725,95
2021-02-14,Tehama,103,63373,4507,4490,515,5005,30
2021-02-14,Trinity,105,12862,333,272,37,309,3
2021-02-14,Tulare,107,460477,46960,46263,8048,54311,715
2021-02-14,Tuolumne,109,53932,3797,3764,61,3825,49
2021-02-14,Ventura,111,848112,76054,75742,2818,78560,629
2021-02-14,Yolo,113,214977,12625,12399,213,12612,175
2021-02-14,Yuba,115,75493,5375,5314,85,5399,38
2021-02-13,Alameda,1,1643700,78987,78246,1766,80012,995
2021-02-13,Alpine,3,1148,79,76,0,76,0
2021-02-13,Amador,5,37829,3420,3387,31,3418,38
2021-02-13,Butte,7,227075,11052,10699,1650,12349,155
2021-02-13,Calaveras,9,45235,1876,1863,13,1876,21
2021-02-13,Colusa,11,21464,1849,1837,255,2092,10
2021-02-13,Contra Costa,13,1133247,61486,60100,1089,61189,629
2021-02-13,Del Norte,15,27424,933,908,0,908,2
2021-02-13,El Dorado,17,186661,8918,8758,625,9383,93
2021-02-13,Fresno,19,978130,93822,92807,7725,100532,1287
2021-02-13,Glenn,21,27897,2196,2182,492,2674,14
2021-02-13,Humboldt,23,135768,3006,2974,20,2994,29
2021-02-13,Imperial,25,180216,26970,26680,2570,29250,580
2021-02-13,Inyo,27,18085,1222,1168,1,1169,32
2021-02-13,Kern,29,883053,91436,89915,9772,99687,957
2021-02-13,Kings,31,150075,21756,21513,1027,22540,205
2021-02-13,Lake,33,64148,3079,3025,1,3026,37
2021-02-13,Lassen,35,31185,5060,5028,95,5123,1
2021-02-13,Los Angeles,37,10098052,1156346,1133752,40506,1174258,18822
2021-02-13,Madera,39,155013,15241,15053,795,15848,106
2021-02-13,Marin,41,260295,12889,12757,157,12914,201
2021-02-13,Mariposa,43,17540,373,365,5,370,4
2021-02-13,Mendocino,45,87422,3560,3466,65,3531,38
2021-02-13,Merced,47,269075,27677,27541,837,28378,368
2021-02-13,Modoc,49,8938,333,325,113,438,3
2021-02-13,Mono,51,14174,1160,1176,14,1190,3
2021-02-13,Monterey,53,433212,41244,40731,1671,42402,301
2021-02-13,Napa,55,140530,8866,8809,32,8841,57
2021-02-13,Nevada,57,99092,3857,3742,153,3895,47
2021-02-13,Orange,59,3164182,243329,241545,10322,251867,3520
2021-02-13,Placer,61,380077,20087,19214,1114,20328,230
2021-02-13,Plumas,63,18699,635,616,11,627,4
2021-02-13,Riverside,65,2383286,279732,275276,13962,289238,3462
2021-02-13,Sacramento,67,1510023,92090,90401,1215,91616,1302
2021-02-13,San Benito,69,59416,5656,5633,87,5720,56
2021-02-13,San Bernardino,71,2135413,282980,277405,8536,285941,2899
2021-02-13,San Diego,73,3302833,259003,251679,0,251679,3009
2021-02-13,San Francisco,75,870044,33428,33291,1084,34375,364
2021-02-13,San Joaquin,77,732212,65384,64105,2804,66909,977
2021-02-13,San Luis Obispo,79,281455,19089,18803,550,19353,225
2021-02-13,San Mateo,81,765935,38756,37745,394,38139,277
2021-02-13,Santa Barbara,83,443738,31450,30594,1181,31775,374
2021-02-13,Santa Clara,85,1922200,107359,107125,557,107682,1570
2021-02-13,Santa Cruz,87,273765,15040,14198,817,15015,173
2021-02-13,Shasta,89,179085,10741,10713,1215,11928,139
2021-02-13,Sierra,91,2930,48,47,14,61,0
2021-02-13,Siskiyou,93,43540,1417,1336,240,1576,4
2021-02-13,Solano,95,438530,29335,29084,351,29435,148
2021-02-13,Sonoma,97,501317,27299,27157,171,27328,276
2021-02-13,Stanislaus,99,539301,49214,48568,5384,53952,697
2021-02-13,Sutter,101,95872,8665,8626,83,8709,94
2021-02-13,Tehama,103,63373,4498,4484,514,4998,30
2021-02-13,Trinity,105,12862,332,272,36,308,3
2021-02-13,Tulare,107,460477,46916,46162,8011,54173,709
2021-02-13,Tuolumne,109,53932,3796,3752,61,3813,49
2021-02-13,Ventura,111,848112,75917,75481,2812,78293,618
2021-02-13,Yolo,113,214977,12613,12374,212,12586,175
2021-02-13,Yuba,115,75493,5367,5289,85,5374,38
2021-02-12,Alameda,1,1643700,78853,77958,1760,79718,974
2021-02-12,Alpine,3,1148,79,76,0,76,0
2021-02-12,Amador,5,37829,3416,3381,31,3412,38
2021-02-12,Butte,7,227075,11037,10655,1643,12298,155
2021-02-12,Calaveras,9,45235,1873,1860,13,1873,21
2021-02-12,Colusa,11,21464,1849,1836,255,2091,10
2021-02-12,Contra Costa,13,1133247,61336,59878,1085,60963,620
2021-02-12,Del Norte,15,27424,923,901,0,901,2
2021-02-12,El Dorado,17,186661,8902,8725,622,9347,92
2021-02-12,Fresno,19,978130,93675,92520,7704,100224,1273
2021-02-12,Glenn,21,27897,2193,2175,492,2667,14
2021-02-12,Humboldt,23,135768,2997,2961,20,2981,29
2021-02-12,Imperial,25,180216,26962,26646,2568,29214,585
2021-02-12,Inyo,27,18085,1216,1156,1,1157,32
2021-02-12,Kern,29,883053,91327,89532,9735,99267,949
2021-02-12,Kings,31,150075,21725,21462,1021,22483,202
2021-02-12,Lake,33,64148,3074,3012,1,3013,36
2021-02-12,Lassen,35,31185,5058,5015,95,5110,1
2021-02-12,Los Angeles,37,10098052,1155143,1131185,40435,1171620,18637
2021-02-12,Madera,39,155013,15214,15022,792,15814,106
2021-02-12,Marin,41,260295,12863,12720,157,12877,200
2021-02-12,Mariposa,43,17540,372,365,5,370,4
2021-02-12,Mendocino,45,87422,3558,3447,65,3512,38
2021-02-12,Merced,47,269075,27626,27453,834,28287,367
2021-02-12,Modoc,49,8938,333,324,113,437,3
2021-02-12,Mono,51,14174,1159,1172,14,1186,3
2021-02-12,Monterey,53,433212,41197,40633,1662,42295,297
2021-02-12,Napa,55,140530,8854,8785,32,8817,55
2021-02-12,Nevada,57,99092,3852,3728,153,3881,47
2021-02-12,Orange,59,3164182,243092,241075,10306,251381,3505
2021-02-12,Placer,61,380077,20047,19174,1109,20283,230
2021-02-12,Plumas,63,18699,634,614,11,625,4
2021-02-12,Riverside,65,2383286,279458,274792,13943,288735,3438
2021-02-12,Sacramento,67,1510023,91885,90252,1214,91466,1295
2021-02-12,San Benito,69,59416,5640,5622,86,5708,56
2021-02-12,San Bernardino,71,2135413,282792,276890,8524,285414,2827
2021-02-12,San Diego,73,3302833,258621,250788,0,250788,2979
2021-02-12,San Francisco,75,870044,33368,33179,1080,34259,359
2021-02-12,San Joaquin,77,732212,65290,63966,2796,66762,975
2021-02-12,San Luis Obispo,79,281455,19048,18687,549,19236,224
2021-02-12,San Mateo,81,765935,38684,37560,394,37954,254
2021-02-12,Santa Barbara,83,443738,31379,30454,1176,31630,372
2021-02-12,Santa Clara,85,1922200,107190,106759,553,107312,1543
2021-02-12,Santa Cruz,87,273765,15020,14147,817,14964,170
2021-02-12,Shasta,89,179085,10723,10693,1205,11898,142
2021-02-12,Sierra,91,2930,47,45,14,59,0
2021-02-12,Siskiyou,93,43540,1413,1324,237,1561,4
2021-02-12,Solano,95,438530,29303,28996,348,29344,147
2021-02-12,Sonoma,97,501317,27243,27064,167,27231,275
2021-02-12,Stanislaus,99,539301,49131,48418,5359,53777,697
2021-02-12,Sutter,101,95872,8651,8609,83,8692,93
2021-02-12,Tehama,103,63373,4490,4470,513,4983,27
2021-02-12,Trinity,105,12862,332,269,36,305,3
2021-02-12,Tulare,107,460477,46838,46016,7984,54000,710
2021-02-12,Tuolumne,109,53932,3794,3736,60,3796,49
2021-02-12,Ventura,111,848112,75750,75210,2804,78014,605
2021-02-12,Yolo,113,214977,12593,12340,212,12552,175
2021-02-12,Yuba,115,75493,5359,5274,85,5359,38
2021-02-11,Alameda,1,1643700,78625,77564,1755,79319,960
2021-02-11,Alpine,3,1148,78,76,0,76,0
2021-02-11,Amador,5,37829,3412,3368,31,3399,35
2021-02-11,Butte,7,227075,11013,10624,1641,12265,155
2021-02-11,Calaveras,9,45235,1871,1856,13,1869,21
2021-02-11,Colusa,11,21464,1844,1823,253,2076,10
2021-02-11,Contra Costa,13,1133247,61169,59633,1082,60715,605
2021-02-11,Del Norte,15,27424,918,894,0,894,2
2021-02-11,El Dorado,17,186661,8881,8698,622,9320,92
2021-02-11,Fresno,19,978130,93523,92168,7677,99845,1255
2021-02-11,Glenn,21,27897,2191,2166,490,2656,14
2021-02-11,Humboldt,23,135768,2985,2954,19,2973,29
2021-02-11,Imperial,25,180216,26939,26545,2566,29111,578
2021-02-11,Inyo,27,18085,1207,1144,1,1145,32
2021-02-11,Kern,29,883053,91140,89224,9688,98912,941
2021-02-11,Kings,31,150075,21695,21373,1018,22391,202
2021-02-11,Lake,33,64148,3064,3002,1,3003,36
2021-02-11,Lassen,35,31185,5047,5004,92,5096,1
2021-02-11,Los Angeles,37,10098052,1153515,1128437,40363,1168800,18500
2021-02-11,Madera,39,155013,15193,14984,790,15774,106
2021-02-11,Marin,41,260295,12826,12682,157,12839,200
2021-02-11,Mariposa,43,17540,372,361,5,366,4
2021-02-11,Mendocino,45,87422,3551,3420,65,3485,38
2021-02-11,Merced,47,269075,27561,27325,830,28155,363
2021-02-11,Modoc,49,8938,332,317,113,430,3
2021-02-11,Mono,51,14174,1155,1173,14,1187,3
2021-02-11,Monterey,53,433212,41089,40469,1655,42124,295
2021-02-11,Napa,55,140530,8833,8777,32,8809,55
2021-02-11,Nevada,57,99092,3836,3720,153,3873,47
2021-02-11,Orange,59,3164182,242725,240590,10282,250872,3476
2021-02-11,Placer,61,380077,20007,19118,1108,20226,224
2021-02-11,Plumas,63,18699,633,592,11,603,4
2021-02-11,Riverside,65,2383286,279093,274313,13928,288241,3394
2021-02-11,Sacramento,67,1510023,91639,89988,1208,91196,1286
2021-02-11,San Benito,69,59416,5631,5609,86,5695,56
2021-02-11,San Bernardino,71,2135413,282475,276349,8508,284857,2774
2021-02-11,San Diego,73,3302833,258070,249971,0,249971,2955
2021-02-11,San Francisco,75,870044,33285,33076,1068,34144,356
2021-02-11,San Joaquin,77,732212,65120,63719,2785,66504,971
2021-02-11,San Luis Obispo,79,281455,18983,18615,545,19160,219
2021-02-11,San Mateo,81,765935,38591,37439,391,37830,253
2021-02-11,Santa Barbara,83,443738,31286,30375,1171,31546,370
2021-02-11,Santa Clara,85,1922200,106934,106392,548,106940,1507
2021-02-11,Santa Cruz,87,273765,14998,14088,811,14899,165
2021-02-11,Shasta,89,179085,10699,10672,1201,11873,140
2021-02-11,Sierra,91,2930,47,45,14,59,0
2021-02-11,Siskiyou,93,43540,1398,1320,237,1557,4
2021-02-11,Solano,95,438530,29251,28885,348,29233,138
2021-02-11,Sonoma,97,501317,27160,26971,164,27135,272
2021-02-11,Stanislaus,99,539301,48989,48205,5348,53553,697
2021-02-11,Sutter,101,95872,8637,8590,82,8672,93
2021-02-11,Tehama,103,63373,4484,4463,513,4976,26
2021-02-11,Trinity,105,12862,332,269,36,305,3
2021-02-11,Tulare,107,460477,46746,45897,7939,53836,706
2021-02-11,Tuolumne,109,53932,3757,3716,60,3776,48
2021-02-11,Ventura,111,848112,75549,74959,2795,77754,590
2021-02-11,Yolo,113,214977,12570,12303,210,12513,173
2021-02-11,Yuba,115,75493,5345,5261,83,5344,38
2021-02-10,Alameda,1,1643700,78421,77344,1753,79097,944
2021-02-10,Alpine,3,1148,78,76,0,76,0
2021-02-10,Amador,5,37829,3400,3348,31,3379,35
2021-02-10,Butte,7,227075,10987,10594,1640,12234,155
2021-02-10,Calaveras,9,45235,1869,1850,13,1863,21
2021-02-10,Colusa,11,21464,1837,1815,251,2066,10
2021-02-10,Contra Costa,13,1133247,60997,59488,1080,60568,590
2021-02-10,Del Norte,15,27424,912,888,0,888,2
2021-02-10,El Dorado,17,186661,8851,8682,618,9300,87
2021-02-10,Fresno,19,978130,93351,91876,7650,99526,1247
2021-02-10,Glenn,21,27897,2189,2160,488,2648,14
2021-02-10,Humboldt,23,135768,2977,2924,19,2943,29
2021-02-10,Imperial,25,180216,26899,26522,2564,29086,578
2021-02-10,Inyo,27,18085,1195,1138,1,1139,30
2021-02-10,Kern,29,883053,90937,88933,9631,98564,926
2021-02-10,Kings,31,150075,21653,21294,1014,22308,197
2021-02-10,Lake,33,64148,3051,2975,1,2976,36
2021-02-10,Lassen,35,31185,5043,4993,92,5085,1
2021-02-10,Los Angeles,37,10098052,1151778,1125437,40229,1165666,18338
2021-02-10,Madera,39,155013,15155,14925,788,15713,105
2021-02-10,Marin,41,260295,12789,12651,157,12808,199
2021-02-10,Mariposa,43,17540,370,360,5,365,4
2021-02-10,Mendocino,45,87422,3536,3395,65,3460,38
2021-02-10,Merced,47,269075,27478,27246,819,28065,359
2021-02-10,Modoc,49,8938,331,315,111,426,3
2021-02-10,Mono,51,14174,1151,1170,14,1184,3
2021-02-10,Monterey,53,433212,41010,40366,1641,42007,288
2021-02-10,Napa,55,140530,8814,8769,32,8801,55
2021-02-10,Nevada,57,99092,3821,3693,151,3844,47
2021-02-10,Orange,59,3164182,242307,239974,10249,250223,3439
2021-02-10,Placer,61,380077,19967,19062,1103,20165,220
2021-02-10,Plumas,63,18699,630,589,11,600,2
2021-02-10,Riverside,65,2383286,278682,273721,13916,287637,3374
2021-02-10,Sacramento,67,1510023,91392,89653,1203,90856,1275
2021-02-10,San Benito,69,59416,5617,5591,86,5677,55
2021-02-10,San Bernardino,71,2135413,282116,275616,8489,284105,2696
2021-02-10,San Diego,73,3302833,257489,248858,0,248858,2904
2021-02-10,San Francisco,75,870044,33203,32955,1065,34020,351
2021-02-10,San Joaquin,77,732212,64979,63484,2771,66255,954
2021-02-10,San Luis Obispo,79,281455,18904,18549,543,19092,216
2021-02-10,San Mateo,81,765935,38500,37323,391,37714,245
2021-02-10,Santa Barbara,83,443738,31197,30216,1166,31382,359
2021-02-10,Santa Clara,85,1922200,106696,106048,545,106593,1489
2021-02-10,Santa Cruz,87,273765,14963,14007,808,14815,165
2021-02-10,Shasta,89,179085,10675,10645,1198,11843,142
2021-02-10,Sierra,91,2930,47,45,14,59,0
2021-02-10,Siskiyou,93,43540,1393,1314,236,1550,4
2021-02-10,Solano,95,438530,29176,28835,346,29181,137
2021-02-10,Sonoma,97,501317,27069,26881,162,27043,271
2021-02-10,Stanislaus,99,539301,48875,48016,5330,53346,696
2021-02-10,Sutter,101,95872,8620,8571,82,8653,93
2021-02-10,Tehama,103,63373,4476,4445,513,4958,23
2021-02-10,Trinity,105,12862,330,268,36,304,3
2021-02-10,Tulare,107,460477,46631,45782,7899,53681,696
2021-02-10,Tuolumne,109,53932,3749,3691,60,3751,48
2021-02-10,Ventura,111,848112,75323,74651,2777,77428,580
2021-02-10,Yolo,113,214977,12544,12276,209,12485,174
2021-02-10,Yuba,115,75493,5327,5241,83,5324,38
2021-02-09,Alameda,1,1643700,78155,77018,1750,78768,936
2021-02-09,Alpine,3,1148,78,76,0,76,0
2021-02-09,Amador,5,37829,3392,3347,31,3378,35
2021-02-09,Butte,7,227075,10960,10563,1638,12201,153
2021-02-09,Calaveras,9,45235,1862,1847,13,1860,21
2021-02-09,Colusa,11,21464,1828,1812,246,2058,10
2021-02-09,Contra Costa,13,1133247,60809,59307,1074,60381,583
2021-02-09,Del Norte,15,27424,906,886,0,886,2
2021-02-09,El Dorado,17,186661,8826,8663,617,9280,87
2021-02-09,Fresno,19,978130,93116,91730,7616,99346,1211
2021-02-09,Glenn,21,27897,2185,2156,487,2643,14
2021-02-09,Humboldt,23,135768,2969,2904,19,2923,29
2021-02-09,Imperial,25,180216,26871,26509,2561,29070,568
2021-02-09,Inyo,27,18085,1187,1137,1,1138,30
2021-02-09,Kern,29,883053,90690,88684,9583,98267,920
2021-02-09,Kings,31,150075,21612,21275,1012,22287,196
2021-02-09,Lake,33,64148,3039,2955,1,2956,36
2021-02-09,Lassen,35,31185,5036,4983,92,5075,1
2021-02-09,Los Angeles,37,10098052,1149818,1122745,40138,1162883,18198
2021-02-09,Madera,39,155013,15135,14912,785,15697,105
2021-02-09,Marin,41,260295,12757,12623,156,12779,197
2021-02-09,Mariposa,43,17540,368,355,5,360,4
2021-02-09,Mendocino,45,87422,3518,3369,65,3434,38
2021-02-09,Merced,47,269075,27380,27166,814,27980,354
2021-02-09,Modoc,49,8938,330,316,111,427,3
2021-02-09,Mono,51,14174,1150,1167,14,1181,3
2021-02-09,Monterey,53,433212,40901,40279,1630,41909,285
2021-02-09,Napa,55,140530,8801,8749,32,8781,55
2021-02-09,Nevada,57,99092,3805,3687,151,3838,44
2021-02-09,Orange,59,3164182,241890,239169,10216,249385,3406
2021-02-09,Placer,61,380077,19904,19008,1095,20103,220
2021-02-09,Plumas,63,18699,630,584,11,595,2
2021-02-09,Riverside,65,2383286,278196,273465,13901,287366,3334
2021-02-09,Sacramento,67,1510023,91082,89378,1200,90578,1265
2021-02-09,San Benito,69,59416,5605,5566,85,5651,54
2021-02-09,San Bernardino,71,2135413,281746,274998,8473,283471,2613
2021-02-09,San Diego,73,3302833,256833,248048,0,248048,2853
2021-02-09,San Francisco,75,870044,33124,32782,1055,33837,349
2021-02-09,San Joaquin,77,732212,64805,63341,2766,66107,937
2021-02-09,San Luis Obispo,79,281455,18845,18489,542,19031,216
2021-02-09,San Mateo,81,765935,38370,37227,390,37617,235
2021-02-09,Santa Barbara,83,443738,31087,30118,1159,31277,351
2021-02-09,Santa Clara,85,1922200,106389,105762,542,106304,1463
2021-02-09,Santa Cruz,87,273765,14913,13958,803,14761,162
2021-02-09,Shasta,89,179085,10649,10595,1196,11791,139
2021-02-09,Sierra,91,2930,47,44,14,58,0
2021-02-09,Siskiyou,93,43540,1386,1306,233,1539,4
2021-02-09,Solano,95,438530,29100,28769,342,29111,131
2021-02-09,Sonoma,97,501317,26977,26826,160,26986,267
2021-02-09,Stanislaus,99,539301,48714,47906,5313,53219,679
2021-02-09,Sutter,101,95872,8603,8541,82,8623,92
2021-02-09,Tehama,103,63373,4469,4416,511,4927,22
2021-02-09,Trinity,105,12862,330,266,36,302,3
2021-02-09,Tulare,107,460477,46501,45704,7840,53544,686
2021-02-09,Tuolumne,109,53932,3729,3673,59,3732,48
2021-02-09,Ventura,111,848112,75074,74333,2769,77102,567
2021-02-09,Yolo,113,214977,12501,12220,208,12428,174
2021-02-09,Yuba,115,75493,5318,5235,83,5318,35
2021-02-08,Alameda,1,1643700,77888,76735,1745,78480,924
2021-02-08,Alpine,3,1148,78,73,0,73,0
2021-02-08,Amador,5,37829,3385,3344,30,3374,33
2021-02-08,Butte,7,227075,10937,10524,1635,12159,152
2021-02-08,Calaveras,9,45235,1857,1840,13,1853,21
2021-02-08,Colusa,11,21464,1820,1802,242,2044,10
2021-02-08,Contra Costa,13,1133247,60601,59039,1072,60111,567
2021-02-08,Del Norte,15,27424,903,885,0,885,2
2021-02-08,El Dorado,17,186661,8795,8627,615,9242,86
2021-02-08,Fresno,19,978130,92904,91430,7589,99019,1207
2021-02-08,Glenn,21,27897,2178,2148,485,2633,14
2021-02-08,Humboldt,23,135768,2961,2902,19,2921,29
2021-02-08,Imperial,25,180216,26852,26526,2559,29085,567
2021-02-08,Inyo,27,18085,1174,1126,1,1127,30
2021-02-08,Kern,29,883053,90475,88380,9524,97904,920
2021-02-08,Kings,31,150075,21550,21232,1009,22241,195
2021-02-08,Lake,33,64148,3020,2949,1,2950,36
2021-02-08,Lassen,35,31185,5023,4976,92,5068,1
2021-02-08,Los Angeles,37,10098052,1147731,1120179,40015,1160194,17977
2021-02-08,Madera,39,155013,15099,14887,778,15665,93
2021-02-08,Marin,41,260295,12728,12591,156,12747,194
2021-02-08,Mariposa,43,17540,368,355,5,360,4
2021-02-08,Mendocino,45,87422,3504,3355,65,3420,38
2021-02-08,Merced,47,269075,27294,27082,809,27891,346
2021-02-08,Modoc,49,8938,328,318,111,429,3
2021-02-08,Mono,51,14174,1150,1165,14,1179,3
2021-02-08,Monterey,53,433212,40778,40186,1611,41797,283
2021-02-08,Napa,55,140530,8786,8719,32,8751,55
2021-02-08,Nevada,57,99092,3793,3671,151,3822,44
2021-02-08,Orange,59,3164182,241423,238715,10191,248906,3361
2021-02-08,Placer,61,380077,19861,18944,1088,20032,211
2021-02-08,Plumas,63,18699,629,584,11,595,2
2021-02-08,Riverside,65,2383286,277637,272904,13876,286780,3301
2021-02-08,Sacramento,67,1510023,90793,89267,1197,90464,1247
2021-02-08,San Benito,69,59416,5600,5553,84,5637,52
2021-02-08,San Bernardino,71,2135413,281346,274661,8466,283127,2587
2021-02-08,San Diego,73,3302833,256091,247259,0,247259,2821
2021-02-08,San Francisco,75,870044,33029,32679,1047,33726,348
2021-02-08,San Joaquin,77,732212,64644,63148,2756,65904,929
2021-02-08,San Luis Obispo,79,281455,18788,18421,537,18958,214
2021-02-08,San Mateo,81,765935,38265,37084,390,37474,232
2021-02-08,Santa Barbara,83,443738,30974,29978,1152,31130,340
2021-02-08,Santa Clara,85,1922200,106064,105413,535,105948,1456
2021-02-08,Santa Cruz,87,273765,14874,13921,796,14717,161
2021-02-08,Shasta,89,179085,10623,10574,1190,11764,137
2021-02-08,Sierra,91,2930,47,44,14,58,0
2021-02-08,Siskiyou,93,43540,1383,1303,233,1536,4
2021-02-08,Solano,95,438530,29037,28644,340,28984,130
2021-02-08,Sonoma,97,501317,26889,26760,159,26919,259
2021-02-08,Stanislaus,99,539301,48563,47704,5284,52988,679
2021-02-08,Sutter,101,95872,8584,8526,82,8608,92
2021-02-08,Tehama,103,63373,4454,4403,509,4912,22
2021-02-08,Trinity,105,12862,328,266,36,302,3
2021-02-08,Tulare,107,460477,46395,45617,7799,53416,673
2021-02-08,Tuolumne,109,53932,3721,3647,58,3705,48
2021-02-08,Ventura,111,848112,74817,74068,2763,76831,565
2021-02-08,Yolo,113,214977,12469,12169,208,12377,162
2021-02-08,Yuba,115,75493,5302,5215,83,5298,35
2021-02-07,Alameda,1,1643700,77586,76500,1736,78236,924
2021-02-07,Alpine,3,1148,75,72,0,72,0
2021-02-07,Amador,5,37829,3364,3343,30,3373,33
2021-02-07,Butte,7,227075,10904,10513,1625,12138,152
2021-02-07,Calaveras,9,45235,1849,1837,13,1850,21
2021-02-07,Colusa,11,21464,1809,1795,240,2035,10
2021-02-07,Contra Costa,13,1133247,60365,58836,1066,59902,566
2021-02-07,Del Norte,15,27424,899,881,0,881,2
2021-02-07,El Dorado,17,186661,8766,8596,613,9209,86
2021-02-07,Fresno,19,978130,92680,91184,7548,98732,1207
2021-02-07,Glenn,21,27897,2174,2141,481,2622,14
2021-02-07,Humboldt,23,135768,2941,2895,19,2914,28
2021-02-07,Imperial,25,180216,26826,26518,2552,29070,567
2021-02-07,Inyo,27,18085,1163,1124,1,1125,27
2021-02-07,Kern,29,883053,90232,88146,9467,97613,920
2021-02-07,Kings,31,150075,21490,21180,1006,22186,192
2021-02-07,Lake,33,64148,3004,2940,1,2941,36
2021-02-07,Lassen,35,31185,5012,4973,92,5065,1
2021-02-07,Los Angeles,37,10098052,1144987,1117551,39882,1157433,17889
2021-02-07,Madera,39,155013,15065,14850,774,15624,93
2021-02-07,Marin,41,260295,12694,12571,154,12725,194
2021-02-07,Mariposa,43,17540,367,355,5,360,4
2021-02-07,Mendocino,45,87422,3487,3348,65,3413,38
2021-02-07,Merced,47,269075,27183,26977,797,27774,346
2021-02-07,Modoc,49,8938,328,317,107,424,3
2021-02-07,Mono,51,14174,1147,1165,14,1179,3
2021-02-07,Monterey,53,433212,40642,40113,1590,41703,283
2021-02-07,Napa,55,140530,8763,8701,32,8733,55
2021-02-07,Nevada,57,99092,3782,3643,151,3794,44
2021-02-07,Orange,59,3164182,240827,238155,10159,248314,3336
2021-02-07,Placer,61,380077,19814,18903,1075,19978,211
2021-02-07,Plumas,63,18699,629,584,11,595,2
2021-02-07,Riverside,65,2383286,277125,272301,13853,286154,3267
2021-02-07,Sacramento,67,1510023,90459,88919,1188,90107,1246
2021-02-07,San Benito,69,59416,5581,5548,83,5631,52
2021-02-07,San Bernardino,71,2135413,280765,274316,8435,282751,2587
2021-02-07,San Diego,73,3302833,255305,246561,0,246561,2821
2021-02-07,San Francisco,75,870044,32909,32609,1035,33644,348
2021-02-07,San Joaquin,77,732212,64373,63051,2740,65791,929
2021-02-07,San Luis Obispo,79,281455,18716,18349,530,18879,214
2021-02-07,San Mateo,81,765935,38131,36984,388,37372,232
2021-02-07,Santa Barbara,83,443738,30838,29815,1141,30956,340
2021-02-07,Santa Clara,85,1922200,105724,105118,525,105643,1450
2021-02-07,Santa Cruz,87,273765,14821,13887,792,14679,161
2021-02-07,Shasta,89,179085,10603,10570,1182,11752,137
2021-02-07,Sierra,91,2930,47,43,14,57,0
2021-02-07,Siskiyou,93,43540,1376,1295,231,1526,4
2021-02-07,Solano,95,438530,28927,28567,339,28906,130
2021-02-07,Sonoma,97,501317,26784,26684,155,26839,257
2021-02-07,Stanislaus,99,539301,48373,47551,5252,52803,679
2021-02-07,Sutter,101,95872,8557,8515,82,8597,92
2021-02-07,Tehama,103,63373,4440,4396,507,4903,22
2021-02-07,Trinity,105,12862,325,264,34,298,3
2021-02-07,Tulare,107,460477,46274,45520,7719,53239,671
2021-02-07,Tuolumne,109,53932,3697,3619,57,3676,48
2021-02-07,Ventura,111,848112,74510,73759,2750,76509,561
2021-02-07,Yolo,113,214977,12424,12135,208,12343,162
2021-02-07,Yuba,115,75493,5287,5198,81,5279,35
2021-02-06,Alameda,1,1643700,77427,76170,1722,77892,922
2021-02-06,Alpine,3,1148,75,72,0,72,0
2021-02-06,Amador,5,37829,3358,3306,30,3336,33
2021-02-06,Butte,7,227075,10887,10480,1621,12101,150
2021-02-06,Calaveras,9,45235,1847,1832,13,1845,21
2021-02-06,Colusa,11,21464,1807,1791,239,2030,10
2021-02-06,Contra Costa,13,1133247,60219,58567,1060,59627,566
2021-02-06,Del Norte,15,27424,895,879,0,879,2
2021-02-06,El Dorado,17,186661,8759,8575,609,9184,86
2021-02-06,Fresno,19,978130,92570,90944,7526,98470,1207
2021-02-06,Glenn,21,27897,2173,2136,479,2615,14
2021-02-06,Humboldt,23,135768,2930,2880,19,2899,28
2021-02-06,Imperial,25,180216,26816,26514,2551,29065,567
2021-02-06,Inyo,27,18085,1160,1113,1,1114,27
2021-02-06,Kern,29,883053,90082,87919,9420,97339,912
2021-02-06,Kings,31,150075,21460,21156,1006,22162,190
2021-02-06,Lake,33,64148,2999,2920,1,2921,34
2021-02-06,Lassen,35,31185,5008,4964,91,5055,1
2021-02-06,Los Angeles,37,10098052,1143636,1114718,39781,1154499,17793
2021-02-06,Madera,39,155013,15044,14807,772,15579,93
2021-02-06,Marin,41,260295,12675,12531,153,12684,194
2021-02-06,Mariposa,43,17540,366,355,4,359,4
2021-02-06,Mendocino,45,87422,3469,3316,64,3380,38
2021-02-06,Merced,47,269075,27099,26881,789,27670,346
2021-02-06,Modoc,49,8938,328,313,107,420,3
2021-02-06,Mono,51,14174,1146,1159,14,1173,3
2021-02-06,Monterey,53,433212,40586,39995,1582,41577,282
2021-02-06,Napa,55,140530,8750,8639,32,8671,55
2021-02-06,Nevada,57,99092,3770,3624,151,3775,43
2021-02-06,Orange,59,3164182,240469,237391,10123,247514,3293
2021-02-06,Placer,61,380077,19777,18836,1071,19907,211
2021-02-06,Plumas,63,18699,629,584,11,595,2
2021-02-06,Riverside,65,2383286,276766,271741,13834,285575,3243
2021-02-06,Sacramento,67,1510023,90240,88532,1179,89711,1237
2021-02-06,San Benito,69,59416,5563,5516,83,5599,52
2021-02-06,San Bernardino,71,2135413,280462,273718,8412,282130,2564
2021-02-06,San Diego,73,3302833,254809,245331,0,245331,2812
2021-02-06,San Francisco,75,870044,32838,32437,1024,33461,346
2021-02-06,San Joaquin,77,732212,64296,62840,2727,65567,906
2021-02-06,San Luis Obispo,79,281455,18674,18284,526,18810,214
2021-02-06,San Mateo,81,765935,38063,36824,385,37209,232
2021-02-06,Santa Barbara,83,443738,30764,29645,1139,30784,337
2021-02-06,Santa Clara,85,1922200,105504,104639,520,105159,1439
2021-02-06,Santa Cruz,87,273765,14790,13845,788,14633,161
2021-02-06,Shasta,89,179085,10592,10561,1180,11741,137
2021-02-06,Sierra,91,2930,47,43,14,57,0
2021-02-06,Siskiyou,93,43540,1373,1289,230,1519,4
2021-02-06,Solano,95,438530,28891,28446,338,28784,129
2021-02-06,Sonoma,97,501317,26748,26564,153,26717,257
2021-02-06,Stanislaus,99,539301,48275,47325,5236,52561,679
2021-02-06,Sutter,101,95872,8549,8485,82,8567,92
2021-02-06,Tehama,103,63373,4433,4380,505,4885,22
2021-02-06,Trinity,105,12862,325,263,34,297,3
2021-02-06,Tulare,107,460477,46209,45349,7669,53018,664
2021-02-06,Tuolumne,109,53932,3690,3612,57,3669,48
2021-02-06,Ventura,111,848112,74330,73431,2744,76175,552
2021-02-06,Yolo,113,214977,12402,12061,208,12269,161
2021-02-06,Yuba,115,75493,5279,5177,80,5257,35
2021-02-05,Alameda,1,1643700,77200,75716,1719,77435,916
2021-02-05,Alpine,3,1148,75,72,0,72,0
2021-02-05,Amador,5,37829,3353,3299,29,3328,33
2021-02-05,Butte,7,227075,10869,10421,1615,12036,150
2021-02-05,Calaveras,9,45235,1842,1818,13,1831,21
2021-02-05,Colusa,11,21464,1803,1785,239,2024,10
2021-02-05,Contra Costa,13,1133247,60058,58195,1058,59253,560
2021-02-05,Del Norte,15,27424,894,874,0,874,2
2021-02-05,El Dorado,17,186661,8739,8527,607,9134,86
2021-02-05,Fresno,19,978130,92366,90513,7505,98018,1194
2021-02-05,Glenn,21,27897,2167,2122,474,2596,14
2021-02-05,Humboldt,23,135768,2920,2857,19,2876,28
2021-02-05,Imperial,25,180216,26797,26474,2551,29025,557
2021-02-05,Inyo,27,18085,1156,1104,1,1105,27
2021-02-05,Kern,29,883053,89915,87470,9352,96822,906
2021-02-05,Kings,31,150075,21423,21021,1002,22023,190
2021-02-05,Lake,33,64148,2987,2906,1,2907,33
2021-02-05,Lassen,35,31185,5004,4936,91,5027,1
2021-02-05,Los Angeles,37,10098052,1141546,1110384,39639,1150023,17608
2021-02-05,Madera,39,155013,15010,14752,767,15519,95
2021-02-05,Marin,41,260295,12640,12479,153,12632,193
2021-02-05,Mariposa,43,17540,366,352,4,356,4
2021-02-05,Mendocino,45,87422,3455,3272,64,3336,38
2021-02-05,Merced,47,269075,27040,26760,788,27548,345
2021-02-05,Modoc,49,8938,328,312,107,419,3
2021-02-05,Mono,51,14174,1145,1157,14,1171,3
2021-02-05,Monterey,53,433212,40522,39840,1571,41411,281
2021-02-05,Napa,55,140530,8736,8598,32,8630,55
2021-02-05,Nevada,57,99092,3767,3607,151,3758,43
2021-02-05,Orange,59,3164182,240049,236335,10094,246429,3260
2021-02-05,Placer,61,380077,19742,18756,1069,19825,211
2021-02-05,Plumas,63,18699,627,578,11,589,2
2021-02-05,Riverside,65,2383286,276360,270666,13815,284481,3235
2021-02-05,Sacramento,67,1510023,90061,87992,1172,89164,1231
2021-02-05,San Benito,69,59416,5552,5502,83,5585,51
2021-02-05,San Bernardino,71,2135413,280123,272938,8394,281332,2495
2021-02-05,San Diego,73,3302833,254233,244066,0,244066,2777
2021-02-05,San Francisco,75,870044,32749,32229,1012,33241,337
2021-02-05,San Joaquin,77,732212,64148,62565,2719,65284,902
2021-02-05,San Luis Obispo,79,281455,18613,18152,522,18674,213
2021-02-05,San Mateo,81,765935,37979,36582,384,36966,227
2021-02-05,Santa Barbara,83,443738,30671,29455,1124,30579,334
2021-02-05,Santa Clara,85,1922200,105254,104112,518,104630,1421
2021-02-05,Santa Cruz,87,273765,14769,13776,786,14562,161
2021-02-05,Shasta,89,179085,10576,10507,1173,11680,136
2021-02-05,Sierra,91,2930,47,42,14,56,0
2021-02-05,Siskiyou,93,43540,1366,1276,228,1504,4
2021-02-05,Solano,95,438530,28841,28283,338,28621,127
2021-02-05,Sonoma,97,501317,26680,26423,150,26573,252
2021-02-05,Stanislaus,99,539301,48133,47024,5218,52242,678
2021-02-05,Sutter,101,95872,8529,8443,82,8525,92
2021-02-05,Tehama,103,63373,4425,4355,505,4860,22
2021-02-05,Trinity,105,12862,324,260,34,294,3
2021-02-05,Tulare,107,460477,46133,45138,7618,52756,663
2021-02-05,Tuolumne,109,53932,3664,3595,57,3652,45
2021-02-05,Ventura,111,848112,74086,72953,2733,75686,546
2021-02-05,Yolo,113,214977,12383,12025,203,12228,162
2021-02-05,Yuba,115,75493,5262,5145,80,5225,35
2021-02-04,Alameda,1,1643700,76915,75422,1713,77135,899
2021-02-04,Alpine,3,1148,74,72,0,72,0
2021-02-04,Amador,5,37829,3350,3288,29,3317,33
2021-02-04,Butte,7,227075,10837,10386,1605,11991,147
2021-02-04,Calaveras,9,45235,1842,1808,13,1821,21
2021-02-04,Colusa,11,21464,1799,1777,237,2014,10
2021-02-04,Contra Costa,13,1133247,59868,57991,1054,59045,550
2021-02-04,Del Norte,15,27424,888,870,0,870,2
2021-02-04,El Dorado,17,186661,8713,8490,604,9094,86
2021-02-04,Fresno,19,978130,92154,90126,7477,97603,1114
2021-02-04,Glenn,21,27897,2163,2102,474,2576,14
2021-02-04,Humboldt,23,135768,2910,2827,19,2846,28
2021-02-04,Imperial,25,180216,26751,26411,2548,28959,556
2021-02-04,Inyo,27,18085,1144,1084,1,1085,27
2021-02-04,Kern,29,883053,89644,87156,9273,96429,898
2021-02-04,Kings,31,150075,21373,20918,994,21912,187
2021-02-04,Lake,33,64148,2975,2882,1,2883,34
2021-02-04,Lassen,35,31185,5001,4927,91,5018,1
2021-02-04,Los Angeles,37,10098052,1138760,1106323,39507,1145830,17396
2021-02-04,Madera,39,155013,14981,14706,763,15469,95
2021-02-04,Marin,41,260295,12605,12431,153,12584,192
2021-02-04,Mariposa,43,17540,366,348,4,352,4
2021-02-04,Mendocino,45,87422,3437,3240,62,3302,38
2021-02-04,Merced,47,269075,26947,26629,785,27414,345
2021-02-04,Modoc,49,8938,328,309,107,416,3
2021-02-04,Mono,51,14174,1143,1153,14,1167,3
2021-02-04,Monterey,53,433212,40414,39619,1553,41172,279
2021-02-04,Napa,55,140530,8707,8573,32,8605,55
2021-02-04,Nevada,57,99092,3747,3590,150,3740,37
2021-02-04,Orange,59,3164182,239407,235677,10053,245730,3238
2021-02-04,Placer,61,380077,19682,18711,1060,19771,210
2021-02-04,Plumas,63,18699,624,562,11,573,2
2021-02-04,Riverside,65,2383286,275621,269851,13775,283626,3230
2021-02-04,Sacramento,67,1510023,89758,87658,1160,88818,1222
2021-02-04,San Benito,69,59416,5538,5488,82,5570,51
2021-02-04,San Bernardino,71,2135413,279578,272223,8373,280596,2409
2021-02-04,San Diego,73,3302833,253445,242613,0,242613,2738
2021-02-04,San Francisco,75,870044,32636,32116,1002,33118,326
2021-02-04,San Joaquin,77,732212,63922,62374,2711,65085,883
2021-02-04,San Luis Obispo,79,281455,18547,18058,519,18577,211
2021-02-04,San Mateo,81,765935,37857,36437,381,36818,226
2021-02-04,Santa Barbara,83,443738,30539,29344,1105,30449,322
2021-02-04,Santa Clara,85,1922200,104906,103781,515,104296,1404
2021-02-04,Santa Cruz,87,273765,14736,13713,778,14491,156
2021-02-04,Shasta,89,179085,10549,10466,1168,11634,131
2021-02-04,Sierra,91,2930,47,42,14,56,0
2021-02-04,Siskiyou,93,43540,1357,1273,228,1501,4
2021-02-04,Solano,95,438530,28738,28192,337,28529,120
2021-02-04,Sonoma,97,501317,26598,26276,146,26422,249
2021-02-04,Stanislaus,99,539301,47973,46822,5196,52018,678
2021-02-04,Sutter,101,95872,8509,8401,82,8483,92
2021-02-04,Tehama,103,63373,4409,4327,505,4832,21
2021-02-04,Trinity,105,12862,323,260,33,293,3
2021-02-04,Tulare,107,460477,46009,44983,7551,52534,656
2021-02-04,Tuolumne,109,53932,3624,3585,57,3642,45
2021-02-04,Ventura,111,848112,73754,72595,2720,75315,537
2021-02-04,Yolo,113,214977,12349,11982,202,12184,161
2021-02-04,Yuba,115,75493,5236,5135,80,5215,34
2021-02-03,Alameda,1,1643700,76578,74968,1709,76677,880
2021-02-03,Alpine,3,1148,74,72,0,72,0
2021-02-03,Amador,5,37829,3346,3281,29,3310,33
2021-02-03,Butte,7,227075,10801,10355,1598,11953,144
2021-02-03,Calaveras,9,45235,1832,1799,12,1811,21
2021-02-03,Colusa,11,21464,1794,1773,236,2009,10
2021-02-03,Contra Costa,13,1133247,59629,57762,1042,58804,537
2021-02-03,Del Norte,15,27424,883,869,0,869,2
2021-02-03,El Dorado,17,186661,8693,8428,603,9031,86
2021-02-03,Fresno,19,978130,91937,89748,7437,97185,1015
2021-02-03,Glenn,21,27897,2154,2098,472,2570,14
2021-02-03,Humboldt,23,135768,2900,2800,19,2819,27
2021-02-03,Imperial,25,180216,26717,26363,2542,28905,547
2021-02-03,Inyo,27,18085,1134,1071,1,1072,27
2021-02-03,Kern,29,883053,89403,86771,9232,96003,877
2021-02-03,Kings,31,150075,21314,20831,990,21821,172
2021-02-03,Lake,33,64148,2959,2869,1,2870,33
2021-02-03,Lassen,35,31185,4990,4910,91,5001,1
2021-02-03,Los Angeles,37,10098052,1135697,1101890,39374,1141264,17163
2021-02-03,Madera,39,155013,14943,14605,761,15366,94
2021-02-03,Marin,41,260295,12571,12406,153,12559,190
2021-02-03,Mariposa,43,17540,365,347,4,351,4
2021-02-03,Mendocino,45,87422,3411,3236,61,3297,38
2021-02-03,Merced,47,269075,26832,26520,780,27300,343
2021-02-03,Modoc,49,8938,327,308,107,415,3
2021-02-03,Mono,51,14174,1136,1146,14,1160,3
2021-02-03,Monterey,53,433212,40287,39500,1535,41035,279
2021-02-03,Napa,55,140530,8672,8534,32,8566,54
2021-02-03,Nevada,57,99092,3733,3572,150,3722,35
2021-02-03,Orange,59,3164182,238661,234738,10021,244759,3189
2021-02-03,Placer,61,380077,19626,18646,1058,19704,210
2021-02-03,Plumas,63,18699,624,559,11,570,2
2021-02-03,Riverside,65,2383286,274896,269019,13743,282762,3195
2021-02-03,Sacramento,67,1510023,89435,87415,1155,88570,1212
2021-02-03,San Benito,69,59416,5520,5463,79,5542,51
2021-02-03,San Bernardino,71,2135413,279097,271477,8348,279825,2308
2021-02-03,San Diego,73,3302833,252544,241015,0,241015,2683
2021-02-03,San Francisco,75,870044,32507,31983,997,32980,325
2021-02-03,San Joaquin,77,732212,63697,61976,2700,64676,880
2021-02-03,San Luis Obispo,79,281455,18470,17922,516,18438,206
2021-02-03,San Mateo,81,765935,37718,36227,377,36604,225
2021-02-03,Santa Barbara,83,443738,30393,29121,1095,30216,315
2021-02-03,Santa Clara,85,1922200,104591,103278,511,103789,1364
2021-02-03,Santa Cruz,87,273765,14682,13611,770,14381,154
2021-02-03,Shasta,89,179085,10506,10422,1163,11585,130
2021-02-03,Sierra,91,2930,47,42,14,56,0
2021-02-03,Siskiyou,93,43540,1346,1268,227,1495,4
2021-02-03,Solano,95,438530,28616,28057,337,28394,119
2021-02-03,Sonoma,97,501317,26515,26155,145,26300,248
2021-02-03,Stanislaus,99,539301,47799,46598,5176,51774,662
2021-02-03,Sutter,101,95872,8484,8379,82,8461,90
2021-02-03,Tehama,103,63373,4387,4309,502,4811,21
2021-02-03,Trinity,105,12862,323,260,32,292,3
2021-02-03,Tulare,107,460477,45842,44838,7490,52328,640
2021-02-03,Tuolumne,109,53932,3613,3568,57,3625,45
2021-02-03,Ventura,111,848112,73419,72124,2708,74832,526
2021-02-03,Yolo,113,214977,12325,11933,201,12134,161
2021-02-03,Yuba,115,75493,5218,5124,80,5204,34
2021-02-02,Alameda,1,1643700,76231,74642,1695,76337,869
2021-02-02,Alpine,3,1148,74,72,0,72,0
2021-02-02,Amador,5,37829,3315,3275,29,3304,33
2021-02-02,Butte,7,227075,10774,10307,1590,11897,141
2021-02-02,Calaveras,9,45235,1824,1786,12,1798,21
2021-02-02,Colusa,11,21464,1786,1769,231,2000,9
2021-02-02,Contra Costa,13,1133247,59349,57551,1037,58588,536
2021-02-02,Del Norte,15,27424,877,868,0,868,2
2021-02-02,El Dorado,17,186661,8653,8405,603,9008,84
2021-02-02,Fresno,19,978130,91636,89542,7401,96943,1009
2021-02-02,Glenn,21,27897,2143,2090,468,2558,14
2021-02-02,Humboldt,23,135768,2889,2784,19,2803,25
2021-02-02,Imperial,25,180216,26666,26317,2537,28854,535
2021-02-02,Inyo,27,18085,1131,1074,1,1075,27
2021-02-02,Kern,29,883053,89101,86485,9155,95640,867
2021-02-02,Kings,31,150075,21237,20785,981,21766,172
2021-02-02,Lake,33,64148,2939,2857,1,2858,33
2021-02-02,Lassen,35,31185,4983,4908,91,4999,1
2021-02-02,Los Angeles,37,10098052,1132332,1097573,39203,1136776,16913
2021-02-02,Madera,39,155013,14893,14595,756,15351,94
2021-02-02,Marin,41,260295,12542,12367,153,12520,189
2021-02-02,Mariposa,43,17540,362,345,4,349,4
2021-02-02,Mendocino,45,87422,3378,3210,61,3271,38
2021-02-02,Merced,47,269075,26735,26427,772,27199,340
2021-02-02,Modoc,49,8938,322,306,107,413,3
2021-02-02,Mono,51,14174,1134,1147,14,1161,3
2021-02-02,Monterey,53,433212,40151,39371,1521,40892,278
2021-02-02,Napa,55,140530,8643,8505,32,8537,53
2021-02-02,Nevada,57,99092,3718,3548,150,3698,20
2021-02-02,Orange,59,3164182,237863,233783,9984,243767,3152
2021-02-02,Placer,61,380077,19567,18615,1054,19669,205
2021-02-02,Plumas,63,18699,624,560,11,571,2
2021-02-02,Riverside,65,2383286,274063,267901,13704,281605,3169
2021-02-02,Sacramento,67,1510023,89143,87107,1143,88250,1202
2021-02-02,San Benito,69,59416,5507,5444,78,5522,50
2021-02-02,San Bernardino,71,2135413,278424,270486,8313,278799,2244
2021-02-02,San Diego,73,3302833,251507,240047,0,240047,2629
2021-02-02,San Francisco,75,870044,32351,31788,986,32774,324
2021-02-02,San Joaquin,77,732212,63479,61708,2685,64393,878
2021-02-02,San Luis Obispo,79,281455,18376,17811,514,18325,201
2021-02-02,San Mateo,81,765935,37551,36004,371,36375,225
2021-02-02,Santa Barbara,83,443738,30224,28951,1088,30039,304
2021-02-02,Santa Clara,85,1922200,104128,102872,506,103378,1349
2021-02-02,Santa Cruz,87,273765,14623,13572,766,14338,150
2021-02-02,Shasta,89,179085,10481,10371,1151,11522,128
2021-02-02,Sierra,91,2930,47,42,14,56,0
2021-02-02,Siskiyou,93,43540,1339,1252,224,1476,4
2021-02-02,Solano,95,438530,28520,27963,333,28296,118
2021-02-02,Sonoma,97,501317,26398,26054,145,26199,247
2021-02-02,Stanislaus,99,539301,47582,46306,5143,51449,641
2021-02-02,Sutter,101,95872,8461,8340,82,8422,89
2021-02-02,Tehama,103,63373,4374,4289,499,4788,21
2021-02-02,Trinity,105,12862,323,260,32,292,3
2021-02-02,Tulare,107,460477,45688,44720,7422,52142,625
2021-02-02,Tuolumne,109,53932,3601,3548,57,3605,39
2021-02-02,Ventura,111,848112,73001,71557,2698,74255,514
2021-02-02,Yolo,113,214977,12278,11886,194,12080,158
2021-02-02,Yuba,115,75493,5200,5111,80,5191,34
2021-02-01,Alameda,1,1643700,75875,74374,1689,76063,858
2021-02-01,Alpine,3,1148,74,72,0,72,0
2021-02-01,Amador,5,37829,3304,3234,29,3263,32
2021-02-01,Butte,7,227075,10732,10263,1586,11849,141
2021-02-01,Calaveras,9,45235,1805,1785,12,1797,21
2021-02-01,Colusa,11,21464,1781,1763,222,1985,9
2021-02-01,Contra Costa,13,1133247,59104,57324,1036,58360,531
2021-02-01,Del Norte,15,27424,873,865,0,865,2
2021-02-01,El Dorado,17,186661,8614,8337,603,8940,83
2021-02-01,Fresno,19,978130,91307,89272,7362,96634,994
2021-02-01,Glenn,21,27897,2128,2086,460,2546,14
2021-02-01,Humboldt,23,135768,2868,2773,18,2791,25
2021-02-01,Imperial,25,180216,26623,26224,2535,28759,530
2021-02-01,Inyo,27,18085,1121,1072,1,1073,27
2021-02-01,Kern,29,883053,88707,86170,9084,95254,862
2021-02-01,Kings,31,150075,21148,20746,972,21718,172
2021-02-01,Lake,33,64148,2923,2843,1,2844,33
2021-02-01,Lassen,35,31185,4963,4907,91,4998,1
2021-02-01,Los Angeles,37,10098052,1128525,1094341,39025,1133366,16695
2021-02-01,Madera,39,155013,14858,14572,753,15325,94
2021-02-01,Marin,41,260295,12504,12341,152,12493,188
2021-02-01,Mariposa,43,17540,360,344,4,348,4
2021-02-01,Mendocino,45,87422,3345,3192,61,3253,37
2021-02-01,Merced,47,269075,26609,26282,764,27046,337
2021-02-01,Modoc,49,8938,316,303,103,406,1
2021-02-01,Mono,51,14174,1131,1145,14,1159,3
2021-02-01,Monterey,53,433212,39971,39196,1499,40695,278
2021-02-01,Napa,55,140530,8611,8449,32,8481,52
2021-02-01,Nevada,57,99092,3701,3535,149,3684,20
2021-02-01,Orange,59,3164182,236954,233155,9938,243093,3100
2021-02-01,Placer,61,380077,19500,18574,1047,19621,204
2021-02-01,Plumas,63,18699,622,554,11,565,2
2021-02-01,Riverside,65,2383286,273157,267025,13665,280690,3092
2021-02-01,Sacramento,67,1510023,88746,86856,1131,87987,1193
2021-02-01,San Benito,69,59416,5489,5432,78,5510,48
2021-02-01,San Bernardino,71,2135413,277734,270012,8269,278281,2172
2021-02-01,San Diego,73,3302833,250285,239121,0,239121,2619
2021-02-01,San Francisco,75,870044,32219,31703,973,32676,324
2021-02-01,San Joaquin,77,732212,63275,61542,2674,64216,877
2021-02-01,San Luis Obispo,79,281455,18258,17690,506,18196,199
2021-02-01,San Mateo,81,765935,37403,35843,371,36214,220
2021-02-01,Santa Barbara,83,443738,30054,28837,1080,29917,297
2021-02-01,Santa Clara,85,1922200,103713,102462,506,102968,1343
2021-02-01,Santa Cruz,87,273765,14569,13524,764,14288,149
2021-02-01,Shasta,89,179085,10456,10329,1145,11474,112
2021-02-01,Sierra,91,2930,47,42,14,56,0
2021-02-01,Siskiyou,93,43540,1332,1238,221,1459,4
2021-02-01,Solano,95,438530,28415,27844,332,28176,117
2021-02-01,Sonoma,97,501317,26309,26011,144,26155,243
2021-02-01,Stanislaus,99,539301,47324,46112,5115,51227,642
2021-02-01,Sutter,101,95872,8421,8313,82,8395,89
2021-02-01,Tehama,103,63373,4350,4263,499,4762,21
2021-02-01,Trinity,105,12862,321,260,32,292,3
2021-02-01,Tulare,107,460477,45544,44569,7340,51909,618
2021-02-01,Tuolumne,109,53932,3593,3534,57,3591,39
2021-02-01,Ventura,111,848112,72594,71104,2682,73786,502
2021-02-01,Yolo,113,214977,12234,11824,186,12010,151
2021-02-01,Yuba,115,75493,5187,5084,79,5163,33
2021-01-31,Alameda,1,1643700,75446,73979,1680,75659,857
2021-01-31,Alpine,3,1148,74,72,0,72,0
2021-01-31,Amador,5,37829,3294,3212,27,3239,32
2021-01-31,Butte,7,227075,10691,10215,1574,11789,140
2021-01-31,Calaveras,9,45235,1784,1778,12,1790,21
2021-01-31,Colusa,11,21464,1774,1754,217,1971,9
2021-01-31,Contra Costa,13,1133247,58773,57079,1036,58115,531
2021-01-31,Del Norte,15,27424,871,865,0,865,2
2021-01-31,El Dorado,17,186661,8578,8317,600,8917,83
2021-01-31,Fresno,19,978130,90993,88852,7308,96160,994
2021-01-31,Glenn,21,27897,2117,2083,459,2542,14
2021-01-31,Humboldt,23,135768,2852,2767,18,2785,25
2021-01-31,Imperial,25,180216,26552,26206,2526,28732,530
2021-01-31,Inyo,27,18085,1108,1072,1,1073,27
2021-01-31,Kern,29,883053,88213,85872,8995,94867,861
2021-01-31,Kings,31,150075,21066,20709,959,21668,172
2021-01-31,Lake,33,64148,2902,2826,1,2827,33
2021-01-31,Lassen,35,31185,4947,4900,91,4991,1
2021-01-31,Los Angeles,37,10098052,1123926,1090304,38811,1129115,16609
2021-01-31,Madera,39,155013,14804,14496,745,15241,94
2021-01-31,Marin,41,260295,12457,12297,148,12445,185
2021-01-31,Mariposa,43,17540,358,344,4,348,4
2021-01-31,Mendocino,45,87422,3322,3181,60,3241,37
2021-01-31,Merced,47,269075,26466,26222,759,26981,337
2021-01-31,Modoc,49,8938,313,304,101,405,1
2021-01-31,Mono,51,14174,1128,1146,14,1160,3
2021-01-31,Monterey,53,433212,39792,39035,1471,40506,278
2021-01-31,Napa,55,140530,8569,8404,32,8436,52
2021-01-31,Nevada,57,99092,3679,3518,147,3665,20
2021-01-31,Orange,59,3164182,235945,232347,9897,242244,3053
2021-01-31,Placer,61,380077,19426,18506,1035,19541,204
2021-01-31,Plumas,63,18699,621,554,11,565,2
2021-01-31,Riverside,65,2383286,272187,266145,13617,279762,3074
2021-01-31,Sacramento,67,1510023,88305,86560,1116,87676,1186
2021-01-31,San Benito,69,59416,5467,5425,76,5501,48
2021-01-31,San Bernardino,71,2135413,276696,269533,8232,277765,2156
2021-01-31,San Diego,73,3302833,248971,238039,0,238039,2619
2021-01-31,San Francisco,75,870044,32032,31563,961,32524,323
2021-01-31,San Joaquin,77,732212,62871,61379,2664,64043,877
2021-01-31,San Luis Obispo,79,281455,18125,17615,501,18116,199
2021-01-31,San Mateo,81,765935,37212,35659,368,36027,219
2021-01-31,Santa Barbara,83,443738,29815,28570,1071,29641,297
2021-01-31,Santa Clara,85,1922200,103164,101986,496,102482,1330
2021-01-31,Santa Cruz,87,273765,14475,13469,750,14219,149
2021-01-31,Shasta,89,179085,10411,10313,1136,11449,112
2021-01-31,Sierra,91,2930,46,43,14,57,0
2021-01-31,Siskiyou,93,43540,1322,1238,221,1459,4
2021-01-31,Solano,95,438530,28285,27678,332,28010,118
2021-01-31,Sonoma,97,501317,26208,25925,143,26068,243
2021-01-31,Stanislaus,99,539301,47041,45971,5074,51045,642
2021-01-31,Sutter,101,95872,8376,8289,82,8371,89
2021-01-31,Tehama,103,63373,4330,4256,498,4754,21
2021-01-31,Trinity,105,12862,319,260,32,292,3
2021-01-31,Tulare,107,460477,45377,44440,7258,51698,618
2021-01-31,Tuolumne,109,53932,3554,3519,57,3576,39
2021-01-31,Ventura,111,848112,72001,70635,2669,73304,502
2021-01-31,Yolo,113,214977,12173,11771,180,11951,151
2021-01-31,Yuba,115,75493,5167,5071,78,5149,33
2021-01-30,Alameda,1,1643700,75243,73622,1675,75297,850
2021-01-30,Alpine,3,1148,74,72,0,72,0
2021-01-30,Amador,5,37829,3290,3181,27,3208,32
2021-01-30,Butte,7,227075,10656,10177,1565,11742,139
2021-01-30,Calaveras,9,45235,1772,1763,12,1775,21
2021-01-30,Colusa,11,21464,1772,1748,217,1965,9
2021-01-30,Contra Costa,13,1133247,58588,56763,1032,57795,531
2021-01-30,Del Norte,15,27424,870,865,0,865,2
2021-01-30,El Dorado,17,186661,8558,8299,599,8898,83
2021-01-30,Fresno,19,978130,90816,88476,7288,95764,964
2021-01-30,Glenn,21,27897,2114,2074,457,2531,14
2021-01-30,Humboldt,23,135768,2841,2742,18,2760,24
2021-01-30,Imperial,25,180216,26531,26160,2525,28685,530
2021-01-30,Inyo,27,18085,1104,1068,1,1069,27
2021-01-30,Kern,29,883053,88012,85572,8929,94501,848
2021-01-30,Kings,31,150075,20996,20605,953,21558,169
2021-01-30,Lake,33,64148,2896,2809,1,2810,33
2021-01-30,Lassen,35,31185,4944,4890,91,4981,1
2021-01-30,Los Angeles,37,10098052,1121564,1084763,38664,1123427,16484
2021-01-30,Madera,39,155013,14762,14443,740,15183,94
2021-01-30,Marin,41,260295,12429,12225,147,12372,185
2021-01-30,Mariposa,43,17540,356,344,4,348,4
2021-01-30,Mendocino,45,87422,3308,3153,59,3212,36
2021-01-30,Merced,47,269075,26391,26078,758,26836,335
2021-01-30,Modoc,49,8938,313,303,101,404,1
2021-01-30,Mono,51,14174,1128,1143,14,1157,3
2021-01-30,Monterey,53,433212,39731,38847,1468,40315,277
2021-01-30,Napa,55,140530,8553,8342,32,8374,52
2021-01-30,Nevada,57,99092,3660,3499,147,3646,20
2021-01-30,Orange,59,3164182,235402,231358,9857,241215,3013
2021-01-30,Placer,61,380077,19375,18430,1029,19459,205
2021-01-30,Plumas,63,18699,619,554,11,565,2
2021-01-30,Riverside,65,2383286,271597,265137,13584,278721,3061
2021-01-30,Sacramento,67,1510023,88111,86388,1109,87497,1184
2021-01-30,San Benito,69,59416,5449,5401,75,5476,48
2021-01-30,San Bernardino,71,2135413,276283,268660,8213,276873,2122
2021-01-30,San Diego,73,3302833,248213,236765,0,236765,2603
2021-01-30,San Francisco,75,870044,31932,31427,957,32384,316
2021-01-30,San Joaquin,77,732212,62737,61120,2654,63774,864
2021-01-30,San Luis Obispo,79,281455,18047,17522,498,18020,198
2021-01-30,San Mateo,81,765935,37074,35451,367,35818,219
2021-01-30,Santa Barbara,83,443738,29674,28342,1067,29409,296
2021-01-30,Santa Clara,85,1922200,102814,101471,493,101964,1307
2021-01-30,Santa Cruz,87,273765,14435,13383,749,14132,149
2021-01-30,Shasta,89,179085,10393,10283,1132,11415,112
2021-01-30,Sierra,91,2930,46,43,14,57,0
2021-01-30,Siskiyou,93,43540,1320,1236,219,1455,4
2021-01-30,Solano,95,438530,28202,27511,330,27841,118
2021-01-30,Sonoma,97,501317,26158,25810,140,25950,243
2021-01-30,Stanislaus,99,539301,46912,45697,5050,50747,642
2021-01-30,Sutter,101,95872,8360,8226,82,8308,87
2021-01-30,Tehama,103,63373,4316,4229,497,4726,21
2021-01-30,Trinity,105,12862,319,259,32,291,3
2021-01-30,Tulare,107,460477,45243,44203,7220,51423,615
2021-01-30,Tuolumne,109,53932,3550,3508,57,3565,36
2021-01-30,Ventura,111,848112,71690,69931,2652,72583,493
2021-01-30,Yolo,113,214977,12160,11698,178,11876,151
2021-01-30,Yuba,115,75493,5157,5042,77,5119,33
2021-01-29,Alameda,1,1643700,74964,73210,1667,74877,841
2021-01-29,Alpine,3,1148,74,72,0,72,0
2021-01-29,Amador,5,37829,3278,3134,26,3160,32
2021-01-29,Butte,7,227075,10625,10122,1555,11677,138
2021-01-29,Calaveras,9,45235,1768,1757,12,1769,21
2021-01-29,Colusa,11,21464,1768,1734,216,1950,8
2021-01-29,Contra Costa,13,1133247,58414,56318,1030,57348,529
2021-01-29,Del Norte,15,27424,869,865,0,865,2
2021-01-29,El Dorado,17,186661,8541,8231,598,8829,83
2021-01-29,Fresno,19,978130,90605,87936,7249,95185,962
2021-01-29,Glenn,21,27897,2109,2061,456,2517,14
2021-01-29,Humboldt,23,135768,2828,2707,18,2725,24
2021-01-29,Imperial,25,180216,26516,26045,2522,28567,521
2021-01-29,Inyo,27,18085,1092,1048,1,1049,27
2021-01-29,Kern,29,883053,87787,85044,8876,93920,836
2021-01-29,Kings,31,150075,20957,20466,948,21414,169
2021-01-29,Lake,33,64148,2887,2792,1,2793,32
2021-01-29,Lassen,35,31185,4941,4874,91,4965,1
2021-01-29,Los Angeles,37,10098052,1118099,1078329,38507,1116836,16190
2021-01-29,Madera,39,155013,14711,14377,740,15117,94
2021-01-29,Marin,41,260295,12385,12145,146,12291,185
2021-01-29,Mariposa,43,17540,355,342,4,346,4
2021-01-29,Mendocino,45,87422,3299,3131,58,3189,36
2021-01-29,Merced,47,269075,26316,25865,754,26619,334
2021-01-29,Modoc,49,8938,312,297,101,398,1
2021-01-29,Mono,51,14174,1126,1139,14,1153,3
2021-01-29,Monterey,53,433212,39610,38539,1459,39998,277
2021-01-29,Napa,55,140530,8521,8276,32,8308,52
2021-01-29,Nevada,57,99092,3651,3487,146,3633,20
2021-01-29,Orange,59,3164182,234711,229917,9818,239735,2967
2021-01-29,Placer,61,380077,19319,18367,1025,19392,203
2021-01-29,Plumas,63,18699,618,548,11,559,2
2021-01-29,Riverside,65,2383286,270806,263504,13549,277053,3008
2021-01-29,Sacramento,67,1510023,87857,86320,1105,87425,1169
2021-01-29,San Benito,69,59416,5441,5386,75,5461,48
2021-01-29,San Bernardino,71,2135413,275770,267490,8170,275660,2095
2021-01-29,San Diego,73,3302833,247272,234637,0,234637,2571
2021-01-29,San Francisco,75,870044,31792,31294,948,32242,307
2021-01-29,San Joaquin,77,732212,62589,60899,2639,63538,858
2021-01-29,San Luis Obispo,79,281455,17986,17440,493,17933,193
2021-01-29,San Mateo,81,765935,36941,35223,364,35587,218
2021-01-29,Santa Barbara,83,443738,29544,28105,1061,29166,291
2021-01-29,Santa Clara,85,1922200,102447,101010,491,101501,1273
2021-01-29,Santa Cruz,87,273765,14381,13311,746,14057,148
2021-01-29,Shasta,89,179085,10376,10220,1128,11348,112
2021-01-29,Sierra,91,2930,46,43,14,57,0
2021-01-29,Siskiyou,93,43540,1319,1227,219,1446,4
2021-01-29,Solano,95,438530,28116,27352,327,27679,116
2021-01-29,Sonoma,97,501317,26095,25710,139,25849,243
2021-01-29,Stanislaus,99,539301,46763,45466,5030,50496,642
2021-01-29,Sutter,101,95872,8341,8181,82,8263,87
2021-01-29,Tehama,103,63373,4303,4191,495,4686,20
2021-01-29,Trinity,105,12862,319,260,32,292,3
2021-01-29,Tulare,107,460477,45138,43925,7178,51103,606
2021-01-29,Tuolumne,109,53932,3540,3483,57,3540,36
2021-01-29,Ventura,111,848112,71266,69511,2638,72149,484
2021-01-29,Yolo,113,214977,12124,11612,176,11788,151
2021-01-29,Yuba,115,75493,5141,5018,77,5095,32
2021-01-28,Alameda,1,1643700,74527,72758,1659,74417,833
2021-01-28,Alpine,3,1148,74,72,0,72,0
2021-01-28,Amador,5,37829,3241,3124,26,3150,31
2021-01-28,Butte,7,227075,10584,10037,1544,11581,138
2021-01-28,Calaveras,9,45235,1759,1747,11,1758,21
2021-01-28,Colusa,11,21464,1761,1731,212,1943,8
2021-01-28,Contra Costa,13,1133247,58170,55999,1020,57019,525
2021-01-28,Del Norte,15,27424,868,862,0,862,2
2021-01-28,El Dorado,17,186661,8528,8198,593,8791,79
2021-01-28,Fresno,19,978130,90319,87401,7197,94598,949
2021-01-28,Glenn,21,27897,2104,2043,447,2490,14
2021-01-28,Humboldt,23,135768,2811,2686,18,2704,24
2021-01-28,Imperial,25,180216,26472,25984,2515,28499,517
2021-01-28,Inyo,27,18085,1087,1039,1,1040,27
2021-01-28,Kern,29,883053,87460,84708,8788,93496,817
2021-01-28,Kings,31,150075,20898,20328,943,21271,167
2021-01-28,Lake,33,64148,2872,2772,1,2773,32
2021-01-28,Lassen,35,31185,4935,4865,91,4956,1
2021-01-28,Los Angeles,37,10098052,1114216,1072412,38304,1110716,15967
2021-01-28,Madera,39,155013,14655,14301,736,15037,94
2021-01-28,Marin,41,260295,12332,12079,145,12224,183
2021-01-28,Mariposa,43,17540,355,334,4,338,4
2021-01-28,Mendocino,45,87422,3282,3110,58,3168,36
2021-01-28,Merced,47,269075,26192,25620,745,26365,328
2021-01-28,Modoc,49,8938,311,297,101,398,0
2021-01-28,Mono,51,14174,1124,1131,14,1145,3
2021-01-28,Monterey,53,433212,39407,38312,1441,39753,274
2021-01-28,Napa,55,140530,8473,8233,32,8265,50
2021-01-28,Nevada,57,99092,3636,3452,145,3597,19
2021-01-28,Orange,59,3164182,233729,228636,9786,238422,2860
2021-01-28,Placer,61,380077,19250,18246,1022,19268,198
2021-01-28,Plumas,63,18699,617,547,11,558,2
2021-01-28,Riverside,65,2383286,270043,262342,13499,275841,2981
2021-01-28,Sacramento,67,1510023,87491,85698,1094,86792,1149
2021-01-28,San Benito,69,59416,5423,5344,74,5418,47
2021-01-28,San Bernardino,71,2135413,275077,266456,8148,274604,2057
2021-01-28,San Diego,73,3302833,246123,232967,0,232967,2534
2021-01-28,San Francisco,75,870044,31654,31193,932,32125,290
2021-01-28,San Joaquin,77,732212,62325,60627,2623,63250,854
2021-01-28,San Luis Obispo,79,281455,17887,17279,491,17770,189
2021-01-28,San Mateo,81,765935,36772,34931,348,35279,218
2021-01-28,Santa Barbara,83,443738,29325,27674,1048,28722,284
2021-01-28,Santa Clara,85,1922200,101982,100470,488,100958,1219
2021-01-28,Santa Cruz,87,273765,14292,13188,740,13928,145
2021-01-28,Shasta,89,179085,10342,10176,1120,11296,110
2021-01-28,Sierra,91,2930,46,43,14,57,0
2021-01-28,Siskiyou,93,43540,1312,1218,217,1435,4
2021-01-28,Solano,95,438530,27955,27163,326,27489,114
2021-01-28,Sonoma,97,501317,26002,25564,139,25703,236
2021-01-28,Stanislaus,99,539301,46545,45162,5005,50167,640
2021-01-28,Sutter,101,95872,8293,8136,82,8218,85
2021-01-28,Tehama,103,63373,4284,4163,492,4655,20
2021-01-28,Trinity,105,12862,317,260,32,292,3
2021-01-28,Tulare,107,460477,44982,43742,7097,50839,595
2021-01-28,Tuolumne,109,53932,3526,3472,57,3529,32
2021-01-28,Ventura,111,848112,70757,68896,2619,71515,475
2021-01-28,Yolo,113,214977,12082,11500,171,11671,151
2021-01-28,Yuba,115,75493,5125,4994,76,5070,32
2021-01-27,Alameda,1,1643700,74095,72188,1650,73838,815
2021-01-27,Alpine,3,1148,74,72,0,72,0
2021-01-27,Amador,5,37829,3225,3116,26,3142,31
2021-01-27,Butte,7,227075,10545,9988,1532,11520,138
2021-01-27,Calaveras,9,45235,1751,1737,11,1748,21
2021-01-27,Colusa,11,21464,1755,1724,210,1934,8
2021-01-27,Contra Costa,13,1133247,57871,55578,1017,56595,507
2021-01-27,Del Norte,15,27424,867,859,0,859,2
2021-01-27,El Dorado,17,186661,8503,8141,592,8733,76
2021-01-27,Fresno,19,978130,90024,86886,7150,94036,938
2021-01-27,Glenn,21,27897,2101,2042,445,2487,14
2021-01-27,Humboldt,23,135768,2789,2630,18,2648,24
2021-01-27,Imperial,25,180216,26418,25861,2502,28363,504
2021-01-27,Inyo,27,18085,1083,1023,1,1024,27
2021-01-27,Kern,29,883053,87148,84244,8718,92962,809
2021-01-27,Kings,31,150075,20792,20211,935,21146,167
2021-01-27,Lake,33,64148,2852,2750,1,2751,32
2021-01-27,Lassen,35,31185,4929,4851,91,4942,1
2021-01-27,Los Angeles,37,10098052,1109457,1066569,38087,1104656,15757
2021-01-27,Madera,39,155013,14615,14194,731,14925,86
2021-01-27,Marin,41,260295,12295,12028,144,12172,180
2021-01-27,Mariposa,43,17540,355,333,4,337,4
2021-01-27,Mendocino,45,87422,3262,3095,58,3153,36
2021-01-27,Merced,47,269075,26033,25439,734,26173,315
2021-01-27,Modoc,49,8938,311,297,98,395,0
2021-01-27,Mono,51,14174,1122,1131,14,1145,3
2021-01-27,Monterey,53,433212,39205,38139,1422,39561,268
2021-01-27,Napa,55,140530,8402,8187,32,8219,46
2021-01-27,Nevada,57,99092,3615,3431,145,3576,18
2021-01-27,Orange,59,3164182,232610,227110,9731,236841,2832
2021-01-27,Placer,61,380077,19179,18106,1011,19117,198
2021-01-27,Plumas,63,18699,617,544,11,555,2
2021-01-27,Riverside,65,2383286,268872,260796,13446,274242,2931
2021-01-27,Sacramento,67,1510023,87124,85428,1082,86510,1142
2021-01-27,San Benito,69,59416,5408,5284,74,5358,47
2021-01-27,San Bernardino,71,2135413,274228,265153,8115,273268,2019
2021-01-27,San Diego,73,3302833,244794,231478,0,231478,2465
2021-01-27,San Francisco,75,870044,31512,31082,925,32007,287
2021-01-27,San Joaquin,77,732212,62055,60131,2599,62730,853
2021-01-27,San Luis Obispo,79,281455,17780,17119,487,17606,188
2021-01-27,San Mateo,81,765935,36617,34619,344,34963,216
2021-01-27,Santa Barbara,83,443738,29151,27435,1041,28476,282
2021-01-27,Santa Clara,85,1922200,101579,99732,483,100215,1184
2021-01-27,Santa Cruz,87,273765,14222,13111,737,13848,143
2021-01-27,Shasta,89,179085,10308,10106,1114,11220,105
2021-01-27,Sierra,91,2930,46,44,14,58,0
2021-01-27,Siskiyou,93,43540,1306,1214,214,1428,4
2021-01-27,Solano,95,438530,27779,26982,318,27300,112
2021-01-27,Sonoma,97,501317,25904,25361,139,25500,237
2021-01-27,Stanislaus,99,539301,46361,44874,4977,49851,624
2021-01-27,Sutter,101,95872,8250,8093,82,8175,83
2021-01-27,Tehama,103,63373,4259,4133,488,4621,20
2021-01-27,Trinity,105,12862,317,260,32,292,3
2021-01-27,Tulare,107,460477,44797,43462,7022,50484,583
2021-01-27,Tuolumne,109,53932,3516,3464,57,3521,32
2021-01-27,Ventura,111,848112,70284,68291,2594,70885,468
2021-01-27,Yolo,113,214977,12035,11427,167,11594,151
2021-01-27,Yuba,115,75493,5109,4968,76,5044,32
2021-01-26,Alameda,1,1643700,73716,71851,1632,73483,789
2021-01-26,Alpine,3,1148,74,72,0,72,0
2021-01-26,Amador,5,37829,3214,3113,26,3139,31
2021-01-26,Butte,7,227075,10503,9943,1526,11469,136
2021-01-26,Calaveras,9,45235,1740,1723,11,1734,21
2021-01-26,Colusa,11,21464,1748,1719,207,1926,8
2021-01-26,Contra Costa,13,1133247,57591,55337,1009,56346,491
2021-01-26,Del Norte,15,27424,866,856,0,856,2
2021-01-26,El Dorado,17,186661,8477,8115,589,8704,71
2021-01-26,Fresno,19,978130,89670,86673,7105,93778,923
2021-01-26,Glenn,21,27897,2091,2034,441,2475,13
2021-01-26,Humboldt,23,135768,2767,2612,17,2629,24
2021-01-26,Imperial,25,180216,26348,25812,2487,28299,498
2021-01-26,Inyo,27,18085,1076,1018,1,1019,27
2021-01-26,Kern,29,883053,86724,83868,8638,92506,790
2021-01-26,Kings,31,150075,20734,20156,930,21086,159
2021-01-26,Lake,33,64148,2843,2748,1,2749,32
2021-01-26,Lassen,35,31185,4923,4844,91,4935,1
2021-01-26,Los Angeles,37,10098052,1104210,1060492,37869,1098361,15458
2021-01-26,Madera,39,155013,14558,14130,725,14855,86
2021-01-26,Marin,41,260295,12249,11993,142,12135,179
2021-01-26,Mariposa,43,17540,353,332,4,336,3
2021-01-26,Mendocino,45,87422,3236,3076,57,3133,36
2021-01-26,Merced,47,269075,25893,25359,727,26086,309
2021-01-26,Modoc,49,8938,304,291,97,388,0
2021-01-26,Mono,51,14174,1121,1120,14,1134,3
2021-01-26,Monterey,53,433212,39007,37963,1401,39364,255
2021-01-26,Napa,55,140530,8345,8145,32,8177,43
2021-01-26,Nevada,57,99092,3608,3410,144,3554,18
2021-01-26,Orange,59,3164182,231479,225987,9687,235674,2760
2021-01-26,Placer,61,380077,19105,18016,1009,19025,193
2021-01-26,Plumas,63,18699,615,536,11,547,2
2021-01-26,Riverside,65,2383286,267540,259399,13383,272782,2898
2021-01-26,Sacramento,67,1510023,86770,85062,1075,86137,1127
2021-01-26,San Benito,69,59416,5394,5251,73,5324,45
2021-01-26,San Bernardino,71,2135413,273239,263736,8068,271804,1970
2021-01-26,San Diego,73,3302833,243304,230063,0,230063,2421
2021-01-26,San Francisco,75,870044,31382,30874,904,31778,286
2021-01-26,San Joaquin,77,732212,61801,59889,2582,62471,847
2021-01-26,San Luis Obispo,79,281455,17699,17016,484,17500,186
2021-01-26,San Mateo,81,765935,36425,34441,333,34774,213
2021-01-26,Santa Barbara,83,443738,28980,27321,1029,28350,273
2021-01-26,Santa Clara,85,1922200,101103,99215,478,99693,1171
2021-01-26,Santa Cruz,87,273765,14157,13045,731,13776,134
2021-01-26,Shasta,89,179085,10273,10036,1106,11142,103
2021-01-26,Sierra,91,2930,46,43,14,57,0
2021-01-26,Siskiyou,93,43540,1292,1208,212,1420,4
2021-01-26,Solano,95,438530,27623,26858,312,27170,110
2021-01-26,Sonoma,97,501317,25783,25273,137,25410,236
2021-01-26,Stanislaus,99,539301,46178,44703,4934,49637,599
2021-01-26,Sutter,101,95872,8208,8067,82,8149,83
2021-01-26,Tehama,103,63373,4228,4115,488,4603,20
2021-01-26,Trinity,105,12862,317,260,32,292,3
2021-01-26,Tulare,107,460477,44595,43394,6950,50344,579
2021-01-26,Tuolumne,109,53932,3506,3451,57,3508,30
2021-01-26,Ventura,111,848112,69754,67526,2567,70093,448
2021-01-26,Yolo,113,214977,11990,11361,164,11525,148
2021-01-26,Yuba,115,75493,5084,4944,74,5018,31
2021-01-25,Alameda,1,1643700,73275,71255,1622,72877,780
2021-01-25,Alpine,3,1148,74,72,0,72,0
2021-01-25,Amador,5,37829,3174,3074,26,3100,30
2021-01-25,Butte,7,227075,10438,9865,1518,11383,133
2021-01-25,Calaveras,9,45235,1723,1713,11,1724,21
2021-01-25,Colusa,11,21464,1736,1709,203,1912,8
2021-01-25,Contra Costa,13,1133247,57229,54989,1002,55991,488
2021-01-25,Del Norte,15,27424,865,855,0,855,2
2021-01-25,El Dorado,17,186661,8453,8060,589,8649,66
2021-01-25,Fresno,19,978130,89302,86336,7072,93408,913
2021-01-25,Glenn,21,27897,2080,2028,441,2469,13
2021-01-25,Humboldt,23,135768,2733,2587,17,2604,24
2021-01-25,Imperial,25,180216,26298,25745,2478,28223,491
2021-01-25,Inyo,27,18085,1070,1015,1,1016,27
2021-01-25,Kern,29,883053,86335,83401,8545,91946,787
2021-01-25,Kings,31,150075,20614,20067,926,20993,159
2021-01-25,Lake,33,64148,2824,2729,1,2730,32
2021-01-25,Lassen,35,31185,4898,4835,91,4926,1
2021-01-25,Los Angeles,37,10098052,1098289,1055181,37634,1092815,15163
2021-01-25,Madera,39,155013,14504,14068,721,14789,86
2021-01-25,Marin,41,260295,12196,11923,138,12061,177
2021-01-25,Mariposa,43,17540,350,331,4,335,3
2021-01-25,Mendocino,45,87422,3225,3054,57,3111,35
2021-01-25,Merced,47,269075,25754,25181,718,25899,305
2021-01-25,Modoc,49,8938,303,288,93,381,0
2021-01-25,Mono,51,14174,1118,1114,13,1127,3
2021-01-25,Monterey,53,433212,38750,37726,1380,39106,255
2021-01-25,Napa,55,140530,8312,8057,31,8088,43
2021-01-25,Nevada,57,99092,3594,3365,144,3509,18
2021-01-25,Orange,59,3164182,230277,225105,9646,234751,2696
2021-01-25,Placer,61,380077,19012,17936,994,18930,193
2021-01-25,Plumas,63,18699,612,533,11,544,2
2021-01-25,Riverside,65,2383286,265860,258082,13328,271410,2789
2021-01-25,Sacramento,67,1510023,86318,84653,1066,85719,1118
2021-01-25,San Benito,69,59416,5357,5238,72,5310,43
2021-01-25,San Bernardino,71,2135413,272286,263174,8030,271204,1947
2021-01-25,San Diego,73,3302833,241695,228630,0,228630,2375
2021-01-25,San Francisco,75,870044,31234,30734,881,31615,288
2021-01-25,San Joaquin,77,732212,61508,59291,2552,61843,838
2021-01-25,San Luis Obispo,79,281455,17565,16868,479,17347,179
2021-01-25,San Mateo,81,765935,36193,34187,326,34513,213
2021-01-25,Santa Barbara,83,443738,28750,27065,1018,28083,269
2021-01-25,Santa Clara,85,1922200,100532,98647,470,99117,1143
2021-01-25,Santa Cruz,87,273765,14071,12973,725,13698,133
2021-01-25,Shasta,89,179085,10232,9991,1095,11086,103
2021-01-25,Sierra,91,2930,46,42,14,56,0
2021-01-25,Siskiyou,93,43540,1284,1205,209,1414,4
2021-01-25,Solano,95,438530,27454,26648,311,26959,109
2021-01-25,Sonoma,97,501317,25673,25160,135,25295,233
2021-01-25,Stanislaus,99,539301,45935,44293,4891,49184,599
2021-01-25,Sutter,101,95872,8165,8023,82,8105,83
2021-01-25,Tehama,103,63373,4200,4082,484,4566,20
2021-01-25,Trinity,105,12862,317,262,32,294,3
2021-01-25,Tulare,107,460477,44381,43124,6843,49967,578
2021-01-25,Tuolumne,109,53932,3497,3422,57,3479,29
2021-01-25,Ventura,111,848112,69111,66910,2549,69459,439
2021-01-25,Yolo,113,214977,11904,11276,162,11438,140
2021-01-25,Yuba,115,75493,5060,4900,72,4972,31
2021-01-24,Alameda,1,1643700,72768,70823,1610,72433,780
2021-01-24,Alpine,3,1148,74,72,0,72,0
2021-01-24,Amador,5,37829,3141,3054,26,3080,30
2021-01-24,Butte,7,227075,10354,9820,1499,11319,133
2021-01-24,Calaveras,9,45235,1707,1704,11,1715,21
2021-01-24,Colusa,11,21464,1725,1689,197,1886,8
2021-01-24,Contra Costa,13,1133247,56840,54694,989,55683,488
2021-01-24,Del Norte,15,27424,860,855,0,855,2
2021-01-24,El Dorado,17,186661,8418,8003,585,8588,66
2021-01-24,Fresno,19,978130,88865,85808,7032,92840,911
2021-01-24,Glenn,21,27897,2073,2026,439,2465,13
2021-01-24,Humboldt,23,135768,2694,2562,16,2578,24
2021-01-24,Imperial,25,180216,26204,25707,2449,28156,488
2021-01-24,Inyo,27,18085,1054,1007,1,1008,27
2021-01-24,Kern,29,883053,85896,83125,8432,91557,785
2021-01-24,Kings,31,150075,20488,19988,908,20896,159
2021-01-24,Lake,33,64148,2806,2724,0,2724,32
2021-01-24,Lassen,35,31185,4887,4828,88,4916,1
2021-01-24,Los Angeles,37,10098052,1091937,1048757,37313,1086070,15119
2021-01-24,Madera,39,155013,14412,14000,715,14715,86
2021-01-24,Marin,41,260295,12130,11872,136,12008,177
2021-01-24,Mariposa,43,17540,346,322,4,326,3
2021-01-24,Mendocino,45,87422,3204,3037,56,3093,33
2021-01-24,Merced,47,269075,25541,25047,710,25757,305
2021-01-24,Modoc,49,8938,303,285,93,378,0
2021-01-24,Mono,51,14174,1111,1113,13,1126,3
2021-01-24,Monterey,53,433212,38478,37527,1347,38874,254
2021-01-24,Napa,55,140530,8270,8005,31,8036,43
2021-01-24,Nevada,57,99092,3552,3349,142,3491,18
2021-01-24,Orange,59,3164182,228851,223853,9579,233432,2632
2021-01-24,Placer,61,380077,18901,17839,974,18813,193
2021-01-24,Plumas,63,18699,609,532,11,543,2
2021-01-24,Riverside,65,2383286,264263,256767,13247,270014,2761
2021-01-24,Sacramento,67,1510023,85746,84110,1059,85169,1112
2021-01-24,San Benito,69,59416,5315,5223,69,5292,43
2021-01-24,San Bernardino,71,2135413,270967,262370,7973,270343,1935
2021-01-24,San Diego,73,3302833,240005,227193,0,227193,2375
2021-01-24,San Francisco,75,870044,31046,30559,858,31417,275
2021-01-24,San Joaquin,77,732212,61084,59021,2536,61557,838
2021-01-24,San Luis Obispo,79,281455,17443,16758,476,17234,179
2021-01-24,San Mateo,81,765935,35950,33956,321,34277,213
2021-01-24,Santa Barbara,83,443738,28437,26735,1008,27743,269
2021-01-24,Santa Clara,85,1922200,99881,98103,466,98569,1109
2021-01-24,Santa Cruz,87,273765,13986,12905,716,13621,133
2021-01-24,Shasta,89,179085,10162,9978,1086,11064,103
2021-01-24,Sierra,91,2930,45,42,14,56,0
2021-01-24,Siskiyou,93,43540,1277,1195,209,1404,4
2021-01-24,Solano,95,438530,27266,26515,307,26822,109
2021-01-24,Sonoma,97,501317,25483,25045,134,25179,233
2021-01-24,Stanislaus,99,539301,45625,44031,4832,48863,599
2021-01-24,Sutter,101,95872,8097,7980,81,8061,83
2021-01-24,Tehama,103,63373,4160,4062,476,4538,20
2021-01-24,Trinity,105,12862,317,262,32,294,3
2021-01-24,Tulare,107,460477,44169,43006,6744,49750,577
2021-01-24,Tuolumne,109,53932,3487,3416,57,3473,29
2021-01-24,Ventura,111,848112,68397,66347,2524,68871,439
2021-01-24,Yolo,113,214977,11819,11210,158,11368,140
2021-01-24,Yuba,115,75493,5020,4875,71,4946,31
2021-01-23,Alameda,1,1643700,72526,70080,1601,71681,780
2021-01-23,Alpine,3,1148,74,72,0,72,0
2021-01-23,Amador,5,37829,3138,3049,26,3075,30
2021-01-23,Butte,7,227075,10324,9757,1494,11251,133
2021-01-23,Calaveras,9,45235,1701,1695,11,1706,21
2021-01-23,Colusa,11,21464,1721,1672,196,1868,8
2021-01-23,Contra Costa,13,1133247,56629,54162,981,55143,487
2021-01-23,Del Norte,15,27424,859,855,0,855,2
2021-01-23,El Dorado,17,186661,8402,7984,583,8567,66
2021-01-23,Fresno,19,978130,88682,85274,7001,92275,910
2021-01-23,Glenn,21,27897,2070,2015,435,2450,13
2021-01-23,Humboldt,23,135768,2675,2493,15,2508,23
2021-01-23,Imperial,25,180216,26173,25581,2440,28021,487
2021-01-23,Inyo,27,18085,1045,987,1,988,27
2021-01-23,Kern,29,883053,85655,82602,8356,90958,783
2021-01-23,Kings,31,150075,20444,19904,906,20810,159
2021-01-23,Lake,33,64148,2798,2673,0,2673,32
2021-01-23,Lassen,35,31185,4886,4816,85,4901,1
2021-01-23,Los Angeles,37,10098052,1088743,1040961,37144,1078105,15034
2021-01-23,Madera,39,155013,14376,13858,713,14571,86
2021-01-23,Marin,41,260295,12074,11796,134,11930,177
2021-01-23,Mariposa,43,17540,346,323,4,327,3
2021-01-23,Mendocino,45,87422,3190,2991,56,3047,32
2021-01-23,Merced,47,269075,25449,24787,696,25483,303
2021-01-23,Modoc,49,8938,303,285,93,378,0
2021-01-23,Mono,51,14174,1109,1111,13,1124,3
2021-01-23,Monterey,53,433212,38396,37165,1342,38507,253
2021-01-23,Napa,55,140530,8245,7893,31,7924,43
2021-01-23,Nevada,57,99092,3541,3332,141,3473,18
2021-01-23,Orange,59,3164182,228084,221722,9536,231258,2618
2021-01-23,Placer,61,380077,18852,17617,969,18586,193
2021-01-23,Plumas,63,18699,608,528,11,539,2
2021-01-23,Riverside,65,2383286,263390,253636,13191,266827,2733
2021-01-23,Sacramento,67,1510023,85519,83408,1056,84464,1108
2021-01-23,San Benito,69,59416,5291,5166,68,5234,43
2021-01-23,San Bernardino,71,2135413,270421,260381,7939,268320,1922
2021-01-23,San Diego,73,3302833,238947,225556,0,225556,2344
2021-01-23,San Francisco,75,870044,30941,30308,828,31136,268
2021-01-23,San Joaquin,77,732212,60962,58164,2524,60688,836
2021-01-23,San Luis Obispo,79,281455,17380,16652,473,17125,176
2021-01-23,San Mateo,81,765935,35774,33696,310,34006,213
2021-01-23,Santa Barbara,83,443738,28256,26234,999,27233,264
2021-01-23,Santa Clara,85,1922200,99526,97189,464,97653,1086
2021-01-23,Santa Cruz,87,273765,13928,12771,713,13484,127
2021-01-23,Shasta,89,179085,10132,9951,1085,11036,103
2021-01-23,Sierra,91,2930,45,41,14,55,0
2021-01-23,Siskiyou,93,43540,1267,1190,208,1398,4
2021-01-23,Solano,95,438530,27172,26261,305,26566,107
2021-01-23,Sonoma,97,501317,25407,24790,134,24924,232
2021-01-23,Stanislaus,99,539301,45464,43723,4802,48525,599
2021-01-23,Sutter,101,95872,8079,7943,80,8023,80
2021-01-23,Tehama,103,63373,4141,4006,475,4481,20
2021-01-23,Trinity,105,12862,317,262,32,294,3
2021-01-23,Tulare,107,460477,44022,42661,6678,49339,575
2021-01-23,Tuolumne,109,53932,3480,3407,57,3464,29
2021-01-23,Ventura,111,848112,67951,65581,2499,68080,438
2021-01-23,Yolo,113,214977,11776,11087,154,11241,141
2021-01-23,Yuba,115,75493,5009,4831,69,4900,30
2021-01-22,Alameda,1,1643700,72200,69693,1595,71288,751
2021-01-22,Alpine,3,1148,74,71,0,71,0
2021-01-22,Amador,5,37829,3133,3042,26,3068,30
2021-01-22,Butte,7,227075,10276,9711,1480,11191,133
2021-01-22,Calaveras,9,45235,1692,1672,11,1683,21
2021-01-22,Colusa,11,21464,1719,1668,196,1864,7
2021-01-22,Contra Costa,13,1133247,56389,53887,974,54861,485
2021-01-22,Del Norte,15,27424,858,852,0,852,2
2021-01-22,El Dorado,17,186661,8369,7877,580,8457,64
2021-01-22,Fresno,19,978130,88347,84744,6970,91714,892
2021-01-22,Glenn,21,27897,2066,1985,430,2415,13
2021-01-22,Humboldt,23,135768,2651,2452,15,2467,23
2021-01-22,Imperial,25,180216,26138,25562,2425,27987,474
2021-01-22,Inyo,27,18085,1034,961,1,962,26
2021-01-22,Kern,29,883053,85360,82101,8281,90382,771
2021-01-22,Kings,31,150075,20368,19760,902,20662,159
2021-01-22,Lake,33,64148,2786,2681,0,2681,32
2021-01-22,Lassen,35,31185,4878,4765,84,4849,1
2021-01-22,Los Angeles,37,10098052,1084311,1031177,36943,1068120,14777
2021-01-22,Madera,39,155013,14315,13781,712,14493,86
2021-01-22,Marin,41,260295,12037,11769,132,11901,177
2021-01-22,Mariposa,43,17540,346,323,4,327,3
2021-01-22,Mendocino,45,87422,3165,2994,55,3049,32
2021-01-22,Merced,47,269075,25326,24616,688,25304,290
2021-01-22,Modoc,49,8938,303,285,93,378,0
2021-01-22,Mono,51,14174,1109,1108,13,1121,3
2021-01-22,Monterey,53,433212,38242,36909,1336,38245,253
2021-01-22,Napa,55,140530,8199,7828,31,7859,40
2021-01-22,Nevada,57,99092,3516,3296,140,3436,18
2021-01-22,Orange,59,3164182,227137,220384,9487,229871,2542
2021-01-22,Placer,61,380077,18798,17636,954,18590,193
2021-01-22,Plumas,63,18699,606,522,11,533,2
2021-01-22,Riverside,65,2383286,262266,252440,13122,265562,2710
2021-01-22,Sacramento,67,1510023,85189,82861,1048,83909,1094
2021-01-22,San Benito,69,59416,5266,5143,68,5211,43
2021-01-22,San Bernardino,71,2135413,269597,259121,7904,267025,1849
2021-01-22,San Diego,73,3302833,237708,222576,0,222576,2301
2021-01-22,San Francisco,75,870044,30830,30027,807,30834,266
2021-01-22,San Joaquin,77,732212,60780,58485,2511,60996,812
2021-01-22,San Luis Obispo,79,281455,17291,16336,470,16806,172
2021-01-22,San Mateo,81,765935,35551,33401,307,33708,211
2021-01-22,Santa Barbara,83,443738,28056,25989,988,26977,256
2021-01-22,Santa Clara,85,1922200,99085,96435,461,96896,1062
2021-01-22,Santa Cruz,87,273765,13871,12687,708,13395,123
2021-01-22,Shasta,89,179085,10113,9866,1083,10949,103
2021-01-22,Sierra,91,2930,45,40,14,54,0
2021-01-22,Siskiyou,93,43540,1263,1182,206,1388,4
2021-01-22,Solano,95,438530,27083,26048,303,26351,107
2021-01-22,Sonoma,97,501317,25328,24659,134,24793,232
2021-01-22,Stanislaus,99,539301,45310,43489,4764,48253,599
2021-01-22,Sutter,101,95872,8053,7878,80,7958,80
2021-01-22,Tehama,103,63373,4122,3993,474,4467,19
2021-01-22,Trinity,105,12862,316,263,32,295,3
2021-01-22,Tulare,107,460477,43845,42307,6605,48912,573
2021-01-22,Tuolumne,109,53932,3451,3379,57,3436,29
2021-01-22,Ventura,111,848112,67444,64404,2482,66886,426
2021-01-22,Yolo,113,214977,11743,11014,146,11160,141
2021-01-22,Yuba,115,75493,4985,4789,67,4856,29
2021-01-21,Alameda,1,1643700,71757,69314,1578,70892,739
2021-01-21,Alpine,3,1148,74,71,0,71,0
2021-01-21,Amador,5,37829,3111,3038,26,3064,29
2021-01-21,Butte,7,227075,10205,9643,1473,11116,130
2021-01-21,Calaveras,9,45235,1685,1647,11,1658,21
2021-01-21,Colusa,11,21464,1712,1662,193,1855,7
2021-01-21,Contra Costa,13,1133247,55974,53595,960,54555,478
2021-01-21,Del Norte,15,27424,856,850,0,850,2
2021-01-21,El Dorado,17,186661,8320,7823,577,8400,58
2021-01-21,Fresno,19,978130,87944,84137,6929,91066,889
2021-01-21,Glenn,21,27897,2057,1964,426,2390,13
2021-01-21,Humboldt,23,135768,2628,2423,15,2438,23
2021-01-21,Imperial,25,180216,26047,25509,2407,27916,463
2021-01-21,Inyo,27,18085,1025,946,1,947,26
2021-01-21,Kern,29,883053,84950,81328,8160,89488,769
2021-01-21,Kings,31,150075,20298,19633,883,20516,158
2021-01-21,Lake,33,64148,2770,2669,0,2669,32
2021-01-21,Lassen,35,31185,4872,4763,84,4847,1
2021-01-21,Los Angeles,37,10098052,1077682,1023055,36603,1059658,14537
2021-01-21,Madera,39,155013,14249,13664,704,14368,86
2021-01-21,Marin,41,260295,11980,11732,130,11862,173
2021-01-21,Mariposa,43,17540,342,322,4,326,3
2021-01-21,Mendocino,45,87422,3142,2967,53,3020,32
2021-01-21,Merced,47,269075,25172,24426,682,25108,245
2021-01-21,Modoc,49,8938,300,284,92,376,0
2021-01-21,Mono,51,14174,1104,1104,13,1117,3
2021-01-21,Monterey,53,433212,37962,36149,1325,37474,253
2021-01-21,Napa,55,140530,8135,7774,31,7805,40
2021-01-21,Nevada,57,99092,3487,3274,139,3413,18
2021-01-21,Orange,59,3164182,225761,218867,9428,228295,2540
2021-01-21,Placer,61,380077,18714,17553,950,18503,190
2021-01-21,Plumas,63,18699,602,518,11,529,2
2021-01-21,Riverside,65,2383286,260553,251007,13039,264046,2676
2021-01-21,Sacramento,67,1510023,84710,82303,1028,83331,1084
2021-01-21,San Benito,69,59416,5233,5100,62,5162,43
2021-01-21,San Bernardino,71,2135413,268252,257754,7835,265589,1832
2021-01-21,San Diego,73,3302833,235935,219729,0,219729,2222
2021-01-21,San Francisco,75,870044,30653,29801,773,30574,266
2021-01-21,San Joaquin,77,732212,60472,58270,2490,60760,806
2021-01-21,San Luis Obispo,79,281455,17205,16153,462,16615,169
2021-01-21,San Mateo,81,765935,35307,33156,293,33449,210
2021-01-21,Santa Barbara,83,443738,27773,25654,974,26628,253
2021-01-21,Santa Clara,85,1922200,98464,96028,453,96481,1062
2021-01-21,Santa Cruz,87,273765,13787,12548,698,13246,119
2021-01-21,Shasta,89,179085,10071,9795,1065,10860,98
2021-01-21,Sierra,91,2930,45,40,14,54,0
2021-01-21,Siskiyou,93,43540,1260,1178,202,1380,4
2021-01-21,Solano,95,438530,26902,25885,299,26184,106
2021-01-21,Sonoma,97,501317,25186,24440,132,24572,230
2021-01-21,Stanislaus,99,539301,45008,43223,4718,47941,599
2021-01-21,Sutter,101,95872,8019,7822,80,7902,80
2021-01-21,Tehama,103,63373,4086,3938,474,4412,19
2021-01-21,Trinity,105,12862,316,261,32,293,3
2021-01-21,Tulare,107,460477,43640,42082,6523,48605,569
2021-01-21,Tuolumne,109,53932,3441,3365,57,3422,29
2021-01-21,Ventura,111,848112,66754,63995,2460,66455,420
2021-01-21,Yolo,113,214977,11650,10940,138,11078,141
2021-01-21,Yuba,115,75493,4953,4757,66,4823,29
2021-01-20,Alameda,1,1643700,71239,68785,1563,70348,702
2021-01-20,Alpine,3,1148,74,71,0,71,0
2021-01-20,Amador,5,37829,3080,3036,26,3062,29
2021-01-20,Butte,7,227075,10148,9582,1462,11044,130
2021-01-20,Calaveras,9,45235,1663,1637,10,1647,21
2021-01-20,Colusa,11,21464,1696,1630,188,1818,7
2021-01-20,Contra Costa,13,1133247,55520,53108,954,54062,461
2021-01-20,Del Norte,15,27424,855,848,0,848,2
2021-01-20,El Dorado,17,186661,8274,7785,573,8358,53
2021-01-20,Fresno,19,978130,87523,83591,6873,90464,872
2021-01-20,Glenn,21,27897,2039,1955,423,2378,13
2021-01-20,Humboldt,23,135768,2586,2390,15,2405,22
2021-01-20,Imperial,25,180216,25979,25380,2371,27751,461
2021-01-20,Inyo,27,18085,1015,901,1,902,26
2021-01-20,Kern,29,883053,84501,80701,8053,88754,754
2021-01-20,Kings,31,150075,20209,19522,874,20396,146
2021-01-20,Lake,33,64148,2747,2646,0,2646,31
2021-01-20,Lassen,35,31185,4864,4758,82,4840,1
2021-01-20,Los Angeles,37,10098052,1070215,1015608,36308,1051916,14299
2021-01-20,Madera,39,155013,14184,13585,699,14284,86
2021-01-20,Marin,41,260295,11927,11684,128,11812,171
2021-01-20,Mariposa,43,17540,340,322,4,326,3
2021-01-20,Mendocino,45,87422,3127,2957,53,3010,32
2021-01-20,Merced,47,269075,24998,24220,661,24881,243
2021-01-20,Modoc,49,8938,299,282,92,374,0
2021-01-20,Mono,51,14174,1097,1105,12,1117,3
2021-01-20,Monterey,53,433212,37646,35960,1302,37262,249
2021-01-20,Napa,55,140530,8066,7731,30,7761,40
2021-01-20,Nevada,57,99092,3455,3238,139,3377,18
2021-01-20,Orange,59,3164182,224222,216893,9362,226255,2500
2021-01-20,Placer,61,380077,18611,17455,931,18386,186
2021-01-20,Plumas,63,18699,600,512,11,523,2
2021-01-20,Riverside,65,2383286,258546,248686,12951,261637,2615
2021-01-20,Sacramento,67,1510023,84145,81687,1016,82703,1072
2021-01-20,San Benito,69,59416,5203,5036,61,5097,35
2021-01-20,San Bernardino,71,2135413,266890,255921,7780,263701,1801
2021-01-20,San Diego,73,3302833,234082,218553,0,218553,2174
2021-01-20,San Francisco,75,870044,30457,29665,753,30418,262
2021-01-20,San Joaquin,77,732212,60069,58025,2481,60506,783
2021-01-20,San Luis Obispo,79,281455,17023,15936,453,16389,164
2021-01-20,San Mateo,81,765935,35083,32929,292,33221,210
2021-01-20,Santa Barbara,83,443738,27460,25312,961,26273,248
2021-01-20,Santa Clara,85,1922200,97784,94995,451,95446,1040
2021-01-20,Santa Cruz,87,273765,13681,12460,684,13144,107
2021-01-20,Shasta,89,179085,10019,9697,1054,10751,98
2021-01-20,Sierra,91,2930,45,40,14,54,0
2021-01-20,Siskiyou,93,43540,1254,1163,201,1364,4
2021-01-20,Solano,95,438530,26708,25659,295,25954,106
2021-01-20,Sonoma,97,501317,25039,24262,130,24392,223
2021-01-20,Stanislaus,99,539301,44719,42955,4670,47625,585
2021-01-20,Sutter,101,95872,7968,7772,78,7850,80
2021-01-20,Tehama,103,63373,4061,3892,473,4365,19
2021-01-20,Trinity,105,12862,316,260,32,292,3
2021-01-20,Tulare,107,460477,43390,41799,6423,48222,559
2021-01-20,Tuolumne,109,53932,3427,3355,56,3411,29
2021-01-20,Ventura,111,848112,65799,63413,2431,65844,395
2021-01-20,Yolo,113,214977,11578,10852,135,10987,141
2021-01-20,Yuba,115,75493,4926,4729,66,4795,29
2021-01-19,Alameda,1,1643700,70572,68434,1553,69987,680
2021-01-19,Alpine,3,1148,74,71,0,71,0
2021-01-19,Amador,5,37829,3071,3024,26,3050,28
2021-01-19,Butte,7,227075,10083,9528,1448,10976,129
2021-01-19,Calaveras,9,45235,1648,1621,9,1630,21
2021-01-19,Colusa,11,21464,1674,1617,180,1797,7
2021-01-19,Contra Costa,13,1133247,55023,52730,943,53673,448
2021-01-19,Del Norte,15,27424,854,843,0,843,2
2021-01-19,El Dorado,17,186661,8213,7743,565,8308,47
2021-01-19,Fresno,19,978130,87008,83200,6821,90021,857
2021-01-19,Glenn,21,27897,2028,1948,417,2365,13
2021-01-19,Humboldt,23,135768,2562,2359,12,2371,22
2021-01-19,Imperial,25,180216,25900,25333,2354,27687,452
2021-01-19,Inyo,27,18085,1008,891,1,892,26
2021-01-19,Kern,29,883053,83915,80272,7946,88218,742
2021-01-19,Kings,31,150075,20070,19375,862,20237,143
2021-01-19,Lake,33,64148,2733,2625,0,2625,31
2021-01-19,Lassen,35,31185,4857,4753,82,4835,1
2021-01-19,Los Angeles,37,10098052,1061572,1010375,36021,1046396,14014
2021-01-19,Madera,39,155013,14067,13528,692,14220,86
2021-01-19,Marin,41,260295,11869,11654,124,11778,169
2021-01-19,Mariposa,43,17540,340,322,4,326,3
2021-01-19,Mendocino,45,87422,3110,2930,53,2983,32
2021-01-19,Merced,47,269075,24784,24108,655,24763,242
2021-01-19,Modoc,49,8938,298,281,92,373,0
2021-01-19,Mono,51,14174,1096,1106,12,1118,3
2021-01-19,Monterey,53,433212,37320,35840,1278,37118,248
2021-01-19,Napa,55,140530,8007,7672,30,7702,38
2021-01-19,Nevada,57,99092,3437,3216,137,3353,18
2021-01-19,Orange,59,3164182,222471,215244,9293,224537,2468
2021-01-19,Placer,61,380077,18511,17348,921,18269,182
2021-01-19,Plumas,63,18699,593,509,11,520,2
2021-01-19,Riverside,65,2383286,256488,246248,12865,259113,2585
2021-01-19,Sacramento,67,1510023,83613,81183,996,82179,1053
2021-01-19,San Benito,69,59416,5157,4988,60,5048,35
2021-01-19,San Bernardino,71,2135413,265126,253651,7714,261365,1777
2021-01-19,San Diego,73,3302833,231663,216833,0,216833,2109
2021-01-19,San Francisco,75,870044,30241,29502,721,30223,261
2021-01-19,San Joaquin,77,732212,59687,57655,2466,60121,782
2021-01-19,San Luis Obispo,79,281455,16759,15855,450,16305,161
2021-01-19,San Mateo,81,765935,34798,32730,280,33010,208
2021-01-19,Santa Barbara,83,443738,27080,24991,942,25933,236
2021-01-19,Santa Clara,85,1922200,97000,94483,449,94932,1010
2021-01-19,Santa Cruz,87,273765,13566,12410,674,13084,106
2021-01-19,Shasta,89,179085,9983,9614,1044,10658,93
2021-01-19,Sierra,91,2930,45,40,12,52,0
2021-01-19,Siskiyou,93,43540,1246,1149,200,1349,4
2021-01-19,Solano,95,438530,26461,25520,295,25815,106
2021-01-19,Sonoma,97,501317,24861,24133,128,24261,223
2021-01-19,Stanislaus,99,539301,44369,42723,4614,47337,561
2021-01-19,Sutter,101,95872,7917,7709,72,7781,80
2021-01-19,Tehama,103,63373,4027,3876,471,4347,19
2021-01-19,Trinity,105,12862,315,260,32,292,3
2021-01-19,Tulare,107,460477,43118,41559,6320,47879,549
2021-01-19,Tuolumne,109,53932,3400,3328,56,3384,29
2021-01-19,Ventura,111,848112,65123,62656,2404,65060,383
2021-01-19,Yolo,113,214977,11498,10789,135,10924,134
2021-01-19,Yuba,115,75493,4892,4695,65,4760,29
2021-01-18,Alameda,1,1643700,69891,67938,1536,69474,680
2021-01-18,Alpine,3,1148,74,71,0,71,0
2021-01-18,Amador,5,37829,3057,3016,26,3042,28
2021-01-18,Butte,7,227075,9996,9474,1435,10909,129
2021-01-18,Calaveras,9,45235,1630,1617,8,1625,21
2021-01-18,Colusa,11,21464,1657,1608,175,1783,7
2021-01-18,Contra Costa,13,1133247,54503,52323,935,53258,448
2021-01-18,Del Norte,15,27424,853,840,0,840,2
2021-01-18,El Dorado,17,186661,8144,7707,563,8270,47
2021-01-18,Fresno,19,978130,86399,82485,6750,89235,857
2021-01-18,Glenn,21,27897,2011,1935,413,2348,13
2021-01-18,Humboldt,23,135768,2525,2343,12,2355,22
2021-01-18,Imperial,25,180216,25833,25317,2326,27643,452
2021-01-18,Inyo,27,18085,996,872,1,873,26
2021-01-18,Kern,29,883053,83277,79930,7853,87783,740
2021-01-18,Kings,31,150075,19902,19267,849,20116,141
2021-01-18,Lake,33,64148,2716,2591,0,2591,30
2021-01-18,Lassen,35,31185,4821,4749,81,4830,1
2021-01-18,Los Angeles,37,10098052,1052093,1002614,35720,1038334,13828
2021-01-18,Madera,39,155013,13953,13443,684,14127,85
2021-01-18,Marin,41,260295,11819,11607,122,11729,165
2021-01-18,Mariposa,43,17540,337,320,3,323,3
2021-01-18,Mendocino,45,87422,3087,2919,53,2972,31
2021-01-18,Merced,47,269075,24539,23927,638,24565,242
2021-01-18,Modoc,49,8938,295,281,89,370,0
2021-01-18,Mono,51,14174,1093,1101,12,1113,3
2021-01-18,Monterey,53,433212,36847,35549,1260,36809,247
2021-01-18,Napa,55,140530,7933,7601,30,7631,38
2021-01-18,Nevada,57,99092,3399,3199,136,3335,17
2021-01-18,Orange,59,3164182,220544,213866,9231,223097,2405
2021-01-18,Placer,61,380077,18394,17263,911,18174,182
2021-01-18,Plumas,63,18699,589,506,11,517,2
2021-01-18,Riverside,65,2383286,254212,244151,12772,256923,2568
2021-01-18,Sacramento,67,1510023,82936,80546,980,81526,1046
2021-01-18,San Benito,69,59416,5106,4963,58,5021,35
2021-01-18,San Bernardino,71,2135413,263333,252808,7653,260461,1775
2021-01-18,San Diego,73,3302833,229021,214335,0,214335,2103
2021-01-18,San Francisco,75,870044,30035,29321,697,30018,259
2021-01-18,San Joaquin,77,732212,59164,57405,2443,59848,782
2021-01-18,San Luis Obispo,79,281455,16572,15742,440,16182,158
2021-01-18,San Mateo,81,765935,34487,32515,260,32775,208
2021-01-18,Santa Barbara,83,443738,26707,24638,928,25566,235
2021-01-18,Santa Clara,85,1922200,96100,93688,445,94133,992
2021-01-18,Santa Cruz,87,273765,13434,12298,661,12959,106
2021-01-18,Shasta,89,179085,9945,9600,1032,10632,92
2021-01-18,Sierra,91,2930,44,40,12,52,0
2021-01-18,Siskiyou,93,43540,1234,1144,198,1342,4
2021-01-18,Solano,95,438530,26176,25344,290,25634,105
2021-01-18,Sonoma,97,501317,24586,24068,127,24195,223
2021-01-18,Stanislaus,99,539301,44012,42413,4564,46977,562
2021-01-18,Sutter,101,95872,7860,7680,69,7749,78
2021-01-18,Tehama,103,63373,3980,3854,464,4318,19
2021-01-18,Trinity,105,12862,315,260,32,292,3
2021-01-18,Tulare,107,460477,42833,41196,6201,47397,549
2021-01-18,Tuolumne,109,53932,3377,3318,55,3373,28
2021-01-18,Ventura,111,848112,64695,61859,2381,64240,379
2021-01-18,Yolo,113,214977,11365,10620,132,10752,134
2021-01-18,Yuba,115,75493,4864,4671,63,4734,29
2021-01-17,Alameda,1,1643700,69316,67375,1516,68891,676
2021-01-17,Alpine,3,1148,74,71,0,71,0
2021-01-17,Amador,5,37829,3050,3001,26,3027,28
2021-01-17,Butte,7,227075,9924,9411,1413,10824,129
2021-01-17,Calaveras,9,45235,1618,1608,8,1616,21
2021-01-17,Colusa,11,21464,1644,1588,169,1757,7
2021-01-17,Contra Costa,13,1133247,54009,51932,928,52860,447
2021-01-17,Del Norte,15,27424,853,838,0,838,2
2021-01-17,El Dorado,17,186661,8088,7659,550,8209,47
2021-01-17,Fresno,19,978130,85845,82039,6673,88712,857
2021-01-17,Glenn,21,27897,1999,1924,408,2332,9
2021-01-17,Humboldt,23,135768,2487,2322,10,2332,22
2021-01-17,Imperial,25,180216,25762,25253,2281,27534,451
2021-01-17,Inyo,27,18085,990,864,1,865,26
2021-01-17,Kern,29,883053,82729,79489,7767,87256,738
2021-01-17,Kings,31,150075,19766,19201,835,20036,131
2021-01-17,Lake,33,64148,2698,2572,0,2572,30
2021-01-17,Lassen,35,31185,4813,4740,80,4820,1
2021-01-17,Los Angeles,37,10098052,1045496,993028,35290,1028318,13741
2021-01-17,Madera,39,155013,13861,13328,678,14006,85
2021-01-17,Marin,41,260295,11767,11552,120,11672,164
2021-01-17,Mariposa,43,17540,337,319,3,322,3
2021-01-17,Mendocino,45,87422,3059,2912,52,2964,31
2021-01-17,Merced,47,269075,24325,23800,624,24424,242
2021-01-17,Modoc,49,8938,294,279,89,368,0
2021-01-17,Mono,51,14174,1087,1091,11,1102,3
2021-01-17,Monterey,53,433212,36615,35340,1235,36575,244
2021-01-17,Napa,55,140530,7877,7521,30,7551,38
2021-01-17,Nevada,57,99092,3374,3176,134,3310,17
2021-01-17,Orange,59,3164182,218531,212389,9151,221540,2359
2021-01-17,Placer,61,380077,18274,17194,895,18089,181
2021-01-17,Plumas,63,18699,588,505,10,515,2
2021-01-17,Riverside,65,2383286,252125,242206,12646,254852,2534
2021-01-17,Sacramento,67,1510023,82342,80154,966,81120,1045
2021-01-17,San Benito,69,59416,5068,4941,58,4999,35
2021-01-17,San Bernardino,71,2135413,261200,251487,7562,259049,1775
2021-01-17,San Diego,73,3302833,226828,211785,0,211785,2103
2021-01-17,San Francisco,75,870044,29847,29139,657,29796,255
2021-01-17,San Joaquin,77,732212,58798,57094,2427,59521,780
2021-01-17,San Luis Obispo,79,281455,16450,15658,431,16089,157
2021-01-17,San Mateo,81,765935,34235,32186,235,32421,208
2021-01-17,Santa Barbara,83,443738,26260,24401,912,25313,235
2021-01-17,Santa Clara,85,1922200,95340,92752,443,93195,976
2021-01-17,Santa Cruz,87,273765,13322,12196,658,12854,106
2021-01-17,Shasta,89,179085,9887,9588,1024,10612,92
2021-01-17,Sierra,91,2930,44,38,11,49,0
2021-01-17,Siskiyou,93,43540,1227,1136,195,1331,4
2021-01-17,Solano,95,438530,25945,25216,288,25504,105
2021-01-17,Sonoma,97,501317,24412,23871,127,23998,223
2021-01-17,Stanislaus,99,539301,43695,42221,4512,46733,562
2021-01-17,Sutter,101,95872,7797,7604,67,7671,77
2021-01-17,Tehama,103,63373,3951,3837,459,4296,18
2021-01-17,Trinity,105,12862,315,261,32,293,3
2021-01-17,Tulare,107,460477,42548,41016,6072,47088,549
2021-01-17,Tuolumne,109,53932,3360,3287,55,3342,27
2021-01-17,Ventura,111,848112,63855,61257,2333,63590,376
2021-01-17,Yolo,113,214977,11263,10519,131,10650,134
2021-01-17,Yuba,115,75493,4813,4640,61,4701,28
2021-01-16,Alameda,1,1643700,69009,66583,1502,68085,673
2021-01-16,Alpine,3,1148,74,71,0,71,0
2021-01-16,Amador,5,37829,3047,2986,26,3012,28
2021-01-16,Butte,7,227075,9894,9359,1393,10752,129
2021-01-16,Calaveras,9,45235,1607,1596,8,1604,21
2021-01-16,Colusa,11,21464,1632,1578,169,1747,7
2021-01-16,Contra Costa,13,1133247,53752,51363,919,52282,443
2021-01-16,Del Norte,15,27424,848,833,0,833,2
2021-01-16,El Dorado,17,186661,8066,7575,549,8124,47
2021-01-16,Fresno,19,978130,85574,81294,6619,87913,846
2021-01-16,Glenn,21,27897,1995,1894,404,2298,9
2021-01-16,Humboldt,23,135768,2467,2294,8,2302,22
2021-01-16,Imperial,25,180216,25729,25140,2274,27414,451
2021-01-16,Inyo,27,18085,986,845,1,846,25
2021-01-16,Kern,29,883053,82366,78865,7711,86576,733
2021-01-16,Kings,31,150075,19710,19072,832,19904,131
2021-01-16,Lake,33,64148,2689,2504,0,2504,30
2021-01-16,Lassen,35,31185,4803,4719,80,4799,1
2021-01-16,Los Angeles,37,10098052,1041431,982684,35040,1017724,13654
2021-01-16,Madera,39,155013,13797,13193,674,13867,85
2021-01-16,Marin,41,260295,11723,11482,120,11602,164
2021-01-16,Mariposa,43,17540,336,317,3,320,3
2021-01-16,Mendocino,45,87422,3045,2890,50,2940,31
2021-01-16,Merced,47,269075,24236,23478,612,24090,242
2021-01-16,Modoc,49,8938,294,278,89,367,0
2021-01-16,Mono,51,14174,1086,1079,11,1090,3
2021-01-16,Monterey,53,433212,36518,34972,1217,36189,243
2021-01-16,Napa,55,140530,7838,7356,30,7386,39
2021-01-16,Nevada,57,99092,3341,3144,134,3278,17
2021-01-16,Orange,59,3164182,217496,210111,9092,219203,2312
2021-01-16,Placer,61,380077,18215,16995,893,17888,177
2021-01-16,Plumas,63,18699,586,502,10,512,2
2021-01-16,Riverside,65,2383286,250775,239412,12524,251936,2506
2021-01-16,Sacramento,67,1510023,81970,79122,948,80070,1033
2021-01-16,San Benito,69,59416,5032,4875,58,4933,35
2021-01-16,San Bernardino,71,2135413,260437,249401,7496,256897,1755
2021-01-16,San Diego,73,3302833,225532,209895,0,209895,2065
2021-01-16,San Francisco,75,870044,29720,28853,625,29478,244
2021-01-16,San Joaquin,77,732212,58557,56642,2394,59036,776
2021-01-16,San Luis Obispo,79,281455,16351,15466,429,15895,152
2021-01-16,San Mateo,81,765935,34067,31805,229,32034,208
2021-01-16,Santa Barbara,83,443738,26066,24088,904,24992,229
2021-01-16,Santa Clara,85,1922200,94879,91584,436,92020,954
2021-01-16,Santa Cruz,87,273765,13263,12026,656,12682,106
2021-01-16,Shasta,89,179085,9854,9547,1020,10567,92
2021-01-16,Sierra,91,2930,43,38,11,49,0
2021-01-16,Siskiyou,93,43540,1223,1124,195,1319,4
2021-01-16,Solano,95,438530,25840,24732,281,25013,103
2021-01-16,Sonoma,97,501317,24328,23607,126,23733,223
2021-01-16,Stanislaus,99,539301,43506,41809,4462,46271,562
2021-01-16,Sutter,101,95872,7765,7560,67,7627,76
2021-01-16,Tehama,103,63373,3938,3783,459,4242,18
2021-01-16,Trinity,105,12862,315,261,32,293,3
2021-01-16,Tulare,107,460477,42362,40655,5996,46651,542
2021-01-16,Tuolumne,109,53932,3353,3269,55,3324,27
2021-01-16,Ventura,111,848112,63302,60368,2303,62671,369
2021-01-16,Yolo,113,214977,11213,10406,130,10536,134
2021-01-16,Yuba,115,75493,4782,4602,61,4663,27
2021-01-15,Alameda,1,1643700,68586,65416,1491,66907,672
2021-01-15,Alpine,3,1148,74,71,0,71,0
2021-01-15,Amador,5,37829,3040,2953,26,2979,28
2021-01-15,Butte,7,227075,9856,9233,1375,10608,129
2021-01-15,Calaveras,9,45235,1600,1538,8,1546,21
2021-01-15,Colusa,11,21464,1621,1541,165,1706,7
2021-01-15,Contra Costa,13,1133247,53427,50408,912,51320,428
2021-01-15,Del Norte,15,27424,844,828,0,828,2
2021-01-15,El Dorado,17,186661,8018,7439,540,7979,47
2021-01-15,Fresno,19,978130,85036,79950,6585,86535,832
2021-01-15,Glenn,21,27897,1990,1824,402,2226,9
2021-01-15,Humboldt,23,135768,2440,2218,7,2225,22
2021-01-15,Imperial,25,180216,25695,24944,2270,27214,446
2021-01-15,Inyo,27,18085,968,814,1,815,25
2021-01-15,Kern,29,883053,81957,77873,7646,85519,719
2021-01-15,Kings,31,150075,19603,18661,824,19485,131
2021-01-15,Lake,33,64148,2661,2434,0,2434,28
2021-01-15,Lassen,35,31185,4792,4693,78,4771,1
2021-01-15,Los Angeles,37,10098052,1034412,968979,34737,1003716,13404
2021-01-15,Madera,39,155013,13708,12883,671,13554,85
2021-01-15,Marin,41,260295,11673,11310,120,11430,160
2021-01-15,Mariposa,43,17540,334,307,3,310,3
2021-01-15,Mendocino,45,87422,3034,2835,50,2885,31
2021-01-15,Merced,47,269075,24123,23060,608,23668,239
2021-01-15,Modoc,49,8938,294,278,87,365,0
2021-01-15,Mono,51,14174,1083,1057,11,1068,3
2021-01-15,Monterey,53,433212,36310,34460,1156,35616,243
2021-01-15,Napa,55,140530,7776,7231,30,7261,38
2021-01-15,Nevada,57,99092,3328,3099,130,3229,17
2021-01-15,Orange,59,3164182,216130,207129,9040,216169,2254
2021-01-15,Placer,61,380077,18114,16712,883,17595,173
2021-01-15,Plumas,63,18699,583,499,10,509,2
2021-01-15,Riverside,65,2383286,248944,235235,12445,247680,2458
2021-01-15,Sacramento,67,1510023,81552,80279,940,81219,1023
2021-01-15,San Benito,69,59416,4988,4766,56,4822,35
2021-01-15,San Bernardino,71,2135413,259287,246182,7438,253620,1726
2021-01-15,San Diego,73,3302833,223784,206868,0,206868,2037
2021-01-15,San Francisco,75,870044,29550,28574,603,29177,242
2021-01-15,San Joaquin,77,732212,58327,55885,2379,58264,748
2021-01-15,San Luis Obispo,79,281455,16219,15129,423,15552,148
2021-01-15,San Mateo,81,765935,33823,31291,225,31516,208
2021-01-15,Santa Barbara,83,443738,25791,23487,892,24379,226
2021-01-15,Santa Clara,85,1922200,94230,90103,431,90534,942
2021-01-15,Santa Cruz,87,273765,13154,11776,641,12417,105
2021-01-15,Shasta,89,179085,9815,9459,1012,10471,91
2021-01-15,Sierra,91,2930,42,36,10,46,0
2021-01-15,Siskiyou,93,43540,1219,1119,194,1313,4
2021-01-15,Solano,95,438530,25691,24222,278,24500,103
2021-01-15,Sonoma,97,501317,24198,23204,125,23329,222
2021-01-15,Stanislaus,99,539301,43263,41178,4424,45602,562
2021-01-15,Sutter,101,95872,7718,7484,66,7550,75
2021-01-15,Tehama,103,63373,3917,3714,458,4172,17
2021-01-15,Trinity,105,12862,315,262,32,294,3
2021-01-15,Tulare,107,460477,42113,39951,5911,45862,535
2021-01-15,Tuolumne,109,53932,3337,3231,55,3286,27
2021-01-15,Ventura,111,848112,62558,59061,2269,61330,353
2021-01-15,Yolo,113,214977,11155,10240,129,10369,134
2021-01-15,Yuba,115,75493,4761,4549,61,4610,27
2021-01-14,Alameda,1,1643700,67947,64364,1476,65840,686
2021-01-14,Alpine,3,1148,74,71,0,71,0
2021-01-14,Amador,5,37829,3034,2940,26,2966,28
2021-01-14,Butte,7,227075,9772,9127,1353,10480,129
2021-01-14,Calaveras,9,45235,1583,1513,8,1521,21
2021-01-14,Colusa,11,21464,1606,1535,162,1697,7
2021-01-14,Contra Costa,13,1133247,52873,49545,895,50440,415
2021-01-14,Del Norte,15,27424,838,821,0,821,2
2021-01-14,El Dorado,17,186661,7945,7321,531,7852,45
2021-01-14,Fresno,19,978130,84404,79033,6510,85543,814
2021-01-14,Glenn,21,27897,1977,1798,397,2195,9
2021-01-14,Humboldt,23,135768,2397,2169,7,2176,22
2021-01-14,Imperial,25,180216,25588,24882,2234,27116,447
2021-01-14,Inyo,27,18085,961,790,1,791,25
2021-01-14,Kern,29,883053,81294,77070,7542,84612,705
2021-01-14,Kings,31,150075,19474,18405,818,19223,108
2021-01-14,Lake,33,64148,2618,2378,0,2378,27
2021-01-14,Lassen,35,31185,4782,4673,76,4749,1
2021-01-14,Los Angeles,37,10098052,1024382,954652,34337,988989,13147
2021-01-14,Madera,39,155013,13592,12742,659,13401,85
2021-01-14,Marin,41,260295,11598,11155,119,11274,159
2021-01-14,Mariposa,43,17540,331,302,3,305,3
2021-01-14,Mendocino,45,87422,3020,2801,48,2849,31
2021-01-14,Merced,47,269075,23895,22780,598,23378,239
2021-01-14,Modoc,49,8938,294,273,87,360,0
2021-01-14,Mono,51,14174,1075,1020,11,1031,3
2021-01-14,Monterey,53,433212,35903,34105,1138,35243,242
2021-01-14,Napa,55,140530,7691,7117,30,7147,38
2021-01-14,Nevada,57,99092,3301,3075,128,3203,17
2021-01-14,Orange,59,3164182,214203,204442,8947,213389,2162
2021-01-14,Placer,61,380077,17953,16488,875,17363,169
2021-01-14,Plumas,63,18699,575,496,10,506,2
2021-01-14,Riverside,65,2383286,246327,231684,12341,244025,2357
2021-01-14,Sacramento,67,1510023,80915,79137,915,80052,1007
2021-01-14,San Benito,69,59416,4950,4678,55,4733,35
2021-01-14,San Bernardino,71,2135413,257329,243379,7362,250741,1750
2021-01-14,San Diego,73,3302833,221394,204173,0,204173,2005
2021-01-14,San Francisco,75,870044,29307,28200,550,28750,238
2021-01-14,San Joaquin,77,732212,57815,55058,2364,57422,739
2021-01-14,San Luis Obispo,79,281455,16060,14851,413,15264,146
2021-01-14,San Mateo,81,765935,33458,30694,216,30910,208
2021-01-14,Santa Barbara,83,443738,25383,23126,865,23991,219
2021-01-14,Santa Clara,85,1922200,93339,88505,424,88929,910
2021-01-14,Santa Cruz,87,273765,13007,11583,625,12208,109
2021-01-14,Shasta,89,179085,9767,9334,995,10329,90
2021-01-14,Sierra,91,2930,42,35,9,44,0
2021-01-14,Siskiyou,93,43540,1208,1108,190,1298,3
2021-01-14,Solano,95,438530,25430,23782,274,24056,103
2021-01-14,Sonoma,97,501317,23946,22910,125,23035,202
2021-01-14,Stanislaus,99,539301,42944,40597,4382,44979,574
2021-01-14,Sutter,101,95872,7659,7416,63,7479,74
2021-01-14,Tehama,103,63373,3887,3664,454,4118,17
2021-01-14,Trinity,105,12862,315,261,31,292,3
2021-01-14,Tulare,107,460477,41733,39565,5798,45363,533
2021-01-14,Tuolumne,109,53932,3317,3215,55,3270,28
2021-01-14,Ventura,111,848112,61687,57941,2230,60171,347
2021-01-14,Yolo,113,214977,11044,10097,123,10220,135
2021-01-14,Yuba,115,75493,4729,4496,61,4557,27
2021-01-13,Alameda,1,1643700,67199,63568,1457,65025,690
2021-01-13,Alpine,3,1148,74,71,0,71,0
2021-01-13,Amador,5,37829,3020,2914,26,2940,26
2021-01-13,Butte,7,227075,9693,9013,1338,10351,126
2021-01-13,Calaveras,9,45235,1562,1493,8,1501,21
2021-01-13,Colusa,11,21464,1594,1524,157,1681,7
2021-01-13,Contra Costa,13,1133247,52298,48877,882,49759,403
2021-01-13,Del Norte,15,27424,834,820,0,820,2
2021-01-13,El Dorado,17,186661,7852,7247,523,7770,43
2021-01-13,Fresno,19,978130,83697,78278,6456,84734,804
2021-01-13,Glenn,21,27897,1963,1792,389,2181,9
2021-01-13,Humboldt,23,135768,2365,2114,7,2121,22
2021-01-13,Imperial,25,180216,25460,24717,2202,26919,463
2021-01-13,Inyo,27,18085,949,785,1,786,25
2021-01-13,Kern,29,883053,80630,76049,7451,83500,704
2021-01-13,Kings,31,150075,19309,18121,792,18913,108
2021-01-13,Lake,33,64148,2574,2305,0,2305,27
2021-01-13,Lassen,35,31185,4775,4663,75,4738,1
2021-01-13,Los Angeles,37,10098052,1013747,937985,33904,971889,12873
2021-01-13,Madera,39,155013,13468,12570,653,13223,85
2021-01-13,Marin,41,260295,11541,11039,119,11158,161
2021-01-13,Mariposa,43,17540,329,304,3,307,3
2021-01-13,Mendocino,45,87422,3000,2790,48,2838,31
2021-01-13,Merced,47,269075,23656,22497,586,23083,241
2021-01-13,Modoc,49,8938,293,274,84,358,0
2021-01-13,Mono,51,14174,1071,1017,11,1028,3
2021-01-13,Monterey,53,433212,35487,33748,1113,34861,241
2021-01-13,Napa,55,140530,7577,7028,30,7058,36
2021-01-13,Nevada,57,99092,3278,3037,124,3161,17
2021-01-13,Orange,59,3164182,212125,201158,8877,210035,2172
2021-01-13,Placer,61,380077,17827,16272,861,17133,172
2021-01-13,Plumas,63,18699,573,490,10,500,2
2021-01-13,Riverside,65,2383286,243232,228192,12215,240407,2278
2021-01-13,Sacramento,67,1510023,80262,78268,908,79176,996
2021-01-13,San Benito,69,59416,4896,4583,54,4637,35
2021-01-13,San Bernardino,71,2135413,254962,240191,7284,247475,1759
2021-01-13,San Diego,73,3302833,218781,201578,0,201578,1952
2021-01-13,San Francisco,75,870044,29069,27863,526,28389,238
2021-01-13,San Joaquin,77,732212,57190,54373,2332,56705,738
2021-01-13,San Luis Obispo,79,281455,15907,14625,402,15027,140
2021-01-13,San Mateo,81,765935,33115,30195,214,30409,207
2021-01-13,Santa Barbara,83,443738,24954,22714,839,23553,216
2021-01-13,Santa Clara,85,1922200,92364,87187,421,87608,911
2021-01-13,Santa Cruz,87,273765,12836,11423,610,12033,110
2021-01-13,Shasta,89,179085,9704,9180,980,10160,93
2021-01-13,Sierra,91,2930,42,33,9,42,0
2021-01-13,Siskiyou,93,43540,1202,1102,186,1288,3
2021-01-13,Solano,95,438530,25151,23503,273,23776,105
2021-01-13,Sonoma,97,501317,23695,22610,125,22735,206
2021-01-13,Stanislaus,99,539301,42547,40167,4326,44493,574
2021-01-13,Sutter,101,95872,7613,7350,62,7412,73
2021-01-13,Tehama,103,63373,3838,3589,449,4038,17
2021-01-13,Trinity,105,12862,315,260,31,291,3
2021-01-13,Tulare,107,460477,41331,39129,5687,44816,522
2021-01-13,Tuolumne,109,53932,3303,3196,55,3251,28
2021-01-13,Ventura,111,848112,60678,56453,2191,58644,338
2021-01-13,Yolo,113,214977,10942,9933,119,10052,135
2021-01-13,Yuba,115,75493,4687,4448,58,4506,27
2021-01-12,Alameda,1,1643700,66393,62642,1437,64079,677
2021-01-12,Alpine,3,1148,74,71,0,71,0
2021-01-12,Amador,5,37829,3003,2897,26,2923,26
2021-01-12,Butte,7,227075,9610,8883,1317,10200,124
2021-01-12,Calaveras,9,45235,1525,1475,8,1483,21
2021-01-12,Colusa,11,21464,1582,1510,153,1663,7
2021-01-12,Contra Costa,13,1133247,51653,48242,866,49108,399
2021-01-12,Del Norte,15,27424,830,816,0,816,2
2021-01-12,El Dorado,17,186661,7769,7156,512,7668,41
2021-01-12,Fresno,19,978130,82834,77651,6386,84037,796
2021-01-12,Glenn,21,27897,1935,1781,383,2164,9
2021-01-12,Humboldt,23,135768,2311,2077,6,2083,22
2021-01-12,Imperial,25,180216,25373,24566,2160,26726,457
2021-01-12,Inyo,27,18085,932,773,1,774,25
2021-01-12,Kern,29,883053,79931,75320,7348,82668,689
2021-01-12,Kings,31,150075,19103,18072,778,18850,108
2021-01-12,Lake,33,64148,2526,2260,0,2260,27
2021-01-12,Lassen,35,31185,4753,4659,73,4732,1
2021-01-12,Los Angeles,37,10098052,1002134,926295,33478,959773,12610
2021-01-12,Madera,39,155013,13327,12485,645,13130,85
2021-01-12,Marin,41,260295,11432,10960,119,11079,157
2021-01-12,Mariposa,43,17540,327,302,3,305,3
2021-01-12,Mendocino,45,87422,2980,2762,44,2806,31
2021-01-12,Merced,47,269075,23406,22172,563,22735,239
2021-01-12,Modoc,49,8938,291,274,84,358,0
2021-01-12,Mono,51,14174,1062,1008,11,1019,3
2021-01-12,Monterey,53,433212,34988,33381,1091,34472,240
2021-01-12,Napa,55,140530,7494,6936,30,6966,36
2021-01-12,Nevada,57,99092,3250,3014,122,3136,17
2021-01-12,Orange,59,3164182,209795,198260,8790,207050,2142
2021-01-12,Placer,61,380077,17646,16087,855,16942,163
2021-01-12,Plumas,63,18699,567,483,10,493,2
2021-01-12,Riverside,65,2383286,240120,225580,12068,237648,2266
2021-01-12,Sacramento,67,1510023,79518,77201,899,78100,985
2021-01-12,San Benito,69,59416,4829,4515,54,4569,35
2021-01-12,San Bernardino,71,2135413,252394,237008,7207,244215,1739
2021-01-12,San Diego,73,3302833,215871,198317,0,198317,1898
2021-01-12,San Francisco,75,870044,28793,27531,490,28021,238
2021-01-12,San Joaquin,77,732212,56540,53630,2301,55931,725
2021-01-12,San Luis Obispo,79,281455,15661,14367,394,14761,132
2021-01-12,San Mateo,81,765935,32727,29747,202,29949,206
2021-01-12,Santa Barbara,83,443738,24546,22182,808,22990,209
2021-01-12,Santa Clara,85,1922200,91305,86075,412,86487,904
2021-01-12,Santa Cruz,87,273765,12621,11267,593,11860,110
2021-01-12,Shasta,89,179085,9631,9086,967,10053,84
2021-01-12,Sierra,91,2930,40,33,8,41,0
2021-01-12,Siskiyou,93,43540,1192,1091,180,1271,3
2021-01-12,Solano,95,438530,24847,23160,268,23428,102
2021-01-12,Sonoma,97,501317,23391,22403,125,22528,205
2021-01-12,Stanislaus,99,539301,42096,39615,4290,43905,571
2021-01-12,Sutter,101,95872,7550,7276,61,7337,73
2021-01-12,Tehama,103,63373,3803,3567,445,4012,17
2021-01-12,Trinity,105,12862,315,258,31,289,3
2021-01-12,Tulare,107,460477,40882,38797,5565,44362,509
2021-01-12,Tuolumne,109,53932,3269,3178,55,3233,28
2021-01-12,Ventura,111,848112,59711,55342,2157,57499,324
2021-01-12,Yolo,113,214977,10804,9857,108,9965,133
2021-01-12,Yuba,115,75493,4647,4389,58,4447,27
2021-01-11,Alameda,1,1643700,65544,61949,1419,63368,652
2021-01-11,Alpine,3,1148,74,70,0,70,0
2021-01-11,Amador,5,37829,2989,2867,26,2893,24
2021-01-11,Butte,7,227075,9498,8757,1299,10056,119
2021-01-11,Calaveras,9,45235,1507,1460,8,1468,21
2021-01-11,Colusa,11,21464,1564,1494,149,1643,7
2021-01-11,Contra Costa,13,1133247,50981,47728,856,48584,398
2021-01-11,Del Norte,15,27424,826,810,0,810,2
2021-01-11,El Dorado,17,186661,7677,6987,502,7489,36
2021-01-11,Fresno,19,978130,81958,76581,6306,82887,775
2021-01-11,Glenn,21,27897,1906,1763,374,2137,9
2021-01-11,Humboldt,23,135768,2271,2069,6,2075,22
2021-01-11,Imperial,25,180216,25260,24418,2124,26542,453
2021-01-11,Inyo,27,18085,914,763,1,764,25
2021-01-11,Kern,29,883053,79080,74489,7244,81733,682
2021-01-11,Kings,31,150075,18839,17909,770,18679,108
2021-01-11,Lake,33,64148,2476,2205,0,2205,26
2021-01-11,Lassen,35,31185,4730,4647,72,4719,1
2021-01-11,Los Angeles,37,10098052,988985,914434,32985,947419,12304
2021-01-11,Madera,39,155013,13194,12366,634,13000,85
2021-01-11,Marin,41,260295,11336,10814,116,10930,156
2021-01-11,Mariposa,43,17540,320,296,3,299,3
2021-01-11,Mendocino,45,87422,2953,2728,44,2772,31
2021-01-11,Merced,47,269075,23082,21884,549,22433,238
2021-01-11,Modoc,49,8938,290,271,83,354,0
2021-01-11,Mono,51,14174,1056,1006,11,1017,3
2021-01-11,Monterey,53,433212,34453,32858,1028,33886,239
2021-01-11,Napa,55,140530,7391,6822,30,6852,36
2021-01-11,Nevada,57,99092,3223,2980,122,3102,17
2021-01-11,Orange,59,3164182,207233,196340,8689,205029,2113
2021-01-11,Placer,61,380077,17467,15919,842,16761,163
2021-01-11,Plumas,63,18699,563,477,10,487,2
2021-01-11,Riverside,65,2383286,236628,222907,11911,234818,2222
2021-01-11,Sacramento,67,1510023,78600,76009,882,76891,974
2021-01-11,San Benito,69,59416,4752,4482,47,4529,34
2021-01-11,San Bernardino,71,2135413,249572,235543,7105,242648,1739
2021-01-11,San Diego,73,3302833,212608,194793,0,194793,1857
2021-01-11,San Francisco,75,870044,28523,27264,466,27730,238
2021-01-11,San Joaquin,77,732212,55927,53002,2271,55273,725
2021-01-11,San Luis Obispo,79,281455,15291,14213,386,14599,126
2021-01-11,San Mateo,81,765935,32280,29355,189,29544,206
2021-01-11,Santa Barbara,83,443738,24109,21740,791,22531,200
2021-01-11,Santa Clara,85,1922200,90108,84851,403,85254,877
2021-01-11,Santa Cruz,87,273765,12444,11093,566,11659,106
2021-01-11,Shasta,89,179085,9533,8977,953,9930,81
2021-01-11,Sierra,91,2930,39,33,8,41,0
2021-01-11,Siskiyou,93,43540,1184,1087,177,1264,3
2021-01-11,Solano,95,438530,24527,22893,263,23156,101
2021-01-11,Sonoma,97,501317,23145,22191,125,22316,205
2021-01-11,Stanislaus,99,539301,41607,39149,4236,43385,571
2021-01-11,Sutter,101,95872,7492,7204,60,7264,71
2021-01-11,Tehama,103,63373,3739,3524,422,3946,17
2021-01-11,Trinity,105,12862,315,256,31,287,2
2021-01-11,Tulare,107,460477,40486,38380,5472,43852,497
2021-01-11,Tuolumne,109,53932,3258,3165,55,3220,27
2021-01-11,Ventura,111,848112,58578,54202,2130,56332,320
2021-01-11,Yolo,113,214977,10589,9699,106,9805,129
2021-01-11,Yuba,115,75493,4608,4349,51,4400,27
2021-01-10,Alameda,1,1643700,64565,61111,1390,62501,650
2021-01-10,Alpine,3,1148,74,70,0,70,0
2021-01-10,Amador,5,37829,2965,2861,26,2887,24
2021-01-10,Butte,7,227075,9382,8665,1272,9937,119
2021-01-10,Calaveras,9,45235,1481,1449,8,1457,21
2021-01-10,Colusa,11,21464,1540,1478,147,1625,7
2021-01-10,Contra Costa,13,1133247,50196,47109,838,47947,398
2021-01-10,Del Norte,15,27424,823,809,0,809,2
2021-01-10,El Dorado,17,186661,7590,6904,484,7388,36
2021-01-10,Fresno,19,978130,81148,75621,6183,81804,775
2021-01-10,Glenn,21,27897,1882,1746,366,2112,9
2021-01-10,Humboldt,23,135768,2210,2049,6,2055,22
2021-01-10,Imperial,25,180216,25100,24233,2069,26302,453
2021-01-10,Inyo,27,18085,886,748,1,749,25
2021-01-10,Kern,29,883053,78257,73712,7108,80820,679
2021-01-10,Kings,31,150075,18620,17812,762,18574,108
2021-01-10,Lake,33,64148,2424,2174,0,2174,26
2021-01-10,Lassen,35,31185,4708,4642,71,4713,1
2021-01-10,Los Angeles,37,10098052,974451,901783,32323,934106,12170
2021-01-10,Madera,39,155013,13007,12179,619,12798,85
2021-01-10,Marin,41,260295,11217,10737,114,10851,155
2021-01-10,Mariposa,43,17540,320,291,3,294,3
2021-01-10,Mendocino,45,87422,2922,2706,41,2747,31
2021-01-10,Merced,47,269075,22807,21691,539,22230,238
2021-01-10,Modoc,49,8938,290,271,81,352,0
2021-01-10,Mono,51,14174,1039,965,11,976,3
2021-01-10,Monterey,53,433212,34013,32571,996,33567,237
2021-01-10,Napa,55,140530,7289,6687,28,6715,36
2021-01-10,Nevada,57,99092,3204,2959,118,3077,17
2021-01-10,Orange,59,3164182,204487,193766,8565,202331,2104
2021-01-10,Placer,61,380077,17290,15779,820,16599,163
2021-01-10,Plumas,63,18699,553,477,10,487,2
2021-01-10,Riverside,65,2383286,233296,219486,11718,231204,2216
2021-01-10,Sacramento,67,1510023,77646,75394,854,76248,965
2021-01-10,San Benito,69,59416,4658,4434,46,4480,34
2021-01-10,San Bernardino,71,2135413,245964,232171,7001,239172,1736
2021-01-10,San Diego,73,3302833,208954,191886,0,191886,1857
2021-01-10,San Francisco,75,870044,28142,27054,430,27484,238
2021-01-10,San Joaquin,77,732212,55067,52535,2237,54772,725
2021-01-10,San Luis Obispo,79,281455,14963,13968,372,14340,122
2021-01-10,San Mateo,81,765935,31792,28972,174,29146,206
2021-01-10,Santa Barbara,83,443738,23566,21290,766,22056,200
2021-01-10,Santa Clara,85,1922200,88932,83779,392,84171,858
2021-01-10,Santa Cruz,87,273765,12233,10951,542,11493,106
2021-01-10,Shasta,89,179085,9423,8936,936,9872,81
2021-01-10,Sierra,91,2930,38,32,8,40,0
2021-01-10,Siskiyou,93,43540,1178,1075,174,1249,3
2021-01-10,Solano,95,438530,24126,22621,260,22881,101
2021-01-10,Sonoma,97,501317,22874,21925,125,22050,204
2021-01-10,Stanislaus,99,539301,41048,38809,4153,42962,571
2021-01-10,Sutter,101,95872,7431,7133,57,7190,71
2021-01-10,Tehama,103,63373,3667,3504,409,3913,17
2021-01-10,Trinity,105,12862,315,253,30,283,2
2021-01-10,Tulare,107,460477,40075,38012,5335,43347,497
2021-01-10,Tuolumne,109,53932,3224,3143,54,3197,27
2021-01-10,Ventura,111,848112,57309,53095,2084,55179,319
2021-01-10,Yolo,113,214977,10441,9610,105,9715,129
2021-01-10,Yuba,115,75493,4556,4300,48,4348,27
2021-01-09,Alameda,1,1643700,64057,60125,1372,61497,649
2021-01-09,Alpine,3,1148,74,70,0,70,0
2021-01-09,Amador,5,37829,2958,2809,26,2835,24
2021-01-09,Butte,7,227075,9301,8552,1248,9800,118
2021-01-09,Calaveras,9,45235,1471,1425,8,1433,21
2021-01-09,Colusa,11,21464,1534,1468,146,1614,7
2021-01-09,Contra Costa,13,1133247,49850,46406,824,47230,393
2021-01-09,Del Norte,15,27424,821,802,0,802,2
2021-01-09,El Dorado,17,186661,7558,6800,481,7281,36
2021-01-09,Fresno,19,978130,80739,74816,6141,80957,773
2021-01-09,Glenn,21,27897,1867,1707,361,2068,9
2021-01-09,Humboldt,23,135768,2192,2026,6,2032,22
2021-01-09,Imperial,25,180216,25033,24028,2054,26082,448
2021-01-09,Inyo,27,18085,876,734,1,735,25
2021-01-09,Kern,29,883053,77800,73015,7027,80042,677
2021-01-09,Kings,31,150075,18524,17679,758,18437,108
2021-01-09,Lake,33,64148,2391,2144,0,2144,26
2021-01-09,Lassen,35,31185,4696,4613,70,4683,1
2021-01-09,Los Angeles,37,10098052,968924,887949,31862,919811,12011
2021-01-09,Madera,39,155013,12922,12063,614,12677,85
2021-01-09,Marin,41,260295,11153,10634,113,10747,154
2021-01-09,Mariposa,43,17540,317,287,3,290,3
2021-01-09,Mendocino,45,87422,2904,2664,41,2705,31
2021-01-09,Merced,47,269075,22666,21357,529,21886,237
2021-01-09,Modoc,49,8938,290,271,80,351,0
2021-01-09,Mono,51,14174,1034,964,11,975,3
2021-01-09,Monterey,53,433212,33870,31948,987,32935,235
2021-01-09,Napa,55,140530,7219,6594,25,6619,36
2021-01-09,Nevada,57,99092,3182,2932,115,3047,17
2021-01-09,Orange,59,3164182,202994,191004,8473,199477,2034
2021-01-09,Placer,61,380077,17189,15609,818,16427,162
2021-01-09,Plumas,63,18699,551,477,10,487,2
2021-01-09,Riverside,65,2383286,231593,216076,11570,227646,2201
2021-01-09,Sacramento,67,1510023,77122,74482,849,75331,953
2021-01-09,San Benito,69,59416,4610,4335,46,4381,34
2021-01-09,San Bernardino,71,2135413,244788,228857,6931,235788,1714
2021-01-09,San Diego,73,3302833,207263,188598,0,188598,1824
2021-01-09,San Francisco,75,870044,27967,26708,385,27093,235
2021-01-09,San Joaquin,77,732212,54722,51927,2216,54143,724
2021-01-09,San Luis Obispo,79,281455,14840,13647,361,14008,121
2021-01-09,San Mateo,81,765935,31492,28512,167,28679,205
2021-01-09,Santa Barbara,83,443738,23357,20971,757,21728,197
2021-01-09,Santa Clara,85,1922200,88092,82269,380,82649,808
2021-01-09,Santa Cruz,87,273765,12136,10717,537,11254,107
2021-01-09,Shasta,89,179085,9390,8893,932,9825,81
2021-01-09,Sierra,91,2930,36,32,8,40,0
2021-01-09,Siskiyou,93,43540,1175,1062,170,1232,3
2021-01-09,Solano,95,438530,23971,22226,259,22485,101
2021-01-09,Sonoma,97,501317,22764,21393,125,21518,202
2021-01-09,Stanislaus,99,539301,40756,38403,4111,42514,567
2021-01-09,Sutter,101,95872,7395,7072,56,7128,69
2021-01-09,Tehama,103,63373,3638,3451,397,3848,15
2021-01-09,Trinity,105,12862,315,252,30,282,2
2021-01-09,Tulare,107,460477,39833,37684,5261,42945,496
2021-01-09,Tuolumne,109,53932,3216,3117,53,3170,26
2021-01-09,Ventura,111,848112,56483,51988,2057,54045,306
2021-01-09,Yolo,113,214977,10371,9524,102,9626,129
2021-01-09,Yuba,115,75493,4528,4265,48,4313,27
2021-01-08,Alameda,1,1643700,63490,59172,1361,60533,646
2021-01-08,Alpine,3,1148,74,70,0,70,0
2021-01-08,Amador,5,37829,2951,2792,26,2818,24
2021-01-08,Butte,7,227075,9242,8430,1231,9661,115
2021-01-08,Calaveras,9,45235,1458,1385,8,1393,21
2021-01-08,Colusa,11,21464,1521,1448,145,1593,7
2021-01-08,Contra Costa,13,1133247,49324,45667,820,46487,381
2021-01-08,Del Norte,15,27424,819,795,0,795,2
2021-01-08,El Dorado,17,186661,7488,6690,469,7159,36
2021-01-08,Fresno,19,978130,79926,73689,6076,79765,771
2021-01-08,Glenn,21,27897,1851,1680,357,2037,9
2021-01-08,Humboldt,23,135768,2169,1988,6,1994,22
2021-01-08,Imperial,25,180216,24965,23751,2039,25790,446
2021-01-08,Inyo,27,18085,862,682,1,683,24
2021-01-08,Kern,29,883053,77240,71978,6954,78932,674
2021-01-08,Kings,31,150075,18396,17441,753,18194,108
2021-01-08,Lake,33,64148,2364,2098,0,2098,26
2021-01-08,Lassen,35,31185,4688,4598,68,4666,1
2021-01-08,Los Angeles,37,10098052,958165,871188,31406,902594,11796
2021-01-08,Madera,39,155013,12770,11846,605,12451,85
2021-01-08,Marin,41,260295,11058,10531,112,10643,153
2021-01-08,Mariposa,43,17540,316,273,3,276,3
2021-01-08,Mendocino,45,87422,2885,2634,38,2672,31
2021-01-08,Merced,47,269075,22471,20862,524,21386,236
2021-01-08,Modoc,49,8938,290,266,80,346,0
2021-01-08,Mono,51,14174,1024,951,11,962,3
2021-01-08,Monterey,53,433212,33604,31543,974,32517,224
2021-01-08,Napa,55,140530,7149,6544,25,6569,32
2021-01-08,Nevada,57,99092,3160,2888,115,3003,17
2021-01-08,Orange,59,3164182,201007,186608,8384,194992,1991
2021-01-08,Placer,61,380077,17063,15401,811,16212,161
2021-01-08,Plumas,63,18699,545,465,10,475,2
2021-01-08,Riverside,65,2383286,229237,212122,11432,223554,2184
2021-01-08,Sacramento,67,1510023,76546,73245,843,74088,939
2021-01-08,San Benito,69,59416,4574,4225,45,4270,33
2021-01-08,San Bernardino,71,2135413,242901,224267,6858,231125,1703
2021-01-08,San Diego,73,3302833,204730,185060,0,185060,1771
2021-01-08,San Francisco,75,870044,27720,26378,360,26738,207
2021-01-08,San Joaquin,77,732212,54384,50990,2185,53175,710
2021-01-08,San Luis Obispo,79,281455,14707,13286,347,13633,119
2021-01-08,San Mateo,81,765935,31143,28072,164,28236,204
2021-01-08,Santa Barbara,83,443738,23079,20461,748,21209,189
2021-01-08,Santa Clara,85,1922200,87066,80561,377,80938,789
2021-01-08,Santa Cruz,87,273765,11998,10486,526,11012,106
2021-01-08,Shasta,89,179085,9340,8772,917,9689,81
2021-01-08,Sierra,91,2930,36,31,8,39,0
2021-01-08,Siskiyou,93,43540,1172,1027,169,1196,3
2021-01-08,Solano,95,438530,23803,21832,259,22091,100
2021-01-08,Sonoma,97,501317,22626,21178,125,21303,201
2021-01-08,Stanislaus,99,539301,40455,37858,4074,41932,566
2021-01-08,Sutter,101,95872,7345,6982,56,7038,68
2021-01-08,Tehama,103,63373,3615,3406,392,3798,15
2021-01-08,Trinity,105,12862,315,247,30,277,2
2021-01-08,Tulare,107,460477,39569,36946,5144,42090,491
2021-01-08,Tuolumne,109,53932,3207,3099,53,3152,19
2021-01-08,Ventura,111,848112,55620,50553,2032,52585,294
2021-01-08,Yolo,113,214977,10283,9391,98,9489,129
2021-01-08,Yuba,115,75493,4486,4195,47,4242,26
2021-01-07,Alameda,1,1643700,62517,57921,1333,59254,632
2021-01-07,Alpine,3,1148,72,70,0,70,0
2021-01-07,Amador,5,37829,2938,2740,25,2765,24
2021-01-07,Butte,7,227075,9146,8278,1202,9480,112
2021-01-07,Calaveras,9,45235,1441,1342,7,1349,21
2021-01-07,Colusa,11,21464,1509,1420,138,1558,7
2021-01-07,Contra Costa,13,1133247,48547,44756,803,45559,376
2021-01-07,Del Norte,15,27424,817,791,0,791,2
2021-01-07,El Dorado,17,186661,7389,6545,455,7000,36
2021-01-07,Fresno,19,978130,78975,72557,5972,78529,765
2021-01-07,Glenn,21,27897,1835,1639,348,1987,9
2021-01-07,Humboldt,23,135768,2142,1954,6,1960,22
2021-01-07,Imperial,25,180216,24771,23608,1987,25595,431
2021-01-07,Inyo,27,18085,849,656,1,657,20
2021-01-07,Kern,29,883053,76389,70953,6801,77754,660
2021-01-07,Kings,31,150075,18268,17238,744,17982,108
2021-01-07,Lake,33,64148,2309,2054,0,2054,26
2021-01-07,Lassen,35,31185,4683,4581,66,4647,1
2021-01-07,Los Angeles,37,10098052,943310,853187,30842,884029,11480
2021-01-07,Madera,39,155013,12614,11644,593,12237,76
2021-01-07,Marin,41,260295,10966,10364,110,10474,153
2021-01-07,Mariposa,43,17540,314,264,3,267,3
2021-01-07,Mendocino,45,87422,2830,2585,34,2619,30
2021-01-07,Merced,47,269075,22150,20510,509,21019,234
2021-01-07,Modoc,49,8938,290,265,80,345,0
2021-01-07,Mono,51,14174,1013,905,11,916,3
2021-01-07,Monterey,53,433212,33076,30903,951,31854,222
2021-01-07,Napa,55,140530,7039,6408,25,6433,32
2021-01-07,Nevada,57,99092,3126,2847,110,2957,17
2021-01-07,Orange,59,3164182,198153,181922,8280,190202,1974
2021-01-07,Placer,61,380077,16880,15155,781,15936,144
2021-01-07,Plumas,63,18699,543,454,10,464,2
2021-01-07,Riverside,65,2383286,225903,208177,11242,219419,2156
2021-01-07,Sacramento,67,1510023,75641,72342,824,73166,919
2021-01-07,San Benito,69,59416,4512,4112,41,4153,33
2021-01-07,San Bernardino,71,2135413,239368,219691,6773,226464,1666
2021-01-07,San Diego,73,3302833,201426,180510,0,180510,1738
2021-01-07,San Francisco,75,870044,27384,25885,343,26228,202
2021-01-07,San Joaquin,77,732212,53701,50156,2152,52308,689
2021-01-07,San Luis Obispo,79,281455,14470,12810,333,13143,118
2021-01-07,San Mateo,81,765935,30634,27494,160,27654,201
2021-01-07,Santa Barbara,83,443738,22661,19931,734,20665,187
2021-01-07,Santa Clara,85,1922200,85846,78808,373,79181,775
2021-01-07,Santa Cruz,87,273765,11789,10228,519,10747,104
2021-01-07,Shasta,89,179085,9253,8612,909,9521,81
2021-01-07,Sierra,91,2930,36,31,8,39,0
2021-01-07,Siskiyou,93,43540,1167,1010,167,1177,3
2021-01-07,Solano,95,438530,23408,21384,255,21639,100
2021-01-07,Sonoma,97,501317,22362,20857,124,20981,200
2021-01-07,Stanislaus,99,539301,40030,37296,4022,41318,553
2021-01-07,Sutter,101,95872,7286,6890,55,6945,65
2021-01-07,Tehama,103,63373,3591,3330,385,3715,15
2021-01-07,Trinity,105,12862,315,247,30,277,2
2021-01-07,Tulare,107,460477,39164,36397,5000,41397,482
2021-01-07,Tuolumne,109,53932,3187,3068,52,3120,14
2021-01-07,Ventura,111,848112,54458,49083,2003,51086,288
2021-01-07,Yolo,113,214977,10147,9207,96,9303,128
2021-01-07,Yuba,115,75493,4444,4128,47,4175,25
2021-01-06,Alameda,1,1643700,61631,57081,1303,58384,616
2021-01-06,Alpine,3,1148,72,70,0,70,0
2021-01-06,Amador,5,37829,2917,2717,24,2741,24
2021-01-06,Butte,7,227075,9035,8147,1183,9330,110
2021-01-06,Calaveras,9,45235,1416,1321,7,1328,21
2021-01-06,Colusa,11,21464,1489,1385,132,1517,7
2021-01-06,Contra Costa,13,1133247,47745,44054,785,44839,358
2021-01-06,Del Norte,15,27424,811,780,0,780,2
2021-01-06,El Dorado,17,186661,7277,6397,442,6839,35
2021-01-06,Fresno,19,978130,78133,71404,5869,77273,752
2021-01-06,Glenn,21,27897,1811,1622,342,1964,9
2021-01-06,Humboldt,23,135768,2116,1912,6,1918,22
2021-01-06,Imperial,25,180216,24519,23400,1945,25345,431
2021-01-06,Inyo,27,18085,833,630,1,631,20
2021-01-06,Kern,29,883053,75450,69893,6663,76556,646
2021-01-06,Kings,31,150075,18074,17019,721,17740,108
2021-01-06,Lake,33,64148,2272,2033,0,2033,26
2021-01-06,Lassen,35,31185,4671,4560,62,4622,1
2021-01-06,Los Angeles,37,10098052,927424,835052,30116,865168,11285
2021-01-06,Madera,39,155013,12480,11407,587,11994,67
2021-01-06,Marin,41,260295,10839,10282,109,10391,153
2021-01-06,Mariposa,43,17540,311,259,3,262,3
2021-01-06,Mendocino,45,87422,2800,2561,34,2595,30
2021-01-06,Merced,47,269075,21807,20258,493,20751,232
2021-01-06,Modoc,49,8938,290,263,80,343,0
2021-01-06,Mono,51,14174,982,905,11,916,3
2021-01-06,Monterey,53,433212,32487,30387,914,31301,222
2021-01-06,Napa,55,140530,6909,6342,25,6367,32
2021-01-06,Nevada,57,99092,3106,2805,110,2915,15
2021-01-06,Orange,59,3164182,194673,177686,8135,185821,1935
2021-01-06,Placer,61,380077,16694,14940,762,15702,134
2021-01-06,Plumas,63,18699,535,445,10,455,2
2021-01-06,Riverside,65,2383286,221896,203714,11023,214737,2121
2021-01-06,Sacramento,67,1510023,74623,71572,806,72378,909
2021-01-06,San Benito,69,59416,4436,4031,40,4071,32
2021-01-06,San Bernardino,71,2135413,235664,215286,6656,221942,1634
2021-01-06,San Diego,73,3302833,197931,176660,0,176660,1691
2021-01-06,San Francisco,75,870044,27013,25424,333,25757,199
2021-01-06,San Joaquin,77,732212,52939,49286,2109,51395,673
2021-01-06,San Luis Obispo,79,281455,14073,12305,326,12631,115
2021-01-06,San Mateo,81,765935,30211,27050,157,27207,200
2021-01-06,Santa Barbara,83,443738,22181,19453,722,20175,177
2021-01-06,Santa Clara,85,1922200,84444,77485,367,77852,746
2021-01-06,Santa Cruz,87,273765,11571,9954,499,10453,97
2021-01-06,Shasta,89,179085,9182,8482,902,9384,78
2021-01-06,Sierra,91,2930,35,31,8,39,0
2021-01-06,Siskiyou,93,43540,1155,998,163,1161,3
2021-01-06,Solano,95,438530,23020,21102,252,21354,99
2021-01-06,Sonoma,97,501317,22049,20558,124,20682,196
2021-01-06,Stanislaus,99,539301,39435,36751,3959,40710,553
2021-01-06,Sutter,101,95872,7204,6839,54,6893,59
2021-01-06,Tehama,103,63373,3564,3306,379,3685,15
2021-01-06,Trinity,105,12862,315,246,30,276,2
2021-01-06,Tulare,107,460477,38602,35882,4889,40771,465
2021-01-06,Tuolumne,109,53932,3167,3008,52,3060,14
2021-01-06,Ventura,111,848112,53216,47428,1978,49406,280
2021-01-06,Yolo,113,214977,9986,9083,93,9176,127
2021-01-06,Yuba,115,75493,4397,4097,47,4144,25
2021-01-05,Alameda,1,1643700,60483,56432,1266,57698,602
2021-01-05,Alpine,3,1148,72,70,0,70,0
2021-01-05,Amador,5,37829,2877,2695,24,2719,24
2021-01-05,Butte,7,227075,8896,8008,1156,9164,107
2021-01-05,Calaveras,9,45235,1367,1292,7,1299,21
2021-01-05,Colusa,11,21464,1464,1376,126,1502,7
2021-01-05,Contra Costa,13,1133247,46865,43442,774,44216,353
2021-01-05,Del Norte,15,27424,804,770,0,770,2
2021-01-05,El Dorado,17,186661,7159,6270,421,6691,32
2021-01-05,Fresno,19,978130,76904,70971,5773,76744,741
2021-01-05,Glenn,21,27897,1786,1608,330,1938,9
2021-01-05,Humboldt,23,135768,2079,1884,6,1890,22
2021-01-05,Imperial,25,180216,24356,23165,1896,25061,421
2021-01-05,Inyo,27,18085,819,627,1,628,20
2021-01-05,Kern,29,883053,74380,68257,6516,74773,624
2021-01-05,Kings,31,150075,17876,16860,697,17557,108
2021-01-05,Lake,33,64148,2224,2015,0,2015,25
2021-01-05,Lassen,35,31185,4657,4554,58,4612,1
2021-01-05,Los Angeles,37,10098052,908762,823783,29425,853208,11028
2021-01-05,Madera,39,155013,12304,11359,574,11933,67
2021-01-05,Marin,41,260295,10689,10214,107,10321,151
2021-01-05,Mariposa,43,17540,305,257,3,260,3
2021-01-05,Mendocino,45,87422,2765,2501,34,2535,30
2021-01-05,Merced,47,269075,21457,20051,480,20531,230
2021-01-05,Modoc,49,8938,290,254,80,334,0
2021-01-05,Mono,51,14174,976,896,11,907,3
2021-01-05,Monterey,53,433212,31915,30045,876,30921,213
2021-01-05,Napa,55,140530,6822,6264,25,6289,29
2021-01-05,Nevada,57,99092,3078,2781,109,2890,15
2021-01-05,Orange,59,3164182,190989,174869,7934,182803,1918
2021-01-05,Placer,61,380077,16463,14723,738,15461,133
2021-01-05,Plumas,63,18699,528,428,10,438,2
2021-01-05,Riverside,65,2383286,217788,200439,10819,211258,2069
2021-01-05,Sacramento,67,1510023,73696,70677,777,71454,888
2021-01-05,San Benito,69,59416,4333,3961,38,3999,28
2021-01-05,San Bernardino,71,2135413,231738,212522,6538,219060,1615
2021-01-05,San Diego,73,3302833,193795,172845,0,172845,1654
2021-01-05,San Francisco,75,870044,26645,24989,314,25303,196
2021-01-05,San Joaquin,77,732212,52069,48969,2066,51035,663
2021-01-05,San Luis Obispo,79,281455,13674,12027,316,12343,106
2021-01-05,San Mateo,81,765935,29721,26486,155,26641,198
2021-01-05,Santa Barbara,83,443738,21748,19063,711,19774,172
2021-01-05,Santa Clara,85,1922200,82911,76355,353,76708,729
2021-01-05,Santa Cruz,87,273765,11300,9753,473,10226,93
2021-01-05,Shasta,89,179085,9077,8345,881,9226,73
2021-01-05,Sierra,91,2930,35,31,8,39,0
2021-01-05,Siskiyou,93,43540,1143,985,161,1146,3
2021-01-05,Solano,95,438530,22614,20860,247,21107,97
2021-01-05,Sonoma,97,501317,21683,20247,123,20370,194
2021-01-05,Stanislaus,99,539301,38892,36363,3911,40274,553
2021-01-05,Sutter,101,95872,7105,6769,53,6822,59
2021-01-05,Tehama,103,63373,3507,3255,374,3629,9
2021-01-05,Trinity,105,12862,315,246,30,276,2
2021-01-05,Tulare,107,460477,37985,35585,4746,40331,455
2021-01-05,Tuolumne,109,53932,3143,2996,47,3043,13
2021-01-05,Ventura,111,848112,51970,46456,1955,48411,264
2021-01-05,Yolo,113,214977,9813,8980,92,9072,127
2021-01-05,Yuba,115,75493,4339,4053,46,4099,21
2021-01-04,Alameda,1,1643700,59261,55899,1232,57131,583
2021-01-04,Alpine,3,1148,72,68,0,68,0
2021-01-04,Amador,5,37829,2837,2596,24,2620,24
2021-01-04,Butte,7,227075,8737,7893,1132,9025,105
2021-01-04,Calaveras,9,45235,1327,1276,6,1282,21
2021-01-04,Colusa,11,21464,1439,1368,112,1480,7
2021-01-04,Contra Costa,13,1133247,46011,43019,748,43767,353
2021-01-04,Del Norte,15,27424,795,770,0,770,2
2021-01-04,El Dorado,17,186661,7026,6152,405,6557,27
2021-01-04,Fresno,19,978130,75646,69871,5670,75541,726
2021-01-04,Glenn,21,27897,1755,1590,322,1912,9
2021-01-04,Humboldt,23,135768,2042,1845,6,1851,22
2021-01-04,Imperial,25,180216,24205,23035,1843,24878,420
2021-01-04,Inyo,27,18085,792,623,1,624,20
2021-01-04,Kern,29,883053,73305,67418,6310,73728,623
2021-01-04,Kings,31,150075,17605,16801,670,17471,108
2021-01-04,Lake,33,64148,2182,1984,0,1984,25
2021-01-04,Lassen,35,31185,4634,4550,57,4607,1
2021-01-04,Los Angeles,37,10098052,888750,813022,28507,841529,10790
2021-01-04,Madera,39,155013,12083,11204,552,11756,67
2021-01-04,Marin,41,260295,10555,10115,104,10219,151
2021-01-04,Mariposa,43,17540,299,253,3,256,3
2021-01-04,Mendocino,45,87422,2725,2460,30,2490,28
2021-01-04,Merced,47,269075,21043,19804,461,20265,230
2021-01-04,Modoc,49,8938,274,250,78,328,0
2021-01-04,Mono,51,14174,966,895,11,906,3
2021-01-04,Monterey,53,433212,31261,29659,853,30512,212
2021-01-04,Napa,55,140530,6681,6187,25,6212,29
2021-01-04,Nevada,57,99092,3041,2765,104,2869,15
2021-01-04,Orange,59,3164182,187076,172458,7802,180260,1918
2021-01-04,Placer,61,380077,16188,14622,724,15346,133
2021-01-04,Plumas,63,18699,518,419,10,429,1
2021-01-04,Riverside,65,2383286,213314,196809,10604,207413,2066
2021-01-04,Sacramento,67,1510023,72636,70164,767,70931,870
2021-01-04,San Benito,69,59416,4220,3914,38,3952,28
2021-01-04,San Bernardino,71,2135413,227531,210868,6371,217239,1615
2021-01-04,San Diego,73,3302833,189227,171031,0,171031,1598
2021-01-04,San Francisco,75,870044,26260,24753,307,25060,191
2021-01-04,San Joaquin,77,732212,51170,48644,2024,50668,661
2021-01-04,San Luis Obispo,79,281455,13188,11945,308,12253,96
2021-01-04,San Mateo,81,765935,29163,26150,150,26300,198
2021-01-04,Santa Barbara,83,443738,21233,18735,678,19413,165
2021-01-04,Santa Clara,85,1922200,81159,75297,346,75643,727
2021-01-04,Santa Cruz,87,273765,11013,9680,456,10136,85
2021-01-04,Shasta,89,179085,8971,8224,865,9089,72
2021-01-04,Sierra,91,2930,34,30,8,38,0
2021-01-04,Siskiyou,93,43540,1127,980,156,1136,3
2021-01-04,Solano,95,438530,22109,20588,240,20828,97
2021-01-04,Sonoma,97,501317,21345,20210,122,20332,194
2021-01-04,Stanislaus,99,539301,38332,36141,3852,39993,553
2021-01-04,Sutter,101,95872,7007,6712,52,6764,56
2021-01-04,Tehama,103,63373,3434,3190,368,3558,9
2021-01-04,Trinity,105,12862,312,245,30,275,2
2021-01-04,Tulare,107,460477,37424,35060,4638,39698,455
2021-01-04,Tuolumne,109,53932,3118,2987,47,3034,13
2021-01-04,Ventura,111,848112,50468,45014,1936,46950,255
2021-01-04,Yolo,113,214977,9618,8834,86,8920,121
2021-01-04,Yuba,115,75493,4280,4023,46,4069,21
2021-01-03,Alameda,1,1643700,58042,55082,1201,56283,580
2021-01-03,Alpine,3,1148,70,68,0,68,0
2021-01-03,Amador,5,37829,2773,2565,24,2589,24
2021-01-03,Butte,7,227075,8547,7837,1077,8914,105
2021-01-03,Calaveras,9,45235,1292,1249,4,1253,21
2021-01-03,Colusa,11,21464,1410,1337,106,1443,7
2021-01-03,Contra Costa,13,1133247,45119,42432,723,43155,352
2021-01-03,Del Norte,15,27424,783,768,0,768,2
2021-01-03,El Dorado,17,186661,6898,6034,388,6422,27
2021-01-03,Fresno,19,978130,74501,69326,5544,74870,719
2021-01-03,Glenn,21,27897,1730,1581,311,1892,9
2021-01-03,Humboldt,23,135768,2005,1833,6,1839,21
2021-01-03,Imperial,25,180216,23953,22951,1757,24708,419
2021-01-03,Inyo,27,18085,775,615,1,616,20
2021-01-03,Kern,29,883053,72056,66895,6126,73021,609
2021-01-03,Kings,31,150075,17338,16593,636,17229,108
2021-01-03,Lake,33,64148,2129,1976,0,1976,24
2021-01-03,Lassen,35,31185,4600,4531,56,4587,1
2021-01-03,Los Angeles,37,10098052,866851,792168,27400,819568,10633
2021-01-03,Madera,39,155013,11858,11152,528,11680,67
2021-01-03,Marin,41,260295,10406,10034,99,10133,150
2021-01-03,Mariposa,43,17540,292,248,3,251,3
2021-01-03,Mendocino,45,87422,2685,2445,29,2474,24
2021-01-03,Merced,47,269075,20573,19600,434,20034,230
2021-01-03,Modoc,49,8938,270,245,77,322,0
2021-01-03,Mono,51,14174,941,893,11,904,3
2021-01-03,Monterey,53,433212,30672,29357,816,30173,191
2021-01-03,Napa,55,140530,6580,6094,25,6119,29
2021-01-03,Nevada,57,99092,2982,2742,101,2843,15
2021-01-03,Orange,59,3164182,182919,169881,7606,177487,1919
2021-01-03,Placer,61,380077,15942,14319,699,15018,133
2021-01-03,Plumas,63,18699,505,416,10,426,1
2021-01-03,Riverside,65,2383286,208540,195048,10326,205374,2005
2021-01-03,Sacramento,67,1510023,71431,68558,746,69304,859
2021-01-03,San Benito,69,59416,4121,3882,37,3919,28
2021-01-03,San Bernardino,71,2135413,222246,208294,6191,214485,1592
2021-01-03,San Diego,73,3302833,183973,168018,0,168018,1592
2021-01-03,San Francisco,75,870044,25761,24588,289,24877,193
2021-01-03,San Joaquin,77,732212,50070,47899,1960,49859,661
2021-01-03,San Luis Obispo,79,281455,12720,11636,298,11934,95
2021-01-03,San Mateo,81,765935,28575,25770,144,25914,196
2021-01-03,Santa Barbara,83,443738,20516,18267,661,18928,164
2021-01-03,Santa Clara,85,1922200,79607,74534,340,74874,720
2021-01-03,Santa Cruz,87,273765,10713,9528,437,9965,84
2021-01-03,Shasta,89,179085,8844,8192,823,9015,72
2021-01-03,Sierra,91,2930,34,30,8,38,0
2021-01-03,Siskiyou,93,43540,1096,976,145,1121,3
2021-01-03,Solano,95,438530,21576,20105,235,20340,97
2021-01-03,Sonoma,97,501317,20963,19982,118,20100,193
2021-01-03,Stanislaus,99,539301,37645,35762,3768,39530,553
2021-01-03,Sutter,101,95872,6909,6664,51,6715,53
2021-01-03,Tehama,103,63373,3374,3176,359,3535,9
2021-01-03,Trinity,105,12862,309,243,29,272,2
2021-01-03,Tulare,107,460477,36873,34747,4492,39239,455
2021-01-03,Tuolumne,109,53932,3056,2978,44,3022,13
2021-01-03,Ventura,111,848112,48644,43748,1918,45666,254
2021-01-03,Yolo,113,214977,9456,8674,82,8756,121
2021-01-03,Yuba,115,75493,4226,3966,45,4011,20
2021-01-02,Alameda,1,1643700,57453,54518,1171,55689,581
2021-01-02,Alpine,3,1148,70,68,0,68,0
2021-01-02,Amador,5,37829,2754,2540,24,2564,24
2021-01-02,Butte,7,227075,8440,7750,1056,8806,105
2021-01-02,Calaveras,9,45235,1273,1230,4,1234,21
2021-01-02,Colusa,11,21464,1400,1332,105,1437,7
2021-01-02,Contra Costa,13,1133247,44596,41993,711,42704,352
2021-01-02,Del Norte,15,27424,781,764,0,764,2
2021-01-02,El Dorado,17,186661,6843,5959,384,6343,27
2021-01-02,Fresno,19,978130,73970,68740,5429,74169,717
2021-01-02,Glenn,21,27897,1715,1546,310,1856,9
2021-01-02,Humboldt,23,135768,1981,1815,6,1821,21
2021-01-02,Imperial,25,180216,23875,22867,1717,24584,420
2021-01-02,Inyo,27,18085,762,609,1,610,20
2021-01-02,Kern,29,883053,71342,66457,6016,72473,610
2021-01-02,Kings,31,150075,17246,16515,632,17147,108
2021-01-02,Lake,33,64148,2092,1925,0,1925,24
2021-01-02,Lassen,35,31185,4589,4457,55,4512,1
2021-01-02,Los Angeles,37,10098052,858582,791892,26661,818553,10633
2021-01-02,Madera,39,155013,11749,11039,516,11555,67
2021-01-02,Marin,41,260295,10361,9924,96,10020,151
2021-01-02,Mariposa,43,17540,285,243,3,246,3
2021-01-02,Mendocino,45,87422,2643,2428,28,2456,24
2021-01-02,Merced,47,269075,20432,19395,417,19812,230
2021-01-02,Modoc,49,8938,269,245,77,322,0
2021-01-02,Mono,51,14174,931,884,11,895,3
2021-01-02,Monterey,53,433212,30465,28991,805,29796,191
2021-01-02,Napa,55,140530,6521,5994,25,6019,29
2021-01-02,Nevada,57,99092,2955,2706,97,2803,15
2021-01-02,Orange,59,3164182,180761,168457,7448,175905,1918
2021-01-02,Placer,61,380077,15769,14182,689,14871,133
2021-01-02,Plumas,63,18699,502,413,10,423,1
2021-01-02,Riverside,65,2383286,205988,192069,10078,202147,2008
2021-01-02,Sacramento,67,1510023,70789,67810,731,68541,858
2021-01-02,San Benito,69,59416,4041,3829,37,3866,28
2021-01-02,San Bernardino,71,2135413,220633,206939,6056,212995,1597
2021-01-02,San Diego,73,3302833,181381,164498,0,164498,1592
2021-01-02,San Francisco,75,870044,25501,24414,282,24696,194
2021-01-02,San Joaquin,77,732212,49708,47310,1928,49238,662
2021-01-02,San Luis Obispo,79,281455,12586,11467,293,11760,95
2021-01-02,San Mateo,81,765935,28238,25483,136,25619,196
2021-01-02,Santa Barbara,83,443738,20232,18135,657,18792,164
2021-01-02,Santa Clara,85,1922200,78439,73662,333,73995,720
2021-01-02,Santa Cruz,87,273765,10562,9340,428,9768,85
2021-01-02,Shasta,89,179085,8778,8154,811,8965,72
2021-01-02,Sierra,91,2930,34,28,8,36,0
2021-01-02,Siskiyou,93,43540,1085,949,143,1092,3
2021-01-02,Solano,95,438530,21380,19805,225,20030,97
2021-01-02,Sonoma,97,501317,20808,19761,118,19879,194
2021-01-02,Stanislaus,99,539301,37333,35431,3699,39130,553
2021-01-02,Sutter,101,95872,6854,6621,51,6672,53
2021-01-02,Tehama,103,63373,3349,3146,354,3500,9
2021-01-02,Trinity,105,12862,306,243,29,272,2
2021-01-02,Tulare,107,460477,36557,34479,4422,38901,455
2021-01-02,Tuolumne,109,53932,3042,2942,42,2984,13
2021-01-02,Ventura,111,848112,47494,43397,1883,45280,254
2021-01-02,Yolo,113,214977,9364,8571,80,8651,122
2021-01-02,Yuba,115,75493,4188,3930,44,3974,21
2021-01-01,Alameda,1,1643700,56820,53518,1154,54672,579
2021-01-01,Alpine,3,1148,70,68,0,68,0
2021-01-01,Amador,5,37829,2728,2513,22,2535,24
2021-01-01,Butte,7,227075,8339,7589,1031,8620,105
2021-01-01,Calaveras,9,45235,1258,1186,4,1190,21
2021-01-01,Colusa,11,21464,1391,1314,103,1417,7
2021-01-01,Contra Costa,13,1133247,44122,41412,689,42101,351
2021-01-01,Del Norte,15,27424,775,758,0,758,2
2021-01-01,El Dorado,17,186661,6754,5832,373,6205,27
2021-01-01,Fresno,19,978130,72905,67484,5338,72822,717
2021-01-01,Glenn,21,27897,1699,1520,307,1827,9
2021-01-01,Humboldt,23,135768,1943,1783,6,1789,21
2021-01-01,Imperial,25,180216,23790,22715,1666,24381,418
2021-01-01,Inyo,27,18085,738,606,1,607,20
2021-01-01,Kern,29,883053,70521,65571,5903,71474,609
2021-01-01,Kings,31,150075,17063,16358,626,16984,108
2021-01-01,Lake,33,64148,2061,1888,0,1888,24
2021-01-01,Lassen,35,31185,4583,4377,55,4432,1
2021-01-01,Los Angeles,37,10098052,844456,775578,25931,801509,10515
2021-01-01,Madera,39,155013,11589,10752,507,11259,66
2021-01-01,Marin,41,260295,10255,9821,96,9917,148
2021-01-01,Mariposa,43,17540,277,236,3,239,3
2021-01-01,Mendocino,45,87422,2589,2400,28,2428,24
2021-01-01,Merced,47,269075,20249,19118,401,19519,229
2021-01-01,Modoc,49,8938,269,241,77,318,0
2021-01-01,Mono,51,14174,913,884,11,895,3
2021-01-01,Monterey,53,433212,30235,28465,797,29262,191
2021-01-01,Napa,55,140530,6435,5899,25,5924,28
2021-01-01,Nevada,57,99092,2931,2663,97,2760,15
2021-01-01,Orange,59,3164182,177994,165440,7297,172737,1893
2021-01-01,Placer,61,380077,15604,13987,671,14658,133
2021-01-01,Plumas,63,18699,497,412,10,422,1
2021-01-01,Riverside,65,2383286,202764,188674,9795,198469,1990
2021-01-01,Sacramento,67,1510023,70189,66956,713,67669,848
2021-01-01,San Benito,69,59416,4005,3773,37,3810,28
2021-01-01,San Bernardino,71,2135413,217809,203651,5917,209568,1590
2021-01-01,San Diego,73,3302833,178321,160071,0,160071,1592
2021-01-01,San Francisco,75,870044,25226,24145,270,24415,187
2021-01-01,San Joaquin,77,732212,49427,46640,1880,48520,657
2021-01-01,San Luis Obispo,79,281455,12364,11160,285,11445,94
2021-01-01,San Mateo,81,765935,27789,25041,132,25173,194
2021-01-01,Santa Barbara,83,443738,19913,17759,647,18406,164
2021-01-01,Santa Clara,85,1922200,77171,71904,328,72232,680
2021-01-01,Santa Cruz,87,273765,10385,9146,416,9562,84
2021-01-01,Shasta,89,179085,8697,8102,793,8895,72
2021-01-01,Sierra,91,2930,34,26,8,34,0
2021-01-01,Siskiyou,93,43540,1071,944,138,1082,3
2021-01-01,Solano,95,438530,21168,19393,223,19616,97
2021-01-01,Sonoma,97,501317,20625,19513,118,19631,189
2021-01-01,Stanislaus,99,539301,37057,34978,3631,38609,553
2021-01-01,Sutter,101,95872,6798,6553,50,6603,52
2021-01-01,Tehama,103,63373,3293,3079,345,3424,9
2021-01-01,Trinity,105,12862,306,243,29,272,2
2021-01-01,Tulare,107,460477,36152,33994,4320,38314,454
2021-01-01,Tuolumne,109,53932,3026,2909,42,2951,13
2021-01-01,Ventura,111,848112,46003,42026,1855,43881,253
2021-01-01,Yolo,113,214977,9251,8461,78,8539,120
2021-01-01,Yuba,115,75493,4129,3845,43,3888,19
2020-12-31,Alameda,1,1643700,56318,52475,1122,53597,579
2020-12-31,Alpine,3,1148,70,66,0,66,0
2020-12-31,Amador,5,37829,2714,2493,22,2515,24
2020-12-31,Butte,7,227075,8266,7405,1012,8417,105
2020-12-31,Calaveras,9,45235,1247,1161,4,1165,21
2020-12-31,Colusa,11,21464,1383,1301,100,1401,7
2020-12-31,Contra Costa,13,1133247,43750,40512,675,41187,336
2020-12-31,Del Norte,15,27424,774,748,0,748,2
2020-12-31,El Dorado,17,186661,6702,5662,364,6026,26
2020-12-31,Fresno,19,978130,72488,66442,5274,71716,711
2020-12-31,Glenn,21,27897,1679,1484,302,1786,9
2020-12-31,Humboldt,23,135768,1926,1713,6,1719,21
2020-12-31,Imperial,25,180216,23727,22494,1651,24145,417
2020-12-31,Inyo,27,18085,730,591,1,592,20
2020-12-31,Kern,29,883053,70056,64904,5808,70712,609
2020-12-31,Kings,31,150075,16988,16077,618,16695,108
2020-12-31,Lake,33,64148,2047,1848,0,1848,23
2020-12-31,Lassen,35,31185,4577,4340,54,4394,1
2020-12-31,Los Angeles,37,10098052,839188,755844,25436,781280,10320
2020-12-31,Madera,39,155013,11522,10609,496,11105,64
2020-12-31,Marin,41,260295,10214,9731,95,9826,148
2020-12-31,Mariposa,43,17540,275,217,3,220,3
2020-12-31,Mendocino,45,87422,2574,2367,24,2391,24
2020-12-31,Merced,47,269075,20162,18808,391,19199,226
2020-12-31,Modoc,49,8938,269,238,77,315,0
2020-12-31,Mono,51,14174,906,868,11,879,3
2020-12-31,Monterey,53,433212,30047,27720,785,28505,188
2020-12-31,Napa,55,140530,6372,5801,25,5826,28
2020-12-31,Nevada,57,99092,2908,2619,95,2714,15
2020-12-31,Orange,59,3164182,176159,161586,7164,168750,1866
2020-12-31,Placer,61,380077,15454,13708,668,14376,126
2020-12-31,Plumas,63,18699,492,401,9,410,1
2020-12-31,Riverside,65,2383286,201268,184193,9629,193822,1958
2020-12-31,Sacramento,67,1510023,69672,65817,701,66518,830
2020-12-31,San Benito,69,59416,3983,3673,37,3710,28
2020-12-31,San Bernardino,71,2135413,216255,199115,5844,204959,1586
2020-12-31,San Diego,73,3302833,176559,155593,0,155593,1534
2020-12-31,San Francisco,75,870044,25001,23740,262,24002,183
2020-12-31,San Joaquin,77,732212,49124,45764,1839,47603,646
2020-12-31,San Luis Obispo,79,281455,12253,10846,285,11131,89
2020-12-31,San Mateo,81,765935,27465,24570,127,24697,192
2020-12-31,Santa Barbara,83,443738,19671,17434,640,18074,161
2020-12-31,Santa Clara,85,1922200,76408,70032,323,70355,665
2020-12-31,Santa Cruz,87,273765,10267,8909,403,9312,84
2020-12-31,Shasta,89,179085,8632,7996,782,8778,69
2020-12-31,Sierra,91,2930,34,26,8,34,0
2020-12-31,Siskiyou,93,43540,1055,940,135,1075,3
2020-12-31,Solano,95,438530,20941,18942,222,19164,97
2020-12-31,Sonoma,97,501317,20511,19129,117,19246,188
2020-12-31,Stanislaus,99,539301,36763,34398,3575,37973,552
2020-12-31,Sutter,101,95872,6768,6432,49,6481,51
2020-12-31,Tehama,103,63373,3264,3036,344,3380,9
2020-12-31,Trinity,105,12862,305,241,29,270,2
2020-12-31,Tulare,107,460477,35993,33412,4266,37678,446
2020-12-31,Tuolumne,109,53932,3018,2902,42,2944,12
2020-12-31,Ventura,111,848112,45497,40854,1837,42691,251
2020-12-31,Yolo,113,214977,9168,8295,77,8372,117
2020-12-31,Yuba,115,75493,4090,3799,42,3841,18
2020-12-30,Alameda,1,1643700,55557,50158,1071,51229,573
2020-12-30,Alpine,3,1148,70,66,0,66,0
2020-12-30,Amador,5,37829,2694,2418,21,2439,24
2020-12-30,Butte,7,227075,8106,7140,995,8135,103
2020-12-30,Calaveras,9,45235,1222,1135,4,1139,21
2020-12-30,Colusa,11,21464,1367,1289,94,1383,7
2020-12-30,Contra Costa,13,1133247,43168,39601,663,40264,337
2020-12-30,Del Norte,15,27424,769,726,0,726,2
2020-12-30,El Dorado,17,186661,6603,5595,352,5947,27
2020-12-30,Fresno,19,978130,71649,65566,5108,70674,711
2020-12-30,Glenn,21,27897,1650,1471,289,1760,9
2020-12-30,Humboldt,23,135768,1893,1654,6,1660,22
2020-12-30,Imperial,25,180216,23561,22098,1574,23672,412
2020-12-30,Inyo,27,18085,723,572,1,573,20
2020-12-30,Kern,29,883053,69336,63292,5656,68948,604
2020-12-30,Kings,31,150075,16869,15862,610,16472,108
2020-12-30,Lake,33,64148,2025,1731,0,1731,23
2020-12-30,Lassen,35,31185,4568,4300,54,4354,1
2020-12-30,Los Angeles,37,10098052,828352,741907,24707,766614,10046
2020-12-30,Madera,39,155013,11412,10249,485,10734,65
2020-12-30,Marin,41,260295,10126,9569,88,9657,148
2020-12-30,Mariposa,43,17540,271,214,3,217,3
2020-12-30,Mendocino,45,87422,2556,2291,22,2313,24
2020-12-30,Merced,47,269075,19869,18519,381,18900,225
2020-12-30,Modoc,49,8938,266,234,77,311,0
2020-12-30,Mono,51,14174,903,868,11,879,3
2020-12-30,Monterey,53,433212,29440,26977,762,27739,186
2020-12-30,Napa,55,140530,6267,5754,25,5779,28
2020-12-30,Nevada,57,99092,2873,2595,93,2688,15
2020-12-30,Orange,59,3164182,173501,153951,6968,160919,1863
2020-12-30,Placer,61,380077,15202,13540,656,14196,127
2020-12-30,Plumas,63,18699,487,397,9,406,1
2020-12-30,Riverside,65,2383286,198328,176402,9438,185840,1919
2020-12-30,Sacramento,67,1510023,68801,64119,683,64802,847
2020-12-30,San Benito,69,59416,3902,3464,33,3497,29
2020-12-30,San Bernardino,71,2135413,213681,192648,5754,198402,1591
2020-12-30,San Diego,73,3302833,172930,152510,0,152510,1472
2020-12-30,San Francisco,75,870044,24710,23099,256,23355,182
2020-12-30,San Joaquin,77,732212,48437,44465,1796,46261,634
2020-12-30,San Luis Obispo,79,281455,11987,10542,277,10819,89
2020-12-30,San Mateo,81,765935,27033,24150,123,24273,190
2020-12-30,Santa Barbara,83,443738,19280,16895,616,17511,161
2020-12-30,Santa Clara,85,1922200,75143,67218,319,67537,661
2020-12-30,Santa Cruz,87,273765,10074,8787,393,9180,86
2020-12-30,Shasta,89,179085,8520,7818,768,8586,69
2020-12-30,Sierra,91,2930,34,25,8,33,0
2020-12-30,Siskiyou,93,43540,1048,913,125,1038,3
2020-12-30,Solano,95,438530,20545,18300,219,18519,96
2020-12-30,Sonoma,97,501317,20252,18947,117,19064,191
2020-12-30,Stanislaus,99,539301,36284,33730,3499,37229,526
2020-12-30,Sutter,101,95872,6707,6328,48,6376,51
2020-12-30,Tehama,103,63373,3220,2969,340,3309,9
2020-12-30,Trinity,105,12862,304,231,29,260,2
2020-12-30,Tulare,107,460477,35441,32413,4199,36612,430
2020-12-30,Tuolumne,109,53932,3005,2772,40,2812,12
2020-12-30,Ventura,111,848112,44209,39039,1810,40849,251
2020-12-30,Yolo,113,214977,9062,8067,74,8141,117
2020-12-30,Yuba,115,75493,4022,3612,42,3654,18
2020-12-29,Alameda,1,1643700,54502,50946,1034,51980,552
2020-12-29,Alpine,3,1148,70,65,0,65,0
2020-12-29,Amador,5,37829,2642,2388,20,2408,23
2020-12-29,Butte,7,227075,7935,7178,971,8149,98
2020-12-29,Calaveras,9,45235,1176,1111,3,1114,21
2020-12-29,Colusa,11,21464,1346,1272,89,1361,7
2020-12-29,Contra Costa,13,1133247,42366,39225,632,39857,325
2020-12-29,Del Norte,15,27424,762,724,0,724,2
2020-12-29,El Dorado,17,186661,6475,5551,337,5888,22
2020-12-29,Fresno,19,978130,70280,65149,4946,70095,688
2020-12-29,Glenn,21,27897,1616,1454,282,1736,9
2020-12-29,Humboldt,23,135768,1845,1616,6,1622,19
2020-12-29,Imperial,25,180216,23352,22105,1483,23588,407
2020-12-29,Inyo,27,18085,706,571,1,572,19
2020-12-29,Kern,29,883053,68182,63096,5477,68573,589
2020-12-29,Kings,31,150075,16701,15777,598,16375,108
2020-12-29,Lake,33,64148,1993,1805,0,1805,22
2020-12-29,Lassen,35,31185,4553,4288,54,4342,1
2020-12-29,Los Angeles,37,10098052,808229,731907,23800,755707,9786
2020-12-29,Madera,39,155013,11098,10251,469,10720,64
2020-12-29,Marin,41,260295,9975,9595,85,9680,146
2020-12-29,Mariposa,43,17540,263,212,3,215,3
2020-12-29,Mendocino,45,87422,2513,2249,21,2270,24
2020-12-29,Merced,47,269075,19519,18464,366,18830,221
2020-12-29,Modoc,49,8938,263,232,77,309,0
2020-12-29,Mono,51,14174,894,868,11,879,3
2020-12-29,Monterey,53,433212,28805,26894,734,27628,185
2020-12-29,Napa,55,140530,6147,5663,25,5688,28
2020-12-29,Nevada,57,99092,2825,2550,92,2642,15
2020-12-29,Orange,59,3164182,169663,154411,6792,161203,1839
2020-12-29,Placer,61,380077,14964,13392,633,14025,126
2020-12-29,Plumas,63,18699,478,395,9,404,1
2020-12-29,Riverside,65,2383286,193731,177624,9172,186796,1904
2020-12-29,Sacramento,67,1510023,67765,65078,668,65746,820
2020-12-29,San Benito,69,59416,3783,3474,32,3506,25
2020-12-29,San Bernardino,71,2135413,208855,190476,5613,196089,1557
2020-12-29,San Diego,73,3302833,168709,150062,0,150062,1435
2020-12-29,San Francisco,75,870044,24375,22996,247,23243,178
2020-12-29,San Joaquin,77,732212,47523,44699,1739,46438,622
2020-12-29,San Luis Obispo,79,281455,11693,10387,269,10656,80
2020-12-29,San Mateo,81,765935,26495,23773,114,23887,189
2020-12-29,Santa Barbara,83,443738,18817,16797,590,17387,155
2020-12-29,Santa Clara,85,1922200,73602,67581,316,67897,621
2020-12-29,Santa Cruz,87,273765,9804,8492,384,8876,84
2020-12-29,Shasta,89,179085,8415,7782,753,8535,65
2020-12-29,Sierra,91,2930,31,24,7,31,0
2020-12-29,Siskiyou,93,43540,1033,926,123,1049,3
2020-12-29,Solano,95,438530,20163,18412,214,18626,96
2020-12-29,Sonoma,97,501317,19917,18790,115,18905,187
2020-12-29,Stanislaus,99,539301,35786,33775,3435,37210,508
2020-12-29,Sutter,101,95872,6639,6302,48,6350,50
2020-12-29,Tehama,103,63373,3153,2962,325,3287,9
2020-12-29,Trinity,105,12862,303,241,29,270,2
2020-12-29,Tulare,107,460477,34783,32545,4067,36612,419
2020-12-29,Tuolumne,109,53932,2963,2797,40,2837,12
2020-12-29,Ventura,111,848112,42961,38669,1782,40451,235
2020-12-29,Yolo,113,214977,8932,8124,72,8196,111
2020-12-29,Yuba,115,75493,3942,3723,42,3765,18
2020-12-28,Alameda,1,1643700,53470,50405,1011,51416,551
2020-12-28,Alpine,3,1148,69,65,0,65,0
2020-12-28,Amador,5,37829,2572,2255,20,2275,23
2020-12-28,Butte,7,227075,7769,7053,941,7994,86
2020-12-28,Calaveras,9,45235,1154,1102,3,1105,21
2020-12-28,Colusa,11,21464,1322,1255,74,1329,7
2020-12-28,Contra Costa,13,1133247,41434,38872,605,39477,324
2020-12-28,Del Norte,15,27424,752,718,0,718,2
2020-12-28,El Dorado,17,186661,6319,5441,324,5765,18
2020-12-28,Fresno,19,978130,69013,64274,4789,69063,679
2020-12-28,Glenn,21,27897,1582,1435,270,1705,9
2020-12-28,Humboldt,23,135768,1810,1579,6,1585,19
2020-12-28,Imperial,25,180216,23090,22003,1407,23410,405
2020-12-28,Inyo,27,18085,699,569,1,570,19
2020-12-28,Kern,29,883053,67124,62392,5268,67660,579
2020-12-28,Kings,31,150075,16485,15733,580,16313,108
2020-12-28,Lake,33,64148,1951,1785,0,1785,22
2020-12-28,Lassen,35,31185,4446,4284,53,4337,1
2020-12-28,Los Angeles,37,10098052,785941,720699,22948,743647,9544
2020-12-28,Madera,39,155013,10924,10123,446,10569,64
2020-12-28,Marin,41,260295,9866,9546,78,9624,145
2020-12-28,Mariposa,43,17540,239,211,3,214,3
2020-12-28,Mendocino,45,87422,2478,2214,21,2235,23
2020-12-28,Merced,47,269075,19198,18245,348,18593,213
2020-12-28,Modoc,49,8938,258,220,76,296,0
2020-12-28,Mono,51,14174,890,848,11,859,3
2020-12-28,Monterey,53,433212,27974,26529,721,27250,182
2020-12-28,Napa,55,140530,6038,5576,25,5601,26
2020-12-28,Nevada,57,99092,2778,2532,87,2619,15
2020-12-28,Orange,59,3164182,165532,152089,6613,158702,1839
2020-12-28,Placer,61,380077,14623,13234,605,13839,126
2020-12-28,Plumas,63,18699,474,391,9,400,0
2020-12-28,Riverside,65,2383286,188901,174029,8862,182891,1855
2020-12-28,Sacramento,67,1510023,66538,64322,643,64965,813
2020-12-28,San Benito,69,59416,3712,3429,31,3460,24
2020-12-28,San Bernardino,71,2135413,203762,188919,5490,194409,1552
2020-12-28,San Diego,73,3302833,163971,147528,0,147528,1404
2020-12-28,San Francisco,75,870044,24014,22726,241,22967,178
2020-12-28,San Joaquin,77,732212,46588,44172,1708,45880,618
2020-12-28,San Luis Obispo,79,281455,11341,10260,264,10524,76
2020-12-28,San Mateo,81,765935,26026,23467,111,23578,189
2020-12-28,Santa Barbara,83,443738,18360,16579,576,17155,155
2020-12-28,Santa Clara,85,1922200,72112,66418,309,66727,619
2020-12-28,Santa Cruz,87,273765,9538,8310,374,8684,81
2020-12-28,Shasta,89,179085,8297,7688,739,8427,65
2020-12-28,Sierra,91,2930,29,24,7,31,0
2020-12-28,Siskiyou,93,43540,1018,915,117,1032,3
2020-12-28,Solano,95,438530,19588,18171,208,18379,96
2020-12-28,Sonoma,97,501317,19573,18667,113,18780,185
2020-12-28,Stanislaus,99,539301,35241,33473,3369,36842,507
2020-12-28,Sutter,101,95872,6556,6253,48,6301,49
2020-12-28,Tehama,103,63373,3100,2934,316,3250,9
2020-12-28,Trinity,105,12862,301,240,29,269,2
2020-12-28,Tulare,107,460477,34100,32010,3955,35965,404
2020-12-28,Tuolumne,109,53932,2947,2777,40,2817,12
2020-12-28,Ventura,111,848112,41295,37151,1732,38883,230
2020-12-28,Yolo,113,214977,8777,8031,71,8102,111
2020-12-28,Yuba,115,75493,3880,3679,41,3720,18
2020-12-27,Alameda,1,1643700,52235,49764,982,50746,551
2020-12-27,Alpine,3,1148,67,65,0,65,0
2020-12-27,Amador,5,37829,2451,2218,20,2238,23
2020-12-27,Butte,7,227075,7615,7016,904,7920,86
2020-12-27,Calaveras,9,45235,1109,1097,3,1100,21
2020-12-27,Colusa,11,21464,1297,1253,71,1324,7
2020-12-27,Contra Costa,13,1133247,40515,38428,575,39003,324
2020-12-27,Del Norte,15,27424,729,712,0,712,2
2020-12-27,El Dorado,17,186661,6106,5388,298,5686,18
2020-12-27,Fresno,19,978130,67775,63811,4573,68384,679
2020-12-27,Glenn,21,27897,1556,1434,255,1689,9
2020-12-27,Humboldt,23,135768,1767,1575,6,1581,17
2020-12-27,Imperial,25,180216,22804,21934,1288,23222,405
2020-12-27,Inyo,27,18085,677,565,1,566,18
2020-12-27,Kern,29,883053,65853,61914,5095,67009,568
2020-12-27,Kings,31,150075,16250,15593,544,16137,108
2020-12-27,Lake,33,64148,1894,1769,0,1769,22
2020-12-27,Lassen,35,31185,4369,4230,46,4276,1
2020-12-27,Los Angeles,37,10098052,764553,707260,22001,729261,9476
2020-12-27,Madera,39,155013,10666,10005,436,10441,64
2020-12-27,Marin,41,260295,9743,9477,73,9550,144
2020-12-27,Mariposa,43,17540,232,208,3,211,3
2020-12-27,Mendocino,45,87422,2430,2209,21,2230,23
2020-12-27,Merced,47,269075,18830,18075,332,18407,213
2020-12-27,Modoc,49,8938,249,221,72,293,0
2020-12-27,Mono,51,14174,871,849,11,860,3
2020-12-27,Monterey,53,433212,27432,26322,704,27026,181
2020-12-27,Napa,55,140530,5903,5496,25,5521,26
2020-12-27,Nevada,57,99092,2742,2519,87,2606,15
2020-12-27,Orange,59,3164182,161144,149276,6418,155694,1839
2020-12-27,Placer,61,380077,14334,13017,572,13589,126
2020-12-27,Plumas,63,18699,468,390,9,399,0
2020-12-27,Riverside,65,2383286,184092,171995,8545,180540,1836
2020-12-27,Sacramento,67,1510023,65337,63416,617,64033,811
2020-12-27,San Benito,69,59416,3626,3394,31,3425,24
2020-12-27,San Bernardino,71,2135413,198708,186776,5342,192118,1551
2020-12-27,San Diego,73,3302833,159566,145777,0,145777,1402
2020-12-27,San Francisco,75,870044,23665,22514,232,22746,178
2020-12-27,San Joaquin,77,732212,45551,43529,1655,45184,618
2020-12-27,San Luis Obispo,79,281455,10934,10154,259,10413,76
2020-12-27,San Mateo,81,765935,25461,23136,107,23243,187
2020-12-27,Santa Barbara,83,443738,17843,16364,547,16911,155
2020-12-27,Santa Clara,85,1922200,70490,65288,303,65591,619
2020-12-27,Santa Cruz,87,273765,9271,8234,365,8599,81
2020-12-27,Shasta,89,179085,8173,7671,715,8386,65
2020-12-27,Sierra,91,2930,29,24,6,30,0
2020-12-27,Siskiyou,93,43540,1007,914,112,1026,3
2020-12-27,Solano,95,438530,19096,17840,202,18042,96
2020-12-27,Sonoma,97,501317,19287,18487,112,18599,185
2020-12-27,Stanislaus,99,539301,34640,33076,3273,36349,506
2020-12-27,Sutter,101,95872,6474,6218,46,6264,48
2020-12-27,Tehama,103,63373,3029,2922,298,3220,9
2020-12-27,Trinity,105,12862,297,240,27,267,2
2020-12-27,Tulare,107,460477,33509,31864,3835,35699,400
2020-12-27,Tuolumne,109,53932,2840,2750,38,2788,12
2020-12-27,Ventura,111,848112,40235,36661,1677,38338,230
2020-12-27,Yolo,113,214977,8586,7919,64,7983,111
2020-12-27,Yuba,115,75493,3818,3665,39,3704,18
2020-12-26,Alameda,1,1643700,51628,49084,969,50053,551
2020-12-26,Alpine,3,1148,67,65,0,65,0
2020-12-26,Amador,5,37829,2437,2189,20,2209,23
2020-12-26,Butte,7,227075,7521,6968,882,7850,86
2020-12-26,Calaveras,9,45235,1103,1084,3,1087,21
2020-12-26,Colusa,11,21464,1287,1240,71,1311,7
2020-12-26,Contra Costa,13,1133247,40055,38008,561,38569,324
2020-12-26,Del Norte,15,27424,723,709,0,709,2
2020-12-26,El Dorado,17,186661,6051,5279,293,5572,18
2020-12-26,Fresno,19,978130,67308,63080,4508,67588,679
2020-12-26,Glenn,21,27897,1535,1413,249,1662,9
2020-12-26,Humboldt,23,135768,1729,1545,6,1551,17
2020-12-26,Imperial,25,180216,22715,21734,1236,22970,405
2020-12-26,Inyo,27,18085,664,554,1,555,18
2020-12-26,Kern,29,883053,65191,61174,4935,66109,564
2020-12-26,Kings,31,150075,16132,15517,539,16056,108
2020-12-26,Lake,33,64148,1852,1710,0,1710,22
2020-12-26,Lassen,35,31185,4348,3981,46,4027,1
2020-12-26,Los Angeles,37,10098052,756050,694149,21461,715610,9424
2020-12-26,Madera,39,155013,10592,9908,422,10330,64
2020-12-26,Marin,41,260295,9708,9413,72,9485,143
2020-12-26,Mariposa,43,17540,231,206,3,209,3
2020-12-26,Mendocino,45,87422,2384,2194,21,2215,23
2020-12-26,Merced,47,269075,18673,17890,327,18217,213
2020-12-26,Modoc,49,8938,246,222,72,294,0
2020-12-26,Mono,51,14174,865,850,11,861,3
2020-12-26,Monterey,53,433212,27299,26010,695,26705,182
2020-12-26,Napa,55,140530,5845,5427,25,5452,26
2020-12-26,Nevada,57,99092,2714,2480,87,2567,15
2020-12-26,Orange,59,3164182,158979,147304,6319,153623,1838
2020-12-26,Placer,61,380077,14169,12816,556,13372,122
2020-12-26,Plumas,63,18699,465,381,9,390,0
2020-12-26,Riverside,65,2383286,181663,169360,8380,177740,1834
2020-12-26,Sacramento,67,1510023,64715,62435,607,63042,807
2020-12-26,San Benito,69,59416,3553,3330,31,3361,24
2020-12-26,San Bernardino,71,2135413,197064,185111,5254,190365,1551
2020-12-26,San Diego,73,3302833,157045,142644,0,142644,1402
2020-12-26,San Francisco,75,870044,23432,22319,231,22550,177
2020-12-26,San Joaquin,77,732212,45165,42887,1606,44493,618
2020-12-26,San Luis Obispo,79,281455,10848,9945,253,10198,76
2020-12-26,San Mateo,81,765935,25123,22908,101,23009,187
2020-12-26,Santa Barbara,83,443738,17606,16159,541,16700,155
2020-12-26,Santa Clara,85,1922200,69429,64185,300,64485,618
2020-12-26,Santa Cruz,87,273765,9147,8113,355,8468,81
2020-12-26,Shasta,89,179085,8114,7641,702,8343,65
2020-12-26,Sierra,91,2930,29,24,6,30,0
2020-12-26,Siskiyou,93,43540,1001,909,107,1016,2
2020-12-26,Solano,95,438530,18856,17528,202,17730,96
2020-12-26,Sonoma,97,501317,19088,18261,110,18371,184
2020-12-26,Stanislaus,99,539301,34350,32678,3222,35900,505
2020-12-26,Sutter,101,95872,6415,6121,46,6167,48
2020-12-26,Tehama,103,63373,3002,2884,292,3176,9
2020-12-26,Trinity,105,12862,297,237,26,263,2
2020-12-26,Tulare,107,460477,33212,31665,3781,35446,398
2020-12-26,Tuolumne,109,53932,2829,2703,38,2741,12
2020-12-26,Ventura,111,848112,39273,36064,1642,37706,230
2020-12-26,Yolo,113,214977,8483,7785,62,7847,111
2020-12-26,Yuba,115,75493,3791,3599,39,3638,18
2020-12-25,Alameda,1,1643700,51069,48365,953,49318,542
2020-12-25,Alpine,3,1148,67,64,0,64,0
2020-12-25,Amador,5,37829,2394,2172,20,2192,23
2020-12-25,Butte,7,227075,7424,6873,861,7734,85
2020-12-25,Calaveras,9,45235,1100,1062,3,1065,21
2020-12-25,Colusa,11,21464,1275,1219,70,1289,7
2020-12-25,Contra Costa,13,1133247,39583,37480,535,38015,324
2020-12-25,Del Norte,15,27424,720,692,0,692,2
2020-12-25,El Dorado,17,186661,5987,5170,278,5448,16
2020-12-25,Fresno,19,978130,66450,62251,4419,66670,679
2020-12-25,Glenn,21,27897,1520,1390,241,1631,9
2020-12-25,Humboldt,23,135768,1691,1532,6,1538,16
2020-12-25,Imperial,25,180216,22625,21646,1224,22870,405
2020-12-25,Inyo,27,18085,655,546,1,547,18
2020-12-25,Kern,29,883053,64469,60417,4783,65200,562
2020-12-25,Kings,31,150075,16022,15460,534,15994,108
2020-12-25,Lake,33,64148,1832,1669,0,1669,20
2020-12-25,Lassen,35,31185,4333,3926,46,3972,1
2020-12-25,Los Angeles,37,10098052,742437,665600,20751,686351,9292
2020-12-25,Madera,39,155013,10422,9770,414,10184,64
2020-12-25,Marin,41,260295,9660,9375,69,9444,143
2020-12-25,Mariposa,43,17540,225,203,3,206,3
2020-12-25,Mendocino,45,87422,2342,2176,21,2197,23
2020-12-25,Merced,47,269075,18513,17726,320,18046,213
2020-12-25,Modoc,49,8938,245,221,72,293,0
2020-12-25,Mono,51,14174,863,843,11,854,3
2020-12-25,Monterey,53,433212,27028,25788,686,26474,182
2020-12-25,Napa,55,140530,5765,5351,25,5376,26
2020-12-25,Nevada,57,99092,2688,2458,85,2543,15
2020-12-25,Orange,59,3164182,156335,144542,6116,150658,1814
2020-12-25,Placer,61,380077,13987,12660,533,13193,122
2020-12-25,Plumas,63,18699,458,381,9,390,0
2020-12-25,Riverside,65,2383286,178419,166690,8050,174740,1825
2020-12-25,Sacramento,67,1510023,64021,61630,580,62210,796
2020-12-25,San Benito,69,59416,3515,3281,29,3310,24
2020-12-25,San Bernardino,71,2135413,194427,181812,5133,186945,1546
2020-12-25,San Diego,73,3302833,154565,139958,0,139958,1402
2020-12-25,San Francisco,75,870044,23156,22130,226,22356,175
2020-12-25,San Joaquin,77,732212,44861,42089,1547,43636,614
2020-12-25,San Luis Obispo,79,281455,10665,9749,246,9995,76
2020-12-25,San Mateo,81,765935,24800,22568,98,22666,187
2020-12-25,Santa Barbara,83,443738,17383,15936,532,16468,155
2020-12-25,Santa Clara,85,1922200,68313,63173,291,63464,612
2020-12-25,Santa Cruz,87,273765,9007,8018,331,8349,81
2020-12-25,Shasta,89,179085,8041,7612,679,8291,65
2020-12-25,Sierra,91,2930,29,24,5,29,0
2020-12-25,Siskiyou,93,43540,995,905,104,1009,2
2020-12-25,Solano,95,438530,18685,17280,200,17480,96
2020-12-25,Sonoma,97,501317,18912,18035,108,18143,184
2020-12-25,Stanislaus,99,539301,34060,32290,3173,35463,498
2020-12-25,Sutter,101,95872,6356,6051,45,6096,47
2020-12-25,Tehama,103,63373,2958,2839,277,3116,9
2020-12-25,Trinity,105,12862,294,236,26,262,2
2020-12-25,Tulare,107,460477,32835,31323,3713,35036,398
2020-12-25,Tuolumne,109,53932,2810,2674,38,2712,12
2020-12-25,Ventura,111,848112,38120,35514,1591,37105,230
2020-12-25,Yolo,113,214977,8383,7700,60,7760,111
2020-12-25,Yuba,115,75493,3756,3549,38,3587,17
2020-12-24,Alameda,1,1643700,50741,47527,932,48459,541
2020-12-24,Alpine,3,1148,67,64,0,64,0
2020-12-24,Amador,5,37829,2382,2145,20,2165,23
2020-12-24,Butte,7,227075,7386,6716,846,7562,84
2020-12-24,Calaveras,9,45235,1096,1032,3,1035,21
2020-12-24,Colusa,11,21464,1270,1188,69,1257,7
2020-12-24,Contra Costa,13,1133247,39338,36623,523,37146,311
2020-12-24,Del Norte,15,27424,720,678,0,678,2
2020-12-24,El Dorado,17,186661,5961,5042,270,5312,16
2020-12-24,Fresno,19,978130,66227,61435,4405,65840,663
2020-12-24,Glenn,21,27897,1509,1363,233,1596,9
2020-12-24,Humboldt,23,135768,1668,1516,6,1522,16
2020-12-24,Imperial,25,180216,22576,21545,1215,22760,402
2020-12-24,Inyo,27,18085,653,532,1,533,17
2020-12-24,Kern,29,883053,64183,59601,4770,64371,556
2020-12-24,Kings,31,150075,15982,15211,533,15744,108
2020-12-24,Lake,33,64148,1821,1629,0,1629,20
2020-12-24,Lassen,35,31185,4320,3894,46,3940,1
2020-12-24,Los Angeles,37,10098052,738293,664840,20480,685320,9288
2020-12-24,Madera,39,155013,10384,9547,407,9954,63
2020-12-24,Marin,41,260295,9627,9287,69,9356,143
2020-12-24,Mariposa,43,17540,221,197,3,200,3
2020-12-24,Mendocino,45,87422,2332,2150,21,2171,23
2020-12-24,Merced,47,269075,18443,17485,316,17801,212
2020-12-24,Modoc,49,8938,245,220,71,291,0
2020-12-24,Mono,51,14174,861,817,11,828,3
2020-12-24,Monterey,53,433212,26925,25131,679,25810,180
2020-12-24,Napa,55,140530,5711,5265,25,5290,26
2020-12-24,Nevada,57,99092,2664,2429,85,2514,15
2020-12-24,Orange,59,3164182,154884,141205,6067,147272,1775
2020-12-24,Placer,61,380077,13909,12457,526,12983,121
2020-12-24,Plumas,63,18699,455,376,9,385,0
2020-12-24,Riverside,65,2383286,177515,162435,8011,170446,1816
2020-12-24,Sacramento,67,1510023,63746,60596,578,61174,788
2020-12-24,San Benito,69,59416,3485,3183,29,3212,24
2020-12-24,San Bernardino,71,2135413,193421,176866,5098,181964,1533
2020-12-24,San Diego,73,3302833,153483,136952,0,136952,1382
2020-12-24,San Francisco,75,870044,22992,21830,223,22053,175
2020-12-24,San Joaquin,77,732212,44700,41324,1528,42852,611
2020-12-24,San Luis Obispo,79,281455,10597,9504,244,9748,77
2020-12-24,San Mateo,81,765935,24602,22093,98,22191,186
2020-12-24,Santa Barbara,83,443738,17279,15644,524,16168,153
2020-12-24,Santa Clara,85,1922200,67711,61742,284,62026,591
2020-12-24,Santa Cruz,87,273765,8937,7856,318,8174,82
2020-12-24,Shasta,89,179085,8001,7540,661,8201,65
2020-12-24,Sierra,91,2930,27,23,2,25,0
2020-12-24,Siskiyou,93,43540,991,900,97,997,2
2020-12-24,Solano,95,438530,18544,16872,195,17067,96
2020-12-24,Sonoma,97,501317,18814,17710,108,17818,183
2020-12-24,Stanislaus,99,539301,33866,31848,3148,34996,498
2020-12-24,Sutter,101,95872,6315,5960,44,6004,47
2020-12-24,Tehama,103,63373,2942,2779,277,3056,9
2020-12-24,Trinity,105,12862,293,235,26,261,2
2020-12-24,Tulare,107,460477,32721,30827,3686,34513,390
2020-12-24,Tuolumne,109,53932,2802,2653,38,2691,12
2020-12-24,Ventura,111,848112,37842,34400,1584,35984,224
2020-12-24,Yolo,113,214977,8344,7566,60,7626,113
2020-12-24,Yuba,115,75493,3731,3483,38,3521,16
2020-12-23,Alameda,1,1643700,50176,46753,904,47657,537
2020-12-23,Alpine,3,1148,67,64,0,64,0
2020-12-23,Amador,5,37829,2314,2108,19,2127,23
2020-12-23,Butte,7,227075,7300,6588,818,7406,84
2020-12-23,Calaveras,9,45235,1089,1002,2,1004,21
2020-12-23,Colusa,11,21464,1259,1167,69,1236,7
2020-12-23,Contra Costa,13,1133247,38940,36190,509,36699,311
2020-12-23,Del Norte,15,27424,713,670,0,670,2
2020-12-23,El Dorado,17,186661,5887,4967,261,5228,14
2020-12-23,Fresno,19,978130,65621,60488,4336,64824,654
2020-12-23,Glenn,21,27897,1495,1349,229,1578,9
2020-12-23,Humboldt,23,135768,1643,1458,6,1464,16
2020-12-23,Imperial,25,180216,22482,21323,1185,22508,399
2020-12-23,Inyo,27,18085,641,517,1,518,17
2020-12-23,Kern,29,883053,63671,58656,4671,63327,549
2020-12-23,Kings,31,150075,15904,14923,530,15453,105
2020-12-23,Lake,33,64148,1806,1595,0,1595,20
2020-12-23,Lassen,35,31185,4310,3865,43,3908,1
2020-12-23,Los Angeles,37,10098052,729290,651958,19906,671864,9146
2020-12-23,Madera,39,155013,10228,9371,392,9763,63
2020-12-23,Marin,41,260295,9569,9199,66,9265,142
2020-12-23,Mariposa,43,17540,219,194,3,197,3
2020-12-23,Mendocino,45,87422,2320,2121,21,2142,23
2020-12-23,Merced,47,269075,18287,17250,309,17559,203
2020-12-23,Modoc,49,8938,241,197,70,267,0
2020-12-23,Mono,51,14174,859,814,11,825,3
2020-12-23,Monterey,53,433212,26627,24856,673,25529,176
2020-12-23,Napa,55,140530,5643,5172,25,5197,25
2020-12-23,Nevada,57,99092,2619,2406,84,2490,15
2020-12-23,Orange,59,3164182,152452,138050,5893,143943,1771
2020-12-23,Placer,61,380077,13703,12213,518,12731,111
2020-12-23,Plumas,63,18699,448,369,9,378,0
2020-12-23,Riverside,65,2383286,175291,158110,7842,165952,1790
2020-12-23,Sacramento,67,1510023,63101,59661,563,60224,779
2020-12-23,San Benito,69,59416,3430,3073,27,3100,24
2020-12-23,San Bernardino,71,2135413,191391,172888,5029,177917,1509
2020-12-23,San Diego,73,3302833,151062,134695,0,134695,1350
2020-12-23,San Francisco,75,870044,22769,21498,220,21718,174
2020-12-23,San Joaquin,77,732212,44177,35664,1486,37150,602
2020-12-23,San Luis Obispo,79,281455,10456,9267,238,9505,74
2020-12-23,San Mateo,81,765935,24298,21780,96,21876,186
2020-12-23,Santa Barbara,83,443738,17072,15399,494,15893,152
2020-12-23,Santa Clara,85,1922200,66804,60455,279,60734,579
2020-12-23,Santa Cruz,87,273765,8777,7637,300,7937,75
2020-12-23,Shasta,89,179085,7928,7487,654,8141,66
2020-12-23,Sierra,91,2930,27,23,0,23,0
2020-12-23,Siskiyou,93,43540,971,891,94,985,2
2020-12-23,Solano,95,438530,18337,16626,190,16816,95
2020-12-23,Sonoma,97,501317,18610,17397,108,17505,182
2020-12-23,Stanislaus,99,539301,33526,31492,3090,34582,499
2020-12-23,Sutter,101,95872,6250,5871,44,5915,46
2020-12-23,Tehama,103,63373,2921,2737,273,3010,9
2020-12-23,Trinity,105,12862,293,234,26,260,2
2020-12-23,Tulare,107,460477,32427,30315,3644,33959,385
2020-12-23,Tuolumne,109,53932,2762,2540,38,2578,12
2020-12-23,Ventura,111,848112,37453,33377,1550,34927,216
2020-12-23,Yolo,113,214977,8264,7508,58,7566,112
2020-12-23,Yuba,115,75493,3680,3438,37,3475,14
2020-12-22,Alameda,1,1643700,49292,45751,871,46622,534
2020-12-22,Alpine,3,1148,67,64,0,64,0
2020-12-22,Amador,5,37829,2303,1839,19,1858,23
2020-12-22,Butte,7,227075,7173,6467,801,7268,85
2020-12-22,Calaveras,9,45235,1062,988,1,989,21
2020-12-22,Colusa,11,21464,1236,1150,65,1215,7
2020-12-22,Contra Costa,13,1133247,38317,35681,496,36177,301
2020-12-22,Del Norte,15,27424,707,666,0,666,2
2020-12-22,El Dorado,17,186661,5766,4885,247,5132,12
2020-12-22,Fresno,19,978130,64593,59640,4221,63861,640
2020-12-22,Glenn,21,27897,1472,1337,218,1555,9
2020-12-22,Humboldt,23,135768,1609,1440,6,1446,16
2020-12-22,Imperial,25,180216,22295,21128,1142,22270,398
2020-12-22,Inyo,27,18085,620,506,1,507,17
2020-12-22,Kern,29,883053,62730,57816,4523,62339,547
2020-12-22,Kings,31,150075,15765,14855,523,15378,102
2020-12-22,Lake,33,64148,1782,1569,0,1569,20
2020-12-22,Lassen,35,31185,4168,3848,41,3889,1
2020-12-22,Los Angeles,37,10098052,712090,635931,19174,655105,9013
2020-12-22,Madera,39,155013,10110,9187,376,9563,63
2020-12-22,Marin,41,260295,9506,9115,65,9180,142
2020-12-22,Mariposa,43,17540,216,194,3,197,3
2020-12-22,Mendocino,45,87422,2287,2092,21,2113,23
2020-12-22,Merced,47,269075,18042,17012,305,17317,201
2020-12-22,Modoc,49,8938,233,182,69,251,0
2020-12-22,Mono,51,14174,849,786,11,797,3
2020-12-22,Monterey,53,433212,25965,24152,653,24805,176
2020-12-22,Napa,55,140530,5556,5059,25,5084,23
2020-12-22,Nevada,57,99092,2592,2367,83,2450,14
2020-12-22,Orange,59,3164182,149081,134850,5717,140567,1774
2020-12-22,Placer,61,380077,13473,11943,497,12440,105
2020-12-22,Plumas,63,18699,442,360,9,369,0
2020-12-22,Riverside,65,2383286,171525,155059,7559,162618,1777
2020-12-22,Sacramento,67,1510023,62176,57966,543,58509,772
2020-12-22,San Benito,69,59416,3353,2998,27,3025,24
2020-12-22,San Bernardino,71,2135413,186822,169266,4876,174142,1500
2020-12-22,San Diego,73,3302833,147709,132097,0,132097,1311
2020-12-22,San Francisco,75,870044,22500,21232,216,21448,174
2020-12-22,San Joaquin,77,732212,43424,39423,1438,40861,592
2020-12-22,San Luis Obispo,79,281455,10112,9174,233,9407,69
2020-12-22,San Mateo,81,765935,23970,21382,80,21462,186
2020-12-22,Santa Barbara,83,443738,16811,15189,484,15673,150
2020-12-22,Santa Clara,85,1922200,65640,59192,272,59464,569
2020-12-22,Santa Cruz,87,273765,8599,7471,273,7744,72
2020-12-22,Shasta,89,179085,7849,7371,637,8008,64
2020-12-22,Sierra,91,2930,27,23,0,23,0
2020-12-22,Siskiyou,93,43540,966,880,91,971,2
2020-12-22,Solano,95,438530,17933,16229,187,16416,95
2020-12-22,Sonoma,97,501317,18291,17216,108,17324,180
2020-12-22,Stanislaus,99,539301,33150,30914,3015,33929,499
2020-12-22,Sutter,101,95872,6189,5791,43,5834,46
2020-12-22,Tehama,103,63373,2874,2688,265,2953,9
2020-12-22,Trinity,105,12862,293,231,26,257,2
2020-12-22,Tulare,107,460477,31965,30025,3572,33597,377
2020-12-22,Tuolumne,109,53932,2707,2526,38,2564,12
2020-12-22,Ventura,111,848112,36694,32488,1501,33989,213
2020-12-22,Yolo,113,214977,8151,7388,57,7445,113
2020-12-22,Yuba,115,75493,3630,3379,37,3416,14
2020-12-21,Alameda,1,1643700,48394,44756,842,45598,518
2020-12-21,Alpine,3,1148,66,64,0,64,0
2020-12-21,Amador,5,37829,2226,1815,19,1834,23
2020-12-21,Butte,7,227075,7018,6335,777,7112,81
2020-12-21,Calaveras,9,45235,1032,963,1,964,21
2020-12-21,Colusa,11,21464,1209,1135,60,1195,7
2020-12-21,Contra Costa,13,1133247,37570,35207,459,35666,300
2020-12-21,Del Norte,15,27424,696,660,0,660,2
2020-12-21,El Dorado,17,186661,5621,4805,233,5038,10
2020-12-21,Fresno,19,978130,63447,58568,4068,62636,634
2020-12-21,Glenn,21,27897,1440,1323,210,1533,9
2020-12-21,Humboldt,23,135768,1585,1419,6,1425,16
2020-12-21,Imperial,25,180216,22024,20994,1099,22093,395
2020-12-21,Inyo,27,18085,599,482,1,483,17
2020-12-21,Kern,29,883053,61840,56836,4382,61218,541
2020-12-21,Kings,31,150075,15515,14760,507,15267,100
2020-12-21,Lake,33,64148,1728,1538,0,1538,20
2020-12-21,Lassen,35,31185,4008,3798,39,3837,1
2020-12-21,Los Angeles,37,10098052,693093,624129,18453,642582,8918
2020-12-21,Madera,39,155013,9918,9069,356,9425,63
2020-12-21,Marin,41,260295,9437,9035,65,9100,142
2020-12-21,Mariposa,43,17540,211,186,3,189,3
2020-12-21,Mendocino,45,87422,2257,2066,20,2086,23
2020-12-21,Merced,47,269075,17794,16710,288,16998,198
2020-12-21,Modoc,49,8938,219,181,68,249,0
2020-12-21,Mono,51,14174,837,781,11,792,3
2020-12-21,Monterey,53,433212,25434,23673,639,24312,174
2020-12-21,Napa,55,140530,5468,4952,25,4977,23
2020-12-21,Nevada,57,99092,2559,2337,83,2420,13
2020-12-21,Orange,59,3164182,145679,130444,5560,136004,1772
2020-12-21,Placer,61,380077,13248,11715,477,12192,105
2020-12-21,Plumas,63,18699,438,353,9,362,0
2020-12-21,Riverside,65,2383286,167332,151713,7213,158926,1743
2020-12-21,Sacramento,67,1510023,61159,57064,525,57589,759
2020-12-21,San Benito,69,59416,3284,2921,27,2948,22
2020-12-21,San Bernardino,71,2135413,182055,165086,4700,169786,1476
2020-12-21,San Diego,73,3302833,144263,129716,0,129716,1284
2020-12-21,San Francisco,75,870044,22218,21086,212,21298,174
2020-12-21,San Joaquin,77,732212,42629,38811,1385,40196,586
2020-12-21,San Luis Obispo,79,281455,9924,9006,228,9234,64
2020-12-21,San Mateo,81,765935,23565,21035,76,21111,185
2020-12-21,Santa Barbara,83,443738,16540,14988,479,15467,149
2020-12-21,Santa Clara,85,1922200,64448,57699,260,57959,570
2020-12-21,Santa Cruz,87,273765,8386,7315,259,7574,69
2020-12-21,Shasta,89,179085,7784,7299,627,7926,64
2020-12-21,Sierra,91,2930,24,23,0,23,0
2020-12-21,Siskiyou,93,43540,958,878,90,968,2
2020-12-21,Solano,95,438530,17463,15878,182,16060,95
2020-12-21,Sonoma,97,501317,18016,17075,104,17179,176
2020-12-21,Stanislaus,99,539301,32696,30437,2939,33376,499
2020-12-21,Sutter,101,95872,6094,5708,43,5751,46
2020-12-21,Tehama,103,63373,2808,2656,256,2912,9
2020-12-21,Trinity,105,12862,291,226,26,252,2
2020-12-21,Tulare,107,460477,31479,29482,3477,32959,373
2020-12-21,Tuolumne,109,53932,2682,2423,36,2459,12
2020-12-21,Ventura,111,848112,35613,31759,1464,33223,212
2020-12-21,Yolo,113,214977,8007,7266,53,7319,109
2020-12-21,Yuba,115,75493,3571,3329,37,3366,14
2020-12-20,Alameda,1,1643700,47510,44004,820,44824,516
2020-12-20,Alpine,3,1148,66,64,0,64,0
2020-12-20,Amador,5,37829,2168,1771,18,1789,23
2020-12-20,Butte,7,227075,6871,6228,739,6967,81
2020-12-20,Calaveras,9,45235,1008,926,1,927,21
2020-12-20,Colusa,11,21464,1182,1121,52,1173,7
2020-12-20,Contra Costa,13,1133247,36984,34798,440,35238,301
2020-12-20,Del Norte,15,27424,674,652,0,652,2
2020-12-20,El Dorado,17,186661,5493,4697,224,4921,10
2020-12-20,Fresno,19,978130,62465,57616,3924,61540,634
2020-12-20,Glenn,21,27897,1431,1295,203,1498,9
2020-12-20,Humboldt,23,135768,1548,1386,5,1391,15
2020-12-20,Imperial,25,180216,21782,20882,993,21875,395
2020-12-20,Inyo,27,18085,585,476,1,477,17
2020-12-20,Kern,29,883053,60746,55983,4222,60205,540
2020-12-20,Kings,31,150075,15297,14629,487,15116,100
2020-12-20,Lake,33,64148,1680,1463,0,1463,20
2020-12-20,Lassen,35,31185,3953,3669,37,3706,1
2020-12-20,Los Angeles,37,10098052,675095,612975,17674,630649,8862
2020-12-20,Madera,39,155013,9708,8871,346,9217,63
2020-12-20,Marin,41,260295,9340,8948,61,9009,142
2020-12-20,Mariposa,43,17540,210,179,3,182,3
2020-12-20,Mendocino,45,87422,2232,2033,20,2053,23
2020-12-20,Merced,47,269075,17478,16435,281,16716,198
2020-12-20,Modoc,49,8938,219,181,66,247,0
2020-12-20,Mono,51,14174,816,774,11,785,3
2020-12-20,Monterey,53,433212,24960,23250,595,23845,173
2020-12-20,Napa,55,140530,5346,4865,23,4888,23
2020-12-20,Nevada,57,99092,2513,2289,77,2366,13
2020-12-20,Orange,59,3164182,142200,128780,5404,134184,1763
2020-12-20,Placer,61,380077,13016,11496,458,11954,105
2020-12-20,Plumas,63,18699,430,347,9,356,0
2020-12-20,Riverside,65,2383286,163157,148714,6912,155626,1742
2020-12-20,Sacramento,67,1510023,60166,56017,506,56523,755
2020-12-20,San Benito,69,59416,3212,2885,26,2911,21
2020-12-20,San Bernardino,71,2135413,177097,162810,4537,167347,1458
2020-12-20,San Diego,73,3302833,140550,126465,0,126465,1280
2020-12-20,San Francisco,75,870044,21903,20937,208,21145,174
2020-12-20,San Joaquin,77,732212,41793,38268,1320,39588,587
2020-12-20,San Luis Obispo,79,281455,9631,8881,221,9102,63
2020-12-20,San Mateo,81,765935,23130,20764,72,20836,185
2020-12-20,Santa Barbara,83,443738,16226,14817,457,15274,148
2020-12-20,Santa Clara,85,1922200,63046,56860,254,57114,566
2020-12-20,Santa Cruz,87,273765,8181,7178,246,7424,69
2020-12-20,Shasta,89,179085,7670,7256,612,7868,64
2020-12-20,Sierra,91,2930,24,22,0,22,0
2020-12-20,Siskiyou,93,43540,948,870,89,959,2
2020-12-20,Solano,95,438530,17085,15533,171,15704,95
2020-12-20,Sonoma,97,501317,17741,16802,103,16905,175
2020-12-20,Stanislaus,99,539301,32175,29995,2835,32830,498
2020-12-20,Sutter,101,95872,6007,5601,43,5644,43
2020-12-20,Tehama,103,63373,2761,2602,236,2838,9
2020-12-20,Trinity,105,12862,286,221,25,246,2
2020-12-20,Tulare,107,460477,30965,29078,3377,32455,373
2020-12-20,Tuolumne,109,53932,2570,2152,35,2187,12
2020-12-20,Ventura,111,848112,34912,31335,1429,32764,210
2020-12-20,Yolo,113,214977,7853,7121,50,7171,109
2020-12-20,Yuba,115,75493,3523,3254,35,3289,12
2020-12-19,Alameda,1,1643700,47070,43109,813,43922,516
2020-12-19,Alpine,3,1148,66,64,0,64,0
2020-12-19,Amador,5,37829,2144,1754,18,1772,23
2020-12-19,Butte,7,227075,6771,6118,715,6833,81
2020-12-19,Calaveras,9,45235,990,900,1,901,21
2020-12-19,Colusa,11,21464,1174,1096,50,1146,7
2020-12-19,Contra Costa,13,1133247,36674,34321,424,34745,301
2020-12-19,Del Norte,15,27424,672,641,0,641,2
2020-12-19,El Dorado,17,186661,5427,4588,215,4803,10
2020-12-19,Fresno,19,978130,62144,55428,3854,59282,634
2020-12-19,Glenn,21,27897,1396,1286,202,1488,9
2020-12-19,Humboldt,23,135768,1531,1357,5,1362,15
2020-12-19,Imperial,25,180216,21695,20711,942,21653,395
2020-12-19,Inyo,27,18085,578,475,1,476,17
2020-12-19,Kern,29,883053,60266,55118,4110,59228,540
2020-12-19,Kings,31,150075,15218,14474,485,14959,100
2020-12-19,Lake,33,64148,1647,1438,0,1438,20
2020-12-19,Lassen,35,31185,3925,3595,37,3632,1
2020-12-19,Los Angeles,37,10098052,668064,599888,17116,617004,8804
2020-12-19,Madera,39,155013,9617,8717,335,9052,63
2020-12-19,Marin,41,260295,9301,8864,61,8925,142
2020-12-19,Mariposa,43,17540,208,177,3,180,3
2020-12-19,Mendocino,45,87422,2207,2008,20,2028,23
2020-12-19,Merced,47,269075,17340,16230,272,16502,198
2020-12-19,Modoc,49,8938,216,181,66,247,0
2020-12-19,Mono,51,14174,812,766,11,777,3
2020-12-19,Monterey,53,433212,24849,22799,589,23388,172
2020-12-19,Napa,55,140530,5284,4772,23,4795,23
2020-12-19,Nevada,57,99092,2491,2260,77,2337,13
2020-12-19,Orange,59,3164182,140311,125574,5245,130819,1733
2020-12-19,Placer,61,380077,12863,11246,452,11698,105
2020-12-19,Plumas,63,18699,427,343,9,352,0
2020-12-19,Riverside,65,2383286,161195,146703,6669,153372,1737
2020-12-19,Sacramento,67,1510023,59635,55169,491,55660,746
2020-12-19,San Benito,69,59416,3166,2820,25,2845,21
2020-12-19,San Bernardino,71,2135413,175558,159883,4424,164307,1433
2020-12-19,San Diego,73,3302833,138784,122972,0,122972,1280
2020-12-19,San Francisco,75,870044,21753,20643,207,20850,174
2020-12-19,San Joaquin,77,732212,41394,37340,1264,38604,586
2020-12-19,San Luis Obispo,79,281455,9561,8788,218,9006,63
2020-12-19,San Mateo,81,765935,22920,20393,65,20458,182
2020-12-19,Santa Barbara,83,443738,16071,14667,449,15116,148
2020-12-19,Santa Clara,85,1922200,62238,55540,249,55789,558
2020-12-19,Santa Cruz,87,273765,8079,7054,240,7294,68
2020-12-19,Shasta,89,179085,7617,7221,600,7821,63
2020-12-19,Sierra,91,2930,24,23,0,23,0
2020-12-19,Siskiyou,93,43540,945,853,88,941,2
2020-12-19,Solano,95,438530,16919,15204,167,15371,95
2020-12-19,Sonoma,97,501317,17634,16553,103,16656,175
2020-12-19,Stanislaus,99,539301,31857,29555,2761,32316,498
2020-12-19,Sutter,101,95872,5949,5506,43,5549,41
2020-12-19,Tehama,103,63373,2710,2574,233,2807,9
2020-12-19,Trinity,105,12862,286,219,25,244,2
2020-12-19,Tulare,107,460477,30748,28734,3308,32042,375
2020-12-19,Tuolumne,109,53932,2557,2107,35,2142,12
2020-12-19,Ventura,111,848112,34632,30843,1399,32242,209
2020-12-19,Yolo,113,214977,7784,7025,49,7074,109
2020-12-19,Yuba,115,75493,3491,3168,35,3203,11
2020-12-18,Alameda,1,1643700,46534,42196,796,42992,515
2020-12-18,Alpine,3,1148,66,64,0,64,0
2020-12-18,Amador,5,37829,2127,1727,16,1743,20
2020-12-18,Butte,7,227075,6687,5891,688,6579,81
2020-12-18,Calaveras,9,45235,981,870,1,871,21
2020-12-18,Colusa,11,21464,1165,1068,50,1118,7
2020-12-18,Contra Costa,13,1133247,36393,33610,410,34020,300
2020-12-18,Del Norte,15,27424,667,627,0,627,2
2020-12-18,El Dorado,17,186661,5366,4494,204,4698,10
2020-12-18,Fresno,19,978130,61317,52643,3789,56432,613
2020-12-18,Glenn,21,27897,1380,1264,196,1460,9
2020-12-18,Humboldt,23,135768,1516,1331,5,1336,15
2020-12-18,Imperial,25,180216,21617,20430,895,21325,393
2020-12-18,Inyo,27,18085,558,454,1,455,17
2020-12-18,Kern,29,883053,59610,54220,4024,58244,533
2020-12-18,Kings,31,150075,15093,14284,479,14763,98
2020-12-18,Lake,33,64148,1637,1397,0,1397,20
2020-12-18,Lassen,35,31185,3917,3486,37,3523,1
2020-12-18,Los Angeles,37,10098052,655999,586413,16593,603006,8744
2020-12-18,Madera,39,155013,9515,8609,330,8939,63
2020-12-18,Marin,41,260295,9218,8799,61,8860,142
2020-12-18,Mariposa,43,17540,205,176,3,179,3
2020-12-18,Mendocino,45,87422,2189,1977,20,1997,24
2020-12-18,Merced,47,269075,17259,15956,269,16225,195
2020-12-18,Modoc,49,8938,216,179,66,245,0
2020-12-18,Mono,51,14174,806,731,11,742,3
2020-12-18,Monterey,53,433212,24557,22336,583,22919,165
2020-12-18,Napa,55,140530,5236,4688,23,4711,23
2020-12-18,Nevada,57,99092,2474,2220,76,2296,13
2020-12-18,Orange,59,3164182,137890,121681,5086,126767,1725
2020-12-18,Placer,61,380077,12699,10995,443,11438,104
2020-12-18,Plumas,63,18699,421,336,9,345,0
2020-12-18,Riverside,65,2383286,158378,142375,6394,148769,1733
2020-12-18,Sacramento,67,1510023,59007,53980,473,54453,736
2020-12-18,San Benito,69,59416,3118,2744,25,2769,21
2020-12-18,San Bernardino,71,2135413,173271,154272,4289,158561,1430
2020-12-18,San Diego,73,3302833,136610,120463,0,120463,1253
2020-12-18,San Francisco,75,870044,21587,20315,201,20516,173
2020-12-18,San Joaquin,77,732212,41038,36484,1228,37712,559
2020-12-18,San Luis Obispo,79,281455,9462,8598,213,8811,62
2020-12-18,San Mateo,81,765935,22605,19971,61,20032,182
2020-12-18,Santa Barbara,83,443738,15931,14361,436,14797,148
2020-12-18,Santa Clara,85,1922200,61370,53992,236,54228,539
2020-12-18,Santa Cruz,87,273765,7964,6838,232,7070,68
2020-12-18,Shasta,89,179085,7581,7114,588,7702,62
2020-12-18,Sierra,91,2930,24,23,0,23,0
2020-12-18,Siskiyou,93,43540,943,840,88,928,2
2020-12-18,Solano,95,438530,16767,14667,163,14830,95
2020-12-18,Sonoma,97,501317,17514,16261,103,16364,173
2020-12-18,Stanislaus,99,539301,31588,28967,2722,31689,490
2020-12-18,Sutter,101,95872,5865,5399,43,5442,39
2020-12-18,Tehama,103,63373,2693,2523,224,2747,9
2020-12-18,Trinity,105,12862,285,215,25,240,2
2020-12-18,Tulare,107,460477,30482,28322,3222,31544,370
2020-12-18,Tuolumne,109,53932,2546,2067,35,2102,12
2020-12-18,Ventura,111,848112,34131,29907,1355,31262,209
2020-12-18,Yolo,113,214977,7716,6901,48,6949,109
2020-12-18,Yuba,115,75493,3433,3097,35,3132,11
2020-12-17,Alameda,1,1643700,45732,41548,763,42311,508
2020-12-17,Alpine,3,1148,66,64,0,64,0
2020-12-17,Amador,5,37829,2079,1703,14,1717,19
2020-12-17,Butte,7,227075,6563,5746,668,6414,78
2020-12-17,Calaveras,9,45235,958,848,1,849,21
2020-12-17,Colusa,11,21464,1154,1053,48,1101,7
2020-12-17,Contra Costa,13,1133247,35872,33006,375,33381,293
2020-12-17,Del Norte,15,27424,662,583,0,583,1
2020-12-17,El Dorado,17,186661,5224,4327,191,4518,9
2020-12-17,Fresno,19,978130,60460,49918,3659,53577,597
2020-12-17,Glenn,21,27897,1356,1244,189,1433,9
2020-12-17,Humboldt,23,135768,1483,1322,5,1327,14
2020-12-17,Imperial,25,180216,21459,20208,818,21026,391
2020-12-17,Inyo,27,18085,540,450,1,451,16
2020-12-17,Kern,29,883053,58663,53683,3882,57565,526
2020-12-17,Kings,31,150075,14994,14057,463,14520,98
2020-12-17,Lake,33,64148,1612,1374,0,1374,20
2020-12-17,Lassen,35,31185,3881,3417,37,3454,1
2020-12-17,Los Angeles,37,10098052,640434,571093,16004,587097,8657
2020-12-17,Madera,39,155013,9399,8465,325,8790,62
2020-12-17,Marin,41,260295,9161,8721,58,8779,142
2020-12-17,Mariposa,43,17540,201,172,3,175,3
2020-12-17,Mendocino,45,87422,2155,1942,20,1962,23
2020-12-17,Merced,47,269075,16996,15648,261,15909,192
2020-12-17,Modoc,49,8938,213,179,66,245,0
2020-12-17,Mono,51,14174,797,718,11,729,3
2020-12-17,Monterey,53,433212,24038,21951,568,22519,163
2020-12-17,Napa,55,140530,5124,4612,23,4635,23
2020-12-17,Nevada,57,99092,2433,2173,73,2246,13
2020-12-17,Orange,59,3164182,134516,118367,4950,123317,1725
2020-12-17,Placer,61,380077,12431,10756,429,11185,99
2020-12-17,Plumas,63,18699,412,324,9,333,0
2020-12-17,Riverside,65,2383286,154537,139325,6170,145495,1696
2020-12-17,Sacramento,67,1510023,58104,53189,450,53639,721
2020-12-17,San Benito,69,59416,3048,2645,24,2669,20
2020-12-17,San Bernardino,71,2135413,169352,149838,4164,154002,1425
2020-12-17,San Diego,73,3302833,133816,116852,0,116852,1239
2020-12-17,San Francisco,75,870044,21298,19939,196,20135,170
2020-12-17,San Joaquin,77,732212,40310,35894,1191,37085,554
2020-12-17,San Luis Obispo,79,281455,9342,8365,211,8576,59
2020-12-17,San Mateo,81,765935,22233,19647,61,19708,181
2020-12-17,Santa Barbara,83,443738,15698,14207,429,14636,147
2020-12-17,Santa Clara,85,1922200,60203,52559,229,52788,527
2020-12-17,Santa Cruz,87,273765,7809,6687,217,6904,64
2020-12-17,Shasta,89,179085,7505,7000,569,7569,62
2020-12-17,Sierra,91,2930,23,23,0,23,0
2020-12-17,Siskiyou,93,43540,936,827,87,914,2
2020-12-17,Solano,95,438530,16459,14361,161,14522,96
2020-12-17,Sonoma,97,501317,17242,15993,102,16095,171
2020-12-17,Stanislaus,99,539301,31164,28582,2661,31243,489
2020-12-17,Sutter,101,95872,5766,5309,42,5351,39
2020-12-17,Tehama,103,63373,2646,2480,218,2698,9
2020-12-17,Trinity,105,12862,282,213,25,238,2
2020-12-17,Tulare,107,460477,30090,27852,3140,30992,358
2020-12-17,Tuolumne,109,53932,2235,1992,35,2027,11
2020-12-17,Ventura,111,848112,33524,29404,1317,30721,208
2020-12-17,Yolo,113,214977,7589,6800,47,6847,105
2020-12-17,Yuba,115,75493,3374,3035,33,3068,12
2020-12-16,Alameda,1,1643700,44877,40751,735,41486,497
2020-12-16,Alpine,3,1148,66,64,0,64,0
2020-12-16,Amador,5,37829,2032,1693,13,1706,19
2020-12-16,Butte,7,227075,6372,5659,638,6297,76
2020-12-16,Calaveras,9,45235,923,821,1,822,21
2020-12-16,Colusa,11,21464,1141,1038,43,1081,7
2020-12-16,Contra Costa,13,1133247,35318,32429,352,32781,293
2020-12-16,Del Norte,15,27424,660,575,0,575,1
2020-12-16,El Dorado,17,186661,5103,4237,180,4417,9
2020-12-16,Fresno,19,978130,59507,49173,3555,52728,584
2020-12-16,Glenn,21,27897,1338,1236,178,1414,9
2020-12-16,Humboldt,23,135768,1451,1308,4,1312,12
2020-12-16,Imperial,25,180216,21279,19980,750,20730,388
2020-12-16,Inyo,27,18085,527,444,1,445,16
2020-12-16,Kern,29,883053,57793,52896,3745,56641,522
2020-12-16,Kings,31,150075,14815,13734,445,14179,99
2020-12-16,Lake,33,64148,1572,1363,0,1363,20
2020-12-16,Lassen,35,31185,3848,3396,36,3432,1
2020-12-16,Los Angeles,37,10098052,623977,557907,15297,573204,8561
2020-12-16,Madera,39,155013,9274,8278,317,8595,62
2020-12-16,Marin,41,260295,9091,8641,58,8699,142
2020-12-16,Mariposa,43,17540,198,175,3,178,3
2020-12-16,Mendocino,45,87422,2119,1929,20,1949,23
2020-12-16,Merced,47,269075,16709,15443,257,15700,190
2020-12-16,Modoc,49,8938,210,178,66,244,0
2020-12-16,Mono,51,14174,780,702,11,713,3
2020-12-16,Monterey,53,433212,23482,21107,557,21664,163
2020-12-16,Napa,55,140530,5026,4544,23,4567,23
2020-12-16,Nevada,57,99092,2397,2149,71,2220,13
2020-12-16,Orange,59,3164182,131062,115260,4770,120030,1712
2020-12-16,Placer,61,380077,12200,10554,406,10960,96
2020-12-16,Plumas,63,18699,403,319,9,328,0
2020-12-16,Riverside,65,2383286,150428,135751,5911,141662,1664
2020-12-16,Sacramento,67,1510023,57132,52166,423,52589,715
2020-12-16,San Benito,69,59416,2958,2582,24,2606,20
2020-12-16,San Bernardino,71,2135413,164750,143565,4024,147589,1403
2020-12-16,San Diego,73,3302833,130716,114248,0,114248,1217
2020-12-16,San Francisco,75,870044,21040,19624,195,19819,170
2020-12-16,San Joaquin,77,732212,39486,35010,1149,36159,547
2020-12-16,San Luis Obispo,79,281455,9147,8252,202,8454,58
2020-12-16,San Mateo,81,765935,21907,19292,57,19349,179
2020-12-16,Santa Barbara,83,443738,15456,13966,416,14382,144
2020-12-16,Santa Clara,85,1922200,58964,51502,226,51728,523
2020-12-16,Santa Cruz,87,273765,7624,6536,205,6741,63
2020-12-16,Shasta,89,179085,7433,6914,547,7461,62
2020-12-16,Sierra,91,2930,23,23,0,23,0
2020-12-16,Siskiyou,93,43540,928,818,87,905,2
2020-12-16,Solano,95,438530,15994,14157,156,14313,96
2020-12-16,Sonoma,97,501317,16986,15768,102,15870,170
2020-12-16,Stanislaus,99,539301,30660,28279,2587,30866,489
2020-12-16,Sutter,101,95872,5686,5223,42,5265,39
2020-12-16,Tehama,103,63373,2616,2441,191,2632,9
2020-12-16,Trinity,105,12862,276,212,25,237,2
2020-12-16,Tulare,107,460477,29678,27500,3033,30533,352
2020-12-16,Tuolumne,109,53932,2189,1941,35,1976,11
2020-12-16,Ventura,111,848112,32752,28566,1271,29837,203
2020-12-16,Yolo,113,214977,7460,6649,46,6695,103
2020-12-16,Yuba,115,75493,3288,2980,32,3012,11
2020-12-15,Alameda,1,1643700,44023,40026,711,40737,492
2020-12-15,Alpine,3,1148,66,64,0,64,0
2020-12-15,Amador,5,37829,1919,1669,11,1680,19
2020-12-15,Butte,7,227075,6236,5565,606,6171,75
2020-12-15,Calaveras,9,45235,891,799,1,800,21
2020-12-15,Colusa,11,21464,1128,1026,41,1067,7
2020-12-15,Contra Costa,13,1133247,34665,31423,336,31759,281
2020-12-15,Del Norte,15,27424,649,564,0,564,1
2020-12-15,El Dorado,17,186661,4998,4113,164,4277,9
2020-12-15,Fresno,19,978130,58141,47316,3415,50731,574
2020-12-15,Glenn,21,27897,1325,1207,161,1368,9
2020-12-15,Humboldt,23,135768,1431,1276,4,1280,12
2020-12-15,Imperial,25,180216,21062,19756,668,20424,380
2020-12-15,Inyo,27,18085,514,394,1,395,16
2020-12-15,Kern,29,883053,56781,52002,3640,55642,511
2020-12-15,Kings,31,150075,14651,13652,426,14078,97
2020-12-15,Lake,33,64148,1548,1341,0,1341,21
2020-12-15,Lassen,35,31185,3676,3378,35,3413,1
2020-12-15,Los Angeles,37,10098052,607673,536258,14621,550879,8429
2020-12-15,Madera,39,155013,9118,8118,308,8426,60
2020-12-15,Marin,41,260295,8984,8528,56,8584,141
2020-12-15,Mariposa,43,17540,194,171,3,174,3
2020-12-15,Mendocino,45,87422,2092,1883,20,1903,24
2020-12-15,Merced,47,269075,16406,15120,253,15373,190
2020-12-15,Modoc,49,8938,208,179,66,245,0
2020-12-15,Mono,51,14174,764,702,11,713,3
2020-12-15,Monterey,53,433212,22883,19905,494,20399,161
2020-12-15,Napa,55,140530,4921,4440,23,4463,23
2020-12-15,Nevada,57,99092,2364,2117,69,2186,11
2020-12-15,Orange,59,3164182,127404,112893,4614,117507,1689
2020-12-15,Placer,61,380077,11971,10301,384,10685,95
2020-12-15,Plumas,63,18699,398,313,9,322,0
2020-12-15,Riverside,65,2383286,146392,131822,5624,137446,1624
2020-12-15,Sacramento,67,1510023,56117,51076,410,51486,703
2020-12-15,San Benito,69,59416,2878,2520,23,2543,19
2020-12-15,San Bernardino,71,2135413,160311,137548,3859,141407,1351
2020-12-15,San Diego,73,3302833,127156,111441,0,111441,1194
2020-12-15,San Francisco,75,870044,20731,19283,192,19475,171
2020-12-15,San Joaquin,77,732212,38563,33849,1111,34960,537
2020-12-15,San Luis Obispo,79,281455,9038,8074,199,8273,55
2020-12-15,San Mateo,81,765935,21498,18907,55,18962,178
2020-12-15,Santa Barbara,83,443738,15238,13782,407,14189,144
2020-12-15,Santa Clara,85,1922200,57530,50311,222,50533,505
2020-12-15,Santa Cruz,87,273765,7442,6361,189,6550,59
2020-12-15,Shasta,89,179085,7376,6794,521,7315,54
2020-12-15,Sierra,91,2930,23,23,0,23,0
2020-12-15,Siskiyou,93,43540,919,812,86,898,2
2020-12-15,Solano,95,438530,15647,13796,156,13952,95
2020-12-15,Sonoma,97,501317,16764,15406,102,15508,167
2020-12-15,Stanislaus,99,539301,30153,27823,2499,30322,485
2020-12-15,Sutter,101,95872,5589,5080,41,5121,36
2020-12-15,Tehama,103,63373,2579,2392,186,2578,9
2020-12-15,Trinity,105,12862,271,213,23,236,1
2020-12-15,Tulare,107,460477,29181,27026,2942,29968,342
2020-12-15,Tuolumne,109,53932,2158,1874,35,1909,8
2020-12-15,Ventura,111,848112,32131,27936,1223,29159,201
2020-12-15,Yolo,113,214977,7338,6531,44,6575,104
2020-12-15,Yuba,115,75493,3194,2891,31,2922,11
2020-12-14,Alameda,1,1643700,43130,39252,691,39943,487
2020-12-14,Alpine,3,1148,66,63,0,63,0
2020-12-14,Amador,5,37829,1847,1609,11,1620,19
2020-12-14,Butte,7,227075,6069,5202,588,5790,75
2020-12-14,Calaveras,9,45235,853,718,1,719,21
2020-12-14,Colusa,11,21464,1104,949,40,989,7
2020-12-14,Contra Costa,13,1133247,33966,30594,321,30915,281
2020-12-14,Del Norte,15,27424,643,560,0,560,1
2020-12-14,El Dorado,17,186661,4843,4018,147,4165,9
2020-12-14,Fresno,19,978130,57123,44726,3227,47953,560
2020-12-14,Glenn,21,27897,1299,1186,153,1339,9
2020-12-14,Humboldt,23,135768,1418,1256,4,1260,9
2020-12-14,Imperial,25,180216,20824,19608,586,20194,379
2020-12-14,Inyo,27,18085,500,382,1,383,16
2020-12-14,Kern,29,883053,55750,50538,3513,54051,510
2020-12-14,Kings,31,150075,14468,13491,397,13888,97
2020-12-14,Lake,33,64148,1497,1301,0,1301,21
2020-12-14,Lassen,35,31185,3577,2905,32,2937,1
2020-12-14,Los Angeles,37,10098052,590116,524668,13955,538623,8340
2020-12-14,Madera,39,155013,8845,8011,299,8310,60
2020-12-14,Marin,41,260295,8899,8475,54,8529,141
2020-12-14,Mariposa,43,17540,193,171,3,174,3
2020-12-14,Mendocino,45,87422,2071,1845,20,1865,24
2020-12-14,Merced,47,269075,16005,14572,239,14811,189
2020-12-14,Modoc,49,8938,203,180,64,244,0
2020-12-14,Mono,51,14174,756,685,11,696,3
2020-12-14,Monterey,53,433212,22365,19154,487,19641,155
2020-12-14,Napa,55,140530,4828,4289,23,4312,22
2020-12-14,Nevada,57,99092,2325,2070,66,2136,11
2020-12-14,Orange,59,3164182,123534,108602,4474,113076,1688
2020-12-14,Placer,61,380077,11678,9551,373,9924,95
2020-12-14,Plumas,63,18699,386,309,9,318,0
2020-12-14,Riverside,65,2383286,142282,123715,5354,129069,1588
2020-12-14,Sacramento,67,1510023,55009,50304,384,50688,691
2020-12-14,San Benito,69,59416,2811,2467,22,2489,19
2020-12-14,San Bernardino,71,2135413,155886,129151,3721,132872,1347
2020-12-14,San Diego,73,3302833,123425,109578,0,109578,1162
2020-12-14,San Francisco,75,870044,20357,18904,190,19094,171
2020-12-14,San Joaquin,77,732212,37723,32522,1062,33584,534
2020-12-14,San Luis Obispo,79,281455,8792,7791,193,7984,52
2020-12-14,San Mateo,81,765935,20998,18361,53,18414,178
2020-12-14,Santa Barbara,83,443738,14968,13587,400,13987,144
2020-12-14,Santa Clara,85,1922200,55971,49180,210,49390,502
2020-12-14,Santa Cruz,87,273765,7256,6049,173,6222,54
2020-12-14,Shasta,89,179085,7287,6665,503,7168,54
2020-12-14,Sierra,91,2930,23,21,0,21,0
2020-12-14,Siskiyou,93,43540,896,764,80,844,2
2020-12-14,Solano,95,438530,15283,13352,154,13506,93
2020-12-14,Sonoma,97,501317,16458,14807,99,14906,167
2020-12-14,Stanislaus,99,539301,29623,27311,2448,29759,485
2020-12-14,Sutter,101,95872,5481,5001,34,5035,35
2020-12-14,Tehama,103,63373,2532,2344,183,2527,9
2020-12-14,Trinity,105,12862,268,205,21,226,1
2020-12-14,Tulare,107,460477,28709,25735,2843,28578,341
2020-12-14,Tuolumne,109,53932,2101,1647,35,1682,8
2020-12-14,Ventura,111,848112,31211,27436,1160,28596,202
2020-12-14,Yolo,113,214977,7178,6389,43,6432,95
2020-12-14,Yuba,115,75493,3132,2851,31,2882,11
2020-12-13,Alameda,1,1643700,41938,38064,664,38728,486
2020-12-13,Alpine,3,1148,66,63,0,63,0
2020-12-13,Amador,5,37829,1791,1457,10,1467,19
2020-12-13,Butte,7,227075,5920,5103,543,5646,75
2020-12-13,Calaveras,9,45235,817,710,1,711,21
2020-12-13,Colusa,11,21464,1088,945,36,981,7
2020-12-13,Contra Costa,13,1133247,33239,29667,313,29980,281
2020-12-13,Del Norte,15,27424,590,542,0,542,1
2020-12-13,El Dorado,17,186661,4745,3770,135,3905,9
2020-12-13,Fresno,19,978130,56021,44114,3059,47173,559
2020-12-13,Glenn,21,27897,1286,1171,142,1313,9
2020-12-13,Humboldt,23,135768,1395,1238,3,1241,9
2020-12-13,Imperial,25,180216,20540,19472,451,19923,379
2020-12-13,Inyo,27,18085,479,380,1,381,16
2020-12-13,Kern,29,883053,54731,49051,3351,52402,510
2020-12-13,Kings,31,150075,14191,13357,376,13733,97
2020-12-13,Lake,33,64148,1455,1271,0,1271,21
2020-12-13,Lassen,35,31185,3470,2867,27,2894,1
2020-12-13,Los Angeles,37,10098052,572618,517472,13205,530677,8294
2020-12-13,Madera,39,155013,8661,7909,284,8193,60
2020-12-13,Marin,41,260295,8777,8409,54,8463,141
2020-12-13,Mariposa,43,17540,189,167,3,170,3
2020-12-13,Mendocino,45,87422,2037,1793,20,1813,24
2020-12-13,Merced,47,269075,15654,14384,236,14620,189
2020-12-13,Modoc,49,8938,191,179,58,237,0
2020-12-13,Mono,51,14174,738,675,11,686,3
2020-12-13,Monterey,53,433212,21943,18913,471,19384,153
2020-12-13,Napa,55,140530,4722,4194,23,4217,22
2020-12-13,Nevada,57,99092,2274,2030,64,2094,11
2020-12-13,Orange,59,3164182,119637,104768,4286,109054,1688
2020-12-13,Placer,61,380077,11366,9405,355,9760,95
2020-12-13,Plumas,63,18699,380,291,9,300,0
2020-12-13,Riverside,65,2383286,138179,119691,5075,124766,1581
2020-12-13,Sacramento,67,1510023,53747,49480,353,49833,682
2020-12-13,San Benito,69,59416,2739,2408,21,2429,19
2020-12-13,San Bernardino,71,2135413,151003,126718,3551,130269,1333
2020-12-13,San Diego,73,3302833,119830,107372,0,107372,1162
2020-12-13,San Francisco,75,870044,20015,18686,180,18866,167
2020-12-13,San Joaquin,77,732212,36923,32170,1019,33189,534
2020-12-13,San Luis Obispo,79,281455,8600,7625,185,7810,52
2020-12-13,San Mateo,81,765935,20507,18090,47,18137,177
2020-12-13,Santa Barbara,83,443738,14704,13249,383,13632,144
2020-12-13,Santa Clara,85,1922200,54544,47920,201,48121,499
2020-12-13,Santa Cruz,87,273765,7008,5986,162,6148,54
2020-12-13,Shasta,89,179085,7213,6647,477,7124,54
2020-12-13,Sierra,91,2930,23,21,0,21,0
2020-12-13,Siskiyou,93,43540,885,762,74,836,2
2020-12-13,Solano,95,438530,14844,13276,151,13427,93
2020-12-13,Sonoma,97,501317,16143,14495,98,14593,167
2020-12-13,Stanislaus,99,539301,29064,26569,2380,28949,485
2020-12-13,Sutter,101,95872,5354,4798,29,4827,34
2020-12-13,Tehama,103,63373,2488,2325,166,2491,9
2020-12-13,Trinity,105,12862,264,204,20,224,1
2020-12-13,Tulare,107,460477,28217,25496,2747,28243,340
2020-12-13,Tuolumne,109,53932,2038,1611,35,1646,8
2020-12-13,Ventura,111,848112,30212,26588,1094,27682,202
2020-12-13,Yolo,113,214977,6998,6265,36,6301,95
2020-12-13,Yuba,115,75493,3067,2754,28,2782,11
2020-12-12,Alameda,1,1643700,41503,37027,643,37670,486
2020-12-12,Alpine,3,1148,66,63,0,63,0
2020-12-12,Amador,5,37829,1763,1236,9,1245,19
2020-12-12,Butte,7,227075,5848,4972,529,5501,73
2020-12-12,Calaveras,9,45235,807,708,1,709,21
2020-12-12,Colusa,11,21464,1068,945,34,979,7
2020-12-12,Contra Costa,13,1133247,32896,29506,303,29809,281
2020-12-12,Del Norte,15,27424,582,529,0,529,1
2020-12-12,El Dorado,17,186661,4670,3706,117,3823,9
2020-12-12,Fresno,19,978130,55671,43756,2998,46754,559
2020-12-12,Glenn,21,27897,1278,1143,138,1281,8
2020-12-12,Humboldt,23,135768,1376,1208,3,1211,9
2020-12-12,Imperial,25,180216,20459,18947,390,19337,379
2020-12-12,Inyo,27,18085,475,380,1,381,16
2020-12-12,Kern,29,883053,54216,48194,3259,51453,507
2020-12-12,Kings,31,150075,14104,13205,371,13576,96
2020-12-12,Lake,33,64148,1438,1232,0,1232,21
2020-12-12,Lassen,35,31185,3448,2866,23,2889,1
2020-12-12,Los Angeles,37,10098052,565877,504317,12666,516983,8269
2020-12-12,Madera,39,155013,8538,7765,281,8046,59
2020-12-12,Marin,41,260295,8721,8363,53,8416,141
2020-12-12,Mariposa,43,17540,188,164,3,167,3
2020-12-12,Mendocino,45,87422,2001,1771,20,1791,24
2020-12-12,Merced,47,269075,15564,14181,232,14413,188
2020-12-12,Modoc,49,8938,190,169,55,224,0
2020-12-12,Mono,51,14174,729,640,11,651,3
2020-12-12,Monterey,53,433212,21832,18596,442,19038,151
2020-12-12,Napa,55,140530,4678,4113,23,4136,22
2020-12-12,Nevada,57,99092,2256,1981,62,2043,10
2020-12-12,Orange,59,3164182,117793,100468,4126,104594,1674
2020-12-12,Placer,61,380077,11208,9390,349,9739,95
2020-12-12,Plumas,63,18699,374,291,9,300,0
2020-12-12,Riverside,65,2383286,136133,118335,4857,123192,1579
2020-12-12,Sacramento,67,1510023,53165,48319,338,48657,673
2020-12-12,San Benito,69,59416,2683,2355,20,2375,19
2020-12-12,San Bernardino,71,2135413,149387,125741,3439,129180,1321
2020-12-12,San Diego,73,3302833,118210,104958,0,104958,1151
2020-12-12,San Francisco,75,870044,19827,18413,175,18588,167
2020-12-12,San Joaquin,77,732212,36598,32200,986,33186,534
2020-12-12,San Luis Obispo,79,281455,8505,7462,176,7638,50
2020-12-12,San Mateo,81,765935,20287,17574,46,17620,177
2020-12-12,Santa Barbara,83,443738,14552,13174,375,13549,144
2020-12-12,Santa Clara,85,1922200,53590,45892,198,46090,498
2020-12-12,Santa Cruz,87,273765,6909,5905,152,6057,54
2020-12-12,Shasta,89,179085,7178,6551,459,7010,54
2020-12-12,Sierra,91,2930,23,21,0,21,0
2020-12-12,Siskiyou,93,43540,883,762,71,833,2
2020-12-12,Solano,95,438530,14647,12748,144,12892,93
2020-12-12,Sonoma,97,501317,16024,14466,98,14564,166
2020-12-12,Stanislaus,99,539301,28763,26246,2323,28569,483
2020-12-12,Sutter,101,95872,5292,4717,29,4746,32
2020-12-12,Tehama,103,63373,2472,2252,160,2412,9
2020-12-12,Trinity,105,12862,263,204,18,222,1
2020-12-12,Tulare,107,460477,27955,25333,2688,28021,341
2020-12-12,Tuolumne,109,53932,1995,1536,35,1571,8
2020-12-12,Ventura,111,848112,29769,25955,1061,27016,202
2020-12-12,Yolo,113,214977,6916,6116,34,6150,95
2020-12-12,Yuba,115,75493,3040,2692,27,2719,10
2020-12-11,Alameda,1,1643700,40935,36281,631,36912,482
2020-12-11,Alpine,3,1148,66,63,0,63,0
2020-12-11,Amador,5,37829,1748,1213,8,1221,19
2020-12-11,Butte,7,227075,5777,4941,508,5449,73
2020-12-11,Calaveras,9,45235,791,697,1,698,21
2020-12-11,Colusa,11,21464,1058,923,32,955,7
2020-12-11,Contra Costa,13,1133247,32467,29036,299,29335,282
2020-12-11,Del Norte,15,27424,576,505,0,505,1
2020-12-11,El Dorado,17,186661,4588,3669,102,3771,9
2020-12-11,Fresno,19,978130,54663,43071,2930,46001,550
2020-12-11,Glenn,21,27897,1262,1135,133,1268,8
2020-12-11,Humboldt,23,135768,1359,1190,3,1193,9
2020-12-11,Imperial,25,180216,20371,18599,342,18941,377
2020-12-11,Inyo,27,18085,463,372,1,373,16
2020-12-11,Kern,29,883053,53544,47664,3192,50856,502
2020-12-11,Kings,31,150075,13962,13118,365,13483,94
2020-12-11,Lake,33,64148,1426,1205,0,1205,21
2020-12-11,Lassen,35,31185,3437,2790,21,2811,1
2020-12-11,Los Angeles,37,10098052,554126,493592,12235,505827,8198
2020-12-11,Madera,39,155013,8448,7648,271,7919,59
2020-12-11,Marin,41,260295,8626,8317,52,8369,141
2020-12-11,Mariposa,43,17540,187,164,3,167,3
2020-12-11,Mendocino,45,87422,1978,1769,20,1789,24
2020-12-11,Merced,47,269075,15446,14038,224,14262,186
2020-12-11,Modoc,49,8938,190,168,54,222,0
2020-12-11,Mono,51,14174,720,631,11,642,3
2020-12-11,Monterey,53,433212,21531,18421,437,18858,150
2020-12-11,Napa,55,140530,4622,4054,23,4077,22
2020-12-11,Nevada,57,99092,2239,1959,59,2018,10
2020-12-11,Orange,59,3164182,115495,98357,4023,102380,1656
2020-12-11,Placer,61,380077,11052,8904,333,9237,93
2020-12-11,Plumas,63,18699,366,286,9,295,0
2020-12-11,Riverside,65,2383286,133083,115329,4625,119954,1573
2020-12-11,Sacramento,67,1510023,52500,47468,329,47797,669
2020-12-11,San Benito,69,59416,2632,2319,20,2339,19
2020-12-11,San Bernardino,71,2135413,146710,123092,3313,126405,1313
2020-12-11,San Diego,73,3302833,116253,102468,0,102468,1137
2020-12-11,San Francisco,75,870044,19597,18246,174,18420,165
2020-12-11,San Joaquin,77,732212,36255,32044,957,33001,534
2020-12-11,San Luis Obispo,79,281455,8345,7415,173,7588,49
2020-12-11,San Mateo,81,765935,20015,17240,35,17275,177
2020-12-11,Santa Barbara,83,443738,14410,12997,367,13364,144
2020-12-11,Santa Clara,85,1922200,52583,45101,188,45289,494
2020-12-11,Santa Cruz,87,273765,6797,5764,141,5905,50
2020-12-11,Shasta,89,179085,7132,6459,452,6911,54
2020-12-11,Sierra,91,2930,23,19,0,19,0
2020-12-11,Siskiyou,93,43540,876,753,68,821,2
2020-12-11,Solano,95,438530,14459,12554,140,12694,92
2020-12-11,Sonoma,97,501317,15859,14298,95,14393,166
2020-12-11,Stanislaus,99,539301,28497,25928,2277,28205,464
2020-12-11,Sutter,101,95872,5228,4600,28,4628,30
2020-12-11,Tehama,103,63373,2443,2232,156,2388,9
2020-12-11,Trinity,105,12862,262,204,17,221,1
2020-12-11,Tulare,107,460477,27600,24953,2638,27591,338
2020-12-11,Tuolumne,109,53932,1980,1510,35,1545,8
2020-12-11,Ventura,111,848112,29163,24999,1038,26037,202
2020-12-11,Yolo,113,214977,6811,6006,32,6038,95
2020-12-11,Yuba,115,75493,2979,2649,26,2675,10
2020-12-10,Alameda,1,1643700,40167,35686,609,36295,477
2020-12-10,Alpine,3,1148,66,63,0,63,0
2020-12-10,Amador,5,37829,1691,1191,8,1199,18
2020-12-10,Butte,7,227075,5661,4863,481,5344,72
2020-12-10,Calaveras,9,45235,772,684,1,685,21
2020-12-10,Colusa,11,21464,1035,909,27,936,7
2020-12-10,Contra Costa,13,1133247,31785,28413,293,28706,276
2020-12-10,Del Norte,15,27424,567,501,0,501,1
2020-12-10,El Dorado,17,186661,4470,3557,97,3654,9
2020-12-10,Fresno,19,978130,53686,42461,2781,45242,540
2020-12-10,Glenn,21,27897,1242,1126,124,1250,8
2020-12-10,Humboldt,23,135768,1339,1140,3,1143,9
2020-12-10,Imperial,25,180216,20157,18333,260,18593,370
2020-12-10,Inyo,27,18085,442,365,1,366,15
2020-12-10,Kern,29,883053,52565,47176,3022,50198,499
2020-12-10,Kings,31,150075,13811,12993,359,13352,92
2020-12-10,Lake,33,64148,1385,1167,0,1167,21
2020-12-10,Lassen,35,31185,3415,2764,17,2781,0
2020-12-10,Los Angeles,37,10098052,540217,480354,11679,492033,8149
2020-12-10,Madera,39,155013,8343,7445,256,7701,59
2020-12-10,Marin,41,260295,8580,8245,51,8296,140
2020-12-10,Mariposa,43,17540,186,160,3,163,3
2020-12-10,Mendocino,45,87422,1952,1748,17,1765,24
2020-12-10,Merced,47,269075,15200,13756,221,13977,186
2020-12-10,Modoc,49,8938,185,165,52,217,0
2020-12-10,Mono,51,14174,714,601,11,612,3
2020-12-10,Monterey,53,433212,21053,18266,427,18693,145
2020-12-10,Napa,55,140530,4536,3974,22,3996,22
2020-12-10,Nevada,57,99092,2202,1919,59,1978,10
2020-12-10,Orange,59,3164182,112411,95297,3850,99147,1651
2020-12-10,Placer,61,380077,10801,8906,314,9220,90
2020-12-10,Plumas,63,18699,355,281,9,290,0
2020-12-10,Riverside,65,2383286,129411,112794,4346,117140,1552
2020-12-10,Sacramento,67,1510023,51608,46471,308,46779,664
2020-12-10,San Benito,69,59416,2573,2268,19,2287,19
2020-12-10,San Bernardino,71,2135413,142501,120186,3123,123309,1306
2020-12-10,San Diego,73,3302833,113728,99601,0,99601,1114
2020-12-10,San Francisco,75,870044,19283,17945,166,18111,164
2020-12-10,San Joaquin,77,732212,35623,31228,926,32154,534
2020-12-10,San Luis Obispo,79,281455,8181,7245,162,7407,49
2020-12-10,San Mateo,81,765935,19573,16701,25,16726,177
2020-12-10,Santa Barbara,83,443738,14234,12788,357,13145,143
2020-12-10,Santa Clara,85,1922200,51447,43939,172,44111,491
2020-12-10,Santa Cruz,87,273765,6624,5645,127,5772,48
2020-12-10,Shasta,89,179085,7063,6312,426,6738,53
2020-12-10,Sierra,91,2930,23,18,0,18,0
2020-12-10,Siskiyou,93,43540,866,712,67,779,2
2020-12-10,Solano,95,438530,14093,12017,134,12151,90
2020-12-10,Sonoma,97,501317,15604,14282,94,14376,167
2020-12-10,Stanislaus,99,539301,28029,25582,2207,27789,464
2020-12-10,Sutter,101,95872,5097,4528,25,4553,27
2020-12-10,Tehama,103,63373,2395,2190,145,2335,9
2020-12-10,Trinity,105,12862,259,202,16,218,1
2020-12-10,Tulare,107,460477,27153,24506,2573,27079,337
2020-12-10,Tuolumne,109,53932,1721,1451,35,1486,8
2020-12-10,Ventura,111,848112,28311,24075,994,25069,202
2020-12-10,Yolo,113,214977,6690,5896,31,5927,95
2020-12-10,Yuba,115,75493,2915,2604,25,2629,10
2020-12-09,Alameda,1,1643700,39323,35047,587,35634,470
2020-12-09,Alpine,3,1148,66,58,0,58,0
2020-12-09,Amador,5,37829,1648,1121,8,1129,19
2020-12-09,Butte,7,227075,5520,4733,458,5191,70
2020-12-09,Calaveras,9,45235,744,670,1,671,21
2020-12-09,Colusa,11,21464,1020,896,26,922,7
2020-12-09,Contra Costa,13,1133247,31081,28308,282,28590,273
2020-12-09,Del Norte,15,27424,553,481,0,481,2
2020-12-09,El Dorado,17,186661,4334,3449,89,3538,8
2020-12-09,Fresno,19,978130,52690,41954,2622,44576,533
2020-12-09,Glenn,21,27897,1228,1107,118,1225,8
2020-12-09,Humboldt,23,135768,1307,1086,3,1089,10
2020-12-09,Imperial,25,180216,19900,17757,220,17977,368
2020-12-09,Inyo,27,18085,428,356,1,357,15
2020-12-09,Kern,29,883053,51412,46379,2874,49253,494
2020-12-09,Kings,31,150075,13667,12716,349,13065,92
2020-12-09,Lake,33,64148,1357,1158,0,1158,20
2020-12-09,Lassen,35,31185,3346,2331,15,2346,0
2020-12-09,Los Angeles,37,10098052,526805,467971,11104,479075,8075
2020-12-09,Madera,39,155013,8231,7216,251,7467,59
2020-12-09,Marin,41,260295,8520,8182,50,8232,138
2020-12-09,Mariposa,43,17540,184,154,3,157,3
2020-12-09,Mendocino,45,87422,1926,1703,16,1719,24
2020-12-09,Merced,47,269075,14961,13588,212,13800,183
2020-12-09,Modoc,49,8938,181,146,43,189,0
2020-12-09,Mono,51,14174,698,601,11,612,3
2020-12-09,Monterey,53,433212,20659,17891,418,18309,143
2020-12-09,Napa,55,140530,4451,3858,21,3879,21
2020-12-09,Nevada,57,99092,2149,1864,59,1923,10
2020-12-09,Orange,59,3164182,109313,93763,3680,97443,1629
2020-12-09,Placer,61,380077,10533,8588,299,8887,85
2020-12-09,Plumas,63,18699,347,271,9,280,0
2020-12-09,Riverside,65,2383286,125727,110376,4134,114510,1543
2020-12-09,Sacramento,67,1510023,50547,45284,281,45565,659
2020-12-09,San Benito,69,59416,2494,2217,16,2233,19
2020-12-09,San Bernardino,71,2135413,138233,114516,2916,117432,1305
2020-12-09,San Diego,73,3302833,110753,97551,0,97551,1103
2020-12-09,San Francisco,75,870044,18982,17628,165,17793,163
2020-12-09,San Joaquin,77,732212,34801,30539,900,31439,531
2020-12-09,San Luis Obispo,79,281455,7963,7105,153,7258,47
2020-12-09,San Mateo,81,765935,19123,16422,24,16446,175
2020-12-09,Santa Barbara,83,443738,14033,12630,347,12977,142
2020-12-09,Santa Clara,85,1922200,50305,42912,156,43068,489
2020-12-09,Santa Cruz,87,273765,6466,5527,113,5640,47
2020-12-09,Shasta,89,179085,6998,6105,412,6517,52
2020-12-09,Sierra,91,2930,23,18,0,18,0
2020-12-09,Siskiyou,93,43540,855,713,66,779,2
2020-12-09,Solano,95,438530,13747,11862,125,11987,90
2020-12-09,Sonoma,97,501317,15348,13994,91,14085,164
2020-12-09,Stanislaus,99,539301,27532,25157,2145,27302,463
2020-12-09,Sutter,101,95872,4988,4418,21,4439,24
2020-12-09,Tehama,103,63373,2360,2102,142,2244,9
2020-12-09,Trinity,105,12862,251,199,15,214,0
2020-12-09,Tulare,107,460477,26558,24124,2491,26615,334
2020-12-09,Tuolumne,109,53932,1680,1319,35,1354,8
2020-12-09,Ventura,111,848112,27453,23830,949,24779,201
2020-12-09,Yolo,113,214977,6564,5760,29,5789,95
2020-12-09,Yuba,115,75493,2847,2513,24,2537,10
2020-12-08,Alameda,1,1643700,38427,34373,570,34943,469
2020-12-08,Alpine,3,1148,65,53,0,53,0
2020-12-08,Amador,5,37829,1360,1043,8,1051,17
2020-12-08,Butte,7,227075,5364,4651,413,5064,70
2020-12-08,Calaveras,9,45235,720,657,1,658,21
2020-12-08,Colusa,11,21464,1003,875,25,900,6
2020-12-08,Contra Costa,13,1133247,30379,27926,266,28192,270
2020-12-08,Del Norte,15,27424,538,465,0,465,2
2020-12-08,El Dorado,17,186661,4210,3296,77,3373,8
2020-12-08,Fresno,19,978130,51435,41574,2450,44024,529
2020-12-08,Glenn,21,27897,1208,1094,110,1204,8
2020-12-08,Humboldt,23,135768,1281,1059,3,1062,10
2020-12-08,Imperial,25,180216,19381,17568,211,17779,363
2020-12-08,Inyo,27,18085,405,333,1,334,15
2020-12-08,Kern,29,883053,50122,45116,2715,47831,487
2020-12-08,Kings,31,150075,13515,12623,338,12961,90
2020-12-08,Lake,33,64148,1315,1127,0,1127,20
2020-12-08,Lassen,35,31185,3190,2165,15,2180,0
2020-12-08,Los Angeles,37,10098052,514161,459738,10604,470342,8004
2020-12-08,Madera,39,155013,8099,7082,238,7320,59
2020-12-08,Marin,41,260295,8437,8099,49,8148,137
2020-12-08,Mariposa,43,17540,180,150,3,153,2
2020-12-08,Mendocino,45,87422,1884,1666,16,1682,23
2020-12-08,Merced,47,269075,14654,13380,211,13591,181
2020-12-08,Modoc,49,8938,173,138,40,178,0
2020-12-08,Mono,51,14174,676,597,11,608,3
2020-12-08,Monterey,53,433212,20091,17752,411,18163,134
2020-12-08,Napa,55,140530,4363,3778,20,3798,22
2020-12-08,Nevada,57,99092,2095,1809,56,1865,11
2020-12-08,Orange,59,3164182,106116,91406,3509,94915,1629
2020-12-08,Placer,61,380077,10264,8224,293,8517,82
2020-12-08,Plumas,63,18699,337,258,9,267,0
2020-12-08,Riverside,65,2383286,122394,107620,3946,111566,1514
2020-12-08,Sacramento,67,1510023,49480,44635,263,44898,649
2020-12-08,San Benito,69,59416,2438,2180,16,2196,18
2020-12-08,San Bernardino,71,2135413,133891,110676,2786,113462,1301
2020-12-08,San Diego,73,3302833,107383,95447,0,95447,1088
2020-12-08,San Francisco,75,870044,18674,17384,161,17545,162
2020-12-08,San Joaquin,77,732212,33909,30225,866,31091,530
2020-12-08,San Luis Obispo,79,281455,7834,6903,142,7045,45
2020-12-08,San Mateo,81,765935,18725,16305,24,16329,175
2020-12-08,Santa Barbara,83,443738,13849,12516,336,12852,141
2020-12-08,Santa Clara,85,1922200,49003,41309,145,41454,484
2020-12-08,Santa Cruz,87,273765,6289,5374,110,5484,45
2020-12-08,Shasta,89,179085,6889,5946,404,6350,50
2020-12-08,Sierra,91,2930,22,18,0,18,0
2020-12-08,Siskiyou,93,43540,841,704,64,768,2
2020-12-08,Solano,95,438530,13344,11669,123,11792,89
2020-12-08,Sonoma,97,501317,15087,13601,90,13691,164
2020-12-08,Stanislaus,99,539301,27048,24793,2080,26873,461
2020-12-08,Sutter,101,95872,4891,4342,20,4362,24
2020-12-08,Tehama,103,63373,2277,2057,132,2189,9
2020-12-08,Trinity,105,12862,246,198,14,212,0
2020-12-08,Tulare,107,460477,25962,23607,2424,26031,330
2020-12-08,Tuolumne,109,53932,1651,1264,35,1299,7
2020-12-08,Ventura,111,848112,26791,23665,905,24570,195
2020-12-08,Yolo,113,214977,6431,5560,29,5589,90
2020-12-08,Yuba,115,75493,2771,2477,24,2501,10
2020-12-07,Alameda,1,1643700,37563,33887,534,34421,466
2020-12-07,Alpine,3,1148,64,53,0,53,0
2020-12-07,Amador,5,37829,1285,993,7,1000,17
2020-12-07,Butte,7,227075,5228,4604,391,4995,67
2020-12-07,Calaveras,9,45235,688,606,1,607,21
2020-12-07,Colusa,11,21464,978,825,23,848,6
2020-12-07,Contra Costa,13,1133247,29766,27307,253,27560,270
2020-12-07,Del Norte,15,27424,526,424,0,424,2
2020-12-07,El Dorado,17,186661,4031,3275,70,3345,8
2020-12-07,Fresno,19,978130,49970,41098,2322,43420,526
2020-12-07,Glenn,21,27897,1189,1085,104,1189,8
2020-12-07,Humboldt,23,135768,1246,1023,3,1026,9
2020-12-07,Imperial,25,180216,18962,17234,201,17435,364
2020-12-07,Inyo,27,18085,390,333,1,334,15
2020-12-07,Kern,29,883053,49103,44409,2570,46979,486
2020-12-07,Kings,31,150075,13375,12412,325,12737,90
2020-12-07,Lake,33,64148,1285,1090,0,1090,20
2020-12-07,Lassen,35,31185,3092,2167,15,2182,0
2020-12-07,Los Angeles,37,10098052,500545,451052,10138,461190,7937
2020-12-07,Madera,39,155013,7835,6935,232,7167,59
2020-12-07,Marin,41,260295,8380,8049,48,8097,136
2020-12-07,Mariposa,43,17540,177,146,3,149,2
2020-12-07,Mendocino,45,87422,1849,1638,14,1652,23
2020-12-07,Merced,47,269075,14296,13250,201,13451,179
2020-12-07,Modoc,49,8938,166,128,37,165,0
2020-12-07,Mono,51,14174,665,590,11,601,3
2020-12-07,Monterey,53,433212,19610,17746,399,18145,132
2020-12-07,Napa,55,140530,4272,3684,20,3704,21
2020-12-07,Nevada,57,99092,2046,1777,55,1832,11
2020-12-07,Orange,59,3164182,102867,89793,3392,93185,1628
2020-12-07,Placer,61,380077,9939,7911,279,8190,82
2020-12-07,Plumas,63,18699,326,256,5,261,0
2020-12-07,Riverside,65,2383286,119212,102363,3752,106115,1491
2020-12-07,Sacramento,67,1510023,48388,43419,245,43664,638
2020-12-07,San Benito,69,59416,2387,2165,16,2181,18
2020-12-07,San Bernardino,71,2135413,129949,108161,2658,110819,1295
2020-12-07,San Diego,73,3302833,104594,94171,0,94171,1062
2020-12-07,San Francisco,75,870044,18384,17220,153,17373,161
2020-12-07,San Joaquin,77,732212,33034,28188,839,29027,530
2020-12-07,San Luis Obispo,79,281455,7653,6782,135,6917,45
2020-12-07,San Mateo,81,765935,18286,16029,23,16052,175
2020-12-07,Santa Barbara,83,443738,13608,12362,324,12686,141
2020-12-07,Santa Clara,85,1922200,47621,40621,134,40755,484
2020-12-07,Santa Cruz,87,273765,6125,5152,104,5256,41
2020-12-07,Shasta,89,179085,6766,5742,389,6131,50
2020-12-07,Sierra,91,2930,20,18,0,18,0
2020-12-07,Siskiyou,93,43540,815,652,63,715,2
2020-12-07,Solano,95,438530,13005,11354,119,11473,89
2020-12-07,Sonoma,97,501317,14800,13376,90,13466,164
2020-12-07,Stanislaus,99,539301,26495,24479,2026,26505,454
2020-12-07,Sutter,101,95872,4757,4106,20,4126,24
2020-12-07,Tehama,103,63373,2225,2030,126,2156,9
2020-12-07,Trinity,105,12862,243,194,14,208,0
2020-12-07,Tulare,107,460477,25440,22760,2362,25122,328
2020-12-07,Tuolumne,109,53932,1567,1256,34,1290,7
2020-12-07,Ventura,111,848112,26207,23354,868,24222,191
2020-12-07,Yolo,113,214977,6269,5537,28,5565,90
2020-12-07,Yuba,115,75493,2702,2428,22,2450,10
2020-12-06,Alameda,1,1643700,36597,33477,511,33988,465
2020-12-06,Alpine,3,1148,60,53,0,53,0
2020-12-06,Amador,5,37829,1223,952,6,958,17
2020-12-06,Butte,7,227075,5078,4527,357,4884,67
2020-12-06,Calaveras,9,45235,669,606,1,607,21
2020-12-06,Colusa,11,21464,961,824,20,844,6
2020-12-06,Contra Costa,13,1133247,29160,26566,245,26811,270
2020-12-06,Del Norte,15,27424,489,414,0,414,2
2020-12-06,El Dorado,17,186661,3893,3086,65,3151,8
2020-12-06,Fresno,19,978130,49021,40869,2201,43070,526
2020-12-06,Glenn,21,27897,1179,1067,100,1167,8
2020-12-06,Humboldt,23,135768,1221,1004,3,1007,9
2020-12-06,Imperial,25,180216,18649,16922,191,17113,364
2020-12-06,Inyo,27,18085,377,333,1,334,15
2020-12-06,Kern,29,883053,48119,43899,2391,46290,486
2020-12-06,Kings,31,150075,13106,12056,307,12363,90
2020-12-06,Lake,33,64148,1249,1075,0,1075,20
2020-12-06,Lassen,35,31185,2988,2168,13,2181,0
2020-12-06,Los Angeles,37,10098052,487020,443230,9665,452895,7910
2020-12-06,Madera,39,155013,7664,6826,224,7050,59
2020-12-06,Marin,41,260295,8302,8013,46,8059,136
2020-12-06,Mariposa,43,17540,176,144,3,147,2
2020-12-06,Mendocino,45,87422,1808,1614,14,1628,23
2020-12-06,Merced,47,269075,13961,12928,192,13120,179
2020-12-06,Modoc,49,8938,153,125,29,154,0
2020-12-06,Mono,51,14174,641,586,10,596,3
2020-12-06,Monterey,53,433212,18993,17426,388,17814,130
2020-12-06,Napa,55,140530,4160,3644,20,3664,21
2020-12-06,Nevada,57,99092,1988,1710,52,1762,10
2020-12-06,Orange,59,3164182,99831,87737,3257,90994,1627
2020-12-06,Placer,61,380077,9665,7837,257,8094,82
2020-12-06,Plumas,63,18699,313,254,4,258,0
2020-12-06,Riverside,65,2383286,116137,100088,3514,103602,1482
2020-12-06,Sacramento,67,1510023,47146,42808,230,43038,638
2020-12-06,San Benito,69,59416,2349,2135,16,2151,18
2020-12-06,San Bernardino,71,2135413,125817,106927,2495,109422,1286
2020-12-06,San Diego,73,3302833,101564,92173,0,92173,1062
2020-12-06,San Francisco,75,870044,18063,17107,146,17253,161
2020-12-06,San Joaquin,77,732212,32204,28188,811,28999,530
2020-12-06,San Luis Obispo,79,281455,7486,6723,132,6855,45
2020-12-06,San Mateo,81,765935,17783,15855,20,15875,175
2020-12-06,Santa Barbara,83,443738,13378,12252,316,12568,141
2020-12-06,Santa Clara,85,1922200,46249,39112,128,39240,482
2020-12-06,Santa Cruz,87,273765,5953,5069,98,5167,40
2020-12-06,Shasta,89,179085,6625,5743,367,6110,49
2020-12-06,Sierra,91,2930,20,17,0,17,0
2020-12-06,Siskiyou,93,43540,797,652,61,713,2
2020-12-06,Solano,95,438530,12717,11354,109,11463,88
2020-12-06,Sonoma,97,501317,14510,13238,89,13327,164
2020-12-06,Stanislaus,99,539301,25944,24036,1960,25996,454
2020-12-06,Sutter,101,95872,4643,4009,20,4029,21
2020-12-06,Tehama,103,63373,2169,1982,115,2097,9
2020-12-06,Trinity,105,12862,237,181,13,194,0
2020-12-06,Tulare,107,460477,24924,22756,2290,25046,327
2020-12-06,Tuolumne,109,53932,1470,1210,34,1244,7
2020-12-06,Ventura,111,848112,25664,23035,841,23876,191
2020-12-06,Yolo,113,214977,6109,5465,23,5488,90
2020-12-06,Yuba,115,75493,2658,2340,21,2361,10
2020-12-05,Alameda,1,1643700,36238,32781,500,33281,465
2020-12-05,Alpine,3,1148,59,53,0,53,0
2020-12-05,Amador,5,37829,1199,847,6,853,17
2020-12-05,Butte,7,227075,5009,4455,338,4793,66
2020-12-05,Calaveras,9,45235,658,606,1,607,21
2020-12-05,Colusa,11,21464,944,825,17,842,6
2020-12-05,Contra Costa,13,1133247,28866,26217,238,26455,270
2020-12-05,Del Norte,15,27424,483,408,0,408,2
2020-12-05,El Dorado,17,186661,3829,3061,60,3121,8
2020-12-05,Fresno,19,978130,48701,40568,2145,42713,525
2020-12-05,Glenn,21,27897,1166,1056,94,1150,8
2020-12-05,Humboldt,23,135768,1188,979,3,982,9
2020-12-05,Imperial,25,180216,18487,16544,189,16733,362
2020-12-05,Inyo,27,18085,372,332,1,333,15
2020-12-05,Kern,29,883053,47660,43332,2300,45632,484
2020-12-05,Kings,31,150075,13027,11898,304,12202,90
2020-12-05,Lake,33,64148,1225,1069,0,1069,20
2020-12-05,Lassen,35,31185,2797,2168,11,2179,0
2020-12-05,Los Angeles,37,10098052,481251,433120,9322,442442,7888
2020-12-05,Madera,39,155013,7576,6619,217,6836,59
2020-12-05,Marin,41,260295,8276,7961,46,8007,136
2020-12-05,Mariposa,43,17540,171,143,3,146,2
2020-12-05,Mendocino,45,87422,1769,1585,14,1599,23
2020-12-05,Merced,47,269075,13855,12747,181,12928,180
2020-12-05,Modoc,49,8938,153,118,28,146,0
2020-12-05,Mono,51,14174,638,554,10,564,3
2020-12-05,Monterey,53,433212,18847,17077,384,17461,127
2020-12-05,Napa,55,140530,4090,3565,20,3585,21
2020-12-05,Nevada,57,99092,1974,1642,50,1692,10
2020-12-05,Orange,59,3164182,98391,85735,3161,88896,1612
2020-12-05,Placer,61,380077,9547,7811,248,8059,78
2020-12-05,Plumas,63,18699,306,246,1,247,0
2020-12-05,Riverside,65,2383286,114540,98612,3325,101937,1477
2020-12-05,Sacramento,67,1510023,46482,41878,215,42093,625
2020-12-05,San Benito,69,59416,2308,2073,16,2089,18
2020-12-05,San Bernardino,71,2135413,124300,105382,2357,107739,1283
2020-12-05,San Diego,73,3302833,100216,90470,0,90470,1055
2020-12-05,San Francisco,75,870044,17879,16786,142,16928,161
2020-12-05,San Joaquin,77,732212,31945,28105,776,28881,523
2020-12-05,San Luis Obispo,79,281455,7419,6623,129,6752,44
2020-12-05,San Mateo,81,765935,17526,15512,20,15532,175
2020-12-05,Santa Barbara,83,443738,13279,12107,310,12417,141
2020-12-05,Santa Clara,85,1922200,45514,38339,123,38462,474
2020-12-05,Santa Cruz,87,273765,5880,4997,95,5092,40
2020-12-05,Shasta,89,179085,6564,5653,356,6009,49
2020-12-05,Sierra,91,2930,20,17,0,17,0
2020-12-05,Siskiyou,93,43540,789,649,60,709,2
2020-12-05,Solano,95,438530,12548,11351,107,11458,87
2020-12-05,Sonoma,97,501317,14414,13137,89,13226,164
2020-12-05,Stanislaus,99,539301,25639,23662,1924,25586,454
2020-12-05,Sutter,101,95872,4576,3937,20,3957,20
2020-12-05,Tehama,103,63373,2155,1926,113,2039,9
2020-12-05,Trinity,105,12862,236,177,13,190,0
2020-12-05,Tulare,107,460477,24716,22660,2227,24887,324
2020-12-05,Tuolumne,109,53932,1415,1180,34,1214,7
2020-12-05,Ventura,111,848112,25297,22710,825,23535,191
2020-12-05,Yolo,113,214977,6032,5351,22,5373,90
2020-12-05,Yuba,115,75493,2622,2275,21,2296,10
2020-12-04,Alameda,1,1643700,35690,31871,487,32358,465
2020-12-04,Alpine,3,1148,59,53,0,53,0
2020-12-04,Amador,5,37829,1185,766,3,769,16
2020-12-04,Butte,7,227075,4938,4336,316,4652,65
2020-12-04,Calaveras,9,45235,654,585,1,586,21
2020-12-04,Colusa,11,21464,930,790,16,806,6
2020-12-04,Contra Costa,13,1133247,28526,25705,226,25931,264
2020-12-04,Del Norte,15,27424,472,401,0,401,2
2020-12-04,El Dorado,17,186661,3741,2933,57,2990,7
2020-12-04,Fresno,19,978130,47993,40108,2076,42184,522
2020-12-04,Glenn,21,27897,1160,1017,86,1103,8
2020-12-04,Humboldt,23,135768,1170,960,3,963,9
2020-12-04,Imperial,25,180216,18244,16484,189,16673,362
2020-12-04,Inyo,27,18085,364,324,1,325,15
2020-12-04,Kern,29,883053,47114,42497,2194,44691,485
2020-12-04,Kings,31,150075,12934,11767,298,12065,88
2020-12-04,Lake,33,64148,1197,1018,0,1018,20
2020-12-04,Lassen,35,31185,2790,2167,9,2176,0
2020-12-04,Los Angeles,37,10098052,472664,424164,9012,433176,7845
2020-12-04,Madera,39,155013,7487,6479,214,6693,58
2020-12-04,Marin,41,260295,8226,7896,44,7940,136
2020-12-04,Mariposa,43,17540,171,136,3,139,2
2020-12-04,Mendocino,45,87422,1750,1563,13,1576,23
2020-12-04,Merced,47,269075,13740,12474,173,12647,177
2020-12-04,Modoc,49,8938,153,115,28,143,0
2020-12-04,Mono,51,14174,636,549,10,559,3
2020-12-04,Monterey,53,433212,18642,16737,375,17112,127
2020-12-04,Napa,55,140530,4037,3432,20,3452,19
2020-12-04,Nevada,57,99092,1949,1560,47,1607,10
2020-12-04,Orange,59,3164182,96500,83738,3092,86830,1597
2020-12-04,Placer,61,380077,9421,7461,234,7695,76
2020-12-04,Plumas,63,18699,299,232,0,232,0
2020-12-04,Riverside,65,2383286,112353,95255,3162,98417,1475
2020-12-04,Sacramento,67,1510023,45721,41061,198,41259,618
2020-12-04,San Benito,69,59416,2280,2006,16,2022,17
2020-12-04,San Bernardino,71,2135413,122035,102418,2246,104664,1290
2020-12-04,San Diego,73,3302833,98734,88183,0,88183,1047
2020-12-04,San Francisco,75,870044,17690,16499,141,16640,161
2020-12-04,San Joaquin,77,732212,31509,27806,738,28544,522
2020-12-04,San Luis Obispo,79,281455,7334,6473,126,6599,42
2020-12-04,San Mateo,81,765935,17238,15112,19,15131,173
2020-12-04,Santa Barbara,83,443738,13173,11947,302,12249,141
2020-12-04,Santa Clara,85,1922200,44596,37465,117,37582,468
2020-12-04,Santa Cruz,87,273765,5795,4985,93,5078,32
2020-12-04,Shasta,89,179085,6477,5439,345,5784,49
2020-12-04,Sierra,91,2930,19,17,0,17,0
2020-12-04,Siskiyou,93,43540,782,639,57,696,2
2020-12-04,Solano,95,438530,12402,11037,104,11141,87
2020-12-04,Sonoma,97,501317,14266,12962,88,13050,164
2020-12-04,Stanislaus,99,539301,25374,23206,1878,25084,448
2020-12-04,Sutter,101,95872,4504,3791,15,3806,20
2020-12-04,Tehama,103,63373,2116,1876,107,1983,9
2020-12-04,Trinity,105,12862,234,172,13,185,0
2020-12-04,Tulare,107,460477,24436,22273,2152,24425,322
2020-12-04,Tuolumne,109,53932,1384,1134,34,1168,7
2020-12-04,Ventura,111,848112,24923,22024,806,22830,189
2020-12-04,Yolo,113,214977,5958,5294,21,5315,87
2020-12-04,Yuba,115,75493,2579,2225,20,2245,10
2020-12-03,Alameda,1,1643700,34933,31184,468,31652,465
2020-12-03,Alpine,3,1148,58,53,0,53,0
2020-12-03,Amador,5,37829,1134,653,3,656,16
2020-12-03,Butte,7,227075,4844,4305,295,4600,65
2020-12-03,Calaveras,9,45235,635,572,1,573,21
2020-12-03,Colusa,11,21464,917,774,16,790,6
2020-12-03,Contra Costa,13,1133247,28028,25464,218,25682,265
2020-12-03,Del Norte,15,27424,468,388,0,388,2
2020-12-03,El Dorado,17,186661,3615,2740,55,2795,6
2020-12-03,Fresno,19,978130,47247,39680,2001,41681,516
2020-12-03,Glenn,21,27897,1143,997,77,1074,8
2020-12-03,Humboldt,23,135768,1140,923,3,926,9
2020-12-03,Imperial,25,180216,18039,16436,179,16615,359
2020-12-03,Inyo,27,18085,361,321,1,322,15
2020-12-03,Kern,29,883053,46275,42062,2086,44148,483
2020-12-03,Kings,31,150075,12835,11658,285,11943,87
2020-12-03,Lake,33,64148,1183,991,0,991,20
2020-12-03,Lassen,35,31185,2750,2128,8,2136,0
2020-12-03,Los Angeles,37,10098052,462587,415805,8631,424436,7787
2020-12-03,Madera,39,155013,7366,6398,210,6608,58
2020-12-03,Marin,41,260295,8167,7861,39,7900,136
2020-12-03,Mariposa,43,17540,167,132,3,135,2
2020-12-03,Mendocino,45,87422,1734,1547,9,1556,23
2020-12-03,Merced,47,269075,13493,12310,165,12475,177
2020-12-03,Modoc,49,8938,151,114,28,142,0
2020-12-03,Mono,51,14174,616,527,10,537,3
2020-12-03,Monterey,53,433212,18180,16218,362,16580,125
2020-12-03,Napa,55,140530,3924,3360,20,3380,19
2020-12-03,Nevada,57,99092,1872,1472,46,1518,10
2020-12-03,Orange,59,3164182,94002,82187,3017,85204,1591
2020-12-03,Placer,61,380077,9215,7270,218,7488,73
2020-12-03,Plumas,63,18699,285,223,0,223,0
2020-12-03,Riverside,65,2383286,109609,92489,2988,95477,1461
2020-12-03,Sacramento,67,1510023,44673,40280,185,40465,614
2020-12-03,San Benito,69,59416,2236,1967,16,1983,16
2020-12-03,San Bernardino,71,2135413,118716,100787,2157,102944,1283
2020-12-03,San Diego,73,3302833,96926,86144,0,86144,1040
2020-12-03,San Francisco,75,870044,17468,16236,140,16376,161
2020-12-03,San Joaquin,77,732212,30789,27239,689,27928,522
2020-12-03,San Luis Obispo,79,281455,7165,6388,125,6513,42
2020-12-03,San Mateo,81,765935,16887,14909,18,14927,173
2020-12-03,Santa Barbara,83,443738,13045,11829,295,12124,141
2020-12-03,Santa Clara,85,1922200,43401,36621,111,36732,465
2020-12-03,Santa Cruz,87,273765,5653,4850,89,4939,28
2020-12-03,Shasta,89,179085,6368,5330,338,5668,48
2020-12-03,Sierra,91,2930,19,17,0,17,0
2020-12-03,Siskiyou,93,43540,767,629,54,683,2
2020-12-03,Solano,95,438530,12191,10857,101,10958,87
2020-12-03,Sonoma,97,501317,14022,12772,87,12859,164
2020-12-03,Stanislaus,99,539301,24969,22821,1825,24646,447
2020-12-03,Sutter,101,95872,4421,3727,14,3741,20
2020-12-03,Tehama,103,63373,2065,1832,98,1930,9
2020-12-03,Trinity,105,12862,232,166,13,179,0
2020-12-03,Tulare,107,460477,24041,21993,2056,24049,321
2020-12-03,Tuolumne,109,53932,1343,1105,34,1139,7
2020-12-03,Ventura,111,848112,24220,21555,791,22346,187
2020-12-03,Yolo,113,214977,5820,5069,21,5090,87
2020-12-03,Yuba,115,75493,2510,2182,18,2200,10
2020-12-02,Alameda,1,1643700,34313,30697,456,31153,463
2020-12-02,Alpine,3,1148,57,52,0,52,0
2020-12-02,Amador,5,37829,1062,585,3,588,16
2020-12-02,Butte,7,227075,4722,4243,285,4528,65
2020-12-02,Calaveras,9,45235,618,553,1,554,21
2020-12-02,Colusa,11,21464,901,756,15,771,6
2020-12-02,Contra Costa,13,1133247,27571,25147,205,25352,264
2020-12-02,Del Norte,15,27424,454,384,0,384,2
2020-12-02,El Dorado,17,186661,3515,2638,49,2687,5
2020-12-02,Fresno,19,978130,46502,39324,1891,41215,507
2020-12-02,Glenn,21,27897,1126,995,69,1064,7
2020-12-02,Humboldt,23,135768,1114,899,3,902,9
2020-12-02,Imperial,25,180216,17615,16360,171,16531,356
2020-12-02,Inyo,27,18085,354,314,1,315,15
2020-12-02,Kern,29,883053,45385,41660,1981,43641,479
2020-12-02,Kings,31,150075,12482,11531,271,11802,86
2020-12-02,Lake,33,64148,1154,971,0,971,20
2020-12-02,Lassen,35,31185,2691,2115,8,2123,0
2020-12-02,Los Angeles,37,10098052,452587,408289,8272,416561,7739
2020-12-02,Madera,39,155013,7243,6370,202,6572,57
2020-12-02,Marin,41,260295,8121,7819,37,7856,136
2020-12-02,Mariposa,43,17540,164,131,3,134,2
2020-12-02,Mendocino,45,87422,1701,1524,9,1533,23
2020-12-02,Merced,47,269075,13251,12168,158,12326,173
2020-12-02,Modoc,49,8938,148,113,28,141,0
2020-12-02,Mono,51,14174,607,520,10,530,3
2020-12-02,Monterey,53,433212,17706,16064,323,16387,121
2020-12-02,Napa,55,140530,3821,3298,19,3317,19
2020-12-02,Nevada,57,99092,1810,1430,45,1475,9
2020-12-02,Orange,59,3164182,91823,81046,2932,83978,1569
2020-12-02,Placer,61,380077,8983,6941,203,7144,73
2020-12-02,Plumas,63,18699,272,218,0,218,0
2020-12-02,Riverside,65,2383286,106900,90089,2796,92885,1451
2020-12-02,Sacramento,67,1510023,43643,39334,174,39508,597
2020-12-02,San Benito,69,59416,2172,1921,16,1937,16
2020-12-02,San Bernardino,71,2135413,115157,98567,2039,100606,1240
2020-12-02,San Diego,73,3302833,95012,84640,0,84640,1035
2020-12-02,San Francisco,75,870044,17230,16058,138,16196,157
2020-12-02,San Joaquin,77,732212,30169,26740,665,27405,519
2020-12-02,San Luis Obispo,79,281455,7067,6324,122,6446,42
2020-12-02,San Mateo,81,765935,16525,14757,17,14774,170
2020-12-02,Santa Barbara,83,443738,12894,11705,281,11986,140
2020-12-02,Santa Clara,85,1922200,42284,35878,110,35988,458
2020-12-02,Santa Cruz,87,273765,5521,4766,86,4852,27
2020-12-02,Shasta,89,179085,6244,5188,321,5509,47
2020-12-02,Sierra,91,2930,19,17,0,17,0
2020-12-02,Siskiyou,93,43540,751,624,52,676,1
2020-12-02,Solano,95,438530,11946,10701,96,10797,87
2020-12-02,Sonoma,97,501317,13783,12635,86,12721,163
2020-12-02,Stanislaus,99,539301,24474,22615,1765,24380,448
2020-12-02,Sutter,101,95872,4268,3604,14,3618,18
2020-12-02,Tehama,103,63373,2022,1800,82,1882,9
2020-12-02,Trinity,105,12862,225,165,13,178,0
2020-12-02,Tulare,107,460477,23665,21789,1969,23758,321
2020-12-02,Tuolumne,109,53932,1303,1076,34,1110,7
2020-12-02,Ventura,111,848112,23812,21208,772,21980,186
2020-12-02,Yolo,113,214977,5709,5053,20,5073,87
2020-12-02,Yuba,115,75493,2433,2119,17,2136,10
2020-12-01,Alameda,1,1643700,33627,30252,444,30696,460
2020-12-01,Alpine,3,1148,57,41,0,41,0
2020-12-01,Amador,5,37829,915,575,2,577,16
2020-12-01,Butte,7,227075,4618,4177,269,4446,65
2020-12-01,Calaveras,9,45235,600,544,1,545,21
2020-12-01,Colusa,11,21464,884,747,15,762,6
2020-12-01,Contra Costa,13,1133247,26998,24788,197,24985,264
2020-12-01,Del Norte,15,27424,426,357,0,357,2
2020-12-01,El Dorado,17,186661,3370,2542,44,2586,4
2020-12-01,Fresno,19,978130,45606,39004,1807,40811,505
2020-12-01,Glenn,21,27897,1105,989,65,1054,7
2020-12-01,Humboldt,23,135768,1083,886,3,889,9
2020-12-01,Imperial,25,180216,17302,16278,168,16446,356
2020-12-01,Inyo,27,18085,347,304,1,305,15
2020-12-01,Kern,29,883053,44585,41345,1845,43190,478
2020-12-01,Kings,31,150075,12169,11415,255,11670,86
2020-12-01,Lake,33,64148,1136,969,0,969,19
2020-12-01,Lassen,35,31185,2525,2047,7,2054,0
2020-12-01,Los Angeles,37,10098052,442254,403266,7930,411196,7704
2020-12-01,Madera,39,155013,7127,6270,193,6463,57
2020-12-01,Marin,41,260295,8051,7787,36,7823,136
2020-12-01,Mariposa,43,17540,159,128,3,131,2
2020-12-01,Mendocino,45,87422,1667,1497,9,1506,23
2020-12-01,Merced,47,269075,13009,12032,148,12180,172
2020-12-01,Modoc,49,8938,143,113,24,137,0
2020-12-01,Mono,51,14174,599,520,10,530,3
2020-12-01,Monterey,53,433212,17200,15835,312,16147,121
2020-12-01,Napa,55,140530,3737,3124,18,3142,19
2020-12-01,Nevada,57,99092,1748,1411,44,1455,9
2020-12-01,Orange,59,3164182,89737,79468,2841,82309,1567
2020-12-01,Placer,61,380077,8656,6794,196,6990,72
2020-12-01,Plumas,63,18699,260,201,0,201,0
2020-12-01,Riverside,65,2383286,104106,88530,2628,91158,1448
2020-12-01,Sacramento,67,1510023,42596,38966,169,39135,589
2020-12-01,San Benito,69,59416,2117,1888,16,1904,15
2020-12-01,San Bernardino,71,2135413,111689,95854,1908,97762,1220
2020-12-01,San Diego,73,3302833,92755,83423,0,83423,1019
2020-12-01,San Francisco,75,870044,16950,15797,134,15931,157
2020-12-01,San Joaquin,77,732212,29367,26432,643,27075,514
2020-12-01,San Luis Obispo,79,281455,6927,6264,117,6381,40
2020-12-01,San Mateo,81,765935,16200,14495,17,14512,170
2020-12-01,Santa Barbara,83,443738,12754,11611,271,11882,140
2020-12-01,Santa Clara,85,1922200,41030,35397,105,35502,452
2020-12-01,Santa Cruz,87,273765,5365,4638,78,4716,27
2020-12-01,Shasta,89,179085,6116,5077,299,5376,47
2020-12-01,Sierra,91,2930,19,17,0,17,0
2020-12-01,Siskiyou,93,43540,737,608,48,656,1
2020-12-01,Solano,95,438530,11688,10604,90,10694,87
2020-12-01,Sonoma,97,501317,13578,12491,83,12574,163
2020-12-01,Stanislaus,99,539301,24019,22351,1707,24058,447
2020-12-01,Sutter,101,95872,4127,3538,14,3552,17
2020-12-01,Tehama,103,63373,1963,1773,73,1846,9
2020-12-01,Trinity,105,12862,216,165,12,177,0
2020-12-01,Tulare,107,460477,23213,21645,1894,23539,319
2020-12-01,Tuolumne,109,53932,1267,1052,31,1083,7
2020-12-01,Ventura,111,848112,23199,20604,750,21354,186
2020-12-01,Yolo,113,214977,5573,4928,20,4948,86
2020-12-01,Yuba,115,75493,2367,2088,16,2104,10
2020-11-30,Alameda,1,1643700,32813,29972,426,30398,457
2020-11-30,Alpine,3,1148,55,41,0,41,0
2020-11-30,Amador,5,37829,874,559,2,561,16
2020-11-30,Butte,7,227075,4501,4148,252,4400,65
2020-11-30,Calaveras,9,45235,578,478,1,479,21
2020-11-30,Colusa,11,21464,857,737,11,748,6
2020-11-30,Contra Costa,13,1133247,26422,24365,193,24558,264
2020-11-30,Del Norte,15,27424,403,339,0,339,2
2020-11-30,El Dorado,17,186661,3196,2488,39,2527,4
2020-11-30,Fresno,19,978130,44502,38712,1686,40398,500
2020-11-30,Glenn,21,27897,1082,954,60,1014,5
2020-11-30,Humboldt,23,135768,1036,870,3,873,9
2020-11-30,Imperial,25,180216,17049,16212,144,16356,356
2020-11-30,Inyo,27,18085,342,304,1,305,15
2020-11-30,Kern,29,883053,43831,40941,1698,42639,473
2020-11-30,Kings,31,150075,12023,11346,238,11584,85
2020-11-30,Lake,33,64148,1105,939,0,939,18
2020-11-30,Lassen,35,31185,2432,1793,7,1800,0
2020-11-30,Los Angeles,37,10098052,431605,396202,7582,403784,7658
2020-11-30,Madera,39,155013,6959,6210,179,6389,57
2020-11-30,Marin,41,260295,8009,7764,35,7799,136
2020-11-30,Mariposa,43,17540,152,123,3,126,2
2020-11-30,Mendocino,45,87422,1640,1482,9,1491,23
2020-11-30,Merced,47,269075,12735,11913,137,12050,172
2020-11-30,Modoc,49,8938,133,113,24,137,0
2020-11-30,Mono,51,14174,578,519,10,529,3
2020-11-30,Monterey,53,433212,16771,15837,304,16141,119
2020-11-30,Napa,55,140530,3638,3091,17,3108,18
2020-11-30,Nevada,57,99092,1661,1347,41,1388,9
2020-11-30,Orange,59,3164182,87644,78711,2743,81454,1568
2020-11-30,Placer,61,380077,8360,6575,183,6758,72
2020-11-30,Plumas,63,18699,249,192,0,192,0
2020-11-30,Riverside,65,2383286,101120,87722,2473,90195,1446
2020-11-30,Sacramento,67,1510023,41519,37834,161,37995,586
2020-11-30,San Benito,69,59416,2068,1875,15,1890,15
2020-11-30,San Bernardino,71,2135413,107956,92704,1789,94493,1220
2020-11-30,San Diego,73,3302833,90395,82045,0,82045,997
2020-11-30,San Francisco,75,870044,16652,15638,131,15769,157
2020-11-30,San Joaquin,77,732212,28663,25742,616,26358,509
2020-11-30,San Luis Obispo,79,281455,6792,6224,115,6339,36
2020-11-30,San Mateo,81,765935,15839,14276,17,14293,170
2020-11-30,Santa Barbara,83,443738,12576,11572,264,11836,140
2020-11-30,Santa Clara,85,1922200,39823,35019,104,35123,451
2020-11-30,Santa Cruz,87,273765,5226,4558,74,4632,26
2020-11-30,Shasta,89,179085,5975,4933,265,5198,44
2020-11-30,Sierra,91,2930,19,16,0,16,0
2020-11-30,Siskiyou,93,43540,728,605,44,649,1
2020-11-30,Solano,95,438530,11427,10392,85,10477,87
2020-11-30,Sonoma,97,501317,13333,12232,79,12311,163
2020-11-30,Stanislaus,99,539301,23563,22110,1661,23771,446
2020-11-30,Sutter,101,95872,3973,3430,13,3443,16
2020-11-30,Tehama,103,63373,1915,1724,67,1791,9
2020-11-30,Trinity,105,12862,211,162,12,174,0
2020-11-30,Tulare,107,460477,22829,20833,1797,22630,319
2020-11-30,Tuolumne,109,53932,1222,1027,31,1058,7
2020-11-30,Ventura,111,848112,22440,20308,734,21042,180
2020-11-30,Yolo,113,214977,5461,4894,20,4914,81
2020-11-30,Yuba,115,75493,2307,2028,14,2042,10
2020-11-29,Alameda,1,1643700,32029,29918,404,30322,457
2020-11-29,Alpine,3,1148,52,41,0,41,0
2020-11-29,Amador,5,37829,723,548,2,550,16
2020-11-29,Butte,7,227075,4402,4008,230,4238,65
2020-11-29,Calaveras,9,45235,546,478,1,479,21
2020-11-29,Colusa,11,21464,828,723,7,730,6
2020-11-29,Contra Costa,13,1133247,25919,24165,187,24352,264
2020-11-29,Del Norte,15,27424,397,339,0,339,2
2020-11-29,El Dorado,17,186661,3067,2447,38,2485,4
2020-11-29,Fresno,19,978130,43557,38568,1609,40177,500
2020-11-29,Glenn,21,27897,1059,951,58,1009,4
2020-11-29,Humboldt,23,135768,1007,856,3,859,9
2020-11-29,Imperial,25,180216,16822,16138,115,16253,356
2020-11-29,Inyo,27,18085,327,289,1,290,15
2020-11-29,Kern,29,883053,43074,40596,1546,42142,473
2020-11-29,Kings,31,150075,11875,11247,218,11465,85
2020-11-29,Lake,33,64148,1081,927,0,927,18
2020-11-29,Lassen,35,31185,2329,1793,7,1800,0
2020-11-29,Los Angeles,37,10098052,421236,391162,7263,398425,7642
2020-11-29,Madera,39,155013,6816,6184,173,6357,57
2020-11-29,Marin,41,260295,7943,7739,33,7772,135
2020-11-29,Mariposa,43,17540,148,123,3,126,2
2020-11-29,Mendocino,45,87422,1605,1473,9,1482,23
2020-11-29,Merced,47,269075,12498,11773,128,11901,172
2020-11-29,Modoc,49,8938,129,105,22,127,0
2020-11-29,Mono,51,14174,556,515,10,525,3
2020-11-29,Monterey,53,433212,16460,15621,297,15918,119
2020-11-29,Napa,55,140530,3533,3090,16,3106,18
2020-11-29,Nevada,57,99092,1580,1311,39,1350,9
2020-11-29,Orange,59,3164182,85626,78057,2694,80751,1567
2020-11-29,Placer,61,380077,8072,6535,169,6704,72
2020-11-29,Plumas,63,18699,244,191,0,191,0
2020-11-29,Riverside,65,2383286,98740,87383,2317,89700,1442
2020-11-29,Sacramento,67,1510023,40445,37415,153,37568,585
2020-11-29,San Benito,69,59416,2024,1860,15,1875,15
2020-11-29,San Bernardino,71,2135413,104615,92052,1683,93735,1223
2020-11-29,San Diego,73,3302833,87984,81086,0,81086,997
2020-11-29,San Francisco,75,870044,16372,15571,124,15695,153
2020-11-29,San Joaquin,77,732212,27921,25740,610,26350,509
2020-11-29,San Luis Obispo,79,281455,6670,6145,115,6260,36
2020-11-29,San Mateo,81,765935,15506,14177,17,14194,169
2020-11-29,Santa Barbara,83,443738,12422,11520,260,11780,140
2020-11-29,Santa Clara,85,1922200,38618,34234,98,34332,451
2020-11-29,Santa Cruz,87,273765,5067,4490,72,4562,26
2020-11-29,Shasta,89,179085,5804,4935,233,5168,43
2020-11-29,Sierra,91,2930,19,16,0,16,0
2020-11-29,Siskiyou,93,43540,705,590,42,632,1
2020-11-29,Solano,95,438530,11195,10393,81,10474,87
2020-11-29,Sonoma,97,501317,13081,12052,75,12127,163
2020-11-29,Stanislaus,99,539301,23072,21701,1621,23322,446
2020-11-29,Sutter,101,95872,3856,3297,13,3310,16
2020-11-29,Tehama,103,63373,1864,1710,51,1761,9
2020-11-29,Trinity,105,12862,208,159,12,171,0
2020-11-29,Tulare,107,460477,22471,20793,1712,22505,319
2020-11-29,Tuolumne,109,53932,1186,988,31,1019,7
2020-11-29,Ventura,111,848112,21756,19952,721,20673,179
2020-11-29,Yolo,113,214977,5323,4830,19,4849,80
2020-11-29,Yuba,115,75493,2252,1959,14,1973,10
2020-11-28,Alameda,1,1643700,31719,29368,399,29767,456
2020-11-28,Alpine,3,1148,52,41,0,41,0
2020-11-28,Amador,5,37829,646,536,2,538,16
2020-11-28,Butte,7,227075,4344,3894,226,4120,65
2020-11-28,Calaveras,9,45235,542,478,1,479,21
2020-11-28,Colusa,11,21464,819,711,5,716,6
2020-11-28,Contra Costa,13,1133247,25585,23798,183,23981,264
2020-11-28,Del Norte,15,27424,387,328,0,328,2
2020-11-28,El Dorado,17,186661,2999,2415,32,2447,4
2020-11-28,Fresno,19,978130,43213,38288,1568,39856,500
2020-11-28,Glenn,21,27897,1048,925,54,979,4
2020-11-28,Humboldt,23,135768,973,844,3,847,9
2020-11-28,Imperial,25,180216,16758,16019,113,16132,356
2020-11-28,Inyo,27,18085,319,289,1,290,15
2020-11-28,Kern,29,883053,42713,40255,1457,41712,473
2020-11-28,Kings,31,150075,11811,11070,209,11279,85
2020-11-28,Lake,33,64148,1066,920,0,920,18
2020-11-28,Lassen,35,31185,2263,1714,7,1721,0
2020-11-28,Los Angeles,37,10098052,416326,386194,7101,393295,7625
2020-11-28,Madera,39,155013,6714,6119,166,6285,57
2020-11-28,Marin,41,260295,7914,7696,29,7725,135
2020-11-28,Mariposa,43,17540,145,120,3,123,2
2020-11-28,Mendocino,45,87422,1574,1458,9,1467,22
2020-11-28,Merced,47,269075,12401,11688,121,11809,172
2020-11-28,Modoc,49,8938,126,103,22,125,0
2020-11-28,Mono,51,14174,549,505,10,515,3
2020-11-28,Monterey,53,433212,16294,15328,293,15621,118
2020-11-28,Napa,55,140530,3482,3033,15,3048,18
2020-11-28,Nevada,57,99092,1552,1272,37,1309,9
2020-11-28,Orange,59,3164182,84533,76882,2646,79528,1568
2020-11-28,Placer,61,380077,7918,6497,166,6663,70
2020-11-28,Plumas,63,18699,237,188,0,188,0
2020-11-28,Riverside,65,2383286,97339,86854,2211,89065,1440
2020-11-28,Sacramento,67,1510023,39864,36905,149,37054,580
2020-11-28,San Benito,69,59416,1979,1835,15,1850,15
2020-11-28,San Bernardino,71,2135413,103219,91183,1579,92762,1224
2020-11-28,San Diego,73,3302833,86730,80020,0,80020,997
2020-11-28,San Francisco,75,870044,16195,15450,116,15566,153
2020-11-28,San Joaquin,77,732212,27726,25742,595,26337,509
2020-11-28,San Luis Obispo,79,281455,6600,6106,111,6217,36
2020-11-28,San Mateo,81,765935,15316,14040,17,14057,169
2020-11-28,Santa Barbara,83,443738,12320,11481,255,11736,140
2020-11-28,Santa Clara,85,1922200,37872,33701,96,33797,449
2020-11-28,Santa Cruz,87,273765,4990,4426,72,4498,26
2020-11-28,Shasta,89,179085,5726,4882,226,5108,43
2020-11-28,Sierra,91,2930,19,16,0,16,0
2020-11-28,Siskiyou,93,43540,695,558,39,597,1
2020-11-28,Solano,95,438530,11076,10252,79,10331,87
2020-11-28,Sonoma,97,501317,12978,12008,65,12073,162
2020-11-28,Stanislaus,99,539301,22838,21574,1583,23157,446
2020-11-28,Sutter,101,95872,3772,3244,13,3257,15
2020-11-28,Tehama,103,63373,1848,1678,47,1725,9
2020-11-28,Trinity,105,12862,206,157,10,167,0
2020-11-28,Tulare,107,460477,22282,20701,1664,22365,319
2020-11-28,Tuolumne,109,53932,1164,976,31,1007,7
2020-11-28,Ventura,111,848112,21458,19510,711,20221,179
2020-11-28,Yolo,113,214977,5249,4739,17,4756,80
2020-11-28,Yuba,115,75493,2198,1912,14,1926,10
2020-11-27,Alameda,1,1643700,31281,29064,388,29452,450
2020-11-27,Alpine,3,1148,52,41,0,41,0
2020-11-27,Amador,5,37829,599,498,1,499,16
2020-11-27,Butte,7,227075,4303,3894,220,4114,65
2020-11-27,Calaveras,9,45235,534,478,1,479,21
2020-11-27,Colusa,11,21464,802,694,3,697,6
2020-11-27,Contra Costa,13,1133247,25326,23463,177,23640,264
2020-11-27,Del Norte,15,27424,381,307,0,307,2
2020-11-27,El Dorado,17,186661,2927,2238,29,2267,4
2020-11-27,Fresno,19,978130,42807,37994,1508,39502,500
2020-11-27,Glenn,21,27897,1035,891,49,940,4
2020-11-27,Humboldt,23,135768,954,795,2,797,9
2020-11-27,Imperial,25,180216,16691,15960,103,16063,356
2020-11-27,Inyo,27,18085,313,289,1,290,15
2020-11-27,Kern,29,883053,42295,39707,1381,41088,473
2020-11-27,Kings,31,150075,11725,10667,191,10858,85
2020-11-27,Lake,33,64148,1030,909,0,909,18
2020-11-27,Lassen,35,31185,2251,1714,7,1721,0
2020-11-27,Los Angeles,37,10098052,409828,382740,6933,389673,7606
2020-11-27,Madera,39,155013,6642,6050,160,6210,57
2020-11-27,Marin,41,260295,7871,7660,29,7689,135
2020-11-27,Mariposa,43,17540,143,118,3,121,2
2020-11-27,Mendocino,45,87422,1559,1387,8,1395,22
2020-11-27,Merced,47,269075,12295,11550,114,11664,172
2020-11-27,Modoc,49,8938,125,100,22,122,0
2020-11-27,Mono,51,14174,545,498,10,508,3
2020-11-27,Monterey,53,433212,16126,14753,293,15046,113
2020-11-27,Napa,55,140530,3442,2988,15,3003,18
2020-11-27,Nevada,57,99092,1522,1184,35,1219,9
2020-11-27,Orange,59,3164182,83253,75151,2604,77755,1568
2020-11-27,Placer,61,380077,7758,6283,156,6439,68
2020-11-27,Plumas,63,18699,234,188,0,188,0
2020-11-27,Riverside,65,2383286,95741,85769,2048,87817,1440
2020-11-27,Sacramento,67,1510023,39243,36579,145,36724,579
2020-11-27,San Benito,69,59416,1945,1805,14,1819,15
2020-11-27,San Bernardino,71,2135413,101716,90254,1493,91747,1224
2020-11-27,San Diego,73,3302833,85538,78161,0,78161,996
2020-11-27,San Francisco,75,870044,16040,15377,114,15491,153
2020-11-27,San Joaquin,77,732212,27507,25741,574,26315,509
2020-11-27,San Luis Obispo,79,281455,6517,6039,108,6147,36
2020-11-27,San Mateo,81,765935,15113,13872,16,13888,169
2020-11-27,Santa Barbara,83,443738,12227,11340,252,11592,140
2020-11-27,Santa Clara,85,1922200,37196,32935,89,33024,449
2020-11-27,Santa Cruz,87,273765,4919,4358,70,4428,26
2020-11-27,Shasta,89,179085,5649,4710,213,4923,43
2020-11-27,Sierra,91,2930,18,16,0,16,0
2020-11-27,Siskiyou,93,43540,680,554,36,590,1
2020-11-27,Solano,95,438530,10957,10044,76,10120,87
2020-11-27,Sonoma,97,501317,12846,11924,63,11987,162
2020-11-27,Stanislaus,99,539301,22612,21185,1552,22737,446
2020-11-27,Sutter,101,95872,3706,3101,12,3113,15
2020-11-27,Tehama,103,63373,1820,1649,43,1692,9
2020-11-27,Trinity,105,12862,202,151,10,161,0
2020-11-27,Tulare,107,460477,22096,20634,1605,22239,319
2020-11-27,Tuolumne,109,53932,1133,881,31,912,7
2020-11-27,Ventura,111,848112,21136,19379,689,20068,179
2020-11-27,Yolo,113,214977,5200,4737,17,4754,79
2020-11-27,Yuba,115,75493,2169,1864,13,1877,10
2020-11-26,Alameda,1,1643700,30869,28797,369,29166,447
2020-11-26,Alpine,3,1148,52,41,0,41,0
2020-11-26,Amador,5,37829,591,488,1,489,16
2020-11-26,Butte,7,227075,4240,3894,214,4108,65
2020-11-26,Calaveras,9,45235,506,478,1,479,21
2020-11-26,Colusa,11,21464,788,694,3,697,6
2020-11-26,Contra Costa,13,1133247,24992,23468,171,23639,264
2020-11-26,Del Norte,15,27424,370,307,0,307,2
2020-11-26,El Dorado,17,186661,2846,2217,27,2244,4
2020-11-26,Fresno,19,978130,42407,37724,1461,39185,500
2020-11-26,Glenn,21,27897,1020,892,46,938,4
2020-11-26,Humboldt,23,135768,931,795,1,796,9
2020-11-26,Imperial,25,180216,16583,15722,98,15820,355
2020-11-26,Inyo,27,18085,312,289,1,290,15
2020-11-26,Kern,29,883053,41858,39123,1309,40432,471
2020-11-26,Kings,31,150075,11670,10475,178,10653,85
2020-11-26,Lake,33,64148,1017,890,0,890,18
2020-11-26,Lassen,35,31185,2236,1714,7,1721,0
2020-11-26,Los Angeles,37,10098052,404696,378340,6683,385023,7581
2020-11-26,Madera,39,155013,6568,6003,154,6157,57
2020-11-26,Marin,41,260295,7834,7610,29,7639,135
2020-11-26,Mariposa,43,17540,138,116,3,119,2
2020-11-26,Mendocino,45,87422,1545,1387,6,1393,22
2020-11-26,Merced,47,269075,12148,11440,112,11552,172
2020-11-26,Modoc,49,8938,123,100,22,122,0
2020-11-26,Mono,51,14174,537,485,8,493,2
2020-11-26,Monterey,53,433212,15889,14750,285,15035,113
2020-11-26,Napa,55,140530,3377,2988,15,3003,18
2020-11-26,Nevada,57,99092,1476,1184,35,1219,9
2020-11-26,Orange,59,3164182,81899,74264,2538,76802,1563
2020-11-26,Placer,61,380077,7598,6278,147,6425,68
2020-11-26,Plumas,63,18699,226,188,0,188,0
2020-11-26,Riverside,65,2383286,94153,85774,1914,87688,1440
2020-11-26,Sacramento,67,1510023,38599,35854,137,35991,580
2020-11-26,San Benito,69,59416,1918,1769,14,1783,15
2020-11-26,San Bernardino,71,2135413,100074,89727,1397,91124,1223
2020-11-26,San Diego,73,3302833,83929,76359,0,76359,996
2020-11-26,San Francisco,75,870044,15903,15156,111,15267,153
2020-11-26,San Joaquin,77,732212,27254,25738,559,26297,509
2020-11-26,San Luis Obispo,79,281455,6424,5964,105,6069,36
2020-11-26,San Mateo,81,765935,14926,13715,14,13729,169
2020-11-26,Santa Barbara,83,443738,12146,11277,251,11528,139
2020-11-26,Santa Clara,85,1922200,36556,32411,80,32491,446
2020-11-26,Santa Cruz,87,273765,4789,4269,64,4333,26
2020-11-26,Shasta,89,179085,5568,4712,201,4913,43
2020-11-26,Sierra,91,2930,18,15,0,15,0
2020-11-26,Siskiyou,93,43540,670,526,35,561,1
2020-11-26,Solano,95,438530,10814,9941,74,10015,87
2020-11-26,Sonoma,97,501317,12698,11922,61,11983,162
2020-11-26,Stanislaus,99,539301,22384,21186,1508,22694,445
2020-11-26,Sutter,101,95872,3612,3101,11,3112,15
2020-11-26,Tehama,103,63373,1779,1612,39,1651,9
2020-11-26,Trinity,105,12862,199,139,10,149,0
2020-11-26,Tulare,107,460477,21861,20649,1536,22185,319
2020-11-26,Tuolumne,109,53932,1105,871,31,902,7
2020-11-26,Ventura,111,848112,20640,19058,674,19732,179
2020-11-26,Yolo,113,214977,5112,4566,17,4583,76
2020-11-26,Yuba,115,75493,2111,1865,11,1876,10
2020-11-25,Alameda,1,1643700,30653,28378,361,28739,447
2020-11-25,Alpine,3,1148,52,41,0,41,0
2020-11-25,Amador,5,37829,581,484,1,485,16
2020-11-25,Butte,7,227075,4210,3848,211,4059,64
2020-11-25,Calaveras,9,45235,503,475,1,476,21
2020-11-25,Colusa,11,21464,771,693,3,696,6
2020-11-25,Contra Costa,13,1133247,24837,23307,170,23477,263
2020-11-25,Del Norte,15,27424,369,304,0,304,2
2020-11-25,El Dorado,17,186661,2810,2154,27,2181,4
2020-11-25,Fresno,19,978130,42175,37349,1439,38788,494
2020-11-25,Glenn,21,27897,1003,891,44,935,4
2020-11-25,Humboldt,23,135768,923,777,1,778,9
2020-11-25,Imperial,25,180216,16513,15640,96,15736,355
2020-11-25,Inyo,27,18085,310,289,1,290,15
2020-11-25,Kern,29,883053,41704,38878,1290,40168,467
2020-11-25,Kings,31,150075,11635,10417,174,10591,85
2020-11-25,Lake,33,64148,1000,878,0,878,18
2020-11-25,Lassen,35,31185,2194,1701,7,1708,0
2020-11-25,Los Angeles,37,10098052,401678,373919,6571,380490,7545
2020-11-25,Madera,39,155013,6546,5989,151,6140,57
2020-11-25,Marin,41,260295,7807,7601,28,7629,135
2020-11-25,Mariposa,43,17540,137,114,3,117,2
2020-11-25,Mendocino,45,87422,1526,1373,6,1379,22
2020-11-25,Merced,47,269075,12090,11346,112,11458,172
2020-11-25,Modoc,49,8938,123,96,22,118,0
2020-11-25,Mono,51,14174,532,487,8,495,2
2020-11-25,Monterey,53,433212,15772,14695,283,14978,113
2020-11-25,Napa,55,140530,3344,2945,15,2960,17
2020-11-25,Nevada,57,99092,1458,1170,33,1203,9
2020-11-25,Orange,59,3164182,81156,73014,2518,75532,1551
2020-11-25,Placer,61,380077,7524,6221,146,6367,68
2020-11-25,Plumas,63,18699,221,183,0,183,0
2020-11-25,Riverside,65,2383286,93617,85077,1891,86968,1438
2020-11-25,Sacramento,67,1510023,38258,35687,134,35821,574
2020-11-25,San Benito,69,59416,1896,1764,14,1778,15
2020-11-25,San Bernardino,71,2135413,99237,88469,1366,89835,1225
2020-11-25,San Diego,73,3302833,83276,75307,0,75307,988
2020-11-25,San Francisco,75,870044,15798,15053,109,15162,153
2020-11-25,San Joaquin,77,732212,27129,25556,547,26103,515
2020-11-25,San Luis Obispo,79,281455,6381,5913,104,6017,34
2020-11-25,San Mateo,81,765935,14811,13614,14,13628,170
2020-11-25,Santa Barbara,83,443738,12096,11183,251,11434,138
2020-11-25,Santa Clara,85,1922200,36109,32032,79,32111,442
2020-11-25,Santa Cruz,87,273765,4738,4202,62,4264,25
2020-11-25,Shasta,89,179085,5522,4588,194,4782,43
2020-11-25,Sierra,91,2930,18,15,0,15,0
2020-11-25,Siskiyou,93,43540,663,499,35,534,1
2020-11-25,Solano,95,438530,10709,9832,73,9905,87
2020-11-25,Sonoma,97,501317,12635,11775,60,11835,162
2020-11-25,Stanislaus,99,539301,22255,21022,1479,22501,445
2020-11-25,Sutter,101,95872,3568,3064,11,3075,14
2020-11-25,Tehama,103,63373,1767,1587,35,1622,9
2020-11-25,Trinity,105,12862,197,135,10,145,0
2020-11-25,Tulare,107,460477,21771,20528,1503,22031,318
2020-11-25,Tuolumne,109,53932,1088,842,31,873,7
2020-11-25,Ventura,111,848112,20547,18914,668,19582,179
2020-11-25,Yolo,113,214977,5076,4527,17,4544,76
2020-11-25,Yuba,115,75493,2085,1840,11,1851,10
2020-11-24,Alameda,1,1643700,30175,28030,350,28380,444
2020-11-24,Alpine,3,1148,52,41,0,41,0
2020-11-24,Amador,5,37829,556,470,1,471,16
2020-11-24,Butte,7,227075,4124,3798,203,4001,63
2020-11-24,Calaveras,9,45235,496,466,1,467,21
2020-11-24,Colusa,11,21464,753,682,3,685,6
2020-11-24,Contra Costa,13,1133247,24483,23072,164,23236,259
2020-11-24,Del Norte,15,27424,359,298,0,298,2
2020-11-24,El Dorado,17,186661,2705,2005,26,2031,4
2020-11-24,Fresno,19,978130,41774,37021,1361,38382,493
2020-11-24,Glenn,21,27897,985,883,40,923,4
2020-11-24,Humboldt,23,135768,904,774,1,775,9
2020-11-24,Imperial,25,180216,16413,15600,89,15689,355
2020-11-24,Inyo,27,18085,309,282,1,283,15
2020-11-24,Kern,29,883053,41234,38551,1211,39762,465
2020-11-24,Kings,31,150075,11368,10338,161,10499,85
2020-11-24,Lake,33,64148,985,872,0,872,18
2020-11-24,Lassen,35,31185,2172,1657,7,1664,0
2020-11-24,Los Angeles,37,10098052,395383,370008,6329,376337,7501
2020-11-24,Madera,39,155013,6463,5881,144,6025,57
2020-11-24,Marin,41,260295,7760,7591,28,7619,135
2020-11-24,Mariposa,43,17540,127,114,1,115,2
2020-11-24,Mendocino,45,87422,1504,1346,5,1351,22
2020-11-24,Merced,47,269075,11901,11268,107,11375,171
2020-11-24,Modoc,49,8938,119,91,22,113,0
2020-11-24,Mono,51,14174,529,483,8,491,2
2020-11-24,Monterey,53,433212,15514,14354,271,14625,113
2020-11-24,Napa,55,140530,3278,2904,15,2919,17
2020-11-24,Nevada,57,99092,1395,1156,30,1186,9
2020-11-24,Orange,59,3164182,79722,71975,2433,74408,1547
2020-11-24,Placer,61,380077,7344,6147,139,6286,67
2020-11-24,Plumas,63,18699,218,180,0,180,0
2020-11-24,Riverside,65,2383286,91867,83685,1757,85442,1420
2020-11-24,Sacramento,67,1510023,37579,35097,126,35223,568
2020-11-24,San Benito,69,59416,1865,1740,13,1753,15
2020-11-24,San Bernardino,71,2135413,96905,86645,1258,87903,1226
2020-11-24,San Diego,73,3302833,81870,74363,0,74363,984
2020-11-24,San Francisco,75,870044,15603,14874,106,14980,153
2020-11-24,San Joaquin,77,732212,26815,25318,516,25834,517
2020-11-24,San Luis Obispo,79,281455,6318,5805,103,5908,34
2020-11-24,San Mateo,81,765935,14602,13558,13,13571,170
2020-11-24,Santa Barbara,83,443738,11990,11154,249,11403,138
2020-11-24,Santa Clara,85,1922200,35323,31564,75,31639,438
2020-11-24,Santa Cruz,87,273765,4626,4132,61,4193,25
2020-11-24,Shasta,89,179085,5422,4410,175,4585,43
2020-11-24,Sierra,91,2930,18,15,0,15,0
2020-11-24,Siskiyou,93,43540,645,473,32,505,1
2020-11-24,Solano,95,438530,10538,9716,72,9788,86
2020-11-24,Sonoma,97,501317,12455,11644,57,11701,162
2020-11-24,Stanislaus,99,539301,22015,20830,1435,22265,438
2020-11-24,Sutter,101,95872,3463,2974,11,2985,14
2020-11-24,Tehama,103,63373,1717,1565,30,1595,9
2020-11-24,Trinity,105,12862,191,129,10,139,0
2020-11-24,Tulare,107,460477,21525,20319,1437,21756,315
2020-11-24,Tuolumne,109,53932,1060,832,31,863,7
2020-11-24,Ventura,111,848112,20166,18637,656,19293,179
2020-11-24,Yolo,113,214977,4992,4420,17,4437,76
2020-11-24,Yuba,115,75493,2034,1804,9,1813,10
2020-11-23,Alameda,1,1643700,29761,27718,337,28055,444
2020-11-23,Alpine,3,1148,50,41,0,41,0
2020-11-23,Amador,5,37829,515,457,1,458,16
2020-11-23,Butte,7,227075,4060,3765,197,3962,61
2020-11-23,Calaveras,9,45235,478,434,1,435,21
2020-11-23,Colusa,11,21464,739,662,3,665,6
2020-11-23,Contra Costa,13,1133247,24212,22674,158,22832,260
2020-11-23,Del Norte,15,27424,337,296,0,296,2
2020-11-23,El Dorado,17,186661,2584,2005,25,2030,4
2020-11-23,Fresno,19,978130,41328,36688,1299,37987,488
2020-11-23,Glenn,21,27897,959,853,40,893,4
2020-11-23,Humboldt,23,135768,891,746,1,747,9
2020-11-23,Imperial,25,180216,16242,15104,84,15188,355
2020-11-23,Inyo,27,18085,302,279,1,280,15
2020-11-23,Kern,29,883053,40723,38245,1146,39391,463
2020-11-23,Kings,31,150075,10949,10204,153,10357,85
2020-11-23,Lake,33,64148,961,840,0,840,18
2020-11-23,Lassen,35,31185,2092,1271,6,1277,0
2020-11-23,Los Angeles,37,10098052,389298,366374,6070,372444,7447
2020-11-23,Madera,39,155013,6338,5787,140,5927,56
2020-11-23,Marin,41,260295,7718,7543,28,7571,135
2020-11-23,Mariposa,43,17540,126,97,1,98,2
2020-11-23,Mendocino,45,87422,1474,1330,5,1335,22
2020-11-23,Merced,47,269075,11714,11148,104,11252,169
2020-11-23,Modoc,49,8938,105,91,21,112,0
2020-11-23,Mono,51,14174,512,480,8,488,2
2020-11-23,Monterey,53,433212,15236,14265,264,14529,112
2020-11-23,Napa,55,140530,3212,2811,14,2825,17
2020-11-23,Nevada,57,99092,1306,1087,30,1117,9
2020-11-23,Orange,59,3164182,78329,71074,2385,73459,1546
2020-11-23,Placer,61,380077,7139,5999,138,6137,66
2020-11-23,Plumas,63,18699,214,172,0,172,0
2020-11-23,Riverside,65,2383286,90089,82175,1695,83870,1415
2020-11-23,Sacramento,67,1510023,37020,34141,118,34259,556
2020-11-23,San Benito,69,59416,1836,1729,12,1741,15
2020-11-23,San Bernardino,71,2135413,94798,84387,1193,85580,1224
2020-11-23,San Diego,73,3302833,80410,72817,0,72817,968
2020-11-23,San Francisco,75,870044,15445,14646,104,14750,153
2020-11-23,San Joaquin,77,732212,26466,24622,512,25134,517
2020-11-23,San Luis Obispo,79,281455,6235,5772,101,5873,34
2020-11-23,San Mateo,81,765935,14410,13364,13,13377,170
2020-11-23,Santa Barbara,83,443738,11882,10944,245,11189,137
2020-11-23,Santa Clara,85,1922200,34674,31064,70,31134,435
2020-11-23,Santa Cruz,87,273765,4517,4003,56,4059,25
2020-11-23,Shasta,89,179085,5305,4100,162,4262,43
2020-11-23,Sierra,91,2930,17,15,0,15,0
2020-11-23,Siskiyou,93,43540,618,460,31,491,0
2020-11-23,Solano,95,438530,10381,9394,69,9463,86
2020-11-23,Sonoma,97,501317,12282,11507,53,11560,160
2020-11-23,Stanislaus,99,539301,21723,20487,1402,21889,436
2020-11-23,Sutter,101,95872,3325,2840,10,2850,14
2020-11-23,Tehama,103,63373,1669,1526,27,1553,9
2020-11-23,Trinity,105,12862,185,120,9,129,0
2020-11-23,Tulare,107,460477,21239,19818,1363,21181,315
2020-11-23,Tuolumne,109,53932,1020,774,31,805,7
2020-11-23,Ventura,111,848112,19792,18480,644,19124,179
2020-11-23,Yolo,113,214977,4912,4265,16,4281,75
2020-11-23,Yuba,115,75493,1967,1702,9,1711,10
2020-11-22,Alameda,1,1643700,29328,27472,325,27797,444
2020-11-22,Alpine,3,1148,47,41,0,41,0
2020-11-22,Amador,5,37829,503,450,1,451,16
2020-11-22,Butte,7,227075,4011,3712,187,3899,61
2020-11-22,Calaveras,9,45235,466,434,1,435,21
2020-11-22,Colusa,11,21464,721,642,2,644,6
2020-11-22,Contra Costa,13,1133247,23907,22407,153,22560,260
2020-11-22,Del Norte,15,27424,313,271,0,271,2
2020-11-22,El Dorado,17,186661,2473,1917,22,1939,4
2020-11-22,Fresno,19,978130,40848,36315,1240,37555,488
2020-11-22,Glenn,21,27897,939,832,34,866,4
2020-11-22,Humboldt,23,135768,875,729,1,730,9
2020-11-22,Imperial,25,180216,16038,15109,37,15146,355
2020-11-22,Inyo,27,18085,295,279,1,280,15
2020-11-22,Kern,29,883053,40147,37904,1109,39013,463
2020-11-22,Kings,31,150075,10848,10035,144,10179,85
2020-11-22,Lake,33,64148,939,834,0,834,18
2020-11-22,Lassen,35,31185,1927,1211,5,1216,0
2020-11-22,Los Angeles,37,10098052,383029,360341,5808,366149,7438
2020-11-22,Madera,39,155013,6258,5745,129,5874,56
2020-11-22,Marin,41,260295,7683,7506,27,7533,135
2020-11-22,Mariposa,43,17540,125,95,1,96,2
2020-11-22,Mendocino,45,87422,1450,1285,3,1288,22
2020-11-22,Merced,47,269075,11565,10939,104,11043,169
2020-11-22,Modoc,49,8938,104,87,19,106,0
2020-11-22,Mono,51,14174,494,481,8,489,2
2020-11-22,Monterey,53,433212,14995,13887,257,14144,111
2020-11-22,Napa,55,140530,3132,2778,14,2792,17
2020-11-22,Nevada,57,99092,1248,1052,30,1082,9
2020-11-22,Orange,59,3164182,76916,69913,2345,72258,1546
2020-11-22,Placer,61,380077,6924,5880,127,6007,66
2020-11-22,Plumas,63,18699,201,172,0,172,0
2020-11-22,Riverside,65,2383286,88502,81565,1632,83197,1409
2020-11-22,Sacramento,67,1510023,36289,33421,105,33526,555
2020-11-22,San Benito,69,59416,1807,1704,12,1716,15
2020-11-22,San Bernardino,71,2135413,92457,83505,1118,84623,1224
2020-11-22,San Diego,73,3302833,78675,71649,0,71649,968
2020-11-22,San Francisco,75,870044,15274,14515,103,14618,153
2020-11-22,San Joaquin,77,732212,26170,24619,499,25118,517
2020-11-22,San Luis Obispo,79,281455,6133,5664,100,5764,34
2020-11-22,San Mateo,81,765935,14206,13228,13,13241,170
2020-11-22,Santa Barbara,83,443738,11747,10946,239,11185,137
2020-11-22,Santa Clara,85,1922200,33998,30633,68,30701,434
2020-11-22,Santa Cruz,87,273765,4435,3896,49,3945,25
2020-11-22,Shasta,89,179085,5148,4100,143,4243,43
2020-11-22,Sierra,91,2930,17,13,0,13,0
2020-11-22,Siskiyou,93,43540,586,411,31,442,0
2020-11-22,Solano,95,438530,10211,9363,65,9428,86
2020-11-22,Sonoma,97,501317,12124,11415,51,11466,159
2020-11-22,Stanislaus,99,539301,21399,20223,1368,21591,436
2020-11-22,Sutter,101,95872,3207,2677,10,2687,13
2020-11-22,Tehama,103,63373,1635,1457,22,1479,9
2020-11-22,Trinity,105,12862,181,114,9,123,0
2020-11-22,Tulare,107,460477,20991,19818,1290,21108,314
2020-11-22,Tuolumne,109,53932,994,689,31,720,7
2020-11-22,Ventura,111,848112,19431,18105,632,18737,179
2020-11-22,Yolo,113,214977,4812,4206,16,4222,75
2020-11-22,Yuba,115,75493,1914,1672,9,1681,10
2020-11-21,Alameda,1,1643700,29145,27424,323,27747,444
2020-11-21,Alpine,3,1148,47,41,0,41,0
2020-11-21,Amador,5,37829,489,450,1,451,16
2020-11-21,Butte,7,227075,3963,3664,184,3848,61
2020-11-21,Calaveras,9,45235,460,434,1,435,21
2020-11-21,Colusa,11,21464,712,642,2,644,6
2020-11-21,Contra Costa,13,1133247,23753,22338,151,22489,260
2020-11-21,Del Norte,15,27424,308,271,0,271,2
2020-11-21,El Dorado,17,186661,2424,1900,21,1921,4
2020-11-21,Fresno,19,978130,40593,35973,1207,37180,482
2020-11-21,Glenn,21,27897,934,829,32,861,4
2020-11-21,Humboldt,23,135768,865,728,1,729,9
2020-11-21,Imperial,25,180216,15960,15053,37,15090,355
2020-11-21,Inyo,27,18085,293,283,1,284,15
2020-11-21,Kern,29,883053,39897,37403,1071,38474,463
2020-11-21,Kings,31,150075,10800,10019,139,10158,85
2020-11-21,Lake,33,64148,926,832,0,832,18
2020-11-21,Lassen,35,31185,1859,1211,5,1216,0
2020-11-21,Los Angeles,37,10098052,379864,357754,5653,363407,7428
2020-11-21,Madera,39,155013,6221,5706,129,5835,56
2020-11-21,Marin,41,260295,7660,7488,26,7514,134
2020-11-21,Mariposa,43,17540,125,92,1,93,2
2020-11-21,Mendocino,45,87422,1419,1282,3,1285,22
2020-11-21,Merced,47,269075,11504,10849,103,10952,169
2020-11-21,Modoc,49,8938,100,87,18,105,0
2020-11-21,Mono,51,14174,490,469,8,477,2
2020-11-21,Monterey,53,433212,14897,13886,251,14137,110
2020-11-21,Napa,55,140530,3098,2757,14,2771,17
2020-11-21,Nevada,57,99092,1236,1018,29,1047,9
2020-11-21,Orange,59,3164182,76112,69021,2314,71335,1543
2020-11-21,Placer,61,380077,6812,5778,124,5902,65
2020-11-21,Plumas,63,18699,196,172,0,172,0
2020-11-21,Riverside,65,2383286,87731,80676,1582,82258,1407
2020-11-21,Sacramento,67,1510023,35897,33133,97,33230,548
2020-11-21,San Benito,69,59416,1788,1691,12,1703,15
2020-11-21,San Bernardino,71,2135413,91584,83206,1037,84243,1222
2020-11-21,San Diego,73,3302833,77896,70711,0,70711,966
2020-11-21,San Francisco,75,870044,15171,14445,102,14547,153
2020-11-21,San Joaquin,77,732212,26038,24620,483,25103,517
2020-11-21,San Luis Obispo,79,281455,6081,5618,97,5715,34
2020-11-21,San Mateo,81,765935,14104,13138,13,13151,170
2020-11-21,Santa Barbara,83,443738,11696,10922,236,11158,137
2020-11-21,Santa Clara,85,1922200,33617,30377,65,30442,433
2020-11-21,Santa Cruz,87,273765,4379,3898,48,3946,25
2020-11-21,Shasta,89,179085,5075,4095,140,4235,42
2020-11-21,Sierra,91,2930,17,13,0,13,0
2020-11-21,Siskiyou,93,43540,570,403,31,434,0
2020-11-21,Solano,95,438530,10122,9290,61,9351,86
2020-11-21,Sonoma,97,501317,12049,11394,49,11443,158
2020-11-21,Stanislaus,99,539301,21256,20111,1343,21454,435
2020-11-21,Sutter,101,95872,3147,2615,9,2624,13
2020-11-21,Tehama,103,63373,1615,1435,21,1456,9
2020-11-21,Trinity,105,12862,178,110,8,118,0
2020-11-21,Tulare,107,460477,20866,19752,1256,21008,313
2020-11-21,Tuolumne,109,53932,975,690,31,721,7
2020-11-21,Ventura,111,848112,19268,18040,622,18662,177
2020-11-21,Yolo,113,214977,4736,4147,15,4162,75
2020-11-21,Yuba,115,75493,1882,1643,9,1652,10
2020-11-20,Alameda,1,1643700,28935,27221,315,27536,444
2020-11-20,Alpine,3,1148,47,20,0,20,0
2020-11-20,Amador,5,37829,485,446,1,447,16
2020-11-20,Butte,7,227075,3931,3618,180,3798,60
2020-11-20,Calaveras,9,45235,448,424,1,425,21
2020-11-20,Colusa,11,21464,704,631,1,632,6
2020-11-20,Contra Costa,13,1133247,23567,22116,146,22262,260
2020-11-20,Del Norte,15,27424,304,264,0,264,2
2020-11-20,El Dorado,17,186661,2329,1868,19,1887,4
2020-11-20,Fresno,19,978130,40302,35635,1174,36809,480
2020-11-20,Glenn,21,27897,922,826,30,856,4
2020-11-20,Humboldt,23,135768,856,714,0,714,9
2020-11-20,Imperial,25,180216,15898,14864,33,14897,353
2020-11-20,Inyo,27,18085,291,262,1,263,15
2020-11-20,Kern,29,883053,39605,37143,1045,38188,462
2020-11-20,Kings,31,150075,10753,9903,137,10040,85
2020-11-20,Lake,33,64148,917,820,0,820,18
2020-11-20,Lassen,35,31185,1774,1212,4,1216,0
2020-11-20,Los Angeles,37,10098052,375989,353554,5486,359040,7398
2020-11-20,Madera,39,155013,6129,5635,126,5761,54
2020-11-20,Marin,41,260295,7636,7467,25,7492,134
2020-11-20,Mariposa,43,17540,117,89,1,90,2
2020-11-20,Mendocino,45,87422,1399,1269,3,1272,22
2020-11-20,Merced,47,269075,11418,10729,103,10832,167
2020-11-20,Modoc,49,8938,100,83,18,101,0
2020-11-20,Mono,51,14174,490,469,8,477,2
2020-11-20,Monterey,53,433212,14772,13738,242,13980,110
2020-11-20,Napa,55,140530,3068,2718,14,2732,17
2020-11-20,Nevada,57,99092,1218,990,28,1018,9
2020-11-20,Orange,59,3164182,75285,68212,2272,70484,1532
2020-11-20,Placer,61,380077,6682,5687,108,5795,66
2020-11-20,Plumas,63,18699,193,163,0,163,0
2020-11-20,Riverside,65,2383286,86725,79613,1514,81127,1405
2020-11-20,Sacramento,67,1510023,35517,32832,87,32919,549
2020-11-20,San Benito,69,59416,1776,1668,12,1680,15
2020-11-20,San Bernardino,71,2135413,90216,81203,953,82156,1220
2020-11-20,San Diego,73,3302833,76897,69233,0,69233,960
2020-11-20,San Francisco,75,870044,15067,14327,101,14428,153
2020-11-20,San Joaquin,77,732212,25886,24460,469,24929,515
2020-11-20,San Luis Obispo,79,281455,6027,5524,94,5618,34
2020-11-20,San Mateo,81,765935,13971,12980,12,12992,169
2020-11-20,Santa Barbara,83,443738,11639,10825,230,11055,136
2020-11-20,Santa Clara,85,1922200,33196,30002,59,30061,431
2020-11-20,Santa Cruz,87,273765,4313,3815,48,3863,25
2020-11-20,Shasta,89,179085,5001,3861,135,3996,42
2020-11-20,Sierra,91,2930,17,12,0,12,0
2020-11-20,Siskiyou,93,43540,557,387,29,416,0
2020-11-20,Solano,95,438530,10031,9216,58,9274,85
2020-11-20,Sonoma,97,501317,11965,11316,48,11364,158
2020-11-20,Stanislaus,99,539301,21103,19889,1315,21204,433
2020-11-20,Sutter,101,95872,3098,2580,9,2589,13
2020-11-20,Tehama,103,63373,1601,1410,17,1427,9
2020-11-20,Trinity,105,12862,177,102,8,110,0
2020-11-20,Tulare,107,460477,20735,19568,1215,20783,311
2020-11-20,Tuolumne,109,53932,936,662,31,693,7
2020-11-20,Ventura,111,848112,19101,17741,594,18335,175
2020-11-20,Yolo,113,214977,4658,4081,14,4095,74
2020-11-20,Yuba,115,75493,1854,1611,9,1620,10
2020-11-19,Alameda,1,1643700,28593,26971,306,27277,441
2020-11-19,Alpine,3,1148,44,20,0,20,0
2020-11-19,Amador,5,37829,481,436,1,437,16
2020-11-19,Butte,7,227075,3882,3576,173,3749,60
2020-11-19,Calaveras,9,45235,439,417,1,418,21
2020-11-19,Colusa,11,21464,686,621,1,622,6
2020-11-19,Contra Costa,13,1133247,23297,21886,143,22029,259
2020-11-19,Del Norte,15,27424,296,251,0,251,2
2020-11-19,El Dorado,17,186661,2255,1825,18,1843,4
2020-11-19,Fresno,19,978130,39858,35278,1114,36392,478
2020-11-19,Glenn,21,27897,900,806,29,835,4
2020-11-19,Humboldt,23,135768,836,693,0,693,9
2020-11-19,Imperial,25,180216,15688,14507,33,14540,349
2020-11-19,Inyo,27,18085,289,262,1,263,15
2020-11-19,Kern,29,883053,39186,36779,1000,37779,459
2020-11-19,Kings,31,150075,10606,9763,129,9892,85
2020-11-19,Lake,33,64148,903,809,0,809,18
2020-11-19,Lassen,35,31185,1657,1201,2,1203,0
2020-11-19,Los Angeles,37,10098052,370920,349493,5308,354801,7365
2020-11-19,Madera,39,155013,6057,5540,119,5659,54
2020-11-19,Marin,41,260295,7605,7451,25,7476,134
2020-11-19,Mariposa,43,17540,110,88,0,88,2
2020-11-19,Mendocino,45,87422,1378,1237,3,1240,23
2020-11-19,Merced,47,269075,11277,10634,97,10731,167
2020-11-19,Modoc,49,8938,97,82,18,100,0
2020-11-19,Mono,51,14174,485,468,8,476,2
2020-11-19,Monterey,53,433212,14557,13369,231,13600,108
2020-11-19,Napa,55,140530,3014,2641,14,2655,17
2020-11-19,Nevada,57,99092,1177,945,27,972,9
2020-11-19,Orange,59,3164182,74016,66998,2224,69222,1530
2020-11-19,Placer,61,380077,6492,5612,107,5719,65
2020-11-19,Plumas,63,18699,188,158,0,158,0
2020-11-19,Riverside,65,2383286,85255,78535,1442,79977,1402
2020-11-19,Sacramento,67,1510023,35000,32367,85,32452,546
2020-11-19,San Benito,69,59416,1753,1643,12,1655,15
2020-11-19,San Bernardino,71,2135413,88324,79244,869,80113,1215
2020-11-19,San Diego,73,3302833,75649,68142,0,68142,952
2020-11-19,San Francisco,75,870044,14912,14178,95,14273,153
2020-11-19,San Joaquin,77,732212,25567,24270,457,24727,516
2020-11-19,San Luis Obispo,79,281455,5951,5410,91,5501,34
2020-11-19,San Mateo,81,765935,13833,12714,12,12726,169
2020-11-19,Santa Barbara,83,443738,11559,10741,226,10967,136
2020-11-19,Santa Clara,85,1922200,32638,29630,58,29688,424
2020-11-19,Santa Cruz,87,273765,4222,3679,46,3725,25
2020-11-19,Shasta,89,179085,4864,3685,124,3809,42
2020-11-19,Sierra,91,2930,17,11,0,11,0
2020-11-19,Siskiyou,93,43540,532,360,28,388,0
2020-11-19,Solano,95,438530,9894,9093,54,9147,84
2020-11-19,Sonoma,97,501317,11795,11205,46,11251,156
2020-11-19,Stanislaus,99,539301,20861,19736,1273,21009,433
2020-11-19,Sutter,101,95872,3001,2509,9,2518,13
2020-11-19,Tehama,103,63373,1568,1373,14,1387,9
2020-11-19,Trinity,105,12862,171,97,8,105,0
2020-11-19,Tulare,107,460477,20513,19384,1148,20532,304
2020-11-19,Tuolumne,109,53932,904,602,31,633,7
2020-11-19,Ventura,111,848112,18748,17300,581,17881,174
2020-11-19,Yolo,113,214977,4563,3973,14,3987,72
2020-11-19,Yuba,115,75493,1814,1568,9,1577,10
2020-11-18,Alameda,1,1643700,28331,26610,301,26911,440
2020-11-18,Alpine,3,1148,43,16,0,16,0
2020-11-18,Amador,5,37829,476,430,1,431,16
2020-11-18,Butte,7,227075,3829,3537,160,3697,59
2020-11-18,Calaveras,9,45235,433,409,1,410,21
2020-11-18,Colusa,11,21464,673,611,1,612,6
2020-11-18,Contra Costa,13,1133247,23030,21685,139,21824,258
2020-11-18,Del Norte,15,27424,282,240,0,240,2
2020-11-18,El Dorado,17,186661,2168,1799,17,1816,4
2020-11-18,Fresno,19,978130,39421,34997,1060,36057,474
2020-11-18,Glenn,21,27897,884,803,27,830,4
2020-11-18,Humboldt,23,135768,822,690,0,690,9
2020-11-18,Imperial,25,180216,15465,14428,32,14460,348
2020-11-18,Inyo,27,18085,287,262,1,263,15
2020-11-18,Kern,29,883053,38800,36537,947,37484,456
2020-11-18,Kings,31,150075,10458,9696,126,9822,85
2020-11-18,Lake,33,64148,890,802,0,802,18
2020-11-18,Lassen,35,31185,1557,1124,2,1126,0
2020-11-18,Los Angeles,37,10098052,366205,344675,5115,349790,7338
2020-11-18,Madera,39,155013,5970,5519,107,5626,54
2020-11-18,Marin,41,260295,7581,7435,25,7460,134
2020-11-18,Mariposa,43,17540,107,88,0,88,2
2020-11-18,Mendocino,45,87422,1358,1237,3,1240,23
2020-11-18,Merced,47,269075,11162,10536,95,10631,166
2020-11-18,Modoc,49,8938,94,77,18,95,0
2020-11-18,Mono,51,14174,479,468,8,476,2
2020-11-18,Monterey,53,433212,14365,13340,216,13556,108
2020-11-18,Napa,55,140530,2967,2607,14,2621,17
2020-11-18,Nevada,57,99092,1138,933,25,958,9
2020-11-18,Orange,59,3164182,72922,66381,2200,68581,1521
2020-11-18,Placer,61,380077,6315,5543,102,5645,64
2020-11-18,Plumas,63,18699,183,143,0,143,0
2020-11-18,Riverside,65,2383286,83833,77739,1340,79079,1387
2020-11-18,Sacramento,67,1510023,34376,31816,77,31893,541
2020-11-18,San Benito,69,59416,1728,1632,11,1643,15
2020-11-18,San Bernardino,71,2135413,86570,77400,786,78186,1206
2020-11-18,San Diego,73,3302833,74359,67243,0,67243,945
2020-11-18,San Francisco,75,870044,14768,14057,93,14150,153
2020-11-18,San Joaquin,77,732212,25301,24146,442,24588,517
2020-11-18,San Luis Obispo,79,281455,5876,5322,90,5412,34
2020-11-18,San Mateo,81,765935,13681,12631,11,12642,169
2020-11-18,Santa Barbara,83,443738,11480,10684,219,10903,136
2020-11-18,Santa Clara,85,1922200,32173,29285,53,29338,421
2020-11-18,Santa Cruz,87,273765,4130,3618,44,3662,25
2020-11-18,Shasta,89,179085,4728,3547,120,3667,42
2020-11-18,Sierra,91,2930,17,11,0,11,0
2020-11-18,Siskiyou,93,43540,500,351,27,378,0
2020-11-18,Solano,95,438530,9762,8994,52,9046,84
2020-11-18,Sonoma,97,501317,11688,11129,43,11172,155
2020-11-18,Stanislaus,99,539301,20619,19609,1248,20857,431
2020-11-18,Sutter,101,95872,2885,2442,9,2451,13
2020-11-18,Tehama,103,63373,1529,1338,14,1352,8
2020-11-18,Trinity,105,12862,161,95,8,103,0
2020-11-18,Tulare,107,460477,20307,19286,1093,20379,306
2020-11-18,Tuolumne,109,53932,868,590,31,621,7
2020-11-18,Ventura,111,848112,18422,17169,567,17736,173
2020-11-18,Yolo,113,214977,4489,3929,14,3943,71
2020-11-18,Yuba,115,75493,1761,1540,9,1549,10
2020-11-17,Alameda,1,1643700,28008,26425,291,26716,439
2020-11-17,Alpine,3,1148,41,12,0,12,0
2020-11-17,Amador,5,37829,465,423,1,424,16
2020-11-17,Butte,7,227075,3787,3500,150,3650,59
2020-11-17,Calaveras,9,45235,418,405,1,406,21
2020-11-17,Colusa,11,21464,662,606,0,606,6
2020-11-17,Contra Costa,13,1133247,22757,21557,134,21691,256
2020-11-17,Del Norte,15,27424,277,233,0,233,2
2020-11-17,El Dorado,17,186661,2109,1758,17,1775,4
2020-11-17,Fresno,19,978130,38827,34765,1000,35765,472
2020-11-17,Glenn,21,27897,873,795,26,821,4
2020-11-17,Humboldt,23,135768,800,685,0,685,9
2020-11-17,Imperial,25,180216,15230,14204,31,14235,346
2020-11-17,Inyo,27,18085,286,263,1,264,15
2020-11-17,Kern,29,883053,38350,36164,892,37056,455
2020-11-17,Kings,31,150075,10385,9653,119,9772,85
2020-11-17,Lake,33,64148,870,792,0,792,18
2020-11-17,Lassen,35,31185,1478,1124,2,1126,0
2020-11-17,Los Angeles,37,10098052,361267,340933,4946,345879,7302
2020-11-17,Madera,39,155013,5881,5485,100,5585,54
2020-11-17,Marin,41,260295,7549,7404,24,7428,134
2020-11-17,Mariposa,43,17540,104,87,0,87,2
2020-11-17,Mendocino,45,87422,1337,1216,3,1219,23
2020-11-17,Merced,47,269075,11018,10457,89,10546,162
2020-11-17,Modoc,49,8938,88,71,17,88,0
2020-11-17,Mono,51,14174,477,459,8,467,2
2020-11-17,Monterey,53,433212,14137,13220,205,13425,108
2020-11-17,Napa,55,140530,2913,2568,14,2582,17
2020-11-17,Nevada,57,99092,1097,918,24,942,9
2020-11-17,Orange,59,3164182,71776,65757,2168,67925,1519
2020-11-17,Placer,61,380077,6158,5435,96,5531,63
2020-11-17,Plumas,63,18699,175,142,0,142,0
2020-11-17,Riverside,65,2383286,82457,77079,1247,78326,1379
2020-11-17,Sacramento,67,1510023,33783,31341,73,31414,538
2020-11-17,San Benito,69,59416,1713,1611,4,1615,15
2020-11-17,San Bernardino,71,2135413,84758,76134,692,76826,1188
2020-11-17,San Diego,73,3302833,73108,66321,0,66321,933
2020-11-17,San Francisco,75,870044,14602,13952,92,14044,153
2020-11-17,San Joaquin,77,732212,25027,23997,423,24420,516
2020-11-17,San Luis Obispo,79,281455,5782,5235,90,5325,34
2020-11-17,San Mateo,81,765935,13519,12491,10,12501,169
2020-11-17,Santa Barbara,83,443738,11393,10597,212,10809,136
2020-11-17,Santa Clara,85,1922200,31624,29013,52,29065,419
2020-11-17,Santa Cruz,87,273765,4046,3548,41,3589,25
2020-11-17,Shasta,89,179085,4567,3457,107,3564,40
2020-11-17,Sierra,91,2930,15,11,0,11,0
2020-11-17,Siskiyou,93,43540,452,333,26,359,0
2020-11-17,Solano,95,438530,9617,8905,51,8956,84
2020-11-17,Sonoma,97,501317,11554,11084,41,11125,155
2020-11-17,Stanislaus,99,539301,20396,19466,1219,20685,425
2020-11-17,Sutter,101,95872,2802,2370,8,2378,12
2020-11-17,Tehama,103,63373,1480,1290,13,1303,7
2020-11-17,Trinity,105,12862,149,83,8,91,0
2020-11-17,Tulare,107,460477,20090,19176,1028,20204,305
2020-11-17,Tuolumne,109,53932,830,568,31,599,7
2020-11-17,Ventura,111,848112,18149,16797,548,17345,173
2020-11-17,Yolo,113,214977,4312,3887,13,3900,70
2020-11-17,Yuba,115,75493,1713,1519,9,1528,10
2020-11-16,Alameda,1,1643700,27661,26063,286,26349,436
2020-11-16,Alpine,3,1148,38,12,0,12,0
2020-11-16,Amador,5,37829,457,414,1,415,16
2020-11-16,Butte,7,227075,3748,3490,141,3631,58
2020-11-16,Calaveras,9,45235,411,402,1,403,21
2020-11-16,Colusa,11,21464,653,601,0,601,6
2020-11-16,Contra Costa,13,1133247,22490,21386,129,21515,256
2020-11-16,Del Norte,15,27424,270,225,0,225,2
2020-11-16,El Dorado,17,186661,2048,1694,15,1709,4
2020-11-16,Fresno,19,978130,38343,34593,942,35535,471
2020-11-16,Glenn,21,27897,861,786,25,811,4
2020-11-16,Humboldt,23,135768,782,660,0,660,9
2020-11-16,Imperial,25,180216,14983,14111,31,14142,346
2020-11-16,Inyo,27,18085,283,263,1,264,15
2020-11-16,Kern,29,883053,37959,36049,848,36897,455
2020-11-16,Kings,31,150075,10119,9569,115,9684,85
2020-11-16,Lake,33,64148,858,784,0,784,18
2020-11-16,Lassen,35,31185,1297,1124,2,1126,0
2020-11-16,Los Angeles,37,10098052,356539,338778,4756,343534,7277
2020-11-16,Madera,39,155013,5795,5433,93,5526,54
2020-11-16,Marin,41,260295,7520,7359,24,7383,134
2020-11-16,Mariposa,43,17540,101,86,0,86,2
2020-11-16,Mendocino,45,87422,1312,1209,3,1212,23
2020-11-16,Merced,47,269075,10881,10399,86,10485,162
2020-11-16,Modoc,49,8938,86,71,17,88,0
2020-11-16,Mono,51,14174,475,453,8,461,2
2020-11-16,Monterey,53,433212,13894,13089,192,13281,107
2020-11-16,Napa,55,140530,2837,2536,14,2550,17
2020-11-16,Nevada,57,99092,1054,889,22,911,9
2020-11-16,Orange,59,3164182,70679,65396,2153,67549,1519
2020-11-16,Placer,61,380077,6039,5387,88,5475,63
2020-11-16,Plumas,63,18699,168,127,0,127,0
2020-11-16,Riverside,65,2383286,81090,76449,1179,77628,1379
2020-11-16,Sacramento,67,1510023,33143,30954,66,31020,534
2020-11-16,San Benito,69,59416,1695,1603,3,1606,15
2020-11-16,San Bernardino,71,2135413,82933,74401,620,75021,1186
2020-11-16,San Diego,73,3302833,71800,65603,0,65603,926
2020-11-16,San Francisco,75,870044,14444,13847,89,13936,153
2020-11-16,San Joaquin,77,732212,24740,23515,413,23928,513
2020-11-16,San Luis Obispo,79,281455,5678,5161,85,5246,34
2020-11-16,San Mateo,81,765935,13360,12398,10,12408,169
2020-11-16,Santa Barbara,83,443738,11329,10565,208,10773,135
2020-11-16,Santa Clara,85,1922200,31057,28673,50,28723,419
2020-11-16,Santa Cruz,87,273765,3973,3520,41,3561,25
2020-11-16,Shasta,89,179085,4417,3284,102,3386,37
2020-11-16,Sierra,91,2930,15,11,0,11,0
2020-11-16,Siskiyou,93,43540,425,294,26,320,0
2020-11-16,Solano,95,438530,9419,8827,51,8878,84
2020-11-16,Sonoma,97,501317,11463,10961,40,11001,155
2020-11-16,Stanislaus,99,539301,20160,19333,1191,20524,425
2020-11-16,Sutter,101,95872,2695,2322,8,2330,12
2020-11-16,Tehama,103,63373,1435,1261,9,1270,7
2020-11-16,Trinity,105,12862,141,67,8,75,0
2020-11-16,Tulare,107,460477,19916,18891,971,19862,305
2020-11-16,Tuolumne,109,53932,794,543,31,574,7
2020-11-16,Ventura,111,848112,17812,16691,540,17231,172
2020-11-16,Yolo,113,214977,4215,3858,13,3871,70
2020-11-16,Yuba,115,75493,1677,1500,8,1508,10
2020-11-15,Alameda,1,1643700,27343,25879,280,26159,436
2020-11-15,Alpine,3,1148,36,12,0,12,0
2020-11-15,Amador,5,37829,445,409,1,410,16
2020-11-15,Butte,7,227075,3695,3452,132,3584,58
2020-11-15,Calaveras,9,45235,398,386,1,387,21
2020-11-15,Colusa,11,21464,644,601,0,601,6
2020-11-15,Contra Costa,13,1133247,22191,21179,128,21307,256
2020-11-15,Del Norte,15,27424,254,224,0,224,2
2020-11-15,El Dorado,17,186661,1986,1683,14,1697,4
2020-11-15,Fresno,19,978130,37836,34297,902,35199,471
2020-11-15,Glenn,21,27897,849,783,24,807,4
2020-11-15,Humboldt,23,135768,754,653,0,653,9
2020-11-15,Imperial,25,180216,14746,13940,31,13971,346
2020-11-15,Inyo,27,18085,273,263,1,264,15
2020-11-15,Kern,29,883053,37556,35911,811,36722,455
2020-11-15,Kings,31,150075,9926,9533,111,9644,85
2020-11-15,Lake,33,64148,849,777,0,777,17
2020-11-15,Lassen,35,31185,1249,1124,2,1126,0
2020-11-15,Los Angeles,37,10098052,351511,336035,4574,340609,7271
2020-11-15,Madera,39,155013,5698,5391,87,5478,54
2020-11-15,Marin,41,260295,7494,7347,24,7371,133
2020-11-15,Mariposa,43,17540,98,86,0,86,2
2020-11-15,Mendocino,45,87422,1293,1197,3,1200,22
2020-11-15,Merced,47,269075,10748,10350,86,10436,162
2020-11-15,Modoc,49,8938,85,68,17,85,0
2020-11-15,Mono,51,14174,473,453,8,461,2
2020-11-15,Monterey,53,433212,13697,12999,179,13178,107
2020-11-15,Napa,55,140530,2778,2509,12,2521,17
2020-11-15,Nevada,57,99092,999,859,22,881,9
2020-11-15,Orange,59,3164182,69649,65008,2133,67141,1519
2020-11-15,Placer,61,380077,5885,5330,80,5410,63
2020-11-15,Plumas,63,18699,162,127,0,127,0
2020-11-15,Riverside,65,2383286,79772,75531,1118,76649,1374
2020-11-15,Sacramento,67,1510023,32519,30601,62,30663,534
2020-11-15,San Benito,69,59416,1670,1589,2,1591,15
2020-11-15,San Bernardino,71,2135413,80791,73769,536,74305,1185
2020-11-15,San Diego,73,3302833,70302,64770,0,64770,926
2020-11-15,San Francisco,75,870044,14266,13757,88,13845,153
2020-11-15,San Joaquin,77,732212,24531,23516,397,23913,513
2020-11-15,San Luis Obispo,79,281455,5555,5120,82,5202,34
2020-11-15,San Mateo,81,765935,13183,12348,10,12358,169
2020-11-15,Santa Barbara,83,443738,11234,10516,206,10722,135
2020-11-15,Santa Clara,85,1922200,30603,28289,49,28338,418
2020-11-15,Santa Cruz,87,273765,3835,3439,40,3479,25
2020-11-15,Shasta,89,179085,4243,3290,93,3383,37
2020-11-15,Sierra,91,2930,15,11,0,11,0
2020-11-15,Siskiyou,93,43540,406,294,26,320,0
2020-11-15,Solano,95,438530,9258,8713,48,8761,84
2020-11-15,Sonoma,97,501317,11343,10833,39,10872,154
2020-11-15,Stanislaus,99,539301,19890,19228,1164,20392,425
2020-11-15,Sutter,101,95872,2606,2230,8,2238,12
2020-11-15,Tehama,103,63373,1384,1222,8,1230,7
2020-11-15,Trinity,105,12862,133,67,7,74,0
2020-11-15,Tulare,107,460477,19701,18891,916,19807,305
2020-11-15,Tuolumne,109,53932,753,486,31,517,7
2020-11-15,Ventura,111,848112,17539,16564,532,17096,172
2020-11-15,Yolo,113,214977,4112,3819,12,3831,67
2020-11-15,Yuba,115,75493,1636,1470,7,1477,10
2020-11-14,Alameda,1,1643700,27077,25714,277,25991,435
2020-11-14,Alpine,3,1148,36,12,0,12,0
2020-11-14,Amador,5,37829,436,404,0,404,16
2020-11-14,Butte,7,227075,3659,3434,118,3552,58
2020-11-14,Calaveras,9,45235,397,386,1,387,21
2020-11-14,Colusa,11,21464,632,601,0,601,6
2020-11-14,Contra Costa,13,1133247,22052,20975,121,21096,256
2020-11-14,Del Norte,15,27424,248,219,0,219,2
2020-11-14,El Dorado,17,186661,1942,1648,14,1662,4
2020-11-14,Fresno,19,978130,37586,33969,867,34836,471
2020-11-14,Glenn,21,27897,840,772,21,793,3
2020-11-14,Humboldt,23,135768,739,643,0,643,9
2020-11-14,Imperial,25,180216,14653,13932,30,13962,346
2020-11-14,Inyo,27,18085,272,263,1,264,15
2020-11-14,Kern,29,883053,37346,35626,792,36418,454
2020-11-14,Kings,31,150075,9891,9490,108,9598,85
2020-11-14,Lake,33,64148,840,773,0,773,17
2020-11-14,Lassen,35,31185,1235,833,2,835,0
2020-11-14,Los Angeles,37,10098052,348812,333021,4459,337480,7269
2020-11-14,Madera,39,155013,5668,5371,85,5456,54
2020-11-14,Marin,41,260295,7478,7325,24,7349,133
2020-11-14,Mariposa,43,17540,97,86,0,86,2
2020-11-14,Mendocino,45,87422,1277,1181,3,1184,22
2020-11-14,Merced,47,269075,10692,10286,84,10370,161
2020-11-14,Modoc,49,8938,84,64,16,80,0
2020-11-14,Mono,51,14174,473,453,8,461,2
2020-11-14,Monterey,53,433212,13601,12854,169,13023,105
2020-11-14,Napa,55,140530,2744,2473,12,2485,17
2020-11-14,Nevada,57,99092,983,835,22,857,9
2020-11-14,Orange,59,3164182,69033,64340,2120,66460,1517
2020-11-14,Placer,61,380077,5809,5215,74,5289,63
2020-11-14,Plumas,63,18699,157,128,0,128,0
2020-11-14,Riverside,65,2383286,79034,74910,1077,75987,1373
2020-11-14,Sacramento,67,1510023,32193,30298,61,30359,532
2020-11-14,San Benito,69,59416,1655,1573,2,1575,15
2020-11-14,San Bernardino,71,2135413,79857,72868,503,73371,1184
2020-11-14,San Diego,73,3302833,69537,63715,0,63715,926
2020-11-14,San Francisco,75,870044,14179,13661,87,13748,153
2020-11-14,San Joaquin,77,732212,24440,23516,389,23905,511
2020-11-14,San Luis Obispo,79,281455,5492,5073,76,5149,34
2020-11-14,San Mateo,81,765935,13075,12293,10,12303,169
2020-11-14,Santa Barbara,83,443738,11180,10482,204,10686,135
2020-11-14,Santa Clara,85,1922200,30319,27962,47,28009,416
2020-11-14,Santa Cruz,87,273765,3780,3402,40,3442,25
2020-11-14,Shasta,89,179085,4158,3195,91,3286,37
2020-11-14,Sierra,91,2930,15,11,0,11,0
2020-11-14,Siskiyou,93,43540,393,292,26,318,0
2020-11-14,Solano,95,438530,9178,8655,47,8702,84
2020-11-14,Sonoma,97,501317,11290,10769,39,10808,154
2020-11-14,Stanislaus,99,539301,19748,19068,1142,20210,424
2020-11-14,Sutter,101,95872,2563,2182,8,2190,12
2020-11-14,Tehama,103,63373,1363,1206,7,1213,7
2020-11-14,Trinity,105,12862,128,67,7,74,0
2020-11-14,Tulare,107,460477,19607,18853,887,19740,305
2020-11-14,Tuolumne,109,53932,725,448,31,479,7
2020-11-14,Ventura,111,848112,17394,16297,520,16817,172
2020-11-14,Yolo,113,214977,4070,3765,10,3775,65
2020-11-14,Yuba,115,75493,1607,1453,7,1460,10
2020-11-13,Alameda,1,1643700,26860,25515,272,25787,434
2020-11-13,Alpine,3,1148,36,12,0,12,0
2020-11-13,Amador,5,37829,433,397,0,397,16
2020-11-13,Butte,7,227075,3635,3402,109,3511,58
2020-11-13,Calaveras,9,45235,393,378,1,379,21
2020-11-13,Colusa,11,21464,624,598,0,598,6
2020-11-13,Contra Costa,13,1133247,21880,20799,121,20920,256
2020-11-13,Del Norte,15,27424,246,208,0,208,2
2020-11-13,El Dorado,17,186661,1897,1611,13,1624,4
2020-11-13,Fresno,19,978130,37339,33693,853,34546,470
2020-11-13,Glenn,21,27897,826,755,17,772,3
2020-11-13,Humboldt,23,135768,724,638,0,638,9
2020-11-13,Imperial,25,180216,14583,13790,29,13819,341
2020-11-13,Inyo,27,18085,271,262,1,263,15
2020-11-13,Kern,29,883053,37145,35431,775,36206,453
2020-11-13,Kings,31,150075,9832,9428,107,9535,85
2020-11-13,Lake,33,64148,834,770,0,770,17
2020-11-13,Lassen,35,31185,1226,832,2,834,0
2020-11-13,Los Angeles,37,10098052,345692,329364,4345,333709,7248
2020-11-13,Madera,39,155013,5628,5340,84,5424,54
2020-11-13,Marin,41,260295,7465,7307,23,7330,133
2020-11-13,Mariposa,43,17540,95,86,0,86,2
2020-11-13,Mendocino,45,87422,1265,1173,3,1176,22
2020-11-13,Merced,47,269075,10637,10185,81,10266,159
2020-11-13,Modoc,49,8938,84,63,14,77,0
2020-11-13,Mono,51,14174,473,448,7,455,2
2020-11-13,Monterey,53,433212,13406,12681,157,12838,104
2020-11-13,Napa,55,140530,2705,2440,12,2452,17
2020-11-13,Nevada,57,99092,964,798,22,820,9
2020-11-13,Orange,59,3164182,68433,63804,2101,65905,1514
2020-11-13,Placer,61,380077,5705,5122,68,5190,63
2020-11-13,Plumas,63,18699,151,125,0,125,0
2020-11-13,Riverside,65,2383286,78296,74138,1049,75187,1372
2020-11-13,Sacramento,67,1510023,31876,29787,56,29843,524
2020-11-13,San Benito,69,59416,1643,1553,1,1554,15
2020-11-13,San Bernardino,71,2135413,78809,71895,481,72376,1184
2020-11-13,San Diego,73,3302833,68690,62978,0,62978,921
2020-11-13,San Francisco,75,870044,14086,13516,85,13601,146
2020-11-13,San Joaquin,77,732212,24345,23314,382,23696,510
2020-11-13,San Luis Obispo,79,281455,5425,4960,72,5032,34
2020-11-13,San Mateo,81,765935,12982,12182,10,12192,169
2020-11-13,Santa Barbara,83,443738,11128,10405,202,10607,134
2020-11-13,Santa Clara,85,1922200,29994,27609,45,27654,415
2020-11-13,Santa Cruz,87,273765,3707,3343,40,3383,25
2020-11-13,Shasta,89,179085,4073,2983,87,3070,37
2020-11-13,Sierra,91,2930,15,11,0,11,0
2020-11-13,Siskiyou,93,43540,388,280,25,305,0
2020-11-13,Solano,95,438530,9087,8525,47,8572,84
2020-11-13,Sonoma,97,501317,11230,10685,37,10722,151
2020-11-13,Stanislaus,99,539301,19625,18936,1112,20048,422
2020-11-13,Sutter,101,95872,2517,2121,7,2128,12
2020-11-13,Tehama,103,63373,1335,1167,7,1174,7
2020-11-13,Trinity,105,12862,126,64,7,71,0
2020-11-13,Tulare,107,460477,19485,18714,844,19558,305
2020-11-13,Tuolumne,109,53932,692,427,31,458,7
2020-11-13,Ventura,111,848112,17250,16172,504,16676,171
2020-11-13,Yolo,113,214977,4019,3716,10,3726,65
2020-11-13,Yuba,115,75493,1580,1435,7,1442,10
2020-11-12,Alameda,1,1643700,26593,25345,272,25617,432
2020-11-12,Alpine,3,1148,35,12,0,12,0
2020-11-12,Amador,5,37829,432,392,0,392,16
2020-11-12,Butte,7,227075,3586,3347,106,3453,58
2020-11-12,Calaveras,9,45235,388,373,1,374,21
2020-11-12,Colusa,11,21464,619,591,0,591,6
2020-11-12,Contra Costa,13,1133247,21672,20619,119,20738,255
2020-11-12,Del Norte,15,27424,239,203,0,203,2
2020-11-12,El Dorado,17,186661,1851,1573,9,1582,4
2020-11-12,Fresno,19,978130,36995,33459,810,34269,468
2020-11-12,Glenn,21,27897,807,727,17,744,3
2020-11-12,Humboldt,23,135768,711,625,0,625,9
2020-11-12,Imperial,25,180216,14418,13619,29,13648,341
2020-11-12,Inyo,27,18085,270,255,1,256,15
2020-11-12,Kern,29,883053,36881,35207,758,35965,451
2020-11-12,Kings,31,150075,9767,9335,104,9439,85
2020-11-12,Lake,33,64148,825,764,0,764,17
2020-11-12,Lassen,35,31185,1157,832,1,833,0
2020-11-12,Los Angeles,37,10098052,341953,327001,4242,331243,7223
2020-11-12,Madera,39,155013,5594,5273,79,5352,54
2020-11-12,Marin,41,260295,7436,7268,23,7291,133
2020-11-12,Mariposa,43,17540,93,84,0,84,2
2020-11-12,Mendocino,45,87422,1246,1142,3,1145,22
2020-11-12,Merced,47,269075,10523,10107,77,10184,158
2020-11-12,Modoc,49,8938,84,63,14,77,0
2020-11-12,Mono,51,14174,472,442,7,449,2
2020-11-12,Monterey,53,433212,13286,12489,142,12631,100
2020-11-12,Napa,55,140530,2643,2398,12,2410,16
2020-11-12,Nevada,57,99092,941,780,21,801,9
2020-11-12,Orange,59,3164182,67690,63232,2080,65312,1514
2020-11-12,Placer,61,380077,5596,5044,58,5102,62
2020-11-12,Plumas,63,18699,147,121,0,121,0
2020-11-12,Riverside,65,2383286,77371,73381,1003,74384,1362
2020-11-12,Sacramento,67,1510023,31387,29459,49,29508,520
2020-11-12,San Benito,69,59416,1623,1525,1,1526,15
2020-11-12,San Bernardino,71,2135413,77442,70758,441,71199,1183
2020-11-12,San Diego,73,3302833,67711,62336,0,62336,918
2020-11-12,San Francisco,75,870044,13987,13289,84,13373,146
2020-11-12,San Joaquin,77,732212,24152,23002,360,23362,509
2020-11-12,San Luis Obispo,79,281455,5361,4898,71,4969,33
2020-11-12,San Mateo,81,765935,12859,12086,9,12095,169
2020-11-12,Santa Barbara,83,443738,11066,10325,196,10521,134
2020-11-12,Santa Clara,85,1922200,29619,27261,44,27305,414
2020-11-12,Santa Cruz,87,273765,3624,3317,38,3355,25
2020-11-12,Shasta,89,179085,3935,2825,76,2901,37
2020-11-12,Sierra,91,2930,15,11,0,11,0
2020-11-12,Siskiyou,93,43540,371,275,20,295,0
2020-11-12,Solano,95,438530,8987,8417,46,8463,85
2020-11-12,Sonoma,97,501317,11128,10602,36,10638,151
2020-11-12,Stanislaus,99,539301,19462,18787,1080,19867,422
2020-11-12,Sutter,101,95872,2433,2075,7,2082,12
2020-11-12,Tehama,103,63373,1308,1117,7,1124,7
2020-11-12,Trinity,105,12862,119,62,7,69,0
2020-11-12,Tulare,107,460477,19373,18545,807,19352,305
2020-11-12,Tuolumne,109,53932,653,353,31,384,7
2020-11-12,Ventura,111,848112,17001,16013,497,16510,158
2020-11-12,Yolo,113,214977,3975,3646,10,3656,63
2020-11-12,Yuba,115,75493,1545,1410,7,1417,10
2020-11-11,Alameda,1,1643700,26351,25140,270,25410,429
2020-11-11,Alpine,3,1148,30,12,0,12,0
2020-11-11,Amador,5,37829,425,389,0,389,16
2020-11-11,Butte,7,227075,3561,3348,92,3440,58
2020-11-11,Calaveras,9,45235,378,373,1,374,21
2020-11-11,Colusa,11,21464,613,591,0,591,6
2020-11-11,Contra Costa,13,1133247,21453,20452,117,20569,255
2020-11-11,Del Norte,15,27424,232,203,0,203,2
2020-11-11,El Dorado,17,186661,1805,1564,8,1572,4
2020-11-11,Fresno,19,978130,36676,33287,776,34063,468
2020-11-11,Glenn,21,27897,791,722,16,738,3
2020-11-11,Humboldt,23,135768,697,623,0,623,9
2020-11-11,Imperial,25,180216,14247,13623,26,13649,340
2020-11-11,Inyo,27,18085,268,255,1,256,15
2020-11-11,Kern,29,883053,36607,35014,740,35754,449
2020-11-11,Kings,31,150075,9661,9263,101,9364,85
2020-11-11,Lake,33,64148,815,763,0,763,17
2020-11-11,Lassen,35,31185,1132,831,1,832,0
2020-11-11,Los Angeles,37,10098052,338600,324567,4148,328715,7220
2020-11-11,Madera,39,155013,5560,5248,76,5324,54
2020-11-11,Marin,41,260295,7413,7268,23,7291,133
2020-11-11,Mariposa,43,17540,93,84,0,84,2
2020-11-11,Mendocino,45,87422,1234,1142,3,1145,22
2020-11-11,Merced,47,269075,10452,10074,75,10149,157
2020-11-11,Modoc,49,8938,80,62,13,75,0
2020-11-11,Mono,51,14174,471,443,7,450,2
2020-11-11,Monterey,53,433212,13144,12417,138,12555,100
2020-11-11,Napa,55,140530,2594,2365,9,2374,15
2020-11-11,Nevada,57,99092,899,741,21,762,9
2020-11-11,Orange,59,3164182,67052,62929,2057,64986,1506
2020-11-11,Placer,61,380077,5513,4981,50,5031,60
2020-11-11,Plumas,63,18699,145,111,0,111,0
2020-11-11,Riverside,65,2383286,76470,72953,957,73910,1361
2020-11-11,Sacramento,67,1510023,30933,28968,47,29015,520
2020-11-11,San Benito,69,59416,1609,1512,1,1513,15
2020-11-11,San Bernardino,71,2135413,76158,70374,411,70785,1182
2020-11-11,San Diego,73,3302833,66776,61746,0,61746,918
2020-11-11,San Francisco,75,870044,13879,13287,82,13369,146
2020-11-11,San Joaquin,77,732212,23993,23001,354,23355,509
2020-11-11,San Luis Obispo,79,281455,5286,4832,68,4900,33
2020-11-11,San Mateo,81,765935,12743,12008,9,12017,169
2020-11-11,Santa Barbara,83,443738,11001,10278,196,10474,134
2020-11-11,Santa Clara,85,1922200,29266,27075,42,27117,413
2020-11-11,Santa Cruz,87,273765,3556,3247,38,3285,25
2020-11-11,Shasta,89,179085,3812,2766,66,2832,36
2020-11-11,Sierra,91,2930,13,11,0,11,0
2020-11-11,Siskiyou,93,43540,340,261,17,278,0
2020-11-11,Solano,95,438530,8870,8353,43,8396,85
2020-11-11,Sonoma,97,501317,11054,10498,36,10534,150
2020-11-11,Stanislaus,99,539301,19324,18671,1048,19719,422
2020-11-11,Sutter,101,95872,2386,2049,6,2055,12
2020-11-11,Tehama,103,63373,1266,1105,6,1111,7
2020-11-11,Trinity,105,12862,110,62,7,69,0
2020-11-11,Tulare,107,460477,19245,18500,775,19275,305
2020-11-11,Tuolumne,109,53932,597,354,31,385,7
2020-11-11,Ventura,111,848112,16786,15801,483,16284,158
2020-11-11,Yolo,113,214977,3924,3606,10,3616,63
2020-11-11,Yuba,115,75493,1530,1400,7,1407,10
2020-11-10,Alameda,1,1643700,26120,25008,267,25275,424
2020-11-10,Alpine,3,1148,30,9,0,9,0
2020-11-10,Amador,5,37829,419,384,0,384,16
2020-11-10,Butte,7,227075,3525,3327,88,3415,58
2020-11-10,Calaveras,9,45235,373,367,1,368,21
2020-11-10,Colusa,11,21464,606,590,0,590,6
2020-11-10,Contra Costa,13,1133247,21247,20326,114,20440,255
2020-11-10,Del Norte,15,27424,226,196,0,196,2
2020-11-10,El Dorado,17,186661,1744,1551,8,1559,4
2020-11-10,Fresno,19,978130,36409,33024,737,33761,465
2020-11-10,Glenn,21,27897,783,719,12,731,3
2020-11-10,Humboldt,23,135768,680,610,0,610,9
2020-11-10,Imperial,25,180216,14117,13570,25,13595,338
2020-11-10,Inyo,27,18085,267,252,1,253,14
2020-11-10,Kern,29,883053,36330,34858,721,35579,448
2020-11-10,Kings,31,150075,9614,9236,94,9330,85
2020-11-10,Lake,33,64148,805,762,0,762,16
2020-11-10,Lassen,35,31185,1118,830,1,831,0
2020-11-10,Los Angeles,37,10098052,335356,322569,4029,326598,7205
2020-11-10,Madera,39,155013,5518,5229,70,5299,54
2020-11-10,Marin,41,260295,7394,7259,23,7282,133
2020-11-10,Mariposa,43,17540,91,84,0,84,2
2020-11-10,Mendocino,45,87422,1226,1137,3,1140,22
2020-11-10,Merced,47,269075,10391,9992,68,10060,157
2020-11-10,Modoc,49,8938,78,61,13,74,0
2020-11-10,Mono,51,14174,469,443,7,450,2
2020-11-10,Monterey,53,433212,13006,12335,130,12465,100
2020-11-10,Napa,55,140530,2556,2341,7,2348,15
2020-11-10,Nevada,57,99092,883,734,21,755,9
2020-11-10,Orange,59,3164182,66501,62597,2046,64643,1504
2020-11-10,Placer,61,380077,5433,4902,49,4951,60
2020-11-10,Plumas,63,18699,141,108,0,108,0
2020-11-10,Riverside,65,2383286,75829,72316,931,73247,1359
2020-11-10,Sacramento,67,1510023,30523,28677,44,28721,519
2020-11-10,San Benito,69,59416,1594,1508,1,1509,15
2020-11-10,San Bernardino,71,2135413,74990,69666,376,70042,1182
2020-11-10,San Diego,73,3302833,65887,61085,0,61085,915
2020-11-10,San Francisco,75,870044,13762,13210,82,13292,146
2020-11-10,San Joaquin,77,732212,23829,22865,347,23212,508
2020-11-10,San Luis Obispo,79,281455,5224,4780,64,4844,33
2020-11-10,San Mateo,81,765935,12643,11939,9,11948,169
2020-11-10,Santa Barbara,83,443738,10934,10252,192,10444,134
2020-11-10,Santa Clara,85,1922200,28925,26917,40,26957,409
2020-11-10,Santa Cruz,87,273765,3492,3221,38,3259,25
2020-11-10,Shasta,89,179085,3670,2686,58,2744,36
2020-11-10,Sierra,91,2930,12,10,0,10,0
2020-11-10,Siskiyou,93,43540,324,263,16,279,0
2020-11-10,Solano,95,438530,8772,8299,43,8342,85
2020-11-10,Sonoma,97,501317,10968,10414,36,10450,150
2020-11-10,Stanislaus,99,539301,19191,18592,1024,19616,420
2020-11-10,Sutter,101,95872,2291,2035,5,2040,12
2020-11-10,Tehama,103,63373,1240,1099,5,1104,7
2020-11-10,Trinity,105,12862,101,62,6,68,0
2020-11-10,Tulare,107,460477,19131,18430,751,19181,305
2020-11-10,Tuolumne,109,53932,550,353,29,382,7
2020-11-10,Ventura,111,848112,16603,15625,481,16106,158
2020-11-10,Yolo,113,214977,3862,3573,10,3583,63
2020-11-10,Yuba,115,75493,1507,1392,7,1399,10
2020-11-09,Alameda,1,1643700,25871,24899,263,25162,424
2020-11-09,Alpine,3,1148,28,6,0,6,0
2020-11-09,Amador,5,37829,410,380,0,380,16
2020-11-09,Butte,7,227075,3480,3301,78,3379,57
2020-11-09,Calaveras,9,45235,369,360,1,361,21
2020-11-09,Colusa,11,21464,600,583,0,583,6
2020-11-09,Contra Costa,13,1133247,21074,20193,112,20305,255
2020-11-09,Del Norte,15,27424,220,195,0,195,2
2020-11-09,El Dorado,17,186661,1703,1515,8,1523,4
2020-11-09,Fresno,19,978130,36101,32755,692,33447,465
2020-11-09,Glenn,21,27897,777,714,9,723,3
2020-11-09,Humboldt,23,135768,667,607,0,607,9
2020-11-09,Imperial,25,180216,14000,13508,24,13532,338
2020-11-09,Inyo,27,18085,267,252,1,253,14
2020-11-09,Kern,29,883053,36102,34764,682,35446,448
2020-11-09,Kings,31,150075,9544,9141,92,9233,84
2020-11-09,Lake,33,64148,796,755,0,755,16
2020-11-09,Lassen,35,31185,1023,799,1,800,0
2020-11-09,Los Angeles,37,10098052,332267,320370,3948,324318,7180
2020-11-09,Madera,39,155013,5472,5209,67,5276,54
2020-11-09,Marin,41,260295,7368,7237,22,7259,131
2020-11-09,Mariposa,43,17540,91,84,0,84,2
2020-11-09,Mendocino,45,87422,1214,1132,3,1135,22
2020-11-09,Merced,47,269075,10288,9922,65,9987,157
2020-11-09,Modoc,49,8938,74,54,12,66,0
2020-11-09,Mono,51,14174,466,352,7,359,2
2020-11-09,Monterey,53,433212,12860,12148,122,12270,98
2020-11-09,Napa,55,140530,2513,2309,7,2316,15
2020-11-09,Nevada,57,99092,846,729,20,749,9
2020-11-09,Orange,59,3164182,65859,62335,2034,64369,1501
2020-11-09,Placer,61,380077,5349,4843,38,4881,60
2020-11-09,Plumas,63,18699,134,102,0,102,0
2020-11-09,Riverside,65,2383286,75048,72059,897,72956,1346
2020-11-09,Sacramento,67,1510023,30052,28200,44,28244,516
2020-11-09,San Benito,69,59416,1585,1506,1,1507,15
2020-11-09,San Bernardino,71,2135413,73937,69015,335,69350,1182
2020-11-09,San Diego,73,3302833,65032,60572,0,60572,908
2020-11-09,San Francisco,75,870044,13643,12984,79,13063,146
2020-11-09,San Joaquin,77,732212,23664,22512,341,22853,505
2020-11-09,San Luis Obispo,79,281455,5142,4746,61,4807,32
2020-11-09,San Mateo,81,765935,12536,11857,9,11866,169
2020-11-09,Santa Barbara,83,443738,10877,10214,186,10400,134
2020-11-09,Santa Clara,85,1922200,28530,26693,40,26733,409
2020-11-09,Santa Cruz,87,273765,3434,3194,38,3232,25
2020-11-09,Shasta,89,179085,3513,2581,49,2630,36
2020-11-09,Sierra,91,2930,10,10,0,10,0
2020-11-09,Siskiyou,93,43540,313,257,14,271,0
2020-11-09,Solano,95,438530,8656,8254,42,8296,85
2020-11-09,Sonoma,97,501317,10860,10310,36,10346,150
2020-11-09,Stanislaus,99,539301,19041,18482,1005,19487,418
2020-11-09,Sutter,101,95872,2223,2010,4,2014,12
2020-11-09,Tehama,103,63373,1204,1071,4,1075,7
2020-11-09,Trinity,105,12862,97,46,6,52,0
2020-11-09,Tulare,107,460477,19011,18272,719,18991,304
2020-11-09,Tuolumne,109,53932,496,346,27,373,7
2020-11-09,Ventura,111,848112,16401,15568,478,16046,156
2020-11-09,Yolo,113,214977,3801,3522,10,3532,62
2020-11-09,Yuba,115,75493,1474,1380,7,1387,10
2020-11-08,Alameda,1,1643700,25643,24731,263,24994,424
2020-11-08,Alpine,3,1148,25,6,0,6,0
2020-11-08,Amador,5,37829,403,376,0,376,16
2020-11-08,Butte,7,227075,3442,3285,72,3357,57
2020-11-08,Calaveras,9,45235,367,360,1,361,21
2020-11-08,Colusa,11,21464,597,583,0,583,6
2020-11-08,Contra Costa,13,1133247,20904,20031,110,20141,254
2020-11-08,Del Norte,15,27424,211,195,0,195,2
2020-11-08,El Dorado,17,186661,1665,1502,8,1510,4
2020-11-08,Fresno,19,978130,35769,32619,654,33273,465
2020-11-08,Glenn,21,27897,771,707,8,715,3
2020-11-08,Humboldt,23,135768,651,605,0,605,9
2020-11-08,Imperial,25,180216,13884,13428,24,13452,338
2020-11-08,Inyo,27,18085,263,252,1,253,14
2020-11-08,Kern,29,883053,35884,34644,664,35308,448
2020-11-08,Kings,31,150075,9411,9026,89,9115,84
2020-11-08,Lake,33,64148,788,754,0,754,16
2020-11-08,Lassen,35,31185,875,799,1,800,0
2020-11-08,Los Angeles,37,10098052,329146,318960,3874,322834,7176
2020-11-08,Madera,39,155013,5404,5196,64,5260,54
2020-11-08,Marin,41,260295,7348,7227,22,7249,131
2020-11-08,Mariposa,43,17540,91,83,0,83,2
2020-11-08,Mendocino,45,87422,1205,1129,3,1132,22
2020-11-08,Merced,47,269075,10213,9885,62,9947,157
2020-11-08,Modoc,49,8938,70,54,12,66,0
2020-11-08,Mono,51,14174,460,352,7,359,2
2020-11-08,Monterey,53,433212,12716,12122,110,12232,98
2020-11-08,Napa,55,140530,2473,2274,7,2281,15
2020-11-08,Nevada,57,99092,830,715,20,735,9
2020-11-08,Orange,59,3164182,65275,62034,2020,64054,1501
2020-11-08,Placer,61,380077,5247,4800,33,4833,60
2020-11-08,Plumas,63,18699,129,102,0,102,0
2020-11-08,Riverside,65,2383286,74397,71442,853,72295,1345
2020-11-08,Sacramento,67,1510023,29492,28059,40,28099,515
2020-11-08,San Benito,69,59416,1570,1496,1,1497,15
2020-11-08,San Bernardino,71,2135413,72697,68412,296,68708,1182
2020-11-08,San Diego,73,3302833,64187,60199,0,60199,908
2020-11-08,San Francisco,75,870044,13512,12985,74,13059,146
2020-11-08,San Joaquin,77,732212,23472,22514,335,22849,505
2020-11-08,San Luis Obispo,79,281455,5076,4698,56,4754,32
2020-11-08,San Mateo,81,765935,12417,11783,9,11792,169
2020-11-08,Santa Barbara,83,443738,10807,10180,184,10364,134
2020-11-08,Santa Clara,85,1922200,28157,26442,39,26481,410
2020-11-08,Santa Cruz,87,273765,3377,3134,38,3172,25
2020-11-08,Shasta,89,179085,3377,2582,43,2625,36
2020-11-08,Sierra,91,2930,10,7,0,7,0
2020-11-08,Siskiyou,93,43540,301,246,13,259,0
2020-11-08,Solano,95,438530,8535,8132,41,8173,85
2020-11-08,Sonoma,97,501317,10753,10229,36,10265,149
2020-11-08,Stanislaus,99,539301,18869,18413,982,19395,418
2020-11-08,Sutter,101,95872,2166,1980,4,1984,12
2020-11-08,Tehama,103,63373,1180,1054,4,1058,7
2020-11-08,Trinity,105,12862,94,46,6,52,0
2020-11-08,Tulare,107,460477,18871,18272,686,18958,304
2020-11-08,Tuolumne,109,53932,469,341,27,368,7
2020-11-08,Ventura,111,848112,16207,15504,470,15974,156
2020-11-08,Yolo,113,214977,3738,3492,10,3502,61
2020-11-08,Yuba,115,75493,1453,1369,7,1376,10
2020-11-07,Alameda,1,1643700,25534,24578,261,24839,424
2020-11-07,Alpine,3,1148,25,6,0,6,0
2020-11-07,Amador,5,37829,400,375,0,375,16
2020-11-07,Butte,7,227075,3430,3277,67,3344,57
2020-11-07,Calaveras,9,45235,365,360,1,361,21
2020-11-07,Colusa,11,21464,597,583,0,583,6
2020-11-07,Contra Costa,13,1133247,20802,19943,109,20052,254
2020-11-07,Del Norte,15,27424,207,194,0,194,2
2020-11-07,El Dorado,17,186661,1640,1495,7,1502,4
2020-11-07,Fresno,19,978130,35616,32497,632,33129,465
2020-11-07,Glenn,21,27897,763,707,8,715,3
2020-11-07,Humboldt,23,135768,640,590,0,590,9
2020-11-07,Imperial,25,180216,13826,13388,23,13411,338
2020-11-07,Inyo,27,18085,261,252,1,253,14
2020-11-07,Kern,29,883053,35730,34513,653,35166,448
2020-11-07,Kings,31,150075,9378,9005,83,9088,84
2020-11-07,Lake,33,64148,784,751,0,751,16
2020-11-07,Lassen,35,31185,859,799,1,800,0
2020-11-07,Los Angeles,37,10098052,327645,316756,3798,320554,7174
2020-11-07,Madera,39,155013,5382,5177,62,5239,54
2020-11-07,Marin,41,260295,7337,7215,22,7237,131
2020-11-07,Mariposa,43,17540,91,81,0,81,2
2020-11-07,Mendocino,45,87422,1195,1118,3,1121,22
2020-11-07,Merced,47,269075,10181,9855,58,9913,157
2020-11-07,Modoc,49,8938,70,51,12,63,0
2020-11-07,Mono,51,14174,457,352,7,359,2
2020-11-07,Monterey,53,433212,12647,12030,106,12136,98
2020-11-07,Napa,55,140530,2443,2260,6,2266,15
2020-11-07,Nevada,57,99092,814,710,20,730,9
2020-11-07,Orange,59,3164182,64989,62038,2013,64051,1505
2020-11-07,Placer,61,380077,5185,4745,33,4778,60
2020-11-07,Plumas,63,18699,127,94,0,94,0
2020-11-07,Riverside,65,2383286,74004,71153,823,71976,1345
2020-11-07,Sacramento,67,1510023,29241,27773,40,27813,515
2020-11-07,San Benito,69,59416,1558,1489,1,1490,15
2020-11-07,San Bernardino,71,2135413,72183,67935,285,68220,1182
2020-11-07,San Diego,73,3302833,63675,59682,0,59682,909
2020-11-07,San Francisco,75,870044,13453,12980,73,13053,146
2020-11-07,San Joaquin,77,732212,23364,22517,328,22845,505
2020-11-07,San Luis Obispo,79,281455,5027,4668,53,4721,32
2020-11-07,San Mateo,81,765935,12354,11711,9,11720,169
2020-11-07,Santa Barbara,83,443738,10765,10157,182,10339,134
2020-11-07,Santa Clara,85,1922200,27953,26244,38,26282,410
2020-11-07,Santa Cruz,87,273765,3339,3130,38,3168,25
2020-11-07,Shasta,89,179085,3309,2547,41,2588,36
2020-11-07,Sierra,91,2930,10,7,0,7,0
2020-11-07,Siskiyou,93,43540,297,241,13,254,0
2020-11-07,Solano,95,438530,8483,8066,41,8107,85
2020-11-07,Sonoma,97,501317,10707,10200,36,10236,149
2020-11-07,Stanislaus,99,539301,18761,18386,964,19350,418
2020-11-07,Sutter,101,95872,2126,1973,4,1977,12
2020-11-07,Tehama,103,63373,1156,1043,4,1047,7
2020-11-07,Trinity,105,12862,94,42,5,47,0
2020-11-07,Tulare,107,460477,18816,18229,668,18897,304
2020-11-07,Tuolumne,109,53932,458,327,27,354,7
2020-11-07,Ventura,111,848112,16147,15364,465,15829,156
2020-11-07,Yolo,113,214977,3707,3486,10,3496,61
2020-11-07,Yuba,115,75493,1438,1349,7,1356,10
2020-11-06,Alameda,1,1643700,25402,24389,259,24648,420
2020-11-06,Alpine,3,1148,25,6,0,6,0
2020-11-06,Amador,5,37829,398,369,0,369,16
2020-11-06,Butte,7,227075,3405,3254,59,3313,57
2020-11-06,Calaveras,9,45235,364,359,1,360,21
2020-11-06,Colusa,11,21464,595,580,0,580,6
2020-11-06,Contra Costa,13,1133247,20653,19744,109,19853,252
2020-11-06,Del Norte,15,27424,204,194,0,194,2
2020-11-06,El Dorado,17,186661,1614,1475,7,1482,4
2020-11-06,Fresno,19,978130,35428,32278,615,32893,460
2020-11-06,Glenn,21,27897,757,707,7,714,3
2020-11-06,Humboldt,23,135768,637,587,0,587,9
2020-11-06,Imperial,25,180216,13773,13230,23,13253,338
2020-11-06,Inyo,27,18085,259,246,1,247,14
2020-11-06,Kern,29,883053,35567,34360,634,34994,443
2020-11-06,Kings,31,150075,9355,8883,80,8963,83
2020-11-06,Lake,33,64148,783,741,0,741,16
2020-11-06,Lassen,35,31185,851,794,1,795,0
2020-11-06,Los Angeles,37,10098052,325681,314356,3742,318098,7160
2020-11-06,Madera,39,155013,5366,5136,61,5197,54
2020-11-06,Marin,41,260295,7316,7184,22,7206,131
2020-11-06,Mariposa,43,17540,90,79,0,79,2
2020-11-06,Mendocino,45,87422,1190,1113,3,1116,22
2020-11-06,Merced,47,269075,10142,9778,54,9832,157
2020-11-06,Modoc,49,8938,70,48,12,60,0
2020-11-06,Mono,51,14174,452,308,7,315,1
2020-11-06,Monterey,53,433212,12529,11914,105,12019,96
2020-11-06,Napa,55,140530,2418,2189,6,2195,15
2020-11-06,Nevada,57,99092,801,692,19,711,9
2020-11-06,Orange,59,3164182,64687,61049,2004,63053,1494
2020-11-06,Placer,61,380077,5111,4680,33,4713,60
2020-11-06,Plumas,63,18699,122,90,0,90,0
2020-11-06,Riverside,65,2383286,73557,70409,779,71188,1341
2020-11-06,Sacramento,67,1510023,28951,27489,38,27527,514
2020-11-06,San Benito,69,59416,1549,1479,1,1480,15
2020-11-06,San Bernardino,71,2135413,71589,66740,264,67004,1179
2020-11-06,San Diego,73,3302833,63152,59143,0,59143,907
2020-11-06,San Francisco,75,870044,13384,12825,71,12896,146
2020-11-06,San Joaquin,77,732212,23278,22424,318,22742,502
2020-11-06,San Luis Obispo,79,281455,4964,4531,47,4578,32
2020-11-06,San Mateo,81,765935,12280,11587,9,11596,168
2020-11-06,Santa Barbara,83,443738,10729,10118,177,10295,133
2020-11-06,Santa Clara,85,1922200,27710,25831,38,25869,402
2020-11-06,Santa Cruz,87,273765,3302,3063,38,3101,25
2020-11-06,Shasta,89,179085,3237,2475,39,2514,35
2020-11-06,Sierra,91,2930,9,7,0,7,0
2020-11-06,Siskiyou,93,43540,284,237,12,249,0
2020-11-06,Solano,95,438530,8418,7959,41,8000,85
2020-11-06,Sonoma,97,501317,10657,10142,36,10178,149
2020-11-06,Stanislaus,99,539301,18673,18250,955,19205,417
2020-11-06,Sutter,101,95872,2099,1937,2,1939,12
2020-11-06,Tehama,103,63373,1135,1024,4,1028,6
2020-11-06,Trinity,105,12862,91,41,5,46,0
2020-11-06,Tulare,107,460477,18754,18136,641,18777,300
2020-11-06,Tuolumne,109,53932,437,316,27,343,5
2020-11-06,Ventura,111,848112,16061,15222,462,15684,154
2020-11-06,Yolo,113,214977,3678,3420,9,3429,62
2020-11-06,Yuba,115,75493,1425,1335,7,1342,10
2020-11-05,Alameda,1,1643700,25224,24270,259,24529,420
2020-11-05,Alpine,3,1148,25,6,0,6,0
2020-11-05,Amador,5,37829,395,363,0,363,16
2020-11-05,Butte,7,227075,3382,3239,53,3292,57
2020-11-05,Calaveras,9,45235,357,333,1,334,19
2020-11-05,Colusa,11,21464,591,574,0,574,6
2020-11-05,Contra Costa,13,1133247,20471,19656,107,19763,252
2020-11-05,Del Norte,15,27424,202,192,0,192,2
2020-11-05,El Dorado,17,186661,1590,1466,7,1473,4
2020-11-05,Fresno,19,978130,35194,32056,593,32649,460
2020-11-05,Glenn,21,27897,737,702,7,709,3
2020-11-05,Humboldt,23,135768,626,581,0,581,9
2020-11-05,Imperial,25,180216,13681,13178,21,13199,337
2020-11-05,Inyo,27,18085,259,247,1,248,14
2020-11-05,Kern,29,883053,35367,34232,620,34852,443
2020-11-05,Kings,31,150075,9200,8846,77,8923,83
2020-11-05,Lake,33,64148,779,739,0,739,16
2020-11-05,Lassen,35,31185,820,782,1,783,0
2020-11-05,Los Angeles,37,10098052,323329,312381,3686,316067,7146
2020-11-05,Madera,39,155013,5329,5129,58,5187,54
2020-11-05,Marin,41,260295,7294,7171,22,7193,131
2020-11-05,Mariposa,43,17540,89,79,0,79,2
2020-11-05,Mendocino,45,87422,1178,1112,3,1115,22
2020-11-05,Merced,47,269075,10083,9753,49,9802,155
2020-11-05,Modoc,49,8938,69,47,11,58,0
2020-11-05,Mono,51,14174,450,307,7,314,1
2020-11-05,Monterey,53,433212,12421,11784,101,11885,96
2020-11-05,Napa,55,140530,2391,2158,6,2164,15
2020-11-05,Nevada,57,99092,779,687,18,705,9
2020-11-05,Orange,59,3164182,64242,60740,1994,62734,1484
2020-11-05,Placer,61,380077,5044,4627,28,4655,60
2020-11-05,Plumas,63,18699,114,90,0,90,0
2020-11-05,Riverside,65,2383286,72847,70094,720,70814,1338
2020-11-05,Sacramento,67,1510023,28568,27232,37,27269,512
2020-11-05,San Benito,69,59416,1534,1477,1,1478,15
2020-11-05,San Bernardino,71,2135413,70761,66407,248,66655,1174
2020-11-05,San Diego,73,3302833,62526,58659,0,58659,904
2020-11-05,San Francisco,75,870044,13272,12726,70,12796,146
2020-11-05,San Joaquin,77,732212,23115,22318,313,22631,502
2020-11-05,San Luis Obispo,79,281455,4896,4459,45,4504,32
2020-11-05,San Mateo,81,765935,12186,11535,9,11544,168
2020-11-05,Santa Barbara,83,443738,10685,10080,171,10251,133
2020-11-05,Santa Clara,85,1922200,27442,25651,38,25689,402
2020-11-05,Santa Cruz,87,273765,3264,3023,38,3061,25
2020-11-05,Shasta,89,179085,3146,2401,38,2439,34
2020-11-05,Sierra,91,2930,9,6,0,6,0
2020-11-05,Siskiyou,93,43540,273,228,12,240,0
2020-11-05,Solano,95,438530,8335,7842,41,7883,85
2020-11-05,Sonoma,97,501317,10545,10064,35,10099,145
2020-11-05,Stanislaus,99,539301,18560,18194,942,19136,417
2020-11-05,Sutter,101,95872,2067,1925,2,1927,12
2020-11-05,Tehama,103,63373,1113,1015,4,1019,6
2020-11-05,Trinity,105,12862,77,41,5,46,0
2020-11-05,Tulare,107,460477,18670,18049,608,18657,301
2020-11-05,Tuolumne,109,53932,408,312,27,339,5
2020-11-05,Ventura,111,848112,15895,15113,451,15564,155
2020-11-05,Yolo,113,214977,3628,3391,9,3400,61
2020-11-05,Yuba,115,75493,1407,1322,7,1329,10
2020-11-04,Alameda,1,1643700,25046,24172,257,24429,418
2020-11-04,Alpine,3,1148,21,5,0,5,0
2020-11-04,Amador,5,37829,392,362,0,362,16
2020-11-04,Butte,7,227075,3356,3218,50,3268,57
2020-11-04,Calaveras,9,45235,354,290,1,291,19
2020-11-04,Colusa,11,21464,589,571,0,571,6
2020-11-04,Contra Costa,13,1133247,20306,19472,103,19575,251
2020-11-04,Del Norte,15,27424,198,188,0,188,2
2020-11-04,El Dorado,17,186661,1575,1448,4,1452,4
2020-11-04,Fresno,19,978130,34966,31952,564,32516,457
2020-11-04,Glenn,21,27897,733,701,6,707,3
2020-11-04,Humboldt,23,135768,618,571,0,571,9
2020-11-04,Imperial,25,180216,13583,13087,21,13108,335
2020-11-04,Inyo,27,18085,258,247,1,248,14
2020-11-04,Kern,29,883053,35214,34027,608,34635,439
2020-11-04,Kings,31,150075,9166,8817,75,8892,83
2020-11-04,Lake,33,64148,772,735,0,735,16
2020-11-04,Lassen,35,31185,815,781,1,782,0
2020-11-04,Los Angeles,37,10098052,321029,310456,3597,314053,7124
2020-11-04,Madera,39,155013,5309,5083,54,5137,54
2020-11-04,Marin,41,260295,7283,7157,22,7179,131
2020-11-04,Mariposa,43,17540,89,79,0,79,2
2020-11-04,Mendocino,45,87422,1160,1089,3,1092,22
2020-11-04,Merced,47,269075,10033,9717,47,9764,153
2020-11-04,Modoc,49,8938,59,47,11,58,0
2020-11-04,Mono,51,14174,447,237,6,243,1
2020-11-04,Monterey,53,433212,12217,11743,94,11837,96
2020-11-04,Napa,55,140530,2337,2133,6,2139,15
2020-11-04,Nevada,57,99092,760,675,18,693,9
2020-11-04,Orange,59,3164182,63810,60463,1970,62433,1483
2020-11-04,Placer,61,380077,4966,4526,25,4551,60
2020-11-04,Plumas,63,18699,112,88,0,88,0
2020-11-04,Riverside,65,2383286,72232,69562,659,70221,1335
2020-11-04,Sacramento,67,1510023,28221,27005,36,27041,510
2020-11-04,San Benito,69,59416,1519,1464,1,1465,15
2020-11-04,San Bernardino,71,2135413,69966,65891,223,66114,1169
2020-11-04,San Diego,73,3302833,61881,58126,0,58126,904
2020-11-04,San Francisco,75,870044,13189,12649,67,12716,146
2020-11-04,San Joaquin,77,732212,22978,22197,300,22497,500
2020-11-04,San Luis Obispo,79,281455,4829,4389,43,4432,32
2020-11-04,San Mateo,81,765935,12091,11456,9,11465,168
2020-11-04,Santa Barbara,83,443738,10647,10026,170,10196,132
2020-11-04,Santa Clara,85,1922200,27181,25487,38,25525,393
2020-11-04,Santa Cruz,87,273765,3227,2997,38,3035,25
2020-11-04,Shasta,89,179085,3015,2321,33,2354,34
2020-11-04,Sierra,91,2930,9,6,0,6,0
2020-11-04,Siskiyou,93,43540,264,222,12,234,0
2020-11-04,Solano,95,438530,8236,7733,41,7774,85
2020-11-04,Sonoma,97,501317,10451,9965,35,10000,142
2020-11-04,Stanislaus,99,539301,18444,18114,926,19040,416
2020-11-04,Sutter,101,95872,2033,1916,2,1918,12
2020-11-04,Tehama,103,63373,1089,997,4,1001,6
2020-11-04,Trinity,105,12862,75,37,5,42,0
2020-11-04,Tulare,107,460477,18562,17952,580,18532,298
2020-11-04,Tuolumne,109,53932,386,310,27,337,5
2020-11-04,Ventura,111,848112,15755,14936,447,15383,155
2020-11-04,Yolo,113,214977,3587,3361,9,3370,62
2020-11-04,Yuba,115,75493,1386,1312,7,1319,10
2020-11-03,Alameda,1,1643700,24862,24055,255,24310,418
2020-11-03,Alpine,3,1148,20,4,0,4,0
2020-11-03,Amador,5,37829,387,361,0,361,16
2020-11-03,Butte,7,227075,3333,3211,44,3255,57
2020-11-03,Calaveras,9,45235,350,287,1,288,19
2020-11-03,Colusa,11,21464,584,572,0,572,6
2020-11-03,Contra Costa,13,1133247,20151,19416,103,19519,250
2020-11-03,Del Norte,15,27424,197,187,0,187,2
2020-11-03,El Dorado,17,186661,1553,1445,3,1448,4
2020-11-03,Fresno,19,978130,34703,31856,537,32393,457
2020-11-03,Glenn,21,27897,727,698,6,704,3
2020-11-03,Humboldt,23,135768,612,570,0,570,8
2020-11-03,Imperial,25,180216,13494,13044,19,13063,335
2020-11-03,Inyo,27,18085,257,244,1,245,14
2020-11-03,Kern,29,883053,35024,33957,596,34553,439
2020-11-03,Kings,31,150075,9003,8783,70,8853,83
2020-11-03,Lake,33,64148,762,732,0,732,16
2020-11-03,Lassen,35,31185,806,782,1,783,0
2020-11-03,Los Angeles,37,10098052,318579,308812,3522,312334,7104
2020-11-03,Madera,39,155013,5273,5058,53,5111,54
2020-11-03,Marin,41,260295,7263,7147,21,7168,131
2020-11-03,Mariposa,43,17540,88,79,0,79,2
2020-11-03,Mendocino,45,87422,1145,1084,3,1087,22
2020-11-03,Merced,47,269075,9981,9713,46,9759,153
2020-11-03,Modoc,49,8938,57,47,9,56,0
2020-11-03,Mono,51,14174,443,210,6,216,1
2020-11-03,Monterey,53,433212,12149,11703,87,11790,94
2020-11-03,Napa,55,140530,2301,2130,6,2136,15
2020-11-03,Nevada,57,99092,740,670,17,687,9
2020-11-03,Orange,59,3164182,63383,60283,1958,62241,1477
2020-11-03,Placer,61,380077,4892,4514,25,4539,60
2020-11-03,Plumas,63,18699,109,86,0,86,0
2020-11-03,Riverside,65,2383286,71617,69300,632,69932,1325
2020-11-03,Sacramento,67,1510023,27839,26841,35,26876,510
2020-11-03,San Benito,69,59416,1509,1463,1,1464,15
2020-11-03,San Bernardino,71,2135413,69157,65320,219,65539,1159
2020-11-03,San Diego,73,3302833,61206,57722,0,57722,901
2020-11-03,San Francisco,75,870044,13066,12585,66,12651,146
2020-11-03,San Joaquin,77,732212,22844,22109,294,22403,500
2020-11-03,San Luis Obispo,79,281455,4745,4371,41,4412,32
2020-11-03,San Mateo,81,765935,11997,11406,9,11415,162
2020-11-03,Santa Barbara,83,443738,10593,10008,164,10172,132
2020-11-03,Santa Clara,85,1922200,26906,25386,37,25423,393
2020-11-03,Santa Cruz,87,273765,3177,2980,37,3017,25
2020-11-03,Shasta,89,179085,2920,2288,27,2315,33
2020-11-03,Sierra,91,2930,7,6,0,6,0
2020-11-03,Siskiyou,93,43540,260,219,11,230,0
2020-11-03,Solano,95,438530,8153,7691,41,7732,85
2020-11-03,Sonoma,97,501317,10349,9906,35,9941,142
2020-11-03,Stanislaus,99,539301,18326,18080,913,18993,416
2020-11-03,Sutter,101,95872,2000,1914,2,1916,12
2020-11-03,Tehama,103,63373,1068,988,4,992,6
2020-11-03,Trinity,105,12862,69,36,4,40,0
2020-11-03,Tulare,107,460477,18459,17890,552,18442,297
2020-11-03,Tuolumne,109,53932,363,302,27,329,5
2020-11-03,Ventura,111,848112,15628,14816,440,15256,155
2020-11-03,Yolo,113,214977,3536,3343,9,3352,61
2020-11-03,Yuba,115,75493,1373,1295,7,1302,10
2020-11-02,Alameda,1,1643700,24666,23991,252,24243,419
2020-11-02,Alpine,3,1148,17,4,0,4,0
2020-11-02,Amador,5,37829,379,357,0,357,16
2020-11-02,Butte,7,227075,3313,3198,41,3239,57
2020-11-02,Calaveras,9,45235,350,282,1,283,18
2020-11-02,Colusa,11,21464,579,571,0,571,6
2020-11-02,Contra Costa,13,1133247,19997,19339,102,19441,250
2020-11-02,Del Norte,15,27424,194,175,0,175,2
2020-11-02,El Dorado,17,186661,1529,1405,3,1408,4
2020-11-02,Fresno,19,978130,34437,31738,520,32258,451
2020-11-02,Glenn,21,27897,721,692,5,697,3
2020-11-02,Humboldt,23,135768,603,569,0,569,8
2020-11-02,Imperial,25,180216,13414,13004,18,13022,334
2020-11-02,Inyo,27,18085,254,243,1,244,14
2020-11-02,Kern,29,883053,34868,33834,586,34420,437
2020-11-02,Kings,31,150075,8973,8654,67,8721,82
2020-11-02,Lake,33,64148,756,728,0,728,17
2020-11-02,Lassen,35,31185,798,782,1,783,0
2020-11-02,Los Angeles,37,10098052,316236,307620,3441,311061,7079
2020-11-02,Madera,39,155013,5243,5033,52,5085,54
2020-11-02,Marin,41,260295,7245,7132,20,7152,125
2020-11-02,Mariposa,43,17540,88,79,0,79,2
2020-11-02,Mendocino,45,87422,1131,1076,3,1079,21
2020-11-02,Merced,47,269075,9919,9664,40,9704,152
2020-11-02,Modoc,49,8938,54,45,5,50,0
2020-11-02,Mono,51,14174,441,211,6,217,1
2020-11-02,Monterey,53,433212,12042,11602,84,11686,93
2020-11-02,Napa,55,140530,2259,2081,6,2087,15
2020-11-02,Nevada,57,99092,724,656,17,673,9
2020-11-02,Orange,59,3164182,62981,59996,1940,61936,1474
2020-11-02,Placer,61,380077,4823,4461,23,4484,60
2020-11-02,Plumas,63,18699,101,86,0,86,0
2020-11-02,Riverside,65,2383286,70986,68833,591,69424,1321
2020-11-02,Sacramento,67,1510023,27499,26676,33,26709,508
2020-11-02,San Benito,69,59416,1497,1459,1,1460,15
2020-11-02,San Bernardino,71,2135413,68300,64629,212,64841,1157
2020-11-02,San Diego,73,3302833,60483,57429,0,57429,891
2020-11-02,San Francisco,75,870044,12969,12436,65,12501,145
2020-11-02,San Joaquin,77,732212,22705,21919,285,22204,500
2020-11-02,San Luis Obispo,79,281455,4644,4303,38,4341,31
2020-11-02,San Mateo,81,765935,11888,11328,9,11337,161
2020-11-02,Santa Barbara,83,443738,10552,9985,159,10144,130
2020-11-02,Santa Clara,85,1922200,26617,25222,37,25259,387
2020-11-02,Santa Cruz,87,273765,3135,2943,37,2980,25
2020-11-02,Shasta,89,179085,2815,2174,23,2197,33
2020-11-02,Sierra,91,2930,7,6,0,6,0
2020-11-02,Siskiyou,93,43540,250,216,11,227,0
2020-11-02,Solano,95,438530,8035,7665,41,7706,84
2020-11-02,Sonoma,97,501317,10265,9796,34,9830,140
2020-11-02,Stanislaus,99,539301,18230,18005,904,18909,412
2020-11-02,Sutter,101,95872,1976,1895,2,1897,12
2020-11-02,Tehama,103,63373,1045,971,4,975,6
2020-11-02,Trinity,105,12862,65,30,4,34,0
2020-11-02,Tulare,107,460477,18369,17774,530,18304,299
2020-11-02,Tuolumne,109,53932,343,302,27,329,5
2020-11-02,Ventura,111,848112,15493,14767,420,15187,156
2020-11-02,Yolo,113,214977,3487,3318,9,3327,61
2020-11-02,Yuba,115,75493,1360,1280,7,1287,10
2020-11-01,Alameda,1,1643700,24505,23892,250,24142,419
2020-11-01,Alpine,3,1148,11,4,0,4,0
2020-11-01,Amador,5,37829,376,352,0,352,16
2020-11-01,Butte,7,227075,3290,3185,39,3224,57
2020-11-01,Calaveras,9,45235,349,282,1,283,18
2020-11-01,Colusa,11,21464,577,567,0,567,6
2020-11-01,Contra Costa,13,1133247,19823,19246,101,19347,250
2020-11-01,Del Norte,15,27424,190,175,0,175,2
2020-11-01,El Dorado,17,186661,1513,1394,3,1397,4
2020-11-01,Fresno,19,978130,34183,31613,503,32116,451
2020-11-01,Glenn,21,27897,712,688,3,691,3
2020-11-01,Humboldt,23,135768,595,568,0,568,8
2020-11-01,Imperial,25,180216,13323,12969,16,12985,334
2020-11-01,Inyo,27,18085,252,241,1,242,14
2020-11-01,Kern,29,883053,34688,33760,472,34232,437
2020-11-01,Kings,31,150075,8935,8641,66,8707,82
2020-11-01,Lake,33,64148,750,727,0,727,17
2020-11-01,Lassen,35,31185,798,782,1,783,0
2020-11-01,Los Angeles,37,10098052,313676,306217,3342,309559,7077
2020-11-01,Madera,39,155013,5196,5019,50,5069,54
2020-11-01,Marin,41,260295,7228,7124,20,7144,125
2020-11-01,Mariposa,43,17540,84,79,0,79,2
2020-11-01,Mendocino,45,87422,1118,1074,3,1077,21
2020-11-01,Merced,47,269075,9858,9626,40,9666,152
2020-11-01,Modoc,49,8938,53,45,5,50,0
2020-11-01,Mono,51,14174,411,211,5,216,1
2020-11-01,Monterey,53,433212,11934,11587,81,11668,93
2020-11-01,Napa,55,140530,2225,2067,6,2073,15
2020-11-01,Nevada,57,99092,708,646,16,662,9
2020-11-01,Orange,59,3164182,62579,59733,1912,61645,1475
2020-11-01,Placer,61,380077,4759,4422,22,4444,58
2020-11-01,Plumas,63,18699,96,86,0,86,0
2020-11-01,Riverside,65,2383286,70358,68493,555,69048,1319
2020-11-01,Sacramento,67,1510023,27181,26442,33,26475,508
2020-11-01,San Benito,69,59416,1482,1451,1,1452,15
2020-11-01,San Bernardino,71,2135413,67460,64339,190,64529,1157
2020-11-01,San Diego,73,3302833,59796,57122,0,57122,891
2020-11-01,San Francisco,75,870044,12847,12436,60,12496,145
2020-11-01,San Joaquin,77,732212,22578,21919,278,22197,500
2020-11-01,San Luis Obispo,79,281455,4564,4303,37,4340,31
2020-11-01,San Mateo,81,765935,11808,11280,9,11289,160
2020-11-01,Santa Barbara,83,443738,10502,9969,142,10111,130
2020-11-01,Santa Clara,85,1922200,26340,25090,37,25127,386
2020-11-01,Santa Cruz,87,273765,3082,2921,37,2958,25
2020-11-01,Shasta,89,179085,2679,2172,22,2194,33
2020-11-01,Sierra,91,2930,7,6,0,6,0
2020-11-01,Siskiyou,93,43540,245,205,11,216,0
2020-11-01,Solano,95,438530,7945,7591,41,7632,84
2020-11-01,Sonoma,97,501317,10173,9688,34,9722,140
2020-11-01,Stanislaus,99,539301,18129,17961,884,18845,412
2020-11-01,Sutter,101,95872,1950,1888,1,1889,12
2020-11-01,Tehama,103,63373,1028,965,4,969,5
2020-11-01,Trinity,105,12862,63,30,4,34,0
2020-11-01,Tulare,107,460477,18257,17774,499,18273,299
2020-11-01,Tuolumne,109,53932,321,295,27,322,5
2020-11-01,Ventura,111,848112,15347,14686,385,15071,156
2020-11-01,Yolo,113,214977,3438,3303,9,3312,60
2020-11-01,Yuba,115,75493,1343,1273,7,1280,10
2020-10-31,Alameda,1,1643700,24390,23780,246,24026,416
2020-10-31,Alpine,3,1148,11,4,0,4,0
2020-10-31,Amador,5,37829,372,347,0,347,16
2020-10-31,Butte,7,227075,3277,3172,37,3209,57
2020-10-31,Calaveras,9,45235,349,280,1,281,18
2020-10-31,Colusa,11,21464,575,555,0,555,6
2020-10-31,Contra Costa,13,1133247,19717,19161,101,19262,249
2020-10-31,Del Norte,15,27424,189,175,0,175,2
2020-10-31,El Dorado,17,186661,1504,1390,3,1393,4
2020-10-31,Fresno,19,978130,34047,31558,499,32057,451
2020-10-31,Glenn,21,27897,710,678,3,681,3
2020-10-31,Humboldt,23,135768,592,561,0,561,8
2020-10-31,Imperial,25,180216,13281,12912,16,12928,334
2020-10-31,Inyo,27,18085,251,241,1,242,14
2020-10-31,Kern,29,883053,34586,33666,461,34127,437
2020-10-31,Kings,31,150075,8914,8612,64,8676,82
2020-10-31,Lake,33,64148,746,724,0,724,16
2020-10-31,Lassen,35,31185,793,782,1,783,0
2020-10-31,Los Angeles,37,10098052,312308,304704,3297,308001,7073
2020-10-31,Madera,39,155013,5179,5013,47,5060,54
2020-10-31,Marin,41,260295,7212,7112,20,7132,125
2020-10-31,Mariposa,43,17540,84,79,0,79,2
2020-10-31,Mendocino,45,87422,1110,1066,3,1069,21
2020-10-31,Merced,47,269075,9825,9597,39,9636,151
2020-10-31,Modoc,49,8938,52,34,4,38,0
2020-10-31,Mono,51,14174,262,194,4,198,1
2020-10-31,Monterey,53,433212,11866,11539,77,11616,93
2020-10-31,Napa,55,140530,2206,2040,6,2046,15
2020-10-31,Nevada,57,99092,690,644,16,660,9
2020-10-31,Orange,59,3164182,62320,59488,1894,61382,1473
2020-10-31,Placer,61,380077,4710,4374,21,4395,58
2020-10-31,Plumas,63,18699,95,85,0,85,0
2020-10-31,Riverside,65,2383286,70002,68178,532,68710,1319
2020-10-31,Sacramento,67,1510023,26981,26316,31,26347,507
2020-10-31,San Benito,69,59416,1475,1448,1,1449,15
2020-10-31,San Bernardino,71,2135413,67035,64016,180,64196,1157
2020-10-31,San Diego,73,3302833,59343,56769,0,56769,891
2020-10-31,San Francisco,75,870044,12774,12438,59,12497,145
2020-10-31,San Joaquin,77,732212,22503,21918,268,22186,500
2020-10-31,San Luis Obispo,79,281455,4495,4285,34,4319,31
2020-10-31,San Mateo,81,765935,11756,11253,9,11262,160
2020-10-31,Santa Barbara,83,443738,10474,9957,134,10091,130
2020-10-31,Santa Clara,85,1922200,26172,24957,37,24994,379
2020-10-31,Santa Cruz,87,273765,3047,2895,36,2931,25
2020-10-31,Shasta,89,179085,2629,2122,21,2143,33
2020-10-31,Sierra,91,2930,7,6,0,6,0
2020-10-31,Siskiyou,93,43540,243,200,11,211,0
2020-10-31,Solano,95,438530,7881,7545,41,7586,84
2020-10-31,Sonoma,97,501317,10120,9648,34,9682,140
2020-10-31,Stanislaus,99,539301,18067,17920,867,18787,412
2020-10-31,Sutter,101,95872,1941,1876,1,1877,12
2020-10-31,Tehama,103,63373,1018,953,4,957,5
2020-10-31,Trinity,105,12862,60,30,4,34,0
2020-10-31,Tulare,107,460477,18208,17758,491,18249,299
2020-10-31,Tuolumne,109,53932,315,290,27,317,5
2020-10-31,Ventura,111,848112,15264,14635,366,15001,155
2020-10-31,Yolo,113,214977,3403,3290,9,3299,60
2020-10-31,Yuba,115,75493,1327,1260,6,1266,10
2020-10-30,Alameda,1,1643700,24311,23676,243,23919,401
2020-10-30,Alpine,3,1148,11,4,0,4,0
2020-10-30,Amador,5,37829,372,344,0,344,16
2020-10-30,Butte,7,227075,3272,3160,37,3197,57
2020-10-30,Calaveras,9,45235,348,279,1,280,18
2020-10-30,Colusa,11,21464,573,554,0,554,6
2020-10-30,Contra Costa,13,1133247,19645,19074,101,19175,249
2020-10-30,Del Norte,15,27424,188,175,0,175,2
2020-10-30,El Dorado,17,186661,1491,1386,3,1389,4
2020-10-30,Fresno,19,978130,33927,31409,491,31900,446
2020-10-30,Glenn,21,27897,704,674,2,676,3
2020-10-30,Humboldt,23,135768,591,561,0,561,7
2020-10-30,Imperial,25,180216,13240,12853,16,12869,334
2020-10-30,Inyo,27,18085,250,241,1,242,14
2020-10-30,Kern,29,883053,34493,33583,460,34043,437
2020-10-30,Kings,31,150075,8904,8564,62,8626,82
2020-10-30,Lake,33,64148,746,720,0,720,16
2020-10-30,Lassen,35,31185,787,777,1,778,0
2020-10-30,Los Angeles,37,10098052,310875,303425,3258,306683,7060
2020-10-30,Madera,39,155013,5167,4991,45,5036,54
2020-10-30,Marin,41,260295,7192,7097,20,7117,125
2020-10-30,Mariposa,43,17540,84,78,0,78,2
2020-10-30,Mendocino,45,87422,1108,1062,3,1065,21
2020-10-30,Merced,47,269075,9793,9539,39,9578,150
2020-10-30,Modoc,49,8938,51,34,3,37,0
2020-10-30,Mono,51,14174,261,193,4,197,1
2020-10-30,Monterey,53,433212,11804,11491,71,11562,92
2020-10-30,Napa,55,140530,2188,2028,6,2034,15
2020-10-30,Nevada,57,99092,684,634,16,650,9
2020-10-30,Orange,59,3164182,62079,59334,1881,61215,1469
2020-10-30,Placer,61,380077,4663,4335,21,4356,58
2020-10-30,Plumas,63,18699,92,80,0,80,0
2020-10-30,Riverside,65,2383286,69661,67752,512,68264,1317
2020-10-30,Sacramento,67,1510023,26834,26147,31,26178,505
2020-10-30,San Benito,69,59416,1469,1440,1,1441,15
2020-10-30,San Bernardino,71,2135413,66619,63512,179,63691,1156
2020-10-30,San Diego,73,3302833,58938,56387,0,56387,888
2020-10-30,San Francisco,75,870044,12720,12384,59,12443,145
2020-10-30,San Joaquin,77,732212,22437,21849,261,22110,500
2020-10-30,San Luis Obispo,79,281455,4452,4256,34,4290,31
2020-10-30,San Mateo,81,765935,11697,11207,9,11216,159
2020-10-30,Santa Barbara,83,443738,10451,9937,132,10069,128
2020-10-30,Santa Clara,85,1922200,26023,24811,37,24848,378
2020-10-30,Santa Cruz,87,273765,3029,2874,36,2910,25
2020-10-30,Shasta,89,179085,2585,2048,20,2068,32
2020-10-30,Sierra,91,2930,7,6,0,6,0
2020-10-30,Siskiyou,93,43540,243,192,11,203,0
2020-10-30,Solano,95,438530,7820,7497,41,7538,84
2020-10-30,Sonoma,97,501317,10046,9602,33,9635,140
2020-10-30,Stanislaus,99,539301,18021,17861,850,18711,410
2020-10-30,Sutter,101,95872,1928,1860,1,1861,12
2020-10-30,Tehama,103,63373,1014,932,4,936,5
2020-10-30,Trinity,105,12862,60,29,4,33,0
2020-10-30,Tulare,107,460477,18165,17682,473,18155,299
2020-10-30,Tuolumne,109,53932,308,286,27,313,4
2020-10-30,Ventura,111,848112,15193,14578,351,14929,154
2020-10-30,Yolo,113,214977,3386,3263,9,3272,60
2020-10-30,Yuba,115,75493,1319,1256,6,1262,10
2020-10-29,Alameda,1,1643700,24148,23530,242,23772,401
2020-10-29,Alpine,3,1148,8,4,0,4,0
2020-10-29,Amador,5,37829,368,338,0,338,16
2020-10-29,Butte,7,227075,3254,3143,37,3180,57
2020-10-29,Calaveras,9,45235,346,278,1,279,13
2020-10-29,Colusa,11,21464,569,552,0,552,6
2020-10-29,Contra Costa,13,1133247,19546,18933,100,19033,249
2020-10-29,Del Norte,15,27424,186,174,0,174,2
2020-10-29,El Dorado,17,186661,1469,1370,3,1373,4
2020-10-29,Fresno,19,978130,33772,31321,483,31804,445
2020-10-29,Glenn,21,27897,702,673,2,675,3
2020-10-29,Humboldt,23,135768,586,559,0,559,7
2020-10-29,Imperial,25,180216,13196,12769,16,12785,334
2020-10-29,Inyo,27,18085,248,238,1,239,14
2020-10-29,Kern,29,883053,34392,33460,455,33915,437
2020-10-29,Kings,31,150075,8750,8502,61,8563,82
2020-10-29,Lake,33,64148,743,702,0,702,16
2020-10-29,Lassen,35,31185,786,772,1,773,0
2020-10-29,Los Angeles,37,10098052,309256,302246,3205,305451,7046
2020-10-29,Madera,39,155013,5138,4970,43,5013,53
2020-10-29,Marin,41,260295,7179,7083,20,7103,125
2020-10-29,Mariposa,43,17540,82,78,0,78,2
2020-10-29,Mendocino,45,87422,1102,1058,3,1061,21
2020-10-29,Merced,47,269075,9740,9496,39,9535,150
2020-10-29,Modoc,49,8938,49,31,3,34,0
2020-10-29,Mono,51,14174,254,176,4,180,1
2020-10-29,Monterey,53,433212,11723,11425,69,11494,92
2020-10-29,Napa,55,140530,2164,2009,6,2015,15
2020-10-29,Nevada,57,99092,678,632,16,648,9
2020-10-29,Orange,59,3164182,61811,59046,1860,60906,1464
2020-10-29,Placer,61,380077,4618,4270,19,4289,58
2020-10-29,Plumas,63,18699,90,69,0,69,0
2020-10-29,Riverside,65,2383286,69286,67268,483,67751,1304
2020-10-29,Sacramento,67,1510023,26622,25978,30,26008,507
2020-10-29,San Benito,69,59416,1464,1431,1,1432,15
2020-10-29,San Bernardino,71,2135413,66051,62968,169,63137,1150
2020-10-29,San Diego,73,3302833,58474,55916,0,55916,885
2020-10-29,San Francisco,75,870044,12641,12312,59,12371,145
2020-10-29,San Joaquin,77,732212,22354,21736,248,21984,498
2020-10-29,San Luis Obispo,79,281455,4423,4223,32,4255,31
2020-10-29,San Mateo,81,765935,11651,11145,9,11154,157
2020-10-29,Santa Barbara,83,443738,10418,9902,130,10032,128
2020-10-29,Santa Clara,85,1922200,25871,24614,37,24651,377
2020-10-29,Santa Cruz,87,273765,3005,2850,36,2886,24
2020-10-29,Shasta,89,179085,2522,2008,20,2028,32
2020-10-29,Sierra,91,2930,6,6,0,6,0
2020-10-29,Siskiyou,93,43540,227,185,11,196,0
2020-10-29,Solano,95,438530,7757,7453,41,7494,78
2020-10-29,Sonoma,97,501317,9982,9533,33,9566,140
2020-10-29,Stanislaus,99,539301,17968,17790,828,18618,410
2020-10-29,Sutter,101,95872,1920,1852,1,1853,12
2020-10-29,Tehama,103,63373,996,925,4,929,5
2020-10-29,Trinity,105,12862,55,28,4,32,0
2020-10-29,Tulare,107,460477,18089,17627,453,18080,299
2020-10-29,Tuolumne,109,53932,303,279,27,306,4
2020-10-29,Ventura,111,848112,15103,14486,346,14832,154
2020-10-29,Yolo,113,214977,3357,3246,9,3255,60
2020-10-29,Yuba,115,75493,1308,1248,6,1254,10
2020-10-28,Alameda,1,1643700,24048,23468,241,23709,400
2020-10-28,Alpine,3,1148,7,4,0,4,0
2020-10-28,Amador,5,37829,365,337,0,337,16
2020-10-28,Butte,7,227075,3238,3134,34,3168,56
2020-10-28,Calaveras,9,45235,345,278,1,279,13
2020-10-28,Colusa,11,21464,566,551,0,551,6
2020-10-28,Contra Costa,13,1133247,19459,18828,99,18927,246
2020-10-28,Del Norte,15,27424,183,173,0,173,2
2020-10-28,El Dorado,17,186661,1457,1363,3,1366,4
2020-10-28,Fresno,19,978130,33653,31195,478,31673,444
2020-10-28,Glenn,21,27897,698,673,2,675,3
2020-10-28,Humboldt,23,135768,582,559,0,559,7
2020-10-28,Imperial,25,180216,13147,12730,16,12746,333
2020-10-28,Inyo,27,18085,248,238,1,239,14
2020-10-28,Kern,29,883053,34290,33424,436,33860,436
2020-10-28,Kings,31,150075,8728,8486,60,8546,82
2020-10-28,Lake,33,64148,740,700,0,700,15
2020-10-28,Lassen,35,31185,782,771,1,772,0
2020-10-28,Los Angeles,37,10098052,307797,300726,3163,303889,7031
2020-10-28,Madera,39,155013,5122,4954,42,4996,53
2020-10-28,Marin,41,260295,7168,7079,20,7099,126
2020-10-28,Mariposa,43,17540,82,78,0,78,2
2020-10-28,Mendocino,45,87422,1101,1037,3,1040,20
2020-10-28,Merced,47,269075,9714,9480,38,9518,150
2020-10-28,Modoc,49,8938,48,31,2,33,0
2020-10-28,Mono,51,14174,236,176,4,180,1
2020-10-28,Monterey,53,433212,11665,11330,67,11397,89
2020-10-28,Napa,55,140530,2138,1998,5,2003,15
2020-10-28,Nevada,57,99092,670,629,16,645,9
2020-10-28,Orange,59,3164182,61549,58801,1843,60644,1459
2020-10-28,Placer,61,380077,4562,4236,19,4255,57
2020-10-28,Plumas,63,18699,89,67,0,67,0
2020-10-28,Riverside,65,2383286,68888,67003,459,67462,1302
2020-10-28,Sacramento,67,1510023,26425,25838,28,25866,506
2020-10-28,San Benito,69,59416,1456,1429,1,1430,15
2020-10-28,San Bernardino,71,2135413,65592,62778,164,62942,1154
2020-10-28,San Diego,73,3302833,58090,55556,0,55556,881
2020-10-28,San Francisco,75,870044,12583,12261,58,12319,145
2020-10-28,San Joaquin,77,732212,22271,21707,236,21943,498
2020-10-28,San Luis Obispo,79,281455,4382,4197,29,4226,31
2020-10-28,San Mateo,81,765935,11587,11101,9,11110,157
2020-10-28,Santa Barbara,83,443738,10395,9872,128,10000,127
2020-10-28,Santa Clara,85,1922200,25727,24503,37,24540,375
2020-10-28,Santa Cruz,87,273765,2974,2836,36,2872,24
2020-10-28,Shasta,89,179085,2442,1996,19,2015,31
2020-10-28,Sierra,91,2930,6,6,0,6,0
2020-10-28,Siskiyou,93,43540,224,182,10,192,0
2020-10-28,Solano,95,438530,7698,7362,41,7403,77
2020-10-28,Sonoma,97,501317,9891,9457,28,9485,140
2020-10-28,Stanislaus,99,539301,17903,17765,819,18584,409
2020-10-28,Sutter,101,95872,1911,1840,1,1841,12
2020-10-28,Tehama,103,63373,985,921,4,925,5
2020-10-28,Trinity,105,12862,51,28,4,32,0
2020-10-28,Tulare,107,460477,18033,17569,435,18004,297
2020-10-28,Tuolumne,109,53932,300,277,27,304,4
2020-10-28,Ventura,111,848112,15030,14409,337,14746,153
2020-10-28,Yolo,113,214977,3333,3230,9,3239,60
2020-10-28,Yuba,115,75493,1296,1245,6,1251,10
2020-10-27,Alameda,1,1643700,23937,23365,238,23603,400
2020-10-27,Alpine,3,1148,7,3,0,3,0
2020-10-27,Amador,5,37829,362,335,0,335,16
2020-10-27,Butte,7,227075,3222,3107,31,3138,56
2020-10-27,Calaveras,9,45235,343,277,1,278,13
2020-10-27,Colusa,11,21464,561,549,0,549,6
2020-10-27,Contra Costa,13,1133247,19354,18766,99,18865,246
2020-10-27,Del Norte,15,27424,180,173,0,173,2
2020-10-27,El Dorado,17,186661,1444,1351,3,1354,4
2020-10-27,Fresno,19,978130,33539,31096,473,31569,442
2020-10-27,Glenn,21,27897,696,667,1,668,3
2020-10-27,Humboldt,23,135768,579,559,0,559,7
2020-10-27,Imperial,25,180216,13098,12680,16,12696,333
2020-10-27,Inyo,27,18085,248,231,1,232,14
2020-10-27,Kern,29,883053,34173,33328,432,33760,436
2020-10-27,Kings,31,150075,8697,8411,60,8471,83
2020-10-27,Lake,33,64148,737,700,0,700,15
2020-10-27,Lassen,35,31185,780,764,1,765,0
2020-10-27,Los Angeles,37,10098052,306419,299438,3132,302570,7008
2020-10-27,Madera,39,155013,5092,4942,41,4983,53
2020-10-27,Marin,41,260295,7152,7070,20,7090,126
2020-10-27,Mariposa,43,17540,81,78,0,78,2
2020-10-27,Mendocino,45,87422,1094,1033,2,1035,20
2020-10-27,Merced,47,269075,9674,9449,38,9487,150
2020-10-27,Modoc,49,8938,46,31,2,33,0
2020-10-27,Mono,51,14174,222,169,4,173,1
2020-10-27,Monterey,53,433212,11609,11261,65,11326,88
2020-10-27,Napa,55,140530,2122,1979,5,1984,15
2020-10-27,Nevada,57,99092,664,622,16,638,8
2020-10-27,Orange,59,3164182,61279,58550,1826,60376,1448
2020-10-27,Placer,61,380077,4514,4197,17,4214,57
2020-10-27,Plumas,63,18699,86,63,0,63,0
2020-10-27,Riverside,65,2383286,68535,66699,414,67113,1299
2020-10-27,Sacramento,67,1510023,26239,25701,27,25728,501
2020-10-27,San Benito,69,59416,1451,1428,1,1429,15
2020-10-27,San Bernardino,71,2135413,65132,62357,152,62509,1154
2020-10-27,San Diego,73,3302833,57617,55226,0,55226,877
2020-10-27,San Francisco,75,870044,12509,12218,57,12275,140
2020-10-27,San Joaquin,77,732212,22180,21637,227,21864,496
2020-10-27,San Luis Obispo,79,281455,4355,4148,25,4173,31
2020-10-27,San Mateo,81,765935,11538,11074,9,11083,156
2020-10-27,Santa Barbara,83,443738,10366,9874,127,10001,125
2020-10-27,Santa Clara,85,1922200,25585,24368,37,24405,367
2020-10-27,Santa Cruz,87,273765,2944,2815,35,2850,24
2020-10-27,Shasta,89,179085,2355,1962,19,1981,29
2020-10-27,Sierra,91,2930,6,6,0,6,0
2020-10-27,Siskiyou,93,43540,215,181,10,191,0
2020-10-27,Solano,95,438530,7629,7298,41,7339,77
2020-10-27,Sonoma,97,501317,9824,9389,28,9417,140
2020-10-27,Stanislaus,99,539301,17836,17720,811,18531,408
2020-10-27,Sutter,101,95872,1898,1832,1,1833,12
2020-10-27,Tehama,103,63373,971,913,4,917,5
2020-10-27,Trinity,105,12862,48,28,4,32,0
2020-10-27,Tulare,107,460477,17970,17520,412,17932,296
2020-10-27,Tuolumne,109,53932,296,275,27,302,4
2020-10-27,Ventura,111,848112,14947,14347,330,14677,153
2020-10-27,Yolo,113,214977,3319,3216,9,3225,58
2020-10-27,Yuba,115,75493,1283,1235,6,1241,10
2020-10-26,Alameda,1,1643700,23825,23284,238,23522,398
2020-10-26,Alpine,3,1148,5,3,0,3,0
2020-10-26,Amador,5,37829,358,331,0,331,16
2020-10-26,Butte,7,227075,3210,3095,29,3124,56
2020-10-26,Calaveras,9,45235,339,274,1,275,13
2020-10-26,Colusa,11,21464,559,548,0,548,6
2020-10-26,Contra Costa,13,1133247,19258,18718,98,18816,245
2020-10-26,Del Norte,15,27424,180,171,0,171,2
2020-10-26,El Dorado,17,186661,1430,1336,3,1339,4
2020-10-26,Fresno,19,978130,33427,30969,466,31435,441
2020-10-26,Glenn,21,27897,689,660,1,661,3
2020-10-26,Humboldt,23,135768,571,554,0,554,7
2020-10-26,Imperial,25,180216,13044,12654,12,12666,333
2020-10-26,Inyo,27,18085,248,226,1,227,14
2020-10-26,Kern,29,883053,34089,33233,427,33660,432
2020-10-26,Kings,31,150075,8675,8264,58,8322,82
2020-10-26,Lake,33,64148,735,697,0,697,15
2020-10-26,Lassen,35,31185,777,764,1,765,0
2020-10-26,Los Angeles,37,10098052,304993,297961,3089,301050,6979
2020-10-26,Madera,39,155013,5072,4922,40,4962,53
2020-10-26,Marin,41,260295,7146,7064,19,7083,104
2020-10-26,Mariposa,43,17540,81,77,0,77,2
2020-10-26,Mendocino,45,87422,1086,1026,2,1028,20
2020-10-26,Merced,47,269075,9627,9375,37,9412,150
2020-10-26,Modoc,49,8938,44,28,0,28,0
2020-10-26,Mono,51,14174,216,167,4,171,1
2020-10-26,Monterey,53,433212,11559,11207,61,11268,87
2020-10-26,Napa,55,140530,2090,1966,5,1971,14
2020-10-26,Nevada,57,99092,657,618,16,634,8
2020-10-26,Orange,59,3164182,61076,58377,1806,60183,1442
2020-10-26,Placer,61,380077,4471,4161,16,4177,57
2020-10-26,Plumas,63,18699,84,63,0,63,0
2020-10-26,Riverside,65,2383286,68081,66475,390,66865,1294
2020-10-26,Sacramento,67,1510023,26056,25555,25,25580,496
2020-10-26,San Benito,69,59416,1443,1424,1,1425,15
2020-10-26,San Bernardino,71,2135413,64660,61871,150,62021,1153
2020-10-26,San Diego,73,3302833,57226,54957,0,54957,870
2020-10-26,San Francisco,75,870044,12449,12072,57,12129,138
2020-10-26,San Joaquin,77,732212,22098,21459,221,21680,495
2020-10-26,San Luis Obispo,79,281455,4330,4133,25,4158,31
2020-10-26,San Mateo,81,765935,11495,11037,9,11046,156
2020-10-26,Santa Barbara,83,443738,10343,9827,127,9954,122
2020-10-26,Santa Clara,85,1922200,25395,24258,36,24294,365
2020-10-26,Santa Cruz,87,273765,2918,2808,35,2843,24
2020-10-26,Shasta,89,179085,2302,1889,19,1908,29
2020-10-26,Sierra,91,2930,6,6,0,6,0
2020-10-26,Siskiyou,93,43540,207,179,10,189,0
2020-10-26,Solano,95,438530,7549,7271,41,7312,62
2020-10-26,Sonoma,97,501317,9745,9315,28,9343,140
2020-10-26,Stanislaus,99,539301,17786,17666,801,18467,400
2020-10-26,Sutter,101,95872,1890,1817,1,1818,12
2020-10-26,Tehama,103,63373,951,892,4,896,5
2020-10-26,Trinity,105,12862,48,26,4,30,0
2020-10-26,Tulare,107,460477,17893,17432,389,17821,296
2020-10-26,Tuolumne,109,53932,287,271,27,298,4
2020-10-26,Ventura,111,848112,14877,14330,327,14657,154
2020-10-26,Yolo,113,214977,3299,3206,9,3215,58
2020-10-26,Yuba,115,75493,1267,1226,6,1232,10
2020-10-25,Alameda,1,1643700,23719,23192,238,23430,398
2020-10-25,Alpine,3,1148,4,3,0,3,0
2020-10-25,Amador,5,37829,347,330,0,330,16
2020-10-25,Butte,7,227075,3191,3087,29,3116,56
2020-10-25,Calaveras,9,45235,338,274,1,275,13
2020-10-25,Colusa,11,21464,555,548,0,548,6
2020-10-25,Contra Costa,13,1133247,19157,18640,98,18738,245
2020-10-25,Del Norte,15,27424,176,171,0,171,2
2020-10-25,El Dorado,17,186661,1415,1328,3,1331,4
2020-10-25,Fresno,19,978130,33298,30858,457,31315,441
2020-10-25,Glenn,21,27897,686,652,1,653,3
2020-10-25,Humboldt,23,135768,568,554,0,554,7
2020-10-25,Imperial,25,180216,12994,12572,12,12584,333
2020-10-25,Inyo,27,18085,245,226,1,227,14
2020-10-25,Kern,29,883053,33982,33185,423,33608,432
2020-10-25,Kings,31,150075,8642,8246,56,8302,82
2020-10-25,Lake,33,64148,718,695,0,695,15
2020-10-25,Lassen,35,31185,774,764,1,765,0
2020-10-25,Los Angeles,37,10098052,303421,297110,3049,300159,6973
2020-10-25,Madera,39,155013,5042,4909,35,4944,53
2020-10-25,Marin,41,260295,7136,7052,19,7071,102
2020-10-25,Mariposa,43,17540,81,77,0,77,2
2020-10-25,Mendocino,45,87422,1079,1024,2,1026,20
2020-10-25,Merced,47,269075,9562,9352,35,9387,150
2020-10-25,Modoc,49,8938,39,28,0,28,0
2020-10-25,Mono,51,14174,208,167,4,171,1
2020-10-25,Monterey,53,433212,11476,11182,56,11238,87
2020-10-25,Napa,55,140530,2060,1962,5,1967,14
2020-10-25,Nevada,57,99092,649,616,16,632,8
2020-10-25,Orange,59,3164182,60787,58185,1796,59981,1443
2020-10-25,Placer,61,380077,4419,4140,16,4156,57
2020-10-25,Plumas,63,18699,84,63,0,63,0
2020-10-25,Riverside,65,2383286,67629,66192,374,66566,1289
2020-10-25,Sacramento,67,1510023,25841,25445,22,25467,496
2020-10-25,San Benito,69,59416,1436,1423,1,1424,15
2020-10-25,San Bernardino,71,2135413,64121,61551,142,61693,1153
2020-10-25,San Diego,73,3302833,56763,54599,0,54599,870
2020-10-25,San Francisco,75,870044,12376,12072,57,12129,137
2020-10-25,San Joaquin,77,732212,21991,21459,212,21671,495
2020-10-25,San Luis Obispo,79,281455,4288,4126,23,4149,31
2020-10-25,San Mateo,81,765935,11450,10987,9,10996,156
2020-10-25,Santa Barbara,83,443738,10323,9814,127,9941,122
2020-10-25,Santa Clara,85,1922200,25208,24087,36,24123,365
2020-10-25,Santa Cruz,87,273765,2891,2789,35,2824,24
2020-10-25,Shasta,89,179085,2239,1889,19,1908,29
2020-10-25,Sierra,91,2930,6,6,0,6,0
2020-10-25,Siskiyou,93,43540,204,176,10,186,0
2020-10-25,Solano,95,438530,7472,7197,41,7238,60
2020-10-25,Sonoma,97,501317,9651,9235,27,9262,140
2020-10-25,Stanislaus,99,539301,17729,17641,791,18432,400
2020-10-25,Sutter,101,95872,1872,1811,1,1812,12
2020-10-25,Tehama,103,63373,934,880,4,884,5
2020-10-25,Trinity,105,12862,45,26,4,30,0
2020-10-25,Tulare,107,460477,17821,17431,379,17810,296
2020-10-25,Tuolumne,109,53932,282,271,27,298,4
2020-10-25,Ventura,111,848112,14784,14300,321,14621,154
2020-10-25,Yolo,113,214977,3278,3190,9,3199,58
2020-10-25,Yuba,115,75493,1259,1219,6,1225,10
2020-10-24,Alameda,1,1643700,23648,23099,235,23334,398
2020-10-24,Alpine,3,1148,4,3,0,3,0
2020-10-24,Amador,5,37829,346,328,0,328,16
2020-10-24,Butte,7,227075,3182,3078,29,3107,56
2020-10-24,Calaveras,9,45235,336,274,1,275,13
2020-10-24,Colusa,11,21464,550,548,0,548,6
2020-10-24,Contra Costa,13,1133247,19090,18567,98,18665,244
2020-10-24,Del Norte,15,27424,175,171,0,171,2
2020-10-24,El Dorado,17,186661,1399,1317,3,1320,4
2020-10-24,Fresno,19,978130,33237,30752,453,31205,441
2020-10-24,Glenn,21,27897,683,650,1,651,3
2020-10-24,Humboldt,23,135768,566,553,0,553,7
2020-10-24,Imperial,25,180216,12967,12469,12,12481,333
2020-10-24,Inyo,27,18085,245,226,1,227,14
2020-10-24,Kern,29,883053,33923,33105,418,33523,432
2020-10-24,Kings,31,150075,8632,8228,55,8283,82
2020-10-24,Lake,33,64148,713,696,0,696,15
2020-10-24,Lassen,35,31185,773,764,1,765,0
2020-10-24,Los Angeles,37,10098052,302604,296323,3025,299348,6969
2020-10-24,Madera,39,155013,5029,4898,34,4932,53
2020-10-24,Marin,41,260295,7126,7042,19,7061,102
2020-10-24,Mariposa,43,17540,81,77,0,77,2
2020-10-24,Mendocino,45,87422,1067,1022,2,1024,20
2020-10-24,Merced,47,269075,9538,9351,35,9386,150
2020-10-24,Modoc,49,8938,38,28,0,28,0
2020-10-24,Mono,51,14174,194,167,4,171,1
2020-10-24,Monterey,53,433212,11409,11153,55,11208,87
2020-10-24,Napa,55,140530,2043,1957,5,1962,14
2020-10-24,Nevada,57,99092,645,608,16,624,8
2020-10-24,Orange,59,3164182,60634,57928,1785,59713,1441
2020-10-24,Placer,61,380077,4389,4093,16,4109,57
2020-10-24,Plumas,63,18699,78,63,0,63,0
2020-10-24,Riverside,65,2383286,67420,65902,360,66262,1288
2020-10-24,Sacramento,67,1510023,25760,25372,22,25394,496
2020-10-24,San Benito,69,59416,1431,1417,1,1418,15
2020-10-24,San Bernardino,71,2135413,63881,61351,134,61485,1153
2020-10-24,San Diego,73,3302833,56486,54330,0,54330,868
2020-10-24,San Francisco,75,870044,12318,12073,56,12129,137
2020-10-24,San Joaquin,77,732212,21940,21458,207,21665,495
2020-10-24,San Luis Obispo,79,281455,4263,4119,22,4141,31
2020-10-24,San Mateo,81,765935,11411,10942,9,10951,155
2020-10-24,Santa Barbara,83,443738,10306,9781,127,9908,122
2020-10-24,Santa Clara,85,1922200,25121,23978,36,24014,365
2020-10-24,Santa Cruz,87,273765,2872,2775,35,2810,24
2020-10-24,Shasta,89,179085,2194,1878,19,1897,29
2020-10-24,Sierra,91,2930,6,6,0,6,0
2020-10-24,Siskiyou,93,43540,203,174,10,184,0
2020-10-24,Solano,95,438530,7419,7189,41,7230,60
2020-10-24,Sonoma,97,501317,9617,9179,27,9206,140
2020-10-24,Stanislaus,99,539301,17686,17574,774,18348,400
2020-10-24,Sutter,101,95872,1863,1804,1,1805,12
2020-10-24,Tehama,103,63373,926,872,4,876,5
2020-10-24,Trinity,105,12862,45,25,4,29,0
2020-10-24,Tulare,107,460477,17799,17406,366,17772,295
2020-10-24,Tuolumne,109,53932,279,269,27,296,4
2020-10-24,Ventura,111,848112,14731,14240,320,14560,154
2020-10-24,Yolo,113,214977,3267,3164,9,3173,57
2020-10-24,Yuba,115,75493,1256,1210,6,1216,10
2020-10-23,Alameda,1,1643700,23576,23047,233,23280,393
2020-10-23,Alpine,3,1148,4,3,0,3,0
2020-10-23,Amador,5,37829,345,324,0,324,16
2020-10-23,Butte,7,227075,3173,3059,29,3088,55
2020-10-23,Calaveras,9,45235,335,273,1,274,13
2020-10-23,Colusa,11,21464,550,547,0,547,6
2020-10-23,Contra Costa,13,1133247,19019,18483,97,18580,244
2020-10-23,Del Norte,15,27424,175,171,0,171,2
2020-10-23,El Dorado,17,186661,1390,1310,3,1313,4
2020-10-23,Fresno,19,978130,33170,30590,449,31039,441
2020-10-23,Glenn,21,27897,680,644,1,645,3
2020-10-23,Humboldt,23,135768,564,553,0,553,7
2020-10-23,Imperial,25,180216,12936,12398,12,12410,333
2020-10-23,Inyo,27,18085,244,226,1,227,14
2020-10-23,Kern,29,883053,33855,33077,413,33490,431
2020-10-23,Kings,31,150075,8623,8218,55,8273,82
2020-10-23,Lake,33,64148,711,689,0,689,15
2020-10-23,Lassen,35,31185,772,764,1,765,0
2020-10-23,Los Angeles,37,10098052,301525,294287,2994,297281,6956
2020-10-23,Madera,39,155013,5024,4888,34,4922,53
2020-10-23,Marin,41,260295,7114,7029,19,7048,102
2020-10-23,Mariposa,43,17540,81,77,0,77,2
2020-10-23,Mendocino,45,87422,1064,1019,2,1021,20
2020-10-23,Merced,47,269075,9524,9327,35,9362,149
2020-10-23,Modoc,49,8938,38,28,0,28,0
2020-10-23,Mono,51,14174,193,159,4,163,1
2020-10-23,Monterey,53,433212,11362,11099,51,11150,86
2020-10-23,Napa,55,140530,2035,1942,5,1947,14
2020-10-23,Nevada,57,99092,642,604,16,620,8
2020-10-23,Orange,59,3164182,60463,57595,1770,59365,1430
2020-10-23,Placer,61,380077,4344,4073,16,4089,57
2020-10-23,Plumas,63,18699,75,63,0,63,0
2020-10-23,Riverside,65,2383286,67181,65512,352,65864,1279
2020-10-23,Sacramento,67,1510023,25652,25224,22,25246,496
2020-10-23,San Benito,69,59416,1429,1412,1,1413,15
2020-10-23,San Bernardino,71,2135413,63597,60854,124,60978,1150
2020-10-23,San Diego,73,3302833,56180,53944,0,53944,867
2020-10-23,San Francisco,75,870044,12287,12015,56,12071,137
2020-10-23,San Joaquin,77,732212,21884,21361,201,21562,495
2020-10-23,San Luis Obispo,79,281455,4237,4102,22,4124,31
2020-10-23,San Mateo,81,765935,11362,10872,9,10881,155
2020-10-23,Santa Barbara,83,443738,10290,9751,127,9878,121
2020-10-23,Santa Clara,85,1922200,25020,23822,36,23858,364
2020-10-23,Santa Cruz,87,273765,2858,2757,35,2792,24
2020-10-23,Shasta,89,179085,2157,1846,18,1864,29
2020-10-23,Sierra,91,2930,6,6,0,6,0
2020-10-23,Siskiyou,93,43540,200,172,10,182,0
2020-10-23,Solano,95,438530,7388,7174,41,7215,59
2020-10-23,Sonoma,97,501317,9561,9112,27,9139,139
2020-10-23,Stanislaus,99,539301,17649,17496,766,18262,395
2020-10-23,Sutter,101,95872,1856,1797,1,1798,12
2020-10-23,Tehama,103,63373,917,862,4,866,5
2020-10-23,Trinity,105,12862,45,26,4,30,0
2020-10-23,Tulare,107,460477,17754,17334,354,17688,295
2020-10-23,Tuolumne,109,53932,277,254,27,281,4
2020-10-23,Ventura,111,848112,14702,14192,320,14512,155
2020-10-23,Yolo,113,214977,3254,3140,9,3149,57
2020-10-23,Yuba,115,75493,1252,1206,6,1212,10
2020-10-22,Alameda,1,1643700,23475,22915,233,23148,393
2020-10-22,Alpine,3,1148,4,3,0,3,0
2020-10-22,Amador,5,37829,341,317,0,317,16
2020-10-22,Butte,7,227075,3163,3046,27,3073,55
2020-10-22,Calaveras,9,45235,332,273,1,274,13
2020-10-22,Colusa,11,21464,550,547,0,547,6
2020-10-22,Contra Costa,13,1133247,18947,18393,95,18488,243
2020-10-22,Del Norte,15,27424,174,168,0,168,2
2020-10-22,El Dorado,17,186661,1380,1308,3,1311,4
2020-10-22,Fresno,19,978130,33062,30471,441,30912,438
2020-10-22,Glenn,21,27897,673,643,1,644,3
2020-10-22,Humboldt,23,135768,563,548,0,548,7
2020-10-22,Imperial,25,180216,12883,12311,11,12322,333
2020-10-22,Inyo,27,18085,241,220,1,221,14
2020-10-22,Kern,29,883053,33775,32991,410,33401,431
2020-10-22,Kings,31,150075,8372,8201,55,8256,82
2020-10-22,Lake,33,64148,707,678,0,678,15
2020-10-22,Lassen,35,31185,769,764,1,765,0
2020-10-22,Los Angeles,37,10098052,300152,291599,2934,294533,6935
2020-10-22,Madera,39,155013,5003,4847,34,4881,52
2020-10-22,Marin,41,260295,7108,7014,19,7033,102
2020-10-22,Mariposa,43,17540,81,77,0,77,2
2020-10-22,Mendocino,45,87422,1059,1016,2,1018,20
2020-10-22,Merced,47,269075,9496,9323,35,9358,149
2020-10-22,Modoc,49,8938,34,26,0,26,0
2020-10-22,Mono,51,14174,188,156,4,160,1
2020-10-22,Monterey,53,433212,11303,11059,48,11107,84
2020-10-22,Napa,55,140530,2021,1928,5,1933,14
2020-10-22,Nevada,57,99092,636,600,16,616,8
2020-10-22,Orange,59,3164182,60249,57418,1753,59171,1422
2020-10-22,Placer,61,380077,4294,4036,16,4052,57
2020-10-22,Plumas,63,18699,72,62,0,62,0
2020-10-22,Riverside,65,2383286,66847,65104,333,65437,1279
2020-10-22,Sacramento,67,1510023,25515,25054,22,25076,492
2020-10-22,San Benito,69,59416,1425,1403,1,1404,15
2020-10-22,San Bernardino,71,2135413,63197,60402,111,60513,1149
2020-10-22,San Diego,73,3302833,55795,53514,0,53514,866
2020-10-22,San Francisco,75,870044,12229,11991,54,12045,137
2020-10-22,San Joaquin,77,732212,21810,21282,195,21477,495
2020-10-22,San Luis Obispo,79,281455,4221,4081,22,4103,31
2020-10-22,San Mateo,81,765935,11306,10796,9,10805,155
2020-10-22,Santa Barbara,83,443738,10256,9710,125,9835,120
2020-10-22,Santa Clara,85,1922200,24865,23621,36,23657,363
2020-10-22,Santa Cruz,87,273765,2840,2738,34,2772,24
2020-10-22,Shasta,89,179085,2111,1799,18,1817,29
2020-10-22,Sierra,91,2930,6,6,0,6,0
2020-10-22,Siskiyou,93,43540,200,169,10,179,0
2020-10-22,Solano,95,438530,7342,7116,41,7157,59
2020-10-22,Sonoma,97,501317,9495,9052,26,9078,139
2020-10-22,Stanislaus,99,539301,17596,17440,753,18193,395
2020-10-22,Sutter,101,95872,1842,1794,1,1795,12
2020-10-22,Tehama,103,63373,906,852,4,856,5
2020-10-22,Trinity,105,12862,44,26,4,30,0
2020-10-22,Tulare,107,460477,17688,17265,341,17606,293
2020-10-22,Tuolumne,109,53932,275,252,27,279,4
2020-10-22,Ventura,111,848112,14655,14124,318,14442,154
2020-10-22,Yolo,113,214977,3242,3116,9,3125,58
2020-10-22,Yuba,115,75493,1245,1199,6,1205,10
2020-10-21,Alameda,1,1643700,23387,22853,231,23084,392
2020-10-21,Alpine,3,1148,4,3,0,3,0
2020-10-21,Amador,5,37829,336,313,0,313,16
2020-10-21,Butte,7,227075,3151,3041,27,3068,55
2020-10-21,Calaveras,9,45235,331,272,1,273,13
2020-10-21,Colusa,11,21464,550,546,0,546,6
2020-10-21,Contra Costa,13,1133247,18873,18299,94,18393,243
2020-10-21,Del Norte,15,27424,174,169,0,169,2
2020-10-21,El Dorado,17,186661,1368,1305,2,1307,4
2020-10-21,Fresno,19,978130,32968,30328,438,30766,433
2020-10-21,Glenn,21,27897,668,640,1,641,3
2020-10-21,Humboldt,23,135768,562,548,0,548,7
2020-10-21,Imperial,25,180216,12826,12210,11,12221,331
2020-10-21,Inyo,27,18085,237,220,1,221,14
2020-10-21,Kern,29,883053,33701,32956,408,33364,430
2020-10-21,Kings,31,150075,8345,8186,55,8241,80
2020-10-21,Lake,33,64148,706,676,0,676,15
2020-10-21,Lassen,35,31185,768,764,1,765,0
2020-10-21,Los Angeles,37,10098052,298816,288096,2891,290987,6923
2020-10-21,Madera,39,155013,4978,4831,34,4865,52
2020-10-21,Marin,41,260295,7099,7002,19,7021,102
2020-10-21,Mariposa,43,17540,81,77,0,77,2
2020-10-21,Mendocino,45,87422,1057,1011,2,1013,21
2020-10-21,Merced,47,269075,9472,9319,33,9352,149
2020-10-21,Modoc,49,8938,33,26,0,26,0
2020-10-21,Mono,51,14174,186,156,4,160,1
2020-10-21,Monterey,53,433212,11265,11005,47,11052,83
2020-10-21,Napa,55,140530,2005,1918,5,1923,13
2020-10-21,Nevada,57,99092,630,597,16,613,8
2020-10-21,Orange,59,3164182,60038,57189,1742,58931,1409
2020-10-21,Placer,61,380077,4258,4007,16,4023,56
2020-10-21,Plumas,63,18699,69,58,0,58,0
2020-10-21,Riverside,65,2383286,66554,64778,307,65085,1278
2020-10-21,Sacramento,67,1510023,25323,24908,22,24930,490
2020-10-21,San Benito,69,59416,1424,1401,1,1402,14
2020-10-21,San Bernardino,71,2135413,62792,59948,104,60052,1141
2020-10-21,San Diego,73,3302833,55444,53279,0,53279,863
2020-10-21,San Francisco,75,870044,12180,11976,53,12029,137
2020-10-21,San Joaquin,77,732212,21734,21201,189,21390,495
2020-10-21,San Luis Obispo,79,281455,4207,4055,20,4075,31
2020-10-21,San Mateo,81,765935,11257,10730,9,10739,155
2020-10-21,Santa Barbara,83,443738,10238,9681,124,9805,121
2020-10-21,Santa Clara,85,1922200,24740,23537,36,23573,361
2020-10-21,Santa Cruz,87,273765,2817,2729,34,2763,24
2020-10-21,Shasta,89,179085,2074,1777,18,1795,27
2020-10-21,Sierra,91,2930,6,6,0,6,0
2020-10-21,Siskiyou,93,43540,196,169,10,179,0
2020-10-21,Solano,95,438530,7297,7088,41,7129,59
2020-10-21,Sonoma,97,501317,9415,8987,26,9013,138
2020-10-21,Stanislaus,99,539301,17547,17419,744,18163,392
2020-10-21,Sutter,101,95872,1827,1786,1,1787,12
2020-10-21,Tehama,103,63373,890,824,4,828,5
2020-10-21,Trinity,105,12862,41,25,4,29,0
2020-10-21,Tulare,107,460477,17652,17204,327,17531,292
2020-10-21,Tuolumne,109,53932,274,251,27,278,4
2020-10-21,Ventura,111,848112,14592,14050,315,14365,153
2020-10-21,Yolo,113,214977,3223,3095,9,3104,58
2020-10-21,Yuba,115,75493,1236,1194,6,1200,10
2020-10-20,Alameda,1,1643700,23284,22750,227,22977,391
2020-10-20,Alpine,3,1148,4,3,0,3,0
2020-10-20,Amador,5,37829,335,313,0,313,16
2020-10-20,Butte,7,227075,3139,3027,27,3054,56
2020-10-20,Calaveras,9,45235,330,273,1,274,13
2020-10-20,Colusa,11,21464,547,546,0,546,6
2020-10-20,Contra Costa,13,1133247,18781,18246,94,18340,241
2020-10-20,Del Norte,15,27424,173,169,0,169,2
2020-10-20,El Dorado,17,186661,1362,1295,2,1297,4
2020-10-20,Fresno,19,978130,32866,30220,432,30652,431
2020-10-20,Glenn,21,27897,663,638,1,639,3
2020-10-20,Humboldt,23,135768,558,545,0,545,7
2020-10-20,Imperial,25,180216,12757,12114,11,12125,330
2020-10-20,Inyo,27,18085,237,218,1,219,14
2020-10-20,Kern,29,883053,33626,32889,395,33284,429
2020-10-20,Kings,31,150075,8327,8178,54,8232,80
2020-10-20,Lake,33,64148,704,675,0,675,15
2020-10-20,Lassen,35,31185,767,757,1,758,0
2020-10-20,Los Angeles,37,10098052,297328,287727,2838,290565,6891
2020-10-20,Madera,39,155013,4961,4823,34,4857,52
2020-10-20,Marin,41,260295,7084,6994,19,7013,101
2020-10-20,Mariposa,43,17540,80,77,0,77,2
2020-10-20,Mendocino,45,87422,1055,1004,2,1006,21
2020-10-20,Merced,47,269075,9450,9323,33,9356,149
2020-10-20,Modoc,49,8938,32,26,0,26,0
2020-10-20,Mono,51,14174,186,156,4,160,1
2020-10-20,Monterey,53,433212,11222,10942,44,10986,81
2020-10-20,Napa,55,140530,1986,1912,5,1917,13
2020-10-20,Nevada,57,99092,621,596,16,612,8
2020-10-20,Orange,59,3164182,59777,56914,1733,58647,1397
2020-10-20,Placer,61,380077,4220,3997,16,4013,56
2020-10-20,Plumas,63,18699,66,53,0,53,0
2020-10-20,Riverside,65,2383286,66173,64452,295,64747,1275
2020-10-20,Sacramento,67,1510023,25198,24767,21,24788,485
2020-10-20,San Benito,69,59416,1421,1398,1,1399,14
2020-10-20,San Bernardino,71,2135413,62415,59571,99,59670,1109
2020-10-20,San Diego,73,3302833,55108,53004,0,53004,857
2020-10-20,San Francisco,75,870044,12133,12013,52,12065,126
2020-10-20,San Joaquin,77,732212,21656,21173,178,21351,490
2020-10-20,San Luis Obispo,79,281455,4189,4043,19,4062,31
2020-10-20,San Mateo,81,765935,11211,10659,9,10668,155
2020-10-20,Santa Barbara,83,443738,10209,9664,122,9786,121
2020-10-20,Santa Clara,85,1922200,24604,23406,36,23442,358
2020-10-20,Santa Cruz,87,273765,2794,2710,34,2744,23
2020-10-20,Shasta,89,179085,2051,1747,18,1765,20
2020-10-20,Sierra,91,2930,6,6,0,6,0
2020-10-20,Siskiyou,93,43540,188,168,10,178,0
2020-10-20,Solano,95,438530,7248,7044,41,7085,57
2020-10-20,Sonoma,97,501317,9352,8904,24,8928,135
2020-10-20,Stanislaus,99,539301,17493,17367,740,18107,393
2020-10-20,Sutter,101,95872,1818,1783,1,1784,12
2020-10-20,Tehama,103,63373,875,813,4,817,5
2020-10-20,Trinity,105,12862,40,25,4,29,0
2020-10-20,Tulare,107,460477,17586,17156,321,17477,289
2020-10-20,Tuolumne,109,53932,272,250,27,277,4
2020-10-20,Ventura,111,848112,14528,13980,313,14293,152
2020-10-20,Yolo,113,214977,3200,3083,9,3092,56
2020-10-20,Yuba,115,75493,1226,1191,6,1197,10
2020-10-19,Alameda,1,1643700,23175,22647,226,22873,392
2020-10-19,Alpine,3,1148,4,3,0,3,0
2020-10-19,Amador,5,37829,329,313,0,313,16
2020-10-19,Butte,7,227075,3128,3026,27,3053,55
2020-10-19,Calaveras,9,45235,329,268,1,269,13
2020-10-19,Colusa,11,21464,547,544,0,544,6
2020-10-19,Contra Costa,13,1133247,18683,18173,94,18267,239
2020-10-19,Del Norte,15,27424,170,167,0,167,2
2020-10-19,El Dorado,17,186661,1341,1287,2,1289,4
2020-10-19,Fresno,19,978130,32758,30152,427,30579,431
2020-10-19,Glenn,21,27897,658,635,0,635,3
2020-10-19,Humboldt,23,135768,558,543,0,543,7
2020-10-19,Imperial,25,180216,12703,12036,10,12046,330
2020-10-19,Inyo,27,18085,236,218,1,219,14
2020-10-19,Kern,29,883053,33551,32840,392,33232,428
2020-10-19,Kings,31,150075,8309,8173,54,8227,80
2020-10-19,Lake,33,64148,701,673,0,673,15
2020-10-19,Lassen,35,31185,766,757,1,758,0
2020-10-19,Los Angeles,37,10098052,295846,287119,2798,289917,6858
2020-10-19,Madera,39,155013,4946,4787,34,4821,52
2020-10-19,Marin,41,260295,7066,6981,19,7000,100
2020-10-19,Mariposa,43,17540,80,77,0,77,2
2020-10-19,Mendocino,45,87422,1050,1001,2,1003,21
2020-10-19,Merced,47,269075,9426,9305,28,9333,148
2020-10-19,Modoc,49,8938,31,26,0,26,0
2020-10-19,Mono,51,14174,181,156,4,160,1
2020-10-19,Monterey,53,433212,11161,10907,44,10951,80
2020-10-19,Napa,55,140530,1972,1892,5,1897,12
2020-10-19,Nevada,57,99092,618,590,16,606,8
2020-10-19,Orange,59,3164182,59491,56652,1719,58371,1396
2020-10-19,Placer,61,380077,4172,3962,16,3978,49
2020-10-19,Plumas,63,18699,64,52,0,52,0
2020-10-19,Riverside,65,2383286,65745,64016,278,64294,1272
2020-10-19,Sacramento,67,1510023,25059,24542,21,24563,483
2020-10-19,San Benito,69,59416,1414,1395,1,1396,14
2020-10-19,San Bernardino,71,2135413,61966,59265,91,59356,1100
2020-10-19,San Diego,73,3302833,54722,52739,0,52739,853
2020-10-19,San Francisco,75,870044,12089,11879,52,11931,126
2020-10-19,San Joaquin,77,732212,21581,20930,170,21100,489
2020-10-19,San Luis Obispo,79,281455,4173,4016,19,4035,31
2020-10-19,San Mateo,81,765935,11164,10568,9,10577,154
2020-10-19,Santa Barbara,83,443738,10174,9632,122,9754,121
2020-10-19,Santa Clara,85,1922200,24453,23301,36,23337,352
2020-10-19,Santa Cruz,87,273765,2777,2705,34,2739,19
2020-10-19,Shasta,89,179085,2007,1709,17,1726,20
2020-10-19,Sierra,91,2930,6,6,0,6,0
2020-10-19,Siskiyou,93,43540,181,167,10,177,0
2020-10-19,Solano,95,438530,7207,7003,41,7044,57
2020-10-19,Sonoma,97,501317,9265,8830,24,8854,135
2020-10-19,Stanislaus,99,539301,17442,17342,730,18072,390
2020-10-19,Sutter,101,95872,1813,1773,1,1774,12
2020-10-19,Tehama,103,63373,872,793,4,797,5
2020-10-19,Trinity,105,12862,38,23,4,27,0
2020-10-19,Tulare,107,460477,17538,17047,313,17360,291
2020-10-19,Tuolumne,109,53932,270,247,27,274,4
2020-10-19,Ventura,111,848112,14462,13930,310,14240,152
2020-10-19,Yolo,113,214977,3187,3069,9,3078,56
2020-10-19,Yuba,115,75493,1219,1183,6,1189,10
2020-10-18,Alameda,1,1643700,23071,22546,225,22771,392
2020-10-18,Alpine,3,1148,4,3,0,3,0
2020-10-18,Amador,5,37829,317,313,0,313,16
2020-10-18,Butte,7,227075,3115,3019,27,3046,55
2020-10-18,Calaveras,9,45235,328,267,1,268,13
2020-10-18,Colusa,11,21464,545,544,0,544,6
2020-10-18,Contra Costa,13,1133247,18584,18120,94,18214,237
2020-10-18,Del Norte,15,27424,170,167,0,167,2
2020-10-18,El Dorado,17,186661,1332,1283,2,1285,4
2020-10-18,Fresno,19,978130,32634,30051,419,30470,430
2020-10-18,Glenn,21,27897,656,634,0,634,3
2020-10-18,Humboldt,23,135768,555,540,0,540,7
2020-10-18,Imperial,25,180216,12641,11987,9,11996,330
2020-10-18,Inyo,27,18085,233,215,1,216,14
2020-10-18,Kern,29,883053,33478,32799,385,33184,428
2020-10-18,Kings,31,150075,8294,8159,54,8213,80
2020-10-18,Lake,33,64148,694,670,0,670,15
2020-10-18,Lassen,35,31185,766,757,1,758,0
2020-10-18,Los Angeles,37,10098052,294144,286187,2749,288936,6857
2020-10-18,Madera,39,155013,4921,4770,33,4803,52
2020-10-18,Marin,41,260295,7045,6969,19,6988,99
2020-10-18,Mariposa,43,17540,80,77,0,77,2
2020-10-18,Mendocino,45,87422,1048,988,2,990,21
2020-10-18,Merced,47,269075,9391,9292,28,9320,148
2020-10-18,Modoc,49,8938,30,26,0,26,0
2020-10-18,Mono,51,14174,176,155,4,159,1
2020-10-18,Monterey,53,433212,11109,10872,44,10916,80
2020-10-18,Napa,55,140530,1959,1882,5,1887,12
2020-10-18,Nevada,57,99092,612,582,16,598,8
2020-10-18,Orange,59,3164182,59192,56394,1703,58097,1396
2020-10-18,Placer,61,380077,4124,3938,16,3954,49
2020-10-18,Plumas,63,18699,62,52,0,52,0
2020-10-18,Riverside,65,2383286,65435,63765,255,64020,1270
2020-10-18,Sacramento,67,1510023,24905,24425,21,24446,482
2020-10-18,San Benito,69,59416,1407,1395,1,1396,14
2020-10-18,San Bernardino,71,2135413,61466,58893,83,58976,1098
2020-10-18,San Diego,73,3302833,54333,52359,0,52359,853
2020-10-18,San Francisco,75,870044,12050,11878,52,11930,126
2020-10-18,San Joaquin,77,732212,21499,20931,157,21088,489
2020-10-18,San Luis Obispo,79,281455,4142,4009,17,4026,31
2020-10-18,San Mateo,81,765935,11106,10503,9,10512,154
2020-10-18,Santa Barbara,83,443738,10135,9608,121,9729,121
2020-10-18,Santa Clara,85,1922200,24279,23169,36,23205,352
2020-10-18,Santa Cruz,87,273765,2763,2692,34,2726,19
2020-10-18,Shasta,89,179085,1982,1708,17,1725,20
2020-10-18,Sierra,91,2930,6,6,0,6,0
2020-10-18,Siskiyou,93,43540,180,167,10,177,0
2020-10-18,Solano,95,438530,7160,6962,41,7003,57
2020-10-18,Sonoma,97,501317,9189,8781,22,8803,134
2020-10-18,Stanislaus,99,539301,17386,17290,721,18011,390
2020-10-18,Sutter,101,95872,1804,1764,1,1765,12
2020-10-18,Tehama,103,63373,840,774,4,778,5
2020-10-18,Trinity,105,12862,38,20,4,24,0
2020-10-18,Tulare,107,460477,17446,17048,303,17351,290
2020-10-18,Tuolumne,109,53932,265,245,27,272,4
2020-10-18,Ventura,111,848112,14383,13901,309,14210,151
2020-10-18,Yolo,113,214977,3148,3059,9,3068,55
2020-10-18,Yuba,115,75493,1208,1176,6,1182,10
2020-10-17,Alameda,1,1643700,23026,22394,223,22617,398
2020-10-17,Alpine,3,1148,4,3,0,3,0
2020-10-17,Amador,5,37829,315,309,0,309,16
2020-10-17,Butte,7,227075,3107,3012,25,3037,55
2020-10-17,Calaveras,9,45235,328,267,1,268,13
2020-10-17,Colusa,11,21464,544,544,0,544,6
2020-10-17,Contra Costa,13,1133247,18531,18005,94,18099,237
2020-10-17,Del Norte,15,27424,170,167,0,167,2
2020-10-17,El Dorado,17,186661,1328,1277,2,1279,4
2020-10-17,Fresno,19,978130,32580,29911,417,30328,430
2020-10-17,Glenn,21,27897,653,633,0,633,3
2020-10-17,Humboldt,23,135768,552,535,0,535,7
2020-10-17,Imperial,25,180216,12613,11962,9,11971,330
2020-10-17,Inyo,27,18085,228,212,1,213,14
2020-10-17,Kern,29,883053,33427,32710,382,33092,428
2020-10-17,Kings,31,150075,8288,8151,53,8204,80
2020-10-17,Lake,33,64148,691,663,0,663,15
2020-10-17,Lassen,35,31185,766,757,1,758,0
2020-10-17,Los Angeles,37,10098052,293393,285858,2721,288579,6844
2020-10-17,Madera,39,155013,4915,4759,33,4792,53
2020-10-17,Marin,41,260295,7042,6958,19,6977,99
2020-10-17,Mariposa,43,17540,79,77,0,77,2
2020-10-17,Mendocino,45,87422,1041,977,2,979,21
2020-10-17,Merced,47,269075,9377,9275,28,9303,148
2020-10-17,Modoc,49,8938,30,26,0,26,0
2020-10-17,Mono,51,14174,175,155,4,159,1
2020-10-17,Monterey,53,433212,11069,10807,43,10850,80
2020-10-17,Napa,55,140530,1952,1866,5,1871,12
2020-10-17,Nevada,57,99092,611,580,16,596,8
2020-10-17,Orange,59,3164182,59052,56197,1694,57891,1396
2020-10-17,Placer,61,380077,4097,3898,16,3914,49
2020-10-17,Plumas,63,18699,62,52,0,52,0
2020-10-17,Riverside,65,2383286,65238,63171,244,63415,1270
2020-10-17,Sacramento,67,1510023,24820,24304,21,24325,482
2020-10-17,San Benito,69,59416,1403,1389,1,1390,14
2020-10-17,San Bernardino,71,2135413,61196,58415,79,58494,1097
2020-10-17,San Diego,73,3302833,54108,51986,0,51986,853
2020-10-17,San Francisco,75,870044,12022,11877,51,11928,126
2020-10-17,San Joaquin,77,732212,21445,20932,151,21083,489
2020-10-17,San Luis Obispo,79,281455,4127,3979,17,3996,31
2020-10-17,San Mateo,81,765935,11078,10423,9,10432,153
2020-10-17,Santa Barbara,83,443738,10116,9588,119,9707,121
2020-10-17,Santa Clara,85,1922200,24190,22997,36,23033,349
2020-10-17,Santa Cruz,87,273765,2749,2680,34,2714,19
2020-10-17,Shasta,89,179085,1956,1679,17,1696,20
2020-10-17,Sierra,91,2930,6,6,0,6,0
2020-10-17,Siskiyou,93,43540,179,167,10,177,0
2020-10-17,Solano,95,438530,7134,6929,41,6970,57
2020-10-17,Sonoma,97,501317,9146,8725,22,8747,134
2020-10-17,Stanislaus,99,539301,17347,17232,711,17943,390
2020-10-17,Sutter,101,95872,1802,1762,1,1763,12
2020-10-17,Tehama,103,63373,824,764,4,768,5
2020-10-17,Trinity,105,12862,38,20,4,24,0
2020-10-17,Tulare,107,460477,17416,16995,294,17289,290
2020-10-17,Tuolumne,109,53932,265,241,27,268,4
2020-10-17,Ventura,111,848112,14338,13845,306,14151,151
2020-10-17,Yolo,113,214977,3133,3045,7,3052,55
2020-10-17,Yuba,115,75493,1203,1164,6,1170,10
2020-10-16,Alameda,1,1643700,22972,22315,223,22538,397
2020-10-16,Alpine,3,1148,4,3,0,3,0
2020-10-16,Amador,5,37829,315,309,0,309,16
2020-10-16,Butte,7,227075,3096,3004,25,3029,54
2020-10-16,Calaveras,9,45235,328,267,1,268,13
2020-10-16,Colusa,11,21464,543,544,0,544,6
2020-10-16,Contra Costa,13,1133247,18478,17956,94,18050,237
2020-10-16,Del Norte,15,27424,170,166,0,166,2
2020-10-16,El Dorado,17,186661,1322,1273,2,1275,4
2020-10-16,Fresno,19,978130,32505,29796,415,30211,427
2020-10-16,Glenn,21,27897,648,632,0,632,3
2020-10-16,Humboldt,23,135768,552,533,0,533,7
2020-10-16,Imperial,25,180216,12573,11885,9,11894,330
2020-10-16,Inyo,27,18085,224,212,1,213,14
2020-10-16,Kern,29,883053,33384,32660,380,33040,428
2020-10-16,Kings,31,150075,8279,8146,52,8198,80
2020-10-16,Lake,33,64148,689,644,0,644,14
2020-10-16,Lassen,35,31185,766,757,1,758,0
2020-10-16,Los Angeles,37,10098052,292334,284988,2698,287686,6835
2020-10-16,Madera,39,155013,4903,4736,32,4768,53
2020-10-16,Marin,41,260295,7032,6933,19,6952,99
2020-10-16,Mariposa,43,17540,79,76,0,76,2
2020-10-16,Mendocino,45,87422,1034,974,2,976,21
2020-10-16,Merced,47,269075,9360,9246,28,9274,148
2020-10-16,Modoc,49,8938,30,26,0,26,0
2020-10-16,Mono,51,14174,173,155,4,159,1
2020-10-16,Monterey,53,433212,11035,10727,43,10770,79
2020-10-16,Napa,55,140530,1943,1855,5,1860,12
2020-10-16,Nevada,57,99092,609,579,16,595,8
2020-10-16,Orange,59,3164182,58876,56091,1687,57778,1388
2020-10-16,Placer,61,380077,4077,3864,16,3880,49
2020-10-16,Plumas,63,18699,61,52,0,52,0
2020-10-16,Riverside,65,2383286,65013,62986,243,63229,1267
2020-10-16,Sacramento,67,1510023,24726,24144,21,24165,479
2020-10-16,San Benito,69,59416,1400,1388,1,1389,14
2020-10-16,San Bernardino,71,2135413,60928,58233,79,58312,1069
2020-10-16,San Diego,73,3302833,53867,51785,0,51785,850
2020-10-16,San Francisco,75,870044,12000,11840,50,11890,126
2020-10-16,San Joaquin,77,732212,21400,20910,150,21060,489
2020-10-16,San Luis Obispo,79,281455,4113,3952,17,3969,32
2020-10-16,San Mateo,81,765935,11052,10405,9,10414,153
2020-10-16,Santa Barbara,83,443738,10098,9549,119,9668,119
2020-10-16,Santa Clara,85,1922200,24105,22920,36,22956,345
2020-10-16,Santa Cruz,87,273765,2736,2666,34,2700,20
2020-10-16,Shasta,89,179085,1934,1660,17,1677,20
2020-10-16,Sierra,91,2930,6,6,0,6,0
2020-10-16,Siskiyou,93,43540,177,167,10,177,0
2020-10-16,Solano,95,438530,7111,6879,41,6920,55
2020-10-16,Sonoma,97,501317,9090,8652,22,8674,133
2020-10-16,Stanislaus,99,539301,17314,17201,702,17903,366
2020-10-16,Sutter,101,95872,1794,1756,1,1757,12
2020-10-16,Tehama,103,63373,823,737,4,741,3
2020-10-16,Trinity,105,12862,38,20,4,24,0
2020-10-16,Tulare,107,460477,17384,16965,286,17251,290
2020-10-16,Tuolumne,109,53932,262,237,27,264,4
2020-10-16,Ventura,111,848112,14295,13805,301,14106,152
2020-10-16,Yolo,113,214977,3124,3030,7,3037,55
2020-10-16,Yuba,115,75493,1203,1155,6,1161,10
2020-10-15,Alameda,1,1643700,22905,22267,222,22489,390
2020-10-15,Alpine,3,1148,4,3,0,3,0
2020-10-15,Amador,5,37829,315,309,0,309,16
2020-10-15,Butte,7,227075,3084,3000,24,3024,54
2020-10-15,Calaveras,9,45235,327,267,1,268,13
2020-10-15,Colusa,11,21464,542,543,0,543,6
2020-10-15,Contra Costa,13,1133247,18411,17893,93,17986,237
2020-10-15,Del Norte,15,27424,170,164,0,164,2
2020-10-15,El Dorado,17,186661,1317,1265,2,1267,4
2020-10-15,Fresno,19,978130,32412,29727,413,30140,425
2020-10-15,Glenn,21,27897,643,632,0,632,3
2020-10-15,Humboldt,23,135768,548,531,0,531,7
2020-10-15,Imperial,25,180216,12532,11820,8,11828,330
2020-10-15,Inyo,27,18085,224,210,1,211,14
2020-10-15,Kern,29,883053,33305,32593,377,32970,427
2020-10-15,Kings,31,150075,8264,8134,52,8186,80
2020-10-15,Lake,33,64148,687,642,0,642,14
2020-10-15,Lassen,35,31185,765,752,1,753,0
2020-10-15,Los Angeles,37,10098052,291058,284019,2658,286677,6807
2020-10-15,Madera,39,155013,4891,4723,31,4754,50
2020-10-15,Marin,41,260295,7024,6912,19,6931,99
2020-10-15,Mariposa,43,17540,79,76,0,76,2
2020-10-15,Mendocino,45,87422,1029,963,2,965,21
2020-10-15,Merced,47,269075,9333,9213,28,9241,147
2020-10-15,Modoc,49,8938,30,26,0,26,0
2020-10-15,Mono,51,14174,173,155,4,159,1
2020-10-15,Monterey,53,433212,10968,10677,42,10719,79
2020-10-15,Napa,55,140530,1930,1842,5,1847,12
2020-10-15,Nevada,57,99092,605,575,16,591,8
2020-10-15,Orange,59,3164182,58661,55952,1674,57626,1379
2020-10-15,Placer,61,380077,4049,3848,16,3864,48
2020-10-15,Plumas,63,18699,58,52,0,52,0
2020-10-15,Riverside,65,2383286,64682,62819,240,63059,1266
2020-10-15,Sacramento,67,1510023,24607,24068,21,24089,474
2020-10-15,San Benito,69,59416,1397,1384,1,1385,14
2020-10-15,San Bernardino,71,2135413,60591,58068,78,58146,1067
2020-10-15,San Diego,73,3302833,53583,51472,0,51472,847
2020-10-15,San Francisco,75,870044,11972,11808,47,11855,126
2020-10-15,San Joaquin,77,732212,21327,20880,144,21024,487
2020-10-15,San Luis Obispo,79,281455,4098,3934,17,3951,32
2020-10-15,San Mateo,81,765935,11012,10340,9,10349,152
2020-10-15,Santa Barbara,83,443738,10074,9526,118,9644,117
2020-10-15,Santa Clara,85,1922200,23988,22808,36,22844,343
2020-10-15,Santa Cruz,87,273765,2722,2656,34,2690,13
2020-10-15,Shasta,89,179085,1923,1635,17,1652,20
2020-10-15,Sierra,91,2930,6,6,0,6,0
2020-10-15,Siskiyou,93,43540,174,166,10,176,0
2020-10-15,Solano,95,438530,7072,6830,41,6871,55
2020-10-15,Sonoma,97,501317,8998,8571,22,8593,133
2020-10-15,Stanislaus,99,539301,17276,17151,688,17839,366
2020-10-15,Sutter,101,95872,1791,1752,1,1753,12
2020-10-15,Tehama,103,63373,796,726,4,730,3
2020-10-15,Trinity,105,12862,38,20,4,24,0
2020-10-15,Tulare,107,460477,17324,16918,270,17188,289
2020-10-15,Tuolumne,109,53932,260,236,27,263,4
2020-10-15,Ventura,111,848112,14239,13750,296,14046,152
2020-10-15,Yolo,113,214977,3104,3014,7,3021,55
2020-10-15,Yuba,115,75493,1196,1151,6,1157,10
2020-10-14,Alameda,1,1643700,22809,22227,221,22448,398
2020-10-14,Alpine,3,1148,4,3,0,3,0
2020-10-14,Amador,5,37829,313,308,0,308,16
2020-10-14,Butte,7,227075,3076,2995,24,3019,54
2020-10-14,Calaveras,9,45235,327,266,1,267,12
2020-10-14,Colusa,11,21464,542,543,0,543,6
2020-10-14,Contra Costa,13,1133247,18354,17820,91,17911,236
2020-10-14,Del Norte,15,27424,169,163,0,163,2
2020-10-14,El Dorado,17,186661,1311,1264,2,1266,4
2020-10-14,Fresno,19,978130,32300,29650,408,30058,424
2020-10-14,Glenn,21,27897,642,629,0,629,3
2020-10-14,Humboldt,23,135768,545,531,0,531,7
2020-10-14,Imperial,25,180216,12495,11765,7,11772,330
2020-10-14,Inyo,27,18085,223,209,1,210,14
2020-10-14,Kern,29,883053,33231,32528,374,32902,425
2020-10-14,Kings,31,150075,8247,8118,51,8169,80
2020-10-14,Lake,33,64148,686,642,0,642,14
2020-10-14,Lassen,35,31185,763,752,1,753,0
2020-10-14,Los Angeles,37,10098052,289747,282918,2611,285529,6786
2020-10-14,Madera,39,155013,4876,4713,30,4743,50
2020-10-14,Marin,41,260295,7018,6907,19,6926,99
2020-10-14,Mariposa,43,17540,78,76,0,76,2
2020-10-14,Mendocino,45,87422,1023,955,2,957,21
2020-10-14,Merced,47,269075,9309,9201,26,9227,147
2020-10-14,Modoc,49,8938,30,27,0,27,0
2020-10-14,Mono,51,14174,173,155,4,159,1
2020-10-14,Monterey,53,433212,10917,10616,42,10658,78
2020-10-14,Napa,55,140530,1913,1837,5,1842,12
2020-10-14,Nevada,57,99092,603,573,16,589,7
2020-10-14,Orange,59,3164182,58450,55756,1663,57419,1348
2020-10-14,Placer,61,380077,4026,3829,16,3845,48
2020-10-14,Plumas,63,18699,54,52,0,52,0
2020-10-14,Riverside,65,2383286,64399,62607,238,62845,1261
2020-10-14,Sacramento,67,1510023,24465,24013,21,24034,472
2020-10-14,San Benito,69,59416,1395,1381,0,1381,14
2020-10-14,San Bernardino,71,2135413,60266,57774,76,57850,1063
2020-10-14,San Diego,73,3302833,53265,51329,0,51329,844
2020-10-14,San Francisco,75,870044,11940,11783,46,11829,123
2020-10-14,San Joaquin,77,732212,21248,20845,130,20975,487
2020-10-14,San Luis Obispo,79,281455,4075,3901,16,3917,32
2020-10-14,San Mateo,81,765935,10961,10309,9,10318,132
2020-10-14,Santa Barbara,83,443738,10039,9509,118,9627,117
2020-10-14,Santa Clara,85,1922200,23840,22735,36,22771,343
2020-10-14,Santa Cruz,87,273765,2712,2618,34,2652,13
2020-10-14,Shasta,89,179085,1885,1553,17,1570,20
2020-10-14,Sierra,91,2930,6,6,0,6,0
2020-10-14,Siskiyou,93,43540,174,166,10,176,0
2020-10-14,Solano,95,438530,7016,6786,41,6827,55
2020-10-14,Sonoma,97,501317,8945,8514,22,8536,133
2020-10-14,Stanislaus,99,539301,17231,17105,685,17790,365
2020-10-14,Sutter,101,95872,1782,1747,1,1748,12
2020-10-14,Tehama,103,63373,785,721,4,725,3
2020-10-14,Trinity,105,12862,37,20,4,24,0
2020-10-14,Tulare,107,460477,17262,16863,257,17120,287
2020-10-14,Tuolumne,109,53932,259,236,27,263,4
2020-10-14,Ventura,111,848112,14186,13697,292,13989,152
2020-10-14,Yolo,113,214977,3086,3007,7,3014,55
2020-10-14,Yuba,115,75493,1188,1147,6,1153,10
2020-10-13,Alameda,1,1643700,22705,22185,219,22404,389
2020-10-13,Alpine,3,1148,4,3,0,3,0
2020-10-13,Amador,5,37829,311,306,0,306,16
2020-10-13,Butte,7,227075,3067,2992,24,3016,54
2020-10-13,Calaveras,9,45235,323,262,1,263,12
2020-10-13,Colusa,11,21464,542,541,0,541,6
2020-10-13,Contra Costa,13,1133247,18296,17783,91,17874,234
2020-10-13,Del Norte,15,27424,169,163,0,163,2
2020-10-13,El Dorado,17,186661,1302,1262,2,1264,4
2020-10-13,Fresno,19,978130,32180,29579,404,29983,424
2020-10-13,Glenn,21,27897,641,629,0,629,3
2020-10-13,Humboldt,23,135768,543,523,0,523,7
2020-10-13,Imperial,25,180216,12460,11727,7,11734,327
2020-10-13,Inyo,27,18085,220,207,1,208,14
2020-10-13,Kern,29,883053,33156,32497,372,32869,419
2020-10-13,Kings,31,150075,8238,8111,51,8162,80
2020-10-13,Lake,33,64148,683,639,0,639,12
2020-10-13,Lassen,35,31185,761,752,1,753,0
2020-10-13,Los Angeles,37,10098052,288474,281716,2568,284284,6767
2020-10-13,Madera,39,155013,4858,4700,30,4730,50
2020-10-13,Marin,41,260295,6996,6900,19,6919,97
2020-10-13,Mariposa,43,17540,78,76,0,76,2
2020-10-13,Mendocino,45,87422,1014,950,2,952,21
2020-10-13,Merced,47,269075,9291,9181,26,9207,146
2020-10-13,Modoc,49,8938,29,28,0,28,0
2020-10-13,Mono,51,14174,173,155,3,158,1
2020-10-13,Monterey,53,433212,10856,10574,41,10615,78
2020-10-13,Napa,55,140530,1904,1825,5,1830,12
2020-10-13,Nevada,57,99092,597,572,16,588,7
2020-10-13,Orange,59,3164182,58239,55515,1649,57164,1326
2020-10-13,Placer,61,380077,3989,3825,16,3841,48
2020-10-13,Plumas,63,18699,52,51,0,51,0
2020-10-13,Riverside,65,2383286,64081,62279,236,62515,1254
2020-10-13,Sacramento,67,1510023,24387,23930,21,23951,466
2020-10-13,San Benito,69,59416,1387,1380,0,1380,14
2020-10-13,San Bernardino,71,2135413,59928,57411,75,57486,1061
2020-10-13,San Diego,73,3302833,52973,51026,0,51026,840
2020-10-13,San Francisco,75,870044,11904,11659,46,11705,122
2020-10-13,San Joaquin,77,732212,21186,20822,126,20948,481
2020-10-13,San Luis Obispo,79,281455,4064,3892,15,3907,32
2020-10-13,San Mateo,81,765935,10918,10286,9,10295,130
2020-10-13,Santa Barbara,83,443738,10008,9489,118,9607,117
2020-10-13,Santa Clara,85,1922200,23714,22678,36,22714,343
2020-10-13,Santa Cruz,87,273765,2694,2603,34,2637,13
2020-10-13,Shasta,89,179085,1861,1606,17,1623,20
2020-10-13,Sierra,91,2930,6,6,0,6,0
2020-10-13,Siskiyou,93,43540,173,163,10,173,0
2020-10-13,Solano,95,438530,6981,6761,41,6802,55
2020-10-13,Sonoma,97,501317,8862,8456,22,8478,133
2020-10-13,Stanislaus,99,539301,17186,17082,680,17762,362
2020-10-13,Sutter,101,95872,1773,1748,1,1749,12
2020-10-13,Tehama,103,63373,777,717,4,721,3
2020-10-13,Trinity,105,12862,33,19,4,23,0
2020-10-13,Tulare,107,460477,17204,16822,249,17071,286
2020-10-13,Tuolumne,109,53932,257,235,27,262,4
2020-10-13,Ventura,111,848112,14133,13645,287,13932,151
2020-10-13,Yolo,113,214977,3078,2983,6,2989,55
2020-10-13,Yuba,115,75493,1183,1143,6,1149,10
2020-10-12,Alameda,1,1643700,22627,22126,218,22344,389
2020-10-12,Alpine,3,1148,4,3,0,3,0
2020-10-12,Amador,5,37829,310,305,0,305,16
2020-10-12,Butte,7,227075,3061,2975,24,2999,54
2020-10-12,Calaveras,9,45235,323,262,1,263,12
2020-10-12,Colusa,11,21464,542,541,0,541,6
2020-10-12,Contra Costa,13,1133247,18221,17728,91,17819,233
2020-10-12,Del Norte,15,27424,169,161,0,161,2
2020-10-12,El Dorado,17,186661,1299,1254,2,1256,4
2020-10-12,Fresno,19,978130,32047,29523,400,29923,421
2020-10-12,Glenn,21,27897,640,626,0,626,3
2020-10-12,Humboldt,23,135768,540,522,0,522,7
2020-10-12,Imperial,25,180216,12421,11689,7,11696,328
2020-10-12,Inyo,27,18085,217,201,1,202,14
2020-10-12,Kern,29,883053,33063,32425,369,32794,419
2020-10-12,Kings,31,150075,8232,8106,50,8156,80
2020-10-12,Lake,33,64148,677,633,0,633,12
2020-10-12,Lassen,35,31185,761,752,1,753,0
2020-10-12,Los Angeles,37,10098052,287261,280961,2537,283498,6747
2020-10-12,Madera,39,155013,4839,4689,30,4719,50
2020-10-12,Marin,41,260295,6979,6886,19,6905,97
2020-10-12,Mariposa,43,17540,78,76,0,76,2
2020-10-12,Mendocino,45,87422,1008,947,2,949,21
2020-10-12,Merced,47,269075,9270,9141,26,9167,146
2020-10-12,Modoc,49,8938,29,27,0,27,0
2020-10-12,Mono,51,14174,173,154,3,157,1
2020-10-12,Monterey,53,433212,10790,10473,41,10514,77
2020-10-12,Napa,55,140530,1896,1819,5,1824,11
2020-10-12,Nevada,57,99092,593,570,16,586,7
2020-10-12,Orange,59,3164182,58010,55373,1639,57012,1326
2020-10-12,Placer,61,380077,3956,3808,15,3823,48
2020-10-12,Plumas,63,18699,52,51,0,51,0
2020-10-12,Riverside,65,2383286,63769,62279,232,62511,1254
2020-10-12,Sacramento,67,1510023,24281,23807,21,23828,466
2020-10-12,San Benito,69,59416,1384,1376,0,1376,13
2020-10-12,San Bernardino,71,2135413,59558,57235,75,57310,1061
2020-10-12,San Diego,73,3302833,52683,50748,0,50748,826
2020-10-12,San Francisco,75,870044,11871,11659,46,11705,122
2020-10-12,San Joaquin,77,732212,21123,20701,120,20821,480
2020-10-12,San Luis Obispo,79,281455,4040,3874,15,3889,32
2020-10-12,San Mateo,81,765935,10870,10262,9,10271,130
2020-10-12,Santa Barbara,83,443738,9972,9462,118,9580,117
2020-10-12,Santa Clara,85,1922200,23600,22578,36,22614,343
2020-10-12,Santa Cruz,87,273765,2677,2590,34,2624,13
2020-10-12,Shasta,89,179085,1836,1515,17,1532,20
2020-10-12,Sierra,91,2930,6,6,0,6,0
2020-10-12,Siskiyou,93,43540,172,162,10,172,0
2020-10-12,Solano,95,438530,6942,6742,41,6783,55
2020-10-12,Sonoma,97,501317,8791,8377,22,8399,133
2020-10-12,Stanislaus,99,539301,17137,17051,671,17722,361
2020-10-12,Sutter,101,95872,1765,1741,1,1742,12
2020-10-12,Tehama,103,63373,761,708,4,712,3
2020-10-12,Trinity,105,12862,32,19,4,23,0
2020-10-12,Tulare,107,460477,17152,16742,242,16984,286
2020-10-12,Tuolumne,109,53932,252,234,27,261,4
2020-10-12,Ventura,111,848112,14071,13617,283,13900,151
2020-10-12,Yolo,113,214977,3063,2964,6,2970,55
2020-10-12,Yuba,115,75493,1172,1141,6,1147,10
2020-10-11,Alameda,1,1643700,22538,22057,214,22271,392
2020-10-11,Alpine,3,1148,4,3,0,3,0
2020-10-11,Amador,5,37829,308,305,0,305,16
2020-10-11,Butte,7,227075,3053,2967,23,2990,54
2020-10-11,Calaveras,9,45235,321,262,1,263,12
2020-10-11,Colusa,11,21464,540,541,0,541,6
2020-10-11,Contra Costa,13,1133247,18139,17678,91,17769,233
2020-10-11,Del Norte,15,27424,167,161,0,161,2
2020-10-11,El Dorado,17,186661,1290,1242,2,1244,4
2020-10-11,Fresno,19,978130,31910,29419,393,29812,421
2020-10-11,Glenn,21,27897,638,625,0,625,3
2020-10-11,Humboldt,23,135768,539,521,0,521,7
2020-10-11,Imperial,25,180216,12361,11614,7,11621,328
2020-10-11,Inyo,27,18085,213,201,1,202,14
2020-10-11,Kern,29,883053,32976,32399,362,32761,418
2020-10-11,Kings,31,150075,8215,8094,49,8143,80
2020-10-11,Lake,33,64148,664,631,0,631,12
2020-10-11,Lassen,35,31185,760,752,1,753,0
2020-10-11,Los Angeles,37,10098052,285825,280190,2495,282685,6745
2020-10-11,Madera,39,155013,4812,4680,29,4709,50
2020-10-11,Marin,41,260295,6970,6870,18,6888,97
2020-10-11,Mariposa,43,17540,78,76,0,76,2
2020-10-11,Mendocino,45,87422,1001,944,2,946,21
2020-10-11,Merced,47,269075,9252,9124,26,9150,146
2020-10-11,Modoc,49,8938,29,27,0,27,0
2020-10-11,Mono,51,14174,173,154,3,157,1
2020-10-11,Monterey,53,433212,10739,10445,39,10484,77
2020-10-11,Napa,55,140530,1880,1811,5,1816,11
2020-10-11,Nevada,57,99092,591,569,16,585,7
2020-10-11,Orange,59,3164182,57780,55202,1633,56835,1326
2020-10-11,Placer,61,380077,3935,3787,15,3802,48
2020-10-11,Plumas,63,18699,52,51,0,51,0
2020-10-11,Riverside,65,2383286,63480,62112,228,62340,1254
2020-10-11,Sacramento,67,1510023,24141,23778,21,23799,466
2020-10-11,San Benito,69,59416,1383,1374,0,1374,13
2020-10-11,San Bernardino,71,2135413,59105,56997,74,57071,1061
2020-10-11,San Diego,73,3302833,52334,50553,0,50553,826
2020-10-11,San Francisco,75,870044,11828,11659,46,11705,122
2020-10-11,San Joaquin,77,732212,21048,20700,110,20810,480
2020-10-11,San Luis Obispo,79,281455,4023,3874,14,3888,32
2020-10-11,San Mateo,81,765935,10839,10240,9,10249,130
2020-10-11,Santa Barbara,83,443738,9942,9440,116,9556,117
2020-10-11,Santa Clara,85,1922200,23458,22487,35,22522,336
2020-10-11,Santa Cruz,87,273765,2663,2578,34,2612,13
2020-10-11,Shasta,89,179085,1806,1515,16,1531,20
2020-10-11,Sierra,91,2930,6,6,0,6,0
2020-10-11,Siskiyou,93,43540,171,162,10,172,0
2020-10-11,Solano,95,438530,6888,6685,41,6726,53
2020-10-11,Sonoma,97,501317,8734,8319,22,8341,133
2020-10-11,Stanislaus,99,539301,17074,17007,654,17661,360
2020-10-11,Sutter,101,95872,1762,1742,1,1743,12
2020-10-11,Tehama,103,63373,737,702,4,706,3
2020-10-11,Trinity,105,12862,32,19,4,23,0
2020-10-11,Tulare,107,460477,17089,16741,234,16975,286
2020-10-11,Tuolumne,109,53932,248,234,27,261,4
2020-10-11,Ventura,111,848112,14011,13604,278,13882,151
2020-10-11,Yolo,113,214977,3033,2952,6,2958,55
2020-10-11,Yuba,115,75493,1160,1137,6,1143,10
2020-10-10,Alameda,1,1643700,22488,21979,213,22192,398
2020-10-10,Alpine,3,1148,4,3,0,3,0
2020-10-10,Amador,5,37829,307,304,0,304,16
2020-10-10,Butte,7,227075,3048,2962,22,2984,54
2020-10-10,Calaveras,9,45235,320,262,1,263,12
2020-10-10,Colusa,11,21464,540,541,0,541,6
2020-10-10,Contra Costa,13,1133247,18103,17566,90,17656,233
2020-10-10,Del Norte,15,27424,167,161,0,161,2
2020-10-10,El Dorado,17,186661,1288,1240,2,1242,4
2020-10-10,Fresno,19,978130,31847,29286,391,29677,421
2020-10-10,Glenn,21,27897,638,623,0,623,3
2020-10-10,Humboldt,23,135768,536,518,0,518,7
2020-10-10,Imperial,25,180216,12346,11591,7,11598,327
2020-10-10,Inyo,27,18085,210,201,1,202,14
2020-10-10,Kern,29,883053,32939,32338,362,32700,418
2020-10-10,Kings,31,150075,8211,8078,49,8127,80
2020-10-10,Lake,33,64148,663,630,0,630,11
2020-10-10,Lassen,35,31185,760,752,1,753,0
2020-10-10,Los Angeles,37,10098052,285106,279213,2461,281674,6743
2020-10-10,Madera,39,155013,4799,4662,29,4691,50
2020-10-10,Marin,41,260295,6961,6852,18,6870,97
2020-10-10,Mariposa,43,17540,78,76,0,76,2
2020-10-10,Mendocino,45,87422,994,935,2,937,21
2020-10-10,Merced,47,269075,9246,9105,25,9130,146
2020-10-10,Modoc,49,8938,29,27,0,27,0
2020-10-10,Mono,51,14174,173,154,3,157,1
2020-10-10,Monterey,53,433212,10706,10410,39,10449,75
2020-10-10,Napa,55,140530,1873,1804,5,1809,11
2020-10-10,Nevada,57,99092,588,564,16,580,6
2020-10-10,Orange,59,3164182,57659,54965,1628,56593,1324
2020-10-10,Placer,61,380077,3918,3757,15,3772,48
2020-10-10,Plumas,63,18699,52,51,0,51,0
2020-10-10,Riverside,65,2383286,63278,61845,225,62070,1254
2020-10-10,Sacramento,67,1510023,24075,23689,21,23710,466
2020-10-10,San Benito,69,59416,1381,1370,0,1370,13
2020-10-10,San Bernardino,71,2135413,58943,56683,74,56757,1061
2020-10-10,San Diego,73,3302833,52104,50145,0,50145,825
2020-10-10,San Francisco,75,870044,11807,11663,46,11709,122
2020-10-10,San Joaquin,77,732212,21020,20700,106,20806,481
2020-10-10,San Luis Obispo,79,281455,4003,3832,14,3846,32
2020-10-10,San Mateo,81,765935,10802,10218,9,10227,130
2020-10-10,Santa Barbara,83,443738,9931,9417,116,9533,116
2020-10-10,Santa Clara,85,1922200,23366,22354,35,22389,330
2020-10-10,Santa Cruz,87,273765,2649,2572,34,2606,13
2020-10-10,Shasta,89,179085,1789,1473,16,1489,20
2020-10-10,Sierra,91,2930,6,6,0,6,0
2020-10-10,Siskiyou,93,43540,171,161,10,171,0
2020-10-10,Solano,95,438530,6862,6655,41,6696,53
2020-10-10,Sonoma,97,501317,8714,8235,22,8257,133
2020-10-10,Stanislaus,99,539301,17039,16960,646,17606,360
2020-10-10,Sutter,101,95872,1759,1735,1,1736,12
2020-10-10,Tehama,103,63373,730,693,4,697,3
2020-10-10,Trinity,105,12862,32,19,4,23,0
2020-10-10,Tulare,107,460477,17055,16709,229,16938,286
2020-10-10,Tuolumne,109,53932,248,233,27,260,4
2020-10-10,Ventura,111,848112,13987,13520,278,13798,151
2020-10-10,Yolo,113,214977,3024,2939,6,2945,55
2020-10-10,Yuba,115,75493,1158,1134,6,1140,10
2020-10-09,Alameda,1,1643700,22440,21924,213,22137,399
2020-10-09,Alpine,3,1148,4,3,0,3,0
2020-10-09,Amador,5,37829,307,303,0,303,16
2020-10-09,Butte,7,227075,3045,2956,22,2978,51
2020-10-09,Calaveras,9,45235,318,262,1,263,11
2020-10-09,Colusa,11,21464,540,541,0,541,6
2020-10-09,Contra Costa,13,1133247,18053,17487,90,17577,229
2020-10-09,Del Norte,15,27424,166,161,0,161,2
2020-10-09,El Dorado,17,186661,1284,1234,2,1236,4
2020-10-09,Fresno,19,978130,31774,29208,389,29597,417
2020-10-09,Glenn,21,27897,633,617,0,617,3
2020-10-09,Humboldt,23,135768,534,516,0,516,7
2020-10-09,Imperial,25,180216,12319,11516,7,11523,330
2020-10-09,Inyo,27,18085,207,200,1,201,14
2020-10-09,Kern,29,883053,32897,32237,360,32597,417
2020-10-09,Kings,31,150075,8204,7993,47,8040,80
2020-10-09,Lake,33,64148,653,610,0,610,11
2020-10-09,Lassen,35,31185,760,751,1,752,0
2020-10-09,Los Angeles,37,10098052,283974,278039,2436,280475,6715
2020-10-09,Madera,39,155013,4789,4646,29,4675,50
2020-10-09,Marin,41,260295,6947,6838,18,6856,96
2020-10-09,Mariposa,43,17540,78,76,0,76,2
2020-10-09,Mendocino,45,87422,984,933,2,935,20
2020-10-09,Merced,47,269075,9232,9095,25,9120,145
2020-10-09,Modoc,49,8938,29,27,0,27,0
2020-10-09,Mono,51,14174,173,154,3,157,1
2020-10-09,Monterey,53,433212,10672,10369,39,10408,75
2020-10-09,Napa,55,140530,1863,1795,5,1800,11
2020-10-09,Nevada,57,99092,583,561,16,577,6
2020-10-09,Orange,59,3164182,57492,54746,1622,56368,1305
2020-10-09,Placer,61,380077,3905,3737,15,3752,48
2020-10-09,Plumas,63,18699,52,50,0,50,0
2020-10-09,Riverside,65,2383286,63042,61529,224,61753,1252
2020-10-09,Sacramento,67,1510023,24005,23606,21,23627,457
2020-10-09,San Benito,69,59416,1376,1367,0,1367,13
2020-10-09,San Bernardino,71,2135413,58704,56434,74,56508,1057
2020-10-09,San Diego,73,3302833,51828,49825,0,49825,821
2020-10-09,San Francisco,75,870044,11777,11620,46,11666,120
2020-10-09,San Joaquin,77,732212,20991,20648,96,20744,481
2020-10-09,San Luis Obispo,79,281455,3984,3810,14,3824,32
2020-10-09,San Mateo,81,765935,10774,10140,9,10149,130
2020-10-09,Santa Barbara,83,443738,9903,9396,116,9512,116
2020-10-09,Santa Clara,85,1922200,23264,22251,34,22285,328
2020-10-09,Santa Cruz,87,273765,2640,2555,34,2589,13
2020-10-09,Shasta,89,179085,1762,1353,15,1368,20
2020-10-09,Sierra,91,2930,6,6,0,6,0
2020-10-09,Siskiyou,93,43540,169,156,10,166,0
2020-10-09,Solano,95,438530,6823,6614,41,6655,53
2020-10-09,Sonoma,97,501317,8660,8133,22,8155,133
2020-10-09,Stanislaus,99,539301,17016,16904,637,17541,362
2020-10-09,Sutter,101,95872,1755,1732,1,1733,12
2020-10-09,Tehama,103,63373,724,682,4,686,3
2020-10-09,Trinity,105,12862,32,25,4,29,0
2020-10-09,Tulare,107,460477,17015,16644,220,16864,286
2020-10-09,Tuolumne,109,53932,245,230,27,257,4
2020-10-09,Ventura,111,848112,13951,13469,275,13744,151
2020-10-09,Yolo,113,214977,3017,2928,6,2934,55
2020-10-09,Yuba,115,75493,1157,1129,6,1135,10
2020-10-08,Alameda,1,1643700,22360,21826,212,22038,395
2020-10-08,Alpine,3,1148,4,3,0,3,0
2020-10-08,Amador,5,37829,306,302,0,302,16
2020-10-08,Butte,7,227075,3035,2935,22,2957,51
2020-10-08,Calaveras,9,45235,317,262,1,263,11
2020-10-08,Colusa,11,21464,540,539,0,539,6
2020-10-08,Contra Costa,13,1133247,17993,17418,89,17507,228
2020-10-08,Del Norte,15,27424,166,151,0,151,2
2020-10-08,El Dorado,17,186661,1283,1230,2,1232,4
2020-10-08,Fresno,19,978130,31669,29111,389,29500,416
2020-10-08,Glenn,21,27897,630,616,0,616,3
2020-10-08,Humboldt,23,135768,530,515,0,515,7
2020-10-08,Imperial,25,180216,12280,11405,7,11412,330
2020-10-08,Inyo,27,18085,204,199,1,200,14
2020-10-08,Kern,29,883053,32839,32169,355,32524,411
2020-10-08,Kings,31,150075,8198,7968,47,8015,80
2020-10-08,Lake,33,64148,648,604,0,604,11
2020-10-08,Lassen,35,31185,755,751,1,752,0
2020-10-08,Los Angeles,37,10098052,282777,276763,2395,279158,6699
2020-10-08,Madera,39,155013,4770,4637,29,4666,50
2020-10-08,Marin,41,260295,6933,6810,18,6828,96
2020-10-08,Mariposa,43,17540,78,76,0,76,2
2020-10-08,Mendocino,45,87422,979,930,2,932,20
2020-10-08,Merced,47,269075,9212,9069,25,9094,144
2020-10-08,Modoc,49,8938,29,27,0,27,0
2020-10-08,Mono,51,14174,173,153,3,156,1
2020-10-08,Monterey,53,433212,10605,10343,39,10382,75
2020-10-08,Napa,55,140530,1848,1779,5,1784,11
2020-10-08,Nevada,57,99092,580,556,16,572,6
2020-10-08,Orange,59,3164182,57299,54523,1610,56133,1293
2020-10-08,Placer,61,380077,3887,3715,15,3730,48
2020-10-08,Plumas,63,18699,52,50,0,50,0
2020-10-08,Riverside,65,2383286,62774,61105,222,61327,1244
2020-10-08,Sacramento,67,1510023,23897,23482,21,23503,454
2020-10-08,San Benito,69,59416,1371,1367,0,1367,13
2020-10-08,San Bernardino,71,2135413,58341,56152,74,56226,1048
2020-10-08,San Diego,73,3302833,51548,49468,0,49468,819
2020-10-08,San Francisco,75,870044,11740,11608,46,11654,115
2020-10-08,San Joaquin,77,732212,20941,20576,91,20667,478
2020-10-08,San Luis Obispo,79,281455,3968,3785,14,3799,32
2020-10-08,San Mateo,81,765935,10742,10044,9,10053,130
2020-10-08,Santa Barbara,83,443738,9873,9374,116,9490,116
2020-10-08,Santa Clara,85,1922200,23162,22095,34,22129,323
2020-10-08,Santa Cruz,87,273765,2629,2535,34,2569,13
2020-10-08,Shasta,89,179085,1728,1305,15,1320,20
2020-10-08,Sierra,91,2930,6,6,0,6,0
2020-10-08,Siskiyou,93,43540,169,156,10,166,0
2020-10-08,Solano,95,438530,6799,6556,41,6597,53
2020-10-08,Sonoma,97,501317,8594,8063,22,8085,132
2020-10-08,Stanislaus,99,539301,16971,16821,629,17450,360
2020-10-08,Sutter,101,95872,1755,1725,1,1726,12
2020-10-08,Tehama,103,63373,715,676,4,680,3
2020-10-08,Trinity,105,12862,32,25,4,29,0
2020-10-08,Tulare,107,460477,16954,16573,211,16784,283
2020-10-08,Tuolumne,109,53932,244,230,27,257,4
2020-10-08,Ventura,111,848112,13904,13399,272,13671,151
2020-10-08,Yolo,113,214977,3000,2914,6,2920,55
2020-10-08,Yuba,115,75493,1152,1126,6,1132,10
2020-10-07,Alameda,1,1643700,22284,21736,212,21948,395
2020-10-07,Alpine,3,1148,4,3,0,3,0
2020-10-07,Amador,5,37829,306,302,0,302,16
2020-10-07,Butte,7,227075,3023,2927,22,2949,47
2020-10-07,Calaveras,9,45235,315,262,1,263,11
2020-10-07,Colusa,11,21464,539,539,0,539,6
2020-10-07,Contra Costa,13,1133247,17923,17346,88,17434,225
2020-10-07,Del Norte,15,27424,165,149,0,149,2
2020-10-07,El Dorado,17,186661,1275,1219,2,1221,4
2020-10-07,Fresno,19,978130,31547,29069,384,29453,413
2020-10-07,Glenn,21,27897,630,615,0,615,3
2020-10-07,Humboldt,23,135768,527,512,0,512,7
2020-10-07,Imperial,25,180216,12244,11289,7,11296,330
2020-10-07,Inyo,27,18085,204,199,1,200,14
2020-10-07,Kern,29,883053,32767,32068,354,32422,410
2020-10-07,Kings,31,150075,8183,7948,47,7995,80
2020-10-07,Lake,33,64148,647,599,0,599,11
2020-10-07,Lassen,35,31185,755,751,1,752,0
2020-10-07,Los Angeles,37,10098052,281605,275559,2357,277916,6681
2020-10-07,Madera,39,155013,4750,4618,29,4647,50
2020-10-07,Marin,41,260295,6906,6790,18,6808,95
2020-10-07,Mariposa,43,17540,78,75,0,75,2
2020-10-07,Mendocino,45,87422,973,927,2,929,19
2020-10-07,Merced,47,269075,9175,9045,24,9069,144
2020-10-07,Modoc,49,8938,29,27,0,27,0
2020-10-07,Mono,51,14174,172,153,2,155,1
2020-10-07,Monterey,53,433212,10546,10272,39,10311,75
2020-10-07,Napa,55,140530,1835,1774,5,1779,11
2020-10-07,Nevada,57,99092,576,552,16,568,6
2020-10-07,Orange,59,3164182,57080,54332,1600,55932,1277
2020-10-07,Placer,61,380077,3871,3693,15,3708,48
2020-10-07,Plumas,63,18699,52,50,0,50,0
2020-10-07,Riverside,65,2383286,62427,60857,218,61075,1241
2020-10-07,Sacramento,67,1510023,23801,23380,21,23401,452
2020-10-07,San Benito,69,59416,1368,1363,0,1363,13
2020-10-07,San Bernardino,71,2135413,57993,55738,73,55811,1043
2020-10-07,San Diego,73,3302833,51232,49177,0,49177,813
2020-10-07,San Francisco,75,870044,11705,11551,46,11597,115
2020-10-07,San Joaquin,77,732212,20889,20527,83,20610,478
2020-10-07,San Luis Obispo,79,281455,3938,3749,14,3763,32
2020-10-07,San Mateo,81,765935,10700,9980,9,9989,130
2020-10-07,Santa Barbara,83,443738,9845,9350,115,9465,116
2020-10-07,Santa Clara,85,1922200,23035,21993,34,22027,320
2020-10-07,Santa Cruz,87,273765,2617,2518,34,2552,14
2020-10-07,Shasta,89,179085,1685,1268,15,1283,20
2020-10-07,Sierra,91,2930,6,6,0,6,0
2020-10-07,Siskiyou,93,43540,167,154,10,164,0
2020-10-07,Solano,95,438530,6764,6526,41,6567,53
2020-10-07,Sonoma,97,501317,8517,7993,22,8015,130
2020-10-07,Stanislaus,99,539301,16938,16786,623,17409,357
2020-10-07,Sutter,101,95872,1751,1723,1,1724,12
2020-10-07,Tehama,103,63373,706,666,4,670,3
2020-10-07,Trinity,105,12862,31,25,4,29,0
2020-10-07,Tulare,107,460477,16913,16483,202,16685,282
2020-10-07,Tuolumne,109,53932,244,227,27,254,3
2020-10-07,Ventura,111,848112,13854,13333,266,13599,150
2020-10-07,Yolo,113,214977,2974,2904,6,2910,55
2020-10-07,Yuba,115,75493,1146,1120,6,1126,10
2020-10-06,Alameda,1,1643700,22194,21698,210,21908,385
2020-10-06,Alpine,3,1148,4,3,0,3,0
2020-10-06,Amador,5,37829,304,301,0,301,16
2020-10-06,Butte,7,227075,3016,2925,22,2947,47
2020-10-06,Calaveras,9,45235,315,261,1,262,11
2020-10-06,Colusa,11,21464,538,538,0,538,6
2020-10-06,Contra Costa,13,1133247,17844,17295,88,17383,219
2020-10-06,Del Norte,15,27424,165,144,0,144,2
2020-10-06,El Dorado,17,186661,1271,1211,2,1213,4
2020-10-06,Fresno,19,978130,31405,29022,381,29403,412
2020-10-06,Glenn,21,27897,627,604,0,604,3
2020-10-06,Humboldt,23,135768,524,508,0,508,7
2020-10-06,Imperial,25,180216,12206,11196,7,11203,327
2020-10-06,Inyo,27,18085,202,198,1,199,14
2020-10-06,Kern,29,883053,32690,32006,352,32358,407
2020-10-06,Kings,31,150075,8167,7943,47,7990,81
2020-10-06,Lake,33,64148,641,596,0,596,11
2020-10-06,Lassen,35,31185,755,743,1,744,0
2020-10-06,Los Angeles,37,10098052,280373,274115,2304,276419,6657
2020-10-06,Madera,39,155013,4738,4608,29,4637,50
2020-10-06,Marin,41,260295,6892,6766,18,6784,91
2020-10-06,Mariposa,43,17540,78,75,0,75,2
2020-10-06,Mendocino,45,87422,967,920,2,922,19
2020-10-06,Merced,47,269075,9139,9034,23,9057,143
2020-10-06,Modoc,49,8938,29,26,0,26,0
2020-10-06,Mono,51,14174,172,153,2,155,1
2020-10-06,Monterey,53,433212,10490,10235,38,10273,72
2020-10-06,Napa,55,140530,1829,1770,5,1775,11
2020-10-06,Nevada,57,99092,574,551,16,567,6
2020-10-06,Orange,59,3164182,56865,54203,1592,55795,1273
2020-10-06,Placer,61,380077,3849,3680,15,3695,48
2020-10-06,Plumas,63,18699,52,49,0,49,0
2020-10-06,Riverside,65,2383286,62163,60593,215,60808,1238
2020-10-06,Sacramento,67,1510023,23714,23322,21,23343,442
2020-10-06,San Benito,69,59416,1367,1358,0,1358,12
2020-10-06,San Bernardino,71,2135413,57678,55416,72,55488,1040
2020-10-06,San Diego,73,3302833,50895,48823,0,48823,806
2020-10-06,San Francisco,75,870044,11679,11513,45,11558,115
2020-10-06,San Joaquin,77,732212,20849,20481,80,20561,477
2020-10-06,San Luis Obispo,79,281455,3904,3723,14,3737,32
2020-10-06,San Mateo,81,765935,10667,9934,9,9943,129
2020-10-06,Santa Barbara,83,443738,9816,9331,114,9445,116
2020-10-06,Santa Clara,85,1922200,22940,21914,34,21948,320
2020-10-06,Santa Cruz,87,273765,2595,2510,34,2544,12
2020-10-06,Shasta,89,179085,1645,1242,15,1257,18
2020-10-06,Sierra,91,2930,6,6,0,6,0
2020-10-06,Siskiyou,93,43540,167,154,10,164,0
2020-10-06,Solano,95,438530,6718,6506,41,6547,52
2020-10-06,Sonoma,97,501317,8425,7895,22,7917,130
2020-10-06,Stanislaus,99,539301,16893,16759,617,17376,354
2020-10-06,Sutter,101,95872,1749,1722,1,1723,12
2020-10-06,Tehama,103,63373,697,660,4,664,3
2020-10-06,Trinity,105,12862,31,25,4,29,0
2020-10-06,Tulare,107,460477,16871,16456,194,16650,280
2020-10-06,Tuolumne,109,53932,243,227,27,254,2
2020-10-06,Ventura,111,848112,13787,13242,261,13503,150
2020-10-06,Yolo,113,214977,2960,2899,6,2905,56
2020-10-06,Yuba,115,75493,1145,1114,6,1120,10
2020-10-05,Alameda,1,1643700,22107,21637,207,21844,383
2020-10-05,Alpine,3,1148,4,2,0,2,0
2020-10-05,Amador,5,37829,304,299,0,299,16
2020-10-05,Butte,7,227075,3006,2910,22,2932,46
2020-10-05,Calaveras,9,45235,315,259,1,260,11
2020-10-05,Colusa,11,21464,538,537,0,537,6
2020-10-05,Contra Costa,13,1133247,17767,17250,88,17338,216
2020-10-05,Del Norte,15,27424,162,142,0,142,2
2020-10-05,El Dorado,17,186661,1267,1202,2,1204,4
2020-10-05,Fresno,19,978130,31288,29136,381,29517,408
2020-10-05,Glenn,21,27897,625,603,0,603,3
2020-10-05,Humboldt,23,135768,523,506,0,506,6
2020-10-05,Imperial,25,180216,12167,11169,7,11176,327
2020-10-05,Inyo,27,18085,202,197,1,198,14
2020-10-05,Kern,29,883053,32612,31933,348,32281,404
2020-10-05,Kings,31,150075,8070,7932,47,7979,80
2020-10-05,Lake,33,64148,637,592,0,592,10
2020-10-05,Lassen,35,31185,754,743,1,744,0
2020-10-05,Los Angeles,37,10098052,279294,273200,2260,275460,6632
2020-10-05,Madera,39,155013,4730,4598,27,4625,50
2020-10-05,Marin,41,260295,6876,6751,18,6769,91
2020-10-05,Mariposa,43,17540,78,75,0,75,2
2020-10-05,Mendocino,45,87422,959,913,2,915,19
2020-10-05,Merced,47,269075,9120,9021,22,9043,143
2020-10-05,Modoc,49,8938,29,26,0,26,0
2020-10-05,Mono,51,14174,172,152,2,154,1
2020-10-05,Monterey,53,433212,10443,10187,38,10225,72
2020-10-05,Napa,55,140530,1819,1760,5,1765,11
2020-10-05,Nevada,57,99092,571,550,15,565,6
2020-10-05,Orange,59,3164182,56651,54103,1577,55680,1271
2020-10-05,Placer,61,380077,3823,3670,15,3685,46
2020-10-05,Plumas,63,18699,51,49,0,49,0
2020-10-05,Riverside,65,2383286,61844,60454,211,60665,1232
2020-10-05,Sacramento,67,1510023,23612,23207,21,23228,438
2020-10-05,San Benito,69,59416,1364,1356,0,1356,12
2020-10-05,San Bernardino,71,2135413,57372,55100,72,55172,1031
2020-10-05,San Diego,73,3302833,50559,48662,0,48662,803
2020-10-05,San Francisco,75,870044,11640,11476,42,11518,110
2020-10-05,San Joaquin,77,732212,20778,20319,77,20396,476
2020-10-05,San Luis Obispo,79,281455,3878,3710,14,3724,32
2020-10-05,San Mateo,81,765935,10640,9896,9,9905,128
2020-10-05,Santa Barbara,83,443738,9794,9309,114,9423,116
2020-10-05,Santa Clara,85,1922200,22825,21861,34,21895,319
2020-10-05,Santa Cruz,87,273765,2583,2492,34,2526,9
2020-10-05,Shasta,89,179085,1612,1158,15,1173,18
2020-10-05,Sierra,91,2930,6,6,0,6,0
2020-10-05,Siskiyou,93,43540,167,153,10,163,0
2020-10-05,Solano,95,438530,6679,6475,41,6516,52
2020-10-05,Sonoma,97,501317,8333,7817,22,7839,130
2020-10-05,Stanislaus,99,539301,16858,16730,610,17340,351
2020-10-05,Sutter,101,95872,1741,1719,1,1720,12
2020-10-05,Tehama,103,63373,689,642,4,646,3
2020-10-05,Trinity,105,12862,31,22,4,26,0
2020-10-05,Tulare,107,460477,16813,16343,190,16533,278
2020-10-05,Tuolumne,109,53932,240,226,27,253,2
2020-10-05,Ventura,111,848112,13720,13224,239,13463,149
2020-10-05,Yolo,113,214977,2941,2889,6,2895,56
2020-10-05,Yuba,115,75493,1132,1108,6,1114,9
2020-10-04,Alameda,1,1643700,22012,21597,207,21804,383
2020-10-04,Alpine,3,1148,4,2,0,2,0
2020-10-04,Amador,5,37829,302,297,0,297,16
2020-10-04,Butte,7,227075,2992,2903,22,2925,46
2020-10-04,Calaveras,9,45235,315,259,1,260,11
2020-10-04,Colusa,11,21464,537,537,0,537,6
2020-10-04,Contra Costa,13,1133247,17702,17192,88,17280,214
2020-10-04,Del Norte,15,27424,158,142,0,142,2
2020-10-04,El Dorado,17,186661,1263,1196,2,1198,4
2020-10-04,Fresno,19,978130,31165,29065,381,29446,408
2020-10-04,Glenn,21,27897,623,601,0,601,3
2020-10-04,Humboldt,23,135768,522,506,0,506,6
2020-10-04,Imperial,25,180216,12127,11127,7,11134,327
2020-10-04,Inyo,27,18085,199,195,1,196,14
2020-10-04,Kern,29,883053,32538,31906,346,32252,404
2020-10-04,Kings,31,150075,8055,7919,47,7966,80
2020-10-04,Lake,33,64148,623,589,0,589,10
2020-10-04,Lassen,35,31185,754,743,1,744,0
2020-10-04,Los Angeles,37,10098052,277913,272822,2209,275031,6625
2020-10-04,Madera,39,155013,4714,4587,27,4614,50
2020-10-04,Marin,41,260295,6856,6741,18,6759,91
2020-10-04,Mariposa,43,17540,78,75,0,75,2
2020-10-04,Mendocino,45,87422,946,905,2,907,18
2020-10-04,Merced,47,269075,9095,9006,22,9028,140
2020-10-04,Modoc,49,8938,29,26,0,26,0
2020-10-04,Mono,51,14174,171,152,1,153,1
2020-10-04,Monterey,53,433212,10402,10141,37,10178,72
2020-10-04,Napa,55,140530,1807,1759,5,1764,11
2020-10-04,Nevada,57,99092,567,547,14,561,6
2020-10-04,Orange,59,3164182,56415,53966,1568,55534,1270
2020-10-04,Placer,61,380077,3802,3664,15,3679,46
2020-10-04,Plumas,63,18699,51,49,0,49,0
2020-10-04,Riverside,65,2383286,61558,60251,206,60457,1226
2020-10-04,Sacramento,67,1510023,23499,23162,21,23183,438
2020-10-04,San Benito,69,59416,1364,1355,0,1355,12
2020-10-04,San Bernardino,71,2135413,56928,55100,72,55172,1031
2020-10-04,San Diego,73,3302833,50193,48438,0,48438,803
2020-10-04,San Francisco,75,870044,11608,11474,40,11514,110
2020-10-04,San Joaquin,77,732212,20701,20320,71,20391,476
2020-10-04,San Luis Obispo,79,281455,3853,3688,14,3702,31
2020-10-04,San Mateo,81,765935,10579,9858,9,9867,128
2020-10-04,Santa Barbara,83,443738,9768,9276,111,9387,116
2020-10-04,Santa Clara,85,1922200,22689,21780,34,21814,316
2020-10-04,Santa Cruz,87,273765,2567,2483,34,2517,9
2020-10-04,Shasta,89,179085,1514,1158,14,1172,18
2020-10-04,Sierra,91,2930,6,6,0,6,0
2020-10-04,Siskiyou,93,43540,167,153,10,163,0
2020-10-04,Solano,95,438530,6628,6445,41,6486,52
2020-10-04,Sonoma,97,501317,8245,7794,22,7816,129
2020-10-04,Stanislaus,99,539301,16808,16711,601,17312,351
2020-10-04,Sutter,101,95872,1736,1711,1,1712,11
2020-10-04,Tehama,103,63373,674,637,4,641,3
2020-10-04,Trinity,105,12862,31,21,4,25,0
2020-10-04,Tulare,107,460477,16739,16343,178,16521,278
2020-10-04,Tuolumne,109,53932,238,226,27,253,2
2020-10-04,Ventura,111,848112,13638,13197,222,13419,149
2020-10-04,Yolo,113,214977,2930,2875,6,2881,56
2020-10-04,Yuba,115,75493,1128,1103,6,1109,9
2020-10-03,Alameda,1,1643700,21968,21510,206,21716,386
2020-10-03,Alpine,3,1148,4,2,0,2,0
2020-10-03,Amador,5,37829,301,296,0,296,16
2020-10-03,Butte,7,227075,2986,2894,22,2916,46
2020-10-03,Calaveras,9,45235,315,259,1,260,11
2020-10-03,Colusa,11,21464,536,537,0,537,6
2020-10-03,Contra Costa,13,1133247,17652,17087,86,17173,213
2020-10-03,Del Norte,15,27424,154,142,0,142,2
2020-10-03,El Dorado,17,186661,1256,1188,2,1190,4
2020-10-03,Fresno,19,978130,31106,28975,380,29355,408
2020-10-03,Glenn,21,27897,621,601,0,601,3
2020-10-03,Humboldt,23,135768,521,504,0,504,6
2020-10-03,Imperial,25,180216,12104,11090,7,11097,327
2020-10-03,Inyo,27,18085,199,194,1,195,14
2020-10-03,Kern,29,883053,32489,31864,343,32207,403
2020-10-03,Kings,31,150075,8051,7887,47,7934,80
2020-10-03,Lake,33,64148,613,588,0,588,10
2020-10-03,Lassen,35,31185,754,743,1,744,0
2020-10-03,Los Angeles,37,10098052,277209,271869,2179,274048,6620
2020-10-03,Madera,39,155013,4697,4565,27,4592,50
2020-10-03,Marin,41,260295,6850,6728,18,6746,91
2020-10-03,Mariposa,43,17540,78,75,0,75,2
2020-10-03,Mendocino,45,87422,945,898,2,900,18
2020-10-03,Merced,47,269075,9082,8986,22,9008,139
2020-10-03,Modoc,49,8938,29,26,0,26,0
2020-10-03,Mono,51,14174,171,152,1,153,1
2020-10-03,Monterey,53,433212,10368,10092,34,10126,72
2020-10-03,Napa,55,140530,1803,1752,5,1757,11
2020-10-03,Nevada,57,99092,565,544,14,558,6
2020-10-03,Orange,59,3164182,56298,53573,1563,55136,1268
2020-10-03,Placer,61,380077,3791,3648,15,3663,47
2020-10-03,Plumas,63,18699,51,48,0,48,0
2020-10-03,Riverside,65,2383286,61403,59991,205,60196,1226
2020-10-03,Sacramento,67,1510023,23448,23076,21,23097,437
2020-10-03,San Benito,69,59416,1364,1351,0,1351,12
2020-10-03,San Bernardino,71,2135413,56756,55004,71,55075,1031
2020-10-03,San Diego,73,3302833,49962,48202,0,48202,798
2020-10-03,San Francisco,75,870044,11583,11475,38,11513,110
2020-10-03,San Joaquin,77,732212,20675,20322,71,20393,476
2020-10-03,San Luis Obispo,79,281455,3829,3670,14,3684,31
2020-10-03,San Mateo,81,765935,10553,9822,8,9830,128
2020-10-03,Santa Barbara,83,443738,9755,9256,111,9367,116
2020-10-03,Santa Clara,85,1922200,22609,21672,34,21706,309
2020-10-03,Santa Cruz,87,273765,2559,2476,34,2510,9
2020-10-03,Shasta,89,179085,1486,1117,13,1130,18
2020-10-03,Sierra,91,2930,6,6,0,6,0
2020-10-03,Siskiyou,93,43540,167,152,10,162,0
2020-10-03,Solano,95,438530,6602,6419,41,6460,52
2020-10-03,Sonoma,97,501317,8202,7747,22,7769,129
2020-10-03,Stanislaus,99,539301,16775,16645,597,17242,351
2020-10-03,Sutter,101,95872,1732,1705,1,1706,11
2020-10-03,Tehama,103,63373,668,630,4,634,3
2020-10-03,Trinity,105,12862,31,15,4,19,0
2020-10-03,Tulare,107,460477,16697,16322,173,16495,278
2020-10-03,Tuolumne,109,53932,237,224,27,251,2
2020-10-03,Ventura,111,848112,13599,13150,218,13368,148
2020-10-03,Yolo,113,214977,2923,2863,6,2869,56
2020-10-03,Yuba,115,75493,1120,1097,6,1103,8
2020-10-02,Alameda,1,1643700,21914,21404,205,21609,382
2020-10-02,Alpine,3,1148,4,2,0,2,0
2020-10-02,Amador,5,37829,300,296,0,296,16
2020-10-02,Butte,7,227075,2976,2879,22,2901,46
2020-10-02,Calaveras,9,45235,314,259,1,260,11
2020-10-02,Colusa,11,21464,535,537,0,537,6
2020-10-02,Contra Costa,13,1133247,17609,17002,86,17088,213
2020-10-02,Del Norte,15,27424,153,141,0,141,2
2020-10-02,El Dorado,17,186661,1249,1168,2,1170,4
2020-10-02,Fresno,19,978130,31023,28855,380,29235,403
2020-10-02,Glenn,21,27897,616,594,0,594,3
2020-10-02,Humboldt,23,135768,520,503,0,503,6
2020-10-02,Imperial,25,180216,12082,11024,7,11031,327
2020-10-02,Inyo,27,18085,197,191,1,192,14
2020-10-02,Kern,29,883053,32437,31790,341,32131,399
2020-10-02,Kings,31,150075,8042,7716,47,7763,79
2020-10-02,Lake,33,64148,607,579,0,579,10
2020-10-02,Lassen,35,31185,754,742,1,743,0
2020-10-02,Los Angeles,37,10098052,276308,270935,2150,273085,6602
2020-10-02,Madera,39,155013,4688,4537,27,4564,49
2020-10-02,Marin,41,260295,6833,6717,18,6735,91
2020-10-02,Mariposa,43,17540,78,75,0,75,2
2020-10-02,Mendocino,45,87422,941,883,2,885,18
2020-10-02,Merced,47,269075,9072,8961,22,8983,139
2020-10-02,Modoc,49,8938,29,26,0,26,0
2020-10-02,Mono,51,14174,171,150,1,151,1
2020-10-02,Monterey,53,433212,10334,9997,34,10031,71
2020-10-02,Napa,55,140530,1797,1737,5,1742,11
2020-10-02,Nevada,57,99092,562,543,14,557,6
2020-10-02,Orange,59,3164182,56168,53299,1556,54855,1262
2020-10-02,Placer,61,380077,3771,3612,15,3627,46
2020-10-02,Plumas,63,18699,51,48,0,48,0
2020-10-02,Riverside,65,2383286,61182,59673,202,59875,1223
2020-10-02,Sacramento,67,1510023,23385,22818,21,22839,436
2020-10-02,San Benito,69,59416,1360,1347,0,1347,12
2020-10-02,San Bernardino,71,2135413,56569,54613,71,54684,1028
2020-10-02,San Diego,73,3302833,49710,47793,0,47793,794
2020-10-02,San Francisco,75,870044,11560,11398,38,11436,110
2020-10-02,San Joaquin,77,732212,20642,20235,69,20304,474
2020-10-02,San Luis Obispo,79,281455,3806,3654,14,3668,31
2020-10-02,San Mateo,81,765935,10512,9745,8,9753,128
2020-10-02,Santa Barbara,83,443738,9733,9234,111,9345,116
2020-10-02,Santa Clara,85,1922200,22528,21545,34,21579,305
2020-10-02,Santa Cruz,87,273765,2542,2463,34,2497,9
2020-10-02,Shasta,89,179085,1451,1046,13,1059,18
2020-10-02,Sierra,91,2930,6,6,0,6,0
2020-10-02,Siskiyou,93,43540,167,151,10,161,0
2020-10-02,Solano,95,438530,6572,6385,41,6426,52
2020-10-02,Sonoma,97,501317,8145,7662,22,7684,125
2020-10-02,Stanislaus,99,539301,16735,16609,588,17197,349
2020-10-02,Sutter,101,95872,1731,1693,1,1694,11
2020-10-02,Tehama,103,63373,663,619,4,623,3
2020-10-02,Trinity,105,12862,31,15,4,19,0
2020-10-02,Tulare,107,460477,16657,16245,166,16411,278
2020-10-02,Tuolumne,109,53932,235,225,27,252,2
2020-10-02,Ventura,111,848112,13562,13120,212,13332,146
2020-10-02,Yolo,113,214977,2918,2845,6,2851,55
2020-10-02,Yuba,115,75493,1118,1090,6,1096,8
2020-10-01,Alameda,1,1643700,21854,21349,202,21551,383
2020-10-01,Alpine,3,1148,4,2,0,2,0
2020-10-01,Amador,5,37829,300,294,0,294,16
2020-10-01,Butte,7,227075,2968,2865,22,2887,45
2020-10-01,Calaveras,9,45235,314,257,1,258,11
2020-10-01,Colusa,11,21464,535,536,0,536,6
2020-10-01,Contra Costa,13,1133247,17547,16898,86,16984,211
2020-10-01,Del Norte,15,27424,148,140,0,140,2
2020-10-01,El Dorado,17,186661,1245,1162,1,1163,4
2020-10-01,Fresno,19,978130,30943,28796,378,29174,397
2020-10-01,Glenn,21,27897,612,593,0,593,3
2020-10-01,Humboldt,23,135768,520,499,0,499,6
2020-10-01,Imperial,25,180216,12039,10928,7,10935,325
2020-10-01,Inyo,27,18085,197,191,1,192,14
2020-10-01,Kern,29,883053,32374,31678,338,32016,399
2020-10-01,Kings,31,150075,8031,7688,44,7732,79
2020-10-01,Lake,33,64148,601,572,0,572,11
2020-10-01,Lassen,35,31185,751,742,1,743,0
2020-10-01,Los Angeles,37,10098052,275269,271513,2113,273626,6621
2020-10-01,Madera,39,155013,4665,4508,27,4535,48
2020-10-01,Marin,41,260295,6819,6710,18,6728,92
2020-10-01,Mariposa,43,17540,78,76,0,76,2
2020-10-01,Mendocino,45,87422,937,874,2,876,19
2020-10-01,Merced,47,269075,9044,8942,22,8964,138
2020-10-01,Modoc,49,8938,29,26,0,26,0
2020-10-01,Mono,51,14174,169,150,1,151,1
2020-10-01,Monterey,53,433212,10258,9958,34,9992,71
2020-10-01,Napa,55,140530,1789,1729,5,1734,11
2020-10-01,Nevada,57,99092,561,543,14,557,6
2020-10-01,Orange,59,3164182,56003,53088,1543,54631,1257
2020-10-01,Placer,61,380077,3743,3599,15,3614,45
2020-10-01,Plumas,63,18699,51,48,0,48,0
2020-10-01,Riverside,65,2383286,60932,59293,195,59488,1223
2020-10-01,Sacramento,67,1510023,23274,22714,20,22734,433
2020-10-01,San Benito,69,59416,1358,1346,0,1346,12
2020-10-01,San Bernardino,71,2135413,56275,54350,69,54419,1021
2020-10-01,San Diego,73,3302833,49428,47487,0,47487,792
2020-10-01,San Francisco,75,870044,11529,11284,36,11320,110
2020-10-01,San Joaquin,77,732212,20595,20204,66,20270,471
2020-10-01,San Luis Obispo,79,281455,3779,3625,14,3639,31
2020-10-01,San Mateo,81,765935,10467,9681,8,9689,128
2020-10-01,Santa Barbara,83,443738,9691,9215,111,9326,118
2020-10-01,Santa Clara,85,1922200,22428,21398,34,21432,305
2020-10-01,Santa Cruz,87,273765,2527,2418,34,2452,10
2020-10-01,Shasta,89,179085,1400,991,13,1004,18
2020-10-01,Sierra,91,2930,6,6,0,6,0
2020-10-01,Siskiyou,93,43540,164,150,10,160,0
2020-10-01,Solano,95,438530,6534,6352,41,6393,52
2020-10-01,Sonoma,97,501317,8078,7569,22,7591,125
2020-10-01,Stanislaus,99,539301,16702,16555,582,17137,346
2020-10-01,Sutter,101,95872,1726,1684,1,1685,11
2020-10-01,Tehama,103,63373,653,606,4,610,3
2020-10-01,Trinity,105,12862,31,15,4,19,0
2020-10-01,Tulare,107,460477,16584,16182,163,16345,275
2020-10-01,Tuolumne,109,53932,235,223,27,250,2
2020-10-01,Ventura,111,848112,13513,13057,196,13253,146
2020-10-01,Yolo,113,214977,2900,2833,6,2839,55
2020-10-01,Yuba,115,75493,1114,1082,6,1088,8
2020-09-30,Alameda,1,1643700,21777,21271,197,21468,380
2020-09-30,Alpine,3,1148,4,2,0,2,0
2020-09-30,Amador,5,37829,300,294,0,294,16
2020-09-30,Butte,7,227075,2960,2858,22,2880,44
2020-09-30,Calaveras,9,45235,313,258,1,259,11
2020-09-30,Colusa,11,21464,534,534,0,534,6
2020-09-30,Contra Costa,13,1133247,17478,16819,86,16905,211
2020-09-30,Del Norte,15,27424,147,140,0,140,2
2020-09-30,El Dorado,17,186661,1233,1157,1,1158,4
2020-09-30,Fresno,19,978130,30852,28706,375,29081,395
2020-09-30,Glenn,21,27897,607,592,0,592,3
2020-09-30,Humboldt,23,135768,518,497,0,497,6
2020-09-30,Imperial,25,180216,12014,10868,7,10875,287
2020-09-30,Inyo,27,18085,197,189,0,189,14
2020-09-30,Kern,29,883053,32301,31601,337,31938,398
2020-09-30,Kings,31,150075,8002,7685,44,7729,79
2020-09-30,Lake,33,64148,595,567,0,567,10
2020-09-30,Lassen,35,31185,748,742,1,743,0
2020-09-30,Los Angeles,37,10098052,274032,270260,2079,272339,6568
2020-09-30,Madera,39,155013,4656,4477,27,4504,47
2020-09-30,Marin,41,260295,6795,6700,17,6717,91
2020-09-30,Mariposa,43,17540,78,76,0,76,2
2020-09-30,Mendocino,45,87422,931,867,2,869,17
2020-09-30,Merced,47,269075,9024,8926,22,8948,136
2020-09-30,Modoc,49,8938,29,26,0,26,0
2020-09-30,Mono,51,14174,169,150,1,151,1
2020-09-30,Monterey,53,433212,10208,9898,33,9931,70
2020-09-30,Napa,55,140530,1775,1728,5,1733,11
2020-09-30,Nevada,57,99092,559,540,14,554,6
2020-09-30,Orange,59,3164182,55812,52916,1527,54443,1251
2020-09-30,Placer,61,380077,3722,3585,15,3600,43
2020-09-30,Plumas,63,18699,51,48,0,48,0
2020-09-30,Riverside,65,2383286,60580,59074,190,59264,1220
2020-09-30,Sacramento,67,1510023,23172,22613,20,22633,429
2020-09-30,San Benito,69,59416,1355,1342,0,1342,12
2020-09-30,San Bernardino,71,2135413,55999,53988,69,54057,1018
2020-09-30,San Diego,73,3302833,49126,47182,0,47182,783
2020-09-30,San Francisco,75,870044,11499,11247,36,11283,106
2020-09-30,San Joaquin,77,732212,20512,20150,64,20214,461
2020-09-30,San Luis Obispo,79,281455,3754,3597,14,3611,31
2020-09-30,San Mateo,81,765935,10425,9634,8,9642,128
2020-09-30,Santa Barbara,83,443738,9666,9186,111,9297,115
2020-09-30,Santa Clara,85,1922200,22323,21318,34,21352,302
2020-09-30,Santa Cruz,87,273765,2514,2405,34,2439,10
2020-09-30,Shasta,89,179085,1344,976,13,989,17
2020-09-30,Sierra,91,2930,6,6,0,6,0
2020-09-30,Siskiyou,93,43540,162,150,10,160,0
2020-09-30,Solano,95,438530,6492,6315,41,6356,51
2020-09-30,Sonoma,97,501317,7990,7494,22,7516,125
2020-09-30,Stanislaus,99,539301,16655,16531,576,17107,343
2020-09-30,Sutter,101,95872,1710,1680,1,1681,10
2020-09-30,Tehama,103,63373,647,594,4,598,3
2020-09-30,Trinity,105,12862,28,15,4,19,0
2020-09-30,Tulare,107,460477,16518,16117,157,16274,274
2020-09-30,Tuolumne,109,53932,233,224,27,251,2
2020-09-30,Ventura,111,848112,13478,12968,180,13148,145
2020-09-30,Yolo,113,214977,2887,2822,6,2828,55
2020-09-30,Yuba,115,75493,1111,1075,6,1081,8
2020-09-29,Alameda,1,1643700,21701,21241,193,21434,374
2020-09-29,Alpine,3,1148,4,2,0,2,0
2020-09-29,Amador,5,37829,298,294,0,294,16
2020-09-29,Butte,7,227075,2946,2848,22,2870,44
2020-09-29,Calaveras,9,45235,311,261,1,262,11
2020-09-29,Colusa,11,21464,534,534,0,534,6
2020-09-29,Contra Costa,13,1133247,17423,16716,84,16800,209
2020-09-29,Del Norte,15,27424,143,142,0,142,2
2020-09-29,El Dorado,17,186661,1224,1151,1,1152,4
2020-09-29,Fresno,19,978130,30758,28621,374,28995,394
2020-09-29,Glenn,21,27897,603,589,0,589,3
2020-09-29,Humboldt,23,135768,516,497,0,497,6
2020-09-29,Imperial,25,180216,11980,10811,7,10818,283
2020-09-29,Inyo,27,18085,196,188,0,188,14
2020-09-29,Kern,29,883053,32246,31534,336,31870,397
2020-09-29,Kings,31,150075,7946,7681,43,7724,78
2020-09-29,Lake,33,64148,593,566,0,566,11
2020-09-29,Lassen,35,31185,748,741,1,742,0
2020-09-29,Los Angeles,37,10098052,272814,269246,2049,271295,6545
2020-09-29,Madera,39,155013,4632,4453,27,4480,47
2020-09-29,Marin,41,260295,6774,6692,17,6709,91
2020-09-29,Mariposa,43,17540,78,74,0,74,2
2020-09-29,Mendocino,45,87422,921,854,2,856,17
2020-09-29,Merced,47,269075,9011,8892,20,8912,136
2020-09-29,Modoc,49,8938,29,26,0,26,0
2020-09-29,Mono,51,14174,169,149,1,150,1
2020-09-29,Monterey,53,433212,10153,9826,31,9857,70
2020-09-29,Napa,55,140530,1772,1727,5,1732,11
2020-09-29,Nevada,57,99092,554,539,14,553,6
2020-09-29,Orange,59,3164182,55626,52755,1516,54271,1231
2020-09-29,Placer,61,380077,3701,3570,15,3585,42
2020-09-29,Plumas,63,18699,51,48,0,48,0
2020-09-29,Riverside,65,2383286,60251,58863,181,59044,1208
2020-09-29,Sacramento,67,1510023,23051,22547,20,22567,425
2020-09-29,San Benito,69,59416,1350,1341,0,1341,12
2020-09-29,San Bernardino,71,2135413,55692,53753,69,53822,1012
2020-09-29,San Diego,73,3302833,48851,46987,0,46987,781
2020-09-29,San Francisco,75,870044,11463,11142,36,11178,104
2020-09-29,San Joaquin,77,732212,20447,20094,62,20156,454
2020-09-29,San Luis Obispo,79,281455,3734,3581,14,3595,31
2020-09-29,San Mateo,81,765935,10379,9619,8,9627,127
2020-09-29,Santa Barbara,83,443738,9646,9149,110,9259,114
2020-09-29,Santa Clara,85,1922200,22190,21233,33,21266,302
2020-09-29,Santa Cruz,87,273765,2499,2383,33,2416,10
2020-09-29,Shasta,89,179085,1283,943,13,956,17
2020-09-29,Sierra,91,2930,6,6,0,6,0
2020-09-29,Siskiyou,93,43540,156,150,10,160,0
2020-09-29,Solano,95,438530,6458,6303,41,6344,51
2020-09-29,Sonoma,97,501317,7918,7426,22,7448,125
2020-09-29,Stanislaus,99,539301,16625,16505,570,17075,341
2020-09-29,Sutter,101,95872,1704,1677,1,1678,10
2020-09-29,Tehama,103,63373,629,585,4,589,2
2020-09-29,Trinity,105,12862,28,16,4,20,0
2020-09-29,Tulare,107,460477,16455,16055,148,16203,270
2020-09-29,Tuolumne,109,53932,233,224,27,251,2
2020-09-29,Ventura,111,848112,13423,12875,177,13052,145
2020-09-29,Yolo,113,214977,2874,2818,6,2824,55
2020-09-29,Yuba,115,75493,1109,1071,6,1077,8
2020-09-28,Alameda,1,1643700,21616,21133,193,21326,370
2020-09-28,Alpine,3,1148,4,2,0,2,0
2020-09-28,Amador,5,37829,296,294,0,294,16
2020-09-28,Butte,7,227075,2931,2837,22,2859,44
2020-09-28,Calaveras,9,45235,311,257,1,258,11
2020-09-28,Colusa,11,21464,533,531,0,531,6
2020-09-28,Contra Costa,13,1133247,17358,16653,84,16737,195
2020-09-28,Del Norte,15,27424,143,138,0,138,2
2020-09-28,El Dorado,17,186661,1217,1144,1,1145,4
2020-09-28,Fresno,19,978130,30676,28517,367,28884,389
2020-09-28,Glenn,21,27897,601,585,0,585,3
2020-09-28,Humboldt,23,135768,510,495,0,495,6
2020-09-28,Imperial,25,180216,11946,10777,7,10784,283
2020-09-28,Inyo,27,18085,195,188,0,188,14
2020-09-28,Kern,29,883053,32181,31481,332,31813,395
2020-09-28,Kings,31,150075,7805,7661,41,7702,78
2020-09-28,Lake,33,64148,589,559,0,559,10
2020-09-28,Lassen,35,31185,747,737,1,738,0
2020-09-28,Los Angeles,37,10098052,271700,268404,2018,270422,6508
2020-09-28,Madera,39,155013,4611,4438,27,4465,47
2020-09-28,Marin,41,260295,6758,6676,17,6693,91
2020-09-28,Mariposa,43,17540,78,74,0,74,2
2020-09-28,Mendocino,45,87422,907,850,2,852,17
2020-09-28,Merced,47,269075,8983,8869,20,8889,136
2020-09-28,Modoc,49,8938,29,26,0,26,0
2020-09-28,Mono,51,14174,169,148,1,149,1
2020-09-28,Monterey,53,433212,10089,9780,29,9809,69
2020-09-28,Napa,55,140530,1760,1705,5,1710,11
2020-09-28,Nevada,57,99092,546,538,14,552,6
2020-09-28,Orange,59,3164182,55421,52633,1507,54140,1196
2020-09-28,Placer,61,380077,3681,3572,15,3587,42
2020-09-28,Plumas,63,18699,50,48,0,48,0
2020-09-28,Riverside,65,2383286,59952,58570,172,58742,1198
2020-09-28,Sacramento,67,1510023,22903,22392,20,22412,423
2020-09-28,San Benito,69,59416,1347,1336,0,1336,11
2020-09-28,San Bernardino,71,2135413,55350,53501,69,53570,988
2020-09-28,San Diego,73,3302833,48533,46736,0,46736,776
2020-09-28,San Francisco,75,870044,11429,11114,36,11150,100
2020-09-28,San Joaquin,77,732212,20398,19982,61,20043,448
2020-09-28,San Luis Obispo,79,281455,3713,3567,14,3581,31
2020-09-28,San Mateo,81,765935,10329,9582,8,9590,127
2020-09-28,Santa Barbara,83,443738,9629,9121,110,9231,114
2020-09-28,Santa Clara,85,1922200,22074,21180,33,21213,271
2020-09-28,Santa Cruz,87,273765,2489,2359,33,2392,9
2020-09-28,Shasta,89,179085,1229,883,10,893,17
2020-09-28,Sierra,91,2930,6,6,0,6,0
2020-09-28,Siskiyou,93,43540,156,149,10,159,0
2020-09-28,Solano,95,438530,6422,6254,41,6295,51
2020-09-28,Sonoma,97,501317,7842,7369,22,7391,125
2020-09-28,Stanislaus,99,539301,16585,16467,563,17030,336
2020-09-28,Sutter,101,95872,1697,1676,1,1677,10
2020-09-28,Tehama,103,63373,621,579,4,583,2
2020-09-28,Trinity,105,12862,28,16,4,20,0
2020-09-28,Tulare,107,460477,16403,15918,142,16060,270
2020-09-28,Tuolumne,109,53932,233,225,27,252,2
2020-09-28,Ventura,111,848112,13347,12812,170,12982,139
2020-09-28,Yolo,113,214977,2857,2809,6,2815,55
2020-09-28,Yuba,115,75493,1106,1062,6,1068,7
2020-09-27,Alameda,1,1643700,21536,21077,188,21265,370
2020-09-27,Alpine,3,1148,4,2,0,2,0
2020-09-27,Amador,5,37829,296,291,0,291,16
2020-09-27,Butte,7,227075,2920,2833,21,2854,44
2020-09-27,Calaveras,9,45235,310,257,1,258,11
2020-09-27,Colusa,11,21464,532,531,0,531,6
2020-09-27,Contra Costa,13,1133247,17256,16596,83,16679,195
2020-09-27,Del Norte,15,27424,143,138,0,138,2
2020-09-27,El Dorado,17,186661,1202,1130,1,1131,4
2020-09-27,Fresno,19,978130,30571,28441,366,28807,389
2020-09-27,Glenn,21,27897,597,576,0,576,3
2020-09-27,Humboldt,23,135768,508,492,0,492,6
2020-09-27,Imperial,25,180216,11912,10743,7,10750,283
2020-09-27,Inyo,27,18085,193,188,0,188,14
2020-09-27,Kern,29,883053,32062,31462,329,31791,395
2020-09-27,Kings,31,150075,7785,7641,41,7682,78
2020-09-27,Lake,33,64148,585,555,0,555,10
2020-09-27,Lassen,35,31185,747,737,1,738,0
2020-09-27,Los Angeles,37,10098052,270526,267754,1996,269750,6507
2020-09-27,Madera,39,155013,4582,4416,27,4443,47
2020-09-27,Marin,41,260295,6748,6663,17,6680,91
2020-09-27,Mariposa,43,17540,78,74,0,74,2
2020-09-27,Mendocino,45,87422,901,846,2,848,17
2020-09-27,Merced,47,269075,8949,8853,20,8873,136
2020-09-27,Modoc,49,8938,29,26,0,26,0
2020-09-27,Mono,51,14174,169,148,1,149,1
2020-09-27,Monterey,53,433212,10029,9724,28,9752,69
2020-09-27,Napa,55,140530,1755,1690,5,1695,11
2020-09-27,Nevada,57,99092,545,537,14,551,6
2020-09-27,Orange,59,3164182,55149,52458,1497,53955,1195
2020-09-27,Placer,61,380077,3668,3562,15,3577,42
2020-09-27,Plumas,63,18699,50,48,0,48,0
2020-09-27,Riverside,65,2383286,59656,58509,164,58673,1191
2020-09-27,Sacramento,67,1510023,22807,22356,19,22375,422
2020-09-27,San Benito,69,59416,1347,1331,0,1331,11
2020-09-27,San Bernardino,71,2135413,54914,53127,69,53196,988
2020-09-27,San Diego,73,3302833,48189,46612,0,46612,776
2020-09-27,San Francisco,75,870044,11373,11114,36,11150,100
2020-09-27,San Joaquin,77,732212,20338,19981,61,20042,448
2020-09-27,San Luis Obispo,79,281455,3692,3562,14,3576,31
2020-09-27,San Mateo,81,765935,10261,9566,8,9574,127
2020-09-27,Santa Barbara,83,443738,9608,9090,108,9198,114
2020-09-27,Santa Clara,85,1922200,21965,21091,33,21124,271
2020-09-27,Santa Cruz,87,273765,2467,2359,33,2392,9
2020-09-27,Shasta,89,179085,1186,883,9,892,17
2020-09-27,Sierra,91,2930,6,6,0,6,0
2020-09-27,Siskiyou,93,43540,155,149,10,159,0
2020-09-27,Solano,95,438530,6387,6211,41,6252,51
2020-09-27,Sonoma,97,501317,7761,7336,22,7358,124
2020-09-27,Stanislaus,99,539301,16535,16448,556,17004,336
2020-09-27,Sutter,101,95872,1690,1672,1,1673,10
2020-09-27,Tehama,103,63373,604,573,4,577,2
2020-09-27,Trinity,105,12862,28,16,4,20,0
2020-09-27,Tulare,107,460477,16327,15918,132,16050,270
2020-09-27,Tuolumne,109,53932,232,224,27,251,2
2020-09-27,Ventura,111,848112,13262,12775,161,12936,139
2020-09-27,Yolo,113,214977,2843,2796,6,2802,55
2020-09-27,Yuba,115,75493,1096,1059,6,1065,7
2020-09-26,Alameda,1,1643700,21479,21019,187,21206,370
2020-09-26,Alpine,3,1148,4,2,0,2,0
2020-09-26,Amador,5,37829,295,291,0,291,16
2020-09-26,Butte,7,227075,2912,2827,21,2848,44
2020-09-26,Calaveras,9,45235,310,257,1,258,11
2020-09-26,Colusa,11,21464,532,529,0,529,6
2020-09-26,Contra Costa,13,1133247,17214,16508,83,16591,194
2020-09-26,Del Norte,15,27424,143,138,0,138,2
2020-09-26,El Dorado,17,186661,1197,1127,1,1128,4
2020-09-26,Fresno,19,978130,30504,28336,366,28702,389
2020-09-26,Glenn,21,27897,597,576,0,576,3
2020-09-26,Humboldt,23,135768,508,491,0,491,6
2020-09-26,Imperial,25,180216,11895,10721,7,10728,283
2020-09-26,Inyo,27,18085,192,187,0,187,14
2020-09-26,Kern,29,883053,32011,31410,329,31739,394
2020-09-26,Kings,31,150075,7773,7537,41,7578,78
2020-09-26,Lake,33,64148,582,549,0,549,10
2020-09-26,Lassen,35,31185,747,737,1,738,0
2020-09-26,Los Angeles,37,10098052,269891,266931,1979,268910,6497
2020-09-26,Madera,39,155013,4566,4410,27,4437,47
2020-09-26,Marin,41,260295,6735,6641,17,6658,91
2020-09-26,Mariposa,43,17540,77,74,0,74,2
2020-09-26,Mendocino,45,87422,896,836,2,838,17
2020-09-26,Merced,47,269075,8937,8841,19,8860,136
2020-09-26,Modoc,49,8938,29,26,0,26,0
2020-09-26,Mono,51,14174,169,148,1,149,1
2020-09-26,Monterey,53,433212,10002,9651,28,9679,68
2020-09-26,Napa,55,140530,1753,1681,5,1686,11
2020-09-26,Nevada,57,99092,545,534,14,548,6
2020-09-26,Orange,59,3164182,55009,52203,1491,53694,1194
2020-09-26,Placer,61,380077,3655,3551,15,3566,42
2020-09-26,Plumas,63,18699,49,48,0,48,0
2020-09-26,Riverside,65,2383286,59521,58076,162,58238,1190
2020-09-26,Sacramento,67,1510023,22750,22269,19,22288,421
2020-09-26,San Benito,69,59416,1345,1325,0,1325,11
2020-09-26,San Bernardino,71,2135413,54781,53122,69,53191,988
2020-09-26,San Diego,73,3302833,47984,46333,0,46333,775
2020-09-26,San Francisco,75,870044,11345,11113,36,11149,100
2020-09-26,San Joaquin,77,732212,20302,19982,59,20041,449
2020-09-26,San Luis Obispo,79,281455,3675,3546,14,3560,31
2020-09-26,San Mateo,81,765935,10227,9509,8,9517,127
2020-09-26,Santa Barbara,83,443738,9597,9061,108,9169,114
2020-09-26,Santa Clara,85,1922200,21894,20967,32,20999,270
2020-09-26,Santa Cruz,87,273765,2459,2336,33,2369,9
2020-09-26,Shasta,89,179085,1136,856,8,864,17
2020-09-26,Sierra,91,2930,6,6,0,6,0
2020-09-26,Siskiyou,93,43540,154,149,10,159,0
2020-09-26,Solano,95,438530,6368,6209,41,6250,51
2020-09-26,Sonoma,97,501317,7736,7285,21,7306,124
2020-09-26,Stanislaus,99,539301,16510,16421,547,16968,336
2020-09-26,Sutter,101,95872,1685,1662,1,1663,10
2020-09-26,Tehama,103,63373,592,560,4,564,2
2020-09-26,Trinity,105,12862,26,16,4,20,0
2020-09-26,Tulare,107,460477,16303,15881,130,16011,270
2020-09-26,Tuolumne,109,53932,232,223,27,250,2
2020-09-26,Ventura,111,848112,13230,12729,159,12888,137
2020-09-26,Yolo,113,214977,2841,2789,6,2795,55
2020-09-26,Yuba,115,75493,1092,1056,6,1062,7
2020-09-25,Alameda,1,1643700,21425,20911,187,21098,367
2020-09-25,Alpine,3,1148,4,2,0,2,0
2020-09-25,Amador,5,37829,295,289,0,289,16
2020-09-25,Butte,7,227075,2907,2819,21,2840,43
2020-09-25,Calaveras,9,45235,310,257,1,258,11
2020-09-25,Colusa,11,21464,532,528,0,528,6
2020-09-25,Contra Costa,13,1133247,17155,16401,83,16484,194
2020-09-25,Del Norte,15,27424,143,138,0,138,2
2020-09-25,El Dorado,17,186661,1193,1104,1,1105,4
2020-09-25,Fresno,19,978130,30446,28199,365,28564,385
2020-09-25,Glenn,21,27897,595,570,0,570,3
2020-09-25,Humboldt,23,135768,507,489,0,489,5
2020-09-25,Imperial,25,180216,11877,10681,7,10688,283
2020-09-25,Inyo,27,18085,190,187,0,187,14
2020-09-25,Kern,29,883053,31959,31333,327,31660,393
2020-09-25,Kings,31,150075,7768,7450,41,7491,77
2020-09-25,Lake,33,64148,581,539,0,539,9
2020-09-25,Lassen,35,31185,747,737,1,738,0
2020-09-25,Los Angeles,37,10098052,269103,265713,1965,267678,6483
2020-09-25,Madera,39,155013,4547,4369,27,4396,48
2020-09-25,Marin,41,260295,6732,6622,17,6639,90
2020-09-25,Mariposa,43,17540,77,74,0,74,2
2020-09-25,Mendocino,45,87422,882,819,2,821,17
2020-09-25,Merced,47,269075,8921,8830,19,8849,135
2020-09-25,Modoc,49,8938,29,26,0,26,0
2020-09-25,Mono,51,14174,169,149,1,150,1
2020-09-25,Monterey,53,433212,9950,9581,28,9609,68
2020-09-25,Napa,55,140530,1751,1669,5,1674,11
2020-09-25,Nevada,57,99092,543,529,14,543,6
2020-09-25,Orange,59,3164182,54882,52031,1482,53513,1184
2020-09-25,Placer,61,380077,3644,3527,15,3542,41
2020-09-25,Plumas,63,18699,49,48,0,48,0
2020-09-25,Riverside,65,2383286,59345,57783,157,57940,1183
2020-09-25,Sacramento,67,1510023,22672,22132,19,22151,418
2020-09-25,San Benito,69,59416,1344,1318,0,1318,11
2020-09-25,San Bernardino,71,2135413,54627,52814,69,52883,987
2020-09-25,San Diego,73,3302833,47782,46003,0,46003,775
2020-09-25,San Francisco,75,870044,11310,11066,34,11100,100
2020-09-25,San Joaquin,77,732212,20250,19909,59,19968,449
2020-09-25,San Luis Obispo,79,281455,3665,3512,14,3526,31
2020-09-25,San Mateo,81,765935,10191,9447,8,9455,127
2020-09-25,Santa Barbara,83,443738,9573,9026,108,9134,114
2020-09-25,Santa Clara,85,1922200,21831,20812,31,20843,265
2020-09-25,Santa Cruz,87,273765,2447,2309,32,2341,9
2020-09-25,Shasta,89,179085,1102,806,8,814,16
2020-09-25,Sierra,91,2930,6,6,0,6,0
2020-09-25,Siskiyou,93,43540,154,149,10,159,0
2020-09-25,Solano,95,438530,6352,6179,41,6220,50
2020-09-25,Sonoma,97,501317,7696,7202,21,7223,124
2020-09-25,Stanislaus,99,539301,16492,16381,545,16926,326
2020-09-25,Sutter,101,95872,1682,1655,1,1656,10
2020-09-25,Tehama,103,63373,584,546,4,550,2
2020-09-25,Trinity,105,12862,26,15,4,19,0
2020-09-25,Tulare,107,460477,16264,15815,127,15942,267
2020-09-25,Tuolumne,109,53932,232,223,27,250,2
2020-09-25,Ventura,111,848112,13188,12664,156,12820,137
2020-09-25,Yolo,113,214977,2833,2784,6,2790,55
2020-09-25,Yuba,115,75493,1087,1049,6,1055,5
2020-09-24,Alameda,1,1643700,21350,20838,184,21022,364
2020-09-24,Alpine,3,1148,4,2,0,2,0
2020-09-24,Amador,5,37829,295,288,0,288,16
2020-09-24,Butte,7,227075,2896,2803,21,2824,43
2020-09-24,Calaveras,9,45235,310,258,1,259,11
2020-09-24,Colusa,11,21464,532,523,0,523,6
2020-09-24,Contra Costa,13,1133247,17073,16252,83,16335,192
2020-09-24,Del Norte,15,27424,139,137,0,137,2
2020-09-24,El Dorado,17,186661,1184,1093,1,1094,4
2020-09-24,Fresno,19,978130,30342,28106,361,28467,375
2020-09-24,Glenn,21,27897,591,567,0,567,3
2020-09-24,Humboldt,23,135768,504,482,0,482,5
2020-09-24,Imperial,25,180216,11853,10622,7,10629,283
2020-09-24,Inyo,27,18085,190,187,0,187,13
2020-09-24,Kern,29,883053,31896,31273,325,31598,388
2020-09-24,Kings,31,150075,7752,7428,41,7469,76
2020-09-24,Lake,33,64148,572,531,0,531,9
2020-09-24,Lassen,35,31185,746,737,1,738,0
2020-09-24,Los Angeles,37,10098052,268058,264374,1946,266320,6452
2020-09-24,Madera,39,155013,4528,4344,27,4371,48
2020-09-24,Marin,41,260295,6704,6588,17,6605,85
2020-09-24,Mariposa,43,17540,77,74,0,74,2
2020-09-24,Mendocino,45,87422,878,810,2,812,17
2020-09-24,Merced,47,269075,8892,8813,18,8831,135
2020-09-24,Modoc,49,8938,29,24,0,24,0
2020-09-24,Mono,51,14174,169,149,1,150,1
2020-09-24,Monterey,53,433212,9884,9544,25,9569,67
2020-09-24,Napa,55,140530,1739,1661,5,1666,11
2020-09-24,Nevada,57,99092,542,527,14,541,6
2020-09-24,Orange,59,3164182,54674,51749,1464,53213,1164
2020-09-24,Placer,61,380077,3629,3514,15,3529,41
2020-09-24,Plumas,63,18699,49,48,0,48,0
2020-09-24,Riverside,65,2383286,59077,57491,151,57642,1172
2020-09-24,Sacramento,67,1510023,22546,21985,19,22004,417
2020-09-24,San Benito,69,59416,1342,1308,0,1308,11
2020-09-24,San Bernardino,71,2135413,54292,52455,69,52524,988
2020-09-24,San Diego,73,3302833,47513,45598,0,45598,773
2020-09-24,San Francisco,75,870044,11263,10992,34,11026,99
2020-09-24,San Joaquin,77,732212,20213,19851,58,19909,444
2020-09-24,San Luis Obispo,79,281455,3649,3480,14,3494,31
2020-09-24,San Mateo,81,765935,10143,9376,8,9384,127
2020-09-24,Santa Barbara,83,443738,9522,8988,106,9094,114
2020-09-24,Santa Clara,85,1922200,21743,20689,31,20720,262
2020-09-24,Santa Cruz,87,273765,2427,2300,30,2330,9
2020-09-24,Shasta,89,179085,1065,773,5,778,14
2020-09-24,Sierra,91,2930,6,6,0,6,0
2020-09-24,Siskiyou,93,43540,154,149,10,159,0
2020-09-24,Solano,95,438530,6319,6137,41,6178,49
2020-09-24,Sonoma,97,501317,7615,7163,20,7183,122
2020-09-24,Stanislaus,99,539301,16455,16326,540,16866,326
2020-09-24,Sutter,101,95872,1679,1646,1,1647,10
2020-09-24,Tehama,103,63373,581,540,4,544,2
2020-09-24,Trinity,105,12862,26,15,4,19,0
2020-09-24,Tulare,107,460477,16199,15754,126,15880,267
2020-09-24,Tuolumne,109,53932,232,224,27,251,2
2020-09-24,Ventura,111,848112,13106,12617,155,12772,138
2020-09-24,Yolo,113,214977,2826,2776,6,2782,55
2020-09-24,Yuba,115,75493,1082,1042,6,1048,5
2020-09-23,Alameda,1,1643700,21282,20718,182,20900,361
2020-09-23,Alpine,3,1148,4,2,0,2,0
2020-09-23,Amador,5,37829,294,288,0,288,16
2020-09-23,Butte,7,227075,2888,2790,21,2811,43
2020-09-23,Calaveras,9,45235,309,258,1,259,11
2020-09-23,Colusa,11,21464,531,521,0,521,6
2020-09-23,Contra Costa,13,1133247,17009,16167,82,16249,192
2020-09-23,Del Norte,15,27424,137,137,0,137,2
2020-09-23,El Dorado,17,186661,1170,1088,1,1089,4
2020-09-23,Fresno,19,978130,30249,28019,358,28377,371
2020-09-23,Glenn,21,27897,584,561,0,561,3
2020-09-23,Humboldt,23,135768,499,477,0,477,5
2020-09-23,Imperial,25,180216,11827,10587,7,10594,284
2020-09-23,Inyo,27,18085,189,177,0,177,13
2020-09-23,Kern,29,883053,31852,31172,324,31496,387
2020-09-23,Kings,31,150075,7730,7406,41,7447,76
2020-09-23,Lake,33,64148,567,519,0,519,9
2020-09-23,Lassen,35,31185,746,736,1,737,0
2020-09-23,Los Angeles,37,10098052,267011,263318,1916,265234,6421
2020-09-23,Madera,39,155013,4513,4311,27,4338,48
2020-09-23,Marin,41,260295,6685,6567,17,6584,85
2020-09-23,Mariposa,43,17540,77,74,0,74,2
2020-09-23,Mendocino,45,87422,877,801,1,802,17
2020-09-23,Merced,47,269075,8871,8785,17,8802,134
2020-09-23,Modoc,49,8938,29,24,0,24,0
2020-09-23,Mono,51,14174,169,149,1,150,1
2020-09-23,Monterey,53,433212,9815,9452,25,9477,67
2020-09-23,Napa,55,140530,1730,1653,5,1658,11
2020-09-23,Nevada,57,99092,541,523,14,537,6
2020-09-23,Orange,59,3164182,54446,51658,1457,53115,1155
2020-09-23,Placer,61,380077,3617,3506,15,3521,41
2020-09-23,Plumas,63,18699,49,48,0,48,0
2020-09-23,Riverside,65,2383286,58774,57257,148,57405,1165
2020-09-23,Sacramento,67,1510023,22469,21821,19,21840,415
2020-09-23,San Benito,69,59416,1336,1305,0,1305,10
2020-09-23,San Bernardino,71,2135413,53998,52132,68,52200,973
2020-09-23,San Diego,73,3302833,47237,45427,0,45427,767
2020-09-23,San Francisco,75,870044,11214,10926,34,10960,95
2020-09-23,San Joaquin,77,732212,20160,19785,58,19843,439
2020-09-23,San Luis Obispo,79,281455,3631,3447,14,3461,31
2020-09-23,San Mateo,81,765935,10103,9351,8,9359,127
2020-09-23,Santa Barbara,83,443738,9494,8952,104,9056,112
2020-09-23,Santa Clara,85,1922200,21633,20575,28,20603,260
2020-09-23,Santa Cruz,87,273765,2408,2283,30,2313,9
2020-09-23,Shasta,89,179085,1026,756,4,760,14
2020-09-23,Sierra,91,2930,6,6,0,6,0
2020-09-23,Siskiyou,93,43540,154,149,10,159,0
2020-09-23,Solano,95,438530,6294,6123,41,6164,50
2020-09-23,Sonoma,97,501317,7539,7091,20,7111,122
2020-09-23,Stanislaus,99,539301,16425,16271,537,16808,317
2020-09-23,Sutter,101,95872,1675,1646,1,1647,10
2020-09-23,Tehama,103,63373,575,533,4,537,2
2020-09-23,Trinity,105,12862,26,15,4,19,0
2020-09-23,Tulare,107,460477,16135,15664,124,15788,266
2020-09-23,Tuolumne,109,53932,232,223,27,250,2
2020-09-23,Ventura,111,848112,13051,12591,152,12743,137
2020-09-23,Yolo,113,214977,2808,2766,6,2772,55
2020-09-23,Yuba,115,75493,1080,1038,6,1044,5
2020-09-22,Alameda,1,1643700,21203,20607,180,20787,355
2020-09-22,Alpine,3,1148,3,2,0,2,0
2020-09-22,Amador,5,37829,293,287,0,287,16
2020-09-22,Butte,7,227075,2883,2776,21,2797,43
2020-09-22,Calaveras,9,45235,309,258,1,259,11
2020-09-22,Colusa,11,21464,529,518,0,518,6
2020-09-22,Contra Costa,13,1133247,16919,16090,82,16172,190
2020-09-22,Del Norte,15,27424,137,137,0,137,2
2020-09-22,El Dorado,17,186661,1151,1076,1,1077,4
2020-09-22,Fresno,19,978130,30155,27944,355,28299,369
2020-09-22,Glenn,21,27897,581,560,0,560,3
2020-09-22,Humboldt,23,135768,498,476,0,476,5
2020-09-22,Imperial,25,180216,11798,10529,7,10536,284
2020-09-22,Inyo,27,18085,189,177,0,177,13
2020-09-22,Kern,29,883053,31784,31110,317,31427,383
2020-09-22,Kings,31,150075,7673,7395,40,7435,76
2020-09-22,Lake,33,64148,559,516,0,516,9
2020-09-22,Lassen,35,31185,745,736,1,737,0
2020-09-22,Los Angeles,37,10098052,265933,262117,1887,264004,6394
2020-09-22,Madera,39,155013,4497,4303,27,4330,47
2020-09-22,Marin,41,260295,6671,6561,17,6578,84
2020-09-22,Mariposa,43,17540,77,74,0,74,2
2020-09-22,Mendocino,45,87422,857,794,1,795,18
2020-09-22,Merced,47,269075,8841,8769,17,8786,132
2020-09-22,Modoc,49,8938,29,24,0,24,0
2020-09-22,Mono,51,14174,168,149,1,150,1
2020-09-22,Monterey,53,433212,9757,9393,25,9418,67
2020-09-22,Napa,55,140530,1713,1652,5,1657,11
2020-09-22,Nevada,57,99092,541,523,14,537,6
2020-09-22,Orange,59,3164182,54196,51528,1449,52977,1132
2020-09-22,Placer,61,380077,3604,3492,15,3507,40
2020-09-22,Plumas,63,18699,49,48,0,48,0
2020-09-22,Riverside,65,2383286,58290,57066,143,57209,1162
2020-09-22,Sacramento,67,1510023,22350,21745,19,21764,410
2020-09-22,San Benito,69,59416,1331,1305,0,1305,10
2020-09-22,San Bernardino,71,2135413,53725,51899,68,51967,971
2020-09-22,San Diego,73,3302833,46930,45149,0,45149,765
2020-09-22,San Francisco,75,870044,11170,10893,33,10926,95
2020-09-22,San Joaquin,77,732212,20114,19755,56,19811,426
2020-09-22,San Luis Obispo,79,281455,3614,3420,14,3434,31
2020-09-22,San Mateo,81,765935,10065,9291,8,9299,127
2020-09-22,Santa Barbara,83,443738,9464,8927,103,9030,111
2020-09-22,Santa Clara,85,1922200,21516,20514,28,20542,253
2020-09-22,Santa Cruz,87,273765,2385,2264,30,2294,8
2020-09-22,Shasta,89,179085,991,723,4,727,14
2020-09-22,Sierra,91,2930,6,6,0,6,0
2020-09-22,Siskiyou,93,43540,154,149,10,159,0
2020-09-22,Solano,95,438530,6263,6107,41,6148,48
2020-09-22,Sonoma,97,501317,7460,7068,19,7087,117
2020-09-22,Stanislaus,99,539301,16403,16231,529,16760,316
2020-09-22,Sutter,101,95872,1669,1638,1,1639,10
2020-09-22,Tehama,103,63373,567,529,4,533,2
2020-09-22,Trinity,105,12862,26,15,4,19,0
2020-09-22,Tulare,107,460477,16069,15616,120,15736,263
2020-09-22,Tuolumne,109,53932,231,224,27,251,1
2020-09-22,Ventura,111,848112,13000,12507,148,12655,136
2020-09-22,Yolo,113,214977,2801,2763,6,2769,54
2020-09-22,Yuba,115,75493,1071,1035,6,1041,5
2020-09-21,Alameda,1,1643700,21124,20501,179,20680,343
2020-09-21,Alpine,3,1148,3,2,0,2,0
2020-09-21,Amador,5,37829,291,286,0,286,16
2020-09-21,Butte,7,227075,2870,2769,21,2790,41
2020-09-21,Calaveras,9,45235,307,256,1,257,10
2020-09-21,Colusa,11,21464,528,517,0,517,6
2020-09-21,Contra Costa,13,1133247,16831,16008,82,16090,189
2020-09-21,Del Norte,15,27424,137,132,0,132,2
2020-09-21,El Dorado,17,186661,1142,1074,1,1075,4
2020-09-21,Fresno,19,978130,30054,27843,348,28191,362
2020-09-21,Glenn,21,27897,577,556,0,556,3
2020-09-21,Humboldt,23,135768,494,473,0,473,5
2020-09-21,Imperial,25,180216,11767,10521,7,10528,284
2020-09-21,Inyo,27,18085,188,177,0,177,12
2020-09-21,Kern,29,883053,31713,31031,315,31346,379
2020-09-21,Kings,31,150075,7561,7297,38,7335,76
2020-09-21,Lake,33,64148,554,508,0,508,8
2020-09-21,Lassen,35,31185,743,735,1,736,0
2020-09-21,Los Angeles,37,10098052,264847,261418,1841,263259,6360
2020-09-21,Madera,39,155013,4486,4275,26,4301,47
2020-09-21,Marin,41,260295,6658,6538,16,6554,84
2020-09-21,Mariposa,43,17540,76,74,0,74,2
2020-09-21,Mendocino,45,87422,842,778,0,778,18
2020-09-21,Merced,47,269075,8822,8749,15,8764,128
2020-09-21,Modoc,49,8938,29,22,0,22,0
2020-09-21,Mono,51,14174,168,147,1,148,1
2020-09-21,Monterey,53,433212,9693,9331,22,9353,66
2020-09-21,Napa,55,140530,1702,1641,5,1646,11
2020-09-21,Nevada,57,99092,539,515,14,529,6
2020-09-21,Orange,59,3164182,53977,51363,1442,52805,1110
2020-09-21,Placer,61,380077,3594,3473,15,3488,40
2020-09-21,Plumas,63,18699,49,47,0,47,0
2020-09-21,Riverside,65,2383286,58017,57001,135,57136,1153
2020-09-21,Sacramento,67,1510023,22168,21568,19,21587,404
2020-09-21,San Benito,69,59416,1329,1298,0,1298,10
2020-09-21,San Bernardino,71,2135413,53440,51654,68,51722,970
2020-09-21,San Diego,73,3302833,46647,44927,0,44927,760
2020-09-21,San Francisco,75,870044,11122,10743,33,10776,95
2020-09-21,San Joaquin,77,732212,20056,19579,56,19635,423
2020-09-21,San Luis Obispo,79,281455,3587,3406,14,3420,27
2020-09-21,San Mateo,81,765935,10013,9239,8,9247,127
2020-09-21,Santa Barbara,83,443738,9436,8911,103,9014,110
2020-09-21,Santa Clara,85,1922200,21416,20432,28,20460,252
2020-09-21,Santa Cruz,87,273765,2368,2257,28,2285,8
2020-09-21,Shasta,89,179085,941,696,4,700,14
2020-09-21,Sierra,91,2930,6,6,0,6,0
2020-09-21,Siskiyou,93,43540,154,146,10,156,0
2020-09-21,Solano,95,438530,6239,6019,41,6060,46
2020-09-21,Sonoma,97,501317,7384,7017,19,7036,117
2020-09-21,Stanislaus,99,539301,16373,16186,529,16715,310
2020-09-21,Sutter,101,95872,1662,1634,1,1635,10
2020-09-21,Tehama,103,63373,548,513,4,517,2
2020-09-21,Trinity,105,12862,26,15,4,19,0
2020-09-21,Tulare,107,460477,15995,15528,111,15639,260
2020-09-21,Tuolumne,109,53932,231,221,27,248,1
2020-09-21,Ventura,111,848112,12918,12477,142,12619,133
2020-09-21,Yolo,113,214977,2795,2752,6,2758,54
2020-09-21,Yuba,115,75493,1067,1033,6,1039,1
2020-09-20,Alameda,1,1643700,21024,20425,176,20601,343
2020-09-20,Alpine,3,1148,3,2,0,2,0
2020-09-20,Amador,5,37829,290,286,0,286,16
2020-09-20,Butte,7,227075,2858,2764,21,2785,39
2020-09-20,Calaveras,9,45235,303,256,1,257,10
2020-09-20,Colusa,11,21464,526,510,0,510,6
2020-09-20,Contra Costa,13,1133247,16697,15917,81,15998,189
2020-09-20,Del Norte,15,27424,135,132,0,132,2
2020-09-20,El Dorado,17,186661,1127,1073,1,1074,4
2020-09-20,Fresno,19,978130,29940,27769,342,28111,362
2020-09-20,Glenn,21,27897,573,550,0,550,3
2020-09-20,Humboldt,23,135768,494,472,0,472,5
2020-09-20,Imperial,25,180216,11740,10496,6,10502,284
2020-09-20,Inyo,27,18085,188,177,0,177,12
2020-09-20,Kern,29,883053,31630,30992,312,31304,379
2020-09-20,Kings,31,150075,7514,7159,37,7196,76
2020-09-20,Lake,33,64148,542,492,0,492,8
2020-09-20,Lassen,35,31185,743,735,1,736,0
2020-09-20,Los Angeles,37,10098052,263615,260770,1812,262582,6347
2020-09-20,Madera,39,155013,4467,4257,26,4283,47
2020-09-20,Marin,41,260295,6633,6533,16,6549,83
2020-09-20,Mariposa,43,17540,76,74,0,74,2
2020-09-20,Mendocino,45,87422,830,765,0,765,18
2020-09-20,Merced,47,269075,8795,8745,15,8760,128
2020-09-20,Modoc,49,8938,27,22,0,22,0
2020-09-20,Mono,51,14174,167,147,1,148,1
2020-09-20,Monterey,53,433212,9615,9312,22,9334,65
2020-09-20,Napa,55,140530,1693,1626,5,1631,11
2020-09-20,Nevada,57,99092,536,511,14,525,6
2020-09-20,Orange,59,3164182,53739,51233,1430,52663,1110
2020-09-20,Placer,61,380077,3579,3452,15,3467,40
2020-09-20,Plumas,63,18699,49,47,0,47,0
2020-09-20,Riverside,65,2383286,57823,56783,129,56912,1147
2020-09-20,Sacramento,67,1510023,21981,21394,18,21412,401
2020-09-20,San Benito,69,59416,1318,1291,0,1291,9
2020-09-20,San Bernardino,71,2135413,53120,51559,66,51625,970
2020-09-20,San Diego,73,3302833,46274,44579,0,44579,760
2020-09-20,San Francisco,75,870044,11068,10743,33,10776,95
2020-09-20,San Joaquin,77,732212,19992,19578,48,19626,423
2020-09-20,San Luis Obispo,79,281455,3559,3393,14,3407,27
2020-09-20,San Mateo,81,765935,9946,9198,8,9206,127
2020-09-20,Santa Barbara,83,443738,9402,8880,102,8982,110
2020-09-20,Santa Clara,85,1922200,21296,20330,27,20357,252
2020-09-20,Santa Cruz,87,273765,2348,2199,28,2227,8
2020-09-20,Shasta,89,179085,900,696,3,699,14
2020-09-20,Sierra,91,2930,6,6,0,6,0
2020-09-20,Siskiyou,93,43540,154,146,10,156,0
2020-09-20,Solano,95,438530,6195,6020,41,6061,46
2020-09-20,Sonoma,97,501317,7280,6954,19,6973,117
2020-09-20,Stanislaus,99,539301,16342,16159,522,16681,310
2020-09-20,Sutter,101,95872,1656,1624,1,1625,10
2020-09-20,Tehama,103,63373,535,509,4,513,2
2020-09-20,Trinity,105,12862,26,15,4,19,0
2020-09-20,Tulare,107,460477,15912,15528,105,15633,260
2020-09-20,Tuolumne,109,53932,231,221,27,248,1
2020-09-20,Ventura,111,848112,12855,12406,138,12544,133
2020-09-20,Yolo,113,214977,2787,2745,6,2751,54
2020-09-20,Yuba,115,75493,1060,1029,6,1035,1
2020-09-19,Alameda,1,1643700,20973,20349,173,20522,343
2020-09-19,Alpine,3,1148,3,2,0,2,0
2020-09-19,Amador,5,37829,290,285,0,285,16
2020-09-19,Butte,7,227075,2852,2748,21,2769,38
2020-09-19,Calaveras,9,45235,303,256,1,257,10
2020-09-19,Colusa,11,21464,526,507,0,507,6
2020-09-19,Contra Costa,13,1133247,16634,15783,81,15864,186
2020-09-19,Del Norte,15,27424,134,132,0,132,2
2020-09-19,El Dorado,17,186661,1121,1068,0,1068,4
2020-09-19,Fresno,19,978130,29867,27668,342,28010,362
2020-09-19,Glenn,21,27897,570,547,0,547,3
2020-09-19,Humboldt,23,135768,493,471,0,471,5
2020-09-19,Imperial,25,180216,11725,10496,6,10502,284
2020-09-19,Inyo,27,18085,188,177,0,177,12
2020-09-19,Kern,29,883053,31576,30886,309,31195,379
2020-09-19,Kings,31,150075,7508,7130,37,7167,76
2020-09-19,Lake,33,64148,542,465,0,465,8
2020-09-19,Lassen,35,31185,743,731,1,732,0
2020-09-19,Los Angeles,37,10098052,262992,259801,1796,261597,6325
2020-09-19,Madera,39,155013,4444,4237,26,4263,47
2020-09-19,Marin,41,260295,6626,6513,15,6528,81
2020-09-19,Mariposa,43,17540,76,74,0,74,2
2020-09-19,Mendocino,45,87422,827,750,0,750,18
2020-09-19,Merced,47,269075,8784,8717,14,8731,128
2020-09-19,Modoc,49,8938,27,22,0,22,0
2020-09-19,Mono,51,14174,167,147,1,148,1
2020-09-19,Monterey,53,433212,9573,9237,22,9259,65
2020-09-19,Napa,55,140530,1685,1614,5,1619,11
2020-09-19,Nevada,57,99092,534,505,14,519,6
2020-09-19,Orange,59,3164182,53610,50999,1423,52422,1105
2020-09-19,Placer,61,380077,3571,3412,15,3427,40
2020-09-19,Plumas,63,18699,49,47,0,47,0
2020-09-19,Riverside,65,2383286,57702,56562,128,56690,1147
2020-09-19,Sacramento,67,1510023,21927,21297,18,21315,396
2020-09-19,San Benito,69,59416,1314,1276,0,1276,9
2020-09-19,San Bernardino,71,2135413,52964,51353,64,51417,971
2020-09-19,San Diego,73,3302833,46047,44295,0,44295,773
2020-09-19,San Francisco,75,870044,11035,10741,33,10774,95
2020-09-19,San Joaquin,77,732212,19955,19580,48,19628,424
2020-09-19,San Luis Obispo,79,281455,3538,3369,14,3383,27
2020-09-19,San Mateo,81,765935,9915,9158,8,9166,127
2020-09-19,Santa Barbara,83,443738,9381,8862,102,8964,106
2020-09-19,Santa Clara,85,1922200,21207,20170,27,20197,251
2020-09-19,Santa Cruz,87,273765,2334,2198,28,2226,8
2020-09-19,Shasta,89,179085,872,687,3,690,14
2020-09-19,Sierra,91,2930,6,6,0,6,0
2020-09-19,Siskiyou,93,43540,154,146,10,156,0
2020-09-19,Solano,95,438530,6179,5998,41,6039,46
2020-09-19,Sonoma,97,501317,7246,6905,19,6924,117
2020-09-19,Stanislaus,99,539301,16302,16109,515,16624,313
2020-09-19,Sutter,101,95872,1655,1602,1,1603,10
2020-09-19,Tehama,103,63373,530,498,4,502,2
2020-09-19,Trinity,105,12862,26,15,4,19,0
2020-09-19,Tulare,107,460477,15863,15485,102,15587,260
2020-09-19,Tuolumne,109,53932,231,217,27,244,1
2020-09-19,Ventura,111,848112,12823,12328,138,12466,133
2020-09-19,Yolo,113,214977,2779,2739,6,2745,54
2020-09-19,Yuba,115,75493,1053,1023,6,1029,1
2020-09-18,Alameda,1,1643700,20908,20222,167,20389,341
2020-09-18,Alpine,3,1148,3,2,0,2,0
2020-09-18,Amador,5,37829,290,285,0,285,16
2020-09-18,Butte,7,227075,2850,2738,21,2759,37
2020-09-18,Calaveras,9,45235,303,255,1,256,9
2020-09-18,Colusa,11,21464,526,504,0,504,6
2020-09-18,Contra Costa,13,1133247,16549,15667,81,15748,185
2020-09-18,Del Norte,15,27424,134,131,0,131,2
2020-09-18,El Dorado,17,186661,1108,1063,0,1063,4
2020-09-18,Fresno,19,978130,29803,27560,342,27902,359
2020-09-18,Glenn,21,27897,567,541,0,541,3
2020-09-18,Humboldt,23,135768,490,470,0,470,5
2020-09-18,Imperial,25,180216,11710,10460,6,10466,283
2020-09-18,Inyo,27,18085,188,177,0,177,12
2020-09-18,Kern,29,883053,31518,30742,306,31048,373
2020-09-18,Kings,31,150075,7498,7062,37,7099,74
2020-09-18,Lake,33,64148,536,458,0,458,8
2020-09-18,Lassen,35,31185,742,731,1,732,0
2020-09-18,Los Angeles,37,10098052,262218,258488,1776,260264,6324
2020-09-18,Madera,39,155013,4432,4211,26,4237,45
2020-09-18,Marin,41,260295,6611,6475,15,6490,81
2020-09-18,Mariposa,43,17540,76,74,0,74,2
2020-09-18,Mendocino,45,87422,819,739,0,739,18
2020-09-18,Merced,47,269075,8772,8691,13,8704,127
2020-09-18,Modoc,49,8938,27,22,0,22,0
2020-09-18,Mono,51,14174,165,147,1,148,1
2020-09-18,Monterey,53,433212,9533,9183,22,9205,64
2020-09-18,Napa,55,140530,1679,1604,5,1609,11
2020-09-18,Nevada,57,99092,531,504,14,518,6
2020-09-18,Orange,59,3164182,53463,50733,1410,52143,1107
2020-09-18,Placer,61,380077,3560,3389,15,3404,40
2020-09-18,Plumas,63,18699,49,45,0,45,0
2020-09-18,Riverside,65,2383286,57582,56248,124,56372,1143
2020-09-18,Sacramento,67,1510023,21842,21105,18,21123,391
2020-09-18,San Benito,69,59416,1306,1257,0,1257,8
2020-09-18,San Bernardino,71,2135413,52821,51106,63,51169,970
2020-09-18,San Diego,73,3302833,45797,44009,0,44009,757
2020-09-18,San Francisco,75,870044,10997,10644,32,10676,95
2020-09-18,San Joaquin,77,732212,19912,19531,46,19577,423
2020-09-18,San Luis Obispo,79,281455,3514,3328,14,3342,27
2020-09-18,San Mateo,81,765935,9875,9062,8,9070,127
2020-09-18,Santa Barbara,83,443738,9359,8824,102,8926,107
2020-09-18,Santa Clara,85,1922200,21110,20058,27,20085,252
2020-09-18,Santa Cruz,87,273765,2313,2180,27,2207,8
2020-09-18,Shasta,89,179085,837,668,3,671,14
2020-09-18,Sierra,91,2930,6,6,0,6,0
2020-09-18,Siskiyou,93,43540,153,146,10,156,0
2020-09-18,Solano,95,438530,6163,5961,41,6002,46
2020-09-18,Sonoma,97,501317,7199,6856,19,6875,114
2020-09-18,Stanislaus,99,539301,16274,16042,509,16551,277
2020-09-18,Sutter,101,95872,1647,1586,1,1587,10
2020-09-18,Tehama,103,63373,530,490,4,494,2
2020-09-18,Trinity,105,12862,26,15,3,18,0
2020-09-18,Tulare,107,460477,15830,15435,98,15533,259
2020-09-18,Tuolumne,109,53932,230,216,27,243,1
2020-09-18,Ventura,111,848112,12762,12236,134,12370,133
2020-09-18,Yolo,113,214977,2773,2732,6,2738,54
2020-09-18,Yuba,115,75493,1049,1020,6,1026,1
2020-09-17,Alameda,1,1643700,20810,20146,167,20313,339
2020-09-17,Alpine,3,1148,3,2,0,2,0
2020-09-17,Amador,5,37829,288,284,0,284,16
2020-09-17,Butte,7,227075,2832,2720,21,2741,38
2020-09-17,Calaveras,9,45235,303,254,1,255,9
2020-09-17,Colusa,11,21464,524,499,0,499,6
2020-09-17,Contra Costa,13,1133247,16459,15576,81,15657,184
2020-09-17,Del Norte,15,27424,134,131,0,131,2
2020-09-17,El Dorado,17,186661,1099,1057,0,1057,4
2020-09-17,Fresno,19,978130,29694,27487,337,27824,355
2020-09-17,Glenn,21,27897,566,541,0,541,3
2020-09-17,Humboldt,23,135768,484,466,0,466,5
2020-09-17,Imperial,25,180216,11693,10436,6,10442,281
2020-09-17,Inyo,27,18085,188,176,0,176,12
2020-09-17,Kern,29,883053,31457,30627,299,30926,372
2020-09-17,Kings,31,150075,7427,7015,37,7052,72
2020-09-17,Lake,33,64148,526,433,0,433,8
2020-09-17,Lassen,35,31185,740,731,1,732,0
2020-09-17,Los Angeles,37,10098052,261277,257246,1761,259007,6318
2020-09-17,Madera,39,155013,4398,4152,26,4178,45
2020-09-17,Marin,41,260295,6590,6457,15,6472,81
2020-09-17,Mariposa,43,17540,75,74,0,74,2
2020-09-17,Mendocino,45,87422,808,737,0,737,18
2020-09-17,Merced,47,269075,8753,8671,13,8684,119
2020-09-17,Modoc,49,8938,27,22,0,22,0
2020-09-17,Mono,51,14174,165,147,1,148,1
2020-09-17,Monterey,53,433212,9471,9113,21,9134,62
2020-09-17,Napa,55,140530,1668,1592,5,1597,11
2020-09-17,Nevada,57,99092,529,494,14,508,6
2020-09-17,Orange,59,3164182,53284,50537,1396,51933,1098
2020-09-17,Placer,61,380077,3540,3368,15,3383,40
2020-09-17,Plumas,63,18699,49,45,0,45,0
2020-09-17,Riverside,65,2383286,57359,56007,121,56128,1134
2020-09-17,Sacramento,67,1510023,21610,20895,18,20913,385
2020-09-17,San Benito,69,59416,1303,1252,0,1252,8
2020-09-17,San Bernardino,71,2135413,52620,50770,63,50833,904
2020-09-17,San Diego,73,3302833,45519,43621,0,43621,754
2020-09-17,San Francisco,75,870044,10903,10564,32,10596,95
2020-09-17,San Joaquin,77,732212,19853,19439,46,19485,416
2020-09-17,San Luis Obispo,79,281455,3487,3299,14,3313,27
2020-09-17,San Mateo,81,765935,9833,8984,8,8992,127
2020-09-17,Santa Barbara,83,443738,9335,8779,102,8881,107
2020-09-17,Santa Clara,85,1922200,20995,19825,27,19852,254
2020-09-17,Santa Cruz,87,273765,2297,2155,27,2182,7
2020-09-17,Shasta,89,179085,798,660,3,663,12
2020-09-17,Sierra,91,2930,6,6,0,6,0
2020-09-17,Siskiyou,93,43540,153,146,10,156,0
2020-09-17,Solano,95,438530,6140,5915,41,5956,44
2020-09-17,Sonoma,97,501317,7135,6754,19,6773,114
2020-09-17,Stanislaus,99,539301,16241,15984,505,16489,277
2020-09-17,Sutter,101,95872,1642,1572,1,1573,10
2020-09-17,Tehama,103,63373,516,487,4,491,2
2020-09-17,Trinity,105,12862,26,15,3,18,0
2020-09-17,Tulare,107,460477,15777,15344,96,15440,258
2020-09-17,Tuolumne,109,53932,229,214,27,241,1
2020-09-17,Ventura,111,848112,12677,12167,130,12297,130
2020-09-17,Yolo,113,214977,2764,2724,6,2730,53
2020-09-17,Yuba,115,75493,1045,1015,6,1021,1
2020-09-16,Alameda,1,1643700,20714,20009,165,20174,333
2020-09-16,Alpine,3,1148,3,2,0,2,0
2020-09-16,Amador,5,37829,288,284,0,284,16
2020-09-16,Butte,7,227075,2822,2704,21,2725,38
2020-09-16,Calaveras,9,45235,303,254,1,255,9
2020-09-16,Colusa,11,21464,522,497,0,497,6
2020-09-16,Contra Costa,13,1133247,16373,15473,81,15554,183
2020-09-16,Del Norte,15,27424,134,131,0,131,2
2020-09-16,El Dorado,17,186661,1091,1049,0,1049,4
2020-09-16,Fresno,19,978130,29589,27381,335,27716,343
2020-09-16,Glenn,21,27897,564,539,0,539,3
2020-09-16,Humboldt,23,135768,483,455,0,455,4
2020-09-16,Imperial,25,180216,11670,10401,6,10407,277
2020-09-16,Inyo,27,18085,187,176,0,176,12
2020-09-16,Kern,29,883053,31398,30570,298,30868,371
2020-09-16,Kings,31,150075,7402,7002,35,7037,71
2020-09-16,Lake,33,64148,515,417,0,417,6
2020-09-16,Lassen,35,31185,739,730,1,731,0
2020-09-16,Los Angeles,37,10098052,260280,256101,1742,257843,6299
2020-09-16,Madera,39,155013,4375,4138,26,4164,45
2020-09-16,Marin,41,260295,6563,6430,15,6445,77
2020-09-16,Mariposa,43,17540,75,74,0,74,2
2020-09-16,Mendocino,45,87422,799,727,0,727,18
2020-09-16,Merced,47,269075,8732,8646,13,8659,118
2020-09-16,Modoc,49,8938,27,22,0,22,0
2020-09-16,Mono,51,14174,165,147,1,148,1
2020-09-16,Monterey,53,433212,9417,8997,21,9018,62
2020-09-16,Napa,55,140530,1654,1587,5,1592,11
2020-09-16,Nevada,57,99092,524,495,13,508,6
2020-09-16,Orange,59,3164182,53084,50414,1387,51801,1096
2020-09-16,Placer,61,380077,3522,3351,15,3366,39
2020-09-16,Plumas,63,18699,49,45,0,45,0
2020-09-16,Riverside,65,2383286,57166,55811,113,55924,1127
2020-09-16,Sacramento,67,1510023,21515,20610,18,20628,377
2020-09-16,San Benito,69,59416,1295,1244,0,1244,8
2020-09-16,San Bernardino,71,2135413,52395,50509,63,50572,907
2020-09-16,San Diego,73,3302833,45229,43447,0,43447,748
2020-09-16,San Francisco,75,870044,10856,10502,32,10534,90
2020-09-16,San Joaquin,77,732212,19799,19377,45,19422,409
2020-09-16,San Luis Obispo,79,281455,3458,3285,14,3299,28
2020-09-16,San Mateo,81,765935,9768,8944,8,8952,127
2020-09-16,Santa Barbara,83,443738,9303,8764,102,8866,107
2020-09-16,Santa Clara,85,1922200,20876,19684,27,19711,253
2020-09-16,Santa Cruz,87,273765,2256,2089,26,2115,7
2020-09-16,Shasta,89,179085,772,635,3,638,11
2020-09-16,Sierra,91,2930,6,6,0,6,0
2020-09-16,Siskiyou,93,43540,152,145,10,155,0
2020-09-16,Solano,95,438530,6111,5899,41,5940,44
2020-09-16,Sonoma,97,501317,7074,6731,19,6750,104
2020-09-16,Stanislaus,99,539301,16194,15897,497,16394,263
2020-09-16,Sutter,101,95872,1629,1567,1,1568,10
2020-09-16,Tehama,103,63373,508,485,4,489,2
2020-09-16,Trinity,105,12862,26,15,3,18,0
2020-09-16,Tulare,107,460477,15735,15314,88,15402,258
2020-09-16,Tuolumne,109,53932,228,210,27,237,1
2020-09-16,Ventura,111,848112,12609,12073,129,12202,130
2020-09-16,Yolo,113,214977,2757,2709,6,2715,53
2020-09-16,Yuba,115,75493,1043,1000,6,1006,1
2020-09-15,Alameda,1,1643700,20608,19931,162,20093,327
2020-09-15,Alpine,3,1148,3,2,0,2,0
2020-09-15,Amador,5,37829,287,282,0,282,16
2020-09-15,Butte,7,227075,2809,2695,19,2714,38
2020-09-15,Calaveras,9,45235,303,248,1,249,5
2020-09-15,Colusa,11,21464,516,497,0,497,6
2020-09-15,Contra Costa,13,1133247,16270,15423,80,15503,180
2020-09-15,Del Norte,15,27424,134,129,0,129,2
2020-09-15,El Dorado,17,186661,1086,1046,0,1046,4
2020-09-15,Fresno,19,978130,29483,27312,330,27642,343
2020-09-15,Glenn,21,27897,563,531,0,531,3
2020-09-15,Humboldt,23,135768,481,456,0,456,4
2020-09-15,Imperial,25,180216,11645,10376,6,10382,277
2020-09-15,Inyo,27,18085,187,176,0,176,12
2020-09-15,Kern,29,883053,31286,30429,295,30724,368
2020-09-15,Kings,31,150075,7244,6977,35,7012,70
2020-09-15,Lake,33,64148,501,416,0,416,4
2020-09-15,Lassen,35,31185,735,719,1,720,0
2020-09-15,Los Angeles,37,10098052,259166,255048,1717,256765,6269
2020-09-15,Madera,39,155013,4356,4122,26,4148,45
2020-09-15,Marin,41,260295,6532,6423,15,6438,77
2020-09-15,Mariposa,43,17540,75,74,0,74,2
2020-09-15,Mendocino,45,87422,781,724,0,724,18
2020-09-15,Merced,47,269075,8702,8633,13,8646,114
2020-09-15,Modoc,49,8938,26,21,0,21,0
2020-09-15,Mono,51,14174,165,147,1,148,1
2020-09-15,Monterey,53,433212,9368,8943,21,8964,62
2020-09-15,Napa,55,140530,1640,1580,5,1585,11
2020-09-15,Nevada,57,99092,519,494,13,507,6
2020-09-15,Orange,59,3164182,52902,50294,1372,51666,1088
2020-09-15,Placer,61,380077,3498,3331,15,3346,38
2020-09-15,Plumas,63,18699,49,44,0,44,0
2020-09-15,Riverside,65,2383286,56875,55569,103,55672,1118
2020-09-15,Sacramento,67,1510023,21372,20487,18,20505,372
2020-09-15,San Benito,69,59416,1288,1237,0,1237,7
2020-09-15,San Bernardino,71,2135413,52180,50333,62,50395,904
2020-09-15,San Diego,73,3302833,44911,43183,0,43183,742
2020-09-15,San Francisco,75,870044,10798,10414,32,10446,90
2020-09-15,San Joaquin,77,732212,19747,19313,45,19358,401
2020-09-15,San Luis Obispo,79,281455,3437,3262,14,3276,28
2020-09-15,San Mateo,81,765935,9698,8895,8,8903,127
2020-09-15,Santa Barbara,83,443738,9278,8724,101,8825,104
2020-09-15,Santa Clara,85,1922200,20740,19610,27,19637,252
2020-09-15,Santa Cruz,87,273765,2230,2079,25,2104,7
2020-09-15,Shasta,89,179085,760,627,3,630,11
2020-09-15,Sierra,91,2930,6,6,0,6,0
2020-09-15,Siskiyou,93,43540,152,143,10,153,0
2020-09-15,Solano,95,438530,6077,5878,41,5919,45
2020-09-15,Sonoma,97,501317,7035,6701,19,6720,104
2020-09-15,Stanislaus,99,539301,16146,15880,495,16375,260
2020-09-15,Sutter,101,95872,1617,1556,1,1557,10
2020-09-15,Tehama,103,63373,496,484,4,488,2
2020-09-15,Trinity,105,12862,26,15,3,18,0
2020-09-15,Tulare,107,460477,15658,15203,86,15289,254
2020-09-15,Tuolumne,109,53932,228,209,27,236,1
2020-09-15,Ventura,111,848112,12557,11932,128,12060,128
2020-09-15,Yolo,113,214977,2753,2708,6,2714,53
2020-09-15,Yuba,115,75493,1037,991,5,996,1
2020-09-14,Alameda,1,1643700,20481,19851,161,20012,306
2020-09-14,Alpine,3,1148,3,2,0,2,0
2020-09-14,Amador,5,37829,285,281,0,281,16
2020-09-14,Butte,7,227075,2792,2642,19,2661,37
2020-09-14,Calaveras,9,45235,303,244,1,245,3
2020-09-14,Colusa,11,21464,515,486,0,486,6
2020-09-14,Contra Costa,13,1133247,16145,15354,79,15433,174
2020-09-14,Del Norte,15,27424,131,116,0,116,2
2020-09-14,El Dorado,17,186661,1082,1039,0,1039,3
2020-09-14,Fresno,19,978130,29398,27232,327,27559,344
2020-09-14,Glenn,21,27897,555,521,0,521,3
2020-09-14,Humboldt,23,135768,478,437,0,437,4
2020-09-14,Imperial,25,180216,11625,10340,6,10346,273
2020-09-14,Inyo,27,18085,187,176,0,176,12
2020-09-14,Kern,29,883053,31200,30344,292,30636,368
2020-09-14,Kings,31,150075,7162,6950,35,6985,70
2020-09-14,Lake,33,64148,481,407,0,407,4
2020-09-14,Lassen,35,31185,735,719,1,720,0
2020-09-14,Los Angeles,37,10098052,258135,254622,1688,256310,6226
2020-09-14,Madera,39,155013,4342,4104,26,4130,45
2020-09-14,Marin,41,260295,6511,6409,15,6424,70
2020-09-14,Mariposa,43,17540,75,74,0,74,2
2020-09-14,Mendocino,45,87422,764,710,0,710,17
2020-09-14,Merced,47,269075,8683,8593,13,8606,112
2020-09-14,Modoc,49,8938,26,21,0,21,0
2020-09-14,Mono,51,14174,165,147,1,148,1
2020-09-14,Monterey,53,433212,9297,8845,20,8865,61
2020-09-14,Napa,55,140530,1623,1576,5,1581,11
2020-09-14,Nevada,57,99092,514,489,13,502,6
2020-09-14,Orange,59,3164182,52743,50149,1356,51505,1079
2020-09-14,Placer,61,380077,3477,3302,15,3317,38
2020-09-14,Plumas,63,18699,48,42,0,42,0
2020-09-14,Riverside,65,2383286,56656,55488,97,55585,1113
2020-09-14,Sacramento,67,1510023,21179,20377,17,20394,367
2020-09-14,San Benito,69,59416,1273,1233,0,1233,7
2020-09-14,San Bernardino,71,2135413,51958,50163,61,50224,895
2020-09-14,San Diego,73,3302833,44600,42889,0,42889,734
2020-09-14,San Francisco,75,870044,10732,10255,30,10285,90
2020-09-14,San Joaquin,77,732212,19673,19111,44,19155,397
2020-09-14,San Luis Obispo,79,281455,3412,3248,14,3262,25
2020-09-14,San Mateo,81,765935,9636,8847,8,8855,127
2020-09-14,Santa Barbara,83,443738,9252,8692,101,8793,104
2020-09-14,Santa Clara,85,1922200,20553,19545,27,19572,247
2020-09-14,Santa Cruz,87,273765,2210,2016,22,2038,7
2020-09-14,Shasta,89,179085,738,584,3,587,10
2020-09-14,Sierra,91,2930,6,6,0,6,0
2020-09-14,Siskiyou,93,43540,151,143,10,153,0
2020-09-14,Solano,95,438530,6042,5834,41,5875,44
2020-09-14,Sonoma,97,501317,6972,6630,19,6649,102
2020-09-14,Stanislaus,99,539301,16101,15812,492,16304,253
2020-09-14,Sutter,101,95872,1606,1549,1,1550,10
2020-09-14,Tehama,103,63373,493,475,4,479,1
2020-09-14,Trinity,105,12862,25,14,3,17,0
2020-09-14,Tulare,107,460477,15589,15096,80,15176,254
2020-09-14,Tuolumne,109,53932,227,208,27,235,1
2020-09-14,Ventura,111,848112,12456,11903,125,12028,125
2020-09-14,Yolo,113,214977,2742,2687,6,2693,53
2020-09-14,Yuba,115,75493,1029,977,5,982,1
2020-09-13,Alameda,1,1643700,20375,19815,158,19973,306
2020-09-13,Alpine,3,1148,3,2,0,2,0
2020-09-13,Amador,5,37829,282,279,0,279,16
2020-09-13,Butte,7,227075,2770,2640,19,2659,37
2020-09-13,Calaveras,9,45235,302,246,1,247,3
2020-09-13,Colusa,11,21464,511,486,0,486,6
2020-09-13,Contra Costa,13,1133247,16040,15284,78,15362,172
2020-09-13,Del Norte,15,27424,128,116,0,116,1
2020-09-13,El Dorado,17,186661,1077,1035,0,1035,2
2020-09-13,Fresno,19,978130,29291,27196,319,27515,345
2020-09-13,Glenn,21,27897,551,517,0,517,3
2020-09-13,Humboldt,23,135768,478,434,0,434,4
2020-09-13,Imperial,25,180216,11588,10304,6,10310,273
2020-09-13,Inyo,27,18085,187,176,0,176,12
2020-09-13,Kern,29,883053,31107,30277,286,30563,368
2020-09-13,Kings,31,150075,7143,6937,35,6972,70
2020-09-13,Lake,33,64148,462,397,0,397,4
2020-09-13,Lassen,35,31185,732,719,1,720,0
2020-09-13,Los Angeles,37,10098052,256988,253950,1671,255621,6203
2020-09-13,Madera,39,155013,4285,4090,26,4116,45
2020-09-13,Marin,41,260295,6490,6395,15,6410,70
2020-09-13,Mariposa,43,17540,75,74,0,74,2
2020-09-13,Mendocino,45,87422,757,707,0,707,17
2020-09-13,Merced,47,269075,8650,8575,13,8588,112
2020-09-13,Modoc,49,8938,26,21,0,21,0
2020-09-13,Mono,51,14174,165,147,1,148,1
2020-09-13,Monterey,53,433212,9215,8826,19,8845,61
2020-09-13,Napa,55,140530,1616,1563,5,1568,11
2020-09-13,Nevada,57,99092,506,486,13,499,6
2020-09-13,Orange,59,3164182,52530,50061,1349,51410,1075
2020-09-13,Placer,61,380077,3447,3291,15,3306,38
2020-09-13,Plumas,63,18699,48,42,0,42,0
2020-09-13,Riverside,65,2383286,56449,55235,86,55321,1108
2020-09-13,Sacramento,67,1510023,20832,20279,17,20296,367
2020-09-13,San Benito,69,59416,1265,1217,0,1217,7
2020-09-13,San Bernardino,71,2135413,51672,49968,61,50029,895
2020-09-13,San Diego,73,3302833,44276,42681,0,42681,734
2020-09-13,San Francisco,75,870044,10654,10254,30,10284,90
2020-09-13,San Joaquin,77,732212,19601,19110,43,19153,396
2020-09-13,San Luis Obispo,79,281455,3376,3240,14,3254,24
2020-09-13,San Mateo,81,765935,9575,8811,8,8819,127
2020-09-13,Santa Barbara,83,443738,9215,8690,101,8791,104
2020-09-13,Santa Clara,85,1922200,20418,19456,26,19482,245
2020-09-13,Santa Cruz,87,273765,2177,2016,20,2036,7
2020-09-13,Shasta,89,179085,726,583,3,586,10
2020-09-13,Sierra,91,2930,6,6,0,6,0
2020-09-13,Siskiyou,93,43540,151,143,9,152,0
2020-09-13,Solano,95,438530,5996,5810,41,5851,43
2020-09-13,Sonoma,97,501317,6908,6592,19,6611,95
2020-09-13,Stanislaus,99,539301,16038,15759,480,16239,253
2020-09-13,Sutter,101,95872,1594,1539,1,1540,10
2020-09-13,Tehama,103,63373,489,476,4,480,1
2020-09-13,Trinity,105,12862,25,14,3,17,0
2020-09-13,Tulare,107,460477,15517,15098,79,15177,254
2020-09-13,Tuolumne,109,53932,224,208,27,235,1
2020-09-13,Ventura,111,848112,12351,11855,124,11979,123
2020-09-13,Yolo,113,214977,2730,2675,6,2681,53
2020-09-13,Yuba,115,75493,1024,967,5,972,1
2020-09-12,Alameda,1,1643700,20316,19758,158,19916,307
2020-09-12,Alpine,3,1148,3,2,0,2,0
2020-09-12,Amador,5,37829,281,278,0,278,16
2020-09-12,Butte,7,227075,2763,2629,18,2647,37
2020-09-12,Calaveras,9,45235,300,246,1,247,3
2020-09-12,Colusa,11,21464,507,486,0,486,6
2020-09-12,Contra Costa,13,1133247,15967,15135,77,15212,174
2020-09-12,Del Norte,15,27424,127,116,0,116,1
2020-09-12,El Dorado,17,186661,1070,1034,0,1034,2
2020-09-12,Fresno,19,978130,29222,27076,318,27394,345
2020-09-12,Glenn,21,27897,550,517,0,517,3
2020-09-12,Humboldt,23,135768,477,430,0,430,4
2020-09-12,Imperial,25,180216,11576,10305,6,10311,273
2020-09-12,Inyo,27,18085,187,177,0,177,12
2020-09-12,Kern,29,883053,31041,30202,286,30488,368
2020-09-12,Kings,31,150075,7133,6895,35,6930,70
2020-09-12,Lake,33,64148,456,393,0,393,4
2020-09-12,Lassen,35,31185,732,719,1,720,0
2020-09-12,Los Angeles,37,10098052,256429,253156,1650,254806,6193
2020-09-12,Madera,39,155013,4274,4058,26,4084,43
2020-09-12,Marin,41,260295,6481,6393,15,6408,69
2020-09-12,Mariposa,43,17540,75,72,0,72,2
2020-09-12,Mendocino,45,87422,754,700,0,700,17
2020-09-12,Merced,47,269075,8641,8533,13,8546,112
2020-09-12,Modoc,49,8938,25,21,0,21,0
2020-09-12,Mono,51,14174,165,147,1,148,1
2020-09-12,Monterey,53,433212,9179,8743,19,8762,61
2020-09-12,Napa,55,140530,1613,1556,5,1561,11
2020-09-12,Nevada,57,99092,505,482,13,495,6
2020-09-12,Orange,59,3164182,52417,49895,1345,51240,1078
2020-09-12,Placer,61,380077,3430,3280,15,3295,38
2020-09-12,Plumas,63,18699,48,42,0,42,0
2020-09-12,Riverside,65,2383286,56322,55058,81,55139,1108
2020-09-12,Sacramento,67,1510023,20764,20184,17,20201,367
2020-09-12,San Benito,69,59416,1262,1208,0,1208,7
2020-09-12,San Bernardino,71,2135413,51581,49945,60,50005,896
2020-09-12,San Diego,73,3302833,44082,42416,0,42416,747
2020-09-12,San Francisco,75,870044,10609,10257,30,10287,90
2020-09-12,San Joaquin,77,732212,19573,19108,43,19151,396
2020-09-12,San Luis Obispo,79,281455,3350,3220,14,3234,24
2020-09-12,San Mateo,81,765935,9530,8759,8,8767,127
2020-09-12,Santa Barbara,83,443738,9200,8642,101,8743,104
2020-09-12,Santa Clara,85,1922200,20334,19330,26,19356,237
2020-09-12,Santa Cruz,87,273765,2165,2016,20,2036,7
2020-09-12,Shasta,89,179085,714,569,3,572,10
2020-09-12,Sierra,91,2930,6,6,0,6,0
2020-09-12,Siskiyou,93,43540,151,141,9,150,0
2020-09-12,Solano,95,438530,5972,5772,41,5813,43
2020-09-12,Sonoma,97,501317,6884,6531,19,6550,95
2020-09-12,Stanislaus,99,539301,16006,15675,477,16152,253
2020-09-12,Sutter,101,95872,1588,1529,1,1530,10
2020-09-12,Tehama,103,63373,486,471,4,475,1
2020-09-12,Trinity,105,12862,25,15,3,18,0
2020-09-12,Tulare,107,460477,15472,15018,78,15096,254
2020-09-12,Tuolumne,109,53932,224,208,27,235,1
2020-09-12,Ventura,111,848112,12300,11759,122,11881,123
2020-09-12,Yolo,113,214977,2723,2646,6,2652,53
2020-09-12,Yuba,115,75493,1020,963,5,968,1
2020-09-11,Alameda,1,1643700,20260,19625,157,19782,298
2020-09-11,Alpine,3,1148,3,2,0,2,0
2020-09-11,Amador,5,37829,281,277,0,277,16
2020-09-11,Butte,7,227075,2752,2605,18,2623,37
2020-09-11,Calaveras,9,45235,299,242,1,243,1
2020-09-11,Colusa,11,21464,506,484,0,484,6
2020-09-11,Contra Costa,13,1133247,15914,15001,74,15075,173
2020-09-11,Del Norte,15,27424,127,115,0,115,1
2020-09-11,El Dorado,17,186661,1067,1024,0,1024,2
2020-09-11,Fresno,19,978130,29142,26917,317,27234,344
2020-09-11,Glenn,21,27897,545,515,0,515,3
2020-09-11,Humboldt,23,135768,475,426,0,426,4
2020-09-11,Imperial,25,180216,11558,10286,6,10292,273
2020-09-11,Inyo,27,18085,187,176,0,176,12
2020-09-11,Kern,29,883053,30974,30059,285,30344,365
2020-09-11,Kings,31,150075,7116,6770,35,6805,70
2020-09-11,Lake,33,64148,449,382,0,382,4
2020-09-11,Lassen,35,31185,732,719,1,720,0
2020-09-11,Los Angeles,37,10098052,255748,252057,1639,253696,6172
2020-09-11,Madera,39,155013,4255,4018,26,4044,43
2020-09-11,Marin,41,260295,6478,6364,15,6379,69
2020-09-11,Mariposa,43,17540,75,72,0,72,2
2020-09-11,Mendocino,45,87422,743,700,0,700,17
2020-09-11,Merced,47,269075,8620,8489,13,8502,109
2020-09-11,Modoc,49,8938,25,21,0,21,0
2020-09-11,Mono,51,14174,165,145,1,146,1
2020-09-11,Monterey,53,433212,9131,8595,19,8614,61
2020-09-11,Napa,55,140530,1602,1543,5,1548,11
2020-09-11,Nevada,57,99092,498,483,13,496,6
2020-09-11,Orange,59,3164182,52290,49755,1332,51087,1068
2020-09-11,Placer,61,380077,3415,3254,15,3269,37
2020-09-11,Plumas,63,18699,48,42,0,42,0
2020-09-11,Riverside,65,2383286,56189,54717,78,54795,1099
2020-09-11,Sacramento,67,1510023,20677,20012,17,20029,358
2020-09-11,San Benito,69,59416,1252,1202,0,1202,7
2020-09-11,San Bernardino,71,2135413,51481,49682,60,49742,871
2020-09-11,San Diego,73,3302833,43862,41971,0,41971,730
2020-09-11,San Francisco,75,870044,10560,10133,29,10162,89
2020-09-11,San Joaquin,77,732212,19526,19019,43,19062,391
2020-09-11,San Luis Obispo,79,281455,3332,3190,14,3204,24
2020-09-11,San Mateo,81,765935,9488,8611,8,8619,127
2020-09-11,Santa Barbara,83,443738,9166,8592,100,8692,103
2020-09-11,Santa Clara,85,1922200,20244,19065,26,19091,234
2020-09-11,Santa Cruz,87,273765,2148,1997,20,2017,7
2020-09-11,Shasta,89,179085,704,568,3,571,10
2020-09-11,Sierra,91,2930,6,6,0,6,0
2020-09-11,Siskiyou,93,43540,150,139,9,148,0
2020-09-11,Solano,95,438530,5955,5742,41,5783,42
2020-09-11,Sonoma,97,501317,6839,6469,19,6488,91
2020-09-11,Stanislaus,99,539301,15968,15613,474,16087,253
2020-09-11,Sutter,101,95872,1578,1505,1,1506,11
2020-09-11,Tehama,103,63373,483,466,4,470,1
2020-09-11,Trinity,105,12862,25,16,3,19,0
2020-09-11,Tulare,107,460477,15441,14932,76,15008,251
2020-09-11,Tuolumne,109,53932,224,208,27,235,1
2020-09-11,Ventura,111,848112,12246,11700,120,11820,123
2020-09-11,Yolo,113,214977,2712,2632,6,2638,53
2020-09-11,Yuba,115,75493,1012,946,5,951,1
2020-09-10,Alameda,1,1643700,20186,19509,157,19666,292
2020-09-10,Alpine,3,1148,3,2,0,2,0
2020-09-10,Amador,5,37829,280,277,0,277,16
2020-09-10,Butte,7,227075,2735,2590,18,2608,37
2020-09-10,Calaveras,9,45235,299,244,1,245,1
2020-09-10,Colusa,11,21464,504,482,0,482,6
2020-09-10,Contra Costa,13,1133247,15844,14909,74,14983,172
2020-09-10,Del Norte,15,27424,126,112,0,112,1
2020-09-10,El Dorado,17,186661,1064,1020,0,1020,2
2020-09-10,Fresno,19,978130,29021,26783,317,27100,338
2020-09-10,Glenn,21,27897,535,511,0,511,3
2020-09-10,Humboldt,23,135768,464,422,0,422,4
2020-09-10,Imperial,25,180216,11542,10251,6,10257,270
2020-09-10,Inyo,27,18085,186,176,0,176,11
2020-09-10,Kern,29,883053,30893,29988,281,30269,363
2020-09-10,Kings,31,150075,7087,6739,35,6774,70
2020-09-10,Lake,33,64148,442,377,0,377,4
2020-09-10,Lassen,35,31185,731,716,1,717,0
2020-09-10,Los Angeles,37,10098052,254767,251003,1617,252620,6132
2020-09-10,Madera,39,155013,4237,3979,26,4005,43
2020-09-10,Marin,41,260295,6467,6344,15,6359,68
2020-09-10,Mariposa,43,17540,75,72,0,72,2
2020-09-10,Mendocino,45,87422,733,697,0,697,16
2020-09-10,Merced,47,269075,8574,8461,13,8474,109
2020-09-10,Modoc,49,8938,25,21,0,21,0
2020-09-10,Mono,51,14174,165,145,1,146,1
2020-09-10,Monterey,53,433212,9061,8570,19,8589,59
2020-09-10,Napa,55,140530,1596,1536,5,1541,11
2020-09-10,Nevada,57,99092,494,478,13,491,6
2020-09-10,Orange,59,3164182,52127,49617,1325,50942,1057
2020-09-10,Placer,61,380077,3396,3233,15,3248,37
2020-09-10,Plumas,63,18699,48,42,0,42,0
2020-09-10,Riverside,65,2383286,55871,54417,74,54491,1091
2020-09-10,Sacramento,67,1510023,20557,19618,16,19634,354
2020-09-10,San Benito,69,59416,1246,1201,0,1201,5
2020-09-10,San Bernardino,71,2135413,51292,49467,59,49526,867
2020-09-10,San Diego,73,3302833,43596,41610,0,41610,725
2020-09-10,San Francisco,75,870044,10483,10082,29,10111,89
2020-09-10,San Joaquin,77,732212,19473,18854,43,18897,389
2020-09-10,San Luis Obispo,79,281455,3319,3161,14,3175,24
2020-09-10,San Mateo,81,765935,9442,8529,8,8537,125
2020-09-10,Santa Barbara,83,443738,9122,8552,100,8652,100
2020-09-10,Santa Clara,85,1922200,20130,18870,25,18895,231
2020-09-10,Santa Cruz,87,273765,2133,1986,18,2004,7
2020-09-10,Shasta,89,179085,693,566,3,569,10
2020-09-10,Sierra,91,2930,6,6,0,6,0
2020-09-10,Siskiyou,93,43540,150,137,9,146,0
2020-09-10,Solano,95,438530,5915,5696,41,5737,42
2020-09-10,Sonoma,97,501317,6790,6424,19,6443,91
2020-09-10,Stanislaus,99,539301,15914,15509,469,15978,243
2020-09-10,Sutter,101,95872,1566,1494,1,1495,11
2020-09-10,Tehama,103,63373,476,466,4,470,1
2020-09-10,Trinity,105,12862,25,15,3,18,0
2020-09-10,Tulare,107,460477,15386,14860,73,14933,250
2020-09-10,Tuolumne,109,53932,223,205,27,232,1
2020-09-10,Ventura,111,848112,12154,11600,113,11713,122
2020-09-10,Yolo,113,214977,2707,2612,6,2618,53
2020-09-10,Yuba,115,75493,1006,941,5,946,1
2020-09-09,Alameda,1,1643700,20108,19399,156,19555,289
2020-09-09,Alpine,3,1148,3,2,0,2,0
2020-09-09,Amador,5,37829,279,276,0,276,16
2020-09-09,Butte,7,227075,2718,2561,18,2579,37
2020-09-09,Calaveras,9,45235,299,242,1,243,1
2020-09-09,Colusa,11,21464,499,479,0,479,6
2020-09-09,Contra Costa,13,1133247,15758,14816,74,14890,171
2020-09-09,Del Norte,15,27424,122,109,0,109,1
2020-09-09,El Dorado,17,186661,1063,1020,0,1020,2
2020-09-09,Fresno,19,978130,28918,26724,312,27036,329
2020-09-09,Glenn,21,27897,532,508,0,508,3
2020-09-09,Humboldt,23,135768,462,420,0,420,4
2020-09-09,Imperial,25,180216,11521,10233,6,10239,268
2020-09-09,Inyo,27,18085,185,173,0,173,2
2020-09-09,Kern,29,883053,30796,29925,278,30203,355
2020-09-09,Kings,31,150075,7069,6721,35,6756,72
2020-09-09,Lake,33,64148,434,371,0,371,4
2020-09-09,Lassen,35,31185,730,714,1,715,0
2020-09-09,Los Angeles,37,10098052,253885,249876,1598,251474,6091
2020-09-09,Madera,39,155013,4213,3926,26,3952,43
2020-09-09,Marin,41,260295,6448,6321,15,6336,68
2020-09-09,Mariposa,43,17540,74,72,0,72,2
2020-09-09,Mendocino,45,87422,725,695,0,695,16
2020-09-09,Merced,47,269075,8548,8441,13,8454,107
2020-09-09,Modoc,49,8938,24,20,0,20,0
2020-09-09,Mono,51,14174,165,145,1,146,1
2020-09-09,Monterey,53,433212,8989,8527,19,8546,59
2020-09-09,Napa,55,140530,1586,1531,5,1536,11
2020-09-09,Nevada,57,99092,490,476,13,489,6
2020-09-09,Orange,59,3164182,51948,49394,1317,50711,1054
2020-09-09,Placer,61,380077,3377,3222,15,3237,36
2020-09-09,Plumas,63,18699,46,42,0,42,0
2020-09-09,Riverside,65,2383286,55641,54320,71,54391,1081
2020-09-09,Sacramento,67,1510023,20451,19474,16,19490,347
2020-09-09,San Benito,69,59416,1242,1199,0,1199,5
2020-09-09,San Bernardino,71,2135413,51094,49264,59,49323,866
2020-09-09,San Diego,73,3302833,43307,41326,0,41326,721
2020-09-09,San Francisco,75,870044,10433,9996,28,10024,86
2020-09-09,San Joaquin,77,732212,19409,18799,42,18841,388
2020-09-09,San Luis Obispo,79,281455,3301,3131,14,3145,24
2020-09-09,San Mateo,81,765935,9381,8478,8,8486,125
2020-09-09,Santa Barbara,83,443738,9079,8528,100,8628,97
2020-09-09,Santa Clara,85,1922200,19999,18759,25,18784,228
2020-09-09,Santa Cruz,87,273765,2110,1967,18,1985,7
2020-09-09,Shasta,89,179085,681,562,3,565,10
2020-09-09,Sierra,91,2930,6,6,0,6,0
2020-09-09,Siskiyou,93,43540,148,137,9,146,0
2020-09-09,Solano,95,438530,5883,5680,41,5721,36
2020-09-09,Sonoma,97,501317,6723,6397,19,6416,92
2020-09-09,Stanislaus,99,539301,15876,15469,456,15925,243
2020-09-09,Sutter,101,95872,1558,1487,1,1488,11
2020-09-09,Tehama,103,63373,473,462,4,466,1
2020-09-09,Trinity,105,12862,25,14,3,17,0
2020-09-09,Tulare,107,460477,15336,14787,68,14855,249
2020-09-09,Tuolumne,109,53932,222,204,27,231,1
2020-09-09,Ventura,111,848112,12066,11497,110,11607,121
2020-09-09,Yolo,113,214977,2696,2604,6,2610,53
2020-09-09,Yuba,115,75493,1001,936,5,941,1
2020-09-08,Alameda,1,1643700,20001,19293,156,19449,288
2020-09-08,Alpine,3,1148,3,2,0,2,0
2020-09-08,Amador,5,37829,279,276,0,276,16
2020-09-08,Butte,7,227075,2700,2453,18,2471,36
2020-09-08,Calaveras,9,45235,297,233,1,234,1
2020-09-08,Colusa,11,21464,497,475,0,475,6
2020-09-08,Contra Costa,13,1133247,15630,14740,71,14811,171
2020-09-08,Del Norte,15,27424,122,109,0,109,2
2020-09-08,El Dorado,17,186661,1060,1011,0,1011,2
2020-09-08,Fresno,19,978130,28799,26640,308,26948,329
2020-09-08,Glenn,21,27897,528,492,0,492,3
2020-09-08,Humboldt,23,135768,460,420,0,420,4
2020-09-08,Imperial,25,180216,11505,10198,6,10204,267
2020-09-08,Inyo,27,18085,185,169,0,169,2
2020-09-08,Kern,29,883053,30711,29850,276,30126,351
2020-09-08,Kings,31,150075,7031,6658,35,6693,72
2020-09-08,Lake,33,64148,424,370,0,370,4
2020-09-08,Lassen,35,31185,730,710,1,711,0
2020-09-08,Los Angeles,37,10098052,252950,249217,1570,250787,6034
2020-09-08,Madera,39,155013,4189,3904,26,3930,43
2020-09-08,Marin,41,260295,6417,6313,15,6328,68
2020-09-08,Mariposa,43,17540,74,72,0,72,2
2020-09-08,Mendocino,45,87422,718,690,0,690,16
2020-09-08,Merced,47,269075,8525,8381,13,8394,104
2020-09-08,Modoc,49,8938,24,20,0,20,0
2020-09-08,Mono,51,14174,165,145,1,146,1
2020-09-08,Monterey,53,433212,8904,8491,19,8510,59
2020-09-08,Napa,55,140530,1582,1518,5,1523,11
2020-09-08,Nevada,57,99092,490,470,13,483,6
2020-09-08,Orange,59,3164182,51807,49214,1313,50527,1044
2020-09-08,Placer,61,380077,3363,3205,15,3220,36
2020-09-08,Plumas,63,18699,46,42,0,42,0
2020-09-08,Riverside,65,2383286,55429,54168,68,54236,1069
2020-09-08,Sacramento,67,1510023,20216,19411,16,19427,347
2020-09-08,San Benito,69,59416,1235,1188,0,1188,5
2020-09-08,San Bernardino,71,2135413,50905,49034,58,49092,856
2020-09-08,San Diego,73,3302833,42991,41079,0,41079,709
2020-09-08,San Francisco,75,870044,10360,9821,27,9848,86
2020-09-08,San Joaquin,77,732212,19331,18550,42,18592,388
2020-09-08,San Luis Obispo,79,281455,3287,3120,14,3134,23
2020-09-08,San Mateo,81,765935,9305,8460,8,8468,125
2020-09-08,Santa Barbara,83,443738,9045,8488,98,8586,96
2020-09-08,Santa Clara,85,1922200,19823,18645,25,18670,228
2020-09-08,Santa Cruz,87,273765,2082,1903,18,1921,7
2020-09-08,Shasta,89,179085,673,556,3,559,10
2020-09-08,Sierra,91,2930,6,6,0,6,0
2020-09-08,Siskiyou,93,43540,146,136,9,145,0
2020-09-08,Solano,95,438530,5846,5654,41,5695,36
2020-09-08,Sonoma,97,501317,6654,6356,19,6375,92
2020-09-08,Stanislaus,99,539301,15812,15415,444,15859,238
2020-09-08,Sutter,101,95872,1544,1473,1,1474,11
2020-09-08,Tehama,103,63373,469,458,4,462,1
2020-09-08,Trinity,105,12862,24,13,3,16,0
2020-09-08,Tulare,107,460477,15256,14635,67,14702,249
2020-09-08,Tuolumne,109,53932,221,197,27,224,1
2020-09-08,Ventura,111,848112,11998,11475,108,11583,118
2020-09-08,Yolo,113,214977,2686,2580,6,2586,53
2020-09-08,Yuba,115,75493,989,923,5,928,1
2020-09-07,Alameda,1,1643700,19879,19188,151,19339,281
2020-09-07,Alpine,3,1148,3,2,0,2,0
2020-09-07,Amador,5,37829,279,276,0,276,16
2020-09-07,Butte,7,227075,2667,2450,17,2467,30
2020-09-07,Calaveras,9,45235,287,234,1,235,1
2020-09-07,Colusa,11,21464,496,475,0,475,6
2020-09-07,Contra Costa,13,1133247,15517,14637,68,14705,172
2020-09-07,Del Norte,15,27424,122,109,0,109,2
2020-09-07,El Dorado,17,186661,1049,1011,0,1011,2
2020-09-07,Fresno,19,978130,28706,26565,304,26869,329
2020-09-07,Glenn,21,27897,523,488,0,488,3
2020-09-07,Humboldt,23,135768,451,416,0,416,4
2020-09-07,Imperial,25,180216,11474,10199,6,10205,267
2020-09-07,Inyo,27,18085,185,169,0,169,2
2020-09-07,Kern,29,883053,30590,29790,272,30062,348
2020-09-07,Kings,31,150075,6907,6630,35,6665,72
2020-09-07,Lake,33,64148,401,367,0,367,2
2020-09-07,Lassen,35,31185,729,709,1,710,0
2020-09-07,Los Angeles,37,10098052,251905,248804,1547,250351,6030
2020-09-07,Madera,39,155013,4158,3889,26,3915,43
2020-09-07,Marin,41,260295,6387,6296,15,6311,67
2020-09-07,Mariposa,43,17540,74,72,0,72,2
2020-09-07,Mendocino,45,87422,710,687,0,687,16
2020-09-07,Merced,47,269075,8478,8381,13,8394,104
2020-09-07,Modoc,49,8938,23,20,0,20,0
2020-09-07,Mono,51,14174,165,145,1,146,1
2020-09-07,Monterey,53,433212,8824,8463,19,8482,57
2020-09-07,Napa,55,140530,1570,1514,5,1519,11
2020-09-07,Nevada,57,99092,488,469,13,482,6
2020-09-07,Orange,59,3164182,51637,49132,1309,50441,1042
2020-09-07,Placer,61,380077,3332,3188,14,3202,36
2020-09-07,Plumas,63,18699,45,42,0,42,0
2020-09-07,Riverside,65,2383286,55154,54178,61,54239,1069
2020-09-07,Sacramento,67,1510023,19974,19292,16,19308,345
2020-09-07,San Benito,69,59416,1229,1180,0,1180,4
2020-09-07,San Bernardino,71,2135413,50681,49043,58,49101,821
2020-09-07,San Diego,73,3302833,42591,40868,0,40868,708
2020-09-07,San Francisco,75,870044,10309,9813,26,9839,85
2020-09-07,San Joaquin,77,732212,19250,18552,40,18592,386
2020-09-07,San Luis Obispo,79,281455,3250,3116,14,3130,23
2020-09-07,San Mateo,81,765935,9223,8409,8,8417,125
2020-09-07,Santa Barbara,83,443738,9003,8479,98,8577,95
2020-09-07,Santa Clara,85,1922200,19665,18596,23,18619,226
2020-09-07,Santa Cruz,87,273765,2054,1902,18,1920,7
2020-09-07,Shasta,89,179085,663,556,3,559,10
2020-09-07,Sierra,91,2930,6,6,0,6,0
2020-09-07,Siskiyou,93,43540,145,133,9,142,0
2020-09-07,Solano,95,438530,5781,5640,41,5681,36
2020-09-07,Sonoma,97,501317,6587,6268,19,6287,85
2020-09-07,Stanislaus,99,539301,15747,15343,431,15774,236
2020-09-07,Sutter,101,95872,1527,1468,1,1469,11
2020-09-07,Tehama,103,63373,466,453,4,457,1
2020-09-07,Trinity,105,12862,24,13,3,16,0
2020-09-07,Tulare,107,460477,15150,14637,65,14702,249
2020-09-07,Tuolumne,109,53932,220,196,27,223,1
2020-09-07,Ventura,111,848112,11905,11463,106,11569,118
2020-09-07,Yolo,113,214977,2669,2565,5,2570,53
2020-09-07,Yuba,115,75493,973,923,4,927,1
2020-09-06,Alameda,1,1643700,19821,19029,149,19178,281
2020-09-06,Alpine,3,1148,3,2,0,2,0
2020-09-06,Amador,5,37829,277,275,0,275,16
2020-09-06,Butte,7,227075,2658,2446,17,2463,30
2020-09-06,Calaveras,9,45235,287,235,1,236,1
2020-09-06,Colusa,11,21464,492,475,0,475,6
2020-09-06,Contra Costa,13,1133247,15437,14565,67,14632,171
2020-09-06,Del Norte,15,27424,122,109,0,109,2
2020-09-06,El Dorado,17,186661,1047,1008,0,1008,2
2020-09-06,Fresno,19,978130,28642,26471,304,26775,329
2020-09-06,Glenn,21,27897,517,474,0,474,3
2020-09-06,Humboldt,23,135768,448,404,0,404,4
2020-09-06,Imperial,25,180216,11457,10152,6,10158,267
2020-09-06,Inyo,27,18085,185,169,0,169,2
2020-09-06,Kern,29,883053,30535,29699,268,29967,348
2020-09-06,Kings,31,150075,6887,6561,34,6595,72
2020-09-06,Lake,33,64148,398,362,0,362,2
2020-09-06,Lassen,35,31185,729,709,1,710,0
2020-09-06,Los Angeles,37,10098052,251277,248316,1531,249847,6004
2020-09-06,Madera,39,155013,4114,3867,26,3893,42
2020-09-06,Marin,41,260295,6375,6276,15,6291,67
2020-09-06,Mariposa,43,17540,74,72,0,72,2
2020-09-06,Mendocino,45,87422,709,672,0,672,16
2020-09-06,Merced,47,269075,8459,8327,13,8340,104
2020-09-06,Modoc,49,8938,23,20,0,20,0
2020-09-06,Mono,51,14174,164,145,1,146,1
2020-09-06,Monterey,53,433212,8785,8403,18,8421,56
2020-09-06,Napa,55,140530,1566,1501,3,1504,11
2020-09-06,Nevada,57,99092,488,467,13,480,6
2020-09-06,Orange,59,3164182,51525,48931,1304,50235,1042
2020-09-06,Placer,61,380077,3315,3169,14,3183,36
2020-09-06,Plumas,63,18699,44,42,0,42,0
2020-09-06,Riverside,65,2383286,55037,53970,59,54029,1069
2020-09-06,Sacramento,67,1510023,19879,19128,16,19144,340
2020-09-06,San Benito,69,59416,1227,1178,0,1178,4
2020-09-06,San Bernardino,71,2135413,50572,48923,58,48981,823
2020-09-06,San Diego,73,3302833,42343,40652,0,40652,707
2020-09-06,San Francisco,75,870044,10234,9813,26,9839,85
2020-09-06,San Joaquin,77,732212,19201,18558,40,18598,386
2020-09-06,San Luis Obispo,79,281455,3239,3101,14,3115,23
2020-09-06,San Mateo,81,765935,9170,8387,8,8395,125
2020-09-06,Santa Barbara,83,443738,8974,8434,98,8532,95
2020-09-06,Santa Clara,85,1922200,19564,18495,23,18518,207
2020-09-06,Santa Cruz,87,273765,2047,1902,18,1920,7
2020-09-06,Shasta,89,179085,657,550,3,553,10
2020-09-06,Sierra,91,2930,6,6,0,6,0
2020-09-06,Siskiyou,93,43540,145,132,9,141,0
2020-09-06,Solano,95,438530,5755,5619,41,5660,37
2020-09-06,Sonoma,97,501317,6558,6212,19,6231,85
2020-09-06,Stanislaus,99,539301,15704,15288,426,15714,236
2020-09-06,Sutter,101,95872,1514,1451,1,1452,11
2020-09-06,Tehama,103,63373,465,455,4,459,1
2020-09-06,Trinity,105,12862,23,13,3,16,0
2020-09-06,Tulare,107,460477,15107,14636,64,14700,249
2020-09-06,Tuolumne,109,53932,217,194,27,221,1
2020-09-06,Ventura,111,848112,11863,11315,105,11420,118
2020-09-06,Yolo,113,214977,2656,2556,5,2561,53
2020-09-06,Yuba,115,75493,965,913,4,917,1
2020-09-05,Alameda,1,1643700,19774,18973,147,19120,279
2020-09-05,Alpine,3,1148,3,2,0,2,0
2020-09-05,Amador,5,37829,277,274,0,274,16
2020-09-05,Butte,7,227075,2642,2406,16,2422,30
2020-09-05,Calaveras,9,45235,287,237,1,238,1
2020-09-05,Colusa,11,21464,488,472,0,472,6
2020-09-05,Contra Costa,13,1133247,15361,14456,65,14521,173
2020-09-05,Del Norte,15,27424,122,109,0,109,2
2020-09-05,El Dorado,17,186661,1047,1007,0,1007,2
2020-09-05,Fresno,19,978130,28574,26325,304,26629,331
2020-09-05,Glenn,21,27897,516,474,0,474,3
2020-09-05,Humboldt,23,135768,446,402,0,402,4
2020-09-05,Imperial,25,180216,11440,10151,6,10157,268
2020-09-05,Inyo,27,18085,185,169,0,169,2
2020-09-05,Kern,29,883053,30475,29645,264,29909,347
2020-09-05,Kings,31,150075,6878,6518,34,6552,66
2020-09-05,Lake,33,64148,395,359,0,359,2
2020-09-05,Lassen,35,31185,729,709,1,710,0
2020-09-05,Los Angeles,37,10098052,250743,247572,1518,249090,6001
2020-09-05,Madera,39,155013,4073,3851,26,3877,42
2020-09-05,Marin,41,260295,6368,6259,15,6274,66
2020-09-05,Mariposa,43,17540,74,72,0,72,2
2020-09-05,Mendocino,45,87422,708,658,0,658,16
2020-09-05,Merced,47,269075,8427,8297,11,8308,104
2020-09-05,Modoc,49,8938,23,19,0,19,0
2020-09-05,Mono,51,14174,164,145,1,146,1
2020-09-05,Monterey,53,433212,8755,8301,18,8319,56
2020-09-05,Napa,55,140530,1560,1484,3,1487,11
2020-09-05,Nevada,57,99092,485,461,13,474,6
2020-09-05,Orange,59,3164182,51422,48726,1299,50025,1039
2020-09-05,Placer,61,380077,3305,3141,14,3155,35
2020-09-05,Plumas,63,18699,44,42,0,42,0
2020-09-05,Riverside,65,2383286,54931,53780,59,53839,1066
2020-09-05,Sacramento,67,1510023,19790,18955,16,18971,339
2020-09-05,San Benito,69,59416,1225,1153,0,1153,4
2020-09-05,San Bernardino,71,2135413,50497,48800,57,48857,825
2020-09-05,San Diego,73,3302833,42151,40344,0,40344,717
2020-09-05,San Francisco,75,870044,10201,9812,25,9837,85
2020-09-05,San Joaquin,77,732212,19173,18557,40,18597,386
2020-09-05,San Luis Obispo,79,281455,3229,3083,14,3097,23
2020-09-05,San Mateo,81,765935,9125,8352,7,8359,124
2020-09-05,Santa Barbara,83,443738,8957,8404,98,8502,96
2020-09-05,Santa Clara,85,1922200,19480,18311,23,18334,207
2020-09-05,Santa Cruz,87,273765,2039,1904,18,1922,7
2020-09-05,Shasta,89,179085,656,544,3,547,10
2020-09-05,Sierra,91,2930,6,6,0,6,0
2020-09-05,Siskiyou,93,43540,144,131,9,140,0
2020-09-05,Solano,95,438530,5743,5579,41,5620,37
2020-09-05,Sonoma,97,501317,6525,6149,19,6168,85
2020-09-05,Stanislaus,99,539301,15656,15198,422,15620,236
2020-09-05,Sutter,101,95872,1507,1445,1,1446,11
2020-09-05,Tehama,103,63373,464,447,4,451,1
2020-09-05,Trinity,105,12862,23,13,3,16,0
2020-09-05,Tulare,107,460477,15051,14576,62,14638,249
2020-09-05,Tuolumne,109,53932,217,194,27,221,1
2020-09-05,Ventura,111,848112,11822,11254,105,11359,118
2020-09-05,Yolo,113,214977,2646,2534,5,2539,53
2020-09-05,Yuba,115,75493,959,902,4,906,1
2020-09-04,Alameda,1,1643700,19706,18843,145,18988,276
2020-09-04,Alpine,3,1148,3,2,0,2,0
2020-09-04,Amador,5,37829,276,274,0,274,16
2020-09-04,Butte,7,227075,2619,2325,16,2341,28
2020-09-04,Calaveras,9,45235,285,237,1,238,1
2020-09-04,Colusa,11,21464,486,467,0,467,6
2020-09-04,Contra Costa,13,1133247,15281,14355,64,14419,164
2020-09-04,Del Norte,15,27424,122,109,0,109,2
2020-09-04,El Dorado,17,186661,1043,992,0,992,2
2020-09-04,Fresno,19,978130,28469,26147,303,26450,321
2020-09-04,Glenn,21,27897,508,463,0,463,3
2020-09-04,Humboldt,23,135768,441,390,0,390,4
2020-09-04,Imperial,25,180216,11431,10136,6,10142,267
2020-09-04,Inyo,27,18085,185,169,0,169,2
2020-09-04,Kern,29,883053,30407,29526,261,29787,345
2020-09-04,Kings,31,150075,6865,6259,34,6293,66
2020-09-04,Lake,33,64148,395,347,0,347,2
2020-09-04,Lassen,35,31185,729,708,1,709,0
2020-09-04,Los Angeles,37,10098052,250172,246396,1497,247893,5977
2020-09-04,Madera,39,155013,4060,3838,26,3864,42
2020-09-04,Marin,41,260295,6356,6251,15,6266,66
2020-09-04,Mariposa,43,17540,74,72,0,72,2
2020-09-04,Mendocino,45,87422,706,646,0,646,16
2020-09-04,Merced,47,269075,8407,8214,11,8225,104
2020-09-04,Modoc,49,8938,23,15,0,15,0
2020-09-04,Mono,51,14174,164,145,1,146,1
2020-09-04,Monterey,53,433212,8710,8208,18,8226,56
2020-09-04,Napa,55,140530,1551,1475,3,1478,11
2020-09-04,Nevada,57,99092,482,455,13,468,6
2020-09-04,Orange,59,3164182,51298,48488,1292,49780,1031
2020-09-04,Placer,61,380077,3293,3101,14,3115,35
2020-09-04,Plumas,63,18699,44,42,0,42,0
2020-09-04,Riverside,65,2383286,54818,53606,54,53660,1066
2020-09-04,Sacramento,67,1510023,19701,18765,16,18781,337
2020-09-04,San Benito,69,59416,1216,1137,0,1137,4
2020-09-04,San Bernardino,71,2135413,50405,48497,57,48554,800
2020-09-04,San Diego,73,3302833,41921,39901,0,39901,701
2020-09-04,San Francisco,75,870044,10161,9694,24,9718,85
2020-09-04,San Joaquin,77,732212,19119,18438,40,18478,376
2020-09-04,San Luis Obispo,79,281455,3214,3049,13,3062,21
2020-09-04,San Mateo,81,765935,9081,8275,7,8282,122
2020-09-04,Santa Barbara,83,443738,8926,8340,98,8438,96
2020-09-04,Santa Clara,85,1922200,19372,18074,23,18097,209
2020-09-04,Santa Cruz,87,273765,2022,1896,17,1913,7
2020-09-04,Shasta,89,179085,653,536,3,539,10
2020-09-04,Sierra,91,2930,6,6,0,6,0
2020-09-04,Siskiyou,93,43540,144,129,9,138,0
2020-09-04,Solano,95,438530,5730,5552,41,5593,37
2020-09-04,Sonoma,97,501317,6460,6050,19,6069,85
2020-09-04,Stanislaus,99,539301,15621,15074,413,15487,233
2020-09-04,Sutter,101,95872,1491,1425,1,1426,11
2020-09-04,Tehama,103,63373,460,442,4,446,1
2020-09-04,Trinity,105,12862,23,13,3,16,0
2020-09-04,Tulare,107,460477,15023,14501,58,14559,247
2020-09-04,Tuolumne,109,53932,217,193,27,220,1
2020-09-04,Ventura,111,848112,11780,11171,105,11276,114
2020-09-04,Yolo,113,214977,2631,2495,5,2500,53
2020-09-04,Yuba,115,75493,954,884,4,888,1
2020-09-03,Alameda,1,1643700,19603,18687,145,18832,275
2020-09-03,Alpine,3,1148,3,2,0,2,0
2020-09-03,Amador,5,37829,276,274,0,274,16
2020-09-03,Butte,7,227075,2574,2274,16,2290,27
2020-09-03,Calaveras,9,45235,284,238,1,239,1
2020-09-03,Colusa,11,21464,484,464,0,464,6
2020-09-03,Contra Costa,13,1133247,15174,14206,61,14267,159
2020-09-03,Del Norte,15,27424,119,109,0,109,2
2020-09-03,El Dorado,17,186661,1039,983,0,983,2
2020-09-03,Fresno,19,978130,28351,25978,297,26275,313
2020-09-03,Glenn,21,27897,504,460,0,460,3
2020-09-03,Humboldt,23,135768,436,390,0,390,4
2020-09-03,Imperial,25,180216,11411,10083,6,10089,255
2020-09-03,Inyo,27,18085,183,171,0,171,3
2020-09-03,Kern,29,883053,30315,29426,246,29672,340
2020-09-03,Kings,31,150075,6785,6200,34,6234,64
2020-09-03,Lake,33,64148,386,347,0,347,2
2020-09-03,Lassen,35,31185,729,707,1,708,0
2020-09-03,Los Angeles,37,10098052,249295,245026,1475,246501,5931
2020-09-03,Madera,39,155013,4041,3780,26,3806,43
2020-09-03,Marin,41,260295,6337,6175,15,6190,66
2020-09-03,Mariposa,43,17540,74,71,0,71,2
2020-09-03,Mendocino,45,87422,697,638,0,638,16
2020-09-03,Merced,47,269075,8365,8136,11,8147,105
2020-09-03,Modoc,49,8938,23,14,0,14,0
2020-09-03,Mono,51,14174,163,144,1,145,1
2020-09-03,Monterey,53,433212,8656,8128,18,8146,56
2020-09-03,Napa,55,140530,1544,1466,3,1469,10
2020-09-03,Nevada,57,99092,479,453,13,466,6
2020-09-03,Orange,59,3164182,51112,48226,1276,49502,1009
2020-09-03,Placer,61,380077,3275,3069,14,3083,34
2020-09-03,Plumas,63,18699,44,39,0,39,0
2020-09-03,Riverside,65,2383286,54639,53341,49,53390,1052
2020-09-03,Sacramento,67,1510023,19573,18553,15,18568,328
2020-09-03,San Benito,69,59416,1205,1121,0,1121,4
2020-09-03,San Bernardino,71,2135413,50241,48165,57,48222,800
2020-09-03,San Diego,73,3302833,41607,39448,0,39448,700
2020-09-03,San Francisco,75,870044,10095,9636,22,9658,84
2020-09-03,San Joaquin,77,732212,19042,18331,40,18371,371
2020-09-03,San Luis Obispo,79,281455,3197,3023,13,3036,21
2020-09-03,San Mateo,81,765935,9007,8211,7,8218,122
2020-09-03,Santa Barbara,83,443738,8879,8277,98,8375,96
2020-09-03,Santa Clara,85,1922200,19192,17879,23,17902,208
2020-09-03,Santa Cruz,87,273765,2007,1870,17,1887,7
2020-09-03,Shasta,89,179085,648,535,3,538,10
2020-09-03,Sierra,91,2930,6,6,0,6,0
2020-09-03,Siskiyou,93,43540,144,128,9,137,0
2020-09-03,Solano,95,438530,5710,5499,40,5539,36
2020-09-03,Sonoma,97,501317,6398,5997,19,6016,62
2020-09-03,Stanislaus,99,539301,15569,14985,409,15394,217
2020-09-03,Sutter,101,95872,1481,1412,1,1413,11
2020-09-03,Tehama,103,63373,456,436,4,440,1
2020-09-03,Trinity,105,12862,22,13,3,16,0
2020-09-03,Tulare,107,460477,14957,14408,57,14465,244
2020-09-03,Tuolumne,109,53932,217,193,27,220,1
2020-09-03,Ventura,111,848112,11664,11109,102,11211,112
2020-09-03,Yolo,113,214977,2615,2475,5,2480,53
2020-09-03,Yuba,115,75493,947,867,4,871,1
2020-09-02,Alameda,1,1643700,19485,18522,142,18664,260
2020-09-02,Alpine,3,1148,3,2,0,2,0
2020-09-02,Amador,5,37829,276,245,0,245,14
2020-09-02,Butte,7,227075,2528,2241,16,2257,27
2020-09-02,Calaveras,9,45235,283,235,1,236,1
2020-09-02,Colusa,11,21464,480,460,0,460,6
2020-09-02,Contra Costa,13,1133247,15086,14097,58,14155,159
2020-09-02,Del Norte,15,27424,118,109,0,109,2
2020-09-02,El Dorado,17,186661,1035,975,0,975,2
2020-09-02,Fresno,19,978130,28204,25785,294,26079,292
2020-09-02,Glenn,21,27897,499,457,0,457,3
2020-09-02,Humboldt,23,135768,433,381,0,381,4
2020-09-02,Imperial,25,180216,11395,9832,6,9838,255
2020-09-02,Inyo,27,18085,183,171,0,171,3
2020-09-02,Kern,29,883053,30223,29288,240,29528,335
2020-09-02,Kings,31,150075,6700,6142,34,6176,64
2020-09-02,Lake,33,64148,382,342,0,342,2
2020-09-02,Lassen,35,31185,727,706,1,707,0
2020-09-02,Los Angeles,37,10098052,248350,243999,1448,245447,5887
2020-09-02,Madera,39,155013,4021,3735,26,3761,41
2020-09-02,Marin,41,260295,6322,6131,15,6146,66
2020-09-02,Mariposa,43,17540,74,71,0,71,2
2020-09-02,Mendocino,45,87422,687,636,0,636,15
2020-09-02,Merced,47,269075,8334,8097,10,8107,103
2020-09-02,Modoc,49,8938,22,11,0,11,0
2020-09-02,Mono,51,14174,163,145,1,146,1
2020-09-02,Monterey,53,433212,8592,8070,18,8088,56
2020-09-02,Napa,55,140530,1532,1454,3,1457,10
2020-09-02,Nevada,57,99092,473,452,12,464,6
2020-09-02,Orange,59,3164182,50930,47871,1267,49138,994
2020-09-02,Placer,61,380077,3250,3047,13,3060,33
2020-09-02,Plumas,63,18699,44,39,0,39,0
2020-09-02,Riverside,65,2383286,54437,52923,46,52969,1032
2020-09-02,Sacramento,67,1510023,19339,18355,15,18370,316
2020-09-02,San Benito,69,59416,1192,1107,0,1107,4
2020-09-02,San Bernardino,71,2135413,50078,47766,56,47822,794
2020-09-02,San Diego,73,3302833,41287,39123,0,39123,695
2020-09-02,San Francisco,75,870044,10026,9587,22,9609,84
2020-09-02,San Joaquin,77,732212,18961,18194,39,18233,352
2020-09-02,San Luis Obispo,79,281455,3171,3002,12,3014,21
2020-09-02,San Mateo,81,765935,8950,8148,7,8155,122
2020-09-02,Santa Barbara,83,443738,8824,8206,97,8303,94
2020-09-02,Santa Clara,85,1922200,19039,17673,23,17696,206
2020-09-02,Santa Cruz,87,273765,1984,1850,17,1867,7
2020-09-02,Shasta,89,179085,647,531,3,534,10
2020-09-02,Sierra,91,2930,6,6,0,6,0
2020-09-02,Siskiyou,93,43540,143,127,9,136,0
2020-09-02,Solano,95,438530,5682,5463,40,5503,36
2020-09-02,Sonoma,97,501317,6336,5846,19,5865,62
2020-09-02,Stanislaus,99,539301,15499,14854,402,15256,220
2020-09-02,Sutter,101,95872,1466,1401,1,1402,10
2020-09-02,Tehama,103,63373,453,429,4,433,1
2020-09-02,Trinity,105,12862,22,13,3,16,0
2020-09-02,Tulare,107,460477,14891,14298,56,14354,244
2020-09-02,Tuolumne,109,53932,217,190,27,217,1
2020-09-02,Ventura,111,848112,11577,11031,101,11132,111
2020-09-02,Yolo,113,214977,2594,2449,5,2454,54
2020-09-02,Yuba,115,75493,940,856,4,860,1
2020-09-01,Alameda,1,1643700,19346,18382,139,18521,248
2020-09-01,Alpine,3,1148,3,2,0,2,0
2020-09-01,Amador,5,37829,275,244,0,244,13
2020-09-01,Butte,7,227075,2471,2146,16,2162,26
2020-09-01,Calaveras,9,45235,275,228,1,229,1
2020-09-01,Colusa,11,21464,476,454,0,454,6
2020-09-01,Contra Costa,13,1133247,14992,13998,56,14054,158
2020-09-01,Del Norte,15,27424,117,108,0,108,2
2020-09-01,El Dorado,17,186661,1027,972,0,972,2
2020-09-01,Fresno,19,978130,28059,25542,291,25833,290
2020-09-01,Glenn,21,27897,492,449,0,449,3
2020-09-01,Humboldt,23,135768,427,378,0,378,4
2020-09-01,Imperial,25,180216,11369,9782,6,9788,250
2020-09-01,Inyo,27,18085,183,171,0,171,3
2020-09-01,Kern,29,883053,30133,29162,235,29397,332
2020-09-01,Kings,31,150075,6669,6088,34,6122,62
2020-09-01,Lake,33,64148,379,341,0,341,2
2020-09-01,Lassen,35,31185,724,706,1,707,0
2020-09-01,Los Angeles,37,10098052,247247,242633,1421,244054,5832
2020-09-01,Madera,39,155013,3992,3703,25,3728,41
2020-09-01,Marin,41,260295,6307,6102,15,6117,67
2020-09-01,Mariposa,43,17540,73,72,0,72,2
2020-09-01,Mendocino,45,87422,672,626,0,626,15
2020-09-01,Merced,47,269075,8281,8046,9,8055,103
2020-09-01,Modoc,49,8938,20,10,0,10,0
2020-09-01,Mono,51,14174,163,145,1,146,1
2020-09-01,Monterey,53,433212,8484,7926,18,7944,56
2020-09-01,Napa,55,140530,1517,1446,3,1449,10
2020-09-01,Nevada,57,99092,467,450,12,462,6
2020-09-01,Orange,59,3164182,50765,47671,1248,48919,976
2020-09-01,Placer,61,380077,3228,3013,13,3026,33
2020-09-01,Plumas,63,18699,44,39,0,39,0
2020-09-01,Riverside,65,2383286,54218,52785,45,52830,1027
2020-09-01,Sacramento,67,1510023,19155,18217,14,18231,305
2020-09-01,San Benito,69,59416,1180,1089,0,1089,4
2020-09-01,San Bernardino,71,2135413,49871,47371,56,47427,786
2020-09-01,San Diego,73,3302833,40928,38873,0,38873,688
2020-09-01,San Francisco,75,870044,9957,9492,22,9514,83
2020-09-01,San Joaquin,77,732212,18879,17915,38,17953,341
2020-09-01,San Luis Obispo,79,281455,3145,2970,12,2982,21
2020-09-01,San Mateo,81,765935,8871,8132,7,8139,122
2020-09-01,Santa Barbara,83,443738,8774,8142,96,8238,93
2020-09-01,Santa Clara,85,1922200,18861,17319,23,17342,204
2020-09-01,Santa Cruz,87,273765,1960,1752,17,1769,7
2020-09-01,Shasta,89,179085,639,527,3,530,9
2020-09-01,Sierra,91,2930,6,6,0,6,0
2020-09-01,Siskiyou,93,43540,140,128,8,136,0
2020-09-01,Solano,95,438530,5656,5438,40,5478,34
2020-09-01,Sonoma,97,501317,6246,5733,19,5752,60
2020-09-01,Stanislaus,99,539301,15425,14784,392,15176,212
2020-09-01,Sutter,101,95872,1455,1389,1,1390,10
2020-09-01,Tehama,103,63373,449,422,4,426,1
2020-09-01,Trinity,105,12862,22,13,3,16,0
2020-09-01,Tulare,107,460477,14809,14156,56,14212,241
2020-09-01,Tuolumne,109,53932,211,183,27,210,1
2020-09-01,Ventura,111,848112,11503,10899,95,10994,108
2020-09-01,Yolo,113,214977,2577,2440,5,2445,51
2020-09-01,Yuba,115,75493,931,841,4,845,1
2020-08-31,Alameda,1,1643700,19202,18148,139,18287,248
2020-08-31,Alpine,3,1148,3,2,0,2,0
2020-08-31,Amador,5,37829,275,243,0,243,13
2020-08-31,Butte,7,227075,2408,2069,16,2085,26
2020-08-31,Calaveras,9,45235,270,212,1,213,1
2020-08-31,Colusa,11,21464,475,443,0,443,6
2020-08-31,Contra Costa,13,1133247,14865,13902,53,13955,153
2020-08-31,Del Norte,15,27424,117,108,0,108,2
2020-08-31,El Dorado,17,186661,1020,965,0,965,2
2020-08-31,Fresno,19,978130,27841,25185,285,25470,290
2020-08-31,Glenn,21,27897,480,437,0,437,3
2020-08-31,Humboldt,23,135768,425,374,0,374,4
2020-08-31,Imperial,25,180216,11338,9759,6,9765,250
2020-08-31,Inyo,27,18085,182,160,0,160,3
2020-08-31,Kern,29,883053,30035,29067,234,29301,318
2020-08-31,Kings,31,150075,6401,6037,34,6071,62
2020-08-31,Lake,33,64148,363,341,0,341,2
2020-08-31,Lassen,35,31185,721,706,1,707,0
2020-08-31,Los Angeles,37,10098052,246130,241793,1393,243186,5787
2020-08-31,Madera,39,155013,3969,3662,24,3686,35
2020-08-31,Marin,41,260295,6270,6074,15,6089,67
2020-08-31,Mariposa,43,17540,73,69,0,69,2
2020-08-31,Mendocino,45,87422,660,618,0,618,15
2020-08-31,Merced,47,269075,8220,7991,9,8000,79
2020-08-31,Modoc,49,8938,18,10,0,10,0
2020-08-31,Mono,51,14174,163,145,1,146,1
2020-08-31,Monterey,53,433212,8377,7839,18,7857,56
2020-08-31,Napa,55,140530,1509,1434,3,1437,10
2020-08-31,Nevada,57,99092,465,447,12,459,6
2020-08-31,Orange,59,3164182,50567,47392,1219,48611,965
2020-08-31,Placer,61,380077,3177,2989,13,3002,33
2020-08-31,Plumas,63,18699,43,39,0,39,0
2020-08-31,Riverside,65,2383286,53998,52508,43,52551,1020
2020-08-31,Sacramento,67,1510023,18920,17999,14,18013,303
2020-08-31,San Benito,69,59416,1164,1080,0,1080,4
2020-08-31,San Bernardino,71,2135413,49662,47370,55,47425,755
2020-08-31,San Diego,73,3302833,40561,38606,0,38606,682
2020-08-31,San Francisco,75,870044,9878,9293,19,9312,83
2020-08-31,San Joaquin,77,732212,18792,17807,37,17844,338
2020-08-31,San Luis Obispo,79,281455,3122,2951,11,2962,21
2020-08-31,San Mateo,81,765935,8801,8065,7,8072,122
2020-08-31,Santa Barbara,83,443738,8727,8124,96,8220,94
2020-08-31,Santa Clara,85,1922200,18672,17211,23,17234,202
2020-08-31,Santa Cruz,87,273765,1935,1742,17,1759,7
2020-08-31,Shasta,89,179085,634,528,3,531,9
2020-08-31,Sierra,91,2930,6,6,0,6,0
2020-08-31,Siskiyou,93,43540,139,127,8,135,0
2020-08-31,Solano,95,438530,5624,5302,39,5341,34
2020-08-31,Sonoma,97,501317,6171,5650,19,5669,60
2020-08-31,Stanislaus,99,539301,15352,14685,382,15067,213
2020-08-31,Sutter,101,95872,1440,1365,1,1366,10
2020-08-31,Tehama,103,63373,446,421,4,425,1
2020-08-31,Trinity,105,12862,22,13,3,16,0
2020-08-31,Tulare,107,460477,14722,13985,55,14040,237
2020-08-31,Tuolumne,109,53932,211,178,27,205,1
2020-08-31,Ventura,111,848112,11420,10866,94,10960,108
2020-08-31,Yolo,113,214977,2559,2423,5,2428,51
2020-08-31,Yuba,115,75493,917,830,4,834,1
2020-08-30,Alameda,1,1643700,19078,18099,136,18235,248
2020-08-30,Alpine,3,1148,3,2,0,2,0
2020-08-30,Amador,5,37829,274,240,0,240,13
2020-08-30,Butte,7,227075,2328,1988,16,2004,26
2020-08-30,Calaveras,9,45235,261,211,1,212,1
2020-08-30,Colusa,11,21464,474,440,0,440,6
2020-08-30,Contra Costa,13,1133247,14726,13780,53,13833,150
2020-08-30,Del Norte,15,27424,116,108,0,108,2
2020-08-30,El Dorado,17,186661,1010,962,0,962,2
2020-08-30,Fresno,19,978130,27717,24963,284,25247,291
2020-08-30,Glenn,21,27897,473,437,0,437,3
2020-08-30,Humboldt,23,135768,414,362,0,362,4
2020-08-30,Imperial,25,180216,11319,9703,6,9709,250
2020-08-30,Inyo,27,18085,182,160,0,160,3
2020-08-30,Kern,29,883053,29942,28987,234,29221,317
2020-08-30,Kings,31,150075,6355,6000,34,6034,62
2020-08-30,Lake,33,64148,358,334,0,334,2
2020-08-30,Lassen,35,31185,719,706,1,707,0
2020-08-30,Los Angeles,37,10098052,244979,240775,1359,242134,5772
2020-08-30,Madera,39,155013,3940,3626,24,3650,33
2020-08-30,Marin,41,260295,6240,6060,15,6075,66
2020-08-30,Mariposa,43,17540,73,69,0,69,2
2020-08-30,Mendocino,45,87422,654,611,0,611,13
2020-08-30,Merced,47,269075,8145,7960,9,7969,79
2020-08-30,Modoc,49,8938,13,10,0,10,0
2020-08-30,Mono,51,14174,163,145,1,146,1
2020-08-30,Monterey,53,433212,8294,7816,18,7834,54
2020-08-30,Napa,55,140530,1497,1423,3,1426,10
2020-08-30,Nevada,57,99092,462,445,12,457,6
2020-08-30,Orange,59,3164182,50373,47283,1203,48486,965
2020-08-30,Placer,61,380077,3144,2961,13,2974,32
2020-08-30,Plumas,63,18699,42,39,0,39,0
2020-08-30,Riverside,65,2383286,53819,52227,41,52268,1017
2020-08-30,Sacramento,67,1510023,18740,17751,14,17765,300
2020-08-30,San Benito,69,59416,1154,1071,0,1071,4
2020-08-30,San Bernardino,71,2135413,49406,47201,55,47256,755
2020-08-30,San Diego,73,3302833,40163,38302,0,38302,682
2020-08-30,San Francisco,75,870044,9780,9294,16,9310,83
2020-08-30,San Joaquin,77,732212,18675,17637,36,17673,338
2020-08-30,San Luis Obispo,79,281455,3098,2934,11,2945,21
2020-08-30,San Mateo,81,765935,8724,8013,6,8019,122
2020-08-30,Santa Barbara,83,443738,8667,8088,96,8184,93
2020-08-30,Santa Clara,85,1922200,18496,17045,23,17068,202
2020-08-30,Santa Cruz,87,273765,1909,1743,17,1760,7
2020-08-30,Shasta,89,179085,631,525,3,528,9
2020-08-30,Sierra,91,2930,6,6,0,6,0
2020-08-30,Siskiyou,93,43540,137,125,8,133,0
2020-08-30,Solano,95,438530,5580,5303,39,5342,34
2020-08-30,Sonoma,97,501317,6113,5590,19,5609,60
2020-08-30,Stanislaus,99,539301,15281,14580,373,14953,209
2020-08-30,Sutter,101,95872,1418,1351,1,1352,10
2020-08-30,Tehama,103,63373,437,419,4,423,1
2020-08-30,Trinity,105,12862,22,13,3,16,0
2020-08-30,Tulare,107,460477,14627,13985,54,14039,236
2020-08-30,Tuolumne,109,53932,207,178,27,205,1
2020-08-30,Ventura,111,848112,11308,10775,89,10864,108
2020-08-30,Yolo,113,214977,2531,2391,4,2395,51
2020-08-30,Yuba,115,75493,903,832,4,836,1
2020-08-29,Alameda,1,1643700,19012,17888,136,18024,250
2020-08-29,Alpine,3,1148,3,2,0,2,0
2020-08-29,Amador,5,37829,274,239,0,239,13
2020-08-29,Butte,7,227075,2297,1948,16,1964,26
2020-08-29,Calaveras,9,45235,257,211,1,212,1
2020-08-29,Colusa,11,21464,471,440,0,440,6
2020-08-29,Contra Costa,13,1133247,14653,13663,52,13715,159
2020-08-29,Del Norte,15,27424,116,108,0,108,1
2020-08-29,El Dorado,17,186661,1007,958,0,958,2
2020-08-29,Fresno,19,978130,27662,24821,284,25105,291
2020-08-29,Glenn,21,27897,467,437,0,437,3
2020-08-29,Humboldt,23,135768,411,363,0,363,4
2020-08-29,Imperial,25,180216,11304,9698,6,9704,250
2020-08-29,Inyo,27,18085,182,160,0,160,3
2020-08-29,Kern,29,883053,29901,28947,233,29180,317
2020-08-29,Kings,31,150075,6340,5906,34,5940,62
2020-08-29,Lake,33,64148,357,329,0,329,2
2020-08-29,Lassen,35,31185,719,706,1,707,0
2020-08-29,Los Angeles,37,10098052,244321,239815,1346,241161,5762
2020-08-29,Madera,39,155013,3931,3605,23,3628,33
2020-08-29,Marin,41,260295,6228,6007,15,6022,64
2020-08-29,Mariposa,43,17540,73,69,0,69,2
2020-08-29,Mendocino,45,87422,649,596,0,596,13
2020-08-29,Merced,47,269075,8115,7867,9,7876,79
2020-08-29,Modoc,49,8938,13,9,0,9,0
2020-08-29,Mono,51,14174,163,145,1,146,1
2020-08-29,Monterey,53,433212,8248,7680,18,7698,53
2020-08-29,Napa,55,140530,1494,1413,3,1416,10
2020-08-29,Nevada,57,99092,462,442,12,454,5
2020-08-29,Orange,59,3164182,50268,47007,1192,48199,960
2020-08-29,Placer,61,380077,3128,2935,13,2948,32
2020-08-29,Plumas,63,18699,41,39,0,39,0
2020-08-29,Riverside,65,2383286,53708,51918,39,51957,1016
2020-08-29,Sacramento,67,1510023,18669,17588,14,17602,291
2020-08-29,San Benito,69,59416,1145,1045,0,1045,4
2020-08-29,San Bernardino,71,2135413,49292,46849,55,46904,755
2020-08-29,San Diego,73,3302833,39897,38049,0,38049,694
2020-08-29,San Francisco,75,870044,9752,9291,15,9306,83
2020-08-29,San Joaquin,77,732212,18631,17493,36,17529,335
2020-08-29,San Luis Obispo,79,281455,3074,2917,11,2928,21
2020-08-29,San Mateo,81,765935,8682,7928,6,7934,122
2020-08-29,Santa Barbara,83,443738,8641,8052,95,8147,93
2020-08-29,Santa Clara,85,1922200,18399,16898,22,16920,202
2020-08-29,Santa Cruz,87,273765,1897,1746,17,1763,7
2020-08-29,Shasta,89,179085,623,522,3,525,9
2020-08-29,Sierra,91,2930,6,6,0,6,0
2020-08-29,Siskiyou,93,43540,137,121,8,129,0
2020-08-29,Solano,95,438530,5559,5303,39,5342,34
2020-08-29,Sonoma,97,501317,6079,5537,19,5556,60
2020-08-29,Stanislaus,99,539301,15232,14479,363,14842,208
2020-08-29,Sutter,101,95872,1413,1333,1,1334,9
2020-08-29,Tehama,103,63373,436,417,4,421,1
2020-08-29,Trinity,105,12862,22,11,3,14,0
2020-08-29,Tulare,107,460477,14589,13890,53,13943,236
2020-08-29,Tuolumne,109,53932,207,178,27,205,1
2020-08-29,Ventura,111,848112,11268,10705,89,10794,108
2020-08-29,Yolo,113,214977,2513,2357,4,2361,51
2020-08-29,Yuba,115,75493,894,822,4,826,1
2020-08-28,Alameda,1,1643700,18928,17729,135,17864,237
2020-08-28,Alpine,3,1148,3,2,0,2,0
2020-08-28,Amador,5,37829,274,234,0,234,13
2020-08-28,Butte,7,227075,2267,1886,16,1902,25
2020-08-28,Calaveras,9,45235,255,207,1,208,1
2020-08-28,Colusa,11,21464,470,441,0,441,6
2020-08-28,Contra Costa,13,1133247,14582,13522,51,13573,158
2020-08-28,Del Norte,15,27424,116,107,0,107,1
2020-08-28,El Dorado,17,186661,1001,949,0,949,2
2020-08-28,Fresno,19,978130,27528,24612,284,24896,282
2020-08-28,Glenn,21,27897,460,429,0,429,3
2020-08-28,Humboldt,23,135768,407,362,0,362,4
2020-08-28,Imperial,25,180216,11290,9656,6,9662,241
2020-08-28,Inyo,27,18085,181,160,0,160,2
2020-08-28,Kern,29,883053,29854,28744,233,28977,306
2020-08-28,Kings,31,150075,6333,5829,33,5862,62
2020-08-28,Lake,33,64148,352,320,0,320,2
2020-08-28,Lassen,35,31185,719,704,1,705,0
2020-08-28,Los Angeles,37,10098052,243512,238544,1321,239865,5740
2020-08-28,Madera,39,155013,3912,3552,23,3575,33
2020-08-28,Marin,41,260295,6206,5991,15,6006,63
2020-08-28,Mariposa,43,17540,73,67,0,67,2
2020-08-28,Mendocino,45,87422,644,588,0,588,11
2020-08-28,Merced,47,269075,8085,7803,9,7812,77
2020-08-28,Modoc,49,8938,13,6,0,6,0
2020-08-28,Mono,51,14174,163,145,1,146,1
2020-08-28,Monterey,53,433212,8191,7591,18,7609,53
2020-08-28,Napa,55,140530,1486,1403,3,1406,10
2020-08-28,Nevada,57,99092,461,438,12,450,5
2020-08-28,Orange,59,3164182,50168,46696,1177,47873,942
2020-08-28,Placer,61,380077,3117,2891,13,2904,32
2020-08-28,Plumas,63,18699,41,39,0,39,0
2020-08-28,Riverside,65,2383286,53577,51510,36,51546,1008
2020-08-28,Sacramento,67,1510023,18571,17119,14,17133,283
2020-08-28,San Benito,69,59416,1129,1016,0,1016,3
2020-08-28,San Bernardino,71,2135413,49177,46553,55,46608,754
2020-08-28,San Diego,73,3302833,39667,37786,0,37786,676
2020-08-28,San Francisco,75,870044,9698,9135,15,9150,83
2020-08-28,San Joaquin,77,732212,18578,17114,35,17149,314
2020-08-28,San Luis Obispo,79,281455,3057,2849,11,2860,20
2020-08-28,San Mateo,81,765935,8635,7783,6,7789,121
2020-08-28,Santa Barbara,83,443738,8607,8001,95,8096,92
2020-08-28,Santa Clara,85,1922200,18268,16696,22,16718,201
2020-08-28,Santa Cruz,87,273765,1885,1747,17,1764,7
2020-08-28,Shasta,89,179085,619,516,3,519,9
2020-08-28,Sierra,91,2930,6,6,0,6,0
2020-08-28,Siskiyou,93,43540,135,119,8,127,0
2020-08-28,Solano,95,438530,5540,5219,39,5258,34
2020-08-28,Sonoma,97,501317,6044,5425,18,5443,58
2020-08-28,Stanislaus,99,539301,15190,14176,359,14535,190
2020-08-28,Sutter,101,95872,1403,1308,1,1309,9
2020-08-28,Tehama,103,63373,431,410,4,414,1
2020-08-28,Trinity,105,12862,22,11,3,14,0
2020-08-28,Tulare,107,460477,14543,13776,53,13829,236
2020-08-28,Tuolumne,109,53932,207,176,27,203,1
2020-08-28,Ventura,111,848112,11232,10606,87,10693,103
2020-08-28,Yolo,113,214977,2504,2323,4,2327,51
2020-08-28,Yuba,115,75493,885,810,4,814,1
2020-08-27,Alameda,1,1643700,18784,17584,132,17716,234
2020-08-27,Alpine,3,1148,3,2,0,2,0
2020-08-27,Amador,5,37829,273,233,0,233,13
2020-08-27,Butte,7,227075,2201,1803,15,1818,25
2020-08-27,Calaveras,9,45235,249,204,1,205,1
2020-08-27,Colusa,11,21464,468,438,0,438,6
2020-08-27,Contra Costa,13,1133247,14482,13379,50,13429,158
2020-08-27,Del Norte,15,27424,116,107,0,107,1
2020-08-27,El Dorado,17,186661,997,942,0,942,2
2020-08-27,Fresno,19,978130,27349,24367,279,24646,272
2020-08-27,Glenn,21,27897,452,429,0,429,3
2020-08-27,Humboldt,23,135768,399,358,0,358,4
2020-08-27,Imperial,25,180216,11263,9608,6,9614,235
2020-08-27,Inyo,27,18085,181,157,0,157,2
2020-08-27,Kern,29,883053,29782,28635,224,28859,294
2020-08-27,Kings,31,150075,6311,5759,33,5792,62
2020-08-27,Lake,33,64148,350,314,0,314,2
2020-08-27,Lassen,35,31185,719,703,1,704,0
2020-08-27,Los Angeles,37,10098052,242501,237103,1303,238406,5704
2020-08-27,Madera,39,155013,3886,3465,23,3488,33
2020-08-27,Marin,41,260295,6182,5929,15,5944,62
2020-08-27,Mariposa,43,17540,73,67,0,67,2
2020-08-27,Mendocino,45,87422,635,581,0,581,10
2020-08-27,Merced,47,269075,8041,7765,9,7774,75
2020-08-27,Modoc,49,8938,11,5,0,5,0
2020-08-27,Mono,51,14174,163,145,1,146,1
2020-08-27,Monterey,53,433212,8097,7501,18,7519,52
2020-08-27,Napa,55,140530,1480,1397,3,1400,10
2020-08-27,Nevada,57,99092,458,435,12,447,5
2020-08-27,Orange,59,3164182,50011,46449,1166,47615,935
2020-08-27,Placer,61,380077,3086,2869,13,2882,32
2020-08-27,Plumas,63,18699,40,39,0,39,0
2020-08-27,Riverside,65,2383286,53371,51306,33,51339,999
2020-08-27,Sacramento,67,1510023,18372,16875,14,16889,281
2020-08-27,San Benito,69,59416,1113,987,0,987,3
2020-08-27,San Bernardino,71,2135413,48951,46345,55,46400,751
2020-08-27,San Diego,73,3302833,39396,37501,0,37501,673
2020-08-27,San Francisco,75,870044,9632,9014,15,9029,83
2020-08-27,San Joaquin,77,732212,18498,16989,35,17024,314
2020-08-27,San Luis Obispo,79,281455,3032,2808,11,2819,20
2020-08-27,San Mateo,81,765935,8527,7728,6,7734,121
2020-08-27,Santa Barbara,83,443738,8569,7934,95,8029,92
2020-08-27,Santa Clara,85,1922200,18085,16495,22,16517,199
2020-08-27,Santa Cruz,87,273765,1868,1734,17,1751,7
2020-08-27,Shasta,89,179085,613,512,3,515,9
2020-08-27,Sierra,91,2930,6,6,0,6,0
2020-08-27,Siskiyou,93,43540,135,118,8,126,0
2020-08-27,Solano,95,438530,5502,5167,39,5206,34
2020-08-27,Sonoma,97,501317,5932,5357,18,5375,58
2020-08-27,Stanislaus,99,539301,15110,14080,355,14435,186
2020-08-27,Sutter,101,95872,1383,1296,1,1297,9
2020-08-27,Tehama,103,63373,426,398,4,402,1
2020-08-27,Trinity,105,12862,22,11,3,14,0
2020-08-27,Tulare,107,460477,14451,13666,52,13718,231
2020-08-27,Tuolumne,109,53932,202,174,27,201,1
2020-08-27,Ventura,111,848112,11169,10483,83,10566,102
2020-08-27,Yolo,113,214977,2480,2293,4,2297,51
2020-08-27,Yuba,115,75493,874,807,3,810,1
2020-08-26,Alameda,1,1643700,18623,17373,132,17505,233
2020-08-26,Alpine,3,1148,3,2,0,2,0
2020-08-26,Amador,5,37829,273,229,0,229,13
2020-08-26,Butte,7,227075,2134,1765,13,1778,25
2020-08-26,Calaveras,9,45235,241,201,1,202,1
2020-08-26,Colusa,11,21464,462,433,0,433,5
2020-08-26,Contra Costa,13,1133247,14344,13248,50,13298,157
2020-08-26,Del Norte,15,27424,115,86,0,86,1
2020-08-26,El Dorado,17,186661,995,938,0,938,2
2020-08-26,Fresno,19,978130,27201,24071,277,24348,255
2020-08-26,Glenn,21,27897,450,429,0,429,3
2020-08-26,Humboldt,23,135768,387,357,0,357,4
2020-08-26,Imperial,25,180216,11241,9453,6,9459,227
2020-08-26,Inyo,27,18085,178,157,0,157,2
2020-08-26,Kern,29,883053,29645,28507,220,28727,286
2020-08-26,Kings,31,150075,6291,5720,33,5753,62
2020-08-26,Lake,33,64148,346,308,0,308,2
2020-08-26,Lassen,35,31185,719,702,1,703,0
2020-08-26,Los Angeles,37,10098052,241466,235499,1270,236769,5665
2020-08-26,Madera,39,155013,3857,3458,23,3481,32
2020-08-26,Marin,41,260295,6165,5887,15,5902,56
2020-08-26,Mariposa,43,17540,73,68,0,68,2
2020-08-26,Mendocino,45,87422,624,581,0,581,10
2020-08-26,Merced,47,269075,8008,7720,9,7729,74
2020-08-26,Modoc,49,8938,8,5,0,5,0
2020-08-26,Mono,51,14174,163,141,1,142,1
2020-08-26,Monterey,53,433212,8004,7439,18,7457,51
2020-08-26,Napa,55,140530,1467,1382,3,1385,10
2020-08-26,Nevada,57,99092,455,432,12,444,2
2020-08-26,Orange,59,3164182,49827,46157,1151,47308,905
2020-08-26,Placer,61,380077,3064,2846,11,2857,32
2020-08-26,Plumas,63,18699,39,39,0,39,0
2020-08-26,Riverside,65,2383286,53129,51138,33,51171,987
2020-08-26,Sacramento,67,1510023,18209,16708,14,16722,271
2020-08-26,San Benito,69,59416,1098,978,0,978,3
2020-08-26,San Bernardino,71,2135413,48742,45840,55,45895,743
2020-08-26,San Diego,73,3302833,39058,37224,0,37224,668
2020-08-26,San Francisco,75,870044,9557,8938,15,8953,81
2020-08-26,San Joaquin,77,732212,18409,16845,34,16879,309
2020-08-26,San Luis Obispo,79,281455,3004,2761,11,2772,20
2020-08-26,San Mateo,81,765935,8460,7655,6,7661,121
2020-08-26,Santa Barbara,83,443738,8536,7904,95,7999,90
2020-08-26,Santa Clara,85,1922200,17909,16283,22,16305,198
2020-08-26,Santa Cruz,87,273765,1857,1726,17,1743,7
2020-08-26,Shasta,89,179085,608,511,3,514,9
2020-08-26,Sierra,91,2930,6,6,0,6,0
2020-08-26,Siskiyou,93,43540,132,109,8,117,0
2020-08-26,Solano,95,438530,5478,5131,38,5169,34
2020-08-26,Sonoma,97,501317,5858,5283,18,5301,58
2020-08-26,Stanislaus,99,539301,15033,13964,349,14313,186
2020-08-26,Sutter,101,95872,1365,1275,1,1276,9
2020-08-26,Tehama,103,63373,423,396,4,400,1
2020-08-26,Trinity,105,12862,22,10,3,13,0
2020-08-26,Tulare,107,460477,14384,13568,52,13620,232
2020-08-26,Tuolumne,109,53932,201,172,27,199,1
2020-08-26,Ventura,111,848112,11098,10412,76,10488,100
2020-08-26,Yolo,113,214977,2458,2279,4,2283,49
2020-08-26,Yuba,115,75493,859,779,3,782,1
2020-08-25,Alameda,1,1643700,18465,17278,132,17410,232
2020-08-25,Alpine,3,1148,3,2,0,2,0
2020-08-25,Amador,5,37829,273,227,0,227,13
2020-08-25,Butte,7,227075,2067,1718,13,1731,24
2020-08-25,Calaveras,9,45235,239,196,1,197,1
2020-08-25,Colusa,11,21464,455,430,0,430,5
2020-08-25,Contra Costa,13,1133247,14206,13181,49,13230,156
2020-08-25,Del Norte,15,27424,114,83,0,83,1
2020-08-25,El Dorado,17,186661,992,928,0,928,2
2020-08-25,Fresno,19,978130,27014,23932,276,24208,250
2020-08-25,Glenn,21,27897,447,429,0,429,3
2020-08-25,Humboldt,23,135768,382,342,0,342,4
2020-08-25,Imperial,25,180216,11213,9381,6,9387,217
2020-08-25,Inyo,27,18085,176,144,0,144,1
2020-08-25,Kern,29,883053,29508,28416,220,28636,285
2020-08-25,Kings,31,150075,6134,5702,33,5735,59
2020-08-25,Lake,33,64148,341,304,0,304,2
2020-08-25,Lassen,35,31185,718,692,1,693,0
2020-08-25,Los Angeles,37,10098052,240145,233961,1223,235184,5612
2020-08-25,Madera,39,155013,3842,3446,22,3468,32
2020-08-25,Marin,41,260295,6127,5860,15,5875,56
2020-08-25,Mariposa,43,17540,73,67,0,67,2
2020-08-25,Mendocino,45,87422,618,571,0,571,10
2020-08-25,Merced,47,269075,7941,7693,8,7701,69
2020-08-25,Modoc,49,8938,8,5,0,5,0
2020-08-25,Mono,51,14174,163,129,1,130,1
2020-08-25,Monterey,53,433212,7924,7333,18,7351,51
2020-08-25,Napa,55,140530,1460,1374,3,1377,10
2020-08-25,Nevada,57,99092,452,430,12,442,2
2020-08-25,Orange,59,3164182,49634,45737,1134,46871,902
2020-08-25,Placer,61,380077,3045,2829,8,2837,31
2020-08-25,Plumas,63,18699,39,39,0,39,0
2020-08-25,Riverside,65,2383286,52899,50889,33,50922,981
2020-08-25,Sacramento,67,1510023,18057,16601,14,16615,265
2020-08-25,San Benito,69,59416,1082,973,0,973,3
2020-08-25,San Bernardino,71,2135413,48507,45544,55,45599,727
2020-08-25,San Diego,73,3302833,38780,36996,0,36996,665
2020-08-25,San Francisco,75,870044,9480,8848,15,8863,81
2020-08-25,San Joaquin,77,732212,18281,16795,34,16829,306
2020-08-25,San Luis Obispo,79,281455,2946,2731,9,2740,20
2020-08-25,San Mateo,81,765935,8400,7636,6,7642,120
2020-08-25,Santa Barbara,83,443738,8484,7854,94,7948,90
2020-08-25,Santa Clara,85,1922200,17736,16199,22,16221,194
2020-08-25,Santa Cruz,87,273765,1838,1708,17,1725,7
2020-08-25,Shasta,89,179085,604,511,3,514,9
2020-08-25,Sierra,91,2930,6,6,0,6,0
2020-08-25,Siskiyou,93,43540,131,109,8,117,0
2020-08-25,Solano,95,438530,5417,5114,38,5152,34
2020-08-25,Sonoma,97,501317,5773,5148,18,5166,56
2020-08-25,Stanislaus,99,539301,14925,13886,338,14224,182
2020-08-25,Sutter,101,95872,1348,1259,1,1260,9
2020-08-25,Tehama,103,63373,420,394,4,398,1
2020-08-25,Trinity,105,12862,20,10,3,13,0
2020-08-25,Tulare,107,460477,14281,13514,51,13565,224
2020-08-25,Tuolumne,109,53932,199,172,27,199,1
2020-08-25,Ventura,111,848112,11013,10313,71,10384,99
2020-08-25,Yolo,113,214977,2445,2254,4,2258,50
2020-08-25,Yuba,115,75493,849,775,3,778,1
2020-08-24,Alameda,1,1643700,18273,16913,131,17044,231
2020-08-24,Alpine,3,1148,3,2,0,2,0
2020-08-24,Amador,5,37829,271,227,0,227,13
2020-08-24,Butte,7,227075,1983,1649,13,1662,23
2020-08-24,Calaveras,9,45235,229,187,1,188,1
2020-08-24,Colusa,11,21464,451,425,0,425,5
2020-08-24,Contra Costa,13,1133247,14090,12906,47,12953,153
2020-08-24,Del Norte,15,27424,114,80,0,80,1
2020-08-24,El Dorado,17,186661,984,908,0,908,2
2020-08-24,Fresno,19,978130,26829,23618,269,23887,235
2020-08-24,Glenn,21,27897,445,421,0,421,2
2020-08-24,Humboldt,23,135768,378,340,0,340,4
2020-08-24,Imperial,25,180216,11179,9323,6,9329,210
2020-08-24,Inyo,27,18085,172,144,0,144,2
2020-08-24,Kern,29,883053,29411,28157,214,28371,277
2020-08-24,Kings,31,150075,6046,5652,33,5685,60
2020-08-24,Lake,33,64148,327,302,0,302,2
2020-08-24,Lassen,35,31185,718,693,1,694,0
2020-08-24,Los Angeles,37,10098052,238781,233036,1201,234237,5562
2020-08-24,Madera,39,155013,3815,3418,22,3440,32
2020-08-24,Marin,41,260295,6064,5834,15,5849,56
2020-08-24,Mariposa,43,17540,71,66,0,66,2
2020-08-24,Mendocino,45,87422,603,550,0,550,10
2020-08-24,Merced,47,269075,7863,7605,8,7613,69
2020-08-24,Modoc,49,8938,8,5,0,5,0
2020-08-24,Mono,51,14174,163,129,1,130,1
2020-08-24,Monterey,53,433212,7815,7212,17,7229,50
2020-08-24,Napa,55,140530,1447,1358,3,1361,10
2020-08-24,Nevada,57,99092,447,423,12,435,2
2020-08-24,Orange,59,3164182,49443,45536,1123,46659,887
2020-08-24,Placer,61,380077,2999,2793,8,2801,31
2020-08-24,Plumas,63,18699,39,37,0,37,0
2020-08-24,Riverside,65,2383286,52622,50496,33,50529,975
2020-08-24,Sacramento,67,1510023,17859,16318,14,16332,249
2020-08-24,San Benito,69,59416,1061,961,0,961,3
2020-08-24,San Bernardino,71,2135413,48246,45199,54,45253,720
2020-08-24,San Diego,73,3302833,38493,36729,0,36729,660
2020-08-24,San Francisco,75,870044,9397,8621,15,8636,81
2020-08-24,San Joaquin,77,732212,18140,16565,33,16598,305
2020-08-24,San Luis Obispo,79,281455,2918,2705,9,2714,20
2020-08-24,San Mateo,81,765935,8334,7502,6,7508,120
2020-08-24,Santa Barbara,83,443738,8443,7784,94,7878,90
2020-08-24,Santa Clara,85,1922200,17533,16049,22,16071,192
2020-08-24,Santa Cruz,87,273765,1818,1627,16,1643,6
2020-08-24,Shasta,89,179085,602,505,3,508,9
2020-08-24,Sierra,91,2930,6,6,0,6,0
2020-08-24,Siskiyou,93,43540,127,107,8,115,0
2020-08-24,Solano,95,438530,5368,4979,36,5015,32
2020-08-24,Sonoma,97,501317,5671,5071,18,5089,56
2020-08-24,Stanislaus,99,539301,14827,13521,323,13844,171
2020-08-24,Sutter,101,95872,1329,1219,1,1220,9
2020-08-24,Tehama,103,63373,415,388,4,392,1
2020-08-24,Trinity,105,12862,20,10,3,13,0
2020-08-24,Tulare,107,460477,14174,13360,49,13409,223
2020-08-24,Tuolumne,109,53932,198,170,27,197,1
2020-08-24,Ventura,111,848112,10933,10261,68,10329,99
2020-08-24,Yolo,113,214977,2410,2239,4,2243,47
2020-08-24,Yuba,115,75493,832,750,3,753,1
2020-08-23,Alameda,1,1643700,18050,16786,131,16917,231
2020-08-23,Alpine,3,1148,3,2,0,2,0
2020-08-23,Amador,5,37829,268,227,0,227,13
2020-08-23,Butte,7,227075,1869,1637,13,1650,23
2020-08-23,Calaveras,9,45235,219,187,1,188,1
2020-08-23,Colusa,11,21464,444,424,0,424,5
2020-08-23,Contra Costa,13,1133247,13930,12642,47,12689,153
2020-08-23,Del Norte,15,27424,114,80,0,80,1
2020-08-23,El Dorado,17,186661,971,901,0,901,2
2020-08-23,Fresno,19,978130,26627,23414,264,23678,235
2020-08-23,Glenn,21,27897,438,421,0,421,2
2020-08-23,Humboldt,23,135768,376,341,0,341,4
2020-08-23,Imperial,25,180216,11152,9243,6,9249,210
2020-08-23,Inyo,27,18085,169,144,0,144,2
2020-08-23,Kern,29,883053,29263,28028,208,28236,277
2020-08-23,Kings,31,150075,6004,5628,33,5661,60
2020-08-23,Lake,33,64148,323,299,0,299,2
2020-08-23,Lassen,35,31185,717,693,1,694,0
2020-08-23,Los Angeles,37,10098052,237184,231833,1124,232957,5549
2020-08-23,Madera,39,155013,3783,3401,21,3422,32
2020-08-23,Marin,41,260295,6024,5807,14,5821,50
2020-08-23,Mariposa,43,17540,71,66,0,66,2
2020-08-23,Mendocino,45,87422,599,550,0,550,10
2020-08-23,Merced,47,269075,7794,7574,7,7581,69
2020-08-23,Modoc,49,8938,7,5,0,5,0
2020-08-23,Mono,51,14174,163,129,1,130,1
2020-08-23,Monterey,53,433212,7725,7173,17,7190,50
2020-08-23,Napa,55,140530,1435,1348,3,1351,10
2020-08-23,Nevada,57,99092,442,421,12,433,2
2020-08-23,Orange,59,3164182,49207,45267,1110,46377,887
2020-08-23,Placer,61,380077,2960,2772,8,2780,31
2020-08-23,Plumas,63,18699,39,37,0,37,0
2020-08-23,Riverside,65,2383286,52353,50293,31,50324,955
2020-08-23,Sacramento,67,1510023,17635,16084,13,16097,243
2020-08-23,San Benito,69,59416,1048,938,0,938,3
2020-08-23,San Bernardino,71,2135413,47977,45010,53,45063,719
2020-08-23,San Diego,73,3302833,38172,36542,0,36542,660
2020-08-23,San Francisco,75,870044,9302,8564,14,8578,80
2020-08-23,San Joaquin,77,732212,18008,16069,32,16101,305
2020-08-23,San Luis Obispo,79,281455,2876,2679,9,2688,20
2020-08-23,San Mateo,81,765935,8239,7450,6,7456,120
2020-08-23,Santa Barbara,83,443738,8375,7725,94,7819,90
2020-08-23,Santa Clara,85,1922200,17340,15912,20,15932,191
2020-08-23,Santa Cruz,87,273765,1792,1627,16,1643,6
2020-08-23,Shasta,89,179085,597,501,3,504,9
2020-08-23,Sierra,91,2930,6,6,0,6,0
2020-08-23,Siskiyou,93,43540,122,107,8,115,0
2020-08-23,Solano,95,438530,5310,4977,34,5011,32
2020-08-23,Sonoma,97,501317,5583,5018,18,5036,56
2020-08-23,Stanislaus,99,539301,14693,13483,299,13782,171
2020-08-23,Sutter,101,95872,1307,1203,1,1204,9
2020-08-23,Tehama,103,63373,405,381,4,385,1
2020-08-23,Trinity,105,12862,20,10,3,13,0
2020-08-23,Tulare,107,460477,14043,13303,45,13348,223
2020-08-23,Tuolumne,109,53932,194,164,27,191,1
2020-08-23,Ventura,111,848112,10833,10126,63,10189,99
2020-08-23,Yolo,113,214977,2382,2210,4,2214,47
2020-08-23,Yuba,115,75493,811,750,3,753,1
2020-08-22,Alameda,1,1643700,17956,16648,130,16778,231
2020-08-22,Alpine,3,1148,3,2,0,2,0
2020-08-22,Amador,5,37829,267,224,0,224,13
2020-08-22,Butte,7,227075,1819,1618,13,1631,22
2020-08-22,Calaveras,9,45235,216,187,1,188,1
2020-08-22,Colusa,11,21464,440,419,0,419,5
2020-08-22,Contra Costa,13,1133247,13843,12522,47,12569,153
2020-08-22,Del Norte,15,27424,113,80,0,80,1
2020-08-22,El Dorado,17,186661,969,900,0,900,2
2020-08-22,Fresno,19,978130,26529,23197,263,23460,235
2020-08-22,Glenn,21,27897,437,421,0,421,2
2020-08-22,Humboldt,23,135768,366,334,0,334,4
2020-08-22,Imperial,25,180216,11144,9244,6,9250,210
2020-08-22,Inyo,27,18085,169,144,0,144,1
2020-08-22,Kern,29,883053,29209,27807,208,28015,277
2020-08-22,Kings,31,150075,5995,5447,33,5480,60
2020-08-22,Lake,33,64148,321,291,0,291,2
2020-08-22,Lassen,35,31185,717,693,1,694,0
2020-08-22,Los Angeles,37,10098052,236528,230858,1105,231963,5540
2020-08-22,Madera,39,155013,3764,3330,21,3351,32
2020-08-22,Marin,41,260295,6012,5789,14,5803,49
2020-08-22,Mariposa,43,17540,71,66,0,66,2
2020-08-22,Mendocino,45,87422,596,529,0,529,10
2020-08-22,Merced,47,269075,7766,7493,7,7500,69
2020-08-22,Modoc,49,8938,7,5,0,5,0
2020-08-22,Mono,51,14174,163,129,1,130,1
2020-08-22,Monterey,53,433212,7677,7081,17,7098,50
2020-08-22,Napa,55,140530,1430,1328,3,1331,11
2020-08-22,Nevada,57,99092,442,411,12,423,2
2020-08-22,Orange,59,3164182,49065,45131,1104,46235,885
2020-08-22,Placer,61,380077,2946,2734,8,2742,30
2020-08-22,Plumas,63,18699,39,37,0,37,0
2020-08-22,Riverside,65,2383286,52205,49944,30,49974,953
2020-08-22,Sacramento,67,1510023,17524,15516,13,15529,239
2020-08-22,San Benito,69,59416,1032,912,0,912,3
2020-08-22,San Bernardino,71,2135413,47848,44803,52,44855,719
2020-08-22,San Diego,73,3302833,37990,36205,0,36205,673
2020-08-22,San Francisco,75,870044,9242,8568,14,8582,80
2020-08-22,San Joaquin,77,732212,17952,16068,32,16100,305
2020-08-22,San Luis Obispo,79,281455,2851,2660,9,2669,20
2020-08-22,San Mateo,81,765935,8192,7361,6,7367,120
2020-08-22,Santa Barbara,83,443738,8349,7685,94,7779,90
2020-08-22,Santa Clara,85,1922200,17233,15590,20,15610,190
2020-08-22,Santa Cruz,87,273765,1776,1628,15,1643,6
2020-08-22,Shasta,89,179085,595,493,3,496,9
2020-08-22,Sierra,91,2930,6,6,0,6,0
2020-08-22,Siskiyou,93,43540,122,106,8,114,0
2020-08-22,Solano,95,438530,5280,4944,33,4977,32
2020-08-22,Sonoma,97,501317,5537,4891,18,4909,57
2020-08-22,Stanislaus,99,539301,14645,13380,280,13660,170
2020-08-22,Sutter,101,95872,1300,1189,1,1190,8
2020-08-22,Tehama,103,63373,404,368,4,372,1
2020-08-22,Trinity,105,12862,20,8,3,11,0
2020-08-22,Tulare,107,460477,13976,13196,45,13241,222
2020-08-22,Tuolumne,109,53932,192,162,27,189,1
2020-08-22,Ventura,111,848112,10778,9959,61,10020,99
2020-08-22,Yolo,113,214977,2366,2188,4,2192,47
2020-08-22,Yuba,115,75493,799,738,3,741,1
2020-08-21,Alameda,1,1643700,17865,16413,130,16543,232
2020-08-21,Alpine,3,1148,3,2,0,2,0
2020-08-21,Amador,5,37829,266,223,0,223,11
2020-08-21,Butte,7,227075,1780,1582,13,1595,19
2020-08-21,Calaveras,9,45235,216,182,1,183,1
2020-08-21,Colusa,11,21464,438,418,0,418,5
2020-08-21,Contra Costa,13,1133247,13753,12333,46,12379,149
2020-08-21,Del Norte,15,27424,113,78,0,78,1
2020-08-21,El Dorado,17,186661,965,885,0,885,2
2020-08-21,Fresno,19,978130,26359,22840,261,23101,232
2020-08-21,Glenn,21,27897,433,418,0,418,2
2020-08-21,Humboldt,23,135768,363,331,0,331,4
2020-08-21,Imperial,25,180216,11128,9166,6,9172,204
2020-08-21,Inyo,27,18085,169,144,0,144,1
2020-08-21,Kern,29,883053,29150,27567,206,27773,269
2020-08-21,Kings,31,150075,5973,5391,33,5424,60
2020-08-21,Lake,33,64148,319,281,0,281,2
2020-08-21,Lassen,35,31185,717,693,1,694,0
2020-08-21,Los Angeles,37,10098052,235652,229235,1083,230318,5494
2020-08-21,Madera,39,155013,3734,3271,21,3292,31
2020-08-21,Marin,41,260295,5992,5762,14,5776,49
2020-08-21,Mariposa,43,17540,71,66,0,66,2
2020-08-21,Mendocino,45,87422,586,505,0,505,10
2020-08-21,Merced,47,269075,7737,7357,7,7364,69
2020-08-21,Modoc,49,8938,7,5,0,5,0
2020-08-21,Mono,51,14174,163,128,1,129,1
2020-08-21,Monterey,53,433212,7605,6974,17,6991,49
2020-08-21,Napa,55,140530,1421,1317,3,1320,10
2020-08-21,Nevada,57,99092,441,406,12,418,2
2020-08-21,Orange,59,3164182,48924,44625,1096,45721,875
2020-08-21,Placer,61,380077,2930,2698,7,2705,30
2020-08-21,Plumas,63,18699,39,36,0,36,0
2020-08-21,Riverside,65,2383286,52012,49409,30,49439,932
2020-08-21,Sacramento,67,1510023,17401,15247,13,15260,237
2020-08-21,San Benito,69,59416,1022,891,0,891,3
2020-08-21,San Bernardino,71,2135413,47728,44249,52,44301,668
2020-08-21,San Diego,73,3302833,37786,35914,0,35914,652
2020-08-21,San Francisco,75,870044,9192,8375,14,8389,80
2020-08-21,San Joaquin,77,732212,17869,15888,30,15918,301
2020-08-21,San Luis Obispo,79,281455,2828,2640,9,2649,19
2020-08-21,San Mateo,81,765935,8134,7253,6,7259,120
2020-08-21,Santa Barbara,83,443738,8308,7645,94,7739,86
2020-08-21,Santa Clara,85,1922200,17081,15399,20,15419,190
2020-08-21,Santa Cruz,87,273765,1764,1617,15,1632,6
2020-08-21,Shasta,89,179085,595,486,3,489,9
2020-08-21,Sierra,91,2930,6,6,0,6,0
2020-08-21,Siskiyou,93,43540,122,103,6,109,0
2020-08-21,Solano,95,438530,5257,4891,32,4923,32
2020-08-21,Sonoma,97,501317,5467,4816,18,4834,57
2020-08-21,Stanislaus,99,539301,14576,13282,265,13547,161
2020-08-21,Sutter,101,95872,1287,1173,1,1174,8
2020-08-21,Tehama,103,63373,402,357,4,361,1
2020-08-21,Trinity,105,12862,20,8,3,11,0
2020-08-21,Tulare,107,460477,13904,13002,44,13046,217
2020-08-21,Tuolumne,109,53932,184,161,27,188,1
2020-08-21,Ventura,111,848112,10714,9865,59,9924,98
2020-08-21,Yolo,113,214977,2351,2164,4,2168,46
2020-08-21,Yuba,115,75493,795,717,3,720,1
2020-08-20,Alameda,1,1643700,17707,16174,130,16304,229
2020-08-20,Alpine,3,1148,3,2,0,2,0
2020-08-20,Amador,5,37829,264,222,0,222,11
2020-08-20,Butte,7,227075,1729,1549,13,1562,18
2020-08-20,Calaveras,9,45235,213,179,1,180,1
2020-08-20,Colusa,11,21464,436,415,0,415,5
2020-08-20,Contra Costa,13,1133247,13625,12108,45,12153,144
2020-08-20,Del Norte,15,27424,113,78,0,78,1
2020-08-20,El Dorado,17,186661,961,881,0,881,2
2020-08-20,Fresno,19,978130,26177,22535,256,22791,228
2020-08-20,Glenn,21,27897,428,414,0,414,2
2020-08-20,Humboldt,23,135768,358,318,0,318,4
2020-08-20,Imperial,25,180216,11109,9086,6,9092,196
2020-08-20,Inyo,27,18085,168,144,0,144,1
2020-08-20,Kern,29,883053,28983,27337,195,27532,267
2020-08-20,Kings,31,150075,5933,5347,32,5379,59
2020-08-20,Lake,33,64148,314,280,0,280,2
2020-08-20,Lassen,35,31185,716,693,1,694,0
2020-08-20,Los Angeles,37,10098052,234415,227492,1064,228556,5445
2020-08-20,Madera,39,155013,3708,3197,21,3218,31
2020-08-20,Marin,41,260295,5974,5745,14,5759,47
2020-08-20,Mariposa,43,17540,71,67,0,67,2
2020-08-20,Mendocino,45,87422,575,497,0,497,10
2020-08-20,Merced,47,269075,7662,7173,7,7180,68
2020-08-20,Modoc,49,8938,7,5,0,5,0
2020-08-20,Mono,51,14174,163,128,1,129,1
2020-08-20,Monterey,53,433212,7534,6892,17,6909,47
2020-08-20,Napa,55,140530,1413,1306,3,1309,10
2020-08-20,Nevada,57,99092,440,401,12,413,2
2020-08-20,Orange,59,3164182,48697,44299,1085,45384,849
2020-08-20,Placer,61,380077,2914,2681,7,2688,30
2020-08-20,Plumas,63,18699,39,36,0,36,0
2020-08-20,Riverside,65,2383286,51795,48953,29,48982,927
2020-08-20,Sacramento,67,1510023,17158,14992,12,15004,231
2020-08-20,San Benito,69,59416,1009,866,0,866,3
2020-08-20,San Bernardino,71,2135413,47471,43627,52,43679,665
2020-08-20,San Diego,73,3302833,37566,35610,0,35610,644
2020-08-20,San Francisco,75,870044,9106,8262,14,8276,72
2020-08-20,San Joaquin,77,732212,17776,15778,30,15808,297
2020-08-20,San Luis Obispo,79,281455,2808,2590,9,2599,19
2020-08-20,San Mateo,81,765935,8068,7188,6,7194,120
2020-08-20,Santa Barbara,83,443738,8270,7571,94,7665,81
2020-08-20,Santa Clara,85,1922200,16910,15162,20,15182,190
2020-08-20,Santa Cruz,87,273765,1751,1581,15,1596,6
2020-08-20,Shasta,89,179085,594,478,3,481,9
2020-08-20,Sierra,91,2930,6,6,0,6,0
2020-08-20,Siskiyou,93,43540,121,102,1,103,0
2020-08-20,Solano,95,438530,5213,4843,32,4875,31
2020-08-20,Sonoma,97,501317,5395,4737,18,4755,54
2020-08-20,Stanislaus,99,539301,14480,13120,256,13376,161
2020-08-20,Sutter,101,95872,1263,1158,1,1159,8
2020-08-20,Tehama,103,63373,396,350,4,354,1
2020-08-20,Trinity,105,12862,20,8,3,11,0
2020-08-20,Tulare,107,460477,13796,12907,43,12950,217
2020-08-20,Tuolumne,109,53932,180,159,27,186,1
2020-08-20,Ventura,111,848112,10601,9744,58,9802,93
2020-08-20,Yolo,113,214977,2329,2150,4,2154,47
2020-08-20,Yuba,115,75493,778,709,3,712,1
2020-08-19,Alameda,1,1643700,17548,15874,129,16003,226
2020-08-19,Alpine,3,1148,3,2,0,2,0
2020-08-19,Amador,5,37829,263,219,0,219,9
2020-08-19,Butte,7,227075,1686,1517,13,1530,16
2020-08-19,Calaveras,9,45235,210,177,1,178,1
2020-08-19,Colusa,11,21464,435,415,0,415,5
2020-08-19,Contra Costa,13,1133247,13513,11895,43,11938,142
2020-08-19,Del Norte,15,27424,113,78,0,78,1
2020-08-19,El Dorado,17,186661,955,870,0,870,2
2020-08-19,Fresno,19,978130,25987,22167,249,22416,221
2020-08-19,Glenn,21,27897,426,414,0,414,2
2020-08-19,Humboldt,23,135768,355,316,0,316,4
2020-08-19,Imperial,25,180216,11081,9041,6,9047,192
2020-08-19,Inyo,27,18085,166,140,0,140,1
2020-08-19,Kern,29,883053,28867,27142,191,27333,263
2020-08-19,Kings,31,150075,5761,5301,32,5333,59
2020-08-19,Lake,33,64148,311,277,0,277,2
2020-08-19,Lassen,35,31185,708,693,1,694,0
2020-08-19,Los Angeles,37,10098052,233133,226006,1024,227030,5399
2020-08-19,Madera,39,155013,3674,3158,19,3177,30
2020-08-19,Marin,41,260295,5950,5723,13,5736,46
2020-08-19,Mariposa,43,17540,71,64,0,64,2
2020-08-19,Mendocino,45,87422,559,495,0,495,8
2020-08-19,Merced,47,269075,7535,7082,4,7086,66
2020-08-19,Modoc,49,8938,7,5,0,5,0
2020-08-19,Mono,51,14174,163,128,1,129,1
2020-08-19,Monterey,53,433212,7432,6693,17,6710,45
2020-08-19,Napa,55,140530,1408,1293,3,1296,10
2020-08-19,Nevada,57,99092,433,398,12,410,2
2020-08-19,Orange,59,3164182,48493,43938,1080,45018,829
2020-08-19,Placer,61,380077,2891,2659,7,2666,28
2020-08-19,Plumas,63,18699,39,36,0,36,0
2020-08-19,Riverside,65,2383286,51547,48741,28,48769,922
2020-08-19,Sacramento,67,1510023,16975,14764,12,14776,229
2020-08-19,San Benito,69,59416,992,853,0,853,3
2020-08-19,San Bernardino,71,2135413,47173,43224,51,43275,661
2020-08-19,San Diego,73,3302833,37317,35378,0,35378,638
2020-08-19,San Francisco,75,870044,9041,8236,14,8250,72
2020-08-19,San Joaquin,77,732212,17649,15677,29,15706,296
2020-08-19,San Luis Obispo,79,281455,2769,2553,9,2562,19
2020-08-19,San Mateo,81,765935,8001,7146,6,7152,119
2020-08-19,Santa Barbara,83,443738,8221,7499,94,7593,80
2020-08-19,Santa Clara,85,1922200,16765,14994,20,15014,189
2020-08-19,Santa Cruz,87,273765,1725,1554,15,1569,6
2020-08-19,Shasta,89,179085,590,475,3,478,9
2020-08-19,Sierra,91,2930,6,6,0,6,0
2020-08-19,Siskiyou,93,43540,120,103,1,104,0
2020-08-19,Solano,95,438530,5172,4807,32,4839,31
2020-08-19,Sonoma,97,501317,5316,4614,18,4632,54
2020-08-19,Stanislaus,99,539301,14378,13084,234,13318,160
2020-08-19,Sutter,101,95872,1229,1146,1,1147,8
2020-08-19,Tehama,103,63373,390,342,4,346,1
2020-08-19,Trinity,105,12862,19,8,3,11,0
2020-08-19,Tulare,107,460477,13698,12756,43,12799,217
2020-08-19,Tuolumne,109,53932,177,159,27,186,1
2020-08-19,Ventura,111,848112,10509,9587,56,9643,91
2020-08-19,Yolo,113,214977,2306,2126,4,2130,47
2020-08-19,Yuba,115,75493,766,701,3,704,1
2020-08-18,Alameda,1,1643700,17372,15627,126,15753,223
2020-08-18,Alpine,3,1148,3,2,0,2,0
2020-08-18,Amador,5,37829,262,215,0,215,9
2020-08-18,Butte,7,227075,1653,1491,13,1504,16
2020-08-18,Calaveras,9,45235,206,174,1,175,1
2020-08-18,Colusa,11,21464,434,415,0,415,5
2020-08-18,Contra Costa,13,1133247,13393,11689,41,11730,141
2020-08-18,Del Norte,15,27424,112,78,0,78,0
2020-08-18,El Dorado,17,186661,950,866,0,866,2
2020-08-18,Fresno,19,978130,25768,21798,243,22041,212
2020-08-18,Glenn,21,27897,426,407,0,407,2
2020-08-18,Humboldt,23,135768,353,315,0,315,4
2020-08-18,Imperial,25,180216,11047,8968,6,8974,189
2020-08-18,Inyo,27,18085,165,140,0,140,1
2020-08-18,Kern,29,883053,28715,26978,186,27164,263
2020-08-18,Kings,31,150075,5735,5269,31,5300,58
2020-08-18,Lake,33,64148,308,274,0,274,2
2020-08-18,Lassen,35,31185,708,693,1,694,0
2020-08-18,Los Angeles,37,10098052,231852,224218,985,225203,5339
2020-08-18,Madera,39,155013,3646,3125,19,3144,28
2020-08-18,Marin,41,260295,5920,5708,13,5721,47
2020-08-18,Mariposa,43,17540,71,61,0,61,2
2020-08-18,Mendocino,45,87422,550,468,0,468,8
2020-08-18,Merced,47,269075,7487,6940,4,6944,66
2020-08-18,Modoc,49,8938,7,5,0,5,0
2020-08-18,Mono,51,14174,162,129,1,130,1
2020-08-18,Monterey,53,433212,7341,6691,16,6707,44
2020-08-18,Napa,55,140530,1405,1274,3,1277,10
2020-08-18,Nevada,57,99092,426,389,12,401,2
2020-08-18,Orange,59,3164182,48267,43659,1064,44723,809
2020-08-18,Placer,61,380077,2865,2644,6,2650,28
2020-08-18,Plumas,63,18699,39,34,0,34,0
2020-08-18,Riverside,65,2383286,51218,48447,28,48475,917
2020-08-18,Sacramento,67,1510023,16747,14610,11,14621,222
2020-08-18,San Benito,69,59416,972,836,0,836,3
2020-08-18,San Bernardino,71,2135413,46892,42827,50,42877,648
2020-08-18,San Diego,73,3302833,37025,35164,0,35164,633
2020-08-18,San Francisco,75,870044,8956,8016,14,8030,72
2020-08-18,San Joaquin,77,732212,17532,15509,27,15536,290
2020-08-18,San Luis Obispo,79,281455,2745,2535,8,2543,18
2020-08-18,San Mateo,81,765935,7939,7074,6,7080,119
2020-08-18,Santa Barbara,83,443738,8179,7472,94,7566,81
2020-08-18,Santa Clara,85,1922200,16592,14786,20,14806,184
2020-08-18,Santa Cruz,87,273765,1712,1509,15,1524,6
2020-08-18,Shasta,89,179085,586,468,3,471,9
2020-08-18,Sierra,91,2930,6,6,0,6,0
2020-08-18,Siskiyou,93,43540,119,103,1,104,0
2020-08-18,Solano,95,438530,5145,4700,32,4732,31
2020-08-18,Sonoma,97,501317,5247,4506,18,4524,48
2020-08-18,Stanislaus,99,539301,14280,12935,218,13153,149
2020-08-18,Sutter,101,95872,1210,1126,1,1127,8
2020-08-18,Tehama,103,63373,380,333,4,337,1
2020-08-18,Trinity,105,12862,18,8,3,11,0
2020-08-18,Tulare,107,460477,13566,12637,40,12677,212
2020-08-18,Tuolumne,109,53932,174,159,27,186,1
2020-08-18,Ventura,111,848112,10419,9536,51,9587,89
2020-08-18,Yolo,113,214977,2283,2102,4,2106,47
2020-08-18,Yuba,115,75493,758,679,3,682,1
2020-08-17,Alameda,1,1643700,17182,15454,124,15578,221
2020-08-17,Alpine,3,1148,3,2,0,2,0
2020-08-17,Amador,5,37829,262,215,0,215,9
2020-08-17,Butte,7,227075,1608,1463,13,1476,15
2020-08-17,Calaveras,9,45235,202,167,1,168,1
2020-08-17,Colusa,11,21464,431,408,0,408,5
2020-08-17,Contra Costa,13,1133247,13255,11442,41,11483,141
2020-08-17,Del Norte,15,27424,108,77,0,77,0
2020-08-17,El Dorado,17,186661,947,846,0,846,2
2020-08-17,Fresno,19,978130,25563,21316,236,21552,211
2020-08-17,Glenn,21,27897,425,402,0,402,2
2020-08-17,Humboldt,23,135768,349,302,0,302,4
2020-08-17,Imperial,25,180216,11006,8897,6,8903,188
2020-08-17,Inyo,27,18085,157,124,0,124,1
2020-08-17,Kern,29,883053,28567,26773,175,26948,249
2020-08-17,Kings,31,150075,5698,5249,31,5280,58
2020-08-17,Lake,33,64148,303,270,0,270,2
2020-08-17,Lassen,35,31185,708,666,1,667,0
2020-08-17,Los Angeles,37,10098052,230338,223418,933,224351,5282
2020-08-17,Madera,39,155013,3603,3050,18,3068,26
2020-08-17,Marin,41,260295,5897,5683,12,5695,46
2020-08-17,Mariposa,43,17540,71,61,0,61,2
2020-08-17,Mendocino,45,87422,532,454,0,454,8
2020-08-17,Merced,47,269075,7391,6814,4,6818,66
2020-08-17,Modoc,49,8938,7,5,0,5,0
2020-08-17,Mono,51,14174,162,126,1,127,1
2020-08-17,Monterey,53,433212,7242,6553,16,6569,44
2020-08-17,Napa,55,140530,1384,1255,3,1258,10
2020-08-17,Nevada,57,99092,421,383,12,395,2
2020-08-17,Orange,59,3164182,48057,43621,1053,44674,804
2020-08-17,Placer,61,380077,2840,2609,5,2614,28
2020-08-17,Plumas,63,18699,39,33,0,33,0
2020-08-17,Riverside,65,2383286,50889,48062,26,48088,916
2020-08-17,Sacramento,67,1510023,16524,14333,11,14344,219
2020-08-17,San Benito,69,59416,957,822,0,822,2
2020-08-17,San Bernardino,71,2135413,46550,42005,50,42055,604
2020-08-17,San Diego,73,3302833,36759,34962,0,34962,626
2020-08-17,San Francisco,75,870044,8884,7600,14,7614,72
2020-08-17,San Joaquin,77,732212,17368,15323,26,15349,280
2020-08-17,San Luis Obispo,79,281455,2712,2527,8,2535,18
2020-08-17,San Mateo,81,765935,7882,6987,5,6992,118
2020-08-17,Santa Barbara,83,443738,8137,7438,94,7532,80
2020-08-17,Santa Clara,85,1922200,16372,14546,20,14566,183
2020-08-17,Santa Cruz,87,273765,1696,1453,14,1467,6
2020-08-17,Shasta,89,179085,580,467,3,470,9
2020-08-17,Sierra,91,2930,6,6,0,6,0
2020-08-17,Siskiyou,93,43540,118,103,0,103,0
2020-08-17,Solano,95,438530,5088,4479,32,4511,31
2020-08-17,Sonoma,97,501317,5158,4402,16,4418,48
2020-08-17,Stanislaus,99,539301,14155,12745,211,12956,148
2020-08-17,Sutter,101,95872,1194,1071,1,1072,8
2020-08-17,Tehama,103,63373,371,324,4,328,1
2020-08-17,Trinity,105,12862,18,8,3,11,0
2020-08-17,Tulare,107,460477,13453,12487,39,12526,210
2020-08-17,Tuolumne,109,53932,171,157,27,184,1
2020-08-17,Ventura,111,848112,10297,9490,46,9536,89
2020-08-17,Yolo,113,214977,2256,2083,4,2087,47
2020-08-17,Yuba,115,75493,743,647,3,650,1
2020-08-16,Alameda,1,1643700,16894,15338,124,15462,221
2020-08-16,Alpine,3,1148,3,2,0,2,0
2020-08-16,Amador,5,37829,259,215,0,215,9
2020-08-16,Butte,7,227075,1570,1432,13,1445,15
2020-08-16,Calaveras,9,45235,195,167,1,168,1
2020-08-16,Colusa,11,21464,429,407,0,407,5
2020-08-16,Contra Costa,13,1133247,13069,11255,41,11296,140
2020-08-16,Del Norte,15,27424,104,77,0,77,0
2020-08-16,El Dorado,17,186661,935,843,0,843,2
2020-08-16,Fresno,19,978130,25345,21010,231,21241,211
2020-08-16,Glenn,21,27897,423,400,0,400,2
2020-08-16,Humboldt,23,135768,347,301,0,301,4
2020-08-16,Imperial,25,180216,10962,8883,6,8889,188
2020-08-16,Inyo,27,18085,150,125,0,125,1
2020-08-16,Kern,29,883053,28368,26520,167,26687,249
2020-08-16,Kings,31,150075,5667,5146,31,5177,58
2020-08-16,Lake,33,64148,299,269,0,269,2
2020-08-16,Lassen,35,31185,708,666,1,667,0
2020-08-16,Los Angeles,37,10098052,228771,222236,902,223138,5263
2020-08-16,Madera,39,155013,3558,3013,18,3031,26
2020-08-16,Marin,41,260295,5871,5664,12,5676,46
2020-08-16,Mariposa,43,17540,71,61,0,61,2
2020-08-16,Mendocino,45,87422,524,451,0,451,8
2020-08-16,Merced,47,269075,7309,6744,4,6748,66
2020-08-16,Modoc,49,8938,7,5,0,5,0
2020-08-16,Mono,51,14174,162,126,1,127,1
2020-08-16,Monterey,53,433212,7144,6516,15,6531,44
2020-08-16,Napa,55,140530,1366,1241,2,1243,10
2020-08-16,Nevada,57,99092,410,379,12,391,2
2020-08-16,Orange,59,3164182,47807,43303,1042,44345,803
2020-08-16,Placer,61,380077,2811,2583,4,2587,28
2020-08-16,Plumas,63,18699,39,33,0,33,0
2020-08-16,Riverside,65,2383286,50559,47669,26,47695,910
2020-08-16,Sacramento,67,1510023,16283,14210,11,14221,219
2020-08-16,San Benito,69,59416,928,815,0,815,2
2020-08-16,San Bernardino,71,2135413,46127,41724,48,41772,603
2020-08-16,San Diego,73,3302833,36496,34680,0,34680,626
2020-08-16,San Francisco,75,870044,8796,7602,14,7616,72
2020-08-16,San Joaquin,77,732212,17165,15288,26,15314,280
2020-08-16,San Luis Obispo,79,281455,2683,2494,8,2502,17
2020-08-16,San Mateo,81,765935,7806,6942,5,6947,118
2020-08-16,Santa Barbara,83,443738,8088,7368,94,7462,79
2020-08-16,Santa Clara,85,1922200,16174,14329,20,14349,183
2020-08-16,Santa Cruz,87,273765,1669,1449,13,1462,6
2020-08-16,Shasta,89,179085,573,465,3,468,9
2020-08-16,Sierra,91,2930,6,6,0,6,0
2020-08-16,Siskiyou,93,43540,117,102,0,102,0
2020-08-16,Solano,95,438530,5029,4479,32,4511,31
2020-08-16,Sonoma,97,501317,5054,4329,16,4345,46
2020-08-16,Stanislaus,99,539301,14000,12668,198,12866,148
2020-08-16,Sutter,101,95872,1176,1071,1,1072,8
2020-08-16,Tehama,103,63373,362,318,4,322,1
2020-08-16,Trinity,105,12862,17,8,3,11,0
2020-08-16,Tulare,107,460477,13321,12334,35,12369,211
2020-08-16,Tuolumne,109,53932,171,156,27,183,1
2020-08-16,Ventura,111,848112,10188,9408,41,9449,89
2020-08-16,Yolo,113,214977,2237,2057,4,2061,47
2020-08-16,Yuba,115,75493,734,647,2,649,1
2020-08-15,Alameda,1,1643700,16817,15165,124,15289,221
2020-08-15,Alpine,3,1148,3,2,0,2,0
2020-08-15,Amador,5,37829,259,210,0,210,9
2020-08-15,Butte,7,227075,1548,1409,13,1422,15
2020-08-15,Calaveras,9,45235,193,167,1,168,1
2020-08-15,Colusa,11,21464,428,401,0,401,5
2020-08-15,Contra Costa,13,1133247,12973,11106,41,11147,138
2020-08-15,Del Norte,15,27424,104,77,0,77,0
2020-08-15,El Dorado,17,186661,930,838,0,838,2
2020-08-15,Fresno,19,978130,25229,20603,229,20832,211
2020-08-15,Glenn,21,27897,423,398,0,398,2
2020-08-15,Humboldt,23,135768,346,301,0,301,4
2020-08-15,Imperial,25,180216,10942,8794,6,8800,188
2020-08-15,Inyo,27,18085,150,123,0,123,1
2020-08-15,Kern,29,883053,28280,26338,167,26505,249
2020-08-15,Kings,31,150075,5650,5039,31,5070,56
2020-08-15,Lake,33,64148,297,268,0,268,2
2020-08-15,Lassen,35,31185,708,666,1,667,0
2020-08-15,Los Angeles,37,10098052,228018,221043,893,221936,5252
2020-08-15,Madera,39,155013,3508,2950,18,2968,26
2020-08-15,Marin,41,260295,5864,5628,12,5640,46
2020-08-15,Mariposa,43,17540,71,61,0,61,2
2020-08-15,Mendocino,45,87422,520,444,0,444,8
2020-08-15,Merced,47,269075,7275,6656,4,6660,66
2020-08-15,Modoc,49,8938,7,5,0,5,0
2020-08-15,Mono,51,14174,162,126,1,127,1
2020-08-15,Monterey,53,433212,7099,6162,15,6177,44
2020-08-15,Napa,55,140530,1356,1232,2,1234,10
2020-08-15,Nevada,57,99092,410,376,12,388,2
2020-08-15,Orange,59,3164182,47695,42811,1031,43842,801
2020-08-15,Placer,61,380077,2789,2551,4,2555,27
2020-08-15,Plumas,63,18699,39,33,0,33,0
2020-08-15,Riverside,65,2383286,50408,46720,26,46746,910
2020-08-15,Sacramento,67,1510023,16173,14018,11,14029,219
2020-08-15,San Benito,69,59416,915,805,0,805,2
2020-08-15,San Bernardino,71,2135413,45976,41231,46,41277,602
2020-08-15,San Diego,73,3302833,36330,34346,0,34346,639
2020-08-15,San Francisco,75,870044,8732,7601,14,7615,69
2020-08-15,San Joaquin,77,732212,17093,15113,26,15139,280
2020-08-15,San Luis Obispo,79,281455,2666,2461,8,2469,17
2020-08-15,San Mateo,81,765935,7769,6860,5,6865,118
2020-08-15,Santa Barbara,83,443738,8060,7338,94,7432,79
2020-08-15,Santa Clara,85,1922200,16078,14105,20,14125,183
2020-08-15,Santa Cruz,87,273765,1648,1449,13,1462,6
2020-08-15,Shasta,89,179085,570,458,3,461,9
2020-08-15,Sierra,91,2930,6,6,0,6,0
2020-08-15,Siskiyou,93,43540,116,100,0,100,0
2020-08-15,Solano,95,438530,5007,4477,32,4509,31
2020-08-15,Sonoma,97,501317,4999,4134,16,4150,45
2020-08-15,Stanislaus,99,539301,13938,12541,196,12737,149
2020-08-15,Sutter,101,95872,1165,1046,1,1047,8
2020-08-15,Tehama,103,63373,361,312,4,316,1
2020-08-15,Trinity,105,12862,15,6,3,9,0
2020-08-15,Tulare,107,460477,13283,12262,35,12297,211
2020-08-15,Tuolumne,109,53932,171,155,27,182,1
2020-08-15,Ventura,111,848112,10130,9379,39,9418,89
2020-08-15,Yolo,113,214977,2225,2031,4,2035,46
2020-08-15,Yuba,115,75493,730,623,2,625,1
2020-08-14,Alameda,1,1643700,16678,14909,124,15033,221
2020-08-14,Alpine,3,1148,3,2,0,2,0
2020-08-14,Amador,5,37829,259,209,0,209,9
2020-08-14,Butte,7,227075,1539,1384,13,1397,15
2020-08-14,Calaveras,9,45235,189,165,1,166,1
2020-08-14,Colusa,11,21464,426,399,0,399,5
2020-08-14,Contra Costa,13,1133247,12861,10893,41,10934,137
2020-08-14,Del Norte,15,27424,104,76,0,76,0
2020-08-14,El Dorado,17,186661,922,827,0,827,2
2020-08-14,Fresno,19,978130,25095,19900,229,20129,208
2020-08-14,Glenn,21,27897,421,395,0,395,2
2020-08-14,Humboldt,23,135768,340,294,0,294,4
2020-08-14,Imperial,25,180216,10918,8756,6,8762,185
2020-08-14,Inyo,27,18085,148,115,0,115,1
2020-08-14,Kern,29,883053,28176,25893,166,26059,249
2020-08-14,Kings,31,150075,5636,4953,31,4984,56
2020-08-14,Lake,33,64148,288,267,0,267,2
2020-08-14,Lassen,35,31185,708,665,1,666,0
2020-08-14,Los Angeles,37,10098052,226854,219083,875,219958,5222
2020-08-14,Madera,39,155013,3478,2876,18,2894,26
2020-08-14,Marin,41,260295,5853,5601,12,5613,46
2020-08-14,Mariposa,43,17540,70,61,0,61,2
2020-08-14,Mendocino,45,87422,511,432,0,432,8
2020-08-14,Merced,47,269075,7246,6466,4,6470,67
2020-08-14,Modoc,49,8938,7,5,0,5,0
2020-08-14,Mono,51,14174,162,126,1,127,1
2020-08-14,Monterey,53,433212,7048,6121,15,6136,41
2020-08-14,Napa,55,140530,1346,1230,2,1232,10
2020-08-14,Nevada,57,99092,406,377,12,389,2
2020-08-14,Orange,59,3164182,47546,42399,1017,43416,798
2020-08-14,Placer,61,380077,2770,2546,4,2550,26
2020-08-14,Plumas,63,18699,38,33,0,33,0
2020-08-14,Riverside,65,2383286,50179,46456,26,46482,891
2020-08-14,Sacramento,67,1510023,16023,13645,10,13655,212
2020-08-14,San Benito,69,59416,898,783,0,783,2
2020-08-14,San Bernardino,71,2135413,45790,40442,46,40488,594
2020-08-14,San Diego,73,3302833,36136,34067,0,34067,622
2020-08-14,San Francisco,75,870044,8673,7467,14,7481,69
2020-08-14,San Joaquin,77,732212,16994,14925,26,14951,276
2020-08-14,San Luis Obispo,79,281455,2651,2422,8,2430,17
2020-08-14,San Mateo,81,765935,7710,6655,5,6660,118
2020-08-14,Santa Barbara,83,443738,8010,7302,94,7396,77
2020-08-14,Santa Clara,85,1922200,15913,13785,20,13805,183
2020-08-14,Santa Cruz,87,273765,1626,1418,12,1430,6
2020-08-14,Shasta,89,179085,565,446,3,449,9
2020-08-14,Sierra,91,2930,6,5,0,5,0
2020-08-14,Siskiyou,93,43540,116,98,0,98,0
2020-08-14,Solano,95,438530,4986,4421,32,4453,31
2020-08-14,Sonoma,97,501317,4940,4087,13,4100,45
2020-08-14,Stanislaus,99,539301,13861,12379,192,12571,140
2020-08-14,Sutter,101,95872,1157,1039,1,1040,8
2020-08-14,Tehama,103,63373,357,305,4,309,1
2020-08-14,Trinity,105,12862,15,6,3,9,0
2020-08-14,Tulare,107,460477,13206,12009,35,12044,211
2020-08-14,Tuolumne,109,53932,170,155,27,182,1
2020-08-14,Ventura,111,848112,10055,9313,39,9352,89
2020-08-14,Yolo,113,214977,2211,1991,4,1995,45
2020-08-14,Yuba,115,75493,714,606,2,608,1
2020-08-13,Alameda,1,1643700,16404,14385,124,14509,218
2020-08-13,Alpine,3,1148,3,2,0,2,0
2020-08-13,Amador,5,37829,259,198,0,198,8
2020-08-13,Butte,7,227075,1514,1345,13,1358,15
2020-08-13,Calaveras,9,45235,187,162,1,163,1
2020-08-13,Colusa,11,21464,426,395,0,395,5
2020-08-13,Contra Costa,13,1133247,12706,10545,40,10585,136
2020-08-13,Del Norte,15,27424,103,74,0,74,0
2020-08-13,El Dorado,17,186661,917,803,0,803,2
2020-08-13,Fresno,19,978130,24871,19157,222,19379,201
2020-08-13,Glenn,21,27897,417,392,0,392,1
2020-08-13,Humboldt,23,135768,332,281,0,281,4
2020-08-13,Imperial,25,180216,10887,8640,6,8646,170
2020-08-13,Inyo,27,18085,144,97,0,97,1
2020-08-13,Kern,29,883053,28010,25472,163,25635,242
2020-08-13,Kings,31,150075,5602,4824,31,4855,52
2020-08-13,Lake,33,64148,283,263,0,263,2
2020-08-13,Lassen,35,31185,708,652,1,653,0
2020-08-13,Los Angeles,37,10098052,225444,216497,855,217352,5179
2020-08-13,Madera,39,155013,3435,2675,17,2692,25
2020-08-13,Marin,41,260295,5837,5503,12,5515,44
2020-08-13,Mariposa,43,17540,69,61,0,61,2
2020-08-13,Mendocino,45,87422,506,401,0,401,8
2020-08-13,Merced,47,269075,7128,5945,4,5949,63
2020-08-13,Modoc,49,8938,7,5,0,5,0
2020-08-13,Mono,51,14174,162,124,1,125,1
2020-08-13,Monterey,53,433212,6965,5925,15,5940,38
2020-08-13,Napa,55,140530,1337,1179,2,1181,10
2020-08-13,Nevada,57,99092,402,362,12,374,1
2020-08-13,Orange,59,3164182,47307,42019,1005,43024,773
2020-08-13,Placer,61,380077,2749,2460,4,2464,26
2020-08-13,Plumas,63,18699,38,32,0,32,0
2020-08-13,Riverside,65,2383286,49885,45327,26,45353,885
2020-08-13,Sacramento,67,1510023,15823,13237,10,13247,197
2020-08-13,San Benito,69,59416,869,757,0,757,2
2020-08-13,San Bernardino,71,2135413,45396,39395,45,39440,591
2020-08-13,San Diego,73,3302833,35900,33661,0,33661,627
2020-08-13,San Francisco,75,870044,8579,7277,14,7291,69
2020-08-13,San Joaquin,77,732212,16840,14537,25,14562,261
2020-08-13,San Luis Obispo,79,281455,2630,2283,8,2291,16
2020-08-13,San Mateo,81,765935,7648,6503,5,6508,117
2020-08-13,Santa Barbara,83,443738,7966,7129,93,7222,74
2020-08-13,Santa Clara,85,1922200,15690,13257,20,13277,182
2020-08-13,Santa Cruz,87,273765,1601,1383,12,1395,6
2020-08-13,Shasta,89,179085,561,428,3,431,9
2020-08-13,Sierra,91,2930,6,5,0,5,0
2020-08-13,Siskiyou,93,43540,116,95,0,95,0
2020-08-13,Solano,95,438530,4949,4305,32,4337,31
2020-08-13,Sonoma,97,501317,4866,3902,13,3915,45
2020-08-13,Stanislaus,99,539301,13731,11953,176,12129,136
2020-08-13,Sutter,101,95872,1136,992,1,993,8
2020-08-13,Tehama,103,63373,348,302,4,306,1
2020-08-13,Trinity,105,12862,15,6,3,9,0
2020-08-13,Tulare,107,460477,13063,11692,31,11723,210
2020-08-13,Tuolumne,109,53932,169,152,27,179,1
2020-08-13,Ventura,111,848112,9966,9114,39,9153,90
2020-08-13,Yolo,113,214977,2184,1938,4,1942,44
2020-08-13,Yuba,115,75493,698,568,2,570,1
2020-08-12,Alameda,1,1643700,16192,14214,124,14338,215
2020-08-12,Alpine,3,1148,3,2,0,2,0
2020-08-12,Amador,5,37829,256,197,0,197,8
2020-08-12,Butte,7,227075,1486,1317,13,1330,15
2020-08-12,Calaveras,9,45235,184,157,1,158,1
2020-08-12,Colusa,11,21464,421,394,0,394,5
2020-08-12,Contra Costa,13,1133247,12562,10304,38,10342,134
2020-08-12,Del Norte,15,27424,102,74,0,74,0
2020-08-12,El Dorado,17,186661,899,794,0,794,2
2020-08-12,Fresno,19,978130,24641,18690,216,18906,194
2020-08-12,Glenn,21,27897,414,388,0,388,1
2020-08-12,Humboldt,23,135768,325,281,0,281,4
2020-08-12,Imperial,25,180216,10865,8566,6,8572,167
2020-08-12,Inyo,27,18085,127,97,0,97,1
2020-08-12,Kern,29,883053,27820,25191,161,25352,232
2020-08-12,Kings,31,150075,5563,4736,31,4767,50
2020-08-12,Lake,33,64148,281,253,0,253,2
2020-08-12,Lassen,35,31185,707,651,1,652,0
2020-08-12,Los Angeles,37,10098052,223987,214542,839,215381,5119
2020-08-12,Madera,39,155013,3401,2681,15,2696,23
2020-08-12,Marin,41,260295,5815,5423,12,5435,44
2020-08-12,Mariposa,43,17540,69,61,0,61,2
2020-08-12,Mendocino,45,87422,487,386,0,386,9
2020-08-12,Merced,47,269075,7066,5777,4,5781,66
2020-08-12,Modoc,49,8938,7,5,0,5,0
2020-08-12,Mono,51,14174,161,124,1,125,1
2020-08-12,Monterey,53,433212,6861,5919,15,5934,38
2020-08-12,Napa,55,140530,1327,1161,2,1163,10
2020-08-12,Nevada,57,99092,397,357,12,369,1
2020-08-12,Orange,59,3164182,47056,41576,980,42556,754
2020-08-12,Placer,61,380077,2716,2417,4,2421,25
2020-08-12,Plumas,63,18699,38,31,0,31,0
2020-08-12,Riverside,65,2383286,49536,44747,26,44773,867
2020-08-12,Sacramento,67,1510023,15608,12528,10,12538,189
2020-08-12,San Benito,69,59416,856,751,0,751,2
2020-08-12,San Bernardino,71,2135413,45054,38811,44,38855,589
2020-08-12,San Diego,73,3302833,35691,33395,0,33395,608
2020-08-12,San Francisco,75,870044,8495,7194,14,7208,66
2020-08-12,San Joaquin,77,732212,16697,14154,25,14179,253
2020-08-12,San Luis Obispo,79,281455,2605,2263,8,2271,15
2020-08-12,San Mateo,81,765935,7570,6427,5,6432,117
2020-08-12,Santa Barbara,83,443738,7906,7049,91,7140,74
2020-08-12,Santa Clara,85,1922200,15514,13002,20,13022,182
2020-08-12,Santa Cruz,87,273765,1572,1382,11,1393,6
2020-08-12,Shasta,89,179085,557,417,3,420,9
2020-08-12,Sierra,91,2930,5,4,0,4,0
2020-08-12,Siskiyou,93,43540,115,90,0,90,0
2020-08-12,Solano,95,438530,4904,4258,32,4290,31
2020-08-12,Sonoma,97,501317,4792,3847,13,3860,47
2020-08-12,Stanislaus,99,539301,13593,11682,167,11849,136
2020-08-12,Sutter,101,95872,1112,987,1,988,7
2020-08-12,Tehama,103,63373,338,289,4,293,1
2020-08-12,Trinity,105,12862,14,6,3,9,0
2020-08-12,Tulare,107,460477,12935,11460,31,11491,211
2020-08-12,Tuolumne,109,53932,168,150,27,177,1
2020-08-12,Ventura,111,848112,9881,9005,38,9043,87
2020-08-12,Yolo,113,214977,2161,1921,4,1925,44
2020-08-12,Yuba,115,75493,676,549,1,550,1
2020-08-11,Alameda,1,1643700,15935,13960,121,14081,204
2020-08-11,Alpine,3,1148,3,2,0,2,0
2020-08-11,Amador,5,37829,250,187,0,187,3
2020-08-11,Butte,7,227075,1459,1296,13,1309,15
2020-08-11,Calaveras,9,45235,182,161,1,162,1
2020-08-11,Colusa,11,21464,416,390,0,390,5
2020-08-11,Contra Costa,13,1133247,12373,10012,36,10048,131
2020-08-11,Del Norte,15,27424,101,73,0,73,0
2020-08-11,El Dorado,17,186661,892,786,0,786,2
2020-08-11,Fresno,19,978130,24321,18344,213,18557,187
2020-08-11,Glenn,21,27897,412,380,0,380,1
2020-08-11,Humboldt,23,135768,320,283,0,283,4
2020-08-11,Imperial,25,180216,10809,8518,6,8524,165
2020-08-11,Inyo,27,18085,122,97,0,97,1
2020-08-11,Kern,29,883053,27486,25042,158,25200,230
2020-08-11,Kings,31,150075,5378,4696,31,4727,50
2020-08-11,Lake,33,64148,278,243,0,243,2
2020-08-11,Lassen,35,31185,701,605,1,606,0
2020-08-11,Los Angeles,37,10098052,222484,212421,814,213235,5065
2020-08-11,Madera,39,155013,3347,2673,15,2688,22
2020-08-11,Marin,41,260295,5787,5287,11,5298,44
2020-08-11,Mariposa,43,17540,68,60,0,60,2
2020-08-11,Mendocino,45,87422,477,385,0,385,9
2020-08-11,Merced,47,269075,6971,5322,3,5325,65
2020-08-11,Modoc,49,8938,7,5,0,5,0
2020-08-11,Mono,51,14174,161,124,1,125,1
2020-08-11,Monterey,53,433212,6753,5624,15,5639,36
2020-08-11,Napa,55,140530,1316,1143,1,1144,11
2020-08-11,Nevada,57,99092,394,358,12,370,1
2020-08-11,Orange,59,3164182,46836,41205,957,42162,742
2020-08-11,Placer,61,380077,2684,2393,4,2397,24
2020-08-11,Plumas,63,18699,38,31,0,31,0
2020-08-11,Riverside,65,2383286,49177,44237,26,44263,836
2020-08-11,Sacramento,67,1510023,15321,12298,10,12308,182
2020-08-11,San Benito,69,59416,844,750,0,750,2
2020-08-11,San Bernardino,71,2135413,44713,38467,43,38510,584
2020-08-11,San Diego,73,3302833,35424,33159,0,33159,602
2020-08-11,San Francisco,75,870044,8399,6988,14,7002,66
2020-08-11,San Joaquin,77,732212,16520,13997,20,14017,251
2020-08-11,San Luis Obispo,79,281455,2548,2234,8,2242,15
2020-08-11,San Mateo,81,765935,7494,6339,5,6344,117
2020-08-11,Santa Barbara,83,443738,7856,6942,91,7033,70
2020-08-11,Santa Clara,85,1922200,15293,12920,20,12940,183
2020-08-11,Santa Cruz,87,273765,1549,1352,11,1363,4
2020-08-11,Shasta,89,179085,553,416,3,419,9
2020-08-11,Sierra,91,2930,5,4,0,4,0
2020-08-11,Siskiyou,93,43540,115,90,0,90,0
2020-08-11,Solano,95,438530,4856,4206,31,4237,31
2020-08-11,Sonoma,97,501317,4698,3752,13,3765,45
2020-08-11,Stanislaus,99,539301,13489,11592,155,11747,128
2020-08-11,Sutter,101,95872,1090,964,1,965,7
2020-08-11,Tehama,103,63373,334,289,4,293,1
2020-08-11,Trinity,105,12862,14,5,3,8,0
2020-08-11,Tulare,107,460477,12809,11392,30,11422,201
2020-08-11,Tuolumne,109,53932,164,146,27,173,1
2020-08-11,Ventura,111,848112,9813,8953,37,8990,88
2020-08-11,Yolo,113,214977,2139,1912,4,1916,44
2020-08-11,Yuba,115,75493,665,540,1,541,1
2020-08-10,Alameda,1,1643700,15696,13420,120,13540,203
2020-08-10,Alpine,3,1148,3,2,0,2,0
2020-08-10,Amador,5,37829,249,172,0,172,2
2020-08-10,Butte,7,227075,1435,1174,12,1186,15
2020-08-10,Calaveras,9,45235,172,121,1,122,1
2020-08-10,Colusa,11,21464,414,387,0,387,4
2020-08-10,Contra Costa,13,1133247,12220,9454,34,9488,130
2020-08-10,Del Norte,15,27424,99,69,0,69,0
2020-08-10,El Dorado,17,186661,880,771,0,771,2
2020-08-10,Fresno,19,978130,24042,17978,212,18190,183
2020-08-10,Glenn,21,27897,409,381,0,381,1
2020-08-10,Humboldt,23,135768,314,277,0,277,4
2020-08-10,Imperial,25,180216,10765,8465,6,8471,165
2020-08-10,Inyo,27,18085,122,97,0,97,1
2020-08-10,Kern,29,883053,27261,24499,157,24656,215
2020-08-10,Kings,31,150075,5272,4588,31,4619,50
2020-08-10,Lake,33,64148,271,239,0,239,2
2020-08-10,Lassen,35,31185,701,588,1,589,0
2020-08-10,Los Angeles,37,10098052,220902,211035,795,211830,5003
2020-08-10,Madera,39,155013,3314,2365,14,2379,22
2020-08-10,Marin,41,260295,5744,5242,10,5252,44
2020-08-10,Mariposa,43,17540,68,57,0,57,2
2020-08-10,Mendocino,45,87422,453,364,0,364,1
2020-08-10,Merced,47,269075,6890,4913,3,4916,51
2020-08-10,Modoc,49,8938,7,5,0,5,0
2020-08-10,Mono,51,14174,161,123,1,124,1
2020-08-10,Monterey,53,433212,6643,5358,15,5373,34
2020-08-10,Napa,55,140530,1298,1084,1,1085,8
2020-08-10,Nevada,57,99092,386,356,12,368,1
2020-08-10,Orange,59,3164182,46568,40445,939,41384,721
2020-08-10,Placer,61,380077,2645,2298,4,2302,21
2020-08-10,Plumas,63,18699,38,27,0,27,0
2020-08-10,Riverside,65,2383286,48790,43296,25,43321,830
2020-08-10,Sacramento,67,1510023,15008,12059,10,12069,168
2020-08-10,San Benito,69,59416,831,743,0,743,2
2020-08-10,San Bernardino,71,2135413,44337,37367,41,37408,579
2020-08-10,San Diego,73,3302833,35158,32977,0,32977,594
2020-08-10,San Francisco,75,870044,8308,6816,13,6829,66
2020-08-10,San Joaquin,77,732212,16338,13308,20,13328,240
2020-08-10,San Luis Obispo,79,281455,2449,2208,8,2216,15
2020-08-10,San Mateo,81,765935,7417,6222,5,6227,117
2020-08-10,Santa Barbara,83,443738,7801,6869,91,6960,66
2020-08-10,Santa Clara,85,1922200,15033,12615,20,12635,182
2020-08-10,Santa Cruz,87,273765,1529,1239,10,1249,4
2020-08-10,Shasta,89,179085,549,384,3,387,9
2020-08-10,Sierra,91,2930,5,3,0,3,0
2020-08-10,Siskiyou,93,43540,112,88,0,88,0
2020-08-10,Solano,95,438530,4796,4101,31,4132,31
2020-08-10,Sonoma,97,501317,4529,3640,9,3649,42
2020-08-10,Stanislaus,99,539301,13308,10855,138,10993,106
2020-08-10,Sutter,101,95872,1065,865,1,866,7
2020-08-10,Tehama,103,63373,327,282,4,286,1
2020-08-10,Trinity,105,12862,12,5,3,8,0
2020-08-10,Tulare,107,460477,12636,10750,28,10778,194
2020-08-10,Tuolumne,109,53932,164,143,26,169,1
2020-08-10,Ventura,111,848112,9729,8851,36,8887,85
2020-08-10,Yolo,113,214977,2116,1840,4,1844,45
2020-08-10,Yuba,115,75493,648,527,1,528,1
2020-08-09,Alameda,1,1643700,15418,13241,118,13359,203
2020-08-09,Alpine,3,1148,3,2,0,2,0
2020-08-09,Amador,5,37829,244,153,0,153,2
2020-08-09,Butte,7,227075,1391,1155,12,1167,15
2020-08-09,Calaveras,9,45235,167,122,1,123,1
2020-08-09,Colusa,11,21464,410,371,0,371,4
2020-08-09,Contra Costa,13,1133247,11993,9214,32,9246,130
2020-08-09,Del Norte,15,27424,99,69,0,69,0
2020-08-09,El Dorado,17,186661,872,748,0,748,2
2020-08-09,Fresno,19,978130,23734,17846,208,18054,183
2020-08-09,Glenn,21,27897,407,354,0,354,1
2020-08-09,Humboldt,23,135768,308,279,0,279,4
2020-08-09,Imperial,25,180216,10721,8310,6,8316,165
2020-08-09,Inyo,27,18085,117,86,0,86,1
2020-08-09,Kern,29,883053,27005,23680,157,23837,215
2020-08-09,Kings,31,150075,5229,4446,30,4476,50
2020-08-09,Lake,33,64148,264,225,0,225,2
2020-08-09,Lassen,35,31185,695,589,1,590,0
2020-08-09,Los Angeles,37,10098052,218842,208810,772,209582,4984
2020-08-09,Madera,39,155013,3255,2322,10,2332,22
2020-08-09,Marin,41,260295,5701,5204,10,5214,44
2020-08-09,Mariposa,43,17540,66,56,0,56,2
2020-08-09,Mendocino,45,87422,443,283,0,283,1
2020-08-09,Merced,47,269075,6792,4735,2,4737,51
2020-08-09,Modoc,49,8938,7,4,0,4,0
2020-08-09,Mono,51,14174,160,113,1,114,1
2020-08-09,Monterey,53,433212,6519,5199,15,5214,34
2020-08-09,Napa,55,140530,1279,1062,1,1063,8
2020-08-09,Nevada,57,99092,378,332,12,344,1
2020-08-09,Orange,59,3164182,46270,39244,924,40168,722
2020-08-09,Placer,61,380077,2617,2211,4,2215,20
2020-08-09,Plumas,63,18699,38,27,0,27,0
2020-08-09,Riverside,65,2383286,48447,41894,24,41918,828
2020-08-09,Sacramento,67,1510023,14731,11301,10,11311,167
2020-08-09,San Benito,69,59416,812,687,0,687,2
2020-08-09,San Bernardino,71,2135413,43862,36092,40,36132,579
2020-08-09,San Diego,73,3302833,34867,32749,0,32749,594
2020-08-09,San Francisco,75,870044,8193,6820,13,6833,66
2020-08-09,San Joaquin,77,732212,16133,12933,19,12952,240
2020-08-09,San Luis Obispo,79,281455,2413,2124,8,2132,15
2020-08-09,San Mateo,81,765935,7322,6094,5,6099,117
2020-08-09,Santa Barbara,83,443738,7714,6669,91,6760,66
2020-08-09,Santa Clara,85,1922200,14763,11878,20,11898,181
2020-08-09,Santa Cruz,87,273765,1505,1246,10,1256,4
2020-08-09,Shasta,89,179085,545,361,3,364,9
2020-08-09,Sierra,91,2930,5,3,0,3,0
2020-08-09,Siskiyou,93,43540,111,74,0,74,0
2020-08-09,Solano,95,438530,4743,3954,30,3984,31
2020-08-09,Sonoma,97,501317,4393,3531,7,3538,41
2020-08-09,Stanislaus,99,539301,13099,10264,125,10389,106
2020-08-09,Sutter,101,95872,1031,857,1,858,7
2020-08-09,Tehama,103,63373,319,265,4,269,1
2020-08-09,Trinity,105,12862,12,5,3,8,0
2020-08-09,Tulare,107,460477,12444,10630,25,10655,194
2020-08-09,Tuolumne,109,53932,161,143,26,169,1
2020-08-09,Ventura,111,848112,9582,8633,35,8668,85
2020-08-09,Yolo,113,214977,2085,1765,4,1769,44
2020-08-09,Yuba,115,75493,628,442,1,443,1
2020-08-08,Alameda,1,1643700,15308,13087,118,13205,204
2020-08-08,Alpine,3,1148,3,2,0,2,0
2020-08-08,Amador,5,37829,244,139,0,139,2
2020-08-08,Butte,7,227075,1373,1140,12,1152,15
2020-08-08,Calaveras,9,45235,166,122,1,123,1
2020-08-08,Colusa,11,21464,409,368,0,368,4
2020-08-08,Contra Costa,13,1133247,11884,9104,32,9136,129
2020-08-08,Del Norte,15,27424,98,69,0,69,0
2020-08-08,El Dorado,17,186661,865,734,0,734,2
2020-08-08,Fresno,19,978130,23598,17538,206,17744,183
2020-08-08,Glenn,21,27897,407,344,0,344,1
2020-08-08,Humboldt,23,135768,305,277,0,277,4
2020-08-08,Imperial,25,180216,10706,8213,6,8219,165
2020-08-08,Inyo,27,18085,113,86,0,86,1
2020-08-08,Kern,29,883053,26891,22803,157,22960,215
2020-08-08,Kings,31,150075,5215,4367,30,4397,49
2020-08-08,Lake,33,64148,262,221,0,221,2
2020-08-08,Lassen,35,31185,695,589,1,590,0
2020-08-08,Los Angeles,37,10098052,217953,206971,761,207732,4974
2020-08-08,Madera,39,155013,3224,2275,10,2285,22
2020-08-08,Marin,41,260295,5681,5118,10,5128,44
2020-08-08,Mariposa,43,17540,65,55,0,55,2
2020-08-08,Mendocino,45,87422,441,264,0,264,1
2020-08-08,Merced,47,269075,6752,4570,2,4572,51
2020-08-08,Modoc,49,8938,7,4,0,4,0
2020-08-08,Mono,51,14174,160,113,1,114,1
2020-08-08,Monterey,53,433212,6461,5101,15,5116,33
2020-08-08,Napa,55,140530,1271,1062,1,1063,8
2020-08-08,Nevada,57,99092,376,325,12,337,1
2020-08-08,Orange,59,3164182,46145,38688,915,39603,718
2020-08-08,Placer,61,380077,2600,2153,4,2157,20
2020-08-08,Plumas,63,18699,38,27,0,27,0
2020-08-08,Riverside,65,2383286,48244,41412,24,41436,823
2020-08-08,Sacramento,67,1510023,14601,11144,10,11154,166
2020-08-08,San Benito,69,59416,804,684,0,684,2
2020-08-08,San Bernardino,71,2135413,43666,35691,39,35730,531
2020-08-08,San Diego,73,3302833,34678,32332,0,32332,593
2020-08-08,San Francisco,75,870044,8127,6820,13,6833,66
2020-08-08,San Joaquin,77,732212,16052,12559,18,12577,240
2020-08-08,San Luis Obispo,79,281455,2390,2081,8,2089,15
2020-08-08,San Mateo,81,765935,7264,6021,5,6026,117
2020-08-08,Santa Barbara,83,443738,7676,6598,91,6689,66
2020-08-08,Santa Clara,85,1922200,14612,11615,20,11635,181
2020-08-08,Santa Cruz,87,273765,1491,1247,10,1257,4
2020-08-08,Shasta,89,179085,543,343,3,346,9
2020-08-08,Sierra,91,2930,5,3,0,3,0
2020-08-08,Siskiyou,93,43540,111,73,0,73,0
2020-08-08,Solano,95,438530,4722,3889,29,3918,31
2020-08-08,Sonoma,97,501317,4361,3399,7,3406,41
2020-08-08,Stanislaus,99,539301,13024,9963,119,10082,105
2020-08-08,Sutter,101,95872,1021,830,1,831,7
2020-08-08,Tehama,103,63373,318,251,4,255,1
2020-08-08,Trinity,105,12862,12,5,3,8,0
2020-08-08,Tulare,107,460477,12368,10505,25,10530,192
2020-08-08,Tuolumne,109,53932,161,143,26,169,1
2020-08-08,Ventura,111,848112,9528,8462,34,8496,85
2020-08-08,Yolo,113,214977,2072,1725,4,1729,44
2020-08-08,Yuba,115,75493,619,430,1,431,1
2020-08-07,Alameda,1,1643700,15199,12805,118,12923,204
2020-08-07,Alpine,3,1148,3,2,0,2,0
2020-08-07,Amador,5,37829,242,125,0,125,2
2020-08-07,Butte,7,227075,1355,1092,12,1104,13
2020-08-07,Calaveras,9,45235,166,119,1,120,1
2020-08-07,Colusa,11,21464,408,358,0,358,4
2020-08-07,Contra Costa,13,1133247,11735,8810,32,8842,126
2020-08-07,Del Norte,15,27424,98,69,0,69,0
2020-08-07,El Dorado,17,186661,860,724,0,724,2
2020-08-07,Fresno,19,978130,23438,17290,206,17496,171
2020-08-07,Glenn,21,27897,406,339,0,339,1
2020-08-07,Humboldt,23,135768,301,274,0,274,4
2020-08-07,Imperial,25,180216,10681,8085,6,8091,164
2020-08-07,Inyo,27,18085,112,81,0,81,1
2020-08-07,Kern,29,883053,26765,22143,154,22297,206
2020-08-07,Kings,31,150075,5198,4315,30,4345,48
2020-08-07,Lake,33,64148,260,215,0,215,1
2020-08-07,Lassen,35,31185,694,588,1,589,0
2020-08-07,Los Angeles,37,10098052,216496,204406,749,205155,4924
2020-08-07,Madera,39,155013,3192,2245,10,2255,20
2020-08-07,Marin,41,260295,5652,5094,10,5104,43
2020-08-07,Mariposa,43,17540,65,53,0,53,2
2020-08-07,Mendocino,45,87422,427,262,0,262,1
2020-08-07,Merced,47,269075,6709,4358,2,4360,30
2020-08-07,Modoc,49,8938,7,4,0,4,0
2020-08-07,Mono,51,14174,160,112,1,113,1
2020-08-07,Monterey,53,433212,6386,5041,15,5056,33
2020-08-07,Napa,55,140530,1266,1055,1,1056,8
2020-08-07,Nevada,57,99092,373,324,12,336,1
2020-08-07,Orange,59,3164182,45933,38459,898,39357,701
2020-08-07,Placer,61,380077,2583,2078,4,2082,20
2020-08-07,Plumas,63,18699,38,25,0,25,0
2020-08-07,Riverside,65,2383286,47980,40902,23,40925,810
2020-08-07,Sacramento,67,1510023,14456,10798,10,10808,160
2020-08-07,San Benito,69,59416,798,647,0,647,2
2020-08-07,San Bernardino,71,2135413,43420,35200,38,35238,524
2020-08-07,San Diego,73,3302833,34493,31781,0,31781,586
2020-08-07,San Francisco,75,870044,8049,6765,13,6778,66
2020-08-07,San Joaquin,77,732212,15968,12392,18,12410,223
2020-08-07,San Luis Obispo,79,281455,2359,2050,8,2058,14
2020-08-07,San Mateo,81,765935,7205,5948,5,5953,117
2020-08-07,Santa Barbara,83,443738,7625,6509,91,6600,66
2020-08-07,Santa Clara,85,1922200,14413,11409,20,11429,180
2020-08-07,Santa Cruz,87,273765,1473,1234,10,1244,5
2020-08-07,Shasta,89,179085,538,342,3,345,9
2020-08-07,Sierra,91,2930,5,3,0,3,0
2020-08-07,Siskiyou,93,43540,108,73,0,73,0
2020-08-07,Solano,95,438530,4690,3844,28,3872,31
2020-08-07,Sonoma,97,501317,4297,3329,7,3336,34
2020-08-07,Stanislaus,99,539301,12903,9665,108,9773,98
2020-08-07,Sutter,101,95872,1017,807,1,808,6
2020-08-07,Tehama,103,63373,314,246,4,250,1
2020-08-07,Trinity,105,12862,11,5,3,8,0
2020-08-07,Tulare,107,460477,12291,10292,25,10317,195
2020-08-07,Tuolumne,109,53932,160,136,26,162,1
2020-08-07,Ventura,111,848112,9468,8356,32,8388,84
2020-08-07,Yolo,113,214977,2047,1689,4,1693,37
2020-08-07,Yuba,115,75493,614,413,1,414,1
2020-08-06,Alameda,1,1643700,14979,12474,117,12591,200
2020-08-06,Alpine,3,1148,3,2,0,2,0
2020-08-06,Amador,5,37829,228,125,0,125,0
2020-08-06,Butte,7,227075,1336,1060,12,1072,13
2020-08-06,Calaveras,9,45235,164,117,1,118,1
2020-08-06,Colusa,11,21464,405,358,0,358,3
2020-08-06,Contra Costa,13,1133247,11541,8583,31,8614,124
2020-08-06,Del Norte,15,27424,98,69,0,69,0
2020-08-06,El Dorado,17,186661,849,703,0,703,1
2020-08-06,Fresno,19,978130,23142,17031,199,17230,161
2020-08-06,Glenn,21,27897,401,332,0,332,1
2020-08-06,Humboldt,23,135768,296,266,0,266,4
2020-08-06,Imperial,25,180216,10637,8064,6,8070,163
2020-08-06,Inyo,27,18085,104,83,0,83,1
2020-08-06,Kern,29,883053,26529,21843,153,21996,197
2020-08-06,Kings,31,150075,5138,4264,28,4292,47
2020-08-06,Lake,33,64148,257,209,0,209,1
2020-08-06,Lassen,35,31185,692,588,1,589,0
2020-08-06,Los Angeles,37,10098052,214418,201372,732,202104,4874
2020-08-06,Madera,39,155013,3144,2240,9,2249,19
2020-08-06,Marin,41,260295,5619,5058,10,5068,43
2020-08-06,Mariposa,43,17540,64,52,0,52,2
2020-08-06,Mendocino,45,87422,413,260,0,260,1
2020-08-06,Merced,47,269075,6608,4235,2,4237,30
2020-08-06,Modoc,49,8938,7,4,0,4,0
2020-08-06,Mono,51,14174,159,111,1,112,1
2020-08-06,Monterey,53,433212,6277,5001,14,5015,33
2020-08-06,Napa,55,140530,1252,1032,1,1033,8
2020-08-06,Nevada,57,99092,368,321,12,333,1
2020-08-06,Orange,59,3164182,45641,38399,893,39292,694
2020-08-06,Placer,61,380077,2556,2045,4,2049,20
2020-08-06,Plumas,63,18699,37,25,0,25,0
2020-08-06,Riverside,65,2383286,47585,40269,23,40292,781
2020-08-06,Sacramento,67,1510023,14225,10548,10,10558,153
2020-08-06,San Benito,69,59416,790,626,0,626,2
2020-08-06,San Bernardino,71,2135413,43016,34819,38,34857,516
2020-08-06,San Diego,73,3302833,34226,31129,0,31129,583
2020-08-06,San Francisco,75,870044,7956,6737,12,6749,60
2020-08-06,San Joaquin,77,732212,15809,12269,18,12287,203
2020-08-06,San Luis Obispo,79,281455,2335,2000,8,2008,13
2020-08-06,San Mateo,81,765935,7106,5885,5,5890,117
2020-08-06,Santa Barbara,83,443738,7565,6620,91,6711,65
2020-08-06,Santa Clara,85,1922200,14184,11280,20,11300,178
2020-08-06,Santa Cruz,87,273765,1452,1215,10,1225,4
2020-08-06,Shasta,89,179085,529,343,3,346,9
2020-08-06,Sierra,91,2930,5,3,0,3,0
2020-08-06,Siskiyou,93,43540,108,73,0,73,0
2020-08-06,Solano,95,438530,4647,3784,28,3812,29
2020-08-06,Sonoma,97,501317,4233,3259,7,3266,33
2020-08-06,Stanislaus,99,539301,12754,9566,91,9657,98
2020-08-06,Sutter,101,95872,986,797,1,798,6
2020-08-06,Tehama,103,63373,311,242,4,246,1
2020-08-06,Trinity,105,12862,9,5,3,8,0
2020-08-06,Tulare,107,460477,12132,10169,25,10194,195
2020-08-06,Tuolumne,109,53932,159,136,26,162,1
2020-08-06,Ventura,111,848112,9357,8245,29,8274,80
2020-08-06,Yolo,113,214977,2023,1662,4,1666,36
2020-08-06,Yuba,115,75493,605,407,0,407,1
2020-08-05,Alameda,1,1643700,14767,12140,116,12256,193
2020-08-05,Alpine,3,1148,3,2,0,2,0
2020-08-05,Amador,5,37829,218,123,0,123,0
2020-08-05,Butte,7,227075,1303,1038,12,1050,13
2020-08-05,Calaveras,9,45235,161,116,1,117,1
2020-08-05,Colusa,11,21464,401,354,0,354,3
2020-08-05,Contra Costa,13,1133247,11377,8362,31,8393,122
2020-08-05,Del Norte,15,27424,97,69,0,69,0
2020-08-05,El Dorado,17,186661,841,692,0,692,1
2020-08-05,Fresno,19,978130,22901,16625,192,16817,159
2020-08-05,Glenn,21,27897,398,330,0,330,1
2020-08-05,Humboldt,23,135768,294,249,0,249,4
2020-08-05,Imperial,25,180216,10602,8036,6,8042,163
2020-08-05,Inyo,27,18085,102,62,0,62,1
2020-08-05,Kern,29,883053,26342,21540,148,21688,194
2020-08-05,Kings,31,150075,5093,4192,26,4218,47
2020-08-05,Lake,33,64148,250,209,0,209,1
2020-08-05,Lassen,35,31185,645,557,1,558,0
2020-08-05,Los Angeles,37,10098052,212501,198355,711,199066,4832
2020-08-05,Madera,39,155013,3102,2172,9,2181,19
2020-08-05,Marin,41,260295,5587,5036,10,5046,43
2020-08-05,Mariposa,43,17540,64,52,0,52,2
2020-08-05,Mendocino,45,87422,401,248,0,248,1
2020-08-05,Merced,47,269075,6473,4119,2,4121,30
2020-08-05,Modoc,49,8938,7,3,0,3,0
2020-08-05,Mono,51,14174,159,104,1,105,1
2020-08-05,Monterey,53,433212,6162,4936,14,4950,32
2020-08-05,Napa,55,140530,1240,1020,1,1021,8
2020-08-05,Nevada,57,99092,359,327,12,339,2
2020-08-05,Orange,59,3164182,45332,37907,886,38793,663
2020-08-05,Placer,61,380077,2515,1989,4,1993,18
2020-08-05,Plumas,63,18699,36,25,0,25,0
2020-08-05,Riverside,65,2383286,47194,39454,21,39475,761
2020-08-05,Sacramento,67,1510023,14007,10261,9,10270,151
2020-08-05,San Benito,69,59416,781,613,0,613,2
2020-08-05,San Bernardino,71,2135413,42552,34442,36,34478,504
2020-08-05,San Diego,73,3302833,34002,30866,0,30866,578
2020-08-05,San Francisco,75,870044,7863,6701,12,6713,60
2020-08-05,San Joaquin,77,732212,15646,12148,18,12166,199
2020-08-05,San Luis Obispo,79,281455,2312,1928,8,1936,13
2020-08-05,San Mateo,81,765935,7010,5695,5,5700,116
2020-08-05,Santa Barbara,83,443738,7504,6597,91,6688,63
2020-08-05,Santa Clara,85,1922200,13949,11074,20,11094,176
2020-08-05,Santa Cruz,87,273765,1432,1192,9,1201,4
2020-08-05,Shasta,89,179085,523,338,3,341,9
2020-08-05,Sierra,91,2930,5,3,0,3,0
2020-08-05,Siskiyou,93,43540,104,72,0,72,0
2020-08-05,Solano,95,438530,4596,3750,27,3777,29
2020-08-05,Sonoma,97,501317,4151,3173,7,3180,33
2020-08-05,Stanislaus,99,539301,12595,9408,86,9494,97
2020-08-05,Sutter,101,95872,975,780,1,781,6
2020-08-05,Tehama,103,63373,308,231,4,235,1
2020-08-05,Trinity,105,12862,9,5,3,8,0
2020-08-05,Tulare,107,460477,11992,9924,25,9949,192
2020-08-05,Tuolumne,109,53932,159,137,26,163,0
2020-08-05,Ventura,111,848112,9250,8162,26,8188,75
2020-08-05,Yolo,113,214977,1995,1634,4,1638,36
2020-08-05,Yuba,115,75493,588,400,0,400,1
2020-08-04,Alameda,1,1643700,14549,11983,115,12098,192
2020-08-04,Alpine,3,1148,3,2,0,2,0
2020-08-04,Amador,5,37829,203,123,0,123,0
2020-08-04,Butte,7,227075,1279,1011,12,1023,10
2020-08-04,Calaveras,9,45235,157,116,1,117,1
2020-08-04,Colusa,11,21464,396,354,0,354,3
2020-08-04,Contra Costa,13,1133247,11211,8210,31,8241,122
2020-08-04,Del Norte,15,27424,95,69,0,69,0
2020-08-04,El Dorado,17,186661,831,668,0,668,1
2020-08-04,Fresno,19,978130,22619,16272,184,16456,154
2020-08-04,Glenn,21,27897,397,325,0,325,1
2020-08-04,Humboldt,23,135768,284,241,0,241,4
2020-08-04,Imperial,25,180216,10565,7974,6,7980,163
2020-08-04,Inyo,27,18085,88,59,0,59,1
2020-08-04,Kern,29,883053,26058,21403,148,21551,190
2020-08-04,Kings,31,150075,5032,4163,26,4189,47
2020-08-04,Lake,33,64148,250,206,0,206,1
2020-08-04,Lassen,35,31185,642,556,1,557,0
2020-08-04,Los Angeles,37,10098052,210538,196014,680,196694,4764
2020-08-04,Madera,39,155013,3059,2161,4,2165,19
2020-08-04,Marin,41,260295,5556,5020,9,5029,43
2020-08-04,Mariposa,43,17540,64,51,0,51,2
2020-08-04,Mendocino,45,87422,376,248,0,248,1
2020-08-04,Merced,47,269075,6359,4085,2,4087,30
2020-08-04,Modoc,49,8938,7,3,0,3,0
2020-08-04,Mono,51,14174,158,104,0,104,1
2020-08-04,Monterey,53,433212,6048,4892,14,4906,32
2020-08-04,Napa,55,140530,1227,994,0,994,8
2020-08-04,Nevada,57,99092,358,322,12,334,2
2020-08-04,Orange,59,3164182,44959,37844,881,38725,659
2020-08-04,Placer,61,380077,2476,1964,4,1968,17
2020-08-04,Plumas,63,18699,36,25,0,25,0
2020-08-04,Riverside,65,2383286,46809,38991,20,39011,743
2020-08-04,Sacramento,67,1510023,13787,10205,9,10214,146
2020-08-04,San Benito,69,59416,765,608,0,608,2
2020-08-04,San Bernardino,71,2135413,42007,34215,35,34250,495
2020-08-04,San Diego,73,3302833,33709,30518,0,30518,568
2020-08-04,San Francisco,75,870044,7776,6568,12,6580,60
2020-08-04,San Joaquin,77,732212,15517,12087,15,12102,189
2020-08-04,San Luis Obispo,79,281455,2282,1886,8,1894,13
2020-08-04,San Mateo,81,765935,6904,5690,5,5695,116
2020-08-04,Santa Barbara,83,443738,7444,6591,91,6682,61
2020-08-04,Santa Clara,85,1922200,13649,10986,20,11006,175
2020-08-04,Santa Cruz,87,273765,1413,1202,9,1211,4
2020-08-04,Shasta,89,179085,517,335,3,338,9
2020-08-04,Sierra,91,2930,5,1,0,1,0
2020-08-04,Siskiyou,93,43540,102,71,0,71,0
2020-08-04,Solano,95,438530,4525,3690,27,3717,29
2020-08-04,Sonoma,97,501317,4084,3108,7,3115,33
2020-08-04,Stanislaus,99,539301,12426,9359,78,9437,97
2020-08-04,Sutter,101,95872,961,761,1,762,6
2020-08-04,Tehama,103,63373,301,226,4,230,1
2020-08-04,Trinity,105,12862,9,5,3,8,0
2020-08-04,Tulare,107,460477,11812,9866,25,9891,192
2020-08-04,Tuolumne,109,53932,158,127,26,153,0
2020-08-04,Ventura,111,848112,9144,8134,24,8158,75
2020-08-04,Yolo,113,214977,1968,1626,4,1630,37
2020-08-04,Yuba,115,75493,573,398,0,398,1
2020-08-03,Alameda,1,1643700,14366,11817,111,11928,189
2020-08-03,Alpine,3,1148,3,2,0,2,0
2020-08-03,Amador,5,37829,199,119,0,119,0
2020-08-03,Butte,7,227075,1233,989,11,1000,9
2020-08-03,Calaveras,9,45235,154,117,1,118,1
2020-08-03,Colusa,11,21464,392,336,0,336,2
2020-08-03,Contra Costa,13,1133247,11015,8069,27,8096,120
2020-08-03,Del Norte,15,27424,91,68,0,68,0
2020-08-03,El Dorado,17,186661,820,645,0,645,1
2020-08-03,Fresno,19,978130,22325,15945,178,16123,151
2020-08-03,Glenn,21,27897,390,316,0,316,1
2020-08-03,Humboldt,23,135768,277,234,0,234,4
2020-08-03,Imperial,25,180216,10511,7953,6,7959,161
2020-08-03,Inyo,27,18085,85,57,0,57,1
2020-08-03,Kern,29,883053,25690,21285,141,21426,176
2020-08-03,Kings,31,150075,4920,4107,26,4133,47
2020-08-03,Lake,33,64148,243,201,0,201,1
2020-08-03,Lassen,35,31185,642,555,1,556,0
2020-08-03,Los Angeles,37,10098052,208490,194103,649,194752,4706
2020-08-03,Madera,39,155013,3010,2143,3,2146,18
2020-08-03,Marin,41,260295,5509,5001,9,5010,43
2020-08-03,Mariposa,43,17540,63,52,0,52,2
2020-08-03,Mendocino,45,87422,353,248,0,248,1
2020-08-03,Merced,47,269075,6237,4028,2,4030,29
2020-08-03,Modoc,49,8938,7,2,0,2,0
2020-08-03,Mono,51,14174,158,104,0,104,1
2020-08-03,Monterey,53,433212,5897,4806,11,4817,28
2020-08-03,Napa,55,140530,1212,973,0,973,8
2020-08-03,Nevada,57,99092,353,315,12,327,2
2020-08-03,Orange,59,3164182,44565,37705,872,38577,651
2020-08-03,Placer,61,380077,2421,1947,3,1950,16
2020-08-03,Plumas,63,18699,36,25,0,25,0
2020-08-03,Riverside,65,2383286,46341,38642,20,38662,740
2020-08-03,Sacramento,67,1510023,13590,10143,9,10152,142
2020-08-03,San Benito,69,59416,753,603,0,603,2
2020-08-03,San Bernardino,71,2135413,41479,33979,34,34013,444
2020-08-03,San Diego,73,3302833,33397,30228,0,30228,565
2020-08-03,San Francisco,75,870044,7682,6319,12,6331,60
2020-08-03,San Joaquin,77,732212,15318,12007,14,12021,189
2020-08-03,San Luis Obispo,79,281455,2240,1863,5,1868,14
2020-08-03,San Mateo,81,765935,6823,5661,5,5666,115
2020-08-03,Santa Barbara,83,443738,7400,6580,91,6671,59
2020-08-03,Santa Clara,85,1922200,13373,10747,20,10767,172
2020-08-03,Santa Cruz,87,273765,1393,1154,9,1163,4
2020-08-03,Shasta,89,179085,510,322,3,325,9
2020-08-03,Sierra,91,2930,5,1,0,1,0
2020-08-03,Siskiyou,93,43540,98,67,0,67,0
2020-08-03,Solano,95,438530,4456,3610,26,3636,29
2020-08-03,Sonoma,97,501317,3985,3079,6,3085,33
2020-08-03,Stanislaus,99,539301,12221,9308,70,9378,96
2020-08-03,Sutter,101,95872,937,713,1,714,6
2020-08-03,Tehama,103,63373,293,225,4,229,1
2020-08-03,Trinity,105,12862,9,5,3,8,0
2020-08-03,Tulare,107,460477,11628,9703,25,9728,188
2020-08-03,Tuolumne,109,53932,158,123,26,149,0
2020-08-03,Ventura,111,848112,9058,8084,22,8106,74
2020-08-03,Yolo,113,214977,1933,1598,3,1601,37
2020-08-03,Yuba,115,75493,549,393,0,393,1
2020-08-02,Alameda,1,1643700,14123,11696,97,11793,188
2020-08-02,Alpine,3,1148,3,2,0,2,0
2020-08-02,Amador,5,37829,194,117,0,117,0
2020-08-02,Butte,7,227075,1198,987,11,998,9
2020-08-02,Calaveras,9,45235,151,116,1,117,1
2020-08-02,Colusa,11,21464,387,335,0,335,2
2020-08-02,Contra Costa,13,1133247,10777,7995,27,8022,118
2020-08-02,Del Norte,15,27424,90,68,0,68,0
2020-08-02,El Dorado,17,186661,810,643,0,643,1
2020-08-02,Fresno,19,978130,22050,15759,171,15930,151
2020-08-02,Glenn,21,27897,389,315,0,315,1
2020-08-02,Humboldt,23,135768,272,232,0,232,4
2020-08-02,Imperial,25,180216,10448,7919,6,7925,157
2020-08-02,Inyo,27,18085,84,45,0,45,1
2020-08-02,Kern,29,883053,25392,21162,139,21301,176
2020-08-02,Kings,31,150075,4858,3964,25,3989,47
2020-08-02,Lake,33,64148,238,201,0,201,1
2020-08-02,Lassen,35,31185,642,555,1,556,0
2020-08-02,Los Angeles,37,10098052,206390,192480,631,193111,4698
2020-08-02,Madera,39,155013,2944,2123,1,2124,18
2020-08-02,Marin,41,260295,5475,4985,9,4994,43
2020-08-02,Mariposa,43,17540,61,52,0,52,2
2020-08-02,Mendocino,45,87422,343,247,0,247,1
2020-08-02,Merced,47,269075,6096,4011,2,4013,29
2020-08-02,Modoc,49,8938,7,2,0,2,0
2020-08-02,Mono,51,14174,151,104,0,104,1
2020-08-02,Monterey,53,433212,5772,4698,11,4709,28
2020-08-02,Napa,55,140530,1197,956,0,956,8
2020-08-02,Nevada,57,99092,350,314,12,326,2
2020-08-02,Orange,59,3164182,44184,37266,861,38127,651
2020-08-02,Placer,61,380077,2381,1920,3,1923,15
2020-08-02,Plumas,63,18699,36,25,0,25,0
2020-08-02,Riverside,65,2383286,45908,38507,20,38527,735
2020-08-02,Sacramento,67,1510023,13305,10099,9,10108,142
2020-08-02,San Benito,69,59416,739,599,0,599,2
2020-08-02,San Bernardino,71,2135413,40880,33643,34,33677,443
2020-08-02,San Diego,73,3302833,33058,29885,0,29885,565
2020-08-02,San Francisco,75,870044,7564,6297,12,6309,60
2020-08-02,San Joaquin,77,732212,15032,11937,12,11949,189
2020-08-02,San Luis Obispo,79,281455,2178,1821,5,1826,14
2020-08-02,San Mateo,81,765935,6708,5618,5,5623,115
2020-08-02,Santa Barbara,83,443738,7309,6532,91,6623,59
2020-08-02,Santa Clara,85,1922200,13155,10577,20,10597,172
2020-08-02,Santa Cruz,87,273765,1373,1162,9,1171,4
2020-08-02,Shasta,89,179085,506,318,3,321,9
2020-08-02,Sierra,91,2930,4,1,0,1,0
2020-08-02,Siskiyou,93,43540,98,65,0,65,0
2020-08-02,Solano,95,438530,4397,3609,26,3635,29
2020-08-02,Sonoma,97,501317,3901,3005,6,3011,33
2020-08-02,Stanislaus,99,539301,12006,9277,64,9341,96
2020-08-02,Sutter,101,95872,902,714,1,715,6
2020-08-02,Tehama,103,63373,287,222,4,226,1
2020-08-02,Trinity,105,12862,9,5,3,8,0
2020-08-02,Tulare,107,460477,11419,9593,25,9618,188
2020-08-02,Tuolumne,109,53932,155,123,26,149,0
2020-08-02,Ventura,111,848112,8916,8014,22,8036,73
2020-08-02,Yolo,113,214977,1909,1588,3,1591,37
2020-08-02,Yuba,115,75493,529,393,0,393,1
2020-08-01,Alameda,1,1643700,14012,11590,97,11687,188
2020-08-01,Alpine,3,1148,3,2,0,2,0
2020-08-01,Amador,5,37829,190,109,0,109,0
2020-08-01,Butte,7,227075,1184,976,11,987,9
2020-08-01,Calaveras,9,45235,147,116,1,117,1
2020-08-01,Colusa,11,21464,386,327,0,327,2
2020-08-01,Contra Costa,13,1133247,10644,7867,26,7893,116
2020-08-01,Del Norte,15,27424,90,68,0,68,0
2020-08-01,El Dorado,17,186661,807,637,0,637,1
2020-08-01,Fresno,19,978130,21913,15448,171,15619,149
2020-08-01,Glenn,21,27897,388,311,0,311,1
2020-08-01,Humboldt,23,135768,271,232,0,232,4
2020-08-01,Imperial,25,180216,10412,7919,6,7925,156
2020-08-01,Inyo,27,18085,82,45,0,45,1
2020-08-01,Kern,29,883053,25232,20796,135,20931,176
2020-08-01,Kings,31,150075,4832,3948,25,3973,47
2020-08-01,Lake,33,64148,236,194,0,194,1
2020-08-01,Lassen,35,31185,641,555,1,556,0
2020-08-01,Los Angeles,37,10098052,205501,191023,603,191626,4674
2020-08-01,Madera,39,155013,2906,2103,1,2104,18
2020-08-01,Marin,41,260295,5461,4945,8,4953,43
2020-08-01,Mariposa,43,17540,61,50,0,50,2
2020-08-01,Mendocino,45,87422,336,243,0,243,1
2020-08-01,Merced,47,269075,6048,3972,2,3974,29
2020-08-01,Modoc,49,8938,7,2,0,2,0
2020-08-01,Mono,51,14174,150,104,0,104,1
2020-08-01,Monterey,53,433212,5705,4611,10,4621,28
2020-08-01,Napa,55,140530,1188,923,0,923,8
2020-08-01,Nevada,57,99092,346,305,12,317,2
2020-08-01,Orange,59,3164182,43957,36703,855,37558,648
2020-08-01,Placer,61,380077,2348,1891,3,1894,14
2020-08-01,Plumas,63,18699,35,25,0,25,0
2020-08-01,Riverside,65,2383286,45697,38216,19,38235,704
2020-08-01,Sacramento,67,1510023,13148,10044,9,10053,141
2020-08-01,San Benito,69,59416,727,579,0,579,2
2020-08-01,San Bernardino,71,2135413,40645,32947,34,32981,440
2020-08-01,San Diego,73,3302833,32841,29579,0,29579,565
2020-08-01,San Francisco,75,870044,7502,6296,12,6308,60
2020-08-01,San Joaquin,77,732212,14960,11807,11,11818,189
2020-08-01,San Luis Obispo,79,281455,2152,1798,5,1803,13
2020-08-01,San Mateo,81,765935,6653,5520,5,5525,115
2020-08-01,Santa Barbara,83,443738,7269,6465,91,6556,59
2020-08-01,Santa Clara,85,1922200,13004,10281,20,10301,171
2020-08-01,Santa Cruz,87,273765,1357,1164,9,1173,4
2020-08-01,Shasta,89,179085,501,312,3,315,9
2020-08-01,Sierra,91,2930,3,1,0,1,0
2020-08-01,Siskiyou,93,43540,98,64,0,64,0
2020-08-01,Solano,95,438530,4363,3591,25,3616,29
2020-08-01,Sonoma,97,501317,3855,2890,6,2896,29
2020-08-01,Stanislaus,99,539301,11889,9221,56,9277,96
2020-08-01,Sutter,101,95872,898,714,1,715,6
2020-08-01,Tehama,103,63373,284,220,4,224,1
2020-08-01,Trinity,105,12862,9,5,3,8,0
2020-08-01,Tulare,107,460477,11351,9520,25,9545,188
2020-08-01,Tuolumne,109,53932,155,123,26,149,0
2020-08-01,Ventura,111,848112,8870,7819,22,7841,73
2020-08-01,Yolo,113,214977,1899,1557,3,1560,37
2020-08-01,Yuba,115,75493,524,387,0,387,1
2020-07-31,Alameda,1,1643700,13880,11441,97,11538,187
2020-07-31,Alpine,3,1148,3,2,0,2,0
2020-07-31,Amador,5,37829,189,98,0,98,0
2020-07-31,Butte,7,227075,1161,925,11,936,7
2020-07-31,Calaveras,9,45235,147,112,1,113,1
2020-07-31,Colusa,11,21464,376,319,0,319,2
2020-07-31,Contra Costa,13,1133247,10496,7697,25,7722,113
2020-07-31,Del Norte,15,27424,89,68,0,68,0
2020-07-31,El Dorado,17,186661,796,616,0,616,1
2020-07-31,Fresno,19,978130,21694,15083,171,15254,133
2020-07-31,Glenn,21,27897,381,304,0,304,1
2020-07-31,Humboldt,23,135768,264,229,0,229,4
2020-07-31,Imperial,25,180216,10380,7886,6,7892,155
2020-07-31,Inyo,27,18085,72,45,0,45,1
2020-07-31,Kern,29,883053,24990,20061,130,20191,173
2020-07-31,Kings,31,150075,4804,3807,25,3832,45
2020-07-31,Lake,33,64148,235,191,0,191,1
2020-07-31,Lassen,35,31185,636,544,1,545,0
2020-07-31,Los Angeles,37,10098052,203894,188688,591,189279,4628
2020-07-31,Madera,39,155013,2859,2036,1,2037,19
2020-07-31,Marin,41,260295,5417,4885,5,4890,43
2020-07-31,Mariposa,43,17540,61,49,0,49,2
2020-07-31,Mendocino,45,87422,321,232,0,232,1
2020-07-31,Merced,47,269075,5965,3789,2,3791,30
2020-07-31,Modoc,49,8938,6,0,0,0,0
2020-07-31,Mono,51,14174,149,104,0,104,1
2020-07-31,Monterey,53,433212,5613,4493,10,4503,24
2020-07-31,Napa,55,140530,1176,897,0,897,7
2020-07-31,Nevada,57,99092,344,302,12,314,2
2020-07-31,Orange,59,3164182,43657,36196,839,37035,620
2020-07-31,Placer,61,380077,2324,1853,3,1856,14
2020-07-31,Plumas,63,18699,34,25,0,25,0
2020-07-31,Riverside,65,2383286,45307,37612,19,37631,694
2020-07-31,Sacramento,67,1510023,12967,9872,9,9881,132
2020-07-31,San Benito,69,59416,719,567,0,567,2
2020-07-31,San Bernardino,71,2135413,40316,32332,33,32365,434
2020-07-31,San Diego,73,3302833,32607,29050,0,29050,561
2020-07-31,San Francisco,75,870044,7403,6126,12,6138,60
2020-07-31,San Joaquin,77,732212,14824,11561,11,11572,177
2020-07-31,San Luis Obispo,79,281455,2082,1746,5,1751,12
2020-07-31,San Mateo,81,765935,6581,5416,5,5421,115
2020-07-31,Santa Barbara,83,443738,7202,6375,91,6466,58
2020-07-31,Santa Clara,85,1922200,12783,9863,20,9883,171
2020-07-31,Santa Cruz,87,273765,1334,1118,9,1127,4
2020-07-31,Shasta,89,179085,491,305,3,308,9
2020-07-31,Sierra,91,2930,3,1,0,1,0
2020-07-31,Siskiyou,93,43540,96,61,0,61,0
2020-07-31,Solano,95,438530,4316,3510,24,3534,29
2020-07-31,Sonoma,97,501317,3797,2745,6,2751,27
2020-07-31,Stanislaus,99,539301,11782,9061,51,9112,94
2020-07-31,Sutter,101,95872,893,714,1,715,6
2020-07-31,Tehama,103,63373,281,213,4,217,1
2020-07-31,Trinity,105,12862,9,5,3,8,0
2020-07-31,Tulare,107,460477,11230,9365,25,9390,184
2020-07-31,Tuolumne,109,53932,155,120,26,146,0
2020-07-31,Ventura,111,848112,8795,7521,22,7543,71
2020-07-31,Yolo,113,214977,1873,1522,3,1525,38
2020-07-31,Yuba,115,75493,515,369,0,369,1
2020-07-30,Alameda,1,1643700,13683,11303,53,11356,185
2020-07-30,Alpine,3,1148,3,2,0,2,0
2020-07-30,Amador,5,37829,171,97,0,97,0
2020-07-30,Butte,7,227075,1145,915,11,926,7
2020-07-30,Calaveras,9,45235,143,111,1,112,1
2020-07-30,Colusa,11,21464,373,315,0,315,2
2020-07-30,Contra Costa,13,1133247,10311,7615,24,7639,112
2020-07-30,Del Norte,15,27424,89,68,0,68,0
2020-07-30,El Dorado,17,186661,789,608,0,608,1
2020-07-30,Fresno,19,978130,21358,14793,165,14958,133
2020-07-30,Glenn,21,27897,374,297,0,297,1
2020-07-30,Humboldt,23,135768,262,228,0,228,4
2020-07-30,Imperial,25,180216,10321,7849,6,7855,151
2020-07-30,Inyo,27,18085,68,44,0,44,1
2020-07-30,Kern,29,883053,24697,19552,126,19678,171
2020-07-30,Kings,31,150075,4700,3785,25,3810,43
2020-07-30,Lake,33,64148,229,181,0,181,1
2020-07-30,Lassen,35,31185,633,544,1,545,0
2020-07-30,Los Angeles,37,10098052,201858,186177,558,186735,4564
2020-07-30,Madera,39,155013,2789,2007,1,2008,18
2020-07-30,Marin,41,260295,5375,4835,4,4839,39
2020-07-30,Mariposa,43,17540,61,49,0,49,1
2020-07-30,Mendocino,45,87422,314,232,0,232,1
2020-07-30,Merced,47,269075,5801,3695,2,3697,30
2020-07-30,Modoc,49,8938,6,0,0,0,0
2020-07-30,Mono,51,14174,148,104,0,104,1
2020-07-30,Monterey,53,433212,5501,4352,10,4362,24
2020-07-30,Napa,55,140530,1159,874,0,874,7
2020-07-30,Nevada,57,99092,339,292,12,304,2
2020-07-30,Orange,59,3164182,43243,36105,814,36919,607
2020-07-30,Placer,61,380077,2270,1821,3,1824,14
2020-07-30,Plumas,63,18699,33,25,0,25,0
2020-07-30,Riverside,65,2383286,44766,37308,19,37327,685
2020-07-30,Sacramento,67,1510023,12746,9704,9,9713,126
2020-07-30,San Benito,69,59416,706,558,0,558,2
2020-07-30,San Bernardino,71,2135413,39792,32010,32,32042,427
2020-07-30,San Diego,73,3302833,32260,28670,0,28670,558
2020-07-30,San Francisco,75,870044,7303,6107,12,6119,59
2020-07-30,San Joaquin,77,732212,14629,11435,11,11446,161
2020-07-30,San Luis Obispo,79,281455,2048,1703,5,1708,12
2020-07-30,San Mateo,81,765935,6486,5369,5,5374,115
2020-07-30,Santa Barbara,83,443738,7122,6273,90,6363,52
2020-07-30,Santa Clara,85,1922200,12545,9708,19,9727,170
2020-07-30,Santa Cruz,87,273765,1307,1087,9,1096,4
2020-07-30,Shasta,89,179085,487,306,3,309,8
2020-07-30,Sierra,91,2930,3,1,0,1,0
2020-07-30,Siskiyou,93,43540,95,60,0,60,0
2020-07-30,Solano,95,438530,4265,3463,24,3487,29
2020-07-30,Sonoma,97,501317,3725,2684,6,2690,25
2020-07-30,Stanislaus,99,539301,11569,8890,43,8933,94
2020-07-30,Sutter,101,95872,874,698,1,699,6
2020-07-30,Tehama,103,63373,278,208,4,212,1
2020-07-30,Trinity,105,12862,9,4,3,7,0
2020-07-30,Tulare,107,460477,11102,9167,25,9192,177
2020-07-30,Tuolumne,109,53932,154,119,26,145,0
2020-07-30,Ventura,111,848112,8683,7304,20,7324,69
2020-07-30,Yolo,113,214977,1852,1511,3,1514,37
2020-07-30,Yuba,115,75493,502,362,0,362,1
2020-07-29,Alameda,1,1643700,13463,11177,48,11225,180
2020-07-29,Alpine,3,1148,3,2,0,2,0
2020-07-29,Amador,5,37829,163,80,0,80,0
2020-07-29,Butte,7,227075,1119,889,9,898,7
2020-07-29,Calaveras,9,45235,137,107,1,108,1
2020-07-29,Colusa,11,21464,369,302,0,302,2
2020-07-29,Contra Costa,13,1133247,10108,7520,24,7544,108
2020-07-29,Del Norte,15,27424,89,68,0,68,0
2020-07-29,El Dorado,17,186661,779,588,0,588,1
2020-07-29,Fresno,19,978130,21067,14312,165,14477,125
2020-07-29,Glenn,21,27897,367,294,0,294,1
2020-07-29,Humboldt,23,135768,259,221,0,221,4
2020-07-29,Imperial,25,180216,10273,7825,6,7831,147
2020-07-29,Inyo,27,18085,63,44,0,44,1
2020-07-29,Kern,29,883053,24359,19073,123,19196,162
2020-07-29,Kings,31,150075,4652,3755,25,3780,43
2020-07-29,Lake,33,64148,227,179,0,179,1
2020-07-29,Lassen,35,31185,618,513,1,514,0
2020-07-29,Los Angeles,37,10098052,199827,183600,541,184141,4523
2020-07-29,Madera,39,155013,2735,1941,1,1942,18
2020-07-29,Marin,41,260295,5337,4747,4,4751,34
2020-07-29,Mariposa,43,17540,60,47,0,47,1
2020-07-29,Mendocino,45,87422,306,228,0,228,0
2020-07-29,Merced,47,269075,5661,3605,2,3607,25
2020-07-29,Modoc,49,8938,5,0,0,0,0
2020-07-29,Mono,51,14174,145,102,0,102,1
2020-07-29,Monterey,53,433212,5402,4252,10,4262,24
2020-07-29,Napa,55,140530,1131,866,0,866,7
2020-07-29,Nevada,57,99092,335,288,12,300,1
2020-07-29,Orange,59,3164182,42810,35339,802,36141,589
2020-07-29,Placer,61,380077,2238,1798,3,1801,14
2020-07-29,Plumas,63,18699,33,25,0,25,0
2020-07-29,Riverside,65,2383286,44175,36968,19,36987,678
2020-07-29,Sacramento,67,1510023,12503,9538,9,9547,122
2020-07-29,San Benito,69,59416,691,537,0,537,2
2020-07-29,San Bernardino,71,2135413,39303,31168,31,31199,417
2020-07-29,San Diego,73,3302833,31935,28289,0,28289,552
2020-07-29,San Francisco,75,870044,7209,6041,12,6053,56
2020-07-29,San Joaquin,77,732212,14381,11249,8,11257,154
2020-07-29,San Luis Obispo,79,281455,2028,1673,5,1678,11
2020-07-29,San Mateo,81,765935,6398,5305,5,5310,114
2020-07-29,Santa Barbara,83,443738,7052,6215,90,6305,31
2020-07-29,Santa Clara,85,1922200,12337,9567,19,9586,165
2020-07-29,Santa Cruz,87,273765,1283,1051,9,1060,4
2020-07-29,Shasta,89,179085,475,297,3,300,8
2020-07-29,Sierra,91,2930,2,1,0,1,0
2020-07-29,Siskiyou,93,43540,93,58,0,58,0
2020-07-29,Solano,95,438530,4211,3380,24,3404,29
2020-07-29,Sonoma,97,501317,3648,2598,6,2604,26
2020-07-29,Stanislaus,99,539301,11349,8745,37,8782,94
2020-07-29,Sutter,101,95872,846,678,1,679,6
2020-07-29,Tehama,103,63373,274,206,4,210,1
2020-07-29,Trinity,105,12862,9,4,3,7,0
2020-07-29,Tulare,107,460477,10931,9028,25,9053,156
2020-07-29,Tuolumne,109,53932,154,118,26,144,0
2020-07-29,Ventura,111,848112,8578,7161,20,7181,68
2020-07-29,Yolo,113,214977,1826,1488,3,1491,36
2020-07-29,Yuba,115,75493,486,350,0,350,1
2020-07-28,Alameda,1,1643700,13239,10875,47,10922,180
2020-07-28,Alpine,3,1148,3,2,0,2,0
2020-07-28,Amador,5,37829,153,77,0,77,0
2020-07-28,Butte,7,227075,1084,857,9,866,7
2020-07-28,Calaveras,9,45235,136,105,1,106,1
2020-07-28,Colusa,11,21464,363,290,0,290,2
2020-07-28,Contra Costa,13,1133247,9886,7426,24,7450,107
2020-07-28,Del Norte,15,27424,88,68,0,68,0
2020-07-28,El Dorado,17,186661,764,558,0,558,1
2020-07-28,Fresno,19,978130,20733,13933,159,14092,125
2020-07-28,Glenn,21,27897,365,289,0,289,1
2020-07-28,Humboldt,23,135768,258,218,0,218,4
2020-07-28,Imperial,25,180216,10237,7804,6,7810,145
2020-07-28,Inyo,27,18085,61,43,0,43,1
2020-07-28,Kern,29,883053,23996,18834,117,18951,155
2020-07-28,Kings,31,150075,4606,3721,25,3746,41
2020-07-28,Lake,33,64148,223,179,0,179,1
2020-07-28,Lassen,35,31185,612,508,1,509,0
2020-07-28,Los Angeles,37,10098052,197593,179107,519,179626,4435
2020-07-28,Madera,39,155013,2669,1889,1,1890,18
2020-07-28,Marin,41,260295,5268,4698,4,4702,23
2020-07-28,Mariposa,43,17540,58,45,0,45,1
2020-07-28,Mendocino,45,87422,295,222,0,222,0
2020-07-28,Merced,47,269075,5516,3446,2,3448,23
2020-07-28,Modoc,49,8938,4,0,0,0,0
2020-07-28,Mono,51,14174,144,102,0,102,1
2020-07-28,Monterey,53,433212,5281,4047,10,4057,22
2020-07-28,Napa,55,140530,1109,824,0,824,6
2020-07-28,Nevada,57,99092,330,278,12,290,1
2020-07-28,Orange,59,3164182,42352,34832,788,35620,582
2020-07-28,Placer,61,380077,2205,1759,3,1762,14
2020-07-28,Plumas,63,18699,33,22,0,22,0
2020-07-28,Riverside,65,2383286,43576,36458,19,36477,668
2020-07-28,Sacramento,67,1510023,12252,9429,9,9438,117
2020-07-28,San Benito,69,59416,681,503,0,503,2
2020-07-28,San Bernardino,71,2135413,38782,30493,31,30524,412
2020-07-28,San Diego,73,3302833,31585,28007,0,28007,547
2020-07-28,San Francisco,75,870044,7096,5888,12,5900,56
2020-07-28,San Joaquin,77,732212,14098,10958,6,10964,141
2020-07-28,San Luis Obispo,79,281455,1997,1636,5,1641,9
2020-07-28,San Mateo,81,765935,6324,5171,5,5176,114
2020-07-28,Santa Barbara,83,443738,6989,6110,88,6198,31
2020-07-28,Santa Clara,85,1922200,12103,9307,19,9326,165
2020-07-28,Santa Cruz,87,273765,1256,1018,9,1027,4
2020-07-28,Shasta,89,179085,463,275,3,278,8
2020-07-28,Sierra,91,2930,2,1,0,1,0
2020-07-28,Siskiyou,93,43540,89,57,0,57,0
2020-07-28,Solano,95,438530,4164,3292,23,3315,29
2020-07-28,Sonoma,97,501317,3575,2553,6,2559,20
2020-07-28,Stanislaus,99,539301,11129,8492,28,8520,92
2020-07-28,Sutter,101,95872,809,653,0,653,2
2020-07-28,Tehama,103,63373,269,199,4,203,1
2020-07-28,Trinity,105,12862,9,3,3,6,0
2020-07-28,Tulare,107,460477,10744,8787,25,8812,96
2020-07-28,Tuolumne,109,53932,153,116,26,142,0
2020-07-28,Ventura,111,848112,8452,7045,19,7064,68
2020-07-28,Yolo,113,214977,1798,1459,3,1462,36
2020-07-28,Yuba,115,75493,469,333,0,333,1
2020-07-27,Alameda,1,1643700,13012,10645,44,10689,176
2020-07-27,Alpine,3,1148,3,2,0,2,0
2020-07-27,Amador,5,37829,148,72,0,72,0
2020-07-27,Butte,7,227075,1057,843,9,852,7
2020-07-27,Calaveras,9,45235,132,103,1,104,1
2020-07-27,Colusa,11,21464,356,271,0,271,2
2020-07-27,Contra Costa,13,1133247,9664,7256,24,7280,104
2020-07-27,Del Norte,15,27424,87,67,0,67,0
2020-07-27,El Dorado,17,186661,752,548,0,548,1
2020-07-27,Fresno,19,978130,20387,13485,153,13638,117
2020-07-27,Glenn,21,27897,363,277,0,277,1
2020-07-27,Humboldt,23,135768,253,218,0,218,4
2020-07-27,Imperial,25,180216,10187,7789,6,7795,144
2020-07-27,Inyo,27,18085,61,43,0,43,1
2020-07-27,Kern,29,883053,23494,17994,111,18105,148
2020-07-27,Kings,31,150075,4357,3685,25,3710,39
2020-07-27,Lake,33,64148,219,176,0,176,1
2020-07-27,Lassen,35,31185,612,503,1,504,0
2020-07-27,Los Angeles,37,10098052,195140,176351,498,176849,4379
2020-07-27,Madera,39,155013,2604,1793,1,1794,17
2020-07-27,Marin,41,260295,5181,4669,4,4673,22
2020-07-27,Mariposa,43,17540,58,43,0,43,1
2020-07-27,Mendocino,45,87422,282,209,0,209,0
2020-07-27,Merced,47,269075,5376,3292,2,3294,23
2020-07-27,Modoc,49,8938,3,0,0,0,0
2020-07-27,Mono,51,14174,140,99,0,99,1
2020-07-27,Monterey,53,433212,5091,3960,10,3970,21
2020-07-27,Napa,55,140530,1094,769,0,769,6
2020-07-27,Nevada,57,99092,326,268,12,280,1
2020-07-27,Orange,59,3164182,41912,34649,772,35421,566
2020-07-27,Placer,61,380077,2155,1679,3,1682,12
2020-07-27,Plumas,63,18699,33,22,0,22,0
2020-07-27,Riverside,65,2383286,42898,35822,19,35841,667
2020-07-27,Sacramento,67,1510023,11957,9091,9,9100,114
2020-07-27,San Benito,69,59416,666,498,0,498,2
2020-07-27,San Bernardino,71,2135413,38191,29928,31,29959,401
2020-07-27,San Diego,73,3302833,31211,27509,0,27509,533
2020-07-27,San Francisco,75,870044,7009,5825,12,5837,55
2020-07-27,San Joaquin,77,732212,13807,10728,6,10734,129
2020-07-27,San Luis Obispo,79,281455,1952,1612,5,1617,9
2020-07-27,San Mateo,81,765935,6215,5108,5,5113,113
2020-07-27,Santa Barbara,83,443738,6908,6026,85,6111,30
2020-07-27,Santa Clara,85,1922200,11836,9157,18,9175,166
2020-07-27,Santa Cruz,87,273765,1234,984,9,993,4
2020-07-27,Shasta,89,179085,456,275,3,278,8
2020-07-27,Sierra,91,2930,2,1,0,1,0
2020-07-27,Siskiyou,93,43540,87,54,0,54,0
2020-07-27,Solano,95,438530,4097,3198,22,3220,29
2020-07-27,Sonoma,97,501317,3484,2504,6,2510,20
2020-07-27,Stanislaus,99,539301,10902,8288,20,8308,84
2020-07-27,Sutter,101,95872,783,620,0,620,2
2020-07-27,Tehama,103,63373,261,192,4,196,1
2020-07-27,Trinity,105,12862,9,3,3,6,0
2020-07-27,Tulare,107,460477,10526,8462,25,8487,172
2020-07-27,Tuolumne,109,53932,150,115,26,141,0
2020-07-27,Ventura,111,848112,8324,6998,19,7017,68
2020-07-27,Yolo,113,214977,1753,1439,3,1442,33
2020-07-27,Yuba,115,75493,449,328,0,328,1
2020-07-26,Alameda,1,1643700,12774,10489,44,10533,176
2020-07-26,Alpine,3,1148,3,2,0,2,0
2020-07-26,Amador,5,37829,142,67,0,67,0
2020-07-26,Butte,7,227075,1020,822,9,831,5
2020-07-26,Calaveras,9,45235,129,103,1,104,1
2020-07-26,Colusa,11,21464,347,270,0,270,2
2020-07-26,Contra Costa,13,1133247,9427,7095,24,7119,104
2020-07-26,Del Norte,15,27424,85,67,0,67,0
2020-07-26,El Dorado,17,186661,734,539,0,539,1
2020-07-26,Fresno,19,978130,19997,13209,145,13354,117
2020-07-26,Glenn,21,27897,355,265,0,265,1
2020-07-26,Humboldt,23,135768,247,214,0,214,4
2020-07-26,Imperial,25,180216,10114,7781,6,7787,144
2020-07-26,Inyo,27,18085,56,43,0,43,1
2020-07-26,Kern,29,883053,22970,17394,108,17502,148
2020-07-26,Kings,31,150075,4298,3591,25,3616,39
2020-07-26,Lake,33,64148,211,174,0,174,1
2020-07-26,Lassen,35,31185,571,503,1,504,0
2020-07-26,Los Angeles,37,10098052,192566,174322,478,174800,4364
2020-07-26,Madera,39,155013,2517,1744,1,1745,17
2020-07-26,Marin,41,260295,5135,4595,4,4599,22
2020-07-26,Mariposa,43,17540,56,43,0,43,1
2020-07-26,Mendocino,45,87422,273,206,0,206,0
2020-07-26,Merced,47,269075,5196,3251,2,3253,23
2020-07-26,Modoc,49,8938,3,0,0,0,0
2020-07-26,Mono,51,14174,136,82,0,82,1
2020-07-26,Monterey,53,433212,4925,3901,10,3911,21
2020-07-26,Napa,55,140530,1075,769,0,769,6
2020-07-26,Nevada,57,99092,323,261,12,273,1
2020-07-26,Orange,59,3164182,41387,34352,740,35092,564
2020-07-26,Placer,61,380077,2087,1628,3,1631,12
2020-07-26,Plumas,63,18699,33,22,0,22,0
2020-07-26,Riverside,65,2383286,42339,35636,19,35655,665
2020-07-26,Sacramento,67,1510023,11654,8972,9,8981,114
2020-07-26,San Benito,69,59416,654,495,0,495,2
2020-07-26,San Bernardino,71,2135413,37554,29545,29,29574,400
2020-07-26,San Diego,73,3302833,30816,26986,0,26986,533
2020-07-26,San Francisco,75,870044,6901,5823,11,5834,55
2020-07-26,San Joaquin,77,732212,13515,10637,6,10643,129
2020-07-26,San Luis Obispo,79,281455,1909,1565,5,1570,8
2020-07-26,San Mateo,81,765935,6109,5078,5,5083,113
2020-07-26,Santa Barbara,83,443738,6806,5939,85,6024,30
2020-07-26,Santa Clara,85,1922200,11606,8986,18,9004,166
2020-07-26,Santa Cruz,87,273765,1207,970,9,979,4
2020-07-26,Shasta,89,179085,448,265,3,268,8
2020-07-26,Sierra,91,2930,2,1,0,1,0
2020-07-26,Siskiyou,93,43540,85,54,0,54,0
2020-07-26,Solano,95,438530,4017,3197,20,3217,29
2020-07-26,Sonoma,97,501317,3395,2503,5,2508,20
2020-07-26,Stanislaus,99,539301,10643,8228,18,8246,84
2020-07-26,Sutter,101,95872,769,612,0,612,2
2020-07-26,Tehama,103,63373,254,175,4,179,1
2020-07-26,Trinity,105,12862,9,3,3,6,0
2020-07-26,Tulare,107,460477,10319,8392,25,8417,172
2020-07-26,Tuolumne,109,53932,145,113,25,138,0
2020-07-26,Ventura,111,848112,8118,6844,19,6863,67
2020-07-26,Yolo,113,214977,1722,1408,3,1411,33
2020-07-26,Yuba,115,75493,430,313,0,313,1
2020-07-25,Alameda,1,1643700,12677,10361,42,10403,176
2020-07-25,Alpine,3,1148,3,2,0,2,0
2020-07-25,Amador,5,37829,139,67,0,67,0
2020-07-25,Butte,7,227075,1011,810,9,819,5
2020-07-25,Calaveras,9,45235,125,103,1,104,1
2020-07-25,Colusa,11,21464,340,265,0,265,2
2020-07-25,Contra Costa,13,1133247,9282,6920,24,6944,104
2020-07-25,Del Norte,15,27424,85,67,0,67,0
2020-07-25,El Dorado,17,186661,723,528,0,528,1
2020-07-25,Fresno,19,978130,19811,12866,145,13011,117
2020-07-25,Glenn,21,27897,353,260,0,260,1
2020-07-25,Humboldt,23,135768,244,212,0,212,4
2020-07-25,Imperial,25,180216,10088,7727,6,7733,144
2020-07-25,Inyo,27,18085,55,43,0,43,1
2020-07-25,Kern,29,883053,22752,16910,107,17017,148
2020-07-25,Kings,31,150075,4281,3516,25,3541,39
2020-07-25,Lake,33,64148,209,173,0,173,1
2020-07-25,Lassen,35,31185,571,503,1,504,0
2020-07-25,Los Angeles,37,10098052,191438,172611,470,173081,4357
2020-07-25,Madera,39,155013,2485,1724,1,1725,17
2020-07-25,Marin,41,260295,5119,4562,4,4566,22
2020-07-25,Mariposa,43,17540,55,43,0,43,1
2020-07-25,Mendocino,45,87422,267,190,0,190,0
2020-07-25,Merced,47,269075,5117,3176,2,3178,23
2020-07-25,Modoc,49,8938,3,0,0,0,0
2020-07-25,Mono,51,14174,136,82,0,82,1
2020-07-25,Monterey,53,433212,4848,3805,10,3815,21
2020-07-25,Napa,55,140530,1062,746,0,746,6
2020-07-25,Nevada,57,99092,321,257,12,269,1
2020-07-25,Orange,59,3164182,41167,33978,718,34696,561
2020-07-25,Placer,61,380077,2070,1596,3,1599,12
2020-07-25,Plumas,63,18699,33,22,0,22,0
2020-07-25,Riverside,65,2383286,42070,34921,19,34940,655
2020-07-25,Sacramento,67,1510023,11506,8674,9,8683,113
2020-07-25,San Benito,69,59416,638,492,0,492,2
2020-07-25,San Bernardino,71,2135413,37275,29265,29,29294,394
2020-07-25,San Diego,73,3302833,30555,26703,0,26703,533
2020-07-25,San Francisco,75,870044,6843,5644,11,5655,55
2020-07-25,San Joaquin,77,732212,13389,10347,6,10353,129
2020-07-25,San Luis Obispo,79,281455,1888,1530,4,1534,8
2020-07-25,San Mateo,81,765935,6046,5023,5,5028,113
2020-07-25,Santa Barbara,83,443738,6771,5880,85,5965,30
2020-07-25,Santa Clara,85,1922200,11472,8767,18,8785,166
2020-07-25,Santa Cruz,87,273765,1190,939,9,948,4
2020-07-25,Shasta,89,179085,443,263,1,264,8
2020-07-25,Sierra,91,2930,2,1,0,1,0
2020-07-25,Siskiyou,93,43540,83,54,0,54,0
2020-07-25,Solano,95,438530,3977,3107,18,3125,29
2020-07-25,Sonoma,97,501317,3356,2412,5,2417,20
2020-07-25,Stanislaus,99,539301,10540,7994,15,8009,84
2020-07-25,Sutter,101,95872,750,603,0,603,2
2020-07-25,Tehama,103,63373,253,169,4,173,1
2020-07-25,Trinity,105,12862,9,3,3,6,0
2020-07-25,Tulare,107,460477,10219,8310,25,8335,172
2020-07-25,Tuolumne,109,53932,144,99,25,124,0
2020-07-25,Ventura,111,848112,8045,6662,19,6681,62
2020-07-25,Yolo,113,214977,1707,1357,3,1360,35
2020-07-25,Yuba,115,75493,424,312,0,312,1
2020-07-24,Alameda,1,1643700,12535,10216,39,10255,176
2020-07-24,Alpine,3,1148,3,2,0,2,0
2020-07-24,Amador,5,37829,137,66,0,66,0
2020-07-24,Butte,7,227075,999,751,9,760,5
2020-07-24,Calaveras,9,45235,121,102,1,103,0
2020-07-24,Colusa,11,21464,337,255,0,255,2
2020-07-24,Contra Costa,13,1133247,9136,6814,24,6838,100
2020-07-24,Del Norte,15,27424,85,66,0,66,0
2020-07-24,El Dorado,17,186661,701,516,0,516,1
2020-07-24,Fresno,19,978130,19585,12564,145,12709,115
2020-07-24,Glenn,21,27897,350,251,0,251,1
2020-07-24,Humboldt,23,135768,241,210,0,210,4
2020-07-24,Imperial,25,180216,10066,7686,6,7692,141
2020-07-24,Inyo,27,18085,55,41,0,41,1
2020-07-24,Kern,29,883053,22511,16124,107,16231,143
2020-07-24,Kings,31,150075,4253,3471,25,3496,39
2020-07-24,Lake,33,64148,207,167,0,167,1
2020-07-24,Lassen,35,31185,571,503,1,504,0
2020-07-24,Los Angeles,37,10098052,189419,169078,457,169535,4302
2020-07-24,Madera,39,155013,2452,1679,1,1680,16
2020-07-24,Marin,41,260295,5092,4517,4,4521,22
2020-07-24,Mariposa,43,17540,55,41,0,41,1
2020-07-24,Mendocino,45,87422,260,188,0,188,0
2020-07-24,Merced,47,269075,5032,3100,2,3102,23
2020-07-24,Modoc,49,8938,3,0,0,0,0
2020-07-24,Mono,51,14174,135,82,0,82,1
2020-07-24,Monterey,53,433212,4775,3748,10,3758,21
2020-07-24,Napa,55,140530,1049,741,0,741,6
2020-07-24,Nevada,57,99092,318,255,12,267,1
2020-07-24,Orange,59,3164182,40880,33530,701,34231,557
2020-07-24,Placer,61,380077,2040,1551,3,1554,12
2020-07-24,Plumas,63,18699,33,22,0,22,0
2020-07-24,Riverside,65,2383286,41646,34513,18,34531,631
2020-07-24,Sacramento,67,1510023,11321,8570,9,8579,110
2020-07-24,San Benito,69,59416,631,485,0,485,2
2020-07-24,San Bernardino,71,2135413,36903,28990,29,29019,386
2020-07-24,San Diego,73,3302833,30255,26100,0,26100,524
2020-07-24,San Francisco,75,870044,6749,5611,11,5622,55
2020-07-24,San Joaquin,77,732212,13241,10190,6,10196,118
2020-07-24,San Luis Obispo,79,281455,1864,1476,4,1480,8
2020-07-24,San Mateo,81,765935,5983,4954,5,4959,112
2020-07-24,Santa Barbara,83,443738,6717,5776,83,5859,30
2020-07-24,Santa Clara,85,1922200,11308,8658,18,8676,165
2020-07-24,Santa Cruz,87,273765,1170,930,9,939,4
2020-07-24,Shasta,89,179085,435,262,1,263,8
2020-07-24,Sierra,91,2930,2,1,0,1,0
2020-07-24,Siskiyou,93,43540,83,53,0,53,0
2020-07-24,Solano,95,438530,3941,3062,15,3077,29
2020-07-24,Sonoma,97,501317,3303,2345,5,2350,20
2020-07-24,Stanislaus,99,539301,10370,7861,12,7873,82
2020-07-24,Sutter,101,95872,739,593,0,593,2
2020-07-24,Tehama,103,63373,245,170,4,174,1
2020-07-24,Trinity,105,12862,8,3,3,6,0
2020-07-24,Tulare,107,460477,10125,8167,23,8190,167
2020-07-24,Tuolumne,109,53932,138,99,25,124,0
2020-07-24,Ventura,111,848112,7960,6553,19,6572,60
2020-07-24,Yolo,113,214977,1693,1329,3,1332,35
2020-07-24,Yuba,115,75493,409,307,0,307,1
2020-07-23,Alameda,1,1643700,12296,9924,39,9963,171
2020-07-23,Alpine,3,1148,3,2,0,2,0
2020-07-23,Amador,5,37829,120,61,0,61,0
2020-07-23,Butte,7,227075,984,726,9,735,5
2020-07-23,Calaveras,9,45235,114,102,1,103,0
2020-07-23,Colusa,11,21464,329,242,0,242,2
2020-07-23,Contra Costa,13,1133247,8935,6619,22,6641,98
2020-07-23,Del Norte,15,27424,85,66,0,66,0
2020-07-23,El Dorado,17,186661,690,491,0,491,1
2020-07-23,Fresno,19,978130,19229,12164,142,12306,112
2020-07-23,Glenn,21,27897,345,246,0,246,1
2020-07-23,Humboldt,23,135768,240,208,0,208,4
2020-07-23,Imperial,25,180216,10016,7604,6,7610,138
2020-07-23,Inyo,27,18085,53,38,0,38,1
2020-07-23,Kern,29,883053,22105,14491,103,14594,128
2020-07-23,Kings,31,150075,4145,3371,25,3396,39
2020-07-23,Lake,33,64148,198,160,0,160,1
2020-07-23,Lassen,35,31185,568,503,1,504,0
2020-07-23,Los Angeles,37,10098052,186872,167198,431,167629,4265
2020-07-23,Madera,39,155013,2385,1659,1,1660,13
2020-07-23,Marin,41,260295,5040,4423,4,4427,22
2020-07-23,Mariposa,43,17540,55,40,0,40,1
2020-07-23,Mendocino,45,87422,250,178,0,178,0
2020-07-23,Merced,47,269075,4876,2972,2,2974,22
2020-07-23,Modoc,49,8938,3,0,0,0,0
2020-07-23,Mono,51,14174,131,82,0,82,1
2020-07-23,Monterey,53,433212,4658,3655,10,3665,21
2020-07-23,Napa,55,140530,1025,713,0,713,5
2020-07-23,Nevada,57,99092,315,247,12,259,1
2020-07-23,Orange,59,3164182,40384,32863,670,33533,544
2020-07-23,Placer,61,380077,1997,1519,3,1522,12
2020-07-23,Plumas,63,18699,32,21,0,21,0
2020-07-23,Riverside,65,2383286,41041,33833,18,33851,630
2020-07-23,Sacramento,67,1510023,11091,8222,9,8231,108
2020-07-23,San Benito,69,59416,616,478,0,478,2
2020-07-23,San Bernardino,71,2135413,36383,28121,28,28149,369
2020-07-23,San Diego,73,3302833,29881,25109,0,25109,505
2020-07-23,San Francisco,75,870044,6648,5543,11,5554,55
2020-07-23,San Joaquin,77,732212,13022,9861,6,9867,111
2020-07-23,San Luis Obispo,79,281455,1838,1438,4,1442,7
2020-07-23,San Mateo,81,765935,5878,4895,5,4900,113
2020-07-23,Santa Barbara,83,443738,6643,5628,83,5711,30
2020-07-23,Santa Clara,85,1922200,11091,8458,18,8476,165
2020-07-23,Santa Cruz,87,273765,1134,887,9,896,3
2020-07-23,Shasta,89,179085,424,254,1,255,9
2020-07-23,Sierra,91,2930,2,1,0,1,0
2020-07-23,Siskiyou,93,43540,81,53,0,53,0
2020-07-23,Solano,95,438530,3877,2962,13,2975,29
2020-07-23,Sonoma,97,501317,3227,2289,5,2294,18
2020-07-23,Stanislaus,99,539301,10129,7603,12,7615,71
2020-07-23,Sutter,101,95872,706,570,0,570,2
2020-07-23,Tehama,103,63373,239,158,4,162,1
2020-07-23,Trinity,105,12862,7,3,3,6,0
2020-07-23,Tulare,107,460477,9936,7898,23,7921,168
2020-07-23,Tuolumne,109,53932,138,93,24,117,0
2020-07-23,Ventura,111,848112,7836,6303,19,6322,56
2020-07-23,Yolo,113,214977,1675,1279,3,1282,35
2020-07-23,Yuba,115,75493,389,297,0,297,1
2020-07-22,Alameda,1,1643700,12076,9678,38,9716,169
2020-07-22,Alpine,3,1148,3,2,0,2,0
2020-07-22,Amador,5,37829,118,58,0,58,0
2020-07-22,Butte,7,227075,949,694,8,702,5
2020-07-22,Calaveras,9,45235,114,98,1,99,0
2020-07-22,Colusa,11,21464,322,236,0,236,0
2020-07-22,Contra Costa,13,1133247,8709,6401,22,6423,98
2020-07-22,Del Norte,15,27424,85,66,0,66,0
2020-07-22,El Dorado,17,186661,677,466,0,466,1
2020-07-22,Fresno,19,978130,18869,11756,136,11892,110
2020-07-22,Glenn,21,27897,339,236,0,236,1
2020-07-22,Humboldt,23,135768,238,201,0,201,4
2020-07-22,Imperial,25,180216,9957,7533,6,7539,134
2020-07-22,Inyo,27,18085,49,38,0,38,1
2020-07-22,Kern,29,883053,21673,13513,96,13609,127
2020-07-22,Kings,31,150075,4092,3271,25,3296,38
2020-07-22,Lake,33,64148,195,160,0,160,1
2020-07-22,Lassen,35,31185,565,500,1,501,0
2020-07-22,Los Angeles,37,10098052,184208,165242,407,165649,4218
2020-07-22,Madera,39,155013,2310,1578,1,1579,10
2020-07-22,Marin,41,260295,4984,4373,4,4377,23
2020-07-22,Mariposa,43,17540,55,38,0,38,1
2020-07-22,Mendocino,45,87422,243,166,0,166,0
2020-07-22,Merced,47,269075,4749,2828,2,2830,15
2020-07-22,Modoc,49,8938,3,0,0,0,0
2020-07-22,Mono,51,14174,128,82,0,82,1
2020-07-22,Monterey,53,433212,4557,3533,10,3543,20
2020-07-22,Napa,55,140530,1003,687,0,687,5
2020-07-22,Nevada,57,99092,309,239,11,250,1
2020-07-22,Orange,59,3164182,39884,32047,661,32708,522
2020-07-22,Placer,61,380077,1940,1469,3,1472,12
2020-07-22,Plumas,63,18699,31,20,0,20,0
2020-07-22,Riverside,65,2383286,40407,33093,18,33111,612
2020-07-22,Sacramento,67,1510023,10826,8028,8,8036,106
2020-07-22,San Benito,69,59416,602,465,0,465,2
2020-07-22,San Bernardino,71,2135413,35863,26820,28,26848,348
2020-07-22,San Diego,73,3302833,29493,25109,0,25109,505
2020-07-22,San Francisco,75,870044,6544,5473,10,5483,53
2020-07-22,San Joaquin,77,732212,12746,9628,6,9634,102
2020-07-22,San Luis Obispo,79,281455,1795,1373,4,1377,7
2020-07-22,San Mateo,81,765935,5789,4796,5,4801,112
2020-07-22,Santa Barbara,83,443738,6558,5508,81,5589,29
2020-07-22,Santa Clara,85,1922200,10846,8266,18,8284,166
2020-07-22,Santa Cruz,87,273765,1111,866,9,875,3
2020-07-22,Shasta,89,179085,414,246,1,247,9
2020-07-22,Sierra,91,2930,1,1,0,1,0
2020-07-22,Siskiyou,93,43540,80,52,0,52,0
2020-07-22,Solano,95,438530,3816,2839,12,2851,29
2020-07-22,Sonoma,97,501317,3150,2255,5,2260,17
2020-07-22,Stanislaus,99,539301,9958,7401,12,7413,71
2020-07-22,Sutter,101,95872,682,551,0,551,2
2020-07-22,Tehama,103,63373,231,155,4,159,1
2020-07-22,Trinity,105,12862,7,3,3,6,0
2020-07-22,Tulare,107,460477,9703,7640,23,7663,167
2020-07-22,Tuolumne,109,53932,134,91,24,115,0
2020-07-22,Ventura,111,848112,7709,6223,17,6240,56
2020-07-22,Yolo,113,214977,1632,1233,3,1236,34
2020-07-22,Yuba,115,75493,374,288,0,288,1
2020-07-21,Alameda,1,1643700,11862,9390,38,9428,166
2020-07-21,Alpine,3,1148,3,2,0,2,0
2020-07-21,Amador,5,37829,113,55,0,55,0
2020-07-21,Butte,7,227075,905,659,7,666,5
2020-07-21,Calaveras,9,45235,109,96,1,97,0
2020-07-21,Colusa,11,21464,298,227,0,227,0
2020-07-21,Contra Costa,13,1133247,8467,6210,22,6232,98
2020-07-21,Del Norte,15,27424,85,66,0,66,0
2020-07-21,El Dorado,17,186661,669,440,0,440,1
2020-07-21,Fresno,19,978130,18471,11412,130,11542,107
2020-07-21,Glenn,21,27897,332,229,0,229,1
2020-07-21,Humboldt,23,135768,236,198,0,198,4
2020-07-21,Imperial,25,180216,9908,7458,6,7464,128
2020-07-21,Inyo,27,18085,48,38,0,38,1
2020-07-21,Kern,29,883053,21251,11998,90,12088,119
2020-07-21,Kings,31,150075,4029,3187,25,3212,38
2020-07-21,Lake,33,64148,195,157,0,157,1
2020-07-21,Lassen,35,31185,563,474,1,475,0
2020-07-21,Los Angeles,37,10098052,181201,162205,385,162590,4159
2020-07-21,Madera,39,155013,2245,1508,1,1509,10
2020-07-21,Marin,41,260295,4913,4318,4,4322,21
2020-07-21,Mariposa,43,17540,54,37,0,37,1
2020-07-21,Mendocino,45,87422,232,160,0,160,0
2020-07-21,Merced,47,269075,4570,2725,2,2727,15
2020-07-21,Modoc,49,8938,3,0,0,0,0
2020-07-21,Mono,51,14174,124,79,0,79,1
2020-07-21,Monterey,53,433212,4425,3404,9,3413,20
2020-07-21,Napa,55,140530,976,660,0,660,5
2020-07-21,Nevada,57,99092,307,228,9,237,1
2020-07-21,Orange,59,3164182,39388,31356,627,31983,515
2020-07-21,Placer,61,380077,1900,1413,3,1416,11
2020-07-21,Plumas,63,18699,31,19,0,19,0
2020-07-21,Riverside,65,2383286,39706,32231,18,32249,583
2020-07-21,Sacramento,67,1510023,10554,7789,7,7796,102
2020-07-21,San Benito,69,59416,591,444,0,444,2
2020-07-21,San Bernardino,71,2135413,35217,25323,27,25350,343
2020-07-21,San Diego,73,3302833,29044,24522,0,24522,487
2020-07-21,San Francisco,75,870044,6435,5377,10,5387,53
2020-07-21,San Joaquin,77,732212,12420,9150,6,9156,99
2020-07-21,San Luis Obispo,79,281455,1747,1338,4,1342,7
2020-07-21,San Mateo,81,765935,5697,4733,5,4738,111
2020-07-21,Santa Barbara,83,443738,6476,5422,80,5502,29
2020-07-21,Santa Clara,85,1922200,10583,7989,18,8007,164
2020-07-21,Santa Cruz,87,273765,1078,835,9,844,3
2020-07-21,Shasta,89,179085,406,241,1,242,9
2020-07-21,Sierra,91,2930,1,1,0,1,0
2020-07-21,Siskiyou,93,43540,80,48,0,48,0
2020-07-21,Solano,95,438530,3743,2727,12,2739,27
2020-07-21,Sonoma,97,501317,3093,2200,5,2205,17
2020-07-21,Stanislaus,99,539301,9694,6984,12,6996,69
2020-07-21,Sutter,101,95872,666,533,0,533,2
2020-07-21,Tehama,103,63373,221,150,4,154,1
2020-07-21,Trinity,105,12862,7,2,3,5,0
2020-07-21,Tulare,107,460477,9500,7447,23,7470,167
2020-07-21,Tuolumne,109,53932,132,75,24,99,0
2020-07-21,Ventura,111,848112,7577,6131,17,6148,55
2020-07-21,Yolo,113,214977,1579,1204,3,1207,34
2020-07-21,Yuba,115,75493,368,269,0,269,1
2020-07-20,Alameda,1,1643700,11609,9244,37,9281,162
2020-07-20,Alpine,3,1148,3,2,0,2,0
2020-07-20,Amador,5,37829,110,53,0,53,0
2020-07-20,Butte,7,227075,867,586,7,593,4
2020-07-20,Calaveras,9,45235,106,90,0,90,0
2020-07-20,Colusa,11,21464,287,217,0,217,0
2020-07-20,Contra Costa,13,1133247,8259,5823,22,5845,97
2020-07-20,Del Norte,15,27424,85,61,0,61,0
2020-07-20,El Dorado,17,186661,646,407,0,407,0
2020-07-20,Fresno,19,978130,18029,10891,129,11020,106
2020-07-20,Glenn,21,27897,324,225,0,225,1
2020-07-20,Humboldt,23,135768,229,194,0,194,4
2020-07-20,Imperial,25,180216,9868,7337,6,7343,124
2020-07-20,Inyo,27,18085,46,38,0,38,1
2020-07-20,Kern,29,883053,20741,10908,86,10994,118
2020-07-20,Kings,31,150075,3981,3093,25,3118,37
2020-07-20,Lake,33,64148,192,147,0,147,1
2020-07-20,Lassen,35,31185,561,474,1,475,0
2020-07-20,Los Angeles,37,10098052,178231,159202,357,159559,4108
2020-07-20,Madera,39,155013,2170,1433,1,1434,10
2020-07-20,Marin,41,260295,4833,4255,4,4259,21
2020-07-20,Mariposa,43,17540,53,36,0,36,1
2020-07-20,Mendocino,45,87422,219,153,0,153,0
2020-07-20,Merced,47,269075,4400,2584,2,2586,15
2020-07-20,Modoc,49,8938,3,0,0,0,0
2020-07-20,Mono,51,14174,118,78,0,78,1
2020-07-20,Monterey,53,433212,4319,3205,9,3214,19
2020-07-20,Napa,55,140530,939,632,0,632,5
2020-07-20,Nevada,57,99092,299,218,9,227,1
2020-07-20,Orange,59,3164182,38781,30337,596,30933,507
2020-07-20,Placer,61,380077,1852,1364,3,1367,11
2020-07-20,Plumas,63,18699,30,17,0,17,0
2020-07-20,Riverside,65,2383286,38878,31163,18,31181,581
2020-07-20,Sacramento,67,1510023,10226,7369,7,7376,99
2020-07-20,San Benito,69,59416,573,433,0,433,2
2020-07-20,San Bernardino,71,2135413,34407,24226,26,24252,338
2020-07-20,San Diego,73,3302833,28602,24137,0,24137,478
2020-07-20,San Francisco,75,870044,6314,5090,10,5100,53
2020-07-20,San Joaquin,77,732212,12063,8583,6,8589,97
2020-07-20,San Luis Obispo,79,281455,1707,1282,4,1286,6
2020-07-20,San Mateo,81,765935,5596,4609,5,4614,111
2020-07-20,Santa Barbara,83,443738,6357,5266,78,5344,29
2020-07-20,Santa Clara,85,1922200,10355,7711,17,7728,164
2020-07-20,Santa Cruz,87,273765,1046,758,9,767,3
2020-07-20,Shasta,89,179085,391,233,1,234,9
2020-07-20,Sierra,91,2930,1,1,0,1,0
2020-07-20,Siskiyou,93,43540,76,42,0,42,0
2020-07-20,Solano,95,438530,3660,2537,12,2549,26
2020-07-20,Sonoma,97,501317,2986,2148,5,2153,17
2020-07-20,Stanislaus,99,539301,9416,6835,12,6847,58
2020-07-20,Sutter,101,95872,633,507,0,507,2
2020-07-20,Tehama,103,63373,211,146,4,150,1
2020-07-20,Trinity,105,12862,7,2,3,5,0
2020-07-20,Tulare,107,460477,9266,6974,23,6997,166
2020-07-20,Tuolumne,109,53932,131,75,24,99,0
2020-07-20,Ventura,111,848112,7444,5912,17,5929,52
2020-07-20,Yolo,113,214977,1539,1155,3,1158,30
2020-07-20,Yuba,115,75493,348,258,0,258,1
2020-07-19,Alameda,1,1643700,11372,9227,31,9258,162
2020-07-19,Alpine,3,1148,3,2,0,2,0
2020-07-19,Amador,5,37829,103,51,0,51,0
2020-07-19,Butte,7,227075,842,555,7,562,4
2020-07-19,Calaveras,9,45235,104,89,0,89,0
2020-07-19,Colusa,11,21464,279,187,0,187,0
2020-07-19,Contra Costa,13,1133247,7968,5691,20,5711,95
2020-07-19,Del Norte,15,27424,84,61,0,61,0
2020-07-19,El Dorado,17,186661,628,385,0,385,0
2020-07-19,Fresno,19,978130,17507,10639,117,10756,106
2020-07-19,Glenn,21,27897,310,215,0,215,0
2020-07-19,Humboldt,23,135768,221,195,0,195,4
2020-07-19,Imperial,25,180216,9777,7280,6,7286,124
2020-07-19,Inyo,27,18085,42,38,0,38,1
2020-07-19,Kern,29,883053,20124,10094,79,10173,115
2020-07-19,Kings,31,150075,3897,3035,25,3060,37
2020-07-19,Lake,33,64148,187,144,0,144,1
2020-07-19,Lassen,35,31185,542,474,1,475,0
2020-07-19,Los Angeles,37,10098052,174789,156039,334,156373,4100
2020-07-19,Madera,39,155013,2093,1301,1,1302,10
2020-07-19,Marin,41,260295,4778,4172,4,4176,21
2020-07-19,Mariposa,43,17540,49,35,0,35,1
2020-07-19,Mendocino,45,87422,214,137,0,137,0
2020-07-19,Merced,47,269075,4193,2460,2,2462,15
2020-07-19,Modoc,49,8938,3,0,0,0,0
2020-07-19,Mono,51,14174,107,63,0,63,1
2020-07-19,Monterey,53,433212,4199,3079,9,3088,18
2020-07-19,Napa,55,140530,910,612,0,612,5
2020-07-19,Nevada,57,99092,293,210,9,219,1
2020-07-19,Orange,59,3164182,38218,29941,583,30524,505
2020-07-19,Placer,61,380077,1803,1246,3,1249,11
2020-07-19,Plumas,63,18699,30,17,0,17,0
2020-07-19,Riverside,65,2383286,38175,30340,18,30358,581
2020-07-19,Sacramento,67,1510023,9840,6985,7,6992,97
2020-07-19,San Benito,69,59416,557,412,0,412,2
2020-07-19,San Bernardino,71,2135413,33637,23928,25,23953,337
2020-07-19,San Diego,73,3302833,28102,23684,0,23684,478
2020-07-19,San Francisco,75,870044,6167,5094,10,5104,52
2020-07-19,San Joaquin,77,732212,11658,8308,6,8314,93
2020-07-19,San Luis Obispo,79,281455,1664,1262,3,1265,6
2020-07-19,San Mateo,81,765935,5489,4522,5,4527,110
2020-07-19,Santa Barbara,83,443738,6253,5145,75,5220,29
2020-07-19,Santa Clara,85,1922200,10111,7403,17,7420,164
2020-07-19,Santa Cruz,87,273765,1002,753,9,762,3
2020-07-19,Shasta,89,179085,378,218,1,219,9
2020-07-19,Sierra,91,2930,1,1,0,1,0
2020-07-19,Siskiyou,93,43540,74,42,0,42,0
2020-07-19,Solano,95,438530,3556,2551,12,2563,26
2020-07-19,Sonoma,97,501317,2885,2074,5,2079,17
2020-07-19,Stanislaus,99,539301,9120,6508,12,6520,58
2020-07-19,Sutter,101,95872,602,480,0,480,2
2020-07-19,Tehama,103,63373,207,138,4,142,1
2020-07-19,Trinity,105,12862,7,2,3,5,0
2020-07-19,Tulare,107,460477,9017,6856,23,6879,166
2020-07-19,Tuolumne,109,53932,126,75,24,99,0
2020-07-19,Ventura,111,848112,7254,5706,17,5723,52
2020-07-19,Yolo,113,214977,1499,1127,3,1130,30
2020-07-19,Yuba,115,75493,328,240,0,240,1
2020-07-18,Alameda,1,1643700,11236,9089,29,9118,162
2020-07-18,Alpine,3,1148,3,2,0,2,0
2020-07-18,Amador,5,37829,99,49,0,49,0
2020-07-18,Butte,7,227075,833,551,7,558,4
2020-07-18,Calaveras,9,45235,100,89,0,89,0
2020-07-18,Colusa,11,21464,274,182,0,182,0
2020-07-18,Contra Costa,13,1133247,7832,5617,20,5637,95
2020-07-18,Del Norte,15,27424,84,61,0,61,0
2020-07-18,El Dorado,17,186661,625,385,0,385,0
2020-07-18,Fresno,19,978130,17258,10381,115,10496,106
2020-07-18,Glenn,21,27897,304,212,0,212,0
2020-07-18,Humboldt,23,135768,218,189,0,189,4
2020-07-18,Imperial,25,180216,9746,7268,6,7274,124
2020-07-18,Inyo,27,18085,42,38,0,38,1
2020-07-18,Kern,29,883053,19821,9250,76,9326,114
2020-07-18,Kings,31,150075,3860,2996,24,3020,37
2020-07-18,Lake,33,64148,184,142,0,142,1
2020-07-18,Lassen,35,31185,541,474,1,475,0
2020-07-18,Los Angeles,37,10098052,173343,153265,319,153584,4088
2020-07-18,Madera,39,155013,2047,1260,1,1261,9
2020-07-18,Marin,41,260295,4749,4089,4,4093,21
2020-07-18,Mariposa,43,17540,49,35,0,35,1
2020-07-18,Mendocino,45,87422,207,137,0,137,0
2020-07-18,Merced,47,269075,4074,2424,2,2426,15
2020-07-18,Modoc,49,8938,3,0,0,0,0
2020-07-18,Mono,51,14174,105,54,0,54,1
2020-07-18,Monterey,53,433212,4132,3020,9,3029,17
2020-07-18,Napa,55,140530,899,609,0,609,5
2020-07-18,Nevada,57,99092,289,204,8,212,1
2020-07-18,Orange,59,3164182,37899,29603,561,30164,493
2020-07-18,Placer,61,380077,1779,1233,3,1236,11
2020-07-18,Plumas,63,18699,30,17,0,17,0
2020-07-18,Riverside,65,2383286,37823,30245,17,30262,581
2020-07-18,Sacramento,67,1510023,9597,6739,7,6746,95
2020-07-18,San Benito,69,59416,542,407,0,407,2
2020-07-18,San Bernardino,71,2135413,33178,23680,25,23705,336
2020-07-18,San Diego,73,3302833,27799,23116,0,23116,478
2020-07-18,San Francisco,75,870044,6065,5051,10,5061,52
2020-07-18,San Joaquin,77,732212,11446,8118,6,8124,93
2020-07-18,San Luis Obispo,79,281455,1632,1234,3,1237,6
2020-07-18,San Mateo,81,765935,5429,4488,5,4493,110
2020-07-18,Santa Barbara,83,443738,6193,5110,73,5183,29
2020-07-18,Santa Clara,85,1922200,9961,7255,16,7271,164
2020-07-18,Santa Cruz,87,273765,985,751,9,760,3
2020-07-18,Shasta,89,179085,369,216,1,217,9
2020-07-18,Sierra,91,2930,1,1,0,1,0
2020-07-18,Siskiyou,93,43540,70,42,0,42,0
2020-07-18,Solano,95,438530,3515,2503,12,2515,26
2020-07-18,Sonoma,97,501317,2834,2019,5,2024,15
2020-07-18,Stanislaus,99,539301,8988,6344,12,6356,58
2020-07-18,Sutter,101,95872,596,473,0,473,2
2020-07-18,Tehama,103,63373,202,136,4,140,1
2020-07-18,Trinity,105,12862,7,2,3,5,0
2020-07-18,Tulare,107,460477,8926,6810,22,6832,167
2020-07-18,Tuolumne,109,53932,123,75,24,99,0
2020-07-18,Ventura,111,848112,7172,5630,17,5647,52
2020-07-18,Yolo,113,214977,1471,1077,3,1080,30
2020-07-18,Yuba,115,75493,317,237,0,237,1
2020-07-17,Alameda,1,1643700,11096,8893,27,8920,160
2020-07-17,Alpine,3,1148,3,1,0,1,0
2020-07-17,Amador,5,37829,97,48,0,48,0
2020-07-17,Butte,7,227075,819,497,7,504,4
2020-07-17,Calaveras,9,45235,98,86,0,86,0
2020-07-17,Colusa,11,21464,272,146,0,146,0
2020-07-17,Contra Costa,13,1133247,7684,5483,20,5503,93
2020-07-17,Del Norte,15,27424,83,60,0,60,0
2020-07-17,El Dorado,17,186661,609,368,0,368,0
2020-07-17,Fresno,19,978130,16960,9954,115,10069,104
2020-07-17,Glenn,21,27897,297,203,0,203,0
2020-07-17,Humboldt,23,135768,217,185,0,185,4
2020-07-17,Imperial,25,180216,9724,7193,6,7199,120
2020-07-17,Inyo,27,18085,42,38,0,38,1
2020-07-17,Kern,29,883053,19501,8291,74,8365,113
2020-07-17,Kings,31,150075,3822,2978,24,3002,37
2020-07-17,Lake,33,64148,182,139,0,139,1
2020-07-17,Lassen,35,31185,522,391,1,392,0
2020-07-17,Los Angeles,37,10098052,170973,150481,306,150787,4052
2020-07-17,Madera,39,155013,2003,1214,1,1215,9
2020-07-17,Marin,41,260295,4712,3839,4,3843,21
2020-07-17,Mariposa,43,17540,47,35,0,35,1
2020-07-17,Mendocino,45,87422,199,126,0,126,0
2020-07-17,Merced,47,269075,3998,2328,2,2330,12
2020-07-17,Modoc,49,8938,2,0,0,0,0
2020-07-17,Mono,51,14174,100,54,0,54,1
2020-07-17,Monterey,53,433212,4003,2922,9,2931,18
2020-07-17,Napa,55,140530,885,598,0,598,5
2020-07-17,Nevada,57,99092,282,200,8,208,1
2020-07-17,Orange,59,3164182,37437,28962,527,29489,485
2020-07-17,Placer,61,380077,1751,1207,3,1210,11
2020-07-17,Plumas,63,18699,27,16,0,16,0
2020-07-17,Riverside,65,2383286,37224,29639,17,29656,580
2020-07-17,Sacramento,67,1510023,9353,6563,7,6570,95
2020-07-17,San Benito,69,59416,527,399,0,399,2
2020-07-17,San Bernardino,71,2135413,32660,23057,25,23082,322
2020-07-17,San Diego,73,3302833,27411,22491,0,22491,472
2020-07-17,San Francisco,75,870044,5970,4967,10,4977,52
2020-07-17,San Joaquin,77,732212,11201,7925,6,7931,86
2020-07-17,San Luis Obispo,79,281455,1596,1190,3,1193,6
2020-07-17,San Mateo,81,765935,5333,4407,5,4412,110
2020-07-17,Santa Barbara,83,443738,6121,5001,72,5073,29
2020-07-17,Santa Clara,85,1922200,9744,7080,16,7096,164
2020-07-17,Santa Cruz,87,273765,963,716,9,725,3
2020-07-17,Shasta,89,179085,357,213,1,214,8
2020-07-17,Sierra,91,2930,1,1,0,1,0
2020-07-17,Siskiyou,93,43540,69,40,0,40,0
2020-07-17,Solano,95,438530,3466,2452,12,2464,26
2020-07-17,Sonoma,97,501317,2786,1982,5,1987,15
2020-07-17,Stanislaus,99,539301,8816,6220,12,6232,56
2020-07-17,Sutter,101,95872,583,458,0,458,2
2020-07-17,Tehama,103,63373,198,128,4,132,1
2020-07-17,Trinity,105,12862,7,2,3,5,0
2020-07-17,Tulare,107,460477,8790,6671,22,6693,166
2020-07-17,Tuolumne,109,53932,122,73,24,97,0
2020-07-17,Ventura,111,848112,7089,5451,17,5468,51
2020-07-17,Yolo,113,214977,1447,1055,3,1058,30
2020-07-17,Yuba,115,75493,307,231,0,231,1
2020-07-16,Alameda,1,1643700,10863,8719,21,8740,153
2020-07-16,Alpine,3,1148,3,1,0,1,0
2020-07-16,Amador,5,37829,94,46,0,46,0
2020-07-16,Butte,7,227075,782,465,7,472,4
2020-07-16,Calaveras,9,45235,96,82,0,82,0
2020-07-16,Colusa,11,21464,263,140,0,140,0
2020-07-16,Contra Costa,13,1133247,7472,5338,14,5352,91
2020-07-16,Del Norte,15,27424,83,60,0,60,0
2020-07-16,El Dorado,17,186661,592,357,0,357,0
2020-07-16,Fresno,19,978130,16449,9481,106,9587,101
2020-07-16,Glenn,21,27897,288,190,0,190,0
2020-07-16,Humboldt,23,135768,215,184,0,184,4
2020-07-16,Imperial,25,180216,9629,7148,6,7154,113
2020-07-16,Inyo,27,18085,42,38,0,38,1
2020-07-16,Kern,29,883053,18979,7435,72,7507,112
2020-07-16,Kings,31,150075,3656,2937,24,2961,37
2020-07-16,Lake,33,64148,177,128,0,128,1
2020-07-16,Lassen,35,31185,521,355,1,356,0
2020-07-16,Los Angeles,37,10098052,167701,147759,282,148041,3994
2020-07-16,Madera,39,155013,1939,1192,1,1193,8
2020-07-16,Marin,41,260295,4640,3546,4,3550,21
2020-07-16,Mariposa,43,17540,45,34,0,34,1
2020-07-16,Mendocino,45,87422,194,121,0,121,0
2020-07-16,Merced,47,269075,3836,2228,2,2230,12
2020-07-16,Modoc,49,8938,1,0,0,0,0
2020-07-16,Mono,51,14174,97,53,0,53,1
2020-07-16,Monterey,53,433212,3898,2857,8,2865,18
2020-07-16,Napa,55,140530,856,581,0,581,5
2020-07-16,Nevada,57,99092,279,191,8,199,1
2020-07-16,Orange,59,3164182,36736,28525,489,29014,471
2020-07-16,Placer,61,380077,1699,1168,3,1171,11
2020-07-16,Plumas,63,18699,25,16,0,16,0
2020-07-16,Riverside,65,2383286,36478,28904,16,28920,577
2020-07-16,Sacramento,67,1510023,9039,6440,7,6447,91
2020-07-16,San Benito,69,59416,510,389,0,389,2
2020-07-16,San Bernardino,71,2135413,31803,22355,23,22378,321
2020-07-16,San Diego,73,3302833,26924,21857,0,21857,465
2020-07-16,San Francisco,75,870044,5829,4838,10,4848,52
2020-07-16,San Joaquin,77,732212,10838,7713,6,7719,82
2020-07-16,San Luis Obispo,79,281455,1552,1146,3,1149,6
2020-07-16,San Mateo,81,765935,5229,4336,5,4341,110
2020-07-16,Santa Barbara,83,443738,6025,4872,71,4943,28
2020-07-16,Santa Clara,85,1922200,9464,6990,14,7004,164
2020-07-16,Santa Cruz,87,273765,922,698,9,707,3
2020-07-16,Shasta,89,179085,342,208,1,209,7
2020-07-16,Sierra,91,2930,1,1,0,1,0
2020-07-16,Siskiyou,93,43540,66,39,0,39,0
2020-07-16,Solano,95,438530,3372,2372,12,2384,25
2020-07-16,Sonoma,97,501317,2695,1954,5,1959,14
2020-07-16,Stanislaus,99,539301,8535,6077,11,6088,56
2020-07-16,Sutter,101,95872,567,444,0,444,2
2020-07-16,Tehama,103,63373,188,126,4,130,1
2020-07-16,Trinity,105,12862,7,2,2,4,0
2020-07-16,Tulare,107,460477,8574,6467,21,6488,163
2020-07-16,Tuolumne,109,53932,117,71,24,95,0
2020-07-16,Ventura,111,848112,6927,5231,17,5248,50
2020-07-16,Yolo,113,214977,1405,1034,3,1037,29
2020-07-16,Yuba,115,75493,289,221,0,221,1
2020-07-15,Alameda,1,1643700,10661,8615,15,8630,153
2020-07-15,Alpine,3,1148,3,1,0,1,0
2020-07-15,Amador,5,37829,73,44,0,44,0
2020-07-15,Butte,7,227075,741,420,7,427,4
2020-07-15,Calaveras,9,45235,96,75,0,75,0
2020-07-15,Colusa,11,21464,258,135,0,135,0
2020-07-15,Contra Costa,13,1133247,7241,5246,14,5260,90
2020-07-15,Del Norte,15,27424,82,60,0,60,0
2020-07-15,El Dorado,17,186661,568,339,0,339,0
2020-07-15,Fresno,19,978130,15976,9124,99,9223,101
2020-07-15,Glenn,21,27897,279,184,0,184,0
2020-07-15,Humboldt,23,135768,213,181,0,181,4
2020-07-15,Imperial,25,180216,9562,7110,6,7116,110
2020-07-15,Inyo,27,18085,42,36,0,36,1
2020-07-15,Kern,29,883053,18360,7155,68,7223,108
2020-07-15,Kings,31,150075,3595,2906,24,2930,37
2020-07-15,Lake,33,64148,175,122,0,122,1
2020-07-15,Lassen,35,31185,517,319,1,320,0
2020-07-15,Los Angeles,37,10098052,164236,143343,267,143610,3946
2020-07-15,Madera,39,155013,1870,1147,1,1148,4
2020-07-15,Marin,41,260295,4585,3458,4,3462,21
2020-07-15,Mariposa,43,17540,45,34,0,34,1
2020-07-15,Mendocino,45,87422,191,119,0,119,0
2020-07-15,Merced,47,269075,3686,2156,2,2158,12
2020-07-15,Modoc,49,8938,1,0,0,0,0
2020-07-15,Mono,51,14174,95,52,0,52,1
2020-07-15,Monterey,53,433212,3787,2780,8,2788,18
2020-07-15,Napa,55,140530,830,573,0,573,5
2020-07-15,Nevada,57,99092,275,185,6,191,1
2020-07-15,Orange,59,3164182,35934,27718,454,28172,454
2020-07-15,Placer,61,380077,1644,1145,3,1148,11
2020-07-15,Plumas,63,18699,25,16,0,16,0
2020-07-15,Riverside,65,2383286,35699,28492,14,28506,568
2020-07-15,Sacramento,67,1510023,8662,6217,7,6224,91
2020-07-15,San Benito,69,59416,501,388,0,388,2
2020-07-15,San Bernardino,71,2135413,31017,21508,23,21531,317
2020-07-15,San Diego,73,3302833,26457,21448,0,21448,448
2020-07-15,San Francisco,75,870044,5715,4757,10,4767,50
2020-07-15,San Joaquin,77,732212,10405,7381,5,7386,75
2020-07-15,San Luis Obispo,79,281455,1509,1097,3,1100,6
2020-07-15,San Mateo,81,765935,5116,4258,5,4263,109
2020-07-15,Santa Barbara,83,443738,5909,4733,71,4804,28
2020-07-15,Santa Clara,85,1922200,9161,6900,14,6914,164
2020-07-15,Santa Cruz,87,273765,886,660,8,668,3
2020-07-15,Shasta,89,179085,333,193,1,194,7
2020-07-15,Sierra,91,2930,1,1,0,1,0
2020-07-15,Siskiyou,93,43540,65,38,0,38,0
2020-07-15,Solano,95,438530,3278,2343,12,2355,25
2020-07-15,Sonoma,97,501317,2598,1920,5,1925,14
2020-07-15,Stanislaus,99,539301,8240,5777,11,5788,56
2020-07-15,Sutter,101,95872,541,433,0,433,2
2020-07-15,Tehama,103,63373,180,126,4,130,1
2020-07-15,Trinity,105,12862,6,2,2,4,0
2020-07-15,Tulare,107,460477,8361,6320,20,6340,156
2020-07-15,Tuolumne,109,53932,110,68,24,92,0
2020-07-15,Ventura,111,848112,6750,5087,17,5104,50
2020-07-15,Yolo,113,214977,1373,1002,3,1005,27
2020-07-15,Yuba,115,75493,277,221,0,221,1
2020-07-14,Alameda,1,1643700,10321,8388,9,8397,151
2020-07-14,Alpine,3,1148,3,1,0,1,0
2020-07-14,Amador,5,37829,69,44,0,44,0
2020-07-14,Butte,7,227075,696,382,7,389,4
2020-07-14,Calaveras,9,45235,94,74,0,74,0
2020-07-14,Colusa,11,21464,248,128,0,128,0
2020-07-14,Contra Costa,13,1133247,7005,5110,12,5122,90
2020-07-14,Del Norte,15,27424,81,60,0,60,0
2020-07-14,El Dorado,17,186661,553,324,0,324,0
2020-07-14,Fresno,19,978130,15556,8941,95,9036,98
2020-07-14,Glenn,21,27897,269,177,0,177,0
2020-07-14,Humboldt,23,135768,210,175,0,175,4
2020-07-14,Imperial,25,180216,9435,7095,6,7101,109
2020-07-14,Inyo,27,18085,42,35,0,35,1
2020-07-14,Kern,29,883053,17601,6979,55,7034,107
2020-07-14,Kings,31,150075,3528,2867,23,2890,37
2020-07-14,Lake,33,64148,169,120,0,120,1
2020-07-14,Lassen,35,31185,500,263,1,264,0
2020-07-14,Los Angeles,37,10098052,161100,140632,236,140868,3900
2020-07-14,Madera,39,155013,1796,1118,1,1119,4
2020-07-14,Marin,41,260295,4471,3451,4,3455,21
2020-07-14,Mariposa,43,17540,41,32,0,32,1
2020-07-14,Mendocino,45,87422,183,110,0,110,0
2020-07-14,Merced,47,269075,3507,2084,2,2086,12
2020-07-14,Modoc,49,8938,1,0,0,0,0
2020-07-14,Mono,51,14174,85,48,0,48,1
2020-07-14,Monterey,53,433212,3673,2724,8,2732,18
2020-07-14,Napa,55,140530,774,557,0,557,4
2020-07-14,Nevada,57,99092,258,180,5,185,1
2020-07-14,Orange,59,3164182,35055,26915,407,27322,432
2020-07-14,Placer,61,380077,1588,1122,3,1125,11
2020-07-14,Plumas,63,18699,24,14,0,14,0
2020-07-14,Riverside,65,2383286,34944,27850,13,27863,547
2020-07-14,Sacramento,67,1510023,8310,5978,7,5985,87
2020-07-14,San Benito,69,59416,482,360,0,360,2
2020-07-14,San Bernardino,71,2135413,30168,20489,23,20512,316
2020-07-14,San Diego,73,3302833,25838,20887,0,20887,436
2020-07-14,San Francisco,75,870044,5565,4659,9,4668,50
2020-07-14,San Joaquin,77,732212,9978,7143,5,7148,75
2020-07-14,San Luis Obispo,79,281455,1470,1060,3,1063,5
2020-07-14,San Mateo,81,765935,5023,4173,5,4178,108
2020-07-14,Santa Barbara,83,443738,5785,4641,69,4710,28
2020-07-14,Santa Clara,85,1922200,8834,6686,10,6696,164
2020-07-14,Santa Cruz,87,273765,847,639,8,647,3
2020-07-14,Shasta,89,179085,324,190,1,191,7
2020-07-14,Sierra,91,2930,1,1,0,1,0
2020-07-14,Siskiyou,93,43540,64,38,0,38,0
2020-07-14,Solano,95,438530,3178,2266,10,2276,25
2020-07-14,Sonoma,97,501317,2506,1866,5,1871,14
2020-07-14,Stanislaus,99,539301,7871,5631,10,5641,53
2020-07-14,Sutter,101,95872,522,405,0,405,2
2020-07-14,Tehama,103,63373,168,123,4,127,1
2020-07-14,Trinity,105,12862,6,2,2,4,0
2020-07-14,Tulare,107,460477,8115,6199,20,6219,156
2020-07-14,Tuolumne,109,53932,105,68,24,92,0
2020-07-14,Ventura,111,848112,6589,4950,17,4967,50
2020-07-14,Yolo,113,214977,1325,966,3,969,27
2020-07-14,Yuba,115,75493,260,210,0,210,1
2020-07-13,Alameda,1,1643700,10013,8115,9,8124,148
2020-07-13,Alpine,3,1148,3,1,0,1,0
2020-07-13,Amador,5,37829,65,42,0,42,0
2020-07-13,Butte,7,227075,660,354,7,361,4
2020-07-13,Calaveras,9,45235,86,63,0,63,0
2020-07-13,Colusa,11,21464,242,116,0,116,0
2020-07-13,Contra Costa,13,1133247,6732,4882,10,4892,88
2020-07-13,Del Norte,15,27424,75,59,0,59,0
2020-07-13,El Dorado,17,186661,522,298,0,298,0
2020-07-13,Fresno,19,978130,15131,8666,91,8757,95
2020-07-13,Glenn,21,27897,262,168,0,168,0
2020-07-13,Humboldt,23,135768,205,174,0,174,4
2020-07-13,Imperial,25,180216,9349,7052,6,7058,109
2020-07-13,Inyo,27,18085,41,35,0,35,1
2020-07-13,Kern,29,883053,16916,6808,51,6859,107
2020-07-13,Kings,31,150075,3477,2824,23,2847,37
2020-07-13,Lake,33,64148,164,118,0,118,1
2020-07-13,Lassen,35,31185,495,237,1,238,0
2020-07-13,Los Angeles,37,10098052,157862,136368,222,136590,3829
2020-07-13,Madera,39,155013,1727,1059,1,1060,4
2020-07-13,Marin,41,260295,4368,3402,4,3406,21
2020-07-13,Mariposa,43,17540,40,31,0,31,1
2020-07-13,Mendocino,45,87422,179,87,0,87,0
2020-07-13,Merced,47,269075,3358,2007,2,2009,12
2020-07-13,Modoc,49,8938,1,0,0,0,0
2020-07-13,Mono,51,14174,81,47,0,47,1
2020-07-13,Monterey,53,433212,3550,2613,5,2618,18
2020-07-13,Napa,55,140530,738,534,0,534,4
2020-07-13,Nevada,57,99092,243,172,5,177,1
2020-07-13,Orange,59,3164182,34192,25978,376,26354,423
2020-07-13,Placer,61,380077,1540,1096,3,1099,11
2020-07-13,Plumas,63,18699,22,14,0,14,0
2020-07-13,Riverside,65,2383286,34018,27136,11,27147,545
2020-07-13,Sacramento,67,1510023,8015,5747,7,5754,85
2020-07-13,San Benito,69,59416,469,343,0,343,2
2020-07-13,San Bernardino,71,2135413,29292,19610,20,19630,313
2020-07-13,San Diego,73,3302833,25271,20348,0,20348,422
2020-07-13,San Francisco,75,870044,5438,4534,8,4542,50
2020-07-13,San Joaquin,77,732212,9561,6927,5,6932,71
2020-07-13,San Luis Obispo,79,281455,1439,989,3,992,5
2020-07-13,San Mateo,81,765935,4892,4057,5,4062,108
2020-07-13,Santa Barbara,83,443738,5671,4441,68,4509,28
2020-07-13,Santa Clara,85,1922200,8510,6488,9,6497,164
2020-07-13,Santa Cruz,87,273765,808,574,8,582,3
2020-07-13,Shasta,89,179085,313,185,1,186,6
2020-07-13,Sierra,91,2930,1,1,0,1,0
2020-07-13,Siskiyou,93,43540,60,37,0,37,0
2020-07-13,Solano,95,438530,3066,2046,10,2056,23
2020-07-13,Sonoma,97,501317,2396,1818,5,1823,14
2020-07-13,Stanislaus,99,539301,7571,5324,8,5332,53
2020-07-13,Sutter,101,95872,484,379,0,379,2
2020-07-13,Tehama,103,63373,155,112,4,116,1
2020-07-13,Trinity,105,12862,6,2,2,4,0
2020-07-13,Tulare,107,460477,7854,5930,18,5948,147
2020-07-13,Tuolumne,109,53932,97,56,24,80,0
2020-07-13,Ventura,111,848112,6399,4800,14,4814,50
2020-07-13,Yolo,113,214977,1280,941,3,944,27
2020-07-13,Yuba,115,75493,245,194,0,194,1
2020-07-12,Alameda,1,1643700,9742,8056,9,8065,148
2020-07-12,Alpine,3,1148,3,1,0,1,0
2020-07-12,Amador,5,37829,55,40,0,40,0
2020-07-12,Butte,7,227075,610,341,7,348,4
2020-07-12,Calaveras,9,45235,86,62,0,62,0
2020-07-12,Colusa,11,21464,208,116,0,116,0
2020-07-12,Contra Costa,13,1133247,6460,4708,8,4716,88
2020-07-12,Del Norte,15,27424,63,59,0,59,0
2020-07-12,El Dorado,17,186661,500,290,0,290,0
2020-07-12,Fresno,19,978130,14706,8407,88,8495,95
2020-07-12,Glenn,21,27897,249,166,0,166,0
2020-07-12,Humboldt,23,135768,201,174,0,174,4
2020-07-12,Imperial,25,180216,9229,6999,6,7005,109
2020-07-12,Inyo,27,18085,39,35,0,35,1
2020-07-12,Kern,29,883053,16173,6662,48,6710,105
2020-07-12,Kings,31,150075,3415,2779,22,2801,34
2020-07-12,Lake,33,64148,155,114,0,114,1
2020-07-12,Lassen,35,31185,488,237,1,238,0
2020-07-12,Los Angeles,37,10098052,154439,133830,193,134023,3816
2020-07-12,Madera,39,155013,1672,1025,1,1026,4
2020-07-12,Marin,41,260295,4290,3358,4,3362,21
2020-07-12,Mariposa,43,17540,39,31,0,31,1
2020-07-12,Mendocino,45,87422,160,88,0,88,0
2020-07-12,Merced,47,269075,3228,1908,2,1910,12
2020-07-12,Modoc,49,8938,1,0,0,0,0
2020-07-12,Mono,51,14174,71,45,0,45,1
2020-07-12,Monterey,53,433212,3435,2521,5,2526,18
2020-07-12,Napa,55,140530,706,519,0,519,4
2020-07-12,Nevada,57,99092,233,166,5,171,1
2020-07-12,Orange,59,3164182,33318,25399,367,25766,422
2020-07-12,Placer,61,380077,1484,1058,3,1061,11
2020-07-12,Plumas,63,18699,21,14,0,14,0
2020-07-12,Riverside,65,2383286,33260,26404,11,26415,542
2020-07-12,Sacramento,67,1510023,7706,5515,6,5521,85
2020-07-12,San Benito,69,59416,454,324,0,324,2
2020-07-12,San Bernardino,71,2135413,28383,19042,15,19057,312
2020-07-12,San Diego,73,3302833,24644,19929,0,19929,422
2020-07-12,San Francisco,75,870044,5289,4535,8,4543,50
2020-07-12,San Joaquin,77,732212,9199,6703,5,6708,71
2020-07-12,San Luis Obispo,79,281455,1393,972,3,975,5
2020-07-12,San Mateo,81,765935,4774,3988,5,3993,108
2020-07-12,Santa Barbara,83,443738,5541,4353,67,4420,28
2020-07-12,Santa Clara,85,1922200,8270,6252,9,6261,164
2020-07-12,Santa Cruz,87,273765,766,573,6,579,3
2020-07-12,Shasta,89,179085,307,173,1,174,6
2020-07-12,Sierra,91,2930,1,1,0,1,0
2020-07-12,Siskiyou,93,43540,58,36,0,36,0
2020-07-12,Solano,95,438530,2941,2037,10,2047,23
2020-07-12,Sonoma,97,501317,2301,1743,5,1748,13
2020-07-12,Stanislaus,99,539301,7269,5177,8,5185,53
2020-07-12,Sutter,101,95872,466,362,0,362,2
2020-07-12,Tehama,103,63373,148,111,4,115,1
2020-07-12,Trinity,105,12862,6,2,2,4,0
2020-07-12,Tulare,107,460477,7599,5864,17,5881,146
2020-07-12,Tuolumne,109,53932,89,52,23,75,0
2020-07-12,Ventura,111,848112,6183,4724,13,4737,50
2020-07-12,Yolo,113,214977,1238,889,3,892,27
2020-07-12,Yuba,115,75493,234,188,0,188,1
2020-07-11,Alameda,1,1643700,9640,7845,9,7854,148
2020-07-11,Alpine,3,1148,3,1,0,1,0
2020-07-11,Amador,5,37829,51,37,0,37,0
2020-07-11,Butte,7,227075,594,325,6,331,4
2020-07-11,Calaveras,9,45235,83,62,0,62,0
2020-07-11,Colusa,11,21464,203,110,0,110,0
2020-07-11,Contra Costa,13,1133247,6344,4650,8,4658,87
2020-07-11,Del Norte,15,27424,63,59,0,59,0
2020-07-11,El Dorado,17,186661,489,283,0,283,0
2020-07-11,Fresno,19,978130,14448,8086,87,8173,95
2020-07-11,Glenn,21,27897,241,161,0,161,0
2020-07-11,Humboldt,23,135768,200,174,0,174,4
2020-07-11,Imperial,25,180216,9190,6884,6,6890,109
2020-07-11,Inyo,27,18085,39,35,0,35,1
2020-07-11,Kern,29,883053,15817,6509,47,6556,103
2020-07-11,Kings,31,150075,3388,2753,22,2775,33
2020-07-11,Lake,33,64148,154,110,0,110,1
2020-07-11,Lassen,35,31185,487,237,1,238,0
2020-07-11,Los Angeles,37,10098052,152722,130479,183,130662,3802
2020-07-11,Madera,39,155013,1631,988,1,989,4
2020-07-11,Marin,41,260295,4262,3191,4,3195,21
2020-07-11,Mariposa,43,17540,39,31,0,31,1
2020-07-11,Mendocino,45,87422,156,88,0,88,0
2020-07-11,Merced,47,269075,3147,1851,2,1853,12
2020-07-11,Modoc,49,8938,1,0,0,0,0
2020-07-11,Mono,51,14174,68,45,0,45,1
2020-07-11,Monterey,53,433212,3346,2376,4,2380,18
2020-07-11,Napa,55,140530,694,509,0,509,4
2020-07-11,Nevada,57,99092,224,163,4,167,1
2020-07-11,Orange,59,3164182,32941,24430,353,24783,422
2020-07-11,Placer,61,380077,1448,1029,3,1032,11
2020-07-11,Plumas,63,18699,21,12,0,12,0
2020-07-11,Riverside,65,2383286,32868,25994,11,26005,538
2020-07-11,Sacramento,67,1510023,7532,5367,6,5373,84
2020-07-11,San Benito,69,59416,439,314,0,314,2
2020-07-11,San Bernardino,71,2135413,27946,18907,15,18922,310
2020-07-11,San Diego,73,3302833,24259,19371,0,19371,422
2020-07-11,San Francisco,75,870044,5193,4430,7,4437,50
2020-07-11,San Joaquin,77,732212,9021,6518,5,6523,72
2020-07-11,San Luis Obispo,79,281455,1345,930,3,933,4
2020-07-11,San Mateo,81,765935,4706,3956,5,3961,108
2020-07-11,Santa Barbara,83,443738,5472,4283,66,4349,28
2020-07-11,Santa Clara,85,1922200,8111,5959,9,5968,164
2020-07-11,Santa Cruz,87,273765,735,571,6,577,3
2020-07-11,Shasta,89,179085,300,168,1,169,6
2020-07-11,Sierra,91,2930,1,1,0,1,0
2020-07-11,Siskiyou,93,43540,58,36,0,36,0
2020-07-11,Solano,95,438530,2900,2034,10,2044,23
2020-07-11,Sonoma,97,501317,2264,1690,5,1695,13
2020-07-11,Stanislaus,99,539301,7129,4911,8,4919,51
2020-07-11,Sutter,101,95872,450,352,0,352,2
2020-07-11,Tehama,103,63373,146,111,4,115,1
2020-07-11,Trinity,105,12862,6,2,2,4,0
2020-07-11,Tulare,107,460477,7493,5780,17,5797,149
2020-07-11,Tuolumne,109,53932,87,50,23,73,0
2020-07-11,Ventura,111,848112,6087,4545,12,4557,49
2020-07-11,Yolo,113,214977,1209,833,3,836,27
2020-07-11,Yuba,115,75493,224,175,0,175,1
2020-07-10,Alameda,1,1643700,9483,7551,9,7560,147
2020-07-10,Alpine,3,1148,3,1,0,1,0
2020-07-10,Amador,5,37829,47,37,0,37,0
2020-07-10,Butte,7,227075,583,318,5,323,4
2020-07-10,Calaveras,9,45235,83,61,0,61,0
2020-07-10,Colusa,11,21464,197,103,0,103,0
2020-07-10,Contra Costa,13,1133247,6201,4482,8,4490,86
2020-07-10,Del Norte,15,27424,63,57,0,57,0
2020-07-10,El Dorado,17,186661,471,266,0,266,0
2020-07-10,Fresno,19,978130,14116,7760,84,7844,93
2020-07-10,Glenn,21,27897,236,157,0,157,0
2020-07-10,Humboldt,23,135768,199,168,0,168,4
2020-07-10,Imperial,25,180216,9145,6878,6,6884,98
2020-07-10,Inyo,27,18085,39,35,0,35,1
2020-07-10,Kern,29,883053,15384,6344,46,6390,102
2020-07-10,Kings,31,150075,3353,2707,22,2729,33
2020-07-10,Lake,33,64148,147,104,0,104,1
2020-07-10,Lassen,35,31185,486,235,1,236,0
2020-07-10,Los Angeles,37,10098052,150304,127503,177,127680,3750
2020-07-10,Madera,39,155013,1585,914,1,915,4
2020-07-10,Marin,41,260295,4200,3101,4,3105,21
2020-07-10,Mariposa,43,17540,38,31,0,31,1
2020-07-10,Mendocino,45,87422,148,88,0,88,0
2020-07-10,Merced,47,269075,3068,1802,2,1804,12
2020-07-10,Modoc,49,8938,1,0,0,0,0
2020-07-10,Mono,51,14174,67,45,0,45,1
2020-07-10,Monterey,53,433212,3267,2285,4,2289,18
2020-07-10,Napa,55,140530,683,496,0,496,4
2020-07-10,Nevada,57,99092,219,161,4,165,1
2020-07-10,Orange,59,3164182,32355,23692,349,24041,416
2020-07-10,Placer,61,380077,1405,1002,3,1005,11
2020-07-10,Plumas,63,18699,19,12,0,12,0
2020-07-10,Riverside,65,2383286,32350,25481,11,25492,533
2020-07-10,Sacramento,67,1510023,7275,5181,6,5187,81
2020-07-10,San Benito,69,59416,430,302,0,302,2
2020-07-10,San Bernardino,71,2135413,27420,18242,15,18257,308
2020-07-10,San Diego,73,3302833,23879,18862,0,18862,420
2020-07-10,San Francisco,75,870044,5102,4305,7,4312,50
2020-07-10,San Joaquin,77,732212,8788,6225,5,6230,67
2020-07-10,San Luis Obispo,79,281455,1307,891,3,894,4
2020-07-10,San Mateo,81,765935,4641,3844,5,3849,107
2020-07-10,Santa Barbara,83,443738,5375,4177,65,4242,28
2020-07-10,Santa Clara,85,1922200,7887,5819,9,5828,164
2020-07-10,Santa Cruz,87,273765,708,540,6,546,3
2020-07-10,Shasta,89,179085,296,158,1,159,6
2020-07-10,Sierra,91,2930,1,1,0,1,0
2020-07-10,Siskiyou,93,43540,58,31,0,31,0
2020-07-10,Solano,95,438530,2853,1950,10,1960,23
2020-07-10,Sonoma,97,501317,2217,1606,4,1610,13
2020-07-10,Stanislaus,99,539301,6960,4781,8,4789,46
2020-07-10,Sutter,101,95872,443,338,0,338,2
2020-07-10,Tehama,103,63373,145,107,4,111,1
2020-07-10,Trinity,105,12862,6,2,2,4,0
2020-07-10,Tulare,107,460477,7356,5677,17,5694,150
2020-07-10,Tuolumne,109,53932,86,49,23,72,0
2020-07-10,Ventura,111,848112,5975,4416,12,4428,48
2020-07-10,Yolo,113,214977,1185,794,3,797,27
2020-07-10,Yuba,115,75493,210,164,0,164,1
2020-07-09,Alameda,1,1643700,9247,7433,9,7442,146
2020-07-09,Alpine,3,1148,3,1,0,1,0
2020-07-09,Amador,5,37829,44,36,0,36,0
2020-07-09,Butte,7,227075,552,295,5,300,4
2020-07-09,Calaveras,9,45235,82,59,0,59,0
2020-07-09,Colusa,11,21464,189,97,0,97,0
2020-07-09,Contra Costa,13,1133247,5958,4388,8,4396,86
2020-07-09,Del Norte,15,27424,63,57,0,57,0
2020-07-09,El Dorado,17,186661,447,255,0,255,0
2020-07-09,Fresno,19,978130,13660,7385,82,7467,90
2020-07-09,Glenn,21,27897,226,150,0,150,0
2020-07-09,Humboldt,23,135768,196,166,0,166,4
2020-07-09,Imperial,25,180216,9049,6778,6,6784,87
2020-07-09,Inyo,27,18085,37,35,0,35,1
2020-07-09,Kern,29,883053,14738,6100,44,6144,95
2020-07-09,Kings,31,150075,3290,2686,21,2707,33
2020-07-09,Lake,33,64148,144,99,0,99,1
2020-07-09,Lassen,35,31185,430,221,1,222,0
2020-07-09,Los Angeles,37,10098052,147037,125062,150,125212,3698
2020-07-09,Madera,39,155013,1508,850,1,851,4
2020-07-09,Marin,41,260295,4048,2975,4,2979,20
2020-07-09,Mariposa,43,17540,38,32,0,32,1
2020-07-09,Mendocino,45,87422,144,88,0,88,0
2020-07-09,Merced,47,269075,2935,1728,2,1730,11
2020-07-09,Modoc,49,8938,1,0,0,0,0
2020-07-09,Mono,51,14174,63,45,0,45,1
2020-07-09,Monterey,53,433212,3142,2223,4,2227,17
2020-07-09,Napa,55,140530,666,468,0,468,4
2020-07-09,Nevada,57,99092,213,156,4,160,1
2020-07-09,Orange,59,3164182,31386,22960,331,23291,407
2020-07-09,Placer,61,380077,1360,982,3,985,11
2020-07-09,Plumas,63,18699,19,12,0,12,0
2020-07-09,Riverside,65,2383286,31456,24980,11,24991,529
2020-07-09,Sacramento,67,1510023,6950,4950,6,4956,81
2020-07-09,San Benito,69,59416,414,295,0,295,2
2020-07-09,San Bernardino,71,2135413,26548,17339,14,17353,307
2020-07-09,San Diego,73,3302833,23287,18404,0,18404,415
2020-07-09,San Francisco,75,870044,4969,4143,7,4150,50
2020-07-09,San Joaquin,77,732212,8429,6004,5,6009,66
2020-07-09,San Luis Obispo,79,281455,1268,869,3,872,3
2020-07-09,San Mateo,81,765935,4514,3792,5,3797,106
2020-07-09,Santa Barbara,83,443738,5242,4068,65,4133,28
2020-07-09,Santa Clara,85,1922200,7630,5638,9,5647,164
2020-07-09,Santa Cruz,87,273765,681,526,6,532,3
2020-07-09,Shasta,89,179085,290,155,1,156,5
2020-07-09,Sierra,91,2930,1,1,0,1,0
2020-07-09,Siskiyou,93,43540,54,31,0,31,0
2020-07-09,Solano,95,438530,2755,1892,10,1902,23
2020-07-09,Sonoma,97,501317,2131,1584,4,1588,13
2020-07-09,Stanislaus,99,539301,6646,4633,7,4640,46
2020-07-09,Sutter,101,95872,426,321,0,321,2
2020-07-09,Tehama,103,63373,140,102,4,106,1
2020-07-09,Trinity,105,12862,6,2,2,4,0
2020-07-09,Tulare,107,460477,7139,5501,15,5516,146
2020-07-09,Tuolumne,109,53932,85,47,23,70,0
2020-07-09,Ventura,111,848112,5807,4278,12,4290,47
2020-07-09,Yolo,113,214977,1139,764,3,767,27
2020-07-09,Yuba,115,75493,193,152,0,152,1
2020-07-08,Alameda,1,1643700,8954,7335,9,7344,142
2020-07-08,Alpine,3,1148,3,1,0,1,0
2020-07-08,Amador,5,37829,41,35,0,35,0
2020-07-08,Butte,7,227075,515,281,5,286,3
2020-07-08,Calaveras,9,45235,76,58,0,58,0
2020-07-08,Colusa,11,21464,176,90,0,90,0
2020-07-08,Contra Costa,13,1133247,5712,4268,6,4274,84
2020-07-08,Del Norte,15,27424,61,57,0,57,0
2020-07-08,El Dorado,17,186661,426,248,0,248,0
2020-07-08,Fresno,19,978130,13245,7102,76,7178,86
2020-07-08,Glenn,21,27897,215,146,0,146,0
2020-07-08,Humboldt,23,135768,193,162,0,162,4
2020-07-08,Imperial,25,180216,8961,6727,6,6733,76
2020-07-08,Inyo,27,18085,37,35,0,35,1
2020-07-08,Kern,29,883053,14160,5873,43,5916,91
2020-07-08,Kings,31,150075,3230,2629,19,2648,33
2020-07-08,Lake,33,64148,137,97,0,97,1
2020-07-08,Lassen,35,31185,334,221,1,222,0
2020-07-08,Los Angeles,37,10098052,143819,123462,121,123583,3650
2020-07-08,Madera,39,155013,1438,828,1,829,4
2020-07-08,Marin,41,260295,3949,2756,4,2760,17
2020-07-08,Mariposa,43,17540,38,31,0,31,1
2020-07-08,Mendocino,45,87422,131,84,0,84,0
2020-07-08,Merced,47,269075,2816,1578,2,1580,11
2020-07-08,Modoc,49,8938,1,0,0,0,0
2020-07-08,Mono,51,14174,60,45,0,45,1
2020-07-08,Monterey,53,433212,3024,2182,3,2185,17
2020-07-08,Napa,55,140530,643,468,0,468,4
2020-07-08,Nevada,57,99092,204,156,4,160,1
2020-07-08,Orange,59,3164182,30435,22088,325,22413,378
2020-07-08,Placer,61,380077,1310,948,3,951,11
2020-07-08,Plumas,63,18699,19,12,0,12,0
2020-07-08,Riverside,65,2383286,30492,24042,10,24052,508
2020-07-08,Sacramento,67,1510023,6661,4799,6,4805,80
2020-07-08,San Benito,69,59416,398,282,0,282,2
2020-07-08,San Bernardino,71,2135413,25698,16510,13,16523,296
2020-07-08,San Diego,73,3302833,22720,17844,0,17844,406
2020-07-08,San Francisco,75,870044,4880,4093,7,4100,50
2020-07-08,San Joaquin,77,732212,8086,5759,5,5764,61
2020-07-08,San Luis Obispo,79,281455,1217,825,3,828,2
2020-07-08,San Mateo,81,765935,4393,3733,5,3738,106
2020-07-08,Santa Barbara,83,443738,5123,3985,59,4044,28
2020-07-08,Santa Clara,85,1922200,7397,5510,9,5519,164
2020-07-08,Santa Cruz,87,273765,648,509,5,514,3
2020-07-08,Shasta,89,179085,281,148,1,149,6
2020-07-08,Sierra,91,2930,1,1,0,1,0
2020-07-08,Siskiyou,93,43540,54,31,0,31,0
2020-07-08,Solano,95,438530,2639,1821,10,1831,23
2020-07-08,Sonoma,97,501317,2057,1495,4,1499,9
2020-07-08,Stanislaus,99,539301,6347,4344,6,4350,46
2020-07-08,Sutter,101,95872,401,298,0,298,2
2020-07-08,Tehama,103,63373,134,100,4,104,1
2020-07-08,Trinity,105,12862,5,2,2,4,0
2020-07-08,Tulare,107,460477,6947,5307,10,5317,138
2020-07-08,Tuolumne,109,53932,81,42,18,60,0
2020-07-08,Ventura,111,848112,5642,4139,12,4151,47
2020-07-08,Yolo,113,214977,1096,727,3,730,26
2020-07-08,Yuba,115,75493,180,145,0,145,1
2020-07-07,Alameda,1,1643700,8635,7097,9,7106,141
2020-07-07,Alpine,3,1148,3,1,0,1,0
2020-07-07,Amador,5,37829,41,33,0,33,0
2020-07-07,Butte,7,227075,471,269,5,274,3
2020-07-07,Calaveras,9,45235,74,58,0,58,0
2020-07-07,Colusa,11,21464,143,84,0,84,0
2020-07-07,Contra Costa,13,1133247,5474,4131,5,4136,84
2020-07-07,Del Norte,15,27424,61,57,0,57,0
2020-07-07,El Dorado,17,186661,406,244,0,244,0
2020-07-07,Fresno,19,978130,12793,6738,76,6814,84
2020-07-07,Glenn,21,27897,206,145,0,145,0
2020-07-07,Humboldt,23,135768,190,150,0,150,4
2020-07-07,Imperial,25,180216,8862,6678,6,6684,51
2020-07-07,Inyo,27,18085,36,32,0,32,1
2020-07-07,Kern,29,883053,13461,5645,39,5684,88
2020-07-07,Kings,31,150075,3169,2623,15,2638,33
2020-07-07,Lake,33,64148,127,94,0,94,1
2020-07-07,Lassen,35,31185,263,219,1,220,0
2020-07-07,Los Angeles,37,10098052,140251,121026,113,121139,3588
2020-07-07,Madera,39,155013,1394,794,1,795,4
2020-07-07,Marin,41,260295,3860,2627,4,2631,17
2020-07-07,Mariposa,43,17540,38,31,0,31,1
2020-07-07,Mendocino,45,87422,123,82,0,82,0
2020-07-07,Merced,47,269075,2642,1531,2,1533,10
2020-07-07,Modoc,49,8938,1,0,0,0,0
2020-07-07,Mono,51,14174,59,42,0,42,1
2020-07-07,Monterey,53,433212,2881,2166,3,2169,17
2020-07-07,Napa,55,140530,624,459,0,459,4
2020-07-07,Nevada,57,99092,198,150,4,154,1
2020-07-07,Orange,59,3164182,29424,21741,310,22051,373
2020-07-07,Placer,61,380077,1267,930,3,933,11
2020-07-07,Plumas,63,18699,17,12,0,12,0
2020-07-07,Riverside,65,2383286,29477,23279,10,23289,499
2020-07-07,Sacramento,67,1510023,6319,4592,6,4598,76
2020-07-07,San Benito,69,59416,380,274,0,274,2
2020-07-07,San Bernardino,71,2135413,24830,16004,12,16016,277
2020-07-07,San Diego,73,3302833,22006,17580,0,17580,399
2020-07-07,San Francisco,75,870044,4788,4045,6,4051,50
2020-07-07,San Joaquin,77,732212,7745,5547,5,5552,59
2020-07-07,San Luis Obispo,79,281455,1156,795,3,798,2
2020-07-07,San Mateo,81,765935,4278,3691,5,3696,106
2020-07-07,Santa Barbara,83,443738,4995,3866,57,3923,27
2020-07-07,Santa Clara,85,1922200,7127,5438,9,5447,164
2020-07-07,Santa Cruz,87,273765,614,502,4,506,2
2020-07-07,Shasta,89,179085,268,144,1,145,6
2020-07-07,Sierra,91,2930,1,1,0,1,0
2020-07-07,Siskiyou,93,43540,53,30,0,30,0
2020-07-07,Solano,95,438530,2528,1776,9,1785,22
2020-07-07,Sonoma,97,501317,1986,1473,4,1477,8
2020-07-07,Stanislaus,99,539301,6010,4101,6,4107,46
2020-07-07,Sutter,101,95872,375,273,0,273,2
2020-07-07,Tehama,103,63373,125,95,4,99,1
2020-07-07,Trinity,105,12862,5,2,2,4,0
2020-07-07,Tulare,107,460477,6769,5189,8,5197,137
2020-07-07,Tuolumne,109,53932,75,40,18,58,0
2020-07-07,Ventura,111,848112,5473,3992,10,4002,46
2020-07-07,Yolo,113,214977,1027,706,3,709,26
2020-07-07,Yuba,115,75493,160,138,0,138,1
2020-07-06,Alameda,1,1643700,8397,6970,9,6979,141
2020-07-06,Alpine,3,1148,2,1,0,1,0
2020-07-06,Amador,5,37829,39,33,0,33,0
2020-07-06,Butte,7,227075,416,257,5,262,2
2020-07-06,Calaveras,9,45235,71,45,0,45,0
2020-07-06,Colusa,11,21464,134,80,0,80,0
2020-07-06,Contra Costa,13,1133247,5244,3901,4,3905,83
2020-07-06,Del Norte,15,27424,60,57,0,57,0
2020-07-06,El Dorado,17,186661,391,232,0,232,0
2020-07-06,Fresno,19,978130,12327,6364,69,6433,82
2020-07-06,Glenn,21,27897,198,129,0,129,0
2020-07-06,Humboldt,23,135768,188,148,0,148,3
2020-07-06,Imperial,25,180216,8741,6443,6,6449,47
2020-07-06,Inyo,27,18085,36,32,0,32,1
2020-07-06,Kern,29,883053,12655,5491,37,5528,82
2020-07-06,Kings,31,150075,3120,2583,9,2592,33
2020-07-06,Lake,33,64148,121,93,0,93,1
2020-07-06,Lassen,35,31185,261,219,1,220,0
2020-07-06,Los Angeles,37,10098052,136633,116707,99,116806,3541
2020-07-06,Madera,39,155013,1324,734,1,735,4
2020-07-06,Marin,41,260295,3621,2136,4,2140,17
2020-07-06,Mariposa,43,17540,36,31,0,31,1
2020-07-06,Mendocino,45,87422,106,72,0,72,0
2020-07-06,Merced,47,269075,2491,1396,2,1398,10
2020-07-06,Modoc,49,8938,1,0,0,0,0
2020-07-06,Mono,51,14174,58,40,0,40,1
2020-07-06,Monterey,53,433212,2793,2078,3,2081,15
2020-07-06,Napa,55,140530,606,454,0,454,4
2020-07-06,Nevada,57,99092,192,146,4,150,1
2020-07-06,Orange,59,3164182,28364,20167,272,20439,372
2020-07-06,Placer,61,380077,1207,904,3,907,11
2020-07-06,Plumas,63,18699,17,11,0,11,0
2020-07-06,Riverside,65,2383286,28426,22485,10,22495,477
2020-07-06,Sacramento,67,1510023,5967,4420,6,4426,71
2020-07-06,San Benito,69,59416,365,264,0,264,2
2020-07-06,San Bernardino,71,2135413,23975,15346,12,15358,272
2020-07-06,San Diego,73,3302833,21293,17002,0,17002,387
2020-07-06,San Francisco,75,870044,4667,3861,4,3865,50
2020-07-06,San Joaquin,77,732212,7375,5104,5,5109,57
2020-07-06,San Luis Obispo,79,281455,1098,751,3,754,2
2020-07-06,San Mateo,81,765935,4186,3650,5,3655,106
2020-07-06,Santa Barbara,83,443738,4858,3763,56,3819,27
2020-07-06,Santa Clara,85,1922200,6857,5369,9,5378,165
2020-07-06,Santa Cruz,87,273765,592,466,3,469,2
2020-07-06,Shasta,89,179085,258,143,1,144,6
2020-07-06,Sierra,91,2930,1,1,0,1,0
2020-07-06,Siskiyou,93,43540,49,30,0,30,0
2020-07-06,Solano,95,438530,2395,1668,9,1677,22
2020-07-06,Sonoma,97,501317,1922,1369,4,1373,8
2020-07-06,Stanislaus,99,539301,5610,3983,6,3989,46
2020-07-06,Sutter,101,95872,348,250,0,250,2
2020-07-06,Tehama,103,63373,122,95,4,99,1
2020-07-06,Trinity,105,12862,4,2,2,4,0
2020-07-06,Tulare,107,460477,6565,5039,6,5045,136
2020-07-06,Tuolumne,109,53932,72,30,17,47,0
2020-07-06,Ventura,111,848112,5279,3912,10,3922,44
2020-07-06,Yolo,113,214977,971,685,3,688,26
2020-07-06,Yuba,115,75493,146,124,0,124,1
2020-07-05,Alameda,1,1643700,8145,6861,9,6870,141
2020-07-05,Alpine,3,1148,2,1,0,1,0
2020-07-05,Amador,5,37829,37,31,0,31,0
2020-07-05,Butte,7,227075,381,248,5,253,2
2020-07-05,Calaveras,9,45235,69,45,0,45,0
2020-07-05,Colusa,11,21464,124,79,0,79,0
2020-07-05,Contra Costa,13,1133247,5004,3665,3,3668,80
2020-07-05,Del Norte,15,27424,60,57,0,57,0
2020-07-05,El Dorado,17,186661,373,227,0,227,0
2020-07-05,Fresno,19,978130,11762,6186,67,6253,82
2020-07-05,Glenn,21,27897,195,129,0,129,0
2020-07-05,Humboldt,23,135768,184,147,0,147,3
2020-07-05,Imperial,25,180216,8607,6441,6,6447,47
2020-07-05,Inyo,27,18085,35,32,0,32,1
2020-07-05,Kern,29,883053,11944,5351,37,5388,82
2020-07-05,Kings,31,150075,3037,2546,8,2554,31
2020-07-05,Lake,33,64148,121,92,0,92,1
2020-07-05,Lassen,35,31185,255,219,1,220,0
2020-07-05,Los Angeles,37,10098052,133411,115133,93,115226,3495
2020-07-05,Madera,39,155013,1245,564,1,565,4
2020-07-05,Marin,41,260295,3437,2080,4,2084,17
2020-07-05,Mariposa,43,17540,36,31,0,31,1
2020-07-05,Mendocino,45,87422,103,72,0,72,0
2020-07-05,Merced,47,269075,2347,1340,2,1342,10
2020-07-05,Modoc,49,8938,1,0,0,0,0
2020-07-05,Mono,51,14174,54,39,0,39,1
2020-07-05,Monterey,53,433212,2690,1994,3,1997,15
2020-07-05,Napa,55,140530,576,450,0,450,4
2020-07-05,Nevada,57,99092,186,141,4,145,1
2020-07-05,Orange,59,3164182,27422,19430,257,19687,372
2020-07-05,Placer,61,380077,1154,855,3,858,11
2020-07-05,Plumas,63,18699,16,11,0,11,0
2020-07-05,Riverside,65,2383286,27567,21511,10,21521,474
2020-07-05,Sacramento,67,1510023,5650,4265,2,4267,71
2020-07-05,San Benito,69,59416,346,258,0,258,2
2020-07-05,San Bernardino,71,2135413,23097,15026,12,15038,270
2020-07-05,San Diego,73,3302833,20605,16728,0,16728,387
2020-07-05,San Francisco,75,870044,4549,3861,4,3865,50
2020-07-05,San Joaquin,77,732212,7056,5015,5,5020,57
2020-07-05,San Luis Obispo,79,281455,1018,730,3,733,2
2020-07-05,San Mateo,81,765935,4075,3575,5,3580,106
2020-07-05,Santa Barbara,83,443738,4711,3671,53,3724,27
2020-07-05,Santa Clara,85,1922200,6568,5237,9,5246,162
2020-07-05,Santa Cruz,87,273765,574,467,1,468,2
2020-07-05,Shasta,89,179085,252,138,1,139,6
2020-07-05,Sierra,91,2930,1,1,0,1,0
2020-07-05,Siskiyou,93,43540,45,30,0,30,0
2020-07-05,Solano,95,438530,2275,1547,9,1556,22
2020-07-05,Sonoma,97,501317,1841,1369,4,1373,8
2020-07-05,Stanislaus,99,539301,5280,3777,6,3783,45
2020-07-05,Sutter,101,95872,320,241,0,241,2
2020-07-05,Tehama,103,63373,120,95,4,99,1
2020-07-05,Trinity,105,12862,4,2,2,4,0
2020-07-05,Tulare,107,460477,6306,4981,4,4985,135
2020-07-05,Tuolumne,109,53932,67,30,16,46,0
2020-07-05,Ventura,111,848112,5076,3866,10,3876,44
2020-07-05,Yolo,113,214977,931,644,3,647,26
2020-07-05,Yuba,115,75493,136,115,0,115,1
2020-07-04,Alameda,1,1643700,8033,6737,9,6746,141
2020-07-04,Alpine,3,1148,2,1,0,1,0
2020-07-04,Amador,5,37829,36,31,0,31,0
2020-07-04,Butte,7,227075,363,224,5,229,2
2020-07-04,Calaveras,9,45235,69,45,0,45,0
2020-07-04,Colusa,11,21464,123,76,0,76,0
2020-07-04,Contra Costa,13,1133247,4857,3583,3,3586,80
2020-07-04,Del Norte,15,27424,60,50,0,50,0
2020-07-04,El Dorado,17,186661,353,211,0,211,0
2020-07-04,Fresno,19,978130,11446,5999,65,6064,82
2020-07-04,Glenn,21,27897,188,128,0,128,0
2020-07-04,Humboldt,23,135768,177,144,0,144,3
2020-07-04,Imperial,25,180216,8559,6441,6,6447,47
2020-07-04,Inyo,27,18085,35,32,0,32,1
2020-07-04,Kern,29,883053,11639,5231,37,5268,81
2020-07-04,Kings,31,150075,2994,2509,8,2517,31
2020-07-04,Lake,33,64148,113,86,0,86,1
2020-07-04,Lassen,35,31185,255,219,1,220,0
2020-07-04,Los Angeles,37,10098052,131595,107256,82,107338,3462
2020-07-04,Madera,39,155013,1199,568,1,569,4
2020-07-04,Marin,41,260295,3408,1962,4,1966,17
2020-07-04,Mariposa,43,17540,36,28,0,28,1
2020-07-04,Mendocino,45,87422,103,72,0,72,0
2020-07-04,Merced,47,269075,2244,1252,2,1254,10
2020-07-04,Modoc,49,8938,1,0,0,0,0
2020-07-04,Mono,51,14174,54,37,0,37,1
2020-07-04,Monterey,53,433212,2610,1878,3,1881,15
2020-07-04,Napa,55,140530,567,426,0,426,4
2020-07-04,Nevada,57,99092,183,125,4,129,1
2020-07-04,Orange,59,3164182,26990,19247,242,19489,372
2020-07-04,Placer,61,380077,1116,796,3,799,11
2020-07-04,Plumas,63,18699,16,11,0,11,0
2020-07-04,Riverside,65,2383286,27199,21508,10,21518,474
2020-07-04,Sacramento,67,1510023,5483,4039,2,4041,71
2020-07-04,San Benito,69,59416,333,255,0,255,2
2020-07-04,San Bernardino,71,2135413,22670,14636,12,14648,270
2020-07-04,San Diego,73,3302833,20145,16166,0,16166,387
2020-07-04,San Francisco,75,870044,4458,3861,4,3865,50
2020-07-04,San Joaquin,77,732212,6843,4807,5,4812,57
2020-07-04,San Luis Obispo,79,281455,978,699,3,702,2
2020-07-04,San Mateo,81,765935,4012,3532,5,3537,106
2020-07-04,Santa Barbara,83,443738,4636,3520,51,3571,27
2020-07-04,Santa Clara,85,1922200,6377,5045,9,5054,161
2020-07-04,Santa Cruz,87,273765,564,466,1,467,2
2020-07-04,Shasta,89,179085,249,135,1,136,6
2020-07-04,Sierra,91,2930,1,1,0,1,0
2020-07-04,Siskiyou,93,43540,38,30,0,30,0
2020-07-04,Solano,95,438530,2239,1548,9,1557,22
2020-07-04,Sonoma,97,501317,1815,1370,4,1374,8
2020-07-04,Stanislaus,99,539301,5123,3572,6,3578,44
2020-07-04,Sutter,101,95872,301,225,0,225,2
2020-07-04,Tehama,103,63373,117,92,4,96,1
2020-07-04,Trinity,105,12862,4,2,2,4,0
2020-07-04,Tulare,107,460477,6194,4802,3,4805,135
2020-07-04,Tuolumne,109,53932,63,30,16,46,0
2020-07-04,Ventura,111,848112,4952,3687,10,3697,44
2020-07-04,Yolo,113,214977,906,615,3,618,26
2020-07-04,Yuba,115,75493,129,102,0,102,1
2020-07-03,Alameda,1,1643700,7912,6486,9,6495,141
2020-07-03,Alpine,3,1148,2,1,0,1,0
2020-07-03,Amador,5,37829,36,25,0,25,0
2020-07-03,Butte,7,227075,351,212,5,217,2
2020-07-03,Calaveras,9,45235,69,44,0,44,0
2020-07-03,Colusa,11,21464,117,70,0,70,0
2020-07-03,Contra Costa,13,1133247,4723,3447,3,3450,78
2020-07-03,Del Norte,15,27424,60,50,0,50,0
2020-07-03,El Dorado,17,186661,341,201,0,201,0
2020-07-03,Fresno,19,978130,11142,5783,63,5846,81
2020-07-03,Glenn,21,27897,183,122,0,122,0
2020-07-03,Humboldt,23,135768,173,143,0,143,3
2020-07-03,Imperial,25,180216,8511,6345,6,6351,47
2020-07-03,Inyo,27,18085,35,32,0,32,1
2020-07-03,Kern,29,883053,11378,5213,37,5250,81
2020-07-03,Kings,31,150075,2958,2492,8,2500,31
2020-07-03,Lake,33,64148,106,83,0,83,0
2020-07-03,Lassen,35,31185,255,219,1,220,0
2020-07-03,Los Angeles,37,10098052,130078,107236,78,107314,3461
2020-07-03,Madera,39,155013,1154,565,1,566,4
2020-07-03,Marin,41,260295,3379,1776,4,1780,17
2020-07-03,Mariposa,43,17540,36,28,0,28,1
2020-07-03,Mendocino,45,87422,102,72,0,72,0
2020-07-03,Merced,47,269075,2178,1188,2,1190,10
2020-07-03,Modoc,49,8938,1,0,0,0,0
2020-07-03,Mono,51,14174,54,37,0,37,1
2020-07-03,Monterey,53,433212,2539,1804,3,1807,15
2020-07-03,Napa,55,140530,549,388,0,388,4
2020-07-03,Nevada,57,99092,182,125,4,129,1
2020-07-03,Orange,59,3164182,26599,18819,233,19052,366
2020-07-03,Placer,61,380077,1085,745,3,748,11
2020-07-03,Plumas,63,18699,16,11,0,11,0
2020-07-03,Riverside,65,2383286,26893,21171,10,21181,472
2020-07-03,Sacramento,67,1510023,5347,3711,2,3713,71
2020-07-03,San Benito,69,59416,326,243,0,243,2
2020-07-03,San Bernardino,71,2135413,22281,14040,12,14052,269
2020-07-03,San Diego,73,3302833,19689,15698,0,15698,387
2020-07-03,San Francisco,75,870044,4411,3781,4,3785,50
2020-07-03,San Joaquin,77,732212,6705,4416,4,4420,56
2020-07-03,San Luis Obispo,79,281455,943,676,3,679,2
2020-07-03,San Mateo,81,765935,3955,3439,5,3444,106
2020-07-03,Santa Barbara,83,443738,4549,3406,48,3454,27
2020-07-03,Santa Clara,85,1922200,6266,4820,9,4829,161
2020-07-03,Santa Cruz,87,273765,551,436,1,437,2
2020-07-03,Shasta,89,179085,241,113,1,114,6
2020-07-03,Sierra,91,2930,1,1,0,1,0
2020-07-03,Siskiyou,93,43540,35,30,0,30,0
2020-07-03,Solano,95,438530,2195,1496,8,1504,22
2020-07-03,Sonoma,97,501317,1767,1282,4,1286,8
2020-07-03,Stanislaus,99,539301,4998,3021,6,3027,43
2020-07-03,Sutter,101,95872,291,205,0,205,2
2020-07-03,Tehama,103,63373,115,89,4,93,1
2020-07-03,Trinity,105,12862,4,2,2,4,0
2020-07-03,Tulare,107,460477,6080,4656,3,4659,134
2020-07-03,Tuolumne,109,53932,61,27,16,43,0
2020-07-03,Ventura,111,848112,4856,3536,10,3546,44
2020-07-03,Yolo,113,214977,872,586,3,589,25
2020-07-03,Yuba,115,75493,124,96,0,96,1
2020-07-02,Alameda,1,1643700,7786,6386,9,6395,139
2020-07-02,Alpine,3,1148,2,1,0,1,0
2020-07-02,Amador,5,37829,35,23,0,23,0
2020-07-02,Butte,7,227075,334,199,5,204,2
2020-07-02,Calaveras,9,45235,65,42,0,42,0
2020-07-02,Colusa,11,21464,109,60,0,60,0
2020-07-02,Contra Costa,13,1133247,4541,3347,3,3350,77
2020-07-02,Del Norte,15,27424,59,50,0,50,0
2020-07-02,El Dorado,17,186661,330,193,0,193,0
2020-07-02,Fresno,19,978130,10685,5402,62,5464,78
2020-07-02,Glenn,21,27897,177,114,0,114,0
2020-07-02,Humboldt,23,135768,169,138,0,138,3
2020-07-02,Imperial,25,180216,8408,6236,6,6242,47
2020-07-02,Inyo,27,18085,35,29,0,29,1
2020-07-02,Kern,29,883053,10843,5036,35,5071,78
2020-07-02,Kings,31,150075,2908,2419,8,2427,31
2020-07-02,Lake,33,64148,103,81,0,81,0
2020-07-02,Lassen,35,31185,253,218,1,219,0
2020-07-02,Los Angeles,37,10098052,128059,107144,55,107199,3458
2020-07-02,Madera,39,155013,1086,548,1,549,4
2020-07-02,Marin,41,260295,3294,1706,4,1710,17
2020-07-02,Mariposa,43,17540,35,28,0,28,1
2020-07-02,Mendocino,45,87422,98,71,0,71,0
2020-07-02,Merced,47,269075,2081,1122,2,1124,10
2020-07-02,Modoc,49,8938,1,0,0,0,0
2020-07-02,Mono,51,14174,54,37,0,37,1
2020-07-02,Monterey,53,433212,2480,1796,3,1799,15
2020-07-02,Napa,55,140530,532,352,0,352,4
2020-07-02,Nevada,57,99092,176,118,4,122,1
2020-07-02,Orange,59,3164182,25837,17056,220,17276,360
2020-07-02,Placer,61,380077,1053,740,3,743,11
2020-07-02,Plumas,63,18699,15,8,0,8,0
2020-07-02,Riverside,65,2383286,26322,20253,10,20263,458
2020-07-02,Sacramento,67,1510023,5113,3587,2,3589,70
2020-07-02,San Benito,69,59416,318,236,0,236,2
2020-07-02,San Bernardino,71,2135413,21745,13185,12,13197,260
2020-07-02,San Diego,73,3302833,19227,15208,0,15208,377
2020-07-02,San Francisco,75,870044,4316,3676,4,3680,50
2020-07-02,San Joaquin,77,732212,6357,4243,4,4247,56
2020-07-02,San Luis Obispo,79,281455,898,659,3,662,2
2020-07-02,San Mateo,81,765935,3874,3390,5,3395,107
2020-07-02,Santa Barbara,83,443738,4449,3385,46,3431,27
2020-07-02,Santa Clara,85,1922200,6140,4722,9,4731,160
2020-07-02,Santa Cruz,87,273765,528,414,1,415,2
2020-07-02,Shasta,89,179085,238,110,1,111,5
2020-07-02,Sierra,91,2930,1,1,0,1,0
2020-07-02,Siskiyou,93,43540,35,30,0,30,0
2020-07-02,Solano,95,438530,2112,1429,8,1437,21
2020-07-02,Sonoma,97,501317,1710,1244,4,1248,6
2020-07-02,Stanislaus,99,539301,4829,2850,6,2856,41
2020-07-02,Sutter,101,95872,279,195,0,195,2
2020-07-02,Tehama,103,63373,113,86,4,90,1
2020-07-02,Trinity,105,12862,4,2,2,4,0
2020-07-02,Tulare,107,460477,5914,4559,2,4561,132
2020-07-02,Tuolumne,109,53932,58,23,14,37,0
2020-07-02,Ventura,111,848112,4700,3394,10,3404,42
2020-07-02,Yolo,113,214977,840,554,3,557,24
2020-07-02,Yuba,115,75493,114,93,0,93,1
2020-07-01,Alameda,1,1643700,7564,6125,9,6134,137
2020-07-01,Alpine,3,1148,2,1,0,1,0
2020-07-01,Amador,5,37829,34,22,0,22,0
2020-07-01,Butte,7,227075,309,185,5,190,2
2020-07-01,Calaveras,9,45235,63,37,0,37,0
2020-07-01,Colusa,11,21464,103,53,0,53,0
2020-07-01,Contra Costa,13,1133247,4329,3259,3,3262,76
2020-07-01,Del Norte,15,27424,59,50,0,50,0
2020-07-01,El Dorado,17,186661,303,183,0,183,0
2020-07-01,Fresno,19,978130,10252,5111,59,5170,76
2020-07-01,Glenn,21,27897,170,110,0,110,0
2020-07-01,Humboldt,23,135768,164,134,0,134,3
2020-07-01,Imperial,25,180216,8310,6150,6,6156,46
2020-07-01,Inyo,27,18085,34,30,0,30,1
2020-07-01,Kern,29,883053,10212,4853,32,4885,78
2020-07-01,Kings,31,150075,2840,2360,8,2368,30
2020-07-01,Lake,33,64148,102,75,0,75,0
2020-07-01,Lassen,35,31185,252,217,1,218,0
2020-07-01,Los Angeles,37,10098052,124858,105325,44,105369,3408
2020-07-01,Madera,39,155013,1045,519,1,520,4
2020-07-01,Marin,41,260295,3136,1636,4,1640,17
2020-07-01,Mariposa,43,17540,35,29,0,29,1
2020-07-01,Mendocino,45,87422,94,70,0,70,0
2020-07-01,Merced,47,269075,1981,1052,2,1054,10
2020-07-01,Modoc,49,8938,1,0,0,0,0
2020-07-01,Mono,51,14174,51,37,0,37,1
2020-07-01,Monterey,53,433212,2373,1703,3,1706,15
2020-07-01,Napa,55,140530,509,347,0,347,4
2020-07-01,Nevada,57,99092,166,115,4,119,1
2020-07-01,Orange,59,3164182,24954,15662,198,15860,343
2020-07-01,Placer,61,380077,1005,713,3,716,11
2020-07-01,Plumas,63,18699,13,8,0,8,0
2020-07-01,Riverside,65,2383286,25481,19537,10,19547,457
2020-07-01,Sacramento,67,1510023,4862,3425,2,3427,64
2020-07-01,San Benito,69,59416,309,219,0,219,2
2020-07-01,San Bernardino,71,2135413,20846,12712,11,12723,253
2020-07-01,San Diego,73,3302833,18669,14624,0,14624,372
2020-07-01,San Francisco,75,870044,4223,3626,4,3630,50
2020-07-01,San Joaquin,77,732212,5998,3990,4,3994,54
2020-07-01,San Luis Obispo,79,281455,872,613,3,616,1
2020-07-01,San Mateo,81,765935,3812,3326,5,3331,84
2020-07-01,Santa Barbara,83,443738,4329,3268,44,3312,27
2020-07-01,Santa Clara,85,1922200,5953,4547,8,4555,159
2020-07-01,Santa Cruz,87,273765,507,398,0,398,2
2020-07-01,Shasta,89,179085,233,104,1,105,5
2020-07-01,Sierra,91,2930,1,1,0,1,0
2020-07-01,Siskiyou,93,43540,35,28,0,28,0
2020-07-01,Solano,95,438530,2023,1350,8,1358,21
2020-07-01,Sonoma,97,501317,1614,1178,4,1182,6
2020-07-01,Stanislaus,99,539301,4550,2619,6,2625,41
2020-07-01,Sutter,101,95872,266,188,0,188,2
2020-07-01,Tehama,103,63373,106,80,4,84,1
2020-07-01,Trinity,105,12862,4,2,1,3,0
2020-07-01,Tulare,107,460477,5736,4359,2,4361,128
2020-07-01,Tuolumne,109,53932,55,17,1,18,0
2020-07-01,Ventura,111,848112,4557,3224,8,3232,41
2020-07-01,Yolo,113,214977,790,526,3,529,24
2020-07-01,Yuba,115,75493,109,57,0,57,1
2020-06-30,Alameda,1,1643700,7315,5959,7,5966,137
2020-06-30,Alpine,3,1148,2,1,0,1,0
2020-06-30,Amador,5,37829,34,21,0,21,0
2020-06-30,Butte,7,227075,292,163,5,168,2
2020-06-30,Calaveras,9,45235,58,31,0,31,0
2020-06-30,Colusa,11,21464,94,33,0,33,0
2020-06-30,Contra Costa,13,1133247,4123,3140,3,3143,75
2020-06-30,Del Norte,15,27424,59,48,0,48,0
2020-06-30,El Dorado,17,186661,290,175,0,175,0
2020-06-30,Fresno,19,978130,9805,4826,55,4881,75
2020-06-30,Glenn,21,27897,165,96,0,96,0
2020-06-30,Humboldt,23,135768,160,132,0,132,3
2020-06-30,Imperial,25,180216,8213,5968,6,5974,45
2020-06-30,Inyo,27,18085,34,30,0,30,1
2020-06-30,Kern,29,883053,9563,4721,28,4749,75
2020-06-30,Kings,31,150075,2791,2315,5,2320,30
2020-06-30,Lake,33,64148,94,56,0,56,0
2020-06-30,Lassen,35,31185,245,215,1,216,0
2020-06-30,Los Angeles,37,10098052,121269,103640,41,103681,3378
2020-06-30,Madera,39,155013,988,475,1,476,4
2020-06-30,Marin,41,260295,3066,1614,4,1618,17
2020-06-30,Mariposa,43,17540,34,27,0,27,1
2020-06-30,Mendocino,45,87422,89,65,0,65,0
2020-06-30,Merced,47,269075,1844,970,2,972,10
2020-06-30,Modoc,49,8938,1,0,0,0,0
2020-06-30,Mono,51,14174,49,36,0,36,1
2020-06-30,Monterey,53,433212,2275,1657,3,1660,15
2020-06-30,Napa,55,140530,484,342,0,342,4
2020-06-30,Nevada,57,99092,158,113,4,117,1
2020-06-30,Orange,59,3164182,24026,14354,188,14542,335
2020-06-30,Placer,61,380077,982,667,3,670,11
2020-06-30,Plumas,63,18699,12,8,0,8,0
2020-06-30,Riverside,65,2383286,24764,18656,10,18666,449
2020-06-30,Sacramento,67,1510023,4572,3246,2,3248,64
2020-06-30,San Benito,69,59416,298,200,0,200,2
2020-06-30,San Bernardino,71,2135413,19862,12375,11,12386,249
2020-06-30,San Diego,73,3302833,17966,14150,0,14150,365
2020-06-30,San Francisco,75,870044,4118,3555,4,3559,50
2020-06-30,San Joaquin,77,732212,5624,3744,4,3748,52
2020-06-30,San Luis Obispo,79,281455,836,583,3,586,1
2020-06-30,San Mateo,81,765935,3735,3268,5,3273,84
2020-06-30,Santa Barbara,83,443738,4212,3102,38,3140,25
2020-06-30,Santa Clara,85,1922200,5753,4346,8,4354,157
2020-06-30,Santa Cruz,87,273765,483,379,0,379,2
2020-06-30,Shasta,89,179085,217,100,1,101,5
2020-06-30,Sierra,91,2930,1,1,0,1,0
2020-06-30,Siskiyou,93,43540,34,26,0,26,0
2020-06-30,Solano,95,438530,1931,1256,8,1264,21
2020-06-30,Sonoma,97,501317,1549,1122,4,1126,6
2020-06-30,Stanislaus,99,539301,4254,2578,6,2584,41
2020-06-30,Sutter,101,95872,243,168,0,168,2
2020-06-30,Tehama,103,63373,104,75,4,79,1
2020-06-30,Trinity,105,12862,4,2,1,3,0
2020-06-30,Tulare,107,460477,5529,4207,2,4209,117
2020-06-30,Tuolumne,109,53932,51,16,1,17,0
2020-06-30,Ventura,111,848112,4423,3030,8,3038,40
2020-06-30,Yolo,113,214977,752,515,3,518,24
2020-06-30,Yuba,115,75493,105,55,0,55,1
2020-06-29,Alameda,1,1643700,7105,5766,7,5773,135
2020-06-29,Alpine,3,1148,2,1,0,1,0
2020-06-29,Amador,5,37829,31,20,0,20,0
2020-06-29,Butte,7,227075,271,157,5,162,2
2020-06-29,Calaveras,9,45235,56,30,0,30,0
2020-06-29,Colusa,11,21464,89,17,0,17,0
2020-06-29,Contra Costa,13,1133247,3960,2976,2,2978,75
2020-06-29,Del Norte,15,27424,59,47,0,47,0
2020-06-29,El Dorado,17,186661,276,163,0,163,0
2020-06-29,Fresno,19,978130,9458,4531,54,4585,74
2020-06-29,Glenn,21,27897,156,77,0,77,0
2020-06-29,Humboldt,23,135768,159,128,0,128,3
2020-06-29,Imperial,25,180216,8082,5512,6,5518,45
2020-06-29,Inyo,27,18085,33,29,0,29,1
2020-06-29,Kern,29,883053,8900,4613,26,4639,73
2020-06-29,Kings,31,150075,2727,2280,5,2285,20
2020-06-29,Lake,33,64148,87,53,0,53,0
2020-06-29,Lassen,35,31185,237,77,1,78,0
2020-06-29,Los Angeles,37,10098052,118221,100846,35,100881,3337
2020-06-29,Madera,39,155013,931,422,1,423,4
2020-06-29,Marin,41,260295,2990,1517,4,1521,17
2020-06-29,Mariposa,43,17540,32,25,0,25,1
2020-06-29,Mendocino,45,87422,86,63,0,63,0
2020-06-29,Merced,47,269075,1738,848,2,850,10
2020-06-29,Modoc,49,8938,1,0,0,0,0
2020-06-29,Mono,51,14174,47,35,0,35,1
2020-06-29,Monterey,53,433212,2203,1614,3,1617,14
2020-06-29,Napa,55,140530,463,317,0,317,4
2020-06-29,Nevada,57,99092,155,107,3,110,1
2020-06-29,Orange,59,3164182,23034,13682,172,13854,324
2020-06-29,Placer,61,380077,941,628,3,631,11
2020-06-29,Plumas,63,18699,12,6,0,6,0
2020-06-29,Riverside,65,2383286,23730,17683,10,17693,432
2020-06-29,Sacramento,67,1510023,4290,2985,2,2987,62
2020-06-29,San Benito,69,59416,283,193,0,193,2
2020-06-29,San Bernardino,71,2135413,18899,11643,11,11654,245
2020-06-29,San Diego,73,3302833,17390,13834,0,13834,361
2020-06-29,San Francisco,75,870044,4041,3389,4,3393,50
2020-06-29,San Joaquin,77,732212,5266,3202,4,3206,52
2020-06-29,San Luis Obispo,79,281455,802,544,3,547,1
2020-06-29,San Mateo,81,765935,3681,3170,5,3175,84
2020-06-29,Santa Barbara,83,443738,4102,2933,37,2970,25
2020-06-29,Santa Clara,85,1922200,5581,4231,8,4239,157
2020-06-29,Santa Cruz,87,273765,465,348,0,348,2
2020-06-29,Shasta,89,179085,209,94,1,95,5
2020-06-29,Sierra,91,2930,1,1,0,1,0
2020-06-29,Siskiyou,93,43540,34,25,0,25,0
2020-06-29,Solano,95,438530,1829,1077,8,1085,21
2020-06-29,Sonoma,97,501317,1477,1103,4,1107,5
2020-06-29,Stanislaus,99,539301,4048,2400,5,2405,36
2020-06-29,Sutter,101,95872,221,152,0,152,2
2020-06-29,Tehama,103,63373,100,63,4,67,1
2020-06-29,Trinity,105,12862,4,2,1,3,0
2020-06-29,Tulare,107,460477,5375,3906,2,3908,117
2020-06-29,Tuolumne,109,53932,47,16,1,17,0
2020-06-29,Ventura,111,848112,4276,2794,8,2802,40
2020-06-29,Yolo,113,214977,719,483,3,486,24
2020-06-29,Yuba,115,75493,92,55,0,55,1
2020-06-28,Alameda,1,1643700,6846,5698,7,5705,135
2020-06-28,Alpine,3,1148,2,1,0,1,0
2020-06-28,Amador,5,37829,29,20,0,20,0
2020-06-28,Butte,7,227075,252,150,5,155,2
2020-06-28,Calaveras,9,45235,51,30,0,30,0
2020-06-28,Colusa,11,21464,74,17,0,17,0
2020-06-28,Contra Costa,13,1133247,3770,2803,2,2805,73
2020-06-28,Del Norte,15,27424,58,47,0,47,0
2020-06-28,El Dorado,17,186661,264,162,0,162,0
2020-06-28,Fresno,19,978130,9097,4365,54,4419,74
2020-06-28,Glenn,21,27897,148,77,0,77,0
2020-06-28,Humboldt,23,135768,156,127,0,127,3
2020-06-28,Imperial,25,180216,7893,5513,6,5519,45
2020-06-28,Inyo,27,18085,33,29,0,29,1
2020-06-28,Kern,29,883053,8347,4541,24,4565,72
2020-06-28,Kings,31,150075,2668,2234,5,2239,18
2020-06-28,Lake,33,64148,83,53,0,53,0
2020-06-28,Lassen,35,31185,237,77,1,78,0
2020-06-28,Los Angeles,37,10098052,115017,98003,31,98034,3316
2020-06-28,Madera,39,155013,884,424,1,425,4
2020-06-28,Marin,41,260295,2644,1473,4,1477,17
2020-06-28,Mariposa,43,17540,32,24,0,24,1
2020-06-28,Mendocino,45,87422,84,63,0,63,0
2020-06-28,Merced,47,269075,1625,814,2,816,10
2020-06-28,Modoc,49,8938,1,0,0,0,0
2020-06-28,Mono,51,14174,47,35,0,35,1
2020-06-28,Monterey,53,433212,2121,1560,3,1563,13
2020-06-28,Napa,55,140530,429,307,0,307,4
2020-06-28,Nevada,57,99092,144,102,3,105,1
2020-06-28,Orange,59,3164182,22059,13213,154,13367,324
2020-06-28,Placer,61,380077,899,618,3,621,11
2020-06-28,Plumas,63,18699,11,6,0,6,0
2020-06-28,Riverside,65,2383286,22903,16848,9,16857,432
2020-06-28,Sacramento,67,1510023,4062,2803,2,2805,63
2020-06-28,San Benito,69,59416,272,190,0,190,2
2020-06-28,San Bernardino,71,2135413,18145,11344,10,11354,245
2020-06-28,San Diego,73,3302833,16845,13333,0,13333,361
2020-06-28,San Francisco,75,870044,3962,3388,4,3392,50
2020-06-28,San Joaquin,77,732212,4930,3201,4,3205,52
2020-06-28,San Luis Obispo,79,281455,763,531,3,534,1
2020-06-28,San Mateo,81,765935,3603,3124,5,3129,84
2020-06-28,Santa Barbara,83,443738,3957,2872,35,2907,25
2020-06-28,Santa Clara,85,1922200,5421,4131,8,4139,156
2020-06-28,Santa Cruz,87,273765,442,349,0,349,2
2020-06-28,Shasta,89,179085,196,89,0,89,5
2020-06-28,Sierra,91,2930,1,1,0,1,0
2020-06-28,Siskiyou,93,43540,34,25,0,25,0
2020-06-28,Solano,95,438530,1754,1077,8,1085,21
2020-06-28,Sonoma,97,501317,1423,1084,4,1088,5
2020-06-28,Stanislaus,99,539301,3842,2376,5,2381,36
2020-06-28,Sutter,101,95872,195,145,0,145,2
2020-06-28,Tehama,103,63373,93,63,4,67,1
2020-06-28,Trinity,105,12862,4,2,1,3,0
2020-06-28,Tulare,107,460477,5209,3812,2,3814,117
2020-06-28,Tuolumne,109,53932,42,14,1,15,0
2020-06-28,Ventura,111,848112,4118,2650,8,2658,40
2020-06-28,Yolo,113,214977,684,468,3,471,24
2020-06-28,Yuba,115,75493,88,39,0,39,1
2020-06-27,Alameda,1,1643700,6751,5581,7,5588,135
2020-06-27,Alpine,3,1148,2,1,0,1,0
2020-06-27,Amador,5,37829,27,20,0,20,0
2020-06-27,Butte,7,227075,244,137,5,142,2
2020-06-27,Calaveras,9,45235,49,30,0,30,0
2020-06-27,Colusa,11,21464,68,17,0,17,0
2020-06-27,Contra Costa,13,1133247,3675,2717,1,2718,72
2020-06-27,Del Norte,15,27424,58,47,0,47,0
2020-06-27,El Dorado,17,186661,258,159,0,159,0
2020-06-27,Fresno,19,978130,8851,4238,54,4292,74
2020-06-27,Glenn,21,27897,144,77,0,77,0
2020-06-27,Humboldt,23,135768,154,127,0,127,3
2020-06-27,Imperial,25,180216,7831,5513,6,5519,45
2020-06-27,Inyo,27,18085,33,29,0,29,1
2020-06-27,Kern,29,883053,8085,4411,23,4434,70
2020-06-27,Kings,31,150075,2642,2187,5,2192,18
2020-06-27,Lake,33,64148,80,42,0,42,0
2020-06-27,Lassen,35,31185,237,33,1,34,0
2020-06-27,Los Angeles,37,10098052,113276,95341,28,95369,3291
2020-06-27,Madera,39,155013,841,427,0,427,4
2020-06-27,Marin,41,260295,2599,1423,4,1427,17
2020-06-27,Mariposa,43,17540,31,22,0,22,1
2020-06-27,Mendocino,45,87422,84,63,0,63,0
2020-06-27,Merced,47,269075,1567,807,1,808,10
2020-06-27,Modoc,49,8938,1,0,0,0,0
2020-06-27,Mono,51,14174,46,35,0,35,1
2020-06-27,Monterey,53,433212,2057,1455,3,1458,12
2020-06-27,Napa,55,140530,419,282,0,282,3
2020-06-27,Nevada,57,99092,140,102,2,104,1
2020-06-27,Orange,59,3164182,21551,12951,149,13100,320
2020-06-27,Placer,61,380077,878,584,3,587,10
2020-06-27,Plumas,63,18699,11,6,0,6,0
2020-06-27,Riverside,65,2383286,22514,16209,9,16218,432
2020-06-27,Sacramento,67,1510023,3944,2685,2,2687,63
2020-06-27,San Benito,69,59416,265,182,0,182,2
2020-06-27,San Bernardino,71,2135413,17767,11238,10,11248,243
2020-06-27,San Diego,73,3302833,16480,12836,0,12836,360
2020-06-27,San Francisco,75,870044,3907,3332,4,3336,49
2020-06-27,San Joaquin,77,732212,4765,2995,4,2999,52
2020-06-27,San Luis Obispo,79,281455,739,505,3,508,1
2020-06-27,San Mateo,81,765935,3547,3083,5,3088,83
2020-06-27,Santa Barbara,83,443738,3885,2799,35,2834,25
2020-06-27,Santa Clara,85,1922200,5315,4006,8,4014,157
2020-06-27,Santa Cruz,87,273765,435,347,0,347,2
2020-06-27,Shasta,89,179085,191,87,0,87,5
2020-06-27,Sierra,91,2930,1,1,0,1,0
2020-06-27,Siskiyou,93,43540,34,25,0,25,0
2020-06-27,Solano,95,438530,1721,1076,8,1084,21
2020-06-27,Sonoma,97,501317,1392,1004,4,1008,5
2020-06-27,Stanislaus,99,539301,3743,2164,5,2169,36
2020-06-27,Sutter,101,95872,188,141,0,141,2
2020-06-27,Tehama,103,63373,90,63,4,67,1
2020-06-27,Trinity,105,12862,4,2,1,3,0
2020-06-27,Tulare,107,460477,5113,3810,2,3812,117
2020-06-27,Tuolumne,109,53932,41,13,1,14,0
2020-06-27,Ventura,111,848112,4019,2471,8,2479,40
2020-06-27,Yolo,113,214977,659,432,3,435,24
2020-06-27,Yuba,115,75493,80,39,0,39,1
2020-06-26,Alameda,1,1643700,6665,5502,6,5508,132
2020-06-26,Alpine,3,1148,2,1,0,1,0
2020-06-26,Amador,5,37829,26,20,0,20,0
2020-06-26,Butte,7,227075,230,135,5,140,2
2020-06-26,Calaveras,9,45235,47,30,0,30,0
2020-06-26,Colusa,11,21464,63,17,0,17,0
2020-06-26,Contra Costa,13,1133247,3562,2676,1,2677,72
2020-06-26,Del Norte,15,27424,57,47,0,47,0
2020-06-26,El Dorado,17,186661,250,159,0,159,0
2020-06-26,Fresno,19,978130,8626,4166,54,4220,74
2020-06-26,Glenn,21,27897,137,71,0,71,0
2020-06-26,Humboldt,23,135768,152,126,0,126,3
2020-06-26,Imperial,25,180216,7767,5400,6,5406,44
2020-06-26,Inyo,27,18085,32,29,0,29,1
2020-06-26,Kern,29,883053,7752,4366,23,4389,70
2020-06-26,Kings,31,150075,2610,2176,4,2180,18
2020-06-26,Lake,33,64148,79,42,0,42,0
2020-06-26,Lassen,35,31185,236,30,1,31,0
2020-06-26,Los Angeles,37,10098052,111111,93328,28,93356,3275
2020-06-26,Madera,39,155013,809,409,0,409,4
2020-06-26,Marin,41,260295,2563,1406,4,1410,17
2020-06-26,Mariposa,43,17540,30,21,0,21,1
2020-06-26,Mendocino,45,87422,81,63,0,63,0
2020-06-26,Merced,47,269075,1521,797,1,798,10
2020-06-26,Modoc,49,8938,1,0,0,0,0
2020-06-26,Mono,51,14174,45,35,0,35,1
2020-06-26,Monterey,53,433212,2005,1449,3,1452,12
2020-06-26,Napa,55,140530,409,277,0,277,3
2020-06-26,Nevada,57,99092,136,101,1,102,1
2020-06-26,Orange,59,3164182,20875,12659,146,12805,320
2020-06-26,Placer,61,380077,849,584,3,587,10
2020-06-26,Plumas,63,18699,11,6,0,6,0
2020-06-26,Riverside,65,2383286,22052,15858,9,15867,430
2020-06-26,Sacramento,67,1510023,3780,2687,2,2689,63
2020-06-26,San Benito,69,59416,261,176,0,176,2
2020-06-26,San Bernardino,71,2135413,17390,11111,10,11121,243
2020-06-26,San Diego,73,3302833,16115,12402,0,12402,358
2020-06-26,San Francisco,75,870044,3851,3330,4,3334,49
2020-06-26,San Joaquin,77,732212,4551,2943,4,2947,52
2020-06-26,San Luis Obispo,79,281455,724,498,3,501,1
2020-06-26,San Mateo,81,765935,3495,3055,5,3060,83
2020-06-26,Santa Barbara,83,443738,3795,2784,33,2817,25
2020-06-26,Santa Clara,85,1922200,5214,3968,8,3976,156
2020-06-26,Santa Cruz,87,273765,428,344,0,344,2
2020-06-26,Shasta,89,179085,184,86,0,86,5
2020-06-26,Sierra,91,2930,1,1,0,1,0
2020-06-26,Siskiyou,93,43540,33,24,0,24,0
2020-06-26,Solano,95,438530,1679,1068,8,1076,21
2020-06-26,Sonoma,97,501317,1360,977,4,981,5
2020-06-26,Stanislaus,99,539301,3630,2157,5,2162,36
2020-06-26,Sutter,101,95872,181,138,0,138,2
2020-06-26,Tehama,103,63373,87,63,4,67,1
2020-06-26,Trinity,105,12862,4,2,1,3,0
2020-06-26,Tulare,107,460477,5024,3720,2,3722,117
2020-06-26,Tuolumne,109,53932,39,10,1,11,0
2020-06-26,Ventura,111,848112,3933,2444,8,2452,40
2020-06-26,Yolo,113,214977,635,418,3,421,24
2020-06-26,Yuba,115,75493,74,38,0,38,1
2020-06-25,Alameda,1,1643700,6474,5398,6,5404,130
2020-06-25,Alpine,3,1148,2,1,0,1,0
2020-06-25,Amador,5,37829,25,18,0,18,0
2020-06-25,Butte,7,227075,226,127,5,132,1
2020-06-25,Calaveras,9,45235,42,26,0,26,0
2020-06-25,Colusa,11,21464,53,14,0,14,0
2020-06-25,Contra Costa,13,1133247,3378,2591,1,2592,71
2020-06-25,Del Norte,15,27424,55,47,0,47,0
2020-06-25,El Dorado,17,186661,242,150,0,150,0
2020-06-25,Fresno,19,978130,8313,3938,53,3991,71
2020-06-25,Glenn,21,27897,132,59,0,59,0
2020-06-25,Humboldt,23,135768,151,121,0,121,3
2020-06-25,Imperial,25,180216,7638,5192,6,5198,44
2020-06-25,Inyo,27,18085,29,27,0,27,1
2020-06-25,Kern,29,883053,7327,4236,20,4256,69
2020-06-25,Kings,31,150075,2558,2110,4,2114,17
2020-06-25,Lake,33,64148,78,42,0,42,0
2020-06-25,Lassen,35,31185,230,13,1,14,0
2020-06-25,Los Angeles,37,10098052,108346,91524,28,91552,3239
2020-06-25,Madera,39,155013,765,380,0,380,4
2020-06-25,Marin,41,260295,2462,1321,4,1325,17
2020-06-25,Mariposa,43,17540,29,20,0,20,1
2020-06-25,Mendocino,45,87422,78,61,0,61,0
2020-06-25,Merced,47,269075,1434,747,1,748,10
2020-06-25,Modoc,49,8938,1,0,0,0,0
2020-06-25,Mono,51,14174,44,35,0,35,1
2020-06-25,Monterey,53,433212,1917,1426,2,1428,12
2020-06-25,Napa,55,140530,391,260,0,260,3
2020-06-25,Nevada,57,99092,128,92,1,93,1
2020-06-25,Orange,59,3164182,19953,12221,144,12365,311
2020-06-25,Placer,61,380077,798,574,3,577,10
2020-06-25,Plumas,63,18699,10,6,0,6,0
2020-06-25,Riverside,65,2383286,21298,15224,9,15233,427
2020-06-25,Sacramento,67,1510023,3559,2519,2,2521,62
2020-06-25,San Benito,69,59416,253,174,0,174,2
2020-06-25,San Bernardino,71,2135413,16638,10590,10,10600,242
2020-06-25,San Diego,73,3302833,15576,11963,0,11963,352
2020-06-25,San Francisco,75,870044,3786,3252,4,3256,48
2020-06-25,San Joaquin,77,732212,4279,2803,4,2807,50
2020-06-25,San Luis Obispo,79,281455,692,473,3,476,1
2020-06-25,San Mateo,81,765935,3427,2996,5,3001,82
2020-06-25,Santa Barbara,83,443738,3689,2622,31,2653,25
2020-06-25,Santa Clara,85,1922200,5066,3871,8,3879,156
2020-06-25,Santa Cruz,87,273765,416,335,0,335,2
2020-06-25,Shasta,89,179085,174,84,0,84,5
2020-06-25,Sierra,91,2930,1,1,0,1,0
2020-06-25,Siskiyou,93,43540,32,24,0,24,0
2020-06-25,Solano,95,438530,1626,1034,8,1042,21
2020-06-25,Sonoma,97,501317,1313,953,3,956,5
2020-06-25,Stanislaus,99,539301,3418,2130,5,2135,36
2020-06-25,Sutter,101,95872,169,126,0,126,2
2020-06-25,Tehama,103,63373,83,59,4,63,1
2020-06-25,Trinity,105,12862,4,2,1,3,0
2020-06-25,Tulare,107,460477,4894,3656,2,3658,117
2020-06-25,Tuolumne,109,53932,38,10,1,11,0
2020-06-25,Ventura,111,848112,3751,2346,7,2353,40
2020-06-25,Yolo,113,214977,605,397,3,400,24
2020-06-25,Yuba,115,75493,63,38,0,38,1
2020-06-24,Alameda,1,1643700,6313,5242,6,5248,123
2020-06-24,Alpine,3,1148,2,1,0,1,0
2020-06-24,Amador,5,37829,23,16,0,16,0
2020-06-24,Butte,7,227075,210,119,5,124,1
2020-06-24,Calaveras,9,45235,40,26,0,26,0
2020-06-24,Colusa,11,21464,44,11,0,11,0
2020-06-24,Contra Costa,13,1133247,3224,2520,1,2521,66
2020-06-24,Del Norte,15,27424,49,47,0,47,0
2020-06-24,El Dorado,17,186661,226,149,0,149,0
2020-06-24,Fresno,19,978130,7982,3765,53,3818,71
2020-06-24,Glenn,21,27897,124,54,0,54,0
2020-06-24,Humboldt,23,135768,151,117,0,117,3
2020-06-24,Imperial,25,180216,7520,5138,6,5144,38
2020-06-24,Inyo,27,18085,29,28,0,28,1
2020-06-24,Kern,29,883053,6934,4155,17,4172,67
2020-06-24,Kings,31,150075,2496,2063,4,2067,16
2020-06-24,Lake,33,64148,65,40,0,40,0
2020-06-24,Lassen,35,31185,229,9,1,10,0
2020-06-24,Los Angeles,37,10098052,105589,89566,28,89594,3186
2020-06-24,Madera,39,155013,744,373,0,373,4
2020-06-24,Marin,41,260295,2234,1261,4,1265,17
2020-06-24,Mariposa,43,17540,28,19,0,19,1
2020-06-24,Mendocino,45,87422,78,60,0,60,0
2020-06-24,Merced,47,269075,1348,696,1,697,8
2020-06-24,Modoc,49,8938,1,0,0,0,0
2020-06-24,Mono,51,14174,42,35,0,35,1
2020-06-24,Monterey,53,433212,1840,1407,2,1409,12
2020-06-24,Napa,55,140530,373,258,0,258,3
2020-06-24,Nevada,57,99092,122,92,1,93,1
2020-06-24,Orange,59,3164182,18960,11804,125,11929,303
2020-06-24,Placer,61,380077,759,548,3,551,10
2020-06-24,Plumas,63,18699,10,6,0,6,0
2020-06-24,Riverside,65,2383286,20452,14946,9,14955,410
2020-06-24,Sacramento,67,1510023,3355,2446,2,2448,62
2020-06-24,San Benito,69,59416,249,171,0,171,2
2020-06-24,San Bernardino,71,2135413,15826,10211,9,10220,239
2020-06-24,San Diego,73,3302833,15076,11628,0,11628,347
2020-06-24,San Francisco,75,870044,3723,3216,4,3220,48
2020-06-24,San Joaquin,77,732212,4057,2680,4,2684,49
2020-06-24,San Luis Obispo,79,281455,661,461,2,463,1
2020-06-24,San Mateo,81,765935,3370,2964,5,2969,82
2020-06-24,Santa Barbara,83,443738,3569,2569,29,2598,22
2020-06-24,Santa Clara,85,1922200,4936,3812,8,3820,155
2020-06-24,Santa Cruz,87,273765,404,329,0,329,2
2020-06-24,Shasta,89,179085,166,83,0,83,5
2020-06-24,Sierra,91,2930,1,1,0,1,0
2020-06-24,Siskiyou,93,43540,31,24,0,24,0
2020-06-24,Solano,95,438530,1536,979,7,986,21
2020-06-24,Sonoma,97,501317,1264,933,3,936,4
2020-06-24,Stanislaus,99,539301,3240,2039,5,2044,36
2020-06-24,Sutter,101,95872,156,118,0,118,2
2020-06-24,Tehama,103,63373,81,55,4,59,1
2020-06-24,Trinity,105,12862,4,2,1,3,0
2020-06-24,Tulare,107,460477,4741,3541,2,3543,116
2020-06-24,Tuolumne,109,53932,33,9,1,10,0
2020-06-24,Ventura,111,848112,3410,2314,7,2321,42
2020-06-24,Yolo,113,214977,570,376,3,379,24
2020-06-24,Yuba,115,75493,57,37,0,37,1
2020-06-23,Alameda,1,1643700,6132,5159,6,5165,121
2020-06-23,Alpine,3,1148,2,1,0,1,0
2020-06-23,Amador,5,37829,22,13,0,13,0
2020-06-23,Butte,7,227075,192,111,5,116,1
2020-06-23,Calaveras,9,45235,40,26,0,26,0
2020-06-23,Colusa,11,21464,40,7,0,7,0
2020-06-23,Contra Costa,13,1133247,3097,2453,1,2454,60
2020-06-23,Del Norte,15,27424,48,46,0,46,0
2020-06-23,El Dorado,17,186661,217,142,0,142,0
2020-06-23,Fresno,19,978130,7334,3569,51,3620,67
2020-06-23,Glenn,21,27897,120,47,0,47,0
2020-06-23,Humboldt,23,135768,151,110,0,110,3
2020-06-23,Imperial,25,180216,7357,5025,6,5031,38
2020-06-23,Inyo,27,18085,29,26,0,26,1
2020-06-23,Kern,29,883053,6568,4087,14,4101,64
2020-06-23,Kings,31,150075,2431,1727,4,1731,16
2020-06-23,Lake,33,64148,59,40,0,40,0
2020-06-23,Lassen,35,31185,225,9,1,10,0
2020-06-23,Los Angeles,37,10098052,102656,88433,26,88459,3152
2020-06-23,Madera,39,155013,705,369,0,369,4
2020-06-23,Marin,41,260295,1966,1139,4,1143,17
2020-06-23,Mariposa,43,17540,26,18,0,18,1
2020-06-23,Mendocino,45,87422,77,61,0,61,0
2020-06-23,Merced,47,269075,1251,656,0,656,8
2020-06-23,Modoc,49,8938,1,0,0,0,0
2020-06-23,Mono,51,14174,42,35,0,35,1
2020-06-23,Monterey,53,433212,1770,1346,2,1348,12
2020-06-23,Napa,55,140530,358,230,0,230,3
2020-06-23,Nevada,57,99092,116,81,1,82,1
2020-06-23,Orange,59,3164182,17990,11071,122,11193,278
2020-06-23,Placer,61,380077,730,525,3,528,10
2020-06-23,Plumas,63,18699,9,6,0,6,0
2020-06-23,Riverside,65,2383286,19432,14469,9,14478,406
2020-06-23,Sacramento,67,1510023,3178,2374,2,2376,62
2020-06-23,San Benito,69,59416,235,167,0,167,2
2020-06-23,San Bernardino,71,2135413,15042,9771,9,9780,229
2020-06-23,San Diego,73,3302833,14556,11296,0,11296,341
2020-06-23,San Francisco,75,870044,3650,3177,4,3181,48
2020-06-23,San Joaquin,77,732212,3798,2502,4,2506,48
2020-06-23,San Luis Obispo,79,281455,631,445,2,447,1
2020-06-23,San Mateo,81,765935,3304,2907,5,2912,81
2020-06-23,Santa Barbara,83,443738,3473,2498,29,2527,22
2020-06-23,Santa Clara,85,1922200,4790,3700,8,3708,155
2020-06-23,Santa Cruz,87,273765,394,313,0,313,2
2020-06-23,Shasta,89,179085,157,81,0,81,5
2020-06-23,Sierra,91,2930,1,1,0,1,0
2020-06-23,Siskiyou,93,43540,29,24,0,24,0
2020-06-23,Solano,95,438530,1479,941,6,947,21
2020-06-23,Sonoma,97,501317,1211,912,3,915,4
2020-06-23,Stanislaus,99,539301,3065,1850,5,1855,35
2020-06-23,Sutter,101,95872,146,112,0,112,2
2020-06-23,Tehama,103,63373,79,50,4,54,1
2020-06-23,Trinity,105,12862,4,2,1,3,0
2020-06-23,Tulare,107,460477,4619,3456,2,3458,111
2020-06-23,Tuolumne,109,53932,28,9,1,10,0
2020-06-23,Ventura,111,848112,3250,2209,6,2215,40
2020-06-23,Yolo,113,214977,544,350,0,350,24
2020-06-23,Yuba,115,75493,54,35,0,35,1
2020-06-22,Alameda,1,1643700,5981,4944,6,4950,121
2020-06-22,Alpine,3,1148,2,1,0,1,0
2020-06-22,Amador,5,37829,19,12,0,12,0
2020-06-22,Butte,7,227075,173,104,5,109,1
2020-06-22,Calaveras,9,45235,38,20,0,20,0
2020-06-22,Colusa,11,21464,37,7,0,7,0
2020-06-22,Contra Costa,13,1133247,2955,2363,1,2364,60
2020-06-22,Del Norte,15,27424,48,46,0,46,0
2020-06-22,El Dorado,17,186661,208,137,0,137,0
2020-06-22,Fresno,19,978130,6802,3425,51,3476,67
2020-06-22,Glenn,21,27897,111,40,0,40,0
2020-06-22,Humboldt,23,135768,148,110,0,110,3
2020-06-22,Imperial,25,180216,7201,4700,6,4706,38
2020-06-22,Inyo,27,18085,29,26,0,26,1
2020-06-22,Kern,29,883053,6216,3982,12,3994,60
2020-06-22,Kings,31,150075,2383,1513,4,1517,13
2020-06-22,Lake,33,64148,53,37,0,37,0
2020-06-22,Lassen,35,31185,115,7,1,8,0
2020-06-22,Los Angeles,37,10098052,99766,85925,25,85950,3117
2020-06-22,Madera,39,155013,680,333,0,333,4
2020-06-22,Marin,41,260295,1710,1029,4,1033,17
2020-06-22,Mariposa,43,17540,25,18,0,18,1
2020-06-22,Mendocino,45,87422,72,48,0,48,0
2020-06-22,Merced,47,269075,1162,619,0,619,8
2020-06-22,Modoc,49,8938,1,0,0,0,0
2020-06-22,Mono,51,14174,42,34,0,34,1
2020-06-22,Monterey,53,433212,1709,1293,2,1295,12
2020-06-22,Napa,55,140530,334,222,0,222,3
2020-06-22,Nevada,57,99092,111,79,1,80,1
2020-06-22,Orange,59,3164182,17061,10711,120,10831,275
2020-06-22,Placer,61,380077,695,512,3,515,9
2020-06-22,Plumas,63,18699,7,6,0,6,0
2020-06-22,Riverside,65,2383286,18459,13948,9,13957,403
2020-06-22,Sacramento,67,1510023,2964,2243,2,2245,62
2020-06-22,San Benito,69,59416,226,164,0,164,2
2020-06-22,San Bernardino,71,2135413,14266,9133,8,9141,229
2020-06-22,San Diego,73,3302833,14065,11098,0,11098,338
2020-06-22,San Francisco,75,870044,3557,3000,4,3004,47
2020-06-22,San Joaquin,77,732212,3551,2332,4,2336,48
2020-06-22,San Luis Obispo,79,281455,600,422,2,424,1
2020-06-22,San Mateo,81,765935,3232,2813,5,2818,81
2020-06-22,Santa Barbara,83,443738,3381,2447,29,2476,21
2020-06-22,Santa Clara,85,1922200,4630,3580,8,3588,155
2020-06-22,Santa Cruz,87,273765,381,290,0,290,3
2020-06-22,Shasta,89,179085,154,77,0,77,5
2020-06-22,Sierra,91,2930,1,1,0,1,0
2020-06-22,Siskiyou,93,43540,29,23,0,23,0
2020-06-22,Solano,95,438530,1401,784,5,789,21
2020-06-22,Sonoma,97,501317,1166,860,1,861,4
2020-06-22,Stanislaus,99,539301,2880,1784,5,1789,35
2020-06-22,Sutter,101,95872,137,100,0,100,2
2020-06-22,Tehama,103,63373,75,38,3,41,1
2020-06-22,Trinity,105,12862,4,2,1,3,0
2020-06-22,Tulare,107,460477,4482,3185,2,3187,111
2020-06-22,Tuolumne,109,53932,19,8,1,9,0
2020-06-22,Ventura,111,848112,3101,2065,6,2071,39
2020-06-22,Yolo,113,214977,518,333,0,333,24
2020-06-22,Yuba,115,75493,49,36,0,36,1
2020-06-21,Alameda,1,1643700,5787,4835,6,4841,121
2020-06-21,Alpine,3,1148,2,1,0,1,0
2020-06-21,Amador,5,37829,14,12,0,12,0
2020-06-21,Butte,7,227075,159,97,5,102,1
2020-06-21,Calaveras,9,45235,38,20,0,20,0
2020-06-21,Colusa,11,21464,29,7,0,7,0
2020-06-21,Contra Costa,13,1133247,2829,2282,1,2283,60
2020-06-21,Del Norte,15,27424,47,46,0,46,0
2020-06-21,El Dorado,17,186661,199,132,0,132,0
2020-06-21,Fresno,19,978130,6232,3296,50,3346,67
2020-06-21,Glenn,21,27897,102,40,0,40,0
2020-06-21,Humboldt,23,135768,143,108,0,108,3
2020-06-21,Imperial,25,180216,7017,4701,6,4707,38
2020-06-21,Inyo,27,18085,27,26,0,26,1
2020-06-21,Kern,29,883053,5925,3918,11,3929,60
2020-06-21,Kings,31,150075,2320,1334,4,1338,11
2020-06-21,Lake,33,64148,48,36,0,36,0
2020-06-21,Lassen,35,31185,22,7,1,8,0
2020-06-21,Los Angeles,37,10098052,96890,83383,25,83408,3101
2020-06-21,Madera,39,155013,646,319,0,319,4
2020-06-21,Marin,41,260295,1553,907,4,911,17
2020-06-21,Mariposa,43,17540,22,18,0,18,1
2020-06-21,Mendocino,45,87422,69,48,0,48,0
2020-06-21,Merced,47,269075,1067,577,0,577,8
2020-06-21,Modoc,49,8938,1,0,0,0,0
2020-06-21,Mono,51,14174,42,34,0,34,1
2020-06-21,Monterey,53,433212,1636,1227,2,1229,12
2020-06-21,Napa,55,140530,319,218,0,218,3
2020-06-21,Nevada,57,99092,108,79,1,80,1
2020-06-21,Orange,59,3164182,16224,10563,115,10678,275
2020-06-21,Placer,61,380077,664,498,3,501,9
2020-06-21,Plumas,63,18699,7,6,0,6,0
2020-06-21,Riverside,65,2383286,17754,13528,8,13536,402
2020-06-21,Sacramento,67,1510023,2764,2156,2,2158,62
2020-06-21,San Benito,69,59416,212,151,0,151,2
2020-06-21,San Bernardino,71,2135413,13490,8925,7,8932,229
2020-06-21,San Diego,73,3302833,13520,10796,0,10796,338
2020-06-21,San Francisco,75,870044,3451,3000,3,3003,47
2020-06-21,San Joaquin,77,732212,3315,2188,4,2192,48
2020-06-21,San Luis Obispo,79,281455,574,418,2,420,1
2020-06-21,San Mateo,81,765935,3174,2781,4,2785,81
2020-06-21,Santa Barbara,83,443738,3274,2430,27,2457,21
2020-06-21,Santa Clara,85,1922200,4492,3514,8,3522,154
2020-06-21,Santa Cruz,87,273765,371,290,0,290,3
2020-06-21,Shasta,89,179085,144,75,0,75,5
2020-06-21,Sierra,91,2930,1,1,0,1,0
2020-06-21,Siskiyou,93,43540,29,23,0,23,0
2020-06-21,Solano,95,438530,1301,783,4,787,21
2020-06-21,Sonoma,97,501317,1116,836,1,837,4
2020-06-21,Stanislaus,99,539301,2693,1688,5,1693,35
2020-06-21,Sutter,101,95872,129,96,0,96,2
2020-06-21,Tehama,103,63373,64,35,2,37,1
2020-06-21,Trinity,105,12862,4,2,1,3,0
2020-06-21,Tulare,107,460477,4314,3173,2,3175,111
2020-06-21,Tuolumne,109,53932,17,8,1,9,0
2020-06-21,Ventura,111,848112,2923,2021,6,2027,39
2020-06-21,Yolo,113,214977,486,323,0,323,24
2020-06-21,Yuba,115,75493,45,35,0,35,1
2020-06-20,Alameda,1,1643700,5725,4758,6,4764,119
2020-06-20,Alpine,3,1148,2,1,0,1,0
2020-06-20,Amador,5,37829,14,12,0,12,0
2020-06-20,Butte,7,227075,152,94,5,99,1
2020-06-20,Calaveras,9,45235,38,20,0,20,0
2020-06-20,Colusa,11,21464,26,7,0,7,0
2020-06-20,Contra Costa,13,1133247,2771,2231,1,2232,54
2020-06-20,Del Norte,15,27424,47,46,0,46,0
2020-06-20,El Dorado,17,186661,194,130,0,130,0
2020-06-20,Fresno,19,978130,6107,3222,48,3270,67
2020-06-20,Glenn,21,27897,97,40,0,40,0
2020-06-20,Humboldt,23,135768,143,108,0,108,3
2020-06-20,Imperial,25,180216,6936,4616,6,4622,37
2020-06-20,Inyo,27,18085,27,26,0,26,1
2020-06-20,Kern,29,883053,5761,3836,11,3847,59
2020-06-20,Kings,31,150075,2296,1331,4,1335,9
2020-06-20,Lake,33,64148,48,37,0,37,0
2020-06-20,Lassen,35,31185,21,7,1,8,0
2020-06-20,Los Angeles,37,10098052,95317,81604,24,81628,3093
2020-06-20,Madera,39,155013,613,321,0,321,4
2020-06-20,Marin,41,260295,1533,879,4,883,17
2020-06-20,Mariposa,43,17540,22,18,0,18,1
2020-06-20,Mendocino,45,87422,68,48,0,48,0
2020-06-20,Merced,47,269075,1027,566,0,566,8
2020-06-20,Modoc,49,8938,1,0,0,0,0
2020-06-20,Mono,51,14174,42,34,0,34,1
2020-06-20,Monterey,53,433212,1600,1181,2,1183,12
2020-06-20,Napa,55,140530,310,212,0,212,3
2020-06-20,Nevada,57,99092,105,73,1,74,1
2020-06-20,Orange,59,3164182,15877,10284,110,10394,273
2020-06-20,Placer,61,380077,642,483,3,486,9
2020-06-20,Plumas,63,18699,6,6,0,6,0
2020-06-20,Riverside,65,2383286,17455,13021,8,13029,402
2020-06-20,Sacramento,67,1510023,2695,2069,2,2071,63
2020-06-20,San Benito,69,59416,208,139,0,139,2
2020-06-20,San Bernardino,71,2135413,13129,8718,7,8725,229
2020-06-20,San Diego,73,3302833,13197,10486,0,10486,338
2020-06-20,San Francisco,75,870044,3408,2999,3,3002,47
2020-06-20,San Joaquin,77,732212,3232,2046,4,2050,48
2020-06-20,San Luis Obispo,79,281455,561,405,2,407,1
2020-06-20,San Mateo,81,765935,3126,2755,4,2759,81
2020-06-20,Santa Barbara,83,443738,3218,2358,26,2384,21
2020-06-20,Santa Clara,85,1922200,4420,3435,8,3443,154
2020-06-20,Santa Cruz,87,273765,369,287,0,287,3
2020-06-20,Shasta,89,179085,138,66,0,66,5
2020-06-20,Sierra,91,2930,1,1,0,1,0
2020-06-20,Siskiyou,93,43540,28,22,0,22,0
2020-06-20,Solano,95,438530,1277,784,4,788,21
2020-06-20,Sonoma,97,501317,1080,806,1,807,4
2020-06-20,Stanislaus,99,539301,2586,1598,5,1603,35
2020-06-20,Sutter,101,95872,127,89,0,89,2
2020-06-20,Tehama,103,63373,62,35,2,37,1
2020-06-20,Trinity,105,12862,4,2,1,3,0
2020-06-20,Tulare,107,460477,4241,3172,2,3174,111
2020-06-20,Tuolumne,109,53932,14,8,1,9,0
2020-06-20,Ventura,111,848112,2858,1946,6,1952,37
2020-06-20,Yolo,113,214977,470,309,0,309,24
2020-06-20,Yuba,115,75493,43,34,0,34,1
2020-06-19,Alameda,1,1643700,5653,4646,6,4652,119
2020-06-19,Alpine,3,1148,2,1,0,1,0
2020-06-19,Amador,5,37829,14,12,0,12,0
2020-06-19,Butte,7,227075,147,91,5,96,1
2020-06-19,Calaveras,9,45235,37,20,0,20,0
2020-06-19,Colusa,11,21464,24,7,0,7,0
2020-06-19,Contra Costa,13,1133247,2692,2106,1,2107,54
2020-06-19,Del Norte,15,27424,47,46,0,46,0
2020-06-19,El Dorado,17,186661,185,124,0,124,0
2020-06-19,Fresno,19,978130,5945,3109,46,3155,61
2020-06-19,Glenn,21,27897,91,40,0,40,0
2020-06-19,Humboldt,23,135768,141,106,0,106,3
2020-06-19,Imperial,25,180216,6845,4504,6,4510,36
2020-06-19,Inyo,27,18085,27,26,0,26,1
2020-06-19,Kern,29,883053,5538,3742,10,3752,57
2020-06-19,Kings,31,150075,2275,1285,4,1289,9
2020-06-19,Lake,33,64148,45,36,0,36,0
2020-06-19,Lassen,35,31185,20,7,1,8,0
2020-06-19,Los Angeles,37,10098052,93338,79572,24,79596,3047
2020-06-19,Madera,39,155013,593,300,0,300,4
2020-06-19,Marin,41,260295,1504,829,4,833,17
2020-06-19,Mariposa,43,17540,21,18,0,18,1
2020-06-19,Mendocino,45,87422,67,48,0,48,0
2020-06-19,Merced,47,269075,982,529,0,529,8
2020-06-19,Modoc,49,8938,1,0,0,0,0
2020-06-19,Mono,51,14174,42,34,0,34,1
2020-06-19,Monterey,53,433212,1571,1159,2,1161,12
2020-06-19,Napa,55,140530,300,209,0,209,3
2020-06-19,Nevada,57,99092,102,71,1,72,1
2020-06-19,Orange,59,3164182,15352,9972,102,10074,260
2020-06-19,Placer,61,380077,625,464,3,467,9
2020-06-19,Plumas,63,18699,6,5,0,5,0
2020-06-19,Riverside,65,2383286,17049,12710,8,12718,398
2020-06-19,Sacramento,67,1510023,2611,1976,2,1978,64
2020-06-19,San Benito,69,59416,207,136,0,136,2
2020-06-19,San Bernardino,71,2135413,12723,8454,6,8460,226
2020-06-19,San Diego,73,3302833,12834,10352,0,10352,332
2020-06-19,San Francisco,75,870044,3353,2968,3,2971,47
2020-06-19,San Joaquin,77,732212,3109,1969,4,1973,48
2020-06-19,San Luis Obispo,79,281455,546,392,2,394,1
2020-06-19,San Mateo,81,765935,3087,2713,4,2717,81
2020-06-19,Santa Barbara,83,443738,3145,2284,24,2308,21
2020-06-19,Santa Clara,85,1922200,4346,3376,8,3384,154
2020-06-19,Santa Cruz,87,273765,359,283,0,283,3
2020-06-19,Shasta,89,179085,134,58,0,58,5
2020-06-19,Sierra,91,2930,1,1,0,1,0
2020-06-19,Siskiyou,93,43540,28,21,0,21,0
2020-06-19,Solano,95,438530,1239,755,4,759,21
2020-06-19,Sonoma,97,501317,1053,803,1,804,4
2020-06-19,Stanislaus,99,539301,2477,1549,5,1554,35
2020-06-19,Sutter,101,95872,126,89,0,89,2
2020-06-19,Tehama,103,63373,61,35,2,37,1
2020-06-19,Trinity,105,12862,4,2,1,3,0
2020-06-19,Tulare,107,460477,4169,3053,2,3055,107
2020-06-19,Tuolumne,109,53932,13,8,1,9,0
2020-06-19,Ventura,111,848112,2774,1865,6,1871,37
2020-06-19,Yolo,113,214977,451,303,0,303,24
2020-06-19,Yuba,115,75493,42,33,0,33,1
2020-06-18,Alameda,1,1643700,5524,4589,6,4595,118
2020-06-18,Alpine,3,1148,2,1,0,1,0
2020-06-18,Amador,5,37829,13,12,0,12,0
2020-06-18,Butte,7,227075,142,88,5,93,1
2020-06-18,Calaveras,9,45235,37,20,0,20,0
2020-06-18,Colusa,11,21464,20,7,0,7,0
2020-06-18,Contra Costa,13,1133247,2587,2072,1,2073,53
2020-06-18,Del Norte,15,27424,47,46,0,46,0
2020-06-18,El Dorado,17,186661,181,121,0,121,0
2020-06-18,Fresno,19,978130,5679,2947,45,2992,57
2020-06-18,Glenn,21,27897,82,35,0,35,0
2020-06-18,Humboldt,23,135768,140,106,0,106,3
2020-06-18,Imperial,25,180216,6696,4366,6,4372,36
2020-06-18,Inyo,27,18085,26,25,0,25,1
2020-06-18,Kern,29,883053,5320,3634,10,3644,57
2020-06-18,Kings,31,150075,2216,1141,4,1145,8
2020-06-18,Lake,33,64148,44,36,0,36,0
2020-06-18,Lassen,35,31185,19,5,1,6,0
2020-06-18,Los Angeles,37,10098052,91077,78244,24,78268,3009
2020-06-18,Madera,39,155013,558,288,0,288,4
2020-06-18,Marin,41,260295,1441,819,4,823,17
2020-06-18,Mariposa,43,17540,19,18,0,18,1
2020-06-18,Mendocino,45,87422,63,45,0,45,0
2020-06-18,Merced,47,269075,931,486,0,486,7
2020-06-18,Modoc,49,8938,1,0,0,0,0
2020-06-18,Mono,51,14174,42,34,0,34,1
2020-06-18,Monterey,53,433212,1504,1127,2,1129,12
2020-06-18,Napa,55,140530,285,205,0,205,3
2020-06-18,Nevada,57,99092,98,68,1,69,1
2020-06-18,Orange,59,3164182,14697,9597,83,9680,255
2020-06-18,Placer,61,380077,607,457,3,460,9
2020-06-18,Plumas,63,18699,6,5,0,5,0
2020-06-18,Riverside,65,2383286,16436,12410,8,12418,392
2020-06-18,Sacramento,67,1510023,2496,1938,2,1940,63
2020-06-18,San Benito,69,59416,201,134,0,134,2
2020-06-18,San Bernardino,71,2135413,12087,8141,6,8147,226
2020-06-18,San Diego,73,3302833,12412,10094,0,10094,331
2020-06-18,San Francisco,75,870044,3304,2951,3,2954,47
2020-06-18,San Joaquin,77,732212,2956,1908,4,1912,47
2020-06-18,San Luis Obispo,79,281455,527,378,2,380,1
2020-06-18,San Mateo,81,765935,3048,2674,4,2678,78
2020-06-18,Santa Barbara,83,443738,3071,2201,24,2225,19
2020-06-18,Santa Clara,85,1922200,4246,3338,8,3346,152
2020-06-18,Santa Cruz,87,273765,342,275,0,275,3
2020-06-18,Shasta,89,179085,123,51,0,51,4
2020-06-18,Sierra,91,2930,1,1,0,1,0
2020-06-18,Siskiyou,93,43540,28,18,0,18,0
2020-06-18,Solano,95,438530,1201,735,4,739,21
2020-06-18,Sonoma,97,501317,1011,789,1,790,4
2020-06-18,Stanislaus,99,539301,2344,1495,5,1500,35
2020-06-18,Sutter,101,95872,122,85,0,85,2
2020-06-18,Tehama,103,63373,56,31,2,33,1
2020-06-18,Trinity,105,12862,4,2,1,3,0
2020-06-18,Tulare,107,460477,4049,3005,2,3007,107
2020-06-18,Tuolumne,109,53932,12,8,1,9,0
2020-06-18,Ventura,111,848112,2648,1781,6,1787,37
2020-06-18,Yolo,113,214977,418,294,0,294,24
2020-06-18,Yuba,115,75493,41,32,0,32,1
2020-06-17,Alameda,1,1643700,5401,4485,6,4491,117
2020-06-17,Alpine,3,1148,2,1,0,1,0
2020-06-17,Amador,5,37829,12,10,0,10,0
2020-06-17,Butte,7,227075,133,81,4,85,1
2020-06-17,Calaveras,9,45235,37,20,0,20,0
2020-06-17,Colusa,11,21464,19,7,0,7,0
2020-06-17,Contra Costa,13,1133247,2490,2020,1,2021,45
2020-06-17,Del Norte,15,27424,47,45,0,45,0
2020-06-17,El Dorado,17,186661,174,116,0,116,0
2020-06-17,Fresno,19,978130,5455,2801,43,2844,56
2020-06-17,Glenn,21,27897,75,31,0,31,0
2020-06-17,Humboldt,23,135768,138,105,0,105,3
2020-06-17,Imperial,25,180216,6524,4108,6,4114,36
2020-06-17,Inyo,27,18085,25,25,0,25,1
2020-06-17,Kern,29,883053,5120,3547,10,3557,56
2020-06-17,Kings,31,150075,2186,1097,4,1101,7
2020-06-17,Lake,33,64148,43,32,0,32,0
2020-06-17,Lassen,35,31185,15,5,1,6,0
2020-06-17,Los Angeles,37,10098052,88769,77166,24,77190,2973
2020-06-17,Madera,39,155013,536,258,0,258,4
2020-06-17,Marin,41,260295,1249,771,3,774,17
2020-06-17,Mariposa,43,17540,18,18,0,18,1
2020-06-17,Mendocino,45,87422,61,42,0,42,0
2020-06-17,Merced,47,269075,860,460,0,460,7
2020-06-17,Modoc,49,8938,1,0,0,0,0
2020-06-17,Mono,51,14174,42,34,0,34,1
2020-06-17,Monterey,53,433212,1452,1077,2,1079,12
2020-06-17,Napa,55,140530,270,202,0,202,3
2020-06-17,Nevada,57,99092,94,57,1,58,1
2020-06-17,Orange,59,3164182,14094,9278,77,9355,230
2020-06-17,Placer,61,380077,586,427,3,430,9
2020-06-17,Plumas,63,18699,6,5,0,5,0
2020-06-17,Riverside,65,2383286,15803,11859,8,11867,370
2020-06-17,Sacramento,67,1510023,2388,1889,2,1891,63
2020-06-17,San Benito,69,59416,196,116,0,116,2
2020-06-17,San Bernardino,71,2135413,11535,7670,6,7676,225
2020-06-17,San Diego,73,3302833,12033,9856,0,9856,327
2020-06-17,San Francisco,75,870044,3265,2906,3,2909,46
2020-06-17,San Joaquin,77,732212,2784,1825,4,1829,46
2020-06-17,San Luis Obispo,79,281455,510,362,2,364,1
2020-06-17,San Mateo,81,765935,3001,2649,4,2653,78
2020-06-17,Santa Barbara,83,443738,2998,2147,22,2169,19
2020-06-17,Santa Clara,85,1922200,4155,3264,7,3271,148
2020-06-17,Santa Cruz,87,273765,336,265,0,265,2
2020-06-17,Shasta,89,179085,121,51,0,51,4
2020-06-17,Sierra,91,2930,1,1,0,1,0
2020-06-17,Siskiyou,93,43540,27,16,0,16,0
2020-06-17,Solano,95,438530,1151,722,4,726,21
2020-06-17,Sonoma,97,501317,985,748,1,749,4
2020-06-17,Stanislaus,99,539301,2221,1387,5,1392,35
2020-06-17,Sutter,101,95872,116,79,0,79,2
2020-06-17,Tehama,103,63373,41,24,2,26,1
2020-06-17,Trinity,105,12862,4,2,1,3,0
2020-06-17,Tulare,107,460477,3940,2882,2,2884,106
2020-06-17,Tuolumne,109,53932,12,7,1,8,0
2020-06-17,Ventura,111,848112,2548,1729,6,1735,37
2020-06-17,Yolo,113,214977,398,277,0,277,24
2020-06-17,Yuba,115,75493,40,30,0,30,1
2020-06-16,Alameda,1,1643700,5285,4428,6,4434,113
2020-06-16,Alpine,3,1148,2,1,0,1,0
2020-06-16,Amador,5,37829,12,10,0,10,0
2020-06-16,Butte,7,227075,129,79,4,83,1
2020-06-16,Calaveras,9,45235,34,19,0,19,0
2020-06-16,Colusa,11,21464,16,7,0,7,0
2020-06-16,Contra Costa,13,1133247,2399,1971,0,1971,45
2020-06-16,Del Norte,15,27424,47,45,0,45,0
2020-06-16,El Dorado,17,186661,168,115,0,115,0
2020-06-16,Fresno,19,978130,5218,2731,42,2773,50
2020-06-16,Glenn,21,27897,71,30,0,30,0
2020-06-16,Humboldt,23,135768,135,105,0,105,3
2020-06-16,Imperial,25,180216,6364,3939,6,3945,36
2020-06-16,Inyo,27,18085,25,24,0,24,1
2020-06-16,Kern,29,883053,4896,3496,10,3506,55
2020-06-16,Kings,31,150075,2140,1044,4,1048,6
2020-06-16,Lake,33,64148,43,31,0,31,0
2020-06-16,Lassen,35,31185,12,5,1,6,0
2020-06-16,Los Angeles,37,10098052,86446,75051,24,75075,2942
2020-06-16,Madera,39,155013,510,239,0,239,3
2020-06-16,Marin,41,260295,1196,725,3,728,17
2020-06-16,Mariposa,43,17540,18,17,0,17,1
2020-06-16,Mendocino,45,87422,60,35,0,35,0
2020-06-16,Merced,47,269075,812,436,0,436,7
2020-06-16,Modoc,49,8938,1,0,0,0,0
2020-06-16,Mono,51,14174,42,34,0,34,1
2020-06-16,Monterey,53,433212,1404,1019,2,1021,12
2020-06-16,Napa,55,140530,255,196,0,196,3
2020-06-16,Nevada,57,99092,91,53,1,54,1
2020-06-16,Orange,59,3164182,13511,9163,75,9238,223
2020-06-16,Placer,61,380077,552,392,2,394,9
2020-06-16,Plumas,63,18699,6,5,0,5,0
2020-06-16,Riverside,65,2383286,15128,11638,8,11646,364
2020-06-16,Sacramento,67,1510023,2278,1825,2,1827,60
2020-06-16,San Benito,69,59416,188,110,0,110,2
2020-06-16,San Bernardino,71,2135413,10993,7463,6,7469,225
2020-06-16,San Diego,73,3302833,11671,9732,0,9732,323
2020-06-16,San Francisco,75,870044,3214,2893,3,2896,46
2020-06-16,San Joaquin,77,732212,2632,1718,4,1722,47
2020-06-16,San Luis Obispo,79,281455,487,343,2,345,1
2020-06-16,San Mateo,81,765935,2947,2618,4,2622,77
2020-06-16,Santa Barbara,83,443738,2931,2090,22,2112,16
2020-06-16,Santa Clara,85,1922200,4049,3228,6,3234,148
2020-06-16,Santa Cruz,87,273765,320,257,0,257,2
2020-06-16,Shasta,89,179085,112,51,0,51,4
2020-06-16,Sierra,91,2930,1,1,0,1,0
2020-06-16,Siskiyou,93,43540,26,15,0,15,0
2020-06-16,Solano,95,438530,1061,694,4,698,19
2020-06-16,Sonoma,97,501317,953,739,1,740,4
2020-06-16,Stanislaus,99,539301,2068,1278,5,1283,36
2020-06-16,Sutter,101,95872,109,73,0,73,2
2020-06-16,Tehama,103,63373,37,24,2,26,1
2020-06-16,Trinity,105,12862,4,2,1,3,0
2020-06-16,Tulare,107,460477,3823,2802,2,2804,96
2020-06-16,Tuolumne,109,53932,12,7,1,8,0
2020-06-16,Ventura,111,848112,2447,1676,6,1682,37
2020-06-16,Yolo,113,214977,374,262,0,262,24
2020-06-16,Yuba,115,75493,39,29,0,29,1
2020-06-15,Alameda,1,1643700,5160,4323,6,4329,112
2020-06-15,Alpine,3,1148,2,1,0,1,0
2020-06-15,Amador,5,37829,12,10,0,10,0
2020-06-15,Butte,7,227075,121,78,4,82,1
2020-06-15,Calaveras,9,45235,34,18,0,18,0
2020-06-15,Colusa,11,21464,14,7,0,7,0
2020-06-15,Contra Costa,13,1133247,2322,1918,0,1918,43
2020-06-15,Del Norte,15,27424,47,45,0,45,0
2020-06-15,El Dorado,17,186661,158,114,0,114,0
2020-06-15,Fresno,19,978130,5008,2616,41,2657,48
2020-06-15,Glenn,21,27897,66,21,0,21,0
2020-06-15,Humboldt,23,135768,133,105,0,105,3
2020-06-15,Imperial,25,180216,6189,3726,6,3732,36
2020-06-15,Inyo,27,18085,25,23,0,23,1
2020-06-15,Kern,29,883053,4674,3417,10,3427,55
2020-06-15,Kings,31,150075,2063,1022,4,1026,6
2020-06-15,Lake,33,64148,43,31,0,31,0
2020-06-15,Lassen,35,31185,12,5,1,6,0
2020-06-15,Los Angeles,37,10098052,84271,73705,24,73729,2908
2020-06-15,Madera,39,155013,488,203,0,203,3
2020-06-15,Marin,41,260295,1030,708,3,711,17
2020-06-15,Mariposa,43,17540,18,17,0,17,1
2020-06-15,Mendocino,45,87422,51,33,0,33,0
2020-06-15,Merced,47,269075,767,414,0,414,7
2020-06-15,Modoc,49,8938,1,0,0,0,0
2020-06-15,Mono,51,14174,42,34,0,34,1
2020-06-15,Monterey,53,433212,1338,998,2,1000,12
2020-06-15,Napa,55,140530,247,187,0,187,3
2020-06-15,Nevada,57,99092,85,52,1,53,1
2020-06-15,Orange,59,3164182,12947,8944,68,9012,212
2020-06-15,Placer,61,380077,536,386,2,388,9
2020-06-15,Plumas,63,18699,6,4,0,4,0
2020-06-15,Riverside,65,2383286,14506,11376,8,11384,364
2020-06-15,Sacramento,67,1510023,2163,1791,2,1793,60
2020-06-15,San Benito,69,59416,182,108,0,108,2
2020-06-15,San Bernardino,71,2135413,10488,7189,6,7195,224
2020-06-15,San Diego,73,3302833,11331,9612,0,9612,320
2020-06-15,San Francisco,75,870044,3170,2833,3,2836,45
2020-06-15,San Joaquin,77,732212,2496,1667,4,1671,43
2020-06-15,San Luis Obispo,79,281455,474,332,2,334,1
2020-06-15,San Mateo,81,765935,2900,2591,4,2595,75
2020-06-15,Santa Barbara,83,443738,2863,2054,22,2076,16
2020-06-15,Santa Clara,85,1922200,3949,3204,6,3210,148
2020-06-15,Santa Cruz,87,273765,309,254,0,254,2
2020-06-15,Shasta,89,179085,106,50,0,50,4
2020-06-15,Sierra,91,2930,1,1,0,1,0
2020-06-15,Siskiyou,93,43540,25,14,0,14,0
2020-06-15,Solano,95,438530,1001,638,4,642,19
2020-06-15,Sonoma,97,501317,924,726,1,727,4
2020-06-15,Stanislaus,99,539301,1951,1253,5,1258,35
2020-06-15,Sutter,101,95872,99,71,0,71,2
2020-06-15,Tehama,103,63373,37,17,2,19,1
2020-06-15,Trinity,105,12862,3,2,1,3,0
2020-06-15,Tulare,107,460477,3709,2662,2,2664,96
2020-06-15,Tuolumne,109,53932,11,7,1,8,0
2020-06-15,Ventura,111,848112,2366,1656,6,1662,37
2020-06-15,Yolo,113,214977,354,255,0,255,24
2020-06-15,Yuba,115,75493,39,28,0,28,1
2020-06-14,Alameda,1,1643700,5015,4271,6,4277,112
2020-06-14,Alpine,3,1148,2,1,0,1,0
2020-06-14,Amador,5,37829,12,10,0,10,0
2020-06-14,Butte,7,227075,114,78,4,82,1
2020-06-14,Calaveras,9,45235,33,18,0,18,0
2020-06-14,Colusa,11,21464,13,7,0,7,0
2020-06-14,Contra Costa,13,1133247,2253,1893,0,1893,43
2020-06-14,Del Norte,15,27424,47,45,0,45,0
2020-06-14,El Dorado,17,186661,154,110,0,110,0
2020-06-14,Fresno,19,978130,4824,2585,40,2625,48
2020-06-14,Glenn,21,27897,51,21,0,21,0
2020-06-14,Humboldt,23,135768,129,105,0,105,3
2020-06-14,Imperial,25,180216,5956,3730,6,3736,36
2020-06-14,Inyo,27,18085,24,23,0,23,1
2020-06-14,Kern,29,883053,4463,3328,10,3338,55
2020-06-14,Kings,31,150075,2012,1022,4,1026,6
2020-06-14,Lake,33,64148,40,31,0,31,0
2020-06-14,Lassen,35,31185,12,5,1,6,0
2020-06-14,Los Angeles,37,10098052,81946,72932,24,72956,2887
2020-06-14,Madera,39,155013,470,203,0,203,3
2020-06-14,Marin,41,260295,865,689,2,691,17
2020-06-14,Mariposa,43,17540,18,16,0,16,1
2020-06-14,Mendocino,45,87422,48,33,0,33,0
2020-06-14,Merced,47,269075,716,403,0,403,7
2020-06-14,Modoc,49,8938,1,0,0,0,0
2020-06-14,Mono,51,14174,42,34,0,34,1
2020-06-14,Monterey,53,433212,1277,949,2,951,12
2020-06-14,Napa,55,140530,225,181,0,181,3
2020-06-14,Nevada,57,99092,81,52,1,53,1
2020-06-14,Orange,59,3164182,12523,8744,65,8809,211
2020-06-14,Placer,61,380077,512,369,2,371,9
2020-06-14,Plumas,63,18699,5,4,0,4,0
2020-06-14,Riverside,65,2383286,14063,11218,8,11226,364
2020-06-14,Sacramento,67,1510023,2078,1750,2,1752,60
2020-06-14,San Benito,69,59416,171,104,0,104,2
2020-06-14,San Bernardino,71,2135413,9948,7015,6,7021,224
2020-06-14,San Diego,73,3302833,10956,9442,0,9442,319
2020-06-14,San Francisco,75,870044,3130,2834,3,2837,45
2020-06-14,San Joaquin,77,732212,2345,1603,4,1607,43
2020-06-14,San Luis Obispo,79,281455,459,330,2,332,1
2020-06-14,San Mateo,81,765935,2843,2571,4,2575,75
2020-06-14,Santa Barbara,83,443738,2786,2049,22,2071,17
2020-06-14,Santa Clara,85,1922200,3857,3178,6,3184,148
2020-06-14,Santa Cruz,87,273765,295,254,0,254,2
2020-06-14,Shasta,89,179085,100,48,0,48,4
2020-06-14,Sierra,91,2930,1,1,0,1,0
2020-06-14,Siskiyou,93,43540,24,13,0,13,0
2020-06-14,Solano,95,438530,952,638,4,642,19
2020-06-14,Sonoma,97,501317,896,724,1,725,4
2020-06-14,Stanislaus,99,539301,1803,1159,5,1164,35
2020-06-14,Sutter,101,95872,94,63,0,63,2
2020-06-14,Tehama,103,63373,34,17,2,19,1
2020-06-14,Trinity,105,12862,3,2,1,3,0
2020-06-14,Tulare,107,460477,3577,2646,2,2648,96
2020-06-14,Tuolumne,109,53932,11,7,1,8,0
2020-06-14,Ventura,111,848112,2268,1610,5,1615,37
2020-06-14,Yolo,113,214977,338,254,0,254,24
2020-06-14,Yuba,115,75493,38,28,0,28,1
2020-06-13,Alameda,1,1643700,4952,4196,6,4202,112
2020-06-13,Alpine,3,1148,2,1,0,1,0
2020-06-13,Amador,5,37829,11,10,0,10,0
2020-06-13,Butte,7,227075,105,72,4,76,1
2020-06-13,Calaveras,9,45235,31,18,0,18,0
2020-06-13,Colusa,11,21464,12,7,0,7,0
2020-06-13,Contra Costa,13,1133247,2217,1868,0,1868,43
2020-06-13,Del Norte,15,27424,47,45,0,45,0
2020-06-13,El Dorado,17,186661,150,110,0,110,0
2020-06-13,Fresno,19,978130,4726,2499,40,2539,48
2020-06-13,Glenn,21,27897,49,21,0,21,0
2020-06-13,Humboldt,23,135768,128,104,0,104,3
2020-06-13,Imperial,25,180216,5883,3646,6,3652,36
2020-06-13,Inyo,27,18085,24,23,0,23,1
2020-06-13,Kern,29,883053,4354,3239,10,3249,55
2020-06-13,Kings,31,150075,1992,1023,4,1027,6
2020-06-13,Lake,33,64148,39,29,0,29,0
2020-06-13,Lassen,35,31185,12,5,1,6,0
2020-06-13,Los Angeles,37,10098052,80906,71938,23,71961,2874
2020-06-13,Madera,39,155013,466,203,0,203,3
2020-06-13,Marin,41,260295,835,677,2,679,17
2020-06-13,Mariposa,43,17540,18,16,0,16,1
2020-06-13,Mendocino,45,87422,48,33,0,33,0
2020-06-13,Merced,47,269075,698,376,0,376,7
2020-06-13,Modoc,49,8938,1,0,0,0,0
2020-06-13,Mono,51,14174,42,35,0,35,1
2020-06-13,Monterey,53,433212,1239,900,2,902,11
2020-06-13,Napa,55,140530,222,171,0,171,3
2020-06-13,Nevada,57,99092,79,52,1,53,1
2020-06-13,Orange,59,3164182,12280,8581,61,8642,211
2020-06-13,Placer,61,380077,498,346,2,348,9
2020-06-13,Plumas,63,18699,5,4,0,4,0
2020-06-13,Riverside,65,2383286,13783,10931,8,10939,364
2020-06-13,Sacramento,67,1510023,2024,1713,2,1715,60
2020-06-13,San Benito,69,59416,164,99,0,99,2
2020-06-13,San Bernardino,71,2135413,9723,6885,6,6891,224
2020-06-13,San Diego,73,3302833,10784,9316,0,9316,319
2020-06-13,San Francisco,75,870044,3110,2834,3,2837,44
2020-06-13,San Joaquin,77,732212,2264,1461,4,1465,43
2020-06-13,San Luis Obispo,79,281455,448,326,2,328,1
2020-06-13,San Mateo,81,765935,2820,2551,4,2555,75
2020-06-13,Santa Barbara,83,443738,2728,1999,22,2021,15
2020-06-13,Santa Clara,85,1922200,3816,3141,6,3147,148
2020-06-13,Santa Cruz,87,273765,289,254,0,254,2
2020-06-13,Shasta,89,179085,98,48,0,48,4
2020-06-13,Sierra,91,2930,1,1,0,1,0
2020-06-13,Siskiyou,93,43540,24,13,0,13,0
2020-06-13,Solano,95,438530,924,637,4,641,19
2020-06-13,Sonoma,97,501317,881,711,1,712,4
2020-06-13,Stanislaus,99,539301,1746,1122,5,1127,33
2020-06-13,Sutter,101,95872,93,62,0,62,2
2020-06-13,Tehama,103,63373,33,17,2,19,1
2020-06-13,Trinity,105,12862,3,2,1,3,0
2020-06-13,Tulare,107,460477,3545,2626,2,2628,96
2020-06-13,Tuolumne,109,53932,10,7,1,8,0
2020-06-13,Ventura,111,848112,2222,1567,5,1572,37
2020-06-13,Yolo,113,214977,317,251,0,251,24
2020-06-13,Yuba,115,75493,38,28,0,28,1
2020-06-12,Alameda,1,1643700,4879,4167,6,4173,109
2020-06-12,Alpine,3,1148,2,1,0,1,0
2020-06-12,Amador,5,37829,11,10,0,10,0
2020-06-12,Butte,7,227075,101,71,4,75,1
2020-06-12,Calaveras,9,45235,28,18,0,18,0
2020-06-12,Colusa,11,21464,12,7,0,7,0
2020-06-12,Contra Costa,13,1133247,2180,1827,0,1827,43
2020-06-12,Del Norte,15,27424,47,45,0,45,0
2020-06-12,El Dorado,17,186661,150,110,0,110,0
2020-06-12,Fresno,19,978130,4590,2428,40,2468,47
2020-06-12,Glenn,21,27897,46,21,0,21,0
2020-06-12,Humboldt,23,135768,126,105,0,105,3
2020-06-12,Imperial,25,180216,5799,3543,6,3549,36
2020-06-12,Inyo,27,18085,24,23,0,23,1
2020-06-12,Kern,29,883053,4238,3152,10,3162,54
2020-06-12,Kings,31,150075,1979,987,4,991,6
2020-06-12,Lake,33,64148,38,29,0,29,0
2020-06-12,Lassen,35,31185,12,5,1,6,0
2020-06-12,Los Angeles,37,10098052,79498,70385,23,70408,2814
2020-06-12,Madera,39,155013,441,187,0,187,3
2020-06-12,Marin,41,260295,832,649,2,651,17
2020-06-12,Mariposa,43,17540,18,16,0,16,1
2020-06-12,Mendocino,45,87422,48,33,0,33,0
2020-06-12,Merced,47,269075,663,372,0,372,7
2020-06-12,Modoc,49,8938,1,0,0,0,0
2020-06-12,Mono,51,14174,39,35,0,35,1
2020-06-12,Monterey,53,433212,1198,864,2,866,11
2020-06-12,Napa,55,140530,219,162,0,162,3
2020-06-12,Nevada,57,99092,73,52,1,53,1
2020-06-12,Orange,59,3164182,11975,8440,60,8500,203
2020-06-12,Placer,61,380077,481,333,2,335,9
2020-06-12,Plumas,63,18699,5,4,0,4,0
2020-06-12,Riverside,65,2383286,13446,10616,8,10624,364
2020-06-12,Sacramento,67,1510023,1969,1702,2,1704,60
2020-06-12,San Benito,69,59416,157,96,0,96,2
2020-06-12,San Bernardino,71,2135413,9454,6707,5,6712,223
2020-06-12,San Diego,73,3302833,10614,9132,0,9132,313
2020-06-12,San Francisco,75,870044,3076,2823,3,2826,44
2020-06-12,San Joaquin,77,732212,2184,1406,4,1410,43
2020-06-12,San Luis Obispo,79,281455,432,321,2,323,1
2020-06-12,San Mateo,81,765935,2785,2533,4,2537,75
2020-06-12,Santa Barbara,83,443738,2674,1969,22,1991,14
2020-06-12,Santa Clara,85,1922200,3775,3099,6,3105,149
2020-06-12,Santa Cruz,87,273765,281,251,0,251,2
2020-06-12,Shasta,89,179085,91,48,0,48,5
2020-06-12,Sierra,91,2930,1,1,0,1,0
2020-06-12,Siskiyou,93,43540,24,13,0,13,0
2020-06-12,Solano,95,438530,910,620,4,624,19
2020-06-12,Sonoma,97,501317,862,696,1,697,4
2020-06-12,Stanislaus,99,539301,1687,1092,5,1097,33
2020-06-12,Sutter,101,95872,92,56,0,56,2
2020-06-12,Tehama,103,63373,32,13,2,15,1
2020-06-12,Trinity,105,12862,3,2,1,3,0
2020-06-12,Tulare,107,460477,3491,2552,2,2554,95
2020-06-12,Tuolumne,109,53932,10,7,1,8,0
2020-06-12,Ventura,111,848112,2170,1534,5,1539,35
2020-06-12,Yolo,113,214977,305,243,0,243,24
2020-06-12,Yuba,115,75493,36,27,0,27,1
2020-06-11,Alameda,1,1643700,4748,4073,5,4078,108
2020-06-11,Alpine,3,1148,2,1,0,1,0
2020-06-11,Amador,5,37829,10,10,0,10,0
2020-06-11,Butte,7,227075,95,72,4,76,1
2020-06-11,Calaveras,9,45235,27,16,0,16,0
2020-06-11,Colusa,11,21464,12,7,0,7,0
2020-06-11,Contra Costa,13,1133247,2126,1797,0,1797,43
2020-06-11,Del Norte,15,27424,47,45,0,45,0
2020-06-11,El Dorado,17,186661,142,109,0,109,0
2020-06-11,Fresno,19,978130,4435,2338,40,2378,45
2020-06-11,Glenn,21,27897,42,21,0,21,0
2020-06-11,Humboldt,23,135768,122,113,0,113,3
2020-06-11,Imperial,25,180216,5642,3463,6,3469,36
2020-06-11,Inyo,27,18085,22,23,0,23,1
2020-06-11,Kern,29,883053,4086,3047,8,3055,54
2020-06-11,Kings,31,150075,1945,963,4,967,6
2020-06-11,Lake,33,64148,38,28,0,28,0
2020-06-11,Lassen,35,31185,12,5,1,6,0
2020-06-11,Los Angeles,37,10098052,77830,68807,22,68829,2800
2020-06-11,Madera,39,155013,423,178,0,178,3
2020-06-11,Marin,41,260295,784,637,2,639,17
2020-06-11,Mariposa,43,17540,18,16,0,16,1
2020-06-11,Mendocino,45,87422,39,35,0,35,0
2020-06-11,Merced,47,269075,623,370,0,370,7
2020-06-11,Modoc,49,8938,1,0,0,0,0
2020-06-11,Mono,51,14174,39,35,0,35,1
2020-06-11,Monterey,53,433212,1151,813,2,815,11
2020-06-11,Napa,55,140530,210,162,0,162,3
2020-06-11,Nevada,57,99092,67,50,1,51,1
2020-06-11,Orange,59,3164182,11667,8304,59,8363,188
2020-06-11,Placer,61,380077,460,321,2,323,9
2020-06-11,Plumas,63,18699,5,4,0,4,0
2020-06-11,Riverside,65,2383286,13094,10014,8,10022,361
2020-06-11,Sacramento,67,1510023,1921,1669,2,1671,60
2020-06-11,San Benito,69,59416,151,94,0,94,2
2020-06-11,San Bernardino,71,2135413,9158,6509,5,6514,221
2020-06-11,San Diego,73,3302833,10384,9000,0,9000,308
2020-06-11,San Francisco,75,870044,3047,2766,3,2769,44
2020-06-11,San Joaquin,77,732212,2072,1351,4,1355,43
2020-06-11,San Luis Obispo,79,281455,418,307,2,309,1
2020-06-11,San Mateo,81,765935,2747,2499,4,2503,74
2020-06-11,Santa Barbara,83,443738,2609,1895,22,1917,14
2020-06-11,Santa Clara,85,1922200,3709,3049,6,3055,149
2020-06-11,Santa Cruz,87,273765,277,247,0,247,2
2020-06-11,Shasta,89,179085,84,47,0,47,5
2020-06-11,Sierra,91,2930,1,1,0,1,0
2020-06-11,Siskiyou,93,43540,24,14,0,14,0
2020-06-11,Solano,95,438530,884,616,4,620,19
2020-06-11,Sonoma,97,501317,839,682,1,683,4
2020-06-11,Stanislaus,99,539301,1596,1062,5,1067,30
2020-06-11,Sutter,101,95872,89,56,0,56,2
2020-06-11,Tehama,103,63373,27,10,2,12,1
2020-06-11,Trinity,105,12862,3,2,1,3,0
2020-06-11,Tulare,107,460477,3394,2473,2,2475,95
2020-06-11,Tuolumne,109,53932,10,7,1,8,0
2020-06-11,Ventura,111,848112,2093,1491,5,1496,34
2020-06-11,Yolo,113,214977,297,230,0,230,24
2020-06-11,Yuba,115,75493,36,27,0,27,1
2020-06-10,Alameda,1,1643700,4648,4027,4,4031,107
2020-06-10,Alpine,3,1148,2,1,0,1,0
2020-06-10,Amador,5,37829,10,10,0,10,0
2020-06-10,Butte,7,227075,92,71,4,75,1
2020-06-10,Calaveras,9,45235,27,16,0,16,0
2020-06-10,Colusa,11,21464,11,7,0,7,0
2020-06-10,Contra Costa,13,1133247,2082,1778,0,1778,43
2020-06-10,Del Norte,15,27424,47,45,0,45,0
2020-06-10,El Dorado,17,186661,139,109,0,109,0
2020-06-10,Fresno,19,978130,4259,2324,40,2364,45
2020-06-10,Glenn,21,27897,39,21,0,21,0
2020-06-10,Humboldt,23,135768,118,112,0,112,3
2020-06-10,Imperial,25,180216,5494,3454,6,3460,36
2020-06-10,Inyo,27,18085,22,23,0,23,1
2020-06-10,Kern,29,883053,3961,3000,8,3008,54
2020-06-10,Kings,31,150075,1898,952,3,955,6
2020-06-10,Lake,33,64148,38,28,0,28,0
2020-06-10,Lassen,35,31185,12,5,1,6,0
2020-06-10,Los Angeles,37,10098052,76309,67018,22,67040,2752
2020-06-10,Madera,39,155013,409,176,0,176,3
2020-06-10,Marin,41,260295,752,633,2,635,17
2020-06-10,Mariposa,43,17540,17,16,0,16,1
2020-06-10,Mendocino,45,87422,38,35,0,35,0
2020-06-10,Merced,47,269075,590,370,0,370,7
2020-06-10,Modoc,49,8938,1,0,0,0,0
2020-06-10,Mono,51,14174,39,35,0,35,1
2020-06-10,Monterey,53,433212,1097,791,2,793,11
2020-06-10,Napa,55,140530,207,159,0,159,3
2020-06-10,Nevada,57,99092,65,50,1,51,1
2020-06-10,Orange,59,3164182,11391,8222,56,8278,184
2020-06-10,Placer,61,380077,430,309,2,311,9
2020-06-10,Plumas,63,18699,5,4,0,4,0
2020-06-10,Riverside,65,2383286,12771,9857,8,9865,361
2020-06-10,Sacramento,67,1510023,1882,1643,2,1645,59
2020-06-10,San Benito,69,59416,142,94,0,94,2
2020-06-10,San Bernardino,71,2135413,8866,6438,5,6443,219
2020-06-10,San Diego,73,3302833,10220,8839,0,8839,305
2020-06-10,San Francisco,75,870044,3022,2774,3,2777,44
2020-06-10,San Joaquin,77,732212,1943,1282,4,1286,41
2020-06-10,San Luis Obispo,79,281455,399,306,2,308,1
2020-06-10,San Mateo,81,765935,2706,2492,4,2496,74
2020-06-10,Santa Barbara,83,443738,2553,1878,22,1900,13
2020-06-10,Santa Clara,85,1922200,3658,3032,6,3038,149
2020-06-10,Santa Cruz,87,273765,273,242,0,242,2
2020-06-10,Shasta,89,179085,79,45,0,45,5
2020-06-10,Sierra,91,2930,1,1,0,1,0
2020-06-10,Siskiyou,93,43540,24,14,0,14,0
2020-06-10,Solano,95,438530,848,608,4,612,19
2020-06-10,Sonoma,97,501317,821,673,1,674,4
2020-06-10,Stanislaus,99,539301,1506,1030,5,1035,29
2020-06-10,Sutter,101,95872,88,56,0,56,2
2020-06-10,Tehama,103,63373,25,10,2,12,1
2020-06-10,Trinity,105,12862,3,2,1,3,0
2020-06-10,Tulare,107,460477,3302,2455,2,2457,95
2020-06-10,Tuolumne,109,53932,10,7,1,8,0
2020-06-10,Ventura,111,848112,2047,1446,4,1450,34
2020-06-10,Yolo,113,214977,289,226,0,226,24
2020-06-10,Yuba,115,75493,35,27,0,27,1
2020-06-09,Alameda,1,1643700,4538,3963,4,3967,103
2020-06-09,Alpine,3,1148,2,1,0,1,0
2020-06-09,Amador,5,37829,10,10,0,10,0
2020-06-09,Butte,7,227075,91,70,4,74,1
2020-06-09,Calaveras,9,45235,27,16,0,16,0
2020-06-09,Colusa,11,21464,10,7,0,7,0
2020-06-09,Contra Costa,13,1133247,2042,1744,0,1744,42
2020-06-09,Del Norte,15,27424,47,45,0,45,0
2020-06-09,El Dorado,17,186661,133,108,0,108,0
2020-06-09,Fresno,19,978130,4107,2278,40,2318,43
2020-06-09,Glenn,21,27897,38,19,0,19,0
2020-06-09,Humboldt,23,135768,116,113,0,113,2
2020-06-09,Imperial,25,180216,5342,3067,6,3073,36
2020-06-09,Inyo,27,18085,22,22,0,22,1
2020-06-09,Kern,29,883053,3834,2920,8,2928,51
2020-06-09,Kings,31,150075,1866,934,3,937,6
2020-06-09,Lake,33,64148,38,28,0,28,0
2020-06-09,Lassen,35,31185,12,5,1,6,0
2020-06-09,Los Angeles,37,10098052,74650,65827,22,65849,2692
2020-06-09,Madera,39,155013,394,172,0,172,3
2020-06-09,Marin,41,260295,716,616,2,618,17
2020-06-09,Mariposa,43,17540,17,16,0,16,1
2020-06-09,Mendocino,45,87422,34,35,0,35,0
2020-06-09,Merced,47,269075,561,349,0,349,7
2020-06-09,Modoc,49,8938,1,0,0,0,0
2020-06-09,Mono,51,14174,39,35,0,35,1
2020-06-09,Monterey,53,433212,1056,772,2,774,11
2020-06-09,Napa,55,140530,197,156,0,156,3
2020-06-09,Nevada,57,99092,57,50,1,51,1
2020-06-09,Orange,59,3164182,11150,7991,54,8045,174
2020-06-09,Placer,61,380077,416,301,2,303,9
2020-06-09,Plumas,63,18699,5,4,0,4,0
2020-06-09,Riverside,65,2383286,12393,9511,8,9519,354
2020-06-09,Sacramento,67,1510023,1828,1625,2,1627,59
2020-06-09,San Benito,69,59416,136,95,0,95,2
2020-06-09,San Bernardino,71,2135413,8542,6268,4,6272,217
2020-06-09,San Diego,73,3302833,10035,8731,0,8731,301
2020-06-09,San Francisco,75,870044,2997,2749,3,2752,44
2020-06-09,San Joaquin,77,732212,1836,1240,4,1244,41
2020-06-09,San Luis Obispo,79,281455,386,301,1,302,1
2020-06-09,San Mateo,81,765935,2675,2463,4,2467,74
2020-06-09,Santa Barbara,83,443738,2491,1854,22,1876,13
2020-06-09,Santa Clara,85,1922200,3591,3006,6,3012,147
2020-06-09,Santa Cruz,87,273765,267,237,0,237,2
2020-06-09,Shasta,89,179085,75,44,0,44,4
2020-06-09,Sierra,91,2930,1,1,0,1,0
2020-06-09,Siskiyou,93,43540,19,10,0,10,0
2020-06-09,Solano,95,438530,813,596,4,600,18
2020-06-09,Sonoma,97,501317,798,661,1,662,4
2020-06-09,Stanislaus,99,539301,1405,993,5,998,25
2020-06-09,Sutter,101,95872,85,56,0,56,2
2020-06-09,Tehama,103,63373,25,9,2,11,1
2020-06-09,Trinity,105,12862,3,2,1,3,0
2020-06-09,Tulare,107,460477,3236,2393,2,2395,91
2020-06-09,Tuolumne,109,53932,10,8,1,9,0
2020-06-09,Ventura,111,848112,1981,1407,4,1411,34
2020-06-09,Yolo,113,214977,278,226,0,226,24
2020-06-09,Yuba,115,75493,34,27,0,27,1
2020-06-08,Alameda,1,1643700,4458,3937,4,3941,103
2020-06-08,Alpine,3,1148,2,1,0,1,0
2020-06-08,Amador,5,37829,10,10,0,10,0
2020-06-08,Butte,7,227075,89,68,4,72,1
2020-06-08,Calaveras,9,45235,27,16,0,16,0
2020-06-08,Colusa,11,21464,9,7,0,7,0
2020-06-08,Contra Costa,13,1133247,1999,1714,0,1714,41
2020-06-08,Del Norte,15,27424,47,45,0,45,0
2020-06-08,El Dorado,17,186661,129,107,0,107,0
2020-06-08,Fresno,19,978130,3982,2194,39,2233,42
2020-06-08,Glenn,21,27897,36,17,0,17,0
2020-06-08,Humboldt,23,135768,116,112,0,112,2
2020-06-08,Imperial,25,180216,5190,3051,6,3057,21
2020-06-08,Inyo,27,18085,22,22,0,22,1
2020-06-08,Kern,29,883053,3704,2853,8,2861,49
2020-06-08,Kings,31,150075,1790,892,3,895,6
2020-06-08,Lake,33,64148,38,28,0,28,0
2020-06-08,Lassen,35,31185,12,4,1,5,0
2020-06-08,Los Angeles,37,10098052,73191,64634,22,64656,2640
2020-06-08,Madera,39,155013,364,154,0,154,3
2020-06-08,Marin,41,260295,675,596,2,598,17
2020-06-08,Mariposa,43,17540,16,16,0,16,1
2020-06-08,Mendocino,45,87422,32,32,0,32,0
2020-06-08,Merced,47,269075,527,331,0,331,7
2020-06-08,Modoc,49,8938,1,0,0,0,0
2020-06-08,Mono,51,14174,39,35,0,35,1
2020-06-08,Monterey,53,433212,1005,751,1,752,10
2020-06-08,Napa,55,140530,181,151,0,151,3
2020-06-08,Nevada,57,99092,56,50,1,51,1
2020-06-08,Orange,59,3164182,10898,7786,53,7839,160
2020-06-08,Placer,61,380077,392,290,2,292,9
2020-06-08,Plumas,63,18699,5,4,0,4,0
2020-06-08,Riverside,65,2383286,12024,9246,8,9254,347
2020-06-08,Sacramento,67,1510023,1778,1591,2,1593,59
2020-06-08,San Benito,69,59416,129,93,0,93,2
2020-06-08,San Bernardino,71,2135413,8221,6122,4,6126,214
2020-06-08,San Diego,73,3302833,9878,8621,0,8621,296
2020-06-08,San Francisco,75,870044,2970,2715,3,2718,43
2020-06-08,San Joaquin,77,732212,1729,1198,4,1202,40
2020-06-08,San Luis Obispo,79,281455,380,300,1,301,1
2020-06-08,San Mateo,81,765935,2644,2431,3,2434,74
2020-06-08,Santa Barbara,83,443738,2430,1824,22,1846,13
2020-06-08,Santa Clara,85,1922200,3546,2971,6,2977,146
2020-06-08,Santa Cruz,87,273765,266,234,0,234,2
2020-06-08,Shasta,89,179085,71,43,0,43,4
2020-06-08,Sierra,91,2930,1,1,0,1,0
2020-06-08,Siskiyou,93,43540,19,8,0,8,0
2020-06-08,Solano,95,438530,786,560,4,564,19
2020-06-08,Sonoma,97,501317,782,654,1,655,4
2020-06-08,Stanislaus,99,539301,1323,956,5,961,28
2020-06-08,Sutter,101,95872,78,55,0,55,2
2020-06-08,Tehama,103,63373,19,8,1,9,1
2020-06-08,Trinity,105,12862,3,2,1,3,0
2020-06-08,Tulare,107,460477,3153,2301,2,2303,91
2020-06-08,Tuolumne,109,53932,9,8,1,9,0
2020-06-08,Ventura,111,848112,1923,1382,4,1386,30
2020-06-08,Yolo,113,214977,267,228,0,228,24
2020-06-08,Yuba,115,75493,32,27,0,27,1
2020-06-07,Alameda,1,1643700,4345,3866,4,3870,102
2020-06-07,Alpine,3,1148,2,1,0,1,0
2020-06-07,Amador,5,37829,10,10,0,10,0
2020-06-07,Butte,7,227075,87,64,3,67,1
2020-06-07,Calaveras,9,45235,25,16,0,16,0
2020-06-07,Colusa,11,21464,9,7,0,7,0
2020-06-07,Contra Costa,13,1133247,1948,1653,0,1653,38
2020-06-07,Del Norte,15,27424,45,45,0,45,0
2020-06-07,El Dorado,17,186661,129,104,0,104,0
2020-06-07,Fresno,19,978130,3852,2144,39,2183,41
2020-06-07,Glenn,21,27897,29,16,0,16,0
2020-06-07,Humboldt,23,135768,116,112,0,112,2
2020-06-07,Imperial,25,180216,5038,3048,6,3054,19
2020-06-07,Inyo,27,18085,22,21,0,21,1
2020-06-07,Kern,29,883053,3574,2771,8,2779,46
2020-06-07,Kings,31,150075,1742,882,3,885,6
2020-06-07,Lake,33,64148,35,28,0,28,0
2020-06-07,Lassen,35,31185,11,4,1,5,0
2020-06-07,Los Angeles,37,10098052,71482,63750,22,63772,2629
2020-06-07,Madera,39,155013,347,149,0,149,3
2020-06-07,Marin,41,260295,661,584,2,586,17
2020-06-07,Mariposa,43,17540,16,16,0,16,1
2020-06-07,Mendocino,45,87422,32,32,0,32,0
2020-06-07,Merced,47,269075,494,318,0,318,7
2020-06-07,Modoc,49,8938,1,0,0,0,0
2020-06-07,Mono,51,14174,39,35,0,35,1
2020-06-07,Monterey,53,433212,958,732,1,733,10
2020-06-07,Napa,55,140530,173,142,0,142,3
2020-06-07,Nevada,57,99092,55,50,1,51,1
2020-06-07,Orange,59,3164182,10641,7643,51,7694,158
2020-06-07,Placer,61,380077,370,273,2,275,9
2020-06-07,Plumas,63,18699,5,4,0,4,0
2020-06-07,Riverside,65,2383286,11728,9105,8,9113,344
2020-06-07,Sacramento,67,1510023,1732,1568,2,1570,59
2020-06-07,San Benito,69,59416,126,92,0,92,2
2020-06-07,San Bernardino,71,2135413,7938,6033,4,6037,214
2020-06-07,San Diego,73,3302833,9699,8478,0,8478,296
2020-06-07,San Francisco,75,870044,2926,2674,2,2676,43
2020-06-07,San Joaquin,77,732212,1628,1126,4,1130,37
2020-06-07,San Luis Obispo,79,281455,370,296,1,297,1
2020-06-07,San Mateo,81,765935,2617,2399,3,2402,73
2020-06-07,Santa Barbara,83,443738,2369,1818,22,1840,13
2020-06-07,Santa Clara,85,1922200,3496,2947,6,2953,146
2020-06-07,Santa Cruz,87,273765,258,230,0,230,2
2020-06-07,Shasta,89,179085,70,41,0,41,4
2020-06-07,Sierra,91,2930,1,1,0,1,0
2020-06-07,Siskiyou,93,43540,19,8,0,8,0
2020-06-07,Solano,95,438530,763,560,4,564,19
2020-06-07,Sonoma,97,501317,751,639,1,640,4
2020-06-07,Stanislaus,99,539301,1244,905,5,910,28
2020-06-07,Sutter,101,95872,70,55,0,55,2
2020-06-07,Tehama,103,63373,16,8,1,9,1
2020-06-07,Trinity,105,12862,2,2,1,3,0
2020-06-07,Tulare,107,460477,3031,2219,2,2221,90
2020-06-07,Tuolumne,109,53932,9,4,1,5,0
2020-06-07,Ventura,111,848112,1858,1337,4,1341,30
2020-06-07,Yolo,113,214977,257,224,0,224,24
2020-06-07,Yuba,115,75493,32,27,0,27,1
2020-06-06,Alameda,1,1643700,4300,3801,4,3805,102
2020-06-06,Alpine,3,1148,2,1,0,1,0
2020-06-06,Amador,5,37829,10,10,0,10,0
2020-06-06,Butte,7,227075,86,63,3,66,1
2020-06-06,Calaveras,9,45235,23,16,0,16,0
2020-06-06,Colusa,11,21464,9,7,0,7,0
2020-06-06,Contra Costa,13,1133247,1927,1619,0,1619,37
2020-06-06,Del Norte,15,27424,45,45,0,45,0
2020-06-06,El Dorado,17,186661,126,104,0,104,0
2020-06-06,Fresno,19,978130,3799,2117,39,2156,41
2020-06-06,Glenn,21,27897,27,16,0,16,0
2020-06-06,Humboldt,23,135768,116,112,0,112,2
2020-06-06,Imperial,25,180216,4963,3047,6,3053,19
2020-06-06,Inyo,27,18085,22,21,0,21,1
2020-06-06,Kern,29,883053,3504,2695,8,2703,46
2020-06-06,Kings,31,150075,1723,882,3,885,6
2020-06-06,Lake,33,64148,35,28,0,28,0
2020-06-06,Lassen,35,31185,11,4,1,5,0
2020-06-06,Los Angeles,37,10098052,70735,62269,22,62291,2607
2020-06-06,Madera,39,155013,338,149,0,149,3
2020-06-06,Marin,41,260295,656,556,2,558,17
2020-06-06,Mariposa,43,17540,16,16,0,16,1
2020-06-06,Mendocino,45,87422,32,32,0,32,0
2020-06-06,Merced,47,269075,492,315,0,315,7
2020-06-06,Modoc,49,8938,1,0,0,0,0
2020-06-06,Mono,51,14174,39,35,0,35,1
2020-06-06,Monterey,53,433212,934,679,1,680,10
2020-06-06,Napa,55,140530,167,136,0,136,3
2020-06-06,Nevada,57,99092,54,50,1,51,1
2020-06-06,Orange,59,3164182,10482,7576,50,7626,157
2020-06-06,Placer,61,380077,362,270,2,272,9
2020-06-06,Plumas,63,18699,5,4,0,4,0
2020-06-06,Riverside,65,2383286,11549,8935,8,8943,345
2020-06-06,Sacramento,67,1510023,1709,1533,2,1535,59
2020-06-06,San Benito,69,59416,116,92,0,92,2
2020-06-06,San Bernardino,71,2135413,7790,5946,4,5950,214
2020-06-06,San Diego,73,3302833,9579,8347,0,8347,296
2020-06-06,San Francisco,75,870044,2911,2674,2,2676,43
2020-06-06,San Joaquin,77,732212,1588,1076,4,1080,37
2020-06-06,San Luis Obispo,79,281455,364,295,1,296,1
2020-06-06,San Mateo,81,765935,2602,2342,3,2345,72
2020-06-06,Santa Barbara,83,443738,2329,1815,22,1837,13
2020-06-06,Santa Clara,85,1922200,3455,2934,6,2940,144
2020-06-06,Santa Cruz,87,273765,256,226,0,226,2
2020-06-06,Shasta,89,179085,70,40,0,40,4
2020-06-06,Sierra,91,2930,1,1,0,1,0
2020-06-06,Siskiyou,93,43540,17,8,0,8,0
2020-06-06,Solano,95,438530,748,560,4,564,19
2020-06-06,Sonoma,97,501317,739,622,1,623,4
2020-06-06,Stanislaus,99,539301,1210,858,5,863,27
2020-06-06,Sutter,101,95872,70,51,0,51,2
2020-06-06,Tehama,103,63373,15,8,1,9,1
2020-06-06,Trinity,105,12862,2,2,1,3,0
2020-06-06,Tulare,107,460477,2998,2213,2,2215,90
2020-06-06,Tuolumne,109,53932,9,4,1,5,0
2020-06-06,Ventura,111,848112,1834,1303,4,1307,30
2020-06-06,Yolo,113,214977,255,223,0,223,24
2020-06-06,Yuba,115,75493,32,27,0,27,1
2020-06-05,Alameda,1,1643700,4249,3734,4,3738,102
2020-06-05,Alpine,3,1148,2,1,0,1,0
2020-06-05,Amador,5,37829,10,10,0,10,0
2020-06-05,Butte,7,227075,83,61,3,64,1
2020-06-05,Calaveras,9,45235,22,16,0,16,0
2020-06-05,Colusa,11,21464,9,7,0,7,0
2020-06-05,Contra Costa,13,1133247,1912,1575,0,1575,37
2020-06-05,Del Norte,15,27424,45,45,0,45,0
2020-06-05,El Dorado,17,186661,125,101,0,101,0
2020-06-05,Fresno,19,978130,3735,2051,38,2089,38
2020-06-05,Glenn,21,27897,25,16,0,16,0
2020-06-05,Humboldt,23,135768,115,111,0,111,2
2020-06-05,Imperial,25,180216,4856,2778,6,2784,19
2020-06-05,Inyo,27,18085,22,21,0,21,1
2020-06-05,Kern,29,883053,3415,2624,8,2632,46
2020-06-05,Kings,31,150075,1708,865,3,868,6
2020-06-05,Lake,33,64148,35,28,0,28,0
2020-06-05,Lassen,35,31185,10,4,1,5,0
2020-06-05,Los Angeles,37,10098052,69576,60955,22,60977,2553
2020-06-05,Madera,39,155013,316,144,0,144,3
2020-06-05,Marin,41,260295,647,546,2,548,17
2020-06-05,Mariposa,43,17540,16,16,0,16,1
2020-06-05,Mendocino,45,87422,32,32,0,32,0
2020-06-05,Merced,47,269075,490,309,0,309,7
2020-06-05,Modoc,49,8938,1,0,0,0,0
2020-06-05,Mono,51,14174,39,35,0,35,1
2020-06-05,Monterey,53,433212,902,649,1,650,10
2020-06-05,Napa,55,140530,164,123,0,123,3
2020-06-05,Nevada,57,99092,54,50,1,51,1
2020-06-05,Orange,59,3164182,10287,7391,48,7439,153
2020-06-05,Placer,61,380077,352,265,2,267,9
2020-06-05,Plumas,63,18699,5,4,0,4,0
2020-06-05,Riverside,65,2383286,11289,8700,8,8708,345
2020-06-05,Sacramento,67,1510023,1687,1514,2,1516,59
2020-06-05,San Benito,69,59416,114,92,0,92,2
2020-06-05,San Bernardino,71,2135413,7608,5869,3,5872,212
2020-06-05,San Diego,73,3302833,9464,8182,0,8182,294
2020-06-05,San Francisco,75,870044,2892,2675,2,2677,43
2020-06-05,San Joaquin,77,732212,1509,1046,4,1050,36
2020-06-05,San Luis Obispo,79,281455,357,293,1,294,1
2020-06-05,San Mateo,81,765935,2577,2331,3,2334,72
2020-06-05,Santa Barbara,83,443738,2294,1795,22,1817,13
2020-06-05,Santa Clara,85,1922200,3430,2902,6,2908,144
2020-06-05,Santa Cruz,87,273765,253,222,0,222,2
2020-06-05,Shasta,89,179085,69,40,0,40,4
2020-06-05,Sierra,91,2930,1,1,0,1,0
2020-06-05,Siskiyou,93,43540,15,8,0,8,0
2020-06-05,Solano,95,438530,741,558,4,562,19
2020-06-05,Sonoma,97,501317,718,618,1,619,4
2020-06-05,Stanislaus,99,539301,1177,842,5,847,27
2020-06-05,Sutter,101,95872,70,49,0,49,2
2020-06-05,Tehama,103,63373,15,7,1,8,1
2020-06-05,Trinity,105,12862,2,1,1,2,0
2020-06-05,Tulare,107,460477,2949,2180,2,2182,90
2020-06-05,Tuolumne,109,53932,9,4,1,5,0
2020-06-05,Ventura,111,848112,1801,1274,4,1278,30
2020-06-05,Yolo,113,214977,254,216,0,216,24
2020-06-05,Yuba,115,75493,32,27,0,27,1
2020-06-04,Alameda,1,1643700,4150,3643,4,3647,99
2020-06-04,Alpine,3,1148,2,1,0,1,0
2020-06-04,Amador,5,37829,10,10,0,10,0
2020-06-04,Butte,7,227075,79,57,3,60,1
2020-06-04,Calaveras,9,45235,22,15,0,15,0
2020-06-04,Colusa,11,21464,9,7,0,7,0
2020-06-04,Contra Costa,13,1133247,1854,1551,0,1551,37
2020-06-04,Del Norte,15,27424,45,45,0,45,0
2020-06-04,El Dorado,17,186661,123,101,0,101,0
2020-06-04,Fresno,19,978130,3629,2007,38,2045,35
2020-06-04,Glenn,21,27897,22,16,0,16,0
2020-06-04,Humboldt,23,135768,115,109,0,109,2
2020-06-04,Imperial,25,180216,4673,2631,6,2637,19
2020-06-04,Inyo,27,18085,22,20,0,20,1
2020-06-04,Kern,29,883053,3301,2530,8,2538,46
2020-06-04,Kings,31,150075,1638,842,3,845,6
2020-06-04,Lake,33,64148,34,27,0,27,0
2020-06-04,Lassen,35,31185,8,4,1,5,0
2020-06-04,Los Angeles,37,10098052,68102,59596,22,59618,2515
2020-06-04,Madera,39,155013,308,127,0,127,3
2020-06-04,Marin,41,260295,625,533,2,535,14
2020-06-04,Mariposa,43,17540,16,16,0,16,1
2020-06-04,Mendocino,45,87422,32,29,0,29,0
2020-06-04,Merced,47,269075,470,304,0,304,7
2020-06-04,Modoc,49,8938,1,0,0,0,0
2020-06-04,Mono,51,14174,39,35,0,35,1
2020-06-04,Monterey,53,433212,867,621,1,622,10
2020-06-04,Napa,55,140530,160,117,0,117,3
2020-06-04,Nevada,57,99092,53,49,1,50,1
2020-06-04,Orange,59,3164182,10036,7192,47,7239,148
2020-06-04,Placer,61,380077,339,256,2,258,9
2020-06-04,Plumas,63,18699,4,4,0,4,0
2020-06-04,Riverside,65,2383286,11011,8473,8,8481,341
2020-06-04,Sacramento,67,1510023,1660,1492,2,1494,58
2020-06-04,San Benito,69,59416,112,88,0,88,2
2020-06-04,San Bernardino,71,2135413,7340,5726,3,5729,207
2020-06-04,San Diego,73,3302833,9301,7942,0,7942,288
2020-06-04,San Francisco,75,870044,2859,2636,2,2638,43
2020-06-04,San Joaquin,77,732212,1447,1016,4,1020,36
2020-06-04,San Luis Obispo,79,281455,349,288,1,289,1
2020-06-04,San Mateo,81,765935,2551,2284,3,2287,72
2020-06-04,Santa Barbara,83,443738,2256,1750,22,1772,13
2020-06-04,Santa Clara,85,1922200,3398,2871,6,2877,144
2020-06-04,Santa Cruz,87,273765,247,218,0,218,2
2020-06-04,Shasta,89,179085,63,40,0,40,4
2020-06-04,Sierra,91,2930,1,1,0,1,0
2020-06-04,Siskiyou,93,43540,14,8,0,8,0
2020-06-04,Solano,95,438530,724,551,4,555,19
2020-06-04,Sonoma,97,501317,699,591,1,592,4
2020-06-04,Stanislaus,99,539301,1101,806,5,811,28
2020-06-04,Sutter,101,95872,65,46,0,46,2
2020-06-04,Tehama,103,63373,14,6,1,7,1
2020-06-04,Trinity,105,12862,2,1,1,2,0
2020-06-04,Tulare,107,460477,2833,2086,2,2088,90
2020-06-04,Tuolumne,109,53932,8,4,1,5,0
2020-06-04,Ventura,111,848112,1758,1236,4,1240,30
2020-06-04,Yolo,113,214977,249,216,0,216,24
2020-06-04,Yuba,115,75493,31,27,0,27,1
2020-06-03,Alameda,1,1643700,4091,3589,3,3592,99
2020-06-03,Alpine,3,1148,2,1,0,1,0
2020-06-03,Amador,5,37829,10,10,0,10,0
2020-06-03,Butte,7,227075,77,53,3,56,1
2020-06-03,Calaveras,9,45235,21,15,0,15,0
2020-06-03,Colusa,11,21464,9,7,0,7,0
2020-06-03,Contra Costa,13,1133247,1806,1511,0,1511,37
2020-06-03,Del Norte,15,27424,45,39,0,39,0
2020-06-03,El Dorado,17,186661,120,90,0,90,0
2020-06-03,Fresno,19,978130,3532,1943,38,1981,35
2020-06-03,Glenn,21,27897,22,16,0,16,0
2020-06-03,Humboldt,23,135768,115,103,0,103,2
2020-06-03,Imperial,25,180216,4501,2540,6,2546,19
2020-06-03,Inyo,27,18085,22,20,0,20,1
2020-06-03,Kern,29,883053,3206,2452,8,2460,44
2020-06-03,Kings,31,150075,1573,744,3,747,6
2020-06-03,Lake,33,64148,32,26,0,26,0
2020-06-03,Lassen,35,31185,8,4,1,5,0
2020-06-03,Los Angeles,37,10098052,66490,58166,22,58188,2472
2020-06-03,Madera,39,155013,300,117,0,117,3
2020-06-03,Marin,41,260295,607,527,2,529,14
2020-06-03,Mariposa,43,17540,16,16,0,16,1
2020-06-03,Mendocino,45,87422,31,29,0,29,0
2020-06-03,Merced,47,269075,456,299,0,299,7
2020-06-03,Modoc,49,8938,1,0,0,0,0
2020-06-03,Mono,51,14174,39,35,0,35,1
2020-06-03,Monterey,53,433212,839,592,1,593,10
2020-06-03,Napa,55,140530,159,116,0,116,3
2020-06-03,Nevada,57,99092,52,43,1,44,1
2020-06-03,Orange,59,3164182,9808,6939,46,6985,145
2020-06-03,Placer,61,380077,325,243,2,245,9
2020-06-03,Plumas,63,18699,4,4,0,4,0
2020-06-03,Riverside,65,2383286,10736,8208,8,8216,335
2020-06-03,Sacramento,67,1510023,1630,1457,2,1459,58
2020-06-03,San Benito,69,59416,106,88,0,88,2
2020-06-03,San Bernardino,71,2135413,7117,5565,3,5568,203
2020-06-03,San Diego,73,3302833,9153,7800,0,7800,283
2020-06-03,San Francisco,75,870044,2828,2608,2,2610,43
2020-06-03,San Joaquin,77,732212,1382,1004,4,1008,35
2020-06-03,San Luis Obispo,79,281455,344,279,1,280,1
2020-06-03,San Mateo,81,765935,2522,2243,3,2246,71
2020-06-03,Santa Barbara,83,443738,2213,1722,22,1744,12
2020-06-03,Santa Clara,85,1922200,3359,2836,6,2842,144
2020-06-03,Santa Cruz,87,273765,241,217,0,217,2
2020-06-03,Shasta,89,179085,60,40,0,40,4
2020-06-03,Sierra,91,2930,1,1,0,1,0
2020-06-03,Siskiyou,93,43540,13,8,0,8,0
2020-06-03,Solano,95,438530,699,543,2,545,18
2020-06-03,Sonoma,97,501317,688,578,1,579,4
2020-06-03,Stanislaus,99,539301,1061,780,5,785,27
2020-06-03,Sutter,101,95872,57,45,0,45,2
2020-06-03,Tehama,103,63373,14,6,1,7,1
2020-06-03,Trinity,105,12862,2,1,1,2,0
2020-06-03,Tulare,107,460477,2764,2041,2,2043,88
2020-06-03,Tuolumne,109,53932,6,4,1,5,0
2020-06-03,Ventura,111,848112,1694,1202,4,1206,30
2020-06-03,Yolo,113,214977,245,213,0,213,24
2020-06-03,Yuba,115,75493,31,27,0,27,1
2020-06-02,Alameda,1,1643700,4015,3517,3,3520,99
2020-06-02,Alpine,3,1148,2,1,0,1,0
2020-06-02,Amador,5,37829,10,10,0,10,0
2020-06-02,Butte,7,227075,73,51,3,54,1
2020-06-02,Calaveras,9,45235,21,15,0,15,0
2020-06-02,Colusa,11,21464,9,7,0,7,0
2020-06-02,Contra Costa,13,1133247,1774,1505,0,1505,37
2020-06-02,Del Norte,15,27424,45,39,0,39,0
2020-06-02,El Dorado,17,186661,119,88,0,88,0
2020-06-02,Fresno,19,978130,3422,1917,38,1955,34
2020-06-02,Glenn,21,27897,21,16,0,16,0
2020-06-02,Humboldt,23,135768,115,101,0,101,2
2020-06-02,Imperial,25,180216,4308,2459,6,2465,19
2020-06-02,Inyo,27,18085,20,20,0,20,1
2020-06-02,Kern,29,883053,3108,2406,6,2412,41
2020-06-02,Kings,31,150075,1545,720,3,723,5
2020-06-02,Lake,33,64148,32,25,0,25,0
2020-06-02,Lassen,35,31185,7,4,1,5,0
2020-06-02,Los Angeles,37,10098052,65087,57144,22,57166,2430
2020-06-02,Madera,39,155013,279,110,0,110,2
2020-06-02,Marin,41,260295,580,509,2,511,14
2020-06-02,Mariposa,43,17540,16,16,0,16,1
2020-06-02,Mendocino,45,87422,31,29,0,29,0
2020-06-02,Merced,47,269075,440,297,0,297,6
2020-06-02,Modoc,49,8938,1,0,0,0,0
2020-06-02,Mono,51,14174,39,35,0,35,1
2020-06-02,Monterey,53,433212,809,582,1,583,10
2020-06-02,Napa,55,140530,150,116,0,116,3
2020-06-02,Nevada,57,99092,51,41,1,42,1
2020-06-02,Orange,59,3164182,9606,6790,45,6835,142
2020-06-02,Placer,61,380077,309,226,2,228,9
2020-06-02,Plumas,63,18699,4,4,0,4,0
2020-06-02,Riverside,65,2383286,10441,8091,7,8098,330
2020-06-02,Sacramento,67,1510023,1601,1428,2,1430,58
2020-06-02,San Benito,69,59416,105,86,0,86,2
2020-06-02,San Bernardino,71,2135413,6911,5438,3,5441,202
2020-06-02,San Diego,73,3302833,9007,7676,0,7676,276
2020-06-02,San Francisco,75,870044,2793,2554,2,2556,43
2020-06-02,San Joaquin,77,732212,1316,985,4,989,35
2020-06-02,San Luis Obispo,79,281455,339,275,1,276,1
2020-06-02,San Mateo,81,765935,2487,2203,3,2206,71
2020-06-02,Santa Barbara,83,443738,2168,1703,22,1725,12
2020-06-02,Santa Clara,85,1922200,3309,2819,6,2825,144
2020-06-02,Santa Cruz,87,273765,236,215,0,215,2
2020-06-02,Shasta,89,179085,59,38,0,38,4
2020-06-02,Sierra,91,2930,1,1,0,1,0
2020-06-02,Siskiyou,93,43540,12,8,0,8,0
2020-06-02,Solano,95,438530,684,537,1,538,18
2020-06-02,Sonoma,97,501317,677,571,1,572,4
2020-06-02,Stanislaus,99,539301,1002,772,5,777,27
2020-06-02,Sutter,101,95872,54,43,0,43,2
2020-06-02,Tehama,103,63373,14,6,1,7,1
2020-06-02,Trinity,105,12862,2,1,1,2,0
2020-06-02,Tulare,107,460477,2685,2012,2,2014,86
2020-06-02,Tuolumne,109,53932,6,4,1,5,0
2020-06-02,Ventura,111,848112,1644,1178,4,1182,30
2020-06-02,Yolo,113,214977,243,213,0,213,24
2020-06-02,Yuba,115,75493,31,27,0,27,1
2020-06-01,Alameda,1,1643700,3950,3460,3,3463,98
2020-06-01,Alpine,3,1148,2,1,0,1,0
2020-06-01,Amador,5,37829,10,10,0,10,0
2020-06-01,Butte,7,227075,72,50,2,52,1
2020-06-01,Calaveras,9,45235,21,15,0,15,0
2020-06-01,Colusa,11,21464,9,7,0,7,0
2020-06-01,Contra Costa,13,1133247,1738,1486,0,1486,37
2020-06-01,Del Norte,15,27424,45,38,0,38,0
2020-06-01,El Dorado,17,186661,117,88,0,88,0
2020-06-01,Fresno,19,978130,3328,1854,37,1891,33
2020-06-01,Glenn,21,27897,21,16,0,16,0
2020-06-01,Humboldt,23,135768,115,98,0,98,2
2020-06-01,Imperial,25,180216,4085,2366,6,2372,14
2020-06-01,Inyo,27,18085,20,20,0,20,1
2020-06-01,Kern,29,883053,3025,2366,6,2372,38
2020-06-01,Kings,31,150075,1277,703,3,706,4
2020-06-01,Lake,33,64148,32,22,0,22,0
2020-06-01,Lassen,35,31185,7,4,1,5,0
2020-06-01,Los Angeles,37,10098052,63622,55899,22,55921,2367
2020-06-01,Madera,39,155013,267,103,0,103,2
2020-06-01,Marin,41,260295,539,495,2,497,14
2020-06-01,Mariposa,43,17540,16,16,0,16,1
2020-06-01,Mendocino,45,87422,31,28,0,28,0
2020-06-01,Merced,47,269075,421,289,0,289,6
2020-06-01,Modoc,49,8938,1,0,0,0,0
2020-06-01,Mono,51,14174,39,35,0,35,1
2020-06-01,Monterey,53,433212,784,554,1,555,10
2020-06-01,Napa,55,140530,147,114,0,114,3
2020-06-01,Nevada,57,99092,51,41,1,42,1
2020-06-01,Orange,59,3164182,9410,6640,44,6684,135
2020-06-01,Placer,61,380077,295,218,2,220,9
2020-06-01,Plumas,63,18699,4,4,0,4,0
2020-06-01,Riverside,65,2383286,9990,7921,7,7928,322
2020-06-01,Sacramento,67,1510023,1562,1415,2,1417,58
2020-06-01,San Benito,69,59416,102,86,0,86,2
2020-06-01,San Bernardino,71,2135413,6705,5310,3,5313,202
2020-06-01,San Diego,73,3302833,8827,7556,0,7556,269
2020-06-01,San Francisco,75,870044,2756,2546,2,2548,43
2020-06-01,San Joaquin,77,732212,1251,957,4,961,35
2020-06-01,San Luis Obispo,79,281455,335,275,1,276,1
2020-06-01,San Mateo,81,765935,2457,2190,3,2193,71
2020-06-01,Santa Barbara,83,443738,2128,1671,21,1692,10
2020-06-01,Santa Clara,85,1922200,3271,2797,5,2802,142
2020-06-01,Santa Cruz,87,273765,232,215,0,215,2
2020-06-01,Shasta,89,179085,59,38,0,38,4
2020-06-01,Sierra,91,2930,1,1,0,1,0
2020-06-01,Siskiyou,93,43540,12,7,0,7,0
2020-06-01,Solano,95,438530,660,529,1,530,17
2020-06-01,Sonoma,97,501317,661,565,1,566,4
2020-06-01,Stanislaus,99,539301,965,758,5,763,27
2020-06-01,Sutter,101,95872,49,43,0,43,2
2020-06-01,Tehama,103,63373,11,5,1,6,1
2020-06-01,Trinity,105,12862,1,1,1,2,0
2020-06-01,Tulare,107,460477,2572,1976,2,1978,84
2020-06-01,Tuolumne,109,53932,5,4,1,5,0
2020-06-01,Ventura,111,848112,1594,1163,4,1167,29
2020-06-01,Yolo,113,214977,240,212,0,212,24
2020-06-01,Yuba,115,75493,30,26,0,26,1
2020-05-31,Alameda,1,1643700,3844,3362,3,3365,98
2020-05-31,Alpine,3,1148,2,1,0,1,0
2020-05-31,Amador,5,37829,10,10,0,10,0
2020-05-31,Butte,7,227075,70,51,2,53,0
2020-05-31,Calaveras,9,45235,18,15,0,15,0
2020-05-31,Colusa,11,21464,9,5,0,5,0
2020-05-31,Contra Costa,13,1133247,1704,1458,0,1458,37
2020-05-31,Del Norte,15,27424,45,37,0,37,0
2020-05-31,El Dorado,17,186661,113,88,0,88,0
2020-05-31,Fresno,19,978130,3171,1780,35,1815,31
2020-05-31,Glenn,21,27897,20,16,0,16,0
2020-05-31,Humboldt,23,135768,113,98,0,98,2
2020-05-31,Imperial,25,180216,3819,2197,6,2203,14
2020-05-31,Inyo,27,18085,20,20,0,20,1
2020-05-31,Kern,29,883053,2891,2300,6,2306,38
2020-05-31,Kings,31,150075,1240,703,3,706,3
2020-05-31,Lake,33,64148,32,19,0,19,0
2020-05-31,Lassen,35,31185,7,4,1,5,0
2020-05-31,Los Angeles,37,10098052,62335,54925,22,54947,2344
2020-05-31,Madera,39,155013,249,101,0,101,2
2020-05-31,Marin,41,260295,529,486,2,488,14
2020-05-31,Mariposa,43,17540,16,16,0,16,1
2020-05-31,Mendocino,45,87422,31,24,0,24,0
2020-05-31,Merced,47,269075,394,288,0,288,6
2020-05-31,Modoc,49,8938,0,0,0,0,0
2020-05-31,Mono,51,14174,39,34,0,34,1
2020-05-31,Monterey,53,433212,711,545,1,546,10
2020-05-31,Napa,55,140530,145,114,0,114,3
2020-05-31,Nevada,57,99092,50,41,1,42,1
2020-05-31,Orange,59,3164182,9199,6532,43,6575,135
2020-05-31,Placer,61,380077,276,215,2,217,9
2020-05-31,Plumas,63,18699,4,4,0,4,0
2020-05-31,Riverside,65,2383286,9734,7704,7,7711,321
2020-05-31,Sacramento,67,1510023,1531,1398,2,1400,57
2020-05-31,San Benito,69,59416,96,85,0,85,2
2020-05-31,San Bernardino,71,2135413,6437,5185,3,5188,198
2020-05-31,San Diego,73,3302833,8633,7483,0,7483,269
2020-05-31,San Francisco,75,870044,2720,2501,2,2503,43
2020-05-31,San Joaquin,77,732212,1186,888,4,892,34
2020-05-31,San Luis Obispo,79,281455,325,271,1,272,1
2020-05-31,San Mateo,81,765935,2411,2169,3,2172,71
2020-05-31,Santa Barbara,83,443738,2072,1662,21,1683,9
2020-05-31,Santa Clara,85,1922200,3227,2785,5,2790,142
2020-05-31,Santa Cruz,87,273765,229,210,0,210,2
2020-05-31,Shasta,89,179085,57,38,0,38,4
2020-05-31,Sierra,91,2930,1,1,0,1,0
2020-05-31,Siskiyou,93,43540,11,7,0,7,0
2020-05-31,Solano,95,438530,634,512,1,513,6
2020-05-31,Sonoma,97,501317,641,555,1,556,4
2020-05-31,Stanislaus,99,539301,911,738,5,743,27
2020-05-31,Sutter,101,95872,47,42,0,42,2
2020-05-31,Tehama,103,63373,10,4,1,5,1
2020-05-31,Trinity,105,12862,1,1,1,2,0
2020-05-31,Tulare,107,460477,2500,1884,2,1886,82
2020-05-31,Tuolumne,109,53932,5,4,1,5,0
2020-05-31,Ventura,111,848112,1539,1151,4,1155,30
2020-05-31,Yolo,113,214977,234,211,0,211,24
2020-05-31,Yuba,115,75493,30,26,0,26,1
2020-05-30,Alameda,1,1643700,3818,3304,3,3307,96
2020-05-30,Alpine,3,1148,2,1,0,1,0
2020-05-30,Amador,5,37829,10,10,0,10,0
2020-05-30,Butte,7,227075,69,44,2,46,0
2020-05-30,Calaveras,9,45235,17,15,0,15,0
2020-05-30,Colusa,11,21464,8,5,0,5,0
2020-05-30,Contra Costa,13,1133247,1689,1429,0,1429,37
2020-05-30,Del Norte,15,27424,45,37,0,37,0
2020-05-30,El Dorado,17,186661,112,86,0,86,0
2020-05-30,Fresno,19,978130,3110,1744,34,1778,31
2020-05-30,Glenn,21,27897,19,16,0,16,0
2020-05-30,Humboldt,23,135768,112,98,0,98,2
2020-05-30,Imperial,25,180216,3729,2091,6,2097,14
2020-05-30,Inyo,27,18085,20,20,0,20,1
2020-05-30,Kern,29,883053,2822,2217,6,2223,38
2020-05-30,Kings,31,150075,1226,703,3,706,3
2020-05-30,Lake,33,64148,31,18,0,18,0
2020-05-30,Lassen,35,31185,7,4,1,5,0
2020-05-30,Los Angeles,37,10098052,61798,53627,22,53649,2319
2020-05-30,Madera,39,155013,244,101,0,101,2
2020-05-30,Marin,41,260295,529,462,2,464,14
2020-05-30,Mariposa,43,17540,16,16,0,16,1
2020-05-30,Mendocino,45,87422,31,24,0,24,0
2020-05-30,Merced,47,269075,393,285,0,285,6
2020-05-30,Modoc,49,8938,0,0,0,0,0
2020-05-30,Mono,51,14174,39,34,0,34,1
2020-05-30,Monterey,53,433212,695,520,1,521,10
2020-05-30,Napa,55,140530,143,113,0,113,3
2020-05-30,Nevada,57,99092,50,41,1,42,1
2020-05-30,Orange,59,3164182,9044,6354,43,6397,134
2020-05-30,Placer,61,380077,268,199,1,200,9
2020-05-30,Plumas,63,18699,4,4,0,4,0
2020-05-30,Riverside,65,2383286,9590,7492,7,7499,316
2020-05-30,Sacramento,67,1510023,1520,1384,2,1386,57
2020-05-30,San Benito,69,59416,95,85,0,85,2
2020-05-30,San Bernardino,71,2135413,6328,5122,3,5125,198
2020-05-30,San Diego,73,3302833,8540,7387,0,7387,269
2020-05-30,San Francisco,75,870044,2695,2496,2,2498,41
2020-05-30,San Joaquin,77,732212,1148,888,4,892,34
2020-05-30,San Luis Obispo,79,281455,320,270,1,271,1
2020-05-30,San Mateo,81,765935,2387,2129,3,2132,71
2020-05-30,Santa Barbara,83,443738,2045,1660,21,1681,9
2020-05-30,Santa Clara,85,1922200,3211,2741,5,2746,141
2020-05-30,Santa Cruz,87,273765,229,206,0,206,2
2020-05-30,Shasta,89,179085,57,36,0,36,4
2020-05-30,Sierra,91,2930,1,1,0,1,0
2020-05-30,Siskiyou,93,43540,10,7,0,7,0
2020-05-30,Solano,95,438530,627,512,1,513,6
2020-05-30,Sonoma,97,501317,631,551,1,552,4
2020-05-30,Stanislaus,99,539301,894,712,5,717,27
2020-05-30,Sutter,101,95872,46,40,0,40,2
2020-05-30,Tehama,103,63373,10,4,1,5,1
2020-05-30,Trinity,105,12862,1,1,1,2,0
2020-05-30,Tulare,107,460477,2463,1879,2,1881,81
2020-05-30,Tuolumne,109,53932,5,4,1,5,0
2020-05-30,Ventura,111,848112,1522,1116,4,1120,30
2020-05-30,Yolo,113,214977,230,210,0,210,24
2020-05-30,Yuba,115,75493,30,25,0,25,1
2020-05-29,Alameda,1,1643700,3783,3209,3,3212,96
2020-05-29,Alpine,3,1148,2,1,0,1,0
2020-05-29,Amador,5,37829,10,10,0,10,0
2020-05-29,Butte,7,227075,64,41,2,43,0
2020-05-29,Calaveras,9,45235,17,15,0,15,0
2020-05-29,Colusa,11,21464,8,5,0,5,0
2020-05-29,Contra Costa,13,1133247,1673,1411,0,1411,37
2020-05-29,Del Norte,15,27424,45,37,0,37,0
2020-05-29,El Dorado,17,186661,111,85,0,85,0
2020-05-29,Fresno,19,978130,3062,1687,34,1721,31
2020-05-29,Glenn,21,27897,19,14,0,14,0
2020-05-29,Humboldt,23,135768,111,98,0,98,2
2020-05-29,Imperial,25,180216,3611,1607,6,1613,14
2020-05-29,Inyo,27,18085,20,20,0,20,1
2020-05-29,Kern,29,883053,2764,2128,6,2134,36
2020-05-29,Kings,31,150075,1215,693,3,696,3
2020-05-29,Lake,33,64148,30,17,0,17,0
2020-05-29,Lassen,35,31185,7,0,1,1,0
2020-05-29,Los Angeles,37,10098052,60838,51578,22,51600,2273
2020-05-29,Madera,39,155013,229,98,0,98,2
2020-05-29,Marin,41,260295,521,448,2,450,14
2020-05-29,Mariposa,43,17540,16,16,0,16,1
2020-05-29,Mendocino,45,87422,29,25,0,25,0
2020-05-29,Merced,47,269075,388,285,0,285,7
2020-05-29,Modoc,49,8938,0,0,0,0,0
2020-05-29,Mono,51,14174,38,34,0,34,1
2020-05-29,Monterey,53,433212,665,479,1,480,10
2020-05-29,Napa,55,140530,140,113,0,113,3
2020-05-29,Nevada,57,99092,50,41,1,42,1
2020-05-29,Orange,59,3164182,8849,6176,41,6217,133
2020-05-29,Placer,61,380077,252,199,1,200,9
2020-05-29,Plumas,63,18699,4,4,0,4,0
2020-05-29,Riverside,65,2383286,9404,7376,7,7383,313
2020-05-29,Sacramento,67,1510023,1497,1360,2,1362,57
2020-05-29,San Benito,69,59416,95,84,0,84,2
2020-05-29,San Bernardino,71,2135413,6222,4983,3,4986,196
2020-05-29,San Diego,73,3302833,8417,7242,0,7242,266
2020-05-29,San Francisco,75,870044,2671,2453,2,2455,41
2020-05-29,San Joaquin,77,732212,1111,855,4,859,34
2020-05-29,San Luis Obispo,79,281455,316,270,1,271,1
2020-05-29,San Mateo,81,765935,2371,2103,3,2106,71
2020-05-29,Santa Barbara,83,443738,2015,1656,21,1677,9
2020-05-29,Santa Clara,85,1922200,3183,2707,5,2712,141
2020-05-29,Santa Cruz,87,273765,226,203,0,203,2
2020-05-29,Shasta,89,179085,57,36,0,36,4
2020-05-29,Sierra,91,2930,1,1,0,1,0
2020-05-29,Siskiyou,93,43540,10,7,0,7,0
2020-05-29,Solano,95,438530,619,498,1,499,6
2020-05-29,Sonoma,97,501317,620,537,1,538,4
2020-05-29,Stanislaus,99,539301,864,698,5,703,27
2020-05-29,Sutter,101,95872,44,40,0,40,2
2020-05-29,Tehama,103,63373,9,4,1,5,1
2020-05-29,Trinity,105,12862,1,1,1,2,0
2020-05-29,Tulare,107,460477,2425,1852,2,1854,80
2020-05-29,Tuolumne,109,53932,5,4,1,5,0
2020-05-29,Ventura,111,848112,1499,1093,4,1097,29
2020-05-29,Yolo,113,214977,226,211,0,211,24
2020-05-29,Yuba,115,75493,29,25,0,25,1
2020-05-28,Alameda,1,1643700,3684,3083,3,3086,94
2020-05-28,Alpine,3,1148,2,1,0,1,0
2020-05-28,Amador,5,37829,10,10,0,10,0
2020-05-28,Butte,7,227075,63,40,2,42,0
2020-05-28,Calaveras,9,45235,16,15,0,15,0
2020-05-28,Colusa,11,21464,8,5,0,5,0
2020-05-28,Contra Costa,13,1133247,1634,1392,0,1392,37
2020-05-28,Del Norte,15,27424,45,37,0,37,0
2020-05-28,El Dorado,17,186661,108,82,0,82,0
2020-05-28,Fresno,19,978130,2982,1653,33,1686,31
2020-05-28,Glenn,21,27897,18,14,0,14,0
2020-05-28,Humboldt,23,135768,110,97,0,97,2
2020-05-28,Imperial,25,180216,3416,1430,6,1436,14
2020-05-28,Inyo,27,18085,20,20,0,20,1
2020-05-28,Kern,29,883053,2688,2069,6,2075,36
2020-05-28,Kings,31,150075,878,626,3,629,3
2020-05-28,Lake,33,64148,29,17,0,17,0
2020-05-28,Lassen,35,31185,7,0,1,1,0
2020-05-28,Los Angeles,37,10098052,59271,49861,22,49883,2222
2020-05-28,Madera,39,155013,211,93,0,93,2
2020-05-28,Marin,41,260295,497,443,2,445,14
2020-05-28,Mariposa,43,17540,16,16,0,16,1
2020-05-28,Mendocino,45,87422,27,24,0,24,0
2020-05-28,Merced,47,269075,379,283,0,283,7
2020-05-28,Modoc,49,8938,0,0,0,0,0
2020-05-28,Mono,51,14174,38,34,0,34,1
2020-05-28,Monterey,53,433212,632,471,1,472,10
2020-05-28,Napa,55,140530,137,113,0,113,3
2020-05-28,Nevada,57,99092,45,41,1,42,1
2020-05-28,Orange,59,3164182,8653,6045,41,6086,130
2020-05-28,Placer,61,380077,246,196,1,197,9
2020-05-28,Plumas,63,18699,4,4,0,4,0
2020-05-28,Riverside,65,2383286,9002,7240,7,7247,304
2020-05-28,Sacramento,67,1510023,1477,1339,2,1341,57
2020-05-28,San Benito,69,59416,94,82,0,82,2
2020-05-28,San Bernardino,71,2135413,6057,4831,3,4834,191
2020-05-28,San Diego,73,3302833,8260,7102,0,7102,260
2020-05-28,San Francisco,75,870044,2637,2417,2,2419,40
2020-05-28,San Joaquin,77,732212,1076,840,4,844,34
2020-05-28,San Luis Obispo,79,281455,313,267,1,268,1
2020-05-28,San Mateo,81,765935,2344,2070,3,2073,71
2020-05-28,Santa Barbara,83,443738,1972,1642,20,1662,9
2020-05-28,Santa Clara,85,1922200,3144,2698,5,2703,140
2020-05-28,Santa Cruz,87,273765,225,201,0,201,2
2020-05-28,Shasta,89,179085,55,36,0,36,4
2020-05-28,Sierra,91,2930,1,1,0,1,0
2020-05-28,Siskiyou,93,43540,8,6,0,6,0
2020-05-28,Solano,95,438530,602,489,1,490,6
2020-05-28,Sonoma,97,501317,598,529,1,530,4
2020-05-28,Stanislaus,99,539301,823,684,5,689,27
2020-05-28,Sutter,101,95872,44,40,0,40,2
2020-05-28,Tehama,103,63373,9,4,1,5,1
2020-05-28,Trinity,105,12862,1,1,1,2,0
2020-05-28,Tulare,107,460477,2389,1832,2,1834,79
2020-05-28,Tuolumne,109,53932,5,4,1,5,0
2020-05-28,Ventura,111,848112,1470,1083,4,1087,29
2020-05-28,Yolo,113,214977,223,206,0,206,22
2020-05-28,Yuba,115,75493,28,24,0,24,1
2020-05-27,Alameda,1,1643700,3603,3037,3,3040,94
2020-05-27,Alpine,3,1148,2,1,0,1,0
2020-05-27,Amador,5,37829,10,10,0,10,0
2020-05-27,Butte,7,227075,60,40,1,41,0
2020-05-27,Calaveras,9,45235,15,15,0,15,0
2020-05-27,Colusa,11,21464,8,5,0,5,0
2020-05-27,Contra Costa,13,1133247,1594,1373,0,1373,37
2020-05-27,Del Norte,15,27424,45,34,0,34,0
2020-05-27,El Dorado,17,186661,107,82,0,82,0
2020-05-27,Fresno,19,978130,2895,1620,33,1653,27
2020-05-27,Glenn,21,27897,18,14,0,14,0
2020-05-27,Humboldt,23,135768,110,86,0,86,2
2020-05-27,Imperial,25,180216,3236,1369,6,1375,14
2020-05-27,Inyo,27,18085,20,20,0,20,1
2020-05-27,Kern,29,883053,2623,1999,6,2005,37
2020-05-27,Kings,31,150075,851,586,3,589,3
2020-05-27,Lake,33,64148,29,13,0,13,0
2020-05-27,Lassen,35,31185,7,0,1,1,0
2020-05-27,Los Angeles,37,10098052,57898,48711,22,48733,2177
2020-05-27,Madera,39,155013,202,91,0,91,2
2020-05-27,Marin,41,260295,469,439,2,441,14
2020-05-27,Mariposa,43,17540,16,16,0,16,1
2020-05-27,Mendocino,45,87422,26,21,0,21,0
2020-05-27,Merced,47,269075,375,278,0,278,7
2020-05-27,Modoc,49,8938,0,0,0,0,0
2020-05-27,Mono,51,14174,38,34,0,34,1
2020-05-27,Monterey,53,433212,592,443,1,444,8
2020-05-27,Napa,55,140530,132,112,0,112,3
2020-05-27,Nevada,57,99092,44,41,1,42,1
2020-05-27,Orange,59,3164182,8497,5849,40,5889,121
2020-05-27,Placer,61,380077,227,196,1,197,9
2020-05-27,Plumas,63,18699,4,4,0,4,0
2020-05-27,Riverside,65,2383286,8623,7156,7,7163,299
2020-05-27,Sacramento,67,1510023,1449,1318,2,1320,50
2020-05-27,San Benito,69,59416,91,74,0,74,2
2020-05-27,San Bernardino,71,2135413,5873,4708,3,4711,183
2020-05-27,San Diego,73,3302833,8110,6985,0,6985,255
2020-05-27,San Francisco,75,870044,2608,2394,2,2396,40
2020-05-27,San Joaquin,77,732212,1035,825,4,829,34
2020-05-27,San Luis Obispo,79,281455,308,266,1,267,1
2020-05-27,San Mateo,81,765935,2304,2045,3,2048,71
2020-05-27,Santa Barbara,83,443738,1953,1629,20,1649,9
2020-05-27,Santa Clara,85,1922200,3112,2680,5,2685,140
2020-05-27,Santa Cruz,87,273765,221,202,0,202,2
2020-05-27,Shasta,89,179085,52,36,0,36,4
2020-05-27,Sierra,91,2930,1,1,0,1,0
2020-05-27,Siskiyou,93,43540,8,6,0,6,0
2020-05-27,Solano,95,438530,582,477,1,478,5
2020-05-27,Sonoma,97,501317,584,521,1,522,4
2020-05-27,Stanislaus,99,539301,798,675,5,680,27
2020-05-27,Sutter,101,95872,43,40,0,40,2
2020-05-27,Tehama,103,63373,9,3,1,4,1
2020-05-27,Trinity,105,12862,1,1,1,2,0
2020-05-27,Tulare,107,460477,2337,1817,2,1819,77
2020-05-27,Tuolumne,109,53932,5,4,1,5,0
2020-05-27,Ventura,111,848112,1448,1065,4,1069,28
2020-05-27,Yolo,113,214977,222,204,0,204,22
2020-05-27,Yuba,115,75493,28,24,0,24,1
2020-05-26,Alameda,1,1643700,3510,2956,3,2959,92
2020-05-26,Alpine,3,1148,2,1,0,1,0
2020-05-26,Amador,5,37829,10,10,0,10,0
2020-05-26,Butte,7,227075,58,37,1,38,0
2020-05-26,Calaveras,9,45235,15,13,0,13,0
2020-05-26,Colusa,11,21464,8,4,0,4,0
2020-05-26,Contra Costa,13,1133247,1559,1352,0,1352,37
2020-05-26,Del Norte,15,27424,44,30,0,30,0
2020-05-26,El Dorado,17,186661,103,79,0,79,0
2020-05-26,Fresno,19,978130,2811,1496,33,1529,22
2020-05-26,Glenn,21,27897,16,12,0,12,0
2020-05-26,Humboldt,23,135768,108,81,0,81,2
2020-05-26,Imperial,25,180216,3020,1369,6,1375,14
2020-05-26,Inyo,27,18085,20,20,0,20,1
2020-05-26,Kern,29,883053,2545,1890,6,1896,31
2020-05-26,Kings,31,150075,783,449,2,451,2
2020-05-26,Lake,33,64148,27,12,0,12,0
2020-05-26,Lassen,35,31185,6,0,1,1,0
2020-05-26,Los Angeles,37,10098052,56442,47760,22,47782,2121
2020-05-26,Madera,39,155013,187,83,0,83,2
2020-05-26,Marin,41,260295,457,424,2,426,14
2020-05-26,Mariposa,43,17540,16,16,0,16,1
2020-05-26,Mendocino,45,87422,24,20,0,20,0
2020-05-26,Merced,47,269075,361,266,0,266,7
2020-05-26,Modoc,49,8938,0,1,0,1,0
2020-05-26,Mono,51,14174,37,34,0,34,1
2020-05-26,Monterey,53,433212,564,424,0,424,8
2020-05-26,Napa,55,140530,127,109,0,109,3
2020-05-26,Nevada,57,99092,43,41,1,42,1
2020-05-26,Orange,59,3164182,8229,5651,39,5690,115
2020-05-26,Placer,61,380077,223,188,1,189,9
2020-05-26,Plumas,63,18699,4,4,0,4,0
2020-05-26,Riverside,65,2383286,8176,6917,7,6924,284
2020-05-26,Sacramento,67,1510023,1423,1298,2,1300,50
2020-05-26,San Benito,69,59416,86,69,0,69,2
2020-05-26,San Bernardino,71,2135413,5705,4430,3,4433,175
2020-05-26,San Diego,73,3302833,7967,6884,0,6884,249
2020-05-26,San Francisco,75,870044,2575,2363,2,2365,40
2020-05-26,San Joaquin,77,732212,988,760,4,764,33
2020-05-26,San Luis Obispo,79,281455,306,260,1,261,1
2020-05-26,San Mateo,81,765935,2266,1967,2,1969,71
2020-05-26,Santa Barbara,83,443738,1929,1590,20,1610,9
2020-05-26,Santa Clara,85,1922200,3079,2659,5,2664,139
2020-05-26,Santa Cruz,87,273765,219,197,0,197,2
2020-05-26,Shasta,89,179085,52,36,0,36,4
2020-05-26,Sierra,91,2930,1,1,0,1,0
2020-05-26,Siskiyou,93,43540,7,6,0,6,0
2020-05-26,Solano,95,438530,564,470,1,471,5
2020-05-26,Sonoma,97,501317,576,509,0,509,4
2020-05-26,Stanislaus,99,539301,777,663,5,668,27
2020-05-26,Sutter,101,95872,42,39,0,39,2
2020-05-26,Tehama,103,63373,8,2,1,3,1
2020-05-26,Trinity,105,12862,1,1,1,2,0
2020-05-26,Tulare,107,460477,2281,1768,2,1770,76
2020-05-26,Tuolumne,109,53932,5,2,1,3,0
2020-05-26,Ventura,111,848112,1414,1033,2,1035,27
2020-05-26,Yolo,113,214977,216,198,0,198,22
2020-05-26,Yuba,115,75493,27,24,0,24,1
2020-05-25,Alameda,1,1643700,3417,2900,2,2902,92
2020-05-25,Alpine,3,1148,2,1,0,1,0
2020-05-25,Amador,5,37829,10,10,0,10,0
2020-05-25,Butte,7,227075,55,37,1,38,0
2020-05-25,Calaveras,9,45235,15,13,0,13,0
2020-05-25,Colusa,11,21464,7,4,0,4,0
2020-05-25,Contra Costa,13,1133247,1527,1348,0,1348,37
2020-05-25,Del Norte,15,27424,44,20,0,20,0
2020-05-25,El Dorado,17,186661,95,78,0,78,0
2020-05-25,Fresno,19,978130,2710,1496,30,1526,22
2020-05-25,Glenn,21,27897,16,12,0,12,0
2020-05-25,Humboldt,23,135768,107,81,0,81,2
2020-05-25,Imperial,25,180216,2809,1369,6,1375,14
2020-05-25,Inyo,27,18085,19,20,0,20,1
2020-05-25,Kern,29,883053,2473,1890,6,1896,31
2020-05-25,Kings,31,150075,754,447,2,449,2
2020-05-25,Lake,33,64148,25,13,0,13,0
2020-05-25,Lassen,35,31185,6,0,1,1,0
2020-05-25,Los Angeles,37,10098052,54637,45952,22,45974,2094
2020-05-25,Madera,39,155013,176,83,0,83,2
2020-05-25,Marin,41,260295,440,415,2,417,14
2020-05-25,Mariposa,43,17540,16,15,0,15,1
2020-05-25,Mendocino,45,87422,21,19,0,19,0
2020-05-25,Merced,47,269075,354,262,0,262,6
2020-05-25,Modoc,49,8938,0,1,0,1,0
2020-05-25,Mono,51,14174,37,34,0,34,1
2020-05-25,Monterey,53,433212,534,418,0,418,8
2020-05-25,Napa,55,140530,127,107,0,107,3
2020-05-25,Nevada,57,99092,43,41,1,42,1
2020-05-25,Orange,59,3164182,8007,5601,38,5639,115
2020-05-25,Placer,61,380077,221,186,1,187,9
2020-05-25,Plumas,63,18699,4,4,0,4,0
2020-05-25,Riverside,65,2383286,7945,6900,7,6907,284
2020-05-25,Sacramento,67,1510023,1403,1290,1,1291,50
2020-05-25,San Benito,69,59416,85,70,0,70,2
2020-05-25,San Bernardino,71,2135413,5515,4393,3,4396,175
2020-05-25,San Diego,73,3302833,7791,6799,0,6799,249
2020-05-25,San Francisco,75,870044,2538,2358,2,2360,40
2020-05-25,San Joaquin,77,732212,962,760,4,764,33
2020-05-25,San Luis Obispo,79,281455,304,260,1,261,1
2020-05-25,San Mateo,81,765935,2230,1938,2,1940,71
2020-05-25,Santa Barbara,83,443738,1914,1590,20,1610,9
2020-05-25,Santa Clara,85,1922200,3047,2647,5,2652,139
2020-05-25,Santa Cruz,87,273765,217,191,0,191,2
2020-05-25,Shasta,89,179085,51,36,0,36,4
2020-05-25,Sierra,91,2930,1,1,0,1,0
2020-05-25,Siskiyou,93,43540,7,6,0,6,0
2020-05-25,Solano,95,438530,550,437,1,438,5
2020-05-25,Sonoma,97,501317,564,496,0,496,4
2020-05-25,Stanislaus,99,539301,747,651,5,656,27
2020-05-25,Sutter,101,95872,42,38,0,38,2
2020-05-25,Tehama,103,63373,7,2,1,3,1
2020-05-25,Trinity,105,12862,1,1,1,2,0
2020-05-25,Tulare,107,460477,2218,1747,2,1749,76
2020-05-25,Tuolumne,109,53932,5,2,1,3,0
2020-05-25,Ventura,111,848112,1375,1020,2,1022,27
2020-05-25,Yolo,113,214977,214,197,0,197,22
2020-05-25,Yuba,115,75493,26,24,0,24,1
2020-05-24,Alameda,1,1643700,3344,2830,2,2832,92
2020-05-24,Alpine,3,1148,2,1,0,1,0
2020-05-24,Amador,5,37829,10,9,0,9,0
2020-05-24,Butte,7,227075,53,35,1,36,0
2020-05-24,Calaveras,9,45235,15,13,0,13,0
2020-05-24,Colusa,11,21464,7,4,0,4,0
2020-05-24,Contra Costa,13,1133247,1499,1325,0,1325,37
2020-05-24,Del Norte,15,27424,43,16,0,16,0
2020-05-24,El Dorado,17,186661,94,76,0,76,0
2020-05-24,Fresno,19,978130,2644,1455,28,1483,22
2020-05-24,Glenn,21,27897,15,12,0,12,0
2020-05-24,Humboldt,23,135768,107,81,0,81,2
2020-05-24,Imperial,25,180216,2683,1369,6,1375,14
2020-05-24,Inyo,27,18085,19,20,0,20,1
2020-05-24,Kern,29,883053,2400,1861,5,1866,31
2020-05-24,Kings,31,150075,743,446,2,448,2
2020-05-24,Lake,33,64148,24,12,0,12,0
2020-05-24,Lassen,35,31185,5,0,1,1,0
2020-05-24,Los Angeles,37,10098052,53631,44954,22,44976,2085
2020-05-24,Madera,39,155013,171,83,0,83,2
2020-05-24,Marin,41,260295,438,401,2,403,14
2020-05-24,Mariposa,43,17540,16,15,0,15,1
2020-05-24,Mendocino,45,87422,20,19,0,19,0
2020-05-24,Merced,47,269075,353,258,0,258,6
2020-05-24,Modoc,49,8938,0,0,0,0,0
2020-05-24,Mono,51,14174,37,34,0,34,1
2020-05-24,Monterey,53,433212,506,405,0,405,8
2020-05-24,Napa,55,140530,125,104,0,104,3
2020-05-24,Nevada,57,99092,43,41,1,42,1
2020-05-24,Orange,59,3164182,7852,5439,37,5476,113
2020-05-24,Placer,61,380077,216,184,1,185,9
2020-05-24,Plumas,63,18699,4,4,0,4,0
2020-05-24,Riverside,65,2383286,7804,6571,7,6578,284
2020-05-24,Sacramento,67,1510023,1386,1283,1,1284,50
2020-05-24,San Benito,69,59416,84,67,0,67,2
2020-05-24,San Bernardino,71,2135413,5407,4262,3,4265,175
2020-05-24,San Diego,73,3302833,7648,6703,0,6703,249
2020-05-24,San Francisco,75,870044,2514,2318,2,2320,40
2020-05-24,San Joaquin,77,732212,943,760,4,764,33
2020-05-24,San Luis Obispo,79,281455,302,257,1,258,1
2020-05-24,San Mateo,81,765935,2195,1925,2,1927,71
2020-05-24,Santa Barbara,83,443738,1899,1573,20,1593,9
2020-05-24,Santa Clara,85,1922200,3028,2623,5,2628,139
2020-05-24,Santa Cruz,87,273765,214,185,0,185,2
2020-05-24,Shasta,89,179085,50,36,0,36,4
2020-05-24,Sierra,91,2930,1,1,0,1,0
2020-05-24,Siskiyou,93,43540,6,6,0,6,0
2020-05-24,Solano,95,438530,542,436,0,436,5
2020-05-24,Sonoma,97,501317,553,485,0,485,4
2020-05-24,Stanislaus,99,539301,727,634,5,639,27
2020-05-24,Sutter,101,95872,42,38,0,38,2
2020-05-24,Tehama,103,63373,5,2,1,3,1
2020-05-24,Trinity,105,12862,1,1,1,2,0
2020-05-24,Tulare,107,460477,2172,1684,2,1686,74
2020-05-24,Tuolumne,109,53932,5,2,0,2,0
2020-05-24,Ventura,111,848112,1363,982,2,984,27
2020-05-24,Yolo,113,214977,212,192,0,192,22
2020-05-24,Yuba,115,75493,26,24,0,24,1
2020-05-23,Alameda,1,1643700,3303,2783,2,2785,91
2020-05-23,Alpine,3,1148,2,1,0,1,0
2020-05-23,Amador,5,37829,10,9,0,9,0
2020-05-23,Butte,7,227075,52,34,1,35,0
2020-05-23,Calaveras,9,45235,15,13,0,13,0
2020-05-23,Colusa,11,21464,7,4,0,4,0
2020-05-23,Contra Costa,13,1133247,1488,1302,0,1302,36
2020-05-23,Del Norte,15,27424,43,10,0,10,0
2020-05-23,El Dorado,17,186661,94,74,0,74,0
2020-05-23,Fresno,19,978130,2624,1447,28,1475,21
2020-05-23,Glenn,21,27897,15,12,0,12,0
2020-05-23,Humboldt,23,135768,105,80,0,80,2
2020-05-23,Imperial,25,180216,2595,1283,6,1289,14
2020-05-23,Inyo,27,18085,19,20,0,20,1
2020-05-23,Kern,29,883053,2357,1806,5,1811,31
2020-05-23,Kings,31,150075,739,444,2,446,2
2020-05-23,Lake,33,64148,23,10,0,10,0
2020-05-23,Lassen,35,31185,5,0,1,1,0
2020-05-23,Los Angeles,37,10098052,53089,44029,22,44051,2069
2020-05-23,Madera,39,155013,167,83,0,83,2
2020-05-23,Marin,41,260295,438,393,1,394,14
2020-05-23,Mariposa,43,17540,16,15,0,15,1
2020-05-23,Mendocino,45,87422,20,13,0,13,0
2020-05-23,Merced,47,269075,350,247,0,247,6
2020-05-23,Modoc,49,8938,0,0,0,0,0
2020-05-23,Mono,51,14174,36,34,0,34,1
2020-05-23,Monterey,53,433212,492,397,0,397,8
2020-05-23,Napa,55,140530,121,101,0,101,3
2020-05-23,Nevada,57,99092,43,41,1,42,1
2020-05-23,Orange,59,3164182,7695,5313,36,5349,113
2020-05-23,Placer,61,380077,211,184,1,185,9
2020-05-23,Plumas,63,18699,4,4,0,4,0
2020-05-23,Riverside,65,2383286,7713,6460,7,6467,284
2020-05-23,Sacramento,67,1510023,1370,1275,1,1276,50
2020-05-23,San Benito,69,59416,79,67,0,67,2
2020-05-23,San Bernardino,71,2135413,5314,4172,3,4175,175
2020-05-23,San Diego,73,3302833,7557,6561,0,6561,249
2020-05-23,San Francisco,75,870044,2495,2312,2,2314,40
2020-05-23,San Joaquin,77,732212,928,759,4,763,33
2020-05-23,San Luis Obispo,79,281455,299,256,1,257,1
2020-05-23,San Mateo,81,765935,2167,1862,2,1864,71
2020-05-23,Santa Barbara,83,443738,1887,1566,20,1586,9
2020-05-23,Santa Clara,85,1922200,3015,2593,5,2598,139
2020-05-23,Santa Cruz,87,273765,212,177,0,177,2
2020-05-23,Shasta,89,179085,50,35,0,35,4
2020-05-23,Sierra,91,2930,1,1,0,1,0
2020-05-23,Siskiyou,93,43540,6,6,0,6,0
2020-05-23,Solano,95,438530,537,435,0,435,5
2020-05-23,Sonoma,97,501317,539,462,0,462,4
2020-05-23,Stanislaus,99,539301,719,625,5,630,27
2020-05-23,Sutter,101,95872,41,38,0,38,2
2020-05-23,Tehama,103,63373,5,2,1,3,1
2020-05-23,Trinity,105,12862,1,1,1,2,0
2020-05-23,Tulare,107,460477,2151,1682,2,1684,73
2020-05-23,Tuolumne,109,53932,5,2,0,2,0
2020-05-23,Ventura,111,848112,1343,961,2,963,27
2020-05-23,Yolo,113,214977,211,188,0,188,22
2020-05-23,Yuba,115,75493,26,24,0,24,1
2020-05-22,Alameda,1,1643700,3249,2722,2,2724,91
2020-05-22,Alpine,3,1148,2,1,0,1,0
2020-05-22,Amador,5,37829,10,9,0,9,0
2020-05-22,Butte,7,227075,50,34,1,35,0
2020-05-22,Calaveras,9,45235,15,13,0,13,0
2020-05-22,Colusa,11,21464,7,4,0,4,0
2020-05-22,Contra Costa,13,1133247,1476,1272,0,1272,36
2020-05-22,Del Norte,15,27424,41,9,0,9,0
2020-05-22,El Dorado,17,186661,91,74,0,74,0
2020-05-22,Fresno,19,978130,2567,1399,27,1426,20
2020-05-22,Glenn,21,27897,15,12,0,12,0
2020-05-22,Humboldt,23,135768,105,80,0,80,2
2020-05-22,Imperial,25,180216,2495,1214,6,1220,14
2020-05-22,Inyo,27,18085,19,20,0,20,1
2020-05-22,Kern,29,883053,2309,1749,5,1754,28
2020-05-22,Kings,31,150075,736,428,2,430,2
2020-05-22,Lake,33,64148,22,10,0,10,0
2020-05-22,Lassen,35,31185,3,0,1,1,0
2020-05-22,Los Angeles,37,10098052,52297,43025,22,43047,2027
2020-05-22,Madera,39,155013,163,82,0,82,2
2020-05-22,Marin,41,260295,434,372,1,373,14
2020-05-22,Mariposa,43,17540,16,15,0,15,1
2020-05-22,Mendocino,45,87422,19,13,0,13,0
2020-05-22,Merced,47,269075,350,233,0,233,6
2020-05-22,Modoc,49,8938,0,0,0,0,0
2020-05-22,Mono,51,14174,36,34,0,34,1
2020-05-22,Monterey,53,433212,481,372,0,372,8
2020-05-22,Napa,55,140530,119,97,0,97,3
2020-05-22,Nevada,57,99092,42,41,1,42,1
2020-05-22,Orange,59,3164182,7501,5144,34,5178,113
2020-05-22,Placer,61,380077,211,181,1,182,9
2020-05-22,Plumas,63,18699,4,4,0,4,0
2020-05-22,Riverside,65,2383286,7598,6351,7,6358,283
2020-05-22,Sacramento,67,1510023,1354,1262,1,1263,50
2020-05-22,San Benito,69,59416,78,64,0,64,2
2020-05-22,San Bernardino,71,2135413,5239,4107,3,4110,173
2020-05-22,San Diego,73,3302833,7471,6436,0,6436,242
2020-05-22,San Francisco,75,870044,2477,2251,2,2253,40
2020-05-22,San Joaquin,77,732212,915,747,4,751,33
2020-05-22,San Luis Obispo,79,281455,299,254,1,255,1
2020-05-22,San Mateo,81,765935,2148,1847,2,1849,71
2020-05-22,Santa Barbara,83,443738,1871,1554,20,1574,9
2020-05-22,Santa Clara,85,1922200,2997,2537,5,2542,139
2020-05-22,Santa Cruz,87,273765,209,171,0,171,2
2020-05-22,Shasta,89,179085,50,34,0,34,4
2020-05-22,Sierra,91,2930,1,0,0,0,0
2020-05-22,Siskiyou,93,43540,6,6,0,6,0
2020-05-22,Solano,95,438530,534,431,0,431,4
2020-05-22,Sonoma,97,501317,535,444,0,444,4
2020-05-22,Stanislaus,99,539301,709,616,5,621,27
2020-05-22,Sutter,101,95872,41,38,0,38,2
2020-05-22,Tehama,103,63373,5,2,0,2,1
2020-05-22,Trinity,105,12862,1,1,1,2,0
2020-05-22,Tulare,107,460477,2121,1662,2,1664,73
2020-05-22,Tuolumne,109,53932,5,2,0,2,0
2020-05-22,Ventura,111,848112,1325,937,2,939,27
2020-05-22,Yolo,113,214977,209,187,0,187,22
2020-05-22,Yuba,115,75493,26,24,0,24,1
2020-05-21,Alameda,1,1643700,3184,2606,2,2608,89
2020-05-21,Alpine,3,1148,2,1,0,1,0
2020-05-21,Amador,5,37829,10,9,0,9,0
2020-05-21,Butte,7,227075,49,31,1,32,0
2020-05-21,Calaveras,9,45235,14,13,0,13,0
2020-05-21,Colusa,11,21464,7,4,0,4,0
2020-05-21,Contra Costa,13,1133247,1440,1243,0,1243,36
2020-05-21,Del Norte,15,27424,38,9,0,9,0
2020-05-21,El Dorado,17,186661,90,67,0,67,0
2020-05-21,Fresno,19,978130,2479,1362,27,1389,20
2020-05-21,Glenn,21,27897,14,12,0,12,0
2020-05-21,Humboldt,23,135768,104,79,0,79,0
2020-05-21,Imperial,25,180216,2333,1096,6,1102,14
2020-05-21,Inyo,27,18085,19,20,0,20,1
2020-05-21,Kern,29,883053,2233,1684,4,1688,27
2020-05-21,Kings,31,150075,715,417,2,419,2
2020-05-21,Lake,33,64148,17,10,0,10,0
2020-05-21,Lassen,35,31185,3,0,1,1,0
2020-05-21,Los Angeles,37,10098052,51258,42063,22,42085,1996
2020-05-21,Madera,39,155013,160,82,0,82,2
2020-05-21,Marin,41,260295,423,359,1,360,14
2020-05-21,Mariposa,43,17540,16,15,0,15,1
2020-05-21,Mendocino,45,87422,19,12,0,12,0
2020-05-21,Merced,47,269075,339,226,0,226,6
2020-05-21,Modoc,49,8938,0,0,0,0,0
2020-05-21,Mono,51,14174,36,33,0,33,1
2020-05-21,Monterey,53,433212,470,363,0,363,8
2020-05-21,Napa,55,140530,117,96,0,96,3
2020-05-21,Nevada,57,99092,42,41,1,42,1
2020-05-21,Orange,59,3164182,7300,4975,34,5009,106
2020-05-21,Placer,61,380077,204,176,1,177,8
2020-05-21,Plumas,63,18699,4,4,0,4,0
2020-05-21,Riverside,65,2383286,7411,6245,7,6252,279
2020-05-21,Sacramento,67,1510023,1341,1258,1,1259,56
2020-05-21,San Benito,69,59416,75,61,0,61,2
2020-05-21,San Bernardino,71,2135413,5093,3950,3,3953,167
2020-05-21,San Diego,73,3302833,7335,6317,0,6317,241
2020-05-21,San Francisco,75,870044,2453,2248,2,2250,37
2020-05-21,San Joaquin,77,732212,879,730,4,734,33
2020-05-21,San Luis Obispo,79,281455,299,251,1,252,1
2020-05-21,San Mateo,81,765935,2111,1791,2,1793,74
2020-05-21,Santa Barbara,83,443738,1852,1541,20,1561,10
2020-05-21,Santa Clara,85,1922200,2978,2520,5,2525,138
2020-05-21,Santa Cruz,87,273765,201,164,0,164,3
2020-05-21,Shasta,89,179085,48,34,0,34,4
2020-05-21,Sierra,91,2930,1,0,0,0,0
2020-05-21,Siskiyou,93,43540,6,6,0,6,0
2020-05-21,Solano,95,438530,525,424,0,424,4
2020-05-21,Sonoma,97,501317,517,427,0,427,4
2020-05-21,Stanislaus,99,539301,698,602,5,607,27
2020-05-21,Sutter,101,95872,40,38,0,38,2
2020-05-21,Tehama,103,63373,4,2,0,2,1
2020-05-21,Trinity,105,12862,1,1,1,2,0
2020-05-21,Tulare,107,460477,2071,1606,2,1608,73
2020-05-21,Tuolumne,109,53932,3,2,0,2,0
2020-05-21,Ventura,111,848112,1278,907,2,909,30
2020-05-21,Yolo,113,214977,206,185,0,185,22
2020-05-21,Yuba,115,75493,26,24,0,24,1
2020-05-20,Alameda,1,1643700,3111,2554,2,2556,89
2020-05-20,Alpine,3,1148,2,1,0,1,0
2020-05-20,Amador,5,37829,10,9,0,9,0
2020-05-20,Butte,7,227075,46,30,1,31,0
2020-05-20,Calaveras,9,45235,14,13,0,13,0
2020-05-20,Colusa,11,21464,7,3,0,3,0
2020-05-20,Contra Costa,13,1133247,1410,1223,0,1223,33
2020-05-20,Del Norte,15,27424,31,9,0,9,0
2020-05-20,El Dorado,17,186661,89,67,0,67,0
2020-05-20,Fresno,19,978130,2407,1329,26,1355,17
2020-05-20,Glenn,21,27897,13,12,0,12,0
2020-05-20,Humboldt,23,135768,101,73,0,73,0
2020-05-20,Imperial,25,180216,2222,1047,6,1053,14
2020-05-20,Inyo,27,18085,19,20,0,20,1
2020-05-20,Kern,29,883053,2170,1639,3,1642,27
2020-05-20,Kings,31,150075,572,403,2,405,2
2020-05-20,Lake,33,64148,17,9,0,9,0
2020-05-20,Lassen,35,31185,2,0,1,1,0
2020-05-20,Los Angeles,37,10098052,50261,40932,22,40954,1955
2020-05-20,Madera,39,155013,158,82,0,82,2
2020-05-20,Marin,41,260295,396,348,1,349,14
2020-05-20,Mariposa,43,17540,16,15,0,15,1
2020-05-20,Mendocino,45,87422,19,12,0,12,0
2020-05-20,Merced,47,269075,332,225,0,225,6
2020-05-20,Modoc,49,8938,0,0,0,0,0
2020-05-20,Mono,51,14174,36,33,0,33,1
2020-05-20,Monterey,53,433212,456,356,0,356,8
2020-05-20,Napa,55,140530,110,93,0,93,3
2020-05-20,Nevada,57,99092,42,41,1,42,1
2020-05-20,Orange,59,3164182,7095,4866,33,4899,96
2020-05-20,Placer,61,380077,202,176,1,177,8
2020-05-20,Plumas,63,18699,4,4,0,4,0
2020-05-20,Riverside,65,2383286,7268,6090,7,6097,265
2020-05-20,Sacramento,67,1510023,1331,1244,1,1245,56
2020-05-20,San Benito,69,59416,74,61,0,61,2
2020-05-20,San Bernardino,71,2135413,4967,3771,3,3774,161
2020-05-20,San Diego,73,3302833,7218,6142,0,6142,230
2020-05-20,San Francisco,75,870044,2430,2199,2,2201,37
2020-05-20,San Joaquin,77,732212,843,713,4,717,33
2020-05-20,San Luis Obispo,79,281455,293,249,1,250,1
2020-05-20,San Mateo,81,765935,2058,1739,2,1741,74
2020-05-20,Santa Barbara,83,443738,1830,1524,20,1544,10
2020-05-20,Santa Clara,85,1922200,2958,2508,5,2513,138
2020-05-20,Santa Cruz,87,273765,198,163,0,163,3
2020-05-20,Shasta,89,179085,48,34,0,34,4
2020-05-20,Sierra,91,2930,1,0,0,0,0
2020-05-20,Siskiyou,93,43540,6,6,0,6,0
2020-05-20,Solano,95,438530,520,418,0,418,4
2020-05-20,Sonoma,97,501317,508,411,0,411,4
2020-05-20,Stanislaus,99,539301,682,584,4,588,25
2020-05-20,Sutter,101,95872,40,38,0,38,2
2020-05-20,Tehama,103,63373,4,2,0,2,1
2020-05-20,Trinity,105,12862,1,1,1,2,0
2020-05-20,Tulare,107,460477,2033,1585,2,1587,71
2020-05-20,Tuolumne,109,53932,3,2,0,2,0
2020-05-20,Ventura,111,848112,1246,879,2,881,29
2020-05-20,Yolo,113,214977,203,184,0,184,22
2020-05-20,Yuba,115,75493,26,23,0,23,1
2020-05-19,Alameda,1,1643700,3036,2493,0,2493,88
2020-05-19,Alpine,3,1148,2,1,0,1,0
2020-05-19,Amador,5,37829,10,9,0,9,0
2020-05-19,Butte,7,227075,44,25,1,26,0
2020-05-19,Calaveras,9,45235,14,13,0,13,0
2020-05-19,Colusa,11,21464,5,3,0,3,0
2020-05-19,Contra Costa,13,1133247,1387,1205,0,1205,33
2020-05-19,Del Norte,15,27424,28,8,0,8,0
2020-05-19,El Dorado,17,186661,86,67,0,67,0
2020-05-19,Fresno,19,978130,2306,1288,26,1314,15
2020-05-19,Glenn,21,27897,13,12,0,12,0
2020-05-19,Humboldt,23,135768,101,72,0,72,0
2020-05-19,Imperial,25,180216,2061,1012,6,1018,14
2020-05-19,Inyo,27,18085,19,20,0,20,1
2020-05-19,Kern,29,883053,2074,1601,3,1604,26
2020-05-19,Kings,31,150075,563,393,2,395,2
2020-05-19,Lake,33,64148,14,11,0,11,0
2020-05-19,Lassen,35,31185,2,0,1,1,0
2020-05-19,Los Angeles,37,10098052,49053,39670,22,39692,1906
2020-05-19,Madera,39,155013,155,80,0,80,2
2020-05-19,Marin,41,260295,372,340,1,341,14
2020-05-19,Mariposa,43,17540,16,15,0,15,1
2020-05-19,Mendocino,45,87422,19,12,0,12,0
2020-05-19,Merced,47,269075,324,222,0,222,5
2020-05-19,Modoc,49,8938,0,0,0,0,0
2020-05-19,Mono,51,14174,36,33,0,33,1
2020-05-19,Monterey,53,433212,444,350,0,350,8
2020-05-19,Napa,55,140530,109,93,0,93,3
2020-05-19,Nevada,57,99092,42,41,1,42,1
2020-05-19,Orange,59,3164182,6900,4746,33,4779,90
2020-05-19,Placer,61,380077,200,177,1,178,8
2020-05-19,Plumas,63,18699,4,5,0,5,0
2020-05-19,Riverside,65,2383286,7108,5963,7,5970,265
2020-05-19,Sacramento,67,1510023,1317,1239,1,1240,57
2020-05-19,San Benito,69,59416,72,59,0,59,2
2020-05-19,San Bernardino,71,2135413,4819,3656,3,3659,158
2020-05-19,San Diego,73,3302833,7074,6028,0,6028,222
2020-05-19,San Francisco,75,870044,2396,2186,1,2187,37
2020-05-19,San Joaquin,77,732212,821,705,4,709,33
2020-05-19,San Luis Obispo,79,281455,293,245,1,246,1
2020-05-19,San Mateo,81,765935,2017,1704,2,1706,71
2020-05-19,Santa Barbara,83,443738,1813,1521,20,1541,10
2020-05-19,Santa Clara,85,1922200,2913,2480,5,2485,138
2020-05-19,Santa Cruz,87,273765,187,161,0,161,3
2020-05-19,Shasta,89,179085,48,34,0,34,4
2020-05-19,Sierra,91,2930,0,0,0,0,0
2020-05-19,Siskiyou,93,43540,6,6,0,6,0
2020-05-19,Solano,95,438530,506,415,0,415,4
2020-05-19,Sonoma,97,501317,497,389,0,389,4
2020-05-19,Stanislaus,99,539301,668,582,4,586,25
2020-05-19,Sutter,101,95872,40,38,0,38,2
2020-05-19,Tehama,103,63373,4,2,0,2,1
2020-05-19,Trinity,105,12862,1,1,0,1,0
2020-05-19,Tulare,107,460477,1987,1551,2,1553,68
2020-05-19,Tuolumne,109,53932,3,2,0,2,0
2020-05-19,Ventura,111,848112,1209,861,2,863,28
2020-05-19,Yolo,113,214977,201,183,0,183,22
2020-05-19,Yuba,115,75493,26,23,0,23,1
2020-05-18,Alameda,1,1643700,2963,2442,0,2442,84
2020-05-18,Alpine,3,1148,1,1,0,1,0
2020-05-18,Amador,5,37829,10,8,0,8,0
2020-05-18,Butte,7,227075,42,24,1,25,0
2020-05-18,Calaveras,9,45235,14,13,0,13,0
2020-05-18,Colusa,11,21464,5,3,0,3,0
2020-05-18,Contra Costa,13,1133247,1356,1173,0,1173,33
2020-05-18,Del Norte,15,27424,23,8,0,8,0
2020-05-18,El Dorado,17,186661,84,67,0,67,0
2020-05-18,Fresno,19,978130,2235,1244,26,1270,14
2020-05-18,Glenn,21,27897,13,11,0,11,0
2020-05-18,Humboldt,23,135768,101,70,0,70,0
2020-05-18,Imperial,25,180216,1906,767,6,773,14
2020-05-18,Inyo,27,18085,19,20,0,20,1
2020-05-18,Kern,29,883053,2025,1566,3,1569,26
2020-05-18,Kings,31,150075,532,381,2,383,2
2020-05-18,Lake,33,64148,13,9,0,9,0
2020-05-18,Lassen,35,31185,2,0,1,1,0
2020-05-18,Los Angeles,37,10098052,48018,38477,22,38499,1825
2020-05-18,Madera,39,155013,150,74,0,74,2
2020-05-18,Marin,41,260295,359,329,1,330,14
2020-05-18,Mariposa,43,17540,16,15,0,15,1
2020-05-18,Mendocino,45,87422,14,12,0,12,0
2020-05-18,Merced,47,269075,315,217,0,217,5
2020-05-18,Modoc,49,8938,0,0,0,0,0
2020-05-18,Mono,51,14174,36,33,0,33,1
2020-05-18,Monterey,53,433212,433,345,0,345,8
2020-05-18,Napa,55,140530,105,92,0,92,3
2020-05-18,Nevada,57,99092,42,41,1,42,1
2020-05-18,Orange,59,3164182,6712,4558,30,4588,88
2020-05-18,Placer,61,380077,198,176,1,177,8
2020-05-18,Plumas,63,18699,4,5,0,5,0
2020-05-18,Riverside,65,2383286,6908,5873,7,5880,253
2020-05-18,Sacramento,67,1510023,1311,1233,0,1233,57
2020-05-18,San Benito,69,59416,70,59,0,59,2
2020-05-18,San Bernardino,71,2135413,4672,3558,3,3561,156
2020-05-18,San Diego,73,3302833,6941,5948,0,5948,211
2020-05-18,San Francisco,75,870044,2373,2183,1,2184,36
2020-05-18,San Joaquin,77,732212,809,697,4,701,33
2020-05-18,San Luis Obispo,79,281455,289,243,1,244,1
2020-05-18,San Mateo,81,765935,1979,1701,2,1703,68
2020-05-18,Santa Barbara,83,443738,1797,1501,20,1521,10
2020-05-18,Santa Clara,85,1922200,2882,2468,5,2473,137
2020-05-18,Santa Cruz,87,273765,185,160,0,160,3
2020-05-18,Shasta,89,179085,47,34,0,34,4
2020-05-18,Sierra,91,2930,0,0,0,0,0
2020-05-18,Siskiyou,93,43540,6,6,0,6,0
2020-05-18,Solano,95,438530,496,398,0,398,4
2020-05-18,Sonoma,97,501317,479,387,0,387,4
2020-05-18,Stanislaus,99,539301,656,572,4,576,25
2020-05-18,Sutter,101,95872,40,38,0,38,2
2020-05-18,Tehama,103,63373,4,2,0,2,1
2020-05-18,Trinity,105,12862,1,1,0,1,0
2020-05-18,Tulare,107,460477,1942,1491,2,1493,63
2020-05-18,Tuolumne,109,53932,3,2,0,2,0
2020-05-18,Ventura,111,848112,1187,850,1,851,27
2020-05-18,Yolo,113,214977,196,183,0,183,22
2020-05-18,Yuba,115,75493,26,23,0,23,1
2020-05-17,Alameda,1,1643700,2868,2389,0,2389,83
2020-05-17,Alpine,3,1148,1,1,0,1,0
2020-05-17,Amador,5,37829,10,8,0,8,0
2020-05-17,Butte,7,227075,42,23,1,24,0
2020-05-17,Calaveras,9,45235,14,13,0,13,0
2020-05-17,Colusa,11,21464,3,3,0,3,0
2020-05-17,Contra Costa,13,1133247,1318,1155,0,1155,33
2020-05-17,Del Norte,15,27424,23,7,0,7,0
2020-05-17,El Dorado,17,186661,84,65,0,65,0
2020-05-17,Fresno,19,978130,2139,1213,23,1236,14
2020-05-17,Glenn,21,27897,13,9,0,9,0
2020-05-17,Humboldt,23,135768,94,70,0,70,0
2020-05-17,Imperial,25,180216,1757,715,5,720,14
2020-05-17,Inyo,27,18085,19,20,0,20,1
2020-05-17,Kern,29,883053,1947,1546,3,1549,26
2020-05-17,Kings,31,150075,485,356,2,358,2
2020-05-17,Lake,33,64148,13,7,0,7,0
2020-05-17,Lassen,35,31185,2,0,1,1,0
2020-05-17,Los Angeles,37,10098052,46784,37996,22,38018,1807
2020-05-17,Madera,39,155013,148,69,0,69,2
2020-05-17,Marin,41,260295,348,315,1,316,14
2020-05-17,Mariposa,43,17540,15,15,0,15,1
2020-05-17,Mendocino,45,87422,13,10,0,10,0
2020-05-17,Merced,47,269075,304,214,0,214,5
2020-05-17,Modoc,49,8938,0,0,0,0,0
2020-05-17,Mono,51,14174,36,32,0,32,1
2020-05-17,Monterey,53,433212,413,342,0,342,8
2020-05-17,Napa,55,140530,102,89,0,89,3
2020-05-17,Nevada,57,99092,42,41,1,42,1
2020-05-17,Orange,59,3164182,6533,4466,30,4496,88
2020-05-17,Placer,61,380077,192,175,1,176,8
2020-05-17,Plumas,63,18699,4,4,0,4,0
2020-05-17,Riverside,65,2383286,6735,5776,7,5783,245
2020-05-17,Sacramento,67,1510023,1300,1224,0,1224,56
2020-05-17,San Benito,69,59416,69,59,0,59,2
2020-05-17,San Bernardino,71,2135413,4521,3467,3,3470,155
2020-05-17,San Diego,73,3302833,6809,5838,0,5838,209
2020-05-17,San Francisco,75,870044,2346,2132,1,2133,36
2020-05-17,San Joaquin,77,732212,779,688,4,692,32
2020-05-17,San Luis Obispo,79,281455,287,242,1,243,1
2020-05-17,San Mateo,81,765935,1942,1680,2,1682,68
2020-05-17,Santa Barbara,83,443738,1771,1457,20,1477,10
2020-05-17,Santa Clara,85,1922200,2844,2453,5,2458,135
2020-05-17,Santa Cruz,87,273765,174,155,0,155,3
2020-05-17,Shasta,89,179085,46,34,0,34,4
2020-05-17,Sierra,91,2930,0,0,0,0,0
2020-05-17,Siskiyou,93,43540,6,6,0,6,0
2020-05-17,Solano,95,438530,484,392,0,392,4
2020-05-17,Sonoma,97,501317,458,376,0,376,4
2020-05-17,Stanislaus,99,539301,645,566,4,570,25
2020-05-17,Sutter,101,95872,39,38,0,38,2
2020-05-17,Tehama,103,63373,3,2,0,2,1
2020-05-17,Trinity,105,12862,1,1,0,1,0
2020-05-17,Tulare,107,460477,1883,1430,2,1432,63
2020-05-17,Tuolumne,109,53932,3,2,0,2,0
2020-05-17,Ventura,111,848112,1145,838,1,839,27
2020-05-17,Yolo,113,214977,194,182,0,182,22
2020-05-17,Yuba,115,75493,26,21,0,21,1
2020-05-16,Alameda,1,1643700,2818,2327,0,2327,83
2020-05-16,Alpine,3,1148,1,1,0,1,0
2020-05-16,Amador,5,37829,10,8,0,8,0
2020-05-16,Butte,7,227075,37,22,1,23,0
2020-05-16,Calaveras,9,45235,14,13,0,13,0
2020-05-16,Colusa,11,21464,3,3,0,3,0
2020-05-16,Contra Costa,13,1133247,1300,1136,0,1136,33
2020-05-16,Del Norte,15,27424,19,4,0,4,0
2020-05-16,El Dorado,17,186661,84,65,0,65,0
2020-05-16,Fresno,19,978130,2084,1177,23,1200,14
2020-05-16,Glenn,21,27897,13,9,0,9,0
2020-05-16,Humboldt,23,135768,92,69,0,69,0
2020-05-16,Imperial,25,180216,1692,712,5,717,14
2020-05-16,Inyo,27,18085,19,20,0,20,1
2020-05-16,Kern,29,883053,1911,1509,3,1512,26
2020-05-16,Kings,31,150075,476,356,2,358,2
2020-05-16,Lake,33,64148,13,7,0,7,0
2020-05-16,Lassen,35,31185,1,0,1,1,0
2020-05-16,Los Angeles,37,10098052,46207,37352,22,37374,1778
2020-05-16,Madera,39,155013,146,70,0,70,2
2020-05-16,Marin,41,260295,344,297,1,298,14
2020-05-16,Mariposa,43,17540,15,15,0,15,1
2020-05-16,Mendocino,45,87422,13,10,0,10,0
2020-05-16,Merced,47,269075,302,201,0,201,5
2020-05-16,Modoc,49,8938,0,0,0,0,0
2020-05-16,Mono,51,14174,36,32,0,32,1
2020-05-16,Monterey,53,433212,398,329,0,329,8
2020-05-16,Napa,55,140530,102,86,0,86,3
2020-05-16,Nevada,57,99092,42,41,1,42,1
2020-05-16,Orange,59,3164182,6457,4396,30,4426,87
2020-05-16,Placer,61,380077,190,174,1,175,8
2020-05-16,Plumas,63,18699,4,4,0,4,0
2020-05-16,Riverside,65,2383286,6649,5633,7,5640,243
2020-05-16,Sacramento,67,1510023,1293,1209,0,1209,55
2020-05-16,San Benito,69,59416,64,58,0,58,2
2020-05-16,San Bernardino,71,2135413,4450,3362,3,3365,155
2020-05-16,San Diego,73,3302833,6723,5664,0,5664,209
2020-05-16,San Francisco,75,870044,2323,2094,1,2095,36
2020-05-16,San Joaquin,77,732212,771,668,4,672,32
2020-05-16,San Luis Obispo,79,281455,286,240,1,241,1
2020-05-16,San Mateo,81,765935,1927,1652,2,1654,68
2020-05-16,Santa Barbara,83,443738,1759,1422,19,1441,10
2020-05-16,Santa Clara,85,1922200,2829,2420,4,2424,135
2020-05-16,Santa Cruz,87,273765,171,154,0,154,3
2020-05-16,Shasta,89,179085,46,33,0,33,4
2020-05-16,Sierra,91,2930,0,0,0,0,0
2020-05-16,Siskiyou,93,43540,6,6,0,6,0
2020-05-16,Solano,95,438530,479,392,0,392,4
2020-05-16,Sonoma,97,501317,445,356,0,356,4
2020-05-16,Stanislaus,99,539301,636,546,4,550,24
2020-05-16,Sutter,101,95872,39,35,0,35,2
2020-05-16,Tehama,103,63373,3,2,0,2,1
2020-05-16,Trinity,105,12862,1,1,0,1,0
2020-05-16,Tulare,107,460477,1865,1426,2,1428,63
2020-05-16,Tuolumne,109,53932,3,2,0,2,0
2020-05-16,Ventura,111,848112,1120,813,1,814,25
2020-05-16,Yolo,113,214977,193,181,0,181,22
2020-05-16,Yuba,115,75493,26,21,0,21,1
2020-05-15,Alameda,1,1643700,2784,2289,0,2289,83
2020-05-15,Alpine,3,1148,1,1,0,1,0
2020-05-15,Amador,5,37829,10,8,0,8,0
2020-05-15,Butte,7,227075,35,22,1,23,0
2020-05-15,Calaveras,9,45235,14,13,0,13,0
2020-05-15,Colusa,11,21464,3,3,0,3,0
2020-05-15,Contra Costa,13,1133247,1282,1106,0,1106,33
2020-05-15,Del Norte,15,27424,14,4,0,4,0
2020-05-15,El Dorado,17,186661,84,64,0,64,0
2020-05-15,Fresno,19,978130,2019,1126,23,1149,14
2020-05-15,Glenn,21,27897,13,9,0,9,0
2020-05-15,Humboldt,23,135768,91,60,0,60,0
2020-05-15,Imperial,25,180216,1609,680,5,685,14
2020-05-15,Inyo,27,18085,19,20,0,20,1
2020-05-15,Kern,29,883053,1855,1472,3,1475,25
2020-05-15,Kings,31,150075,473,347,2,349,2
2020-05-15,Lake,33,64148,13,7,0,7,0
2020-05-15,Lassen,35,31185,1,0,1,1,0
2020-05-15,Los Angeles,37,10098052,45420,36317,22,36339,1734
2020-05-15,Madera,39,155013,145,71,0,71,2
2020-05-15,Marin,41,260295,336,295,1,296,14
2020-05-15,Mariposa,43,17540,15,15,0,15,1
2020-05-15,Mendocino,45,87422,13,10,0,10,0
2020-05-15,Merced,47,269075,299,191,0,191,5
2020-05-15,Modoc,49,8938,0,0,0,0,0
2020-05-15,Mono,51,14174,36,31,0,31,1
2020-05-15,Monterey,53,433212,392,321,0,321,8
2020-05-15,Napa,55,140530,102,83,0,83,3
2020-05-15,Nevada,57,99092,42,41,1,42,1
2020-05-15,Orange,59,3164182,6286,4281,30,4311,87
2020-05-15,Placer,61,380077,188,174,1,175,8
2020-05-15,Plumas,63,18699,4,4,0,4,0
2020-05-15,Riverside,65,2383286,6535,5496,7,5503,233
2020-05-15,Sacramento,67,1510023,1283,1203,0,1203,55
2020-05-15,San Benito,69,59416,61,57,0,57,2
2020-05-15,San Bernardino,71,2135413,4372,3225,3,3228,153
2020-05-15,San Diego,73,3302833,6616,5525,0,5525,208
2020-05-15,San Francisco,75,870044,2307,2062,1,2063,36
2020-05-15,San Joaquin,77,732212,765,656,4,660,32
2020-05-15,San Luis Obispo,79,281455,285,237,1,238,1
2020-05-15,San Mateo,81,765935,1905,1612,2,1614,68
2020-05-15,Santa Barbara,83,443738,1746,1409,19,1428,10
2020-05-15,Santa Clara,85,1922200,2804,2395,4,2399,135
2020-05-15,Santa Cruz,87,273765,170,146,0,146,3
2020-05-15,Shasta,89,179085,45,33,0,33,4
2020-05-15,Sierra,91,2930,0,0,0,0,0
2020-05-15,Siskiyou,93,43540,5,5,0,5,0
2020-05-15,Solano,95,438530,475,388,0,388,4
2020-05-15,Sonoma,97,501317,437,349,0,349,4
2020-05-15,Stanislaus,99,539301,629,540,4,544,23
2020-05-15,Sutter,101,95872,38,35,0,35,2
2020-05-15,Tehama,103,63373,3,1,0,1,1
2020-05-15,Trinity,105,12862,1,1,0,1,0
2020-05-15,Tulare,107,460477,1838,1356,2,1358,61
2020-05-15,Tuolumne,109,53932,3,2,0,2,0
2020-05-15,Ventura,111,848112,1103,789,1,790,25
2020-05-15,Yolo,113,214977,192,182,0,182,22
2020-05-15,Yuba,115,75493,26,21,0,21,1
2020-05-14,Alameda,1,1643700,2693,2255,0,2255,80
2020-05-14,Alpine,3,1148,1,1,0,1,0
2020-05-14,Amador,5,37829,10,8,0,8,0
2020-05-14,Butte,7,227075,33,22,1,23,0
2020-05-14,Calaveras,9,45235,14,13,0,13,0
2020-05-14,Colusa,11,21464,3,3,0,3,0
2020-05-14,Contra Costa,13,1133247,1256,1090,0,1090,32
2020-05-14,Del Norte,15,27424,14,4,0,4,0
2020-05-14,El Dorado,17,186661,75,59,0,59,0
2020-05-14,Fresno,19,978130,1967,1038,20,1058,12
2020-05-14,Glenn,21,27897,12,8,0,8,0
2020-05-14,Humboldt,23,135768,89,59,0,59,0
2020-05-14,Imperial,25,180216,1492,652,5,657,13
2020-05-14,Inyo,27,18085,19,20,0,20,1
2020-05-14,Kern,29,883053,1813,1430,3,1433,21
2020-05-14,Kings,31,150075,457,342,2,344,1
2020-05-14,Lake,33,64148,13,7,0,7,0
2020-05-14,Lassen,35,31185,1,0,1,1,0
2020-05-14,Los Angeles,37,10098052,44241,35427,22,35449,1693
2020-05-14,Madera,39,155013,136,69,0,69,2
2020-05-14,Marin,41,260295,318,283,1,284,14
2020-05-14,Mariposa,43,17540,15,15,0,15,0
2020-05-14,Mendocino,45,87422,12,10,0,10,0
2020-05-14,Merced,47,269075,289,182,0,182,3
2020-05-14,Modoc,49,8938,0,0,0,0,0
2020-05-14,Mono,51,14174,36,31,0,31,1
2020-05-14,Monterey,53,433212,382,317,0,317,7
2020-05-14,Napa,55,140530,100,83,0,83,3
2020-05-14,Nevada,57,99092,41,41,1,42,1
2020-05-14,Orange,59,3164182,6110,4163,28,4191,83
2020-05-14,Placer,61,380077,188,172,1,173,8
2020-05-14,Plumas,63,18699,4,4,0,4,0
2020-05-14,Riverside,65,2383286,6352,5339,7,5346,224
2020-05-14,Sacramento,67,1510023,1271,1181,0,1181,55
2020-05-14,San Benito,69,59416,59,56,0,56,2
2020-05-14,San Bernardino,71,2135413,4194,3149,3,3152,149
2020-05-14,San Diego,73,3302833,6482,5393,0,5393,200
2020-05-14,San Francisco,75,870044,2274,2029,1,2030,36
2020-05-14,San Joaquin,77,732212,750,643,4,647,31
2020-05-14,San Luis Obispo,79,281455,282,236,1,237,1
2020-05-14,San Mateo,81,765935,1873,1588,2,1590,67
2020-05-14,Santa Barbara,83,443738,1728,1395,19,1414,11
2020-05-14,Santa Clara,85,1922200,2783,2380,4,2384,134
2020-05-14,Santa Cruz,87,273765,168,145,0,145,3
2020-05-14,Shasta,89,179085,45,33,0,33,4
2020-05-14,Sierra,91,2930,0,0,0,0,0
2020-05-14,Siskiyou,93,43540,5,5,0,5,0
2020-05-14,Solano,95,438530,466,372,0,372,4
2020-05-14,Sonoma,97,501317,420,333,0,333,4
2020-05-14,Stanislaus,99,539301,610,533,4,537,23
2020-05-14,Sutter,101,95872,38,34,0,34,2
2020-05-14,Tehama,103,63373,3,1,0,1,1
2020-05-14,Trinity,105,12862,1,1,0,1,0
2020-05-14,Tulare,107,460477,1805,1317,2,1319,55
2020-05-14,Tuolumne,109,53932,3,2,0,2,0
2020-05-14,Ventura,111,848112,1075,760,1,761,25
2020-05-14,Yolo,113,214977,192,180,0,180,22
2020-05-14,Yuba,115,75493,26,21,0,21,1
2020-05-13,Alameda,1,1643700,2635,2181,0,2181,78
2020-05-13,Alpine,3,1148,1,1,0,1,0
2020-05-13,Amador,5,37829,10,8,0,8,0
2020-05-13,Butte,7,227075,33,21,1,22,0
2020-05-13,Calaveras,9,45235,14,13,0,13,0
2020-05-13,Colusa,11,21464,3,3,0,3,0
2020-05-13,Contra Costa,13,1133247,1234,1082,0,1082,32
2020-05-13,Del Norte,15,27424,13,4,0,4,0
2020-05-13,El Dorado,17,186661,74,58,0,58,0
2020-05-13,Fresno,19,978130,1881,993,20,1013,10
2020-05-13,Glenn,21,27897,11,6,0,6,0
2020-05-13,Humboldt,23,135768,83,58,0,58,0
2020-05-13,Imperial,25,180216,1422,610,5,615,11
2020-05-13,Inyo,27,18085,19,20,0,20,1
2020-05-13,Kern,29,883053,1769,1390,3,1393,19
2020-05-13,Kings,31,150075,444,314,2,316,1
2020-05-13,Lake,33,64148,13,7,0,7,0
2020-05-13,Lassen,35,31185,1,0,1,1,0
2020-05-13,Los Angeles,37,10098052,42927,34574,22,34596,1643
2020-05-13,Madera,39,155013,127,69,0,69,2
2020-05-13,Marin,41,260295,305,278,1,279,14
2020-05-13,Mariposa,43,17540,15,15,0,15,0
2020-05-13,Mendocino,45,87422,12,10,0,10,0
2020-05-13,Merced,47,269075,286,176,0,176,3
2020-05-13,Modoc,49,8938,0,0,0,0,0
2020-05-13,Mono,51,14174,35,31,0,31,1
2020-05-13,Monterey,53,433212,372,309,0,309,6
2020-05-13,Napa,55,140530,100,81,0,81,3
2020-05-13,Nevada,57,99092,41,41,1,42,1
2020-05-13,Orange,59,3164182,5864,4025,26,4051,79
2020-05-13,Placer,61,380077,187,170,1,171,8
2020-05-13,Plumas,63,18699,4,4,0,4,0
2020-05-13,Riverside,65,2383286,6229,5204,7,5211,216
2020-05-13,Sacramento,67,1510023,1256,1173,0,1173,53
2020-05-13,San Benito,69,59416,59,55,0,55,2
2020-05-13,San Bernardino,71,2135413,3939,3064,2,3066,140
2020-05-13,San Diego,73,3302833,6346,5280,0,5280,194
2020-05-13,San Francisco,75,870044,2246,2004,1,2005,35
2020-05-13,San Joaquin,77,732212,729,639,3,642,31
2020-05-13,San Luis Obispo,79,281455,280,231,1,232,1
2020-05-13,San Mateo,81,765935,1841,1550,2,1552,66
2020-05-13,Santa Barbara,83,443738,1712,1382,19,1401,10
2020-05-13,Santa Clara,85,1922200,2766,2370,4,2374,132
2020-05-13,Santa Cruz,87,273765,164,142,0,142,2
2020-05-13,Shasta,89,179085,45,32,0,32,4
2020-05-13,Sierra,91,2930,0,0,0,0,0
2020-05-13,Siskiyou,93,43540,5,5,0,5,0
2020-05-13,Solano,95,438530,453,368,0,368,4
2020-05-13,Sonoma,97,501317,410,330,0,330,4
2020-05-13,Stanislaus,99,539301,601,521,4,525,15
2020-05-13,Sutter,101,95872,38,33,0,33,2
2020-05-13,Tehama,103,63373,3,1,0,1,1
2020-05-13,Trinity,105,12862,1,2,0,2,0
2020-05-13,Tulare,107,460477,1772,1283,2,1285,54
2020-05-13,Tuolumne,109,53932,3,2,0,2,0
2020-05-13,Ventura,111,848112,1048,742,1,743,25
2020-05-13,Yolo,113,214977,190,178,0,178,22
2020-05-13,Yuba,115,75493,24,19,0,19,1
2020-05-12,Alameda,1,1643700,2573,2146,0,2146,74
2020-05-12,Alpine,3,1148,1,1,0,1,0
2020-05-12,Amador,5,37829,10,8,0,8,0
2020-05-12,Butte,7,227075,31,20,1,21,0
2020-05-12,Calaveras,9,45235,13,13,0,13,0
2020-05-12,Colusa,11,21464,3,3,0,3,0
2020-05-12,Contra Costa,13,1133247,1203,1067,0,1067,32
2020-05-12,Del Norte,15,27424,10,3,0,3,0
2020-05-12,El Dorado,17,186661,71,56,0,56,0
2020-05-12,Fresno,19,978130,1803,978,20,998,9
2020-05-12,Glenn,21,27897,10,6,0,6,0
2020-05-12,Humboldt,23,135768,80,58,0,58,0
2020-05-12,Imperial,25,180216,1291,602,3,605,9
2020-05-12,Inyo,27,18085,19,20,0,20,1
2020-05-12,Kern,29,883053,1728,1363,3,1366,18
2020-05-12,Kings,31,150075,423,302,2,304,1
2020-05-12,Lake,33,64148,13,7,0,7,0
2020-05-12,Lassen,35,31185,1,0,1,1,0
2020-05-12,Los Angeles,37,10098052,41931,33281,21,33302,1601
2020-05-12,Madera,39,155013,123,69,0,69,2
2020-05-12,Marin,41,260295,300,274,1,275,14
2020-05-12,Mariposa,43,17540,15,15,0,15,0
2020-05-12,Mendocino,45,87422,12,10,0,10,0
2020-05-12,Merced,47,269075,275,175,0,175,3
2020-05-12,Modoc,49,8938,0,0,0,0,0
2020-05-12,Mono,51,14174,35,31,0,31,1
2020-05-12,Monterey,53,433212,365,298,0,298,6
2020-05-12,Napa,55,140530,98,80,0,80,3
2020-05-12,Nevada,57,99092,41,41,1,42,1
2020-05-12,Orange,59,3164182,5682,3843,24,3867,78
2020-05-12,Placer,61,380077,187,170,1,171,8
2020-05-12,Plumas,63,18699,4,4,0,4,0
2020-05-12,Riverside,65,2383286,6108,5134,7,5141,210
2020-05-12,Sacramento,67,1510023,1236,1166,0,1166,52
2020-05-12,San Benito,69,59416,59,55,0,55,2
2020-05-12,San Bernardino,71,2135413,3788,2997,2,2999,131
2020-05-12,San Diego,73,3302833,6202,3,0,3,0
2020-05-12,San Francisco,75,870044,2211,1981,1,1982,35
2020-05-12,San Joaquin,77,732212,714,625,3,628,30
2020-05-12,San Luis Obispo,79,281455,277,226,1,227,1
2020-05-12,San Mateo,81,765935,1815,1533,2,1535,66
2020-05-12,Santa Barbara,83,443738,1673,1377,19,1396,10
2020-05-12,Santa Clara,85,1922200,2736,2362,3,2365,131
2020-05-12,Santa Cruz,87,273765,162,141,0,141,2
2020-05-12,Shasta,89,179085,44,33,0,33,4
2020-05-12,Sierra,91,2930,0,0,0,0,0
2020-05-12,Siskiyou,93,43540,5,5,0,5,0
2020-05-12,Solano,95,438530,445,361,0,361,4
2020-05-12,Sonoma,97,501317,387,308,0,308,4
2020-05-12,Stanislaus,99,539301,594,515,4,519,15
2020-05-12,Sutter,101,95872,38,33,0,33,2
2020-05-12,Tehama,103,63373,3,1,0,1,1
2020-05-12,Trinity,105,12862,1,1,0,1,0
2020-05-12,Tulare,107,460477,1742,1261,1,1262,52
2020-05-12,Tuolumne,109,53932,3,2,0,2,0
2020-05-12,Ventura,111,848112,1011,718,1,719,20
2020-05-12,Yolo,113,214977,189,176,0,176,22
2020-05-12,Yuba,115,75493,24,19,0,19,1
2020-05-11,Alameda,1,1643700,2523,2103,0,2103,71
2020-05-11,Alpine,3,1148,1,1,0,1,0
2020-05-11,Amador,5,37829,10,8,0,8,0
2020-05-11,Butte,7,227075,30,19,1,20,0
2020-05-11,Calaveras,9,45235,13,13,0,13,0
2020-05-11,Colusa,11,21464,3,3,0,3,0
2020-05-11,Contra Costa,13,1133247,1189,1052,0,1052,32
2020-05-11,Del Norte,15,27424,8,3,0,3,0
2020-05-11,El Dorado,17,186661,71,55,0,55,0
2020-05-11,Fresno,19,978130,1722,937,18,955,8
2020-05-11,Glenn,21,27897,10,6,0,6,0
2020-05-11,Humboldt,23,135768,77,56,0,56,0
2020-05-11,Imperial,25,180216,1185,562,1,563,9
2020-05-11,Inyo,27,18085,19,20,0,20,1
2020-05-11,Kern,29,883053,1676,1331,3,1334,17
2020-05-11,Kings,31,150075,400,289,1,290,1
2020-05-11,Lake,33,64148,12,7,0,7,0
2020-05-11,Lassen,35,31185,1,0,1,1,0
2020-05-11,Los Angeles,37,10098052,40761,32279,21,32300,1553
2020-05-11,Madera,39,155013,116,68,0,68,2
2020-05-11,Marin,41,260295,291,271,1,272,14
2020-05-11,Mariposa,43,17540,15,15,0,15,0
2020-05-11,Mendocino,45,87422,12,10,0,10,0
2020-05-11,Merced,47,269075,260,158,0,158,3
2020-05-11,Modoc,49,8938,0,0,0,0,0
2020-05-11,Mono,51,14174,35,30,0,30,1
2020-05-11,Monterey,53,433212,362,286,0,286,6
2020-05-11,Napa,55,140530,92,79,0,79,2
2020-05-11,Nevada,57,99092,41,41,1,42,1
2020-05-11,Orange,59,3164182,5476,3699,20,3719,77
2020-05-11,Placer,61,380077,187,170,1,171,8
2020-05-11,Plumas,63,18699,4,4,0,4,0
2020-05-11,Riverside,65,2383286,5951,5082,7,5089,203
2020-05-11,Sacramento,67,1510023,1221,1160,0,1160,52
2020-05-11,San Benito,69,59416,57,52,0,52,2
2020-05-11,San Bernardino,71,2135413,3678,2945,2,2947,124
2020-05-11,San Diego,73,3302833,6049,5067,0,5067,175
2020-05-11,San Francisco,75,870044,2163,1974,1,1975,35
2020-05-11,San Joaquin,77,732212,704,620,3,623,30
2020-05-11,San Luis Obispo,79,281455,275,224,1,225,1
2020-05-11,San Mateo,81,765935,1789,1499,2,1501,66
2020-05-11,Santa Barbara,83,443738,1653,1372,19,1391,10
2020-05-11,Santa Clara,85,1922200,2720,2340,3,2343,129
2020-05-11,Santa Cruz,87,273765,159,140,0,140,2
2020-05-11,Shasta,89,179085,44,31,0,31,4
2020-05-11,Sierra,91,2930,0,0,0,0,0
2020-05-11,Siskiyou,93,43540,5,5,0,5,0
2020-05-11,Solano,95,438530,440,354,0,354,4
2020-05-11,Sonoma,97,501317,377,303,0,303,3
2020-05-11,Stanislaus,99,539301,584,507,4,511,14
2020-05-11,Sutter,101,95872,37,32,0,32,2
2020-05-11,Tehama,103,63373,3,1,0,1,1
2020-05-11,Trinity,105,12862,1,1,0,1,0
2020-05-11,Tulare,107,460477,1694,1203,1,1204,49
2020-05-11,Tuolumne,109,53932,3,2,0,2,0
2020-05-11,Ventura,111,848112,967,698,0,698,19
2020-05-11,Yolo,113,214977,189,174,0,174,20
2020-05-11,Yuba,115,75493,24,18,0,18,1
2020-05-10,Alameda,1,1643700,2446,2047,0,2047,71
2020-05-10,Alpine,3,1148,1,1,0,1,0
2020-05-10,Amador,5,37829,10,8,0,8,0
2020-05-10,Butte,7,227075,26,18,1,19,0
2020-05-10,Calaveras,9,45235,13,13,0,13,0
2020-05-10,Colusa,11,21464,3,3,0,3,0
2020-05-10,Contra Costa,13,1133247,1175,1046,0,1046,31
2020-05-10,Del Norte,15,27424,7,3,0,3,0
2020-05-10,El Dorado,17,186661,71,55,0,55,0
2020-05-10,Fresno,19,978130,1645,894,18,912,8
2020-05-10,Glenn,21,27897,10,6,0,6,0
2020-05-10,Humboldt,23,135768,73,56,0,56,0
2020-05-10,Imperial,25,180216,1089,509,1,510,7
2020-05-10,Inyo,27,18085,19,20,0,20,1
2020-05-10,Kern,29,883053,1627,1300,2,1302,16
2020-05-10,Kings,31,150075,387,266,1,267,1
2020-05-10,Lake,33,64148,12,7,0,7,0
2020-05-10,Lassen,35,31185,1,0,1,1,0
2020-05-10,Los Angeles,37,10098052,39508,31711,21,31732,1514
2020-05-10,Madera,39,155013,114,65,0,65,2
2020-05-10,Marin,41,260295,283,267,1,268,14
2020-05-10,Mariposa,43,17540,15,15,0,15,0
2020-05-10,Mendocino,45,87422,11,10,0,10,0
2020-05-10,Merced,47,269075,245,154,0,154,3
2020-05-10,Modoc,49,8938,0,0,0,0,0
2020-05-10,Mono,51,14174,35,27,0,27,1
2020-05-10,Monterey,53,433212,348,282,0,282,6
2020-05-10,Napa,55,140530,86,79,0,79,2
2020-05-10,Nevada,57,99092,41,41,1,42,1
2020-05-10,Orange,59,3164182,5331,3627,20,3647,76
2020-05-10,Placer,61,380077,186,168,1,169,8
2020-05-10,Plumas,63,18699,4,4,0,4,0
2020-05-10,Riverside,65,2383286,5829,4951,7,4958,193
2020-05-10,Sacramento,67,1510023,1205,1152,0,1152,52
2020-05-10,San Benito,69,59416,57,52,0,52,2
2020-05-10,San Bernardino,71,2135413,3580,2910,2,2912,121
2020-05-10,San Diego,73,3302833,5897,4928,0,4928,175
2020-05-10,San Francisco,75,870044,2143,1953,1,1954,35
2020-05-10,San Joaquin,77,732212,689,611,3,614,29
2020-05-10,San Luis Obispo,79,281455,272,218,1,219,1
2020-05-10,San Mateo,81,765935,1767,1463,2,1465,65
2020-05-10,Santa Barbara,83,443738,1632,1323,19,1342,10
2020-05-10,Santa Clara,85,1922200,2696,2331,3,2334,129
2020-05-10,Santa Cruz,87,273765,158,139,0,139,2
2020-05-10,Shasta,89,179085,44,31,0,31,4
2020-05-10,Sierra,91,2930,0,0,0,0,0
2020-05-10,Siskiyou,93,43540,5,5,0,5,0
2020-05-10,Solano,95,438530,430,322,0,322,4
2020-05-10,Sonoma,97,501317,367,290,0,290,3
2020-05-10,Stanislaus,99,539301,577,498,4,502,14
2020-05-10,Sutter,101,95872,34,31,0,31,2
2020-05-10,Tehama,103,63373,3,1,0,1,1
2020-05-10,Trinity,105,12862,1,1,0,1,0
2020-05-10,Tulare,107,460477,1626,1143,1,1144,47
2020-05-10,Tuolumne,109,53932,3,2,0,2,0
2020-05-10,Ventura,111,848112,919,690,0,690,19
2020-05-10,Yolo,113,214977,189,173,0,173,20
2020-05-10,Yuba,115,75493,23,17,0,17,1
2020-05-09,Alameda,1,1643700,2403,2011,0,2011,71
2020-05-09,Alpine,3,1148,1,1,0,1,0
2020-05-09,Amador,5,37829,9,8,0,8,0
2020-05-09,Butte,7,227075,25,18,1,19,0
2020-05-09,Calaveras,9,45235,13,13,0,13,0
2020-05-09,Colusa,11,21464,3,3,0,3,0
2020-05-09,Contra Costa,13,1133247,1161,1039,0,1039,31
2020-05-09,Del Norte,15,27424,7,3,0,3,0
2020-05-09,El Dorado,17,186661,68,54,0,54,0
2020-05-09,Fresno,19,978130,1609,861,18,879,8
2020-05-09,Glenn,21,27897,9,6,0,6,0
2020-05-09,Humboldt,23,135768,71,55,0,55,0
2020-05-09,Imperial,25,180216,1033,474,1,475,7
2020-05-09,Inyo,27,18085,19,20,0,20,1
2020-05-09,Kern,29,883053,1591,1262,1,1263,15
2020-05-09,Kings,31,150075,382,264,1,265,1
2020-05-09,Lake,33,64148,12,7,0,7,0
2020-05-09,Lassen,35,31185,1,0,1,1,0
2020-05-09,Los Angeles,37,10098052,38883,31268,21,31289,1499
2020-05-09,Madera,39,155013,113,61,0,61,2
2020-05-09,Marin,41,260295,282,261,1,262,14
2020-05-09,Mariposa,43,17540,15,15,0,15,0
2020-05-09,Mendocino,45,87422,11,10,0,10,0
2020-05-09,Merced,47,269075,241,153,0,153,3
2020-05-09,Modoc,49,8938,0,0,0,0,0
2020-05-09,Mono,51,14174,35,27,0,27,1
2020-05-09,Monterey,53,433212,341,273,0,273,6
2020-05-09,Napa,55,140530,85,78,0,78,2
2020-05-09,Nevada,57,99092,41,41,1,42,1
2020-05-09,Orange,59,3164182,5250,3506,19,3525,75
2020-05-09,Placer,61,380077,185,168,1,169,8
2020-05-09,Plumas,63,18699,4,4,0,4,0
2020-05-09,Riverside,65,2383286,5735,4871,7,4878,183
2020-05-09,Sacramento,67,1510023,1201,1150,0,1150,52
2020-05-09,San Benito,69,59416,56,52,0,52,2
2020-05-09,San Bernardino,71,2135413,3524,2825,2,2827,121
2020-05-09,San Diego,73,3302833,5785,4778,0,4778,175
2020-05-09,San Francisco,75,870044,2128,1944,1,1945,34
2020-05-09,San Joaquin,77,732212,680,605,3,608,28
2020-05-09,San Luis Obispo,79,281455,268,213,1,214,1
2020-05-09,San Mateo,81,765935,1748,1453,2,1455,65
2020-05-09,Santa Barbara,83,443738,1620,1245,19,1264,10
2020-05-09,Santa Clara,85,1922200,2685,2317,3,2320,128
2020-05-09,Santa Cruz,87,273765,157,138,0,138,2
2020-05-09,Shasta,89,179085,44,31,0,31,4
2020-05-09,Sierra,91,2930,0,0,0,0,0
2020-05-09,Siskiyou,93,43540,5,5,0,5,0
2020-05-09,Solano,95,438530,424,321,0,321,4
2020-05-09,Sonoma,97,501317,363,288,0,288,3
2020-05-09,Stanislaus,99,539301,569,491,4,495,12
2020-05-09,Sutter,101,95872,34,31,0,31,2
2020-05-09,Tehama,103,63373,2,1,0,1,1
2020-05-09,Trinity,105,12862,1,1,0,1,0
2020-05-09,Tulare,107,460477,1598,1083,1,1084,47
2020-05-09,Tuolumne,109,53932,3,2,0,2,0
2020-05-09,Ventura,111,848112,898,679,0,679,19
2020-05-09,Yolo,113,214977,189,172,0,172,18
2020-05-09,Yuba,115,75493,23,17,0,17,1
2020-05-08,Alameda,1,1643700,2360,1955,0,1955,70
2020-05-08,Alpine,3,1148,1,1,0,1,0
2020-05-08,Amador,5,37829,9,8,0,8,0
2020-05-08,Butte,7,227075,25,18,1,19,0
2020-05-08,Calaveras,9,45235,13,13,0,13,0
2020-05-08,Colusa,11,21464,3,3,0,3,0
2020-05-08,Contra Costa,13,1133247,1149,1024,0,1024,29
2020-05-08,Del Norte,15,27424,7,3,0,3,0
2020-05-08,El Dorado,17,186661,67,54,0,54,0
2020-05-08,Fresno,19,978130,1577,838,18,856,8
2020-05-08,Glenn,21,27897,8,6,0,6,0
2020-05-08,Humboldt,23,135768,68,54,0,54,0
2020-05-08,Imperial,25,180216,987,467,1,468,7
2020-05-08,Inyo,27,18085,19,20,0,20,1
2020-05-08,Kern,29,883053,1560,1214,1,1215,13
2020-05-08,Kings,31,150075,373,236,1,237,1
2020-05-08,Lake,33,64148,12,7,0,7,0
2020-05-08,Lassen,35,31185,1,0,1,1,0
2020-05-08,Los Angeles,37,10098052,38152,30357,21,30378,1447
2020-05-08,Madera,39,155013,110,57,0,57,2
2020-05-08,Marin,41,260295,282,257,1,258,14
2020-05-08,Mariposa,43,17540,15,15,0,15,0
2020-05-08,Mendocino,45,87422,11,10,0,10,0
2020-05-08,Merced,47,269075,240,151,0,151,3
2020-05-08,Modoc,49,8938,0,0,0,0,0
2020-05-08,Mono,51,14174,32,27,0,27,1
2020-05-08,Monterey,53,433212,333,265,0,265,6
2020-05-08,Napa,55,140530,84,78,0,78,2
2020-05-08,Nevada,57,99092,41,41,1,42,1
2020-05-08,Orange,59,3164182,5108,3395,19,3414,72
2020-05-08,Placer,61,380077,183,166,1,167,8
2020-05-08,Plumas,63,18699,4,4,0,4,0
2020-05-08,Riverside,65,2383286,5636,4672,7,4679,181
2020-05-08,Sacramento,67,1510023,1196,1145,0,1145,51
2020-05-08,San Benito,69,59416,56,51,0,51,2
2020-05-08,San Bernardino,71,2135413,3476,2631,2,2633,119
2020-05-08,San Diego,73,3302833,5678,4664,0,4664,169
2020-05-08,San Francisco,75,870044,2110,1890,1,1891,33
2020-05-08,San Joaquin,77,732212,673,595,3,598,28
2020-05-08,San Luis Obispo,79,281455,265,210,1,211,1
2020-05-08,San Mateo,81,765935,1663,1423,2,1425,62
2020-05-08,Santa Barbara,83,443738,1608,1054,18,1072,8
2020-05-08,Santa Clara,85,1922200,2663,2285,3,2288,128
2020-05-08,Santa Cruz,87,273765,153,137,0,137,2
2020-05-08,Shasta,89,179085,44,31,0,31,4
2020-05-08,Sierra,91,2930,0,0,0,0,0
2020-05-08,Siskiyou,93,43540,5,5,0,5,0
2020-05-08,Solano,95,438530,419,314,0,314,4
2020-05-08,Sonoma,97,501317,358,285,0,285,3
2020-05-08,Stanislaus,99,539301,555,487,4,491,12
2020-05-08,Sutter,101,95872,34,30,0,30,2
2020-05-08,Tehama,103,63373,2,1,0,1,1
2020-05-08,Trinity,105,12862,1,0,0,0,0
2020-05-08,Tulare,107,460477,1553,1050,1,1051,43
2020-05-08,Tuolumne,109,53932,3,2,0,2,0
2020-05-08,Ventura,111,848112,881,665,0,665,19
2020-05-08,Yolo,113,214977,188,172,0,172,18
2020-05-08,Yuba,115,75493,22,16,0,16,1
2020-05-07,Alameda,1,1643700,2300,1914,0,1914,68
2020-05-07,Alpine,3,1148,1,1,0,1,0
2020-05-07,Amador,5,37829,9,8,0,8,0
2020-05-07,Butte,7,227075,25,19,1,20,0
2020-05-07,Calaveras,9,45235,13,13,0,13,0
2020-05-07,Colusa,11,21464,3,3,0,3,0
2020-05-07,Contra Costa,13,1133247,1135,1005,0,1005,29
2020-05-07,Del Norte,15,27424,6,3,0,3,0
2020-05-07,El Dorado,17,186661,66,54,0,54,0
2020-05-07,Fresno,19,978130,1499,812,17,829,8
2020-05-07,Glenn,21,27897,8,5,0,5,0
2020-05-07,Humboldt,23,135768,67,54,0,54,0
2020-05-07,Imperial,25,180216,924,442,1,443,6
2020-05-07,Inyo,27,18085,19,20,0,20,1
2020-05-07,Kern,29,883053,1518,1176,1,1177,13
2020-05-07,Kings,31,150075,351,219,1,220,1
2020-05-07,Lake,33,64148,11,7,0,7,0
2020-05-07,Lassen,35,31185,1,0,1,1,0
2020-05-07,Los Angeles,37,10098052,37031,29544,21,29565,1399
2020-05-07,Madera,39,155013,106,54,0,54,2
2020-05-07,Marin,41,260295,275,252,1,253,14
2020-05-07,Mariposa,43,17540,15,15,0,15,0
2020-05-07,Mendocino,45,87422,11,10,0,10,0
2020-05-07,Merced,47,269075,232,146,0,146,3
2020-05-07,Modoc,49,8938,0,0,0,0,0
2020-05-07,Mono,51,14174,32,26,0,26,1
2020-05-07,Monterey,53,433212,325,249,0,249,6
2020-05-07,Napa,55,140530,84,78,0,78,2
2020-05-07,Nevada,57,99092,41,41,1,42,1
2020-05-07,Orange,59,3164182,4925,3283,17,3300,69
2020-05-07,Placer,61,380077,183,165,1,166,8
2020-05-07,Plumas,63,18699,4,4,0,4,0
2020-05-07,Riverside,65,2383286,5520,4608,7,4615,170
2020-05-07,Sacramento,67,1510023,1190,1139,0,1139,50
2020-05-07,San Benito,69,59416,56,50,0,50,2
2020-05-07,San Bernardino,71,2135413,3384,2522,2,2524,115
2020-05-07,San Diego,73,3302833,5521,4431,0,4431,165
2020-05-07,San Francisco,75,870044,2078,1852,1,1853,33
2020-05-07,San Joaquin,77,732212,660,583,3,586,28
2020-05-07,San Luis Obispo,79,281455,254,209,1,210,1
2020-05-07,San Mateo,81,765935,1641,1398,2,1400,58
2020-05-07,Santa Barbara,83,443738,1578,720,18,738,8
2020-05-07,Santa Clara,85,1922200,2626,2281,3,2284,127
2020-05-07,Santa Cruz,87,273765,150,136,0,136,2
2020-05-07,Shasta,89,179085,43,31,0,31,4
2020-05-07,Sierra,91,2930,0,0,0,0,0
2020-05-07,Siskiyou,93,43540,5,5,0,5,0
2020-05-07,Solano,95,438530,413,307,0,307,4
2020-05-07,Sonoma,97,501317,346,282,0,282,3
2020-05-07,Stanislaus,99,539301,546,466,4,470,10
2020-05-07,Sutter,101,95872,34,29,0,29,2
2020-05-07,Tehama,103,63373,2,1,0,1,1
2020-05-07,Trinity,105,12862,1,0,0,0,0
2020-05-07,Tulare,107,460477,1489,1001,1,1002,41
2020-05-07,Tuolumne,109,53932,3,2,0,2,0
2020-05-07,Ventura,111,848112,859,647,0,647,19
2020-05-07,Yolo,113,214977,187,172,0,172,18
2020-05-07,Yuba,115,75493,22,16,0,16,1
2020-05-06,Alameda,1,1643700,2263,1864,0,1864,67
2020-05-06,Alpine,3,1148,1,1,0,1,0
2020-05-06,Amador,5,37829,9,8,0,8,0
2020-05-06,Butte,7,227075,24,19,1,20,0
2020-05-06,Calaveras,9,45235,13,13,0,13,0
2020-05-06,Colusa,11,21464,3,3,0,3,0
2020-05-06,Contra Costa,13,1133247,1114,990,0,990,29
2020-05-06,Del Norte,15,27424,6,3,0,3,0
2020-05-06,El Dorado,17,186661,64,53,0,53,0
2020-05-06,Fresno,19,978130,1441,773,15,788,8
2020-05-06,Glenn,21,27897,8,3,0,3,0
2020-05-06,Humboldt,23,135768,66,54,0,54,0
2020-05-06,Imperial,25,180216,856,399,1,400,6
2020-05-06,Inyo,27,18085,19,20,0,20,1
2020-05-06,Kern,29,883053,1463,1112,1,1113,12
2020-05-06,Kings,31,150075,333,208,1,209,1
2020-05-06,Lake,33,64148,11,7,0,7,0
2020-05-06,Lassen,35,31185,1,0,1,1,0
2020-05-06,Los Angeles,37,10098052,36021,28687,21,28708,1347
2020-05-06,Madera,39,155013,104,55,0,55,2
2020-05-06,Marin,41,260295,268,244,1,245,14
2020-05-06,Mariposa,43,17540,15,14,0,14,0
2020-05-06,Mendocino,45,87422,11,10,0,10,0
2020-05-06,Merced,47,269075,225,140,0,140,3
2020-05-06,Modoc,49,8938,0,0,0,0,0
2020-05-06,Mono,51,14174,32,26,0,26,1
2020-05-06,Monterey,53,433212,317,246,0,246,6
2020-05-06,Napa,55,140530,83,78,0,78,2
2020-05-06,Nevada,57,99092,41,41,1,42,1
2020-05-06,Orange,59,3164182,4740,3156,16,3172,66
2020-05-06,Placer,61,380077,180,164,1,165,8
2020-05-06,Plumas,63,18699,4,4,0,4,0
2020-05-06,Riverside,65,2383286,5375,4535,7,4542,163
2020-05-06,Sacramento,67,1510023,1183,1135,0,1135,49
2020-05-06,San Benito,69,59416,55,50,0,50,2
2020-05-06,San Bernardino,71,2135413,3262,2426,1,2427,110
2020-05-06,San Diego,73,3302833,5388,4321,0,4321,158
2020-05-06,San Francisco,75,870044,2052,1804,1,1805,32
2020-05-06,San Joaquin,77,732212,647,581,3,584,28
2020-05-06,San Luis Obispo,79,281455,251,207,1,208,1
2020-05-06,San Mateo,81,765935,1610,1348,2,1350,57
2020-05-06,Santa Barbara,83,443738,1532,565,18,583,8
2020-05-06,Santa Clara,85,1922200,2611,2270,3,2273,127
2020-05-06,Santa Cruz,87,273765,146,135,0,135,2
2020-05-06,Shasta,89,179085,43,31,0,31,4
2020-05-06,Sierra,91,2930,0,0,0,0,0
2020-05-06,Siskiyou,93,43540,5,5,0,5,0
2020-05-06,Solano,95,438530,403,300,0,300,4
2020-05-06,Sonoma,97,501317,330,269,0,269,3
2020-05-06,Stanislaus,99,539301,530,434,4,438,9
2020-05-06,Sutter,101,95872,34,29,0,29,2
2020-05-06,Tehama,103,63373,2,1,0,1,1
2020-05-06,Trinity,105,12862,1,0,0,0,0
2020-05-06,Tulare,107,460477,1441,963,1,964,40
2020-05-06,Tuolumne,109,53932,3,2,0,2,0
2020-05-06,Ventura,111,848112,834,619,0,619,19
2020-05-06,Yolo,113,214977,186,172,0,172,18
2020-05-06,Yuba,115,75493,22,15,0,15,1
2020-05-05,Alameda,1,1643700,2220,1819,0,1819,67
2020-05-05,Alpine,3,1148,1,1,0,1,0
2020-05-05,Amador,5,37829,9,8,0,8,0
2020-05-05,Butte,7,227075,23,19,1,20,0
2020-05-05,Calaveras,9,45235,13,13,0,13,0
2020-05-05,Colusa,11,21464,3,3,0,3,0
2020-05-05,Contra Costa,13,1133247,1096,976,0,976,29
2020-05-05,Del Norte,15,27424,6,3,0,3,0
2020-05-05,El Dorado,17,186661,62,54,0,54,0
2020-05-05,Fresno,19,978130,1373,726,13,739,8
2020-05-05,Glenn,21,27897,8,3,0,3,0
2020-05-05,Humboldt,23,135768,63,54,0,54,0
2020-05-05,Imperial,25,180216,801,389,1,390,6
2020-05-05,Inyo,27,18085,19,20,0,20,1
2020-05-05,Kern,29,883053,1412,1084,1,1085,11
2020-05-05,Kings,31,150075,317,187,1,188,1
2020-05-05,Lake,33,64148,10,7,0,7,0
2020-05-05,Lassen,35,31185,1,0,1,1,0
2020-05-05,Los Angeles,37,10098052,34960,27867,21,27888,1289
2020-05-05,Madera,39,155013,101,53,0,53,2
2020-05-05,Marin,41,260295,262,244,1,245,14
2020-05-05,Mariposa,43,17540,15,14,0,14,0
2020-05-05,Mendocino,45,87422,11,10,0,10,0
2020-05-05,Merced,47,269075,220,141,0,141,3
2020-05-05,Modoc,49,8938,0,0,0,0,0
2020-05-05,Mono,51,14174,32,25,0,25,1
2020-05-05,Monterey,53,433212,303,240,0,240,6
2020-05-05,Napa,55,140530,83,74,0,74,2
2020-05-05,Nevada,57,99092,41,41,1,42,1
2020-05-05,Orange,59,3164182,4617,3041,16,3057,63
2020-05-05,Placer,61,380077,180,162,1,163,8
2020-05-05,Plumas,63,18699,4,4,0,4,0
2020-05-05,Riverside,65,2383286,5265,4309,7,4316,161
2020-05-05,Sacramento,67,1510023,1176,1125,0,1125,48
2020-05-05,San Benito,69,59416,54,50,0,50,2
2020-05-05,San Bernardino,71,2135413,3169,2345,1,2346,104
2020-05-05,San Diego,73,3302833,5245,4162,0,4162,150
2020-05-05,San Francisco,75,870044,2017,1779,1,1780,31
2020-05-05,San Joaquin,77,732212,638,577,3,580,26
2020-05-05,San Luis Obispo,79,281455,250,203,1,204,1
2020-05-05,San Mateo,81,765935,1578,1335,2,1337,56
2020-05-05,Santa Barbara,83,443738,1308,541,18,559,7
2020-05-05,Santa Clara,85,1922200,2569,2249,3,2252,124
2020-05-05,Santa Cruz,87,273765,143,134,0,134,2
2020-05-05,Shasta,89,179085,42,31,0,31,4
2020-05-05,Sierra,91,2930,0,0,0,0,0
2020-05-05,Siskiyou,93,43540,5,5,0,5,0
2020-05-05,Solano,95,438530,387,299,0,299,4
2020-05-05,Sonoma,97,501317,327,263,0,263,3
2020-05-05,Stanislaus,99,539301,518,430,4,434,9
2020-05-05,Sutter,101,95872,34,29,0,29,2
2020-05-05,Tehama,103,63373,2,1,0,1,1
2020-05-05,Trinity,105,12862,1,0,0,0,0
2020-05-05,Tulare,107,460477,1352,869,1,870,40
2020-05-05,Tuolumne,109,53932,3,2,0,2,0
2020-05-05,Ventura,111,848112,812,607,0,607,19
2020-05-05,Yolo,113,214977,184,171,0,171,18
2020-05-05,Yuba,115,75493,22,15,0,15,1
2020-05-04,Alameda,1,1643700,2161,1762,0,1762,65
2020-05-04,Alpine,3,1148,1,1,0,1,0
2020-05-04,Amador,5,37829,8,8,0,8,0
2020-05-04,Butte,7,227075,23,16,1,17,0
2020-05-04,Calaveras,9,45235,13,13,0,13,0
2020-05-04,Colusa,11,21464,3,3,0,3,0
2020-05-04,Contra Costa,13,1133247,1078,949,0,949,28
2020-05-04,Del Norte,15,27424,5,3,0,3,0
2020-05-04,El Dorado,17,186661,61,51,0,51,0
2020-05-04,Fresno,19,978130,1308,680,12,692,8
2020-05-04,Glenn,21,27897,8,4,0,4,0
2020-05-04,Humboldt,23,135768,61,54,0,54,0
2020-05-04,Imperial,25,180216,748,351,1,352,6
2020-05-04,Inyo,27,18085,19,20,0,20,1
2020-05-04,Kern,29,883053,1372,1047,1,1048,8
2020-05-04,Kings,31,150075,300,153,1,154,1
2020-05-04,Lake,33,64148,9,7,0,7,0
2020-05-04,Lassen,35,31185,1,0,1,1,0
2020-05-04,Los Angeles,37,10098052,33660,26243,20,26263,1235
2020-05-04,Madera,39,155013,100,52,0,52,2
2020-05-04,Marin,41,260295,258,244,1,245,13
2020-05-04,Mariposa,43,17540,15,13,0,13,0
2020-05-04,Mendocino,45,87422,11,10,0,10,0
2020-05-04,Merced,47,269075,220,138,0,138,3
2020-05-04,Modoc,49,8938,0,0,0,0,0
2020-05-04,Mono,51,14174,32,25,0,25,1
2020-05-04,Monterey,53,433212,292,237,0,237,6
2020-05-04,Napa,55,140530,83,72,0,72,2
2020-05-04,Nevada,57,99092,41,41,1,42,1
2020-05-04,Orange,59,3164182,4481,2931,15,2946,57
2020-05-04,Placer,61,380077,179,162,1,163,8
2020-05-04,Plumas,63,18699,4,4,0,4,0
2020-05-04,Riverside,65,2383286,5172,4221,7,4228,147
2020-05-04,Sacramento,67,1510023,1166,1119,0,1119,44
2020-05-04,San Benito,69,59416,52,49,0,49,2
2020-05-04,San Bernardino,71,2135413,3027,2184,1,2185,99
2020-05-04,San Diego,73,3302833,5104,4022,0,4022,144
2020-05-04,San Francisco,75,870044,1979,1760,1,1761,31
2020-05-04,San Joaquin,77,732212,624,574,3,577,26
2020-05-04,San Luis Obispo,79,281455,247,202,1,203,1
2020-05-04,San Mateo,81,765935,1553,1313,2,1315,53
2020-05-04,Santa Barbara,83,443738,1052,524,18,542,7
2020-05-04,Santa Clara,85,1922200,2555,2238,3,2241,119
2020-05-04,Santa Cruz,87,273765,142,133,0,133,2
2020-05-04,Shasta,89,179085,40,31,0,31,4
2020-05-04,Sierra,91,2930,0,0,0,0,0
2020-05-04,Siskiyou,93,43540,5,5,0,5,0
2020-05-04,Solano,95,438530,373,293,0,293,4
2020-05-04,Sonoma,97,501317,313,256,0,256,4
2020-05-04,Stanislaus,99,539301,512,422,4,426,8
2020-05-04,Sutter,101,95872,31,28,0,28,2
2020-05-04,Tehama,103,63373,2,1,0,1,1
2020-05-04,Trinity,105,12862,0,0,0,0,0
2020-05-04,Tulare,107,460477,1274,760,1,761,40
2020-05-04,Tuolumne,109,53932,3,3,0,3,0
2020-05-04,Ventura,111,848112,792,590,0,590,19
2020-05-04,Yolo,113,214977,183,171,0,171,18
2020-05-04,Yuba,115,75493,19,16,0,16,1
2020-05-03,Alameda,1,1643700,2105,1731,0,1731,64
2020-05-03,Alpine,3,1148,1,1,0,1,0
2020-05-03,Amador,5,37829,8,8,0,8,0
2020-05-03,Butte,7,227075,23,17,1,18,0
2020-05-03,Calaveras,9,45235,13,13,0,13,0
2020-05-03,Colusa,11,21464,3,3,0,3,0
2020-05-03,Contra Costa,13,1133247,1062,945,0,945,28
2020-05-03,Del Norte,15,27424,5,3,0,3,0
2020-05-03,El Dorado,17,186661,59,49,0,49,0
2020-05-03,Fresno,19,978130,1219,646,11,657,8
2020-05-03,Glenn,21,27897,7,5,0,5,0
2020-05-03,Humboldt,23,135768,60,54,0,54,0
2020-05-03,Imperial,25,180216,691,351,1,352,6
2020-05-03,Inyo,27,18085,19,20,0,20,1
2020-05-03,Kern,29,883053,1320,1025,1,1026,8
2020-05-03,Kings,31,150075,280,137,1,138,1
2020-05-03,Lake,33,64148,9,7,0,7,0
2020-05-03,Lassen,35,31185,1,0,1,1,0
2020-05-03,Los Angeles,37,10098052,32678,25708,20,25728,1210
2020-05-03,Madera,39,155013,93,46,0,46,2
2020-05-03,Marin,41,260295,253,243,1,244,13
2020-05-03,Mariposa,43,17540,15,13,0,13,0
2020-05-03,Mendocino,45,87422,11,10,0,10,0
2020-05-03,Merced,47,269075,212,134,0,134,3
2020-05-03,Modoc,49,8938,0,0,0,0,0
2020-05-03,Mono,51,14174,32,25,0,25,1
2020-05-03,Monterey,53,433212,283,235,0,235,6
2020-05-03,Napa,55,140530,83,72,0,72,2
2020-05-03,Nevada,57,99092,41,41,1,42,1
2020-05-03,Orange,59,3164182,4310,2859,14,2873,55
2020-05-03,Placer,61,380077,179,161,1,162,8
2020-05-03,Plumas,63,18699,4,4,0,4,0
2020-05-03,Riverside,65,2383286,5067,4034,7,4041,139
2020-05-03,Sacramento,67,1510023,1157,1109,0,1109,43
2020-05-03,San Benito,69,59416,52,49,0,49,2
2020-05-03,San Bernardino,71,2135413,2966,2123,1,2124,99
2020-05-03,San Diego,73,3302833,4967,3929,0,3929,142
2020-05-03,San Francisco,75,870044,1951,1692,0,1692,30
2020-05-03,San Joaquin,77,732212,617,570,3,573,26
2020-05-03,San Luis Obispo,79,281455,244,200,1,201,1
2020-05-03,San Mateo,81,765935,1525,1277,2,1279,53
2020-05-03,Santa Barbara,83,443738,686,512,17,529,7
2020-05-03,Santa Clara,85,1922200,2528,2235,3,2238,116
2020-05-03,Santa Cruz,87,273765,142,133,0,133,2
2020-05-03,Shasta,89,179085,38,31,0,31,4
2020-05-03,Sierra,91,2930,0,0,0,0,0
2020-05-03,Siskiyou,93,43540,5,5,0,5,0
2020-05-03,Solano,95,438530,363,266,0,266,4
2020-05-03,Sonoma,97,501317,304,254,0,254,4
2020-05-03,Stanislaus,99,539301,484,411,4,415,8
2020-05-03,Sutter,101,95872,30,28,0,28,2
2020-05-03,Tehama,103,63373,2,1,0,1,1
2020-05-03,Trinity,105,12862,0,0,0,0,0
2020-05-03,Tulare,107,460477,1196,736,1,737,40
2020-05-03,Tuolumne,109,53932,3,3,0,3,0
2020-05-03,Ventura,111,848112,761,583,0,583,19
2020-05-03,Yolo,113,214977,182,171,0,171,18
2020-05-03,Yuba,115,75493,19,16,0,16,1
2020-05-02,Alameda,1,1643700,2068,1678,0,1678,63
2020-05-02,Alpine,3,1148,1,1,0,1,0
2020-05-02,Amador,5,37829,8,8,0,8,0
2020-05-02,Butte,7,227075,23,17,1,18,0
2020-05-02,Calaveras,9,45235,13,13,0,13,0
2020-05-02,Colusa,11,21464,3,3,0,3,0
2020-05-02,Contra Costa,13,1133247,1045,929,0,929,28
2020-05-02,Del Norte,15,27424,5,3,0,3,0
2020-05-02,El Dorado,17,186661,59,47,0,47,0
2020-05-02,Fresno,19,978130,1201,629,10,639,8
2020-05-02,Glenn,21,27897,7,5,0,5,0
2020-05-02,Humboldt,23,135768,60,54,0,54,0
2020-05-02,Imperial,25,180216,664,345,1,346,6
2020-05-02,Inyo,27,18085,19,20,0,20,1
2020-05-02,Kern,29,883053,1294,1007,1,1008,8
2020-05-02,Kings,31,150075,277,120,1,121,1
2020-05-02,Lake,33,64148,9,7,0,7,0
2020-05-02,Lassen,35,31185,1,0,1,1,0
2020-05-02,Los Angeles,37,10098052,32148,24955,20,24975,1192
2020-05-02,Madera,39,155013,93,46,0,46,2
2020-05-02,Marin,41,260295,252,243,1,244,13
2020-05-02,Mariposa,43,17540,15,13,0,13,0
2020-05-02,Mendocino,45,87422,11,10,0,10,0
2020-05-02,Merced,47,269075,209,131,0,131,3
2020-05-02,Modoc,49,8938,0,0,0,0,0
2020-05-02,Mono,51,14174,32,25,0,25,1
2020-05-02,Monterey,53,433212,277,225,0,225,5
2020-05-02,Napa,55,140530,83,71,0,71,2
2020-05-02,Nevada,57,99092,41,41,1,42,1
2020-05-02,Orange,59,3164182,4196,2774,14,2788,52
2020-05-02,Placer,61,380077,177,150,1,151,8
2020-05-02,Plumas,63,18699,4,4,0,4,0
2020-05-02,Riverside,65,2383286,5001,3997,7,4004,137
2020-05-02,Sacramento,67,1510023,1154,1097,0,1097,43
2020-05-02,San Benito,69,59416,52,49,0,49,2
2020-05-02,San Bernardino,71,2135413,2927,2124,1,2125,99
2020-05-02,San Diego,73,3302833,4865,3844,0,3844,138
2020-05-02,San Francisco,75,870044,1928,1632,0,1632,29
2020-05-02,San Joaquin,77,732212,609,559,3,562,25
2020-05-02,San Luis Obispo,79,281455,238,193,1,194,1
2020-05-02,San Mateo,81,765935,1509,1272,2,1274,52
2020-05-02,Santa Barbara,83,443738,674,506,17,523,7
2020-05-02,Santa Clara,85,1922200,2518,2203,3,2206,115
2020-05-02,Santa Cruz,87,273765,141,131,0,131,2
2020-05-02,Shasta,89,179085,38,31,0,31,4
2020-05-02,Sierra,91,2930,0,0,0,0,0
2020-05-02,Siskiyou,93,43540,5,5,0,5,0
2020-05-02,Solano,95,438530,356,267,0,267,4
2020-05-02,Sonoma,97,501317,301,250,0,250,3
2020-05-02,Stanislaus,99,539301,476,388,4,392,8
2020-05-02,Sutter,101,95872,30,28,0,28,2
2020-05-02,Tehama,103,63373,2,1,0,1,1
2020-05-02,Trinity,105,12862,0,0,0,0,0
2020-05-02,Tulare,107,460477,1156,711,1,712,35
2020-05-02,Tuolumne,109,53932,3,3,0,3,0
2020-05-02,Ventura,111,848112,747,564,0,564,19
2020-05-02,Yolo,113,214977,182,169,0,169,17
2020-05-02,Yuba,115,75493,19,16,0,16,1
2020-05-01,Alameda,1,1643700,2032,1630,0,1630,63
2020-05-01,Alpine,3,1148,1,1,0,1,0
2020-05-01,Amador,5,37829,8,8,0,8,0
2020-05-01,Butte,7,227075,23,17,1,18,0
2020-05-01,Calaveras,9,45235,13,13,0,13,0
2020-05-01,Colusa,11,21464,3,3,0,3,0
2020-05-01,Contra Costa,13,1133247,1031,915,0,915,28
2020-05-01,Del Norte,15,27424,5,3,0,3,0
2020-05-01,El Dorado,17,186661,59,47,0,47,0
2020-05-01,Fresno,19,978130,1173,617,10,627,7
2020-05-01,Glenn,21,27897,7,4,0,4,0
2020-05-01,Humboldt,23,135768,60,54,0,54,0
2020-05-01,Imperial,25,180216,627,337,1,338,6
2020-05-01,Inyo,27,18085,19,20,0,20,1
2020-05-01,Kern,29,883053,1267,972,1,973,8
2020-05-01,Kings,31,150075,260,112,1,113,1
2020-05-01,Lake,33,64148,9,6,0,6,0
2020-05-01,Lassen,35,31185,1,0,1,1,0
2020-05-01,Los Angeles,37,10098052,31394,24306,20,24326,1155
2020-05-01,Madera,39,155013,89,46,0,46,2
2020-05-01,Marin,41,260295,252,242,1,243,13
2020-05-01,Mariposa,43,17540,15,10,0,10,0
2020-05-01,Mendocino,45,87422,11,11,0,11,0
2020-05-01,Merced,47,269075,206,131,0,131,3
2020-05-01,Modoc,49,8938,0,0,0,0,0
2020-05-01,Mono,51,14174,32,25,0,25,1
2020-05-01,Monterey,53,433212,273,222,0,222,5
2020-05-01,Napa,55,140530,83,69,0,69,2
2020-05-01,Nevada,57,99092,41,41,1,42,1
2020-05-01,Orange,59,3164182,4118,2660,13,2673,51
2020-05-01,Placer,61,380077,176,149,1,150,8
2020-05-01,Plumas,63,18699,4,4,0,4,0
2020-05-01,Riverside,65,2383286,4938,3893,7,3900,132
2020-05-01,Sacramento,67,1510023,1149,1081,0,1081,43
2020-05-01,San Benito,69,59416,52,49,0,49,2
2020-05-01,San Bernardino,71,2135413,2872,2084,1,2085,98
2020-05-01,San Diego,73,3302833,4775,3713,0,3713,134
2020-05-01,San Francisco,75,870044,1884,1552,0,1552,29
2020-05-01,San Joaquin,77,732212,605,554,3,557,25
2020-05-01,San Luis Obispo,79,281455,235,186,1,187,1
2020-05-01,San Mateo,81,765935,1487,1222,2,1224,52
2020-05-01,Santa Barbara,83,443738,666,499,13,512,7
2020-05-01,Santa Clara,85,1922200,2508,2176,3,2179,112
2020-05-01,Santa Cruz,87,273765,141,127,0,127,2
2020-05-01,Shasta,89,179085,38,31,0,31,4
2020-05-01,Sierra,91,2930,0,0,0,0,0
2020-05-01,Siskiyou,93,43540,5,5,0,5,0
2020-05-01,Solano,95,438530,348,266,0,266,4
2020-05-01,Sonoma,97,501317,298,242,0,242,3
2020-05-01,Stanislaus,99,539301,471,384,4,388,8
2020-05-01,Sutter,101,95872,30,28,0,28,2
2020-05-01,Tehama,103,63373,2,1,0,1,1
2020-05-01,Trinity,105,12862,0,0,0,0,0
2020-05-01,Tulare,107,460477,1112,685,1,686,32
2020-05-01,Tuolumne,109,53932,3,3,0,3,0
2020-05-01,Ventura,111,848112,734,556,0,556,18
2020-05-01,Yolo,113,214977,182,165,0,165,18
2020-05-01,Yuba,115,75493,19,16,0,16,1
2020-04-30,Alameda,1,1643700,1972,1599,0,1599,60
2020-04-30,Alpine,3,1148,1,1,0,1,0
2020-04-30,Amador,5,37829,8,8,0,8,0
2020-04-30,Butte,7,227075,23,16,1,17,0
2020-04-30,Calaveras,9,45235,13,13,0,13,0
2020-04-30,Colusa,11,21464,3,3,0,3,0
2020-04-30,Contra Costa,13,1133247,1009,900,0,900,25
2020-04-30,Del Norte,15,27424,4,3,0,3,0
2020-04-30,El Dorado,17,186661,59,44,0,44,0
2020-04-30,Fresno,19,978130,1111,562,7,569,7
2020-04-30,Glenn,21,27897,7,4,0,4,0
2020-04-30,Humboldt,23,135768,60,54,0,54,0
2020-04-30,Imperial,25,180216,580,322,1,323,6
2020-04-30,Inyo,27,18085,19,20,0,20,1
2020-04-30,Kern,29,883053,1236,941,1,942,8
2020-04-30,Kings,31,150075,248,87,1,88,1
2020-04-30,Lake,33,64148,9,6,0,6,0
2020-04-30,Lassen,35,31185,1,0,1,1,0
2020-04-30,Los Angeles,37,10098052,30387,23284,20,23304,1099
2020-04-30,Madera,39,155013,78,46,0,46,2
2020-04-30,Marin,41,260295,252,240,1,241,13
2020-04-30,Mariposa,43,17540,15,3,0,3,0
2020-04-30,Mendocino,45,87422,11,11,0,11,0
2020-04-30,Merced,47,269075,199,122,0,122,3
2020-04-30,Modoc,49,8938,0,0,0,0,0
2020-04-30,Mono,51,14174,31,25,0,25,1
2020-04-30,Monterey,53,433212,263,213,0,213,5
2020-04-30,Napa,55,140530,81,69,0,69,2
2020-04-30,Nevada,57,99092,41,41,1,42,1
2020-04-30,Orange,59,3164182,3904,2591,12,2603,46
2020-04-30,Placer,61,380077,175,148,1,149,8
2020-04-30,Plumas,63,18699,4,4,0,4,0
2020-04-30,Riverside,65,2383286,4838,3820,6,3826,124
2020-04-30,Sacramento,67,1510023,1143,1071,0,1071,43
2020-04-30,San Benito,69,59416,52,48,0,48,2
2020-04-30,San Bernardino,71,2135413,2671,2020,1,2021,96
2020-04-30,San Diego,73,3302833,4604,3566,0,3566,124
2020-04-30,San Francisco,75,870044,1850,1518,0,1518,26
2020-04-30,San Joaquin,77,732212,598,548,3,551,25
2020-04-30,San Luis Obispo,79,281455,232,182,1,183,1
2020-04-30,San Mateo,81,765935,1457,1194,2,1196,52
2020-04-30,Santa Barbara,83,443738,649,490,2,492,7
2020-04-30,Santa Clara,85,1922200,2473,2172,3,2175,111
2020-04-30,Santa Cruz,87,273765,140,126,0,126,2
2020-04-30,Shasta,89,179085,37,31,0,31,4
2020-04-30,Sierra,91,2930,0,0,0,0,0
2020-04-30,Siskiyou,93,43540,5,5,0,5,0
2020-04-30,Solano,95,438530,338,262,0,262,4
2020-04-30,Sonoma,97,501317,289,233,0,233,3
2020-04-30,Stanislaus,99,539301,464,378,4,382,7
2020-04-30,Sutter,101,95872,30,28,0,28,2
2020-04-30,Tehama,103,63373,1,1,0,1,1
2020-04-30,Trinity,105,12862,0,0,0,0,0
2020-04-30,Tulare,107,460477,1048,637,1,638,31
2020-04-30,Tuolumne,109,53932,3,3,0,3,0
2020-04-30,Ventura,111,848112,706,547,0,547,18
2020-04-30,Yolo,113,214977,181,164,0,164,16
2020-04-30,Yuba,115,75493,19,15,0,15,1
2020-04-29,Alameda,1,1643700,1914,1564,0,1564,60
2020-04-29,Alpine,3,1148,1,1,0,1,0
2020-04-29,Amador,5,37829,8,8,0,8,0
2020-04-29,Butte,7,227075,23,16,1,17,0
2020-04-29,Calaveras,9,45235,13,13,0,13,0
2020-04-29,Colusa,11,21464,3,3,0,3,0
2020-04-29,Contra Costa,13,1133247,990,885,0,885,25
2020-04-29,Del Norte,15,27424,4,3,0,3,0
2020-04-29,El Dorado,17,186661,57,44,0,44,0
2020-04-29,Fresno,19,978130,1059,544,7,551,7
2020-04-29,Glenn,21,27897,7,4,0,4,0
2020-04-29,Humboldt,23,135768,60,53,0,53,0
2020-04-29,Imperial,25,180216,551,300,1,301,6
2020-04-29,Inyo,27,18085,19,20,0,20,1
2020-04-29,Kern,29,883053,1193,910,1,911,6
2020-04-29,Kings,31,150075,229,80,1,81,1
2020-04-29,Lake,33,64148,9,6,0,6,0
2020-04-29,Lassen,35,31185,1,0,1,1,0
2020-04-29,Los Angeles,37,10098052,29412,22560,20,22580,1043
2020-04-29,Madera,39,155013,77,45,0,45,2
2020-04-29,Marin,41,260295,249,234,1,235,13
2020-04-29,Mariposa,43,17540,15,1,0,1,0
2020-04-29,Mendocino,45,87422,11,11,0,11,0
2020-04-29,Merced,47,269075,192,116,0,116,3
2020-04-29,Modoc,49,8938,0,0,0,0,0
2020-04-29,Mono,51,14174,31,25,0,25,1
2020-04-29,Monterey,53,433212,255,204,0,204,5
2020-04-29,Napa,55,140530,79,68,0,68,2
2020-04-29,Nevada,57,99092,41,41,1,42,1
2020-04-29,Orange,59,3164182,3774,2421,11,2432,43
2020-04-29,Placer,61,380077,173,145,1,146,8
2020-04-29,Plumas,63,18699,4,4,0,4,0
2020-04-29,Riverside,65,2383286,4762,3700,6,3706,116
2020-04-29,Sacramento,67,1510023,1121,1055,0,1055,41
2020-04-29,San Benito,69,59416,52,48,0,48,2
2020-04-29,San Bernardino,71,2135413,2584,1975,0,1975,91
2020-04-29,San Diego,73,3302833,4463,3434,0,3434,120
2020-04-29,San Francisco,75,870044,1821,1489,0,1489,23
2020-04-29,San Joaquin,77,732212,590,540,3,543,25
2020-04-29,San Luis Obispo,79,281455,230,181,1,182,1
2020-04-29,San Mateo,81,765935,1431,1170,2,1172,50
2020-04-29,Santa Barbara,83,443738,635,477,2,479,7
2020-04-29,Santa Clara,85,1922200,2455,2147,3,2150,108
2020-04-29,Santa Cruz,87,273765,139,124,0,124,2
2020-04-29,Shasta,89,179085,37,31,0,31,4
2020-04-29,Sierra,91,2930,0,0,0,0,0
2020-04-29,Siskiyou,93,43540,5,5,0,5,0
2020-04-29,Solano,95,438530,315,252,0,252,3
2020-04-29,Sonoma,97,501317,281,230,0,230,2
2020-04-29,Stanislaus,99,539301,451,374,4,378,5
2020-04-29,Sutter,101,95872,30,28,0,28,2
2020-04-29,Tehama,103,63373,1,1,0,1,1
2020-04-29,Trinity,105,12862,0,0,0,0,0
2020-04-29,Tulare,107,460477,978,615,1,616,30
2020-04-29,Tuolumne,109,53932,3,4,0,4,0
2020-04-29,Ventura,111,848112,683,530,0,530,18
2020-04-29,Yolo,113,214977,178,161,0,161,11
2020-04-29,Yuba,115,75493,19,15,0,15,1
2020-04-28,Alameda,1,1643700,1857,1525,0,1525,55
2020-04-28,Alpine,3,1148,1,1,0,1,0
2020-04-28,Amador,5,37829,8,8,0,8,0
2020-04-28,Butte,7,227075,23,16,1,17,0
2020-04-28,Calaveras,9,45235,13,13,0,13,0
2020-04-28,Colusa,11,21464,3,3,0,3,0
2020-04-28,Contra Costa,13,1133247,983,866,0,866,25
2020-04-28,Del Norte,15,27424,4,3,0,3,0
2020-04-28,El Dorado,17,186661,56,43,0,43,0
2020-04-28,Fresno,19,978130,1010,525,6,531,7
2020-04-28,Glenn,21,27897,5,4,0,4,0
2020-04-28,Humboldt,23,135768,59,53,0,53,0
2020-04-28,Imperial,25,180216,517,295,1,296,6
2020-04-28,Inyo,27,18085,19,20,0,20,1
2020-04-28,Kern,29,883053,1151,882,1,883,5
2020-04-28,Kings,31,150075,216,57,1,58,1
2020-04-28,Lake,33,64148,9,6,0,6,0
2020-04-28,Lassen,35,31185,1,0,1,1,0
2020-04-28,Los Angeles,37,10098052,28351,21029,20,21049,984
2020-04-28,Madera,39,155013,77,44,0,44,2
2020-04-28,Marin,41,260295,248,228,1,229,12
2020-04-28,Mariposa,43,17540,15,0,0,0,0
2020-04-28,Mendocino,45,87422,11,10,0,10,0
2020-04-28,Merced,47,269075,185,108,0,108,3
2020-04-28,Modoc,49,8938,0,0,0,0,0
2020-04-28,Mono,51,14174,31,25,0,25,1
2020-04-28,Monterey,53,433212,249,191,0,191,5
2020-04-28,Napa,55,140530,78,67,0,67,2
2020-04-28,Nevada,57,99092,41,41,1,42,1
2020-04-28,Orange,59,3164182,3611,2324,10,2334,42
2020-04-28,Placer,61,380077,163,143,1,144,8
2020-04-28,Plumas,63,18699,4,4,0,4,0
2020-04-28,Riverside,65,2383286,4667,3504,6,3510,113
2020-04-28,Sacramento,67,1510023,1107,1044,0,1044,41
2020-04-28,San Benito,69,59416,51,46,0,46,2
2020-04-28,San Bernardino,71,2135413,2507,1891,0,1891,89
2020-04-28,San Diego,73,3302833,4333,3316,0,3316,118
2020-04-28,San Francisco,75,870044,1786,1471,0,1471,23
2020-04-28,San Joaquin,77,732212,584,532,3,535,25
2020-04-28,San Luis Obispo,79,281455,224,172,1,173,1
2020-04-28,San Mateo,81,765935,1418,1129,2,1131,48
2020-04-28,Santa Barbara,83,443738,629,469,2,471,7
2020-04-28,Santa Clara,85,1922200,2425,2130,3,2133,106
2020-04-28,Santa Cruz,87,273765,139,123,0,123,2
2020-04-28,Shasta,89,179085,37,29,0,29,4
2020-04-28,Sierra,91,2930,0,0,0,0,0
2020-04-28,Siskiyou,93,43540,5,5,0,5,0
2020-04-28,Solano,95,438530,296,246,0,246,3
2020-04-28,Sonoma,97,501317,278,226,0,226,1
2020-04-28,Stanislaus,99,539301,435,330,4,334,5
2020-04-28,Sutter,101,95872,30,25,0,25,2
2020-04-28,Tehama,103,63373,1,1,0,1,1
2020-04-28,Trinity,105,12862,0,0,0,0,0
2020-04-28,Tulare,107,460477,884,579,1,580,30
2020-04-28,Tuolumne,109,53932,3,4,0,4,0
2020-04-28,Ventura,111,848112,666,517,0,517,17
2020-04-28,Yolo,113,214977,178,160,0,160,10
2020-04-28,Yuba,115,75493,19,15,0,15,1
2020-04-27,Alameda,1,1643700,1797,1494,0,1494,53
2020-04-27,Alpine,3,1148,1,1,0,1,0
2020-04-27,Amador,5,37829,8,8,0,8,0
2020-04-27,Butte,7,227075,22,16,1,17,0
2020-04-27,Calaveras,9,45235,13,13,0,13,0
2020-04-27,Colusa,11,21464,3,3,0,3,0
2020-04-27,Contra Costa,13,1133247,971,843,0,843,25
2020-04-27,Del Norte,15,27424,4,3,0,3,0
2020-04-27,El Dorado,17,186661,55,43,0,43,0
2020-04-27,Fresno,19,978130,907,504,5,509,7
2020-04-27,Glenn,21,27897,5,4,0,4,0
2020-04-27,Humboldt,23,135768,59,52,0,52,0
2020-04-27,Imperial,25,180216,487,290,1,291,6
2020-04-27,Inyo,27,18085,19,20,0,20,1
2020-04-27,Kern,29,883053,1113,865,1,866,4
2020-04-27,Kings,31,150075,193,48,1,49,1
2020-04-27,Lake,33,64148,8,6,0,6,0
2020-04-27,Lassen,35,31185,1,0,1,1,0
2020-04-27,Los Angeles,37,10098052,27338,20456,20,20476,931
2020-04-27,Madera,39,155013,75,42,0,42,2
2020-04-27,Marin,41,260295,243,227,1,228,12
2020-04-27,Mariposa,43,17540,14,0,0,0,0
2020-04-27,Mendocino,45,87422,11,10,0,10,0
2020-04-27,Merced,47,269075,182,108,0,108,3
2020-04-27,Modoc,49,8938,0,0,0,0,0
2020-04-27,Mono,51,14174,31,23,0,23,1
2020-04-27,Monterey,53,433212,242,185,0,185,4
2020-04-27,Napa,55,140530,75,64,0,64,2
2020-04-27,Nevada,57,99092,41,39,1,40,1
2020-04-27,Orange,59,3164182,3443,2198,10,2208,42
2020-04-27,Placer,61,380077,163,142,1,143,8
2020-04-27,Plumas,63,18699,4,4,0,4,0
2020-04-27,Riverside,65,2383286,4544,3381,6,3387,100
2020-04-27,Sacramento,67,1510023,1092,1035,0,1035,41
2020-04-27,San Benito,69,59416,49,45,0,45,2
2020-04-27,San Bernardino,71,2135413,2393,1742,0,1742,82
2020-04-27,San Diego,73,3302833,4207,3143,0,3143,113
2020-04-27,San Francisco,75,870044,1732,1453,0,1453,23
2020-04-27,San Joaquin,77,732212,578,522,3,525,25
2020-04-27,San Luis Obispo,79,281455,217,166,1,167,1
2020-04-27,San Mateo,81,765935,1396,1092,2,1094,46
2020-04-27,Santa Barbara,83,443738,616,466,2,468,7
2020-04-27,Santa Clara,85,1922200,2405,2104,2,2106,105
2020-04-27,Santa Cruz,87,273765,139,123,0,123,2
2020-04-27,Shasta,89,179085,37,29,0,29,4
2020-04-27,Sierra,91,2930,0,0,0,0,0
2020-04-27,Siskiyou,93,43540,5,5,0,5,0
2020-04-27,Solano,95,438530,296,222,0,222,3
2020-04-27,Sonoma,97,501317,269,220,0,220,1
2020-04-27,Stanislaus,99,539301,419,316,4,320,5
2020-04-27,Sutter,101,95872,29,26,0,26,2
2020-04-27,Tehama,103,63373,1,1,0,1,1
2020-04-27,Trinity,105,12862,0,0,0,0,0
2020-04-27,Tulare,107,460477,813,535,1,536,28
2020-04-27,Tuolumne,109,53932,3,3,0,3,0
2020-04-27,Ventura,111,848112,649,513,0,513,17
2020-04-27,Yolo,113,214977,175,160,0,160,9
2020-04-27,Yuba,115,75493,19,15,0,15,1
2020-04-26,Alameda,1,1643700,1736,1449,0,1449,52
2020-04-26,Alpine,3,1148,1,1,0,1,0
2020-04-26,Amador,5,37829,8,8,0,8,0
2020-04-26,Butte,7,227075,22,16,1,17,0
2020-04-26,Calaveras,9,45235,13,13,0,13,0
2020-04-26,Colusa,11,21464,3,3,0,3,0
2020-04-26,Contra Costa,13,1133247,955,830,0,830,25
2020-04-26,Del Norte,15,27424,3,3,0,3,0
2020-04-26,El Dorado,17,186661,53,41,0,41,0
2020-04-26,Fresno,19,978130,817,476,5,481,7
2020-04-26,Glenn,21,27897,5,4,0,4,0
2020-04-26,Humboldt,23,135768,59,53,0,53,0
2020-04-26,Imperial,25,180216,453,272,1,273,6
2020-04-26,Inyo,27,18085,19,20,0,20,1
2020-04-26,Kern,29,883053,1063,831,1,832,4
2020-04-26,Kings,31,150075,168,33,1,34,1
2020-04-26,Lake,33,64148,8,6,0,6,0
2020-04-26,Lassen,35,31185,1,0,1,1,0
2020-04-26,Los Angeles,37,10098052,26191,19570,20,19590,901
2020-04-26,Madera,39,155013,74,39,0,39,2
2020-04-26,Marin,41,260295,237,225,1,226,12
2020-04-26,Mariposa,43,17540,14,0,0,0,0
2020-04-26,Mendocino,45,87422,11,5,0,5,0
2020-04-26,Merced,47,269075,166,104,0,104,3
2020-04-26,Modoc,49,8938,0,0,0,0,0
2020-04-26,Mono,51,14174,31,23,0,23,1
2020-04-26,Monterey,53,433212,235,182,0,182,4
2020-04-26,Napa,55,140530,74,62,0,62,2
2020-04-26,Nevada,57,99092,41,37,1,38,1
2020-04-26,Orange,59,3164182,3278,2124,10,2134,40
2020-04-26,Placer,61,380077,163,141,1,142,8
2020-04-26,Plumas,63,18699,4,4,0,4,0
2020-04-26,Riverside,65,2383286,4403,3301,6,3307,95
2020-04-26,Sacramento,67,1510023,1083,1027,0,1027,41
2020-04-26,San Benito,69,59416,49,45,0,45,2
2020-04-26,San Bernardino,71,2135413,2296,1681,0,1681,82
2020-04-26,San Diego,73,3302833,4065,3045,0,3045,111
2020-04-26,San Francisco,75,870044,1693,1403,0,1403,23
2020-04-26,San Joaquin,77,732212,570,514,3,517,25
2020-04-26,San Luis Obispo,79,281455,214,165,1,166,1
2020-04-26,San Mateo,81,765935,1370,1070,2,1072,46
2020-04-26,Santa Barbara,83,443738,604,464,2,466,7
2020-04-26,Santa Clara,85,1922200,2386,2097,1,2098,102
2020-04-26,Santa Cruz,87,273765,139,116,0,116,2
2020-04-26,Shasta,89,179085,34,29,0,29,4
2020-04-26,Sierra,91,2930,0,0,0,0,0
2020-04-26,Siskiyou,93,43540,5,5,0,5,0
2020-04-26,Solano,95,438530,287,205,0,205,3
2020-04-26,Sonoma,97,501317,258,216,0,216,1
2020-04-26,Stanislaus,99,539301,404,294,4,298,4
2020-04-26,Sutter,101,95872,29,26,0,26,2
2020-04-26,Tehama,103,63373,1,1,0,1,1
2020-04-26,Trinity,105,12862,0,0,0,0,0
2020-04-26,Tulare,107,460477,756,497,1,498,28
2020-04-26,Tuolumne,109,53932,3,3,0,3,0
2020-04-26,Ventura,111,848112,634,509,0,509,17
2020-04-26,Yolo,113,214977,174,158,0,158,8
2020-04-26,Yuba,115,75493,18,15,0,15,1
2020-04-25,Alameda,1,1643700,1711,1396,0,1396,52
2020-04-25,Alpine,3,1148,1,1,0,1,0
2020-04-25,Amador,5,37829,8,8,0,8,0
2020-04-25,Butte,7,227075,21,16,1,17,0
2020-04-25,Calaveras,9,45235,13,12,0,12,0
2020-04-25,Colusa,11,21464,3,3,0,3,0
2020-04-25,Contra Costa,13,1133247,941,821,0,821,24
2020-04-25,Del Norte,15,27424,2,2,0,2,0
2020-04-25,El Dorado,17,186661,52,41,0,41,0
2020-04-25,Fresno,19,978130,787,459,4,463,7
2020-04-25,Glenn,21,27897,5,4,0,4,0
2020-04-25,Humboldt,23,135768,59,53,0,53,0
2020-04-25,Imperial,25,180216,436,232,1,233,6
2020-04-25,Inyo,27,18085,19,20,0,20,1
2020-04-25,Kern,29,883053,1032,802,1,803,4
2020-04-25,Kings,31,150075,156,33,1,34,1
2020-04-25,Lake,33,64148,6,6,0,6,0
2020-04-25,Lassen,35,31185,1,0,1,1,0
2020-04-25,Los Angeles,37,10098052,25557,19144,20,19164,881
2020-04-25,Madera,39,155013,71,39,0,39,2
2020-04-25,Marin,41,260295,237,215,1,216,12
2020-04-25,Mariposa,43,17540,14,0,0,0,0
2020-04-25,Mendocino,45,87422,10,5,0,5,0
2020-04-25,Merced,47,269075,166,103,0,103,3
2020-04-25,Modoc,49,8938,0,0,0,0,0
2020-04-25,Mono,51,14174,31,23,0,23,1
2020-04-25,Monterey,53,433212,233,173,0,173,4
2020-04-25,Napa,55,140530,74,60,0,60,2
2020-04-25,Nevada,57,99092,41,37,1,38,1
2020-04-25,Orange,59,3164182,3172,2047,10,2057,40
2020-04-25,Placer,61,380077,163,137,1,138,8
2020-04-25,Plumas,63,18699,4,4,0,4,0
2020-04-25,Riverside,65,2383286,4315,3037,6,3043,93
2020-04-25,Sacramento,67,1510023,1081,1015,0,1015,41
2020-04-25,San Benito,69,59416,49,45,0,45,2
2020-04-25,San Bernardino,71,2135413,2251,1675,0,1675,82
2020-04-25,San Diego,73,3302833,3965,2945,0,2945,111
2020-04-25,San Francisco,75,870044,1668,1341,0,1341,22
2020-04-25,San Joaquin,77,732212,563,497,3,500,24
2020-04-25,San Luis Obispo,79,281455,213,159,1,160,1
2020-04-25,San Mateo,81,765935,1352,1054,2,1056,46
2020-04-25,Santa Barbara,83,443738,596,457,2,459,7
2020-04-25,Santa Clara,85,1922200,2370,2045,1,2046,99
2020-04-25,Santa Cruz,87,273765,139,112,0,112,2
2020-04-25,Shasta,89,179085,34,29,0,29,4
2020-04-25,Sierra,91,2930,0,0,0,0,0
2020-04-25,Siskiyou,93,43540,5,5,0,5,0
2020-04-25,Solano,95,438530,283,203,0,203,3
2020-04-25,Sonoma,97,501317,254,199,0,199,1
2020-04-25,Stanislaus,99,539301,396,276,4,280,4
2020-04-25,Sutter,101,95872,29,24,0,24,2
2020-04-25,Tehama,103,63373,1,1,0,1,1
2020-04-25,Trinity,105,12862,0,0,0,0,0
2020-04-25,Tulare,107,460477,723,478,1,479,28
2020-04-25,Tuolumne,109,53932,3,2,0,2,0
2020-04-25,Ventura,111,848112,620,494,0,494,16
2020-04-25,Yolo,113,214977,174,157,0,157,8
2020-04-25,Yuba,115,75493,17,15,0,15,1
2020-04-24,Alameda,1,1643700,1680,1385,0,1385,50
2020-04-24,Alpine,3,1148,1,1,0,1,0
2020-04-24,Amador,5,37829,8,8,0,8,0
2020-04-24,Butte,7,227075,21,15,1,16,0
2020-04-24,Calaveras,9,45235,13,12,0,12,0
2020-04-24,Colusa,11,21464,3,3,0,3,0
2020-04-24,Contra Costa,13,1133247,932,806,0,806,23
2020-04-24,Del Norte,15,27424,2,2,0,2,0
2020-04-24,El Dorado,17,186661,51,41,0,41,0
2020-04-24,Fresno,19,978130,768,449,4,453,7
2020-04-24,Glenn,21,27897,5,4,0,4,0
2020-04-24,Humboldt,23,135768,59,53,0,53,0
2020-04-24,Imperial,25,180216,420,232,1,233,6
2020-04-24,Inyo,27,18085,19,20,0,20,0
2020-04-24,Kern,29,883053,1008,770,1,771,4
2020-04-24,Kings,31,150075,127,30,1,31,1
2020-04-24,Lake,33,64148,6,6,0,6,0
2020-04-24,Lassen,35,31185,1,0,1,1,0
2020-04-24,Los Angeles,37,10098052,24625,18553,20,18573,836
2020-04-24,Madera,39,155013,71,39,0,39,2
2020-04-24,Marin,41,260295,237,211,1,212,11
2020-04-24,Mariposa,43,17540,8,0,0,0,0
2020-04-24,Mendocino,45,87422,10,5,0,5,0
2020-04-24,Merced,47,269075,163,102,0,102,3
2020-04-24,Modoc,49,8938,0,0,0,0,0
2020-04-24,Mono,51,14174,30,23,0,23,1
2020-04-24,Monterey,53,433212,226,167,0,167,4
2020-04-24,Napa,55,140530,73,59,0,59,2
2020-04-24,Nevada,57,99092,41,36,1,37,1
2020-04-24,Orange,59,3164182,3064,1945,10,1955,39
2020-04-24,Placer,61,380077,161,137,1,138,8
2020-04-24,Plumas,63,18699,4,4,0,4,0
2020-04-24,Riverside,65,2383286,4234,3044,6,3050,87
2020-04-24,Sacramento,67,1510023,1075,1009,0,1009,41
2020-04-24,San Benito,69,59416,49,45,0,45,2
2020-04-24,San Bernardino,71,2135413,2216,1667,0,1667,80
2020-04-24,San Diego,73,3302833,3854,2828,0,2828,102
2020-04-24,San Francisco,75,870044,1610,1345,0,1345,22
2020-04-24,San Joaquin,77,732212,556,484,3,487,24
2020-04-24,San Luis Obispo,79,281455,210,151,1,152,1
2020-04-24,San Mateo,81,765935,1329,1004,2,1006,43
2020-04-24,Santa Barbara,83,443738,589,450,2,452,6
2020-04-24,Santa Clara,85,1922200,2344,2026,1,2027,98
2020-04-24,Santa Cruz,87,273765,135,111,0,111,2
2020-04-24,Shasta,89,179085,34,28,0,28,4
2020-04-24,Sierra,91,2930,0,0,0,0,0
2020-04-24,Siskiyou,93,43540,5,5,0,5,0
2020-04-24,Solano,95,438530,281,203,0,203,3
2020-04-24,Sonoma,97,501317,250,199,0,199,1
2020-04-24,Stanislaus,99,539301,393,273,4,277,4
2020-04-24,Sutter,101,95872,28,24,0,24,2
2020-04-24,Tehama,103,63373,1,1,0,1,1
2020-04-24,Trinity,105,12862,0,0,0,0,0
2020-04-24,Tulare,107,460477,695,459,1,460,27
2020-04-24,Tuolumne,109,53932,3,2,0,2,0
2020-04-24,Ventura,111,848112,611,489,0,489,16
2020-04-24,Yolo,113,214977,173,155,0,155,8
2020-04-24,Yuba,115,75493,16,15,0,15,1
2020-04-23,Alameda,1,1643700,1642,1336,0,1336,46
2020-04-23,Alpine,3,1148,1,1,0,1,0
2020-04-23,Amador,5,37829,8,8,0,8,0
2020-04-23,Butte,7,227075,20,15,1,16,0
2020-04-23,Calaveras,9,45235,13,12,0,12,0
2020-04-23,Colusa,11,21464,3,3,0,3,0
2020-04-23,Contra Costa,13,1133247,911,786,0,786,23
2020-04-23,Del Norte,15,27424,2,2,0,2,0
2020-04-23,El Dorado,17,186661,50,39,0,39,0
2020-04-23,Fresno,19,978130,731,426,4,430,7
2020-04-23,Glenn,21,27897,5,3,0,3,0
2020-04-23,Humboldt,23,135768,59,53,0,53,0
2020-04-23,Imperial,25,180216,400,181,1,182,4
2020-04-23,Inyo,27,18085,19,19,0,19,0
2020-04-23,Kern,29,883053,960,732,1,733,4
2020-04-23,Kings,31,150075,112,28,1,29,1
2020-04-23,Lake,33,64148,6,6,0,6,0
2020-04-23,Lassen,35,31185,1,0,1,1,0
2020-04-23,Los Angeles,37,10098052,23566,17548,19,17567,784
2020-04-23,Madera,39,155013,70,37,0,37,2
2020-04-23,Marin,41,260295,224,209,1,210,11
2020-04-23,Mariposa,43,17540,7,0,0,0,0
2020-04-23,Mendocino,45,87422,8,5,0,5,0
2020-04-23,Merced,47,269075,159,98,0,98,3
2020-04-23,Modoc,49,8938,0,0,0,0,0
2020-04-23,Mono,51,14174,30,23,0,23,1
2020-04-23,Monterey,53,433212,222,161,0,161,4
2020-04-23,Napa,55,140530,66,59,0,59,2
2020-04-23,Nevada,57,99092,41,36,1,37,1
2020-04-23,Orange,59,3164182,2886,1841,9,1850,37
2020-04-23,Placer,61,380077,158,136,1,137,8
2020-04-23,Plumas,63,18699,4,4,0,4,0
2020-04-23,Riverside,65,2383286,4121,2935,6,2941,78
2020-04-23,Sacramento,67,1510023,1063,978,0,978,41
2020-04-23,San Benito,69,59416,46,43,0,43,2
2020-04-23,San Bernardino,71,2135413,2151,1604,0,1604,79
2020-04-23,San Diego,73,3302833,3693,2645,0,2645,100
2020-04-23,San Francisco,75,870044,1584,1312,0,1312,21
2020-04-23,San Joaquin,77,732212,546,479,3,482,20
2020-04-23,San Luis Obispo,79,281455,206,146,1,147,1
2020-04-23,San Mateo,81,765935,1289,970,2,972,42
2020-04-23,Santa Barbara,83,443738,579,445,2,447,6
2020-04-23,Santa Clara,85,1922200,2314,1996,1,1997,95
2020-04-23,Santa Cruz,87,273765,134,110,0,110,2
2020-04-23,Shasta,89,179085,34,27,0,27,3
2020-04-23,Sierra,91,2930,0,0,0,0,0
2020-04-23,Siskiyou,93,43540,5,5,0,5,0
2020-04-23,Solano,95,438530,267,196,0,196,3
2020-04-23,Sonoma,97,501317,238,187,0,187,1
2020-04-23,Stanislaus,99,539301,389,254,4,258,4
2020-04-23,Sutter,101,95872,28,24,0,24,2
2020-04-23,Tehama,103,63373,1,1,0,1,1
2020-04-23,Trinity,105,12862,0,0,0,0,0
2020-04-23,Tulare,107,460477,666,440,1,441,25
2020-04-23,Tuolumne,109,53932,3,2,0,2,0
2020-04-23,Ventura,111,848112,597,479,0,479,16
2020-04-23,Yolo,113,214977,170,151,0,151,8
2020-04-23,Yuba,115,75493,16,15,0,15,1
2020-04-22,Alameda,1,1643700,1592,1275,0,1275,46
2020-04-22,Alpine,3,1148,1,1,0,1,0
2020-04-22,Amador,5,37829,8,7,0,7,0
2020-04-22,Butte,7,227075,20,15,1,16,0
2020-04-22,Calaveras,9,45235,13,12,0,12,0
2020-04-22,Colusa,11,21464,3,3,0,3,0
2020-04-22,Contra Costa,13,1133247,896,772,0,772,22
2020-04-22,Del Norte,15,27424,2,2,0,2,0
2020-04-22,El Dorado,17,186661,50,39,0,39,0
2020-04-22,Fresno,19,978130,695,388,4,392,7
2020-04-22,Glenn,21,27897,5,3,0,3,0
2020-04-22,Humboldt,23,135768,59,53,0,53,0
2020-04-22,Imperial,25,180216,389,170,1,171,3
2020-04-22,Inyo,27,18085,19,18,0,18,0
2020-04-22,Kern,29,883053,938,713,1,714,4
2020-04-22,Kings,31,150075,91,28,1,29,1
2020-04-22,Lake,33,64148,6,6,0,6,0
2020-04-22,Lassen,35,31185,1,0,1,1,0
2020-04-22,Los Angeles,37,10098052,22537,16400,19,16419,715
2020-04-22,Madera,39,155013,69,37,0,37,2
2020-04-22,Marin,41,260295,222,202,1,203,11
2020-04-22,Mariposa,43,17540,6,0,0,0,0
2020-04-22,Mendocino,45,87422,5,5,0,5,0
2020-04-22,Merced,47,269075,147,92,0,92,3
2020-04-22,Modoc,49,8938,0,0,0,0,0
2020-04-22,Mono,51,14174,29,23,0,23,1
2020-04-22,Monterey,53,433212,215,154,0,154,4
2020-04-22,Napa,55,140530,65,58,0,58,2
2020-04-22,Nevada,57,99092,41,36,1,37,1
2020-04-22,Orange,59,3164182,2793,1785,9,1794,36
2020-04-22,Placer,61,380077,156,133,1,134,8
2020-04-22,Plumas,63,18699,4,4,0,4,0
2020-04-22,Riverside,65,2383286,4018,2822,6,2828,76
2020-04-22,Sacramento,67,1510023,1058,959,0,959,36
2020-04-22,San Benito,69,59416,45,43,0,43,2
2020-04-22,San Bernardino,71,2135413,2088,1564,0,1564,74
2020-04-22,San Diego,73,3302833,3565,2493,0,2493,96
2020-04-22,San Francisco,75,870044,1547,1255,0,1255,21
2020-04-22,San Joaquin,77,732212,535,462,3,465,20
2020-04-22,San Luis Obispo,79,281455,197,142,1,143,1
2020-04-22,San Mateo,81,765935,1266,945,2,947,40
2020-04-22,Santa Barbara,83,443738,571,437,2,439,6
2020-04-22,Santa Clara,85,1922200,2301,1969,1,1970,95
2020-04-22,Santa Cruz,87,273765,130,106,0,106,2
2020-04-22,Shasta,89,179085,33,26,0,26,3
2020-04-22,Sierra,91,2930,0,0,0,0,0
2020-04-22,Siskiyou,93,43540,5,5,0,5,0
2020-04-22,Solano,95,438530,248,195,0,195,3
2020-04-22,Sonoma,97,501317,235,185,0,185,1
2020-04-22,Stanislaus,99,539301,333,247,4,251,4
2020-04-22,Sutter,101,95872,28,22,0,22,2
2020-04-22,Tehama,103,63373,1,1,0,1,1
2020-04-22,Trinity,105,12862,0,0,0,0,0
2020-04-22,Tulare,107,460477,633,425,1,426,23
2020-04-22,Tuolumne,109,53932,3,2,0,2,0
2020-04-22,Ventura,111,848112,587,465,0,465,15
2020-04-22,Yolo,113,214977,170,147,0,147,8
2020-04-22,Yuba,115,75493,16,15,0,15,1
2020-04-21,Alameda,1,1643700,1562,1234,0,1234,46
2020-04-21,Alpine,3,1148,1,1,0,1,0
2020-04-21,Amador,5,37829,8,7,0,7,0
2020-04-21,Butte,7,227075,19,15,1,16,0
2020-04-21,Calaveras,9,45235,12,12,0,12,0
2020-04-21,Colusa,11,21464,3,3,0,3,0
2020-04-21,Contra Costa,13,1133247,882,766,0,766,22
2020-04-21,Del Norte,15,27424,2,2,0,2,0
2020-04-21,El Dorado,17,186661,50,36,0,36,0
2020-04-21,Fresno,19,978130,661,372,4,376,7
2020-04-21,Glenn,21,27897,5,3,0,3,0
2020-04-21,Humboldt,23,135768,58,53,0,53,0
2020-04-21,Imperial,25,180216,369,165,1,166,2
2020-04-21,Inyo,27,18085,19,18,0,18,0
2020-04-21,Kern,29,883053,896,676,1,677,4
2020-04-21,Kings,31,150075,78,28,1,29,1
2020-04-21,Lake,33,64148,6,6,0,6,0
2020-04-21,Lassen,35,31185,1,0,1,1,0
2020-04-21,Los Angeles,37,10098052,21678,15096,19,15115,650
2020-04-21,Madera,39,155013,69,37,0,37,2
2020-04-21,Marin,41,260295,216,202,1,203,10
2020-04-21,Mariposa,43,17540,5,0,0,0,0
2020-04-21,Mendocino,45,87422,5,5,0,5,0
2020-04-21,Merced,47,269075,143,89,0,89,3
2020-04-21,Modoc,49,8938,0,0,0,0,0
2020-04-21,Mono,51,14174,29,23,0,23,1
2020-04-21,Monterey,53,433212,212,151,0,151,4
2020-04-21,Napa,55,140530,64,58,0,58,2
2020-04-21,Nevada,57,99092,41,36,1,37,1
2020-04-21,Orange,59,3164182,2671,1717,8,1725,36
2020-04-21,Placer,61,380077,154,133,0,133,8
2020-04-21,Plumas,63,18699,4,4,0,4,0
2020-04-21,Riverside,65,2383286,3887,2631,6,2637,68
2020-04-21,Sacramento,67,1510023,1048,941,0,941,33
2020-04-21,San Benito,69,59416,44,43,0,43,2
2020-04-21,San Bernardino,71,2135413,2027,1499,0,1499,71
2020-04-21,San Diego,73,3302833,3409,2436,0,2436,87
2020-04-21,San Francisco,75,870044,1517,1232,0,1232,20
2020-04-21,San Joaquin,77,732212,525,447,3,450,20
2020-04-21,San Luis Obispo,79,281455,193,134,1,135,1
2020-04-21,San Mateo,81,765935,1220,933,2,935,34
2020-04-21,Santa Barbara,83,443738,560,414,1,415,5
2020-04-21,Santa Clara,85,1922200,2260,1943,1,1944,91
2020-04-21,Santa Cruz,87,273765,128,104,0,104,2
2020-04-21,Shasta,89,179085,32,26,0,26,3
2020-04-21,Sierra,91,2930,0,0,0,0,0
2020-04-21,Siskiyou,93,43540,5,5,0,5,0
2020-04-21,Solano,95,438530,240,193,0,193,3
2020-04-21,Sonoma,97,501317,225,182,0,182,1
2020-04-21,Stanislaus,99,539301,314,235,4,239,4
2020-04-21,Sutter,101,95872,28,22,0,22,2
2020-04-21,Tehama,103,63373,1,1,0,1,1
2020-04-21,Trinity,105,12862,0,0,0,0,0
2020-04-21,Tulare,107,460477,598,410,1,411,23
2020-04-21,Tuolumne,109,53932,3,2,0,2,0
2020-04-21,Ventura,111,848112,575,455,0,455,14
2020-04-21,Yolo,113,214977,168,143,0,143,8
2020-04-21,Yuba,115,75493,16,15,0,15,1
2020-04-20,Alameda,1,1643700,1529,1181,0,1181,42
2020-04-20,Alpine,3,1148,1,1,0,1,0
2020-04-20,Amador,5,37829,8,7,0,7,0
2020-04-20,Butte,7,227075,19,15,1,16,0
2020-04-20,Calaveras,9,45235,12,12,0,12,0
2020-04-20,Colusa,11,21464,3,3,0,3,0
2020-04-20,Contra Costa,13,1133247,872,753,0,753,22
2020-04-20,Del Norte,15,27424,2,2,0,2,0
2020-04-20,El Dorado,17,186661,50,36,0,36,0
2020-04-20,Fresno,19,978130,643,356,4,360,7
2020-04-20,Glenn,21,27897,4,3,0,3,0
2020-04-20,Humboldt,23,135768,58,53,0,53,0
2020-04-20,Imperial,25,180216,349,149,1,150,2
2020-04-20,Inyo,27,18085,19,17,0,17,0
2020-04-20,Kern,29,883053,864,651,1,652,3
2020-04-20,Kings,31,150075,67,19,1,20,1
2020-04-20,Lake,33,64148,6,6,0,6,0
2020-04-20,Lassen,35,31185,1,0,1,1,0
2020-04-20,Los Angeles,37,10098052,20764,13787,19,13806,608
2020-04-20,Madera,39,155013,68,35,0,35,2
2020-04-20,Marin,41,260295,212,200,1,201,10
2020-04-20,Mariposa,43,17540,5,0,0,0,0
2020-04-20,Mendocino,45,87422,5,5,0,5,0
2020-04-20,Merced,47,269075,136,88,0,88,3
2020-04-20,Modoc,49,8938,0,0,0,0,0
2020-04-20,Mono,51,14174,29,23,0,23,1
2020-04-20,Monterey,53,433212,203,147,0,147,4
2020-04-20,Napa,55,140530,64,55,0,55,2
2020-04-20,Nevada,57,99092,41,34,1,35,1
2020-04-20,Orange,59,3164182,2590,1679,8,1687,33
2020-04-20,Placer,61,380077,153,132,0,132,8
2020-04-20,Plumas,63,18699,4,4,0,4,0
2020-04-20,Riverside,65,2383286,3762,2477,6,2483,61
2020-04-20,Sacramento,67,1510023,1037,924,0,924,32
2020-04-20,San Benito,69,59416,44,43,0,43,2
2020-04-20,San Bernardino,71,2135413,1940,1344,0,1344,63
2020-04-20,San Diego,73,3302833,3268,2327,0,2327,72
2020-04-20,San Francisco,75,870044,1485,1223,0,1223,19
2020-04-20,San Joaquin,77,732212,521,422,3,425,17
2020-04-20,San Luis Obispo,79,281455,180,132,1,133,1
2020-04-20,San Mateo,81,765935,1197,890,2,892,31
2020-04-20,Santa Barbara,83,443738,549,388,1,389,4
2020-04-20,Santa Clara,85,1922200,2236,1920,1,1921,84
2020-04-20,Santa Cruz,87,273765,126,102,0,102,2
2020-04-20,Shasta,89,179085,32,26,0,26,3
2020-04-20,Sierra,91,2930,0,0,0,0,0
2020-04-20,Siskiyou,93,43540,5,5,0,5,0
2020-04-20,Solano,95,438530,237,185,0,185,2
2020-04-20,Sonoma,97,501317,217,178,0,178,1
2020-04-20,Stanislaus,99,539301,300,228,4,232,3
2020-04-20,Sutter,101,95872,27,22,0,22,2
2020-04-20,Tehama,103,63373,1,1,0,1,1
2020-04-20,Trinity,105,12862,0,0,0,0,0
2020-04-20,Tulare,107,460477,587,401,1,402,20
2020-04-20,Tuolumne,109,53932,3,2,0,2,0
2020-04-20,Ventura,111,848112,563,426,0,426,13
2020-04-20,Yolo,113,214977,167,125,0,125,5
2020-04-20,Yuba,115,75493,16,15,0,15,1
2020-04-19,Alameda,1,1643700,1479,1134,0,1134,41
2020-04-19,Alpine,3,1148,1,1,0,1,0
2020-04-19,Amador,5,37829,7,7,0,7,0
2020-04-19,Butte,7,227075,19,15,1,16,0
2020-04-19,Calaveras,9,45235,12,12,0,12,0
2020-04-19,Colusa,11,21464,3,3,0,3,0
2020-04-19,Contra Costa,13,1133247,858,731,0,731,20
2020-04-19,Del Norte,15,27424,2,2,0,2,0
2020-04-19,El Dorado,17,186661,50,36,0,36,0
2020-04-19,Fresno,19,978130,607,326,4,330,7
2020-04-19,Glenn,21,27897,4,3,0,3,0
2020-04-19,Humboldt,23,135768,58,53,0,53,0
2020-04-19,Imperial,25,180216,323,144,0,144,2
2020-04-19,Inyo,27,18085,19,17,0,17,0
2020-04-19,Kern,29,883053,839,629,1,630,3
2020-04-19,Kings,31,150075,57,17,1,18,1
2020-04-19,Lake,33,64148,6,6,0,6,0
2020-04-19,Lassen,35,31185,1,0,1,1,0
2020-04-19,Los Angeles,37,10098052,19768,12299,19,12318,589
2020-04-19,Madera,39,155013,66,34,0,34,2
2020-04-19,Marin,41,260295,211,194,1,195,10
2020-04-19,Mariposa,43,17540,2,0,0,0,0
2020-04-19,Mendocino,45,87422,5,4,0,4,0
2020-04-19,Merced,47,269075,131,85,0,85,3
2020-04-19,Modoc,49,8938,0,0,0,0,0
2020-04-19,Mono,51,14174,29,23,0,23,1
2020-04-19,Monterey,53,433212,195,140,0,140,4
2020-04-19,Napa,55,140530,62,49,0,49,2
2020-04-19,Nevada,57,99092,40,34,1,35,1
2020-04-19,Orange,59,3164182,2494,1591,6,1597,32
2020-04-19,Placer,61,380077,152,131,0,131,8
2020-04-19,Plumas,63,18699,4,4,0,4,0
2020-04-19,Riverside,65,2383286,3619,2316,6,2322,56
2020-04-19,Sacramento,67,1510023,1011,912,0,912,32
2020-04-19,San Benito,69,59416,42,40,0,40,2
2020-04-19,San Bernardino,71,2135413,1877,1262,0,1262,58
2020-04-19,San Diego,73,3302833,3101,2270,0,2270,71
2020-04-19,San Francisco,75,870044,1452,1153,0,1153,19
2020-04-19,San Joaquin,77,732212,503,404,3,407,17
2020-04-19,San Luis Obispo,79,281455,175,132,1,133,1
2020-04-19,San Mateo,81,765935,1161,845,2,847,31
2020-04-19,Santa Barbara,83,443738,540,377,1,378,3
2020-04-19,Santa Clara,85,1922200,2200,1878,1,1879,81
2020-04-19,Santa Cruz,87,273765,123,98,0,98,2
2020-04-19,Shasta,89,179085,30,26,0,26,3
2020-04-19,Sierra,91,2930,0,0,0,0,0
2020-04-19,Siskiyou,93,43540,5,5,0,5,0
2020-04-19,Solano,95,438530,229,174,0,174,2
2020-04-19,Sonoma,97,501317,211,172,0,172,1
2020-04-19,Stanislaus,99,539301,292,221,4,225,3
2020-04-19,Sutter,101,95872,26,21,0,21,2
2020-04-19,Tehama,103,63373,1,1,0,1,1
2020-04-19,Trinity,105,12862,0,0,0,0,0
2020-04-19,Tulare,107,460477,542,391,1,392,17
2020-04-19,Tuolumne,109,53932,3,2,0,2,0
2020-04-19,Ventura,111,848112,555,418,0,418,13
2020-04-19,Yolo,113,214977,167,120,0,120,5
2020-04-19,Yuba,115,75493,16,15,0,15,1
2020-04-18,Alameda,1,1643700,1454,1085,0,1085,40
2020-04-18,Alpine,3,1148,1,1,0,1,0
2020-04-18,Amador,5,37829,7,7,0,7,0
2020-04-18,Butte,7,227075,18,15,1,16,0
2020-04-18,Calaveras,9,45235,12,12,0,12,0
2020-04-18,Colusa,11,21464,3,3,0,3,0
2020-04-18,Contra Costa,13,1133247,846,721,0,721,17
2020-04-18,Del Norte,15,27424,2,2,0,2,0
2020-04-18,El Dorado,17,186661,50,36,0,36,0
2020-04-18,Fresno,19,978130,587,319,4,323,7
2020-04-18,Glenn,21,27897,4,3,0,3,0
2020-04-18,Humboldt,23,135768,58,52,0,52,0
2020-04-18,Imperial,25,180216,314,137,0,137,2
2020-04-18,Inyo,27,18085,19,17,0,17,0
2020-04-18,Kern,29,883053,817,626,1,627,3
2020-04-18,Kings,31,150075,56,17,1,18,1
2020-04-18,Lake,33,64148,6,6,0,6,0
2020-04-18,Lassen,35,31185,1,0,1,1,0
2020-04-18,Los Angeles,37,10098052,19244,11984,18,12002,566
2020-04-18,Madera,39,155013,65,34,0,34,2
2020-04-18,Marin,41,260295,209,193,1,194,10
2020-04-18,Mariposa,43,17540,2,0,0,0,0
2020-04-18,Mendocino,45,87422,5,4,0,4,0
2020-04-18,Merced,47,269075,129,82,0,82,3
2020-04-18,Modoc,49,8938,0,0,0,0,0
2020-04-18,Mono,51,14174,29,22,0,22,1
2020-04-18,Monterey,53,433212,191,135,0,135,3
2020-04-18,Napa,55,140530,62,49,0,49,2
2020-04-18,Nevada,57,99092,39,34,1,35,1
2020-04-18,Orange,59,3164182,2430,1569,5,1574,32
2020-04-18,Placer,61,380077,150,130,0,130,8
2020-04-18,Plumas,63,18699,4,4,0,4,0
2020-04-18,Riverside,65,2383286,3547,2257,6,2263,56
2020-04-18,Sacramento,67,1510023,999,901,0,901,32
2020-04-18,San Benito,69,59416,42,40,0,40,2
2020-04-18,San Bernardino,71,2135413,1832,1255,0,1255,58
2020-04-18,San Diego,73,3302833,2999,2215,0,2215,71
2020-04-18,San Francisco,75,870044,1413,1144,0,1144,19
2020-04-18,San Joaquin,77,732212,494,392,3,395,17
2020-04-18,San Luis Obispo,79,281455,171,129,1,130,1
2020-04-18,San Mateo,81,765935,1139,821,2,823,31
2020-04-18,Santa Barbara,83,443738,534,372,1,373,3
2020-04-18,Santa Clara,85,1922200,2170,1862,1,1863,79
2020-04-18,Santa Cruz,87,273765,121,96,0,96,2
2020-04-18,Shasta,89,179085,30,26,0,26,3
2020-04-18,Sierra,91,2930,0,0,0,0,0
2020-04-18,Siskiyou,93,43540,5,5,0,5,0
2020-04-18,Solano,95,438530,226,175,0,175,2
2020-04-18,Sonoma,97,501317,207,168,0,168,1
2020-04-18,Stanislaus,99,539301,284,216,4,220,3
2020-04-18,Sutter,101,95872,26,21,0,21,2
2020-04-18,Tehama,103,63373,1,1,0,1,1
2020-04-18,Trinity,105,12862,0,0,0,0,0
2020-04-18,Tulare,107,460477,533,385,1,386,17
2020-04-18,Tuolumne,109,53932,3,2,0,2,0
2020-04-18,Ventura,111,848112,547,416,0,416,13
2020-04-18,Yolo,113,214977,165,118,0,118,5
2020-04-18,Yuba,115,75493,16,14,0,14,1
2020-04-17,Alameda,1,1643700,1399,1043,0,1043,40
2020-04-17,Alpine,3,1148,1,1,0,1,0
2020-04-17,Amador,5,37829,7,7,0,7,0
2020-04-17,Butte,7,227075,18,15,1,16,0
2020-04-17,Calaveras,9,45235,12,11,0,11,0
2020-04-17,Colusa,11,21464,3,3,0,3,0
2020-04-17,Contra Costa,13,1133247,837,687,0,687,15
2020-04-17,Del Norte,15,27424,2,2,0,2,0
2020-04-17,El Dorado,17,186661,50,35,0,35,0
2020-04-17,Fresno,19,978130,565,315,4,319,7
2020-04-17,Glenn,21,27897,4,3,0,3,0
2020-04-17,Humboldt,23,135768,57,52,0,52,0
2020-04-17,Imperial,25,180216,305,135,0,135,2
2020-04-17,Inyo,27,18085,19,17,0,17,0
2020-04-17,Kern,29,883053,797,612,1,613,3
2020-04-17,Kings,31,150075,54,15,1,16,1
2020-04-17,Lake,33,64148,6,6,0,6,0
2020-04-17,Lassen,35,31185,1,0,1,1,0
2020-04-17,Los Angeles,37,10098052,18601,11354,18,11372,489
2020-04-17,Madera,39,155013,65,34,0,34,2
2020-04-17,Marin,41,260295,206,189,1,190,10
2020-04-17,Mariposa,43,17540,1,0,0,0,0
2020-04-17,Mendocino,45,87422,5,4,0,4,0
2020-04-17,Merced,47,269075,128,80,0,80,3
2020-04-17,Modoc,49,8938,0,0,0,0,0
2020-04-17,Mono,51,14174,29,22,0,22,1
2020-04-17,Monterey,53,433212,186,119,0,119,3
2020-04-17,Napa,55,140530,60,46,0,46,2
2020-04-17,Nevada,57,99092,38,34,1,35,1
2020-04-17,Orange,59,3164182,2380,1496,5,1501,31
2020-04-17,Placer,61,380077,150,130,0,130,8
2020-04-17,Plumas,63,18699,4,4,0,4,0
2020-04-17,Riverside,65,2383286,3421,2080,6,2086,50
2020-04-17,Sacramento,67,1510023,992,882,0,882,32
2020-04-17,San Benito,69,59416,42,38,0,38,2
2020-04-17,San Bernardino,71,2135413,1794,1229,0,1229,57
2020-04-17,San Diego,73,3302833,2909,2160,0,2160,70
2020-04-17,San Francisco,75,870044,1387,1090,0,1090,19
2020-04-17,San Joaquin,77,732212,483,356,3,359,17
2020-04-17,San Luis Obispo,79,281455,164,116,1,117,1
2020-04-17,San Mateo,81,765935,1123,768,2,770,31
2020-04-17,Santa Barbara,83,443738,529,349,1,350,3
2020-04-17,Santa Clara,85,1922200,2142,1834,1,1835,74
2020-04-17,Santa Cruz,87,273765,120,94,0,94,2
2020-04-17,Shasta,89,179085,30,26,0,26,3
2020-04-17,Sierra,91,2930,0,0,0,0,0
2020-04-17,Siskiyou,93,43540,5,5,0,5,0
2020-04-17,Solano,95,438530,225,173,0,173,2
2020-04-17,Sonoma,97,501317,204,167,0,167,1
2020-04-17,Stanislaus,99,539301,282,201,4,205,3
2020-04-17,Sutter,101,95872,26,20,0,20,2
2020-04-17,Tehama,103,63373,1,1,0,1,1
2020-04-17,Trinity,105,12862,0,0,0,0,0
2020-04-17,Tulare,107,460477,526,370,1,371,17
2020-04-17,Tuolumne,109,53932,3,2,0,2,0
2020-04-17,Ventura,111,848112,542,398,0,398,13
2020-04-17,Yolo,113,214977,164,117,0,117,5
2020-04-17,Yuba,115,75493,16,14,0,14,1
2020-04-16,Alameda,1,1643700,1366,981,0,981,39
2020-04-16,Alpine,3,1148,1,1,0,1,0
2020-04-16,Amador,5,37829,7,7,0,7,0
2020-04-16,Butte,7,227075,18,15,1,16,0
2020-04-16,Calaveras,9,45235,12,10,0,10,0
2020-04-16,Colusa,11,21464,3,3,0,3,0
2020-04-16,Contra Costa,13,1133247,823,675,0,675,14
2020-04-16,Del Norte,15,27424,2,2,0,2,0
2020-04-16,El Dorado,17,186661,49,34,0,34,0
2020-04-16,Fresno,19,978130,536,289,4,293,7
2020-04-16,Glenn,21,27897,4,3,0,3,0
2020-04-16,Humboldt,23,135768,57,47,0,47,0
2020-04-16,Imperial,25,180216,291,132,0,132,2
2020-04-16,Inyo,27,18085,17,17,0,17,0
2020-04-16,Kern,29,883053,772,587,1,588,3
2020-04-16,Kings,31,150075,50,12,1,13,1
2020-04-16,Lake,33,64148,6,6,0,6,0
2020-04-16,Lassen,35,31185,1,0,1,1,0
2020-04-16,Los Angeles,37,10098052,17716,10786,18,10804,447
2020-04-16,Madera,39,155013,63,34,0,34,2
2020-04-16,Marin,41,260295,202,170,1,171,10
2020-04-16,Mariposa,43,17540,1,1,0,1,0
2020-04-16,Mendocino,45,87422,5,4,0,4,0
2020-04-16,Merced,47,269075,122,76,0,76,3
2020-04-16,Modoc,49,8938,0,0,0,0,0
2020-04-16,Mono,51,14174,29,22,0,22,1
2020-04-16,Monterey,53,433212,183,116,0,116,3
2020-04-16,Napa,55,140530,57,44,0,44,2
2020-04-16,Nevada,57,99092,38,34,1,35,1
2020-04-16,Orange,59,3164182,2317,1439,4,1443,28
2020-04-16,Placer,61,380077,148,129,0,129,7
2020-04-16,Plumas,63,18699,4,4,0,4,0
2020-04-16,Riverside,65,2383286,3303,1913,6,1919,45
2020-04-16,Sacramento,67,1510023,984,865,0,865,32
2020-04-16,San Benito,69,59416,42,36,0,36,2
2020-04-16,San Bernardino,71,2135413,1711,1143,0,1143,54
2020-04-16,San Diego,73,3302833,2801,2089,0,2089,63
2020-04-16,San Francisco,75,870044,1342,1039,0,1039,16
2020-04-16,San Joaquin,77,732212,468,345,3,348,17
2020-04-16,San Luis Obispo,79,281455,160,113,1,114,1
2020-04-16,San Mateo,81,765935,1094,745,2,747,29
2020-04-16,Santa Barbara,83,443738,516,331,1,332,3
2020-04-16,Santa Clara,85,1922200,2116,1789,1,1790,70
2020-04-16,Santa Cruz,87,273765,118,90,0,90,2
2020-04-16,Shasta,89,179085,30,25,0,25,3
2020-04-16,Sierra,91,2930,0,0,0,0,0
2020-04-16,Siskiyou,93,43540,5,5,0,5,0
2020-04-16,Solano,95,438530,222,162,0,162,2
2020-04-16,Sonoma,97,501317,199,145,0,145,1
2020-04-16,Stanislaus,99,539301,279,185,4,189,3
2020-04-16,Sutter,101,95872,25,21,0,21,2
2020-04-16,Tehama,103,63373,1,1,0,1,1
2020-04-16,Trinity,105,12862,0,0,0,0,0
2020-04-16,Tulare,107,460477,510,305,1,306,16
2020-04-16,Tuolumne,109,53932,3,1,0,1,0
2020-04-16,Ventura,111,848112,530,384,0,384,13
2020-04-16,Yolo,113,214977,162,98,0,98,4
2020-04-16,Yuba,115,75493,15,14,0,14,1
2020-04-15,Alameda,1,1643700,1316,915,0,915,38
2020-04-15,Alpine,3,1148,1,1,0,1,0
2020-04-15,Amador,5,37829,7,7,0,7,0
2020-04-15,Butte,7,227075,18,14,1,15,0
2020-04-15,Calaveras,9,45235,11,9,0,9,0
2020-04-15,Colusa,11,21464,3,3,0,3,0
2020-04-15,Contra Costa,13,1133247,801,645,0,645,14
2020-04-15,Del Norte,15,27424,2,2,0,2,0
2020-04-15,El Dorado,17,186661,47,33,0,33,0
2020-04-15,Fresno,19,978130,512,264,4,268,7
2020-04-15,Glenn,21,27897,4,3,0,3,0
2020-04-15,Humboldt,23,135768,57,47,0,47,0
2020-04-15,Imperial,25,180216,265,115,0,115,2
2020-04-15,Inyo,27,18085,17,12,0,12,0
2020-04-15,Kern,29,883053,750,500,1,501,3
2020-04-15,Kings,31,150075,46,12,1,13,1
2020-04-15,Lake,33,64148,6,4,0,4,0
2020-04-15,Lassen,35,31185,1,0,1,1,0
2020-04-15,Los Angeles,37,10098052,16895,10416,18,10434,394
2020-04-15,Madera,39,155013,63,30,0,30,2
2020-04-15,Marin,41,260295,199,162,1,163,10
2020-04-15,Mariposa,43,17540,0,0,0,0,0
2020-04-15,Mendocino,45,87422,4,4,0,4,0
2020-04-15,Merced,47,269075,120,74,0,74,3
2020-04-15,Modoc,49,8938,0,0,0,0,0
2020-04-15,Mono,51,14174,29,22,0,22,1
2020-04-15,Monterey,53,433212,175,106,0,106,3
2020-04-15,Napa,55,140530,55,34,0,34,2
2020-04-15,Nevada,57,99092,37,34,1,35,1
2020-04-15,Orange,59,3164182,2215,1377,4,1381,24
2020-04-15,Placer,61,380077,147,123,0,123,6
2020-04-15,Plumas,63,18699,4,4,0,4,0
2020-04-15,Riverside,65,2383286,3108,1723,6,1729,42
2020-04-15,Sacramento,67,1510023,975,839,0,839,32
2020-04-15,San Benito,69,59416,42,34,0,34,2
2020-04-15,San Bernardino,71,2135413,1642,1063,0,1063,45
2020-04-15,San Diego,73,3302833,2713,2014,0,2014,60
2020-04-15,San Francisco,75,870044,1306,1006,0,1006,16
2020-04-15,San Joaquin,77,732212,460,329,3,332,17
2020-04-15,San Luis Obispo,79,281455,154,112,1,113,1
2020-04-15,San Mateo,81,765935,1045,707,2,709,28
2020-04-15,Santa Barbara,83,443738,497,317,1,318,2
2020-04-15,Santa Clara,85,1922200,2082,1692,1,1693,69
2020-04-15,Santa Cruz,87,273765,114,92,0,92,2
2020-04-15,Shasta,89,179085,30,25,0,25,3
2020-04-15,Sierra,91,2930,0,0,0,0,0
2020-04-15,Siskiyou,93,43540,5,5,0,5,0
2020-04-15,Solano,95,438530,217,153,0,153,2
2020-04-15,Sonoma,97,501317,197,140,0,140,1
2020-04-15,Stanislaus,99,539301,272,174,4,178,3
2020-04-15,Sutter,101,95872,25,19,0,19,2
2020-04-15,Tehama,103,63373,1,1,0,1,1
2020-04-15,Trinity,105,12862,0,0,0,0,0
2020-04-15,Tulare,107,460477,493,289,1,290,14
2020-04-15,Tuolumne,109,53932,3,1,0,1,0
2020-04-15,Ventura,111,848112,515,365,0,365,13
2020-04-15,Yolo,113,214977,158,93,0,93,3
2020-04-15,Yuba,115,75493,15,15,0,15,1
2020-04-14,Alameda,1,1643700,1271,843,0,843,30
2020-04-14,Alpine,3,1148,1,1,0,1,0
2020-04-14,Amador,5,37829,7,6,0,6,0
2020-04-14,Butte,7,227075,18,13,1,14,0
2020-04-14,Calaveras,9,45235,11,5,0,5,0
2020-04-14,Colusa,11,21464,3,3,0,3,0
2020-04-14,Contra Costa,13,1133247,789,617,0,617,12
2020-04-14,Del Norte,15,27424,2,2,0,2,0
2020-04-14,El Dorado,17,186661,47,30,0,30,0
2020-04-14,Fresno,19,978130,490,244,4,248,6
2020-04-14,Glenn,21,27897,4,3,0,3,0
2020-04-14,Humboldt,23,135768,57,44,0,44,0
2020-04-14,Imperial,25,180216,245,86,0,86,2
2020-04-14,Inyo,27,18085,17,12,0,12,0
2020-04-14,Kern,29,883053,727,453,1,454,3
2020-04-14,Kings,31,150075,45,12,1,13,1
2020-04-14,Lake,33,64148,6,3,0,3,0
2020-04-14,Lassen,35,31185,1,0,1,1,0
2020-04-14,Los Angeles,37,10098052,16001,9948,17,9965,357
2020-04-14,Madera,39,155013,62,29,0,29,2
2020-04-14,Marin,41,260295,195,147,1,148,9
2020-04-14,Mariposa,43,17540,0,0,0,0,0
2020-04-14,Mendocino,45,87422,4,4,0,4,0
2020-04-14,Merced,47,269075,113,61,0,61,3
2020-04-14,Modoc,49,8938,0,0,0,0,0
2020-04-14,Mono,51,14174,29,22,0,22,1
2020-04-14,Monterey,53,433212,170,98,0,98,3
2020-04-14,Napa,55,140530,55,33,0,33,2
2020-04-14,Nevada,57,99092,37,34,1,35,1
2020-04-14,Orange,59,3164182,2115,1362,4,1366,24
2020-04-14,Placer,61,380077,146,117,0,117,5
2020-04-14,Plumas,63,18699,4,3,0,3,0
2020-04-14,Riverside,65,2383286,2973,1467,6,1473,40
2020-04-14,Sacramento,67,1510023,966,737,0,737,29
2020-04-14,San Benito,69,59416,39,34,0,34,2
2020-04-14,San Bernardino,71,2135413,1587,933,0,933,37
2020-04-14,San Diego,73,3302833,2618,1932,0,1932,53
2020-04-14,San Francisco,75,870044,1252,968,0,968,14
2020-04-14,San Joaquin,77,732212,450,280,3,283,17
2020-04-14,San Luis Obispo,79,281455,152,109,1,110,1
2020-04-14,San Mateo,81,765935,1011,681,2,683,28
2020-04-14,Santa Barbara,83,443738,472,292,1,293,2
2020-04-14,Santa Clara,85,1922200,2049,1561,1,1562,63
2020-04-14,Santa Cruz,87,273765,106,84,0,84,2
2020-04-14,Shasta,89,179085,30,24,0,24,3
2020-04-14,Sierra,91,2930,0,0,0,0,0
2020-04-14,Siskiyou,93,43540,5,5,0,5,0
2020-04-14,Solano,95,438530,214,140,0,140,2
2020-04-14,Sonoma,97,501317,193,133,0,133,1
2020-04-14,Stanislaus,99,539301,259,136,4,140,3
2020-04-14,Sutter,101,95872,24,19,0,19,2
2020-04-14,Tehama,103,63373,1,1,0,1,1
2020-04-14,Trinity,105,12862,0,0,0,0,0
2020-04-14,Tulare,107,460477,470,228,1,229,12
2020-04-14,Tuolumne,109,53932,3,0,0,0,0
2020-04-14,Ventura,111,848112,502,328,0,328,11
2020-04-14,Yolo,113,214977,154,81,0,81,3
2020-04-14,Yuba,115,75493,14,14,0,14,1
2020-04-13,Alameda,1,1643700,1232,821,0,821,23
2020-04-13,Alpine,3,1148,1,1,0,1,0
2020-04-13,Amador,5,37829,7,6,0,6,0
2020-04-13,Butte,7,227075,18,13,1,14,0
2020-04-13,Calaveras,9,45235,10,5,0,5,0
2020-04-13,Colusa,11,21464,3,3,0,3,0
2020-04-13,Contra Costa,13,1133247,773,569,0,569,12
2020-04-13,Del Norte,15,27424,2,2,0,2,0
2020-04-13,El Dorado,17,186661,45,29,0,29,0
2020-04-13,Fresno,19,978130,468,205,3,208,4
2020-04-13,Glenn,21,27897,4,3,0,3,0
2020-04-13,Humboldt,23,135768,57,44,0,44,0
2020-04-13,Imperial,25,180216,227,82,0,82,2
2020-04-13,Inyo,27,18085,17,12,0,12,0
2020-04-13,Kern,29,883053,702,346,1,347,3
2020-04-13,Kings,31,150075,41,9,1,10,0
2020-04-13,Lake,33,64148,6,3,0,3,0
2020-04-13,Lassen,35,31185,1,0,1,1,0
2020-04-13,Los Angeles,37,10098052,15287,9367,17,9384,317
2020-04-13,Madera,39,155013,60,29,0,29,2
2020-04-13,Marin,41,260295,191,144,1,145,6
2020-04-13,Mariposa,43,17540,0,0,0,0,0
2020-04-13,Mendocino,45,87422,4,4,0,4,0
2020-04-13,Merced,47,269075,112,60,0,60,3
2020-04-13,Modoc,49,8938,0,0,0,0,0
2020-04-13,Mono,51,14174,29,21,0,21,1
2020-04-13,Monterey,53,433212,164,86,0,86,3
2020-04-13,Napa,55,140530,54,30,0,30,2
2020-04-13,Nevada,57,99092,37,24,1,25,1
2020-04-13,Orange,59,3164182,2043,1313,4,1317,21
2020-04-13,Placer,61,380077,145,116,0,116,5
2020-04-13,Plumas,63,18699,4,3,0,3,0
2020-04-13,Riverside,65,2383286,2833,1460,5,1465,35
2020-04-13,Sacramento,67,1510023,954,723,0,723,25
2020-04-13,San Benito,69,59416,38,33,0,33,2
2020-04-13,San Bernardino,71,2135413,1512,920,0,920,30
2020-04-13,San Diego,73,3302833,2535,1849,0,1849,47
2020-04-13,San Francisco,75,870044,1214,948,0,948,12
2020-04-13,San Joaquin,77,732212,436,255,3,258,16
2020-04-13,San Luis Obispo,79,281455,147,106,1,107,1
2020-04-13,San Mateo,81,765935,971,679,2,681,25
2020-04-13,Santa Barbara,83,443738,453,271,0,271,2
2020-04-13,Santa Clara,85,1922200,2009,1540,1,1541,58
2020-04-13,Santa Cruz,87,273765,100,82,0,82,1
2020-04-13,Shasta,89,179085,29,24,0,24,3
2020-04-13,Sierra,91,2930,0,0,0,0,0
2020-04-13,Siskiyou,93,43540,5,5,0,5,0
2020-04-13,Solano,95,438530,211,136,0,136,2
2020-04-13,Sonoma,97,501317,186,133,0,133,1
2020-04-13,Stanislaus,99,539301,253,130,4,134,1
2020-04-13,Sutter,101,95872,24,18,0,18,2
2020-04-13,Tehama,103,63373,1,1,0,1,0
2020-04-13,Trinity,105,12862,0,0,0,0,0
2020-04-13,Tulare,107,460477,433,185,1,186,11
2020-04-13,Tuolumne,109,53932,3,0,0,0,0
2020-04-13,Ventura,111,848112,481,309,0,309,9
2020-04-13,Yolo,113,214977,148,81,0,81,3
2020-04-13,Yuba,115,75493,14,13,0,13,1
2020-04-12,Alameda,1,1643700,1189,774,0,774,23
2020-04-12,Alpine,3,1148,1,1,0,1,0
2020-04-12,Amador,5,37829,7,6,0,6,0
2020-04-12,Butte,7,227075,18,13,1,14,0
2020-04-12,Calaveras,9,45235,10,5,0,5,0
2020-04-12,Colusa,11,21464,3,3,0,3,0
2020-04-12,Contra Costa,13,1133247,761,553,0,553,12
2020-04-12,Del Norte,15,27424,2,2,0,2,0
2020-04-12,El Dorado,17,186661,45,28,0,28,0
2020-04-12,Fresno,19,978130,439,205,3,208,4
2020-04-12,Glenn,21,27897,4,3,0,3,0
2020-04-12,Humboldt,23,135768,57,43,0,43,0
2020-04-12,Imperial,25,180216,204,78,0,78,2
2020-04-12,Inyo,27,18085,15,12,0,12,0
2020-04-12,Kern,29,883053,670,319,0,319,3
2020-04-12,Kings,31,150075,39,9,1,10,0
2020-04-12,Lake,33,64148,6,3,0,3,0
2020-04-12,Lassen,35,31185,1,0,1,1,0
2020-04-12,Los Angeles,37,10098052,14577,9133,17,9150,294
2020-04-12,Madera,39,155013,59,29,0,29,2
2020-04-12,Marin,41,260295,180,138,1,139,6
2020-04-12,Mariposa,43,17540,0,0,0,0,0
2020-04-12,Mendocino,45,87422,4,4,0,4,0
2020-04-12,Merced,47,269075,106,58,0,58,3
2020-04-12,Modoc,49,8938,0,0,0,0,0
2020-04-12,Mono,51,14174,29,20,0,20,1
2020-04-12,Monterey,53,433212,150,85,0,85,3
2020-04-12,Napa,55,140530,52,29,0,29,2
2020-04-12,Nevada,57,99092,37,24,1,25,1
2020-04-12,Orange,59,3164182,1983,1283,4,1287,21
2020-04-12,Placer,61,380077,144,114,0,114,4
2020-04-12,Plumas,63,18699,4,3,0,3,0
2020-04-12,Riverside,65,2383286,2651,1330,5,1335,34
2020-04-12,Sacramento,67,1510023,917,689,0,689,25
2020-04-12,San Benito,69,59416,36,33,0,33,2
2020-04-12,San Bernardino,71,2135413,1436,827,0,827,30
2020-04-12,San Diego,73,3302833,2445,1806,0,1806,45
2020-04-12,San Francisco,75,870044,1186,886,0,886,11
2020-04-12,San Joaquin,77,732212,418,246,3,249,15
2020-04-12,San Luis Obispo,79,281455,145,102,1,103,1
2020-04-12,San Mateo,81,765935,945,664,2,666,25
2020-04-12,Santa Barbara,83,443738,428,261,0,261,2
2020-04-12,Santa Clara,85,1922200,1985,1461,1,1462,53
2020-04-12,Santa Cruz,87,273765,99,80,0,80,1
2020-04-12,Shasta,89,179085,29,24,0,24,3
2020-04-12,Sierra,91,2930,0,0,0,0,0
2020-04-12,Siskiyou,93,43540,5,5,0,5,0
2020-04-12,Solano,95,438530,205,136,0,136,2
2020-04-12,Sonoma,97,501317,183,131,0,131,1
2020-04-12,Stanislaus,99,539301,245,117,4,121,1
2020-04-12,Sutter,101,95872,23,18,0,18,2
2020-04-12,Tehama,103,63373,1,1,0,1,0
2020-04-12,Trinity,105,12862,0,0,0,0,0
2020-04-12,Tulare,107,460477,422,166,1,167,11
2020-04-12,Tuolumne,109,53932,3,0,0,0,0
2020-04-12,Ventura,111,848112,471,306,0,306,9
2020-04-12,Yolo,113,214977,135,67,0,67,3
2020-04-12,Yuba,115,75493,14,13,0,13,1
2020-04-11,Alameda,1,1643700,1148,751,0,751,23
2020-04-11,Alpine,3,1148,1,1,0,1,0
2020-04-11,Amador,5,37829,7,6,0,6,0
2020-04-11,Butte,7,227075,18,13,1,14,0
2020-04-11,Calaveras,9,45235,10,5,0,5,0
2020-04-11,Colusa,11,21464,3,3,0,3,0
2020-04-11,Contra Costa,13,1133247,752,550,0,550,12
2020-04-11,Del Norte,15,27424,2,2,0,2,0
2020-04-11,El Dorado,17,186661,45,29,0,29,0
2020-04-11,Fresno,19,978130,429,201,3,204,4
2020-04-11,Glenn,21,27897,4,3,0,3,0
2020-04-11,Humboldt,23,135768,57,38,0,38,0
2020-04-11,Imperial,25,180216,193,78,0,78,2
2020-04-11,Inyo,27,18085,15,12,0,12,0
2020-04-11,Kern,29,883053,643,304,0,304,3
2020-04-11,Kings,31,150075,36,9,1,10,0
2020-04-11,Lake,33,64148,6,3,0,3,0
2020-04-11,Lassen,35,31185,1,0,1,1,0
2020-04-11,Los Angeles,37,10098052,14107,8823,17,8840,262
2020-04-11,Madera,39,155013,58,29,0,29,2
2020-04-11,Marin,41,260295,177,136,1,137,6
2020-04-11,Mariposa,43,17540,0,0,0,0,0
2020-04-11,Mendocino,45,87422,4,4,0,4,0
2020-04-11,Merced,47,269075,103,59,0,59,3
2020-04-11,Modoc,49,8938,0,0,0,0,0
2020-04-11,Mono,51,14174,29,20,0,20,1
2020-04-11,Monterey,53,433212,144,78,0,78,3
2020-04-11,Napa,55,140530,52,29,0,29,2
2020-04-11,Nevada,57,99092,37,24,1,25,1
2020-04-11,Orange,59,3164182,1922,1267,4,1271,21
2020-04-11,Placer,61,380077,144,113,0,113,4
2020-04-11,Plumas,63,18699,4,3,0,3,0
2020-04-11,Riverside,65,2383286,2572,1260,5,1265,33
2020-04-11,Sacramento,67,1510023,906,685,0,685,25
2020-04-11,San Benito,69,59416,36,33,0,33,2
2020-04-11,San Bernardino,71,2135413,1400,826,0,826,28
2020-04-11,San Diego,73,3302833,2379,1763,0,1763,45
2020-04-11,San Francisco,75,870044,1164,860,0,860,11
2020-04-11,San Joaquin,77,732212,413,244,3,247,15
2020-04-11,San Luis Obispo,79,281455,145,100,0,100,1
2020-04-11,San Mateo,81,765935,933,662,2,664,25
2020-04-11,Santa Barbara,83,443738,420,258,0,258,2
2020-04-11,Santa Clara,85,1922200,1944,1441,1,1442,51
2020-04-11,Santa Cruz,87,273765,99,79,0,79,1
2020-04-11,Shasta,89,179085,29,24,0,24,3
2020-04-11,Sierra,91,2930,0,0,0,0,0
2020-04-11,Siskiyou,93,43540,5,5,0,5,0
2020-04-11,Solano,95,438530,201,138,0,138,2
2020-04-11,Sonoma,97,501317,181,131,0,131,1
2020-04-11,Stanislaus,99,539301,238,119,3,122,1
2020-04-11,Sutter,101,95872,23,18,0,18,2
2020-04-11,Tehama,103,63373,1,1,0,1,0
2020-04-11,Trinity,105,12862,0,0,0,0,0
2020-04-11,Tulare,107,460477,400,168,1,169,10
2020-04-11,Tuolumne,109,53932,3,0,0,0,0
2020-04-11,Ventura,111,848112,461,304,0,304,9
2020-04-11,Yolo,113,214977,132,67,0,67,3
2020-04-11,Yuba,115,75493,14,13,0,13,1
2020-04-10,Alameda,1,1643700,1107,706,0,706,21
2020-04-10,Alpine,3,1148,1,1,0,1,0
2020-04-10,Amador,5,37829,7,5,0,5,0
2020-04-10,Butte,7,227075,18,13,1,14,0
2020-04-10,Calaveras,9,45235,10,5,0,5,0
2020-04-10,Colusa,11,21464,3,3,0,3,0
2020-04-10,Contra Costa,13,1133247,739,537,0,537,10
2020-04-10,Del Norte,15,27424,2,2,0,2,0
2020-04-10,El Dorado,17,186661,45,26,0,26,0
2020-04-10,Fresno,19,978130,422,186,3,189,3
2020-04-10,Glenn,21,27897,4,3,0,3,0
2020-04-10,Humboldt,23,135768,57,36,0,36,0
2020-04-10,Imperial,25,180216,186,70,0,70,2
2020-04-10,Inyo,27,18085,13,11,0,11,0
2020-04-10,Kern,29,883053,619,272,0,272,3
2020-04-10,Kings,31,150075,33,7,1,8,0
2020-04-10,Lake,33,64148,6,3,0,3,0
2020-04-10,Lassen,35,31185,1,0,1,1,0
2020-04-10,Los Angeles,37,10098052,13594,8384,16,8400,239
2020-04-10,Madera,39,155013,57,29,0,29,2
2020-04-10,Marin,41,260295,172,128,1,129,6
2020-04-10,Mariposa,43,17540,0,0,0,0,0
2020-04-10,Mendocino,45,87422,4,4,0,4,0
2020-04-10,Merced,47,269075,100,56,0,56,3
2020-04-10,Modoc,49,8938,0,0,0,0,0
2020-04-10,Mono,51,14174,29,20,0,20,1
2020-04-10,Monterey,53,433212,133,78,0,78,3
2020-04-10,Napa,55,140530,49,28,0,28,2
2020-04-10,Nevada,57,99092,37,23,1,24,1
2020-04-10,Orange,59,3164182,1876,1167,4,1171,21
2020-04-10,Placer,61,380077,143,112,0,112,4
2020-04-10,Plumas,63,18699,4,3,0,3,0
2020-04-10,Riverside,65,2383286,2507,1162,5,1167,30
2020-04-10,Sacramento,67,1510023,897,642,0,642,24
2020-04-10,San Benito,69,59416,36,32,0,32,2
2020-04-10,San Bernardino,71,2135413,1352,779,0,779,27
2020-04-10,San Diego,73,3302833,2319,1695,0,1695,44
2020-04-10,San Francisco,75,870044,1133,797,0,797,10
2020-04-10,San Joaquin,77,732212,401,234,3,237,14
2020-04-10,San Luis Obispo,79,281455,145,97,0,97,1
2020-04-10,San Mateo,81,765935,917,642,2,644,24
2020-04-10,Santa Barbara,83,443738,409,254,0,254,2
2020-04-10,Santa Clara,85,1922200,1895,1351,1,1352,50
2020-04-10,Santa Cruz,87,273765,98,75,0,75,1
2020-04-10,Shasta,89,179085,29,24,0,24,3
2020-04-10,Sierra,91,2930,0,0,0,0,0
2020-04-10,Siskiyou,93,43540,5,5,0,5,0
2020-04-10,Solano,95,438530,198,129,0,129,2
2020-04-10,Sonoma,97,501317,180,129,0,129,1
2020-04-10,Stanislaus,99,539301,231,101,3,104,0
2020-04-10,Sutter,101,95872,23,18,0,18,2
2020-04-10,Tehama,103,63373,1,1,0,1,0
2020-04-10,Trinity,105,12862,0,0,0,0,0
2020-04-10,Tulare,107,460477,357,163,1,164,10
2020-04-10,Tuolumne,109,53932,3,0,0,0,0
2020-04-10,Ventura,111,848112,453,290,0,290,9
2020-04-10,Yolo,113,214977,130,62,0,62,3
2020-04-10,Yuba,115,75493,14,13,0,13,1
2020-04-09,Alameda,1,1643700,1057,641,0,641,17
2020-04-09,Alpine,3,1148,1,1,0,1,0
2020-04-09,Amador,5,37829,7,2,0,2,0
2020-04-09,Butte,7,227075,18,12,1,13,0
2020-04-09,Calaveras,9,45235,10,5,0,5,0
2020-04-09,Colusa,11,21464,3,3,0,3,0
2020-04-09,Contra Costa,13,1133247,696,505,0,505,7
2020-04-09,Del Norte,15,27424,2,2,0,2,0
2020-04-09,El Dorado,17,186661,44,25,0,25,0
2020-04-09,Fresno,19,978130,401,165,3,168,3
2020-04-09,Glenn,21,27897,4,2,0,2,0
2020-04-09,Humboldt,23,135768,57,36,0,36,0
2020-04-09,Imperial,25,180216,165,67,0,67,2
2020-04-09,Inyo,27,18085,12,11,0,11,0
2020-04-09,Kern,29,883053,583,241,0,241,2
2020-04-09,Kings,31,150075,31,5,1,6,0
2020-04-09,Lake,33,64148,5,1,0,1,0
2020-04-09,Lassen,35,31185,1,0,1,1,0
2020-04-09,Los Angeles,37,10098052,12967,7919,16,7935,220
2020-04-09,Madera,39,155013,57,28,0,28,2
2020-04-09,Marin,41,260295,170,126,1,127,7
2020-04-09,Mariposa,43,17540,0,0,0,0,0
2020-04-09,Mendocino,45,87422,4,4,0,4,0
2020-04-09,Merced,47,269075,97,41,0,41,3
2020-04-09,Modoc,49,8938,0,0,0,0,0
2020-04-09,Mono,51,14174,29,19,0,19,1
2020-04-09,Monterey,53,433212,115,70,0,70,3
2020-04-09,Napa,55,140530,45,27,0,27,2
2020-04-09,Nevada,57,99092,36,23,1,24,1
2020-04-09,Orange,59,3164182,1800,1105,3,1108,19
2020-04-09,Placer,61,380077,142,107,0,107,4
2020-04-09,Plumas,63,18699,4,3,0,3,0
2020-04-09,Riverside,65,2383286,2365,1083,5,1088,29
2020-04-09,Sacramento,67,1510023,874,601,0,601,21
2020-04-09,San Benito,69,59416,36,32,0,32,2
2020-04-09,San Bernardino,71,2135413,1283,717,0,717,27
2020-04-09,San Diego,73,3302833,2223,1630,0,1630,40
2020-04-09,San Francisco,75,870044,1113,748,0,748,8
2020-04-09,San Joaquin,77,732212,380,223,3,226,14
2020-04-09,San Luis Obispo,79,281455,138,93,0,93,1
2020-04-09,San Mateo,81,765935,901,630,2,632,23
2020-04-09,Santa Barbara,83,443738,399,232,0,232,2
2020-04-09,Santa Clara,85,1922200,1827,1301,1,1302,49
2020-04-09,Santa Cruz,87,273765,98,73,0,73,1
2020-04-09,Shasta,89,179085,29,22,0,22,3
2020-04-09,Sierra,91,2930,0,0,0,0,0
2020-04-09,Siskiyou,93,43540,5,4,0,4,0
2020-04-09,Solano,95,438530,189,118,0,118,2
2020-04-09,Sonoma,97,501317,176,113,0,113,1
2020-04-09,Stanislaus,99,539301,219,93,3,96,0
2020-04-09,Sutter,101,95872,23,17,0,17,2
2020-04-09,Tehama,103,63373,1,1,0,1,0
2020-04-09,Trinity,105,12862,0,0,0,0,0
2020-04-09,Tulare,107,460477,332,147,1,148,9
2020-04-09,Tuolumne,109,53932,3,0,0,0,0
2020-04-09,Ventura,111,848112,434,273,0,273,9
2020-04-09,Yolo,113,214977,121,59,0,59,3
2020-04-09,Yuba,115,75493,14,13,0,13,0
2020-04-08,Alameda,1,1643700,1016,594,0,594,15
2020-04-08,Alpine,3,1148,1,1,0,1,0
2020-04-08,Amador,5,37829,7,2,0,2,0
2020-04-08,Butte,7,227075,17,11,1,12,0
2020-04-08,Calaveras,9,45235,10,5,0,5,0
2020-04-08,Colusa,11,21464,3,3,0,3,0
2020-04-08,Contra Costa,13,1133247,683,481,0,481,7
2020-04-08,Del Norte,15,27424,2,2,0,2,0
2020-04-08,El Dorado,17,186661,44,25,0,25,0
2020-04-08,Fresno,19,978130,382,151,3,154,3
2020-04-08,Glenn,21,27897,4,2,0,2,0
2020-04-08,Humboldt,23,135768,57,40,0,40,0
2020-04-08,Imperial,25,180216,154,59,0,59,2
2020-04-08,Inyo,27,18085,12,11,0,11,0
2020-04-08,Kern,29,883053,542,198,0,198,2
2020-04-08,Kings,31,150075,31,5,1,6,0
2020-04-08,Lake,33,64148,5,1,0,1,0
2020-04-08,Lassen,35,31185,1,0,1,1,0
2020-04-08,Los Angeles,37,10098052,12367,7505,16,7521,196
2020-04-08,Madera,39,155013,56,28,0,28,2
2020-04-08,Marin,41,260295,164,125,1,126,7
2020-04-08,Mariposa,43,17540,0,0,0,0,0
2020-04-08,Mendocino,45,87422,4,4,0,4,0
2020-04-08,Merced,47,269075,82,35,0,35,1
2020-04-08,Modoc,49,8938,0,0,0,0,0
2020-04-08,Mono,51,14174,29,19,0,19,1
2020-04-08,Monterey,53,433212,106,68,0,68,3
2020-04-08,Napa,55,140530,43,21,0,21,2
2020-04-08,Nevada,57,99092,36,21,1,22,1
2020-04-08,Orange,59,3164182,1739,1034,3,1037,19
2020-04-08,Placer,61,380077,142,102,0,102,4
2020-04-08,Plumas,63,18699,4,3,0,3,0
2020-04-08,Riverside,65,2383286,2211,974,5,979,28
2020-04-08,Sacramento,67,1510023,840,565,0,565,21
2020-04-08,San Benito,69,59416,36,31,0,31,2
2020-04-08,San Bernardino,71,2135413,1226,635,0,635,22
2020-04-08,San Diego,73,3302833,2149,1532,0,1532,36
2020-04-08,San Francisco,75,870044,1045,687,0,687,7
2020-04-08,San Joaquin,77,732212,363,211,3,214,12
2020-04-08,San Luis Obispo,79,281455,136,90,0,90,1
2020-04-08,San Mateo,81,765935,886,608,2,610,22
2020-04-08,Santa Barbara,83,443738,381,221,0,221,2
2020-04-08,Santa Clara,85,1922200,1783,1257,1,1258,47
2020-04-08,Santa Cruz,87,273765,97,69,0,69,1
2020-04-08,Shasta,89,179085,29,18,0,18,3
2020-04-08,Sierra,91,2930,0,0,0,0,0
2020-04-08,Siskiyou,93,43540,5,4,0,4,0
2020-04-08,Solano,95,438530,176,111,0,111,2
2020-04-08,Sonoma,97,501317,171,107,0,107,1
2020-04-08,Stanislaus,99,539301,203,86,3,89,0
2020-04-08,Sutter,101,95872,22,17,0,17,2
2020-04-08,Tehama,103,63373,1,1,0,1,0
2020-04-08,Trinity,105,12862,0,0,0,0,0
2020-04-08,Tulare,107,460477,303,145,1,146,6
2020-04-08,Tuolumne,109,53932,3,0,0,0,0
2020-04-08,Ventura,111,848112,425,263,0,263,7
2020-04-08,Yolo,113,214977,104,56,0,56,3
2020-04-08,Yuba,115,75493,14,10,0,10,0
2020-04-07,Alameda,1,1643700,981,560,0,560,14
2020-04-07,Alpine,3,1148,1,1,0,1,0
2020-04-07,Amador,5,37829,7,2,0,2,0
2020-04-07,Butte,7,227075,16,11,1,12,0
2020-04-07,Calaveras,9,45235,9,5,0,5,0
2020-04-07,Colusa,11,21464,3,2,0,2,0
2020-04-07,Contra Costa,13,1133247,663,471,0,471,7
2020-04-07,Del Norte,15,27424,2,2,0,2,0
2020-04-07,El Dorado,17,186661,43,22,0,22,0
2020-04-07,Fresno,19,978130,367,138,3,141,3
2020-04-07,Glenn,21,27897,4,2,0,2,0
2020-04-07,Humboldt,23,135768,56,40,0,40,0
2020-04-07,Imperial,25,180216,136,53,0,53,2
2020-04-07,Inyo,27,18085,12,11,0,11,0
2020-04-07,Kern,29,883053,499,134,0,134,2
2020-04-07,Kings,31,150075,29,5,1,6,0
2020-04-07,Lake,33,64148,4,1,0,1,0
2020-04-07,Lassen,35,31185,1,0,1,1,0
2020-04-07,Los Angeles,37,10098052,11717,6885,16,6901,170
2020-04-07,Madera,39,155013,55,28,0,28,2
2020-04-07,Marin,41,260295,162,122,1,123,7
2020-04-07,Mariposa,43,17540,0,0,0,0,0
2020-04-07,Mendocino,45,87422,4,4,0,4,0
2020-04-07,Merced,47,269075,67,27,0,27,1
2020-04-07,Modoc,49,8938,0,0,0,0,0
2020-04-07,Mono,51,14174,28,18,0,18,1
2020-04-07,Monterey,53,433212,98,63,0,63,2
2020-04-07,Napa,55,140530,41,18,0,18,2
2020-04-07,Nevada,57,99092,36,20,1,21,1
2020-04-07,Orange,59,3164182,1692,971,3,974,19
2020-04-07,Placer,61,380077,137,94,0,94,3
2020-04-07,Plumas,63,18699,4,3,0,3,0
2020-04-07,Riverside,65,2383286,2055,905,5,910,25
2020-04-07,Sacramento,67,1510023,810,513,0,513,18
2020-04-07,San Benito,69,59416,36,26,0,26,2
2020-04-07,San Bernardino,71,2135413,1159,554,0,554,19
2020-04-07,San Diego,73,3302833,2072,1456,0,1456,31
2020-04-07,San Francisco,75,870044,985,636,0,636,6
2020-04-07,San Joaquin,77,732212,345,198,3,201,12
2020-04-07,San Luis Obispo,79,281455,131,87,0,87,1
2020-04-07,San Mateo,81,765935,865,573,2,575,22
2020-04-07,Santa Barbara,83,443738,366,209,0,209,2
2020-04-07,Santa Clara,85,1922200,1715,1193,1,1194,46
2020-04-07,Santa Cruz,87,273765,97,67,0,67,1
2020-04-07,Shasta,89,179085,28,16,0,16,3
2020-04-07,Sierra,91,2930,0,0,0,0,0
2020-04-07,Siskiyou,93,43540,5,4,0,4,0
2020-04-07,Solano,95,438530,171,99,0,99,1
2020-04-07,Sonoma,97,501317,168,102,0,102,1
2020-04-07,Stanislaus,99,539301,186,83,3,86,0
2020-04-07,Sutter,101,95872,22,16,0,16,2
2020-04-07,Tehama,103,63373,1,1,0,1,0
2020-04-07,Trinity,105,12862,0,0,0,0,0
2020-04-07,Tulare,107,460477,276,144,1,145,5
2020-04-07,Tuolumne,109,53932,3,1,0,1,0
2020-04-07,Ventura,111,848112,408,247,0,247,6
2020-04-07,Yolo,113,214977,97,51,0,51,2
2020-04-07,Yuba,115,75493,14,10,0,10,0
2020-04-06,Alameda,1,1643700,951,527,0,527,13
2020-04-06,Alpine,3,1148,1,1,0,1,0
2020-04-06,Amador,5,37829,6,2,0,2,0
2020-04-06,Butte,7,227075,15,11,1,12,0
2020-04-06,Calaveras,9,45235,9,4,0,4,0
2020-04-06,Colusa,11,21464,3,1,0,1,0
2020-04-06,Contra Costa,13,1133247,638,447,0,447,7
2020-04-06,Del Norte,15,27424,2,2,0,2,0
2020-04-06,El Dorado,17,186661,41,23,0,23,0
2020-04-06,Fresno,19,978130,347,122,3,125,1
2020-04-06,Glenn,21,27897,4,2,0,2,0
2020-04-06,Humboldt,23,135768,55,37,0,37,0
2020-04-06,Imperial,25,180216,129,47,0,47,1
2020-04-06,Inyo,27,18085,11,11,0,11,0
2020-04-06,Kern,29,883053,462,117,0,117,2
2020-04-06,Kings,31,150075,29,3,1,4,0
2020-04-06,Lake,33,64148,4,1,0,1,0
2020-04-06,Lassen,35,31185,1,0,1,1,0
2020-04-06,Los Angeles,37,10098052,10985,6346,16,6362,145
2020-04-06,Madera,39,155013,53,29,0,29,2
2020-04-06,Marin,41,260295,159,119,1,120,7
2020-04-06,Mariposa,43,17540,0,0,0,0,0
2020-04-06,Mendocino,45,87422,4,4,0,4,0
2020-04-06,Merced,47,269075,60,25,0,25,1
2020-04-06,Modoc,49,8938,0,0,0,0,0
2020-04-06,Mono,51,14174,28,18,0,18,1
2020-04-06,Monterey,53,433212,93,62,0,62,2
2020-04-06,Napa,55,140530,41,18,0,18,2
2020-04-06,Nevada,57,99092,36,19,1,20,1
2020-04-06,Orange,59,3164182,1648,910,2,912,17
2020-04-06,Placer,61,380077,137,90,0,90,3
2020-04-06,Plumas,63,18699,4,2,0,2,0
2020-04-06,Riverside,65,2383286,1929,854,5,859,17
2020-04-06,Sacramento,67,1510023,780,448,0,448,15
2020-04-06,San Benito,69,59416,34,25,0,25,1
2020-04-06,San Bernardino,71,2135413,1100,550,0,550,13
2020-04-06,San Diego,73,3302833,1990,1406,0,1406,19
2020-04-06,San Francisco,75,870044,946,586,0,586,6
2020-04-06,San Joaquin,77,732212,330,191,3,194,10
2020-04-06,San Luis Obispo,79,281455,129,85,0,85,1
2020-04-06,San Mateo,81,765935,847,569,2,571,20
2020-04-06,Santa Barbara,83,443738,354,189,0,189,2
2020-04-06,Santa Clara,85,1922200,1664,1128,1,1129,43
2020-04-06,Santa Cruz,87,273765,95,65,0,65,1
2020-04-06,Shasta,89,179085,28,16,0,16,3
2020-04-06,Sierra,91,2930,0,0,0,0,0
2020-04-06,Siskiyou,93,43540,4,4,0,4,0
2020-04-06,Solano,95,438530,164,95,0,95,1
2020-04-06,Sonoma,97,501317,167,102,0,102,1
2020-04-06,Stanislaus,99,539301,170,72,3,75,0
2020-04-06,Sutter,101,95872,22,14,0,14,2
2020-04-06,Tehama,103,63373,1,1,0,1,0
2020-04-06,Trinity,105,12862,0,0,0,0,0
2020-04-06,Tulare,107,460477,264,126,1,127,5
2020-04-06,Tuolumne,109,53932,3,1,0,1,0
2020-04-06,Ventura,111,848112,390,234,0,234,6
2020-04-06,Yolo,113,214977,93,43,0,43,1
2020-04-06,Yuba,115,75493,14,8,0,8,0
2020-04-05,Alameda,1,1643700,909,475,0,475,12
2020-04-05,Alpine,3,1148,1,1,0,1,0
2020-04-05,Amador,5,37829,6,2,0,2,0
2020-04-05,Butte,7,227075,15,10,1,11,0
2020-04-05,Calaveras,9,45235,9,3,0,3,0
2020-04-05,Colusa,11,21464,3,1,0,1,0
2020-04-05,Contra Costa,13,1133247,621,415,0,415,6
2020-04-05,Del Norte,15,27424,2,1,0,1,0
2020-04-05,El Dorado,17,186661,40,19,0,19,0
2020-04-05,Fresno,19,978130,314,102,3,105,1
2020-04-05,Glenn,21,27897,4,2,0,2,0
2020-04-05,Humboldt,23,135768,55,29,0,29,0
2020-04-05,Imperial,25,180216,121,42,0,42,1
2020-04-05,Inyo,27,18085,11,10,0,10,0
2020-04-05,Kern,29,883053,408,109,0,109,2
2020-04-05,Kings,31,150075,28,4,1,5,0
2020-04-05,Lake,33,64148,4,0,0,0,0
2020-04-05,Lassen,35,31185,1,0,1,1,0
2020-04-05,Los Angeles,37,10098052,10415,5892,16,5908,130
2020-04-05,Madera,39,155013,52,27,0,27,2
2020-04-05,Marin,41,260295,159,113,1,114,6
2020-04-05,Mariposa,43,17540,0,0,0,0,0
2020-04-05,Mendocino,45,87422,4,4,0,4,0
2020-04-05,Merced,47,269075,53,16,0,16,0
2020-04-05,Modoc,49,8938,0,0,0,0,0
2020-04-05,Mono,51,14174,28,18,0,18,1
2020-04-05,Monterey,53,433212,86,61,0,61,2
2020-04-05,Napa,55,140530,39,15,0,15,2
2020-04-05,Nevada,57,99092,36,19,1,20,1
2020-04-05,Orange,59,3164182,1591,820,2,822,15
2020-04-05,Placer,61,380077,134,86,0,86,3
2020-04-05,Plumas,63,18699,3,2,0,2,0
2020-04-05,Riverside,65,2383286,1800,669,5,674,17
2020-04-05,Sacramento,67,1510023,750,393,0,393,11
2020-04-05,San Benito,69,59416,34,22,0,22,1
2020-04-05,San Bernardino,71,2135413,1026,375,0,375,13
2020-04-05,San Diego,73,3302833,1908,1328,0,1328,19
2020-04-05,San Francisco,75,870044,898,559,0,559,6
2020-04-05,San Joaquin,77,732212,315,179,3,182,10
2020-04-05,San Luis Obispo,79,281455,127,83,0,83,1
2020-04-05,San Mateo,81,765935,827,528,2,530,19
2020-04-05,Santa Barbara,83,443738,334,171,0,171,1
2020-04-05,Santa Clara,85,1922200,1620,1052,1,1053,42
2020-04-05,Santa Cruz,87,273765,95,59,0,59,1
2020-04-05,Shasta,89,179085,27,11,0,11,2
2020-04-05,Sierra,91,2930,0,0,0,0,0
2020-04-05,Siskiyou,93,43540,4,3,0,3,0
2020-04-05,Solano,95,438530,160,78,0,78,1
2020-04-05,Sonoma,97,501317,165,88,0,88,1
2020-04-05,Stanislaus,99,539301,156,51,3,54,0
2020-04-05,Sutter,101,95872,22,14,0,14,1
2020-04-05,Tehama,103,63373,1,1,0,1,0
2020-04-05,Trinity,105,12862,0,0,0,0,0
2020-04-05,Tulare,107,460477,232,81,1,82,4
2020-04-05,Tuolumne,109,53932,3,1,0,1,0
2020-04-05,Ventura,111,848112,376,196,0,196,6
2020-04-05,Yolo,113,214977,75,37,0,37,2
2020-04-05,Yuba,115,75493,14,7,0,7,0
2020-04-04,Alameda,1,1643700,886,468,0,468,12
2020-04-04,Alpine,3,1148,1,1,0,1,0
2020-04-04,Amador,5,37829,5,2,0,2,0
2020-04-04,Butte,7,227075,15,10,1,11,0
2020-04-04,Calaveras,9,45235,9,3,0,3,0
2020-04-04,Colusa,11,21464,3,1,0,1,0
2020-04-04,Contra Costa,13,1133247,613,382,0,382,5
2020-04-04,Del Norte,15,27424,2,1,0,1,0
2020-04-04,El Dorado,17,186661,40,19,0,19,0
2020-04-04,Fresno,19,978130,305,102,3,105,1
2020-04-04,Glenn,21,27897,4,2,0,2,0
2020-04-04,Humboldt,23,135768,55,29,0,29,0
2020-04-04,Imperial,25,180216,120,42,0,42,1
2020-04-04,Inyo,27,18085,11,10,0,10,0
2020-04-04,Kern,29,883053,379,103,0,103,2
2020-04-04,Kings,31,150075,28,3,1,4,0
2020-04-04,Lake,33,64148,4,0,0,0,0
2020-04-04,Lassen,35,31185,1,0,1,1,0
2020-04-04,Los Angeles,37,10098052,9799,5275,16,5291,117
2020-04-04,Madera,39,155013,50,27,0,27,2
2020-04-04,Marin,41,260295,157,111,0,111,6
2020-04-04,Mariposa,43,17540,0,0,0,0,0
2020-04-04,Mendocino,45,87422,4,4,0,4,0
2020-04-04,Merced,47,269075,49,11,0,11,0
2020-04-04,Modoc,49,8938,0,0,0,0,0
2020-04-04,Mono,51,14174,28,18,0,18,1
2020-04-04,Monterey,53,433212,83,61,0,61,2
2020-04-04,Napa,55,140530,39,15,0,15,2
2020-04-04,Nevada,57,99092,36,19,1,20,1
2020-04-04,Orange,59,3164182,1549,781,1,782,15
2020-04-04,Placer,61,380077,133,87,0,87,2
2020-04-04,Plumas,63,18699,3,2,0,2,0
2020-04-04,Riverside,65,2383286,1698,652,5,657,15
2020-04-04,Sacramento,67,1510023,732,393,0,393,11
2020-04-04,San Benito,69,59416,34,22,0,22,1
2020-04-04,San Bernardino,71,2135413,978,373,0,373,13
2020-04-04,San Diego,73,3302833,1860,1211,0,1211,18
2020-04-04,San Francisco,75,870044,860,537,0,537,6
2020-04-04,San Joaquin,77,732212,292,171,3,174,10
2020-04-04,San Luis Obispo,79,281455,127,82,0,82,0
2020-04-04,San Mateo,81,765935,815,520,2,522,17
2020-04-04,Santa Barbara,83,443738,325,167,0,167,1
2020-04-04,Santa Clara,85,1922200,1570,1045,1,1046,39
2020-04-04,Santa Cruz,87,273765,95,56,0,56,1
2020-04-04,Shasta,89,179085,26,11,0,11,2
2020-04-04,Sierra,91,2930,0,0,0,0,0
2020-04-04,Siskiyou,93,43540,4,3,0,3,0
2020-04-04,Solano,95,438530,155,79,0,79,1
2020-04-04,Sonoma,97,501317,162,88,0,88,1
2020-04-04,Stanislaus,99,539301,145,51,3,54,0
2020-04-04,Sutter,101,95872,22,14,0,14,1
2020-04-04,Tehama,103,63373,1,1,0,1,0
2020-04-04,Trinity,105,12862,0,0,0,0,0
2020-04-04,Tulare,107,460477,218,79,1,80,4
2020-04-04,Tuolumne,109,53932,3,1,0,1,0
2020-04-04,Ventura,111,848112,363,194,0,194,6
2020-04-04,Yolo,113,214977,73,40,0,40,2
2020-04-04,Yuba,115,75493,13,7,0,7,0
2020-04-03,Alameda,1,1643700,850,395,0,395,11
2020-04-03,Alpine,3,1148,1,1,0,1,0
2020-04-03,Amador,5,37829,5,2,0,2,0
2020-04-03,Butte,7,227075,15,8,1,9,0
2020-04-03,Calaveras,9,45235,9,3,0,3,0
2020-04-03,Colusa,11,21464,3,1,0,1,0
2020-04-03,Contra Costa,13,1133247,590,327,0,327,5
2020-04-03,Del Norte,15,27424,2,1,0,1,0
2020-04-03,El Dorado,17,186661,38,16,0,16,0
2020-04-03,Fresno,19,978130,293,98,3,101,1
2020-04-03,Glenn,21,27897,4,2,0,2,0
2020-04-03,Humboldt,23,135768,55,34,0,34,0
2020-04-03,Imperial,25,180216,111,35,0,35,0
2020-04-03,Inyo,27,18085,11,10,0,10,0
2020-04-03,Kern,29,883053,353,87,0,87,1
2020-04-03,Kings,31,150075,26,3,1,4,0
2020-04-03,Lake,33,64148,3,0,0,0,0
2020-04-03,Lassen,35,31185,1,0,1,1,0
2020-04-03,Los Angeles,37,10098052,9184,4566,16,4582,91
2020-04-03,Madera,39,155013,49,28,0,28,2
2020-04-03,Marin,41,260295,155,106,0,106,6
2020-04-03,Mariposa,43,17540,0,0,0,0,0
2020-04-03,Mendocino,45,87422,4,4,0,4,0
2020-04-03,Merced,47,269075,46,9,0,9,0
2020-04-03,Modoc,49,8938,0,0,0,0,0
2020-04-03,Mono,51,14174,28,18,0,18,1
2020-04-03,Monterey,53,433212,80,58,0,58,2
2020-04-03,Napa,55,140530,38,13,0,13,1
2020-04-03,Nevada,57,99092,36,19,1,20,1
2020-04-03,Orange,59,3164182,1510,713,1,714,13
2020-04-03,Placer,61,380077,129,76,0,76,2
2020-04-03,Plumas,63,18699,3,2,0,2,0
2020-04-03,Riverside,65,2383286,1619,540,5,545,14
2020-04-03,Sacramento,67,1510023,710,363,0,363,11
2020-04-03,San Benito,69,59416,34,22,0,22,1
2020-04-03,San Bernardino,71,2135413,933,356,0,356,11
2020-04-03,San Diego,73,3302833,1800,1114,0,1114,17
2020-04-03,San Francisco,75,870044,835,506,0,506,6
2020-04-03,San Joaquin,77,732212,280,162,3,165,10
2020-04-03,San Luis Obispo,79,281455,127,82,0,82,0
2020-04-03,San Mateo,81,765935,798,474,2,476,13
2020-04-03,Santa Barbara,83,443738,314,154,0,154,1
2020-04-03,Santa Clara,85,1922200,1536,983,1,984,39
2020-04-03,Santa Cruz,87,273765,95,52,0,52,1
2020-04-03,Shasta,89,179085,26,10,0,10,1
2020-04-03,Sierra,91,2930,0,0,0,0,0
2020-04-03,Siskiyou,93,43540,4,3,0,3,0
2020-04-03,Solano,95,438530,147,72,0,72,1
2020-04-03,Sonoma,97,501317,162,84,0,84,1
2020-04-03,Stanislaus,99,539301,139,48,3,51,0
2020-04-03,Sutter,101,95872,22,12,0,12,1
2020-04-03,Tehama,103,63373,1,1,0,1,0
2020-04-03,Trinity,105,12862,0,0,0,0,0
2020-04-03,Tulare,107,460477,205,73,1,74,3
2020-04-03,Tuolumne,109,53932,3,1,0,1,0
2020-04-03,Ventura,111,848112,353,186,0,186,6
2020-04-03,Yolo,113,214977,72,33,0,33,1
2020-04-03,Yuba,115,75493,13,6,0,6,0
2020-04-02,Alameda,1,1643700,799,345,0,345,10
2020-04-02,Alpine,3,1148,1,1,0,1,0
2020-04-02,Amador,5,37829,5,2,0,2,0
2020-04-02,Butte,7,227075,15,7,0,7,0
2020-04-02,Calaveras,9,45235,7,3,0,3,0
2020-04-02,Colusa,11,21464,3,1,0,1,0
2020-04-02,Contra Costa,13,1133247,560,297,0,297,3
2020-04-02,Del Norte,15,27424,2,0,0,0,0
2020-04-02,El Dorado,17,186661,36,16,0,16,0
2020-04-02,Fresno,19,978130,279,92,3,95,0
2020-04-02,Glenn,21,27897,3,2,0,2,0
2020-04-02,Humboldt,23,135768,51,23,0,23,0
2020-04-02,Imperial,25,180216,107,24,0,24,0
2020-04-02,Inyo,27,18085,10,8,0,8,0
2020-04-02,Kern,29,883053,327,74,0,74,0
2020-04-02,Kings,31,150075,26,3,1,4,0
2020-04-02,Lake,33,64148,3,0,0,0,0
2020-04-02,Lassen,35,31185,1,0,1,1,0
2020-04-02,Los Angeles,37,10098052,8352,4040,16,4056,79
2020-04-02,Madera,39,155013,47,25,0,25,1
2020-04-02,Marin,41,260295,149,102,0,102,1
2020-04-02,Mariposa,43,17540,0,0,0,0,0
2020-04-02,Mendocino,45,87422,4,4,0,4,0
2020-04-02,Merced,47,269075,41,9,0,9,0
2020-04-02,Modoc,49,8938,0,0,0,0,0
2020-04-02,Mono,51,14174,28,16,0,16,1
2020-04-02,Monterey,53,433212,79,50,0,50,2
2020-04-02,Napa,55,140530,38,13,0,13,0
2020-04-02,Nevada,57,99092,35,17,1,18,0
2020-04-02,Orange,59,3164182,1458,640,1,641,12
2020-04-02,Placer,61,380077,128,72,0,72,2
2020-04-02,Plumas,63,18699,3,1,0,1,0
2020-04-02,Riverside,65,2383286,1503,438,5,443,13
2020-04-02,Sacramento,67,1510023,692,322,0,322,9
2020-04-02,San Benito,69,59416,32,18,0,18,1
2020-04-02,San Bernardino,71,2135413,878,335,0,335,8
2020-04-02,San Diego,73,3302833,1733,968,0,968,16
2020-04-02,San Francisco,75,870044,808,473,0,473,6
2020-04-02,San Joaquin,77,732212,262,148,3,151,9
2020-04-02,San Luis Obispo,79,281455,122,79,0,79,0
2020-04-02,San Mateo,81,765935,777,423,2,425,13
2020-04-02,Santa Barbara,83,443738,301,125,0,125,1
2020-04-02,Santa Clara,85,1922200,1486,908,1,909,38
2020-04-02,Santa Cruz,87,273765,93,49,0,49,1
2020-04-02,Shasta,89,179085,25,7,0,7,1
2020-04-02,Sierra,91,2930,0,0,0,0,0
2020-04-02,Siskiyou,93,43540,4,3,0,3,0
2020-04-02,Solano,95,438530,137,65,0,65,0
2020-04-02,Sonoma,97,501317,158,76,0,76,1
2020-04-02,Stanislaus,99,539301,128,40,3,43,0
2020-04-02,Sutter,101,95872,21,10,0,10,1
2020-04-02,Tehama,103,63373,1,1,0,1,0
2020-04-02,Trinity,105,12862,0,0,0,0,0
2020-04-02,Tulare,107,460477,178,64,1,65,1
2020-04-02,Tuolumne,109,53932,3,1,0,1,0
2020-04-02,Ventura,111,848112,335,178,0,178,5
2020-04-02,Yolo,113,214977,70,29,0,29,1
2020-04-02,Yuba,115,75493,10,5,0,5,0
2020-04-01,Alameda,1,1643700,773,287,0,287,8
2020-04-01,Alpine,3,1148,1,1,0,1,0
2020-04-01,Amador,5,37829,5,1,0,1,0
2020-04-01,Butte,7,227075,15,6,0,6,0
2020-04-01,Calaveras,9,45235,6,3,0,3,0
2020-04-01,Colusa,11,21464,3,1,0,1,0
2020-04-01,Contra Costa,13,1133247,516,267,0,267,3
2020-04-01,Del Norte,15,27424,2,0,0,0,0
2020-04-01,El Dorado,17,186661,35,14,0,14,0
2020-04-01,Fresno,19,978130,260,75,2,77,0
2020-04-01,Glenn,21,27897,3,2,0,2,0
2020-04-01,Humboldt,23,135768,51,19,0,19,0
2020-04-01,Imperial,25,180216,100,25,0,25,0
2020-04-01,Inyo,27,18085,10,8,0,8,0
2020-04-01,Kern,29,883053,301,53,0,53,0
2020-04-01,Kings,31,150075,24,3,1,4,0
2020-04-01,Lake,33,64148,3,0,0,0,0
2020-04-01,Lassen,35,31185,1,0,1,1,0
2020-04-01,Los Angeles,37,10098052,7699,3502,16,3518,66
2020-04-01,Madera,39,155013,45,17,0,17,1
2020-04-01,Marin,41,260295,145,87,0,87,1
2020-04-01,Mariposa,43,17540,0,0,0,0,0
2020-04-01,Mendocino,45,87422,4,4,0,4,0
2020-04-01,Merced,47,269075,38,7,0,7,0
2020-04-01,Modoc,49,8938,0,0,0,0,0
2020-04-01,Mono,51,14174,28,12,0,12,1
2020-04-01,Monterey,53,433212,78,47,0,47,2
2020-04-01,Napa,55,140530,36,11,0,11,0
2020-04-01,Nevada,57,99092,35,15,1,16,0
2020-04-01,Orange,59,3164182,1405,579,1,580,11
2020-04-01,Placer,61,380077,127,52,0,52,2
2020-04-01,Plumas,63,18699,3,1,0,1,0
2020-04-01,Riverside,65,2383286,1335,306,5,311,11
2020-04-01,Sacramento,67,1510023,660,299,0,299,8
2020-04-01,San Benito,69,59416,29,14,0,14,1
2020-04-01,San Bernardino,71,2135413,828,245,0,245,5
2020-04-01,San Diego,73,3302833,1663,851,0,851,11
2020-04-01,San Francisco,75,870044,780,432,0,432,6
2020-04-01,San Joaquin,77,732212,251,132,3,135,8
2020-04-01,San Luis Obispo,79,281455,118,69,0,69,0
2020-04-01,San Mateo,81,765935,759,354,2,356,13
2020-04-01,Santa Barbara,83,443738,283,103,0,103,0
2020-04-01,Santa Clara,85,1922200,1446,805,1,806,33
2020-04-01,Santa Cruz,87,273765,88,44,0,44,1
2020-04-01,Shasta,89,179085,24,5,0,5,1
2020-04-01,Sierra,91,2930,0,0,0,0,0
2020-04-01,Siskiyou,93,43540,4,3,0,3,0
2020-04-01,Solano,95,438530,132,57,0,57,0
2020-04-01,Sonoma,97,501317,154,60,0,60,1
2020-04-01,Stanislaus,99,539301,117,29,3,32,0
2020-04-01,Sutter,101,95872,21,9,0,9,1
2020-04-01,Tehama,103,63373,1,0,0,0,0
2020-04-01,Trinity,105,12862,0,0,0,0,0
2020-04-01,Tulare,107,460477,143,43,1,44,1
2020-04-01,Tuolumne,109,53932,3,1,0,1,0
2020-04-01,Ventura,111,848112,322,154,0,154,5
2020-04-01,Yolo,113,214977,65,22,0,22,1
2020-04-01,Yuba,115,75493,9,5,0,5,0
2020-03-31,Alameda,1,1643700,705,269,0,269,7
2020-03-31,Alpine,3,1148,1,1,0,1,0
2020-03-31,Amador,5,37829,5,1,0,1,0
2020-03-31,Butte,7,227075,15,6,0,6,0
2020-03-31,Calaveras,9,45235,6,3,0,3,0
2020-03-31,Colusa,11,21464,3,1,0,1,0
2020-03-31,Contra Costa,13,1133247,491,246,0,246,3
2020-03-31,Del Norte,15,27424,1,0,0,0,0
2020-03-31,El Dorado,17,186661,31,14,0,14,0
2020-03-31,Fresno,19,978130,238,59,2,61,0
2020-03-31,Glenn,21,27897,3,2,0,2,0
2020-03-31,Humboldt,23,135768,51,18,0,18,0
2020-03-31,Imperial,25,180216,95,17,0,17,0
2020-03-31,Inyo,27,18085,10,8,0,8,0
2020-03-31,Kern,29,883053,278,47,0,47,0
2020-03-31,Kings,31,150075,22,2,1,3,0
2020-03-31,Lake,33,64148,1,0,0,0,0
2020-03-31,Lassen,35,31185,1,0,1,1,0
2020-03-31,Los Angeles,37,10098052,7035,3001,16,3017,53
2020-03-31,Madera,39,155013,44,17,0,17,1
2020-03-31,Marin,41,260295,136,85,0,85,1
2020-03-31,Mariposa,43,17540,0,0,0,0,0
2020-03-31,Mendocino,45,87422,4,4,0,4,0
2020-03-31,Merced,47,269075,33,6,0,6,0
2020-03-31,Modoc,49,8938,0,0,0,0,0
2020-03-31,Mono,51,14174,26,12,0,12,0
2020-03-31,Monterey,53,433212,76,43,0,43,2
2020-03-31,Napa,55,140530,35,9,0,9,0
2020-03-31,Nevada,57,99092,35,15,1,16,0
2020-03-31,Orange,59,3164182,1337,506,1,507,7
2020-03-31,Placer,61,380077,120,49,0,49,2
2020-03-31,Plumas,63,18699,1,0,0,0,0
2020-03-31,Riverside,65,2383286,1188,284,5,289,8
2020-03-31,Sacramento,67,1510023,608,271,0,271,8
2020-03-31,San Benito,69,59416,29,14,0,14,1
2020-03-31,San Bernardino,71,2135413,744,193,0,193,5
2020-03-31,San Diego,73,3302833,1581,736,0,736,9
2020-03-31,San Francisco,75,870044,745,404,0,404,5
2020-03-31,San Joaquin,77,732212,235,122,3,125,7
2020-03-31,San Luis Obispo,79,281455,115,67,0,67,0
2020-03-31,San Mateo,81,765935,740,297,2,299,12
2020-03-31,Santa Barbara,83,443738,266,89,0,89,0
2020-03-31,Santa Clara,85,1922200,1397,777,1,778,30
2020-03-31,Santa Cruz,87,273765,82,40,0,40,1
2020-03-31,Shasta,89,179085,21,5,0,5,1
2020-03-31,Sierra,91,2930,0,0,0,0,0
2020-03-31,Siskiyou,93,43540,4,3,0,3,0
2020-03-31,Solano,95,438530,118,56,0,56,0
2020-03-31,Sonoma,97,501317,149,58,0,58,1
2020-03-31,Stanislaus,99,539301,102,28,3,31,0
2020-03-31,Sutter,101,95872,21,8,0,8,0
2020-03-31,Tehama,103,63373,1,0,0,0,0
2020-03-31,Trinity,105,12862,0,0,0,0,0
2020-03-31,Tulare,107,460477,122,42,1,43,1
2020-03-31,Tuolumne,109,53932,3,1,0,1,0
2020-03-31,Ventura,111,848112,311,143,0,143,4
2020-03-31,Yolo,113,214977,58,21,0,21,1
2020-03-31,Yuba,115,75493,9,5,0,5,0
2020-03-30,Alameda,1,1643700,665,250,0,250,7
2020-03-30,Alpine,3,1148,1,1,0,1,0
2020-03-30,Amador,5,37829,5,1,0,1,0
2020-03-30,Butte,7,227075,13,5,0,5,0
2020-03-30,Calaveras,9,45235,6,3,0,3,0
2020-03-30,Colusa,11,21464,3,1,0,1,0
2020-03-30,Contra Costa,13,1133247,465,212,0,212,3
2020-03-30,Del Norte,15,27424,0,0,0,0,0
2020-03-30,El Dorado,17,186661,31,11,0,11,0
2020-03-30,Fresno,19,978130,214,46,2,48,0
2020-03-30,Glenn,21,27897,3,2,0,2,0
2020-03-30,Humboldt,23,135768,49,11,0,11,0
2020-03-30,Imperial,25,180216,91,9,0,9,0
2020-03-30,Inyo,27,18085,10,5,0,5,0
2020-03-30,Kern,29,883053,245,30,0,30,0
2020-03-30,Kings,31,150075,22,1,1,2,0
2020-03-30,Lake,33,64148,1,0,0,0,0
2020-03-30,Lassen,35,31185,1,0,0,0,0
2020-03-30,Los Angeles,37,10098052,6383,2467,16,2483,44
2020-03-30,Madera,39,155013,43,14,0,14,1
2020-03-30,Marin,41,260295,129,78,0,78,0
2020-03-30,Mariposa,43,17540,0,0,0,0,0
2020-03-30,Mendocino,45,87422,4,2,0,2,0
2020-03-30,Merced,47,269075,29,6,0,6,0
2020-03-30,Modoc,49,8938,0,0,0,0,0
2020-03-30,Mono,51,14174,26,11,0,11,0
2020-03-30,Monterey,53,433212,71,41,0,41,1
2020-03-30,Napa,55,140530,34,9,0,9,0
2020-03-30,Nevada,57,99092,34,14,1,15,0
2020-03-30,Orange,59,3164182,1273,418,1,419,5
2020-03-30,Placer,61,380077,117,44,0,44,2
2020-03-30,Plumas,63,18699,1,0,0,0,0
2020-03-30,Riverside,65,2383286,1107,204,5,209,7
2020-03-30,Sacramento,67,1510023,584,238,0,238,8
2020-03-30,San Benito,69,59416,29,11,0,11,1
2020-03-30,San Bernardino,71,2135413,700,145,0,145,4
2020-03-30,San Diego,73,3302833,1511,605,0,605,7
2020-03-30,San Francisco,75,870044,705,368,0,368,5
2020-03-30,San Joaquin,77,732212,228,112,3,115,5
2020-03-30,San Luis Obispo,79,281455,113,62,0,62,0
2020-03-30,San Mateo,81,765935,716,257,2,259,11
2020-03-30,Santa Barbara,83,443738,256,79,0,79,0
2020-03-30,Santa Clara,85,1922200,1366,745,1,746,31
2020-03-30,Santa Cruz,87,273765,79,36,0,36,1
2020-03-30,Shasta,89,179085,20,4,0,4,1
2020-03-30,Sierra,91,2930,0,0,0,0,0
2020-03-30,Siskiyou,93,43540,4,2,0,2,0
2020-03-30,Solano,95,438530,112,50,0,50,0
2020-03-30,Sonoma,97,501317,146,57,0,57,1
2020-03-30,Stanislaus,99,539301,95,28,3,31,0
2020-03-30,Sutter,101,95872,20,6,0,6,0
2020-03-30,Tehama,103,63373,1,0,0,0,0
2020-03-30,Trinity,105,12862,0,0,0,0,0
2020-03-30,Tulare,107,460477,113,40,1,41,1
2020-03-30,Tuolumne,109,53932,3,1,0,1,0
2020-03-30,Ventura,111,848112,300,118,0,118,2
2020-03-30,Yolo,113,214977,56,17,0,17,1
2020-03-30,Yuba,115,75493,8,5,0,5,0
2020-03-29,Alameda,1,1643700,631,207,0,207,6
2020-03-29,Alpine,3,1148,1,0,0,0,0
2020-03-29,Amador,5,37829,5,1,0,1,0
2020-03-29,Butte,7,227075,13,4,0,4,0
2020-03-29,Calaveras,9,45235,6,2,0,2,0
2020-03-29,Colusa,11,21464,3,1,0,1,0
2020-03-29,Contra Costa,13,1133247,435,187,0,187,3
2020-03-29,Del Norte,15,27424,0,0,0,0,0
2020-03-29,El Dorado,17,186661,30,9,0,9,0
2020-03-29,Fresno,19,978130,191,31,2,33,0
2020-03-29,Glenn,21,27897,2,1,0,1,0
2020-03-29,Humboldt,23,135768,46,9,0,9,0
2020-03-29,Imperial,25,180216,85,9,0,9,0
2020-03-29,Inyo,27,18085,9,0,0,0,0
2020-03-29,Kern,29,883053,227,20,0,20,0
2020-03-29,Kings,31,150075,19,1,1,2,0
2020-03-29,Lake,33,64148,0,0,0,0,0
2020-03-29,Lassen,35,31185,1,0,0,0,0
2020-03-29,Los Angeles,37,10098052,5739,2119,16,2135,37
2020-03-29,Madera,39,155013,38,11,0,11,1
2020-03-29,Marin,41,260295,124,60,0,60,0
2020-03-29,Mariposa,43,17540,0,0,0,0,0
2020-03-29,Mendocino,45,87422,4,2,0,2,0
2020-03-29,Merced,47,269075,28,4,0,4,0
2020-03-29,Modoc,49,8938,0,0,0,0,0
2020-03-29,Mono,51,14174,26,8,0,8,0
2020-03-29,Monterey,53,433212,66,36,0,36,1
2020-03-29,Napa,55,140530,32,5,0,5,0
2020-03-29,Nevada,57,99092,32,13,1,14,0
2020-03-29,Orange,59,3164182,1200,343,1,344,2
2020-03-29,Placer,61,380077,116,35,0,35,2
2020-03-29,Plumas,63,18699,1,0,0,0,0
2020-03-29,Riverside,65,2383286,983,122,5,127,7
2020-03-29,Sacramento,67,1510023,544,217,0,217,7
2020-03-29,San Benito,69,59416,28,10,0,10,1
2020-03-29,San Bernardino,71,2135413,648,94,0,94,2
2020-03-29,San Diego,73,3302833,1439,521,0,521,7
2020-03-29,San Francisco,75,870044,661,333,0,333,5
2020-03-29,San Joaquin,77,732212,219,86,3,89,4
2020-03-29,San Luis Obispo,79,281455,108,55,0,55,0
2020-03-29,San Mateo,81,765935,691,234,2,236,12
2020-03-29,Santa Barbara,83,443738,245,52,0,52,0
2020-03-29,Santa Clara,85,1922200,1311,591,1,592,30
2020-03-29,Santa Cruz,87,273765,79,33,0,33,1
2020-03-29,Shasta,89,179085,19,4,0,4,1
2020-03-29,Sierra,91,2930,0,0,0,0,0
2020-03-29,Siskiyou,93,43540,4,2,0,2,0
2020-03-29,Solano,95,438530,103,48,0,48,0
2020-03-29,Sonoma,97,501317,144,35,0,35,1
2020-03-29,Stanislaus,99,539301,90,19,3,22,0
2020-03-29,Sutter,101,95872,17,6,0,6,0
2020-03-29,Tehama,103,63373,1,0,0,0,0
2020-03-29,Trinity,105,12862,0,0,0,0,0
2020-03-29,Tulare,107,460477,94,24,1,25,1
2020-03-29,Tuolumne,109,53932,2,1,0,1,0
2020-03-29,Ventura,111,848112,273,92,0,92,2
2020-03-29,Yolo,113,214977,51,13,0,13,1
2020-03-29,Yuba,115,75493,8,3,0,3,0
2020-03-28,Alameda,1,1643700,604,410,0,410,12
2020-03-28,Alpine,3,1148,1,0,0,0,0
2020-03-28,Amador,5,37829,5,2,0,2,0
2020-03-28,Butte,7,227075,13,8,0,8,0
2020-03-28,Calaveras,9,45235,6,4,0,4,0
2020-03-28,Colusa,11,21464,3,2,0,2,0
2020-03-28,Contra Costa,13,1133247,412,350,0,350,4
2020-03-28,Del Norte,15,27424,0,0,0,0,0
2020-03-28,El Dorado,17,186661,29,18,0,18,0
2020-03-28,Fresno,19,978130,181,62,2,64,0
2020-03-28,Glenn,21,27897,2,2,0,2,0
2020-03-28,Humboldt,23,135768,46,18,0,18,0
2020-03-28,Imperial,25,180216,80,18,0,18,0
2020-03-28,Inyo,27,18085,9,0,0,0,0
2020-03-28,Kern,29,883053,210,40,0,40,0
2020-03-28,Kings,31,150075,18,2,1,3,0
2020-03-28,Lake,33,64148,0,0,0,0,0
2020-03-28,Lassen,35,31185,1,0,0,0,0
2020-03-28,Los Angeles,37,10098052,5354,3600,15,3615,64
2020-03-28,Madera,39,155013,38,22,0,22,2
2020-03-28,Marin,41,260295,119,116,0,116,0
2020-03-28,Mariposa,43,17540,0,0,0,0,0
2020-03-28,Mendocino,45,87422,4,4,0,4,0
2020-03-28,Merced,47,269075,27,8,0,8,0
2020-03-28,Modoc,49,8938,0,0,0,0,0
2020-03-28,Mono,51,14174,24,12,0,12,0
2020-03-28,Monterey,53,433212,65,64,0,64,2
2020-03-28,Napa,55,140530,27,10,0,10,0
2020-03-28,Nevada,57,99092,32,22,1,23,0
2020-03-28,Orange,59,3164182,1164,656,1,657,4
2020-03-28,Placer,61,380077,111,70,0,70,2
2020-03-28,Plumas,63,18699,1,0,0,0,0
2020-03-28,Riverside,65,2383286,915,242,5,247,14
2020-03-28,Sacramento,67,1510023,526,406,0,406,14
2020-03-28,San Benito,69,59416,28,20,0,20,2
2020-03-28,San Bernardino,71,2135413,600,162,0,162,4
2020-03-28,San Diego,73,3302833,1380,980,0,980,14
2020-03-28,San Francisco,75,870044,637,600,0,600,6
2020-03-28,San Joaquin,77,732212,212,166,3,169,8
2020-03-28,San Luis Obispo,79,281455,106,104,0,104,0
2020-03-28,San Mateo,81,765935,671,462,2,464,17
2020-03-28,Santa Barbara,83,443738,234,98,0,98,0
2020-03-28,Santa Clara,85,1922200,1292,1174,1,1175,54
2020-03-28,Santa Cruz,87,273765,78,62,0,62,0
2020-03-28,Shasta,89,179085,19,8,0,8,2
2020-03-28,Sierra,91,2930,0,0,0,0,0
2020-03-28,Siskiyou,93,43540,4,4,0,4,0
2020-03-28,Solano,95,438530,99,96,0,96,0
2020-03-28,Sonoma,97,501317,142,70,0,70,2
2020-03-28,Stanislaus,99,539301,85,34,3,37,0
2020-03-28,Sutter,101,95872,17,6,0,6,0
2020-03-28,Tehama,103,63373,1,0,0,0,0
2020-03-28,Trinity,105,12862,0,0,0,0,0
2020-03-28,Tulare,107,460477,88,46,1,47,0
2020-03-28,Tuolumne,109,53932,2,2,0,2,0
2020-03-28,Ventura,111,848112,269,178,0,178,4
2020-03-28,Yolo,113,214977,50,26,0,26,2
2020-03-28,Yuba,115,75493,8,6,0,6,0
2020-03-27,Alameda,1,1643700,585,185,0,185,4
2020-03-27,Alpine,3,1148,1,0,0,0,0
2020-03-27,Amador,5,37829,4,1,0,1,0
2020-03-27,Butte,7,227075,11,4,0,4,0
2020-03-27,Calaveras,9,45235,6,2,0,2,0
2020-03-27,Colusa,11,21464,3,0,0,0,0
2020-03-27,Contra Costa,13,1133247,391,161,0,161,2
2020-03-27,Del Norte,15,27424,0,0,0,0,0
2020-03-27,El Dorado,17,186661,27,9,0,9,0
2020-03-27,Fresno,19,978130,170,29,1,30,0
2020-03-27,Glenn,21,27897,2,0,0,0,0
2020-03-27,Humboldt,23,135768,42,9,0,9,0
2020-03-27,Imperial,25,180216,75,9,0,9,0
2020-03-27,Inyo,27,18085,9,0,0,0,0
2020-03-27,Kern,29,883053,197,20,0,20,0
2020-03-27,Kings,31,150075,17,0,1,1,0
2020-03-27,Lake,33,64148,0,0,0,0,0
2020-03-27,Lassen,35,31185,1,0,0,0,0
2020-03-27,Los Angeles,37,10098052,4941,1474,15,1489,26
2020-03-27,Madera,39,155013,36,10,0,10,1
2020-03-27,Marin,41,260295,114,58,0,58,0
2020-03-27,Mariposa,43,17540,0,0,0,0,0
2020-03-27,Mendocino,45,87422,4,2,0,2,0
2020-03-27,Merced,47,269075,26,3,0,3,0
2020-03-27,Modoc,49,8938,0,0,0,0,0
2020-03-27,Mono,51,14174,24,6,0,6,0
2020-03-27,Monterey,53,433212,62,26,0,26,1
2020-03-27,Napa,55,140530,27,5,0,5,0
2020-03-27,Nevada,57,99092,32,6,1,7,0
2020-03-27,Orange,59,3164182,1112,299,1,300,2
2020-03-27,Placer,61,380077,108,33,0,33,1
2020-03-27,Plumas,63,18699,0,0,0,0,0
2020-03-27,Riverside,65,2383286,859,121,5,126,7
2020-03-27,Sacramento,67,1510023,503,163,0,163,6
2020-03-27,San Benito,69,59416,27,9,0,9,1
2020-03-27,San Bernardino,71,2135413,510,77,0,77,2
2020-03-27,San Diego,73,3302833,1323,419,0,419,5
2020-03-27,San Francisco,75,870044,612,285,0,285,2
2020-03-27,San Joaquin,77,732212,201,73,3,76,3
2020-03-27,San Luis Obispo,79,281455,104,46,0,46,0
2020-03-27,San Mateo,81,765935,645,213,2,215,7
2020-03-27,Santa Barbara,83,443738,218,37,0,37,0
2020-03-27,Santa Clara,85,1922200,1255,557,1,558,25
2020-03-27,Santa Cruz,87,273765,78,31,0,31,0
2020-03-27,Shasta,89,179085,16,3,0,3,1
2020-03-27,Sierra,91,2930,0,0,0,0,0
2020-03-27,Siskiyou,93,43540,4,2,0,2,0
2020-03-27,Solano,95,438530,93,48,0,48,0
2020-03-27,Sonoma,97,501317,134,35,0,35,1
2020-03-27,Stanislaus,99,539301,83,16,3,19,0
2020-03-27,Sutter,101,95872,16,2,0,2,0
2020-03-27,Tehama,103,63373,1,0,0,0,0
2020-03-27,Trinity,105,12862,0,0,0,0,0
2020-03-27,Tulare,107,460477,80,15,1,16,0
2020-03-27,Tuolumne,109,53932,2,1,0,1,0
2020-03-27,Ventura,111,848112,260,80,0,80,2
2020-03-27,Yolo,113,214977,49,13,0,13,1
2020-03-27,Yuba,115,75493,7,3,0,3,0
2020-03-26,Alameda,1,1643700,545,172,0,172,4
2020-03-26,Alpine,3,1148,1,0,0,0,0
2020-03-26,Amador,5,37829,4,1,0,1,0
2020-03-26,Butte,7,227075,11,4,0,4,0
2020-03-26,Calaveras,9,45235,6,2,0,2,0
2020-03-26,Colusa,11,21464,3,0,0,0,0
2020-03-26,Contra Costa,13,1133247,381,147,0,147,2
2020-03-26,Del Norte,15,27424,0,0,0,0,0
2020-03-26,El Dorado,17,186661,26,7,0,7,0
2020-03-26,Fresno,19,978130,161,25,1,26,0
2020-03-26,Glenn,21,27897,2,0,0,0,0
2020-03-26,Humboldt,23,135768,38,8,0,8,0
2020-03-26,Imperial,25,180216,71,8,0,8,0
2020-03-26,Inyo,27,18085,8,0,0,0,0
2020-03-26,Kern,29,883053,181,20,0,20,0
2020-03-26,Kings,31,150075,17,0,1,1,0
2020-03-26,Lake,33,64148,0,0,0,0,0
2020-03-26,Lassen,35,31185,1,0,0,0,0
2020-03-26,Los Angeles,37,10098052,4540,1075,15,1090,19
2020-03-26,Madera,39,155013,34,8,0,8,0
2020-03-26,Marin,41,260295,105,56,0,56,0
2020-03-26,Mariposa,43,17540,0,0,0,0,0
2020-03-26,Mendocino,45,87422,3,1,0,1,0
2020-03-26,Merced,47,269075,23,1,0,1,0
2020-03-26,Modoc,49,8938,0,0,0,0,0
2020-03-26,Mono,51,14174,23,5,0,5,0
2020-03-26,Monterey,53,433212,59,25,0,25,1
2020-03-26,Napa,55,140530,26,5,0,5,0
2020-03-26,Nevada,57,99092,32,7,1,8,0
2020-03-26,Orange,59,3164182,1050,279,1,280,1
2020-03-26,Placer,61,380077,104,34,0,34,1
2020-03-26,Plumas,63,18699,0,0,0,0,0
2020-03-26,Riverside,65,2383286,789,118,5,123,7
2020-03-26,Sacramento,67,1510023,470,147,0,147,5
2020-03-26,San Benito,69,59416,27,8,0,8,1
2020-03-26,San Bernardino,71,2135413,444,57,0,57,1
2020-03-26,San Diego,73,3302833,1256,299,0,299,2
2020-03-26,San Francisco,75,870044,585,261,0,261,1
2020-03-26,San Joaquin,77,732212,190,69,3,72,3
2020-03-26,San Luis Obispo,79,281455,99,38,0,38,0
2020-03-26,San Mateo,81,765935,612,122,2,124,5
2020-03-26,Santa Barbara,83,443738,202,33,0,33,0
2020-03-26,Santa Clara,85,1922200,1212,487,1,488,20
2020-03-26,Santa Cruz,87,273765,74,30,0,30,0
2020-03-26,Shasta,89,179085,16,3,0,3,1
2020-03-26,Sierra,91,2930,0,0,0,0,0
2020-03-26,Siskiyou,93,43540,4,2,0,2,0
2020-03-26,Solano,95,438530,85,41,0,41,0
2020-03-26,Sonoma,97,501317,129,33,0,33,1
2020-03-26,Stanislaus,99,539301,81,15,3,18,0
2020-03-26,Sutter,101,95872,12,2,0,2,0
2020-03-26,Tehama,103,63373,1,0,0,0,0
2020-03-26,Trinity,105,12862,0,0,0,0,0
2020-03-26,Tulare,107,460477,73,15,1,16,0
2020-03-26,Tuolumne,109,53932,2,0,0,0,0
2020-03-26,Ventura,111,848112,244,70,0,70,1
2020-03-26,Yolo,113,214977,45,13,0,13,1
2020-03-26,Yuba,115,75493,7,3,0,3,0
2020-03-25,Alameda,1,1643700,524,134,0,134,3
2020-03-25,Alpine,3,1148,1,0,0,0,0
2020-03-25,Amador,5,37829,4,1,0,1,0
2020-03-25,Butte,7,227075,11,4,0,4,0
2020-03-25,Calaveras,9,45235,6,2,0,2,0
2020-03-25,Colusa,11,21464,2,0,0,0,0
2020-03-25,Contra Costa,13,1133247,367,131,0,131,1
2020-03-25,Del Norte,15,27424,0,0,0,0,0
2020-03-25,El Dorado,17,186661,26,5,0,5,0
2020-03-25,Fresno,19,978130,146,21,1,22,0
2020-03-25,Glenn,21,27897,2,0,0,0,0
2020-03-25,Humboldt,23,135768,35,3,0,3,0
2020-03-25,Imperial,25,180216,63,8,0,8,0
2020-03-25,Inyo,27,18085,5,0,0,0,0
2020-03-25,Kern,29,883053,161,13,0,13,0
2020-03-25,Kings,31,150075,16,0,1,1,0
2020-03-25,Lake,33,64148,0,0,0,0,0
2020-03-25,Lassen,35,31185,1,0,0,0,0
2020-03-25,Los Angeles,37,10098052,4143,725,15,740,10
2020-03-25,Madera,39,155013,32,6,0,6,0
2020-03-25,Marin,41,260295,99,47,0,47,0
2020-03-25,Mariposa,43,17540,0,0,0,0,0
2020-03-25,Mendocino,45,87422,2,1,0,1,0
2020-03-25,Merced,47,269075,19,0,0,0,0
2020-03-25,Modoc,49,8938,0,0,0,0,0
2020-03-25,Mono,51,14174,22,4,0,4,0
2020-03-25,Monterey,53,433212,56,23,0,23,1
2020-03-25,Napa,55,140530,26,5,0,5,0
2020-03-25,Nevada,57,99092,31,5,1,6,0
2020-03-25,Orange,59,3164182,992,214,1,215,1
2020-03-25,Placer,61,380077,98,30,0,30,1
2020-03-25,Plumas,63,18699,0,1,0,1,0
2020-03-25,Riverside,65,2383286,718,87,5,92,5
2020-03-25,Sacramento,67,1510023,444,114,0,114,5
2020-03-25,San Benito,69,59416,26,4,0,4,1
2020-03-25,San Bernardino,71,2135413,405,46,0,46,1
2020-03-25,San Diego,73,3302833,1194,238,0,238,2
2020-03-25,San Francisco,75,870044,544,212,0,212,1
2020-03-25,San Joaquin,77,732212,177,64,3,67,2
2020-03-25,San Luis Obispo,79,281455,96,35,0,35,0
2020-03-25,San Mateo,81,765935,577,111,2,113,5
2020-03-25,Santa Barbara,83,443738,191,25,0,25,0
2020-03-25,Santa Clara,85,1922200,1168,452,1,453,20
2020-03-25,Santa Cruz,87,273765,71,26,0,26,0
2020-03-25,Shasta,89,179085,15,3,0,3,1
2020-03-25,Sierra,91,2930,0,0,0,0,0
2020-03-25,Siskiyou,93,43540,4,2,0,2,0
2020-03-25,Solano,95,438530,80,39,0,39,0
2020-03-25,Sonoma,97,501317,124,31,0,31,1
2020-03-25,Stanislaus,99,539301,74,14,3,17,0
2020-03-25,Sutter,101,95872,9,1,0,1,0
2020-03-25,Tehama,103,63373,1,0,0,0,0
2020-03-25,Trinity,105,12862,0,0,0,0,0
2020-03-25,Tulare,107,460477,63,11,1,12,0
2020-03-25,Tuolumne,109,53932,2,0,0,0,0
2020-03-25,Ventura,111,848112,228,53,0,53,1
2020-03-25,Yolo,113,214977,43,9,0,9,1
2020-03-25,Yuba,115,75493,7,2,0,2,0
2020-03-24,Alameda,1,1643700,492,96,0,96,2
2020-03-24,Alpine,3,1148,1,0,0,0,0
2020-03-24,Amador,5,37829,2,1,0,1,0
2020-03-24,Butte,7,227075,10,3,0,3,0
2020-03-24,Calaveras,9,45235,5,2,0,2,0
2020-03-24,Colusa,11,21464,2,0,0,0,0
2020-03-24,Contra Costa,13,1133247,354,108,0,108,1
2020-03-24,Del Norte,15,27424,0,0,0,0,0
2020-03-24,El Dorado,17,186661,26,3,0,3,0
2020-03-24,Fresno,19,978130,127,18,1,19,0
2020-03-24,Glenn,21,27897,2,0,0,0,0
2020-03-24,Humboldt,23,135768,33,2,0,2,0
2020-03-24,Imperial,25,180216,60,3,0,3,0
2020-03-24,Inyo,27,18085,5,0,0,0,0
2020-03-24,Kern,29,883053,143,5,0,5,0
2020-03-24,Kings,31,150075,15,0,1,1,0
2020-03-24,Lake,33,64148,0,0,0,0,0
2020-03-24,Lassen,35,31185,1,0,0,0,0
2020-03-24,Los Angeles,37,10098052,3693,633,15,648,7
2020-03-24,Madera,39,155013,31,6,0,6,0
2020-03-24,Marin,41,260295,88,44,0,44,0
2020-03-24,Mariposa,43,17540,0,0,0,0,0
2020-03-24,Mendocino,45,87422,2,1,0,1,0
2020-03-24,Merced,47,269075,17,0,0,0,0
2020-03-24,Modoc,49,8938,0,0,0,0,0
2020-03-24,Mono,51,14174,21,1,0,1,0
2020-03-24,Monterey,53,433212,52,23,0,23,1
2020-03-24,Napa,55,140530,23,2,0,2,0
2020-03-24,Nevada,57,99092,30,4,1,5,0
2020-03-24,Orange,59,3164182,930,166,1,167,0
2020-03-24,Placer,61,380077,92,22,0,22,1
2020-03-24,Plumas,63,18699,0,1,0,1,0
2020-03-24,Riverside,65,2383286,651,56,5,61,5
2020-03-24,Sacramento,67,1510023,425,93,0,93,4
2020-03-24,San Benito,69,59416,25,4,0,4,1
2020-03-24,San Bernardino,71,2135413,361,27,0,27,0
2020-03-24,San Diego,73,3302833,1127,231,0,231,2
2020-03-24,San Francisco,75,870044,512,181,0,181,1
2020-03-24,San Joaquin,77,732212,166,52,3,55,2
2020-03-24,San Luis Obispo,79,281455,94,32,0,32,0
2020-03-24,San Mateo,81,765935,536,100,2,102,2
2020-03-24,Santa Barbara,83,443738,185,20,0,20,0
2020-03-24,Santa Clara,85,1922200,1099,389,1,390,17
2020-03-24,Santa Cruz,87,273765,66,22,0,22,0
2020-03-24,Shasta,89,179085,14,3,0,3,0
2020-03-24,Sierra,91,2930,0,0,0,0,0
2020-03-24,Siskiyou,93,43540,4,2,0,2,0
2020-03-24,Solano,95,438530,78,34,0,34,0
2020-03-24,Sonoma,97,501317,117,27,0,27,1
2020-03-24,Stanislaus,99,539301,65,13,3,16,0
2020-03-24,Sutter,101,95872,9,0,0,0,0
2020-03-24,Tehama,103,63373,1,0,0,0,0
2020-03-24,Trinity,105,12862,0,0,0,0,0
2020-03-24,Tulare,107,460477,55,10,1,11,0
2020-03-24,Tuolumne,109,53932,2,0,0,0,0
2020-03-24,Ventura,111,848112,212,44,0,44,1
2020-03-24,Yolo,113,214977,39,8,0,8,0
2020-03-24,Yuba,115,75493,7,2,0,2,0
2020-03-23,Alameda,1,1643700,460,88,0,88,1
2020-03-23,Alpine,3,1148,1,0,0,0,0
2020-03-23,Amador,5,37829,2,1,0,1,0
2020-03-23,Butte,7,227075,10,2,0,2,0
2020-03-23,Calaveras,9,45235,5,2,0,2,0
2020-03-23,Colusa,11,21464,1,0,0,0,0
2020-03-23,Contra Costa,13,1133247,334,91,0,91,2
2020-03-23,Del Norte,15,27424,0,0,0,0,0
2020-03-23,El Dorado,17,186661,25,3,0,3,0
2020-03-23,Fresno,19,978130,117,10,1,11,0
2020-03-23,Glenn,21,27897,2,0,0,0,0
2020-03-23,Humboldt,23,135768,31,2,0,2,0
2020-03-23,Imperial,25,180216,55,2,0,2,0
2020-03-23,Inyo,27,18085,3,0,0,0,0
2020-03-23,Kern,29,883053,129,5,0,5,0
2020-03-23,Kings,31,150075,15,0,1,1,0
2020-03-23,Lake,33,64148,0,0,0,0,0
2020-03-23,Lassen,35,31185,1,0,0,0,0
2020-03-23,Los Angeles,37,10098052,3389,389,15,404,4
2020-03-23,Madera,39,155013,31,4,0,4,0
2020-03-23,Marin,41,260295,83,30,0,30,0
2020-03-23,Mariposa,43,17540,0,0,0,0,0
2020-03-23,Mendocino,45,87422,2,1,0,1,0
2020-03-23,Merced,47,269075,11,0,0,0,0
2020-03-23,Modoc,49,8938,0,0,0,0,0
2020-03-23,Mono,51,14174,19,1,0,1,0
2020-03-23,Monterey,53,433212,47,14,0,14,1
2020-03-23,Napa,55,140530,21,1,0,1,0
2020-03-23,Nevada,57,99092,27,2,1,3,0
2020-03-23,Orange,59,3164182,876,138,1,139,0
2020-03-23,Placer,61,380077,89,19,0,19,1
2020-03-23,Plumas,63,18699,0,0,0,0,0
2020-03-23,Riverside,65,2383286,610,39,5,44,5
2020-03-23,Sacramento,67,1510023,392,87,0,87,4
2020-03-23,San Benito,69,59416,24,4,0,4,1
2020-03-23,San Bernardino,71,2135413,331,17,0,17,0
2020-03-23,San Diego,73,3302833,1068,178,0,178,1
2020-03-23,San Francisco,75,870044,483,152,0,152,0
2020-03-23,San Joaquin,77,732212,154,37,3,40,2
2020-03-23,San Luis Obispo,79,281455,88,23,0,23,0
2020-03-23,San Mateo,81,765935,498,88,2,90,1
2020-03-23,Santa Barbara,83,443738,164,18,0,18,0
2020-03-23,Santa Clara,85,1922200,1052,336,1,337,13
2020-03-23,Santa Cruz,87,273765,64,21,0,21,0
2020-03-23,Shasta,89,179085,12,2,0,2,0
2020-03-23,Sierra,91,2930,0,0,0,0,0
2020-03-23,Siskiyou,93,43540,4,2,0,2,0
2020-03-23,Solano,95,438530,74,33,0,33,0
2020-03-23,Sonoma,97,501317,105,19,0,19,1
2020-03-23,Stanislaus,99,539301,57,10,3,13,0
2020-03-23,Sutter,101,95872,9,0,0,0,0
2020-03-23,Tehama,103,63373,1,0,0,0,0
2020-03-23,Trinity,105,12862,0,0,0,0,0
2020-03-23,Tulare,107,460477,49,9,1,10,0
2020-03-23,Tuolumne,109,53932,2,0,0,0,0
2020-03-23,Ventura,111,848112,195,30,0,30,0
2020-03-23,Yolo,113,214977,38,8,0,8,0
2020-03-23,Yuba,115,75493,7,2,0,2,0
2020-03-22,Alameda,1,1643700,421,72,0,72,1
2020-03-22,Alpine,3,1148,1,0,0,0,0
2020-03-22,Amador,5,37829,2,1,0,1,0
2020-03-22,Butte,7,227075,7,1,0,1,0
2020-03-22,Calaveras,9,45235,4,2,0,2,0
2020-03-22,Colusa,11,21464,1,0,0,0,0
2020-03-22,Contra Costa,13,1133247,309,79,0,79,1
2020-03-22,Del Norte,15,27424,0,0,0,0,0
2020-03-22,El Dorado,17,186661,23,1,0,1,0
2020-03-22,Fresno,19,978130,99,8,1,9,0
2020-03-22,Glenn,21,27897,2,0,0,0,0
2020-03-22,Humboldt,23,135768,28,1,0,1,0
2020-03-22,Imperial,25,180216,53,2,0,2,0
2020-03-22,Inyo,27,18085,1,0,0,0,0
2020-03-22,Kern,29,883053,113,3,0,3,0
2020-03-22,Kings,31,150075,13,0,1,1,0
2020-03-22,Lake,33,64148,0,0,0,0,0
2020-03-22,Lassen,35,31185,1,0,0,0,0
2020-03-22,Los Angeles,37,10098052,3067,384,15,399,3
2020-03-22,Madera,39,155013,29,4,0,4,0
2020-03-22,Marin,41,260295,73,30,0,30,0
2020-03-22,Mariposa,43,17540,0,0,0,0,0
2020-03-22,Mendocino,45,87422,2,1,0,1,0
2020-03-22,Merced,47,269075,7,0,0,0,0
2020-03-22,Modoc,49,8938,0,0,0,0,0
2020-03-22,Mono,51,14174,14,1,0,1,0
2020-03-22,Monterey,53,433212,45,14,0,14,1
2020-03-22,Napa,55,140530,17,1,0,1,0
2020-03-22,Nevada,57,99092,23,2,1,3,0
2020-03-22,Orange,59,3164182,810,102,1,103,0
2020-03-22,Placer,61,380077,87,18,0,18,1
2020-03-22,Plumas,63,18699,0,0,0,0,0
2020-03-22,Riverside,65,2383286,533,26,3,29,5
2020-03-22,Sacramento,67,1510023,361,82,0,82,4
2020-03-22,San Benito,69,59416,19,4,0,4,1
2020-03-22,San Bernardino,71,2135413,288,16,0,16,0
2020-03-22,San Diego,73,3302833,980,161,0,161,0
2020-03-22,San Francisco,75,870044,446,134,0,134,0
2020-03-22,San Joaquin,77,732212,140,30,3,33,2
2020-03-22,San Luis Obispo,79,281455,83,19,0,19,0
2020-03-22,San Mateo,81,765935,465,82,2,84,1
2020-03-22,Santa Barbara,83,443738,148,16,0,16,0
2020-03-22,Santa Clara,85,1922200,990,284,1,285,13
2020-03-22,Santa Cruz,87,273765,63,19,0,19,0
2020-03-22,Shasta,89,179085,12,1,0,1,0
2020-03-22,Sierra,91,2930,0,0,0,0,0
2020-03-22,Siskiyou,93,43540,4,2,0,2,0
2020-03-22,Solano,95,438530,65,30,0,30,0
2020-03-22,Sonoma,97,501317,100,18,0,18,1
2020-03-22,Stanislaus,99,539301,51,8,3,11,0
2020-03-22,Sutter,101,95872,8,0,0,0,0
2020-03-22,Tehama,103,63373,0,0,0,0,0
2020-03-22,Trinity,105,12862,0,0,0,0,0
2020-03-22,Tulare,107,460477,46,5,1,6,0
2020-03-22,Tuolumne,109,53932,2,0,0,0,0
2020-03-22,Ventura,111,848112,174,26,0,26,0
2020-03-22,Yolo,113,214977,32,6,0,6,0
2020-03-22,Yuba,115,75493,7,2,0,2,0
2020-03-21,Alameda,1,1643700,399,62,0,62,0
2020-03-21,Alpine,3,1148,1,0,0,0,0
2020-03-21,Amador,5,37829,2,1,0,1,0
2020-03-21,Butte,7,227075,7,1,0,1,0
2020-03-21,Calaveras,9,45235,4,2,0,2,0
2020-03-21,Colusa,11,21464,1,0,0,0,0
2020-03-21,Contra Costa,13,1133247,298,62,0,62,1
2020-03-21,Del Norte,15,27424,0,0,0,0,0
2020-03-21,El Dorado,17,186661,20,1,0,1,0
2020-03-21,Fresno,19,978130,95,8,1,9,0
2020-03-21,Glenn,21,27897,2,0,0,0,0
2020-03-21,Humboldt,23,135768,25,1,0,1,0
2020-03-21,Imperial,25,180216,49,2,0,2,0
2020-03-21,Inyo,27,18085,1,0,0,0,0
2020-03-21,Kern,29,883053,107,3,0,3,0
2020-03-21,Kings,31,150075,13,0,1,1,0
2020-03-21,Lake,33,64148,0,0,0,0,0
2020-03-21,Lassen,35,31185,1,0,0,0,0
2020-03-21,Los Angeles,37,10098052,2795,322,15,337,2
2020-03-21,Madera,39,155013,29,4,0,4,0
2020-03-21,Marin,41,260295,68,30,0,30,0
2020-03-21,Mariposa,43,17540,0,0,0,0,0
2020-03-21,Mendocino,45,87422,2,1,0,1,0
2020-03-21,Merced,47,269075,6,0,0,0,0
2020-03-21,Modoc,49,8938,0,0,0,0,0
2020-03-21,Mono,51,14174,14,1,0,1,0
2020-03-21,Monterey,53,433212,43,8,0,8,1
2020-03-21,Napa,55,140530,17,0,0,0,0
2020-03-21,Nevada,57,99092,23,2,1,3,0
2020-03-21,Orange,59,3164182,761,85,1,86,0
2020-03-21,Placer,61,380077,77,11,0,11,1
2020-03-21,Plumas,63,18699,0,0,0,0,0
2020-03-21,Riverside,65,2383286,490,20,3,23,3
2020-03-21,Sacramento,67,1510023,333,66,0,66,3
2020-03-21,San Benito,69,59416,17,4,0,4,1
2020-03-21,San Bernardino,71,2135413,267,13,0,13,0
2020-03-21,San Diego,73,3302833,903,121,0,121,0
2020-03-21,San Francisco,75,870044,410,106,0,106,0
2020-03-21,San Joaquin,77,732212,131,26,3,29,2
2020-03-21,San Luis Obispo,79,281455,79,16,0,16,0
2020-03-21,San Mateo,81,765935,427,78,2,80,1
2020-03-21,Santa Barbara,83,443738,133,8,0,8,0
2020-03-21,Santa Clara,85,1922200,930,269,1,270,10
2020-03-21,Santa Cruz,87,273765,61,17,0,17,0
2020-03-21,Shasta,89,179085,11,1,0,1,0
2020-03-21,Sierra,91,2930,0,0,0,0,0
2020-03-21,Siskiyou,93,43540,4,0,0,0,0
2020-03-21,Solano,95,438530,63,30,0,30,0
2020-03-21,Sonoma,97,501317,99,15,0,15,1
2020-03-21,Stanislaus,99,539301,45,7,3,10,0
2020-03-21,Sutter,101,95872,7,0,0,0,0
2020-03-21,Tehama,103,63373,0,0,0,0,0
2020-03-21,Trinity,105,12862,0,0,0,0,0
2020-03-21,Tulare,107,460477,42,5,1,6,0
2020-03-21,Tuolumne,109,53932,2,0,0,0,0
2020-03-21,Ventura,111,848112,166,22,0,22,0
2020-03-21,Yolo,113,214977,32,6,0,6,0
2020-03-21,Yuba,115,75493,7,1,0,1,0
2020-03-20,Alameda,1,1643700,378,42,0,42,0
2020-03-20,Alpine,3,1148,1,0,0,0,0
2020-03-20,Amador,5,37829,1,0,0,0,0
2020-03-20,Butte,7,227075,7,0,0,0,0
2020-03-20,Calaveras,9,45235,4,2,0,2,0
2020-03-20,Colusa,11,21464,1,0,0,0,0
2020-03-20,Contra Costa,13,1133247,269,52,0,52,1
2020-03-20,Del Norte,15,27424,0,0,0,0,0
2020-03-20,El Dorado,17,186661,19,1,0,1,0
2020-03-20,Fresno,19,978130,92,7,1,8,0
2020-03-20,Glenn,21,27897,1,0,0,0,0
2020-03-20,Humboldt,23,135768,25,1,0,1,0
2020-03-20,Imperial,25,180216,48,2,0,2,0
2020-03-20,Inyo,27,18085,0,0,0,0,0
2020-03-20,Kern,29,883053,92,3,0,3,0
2020-03-20,Kings,31,150075,13,0,1,1,0
2020-03-20,Lake,33,64148,0,0,0,0,0
2020-03-20,Lassen,35,31185,1,0,0,0,0
2020-03-20,Los Angeles,37,10098052,2570,267,14,281,1
2020-03-20,Madera,39,155013,28,4,0,4,0
2020-03-20,Marin,41,260295,65,30,0,30,0
2020-03-20,Mariposa,43,17540,0,0,0,0,0
2020-03-20,Mendocino,45,87422,2,1,0,1,0
2020-03-20,Merced,47,269075,6,0,0,0,0
2020-03-20,Modoc,49,8938,0,0,0,0,0
2020-03-20,Mono,51,14174,14,0,0,0,0
2020-03-20,Monterey,53,433212,42,4,0,4,0
2020-03-20,Napa,55,140530,16,0,0,0,0
2020-03-20,Nevada,57,99092,20,2,1,3,0
2020-03-20,Orange,59,3164182,714,71,1,72,2
2020-03-20,Placer,61,380077,70,9,0,9,1
2020-03-20,Plumas,63,18699,0,0,0,0,0
2020-03-20,Riverside,65,2383286,438,19,3,22,3
2020-03-20,Sacramento,67,1510023,312,56,0,56,4
2020-03-20,San Benito,69,59416,17,4,0,4,1
2020-03-20,San Bernardino,71,2135413,240,9,0,9,0
2020-03-20,San Diego,73,3302833,851,98,0,98,0
2020-03-20,San Francisco,75,870044,378,87,0,87,0
2020-03-20,San Joaquin,77,732212,116,18,3,21,2
2020-03-20,San Luis Obispo,79,281455,76,11,0,11,0
2020-03-20,San Mateo,81,765935,397,71,2,73,1
2020-03-20,Santa Barbara,83,443738,117,7,0,7,0
2020-03-20,Santa Clara,85,1922200,894,246,1,247,8
2020-03-20,Santa Cruz,87,273765,59,13,0,13,0
2020-03-20,Shasta,89,179085,10,1,0,1,0
2020-03-20,Sierra,91,2930,0,0,0,0,0
2020-03-20,Siskiyou,93,43540,4,0,0,0,0
2020-03-20,Solano,95,438530,59,29,0,29,0
2020-03-20,Sonoma,97,501317,91,7,0,7,0
2020-03-20,Stanislaus,99,539301,39,7,3,10,0
2020-03-20,Sutter,101,95872,7,0,0,0,0
2020-03-20,Tehama,103,63373,0,0,0,0,0
2020-03-20,Trinity,105,12862,0,0,0,0,0
2020-03-20,Tulare,107,460477,38,4,1,5,0
2020-03-20,Tuolumne,109,53932,2,0,0,0,0
2020-03-20,Ventura,111,848112,156,18,0,18,0
2020-03-20,Yolo,113,214977,30,5,0,5,0
2020-03-20,Yuba,115,75493,6,0,0,0,0
2020-03-19,Alameda,1,1643700,342,36,0,36,0
2020-03-19,Alpine,3,1148,1,0,0,0,0
2020-03-19,Amador,5,37829,1,0,0,0,0
2020-03-19,Butte,7,227075,5,0,0,0,0
2020-03-19,Calaveras,9,45235,4,2,0,2,0
2020-03-19,Colusa,11,21464,0,0,0,0,0
2020-03-19,Contra Costa,13,1133247,253,46,0,46,0
2020-03-19,Del Norte,15,27424,0,0,0,0,0
2020-03-19,El Dorado,17,186661,18,0,0,0,0
2020-03-19,Fresno,19,978130,84,6,1,7,0
2020-03-19,Glenn,21,27897,1,0,0,0,0
2020-03-19,Humboldt,23,135768,23,1,0,1,0
2020-03-19,Imperial,25,180216,41,2,0,2,0
2020-03-19,Inyo,27,18085,0,0,0,0,0
2020-03-19,Kern,29,883053,80,3,0,3,0
2020-03-19,Kings,31,150075,10,0,1,1,0
2020-03-19,Lake,33,64148,0,0,0,0,0
2020-03-19,Lassen,35,31185,0,0,0,0,0
2020-03-19,Los Angeles,37,10098052,2283,233,14,247,0
2020-03-19,Madera,39,155013,27,3,0,3,0
2020-03-19,Marin,41,260295,62,19,0,19,0
2020-03-19,Mariposa,43,17540,0,0,0,0,0
2020-03-19,Mendocino,45,87422,1,1,0,1,0
2020-03-19,Merced,47,269075,5,0,0,0,0
2020-03-19,Modoc,49,8938,0,0,0,0,0
2020-03-19,Mono,51,14174,12,0,0,0,0
2020-03-19,Monterey,53,433212,34,3,0,3,0
2020-03-19,Napa,55,140530,14,0,0,0,0
2020-03-19,Nevada,57,99092,18,2,1,3,0
2020-03-19,Orange,59,3164182,632,59,1,60,0
2020-03-19,Placer,61,380077,62,8,0,8,1
2020-03-19,Plumas,63,18699,0,0,0,0,0
2020-03-19,Riverside,65,2383286,354,14,2,16,3
2020-03-19,Sacramento,67,1510023,279,52,0,52,3
2020-03-19,San Benito,69,59416,14,3,0,3,0
2020-03-19,San Bernardino,71,2135413,210,7,0,7,0
2020-03-19,San Diego,73,3302833,768,68,0,68,0
2020-03-19,San Francisco,75,870044,342,80,0,80,0
2020-03-19,San Joaquin,77,732212,102,15,3,18,2
2020-03-19,San Luis Obispo,79,281455,74,6,0,6,0
2020-03-19,San Mateo,81,765935,362,58,2,60,1
2020-03-19,Santa Barbara,83,443738,102,5,0,5,0
2020-03-19,Santa Clara,85,1922200,828,183,1,184,8
2020-03-19,Santa Cruz,87,273765,56,13,0,13,0
2020-03-19,Shasta,89,179085,9,1,0,1,0
2020-03-19,Sierra,91,2930,0,0,0,0,0
2020-03-19,Siskiyou,93,43540,3,0,0,0,0
2020-03-19,Solano,95,438530,55,26,0,26,0
2020-03-19,Sonoma,97,501317,88,8,0,8,0
2020-03-19,Stanislaus,99,539301,38,7,3,10,0
2020-03-19,Sutter,101,95872,7,0,0,0,0
2020-03-19,Tehama,103,63373,0,0,0,0,0
2020-03-19,Trinity,105,12862,0,0,0,0,0
2020-03-19,Tulare,107,460477,33,3,1,4,0
2020-03-19,Tuolumne,109,53932,2,0,0,0,0
2020-03-19,Ventura,111,848112,134,15,0,15,0
2020-03-19,Yolo,113,214977,26,5,0,5,0
2020-03-19,Yuba,115,75493,5,0,0,0,0
2020-03-18,Alameda,1,1643700,314,29,0,29,0
2020-03-18,Alpine,3,1148,1,0,0,0,0
2020-03-18,Amador,5,37829,1,0,0,0,0
2020-03-18,Butte,7,227075,4,0,0,0,0
2020-03-18,Calaveras,9,45235,4,2,0,2,0
2020-03-18,Colusa,11,21464,0,0,0,0,0
2020-03-18,Contra Costa,13,1133247,232,44,0,44,0
2020-03-18,Del Norte,15,27424,0,0,0,0,0
2020-03-18,El Dorado,17,186661,17,0,0,0,0
2020-03-18,Fresno,19,978130,75,3,1,4,0
2020-03-18,Glenn,21,27897,1,0,0,0,0
2020-03-18,Humboldt,23,135768,19,1,0,1,0
2020-03-18,Imperial,25,180216,34,2,0,2,0
2020-03-18,Inyo,27,18085,0,0,0,0,0
2020-03-18,Kern,29,883053,65,1,0,1,0
2020-03-18,Kings,31,150075,8,0,1,1,0
2020-03-18,Lake,33,64148,0,0,0,0,0
2020-03-18,Lassen,35,31185,0,0,0,0,0
2020-03-18,Los Angeles,37,10098052,2044,47,14,61,0
2020-03-18,Madera,39,155013,26,2,0,2,0
2020-03-18,Marin,41,260295,58,10,0,10,0
2020-03-18,Mariposa,43,17540,0,0,0,0,0
2020-03-18,Mendocino,45,87422,1,0,0,0,0
2020-03-18,Merced,47,269075,5,0,0,0,0
2020-03-18,Modoc,49,8938,0,0,0,0,0
2020-03-18,Mono,51,14174,11,0,0,0,0
2020-03-18,Monterey,53,433212,28,1,0,1,0
2020-03-18,Napa,55,140530,11,0,0,0,0
2020-03-18,Nevada,57,99092,16,2,1,3,0
2020-03-18,Orange,59,3164182,576,38,1,39,0
2020-03-18,Placer,61,380077,55,8,0,8,1
2020-03-18,Plumas,63,18699,0,0,0,0,0
2020-03-18,Riverside,65,2383286,302,11,2,13,2
2020-03-18,Sacramento,67,1510023,256,46,0,46,3
2020-03-18,San Benito,69,59416,13,3,0,3,0
2020-03-18,San Bernardino,71,2135413,188,3,0,3,0
2020-03-18,San Diego,73,3302833,683,40,0,40,0
2020-03-18,San Francisco,75,870044,323,65,0,65,0
2020-03-18,San Joaquin,77,732212,90,14,3,17,2
2020-03-18,San Luis Obispo,79,281455,68,5,0,5,0
2020-03-18,San Mateo,81,765935,339,57,2,59,1
2020-03-18,Santa Barbara,83,443738,89,2,0,2,0
2020-03-18,Santa Clara,85,1922200,780,151,1,152,6
2020-03-18,Santa Cruz,87,273765,54,11,0,11,0
2020-03-18,Shasta,89,179085,8,1,0,1,0
2020-03-18,Sierra,91,2930,0,0,0,0,0
2020-03-18,Siskiyou,93,43540,3,0,0,0,0
2020-03-18,Solano,95,438530,51,26,0,26,0
2020-03-18,Sonoma,97,501317,79,6,0,6,0
2020-03-18,Stanislaus,99,539301,34,5,2,7,0
2020-03-18,Sutter,101,95872,5,0,0,0,0
2020-03-18,Tehama,103,63373,0,0,0,0,0
2020-03-18,Trinity,105,12862,0,0,0,0,0
2020-03-18,Tulare,107,460477,25,3,1,4,0
2020-03-18,Tuolumne,109,53932,2,0,0,0,0
2020-03-18,Ventura,111,848112,115,11,0,11,0
2020-03-18,Yolo,113,214977,23,4,0,4,0
2020-03-18,Yuba,115,75493,4,0,0,0,0
2020-03-17,Alameda,1,1643700,283,19,0,19,0
2020-03-17,Alpine,3,1148,0,0,0,0,0
2020-03-17,Amador,5,37829,1,0,0,0,0
2020-03-17,Butte,7,227075,4,0,0,0,0
2020-03-17,Calaveras,9,45235,4,2,0,2,0
2020-03-17,Colusa,11,21464,0,0,0,0,0
2020-03-17,Contra Costa,13,1133247,210,37,0,37,0
2020-03-17,Del Norte,15,27424,0,0,0,0,0
2020-03-17,El Dorado,17,186661,16,0,0,0,0
2020-03-17,Fresno,19,978130,66,2,1,3,0
2020-03-17,Glenn,21,27897,1,0,0,0,0
2020-03-17,Humboldt,23,135768,17,1,0,1,0
2020-03-17,Imperial,25,180216,28,2,0,2,0
2020-03-17,Inyo,27,18085,0,0,0,0,0
2020-03-17,Kern,29,883053,51,0,0,0,0
2020-03-17,Kings,31,150075,7,0,1,1,0
2020-03-17,Lake,33,64148,0,0,0,0,0
2020-03-17,Lassen,35,31185,0,0,0,0,0
2020-03-17,Los Angeles,37,10098052,1843,41,14,55,0
2020-03-17,Madera,39,155013,19,2,0,2,0
2020-03-17,Marin,41,260295,51,4,0,4,0
2020-03-17,Mariposa,43,17540,0,0,0,0,0
2020-03-17,Mendocino,45,87422,1,0,0,0,0
2020-03-17,Merced,47,269075,5,0,0,0,0
2020-03-17,Modoc,49,8938,0,0,0,0,0
2020-03-17,Mono,51,14174,9,0,0,0,0
2020-03-17,Monterey,53,433212,26,0,0,0,0
2020-03-17,Napa,55,140530,8,0,0,0,0
2020-03-17,Nevada,57,99092,15,1,1,2,0
2020-03-17,Orange,59,3164182,500,24,1,25,0
2020-03-17,Placer,61,380077,47,7,0,7,1
2020-03-17,Plumas,63,18699,0,0,0,0,0
2020-03-17,Riverside,65,2383286,245,11,2,13,0
2020-03-17,Sacramento,67,1510023,236,36,0,36,1
2020-03-17,San Benito,69,59416,12,2,0,2,0
2020-03-17,San Bernardino,71,2135413,160,2,0,2,0
2020-03-17,San Diego,73,3302833,616,17,0,17,0
2020-03-17,San Francisco,75,870044,297,46,0,46,0
2020-03-17,San Joaquin,77,732212,84,11,3,14,0
2020-03-17,San Luis Obispo,79,281455,61,1,0,1,0
2020-03-17,San Mateo,81,765935,307,46,2,48,1
2020-03-17,Santa Barbara,83,443738,76,0,0,0,0
2020-03-17,Santa Clara,85,1922200,723,121,1,122,4
2020-03-17,Santa Cruz,87,273765,51,10,0,10,0
2020-03-17,Shasta,89,179085,4,1,0,1,0
2020-03-17,Sierra,91,2930,0,0,0,0,0
2020-03-17,Siskiyou,93,43540,3,0,0,0,0
2020-03-17,Solano,95,438530,48,27,0,27,0
2020-03-17,Sonoma,97,501317,71,4,0,4,0
2020-03-17,Stanislaus,99,539301,31,4,2,6,0
2020-03-17,Sutter,101,95872,5,0,0,0,0
2020-03-17,Tehama,103,63373,0,0,0,0,0
2020-03-17,Trinity,105,12862,0,0,0,0,0
2020-03-17,Tulare,107,460477,22,2,1,3,0
2020-03-17,Tuolumne,109,53932,2,0,0,0,0
2020-03-17,Ventura,111,848112,98,7,0,7,0
2020-03-17,Yolo,113,214977,19,2,0,2,0
2020-03-17,Yuba,115,75493,4,0,0,0,0
2020-03-16,Alameda,1,1643700,254,17,0,17,0
2020-03-16,Alpine,3,1148,0,0,0,0,0
2020-03-16,Amador,5,37829,1,0,0,0,0
2020-03-16,Butte,7,227075,3,0,0,0,0
2020-03-16,Calaveras,9,45235,4,2,0,2,0
2020-03-16,Colusa,11,21464,0,0,0,0,0
2020-03-16,Contra Costa,13,1133247,186,36,0,36,0
2020-03-16,Del Norte,15,27424,0,0,0,0,0
2020-03-16,El Dorado,17,186661,15,0,0,0,0
2020-03-16,Fresno,19,978130,52,2,1,3,0
2020-03-16,Glenn,21,27897,0,0,0,0,0
2020-03-16,Humboldt,23,135768,13,1,0,1,0
2020-03-16,Imperial,25,180216,23,2,0,2,0
2020-03-16,Inyo,27,18085,0,0,0,0,0
2020-03-16,Kern,29,883053,43,0,0,0,0
2020-03-16,Kings,31,150075,6,0,1,1,0
2020-03-16,Lake,33,64148,0,0,0,0,0
2020-03-16,Lassen,35,31185,0,0,0,0,0
2020-03-16,Los Angeles,37,10098052,1609,43,14,57,0
2020-03-16,Madera,39,155013,18,2,0,2,0
2020-03-16,Marin,41,260295,48,4,0,4,0
2020-03-16,Mariposa,43,17540,0,0,0,0,0
2020-03-16,Mendocino,45,87422,1,0,0,0,0
2020-03-16,Merced,47,269075,5,0,0,0,0
2020-03-16,Modoc,49,8938,0,0,0,0,0
2020-03-16,Mono,51,14174,7,0,0,0,0
2020-03-16,Monterey,53,433212,25,0,0,0,0
2020-03-16,Napa,55,140530,7,0,0,0,0
2020-03-16,Nevada,57,99092,11,1,1,2,0
2020-03-16,Orange,59,3164182,418,18,1,19,0
2020-03-16,Placer,61,380077,39,7,0,7,1
2020-03-16,Plumas,63,18699,0,0,0,0,0
2020-03-16,Riverside,65,2383286,211,10,2,12,0
2020-03-16,Sacramento,67,1510023,209,34,0,34,1
2020-03-16,San Benito,69,59416,8,2,0,2,0
2020-03-16,San Bernardino,71,2135413,140,1,0,1,0
2020-03-16,San Diego,73,3302833,525,17,0,17,0
2020-03-16,San Francisco,75,870044,261,40,0,40,0
2020-03-16,San Joaquin,77,732212,74,9,3,12,0
2020-03-16,San Luis Obispo,79,281455,54,1,0,1,0
2020-03-16,San Mateo,81,765935,269,42,2,44,1
2020-03-16,Santa Barbara,83,443738,64,0,0,0,0
2020-03-16,Santa Clara,85,1922200,648,115,1,116,2
2020-03-16,Santa Cruz,87,273765,44,9,0,9,0
2020-03-16,Shasta,89,179085,4,1,0,1,0
2020-03-16,Sierra,91,2930,0,0,0,0,0
2020-03-16,Siskiyou,93,43540,2,0,0,0,0
2020-03-16,Solano,95,438530,43,27,0,27,0
2020-03-16,Sonoma,97,501317,63,4,0,4,0
2020-03-16,Stanislaus,99,539301,27,2,2,4,0
2020-03-16,Sutter,101,95872,3,0,0,0,0
2020-03-16,Tehama,103,63373,0,0,0,0,0
2020-03-16,Trinity,105,12862,0,0,0,0,0
2020-03-16,Tulare,107,460477,19,2,1,3,0
2020-03-16,Tuolumne,109,53932,2,0,0,0,0
2020-03-16,Ventura,111,848112,88,7,0,7,0
2020-03-16,Yolo,113,214977,18,2,0,2,0
2020-03-16,Yuba,115,75493,3,0,0,0,0
2020-03-15,Alameda,1,1643700,208,17,0,17,0
2020-03-15,Alpine,3,1148,0,0,0,0,0
2020-03-15,Amador,5,37829,1,0,0,0,0
2020-03-15,Butte,7,227075,3,0,0,0,0
2020-03-15,Calaveras,9,45235,2,2,0,2,0
2020-03-15,Colusa,11,21464,0,0,0,0,0
2020-03-15,Contra Costa,13,1133247,161,34,0,34,0
2020-03-15,Del Norte,15,27424,0,0,0,0,0
2020-03-15,El Dorado,17,186661,14,0,0,0,0
2020-03-15,Fresno,19,978130,32,1,1,2,0
2020-03-15,Glenn,21,27897,0,0,0,0,0
2020-03-15,Humboldt,23,135768,11,1,0,1,0
2020-03-15,Imperial,25,180216,18,2,0,2,0
2020-03-15,Inyo,27,18085,0,0,0,0,0
2020-03-15,Kern,29,883053,37,0,0,0,0
2020-03-15,Kings,31,150075,6,0,1,1,0
2020-03-15,Lake,33,64148,0,0,0,0,0
2020-03-15,Lassen,35,31185,0,0,0,0,0
2020-03-15,Los Angeles,37,10098052,1371,41,14,55,0
2020-03-15,Madera,39,155013,17,2,0,2,0
2020-03-15,Marin,41,260295,41,3,0,3,0
2020-03-15,Mariposa,43,17540,0,0,0,0,0
2020-03-15,Mendocino,45,87422,1,0,0,0,0
2020-03-15,Merced,47,269075,3,0,0,0,0
2020-03-15,Modoc,49,8938,0,0,0,0,0
2020-03-15,Mono,51,14174,6,0,0,0,0
2020-03-15,Monterey,53,433212,19,0,0,0,0
2020-03-15,Napa,55,140530,7,0,0,0,0
2020-03-15,Nevada,57,99092,11,0,1,1,0
2020-03-15,Orange,59,3164182,349,16,0,16,0
2020-03-15,Placer,61,380077,33,7,0,7,1
2020-03-15,Plumas,63,18699,0,0,0,0,0
2020-03-15,Riverside,65,2383286,166,10,2,12,0
2020-03-15,Sacramento,67,1510023,173,30,0,30,1
2020-03-15,San Benito,69,59416,8,2,0,2,0
2020-03-15,San Bernardino,71,2135413,118,0,0,0,0
2020-03-15,San Diego,73,3302833,438,16,0,16,0
2020-03-15,San Francisco,75,870044,205,31,0,31,0
2020-03-15,San Joaquin,77,732212,63,6,3,9,0
2020-03-15,San Luis Obispo,79,281455,45,1,0,1,0
2020-03-15,San Mateo,81,765935,235,29,1,30,1
2020-03-15,Santa Barbara,83,443738,54,0,0,0,0
2020-03-15,Santa Clara,85,1922200,577,79,1,80,2
2020-03-15,Santa Cruz,87,273765,38,8,0,8,0
2020-03-15,Shasta,89,179085,4,1,0,1,0
2020-03-15,Sierra,91,2930,0,0,0,0,0
2020-03-15,Siskiyou,93,43540,2,0,0,0,0
2020-03-15,Solano,95,438530,42,26,0,26,0
2020-03-15,Sonoma,97,501317,54,4,0,4,0
2020-03-15,Stanislaus,99,539301,26,2,2,4,0
2020-03-15,Sutter,101,95872,2,0,0,0,0
2020-03-15,Tehama,103,63373,0,0,0,0,0
2020-03-15,Trinity,105,12862,0,0,0,0,0
2020-03-15,Tulare,107,460477,14,2,1,3,0
2020-03-15,Tuolumne,109,53932,1,0,0,0,0
2020-03-15,Ventura,111,848112,77,5,0,5,0
2020-03-15,Yolo,113,214977,15,2,0,2,0
2020-03-15,Yuba,115,75493,2,0,0,0,0
2020-03-14,Alameda,1,1643700,191,11,0,11,0
2020-03-14,Alpine,3,1148,0,0,0,0,0
2020-03-14,Amador,5,37829,1,0,0,0,0
2020-03-14,Butte,7,227075,2,0,0,0,0
2020-03-14,Calaveras,9,45235,2,2,0,2,0
2020-03-14,Colusa,11,21464,0,0,0,0,0
2020-03-14,Contra Costa,13,1133247,139,30,0,30,0
2020-03-14,Del Norte,15,27424,0,0,0,0,0
2020-03-14,El Dorado,17,186661,12,0,0,0,0
2020-03-14,Fresno,19,978130,24,1,1,2,0
2020-03-14,Glenn,21,27897,0,0,0,0,0
2020-03-14,Humboldt,23,135768,7,1,0,1,0
2020-03-14,Imperial,25,180216,14,2,0,2,0
2020-03-14,Inyo,27,18085,0,0,0,0,0
2020-03-14,Kern,29,883053,32,0,0,0,0
2020-03-14,Kings,31,150075,6,0,1,1,0
2020-03-14,Lake,33,64148,0,0,0,0,0
2020-03-14,Lassen,35,31185,0,0,0,0,0
2020-03-14,Los Angeles,37,10098052,1193,35,14,49,0
2020-03-14,Madera,39,155013,17,2,0,2,0
2020-03-14,Marin,41,260295,37,3,0,3,0
2020-03-14,Mariposa,43,17540,0,0,0,0,0
2020-03-14,Mendocino,45,87422,1,0,0,0,0
2020-03-14,Merced,47,269075,3,0,0,0,0
2020-03-14,Modoc,49,8938,0,0,0,0,0
2020-03-14,Mono,51,14174,5,0,0,0,0
2020-03-14,Monterey,53,433212,13,0,0,0,0
2020-03-14,Napa,55,140530,5,0,0,0,0
2020-03-14,Nevada,57,99092,8,0,1,1,0
2020-03-14,Orange,59,3164182,311,14,0,14,0
2020-03-14,Placer,61,380077,29,6,0,6,1
2020-03-14,Plumas,63,18699,0,0,0,0,0
2020-03-14,Riverside,65,2383286,146,10,2,12,0
2020-03-14,Sacramento,67,1510023,151,31,0,31,1
2020-03-14,San Benito,69,59416,8,2,0,2,0
2020-03-14,San Bernardino,71,2135413,100,0,0,0,0
2020-03-14,San Diego,73,3302833,363,10,0,10,0
2020-03-14,San Francisco,75,870044,184,29,0,29,0
2020-03-14,San Joaquin,77,732212,54,6,3,9,0
2020-03-14,San Luis Obispo,79,281455,40,0,0,0,0
2020-03-14,San Mateo,81,765935,212,27,1,28,0
2020-03-14,Santa Barbara,83,443738,42,0,0,0,0
2020-03-14,Santa Clara,85,1922200,521,62,1,63,2
2020-03-14,Santa Cruz,87,273765,33,8,0,8,0
2020-03-14,Shasta,89,179085,4,1,0,1,0
2020-03-14,Sierra,91,2930,0,0,0,0,0
2020-03-14,Siskiyou,93,43540,1,0,0,0,0
2020-03-14,Solano,95,438530,40,26,0,26,0
2020-03-14,Sonoma,97,501317,41,2,0,2,0
2020-03-14,Stanislaus,99,539301,22,2,2,4,0
2020-03-14,Sutter,101,95872,2,0,0,0,0
2020-03-14,Tehama,103,63373,0,0,0,0,0
2020-03-14,Trinity,105,12862,0,0,0,0,0
2020-03-14,Tulare,107,460477,12,2,1,3,0
2020-03-14,Tuolumne,109,53932,1,0,0,0,0
2020-03-14,Ventura,111,848112,68,5,0,5,0
2020-03-14,Yolo,113,214977,15,2,0,2,0
2020-03-14,Yuba,115,75493,1,0,0,0,0
2020-03-13,Alameda,1,1643700,173,12,0,12,0
2020-03-13,Alpine,3,1148,0,0,0,0,0
2020-03-13,Amador,5,37829,1,0,0,0,0
2020-03-13,Butte,7,227075,0,0,0,0,0
2020-03-13,Calaveras,9,45235,2,2,0,2,0
2020-03-13,Colusa,11,21464,0,0,0,0,0
2020-03-13,Contra Costa,13,1133247,125,22,0,22,0
2020-03-13,Del Norte,15,27424,0,0,0,0,0
2020-03-13,El Dorado,17,186661,11,0,0,0,0
2020-03-13,Fresno,19,978130,19,1,1,2,0
2020-03-13,Glenn,21,27897,0,0,0,0,0
2020-03-13,Humboldt,23,135768,7,1,0,1,0
2020-03-13,Imperial,25,180216,13,2,0,2,0
2020-03-13,Inyo,27,18085,0,0,0,0,0
2020-03-13,Kern,29,883053,27,0,0,0,0
2020-03-13,Kings,31,150075,5,0,1,1,0
2020-03-13,Lake,33,64148,0,0,0,0,0
2020-03-13,Lassen,35,31185,0,0,0,0,0
2020-03-13,Los Angeles,37,10098052,1040,30,13,43,0
2020-03-13,Madera,39,155013,16,1,0,1,0
2020-03-13,Marin,41,260295,34,3,0,3,0
2020-03-13,Mariposa,43,17540,0,0,0,0,0
2020-03-13,Mendocino,45,87422,1,0,0,0,0
2020-03-13,Merced,47,269075,2,0,0,0,0
2020-03-13,Modoc,49,8938,0,0,0,0,0
2020-03-13,Mono,51,14174,3,0,0,0,0
2020-03-13,Monterey,53,433212,8,0,0,0,0
2020-03-13,Napa,55,140530,3,0,0,0,0
2020-03-13,Nevada,57,99092,7,0,1,1,0
2020-03-13,Orange,59,3164182,273,10,0,10,0
2020-03-13,Placer,61,380077,26,6,0,6,1
2020-03-13,Plumas,63,18699,0,0,0,0,0
2020-03-13,Riverside,65,2383286,120,5,2,7,0
2020-03-13,Sacramento,67,1510023,129,18,0,18,1
2020-03-13,San Benito,69,59416,6,2,0,2,0
2020-03-13,San Bernardino,71,2135413,93,0,0,0,0
2020-03-13,San Diego,73,3302833,313,8,0,8,0
2020-03-13,San Francisco,75,870044,170,28,0,28,0
2020-03-13,San Joaquin,77,732212,50,6,3,9,0
2020-03-13,San Luis Obispo,79,281455,32,0,0,0,0
2020-03-13,San Mateo,81,765935,191,24,1,25,0
2020-03-13,Santa Barbara,83,443738,38,0,0,0,0
2020-03-13,Santa Clara,85,1922200,459,59,1,60,1
2020-03-13,Santa Cruz,87,273765,32,7,0,7,0
2020-03-13,Shasta,89,179085,3,1,0,1,0
2020-03-13,Sierra,91,2930,0,0,0,0,0
2020-03-13,Siskiyou,93,43540,0,0,0,0,0
2020-03-13,Solano,95,438530,39,26,0,26,0
2020-03-13,Sonoma,97,501317,40,2,0,2,0
2020-03-13,Stanislaus,99,539301,17,2,2,4,0
2020-03-13,Sutter,101,95872,2,0,0,0,0
2020-03-13,Tehama,103,63373,0,0,0,0,0
2020-03-13,Trinity,105,12862,0,0,0,0,0
2020-03-13,Tulare,107,460477,9,2,1,3,0
2020-03-13,Tuolumne,109,53932,1,0,0,0,0
2020-03-13,Ventura,111,848112,54,5,0,5,0
2020-03-13,Yolo,113,214977,15,1,0,1,0
2020-03-13,Yuba,115,75493,1,0,0,0,0
2020-03-12,Alameda,1,1643700,148,9,0,9,0
2020-03-12,Alpine,3,1148,0,0,0,0,0
2020-03-12,Amador,5,37829,1,0,0,0,0
2020-03-12,Butte,7,227075,0,0,0,0,0
2020-03-12,Calaveras,9,45235,2,2,0,2,0
2020-03-12,Colusa,11,21464,0,0,0,0,0
2020-03-12,Contra Costa,13,1133247,108,18,0,18,0
2020-03-12,Del Norte,15,27424,0,0,0,0,0
2020-03-12,El Dorado,17,186661,9,0,0,0,0
2020-03-12,Fresno,19,978130,10,1,1,2,0
2020-03-12,Glenn,21,27897,0,0,0,0,0
2020-03-12,Humboldt,23,135768,6,1,0,1,0
2020-03-12,Imperial,25,180216,12,2,0,2,0
2020-03-12,Inyo,27,18085,0,0,0,0,0
2020-03-12,Kern,29,883053,18,0,0,0,0
2020-03-12,Kings,31,150075,4,0,1,1,0
2020-03-12,Lake,33,64148,0,0,0,0,0
2020-03-12,Lassen,35,31185,0,0,0,0,0
2020-03-12,Los Angeles,37,10098052,880,30,13,43,0
2020-03-12,Madera,39,155013,13,1,0,1,0
2020-03-12,Marin,41,260295,24,1,0,1,0
2020-03-12,Mariposa,43,17540,0,0,0,0,0
2020-03-12,Mendocino,45,87422,1,0,0,0,0
2020-03-12,Merced,47,269075,2,0,0,0,0
2020-03-12,Modoc,49,8938,0,0,0,0,0
2020-03-12,Mono,51,14174,3,0,0,0,0
2020-03-12,Monterey,53,433212,6,0,0,0,0
2020-03-12,Napa,55,140530,3,0,0,0,0
2020-03-12,Nevada,57,99092,4,0,1,1,0
2020-03-12,Orange,59,3164182,237,7,0,7,0
2020-03-12,Placer,61,380077,22,6,0,6,1
2020-03-12,Plumas,63,18699,0,0,0,0,0
2020-03-12,Riverside,65,2383286,97,5,1,6,0
2020-03-12,Sacramento,67,1510023,105,17,0,17,1
2020-03-12,San Benito,69,59416,5,2,0,2,0
2020-03-12,San Bernardino,71,2135413,77,0,0,0,0
2020-03-12,San Diego,73,3302833,258,9,0,9,0
2020-03-12,San Francisco,75,870044,147,20,0,20,0
2020-03-12,San Joaquin,77,732212,44,3,3,6,1
2020-03-12,San Luis Obispo,79,281455,25,0,0,0,0
2020-03-12,San Mateo,81,765935,157,21,1,22,0
2020-03-12,Santa Barbara,83,443738,26,0,0,0,0
2020-03-12,Santa Clara,85,1922200,401,51,1,52,1
2020-03-12,Santa Cruz,87,273765,29,5,0,5,0
2020-03-12,Shasta,89,179085,2,1,0,1,0
2020-03-12,Sierra,91,2930,0,0,0,0,0
2020-03-12,Siskiyou,93,43540,0,0,0,0,0
2020-03-12,Solano,95,438530,34,26,0,26,0
2020-03-12,Sonoma,97,501317,34,2,0,2,0
2020-03-12,Stanislaus,99,539301,15,2,2,4,0
2020-03-12,Sutter,101,95872,0,0,0,0,0
2020-03-12,Tehama,103,63373,0,0,0,0,0
2020-03-12,Trinity,105,12862,0,0,0,0,0
2020-03-12,Tulare,107,460477,9,1,0,1,0
2020-03-12,Tuolumne,109,53932,1,0,0,0,0
2020-03-12,Ventura,111,848112,45,3,0,3,0
2020-03-12,Yolo,113,214977,14,1,0,1,0
2020-03-12,Yuba,115,75493,1,0,0,0,0
2020-03-11,Alameda,1,1643700,117,5,0,5,0
2020-03-11,Alpine,3,1148,0,0,0,0,0
2020-03-11,Amador,5,37829,1,0,0,0,0
2020-03-11,Butte,7,227075,0,0,0,0,0
2020-03-11,Calaveras,9,45235,2,2,0,2,0
2020-03-11,Colusa,11,21464,0,0,0,0,0
2020-03-11,Contra Costa,13,1133247,93,16,0,16,0
2020-03-11,Del Norte,15,27424,0,0,0,0,0
2020-03-11,El Dorado,17,186661,8,0,0,0,0
2020-03-11,Fresno,19,978130,8,1,1,2,0
2020-03-11,Glenn,21,27897,0,0,0,0,0
2020-03-11,Humboldt,23,135768,6,1,0,1,0
2020-03-11,Imperial,25,180216,10,0,0,0,0
2020-03-11,Inyo,27,18085,0,0,0,0,0
2020-03-11,Kern,29,883053,16,0,0,0,0
2020-03-11,Kings,31,150075,3,0,1,1,0
2020-03-11,Lake,33,64148,0,0,0,0,0
2020-03-11,Lassen,35,31185,0,0,0,0,0
2020-03-11,Los Angeles,37,10098052,712,21,13,34,0
2020-03-11,Madera,39,155013,11,1,0,1,0
2020-03-11,Marin,41,260295,17,1,0,1,0
2020-03-11,Mariposa,43,17540,0,0,0,0,0
2020-03-11,Mendocino,45,87422,0,0,0,0,0
2020-03-11,Merced,47,269075,2,0,0,0,0
2020-03-11,Modoc,49,8938,0,0,0,0,0
2020-03-11,Mono,51,14174,3,0,0,0,0
2020-03-11,Monterey,53,433212,5,0,0,0,0
2020-03-11,Napa,55,140530,2,0,0,0,0
2020-03-11,Nevada,57,99092,4,0,1,1,0
2020-03-11,Orange,59,3164182,206,6,0,6,0
2020-03-11,Placer,61,380077,18,6,0,6,1
2020-03-11,Plumas,63,18699,0,0,0,0,0
2020-03-11,Riverside,65,2383286,74,4,1,5,0
2020-03-11,Sacramento,67,1510023,87,9,0,9,1
2020-03-11,San Benito,69,59416,5,2,0,2,0
2020-03-11,San Bernardino,71,2135413,70,0,0,0,0
2020-03-11,San Diego,73,3302833,208,4,0,4,0
2020-03-11,San Francisco,75,870044,122,17,0,17,0
2020-03-11,San Joaquin,77,732212,33,1,3,4,0
2020-03-11,San Luis Obispo,79,281455,22,0,0,0,0
2020-03-11,San Mateo,81,765935,139,16,0,16,0
2020-03-11,Santa Barbara,83,443738,16,0,0,0,0
2020-03-11,Santa Clara,85,1922200,361,48,1,49,1
2020-03-11,Santa Cruz,87,273765,26,2,0,2,0
2020-03-11,Shasta,89,179085,2,1,0,1,0
2020-03-11,Sierra,91,2930,0,0,0,0,0
2020-03-11,Siskiyou,93,43540,0,0,0,0,0
2020-03-11,Solano,95,438530,29,26,0,26,0
2020-03-11,Sonoma,97,501317,30,2,0,2,0
2020-03-11,Stanislaus,99,539301,15,2,2,4,0
2020-03-11,Sutter,101,95872,0,0,0,0,0
2020-03-11,Tehama,103,63373,0,0,0,0,0
2020-03-11,Trinity,105,12862,0,0,0,0,0
2020-03-11,Tulare,107,460477,8,0,0,0,0
2020-03-11,Tuolumne,109,53932,1,0,0,0,0
2020-03-11,Ventura,111,848112,37,3,0,3,0
2020-03-11,Yolo,113,214977,10,1,0,1,0
2020-03-11,Yuba,115,75493,1,0,0,0,0
2020-03-10,Alameda,1,1643700,98,4,0,4,0
2020-03-10,Alpine,3,1148,0,0,0,0,0
2020-03-10,Amador,5,37829,1,0,0,0,0
2020-03-10,Butte,7,227075,0,0,0,0,0
2020-03-10,Calaveras,9,45235,2,2,0,2,0
2020-03-10,Colusa,11,21464,0,0,0,0,0
2020-03-10,Contra Costa,13,1133247,84,11,0,11,0
2020-03-10,Del Norte,15,27424,0,0,0,0,0
2020-03-10,El Dorado,17,186661,7,0,0,0,0
2020-03-10,Fresno,19,978130,6,1,1,2,0
2020-03-10,Glenn,21,27897,0,0,0,0,0
2020-03-10,Humboldt,23,135768,6,1,0,1,0
2020-03-10,Imperial,25,180216,9,0,0,0,0
2020-03-10,Inyo,27,18085,0,0,0,0,0
2020-03-10,Kern,29,883053,11,0,0,0,0
2020-03-10,Kings,31,150075,3,0,1,1,0
2020-03-10,Lake,33,64148,0,0,0,0,0
2020-03-10,Lassen,35,31185,0,0,0,0,0
2020-03-10,Los Angeles,37,10098052,576,20,13,33,0
2020-03-10,Madera,39,155013,7,1,0,1,0
2020-03-10,Marin,41,260295,16,1,0,1,0
2020-03-10,Mariposa,43,17540,0,0,0,0,0
2020-03-10,Mendocino,45,87422,0,0,0,0,0
2020-03-10,Merced,47,269075,2,0,0,0,0
2020-03-10,Modoc,49,8938,0,0,0,0,0
2020-03-10,Mono,51,14174,3,0,0,0,0
2020-03-10,Monterey,53,433212,3,0,0,0,0
2020-03-10,Napa,55,140530,2,0,0,0,0
2020-03-10,Nevada,57,99092,3,0,1,1,0
2020-03-10,Orange,59,3164182,186,5,0,5,1
2020-03-10,Placer,61,380077,14,7,0,7,1
2020-03-10,Plumas,63,18699,0,0,0,0,0
2020-03-10,Riverside,65,2383286,56,4,1,5,0
2020-03-10,Sacramento,67,1510023,78,8,0,8,0
2020-03-10,San Benito,69,59416,5,2,0,2,0
2020-03-10,San Bernardino,71,2135413,62,0,0,0,0
2020-03-10,San Diego,73,3302833,165,3,0,3,0
2020-03-10,San Francisco,75,870044,91,16,0,16,0
2020-03-10,San Joaquin,77,732212,30,1,3,4,0
2020-03-10,San Luis Obispo,79,281455,15,0,0,0,0
2020-03-10,San Mateo,81,765935,123,11,0,11,0
2020-03-10,Santa Barbara,83,443738,12,0,0,0,0
2020-03-10,Santa Clara,85,1922200,314,45,1,46,1
2020-03-10,Santa Cruz,87,273765,22,2,0,2,0
2020-03-10,Shasta,89,179085,2,1,0,1,0
2020-03-10,Sierra,91,2930,0,0,0,0,0
2020-03-10,Siskiyou,93,43540,0,0,0,0,0
2020-03-10,Solano,95,438530,27,26,0,26,0
2020-03-10,Sonoma,97,501317,27,2,0,2,0
2020-03-10,Stanislaus,99,539301,11,0,2,2,0
2020-03-10,Sutter,101,95872,0,0,0,0,0
2020-03-10,Tehama,103,63373,0,0,0,0,0
2020-03-10,Trinity,105,12862,0,0,0,0,0
2020-03-10,Tulare,107,460477,7,0,0,0,0
2020-03-10,Tuolumne,109,53932,1,0,0,0,0
2020-03-10,Ventura,111,848112,29,1,0,1,0
2020-03-10,Yolo,113,214977,7,2,0,2,0
2020-03-10,Yuba,115,75493,1,0,0,0,0
2020-03-09,Alameda,1,1643700,71,4,0,4,0
2020-03-09,Alpine,3,1148,0,0,0,0,0
2020-03-09,Amador,5,37829,0,0,0,0,0
2020-03-09,Butte,7,227075,0,0,0,0,0
2020-03-09,Calaveras,9,45235,2,0,0,0,0
2020-03-09,Colusa,11,21464,0,0,0,0,0
2020-03-09,Contra Costa,13,1133247,72,9,0,9,0
2020-03-09,Del Norte,15,27424,0,0,0,0,0
2020-03-09,El Dorado,17,186661,5,0,0,0,0
2020-03-09,Fresno,19,978130,6,1,1,2,0
2020-03-09,Glenn,21,27897,0,0,0,0,0
2020-03-09,Humboldt,23,135768,5,1,0,1,0
2020-03-09,Imperial,25,180216,9,0,0,0,0
2020-03-09,Inyo,27,18085,0,0,0,0,0
2020-03-09,Kern,29,883053,8,0,0,0,0
2020-03-09,Kings,31,150075,2,0,1,1,0
2020-03-09,Lake,33,64148,0,0,0,0,0
2020-03-09,Lassen,35,31185,0,0,0,0,0
2020-03-09,Los Angeles,37,10098052,475,17,12,29,0
2020-03-09,Madera,39,155013,7,1,0,1,0
2020-03-09,Marin,41,260295,15,1,0,1,0
2020-03-09,Mariposa,43,17540,0,0,0,0,0
2020-03-09,Mendocino,45,87422,0,0,0,0,0
2020-03-09,Merced,47,269075,2,0,0,0,0
2020-03-09,Modoc,49,8938,0,0,0,0,0
2020-03-09,Mono,51,14174,3,0,0,0,0
2020-03-09,Monterey,53,433212,1,0,0,0,0
2020-03-09,Napa,55,140530,2,0,0,0,0
2020-03-09,Nevada,57,99092,2,0,1,1,0
2020-03-09,Orange,59,3164182,157,4,0,4,0
2020-03-09,Placer,61,380077,12,7,0,7,1
2020-03-09,Plumas,63,18699,0,0,0,0,0
2020-03-09,Riverside,65,2383286,47,4,1,5,0
2020-03-09,Sacramento,67,1510023,74,8,0,8,0
2020-03-09,San Benito,69,59416,3,2,0,2,0
2020-03-09,San Bernardino,71,2135413,51,0,0,0,0
2020-03-09,San Diego,73,3302833,126,2,0,2,0
2020-03-09,San Francisco,75,870044,71,14,0,14,0
2020-03-09,San Joaquin,77,732212,21,0,3,3,0
2020-03-09,San Luis Obispo,79,281455,15,0,0,0,0
2020-03-09,San Mateo,81,765935,109,6,0,6,0
2020-03-09,Santa Barbara,83,443738,10,0,0,0,0
2020-03-09,Santa Clara,85,1922200,271,42,1,43,1
2020-03-09,Santa Cruz,87,273765,19,2,0,2,0
2020-03-09,Shasta,89,179085,2,1,0,1,0
2020-03-09,Sierra,91,2930,0,0,0,0,0
2020-03-09,Siskiyou,93,43540,0,0,0,0,0
2020-03-09,Solano,95,438530,25,26,0,26,0
2020-03-09,Sonoma,97,501317,22,2,0,2,0
2020-03-09,Stanislaus,99,539301,11,0,2,2,0
2020-03-09,Sutter,101,95872,0,0,0,0,0
2020-03-09,Tehama,103,63373,0,0,0,0,0
2020-03-09,Trinity,105,12862,0,0,0,0,0
2020-03-09,Tulare,107,460477,7,0,0,0,0
2020-03-09,Tuolumne,109,53932,1,0,0,0,0
2020-03-09,Ventura,111,848112,25,1,0,1,0
2020-03-09,Yolo,113,214977,6,2,0,2,0
2020-03-09,Yuba,115,75493,0,0,0,0,0
2020-03-08,Alameda,1,1643700,46,4,0,4,0
2020-03-08,Alpine,3,1148,0,0,0,0,0
2020-03-08,Amador,5,37829,0,0,0,0,0
2020-03-08,Butte,7,227075,0,0,0,0,0
2020-03-08,Calaveras,9,45235,2,0,0,0,0
2020-03-08,Colusa,11,21464,0,0,0,0,0
2020-03-08,Contra Costa,13,1133247,58,9,0,9,0
2020-03-08,Del Norte,15,27424,0,0,0,0,0
2020-03-08,El Dorado,17,186661,5,0,0,0,0
2020-03-08,Fresno,19,978130,4,1,1,2,0
2020-03-08,Glenn,21,27897,0,0,0,0,0
2020-03-08,Humboldt,23,135768,5,1,0,1,0
2020-03-08,Imperial,25,180216,9,0,0,0,0
2020-03-08,Inyo,27,18085,0,0,0,0,0
2020-03-08,Kern,29,883053,8,0,0,0,0
2020-03-08,Kings,31,150075,1,0,1,1,0
2020-03-08,Lake,33,64148,0,0,0,0,0
2020-03-08,Lassen,35,31185,0,0,0,0,0
2020-03-08,Los Angeles,37,10098052,383,14,12,26,0
2020-03-08,Madera,39,155013,7,1,0,1,0
2020-03-08,Marin,41,260295,13,1,0,1,0
2020-03-08,Mariposa,43,17540,0,0,0,0,0
2020-03-08,Mendocino,45,87422,0,0,0,0,0
2020-03-08,Merced,47,269075,2,0,0,0,0
2020-03-08,Modoc,49,8938,0,0,0,0,0
2020-03-08,Mono,51,14174,3,0,0,0,0
2020-03-08,Monterey,53,433212,1,0,0,0,0
2020-03-08,Napa,55,140530,2,0,0,0,0
2020-03-08,Nevada,57,99092,1,0,1,1,0
2020-03-08,Orange,59,3164182,132,4,0,4,0
2020-03-08,Placer,61,380077,11,7,0,7,1
2020-03-08,Plumas,63,18699,0,0,0,0,0
2020-03-08,Riverside,65,2383286,40,1,1,2,0
2020-03-08,Sacramento,67,1510023,64,5,0,5,0
2020-03-08,San Benito,69,59416,3,2,0,2,0
2020-03-08,San Bernardino,71,2135413,40,0,0,0,0
2020-03-08,San Diego,73,3302833,92,2,0,2,0
2020-03-08,San Francisco,75,870044,52,9,0,9,0
2020-03-08,San Joaquin,77,732212,18,0,3,3,0
2020-03-08,San Luis Obispo,79,281455,9,0,0,0,0
2020-03-08,San Mateo,81,765935,96,4,0,4,0
2020-03-08,Santa Barbara,83,443738,6,0,0,0,0
2020-03-08,Santa Clara,85,1922200,230,36,1,37,0
2020-03-08,Santa Cruz,87,273765,17,1,0,1,0
2020-03-08,Shasta,89,179085,2,0,0,0,0
2020-03-08,Sierra,91,2930,0,0,0,0,0
2020-03-08,Siskiyou,93,43540,0,0,0,0,0
2020-03-08,Solano,95,438530,24,26,0,26,0
2020-03-08,Sonoma,97,501317,17,2,0,2,0
2020-03-08,Stanislaus,99,539301,10,0,2,2,0
2020-03-08,Sutter,101,95872,0,0,0,0,0
2020-03-08,Tehama,103,63373,0,0,0,0,0
2020-03-08,Trinity,105,12862,0,0,0,0,0
2020-03-08,Tulare,107,460477,7,0,0,0,0
2020-03-08,Tuolumne,109,53932,1,0,0,0,0
2020-03-08,Ventura,111,848112,21,1,0,1,0
2020-03-08,Yolo,113,214977,3,2,0,2,0
2020-03-08,Yuba,115,75493,0,0,0,0,0
2020-03-07,Alameda,1,1643700,41,3,0,3,0
2020-03-07,Alpine,3,1148,0,0,0,0,0
2020-03-07,Amador,5,37829,0,0,0,0,0
2020-03-07,Butte,7,227075,0,0,0,0,0
2020-03-07,Calaveras,9,45235,2,0,0,0,0
2020-03-07,Colusa,11,21464,0,0,0,0,0
2020-03-07,Contra Costa,13,1133247,55,4,0,4,0
2020-03-07,Del Norte,15,27424,0,0,0,0,0
2020-03-07,El Dorado,17,186661,4,0,0,0,0
2020-03-07,Fresno,19,978130,3,1,1,2,0
2020-03-07,Glenn,21,27897,0,0,0,0,0
2020-03-07,Humboldt,23,135768,5,1,0,1,0
2020-03-07,Imperial,25,180216,8,0,0,0,0
2020-03-07,Inyo,27,18085,0,0,0,0,0
2020-03-07,Kern,29,883053,7,0,0,0,0
2020-03-07,Kings,31,150075,1,0,1,1,0
2020-03-07,Lake,33,64148,0,0,0,0,0
2020-03-07,Lassen,35,31185,0,0,0,0,0
2020-03-07,Los Angeles,37,10098052,333,14,12,26,0
2020-03-07,Madera,39,155013,6,1,0,1,0
2020-03-07,Marin,41,260295,11,0,0,0,0
2020-03-07,Mariposa,43,17540,0,0,0,0,0
2020-03-07,Mendocino,45,87422,0,0,0,0,0
2020-03-07,Merced,47,269075,2,0,0,0,0
2020-03-07,Modoc,49,8938,0,0,0,0,0
2020-03-07,Mono,51,14174,3,0,0,0,0
2020-03-07,Monterey,53,433212,1,0,0,0,0
2020-03-07,Napa,55,140530,1,0,0,0,0
2020-03-07,Nevada,57,99092,1,0,1,1,0
2020-03-07,Orange,59,3164182,124,4,0,4,0
2020-03-07,Placer,61,380077,10,6,0,6,1
2020-03-07,Plumas,63,18699,0,0,0,0,0
2020-03-07,Riverside,65,2383286,30,0,1,1,0
2020-03-07,Sacramento,67,1510023,51,4,0,4,0
2020-03-07,San Benito,69,59416,3,2,0,2,0
2020-03-07,San Bernardino,71,2135413,38,0,0,0,0
2020-03-07,San Diego,73,3302833,74,2,0,2,0
2020-03-07,San Francisco,75,870044,46,9,0,9,0
2020-03-07,San Joaquin,77,732212,16,0,3,3,0
2020-03-07,San Luis Obispo,79,281455,6,0,0,0,0
2020-03-07,San Mateo,81,765935,86,1,0,1,0
2020-03-07,Santa Barbara,83,443738,5,0,0,0,0
2020-03-07,Santa Clara,85,1922200,201,31,1,32,0
2020-03-07,Santa Cruz,87,273765,17,1,0,1,0
2020-03-07,Shasta,89,179085,2,0,0,0,0
2020-03-07,Sierra,91,2930,0,0,0,0,0
2020-03-07,Siskiyou,93,43540,0,0,0,0,0
2020-03-07,Solano,95,438530,23,25,0,25,0
2020-03-07,Sonoma,97,501317,13,2,0,2,0
2020-03-07,Stanislaus,99,539301,9,0,2,2,0
2020-03-07,Sutter,101,95872,0,0,0,0,0
2020-03-07,Tehama,103,63373,0,0,0,0,0
2020-03-07,Trinity,105,12862,0,0,0,0,0
2020-03-07,Tulare,107,460477,4,0,0,0,0
2020-03-07,Tuolumne,109,53932,1,0,0,0,0
2020-03-07,Ventura,111,848112,18,1,0,1,0
2020-03-07,Yolo,113,214977,3,2,0,2,0
2020-03-07,Yuba,115,75493,0,0,0,0,0
2020-03-06,Alameda,1,1643700,39,3,0,3,0
2020-03-06,Alpine,3,1148,0,0,0,0,0
2020-03-06,Amador,5,37829,0,0,0,0,0
2020-03-06,Butte,7,227075,0,0,0,0,0
2020-03-06,Calaveras,9,45235,2,0,0,0,0
2020-03-06,Colusa,11,21464,0,0,0,0,0
2020-03-06,Contra Costa,13,1133247,46,4,0,4,0
2020-03-06,Del Norte,15,27424,0,0,0,0,0
2020-03-06,El Dorado,17,186661,3,0,0,0,0
2020-03-06,Fresno,19,978130,2,0,1,1,0
2020-03-06,Glenn,21,27897,0,0,0,0,0
2020-03-06,Humboldt,23,135768,4,1,0,1,0
2020-03-06,Imperial,25,180216,7,0,0,0,0
2020-03-06,Inyo,27,18085,0,0,0,0,0
2020-03-06,Kern,29,883053,6,0,0,0,0
2020-03-06,Kings,31,150075,1,0,1,1,0
2020-03-06,Lake,33,64148,0,0,0,0,0
2020-03-06,Lassen,35,31185,0,0,0,0,0
2020-03-06,Los Angeles,37,10098052,290,13,12,25,0
2020-03-06,Madera,39,155013,5,0,0,0,0
2020-03-06,Marin,41,260295,10,0,0,0,0
2020-03-06,Mariposa,43,17540,0,0,0,0,0
2020-03-06,Mendocino,45,87422,0,0,0,0,0
2020-03-06,Merced,47,269075,2,0,0,0,0
2020-03-06,Modoc,49,8938,0,0,0,0,0
2020-03-06,Mono,51,14174,1,0,0,0,0
2020-03-06,Monterey,53,433212,1,0,0,0,0
2020-03-06,Napa,55,140530,1,0,0,0,0
2020-03-06,Nevada,57,99092,1,0,1,1,0
2020-03-06,Orange,59,3164182,98,4,0,4,0
2020-03-06,Placer,61,380077,10,5,0,5,1
2020-03-06,Plumas,63,18699,0,0,0,0,0
2020-03-06,Riverside,65,2383286,30,0,1,1,0
2020-03-06,Sacramento,67,1510023,42,2,0,2,0
2020-03-06,San Benito,69,59416,3,2,0,2,0
2020-03-06,San Bernardino,71,2135413,36,0,0,0,0
2020-03-06,San Diego,73,3302833,61,2,0,2,0
2020-03-06,San Francisco,75,870044,40,2,0,2,0
2020-03-06,San Joaquin,77,732212,13,0,3,3,0
2020-03-06,San Luis Obispo,79,281455,4,0,0,0,0
2020-03-06,San Mateo,81,765935,78,1,0,1,0
2020-03-06,Santa Barbara,83,443738,3,0,0,0,0
2020-03-06,Santa Clara,85,1922200,183,20,1,21,0
2020-03-06,Santa Cruz,87,273765,15,0,0,0,0
2020-03-06,Shasta,89,179085,2,0,0,0,0
2020-03-06,Sierra,91,2930,0,0,0,0,0
2020-03-06,Siskiyou,93,43540,0,0,0,0,0
2020-03-06,Solano,95,438530,22,25,0,25,0
2020-03-06,Sonoma,97,501317,13,2,0,2,0
2020-03-06,Stanislaus,99,539301,6,0,2,2,0
2020-03-06,Sutter,101,95872,0,0,0,0,0
2020-03-06,Tehama,103,63373,0,0,0,0,0
2020-03-06,Trinity,105,12862,0,0,0,0,0
2020-03-06,Tulare,107,460477,4,0,0,0,0
2020-03-06,Tuolumne,109,53932,1,0,0,0,0
2020-03-06,Ventura,111,848112,15,1,0,1,0
2020-03-06,Yolo,113,214977,3,1,0,1,0
2020-03-06,Yuba,115,75493,0,0,0,0,0
2020-03-05,Alameda,1,1643700,34,2,0,2,0
2020-03-05,Alpine,3,1148,0,0,0,0,0
2020-03-05,Amador,5,37829,0,0,0,0,0
2020-03-05,Butte,7,227075,0,0,0,0,0
2020-03-05,Calaveras,9,45235,2,0,0,0,0
2020-03-05,Colusa,11,21464,0,0,0,0,0
2020-03-05,Contra Costa,13,1133247,39,1,0,1,0
2020-03-05,Del Norte,15,27424,0,0,0,0,0
2020-03-05,El Dorado,17,186661,1,0,0,0,0
2020-03-05,Fresno,19,978130,2,0,1,1,0
2020-03-05,Glenn,21,27897,0,0,0,0,0
2020-03-05,Humboldt,23,135768,4,1,0,1,0
2020-03-05,Imperial,25,180216,5,0,0,0,0
2020-03-05,Inyo,27,18085,0,0,0,0,0
2020-03-05,Kern,29,883053,6,0,0,0,0
2020-03-05,Kings,31,150075,1,0,1,1,0
2020-03-05,Lake,33,64148,0,0,0,0,0
2020-03-05,Lassen,35,31185,0,0,0,0,0
2020-03-05,Los Angeles,37,10098052,243,11,12,23,0
2020-03-05,Madera,39,155013,5,0,0,0,0
2020-03-05,Marin,41,260295,10,0,0,0,0
2020-03-05,Mariposa,43,17540,0,0,0,0,0
2020-03-05,Mendocino,45,87422,0,0,0,0,0
2020-03-05,Merced,47,269075,2,0,0,0,0
2020-03-05,Modoc,49,8938,0,0,0,0,0
2020-03-05,Mono,51,14174,1,0,0,0,0
2020-03-05,Monterey,53,433212,1,0,0,0,0
2020-03-05,Napa,55,140530,1,0,0,0,0
2020-03-05,Nevada,57,99092,0,0,1,1,0
2020-03-05,Orange,59,3164182,83,3,0,3,0
2020-03-05,Placer,61,380077,10,2,0,2,1
2020-03-05,Plumas,63,18699,0,0,0,0,0
2020-03-05,Riverside,65,2383286,27,0,1,1,0
2020-03-05,Sacramento,67,1510023,36,2,0,2,0
2020-03-05,San Benito,69,59416,1,2,0,2,0
2020-03-05,San Bernardino,71,2135413,31,0,0,0,0
2020-03-05,San Diego,73,3302833,54,2,0,2,0
2020-03-05,San Francisco,75,870044,30,2,0,2,0
2020-03-05,San Joaquin,77,732212,10,0,3,3,0
2020-03-05,San Luis Obispo,79,281455,4,0,0,0,0
2020-03-05,San Mateo,81,765935,65,1,0,1,0
2020-03-05,Santa Barbara,83,443738,2,0,0,0,0
2020-03-05,Santa Clara,85,1922200,162,14,1,15,0
2020-03-05,Santa Cruz,87,273765,13,0,0,0,0
2020-03-05,Shasta,89,179085,2,0,0,0,0
2020-03-05,Sierra,91,2930,0,0,0,0,0
2020-03-05,Siskiyou,93,43540,0,0,0,0,0
2020-03-05,Solano,95,438530,22,24,0,24,0
2020-03-05,Sonoma,97,501317,12,2,0,2,0
2020-03-05,Stanislaus,99,539301,5,0,2,2,0
2020-03-05,Sutter,101,95872,0,0,0,0,0
2020-03-05,Tehama,103,63373,0,0,0,0,0
2020-03-05,Trinity,105,12862,0,0,0,0,0
2020-03-05,Tulare,107,460477,4,0,0,0,0
2020-03-05,Tuolumne,109,53932,1,0,0,0,0
2020-03-05,Ventura,111,848112,13,0,0,0,0
2020-03-05,Yolo,113,214977,3,0,0,0,0
2020-03-05,Yuba,115,75493,0,0,0,0,0
2020-03-04,Alameda,1,1643700,30,2,0,2,0
2020-03-04,Alpine,3,1148,0,0,0,0,0
2020-03-04,Amador,5,37829,0,0,0,0,0
2020-03-04,Butte,7,227075,0,0,0,0,0
2020-03-04,Calaveras,9,45235,0,0,0,0,0
2020-03-04,Colusa,11,21464,0,0,0,0,0
2020-03-04,Contra Costa,13,1133247,34,1,0,1,0
2020-03-04,Del Norte,15,27424,0,0,0,0,0
2020-03-04,El Dorado,17,186661,1,0,0,0,0
2020-03-04,Fresno,19,978130,2,0,1,1,0
2020-03-04,Glenn,21,27897,0,0,0,0,0
2020-03-04,Humboldt,23,135768,1,1,0,1,0
2020-03-04,Imperial,25,180216,5,0,0,0,0
2020-03-04,Inyo,27,18085,0,0,0,0,0
2020-03-04,Kern,29,883053,6,0,0,0,0
2020-03-04,Kings,31,150075,1,0,1,1,0
2020-03-04,Lake,33,64148,0,0,0,0,0
2020-03-04,Lassen,35,31185,0,0,0,0,0
2020-03-04,Los Angeles,37,10098052,208,7,12,19,0
2020-03-04,Madera,39,155013,5,0,0,0,0
2020-03-04,Marin,41,260295,10,0,0,0,0
2020-03-04,Mariposa,43,17540,0,0,0,0,0
2020-03-04,Mendocino,45,87422,0,0,0,0,0
2020-03-04,Merced,47,269075,2,0,0,0,0
2020-03-04,Modoc,49,8938,0,0,0,0,0
2020-03-04,Mono,51,14174,1,0,0,0,0
2020-03-04,Monterey,53,433212,1,0,0,0,0
2020-03-04,Napa,55,140530,1,0,0,0,0
2020-03-04,Nevada,57,99092,0,0,1,1,0
2020-03-04,Orange,59,3164182,80,3,0,3,0
2020-03-04,Placer,61,380077,9,2,0,2,1
2020-03-04,Plumas,63,18699,0,0,0,0,0
2020-03-04,Riverside,65,2383286,23,0,1,1,0
2020-03-04,Sacramento,67,1510023,32,1,0,1,0
2020-03-04,San Benito,69,59416,1,2,0,2,0
2020-03-04,San Bernardino,71,2135413,28,0,0,0,0
2020-03-04,San Diego,73,3302833,41,2,0,2,0
2020-03-04,San Francisco,75,870044,25,0,0,0,0
2020-03-04,San Joaquin,77,732212,9,0,3,3,0
2020-03-04,San Luis Obispo,79,281455,4,0,0,0,0
2020-03-04,San Mateo,81,765935,60,1,0,1,0
2020-03-04,Santa Barbara,83,443738,2,0,0,0,0
2020-03-04,Santa Clara,85,1922200,145,12,1,13,0
2020-03-04,Santa Cruz,87,273765,13,0,0,0,0
2020-03-04,Shasta,89,179085,2,0,0,0,0
2020-03-04,Sierra,91,2930,0,0,0,0,0
2020-03-04,Siskiyou,93,43540,0,0,0,0,0
2020-03-04,Solano,95,438530,21,24,0,24,0
2020-03-04,Sonoma,97,501317,11,2,0,2,0
2020-03-04,Stanislaus,99,539301,5,0,2,2,0
2020-03-04,Sutter,101,95872,0,0,0,0,0
2020-03-04,Tehama,103,63373,0,0,0,0,0
2020-03-04,Trinity,105,12862,0,0,0,0,0
2020-03-04,Tulare,107,460477,4,0,0,0,0
2020-03-04,Tuolumne,109,53932,0,0,0,0,0
2020-03-04,Ventura,111,848112,12,0,0,0,0
2020-03-04,Yolo,113,214977,3,0,0,0,0
2020-03-04,Yuba,115,75493,0,0,0,0,0
2020-03-03,Alameda,1,1643700,24,2,0,2,0
2020-03-03,Alpine,3,1148,0,0,0,0,0
2020-03-03,Amador,5,37829,0,0,0,0,0
2020-03-03,Butte,7,227075,0,0,0,0,0
2020-03-03,Calaveras,9,45235,0,0,0,0,0
2020-03-03,Colusa,11,21464,0,0,0,0,0
2020-03-03,Contra Costa,13,1133247,30,0,0,0,0
2020-03-03,Del Norte,15,27424,0,0,0,0,0
2020-03-03,El Dorado,17,186661,1,0,0,0,0
2020-03-03,Fresno,19,978130,1,0,1,1,0
2020-03-03,Glenn,21,27897,0,0,0,0,0
2020-03-03,Humboldt,23,135768,1,1,0,1,0
2020-03-03,Imperial,25,180216,5,0,0,0,0
2020-03-03,Inyo,27,18085,0,0,0,0,0
2020-03-03,Kern,29,883053,4,0,0,0,0
2020-03-03,Kings,31,150075,1,0,1,1,0
2020-03-03,Lake,33,64148,0,0,0,0,0
2020-03-03,Lassen,35,31185,0,0,0,0,0
2020-03-03,Los Angeles,37,10098052,189,5,12,17,0
2020-03-03,Madera,39,155013,4,0,0,0,0
2020-03-03,Marin,41,260295,6,0,0,0,0
2020-03-03,Mariposa,43,17540,0,0,0,0,0
2020-03-03,Mendocino,45,87422,0,0,0,0,0
2020-03-03,Merced,47,269075,2,0,0,0,0
2020-03-03,Modoc,49,8938,0,0,0,0,0
2020-03-03,Mono,51,14174,1,0,0,0,0
2020-03-03,Monterey,53,433212,0,0,0,0,0
2020-03-03,Napa,55,140530,1,0,0,0,0
2020-03-03,Nevada,57,99092,0,0,1,1,0
2020-03-03,Orange,59,3164182,72,1,0,1,0
2020-03-03,Placer,61,380077,8,2,0,2,0
2020-03-03,Plumas,63,18699,0,0,0,0,0
2020-03-03,Riverside,65,2383286,20,0,1,1,0
2020-03-03,Sacramento,67,1510023,31,1,0,1,0
2020-03-03,San Benito,69,59416,1,2,0,2,0
2020-03-03,San Bernardino,71,2135413,25,0,0,0,0
2020-03-03,San Diego,73,3302833,34,2,0,2,0
2020-03-03,San Francisco,75,870044,23,0,0,0,0
2020-03-03,San Joaquin,77,732212,8,0,3,3,0
2020-03-03,San Luis Obispo,79,281455,2,0,0,0,0
2020-03-03,San Mateo,81,765935,53,1,0,1,0
2020-03-03,Santa Barbara,83,443738,1,0,0,0,0
2020-03-03,Santa Clara,85,1922200,130,11,1,12,0
2020-03-03,Santa Cruz,87,273765,10,0,0,0,0
2020-03-03,Shasta,89,179085,2,0,0,0,0
2020-03-03,Sierra,91,2930,0,0,0,0,0
2020-03-03,Siskiyou,93,43540,0,0,0,0,0
2020-03-03,Solano,95,438530,20,24,0,24,0
2020-03-03,Sonoma,97,501317,11,1,0,1,0
2020-03-03,Stanislaus,99,539301,5,0,2,2,0
2020-03-03,Sutter,101,95872,0,0,0,0,0
2020-03-03,Tehama,103,63373,0,0,0,0,0
2020-03-03,Trinity,105,12862,0,0,0,0,0
2020-03-03,Tulare,107,460477,4,0,0,0,0
2020-03-03,Tuolumne,109,53932,0,0,0,0,0
2020-03-03,Ventura,111,848112,11,0,0,0,0
2020-03-03,Yolo,113,214977,2,0,0,0,0
2020-03-03,Yuba,115,75493,0,0,0,0,0
2020-03-02,Alameda,1,1643700,21,1,0,1,0
2020-03-02,Alpine,3,1148,0,0,0,0,0
2020-03-02,Amador,5,37829,0,0,0,0,0
2020-03-02,Butte,7,227075,0,0,0,0,0
2020-03-02,Calaveras,9,45235,0,0,0,0,0
2020-03-02,Colusa,11,21464,0,0,0,0,0
2020-03-02,Contra Costa,13,1133247,27,0,0,0,0
2020-03-02,Del Norte,15,27424,0,0,0,0,0
2020-03-02,El Dorado,17,186661,1,0,0,0,0
2020-03-02,Fresno,19,978130,1,0,1,1,0
2020-03-02,Glenn,21,27897,0,0,0,0,0
2020-03-02,Humboldt,23,135768,1,1,0,1,0
2020-03-02,Imperial,25,180216,5,0,0,0,0
2020-03-02,Inyo,27,18085,0,0,0,0,0
2020-03-02,Kern,29,883053,4,0,0,0,0
2020-03-02,Kings,31,150075,1,0,1,1,0
2020-03-02,Lake,33,64148,0,0,0,0,0
2020-03-02,Lassen,35,31185,0,0,0,0,0
2020-03-02,Los Angeles,37,10098052,174,1,12,13,0
2020-03-02,Madera,39,155013,4,0,0,0,0
2020-03-02,Marin,41,260295,6,0,0,0,0
2020-03-02,Mariposa,43,17540,0,0,0,0,0
2020-03-02,Mendocino,45,87422,0,0,0,0,0
2020-03-02,Merced,47,269075,1,0,0,0,0
2020-03-02,Modoc,49,8938,0,0,0,0,0
2020-03-02,Mono,51,14174,1,0,0,0,0
2020-03-02,Monterey,53,433212,0,0,0,0,0
2020-03-02,Napa,55,140530,1,0,0,0,0
2020-03-02,Nevada,57,99092,0,0,1,1,0
2020-03-02,Orange,59,3164182,67,1,0,1,0
2020-03-02,Placer,61,380077,8,1,0,1,0
2020-03-02,Plumas,63,18699,0,0,0,0,0
2020-03-02,Riverside,65,2383286,19,0,1,1,0
2020-03-02,Sacramento,67,1510023,25,1,0,1,0
2020-03-02,San Benito,69,59416,1,2,0,2,0
2020-03-02,San Bernardino,71,2135413,25,0,0,0,0
2020-03-02,San Diego,73,3302833,28,2,0,2,0
2020-03-02,San Francisco,75,870044,17,0,0,0,0
2020-03-02,San Joaquin,77,732212,7,0,3,3,0
2020-03-02,San Luis Obispo,79,281455,2,0,0,0,0
2020-03-02,San Mateo,81,765935,44,1,0,1,0
2020-03-02,Santa Barbara,83,443738,1,0,0,0,0
2020-03-02,Santa Clara,85,1922200,108,7,1,8,0
2020-03-02,Santa Cruz,87,273765,9,0,0,0,0
2020-03-02,Shasta,89,179085,2,0,0,0,0
2020-03-02,Sierra,91,2930,0,0,0,0,0
2020-03-02,Siskiyou,93,43540,0,0,0,0,0
2020-03-02,Solano,95,438530,19,24,0,24,0
2020-03-02,Sonoma,97,501317,10,1,0,1,0
2020-03-02,Stanislaus,99,539301,2,0,2,2,0
2020-03-02,Sutter,101,95872,0,0,0,0,0
2020-03-02,Tehama,103,63373,0,0,0,0,0
2020-03-02,Trinity,105,12862,0,0,0,0,0
2020-03-02,Tulare,107,460477,4,0,0,0,0
2020-03-02,Tuolumne,109,53932,0,0,0,0,0
2020-03-02,Ventura,111,848112,10,0,0,0,0
2020-03-02,Yolo,113,214977,2,0,0,0,0
2020-03-02,Yuba,115,75493,0,0,0,0,0
2020-03-01,Alameda,1,1643700,20,1,0,1,0
2020-03-01,Alpine,3,1148,0,0,0,0,0
2020-03-01,Amador,5,37829,0,0,0,0,0
2020-03-01,Butte,7,227075,0,0,0,0,0
2020-03-01,Calaveras,9,45235,0,0,0,0,0
2020-03-01,Colusa,11,21464,0,0,0,0,0
2020-03-01,Contra Costa,13,1133247,24,0,0,0,0
2020-03-01,Del Norte,15,27424,0,0,0,0,0
2020-03-01,El Dorado,17,186661,1,0,0,0,0
2020-03-01,Fresno,19,978130,0,0,1,1,0
2020-03-01,Glenn,21,27897,0,0,0,0,0
2020-03-01,Humboldt,23,135768,1,1,0,1,0
2020-03-01,Imperial,25,180216,5,0,0,0,0
2020-03-01,Inyo,27,18085,0,0,0,0,0
2020-03-01,Kern,29,883053,2,0,0,0,0
2020-03-01,Kings,31,150075,1,0,1,1,0
2020-03-01,Lake,33,64148,0,0,0,0,0
2020-03-01,Lassen,35,31185,0,0,0,0,0
2020-03-01,Los Angeles,37,10098052,155,1,12,13,0
2020-03-01,Madera,39,155013,2,0,0,0,0
2020-03-01,Marin,41,260295,5,0,0,0,0
2020-03-01,Mariposa,43,17540,0,0,0,0,0
2020-03-01,Mendocino,45,87422,0,0,0,0,0
2020-03-01,Merced,47,269075,1,0,0,0,0
2020-03-01,Modoc,49,8938,0,0,0,0,0
2020-03-01,Mono,51,14174,1,0,0,0,0
2020-03-01,Monterey,53,433212,0,0,0,0,0
2020-03-01,Napa,55,140530,1,0,0,0,0
2020-03-01,Nevada,57,99092,0,0,1,1,0
2020-03-01,Orange,59,3164182,64,1,0,1,0
2020-03-01,Placer,61,380077,8,0,0,0,0
2020-03-01,Plumas,63,18699,0,0,0,0,0
2020-03-01,Riverside,65,2383286,18,0,1,1,0
2020-03-01,Sacramento,67,1510023,21,1,0,1,0
2020-03-01,San Benito,69,59416,0,2,0,2,0
2020-03-01,San Bernardino,71,2135413,23,0,0,0,0
2020-03-01,San Diego,73,3302833,21,2,0,2,0
2020-03-01,San Francisco,75,870044,13,0,0,0,0
2020-03-01,San Joaquin,77,732212,7,0,3,3,0
2020-03-01,San Luis Obispo,79,281455,2,0,0,0,0
2020-03-01,San Mateo,81,765935,36,0,0,0,0
2020-03-01,Santa Barbara,83,443738,1,0,0,0,0
2020-03-01,Santa Clara,85,1922200,95,6,1,7,0
2020-03-01,Santa Cruz,87,273765,8,0,0,0,0
2020-03-01,Shasta,89,179085,2,0,0,0,0
2020-03-01,Sierra,91,2930,0,0,0,0,0
2020-03-01,Siskiyou,93,43540,0,0,0,0,0
2020-03-01,Solano,95,438530,19,24,0,24,0
2020-03-01,Sonoma,97,501317,9,0,0,0,0
2020-03-01,Stanislaus,99,539301,2,0,2,2,0
2020-03-01,Sutter,101,95872,0,0,0,0,0
2020-03-01,Tehama,103,63373,0,0,0,0,0
2020-03-01,Trinity,105,12862,0,0,0,0,0
2020-03-01,Tulare,107,460477,4,0,0,0,0
2020-03-01,Tuolumne,109,53932,0,0,0,0,0
2020-03-01,Ventura,111,848112,8,0,0,0,0
2020-03-01,Yolo,113,214977,2,0,0,0,0
2020-03-01,Yuba,115,75493,0,0,0,0,0
2020-02-29,Alameda,1,1643700,16,0,0,0,0
2020-02-29,Alpine,3,1148,0,0,0,0,0
2020-02-29,Amador,5,37829,0,0,0,0,0
2020-02-29,Butte,7,227075,0,0,0,0,0
2020-02-29,Calaveras,9,45235,0,0,0,0,0
2020-02-29,Colusa,11,21464,0,0,0,0,0
2020-02-29,Contra Costa,13,1133247,20,0,0,0,0
2020-02-29,Del Norte,15,27424,0,0,0,0,0
2020-02-29,El Dorado,17,186661,1,0,0,0,0
2020-02-29,Fresno,19,978130,0,0,0,0,0
2020-02-29,Glenn,21,27897,0,0,0,0,0
2020-02-29,Humboldt,23,135768,1,1,0,1,0
2020-02-29,Imperial,25,180216,3,0,0,0,0
2020-02-29,Inyo,27,18085,0,0,0,0,0
2020-02-29,Kern,29,883053,2,0,0,0,0
2020-02-29,Kings,31,150075,1,0,1,1,0
2020-02-29,Lake,33,64148,0,0,0,0,0
2020-02-29,Lassen,35,31185,0,0,0,0,0
2020-02-29,Los Angeles,37,10098052,127,1,12,13,0
2020-02-29,Madera,39,155013,2,0,0,0,0
2020-02-29,Marin,41,260295,4,0,0,0,0
2020-02-29,Mariposa,43,17540,0,0,0,0,0
2020-02-29,Mendocino,45,87422,0,0,0,0,0
2020-02-29,Merced,47,269075,1,0,0,0,0
2020-02-29,Modoc,49,8938,0,0,0,0,0
2020-02-29,Mono,51,14174,1,0,0,0,0
2020-02-29,Monterey,53,433212,0,0,0,0,0
2020-02-29,Napa,55,140530,1,0,0,0,0
2020-02-29,Nevada,57,99092,0,0,1,1,0
2020-02-29,Orange,59,3164182,59,1,0,1,0
2020-02-29,Placer,61,380077,7,0,0,0,0
2020-02-29,Plumas,63,18699,0,0,0,0,0
2020-02-29,Riverside,65,2383286,15,0,1,1,0
2020-02-29,Sacramento,67,1510023,16,1,0,1,0
2020-02-29,San Benito,69,59416,0,2,0,2,0
2020-02-29,San Bernardino,71,2135413,21,0,0,0,0
2020-02-29,San Diego,73,3302833,16,2,0,2,0
2020-02-29,San Francisco,75,870044,12,0,0,0,0
2020-02-29,San Joaquin,77,732212,6,0,3,3,0
2020-02-29,San Luis Obispo,79,281455,2,0,0,0,0
2020-02-29,San Mateo,81,765935,29,0,0,0,0
2020-02-29,Santa Barbara,83,443738,0,0,0,0,0
2020-02-29,Santa Clara,85,1922200,73,3,1,4,0
2020-02-29,Santa Cruz,87,273765,8,0,0,0,0
2020-02-29,Shasta,89,179085,2,0,0,0,0
2020-02-29,Sierra,91,2930,0,0,0,0,0
2020-02-29,Siskiyou,93,43540,0,0,0,0,0
2020-02-29,Solano,95,438530,18,23,0,23,0
2020-02-29,Sonoma,97,501317,6,0,0,0,0
2020-02-29,Stanislaus,99,539301,2,0,2,2,0
2020-02-29,Sutter,101,95872,0,0,0,0,0
2020-02-29,Tehama,103,63373,0,0,0,0,0
2020-02-29,Trinity,105,12862,0,0,0,0,0
2020-02-29,Tulare,107,460477,2,0,0,0,0
2020-02-29,Tuolumne,109,53932,0,0,0,0,0
2020-02-29,Ventura,111,848112,6,0,0,0,0
2020-02-29,Yolo,113,214977,2,0,0,0,0
2020-02-29,Yuba,115,75493,0,0,0,0,0
2020-02-28,Alameda,1,1643700,14,0,0,0,0
2020-02-28,Alpine,3,1148,0,0,0,0,0
2020-02-28,Amador,5,37829,0,0,0,0,0
2020-02-28,Butte,7,227075,0,0,0,0,0
2020-02-28,Calaveras,9,45235,0,0,0,0,0
2020-02-28,Colusa,11,21464,0,0,0,0,0
2020-02-28,Contra Costa,13,1133247,20,0,0,0,0
2020-02-28,Del Norte,15,27424,0,0,0,0,0
2020-02-28,El Dorado,17,186661,0,0,0,0,0
2020-02-28,Fresno,19,978130,0,0,0,0,0
2020-02-28,Glenn,21,27897,0,0,0,0,0
2020-02-28,Humboldt,23,135768,1,1,0,1,0
2020-02-28,Imperial,25,180216,3,0,0,0,0
2020-02-28,Inyo,27,18085,0,0,0,0,0
2020-02-28,Kern,29,883053,2,0,0,0,0
2020-02-28,Kings,31,150075,1,0,1,1,0
2020-02-28,Lake,33,64148,0,0,0,0,0
2020-02-28,Lassen,35,31185,0,0,0,0,0
2020-02-28,Los Angeles,37,10098052,118,1,12,13,0
2020-02-28,Madera,39,155013,2,0,0,0,0
2020-02-28,Marin,41,260295,2,0,0,0,0
2020-02-28,Mariposa,43,17540,0,0,0,0,0
2020-02-28,Mendocino,45,87422,0,0,0,0,0
2020-02-28,Merced,47,269075,1,0,0,0,0
2020-02-28,Modoc,49,8938,0,0,0,0,0
2020-02-28,Mono,51,14174,0,0,0,0,0
2020-02-28,Monterey,53,433212,0,0,0,0,0
2020-02-28,Napa,55,140530,1,0,0,0,0
2020-02-28,Nevada,57,99092,0,0,1,1,0
2020-02-28,Orange,59,3164182,57,1,0,1,0
2020-02-28,Placer,61,380077,7,0,0,0,0
2020-02-28,Plumas,63,18699,0,0,0,0,0
2020-02-28,Riverside,65,2383286,13,0,1,1,0
2020-02-28,Sacramento,67,1510023,10,1,0,1,0
2020-02-28,San Benito,69,59416,0,2,0,2,0
2020-02-28,San Bernardino,71,2135413,21,0,0,0,0
2020-02-28,San Diego,73,3302833,13,2,0,2,0
2020-02-28,San Francisco,75,870044,10,0,0,0,0
2020-02-28,San Joaquin,77,732212,6,0,3,3,0
2020-02-28,San Luis Obispo,79,281455,2,0,0,0,0
2020-02-28,San Mateo,81,765935,24,0,0,0,0
2020-02-28,Santa Barbara,83,443738,0,0,0,0,0
2020-02-28,Santa Clara,85,1922200,69,3,1,4,0
2020-02-28,Santa Cruz,87,273765,8,0,0,0,0
2020-02-28,Shasta,89,179085,2,0,0,0,0
2020-02-28,Sierra,91,2930,0,0,0,0,0
2020-02-28,Siskiyou,93,43540,0,0,0,0,0
2020-02-28,Solano,95,438530,17,23,0,23,0
2020-02-28,Sonoma,97,501317,6,0,0,0,0
2020-02-28,Stanislaus,99,539301,2,0,2,2,0
2020-02-28,Sutter,101,95872,0,0,0,0,0
2020-02-28,Tehama,103,63373,0,0,0,0,0
2020-02-28,Trinity,105,12862,0,0,0,0,0
2020-02-28,Tulare,107,460477,2,0,0,0,0
2020-02-28,Tuolumne,109,53932,0,0,0,0,0
2020-02-28,Ventura,111,848112,6,0,0,0,0
2020-02-28,Yolo,113,214977,2,0,0,0,0
2020-02-28,Yuba,115,75493,0,0,0,0,0
2020-02-27,Alameda,1,1643700,13,0,0,0,0
2020-02-27,Alpine,3,1148,0,0,0,0,0
2020-02-27,Amador,5,37829,0,0,0,0,0
2020-02-27,Butte,7,227075,0,0,0,0,0
2020-02-27,Calaveras,9,45235,0,0,0,0,0
2020-02-27,Colusa,11,21464,0,0,0,0,0
2020-02-27,Contra Costa,13,1133247,14,0,0,0,0
2020-02-27,Del Norte,15,27424,0,0,0,0,0
2020-02-27,El Dorado,17,186661,0,0,0,0,0
2020-02-27,Fresno,19,978130,0,0,0,0,0
2020-02-27,Glenn,21,27897,0,0,0,0,0
2020-02-27,Humboldt,23,135768,1,1,0,1,0
2020-02-27,Imperial,25,180216,3,0,0,0,0
2020-02-27,Inyo,27,18085,0,0,0,0,0
2020-02-27,Kern,29,883053,2,0,0,0,0
2020-02-27,Kings,31,150075,1,0,1,1,0
2020-02-27,Lake,33,64148,0,0,0,0,0
2020-02-27,Lassen,35,31185,0,0,0,0,0
2020-02-27,Los Angeles,37,10098052,105,1,12,13,0
2020-02-27,Madera,39,155013,2,0,0,0,0
2020-02-27,Marin,41,260295,1,0,0,0,0
2020-02-27,Mariposa,43,17540,0,0,0,0,0
2020-02-27,Mendocino,45,87422,0,0,0,0,0
2020-02-27,Merced,47,269075,1,0,0,0,0
2020-02-27,Modoc,49,8938,0,0,0,0,0
2020-02-27,Mono,51,14174,0,0,0,0,0
2020-02-27,Monterey,53,433212,0,0,0,0,0
2020-02-27,Napa,55,140530,1,0,0,0,0
2020-02-27,Nevada,57,99092,0,0,1,1,0
2020-02-27,Orange,59,3164182,51,1,0,1,0
2020-02-27,Placer,61,380077,6,0,0,0,0
2020-02-27,Plumas,63,18699,0,0,0,0,0
2020-02-27,Riverside,65,2383286,12,0,1,1,0
2020-02-27,Sacramento,67,1510023,10,1,0,1,0
2020-02-27,San Benito,69,59416,0,2,0,2,0
2020-02-27,San Bernardino,71,2135413,21,0,0,0,0
2020-02-27,San Diego,73,3302833,12,2,0,2,0
2020-02-27,San Francisco,75,870044,9,0,0,0,0
2020-02-27,San Joaquin,77,732212,5,0,3,3,0
2020-02-27,San Luis Obispo,79,281455,2,0,0,0,0
2020-02-27,San Mateo,81,765935,20,0,0,0,0
2020-02-27,Santa Barbara,83,443738,0,0,0,0,0
2020-02-27,Santa Clara,85,1922200,58,2,1,3,0
2020-02-27,Santa Cruz,87,273765,6,0,0,0,0
2020-02-27,Shasta,89,179085,0,0,0,0,0
2020-02-27,Sierra,91,2930,0,0,0,0,0
2020-02-27,Siskiyou,93,43540,0,0,0,0,0
2020-02-27,Solano,95,438530,17,23,0,23,0
2020-02-27,Sonoma,97,501317,5,0,0,0,0
2020-02-27,Stanislaus,99,539301,2,0,2,2,0
2020-02-27,Sutter,101,95872,0,0,0,0,0
2020-02-27,Tehama,103,63373,0,0,0,0,0
2020-02-27,Trinity,105,12862,0,0,0,0,0
2020-02-27,Tulare,107,460477,2,0,0,0,0
2020-02-27,Tuolumne,109,53932,0,0,0,0,0
2020-02-27,Ventura,111,848112,4,0,0,0,0
2020-02-27,Yolo,113,214977,2,0,0,0,0
2020-02-27,Yuba,115,75493,0,0,0,0,0
2020-02-26,Alameda,1,1643700,13,0,0,0,0
2020-02-26,Alpine,3,1148,0,0,0,0,0
2020-02-26,Amador,5,37829,0,0,0,0,0
2020-02-26,Butte,7,227075,0,0,0,0,0
2020-02-26,Calaveras,9,45235,0,0,0,0,0
2020-02-26,Colusa,11,21464,0,0,0,0,0
2020-02-26,Contra Costa,13,1133247,13,0,0,0,0
2020-02-26,Del Norte,15,27424,0,0,0,0,0
2020-02-26,El Dorado,17,186661,0,0,0,0,0
2020-02-26,Fresno,19,978130,0,0,0,0,0
2020-02-26,Glenn,21,27897,0,0,0,0,0
2020-02-26,Humboldt,23,135768,1,1,0,1,0
2020-02-26,Imperial,25,180216,3,0,0,0,0
2020-02-26,Inyo,27,18085,0,0,0,0,0
2020-02-26,Kern,29,883053,2,0,0,0,0
2020-02-26,Kings,31,150075,1,0,1,1,0
2020-02-26,Lake,33,64148,0,0,0,0,0
2020-02-26,Lassen,35,31185,0,0,0,0,0
2020-02-26,Los Angeles,37,10098052,99,1,12,13,0
2020-02-26,Madera,39,155013,2,0,0,0,0
2020-02-26,Marin,41,260295,1,0,0,0,0
2020-02-26,Mariposa,43,17540,0,0,0,0,0
2020-02-26,Mendocino,45,87422,0,0,0,0,0
2020-02-26,Merced,47,269075,1,0,0,0,0
2020-02-26,Modoc,49,8938,0,0,0,0,0
2020-02-26,Mono,51,14174,0,0,0,0,0
2020-02-26,Monterey,53,433212,0,0,0,0,0
2020-02-26,Napa,55,140530,0,0,0,0,0
2020-02-26,Nevada,57,99092,0,0,1,1,0
2020-02-26,Orange,59,3164182,50,1,0,1,0
2020-02-26,Placer,61,380077,5,0,0,0,0
2020-02-26,Plumas,63,18699,0,0,0,0,0
2020-02-26,Riverside,65,2383286,10,0,1,1,0
2020-02-26,Sacramento,67,1510023,10,1,0,1,0
2020-02-26,San Benito,69,59416,0,2,0,2,0
2020-02-26,San Bernardino,71,2135413,19,0,0,0,0
2020-02-26,San Diego,73,3302833,11,2,0,2,0
2020-02-26,San Francisco,75,870044,9,0,0,0,0
2020-02-26,San Joaquin,77,732212,5,0,3,3,0
2020-02-26,San Luis Obispo,79,281455,2,0,0,0,0
2020-02-26,San Mateo,81,765935,18,0,0,0,0
2020-02-26,Santa Barbara,83,443738,0,0,0,0,0
2020-02-26,Santa Clara,85,1922200,50,2,1,3,0
2020-02-26,Santa Cruz,87,273765,6,0,0,0,0
2020-02-26,Shasta,89,179085,0,0,0,0,0
2020-02-26,Sierra,91,2930,0,0,0,0,0
2020-02-26,Siskiyou,93,43540,0,0,0,0,0
2020-02-26,Solano,95,438530,17,23,0,23,0
2020-02-26,Sonoma,97,501317,5,0,0,0,0
2020-02-26,Stanislaus,99,539301,2,0,2,2,0
2020-02-26,Sutter,101,95872,0,0,0,0,0
2020-02-26,Tehama,103,63373,0,0,0,0,0
2020-02-26,Trinity,105,12862,0,0,0,0,0
2020-02-26,Tulare,107,460477,2,0,0,0,0
2020-02-26,Tuolumne,109,53932,0,0,0,0,0
2020-02-26,Ventura,111,848112,4,0,0,0,0
2020-02-26,Yolo,113,214977,2,0,0,0,0
2020-02-26,Yuba,115,75493,0,0,0,0,0
2020-02-25,Alameda,1,1643700,13,0,0,0,0
2020-02-25,Alpine,3,1148,0,0,0,0,0
2020-02-25,Amador,5,37829,0,0,0,0,0
2020-02-25,Butte,7,227075,0,0,0,0,0
2020-02-25,Calaveras,9,45235,0,0,0,0,0
2020-02-25,Colusa,11,21464,0,0,0,0,0
2020-02-25,Contra Costa,13,1133247,11,0,0,0,0
2020-02-25,Del Norte,15,27424,0,0,0,0,0
2020-02-25,El Dorado,17,186661,0,0,0,0,0
2020-02-25,Fresno,19,978130,0,0,0,0,0
2020-02-25,Glenn,21,27897,0,0,0,0,0
2020-02-25,Humboldt,23,135768,1,1,0,1,0
2020-02-25,Imperial,25,180216,3,0,0,0,0
2020-02-25,Inyo,27,18085,0,0,0,0,0
2020-02-25,Kern,29,883053,2,0,0,0,0
2020-02-25,Kings,31,150075,1,0,1,1,0
2020-02-25,Lake,33,64148,0,0,0,0,0
2020-02-25,Lassen,35,31185,0,0,0,0,0
2020-02-25,Los Angeles,37,10098052,84,1,12,13,0
2020-02-25,Madera,39,155013,2,0,0,0,0
2020-02-25,Marin,41,260295,1,0,0,0,0
2020-02-25,Mariposa,43,17540,0,0,0,0,0
2020-02-25,Mendocino,45,87422,0,0,0,0,0
2020-02-25,Merced,47,269075,0,0,0,0,0
2020-02-25,Modoc,49,8938,0,0,0,0,0
2020-02-25,Mono,51,14174,0,0,0,0,0
2020-02-25,Monterey,53,433212,0,0,0,0,0
2020-02-25,Napa,55,140530,0,0,0,0,0
2020-02-25,Nevada,57,99092,0,0,1,1,0
2020-02-25,Orange,59,3164182,49,1,0,1,0
2020-02-25,Placer,61,380077,5,0,0,0,0
2020-02-25,Plumas,63,18699,0,0,0,0,0
2020-02-25,Riverside,65,2383286,10,0,1,1,0
2020-02-25,Sacramento,67,1510023,8,1,0,1,0
2020-02-25,San Benito,69,59416,0,2,0,2,0
2020-02-25,San Bernardino,71,2135413,17,0,0,0,0
2020-02-25,San Diego,73,3302833,7,2,0,2,0
2020-02-25,San Francisco,75,870044,7,0,0,0,0
2020-02-25,San Joaquin,77,732212,5,0,2,2,0
2020-02-25,San Luis Obispo,79,281455,2,0,0,0,0
2020-02-25,San Mateo,81,765935,17,0,0,0,0
2020-02-25,Santa Barbara,83,443738,0,0,0,0,0
2020-02-25,Santa Clara,85,1922200,40,2,1,3,0
2020-02-25,Santa Cruz,87,273765,5,0,0,0,0
2020-02-25,Shasta,89,179085,0,0,0,0,0
2020-02-25,Sierra,91,2930,0,0,0,0,0
2020-02-25,Siskiyou,93,43540,0,0,0,0,0
2020-02-25,Solano,95,438530,16,21,0,21,0
2020-02-25,Sonoma,97,501317,5,0,0,0,0
2020-02-25,Stanislaus,99,539301,2,0,2,2,0
2020-02-25,Sutter,101,95872,0,0,0,0,0
2020-02-25,Tehama,103,63373,0,0,0,0,0
2020-02-25,Trinity,105,12862,0,0,0,0,0
2020-02-25,Tulare,107,460477,2,0,0,0,0
2020-02-25,Tuolumne,109,53932,0,0,0,0,0
2020-02-25,Ventura,111,848112,4,0,0,0,0
2020-02-25,Yolo,113,214977,2,0,0,0,0
2020-02-25,Yuba,115,75493,0,0,0,0,0
2020-02-24,Alameda,1,1643700,13,0,0,0,0
2020-02-24,Alpine,3,1148,0,0,0,0,0
2020-02-24,Amador,5,37829,0,0,0,0,0
2020-02-24,Butte,7,227075,0,0,0,0,0
2020-02-24,Calaveras,9,45235,0,0,0,0,0
2020-02-24,Colusa,11,21464,0,0,0,0,0
2020-02-24,Contra Costa,13,1133247,9,0,0,0,0
2020-02-24,Del Norte,15,27424,0,0,0,0,0
2020-02-24,El Dorado,17,186661,0,0,0,0,0
2020-02-24,Fresno,19,978130,0,0,0,0,0
2020-02-24,Glenn,21,27897,0,0,0,0,0
2020-02-24,Humboldt,23,135768,1,1,0,1,0
2020-02-24,Imperial,25,180216,3,0,0,0,0
2020-02-24,Inyo,27,18085,0,0,0,0,0
2020-02-24,Kern,29,883053,2,0,0,0,0
2020-02-24,Kings,31,150075,1,0,1,1,0
2020-02-24,Lake,33,64148,0,0,0,0,0
2020-02-24,Lassen,35,31185,0,0,0,0,0
2020-02-24,Los Angeles,37,10098052,78,1,12,13,0
2020-02-24,Madera,39,155013,1,0,0,0,0
2020-02-24,Marin,41,260295,1,0,0,0,0
2020-02-24,Mariposa,43,17540,0,0,0,0,0
2020-02-24,Mendocino,45,87422,0,0,0,0,0
2020-02-24,Merced,47,269075,0,0,0,0,0
2020-02-24,Modoc,49,8938,0,0,0,0,0
2020-02-24,Mono,51,14174,0,0,0,0,0
2020-02-24,Monterey,53,433212,0,0,0,0,0
2020-02-24,Napa,55,140530,0,0,0,0,0
2020-02-24,Nevada,57,99092,0,0,1,1,0
2020-02-24,Orange,59,3164182,47,1,0,1,0
2020-02-24,Placer,61,380077,3,0,0,0,0
2020-02-24,Plumas,63,18699,0,0,0,0,0
2020-02-24,Riverside,65,2383286,9,0,1,1,0
2020-02-24,Sacramento,67,1510023,7,1,0,1,0
2020-02-24,San Benito,69,59416,0,2,0,2,0
2020-02-24,San Bernardino,71,2135413,17,0,0,0,0
2020-02-24,San Diego,73,3302833,7,2,0,2,0
2020-02-24,San Francisco,75,870044,6,0,0,0,0
2020-02-24,San Joaquin,77,732212,5,0,1,1,0
2020-02-24,San Luis Obispo,79,281455,2,0,0,0,0
2020-02-24,San Mateo,81,765935,13,0,0,0,0
2020-02-24,Santa Barbara,83,443738,0,0,0,0,0
2020-02-24,Santa Clara,85,1922200,38,2,1,3,0
2020-02-24,Santa Cruz,87,273765,5,0,0,0,0
2020-02-24,Shasta,89,179085,0,0,0,0,0
2020-02-24,Sierra,91,2930,0,0,0,0,0
2020-02-24,Siskiyou,93,43540,0,0,0,0,0
2020-02-24,Solano,95,438530,13,15,0,15,0
2020-02-24,Sonoma,97,501317,5,0,0,0,0
2020-02-24,Stanislaus,99,539301,2,0,2,2,0
2020-02-24,Sutter,101,95872,0,0,0,0,0
2020-02-24,Tehama,103,63373,0,0,0,0,0
2020-02-24,Trinity,105,12862,0,0,0,0,0
2020-02-24,Tulare,107,460477,2,0,0,0,0
2020-02-24,Tuolumne,109,53932,0,0,0,0,0
2020-02-24,Ventura,111,848112,4,0,0,0,0
2020-02-24,Yolo,113,214977,2,0,0,0,0
2020-02-24,Yuba,115,75493,0,0,0,0,0
2020-02-23,Alameda,1,1643700,11,0,0,0,0
2020-02-23,Alpine,3,1148,0,0,0,0,0
2020-02-23,Amador,5,37829,0,0,0,0,0
2020-02-23,Butte,7,227075,0,0,0,0,0
2020-02-23,Calaveras,9,45235,0,0,0,0,0
2020-02-23,Colusa,11,21464,0,0,0,0,0
2020-02-23,Contra Costa,13,1133247,6,0,0,0,0
2020-02-23,Del Norte,15,27424,0,0,0,0,0
2020-02-23,El Dorado,17,186661,0,0,0,0,0
2020-02-23,Fresno,19,978130,0,0,0,0,0
2020-02-23,Glenn,21,27897,0,0,0,0,0
2020-02-23,Humboldt,23,135768,1,1,0,1,0
2020-02-23,Imperial,25,180216,3,0,0,0,0
2020-02-23,Inyo,27,18085,0,0,0,0,0
2020-02-23,Kern,29,883053,2,0,0,0,0
2020-02-23,Kings,31,150075,1,0,1,1,0
2020-02-23,Lake,33,64148,0,0,0,0,0
2020-02-23,Lassen,35,31185,0,0,0,0,0
2020-02-23,Los Angeles,37,10098052,69,1,12,13,0
2020-02-23,Madera,39,155013,1,0,0,0,0
2020-02-23,Marin,41,260295,1,0,0,0,0
2020-02-23,Mariposa,43,17540,0,0,0,0,0
2020-02-23,Mendocino,45,87422,0,0,0,0,0
2020-02-23,Merced,47,269075,0,0,0,0,0
2020-02-23,Modoc,49,8938,0,0,0,0,0
2020-02-23,Mono,51,14174,0,0,0,0,0
2020-02-23,Monterey,53,433212,0,0,0,0,0
2020-02-23,Napa,55,140530,0,0,0,0,0
2020-02-23,Nevada,57,99092,0,0,1,1,0
2020-02-23,Orange,59,3164182,47,1,0,1,0
2020-02-23,Placer,61,380077,3,0,0,0,0
2020-02-23,Plumas,63,18699,0,0,0,0,0
2020-02-23,Riverside,65,2383286,9,0,0,0,0
2020-02-23,Sacramento,67,1510023,6,1,0,1,0
2020-02-23,San Benito,69,59416,0,2,0,2,0
2020-02-23,San Bernardino,71,2135413,16,0,0,0,0
2020-02-23,San Diego,73,3302833,6,2,0,2,0
2020-02-23,San Francisco,75,870044,5,0,0,0,0
2020-02-23,San Joaquin,77,732212,4,0,1,1,0
2020-02-23,San Luis Obispo,79,281455,2,0,0,0,0
2020-02-23,San Mateo,81,765935,10,0,0,0,0
2020-02-23,Santa Barbara,83,443738,0,0,0,0,0
2020-02-23,Santa Clara,85,1922200,26,2,1,3,0
2020-02-23,Santa Cruz,87,273765,2,0,0,0,0
2020-02-23,Shasta,89,179085,0,0,0,0,0
2020-02-23,Sierra,91,2930,0,0,0,0,0
2020-02-23,Siskiyou,93,43540,0,0,0,0,0
2020-02-23,Solano,95,438530,11,15,0,15,0
2020-02-23,Sonoma,97,501317,5,0,0,0,0
2020-02-23,Stanislaus,99,539301,2,0,2,2,0
2020-02-23,Sutter,101,95872,0,0,0,0,0
2020-02-23,Tehama,103,63373,0,0,0,0,0
2020-02-23,Trinity,105,12862,0,0,0,0,0
2020-02-23,Tulare,107,460477,2,0,0,0,0
2020-02-23,Tuolumne,109,53932,0,0,0,0,0
2020-02-23,Ventura,111,848112,4,0,0,0,0
2020-02-23,Yolo,113,214977,2,0,0,0,0
2020-02-23,Yuba,115,75493,0,0,0,0,0
2020-02-22,Alameda,1,1643700,10,0,0,0,0
2020-02-22,Alpine,3,1148,0,0,0,0,0
2020-02-22,Amador,5,37829,0,0,0,0,0
2020-02-22,Butte,7,227075,0,0,0,0,0
2020-02-22,Calaveras,9,45235,0,0,0,0,0
2020-02-22,Colusa,11,21464,0,0,0,0,0
2020-02-22,Contra Costa,13,1133247,5,0,0,0,0
2020-02-22,Del Norte,15,27424,0,0,0,0,0
2020-02-22,El Dorado,17,186661,0,0,0,0,0
2020-02-22,Fresno,19,978130,0,0,0,0,0
2020-02-22,Glenn,21,27897,0,0,0,0,0
2020-02-22,Humboldt,23,135768,1,1,0,1,0
2020-02-22,Imperial,25,180216,2,0,0,0,0
2020-02-22,Inyo,27,18085,0,0,0,0,0
2020-02-22,Kern,29,883053,2,0,0,0,0
2020-02-22,Kings,31,150075,1,0,1,1,0
2020-02-22,Lake,33,64148,0,0,0,0,0
2020-02-22,Lassen,35,31185,0,0,0,0,0
2020-02-22,Los Angeles,37,10098052,67,1,12,13,0
2020-02-22,Madera,39,155013,0,0,0,0,0
2020-02-22,Marin,41,260295,1,0,0,0,0
2020-02-22,Mariposa,43,17540,0,0,0,0,0
2020-02-22,Mendocino,45,87422,0,0,0,0,0
2020-02-22,Merced,47,269075,0,0,0,0,0
2020-02-22,Modoc,49,8938,0,0,0,0,0
2020-02-22,Mono,51,14174,0,0,0,0,0
2020-02-22,Monterey,53,433212,0,0,0,0,0
2020-02-22,Napa,55,140530,0,0,0,0,0
2020-02-22,Nevada,57,99092,0,0,1,1,0
2020-02-22,Orange,59,3164182,46,1,0,1,0
2020-02-22,Placer,61,380077,3,0,0,0,0
2020-02-22,Plumas,63,18699,0,0,0,0,0
2020-02-22,Riverside,65,2383286,9,0,0,0,0
2020-02-22,Sacramento,67,1510023,6,1,0,1,0
2020-02-22,San Benito,69,59416,0,2,0,2,0
2020-02-22,San Bernardino,71,2135413,14,0,0,0,0
2020-02-22,San Diego,73,3302833,5,2,0,2,0
2020-02-22,San Francisco,75,870044,3,0,0,0,0
2020-02-22,San Joaquin,77,732212,4,0,1,1,0
2020-02-22,San Luis Obispo,79,281455,2,0,0,0,0
2020-02-22,San Mateo,81,765935,8,0,0,0,0
2020-02-22,Santa Barbara,83,443738,0,0,0,0,0
2020-02-22,Santa Clara,85,1922200,23,2,1,3,0
2020-02-22,Santa Cruz,87,273765,2,0,0,0,0
2020-02-22,Shasta,89,179085,0,0,0,0,0
2020-02-22,Sierra,91,2930,0,0,0,0,0
2020-02-22,Siskiyou,93,43540,0,0,0,0,0
2020-02-22,Solano,95,438530,11,11,0,11,0
2020-02-22,Sonoma,97,501317,4,0,0,0,0
2020-02-22,Stanislaus,99,539301,2,0,2,2,0
2020-02-22,Sutter,101,95872,0,0,0,0,0
2020-02-22,Tehama,103,63373,0,0,0,0,0
2020-02-22,Trinity,105,12862,0,0,0,0,0
2020-02-22,Tulare,107,460477,2,0,0,0,0
2020-02-22,Tuolumne,109,53932,0,0,0,0,0
2020-02-22,Ventura,111,848112,4,0,0,0,0
2020-02-22,Yolo,113,214977,1,0,0,0,0
2020-02-22,Yuba,115,75493,0,0,0,0,0
2020-02-21,Alameda,1,1643700,9,0,0,0,0
2020-02-21,Alpine,3,1148,0,0,0,0,0
2020-02-21,Amador,5,37829,0,0,0,0,0
2020-02-21,Butte,7,227075,0,0,0,0,0
2020-02-21,Calaveras,9,45235,0,0,0,0,0
2020-02-21,Colusa,11,21464,0,0,0,0,0
2020-02-21,Contra Costa,13,1133247,4,0,0,0,0
2020-02-21,Del Norte,15,27424,0,0,0,0,0
2020-02-21,El Dorado,17,186661,0,0,0,0,0
2020-02-21,Fresno,19,978130,0,0,0,0,0
2020-02-21,Glenn,21,27897,0,0,0,0,0
2020-02-21,Humboldt,23,135768,1,1,0,1,0
2020-02-21,Imperial,25,180216,2,0,0,0,0
2020-02-21,Inyo,27,18085,0,0,0,0,0
2020-02-21,Kern,29,883053,2,0,0,0,0
2020-02-21,Kings,31,150075,1,0,1,1,0
2020-02-21,Lake,33,64148,0,0,0,0,0
2020-02-21,Lassen,35,31185,0,0,0,0,0
2020-02-21,Los Angeles,37,10098052,65,1,12,13,0
2020-02-21,Madera,39,155013,0,0,0,0,0
2020-02-21,Marin,41,260295,1,0,0,0,0
2020-02-21,Mariposa,43,17540,0,0,0,0,0
2020-02-21,Mendocino,45,87422,0,0,0,0,0
2020-02-21,Merced,47,269075,0,0,0,0,0
2020-02-21,Modoc,49,8938,0,0,0,0,0
2020-02-21,Mono,51,14174,0,0,0,0,0
2020-02-21,Monterey,53,433212,0,0,0,0,0
2020-02-21,Napa,55,140530,0,0,0,0,0
2020-02-21,Nevada,57,99092,0,0,1,1,0
2020-02-21,Orange,59,3164182,44,1,0,1,0
2020-02-21,Placer,61,380077,2,0,0,0,0
2020-02-21,Plumas,63,18699,0,0,0,0,0
2020-02-21,Riverside,65,2383286,9,0,0,0,0
2020-02-21,Sacramento,67,1510023,5,1,0,1,0
2020-02-21,San Benito,69,59416,0,2,0,2,0
2020-02-21,San Bernardino,71,2135413,13,0,0,0,0
2020-02-21,San Diego,73,3302833,5,2,0,2,0
2020-02-21,San Francisco,75,870044,3,0,0,0,0
2020-02-21,San Joaquin,77,732212,2,0,1,1,0
2020-02-21,San Luis Obispo,79,281455,2,0,0,0,0
2020-02-21,San Mateo,81,765935,8,0,0,0,0
2020-02-21,Santa Barbara,83,443738,0,0,0,0,0
2020-02-21,Santa Clara,85,1922200,21,2,1,3,0
2020-02-21,Santa Cruz,87,273765,2,0,0,0,0
2020-02-21,Shasta,89,179085,0,0,0,0,0
2020-02-21,Sierra,91,2930,0,0,0,0,0
2020-02-21,Siskiyou,93,43540,0,0,0,0,0
2020-02-21,Solano,95,438530,10,11,0,11,0
2020-02-21,Sonoma,97,501317,3,0,0,0,0
2020-02-21,Stanislaus,99,539301,2,0,2,2,0
2020-02-21,Sutter,101,95872,0,0,0,0,0
2020-02-21,Tehama,103,63373,0,0,0,0,0
2020-02-21,Trinity,105,12862,0,0,0,0,0
2020-02-21,Tulare,107,460477,2,0,0,0,0
2020-02-21,Tuolumne,109,53932,0,0,0,0,0
2020-02-21,Ventura,111,848112,4,0,0,0,0
2020-02-21,Yolo,113,214977,1,0,0,0,0
2020-02-21,Yuba,115,75493,0,0,0,0,0
2020-02-20,Alameda,1,1643700,7,0,0,0,0
2020-02-20,Alpine,3,1148,0,0,0,0,0
2020-02-20,Amador,5,37829,0,0,0,0,0
2020-02-20,Butte,7,227075,0,0,0,0,0
2020-02-20,Calaveras,9,45235,0,0,0,0,0
2020-02-20,Colusa,11,21464,0,0,0,0,0
2020-02-20,Contra Costa,13,1133247,3,0,0,0,0
2020-02-20,Del Norte,15,27424,0,0,0,0,0
2020-02-20,El Dorado,17,186661,0,0,0,0,0
2020-02-20,Fresno,19,978130,0,0,0,0,0
2020-02-20,Glenn,21,27897,0,0,0,0,0
2020-02-20,Humboldt,23,135768,1,1,0,1,0
2020-02-20,Imperial,25,180216,2,0,0,0,0
2020-02-20,Inyo,27,18085,0,0,0,0,0
2020-02-20,Kern,29,883053,2,0,0,0,0
2020-02-20,Kings,31,150075,1,0,1,1,0
2020-02-20,Lake,33,64148,0,0,0,0,0
2020-02-20,Lassen,35,31185,0,0,0,0,0
2020-02-20,Los Angeles,37,10098052,63,1,10,11,0
2020-02-20,Madera,39,155013,0,0,0,0,0
2020-02-20,Marin,41,260295,0,0,0,0,0
2020-02-20,Mariposa,43,17540,0,0,0,0,0
2020-02-20,Mendocino,45,87422,0,0,0,0,0
2020-02-20,Merced,47,269075,0,0,0,0,0
2020-02-20,Modoc,49,8938,0,0,0,0,0
2020-02-20,Mono,51,14174,0,0,0,0,0
2020-02-20,Monterey,53,433212,0,0,0,0,0
2020-02-20,Napa,55,140530,0,0,0,0,0
2020-02-20,Nevada,57,99092,0,0,1,1,0
2020-02-20,Orange,59,3164182,44,1,0,1,0
2020-02-20,Placer,61,380077,2,0,0,0,0
2020-02-20,Plumas,63,18699,0,0,0,0,0
2020-02-20,Riverside,65,2383286,7,0,0,0,0
2020-02-20,Sacramento,67,1510023,2,1,0,1,0
2020-02-20,San Benito,69,59416,0,2,0,2,0
2020-02-20,San Bernardino,71,2135413,12,0,0,0,0
2020-02-20,San Diego,73,3302833,5,2,0,2,0
2020-02-20,San Francisco,75,870044,3,0,0,0,0
2020-02-20,San Joaquin,77,732212,2,0,1,1,0
2020-02-20,San Luis Obispo,79,281455,2,0,0,0,0
2020-02-20,San Mateo,81,765935,7,0,0,0,0
2020-02-20,Santa Barbara,83,443738,0,0,0,0,0
2020-02-20,Santa Clara,85,1922200,17,2,1,3,0
2020-02-20,Santa Cruz,87,273765,2,0,0,0,0
2020-02-20,Shasta,89,179085,0,0,0,0,0
2020-02-20,Sierra,91,2930,0,0,0,0,0
2020-02-20,Siskiyou,93,43540,0,0,0,0,0
2020-02-20,Solano,95,438530,8,7,0,7,0
2020-02-20,Sonoma,97,501317,2,0,0,0,0
2020-02-20,Stanislaus,99,539301,2,0,2,2,0
2020-02-20,Sutter,101,95872,0,0,0,0,0
2020-02-20,Tehama,103,63373,0,0,0,0,0
2020-02-20,Trinity,105,12862,0,0,0,0,0
2020-02-20,Tulare,107,460477,2,0,0,0,0
2020-02-20,Tuolumne,109,53932,0,0,0,0,0
2020-02-20,Ventura,111,848112,4,0,0,0,0
2020-02-20,Yolo,113,214977,1,0,0,0,0
2020-02-20,Yuba,115,75493,0,0,0,0,0
2020-02-19,Alameda,1,1643700,6,0,0,0,0
2020-02-19,Alpine,3,1148,0,0,0,0,0
2020-02-19,Amador,5,37829,0,0,0,0,0
2020-02-19,Butte,7,227075,0,0,0,0,0
2020-02-19,Calaveras,9,45235,0,0,0,0,0
2020-02-19,Colusa,11,21464,0,0,0,0,0
2020-02-19,Contra Costa,13,1133247,3,0,0,0,0
2020-02-19,Del Norte,15,27424,0,0,0,0,0
2020-02-19,El Dorado,17,186661,0,0,0,0,0
2020-02-19,Fresno,19,978130,0,0,0,0,0
2020-02-19,Glenn,21,27897,0,0,0,0,0
2020-02-19,Humboldt,23,135768,1,0,0,0,0
2020-02-19,Imperial,25,180216,2,0,0,0,0
2020-02-19,Inyo,27,18085,0,0,0,0,0
2020-02-19,Kern,29,883053,2,0,0,0,0
2020-02-19,Kings,31,150075,1,0,1,1,0
2020-02-19,Lake,33,64148,0,0,0,0,0
2020-02-19,Lassen,35,31185,0,0,0,0,0
2020-02-19,Los Angeles,37,10098052,57,1,10,11,0
2020-02-19,Madera,39,155013,0,0,0,0,0
2020-02-19,Marin,41,260295,0,0,0,0,0
2020-02-19,Mariposa,43,17540,0,0,0,0,0
2020-02-19,Mendocino,45,87422,0,0,0,0,0
2020-02-19,Merced,47,269075,0,0,0,0,0
2020-02-19,Modoc,49,8938,0,0,0,0,0
2020-02-19,Mono,51,14174,0,0,0,0,0
2020-02-19,Monterey,53,433212,0,0,0,0,0
2020-02-19,Napa,55,140530,0,0,0,0,0
2020-02-19,Nevada,57,99092,0,0,1,1,0
2020-02-19,Orange,59,3164182,43,1,0,1,0
2020-02-19,Placer,61,380077,2,0,0,0,0
2020-02-19,Plumas,63,18699,0,0,0,0,0
2020-02-19,Riverside,65,2383286,5,0,0,0,0
2020-02-19,Sacramento,67,1510023,2,0,0,0,0
2020-02-19,San Benito,69,59416,0,2,0,2,0
2020-02-19,San Bernardino,71,2135413,11,0,0,0,0
2020-02-19,San Diego,73,3302833,4,2,0,2,0
2020-02-19,San Francisco,75,870044,2,0,0,0,0
2020-02-19,San Joaquin,77,732212,2,0,1,1,0
2020-02-19,San Luis Obispo,79,281455,2,0,0,0,0
2020-02-19,San Mateo,81,765935,6,0,0,0,0
2020-02-19,Santa Barbara,83,443738,0,0,0,0,0
2020-02-19,Santa Clara,85,1922200,15,2,1,3,0
2020-02-19,Santa Cruz,87,273765,0,0,0,0,0
2020-02-19,Shasta,89,179085,0,0,0,0,0
2020-02-19,Sierra,91,2930,0,0,0,0,0
2020-02-19,Siskiyou,93,43540,0,0,0,0,0
2020-02-19,Solano,95,438530,5,7,0,7,0
2020-02-19,Sonoma,97,501317,2,0,0,0,0
2020-02-19,Stanislaus,99,539301,1,0,2,2,0
2020-02-19,Sutter,101,95872,0,0,0,0,0
2020-02-19,Tehama,103,63373,0,0,0,0,0
2020-02-19,Trinity,105,12862,0,0,0,0,0
2020-02-19,Tulare,107,460477,2,0,0,0,0
2020-02-19,Tuolumne,109,53932,0,0,0,0,0
2020-02-19,Ventura,111,848112,2,0,0,0,0
2020-02-19,Yolo,113,214977,1,0,0,0,0
2020-02-19,Yuba,115,75493,0,0,0,0,0
2020-02-18,Alameda,1,1643700,6,0,0,0,0
2020-02-18,Alpine,3,1148,0,0,0,0,0
2020-02-18,Amador,5,37829,0,0,0,0,0
2020-02-18,Butte,7,227075,0,0,0,0,0
2020-02-18,Calaveras,9,45235,0,0,0,0,0
2020-02-18,Colusa,11,21464,0,0,0,0,0
2020-02-18,Contra Costa,13,1133247,3,0,0,0,0
2020-02-18,Del Norte,15,27424,0,0,0,0,0
2020-02-18,El Dorado,17,186661,0,0,0,0,0
2020-02-18,Fresno,19,978130,0,0,0,0,0
2020-02-18,Glenn,21,27897,0,0,0,0,0
2020-02-18,Humboldt,23,135768,1,0,0,0,0
2020-02-18,Imperial,25,180216,1,0,0,0,0
2020-02-18,Inyo,27,18085,0,0,0,0,0
2020-02-18,Kern,29,883053,2,0,0,0,0
2020-02-18,Kings,31,150075,1,0,1,1,0
2020-02-18,Lake,33,64148,0,0,0,0,0
2020-02-18,Lassen,35,31185,0,0,0,0,0
2020-02-18,Los Angeles,37,10098052,54,1,9,10,0
2020-02-18,Madera,39,155013,0,0,0,0,0
2020-02-18,Marin,41,260295,0,0,0,0,0
2020-02-18,Mariposa,43,17540,0,0,0,0,0
2020-02-18,Mendocino,45,87422,0,0,0,0,0
2020-02-18,Merced,47,269075,0,0,0,0,0
2020-02-18,Modoc,49,8938,0,0,0,0,0
2020-02-18,Mono,51,14174,0,0,0,0,0
2020-02-18,Monterey,53,433212,0,0,0,0,0
2020-02-18,Napa,55,140530,0,0,0,0,0
2020-02-18,Nevada,57,99092,0,0,1,1,0
2020-02-18,Orange,59,3164182,42,1,0,1,0
2020-02-18,Placer,61,380077,0,0,0,0,0
2020-02-18,Plumas,63,18699,0,0,0,0,0
2020-02-18,Riverside,65,2383286,5,0,0,0,0
2020-02-18,Sacramento,67,1510023,2,0,0,0,0
2020-02-18,San Benito,69,59416,0,2,0,2,0
2020-02-18,San Bernardino,71,2135413,11,0,0,0,0
2020-02-18,San Diego,73,3302833,4,2,0,2,0
2020-02-18,San Francisco,75,870044,2,0,0,0,0
2020-02-18,San Joaquin,77,732212,1,0,1,1,0
2020-02-18,San Luis Obispo,79,281455,2,0,0,0,0
2020-02-18,San Mateo,81,765935,5,0,0,0,0
2020-02-18,Santa Barbara,83,443738,0,0,0,0,0
2020-02-18,Santa Clara,85,1922200,14,2,1,3,0
2020-02-18,Santa Cruz,87,273765,0,0,0,0,0
2020-02-18,Shasta,89,179085,0,0,0,0,0
2020-02-18,Sierra,91,2930,0,0,0,0,0
2020-02-18,Siskiyou,93,43540,0,0,0,0,0
2020-02-18,Solano,95,438530,5,7,0,7,0
2020-02-18,Sonoma,97,501317,1,0,0,0,0
2020-02-18,Stanislaus,99,539301,1,0,2,2,0
2020-02-18,Sutter,101,95872,0,0,0,0,0
2020-02-18,Tehama,103,63373,0,0,0,0,0
2020-02-18,Trinity,105,12862,0,0,0,0,0
2020-02-18,Tulare,107,460477,2,0,0,0,0
2020-02-18,Tuolumne,109,53932,0,0,0,0,0
2020-02-18,Ventura,111,848112,2,0,0,0,0
2020-02-18,Yolo,113,214977,1,0,0,0,0
2020-02-18,Yuba,115,75493,0,0,0,0,0
2020-02-17,Alameda,1,1643700,6,0,0,0,0
2020-02-17,Alpine,3,1148,0,0,0,0,0
2020-02-17,Amador,5,37829,0,0,0,0,0
2020-02-17,Butte,7,227075,0,0,0,0,0
2020-02-17,Calaveras,9,45235,0,0,0,0,0
2020-02-17,Colusa,11,21464,0,0,0,0,0
2020-02-17,Contra Costa,13,1133247,3,0,0,0,0
2020-02-17,Del Norte,15,27424,0,0,0,0,0
2020-02-17,El Dorado,17,186661,0,0,0,0,0
2020-02-17,Fresno,19,978130,0,0,0,0,0
2020-02-17,Glenn,21,27897,0,0,0,0,0
2020-02-17,Humboldt,23,135768,1,0,0,0,0
2020-02-17,Imperial,25,180216,1,0,0,0,0
2020-02-17,Inyo,27,18085,0,0,0,0,0
2020-02-17,Kern,29,883053,2,0,0,0,0
2020-02-17,Kings,31,150075,1,0,0,0,0
2020-02-17,Lake,33,64148,0,0,0,0,0
2020-02-17,Lassen,35,31185,0,0,0,0,0
2020-02-17,Los Angeles,37,10098052,51,1,8,9,0
2020-02-17,Madera,39,155013,0,0,0,0,0
2020-02-17,Marin,41,260295,0,0,0,0,0
2020-02-17,Mariposa,43,17540,0,0,0,0,0
2020-02-17,Mendocino,45,87422,0,0,0,0,0
2020-02-17,Merced,47,269075,0,0,0,0,0
2020-02-17,Modoc,49,8938,0,0,0,0,0
2020-02-17,Mono,51,14174,0,0,0,0,0
2020-02-17,Monterey,53,433212,0,0,0,0,0
2020-02-17,Napa,55,140530,0,0,0,0,0
2020-02-17,Nevada,57,99092,0,0,1,1,0
2020-02-17,Orange,59,3164182,42,1,0,1,0
2020-02-17,Placer,61,380077,0,0,0,0,0
2020-02-17,Plumas,63,18699,0,0,0,0,0
2020-02-17,Riverside,65,2383286,5,0,0,0,0
2020-02-17,Sacramento,67,1510023,2,0,0,0,0
2020-02-17,San Benito,69,59416,0,2,0,2,0
2020-02-17,San Bernardino,71,2135413,9,0,0,0,0
2020-02-17,San Diego,73,3302833,4,2,0,2,0
2020-02-17,San Francisco,75,870044,2,0,0,0,0
2020-02-17,San Joaquin,77,732212,1,0,1,1,0
2020-02-17,San Luis Obispo,79,281455,1,0,0,0,0
2020-02-17,San Mateo,81,765935,5,0,0,0,0
2020-02-17,Santa Barbara,83,443738,0,0,0,0,0
2020-02-17,Santa Clara,85,1922200,12,2,1,3,0
2020-02-17,Santa Cruz,87,273765,0,0,0,0,0
2020-02-17,Shasta,89,179085,0,0,0,0,0
2020-02-17,Sierra,91,2930,0,0,0,0,0
2020-02-17,Siskiyou,93,43540,0,0,0,0,0
2020-02-17,Solano,95,438530,3,5,0,5,0
2020-02-17,Sonoma,97,501317,1,0,0,0,0
2020-02-17,Stanislaus,99,539301,1,0,2,2,0
2020-02-17,Sutter,101,95872,0,0,0,0,0
2020-02-17,Tehama,103,63373,0,0,0,0,0
2020-02-17,Trinity,105,12862,0,0,0,0,0
2020-02-17,Tulare,107,460477,2,0,0,0,0
2020-02-17,Tuolumne,109,53932,0,0,0,0,0
2020-02-17,Ventura,111,848112,2,0,0,0,0
2020-02-17,Yolo,113,214977,1,0,0,0,0
2020-02-17,Yuba,115,75493,0,0,0,0,0
2020-02-16,Alameda,1,1643700,5,0,0,0,0
2020-02-16,Alpine,3,1148,0,0,0,0,0
2020-02-16,Amador,5,37829,0,0,0,0,0
2020-02-16,Butte,7,227075,0,0,0,0,0
2020-02-16,Calaveras,9,45235,0,0,0,0,0
2020-02-16,Colusa,11,21464,0,0,0,0,0
2020-02-16,Contra Costa,13,1133247,3,0,0,0,0
2020-02-16,Del Norte,15,27424,0,0,0,0,0
2020-02-16,El Dorado,17,186661,0,0,0,0,0
2020-02-16,Fresno,19,978130,0,0,0,0,0
2020-02-16,Glenn,21,27897,0,0,0,0,0
2020-02-16,Humboldt,23,135768,1,0,0,0,0
2020-02-16,Imperial,25,180216,1,0,0,0,0
2020-02-16,Inyo,27,18085,0,0,0,0,0
2020-02-16,Kern,29,883053,2,0,0,0,0
2020-02-16,Kings,31,150075,1,0,0,0,0
2020-02-16,Lake,33,64148,0,0,0,0,0
2020-02-16,Lassen,35,31185,0,0,0,0,0
2020-02-16,Los Angeles,37,10098052,44,1,8,9,0
2020-02-16,Madera,39,155013,0,0,0,0,0
2020-02-16,Marin,41,260295,0,0,0,0,0
2020-02-16,Mariposa,43,17540,0,0,0,0,0
2020-02-16,Mendocino,45,87422,0,0,0,0,0
2020-02-16,Merced,47,269075,0,0,0,0,0
2020-02-16,Modoc,49,8938,0,0,0,0,0
2020-02-16,Mono,51,14174,0,0,0,0,0
2020-02-16,Monterey,53,433212,0,0,0,0,0
2020-02-16,Napa,55,140530,0,0,0,0,0
2020-02-16,Nevada,57,99092,0,0,0,0,0
2020-02-16,Orange,59,3164182,41,1,0,1,0
2020-02-16,Placer,61,380077,0,0,0,0,0
2020-02-16,Plumas,63,18699,0,0,0,0,0
2020-02-16,Riverside,65,2383286,5,0,0,0,0
2020-02-16,Sacramento,67,1510023,2,0,0,0,0
2020-02-16,San Benito,69,59416,0,2,0,2,0
2020-02-16,San Bernardino,71,2135413,8,0,0,0,0
2020-02-16,San Diego,73,3302833,4,2,0,2,0
2020-02-16,San Francisco,75,870044,2,0,0,0,0
2020-02-16,San Joaquin,77,732212,1,0,1,1,0
2020-02-16,San Luis Obispo,79,281455,1,0,0,0,0
2020-02-16,San Mateo,81,765935,4,0,0,0,0
2020-02-16,Santa Barbara,83,443738,0,0,0,0,0
2020-02-16,Santa Clara,85,1922200,10,2,1,3,0
2020-02-16,Santa Cruz,87,273765,0,0,0,0,0
2020-02-16,Shasta,89,179085,0,0,0,0,0
2020-02-16,Sierra,91,2930,0,0,0,0,0
2020-02-16,Siskiyou,93,43540,0,0,0,0,0
2020-02-16,Solano,95,438530,1,0,0,0,0
2020-02-16,Sonoma,97,501317,1,0,0,0,0
2020-02-16,Stanislaus,99,539301,1,0,2,2,0
2020-02-16,Sutter,101,95872,0,0,0,0,0
2020-02-16,Tehama,103,63373,0,0,0,0,0
2020-02-16,Trinity,105,12862,0,0,0,0,0
2020-02-16,Tulare,107,460477,2,0,0,0,0
2020-02-16,Tuolumne,109,53932,0,0,0,0,0
2020-02-16,Ventura,111,848112,2,0,0,0,0
2020-02-16,Yolo,113,214977,1,0,0,0,0
2020-02-16,Yuba,115,75493,0,0,0,0,0
2020-02-15,Alameda,1,1643700,5,0,0,0,0
2020-02-15,Alpine,3,1148,0,0,0,0,0
2020-02-15,Amador,5,37829,0,0,0,0,0
2020-02-15,Butte,7,227075,0,0,0,0,0
2020-02-15,Calaveras,9,45235,0,0,0,0,0
2020-02-15,Colusa,11,21464,0,0,0,0,0
2020-02-15,Contra Costa,13,1133247,3,0,0,0,0
2020-02-15,Del Norte,15,27424,0,0,0,0,0
2020-02-15,El Dorado,17,186661,0,0,0,0,0
2020-02-15,Fresno,19,978130,0,0,0,0,0
2020-02-15,Glenn,21,27897,0,0,0,0,0
2020-02-15,Humboldt,23,135768,1,0,0,0,0
2020-02-15,Imperial,25,180216,1,0,0,0,0
2020-02-15,Inyo,27,18085,0,0,0,0,0
2020-02-15,Kern,29,883053,2,0,0,0,0
2020-02-15,Kings,31,150075,1,0,0,0,0
2020-02-15,Lake,33,64148,0,0,0,0,0
2020-02-15,Lassen,35,31185,0,0,0,0,0
2020-02-15,Los Angeles,37,10098052,41,1,8,9,0
2020-02-15,Madera,39,155013,0,0,0,0,0
2020-02-15,Marin,41,260295,0,0,0,0,0
2020-02-15,Mariposa,43,17540,0,0,0,0,0
2020-02-15,Mendocino,45,87422,0,0,0,0,0
2020-02-15,Merced,47,269075,0,0,0,0,0
2020-02-15,Modoc,49,8938,0,0,0,0,0
2020-02-15,Mono,51,14174,0,0,0,0,0
2020-02-15,Monterey,53,433212,0,0,0,0,0
2020-02-15,Napa,55,140530,0,0,0,0,0
2020-02-15,Nevada,57,99092,0,0,0,0,0
2020-02-15,Orange,59,3164182,40,1,0,1,0
2020-02-15,Placer,61,380077,0,0,0,0,0
2020-02-15,Plumas,63,18699,0,0,0,0,0
2020-02-15,Riverside,65,2383286,4,0,0,0,0
2020-02-15,Sacramento,67,1510023,2,0,0,0,0
2020-02-15,San Benito,69,59416,0,2,0,2,0
2020-02-15,San Bernardino,71,2135413,7,0,0,0,0
2020-02-15,San Diego,73,3302833,4,2,0,2,0
2020-02-15,San Francisco,75,870044,2,0,0,0,0
2020-02-15,San Joaquin,77,732212,1,0,1,1,0
2020-02-15,San Luis Obispo,79,281455,1,0,0,0,0
2020-02-15,San Mateo,81,765935,4,0,0,0,0
2020-02-15,Santa Barbara,83,443738,0,0,0,0,0
2020-02-15,Santa Clara,85,1922200,10,2,1,3,0
2020-02-15,Santa Cruz,87,273765,0,0,0,0,0
2020-02-15,Shasta,89,179085,0,0,0,0,0
2020-02-15,Sierra,91,2930,0,0,0,0,0
2020-02-15,Siskiyou,93,43540,0,0,0,0,0
2020-02-15,Solano,95,438530,1,0,0,0,0
2020-02-15,Sonoma,97,501317,0,0,0,0,0
2020-02-15,Stanislaus,99,539301,1,0,2,2,0
2020-02-15,Sutter,101,95872,0,0,0,0,0
2020-02-15,Tehama,103,63373,0,0,0,0,0
2020-02-15,Trinity,105,12862,0,0,0,0,0
2020-02-15,Tulare,107,460477,2,0,0,0,0
2020-02-15,Tuolumne,109,53932,0,0,0,0,0
2020-02-15,Ventura,111,848112,2,0,0,0,0
2020-02-15,Yolo,113,214977,1,0,0,0,0
2020-02-15,Yuba,115,75493,0,0,0,0,0
2020-02-14,Alameda,1,1643700,4,0,0,0,0
2020-02-14,Alpine,3,1148,0,0,0,0,0
2020-02-14,Amador,5,37829,0,0,0,0,0
2020-02-14,Butte,7,227075,0,0,0,0,0
2020-02-14,Calaveras,9,45235,0,0,0,0,0
2020-02-14,Colusa,11,21464,0,0,0,0,0
2020-02-14,Contra Costa,13,1133247,3,0,0,0,0
2020-02-14,Del Norte,15,27424,0,0,0,0,0
2020-02-14,El Dorado,17,186661,0,0,0,0,0
2020-02-14,Fresno,19,978130,0,0,0,0,0
2020-02-14,Glenn,21,27897,0,0,0,0,0
2020-02-14,Humboldt,23,135768,1,0,0,0,0
2020-02-14,Imperial,25,180216,1,0,0,0,0
2020-02-14,Inyo,27,18085,0,0,0,0,0
2020-02-14,Kern,29,883053,2,0,0,0,0
2020-02-14,Kings,31,150075,1,0,0,0,0
2020-02-14,Lake,33,64148,0,0,0,0,0
2020-02-14,Lassen,35,31185,0,0,0,0,0
2020-02-14,Los Angeles,37,10098052,36,1,8,9,0
2020-02-14,Madera,39,155013,0,0,0,0,0
2020-02-14,Marin,41,260295,0,0,0,0,0
2020-02-14,Mariposa,43,17540,0,0,0,0,0
2020-02-14,Mendocino,45,87422,0,0,0,0,0
2020-02-14,Merced,47,269075,0,0,0,0,0
2020-02-14,Modoc,49,8938,0,0,0,0,0
2020-02-14,Mono,51,14174,0,0,0,0,0
2020-02-14,Monterey,53,433212,0,0,0,0,0
2020-02-14,Napa,55,140530,0,0,0,0,0
2020-02-14,Nevada,57,99092,0,0,0,0,0
2020-02-14,Orange,59,3164182,40,1,0,1,0
2020-02-14,Placer,61,380077,0,0,0,0,0
2020-02-14,Plumas,63,18699,0,0,0,0,0
2020-02-14,Riverside,65,2383286,4,0,0,0,0
2020-02-14,Sacramento,67,1510023,1,0,0,0,0
2020-02-14,San Benito,69,59416,0,2,0,2,0
2020-02-14,San Bernardino,71,2135413,7,0,0,0,0
2020-02-14,San Diego,73,3302833,3,2,0,2,0
2020-02-14,San Francisco,75,870044,2,0,0,0,0
2020-02-14,San Joaquin,77,732212,1,0,1,1,0
2020-02-14,San Luis Obispo,79,281455,0,0,0,0,0
2020-02-14,San Mateo,81,765935,3,0,0,0,0
2020-02-14,Santa Barbara,83,443738,0,0,0,0,0
2020-02-14,Santa Clara,85,1922200,8,2,1,3,0
2020-02-14,Santa Cruz,87,273765,0,0,0,0,0
2020-02-14,Shasta,89,179085,0,0,0,0,0
2020-02-14,Sierra,91,2930,0,0,0,0,0
2020-02-14,Siskiyou,93,43540,0,0,0,0,0
2020-02-14,Solano,95,438530,1,0,0,0,0
2020-02-14,Sonoma,97,501317,0,0,0,0,0
2020-02-14,Stanislaus,99,539301,1,0,2,2,0
2020-02-14,Sutter,101,95872,0,0,0,0,0
2020-02-14,Tehama,103,63373,0,0,0,0,0
2020-02-14,Trinity,105,12862,0,0,0,0,0
2020-02-14,Tulare,107,460477,2,0,0,0,0
2020-02-14,Tuolumne,109,53932,0,0,0,0,0
2020-02-14,Ventura,111,848112,2,0,0,0,0
2020-02-14,Yolo,113,214977,1,0,0,0,0
2020-02-14,Yuba,115,75493,0,0,0,0,0
2020-02-13,Alameda,1,1643700,4,0,0,0,0
2020-02-13,Alpine,3,1148,0,0,0,0,0
2020-02-13,Amador,5,37829,0,0,0,0,0
2020-02-13,Butte,7,227075,0,0,0,0,0
2020-02-13,Calaveras,9,45235,0,0,0,0,0
2020-02-13,Colusa,11,21464,0,0,0,0,0
2020-02-13,Contra Costa,13,1133247,3,0,0,0,0
2020-02-13,Del Norte,15,27424,0,0,0,0,0
2020-02-13,El Dorado,17,186661,0,0,0,0,0
2020-02-13,Fresno,19,978130,0,0,0,0,0
2020-02-13,Glenn,21,27897,0,0,0,0,0
2020-02-13,Humboldt,23,135768,1,0,0,0,0
2020-02-13,Imperial,25,180216,1,0,0,0,0
2020-02-13,Inyo,27,18085,0,0,0,0,0
2020-02-13,Kern,29,883053,2,0,0,0,0
2020-02-13,Kings,31,150075,1,0,0,0,0
2020-02-13,Lake,33,64148,0,0,0,0,0
2020-02-13,Lassen,35,31185,0,0,0,0,0
2020-02-13,Los Angeles,37,10098052,31,1,7,8,0
2020-02-13,Madera,39,155013,0,0,0,0,0
2020-02-13,Marin,41,260295,0,0,0,0,0
2020-02-13,Mariposa,43,17540,0,0,0,0,0
2020-02-13,Mendocino,45,87422,0,0,0,0,0
2020-02-13,Merced,47,269075,0,0,0,0,0
2020-02-13,Modoc,49,8938,0,0,0,0,0
2020-02-13,Mono,51,14174,0,0,0,0,0
2020-02-13,Monterey,53,433212,0,0,0,0,0
2020-02-13,Napa,55,140530,0,0,0,0,0
2020-02-13,Nevada,57,99092,0,0,0,0,0
2020-02-13,Orange,59,3164182,39,1,0,1,0
2020-02-13,Placer,61,380077,0,0,0,0,0
2020-02-13,Plumas,63,18699,0,0,0,0,0
2020-02-13,Riverside,65,2383286,4,0,0,0,0
2020-02-13,Sacramento,67,1510023,1,0,0,0,0
2020-02-13,San Benito,69,59416,0,2,0,2,0
2020-02-13,San Bernardino,71,2135413,7,0,0,0,0
2020-02-13,San Diego,73,3302833,2,2,0,2,0
2020-02-13,San Francisco,75,870044,2,0,0,0,0
2020-02-13,San Joaquin,77,732212,1,0,1,1,0
2020-02-13,San Luis Obispo,79,281455,0,0,0,0,0
2020-02-13,San Mateo,81,765935,2,0,0,0,0
2020-02-13,Santa Barbara,83,443738,0,0,0,0,0
2020-02-13,Santa Clara,85,1922200,7,2,0,2,0
2020-02-13,Santa Cruz,87,273765,0,0,0,0,0
2020-02-13,Shasta,89,179085,0,0,0,0,0
2020-02-13,Sierra,91,2930,0,0,0,0,0
2020-02-13,Siskiyou,93,43540,0,0,0,0,0
2020-02-13,Solano,95,438530,0,0,0,0,0
2020-02-13,Sonoma,97,501317,0,0,0,0,0
2020-02-13,Stanislaus,99,539301,1,0,1,1,0
2020-02-13,Sutter,101,95872,0,0,0,0,0
2020-02-13,Tehama,103,63373,0,0,0,0,0
2020-02-13,Trinity,105,12862,0,0,0,0,0
2020-02-13,Tulare,107,460477,2,0,0,0,0
2020-02-13,Tuolumne,109,53932,0,0,0,0,0
2020-02-13,Ventura,111,848112,2,0,0,0,0
2020-02-13,Yolo,113,214977,1,0,0,0,0
2020-02-13,Yuba,115,75493,0,0,0,0,0
2020-02-12,Alameda,1,1643700,4,0,0,0,0
2020-02-12,Alpine,3,1148,0,0,0,0,0
2020-02-12,Amador,5,37829,0,0,0,0,0
2020-02-12,Butte,7,227075,0,0,0,0,0
2020-02-12,Calaveras,9,45235,0,0,0,0,0
2020-02-12,Colusa,11,21464,0,0,0,0,0
2020-02-12,Contra Costa,13,1133247,3,0,0,0,0
2020-02-12,Del Norte,15,27424,0,0,0,0,0
2020-02-12,El Dorado,17,186661,0,0,0,0,0
2020-02-12,Fresno,19,978130,0,0,0,0,0
2020-02-12,Glenn,21,27897,0,0,0,0,0
2020-02-12,Humboldt,23,135768,1,0,0,0,0
2020-02-12,Imperial,25,180216,1,0,0,0,0
2020-02-12,Inyo,27,18085,0,0,0,0,0
2020-02-12,Kern,29,883053,2,0,0,0,0
2020-02-12,Kings,31,150075,1,0,0,0,0
2020-02-12,Lake,33,64148,0,0,0,0,0
2020-02-12,Lassen,35,31185,0,0,0,0,0
2020-02-12,Los Angeles,37,10098052,29,1,7,8,0
2020-02-12,Madera,39,155013,0,0,0,0,0
2020-02-12,Marin,41,260295,0,0,0,0,0
2020-02-12,Mariposa,43,17540,0,0,0,0,0
2020-02-12,Mendocino,45,87422,0,0,0,0,0
2020-02-12,Merced,47,269075,0,0,0,0,0
2020-02-12,Modoc,49,8938,0,0,0,0,0
2020-02-12,Mono,51,14174,0,0,0,0,0
2020-02-12,Monterey,53,433212,0,0,0,0,0
2020-02-12,Napa,55,140530,0,0,0,0,0
2020-02-12,Nevada,57,99092,0,0,0,0,0
2020-02-12,Orange,59,3164182,39,1,0,1,0
2020-02-12,Placer,61,380077,0,0,0,0,0
2020-02-12,Plumas,63,18699,0,0,0,0,0
2020-02-12,Riverside,65,2383286,4,0,0,0,0
2020-02-12,Sacramento,67,1510023,1,0,0,0,0
2020-02-12,San Benito,69,59416,0,2,0,2,0
2020-02-12,San Bernardino,71,2135413,7,0,0,0,0
2020-02-12,San Diego,73,3302833,2,2,0,2,0
2020-02-12,San Francisco,75,870044,2,0,0,0,0
2020-02-12,San Joaquin,77,732212,1,0,1,1,0
2020-02-12,San Luis Obispo,79,281455,0,0,0,0,0
2020-02-12,San Mateo,81,765935,2,0,0,0,0
2020-02-12,Santa Barbara,83,443738,0,0,0,0,0
2020-02-12,Santa Clara,85,1922200,6,2,0,2,0
2020-02-12,Santa Cruz,87,273765,0,0,0,0,0
2020-02-12,Shasta,89,179085,0,0,0,0,0
2020-02-12,Sierra,91,2930,0,0,0,0,0
2020-02-12,Siskiyou,93,43540,0,0,0,0,0
2020-02-12,Solano,95,438530,0,0,0,0,0
2020-02-12,Sonoma,97,501317,0,0,0,0,0
2020-02-12,Stanislaus,99,539301,1,0,1,1,0
2020-02-12,Sutter,101,95872,0,0,0,0,0
2020-02-12,Tehama,103,63373,0,0,0,0,0
2020-02-12,Trinity,105,12862,0,0,0,0,0
2020-02-12,Tulare,107,460477,2,0,0,0,0
2020-02-12,Tuolumne,109,53932,0,0,0,0,0
2020-02-12,Ventura,111,848112,2,0,0,0,0
2020-02-12,Yolo,113,214977,1,0,0,0,0
2020-02-12,Yuba,115,75493,0,0,0,0,0
2020-02-11,Alameda,1,1643700,4,0,0,0,0
2020-02-11,Alpine,3,1148,0,0,0,0,0
2020-02-11,Amador,5,37829,0,0,0,0,0
2020-02-11,Butte,7,227075,0,0,0,0,0
2020-02-11,Calaveras,9,45235,0,0,0,0,0
2020-02-11,Colusa,11,21464,0,0,0,0,0
2020-02-11,Contra Costa,13,1133247,3,0,0,0,0
2020-02-11,Del Norte,15,27424,0,0,0,0,0
2020-02-11,El Dorado,17,186661,0,0,0,0,0
2020-02-11,Fresno,19,978130,0,0,0,0,0
2020-02-11,Glenn,21,27897,0,0,0,0,0
2020-02-11,Humboldt,23,135768,1,0,0,0,0
2020-02-11,Imperial,25,180216,1,0,0,0,0
2020-02-11,Inyo,27,18085,0,0,0,0,0
2020-02-11,Kern,29,883053,2,0,0,0,0
2020-02-11,Kings,31,150075,1,0,0,0,0
2020-02-11,Lake,33,64148,0,0,0,0,0
2020-02-11,Lassen,35,31185,0,0,0,0,0
2020-02-11,Los Angeles,37,10098052,28,1,6,7,0
2020-02-11,Madera,39,155013,0,0,0,0,0
2020-02-11,Marin,41,260295,0,0,0,0,0
2020-02-11,Mariposa,43,17540,0,0,0,0,0
2020-02-11,Mendocino,45,87422,0,0,0,0,0
2020-02-11,Merced,47,269075,0,0,0,0,0
2020-02-11,Modoc,49,8938,0,0,0,0,0
2020-02-11,Mono,51,14174,0,0,0,0,0
2020-02-11,Monterey,53,433212,0,0,0,0,0
2020-02-11,Napa,55,140530,0,0,0,0,0
2020-02-11,Nevada,57,99092,0,0,0,0,0
2020-02-11,Orange,59,3164182,38,1,0,1,0
2020-02-11,Placer,61,380077,0,0,0,0,0
2020-02-11,Plumas,63,18699,0,0,0,0,0
2020-02-11,Riverside,65,2383286,4,0,0,0,0
2020-02-11,Sacramento,67,1510023,1,0,0,0,0
2020-02-11,San Benito,69,59416,0,2,0,2,0
2020-02-11,San Bernardino,71,2135413,7,0,0,0,0
2020-02-11,San Diego,73,3302833,2,1,0,1,0
2020-02-11,San Francisco,75,870044,2,0,0,0,0
2020-02-11,San Joaquin,77,732212,0,0,1,1,0
2020-02-11,San Luis Obispo,79,281455,0,0,0,0,0
2020-02-11,San Mateo,81,765935,2,0,0,0,0
2020-02-11,Santa Barbara,83,443738,0,0,0,0,0
2020-02-11,Santa Clara,85,1922200,5,2,0,2,0
2020-02-11,Santa Cruz,87,273765,0,0,0,0,0
2020-02-11,Shasta,89,179085,0,0,0,0,0
2020-02-11,Sierra,91,2930,0,0,0,0,0
2020-02-11,Siskiyou,93,43540,0,0,0,0,0
2020-02-11,Solano,95,438530,0,0,0,0,0
2020-02-11,Sonoma,97,501317,0,0,0,0,0
2020-02-11,Stanislaus,99,539301,1,0,1,1,0
2020-02-11,Sutter,101,95872,0,0,0,0,0
2020-02-11,Tehama,103,63373,0,0,0,0,0
2020-02-11,Trinity,105,12862,0,0,0,0,0
2020-02-11,Tulare,107,460477,2,0,0,0,0
2020-02-11,Tuolumne,109,53932,0,0,0,0,0
2020-02-11,Ventura,111,848112,2,0,0,0,0
2020-02-11,Yolo,113,214977,1,0,0,0,0
2020-02-11,Yuba,115,75493,0,0,0,0,0
2020-02-10,Alameda,1,1643700,4,0,0,0,0
2020-02-10,Alpine,3,1148,0,0,0,0,0
2020-02-10,Amador,5,37829,0,0,0,0,0
2020-02-10,Butte,7,227075,0,0,0,0,0
2020-02-10,Calaveras,9,45235,0,0,0,0,0
2020-02-10,Colusa,11,21464,0,0,0,0,0
2020-02-10,Contra Costa,13,1133247,3,0,0,0,0
2020-02-10,Del Norte,15,27424,0,0,0,0,0
2020-02-10,El Dorado,17,186661,0,0,0,0,0
2020-02-10,Fresno,19,978130,0,0,0,0,0
2020-02-10,Glenn,21,27897,0,0,0,0,0
2020-02-10,Humboldt,23,135768,0,0,0,0,0
2020-02-10,Imperial,25,180216,1,0,0,0,0
2020-02-10,Inyo,27,18085,0,0,0,0,0
2020-02-10,Kern,29,883053,2,0,0,0,0
2020-02-10,Kings,31,150075,1,0,0,0,0
2020-02-10,Lake,33,64148,0,0,0,0,0
2020-02-10,Lassen,35,31185,0,0,0,0,0
2020-02-10,Los Angeles,37,10098052,26,1,6,7,0
2020-02-10,Madera,39,155013,0,0,0,0,0
2020-02-10,Marin,41,260295,0,0,0,0,0
2020-02-10,Mariposa,43,17540,0,0,0,0,0
2020-02-10,Mendocino,45,87422,0,0,0,0,0
2020-02-10,Merced,47,269075,0,0,0,0,0
2020-02-10,Modoc,49,8938,0,0,0,0,0
2020-02-10,Mono,51,14174,0,0,0,0,0
2020-02-10,Monterey,53,433212,0,0,0,0,0
2020-02-10,Napa,55,140530,0,0,0,0,0
2020-02-10,Nevada,57,99092,0,0,0,0,0
2020-02-10,Orange,59,3164182,38,1,0,1,0
2020-02-10,Placer,61,380077,0,0,0,0,0
2020-02-10,Plumas,63,18699,0,0,0,0,0
2020-02-10,Riverside,65,2383286,4,0,0,0,0
2020-02-10,Sacramento,67,1510023,1,0,0,0,0
2020-02-10,San Benito,69,59416,0,2,0,2,0
2020-02-10,San Bernardino,71,2135413,6,0,0,0,0
2020-02-10,San Diego,73,3302833,2,0,0,0,0
2020-02-10,San Francisco,75,870044,2,0,0,0,0
2020-02-10,San Joaquin,77,732212,0,0,1,1,0
2020-02-10,San Luis Obispo,79,281455,0,0,0,0,0
2020-02-10,San Mateo,81,765935,2,0,0,0,0
2020-02-10,Santa Barbara,83,443738,0,0,0,0,0
2020-02-10,Santa Clara,85,1922200,5,2,0,2,0
2020-02-10,Santa Cruz,87,273765,0,0,0,0,0
2020-02-10,Shasta,89,179085,0,0,0,0,0
2020-02-10,Sierra,91,2930,0,0,0,0,0
2020-02-10,Siskiyou,93,43540,0,0,0,0,0
2020-02-10,Solano,95,438530,0,0,0,0,0
2020-02-10,Sonoma,97,501317,0,0,0,0,0
2020-02-10,Stanislaus,99,539301,1,0,0,0,0
2020-02-10,Sutter,101,95872,0,0,0,0,0
2020-02-10,Tehama,103,63373,0,0,0,0,0
2020-02-10,Trinity,105,12862,0,0,0,0,0
2020-02-10,Tulare,107,460477,2,0,0,0,0
2020-02-10,Tuolumne,109,53932,0,0,0,0,0
2020-02-10,Ventura,111,848112,2,0,0,0,0
2020-02-10,Yolo,113,214977,1,0,0,0,0
2020-02-10,Yuba,115,75493,0,0,0,0,0
2020-02-09,Alameda,1,1643700,4,0,0,0,0
2020-02-09,Alpine,3,1148,0,0,0,0,0
2020-02-09,Amador,5,37829,0,0,0,0,0
2020-02-09,Butte,7,227075,0,0,0,0,0
2020-02-09,Calaveras,9,45235,0,0,0,0,0
2020-02-09,Colusa,11,21464,0,0,0,0,0
2020-02-09,Contra Costa,13,1133247,3,0,0,0,0
2020-02-09,Del Norte,15,27424,0,0,0,0,0
2020-02-09,El Dorado,17,186661,0,0,0,0,0
2020-02-09,Fresno,19,978130,0,0,0,0,0
2020-02-09,Glenn,21,27897,0,0,0,0,0
2020-02-09,Humboldt,23,135768,0,0,0,0,0
2020-02-09,Imperial,25,180216,1,0,0,0,0
2020-02-09,Inyo,27,18085,0,0,0,0,0
2020-02-09,Kern,29,883053,2,0,0,0,0
2020-02-09,Kings,31,150075,1,0,0,0,0
2020-02-09,Lake,33,64148,0,0,0,0,0
2020-02-09,Lassen,35,31185,0,0,0,0,0
2020-02-09,Los Angeles,37,10098052,24,1,6,7,0
2020-02-09,Madera,39,155013,0,0,0,0,0
2020-02-09,Marin,41,260295,0,0,0,0,0
2020-02-09,Mariposa,43,17540,0,0,0,0,0
2020-02-09,Mendocino,45,87422,0,0,0,0,0
2020-02-09,Merced,47,269075,0,0,0,0,0
2020-02-09,Modoc,49,8938,0,0,0,0,0
2020-02-09,Mono,51,14174,0,0,0,0,0
2020-02-09,Monterey,53,433212,0,0,0,0,0
2020-02-09,Napa,55,140530,0,0,0,0,0
2020-02-09,Nevada,57,99092,0,0,0,0,0
2020-02-09,Orange,59,3164182,37,1,0,1,0
2020-02-09,Placer,61,380077,0,0,0,0,0
2020-02-09,Plumas,63,18699,0,0,0,0,0
2020-02-09,Riverside,65,2383286,4,0,0,0,0
2020-02-09,Sacramento,67,1510023,0,0,0,0,0
2020-02-09,San Benito,69,59416,0,2,0,2,0
2020-02-09,San Bernardino,71,2135413,6,0,0,0,0
2020-02-09,San Diego,73,3302833,2,0,0,0,0
2020-02-09,San Francisco,75,870044,1,0,0,0,0
2020-02-09,San Joaquin,77,732212,0,0,1,1,0
2020-02-09,San Luis Obispo,79,281455,0,0,0,0,0
2020-02-09,San Mateo,81,765935,2,0,0,0,0
2020-02-09,Santa Barbara,83,443738,0,0,0,0,0
2020-02-09,Santa Clara,85,1922200,4,2,0,2,0
2020-02-09,Santa Cruz,87,273765,0,0,0,0,0
2020-02-09,Shasta,89,179085,0,0,0,0,0
2020-02-09,Sierra,91,2930,0,0,0,0,0
2020-02-09,Siskiyou,93,43540,0,0,0,0,0
2020-02-09,Solano,95,438530,0,0,0,0,0
2020-02-09,Sonoma,97,501317,0,0,0,0,0
2020-02-09,Stanislaus,99,539301,0,0,0,0,0
2020-02-09,Sutter,101,95872,0,0,0,0,0
2020-02-09,Tehama,103,63373,0,0,0,0,0
2020-02-09,Trinity,105,12862,0,0,0,0,0
2020-02-09,Tulare,107,460477,2,0,0,0,0
2020-02-09,Tuolumne,109,53932,0,0,0,0,0
2020-02-09,Ventura,111,848112,1,0,0,0,0
2020-02-09,Yolo,113,214977,1,0,0,0,0
2020-02-09,Yuba,115,75493,0,0,0,0,0
2020-02-08,Alameda,1,1643700,3,0,0,0,0
2020-02-08,Alpine,3,1148,0,0,0,0,0
2020-02-08,Amador,5,37829,0,0,0,0,0
2020-02-08,Butte,7,227075,0,0,0,0,0
2020-02-08,Calaveras,9,45235,0,0,0,0,0
2020-02-08,Colusa,11,21464,0,0,0,0,0
2020-02-08,Contra Costa,13,1133247,2,0,0,0,0
2020-02-08,Del Norte,15,27424,0,0,0,0,0
2020-02-08,El Dorado,17,186661,0,0,0,0,0
2020-02-08,Fresno,19,978130,0,0,0,0,0
2020-02-08,Glenn,21,27897,0,0,0,0,0
2020-02-08,Humboldt,23,135768,0,0,0,0,0
2020-02-08,Imperial,25,180216,1,0,0,0,0
2020-02-08,Inyo,27,18085,0,0,0,0,0
2020-02-08,Kern,29,883053,2,0,0,0,0
2020-02-08,Kings,31,150075,1,0,0,0,0
2020-02-08,Lake,33,64148,0,0,0,0,0
2020-02-08,Lassen,35,31185,0,0,0,0,0
2020-02-08,Los Angeles,37,10098052,21,1,3,4,0
2020-02-08,Madera,39,155013,0,0,0,0,0
2020-02-08,Marin,41,260295,0,0,0,0,0
2020-02-08,Mariposa,43,17540,0,0,0,0,0
2020-02-08,Mendocino,45,87422,0,0,0,0,0
2020-02-08,Merced,47,269075,0,0,0,0,0
2020-02-08,Modoc,49,8938,0,0,0,0,0
2020-02-08,Mono,51,14174,0,0,0,0,0
2020-02-08,Monterey,53,433212,0,0,0,0,0
2020-02-08,Napa,55,140530,0,0,0,0,0
2020-02-08,Nevada,57,99092,0,0,0,0,0
2020-02-08,Orange,59,3164182,37,1,0,1,0
2020-02-08,Placer,61,380077,0,0,0,0,0
2020-02-08,Plumas,63,18699,0,0,0,0,0
2020-02-08,Riverside,65,2383286,4,0,0,0,0
2020-02-08,Sacramento,67,1510023,0,0,0,0,0
2020-02-08,San Benito,69,59416,0,2,0,2,0
2020-02-08,San Bernardino,71,2135413,6,0,0,0,0
2020-02-08,San Diego,73,3302833,1,0,0,0,0
2020-02-08,San Francisco,75,870044,1,0,0,0,0
2020-02-08,San Joaquin,77,732212,0,0,1,1,0
2020-02-08,San Luis Obispo,79,281455,0,0,0,0,0
2020-02-08,San Mateo,81,765935,2,0,0,0,0
2020-02-08,Santa Barbara,83,443738,0,0,0,0,0
2020-02-08,Santa Clara,85,1922200,4,2,0,2,0
2020-02-08,Santa Cruz,87,273765,0,0,0,0,0
2020-02-08,Shasta,89,179085,0,0,0,0,0
2020-02-08,Sierra,91,2930,0,0,0,0,0
2020-02-08,Siskiyou,93,43540,0,0,0,0,0
2020-02-08,Solano,95,438530,0,0,0,0,0
2020-02-08,Sonoma,97,501317,0,0,0,0,0
2020-02-08,Stanislaus,99,539301,0,0,0,0,0
2020-02-08,Sutter,101,95872,0,0,0,0,0
2020-02-08,Tehama,103,63373,0,0,0,0,0
2020-02-08,Trinity,105,12862,0,0,0,0,0
2020-02-08,Tulare,107,460477,2,0,0,0,0
2020-02-08,Tuolumne,109,53932,0,0,0,0,0
2020-02-08,Ventura,111,848112,1,0,0,0,0
2020-02-08,Yolo,113,214977,1,0,0,0,0
2020-02-08,Yuba,115,75493,0,0,0,0,0
2020-02-07,Alameda,1,1643700,3,0,0,0,0
2020-02-07,Alpine,3,1148,0,0,0,0,0
2020-02-07,Amador,5,37829,0,0,0,0,0
2020-02-07,Butte,7,227075,0,0,0,0,0
2020-02-07,Calaveras,9,45235,0,0,0,0,0
2020-02-07,Colusa,11,21464,0,0,0,0,0
2020-02-07,Contra Costa,13,1133247,2,0,0,0,0
2020-02-07,Del Norte,15,27424,0,0,0,0,0
2020-02-07,El Dorado,17,186661,0,0,0,0,0
2020-02-07,Fresno,19,978130,0,0,0,0,0
2020-02-07,Glenn,21,27897,0,0,0,0,0
2020-02-07,Humboldt,23,135768,0,0,0,0,0
2020-02-07,Imperial,25,180216,1,0,0,0,0
2020-02-07,Inyo,27,18085,0,0,0,0,0
2020-02-07,Kern,29,883053,2,0,0,0,0
2020-02-07,Kings,31,150075,1,0,0,0,0
2020-02-07,Lake,33,64148,0,0,0,0,0
2020-02-07,Lassen,35,31185,0,0,0,0,0
2020-02-07,Los Angeles,37,10098052,20,1,2,3,0
2020-02-07,Madera,39,155013,0,0,0,0,0
2020-02-07,Marin,41,260295,0,0,0,0,0
2020-02-07,Mariposa,43,17540,0,0,0,0,0
2020-02-07,Mendocino,45,87422,0,0,0,0,0
2020-02-07,Merced,47,269075,0,0,0,0,0
2020-02-07,Modoc,49,8938,0,0,0,0,0
2020-02-07,Mono,51,14174,0,0,0,0,0
2020-02-07,Monterey,53,433212,0,0,0,0,0
2020-02-07,Napa,55,140530,0,0,0,0,0
2020-02-07,Nevada,57,99092,0,0,0,0,0
2020-02-07,Orange,59,3164182,35,1,0,1,0
2020-02-07,Placer,61,380077,0,0,0,0,0
2020-02-07,Plumas,63,18699,0,0,0,0,0
2020-02-07,Riverside,65,2383286,4,0,0,0,0
2020-02-07,Sacramento,67,1510023,0,0,0,0,0
2020-02-07,San Benito,69,59416,0,2,0,2,0
2020-02-07,San Bernardino,71,2135413,3,0,0,0,0
2020-02-07,San Diego,73,3302833,1,0,0,0,0
2020-02-07,San Francisco,75,870044,1,0,0,0,0
2020-02-07,San Joaquin,77,732212,0,0,1,1,0
2020-02-07,San Luis Obispo,79,281455,0,0,0,0,0
2020-02-07,San Mateo,81,765935,1,0,0,0,0
2020-02-07,Santa Barbara,83,443738,0,0,0,0,0
2020-02-07,Santa Clara,85,1922200,4,2,0,2,0
2020-02-07,Santa Cruz,87,273765,0,0,0,0,0
2020-02-07,Shasta,89,179085,0,0,0,0,0
2020-02-07,Sierra,91,2930,0,0,0,0,0
2020-02-07,Siskiyou,93,43540,0,0,0,0,0
2020-02-07,Solano,95,438530,0,0,0,0,0
2020-02-07,Sonoma,97,501317,0,0,0,0,0
2020-02-07,Stanislaus,99,539301,0,0,0,0,0
2020-02-07,Sutter,101,95872,0,0,0,0,0
2020-02-07,Tehama,103,63373,0,0,0,0,0
2020-02-07,Trinity,105,12862,0,0,0,0,0
2020-02-07,Tulare,107,460477,2,0,0,0,0
2020-02-07,Tuolumne,109,53932,0,0,0,0,0
2020-02-07,Ventura,111,848112,1,0,0,0,0
2020-02-07,Yolo,113,214977,1,0,0,0,0
2020-02-07,Yuba,115,75493,0,0,0,0,0
2020-02-06,Alameda,1,1643700,3,0,0,0,0
2020-02-06,Alpine,3,1148,0,0,0,0,0
2020-02-06,Amador,5,37829,0,0,0,0,0
2020-02-06,Butte,7,227075,0,0,0,0,0
2020-02-06,Calaveras,9,45235,0,0,0,0,0
2020-02-06,Colusa,11,21464,0,0,0,0,0
2020-02-06,Contra Costa,13,1133247,2,0,0,0,0
2020-02-06,Del Norte,15,27424,0,0,0,0,0
2020-02-06,El Dorado,17,186661,0,0,0,0,0
2020-02-06,Fresno,19,978130,0,0,0,0,0
2020-02-06,Glenn,21,27897,0,0,0,0,0
2020-02-06,Humboldt,23,135768,0,0,0,0,0
2020-02-06,Imperial,25,180216,1,0,0,0,0
2020-02-06,Inyo,27,18085,0,0,0,0,0
2020-02-06,Kern,29,883053,2,0,0,0,0
2020-02-06,Kings,31,150075,0,0,0,0,0
2020-02-06,Lake,33,64148,0,0,0,0,0
2020-02-06,Lassen,35,31185,0,0,0,0,0
2020-02-06,Los Angeles,37,10098052,18,1,2,3,0
2020-02-06,Madera,39,155013,0,0,0,0,0
2020-02-06,Marin,41,260295,0,0,0,0,0
2020-02-06,Mariposa,43,17540,0,0,0,0,0
2020-02-06,Mendocino,45,87422,0,0,0,0,0
2020-02-06,Merced,47,269075,0,0,0,0,0
2020-02-06,Modoc,49,8938,0,0,0,0,0
2020-02-06,Mono,51,14174,0,0,0,0,0
2020-02-06,Monterey,53,433212,0,0,0,0,0
2020-02-06,Napa,55,140530,0,0,0,0,0
2020-02-06,Nevada,57,99092,0,0,0,0,0
2020-02-06,Orange,59,3164182,5,1,0,1,0
2020-02-06,Placer,61,380077,0,0,0,0,0
2020-02-06,Plumas,63,18699,0,0,0,0,0
2020-02-06,Riverside,65,2383286,4,0,0,0,0
2020-02-06,Sacramento,67,1510023,0,0,0,0,0
2020-02-06,San Benito,69,59416,0,2,0,2,0
2020-02-06,San Bernardino,71,2135413,3,0,0,0,0
2020-02-06,San Diego,73,3302833,1,0,0,0,0
2020-02-06,San Francisco,75,870044,1,0,0,0,0
2020-02-06,San Joaquin,77,732212,0,0,1,1,0
2020-02-06,San Luis Obispo,79,281455,0,0,0,0,0
2020-02-06,San Mateo,81,765935,1,0,0,0,0
2020-02-06,Santa Barbara,83,443738,0,0,0,0,0
2020-02-06,Santa Clara,85,1922200,4,2,0,2,0
2020-02-06,Santa Cruz,87,273765,0,0,0,0,0
2020-02-06,Shasta,89,179085,0,0,0,0,0
2020-02-06,Sierra,91,2930,0,0,0,0,0
2020-02-06,Siskiyou,93,43540,0,0,0,0,0
2020-02-06,Solano,95,438530,0,0,0,0,0
2020-02-06,Sonoma,97,501317,0,0,0,0,0
2020-02-06,Stanislaus,99,539301,0,0,0,0,0
2020-02-06,Sutter,101,95872,0,0,0,0,0
2020-02-06,Tehama,103,63373,0,0,0,0,0
2020-02-06,Trinity,105,12862,0,0,0,0,0
2020-02-06,Tulare,107,460477,2,0,0,0,0
2020-02-06,Tuolumne,109,53932,0,0,0,0,0
2020-02-06,Ventura,111,848112,1,0,0,0,0
2020-02-06,Yolo,113,214977,1,0,0,0,0
2020-02-06,Yuba,115,75493,0,0,0,0,0
2020-02-05,Alameda,1,1643700,3,0,0,0,0
2020-02-05,Alpine,3,1148,0,0,0,0,0
2020-02-05,Amador,5,37829,0,0,0,0,0
2020-02-05,Butte,7,227075,0,0,0,0,0
2020-02-05,Calaveras,9,45235,0,0,0,0,0
2020-02-05,Colusa,11,21464,0,0,0,0,0
2020-02-05,Contra Costa,13,1133247,2,0,0,0,0
2020-02-05,Del Norte,15,27424,0,0,0,0,0
2020-02-05,El Dorado,17,186661,0,0,0,0,0
2020-02-05,Fresno,19,978130,0,0,0,0,0
2020-02-05,Glenn,21,27897,0,0,0,0,0
2020-02-05,Humboldt,23,135768,0,0,0,0,0
2020-02-05,Imperial,25,180216,1,0,0,0,0
2020-02-05,Inyo,27,18085,0,0,0,0,0
2020-02-05,Kern,29,883053,1,0,0,0,0
2020-02-05,Kings,31,150075,0,0,0,0,0
2020-02-05,Lake,33,64148,0,0,0,0,0
2020-02-05,Lassen,35,31185,0,0,0,0,0
2020-02-05,Los Angeles,37,10098052,18,1,1,2,0
2020-02-05,Madera,39,155013,0,0,0,0,0
2020-02-05,Marin,41,260295,0,0,0,0,0
2020-02-05,Mariposa,43,17540,0,0,0,0,0
2020-02-05,Mendocino,45,87422,0,0,0,0,0
2020-02-05,Merced,47,269075,0,0,0,0,0
2020-02-05,Modoc,49,8938,0,0,0,0,0
2020-02-05,Mono,51,14174,0,0,0,0,0
2020-02-05,Monterey,53,433212,0,0,0,0,0
2020-02-05,Napa,55,140530,0,0,0,0,0
2020-02-05,Nevada,57,99092,0,0,0,0,0
2020-02-05,Orange,59,3164182,4,1,0,1,0
2020-02-05,Placer,61,380077,0,0,0,0,0
2020-02-05,Plumas,63,18699,0,0,0,0,0
2020-02-05,Riverside,65,2383286,4,0,0,0,0
2020-02-05,Sacramento,67,1510023,0,0,0,0,0
2020-02-05,San Benito,69,59416,0,2,0,2,0
2020-02-05,San Bernardino,71,2135413,3,0,0,0,0
2020-02-05,San Diego,73,3302833,0,0,0,0,0
2020-02-05,San Francisco,75,870044,1,0,0,0,0
2020-02-05,San Joaquin,77,732212,0,0,1,1,0
2020-02-05,San Luis Obispo,79,281455,0,0,0,0,0
2020-02-05,San Mateo,81,765935,1,0,0,0,0
2020-02-05,Santa Barbara,83,443738,0,0,0,0,0
2020-02-05,Santa Clara,85,1922200,2,2,0,2,0
2020-02-05,Santa Cruz,87,273765,0,0,0,0,0
2020-02-05,Shasta,89,179085,0,0,0,0,0
2020-02-05,Sierra,91,2930,0,0,0,0,0
2020-02-05,Siskiyou,93,43540,0,0,0,0,0
2020-02-05,Solano,95,438530,0,0,0,0,0
2020-02-05,Sonoma,97,501317,0,0,0,0,0
2020-02-05,Stanislaus,99,539301,0,0,0,0,0
2020-02-05,Sutter,101,95872,0,0,0,0,0
2020-02-05,Tehama,103,63373,0,0,0,0,0
2020-02-05,Trinity,105,12862,0,0,0,0,0
2020-02-05,Tulare,107,460477,2,0,0,0,0
2020-02-05,Tuolumne,109,53932,0,0,0,0,0
2020-02-05,Ventura,111,848112,0,0,0,0,0
2020-02-05,Yolo,113,214977,1,0,0,0,0
2020-02-05,Yuba,115,75493,0,0,0,0,0
2020-02-04,Alameda,1,1643700,3,0,0,0,0
2020-02-04,Alpine,3,1148,0,0,0,0,0
2020-02-04,Amador,5,37829,0,0,0,0,0
2020-02-04,Butte,7,227075,0,0,0,0,0
2020-02-04,Calaveras,9,45235,0,0,0,0,0
2020-02-04,Colusa,11,21464,0,0,0,0,0
2020-02-04,Contra Costa,13,1133247,2,0,0,0,0
2020-02-04,Del Norte,15,27424,0,0,0,0,0
2020-02-04,El Dorado,17,186661,0,0,0,0,0
2020-02-04,Fresno,19,978130,0,0,0,0,0
2020-02-04,Glenn,21,27897,0,0,0,0,0
2020-02-04,Humboldt,23,135768,0,0,0,0,0
2020-02-04,Imperial,25,180216,1,0,0,0,0
2020-02-04,Inyo,27,18085,0,0,0,0,0
2020-02-04,Kern,29,883053,0,0,0,0,0
2020-02-04,Kings,31,150075,0,0,0,0,0
2020-02-04,Lake,33,64148,0,0,0,0,0
2020-02-04,Lassen,35,31185,0,0,0,0,0
2020-02-04,Los Angeles,37,10098052,17,1,1,2,0
2020-02-04,Madera,39,155013,0,0,0,0,0
2020-02-04,Marin,41,260295,0,0,0,0,0
2020-02-04,Mariposa,43,17540,0,0,0,0,0
2020-02-04,Mendocino,45,87422,0,0,0,0,0
2020-02-04,Merced,47,269075,0,0,0,0,0
2020-02-04,Modoc,49,8938,0,0,0,0,0
2020-02-04,Mono,51,14174,0,0,0,0,0
2020-02-04,Monterey,53,433212,0,0,0,0,0
2020-02-04,Napa,55,140530,0,0,0,0,0
2020-02-04,Nevada,57,99092,0,0,0,0,0
2020-02-04,Orange,59,3164182,4,1,0,1,0
2020-02-04,Placer,61,380077,0,0,0,0,0
2020-02-04,Plumas,63,18699,0,0,0,0,0
2020-02-04,Riverside,65,2383286,4,0,0,0,0
2020-02-04,Sacramento,67,1510023,0,0,0,0,0
2020-02-04,San Benito,69,59416,0,2,0,2,0
2020-02-04,San Bernardino,71,2135413,2,0,0,0,0
2020-02-04,San Diego,73,3302833,0,0,0,0,0
2020-02-04,San Francisco,75,870044,1,0,0,0,0
2020-02-04,San Joaquin,77,732212,0,0,1,1,0
2020-02-04,San Luis Obispo,79,281455,0,0,0,0,0
2020-02-04,San Mateo,81,765935,0,0,0,0,0
2020-02-04,Santa Barbara,83,443738,0,0,0,0,0
2020-02-04,Santa Clara,85,1922200,2,2,0,2,0
2020-02-04,Santa Cruz,87,273765,0,0,0,0,0
2020-02-04,Shasta,89,179085,0,0,0,0,0
2020-02-04,Sierra,91,2930,0,0,0,0,0
2020-02-04,Siskiyou,93,43540,0,0,0,0,0
2020-02-04,Solano,95,438530,0,0,0,0,0
2020-02-04,Sonoma,97,501317,0,0,0,0,0
2020-02-04,Stanislaus,99,539301,0,0,0,0,0
2020-02-04,Sutter,101,95872,0,0,0,0,0
2020-02-04,Tehama,103,63373,0,0,0,0,0
2020-02-04,Trinity,105,12862,0,0,0,0,0
2020-02-04,Tulare,107,460477,2,0,0,0,0
2020-02-04,Tuolumne,109,53932,0,0,0,0,0
2020-02-04,Ventura,111,848112,0,0,0,0,0
2020-02-04,Yolo,113,214977,1,0,0,0,0
2020-02-04,Yuba,115,75493,0,0,0,0,0
2020-02-03,Alameda,1,1643700,3,0,0,0,0
2020-02-03,Alpine,3,1148,0,0,0,0,0
2020-02-03,Amador,5,37829,0,0,0,0,0
2020-02-03,Butte,7,227075,0,0,0,0,0
2020-02-03,Calaveras,9,45235,0,0,0,0,0
2020-02-03,Colusa,11,21464,0,0,0,0,0
2020-02-03,Contra Costa,13,1133247,2,0,0,0,0
2020-02-03,Del Norte,15,27424,0,0,0,0,0
2020-02-03,El Dorado,17,186661,0,0,0,0,0
2020-02-03,Fresno,19,978130,0,0,0,0,0
2020-02-03,Glenn,21,27897,0,0,0,0,0
2020-02-03,Humboldt,23,135768,0,0,0,0,0
2020-02-03,Imperial,25,180216,1,0,0,0,0
2020-02-03,Inyo,27,18085,0,0,0,0,0
2020-02-03,Kern,29,883053,0,0,0,0,0
2020-02-03,Kings,31,150075,0,0,0,0,0
2020-02-03,Lake,33,64148,0,0,0,0,0
2020-02-03,Lassen,35,31185,0,0,0,0,0
2020-02-03,Los Angeles,37,10098052,17,1,0,1,0
2020-02-03,Madera,39,155013,0,0,0,0,0
2020-02-03,Marin,41,260295,0,0,0,0,0
2020-02-03,Mariposa,43,17540,0,0,0,0,0
2020-02-03,Mendocino,45,87422,0,0,0,0,0
2020-02-03,Merced,47,269075,0,0,0,0,0
2020-02-03,Modoc,49,8938,0,0,0,0,0
2020-02-03,Mono,51,14174,0,0,0,0,0
2020-02-03,Monterey,53,433212,0,0,0,0,0
2020-02-03,Napa,55,140530,0,0,0,0,0
2020-02-03,Nevada,57,99092,0,0,0,0,0
2020-02-03,Orange,59,3164182,3,1,0,1,0
2020-02-03,Placer,61,380077,0,0,0,0,0
2020-02-03,Plumas,63,18699,0,0,0,0,0
2020-02-03,Riverside,65,2383286,4,0,0,0,0
2020-02-03,Sacramento,67,1510023,0,0,0,0,0
2020-02-03,San Benito,69,59416,0,2,0,2,0
2020-02-03,San Bernardino,71,2135413,2,0,0,0,0
2020-02-03,San Diego,73,3302833,0,0,0,0,0
2020-02-03,San Francisco,75,870044,1,0,0,0,0
2020-02-03,San Joaquin,77,732212,0,0,1,1,0
2020-02-03,San Luis Obispo,79,281455,0,0,0,0,0
2020-02-03,San Mateo,81,765935,0,0,0,0,0
2020-02-03,Santa Barbara,83,443738,0,0,0,0,0
2020-02-03,Santa Clara,85,1922200,2,2,0,2,0
2020-02-03,Santa Cruz,87,273765,0,0,0,0,0
2020-02-03,Shasta,89,179085,0,0,0,0,0
2020-02-03,Sierra,91,2930,0,0,0,0,0
2020-02-03,Siskiyou,93,43540,0,0,0,0,0
2020-02-03,Solano,95,438530,0,0,0,0,0
2020-02-03,Sonoma,97,501317,0,0,0,0,0
2020-02-03,Stanislaus,99,539301,0,0,0,0,0
2020-02-03,Sutter,101,95872,0,0,0,0,0
2020-02-03,Tehama,103,63373,0,0,0,0,0
2020-02-03,Trinity,105,12862,0,0,0,0,0
2020-02-03,Tulare,107,460477,2,0,0,0,0
2020-02-03,Tuolumne,109,53932,0,0,0,0,0
2020-02-03,Ventura,111,848112,0,0,0,0,0
2020-02-03,Yolo,113,214977,1,0,0,0,0
2020-02-03,Yuba,115,75493,0,0,0,0,0
2020-02-02,Alameda,1,1643700,3,0,0,0,0
2020-02-02,Alpine,3,1148,0,0,0,0,0
2020-02-02,Amador,5,37829,0,0,0,0,0
2020-02-02,Butte,7,227075,0,0,0,0,0
2020-02-02,Calaveras,9,45235,0,0,0,0,0
2020-02-02,Colusa,11,21464,0,0,0,0,0
2020-02-02,Contra Costa,13,1133247,1,0,0,0,0
2020-02-02,Del Norte,15,27424,0,0,0,0,0
2020-02-02,El Dorado,17,186661,0,0,0,0,0
2020-02-02,Fresno,19,978130,0,0,0,0,0
2020-02-02,Glenn,21,27897,0,0,0,0,0
2020-02-02,Humboldt,23,135768,0,0,0,0,0
2020-02-02,Imperial,25,180216,1,0,0,0,0
2020-02-02,Inyo,27,18085,0,0,0,0,0
2020-02-02,Kern,29,883053,0,0,0,0,0
2020-02-02,Kings,31,150075,0,0,0,0,0
2020-02-02,Lake,33,64148,0,0,0,0,0
2020-02-02,Lassen,35,31185,0,0,0,0,0
2020-02-02,Los Angeles,37,10098052,15,1,0,1,0
2020-02-02,Madera,39,155013,0,0,0,0,0
2020-02-02,Marin,41,260295,0,0,0,0,0
2020-02-02,Mariposa,43,17540,0,0,0,0,0
2020-02-02,Mendocino,45,87422,0,0,0,0,0
2020-02-02,Merced,47,269075,0,0,0,0,0
2020-02-02,Modoc,49,8938,0,0,0,0,0
2020-02-02,Mono,51,14174,0,0,0,0,0
2020-02-02,Monterey,53,433212,0,0,0,0,0
2020-02-02,Napa,55,140530,0,0,0,0,0
2020-02-02,Nevada,57,99092,0,0,0,0,0
2020-02-02,Orange,59,3164182,3,1,0,1,0
2020-02-02,Placer,61,380077,0,0,0,0,0
2020-02-02,Plumas,63,18699,0,0,0,0,0
2020-02-02,Riverside,65,2383286,3,0,0,0,0
2020-02-02,Sacramento,67,1510023,0,0,0,0,0
2020-02-02,San Benito,69,59416,0,2,0,2,0
2020-02-02,San Bernardino,71,2135413,2,0,0,0,0
2020-02-02,San Diego,73,3302833,0,0,0,0,0
2020-02-02,San Francisco,75,870044,1,0,0,0,0
2020-02-02,San Joaquin,77,732212,0,0,1,1,0
2020-02-02,San Luis Obispo,79,281455,0,0,0,0,0
2020-02-02,San Mateo,81,765935,0,0,0,0,0
2020-02-02,Santa Barbara,83,443738,0,0,0,0,0
2020-02-02,Santa Clara,85,1922200,2,2,0,2,0
2020-02-02,Santa Cruz,87,273765,0,0,0,0,0
2020-02-02,Shasta,89,179085,0,0,0,0,0
2020-02-02,Sierra,91,2930,0,0,0,0,0
2020-02-02,Siskiyou,93,43540,0,0,0,0,0
2020-02-02,Solano,95,438530,0,0,0,0,0
2020-02-02,Sonoma,97,501317,0,0,0,0,0
2020-02-02,Stanislaus,99,539301,0,0,0,0,0
2020-02-02,Sutter,101,95872,0,0,0,0,0
2020-02-02,Tehama,103,63373,0,0,0,0,0
2020-02-02,Trinity,105,12862,0,0,0,0,0
2020-02-02,Tulare,107,460477,2,0,0,0,0
2020-02-02,Tuolumne,109,53932,0,0,0,0,0
2020-02-02,Ventura,111,848112,0,0,0,0,0
2020-02-02,Yolo,113,214977,1,0,0,0,0
2020-02-02,Yuba,115,75493,0,0,0,0,0
2020-02-01,Alameda,1,1643700,3,0,0,0,0
2020-02-01,Alpine,3,1148,0,0,0,0,0
2020-02-01,Amador,5,37829,0,0,0,0,0
2020-02-01,Butte,7,227075,0,0,0,0,0
2020-02-01,Calaveras,9,45235,0,0,0,0,0
2020-02-01,Colusa,11,21464,0,0,0,0,0
2020-02-01,Contra Costa,13,1133247,0,0,0,0,0
2020-02-01,Del Norte,15,27424,0,0,0,0,0
2020-02-01,El Dorado,17,186661,0,0,0,0,0
2020-02-01,Fresno,19,978130,0,0,0,0,0
2020-02-01,Glenn,21,27897,0,0,0,0,0
2020-02-01,Humboldt,23,135768,0,0,0,0,0
2020-02-01,Imperial,25,180216,0,0,0,0,0
2020-02-01,Inyo,27,18085,0,0,0,0,0
2020-02-01,Kern,29,883053,0,0,0,0,0
2020-02-01,Kings,31,150075,0,0,0,0,0
2020-02-01,Lake,33,64148,0,0,0,0,0
2020-02-01,Lassen,35,31185,0,0,0,0,0
2020-02-01,Los Angeles,37,10098052,14,1,0,1,0
2020-02-01,Madera,39,155013,0,0,0,0,0
2020-02-01,Marin,41,260295,0,0,0,0,0
2020-02-01,Mariposa,43,17540,0,0,0,0,0
2020-02-01,Mendocino,45,87422,0,0,0,0,0
2020-02-01,Merced,47,269075,0,0,0,0,0
2020-02-01,Modoc,49,8938,0,0,0,0,0
2020-02-01,Mono,51,14174,0,0,0,0,0
2020-02-01,Monterey,53,433212,0,0,0,0,0
2020-02-01,Napa,55,140530,0,0,0,0,0
2020-02-01,Nevada,57,99092,0,0,0,0,0
2020-02-01,Orange,59,3164182,3,1,0,1,0
2020-02-01,Placer,61,380077,0,0,0,0,0
2020-02-01,Plumas,63,18699,0,0,0,0,0
2020-02-01,Riverside,65,2383286,2,0,0,0,0
2020-02-01,Sacramento,67,1510023,0,0,0,0,0
2020-02-01,San Benito,69,59416,0,0,0,0,0
2020-02-01,San Bernardino,71,2135413,1,0,0,0,0
2020-02-01,San Diego,73,3302833,0,0,0,0,0
2020-02-01,San Francisco,75,870044,1,0,0,0,0
2020-02-01,San Joaquin,77,732212,0,0,1,1,0
2020-02-01,San Luis Obispo,79,281455,0,0,0,0,0
2020-02-01,San Mateo,81,765935,0,0,0,0,0
2020-02-01,Santa Barbara,83,443738,0,0,0,0,0
2020-02-01,Santa Clara,85,1922200,2,1,0,1,0
2020-02-01,Santa Cruz,87,273765,0,0,0,0,0
2020-02-01,Shasta,89,179085,0,0,0,0,0
2020-02-01,Sierra,91,2930,0,0,0,0,0
2020-02-01,Siskiyou,93,43540,0,0,0,0,0
2020-02-01,Solano,95,438530,0,0,0,0,0
2020-02-01,Sonoma,97,501317,0,0,0,0,0
2020-02-01,Stanislaus,99,539301,0,0,0,0,0
2020-02-01,Sutter,101,95872,0,0,0,0,0
2020-02-01,Tehama,103,63373,0,0,0,0,0
2020-02-01,Trinity,105,12862,0,0,0,0,0
2020-02-01,Tulare,107,460477,1,0,0,0,0
2020-02-01,Tuolumne,109,53932,0,0,0,0,0
2020-02-01,Ventura,111,848112,0,0,0,0,0
2020-02-01,Yolo,113,214977,0,0,0,0,0
2020-02-01,Yuba,115,75493,0,0,0,0,0
