date,county,fips,population,confirmed_cases,reported_cases,probable_cases,reported_and_probable_cases,reported_deaths
2022-03-27,Alameda,001,1643700,255161,255132,13761,268893,1809
2022-03-27,Alpine,003,1148,124,124,1,125,0
2022-03-27,Amador,005,37829,8517,8480,644,9124,86
2022-03-27,Butte,007,227075,32949,32943,6643,39586,392
2022-03-27,Calaveras,009,45235,7245,7245,357,7602,119
2022-03-27,Colusa,011,21464,3445,3445,1079,4524,21
2022-03-27,Contra Costa,013,1133247,188299,188251,13176,201427,1290
2022-03-27,Del Norte,015,27424,5837,5836,198,6034,50
2022-03-27,El Dorado,017,186661,26701,26699,3207,29906,200
2022-03-27,Fresno,019,978130,230051,230049,22250,252299,2717
2022-03-27,Glenn,021,27897,4981,4983,1573,6556,47
2022-03-27,Humboldt,023,135768,16921,16920,2958,19878,140
2022-03-27,Imperial,025,180216,55242,55240,11129,66369,909
2022-03-27,Inyo,027,18085,4062,4062,483,4545,56
2022-03-27,Kern,029,883053,191387,191332,46274,237606,2213
2022-03-27,Kings,031,150075,51409,51400,3615,55015,443
2022-03-27,Lake,033,64148,10675,10672,895,11567,136
2022-03-27,Lassen,035,31185,8947,8946,895,9841,63
2022-03-27,Los Angeles,037,10098052,2700710,2700983,123148,2824131,31348
2022-03-27,Madera,039,155013,37349,37323,6038,43361,354
2022-03-27,Marin,041,260295,33386,33391,2212,35603,287
2022-03-27,Mariposa,043,17540,2390,2390,200,2590,23
2022-03-27,Mendocino,045,87422,13042,13046,2985,16031,118
2022-03-27,Merced,047,269075,62123,62110,8497,70607,805
2022-03-27,Modoc,049,8938,736,736,250,986,7
2022-03-27,Mono,051,14174,2966,2966,121,3087,5
2022-03-27,Monterey,053,433212,78872,78778,13575,92353,724
2022-03-27,Napa,055,140530,25726,25723,963,26686,140
2022-03-27,Nevada,057,99092,15961,15967,1207,17174,123
2022-03-27,Orange,059,3164182,545658,545644,41229,586873,6860
2022-03-27,Placer,061,380077,62685,62680,7347,70027,613
2022-03-27,Plumas,063,18699,2759,2760,357,3117,13
2022-03-27,Riverside,065,2383286,590279,590251,28103,618354,6395
2022-03-27,Sacramento,067,1510023,275877,275854,26837,302691,2941
2022-03-27,San Benito,069,59416,12888,12889,516,13405,97
2022-03-27,San Bernardino,071,2135413,560822,560853,24452,585305,6862
2022-03-27,San Diego,073,3302833,750660,750659,51044,801703,5155
2022-03-27,San Francisco,075,870044,124597,124619,8348,132967,839
2022-03-27,San Joaquin,077,732212,166266,166238,9166,175404,2196
2022-03-27,San Luis Obispo,079,281455,52427,52430,3766,56196,470
2022-03-27,San Mateo,081,765935,120321,120324,7046,127370,686
2022-03-27,Santa Barbara,083,443738,85448,85434,4826,90260,675
2022-03-27,Santa Clara,085,1922200,311839,311822,12338,324160,2257
2022-03-27,Santa Cruz,087,273765,47325,47321,1998,49319,259
2022-03-27,Shasta,089,179085,30553,30550,6181,36731,527
2022-03-27,Sierra,091,2930,273,273,42,315,4
2022-03-27,Siskiyou,093,43540,4436,4436,2749,7185,80
2022-03-27,Solano,095,438530,81692,81691,5537,87228,441
2022-03-27,Sonoma,097,501317,83086,83088,2447,85535,485
2022-03-27,Stanislaus,099,539301,117769,117778,17003,134781,1562
2022-03-27,Sutter,101,95872,20543,20545,2078,22623,221
2022-03-27,Tehama,103,63373,12036,12040,2607,14647,200
2022-03-27,Trinity,105,12862,1173,1173,292,1465,20
2022-03-27,Tulare,107,460477,104611,104582,28297,132879,1404
2022-03-27,Tuolumne,109,53932,12624,12628,570,13198,180
2022-03-27,Ventura,111,848112,172832,172831,9266,182097,1455
2022-03-27,Yolo,113,214977,36231,36232,3174,39406,312
2022-03-27,Yuba,115,75493,15821,15821,1195,17016,117
2022-03-26,Alameda,001,1643700,255161,254691,13761,268452,1803
2022-03-26,Alpine,003,1148,124,124,1,125,0
2022-03-26,Amador,005,37829,8517,8476,644,9120,86
2022-03-26,Butte,007,227075,32949,32929,6643,39572,391
2022-03-26,Calaveras,009,45235,7245,7240,357,7597,120
2022-03-26,Colusa,011,21464,3445,3445,1079,4524,21
2022-03-26,Contra Costa,013,1133247,188299,187990,13176,201166,1285
2022-03-26,Del Norte,015,27424,5837,5831,198,6029,50
2022-03-26,El Dorado,017,186661,26701,26674,3207,29881,200
2022-03-26,Fresno,019,978130,230051,229799,22250,252049,2710
2022-03-26,Glenn,021,27897,4981,4978,1573,6551,47
2022-03-26,Humboldt,023,135768,16921,16911,2958,19869,139
2022-03-26,Imperial,025,180216,55242,55230,11129,66359,913
2022-03-26,Inyo,027,18085,4062,4060,483,4543,56
2022-03-26,Kern,029,883053,191387,191288,46274,237562,2201
2022-03-26,Kings,031,150075,51409,51397,3615,55012,444
2022-03-26,Lake,033,64148,10675,10659,895,11554,136
2022-03-26,Lassen,035,31185,8947,8944,895,9839,63
2022-03-26,Los Angeles,037,10098052,2700710,2698028,123148,2821176,31291
2022-03-26,Madera,039,155013,37349,37321,6038,43359,354
2022-03-26,Marin,041,260295,33386,33317,2212,35529,287
2022-03-26,Mariposa,043,17540,2390,2386,200,2586,23
2022-03-26,Mendocino,045,87422,13042,13038,2985,16023,118
2022-03-26,Merced,047,269075,62123,62083,8497,70580,805
2022-03-26,Modoc,049,8938,736,736,250,986,7
2022-03-26,Mono,051,14174,2966,2966,121,3087,5
2022-03-26,Monterey,053,433212,78872,78688,13575,92263,724
2022-03-26,Napa,055,140530,25726,25701,963,26664,139
2022-03-26,Nevada,057,99092,15961,15960,1207,17167,123
2022-03-26,Orange,059,3164182,545658,545294,41229,586523,6853
2022-03-26,Placer,061,380077,62685,62634,7347,69981,613
2022-03-26,Plumas,063,18699,2759,2758,357,3115,13
2022-03-26,Riverside,065,2383286,590279,590060,28103,618163,6397
2022-03-26,Sacramento,067,1510023,275877,275529,26837,302366,2935
2022-03-26,San Benito,069,59416,12888,12885,516,13401,97
2022-03-26,San Bernardino,071,2135413,560822,560742,24452,585194,6840
2022-03-26,San Diego,073,3302833,750660,750170,51044,801214,5146
2022-03-26,San Francisco,075,870044,124597,124265,8348,132613,839
2022-03-26,San Joaquin,077,732212,166266,166079,9166,175245,2195
2022-03-26,San Luis Obispo,079,281455,52427,52369,3766,56135,469
2022-03-26,San Mateo,081,765935,120321,120165,7046,127211,684
2022-03-26,Santa Barbara,083,443738,85448,85477,4826,90303,674
2022-03-26,Santa Clara,085,1922200,311839,311189,12338,323527,2250
2022-03-26,Santa Cruz,087,273765,47325,47329,1998,49327,259
2022-03-26,Shasta,089,179085,30553,30542,6181,36723,527
2022-03-26,Sierra,091,2930,273,273,42,315,4
2022-03-26,Siskiyou,093,43540,4436,4433,2749,7182,80
2022-03-26,Solano,095,438530,81692,81659,5537,87196,441
2022-03-26,Sonoma,097,501317,83086,83113,2447,85560,485
2022-03-26,Stanislaus,099,539301,117769,117962,17003,134965,1565
2022-03-26,Sutter,101,95872,20543,20536,2078,22614,221
2022-03-26,Tehama,103,63373,12036,12036,2607,14643,195
2022-03-26,Trinity,105,12862,1173,1174,292,1466,20
2022-03-26,Tulare,107,460477,104611,104538,28297,132835,1400
2022-03-26,Tuolumne,109,53932,12624,12628,570,13198,180
2022-03-26,Ventura,111,848112,172832,172690,9266,181956,1455
2022-03-26,Yolo,113,214977,36231,36234,3174,39408,311
2022-03-26,Yuba,115,75493,15821,15807,1195,17002,117
2022-03-25,Alameda,001,1643700,255153,254691,13761,268452,1803
2022-03-25,Alpine,003,1148,124,124,1,125,0
2022-03-25,Amador,005,37829,8516,8476,644,9120,86
2022-03-25,Butte,007,227075,32948,32929,6643,39572,391
2022-03-25,Calaveras,009,45235,7244,7240,357,7597,120
2022-03-25,Colusa,011,21464,3445,3445,1079,4524,21
2022-03-25,Contra Costa,013,1133247,188293,187990,13176,201166,1285
2022-03-25,Del Norte,015,27424,5837,5831,198,6029,50
2022-03-25,El Dorado,017,186661,26700,26674,3207,29881,200
2022-03-25,Fresno,019,978130,230048,229799,22250,252049,2710
2022-03-25,Glenn,021,27897,4981,4978,1573,6551,47
2022-03-25,Humboldt,023,135768,16921,16911,2958,19869,139
2022-03-25,Imperial,025,180216,55241,55230,11129,66359,913
2022-03-25,Inyo,027,18085,4061,4060,483,4543,56
2022-03-25,Kern,029,883053,191385,191288,46274,237562,2201
2022-03-25,Kings,031,150075,51408,51397,3615,55012,444
2022-03-25,Lake,033,64148,10675,10659,895,11554,136
2022-03-25,Lassen,035,31185,8947,8944,895,9839,63
2022-03-25,Los Angeles,037,10098052,2700708,2698028,123148,2821176,31291
2022-03-25,Madera,039,155013,37348,37321,6038,43359,354
2022-03-25,Marin,041,260295,33381,33317,2212,35529,287
2022-03-25,Mariposa,043,17540,2390,2386,200,2586,23
2022-03-25,Mendocino,045,87422,13042,13038,2985,16023,118
2022-03-25,Merced,047,269075,62123,62083,8497,70580,805
2022-03-25,Modoc,049,8938,736,736,250,986,7
2022-03-25,Mono,051,14174,2966,2966,121,3087,5
2022-03-25,Monterey,053,433212,78870,78688,13575,92263,724
2022-03-25,Napa,055,140530,25723,25701,963,26664,139
2022-03-25,Nevada,057,99092,15961,15960,1207,17167,123
2022-03-25,Orange,059,3164182,545646,545294,41229,586523,6853
2022-03-25,Placer,061,380077,62683,62634,7347,69981,613
2022-03-25,Plumas,063,18699,2759,2758,357,3115,13
2022-03-25,Riverside,065,2383286,590272,590060,28103,618163,6397
2022-03-25,Sacramento,067,1510023,275872,275529,26837,302366,2935
2022-03-25,San Benito,069,59416,12888,12885,516,13401,97
2022-03-25,San Bernardino,071,2135413,560820,560742,24452,585194,6840
2022-03-25,San Diego,073,3302833,750660,750170,51044,801214,5146
2022-03-25,San Francisco,075,870044,124591,124265,8348,132613,839
2022-03-25,San Joaquin,077,732212,166265,166079,9166,175245,2195
2022-03-25,San Luis Obispo,079,281455,52427,52369,3766,56135,469
2022-03-25,San Mateo,081,765935,120315,120165,7046,127211,684
2022-03-25,Santa Barbara,083,443738,85445,85477,4826,90303,674
2022-03-25,Santa Clara,085,1922200,311828,311189,12338,323527,2250
2022-03-25,Santa Cruz,087,273765,47325,47329,1998,49327,259
2022-03-25,Shasta,089,179085,30553,30542,6181,36723,527
2022-03-25,Sierra,091,2930,273,273,42,315,4
2022-03-25,Siskiyou,093,43540,4436,4433,2749,7182,80
2022-03-25,Solano,095,438530,81690,81659,5537,87196,441
2022-03-25,Sonoma,097,501317,83085,83113,2447,85560,485
2022-03-25,Stanislaus,099,539301,117766,117962,17003,134965,1565
2022-03-25,Sutter,101,95872,20541,20536,2078,22614,221
2022-03-25,Tehama,103,63373,12036,12036,2607,14643,195
2022-03-25,Trinity,105,12862,1173,1174,292,1466,20
2022-03-25,Tulare,107,460477,104609,104538,28297,132835,1400
2022-03-25,Tuolumne,109,53932,12623,12628,570,13198,180
2022-03-25,Ventura,111,848112,172826,172690,9266,181956,1455
2022-03-25,Yolo,113,214977,36230,36234,3174,39408,311
2022-03-25,Yuba,115,75493,15819,15807,1195,17002,117
2022-03-24,Alameda,001,1643700,255089,254691,13761,268452,1803
2022-03-24,Alpine,003,1148,124,124,1,125,0
2022-03-24,Amador,005,37829,8516,8476,644,9120,86
2022-03-24,Butte,007,227075,32946,32929,6643,39572,391
2022-03-24,Calaveras,009,45235,7242,7240,357,7597,120
2022-03-24,Colusa,011,21464,3445,3445,1079,4524,21
2022-03-24,Contra Costa,013,1133247,188232,187990,13176,201166,1285
2022-03-24,Del Norte,015,27424,5836,5831,198,6029,50
2022-03-24,El Dorado,017,186661,26694,26674,3207,29881,200
2022-03-24,Fresno,019,978130,230018,229799,22250,252049,2710
2022-03-24,Glenn,021,27897,4980,4978,1573,6551,47
2022-03-24,Humboldt,023,135768,16920,16911,2958,19869,139
2022-03-24,Imperial,025,180216,55237,55230,11129,66359,913
2022-03-24,Inyo,027,18085,4061,4060,483,4543,56
2022-03-24,Kern,029,883053,191379,191288,46274,237562,2201
2022-03-24,Kings,031,150075,51407,51397,3615,55012,444
2022-03-24,Lake,033,64148,10675,10659,895,11554,136
2022-03-24,Lassen,035,31185,8947,8944,895,9839,63
2022-03-24,Los Angeles,037,10098052,2700680,2698028,123148,2821176,31291
2022-03-24,Madera,039,155013,37347,37321,6038,43359,354
2022-03-24,Marin,041,260295,33361,33317,2212,35529,287
2022-03-24,Mariposa,043,17540,2390,2386,200,2586,23
2022-03-24,Mendocino,045,87422,13037,13038,2985,16023,118
2022-03-24,Merced,047,269075,62121,62083,8497,70580,805
2022-03-24,Modoc,049,8938,736,736,250,986,7
2022-03-24,Mono,051,14174,2966,2966,121,3087,5
2022-03-24,Monterey,053,433212,78857,78688,13575,92263,724
2022-03-24,Napa,055,140530,25716,25701,963,26664,139
2022-03-24,Nevada,057,99092,15960,15960,1207,17167,123
2022-03-24,Orange,059,3164182,545591,545294,41229,586523,6853
2022-03-24,Placer,061,380077,62674,62634,7347,69981,613
2022-03-24,Plumas,063,18699,2759,2758,357,3115,13
2022-03-24,Riverside,065,2383286,590226,590060,28103,618163,6397
2022-03-24,Sacramento,067,1510023,275828,275529,26837,302366,2935
2022-03-24,San Benito,069,59416,12887,12885,516,13401,97
2022-03-24,San Bernardino,071,2135413,560777,560742,24452,585194,6840
2022-03-24,San Diego,073,3302833,750660,750170,51044,801214,5146
2022-03-24,San Francisco,075,870044,124518,124265,8348,132613,839
2022-03-24,San Joaquin,077,732212,166241,166079,9166,175245,2195
2022-03-24,San Luis Obispo,079,281455,52418,52369,3766,56135,469
2022-03-24,San Mateo,081,765935,120275,120165,7046,127211,684
2022-03-24,Santa Barbara,083,443738,85432,85477,4826,90303,674
2022-03-24,Santa Clara,085,1922200,311725,311189,12338,323527,2250
2022-03-24,Santa Cruz,087,273765,47307,47329,1998,49327,259
2022-03-24,Shasta,089,179085,30552,30542,6181,36723,527
2022-03-24,Sierra,091,2930,273,273,42,315,4
2022-03-24,Siskiyou,093,43540,4435,4433,2749,7182,80
2022-03-24,Solano,095,438530,81681,81659,5537,87196,441
2022-03-24,Sonoma,097,501317,83060,83113,2447,85560,485
2022-03-24,Stanislaus,099,539301,117763,117962,17003,134965,1565
2022-03-24,Sutter,101,95872,20537,20536,2078,22614,221
2022-03-24,Tehama,103,63373,12036,12036,2607,14643,195
2022-03-24,Trinity,105,12862,1173,1174,292,1466,20
2022-03-24,Tulare,107,460477,104603,104538,28297,132835,1400
2022-03-24,Tuolumne,109,53932,12623,12628,570,13198,180
2022-03-24,Ventura,111,848112,172793,172690,9266,181956,1455
2022-03-24,Yolo,113,214977,36228,36234,3174,39408,311
2022-03-24,Yuba,115,75493,15816,15807,1195,17002,117
2022-03-23,Alameda,001,1643700,254968,254559,13761,268320,1802
2022-03-23,Alpine,003,1148,124,124,1,125,0
2022-03-23,Amador,005,37829,8516,8475,644,9119,86
2022-03-23,Butte,007,227075,32931,32920,6643,39563,387
2022-03-23,Calaveras,009,45235,7239,7237,357,7594,120
2022-03-23,Colusa,011,21464,3444,3444,1079,4523,21
2022-03-23,Contra Costa,013,1133247,188153,187898,13176,201074,1279
2022-03-23,Del Norte,015,27424,5834,5830,198,6028,50
2022-03-23,El Dorado,017,186661,26687,26670,3207,29877,200
2022-03-23,Fresno,019,978130,229982,229656,22250,251906,2710
2022-03-23,Glenn,021,27897,4979,4975,1573,6548,47
2022-03-23,Humboldt,023,135768,16918,16908,2958,19866,139
2022-03-23,Imperial,025,180216,55232,55211,11129,66340,909
2022-03-23,Inyo,027,18085,4060,4060,483,4543,56
2022-03-23,Kern,029,883053,191367,191241,46274,237515,2196
2022-03-23,Kings,031,150075,51394,51384,3615,54999,442
2022-03-23,Lake,033,64148,10671,10658,895,11553,135
2022-03-23,Lassen,035,31185,8946,8944,895,9839,63
2022-03-23,Los Angeles,037,10098052,2700345,2697227,123148,2820375,31267
2022-03-23,Madera,039,155013,37345,37317,6038,43355,354
2022-03-23,Marin,041,260295,33340,33274,2212,35486,287
2022-03-23,Mariposa,043,17540,2388,2382,200,2582,11
2022-03-23,Mendocino,045,87422,13035,13033,2985,16018,118
2022-03-23,Merced,047,269075,62113,62056,8497,70553,805
2022-03-23,Modoc,049,8938,736,736,250,986,7
2022-03-23,Mono,051,14174,2966,2966,121,3087,5
2022-03-23,Monterey,053,433212,78845,78655,13575,92230,724
2022-03-23,Napa,055,140530,25709,25691,963,26654,139
2022-03-23,Nevada,057,99092,15957,15958,1207,17165,123
2022-03-23,Orange,059,3164182,545486,545158,41229,586387,6852
2022-03-23,Placer,061,380077,62662,62622,7347,69969,613
2022-03-23,Plumas,063,18699,2759,2747,357,3104,13
2022-03-23,Riverside,065,2383286,590167,589947,28103,618050,6388
2022-03-23,Sacramento,067,1510023,275768,275398,26837,302235,2934
2022-03-23,San Benito,069,59416,12886,12884,516,13400,97
2022-03-23,San Bernardino,071,2135413,560721,560550,24452,585002,6828
2022-03-23,San Diego,073,3302833,750631,749871,51044,800915,5143
2022-03-23,San Francisco,075,870044,124427,124110,8348,132458,838
2022-03-23,San Joaquin,077,732212,166210,166041,9166,175207,2187
2022-03-23,San Luis Obispo,079,281455,52406,52344,3766,56110,469
2022-03-23,San Mateo,081,765935,120203,120080,7046,127126,685
2022-03-23,Santa Barbara,083,443738,85422,85464,4826,90290,673
2022-03-23,Santa Clara,085,1922200,311602,310956,12338,323294,2250
2022-03-23,Santa Cruz,087,273765,47289,47314,1998,49312,259
2022-03-23,Shasta,089,179085,30549,30524,6181,36705,526
2022-03-23,Sierra,091,2930,273,273,42,315,4
2022-03-23,Siskiyou,093,43540,4434,4433,2749,7182,80
2022-03-23,Solano,095,438530,81658,81615,5537,87152,441
2022-03-23,Sonoma,097,501317,83033,83074,2447,85521,482
2022-03-23,Stanislaus,099,539301,117748,118041,17003,135044,1568
2022-03-23,Sutter,101,95872,20537,20532,2078,22610,218
2022-03-23,Tehama,103,63373,12035,12035,2607,14642,195
2022-03-23,Trinity,105,12862,1173,1174,292,1466,20
2022-03-23,Tulare,107,460477,104591,104489,28297,132786,1394
2022-03-23,Tuolumne,109,53932,12622,12629,570,13199,180
2022-03-23,Ventura,111,848112,172763,172647,9266,181913,1455
2022-03-23,Yolo,113,214977,36222,36197,3174,39371,308
2022-03-23,Yuba,115,75493,15812,15801,1195,16996,117
2022-03-22,Alameda,001,1643700,254865,254467,13761,268228,1802
2022-03-22,Alpine,003,1148,124,122,1,123,0
2022-03-22,Amador,005,37829,8515,8462,644,9106,86
2022-03-22,Butte,007,227075,32925,32907,6643,39550,387
2022-03-22,Calaveras,009,45235,7238,7237,357,7594,120
2022-03-22,Colusa,011,21464,3443,3445,1079,4524,21
2022-03-22,Contra Costa,013,1133247,188085,187813,13176,200989,1279
2022-03-22,Del Norte,015,27424,5829,5824,198,6022,50
2022-03-22,El Dorado,017,186661,26682,26661,3207,29868,200
2022-03-22,Fresno,019,978130,229936,229551,22250,251801,2708
2022-03-22,Glenn,021,27897,4977,4971,1573,6544,47
2022-03-22,Humboldt,023,135768,16915,16911,2958,19869,139
2022-03-22,Imperial,025,180216,55226,55170,11129,66299,908
2022-03-22,Inyo,027,18085,4060,4060,483,4543,56
2022-03-22,Kern,029,883053,191344,191213,46274,237487,2195
2022-03-22,Kings,031,150075,51383,51369,3615,54984,442
2022-03-22,Lake,033,64148,10668,10657,895,11552,135
2022-03-22,Lassen,035,31185,8946,8940,895,9835,63
2022-03-22,Los Angeles,037,10098052,2699784,2696746,123148,2819894,31250
2022-03-22,Madera,039,155013,37343,37304,6038,43342,354
2022-03-22,Marin,041,260295,33322,33253,2212,35465,287
2022-03-22,Mariposa,043,17540,2386,2382,200,2582,6
2022-03-22,Mendocino,045,87422,13032,13030,2985,16015,118
2022-03-22,Merced,047,269075,62104,62056,8497,70553,805
2022-03-22,Modoc,049,8938,736,735,250,985,7
2022-03-22,Mono,051,14174,2966,2963,121,3084,5
2022-03-22,Monterey,053,433212,78835,78614,13575,92189,724
2022-03-22,Napa,055,140530,25705,25688,963,26651,139
2022-03-22,Nevada,057,99092,15949,15950,1207,17157,123
2022-03-22,Orange,059,3164182,545341,545075,41229,586304,6843
2022-03-22,Placer,061,380077,62654,62604,7347,69951,610
2022-03-22,Plumas,063,18699,2758,2744,357,3101,13
2022-03-22,Riverside,065,2383286,590110,589816,28103,617919,6383
2022-03-22,Sacramento,067,1510023,275710,275374,26837,302211,2927
2022-03-22,San Benito,069,59416,12885,12884,516,13400,97
2022-03-22,San Bernardino,071,2135413,560656,560371,24452,584823,6811
2022-03-22,San Diego,073,3302833,750523,749647,51044,800691,5141
2022-03-22,San Francisco,075,870044,124342,123998,8348,132346,838
2022-03-22,San Joaquin,077,732212,166193,165992,9166,175158,2187
2022-03-22,San Luis Obispo,079,281455,52399,52257,3766,56023,465
2022-03-22,San Mateo,081,765935,120151,119975,7046,127021,686
2022-03-22,Santa Barbara,083,443738,85416,85457,4826,90283,672
2022-03-22,Santa Clara,085,1922200,311481,310787,12338,323125,2249
2022-03-22,Santa Cruz,087,273765,47272,47287,1998,49285,259
2022-03-22,Shasta,089,179085,30543,30528,6181,36709,525
2022-03-22,Sierra,091,2930,273,273,42,315,4
2022-03-22,Siskiyou,093,43540,4434,4429,2749,7178,80
2022-03-22,Solano,095,438530,81636,81587,5537,87124,440
2022-03-22,Sonoma,097,501317,83018,83042,2447,85489,482
2022-03-22,Stanislaus,099,539301,117732,118025,17003,135028,1568
2022-03-22,Sutter,101,95872,20536,20525,2078,22603,218
2022-03-22,Tehama,103,63373,12033,12034,2607,14641,162
2022-03-22,Trinity,105,12862,1173,1174,292,1466,20
2022-03-22,Tulare,107,460477,104581,104431,28297,132728,1391
2022-03-22,Tuolumne,109,53932,12622,12628,570,13198,180
2022-03-22,Ventura,111,848112,172729,172590,9266,181856,1455
2022-03-22,Yolo,113,214977,36215,36184,3174,39358,308
2022-03-22,Yuba,115,75493,15811,15795,1195,16990,117
2022-03-21,Alameda,001,1643700,254634,254354,13760,268114,1799
2022-03-21,Alpine,003,1148,124,122,1,123,0
2022-03-21,Amador,005,37829,8513,8461,644,9105,85
2022-03-21,Butte,007,227075,32915,32895,6643,39538,385
2022-03-21,Calaveras,009,45235,7237,7237,357,7594,119
2022-03-21,Colusa,011,21464,3443,3445,1079,4524,21
2022-03-21,Contra Costa,013,1133247,188029,187509,13176,200685,1276
2022-03-21,Del Norte,015,27424,5828,5824,198,6022,50
2022-03-21,El Dorado,017,186661,26672,26610,3207,29817,199
2022-03-21,Fresno,019,978130,229888,229374,22250,251624,2707
2022-03-21,Glenn,021,27897,4975,4972,1569,6541,46
2022-03-21,Humboldt,023,135768,16905,16912,2958,19870,139
2022-03-21,Imperial,025,180216,55213,55133,11129,66262,908
2022-03-21,Inyo,027,18085,4059,4060,483,4543,56
2022-03-21,Kern,029,883053,191312,191184,46274,237458,2187
2022-03-21,Kings,031,150075,51372,51366,3615,54981,441
2022-03-21,Lake,033,64148,10665,10655,895,11550,135
2022-03-21,Lassen,035,31185,8945,8939,895,9834,63
2022-03-21,Los Angeles,037,10098052,2699032,2694711,123144,2817855,31218
2022-03-21,Madera,039,155013,37335,37288,6038,43326,354
2022-03-21,Marin,041,260295,33280,33242,2212,35454,287
2022-03-21,Mariposa,043,17540,2385,2383,200,2583,6
2022-03-21,Mendocino,045,87422,13026,13028,2985,16013,118
2022-03-21,Merced,047,269075,62089,62048,8497,70545,803
2022-03-21,Modoc,049,8938,735,734,250,984,7
2022-03-21,Mono,051,14174,2966,2962,121,3083,5
2022-03-21,Monterey,053,433212,78796,78572,13567,92139,724
2022-03-21,Napa,055,140530,25700,25684,963,26647,138
2022-03-21,Nevada,057,99092,15947,15963,1207,17170,123
2022-03-21,Orange,059,3164182,545186,544943,41229,586172,6841
2022-03-21,Placer,061,380077,62638,62550,7347,69897,610
2022-03-21,Plumas,063,18699,2758,2744,357,3101,13
2022-03-21,Riverside,065,2383286,590050,589707,28103,617810,6376
2022-03-21,Sacramento,067,1510023,275620,275334,26837,302171,2925
2022-03-21,San Benito,069,59416,12879,12872,516,13388,97
2022-03-21,San Bernardino,071,2135413,560585,560210,24452,584662,6807
2022-03-21,San Diego,073,3302833,750307,748833,51044,799877,5138
2022-03-21,San Francisco,075,870044,124206,123912,8348,132260,835
2022-03-21,San Joaquin,077,732212,166172,165939,9166,175105,2185
2022-03-21,San Luis Obispo,079,281455,52379,52219,3766,55985,463
2022-03-21,San Mateo,081,765935,120006,119899,7046,126945,684
2022-03-21,Santa Barbara,083,443738,85405,85416,4826,90242,672
2022-03-21,Santa Clara,085,1922200,311136,310509,12338,322847,2245
2022-03-21,Santa Cruz,087,273765,47238,47267,1998,49265,259
2022-03-21,Shasta,089,179085,30537,30523,6180,36703,525
2022-03-21,Sierra,091,2930,273,273,42,315,4
2022-03-21,Siskiyou,093,43540,4434,4426,2749,7175,80
2022-03-21,Solano,095,438530,81608,81399,5537,86936,441
2022-03-21,Sonoma,097,501317,82989,82979,2447,85426,482
2022-03-21,Stanislaus,099,539301,117701,118144,17003,135147,1571
2022-03-21,Sutter,101,95872,20533,20523,2064,22587,218
2022-03-21,Tehama,103,63373,12031,12030,2607,14637,160
2022-03-21,Trinity,105,12862,1173,1174,292,1466,20
2022-03-21,Tulare,107,460477,104559,104350,28296,132646,1389
2022-03-21,Tuolumne,109,53932,12622,12620,570,13190,180
2022-03-21,Ventura,111,848112,172672,172537,9266,181803,1452
2022-03-21,Yolo,113,214977,36205,36141,3174,39315,307
2022-03-21,Yuba,115,75493,15807,15790,1195,16985,117
2022-03-20,Alameda,001,1643700,254529,254293,13753,268046,1801
2022-03-20,Alpine,003,1148,122,122,1,123,0
2022-03-20,Amador,005,37829,8510,8460,644,9104,85
2022-03-20,Butte,007,227075,32906,32892,6640,39532,385
2022-03-20,Calaveras,009,45235,7236,7233,354,7587,119
2022-03-20,Colusa,011,21464,3443,3446,1079,4525,21
2022-03-20,Contra Costa,013,1133247,187935,187467,13173,200640,1276
2022-03-20,Del Norte,015,27424,5825,5821,198,6019,50
2022-03-20,El Dorado,017,186661,26662,26608,3207,29815,199
2022-03-20,Fresno,019,978130,229809,229297,22244,251541,2707
2022-03-20,Glenn,021,27897,4974,4972,1569,6541,46
2022-03-20,Humboldt,023,135768,16902,16913,2956,19869,139
2022-03-20,Imperial,025,180216,55202,55133,11125,66258,908
2022-03-20,Inyo,027,18085,4059,4060,483,4543,56
2022-03-20,Kern,029,883053,191267,191170,46267,237437,2187
2022-03-20,Kings,031,150075,51361,51360,3614,54974,441
2022-03-20,Lake,033,64148,10662,10652,895,11547,135
2022-03-20,Lassen,035,31185,8943,8938,895,9833,63
2022-03-20,Los Angeles,037,10098052,2698368,2694698,123129,2817827,31219
2022-03-20,Madera,039,155013,37330,37284,6033,43317,354
2022-03-20,Marin,041,260295,33263,33232,2210,35442,275
2022-03-20,Mariposa,043,17540,2385,2383,200,2583,6
2022-03-20,Mendocino,045,87422,13022,13027,2981,16008,118
2022-03-20,Merced,047,269075,62078,62041,8493,70534,803
2022-03-20,Modoc,049,8938,735,734,250,984,7
2022-03-20,Mono,051,14174,2964,2962,121,3083,5
2022-03-20,Monterey,053,433212,78760,78566,13557,92123,723
2022-03-20,Napa,055,140530,25688,25682,963,26645,138
2022-03-20,Nevada,057,99092,15943,15964,1207,17171,123
2022-03-20,Orange,059,3164182,545072,544862,41218,586080,6841
2022-03-20,Placer,061,380077,62620,62525,7346,69871,610
2022-03-20,Plumas,063,18699,2758,2744,357,3101,13
2022-03-20,Riverside,065,2383286,589967,589657,28100,617757,6376
2022-03-20,Sacramento,067,1510023,275535,275317,26827,302144,2927
2022-03-20,San Benito,069,59416,12879,12869,516,13385,97
2022-03-20,San Bernardino,071,2135413,560520,560220,24450,584670,6805
2022-03-20,San Diego,073,3302833,750081,748833,51030,799863,5138
2022-03-20,San Francisco,075,870044,124071,123858,8343,132201,835
2022-03-20,San Joaquin,077,732212,166140,165927,9165,175092,2185
2022-03-20,San Luis Obispo,079,281455,52355,52217,3763,55980,463
2022-03-20,San Mateo,081,765935,119952,119901,7041,126942,684
2022-03-20,Santa Barbara,083,443738,85382,85412,4825,90237,672
2022-03-20,Santa Clara,085,1922200,310949,310412,12333,322745,2243
2022-03-20,Santa Cruz,087,273765,47213,47265,1998,49263,259
2022-03-20,Shasta,089,179085,30527,30522,6180,36702,525
2022-03-20,Sierra,091,2930,273,273,42,315,4
2022-03-20,Siskiyou,093,43540,4433,4426,2749,7175,80
2022-03-20,Solano,095,438530,81580,81393,5535,86928,441
2022-03-20,Sonoma,097,501317,82956,82965,2446,85411,481
2022-03-20,Stanislaus,099,539301,117676,118146,16998,135144,1572
2022-03-20,Sutter,101,95872,20526,20519,2054,22573,218
2022-03-20,Tehama,103,63373,12029,12030,2607,14637,160
2022-03-20,Trinity,105,12862,1173,1174,292,1466,20
2022-03-20,Tulare,107,460477,104538,104353,28277,132630,1389
2022-03-20,Tuolumne,109,53932,12618,12617,570,13187,180
2022-03-20,Ventura,111,848112,172625,172514,9259,181773,1451
2022-03-20,Yolo,113,214977,36193,36135,3173,39308,307
2022-03-20,Yuba,115,75493,15800,15787,1195,16982,117
2022-03-19,Alameda,001,1643700,254474,253936,13752,267688,1797
2022-03-19,Alpine,003,1148,122,122,1,123,0
2022-03-19,Amador,005,37829,8508,8456,644,9100,85
2022-03-19,Butte,007,227075,32902,32856,6639,39495,385
2022-03-19,Calaveras,009,45235,7236,7229,354,7583,119
2022-03-19,Colusa,011,21464,3441,3445,1079,4524,21
2022-03-19,Contra Costa,013,1133247,187902,187225,13171,200396,1276
2022-03-19,Del Norte,015,27424,5822,5815,198,6013,48
2022-03-19,El Dorado,017,186661,26657,26618,3207,29825,199
2022-03-19,Fresno,019,978130,229789,228965,22244,251209,2694
2022-03-19,Glenn,021,27897,4974,4971,1569,6540,44
2022-03-19,Humboldt,023,135768,16898,16901,2956,19857,138
2022-03-19,Imperial,025,180216,55201,55038,11125,66163,898
2022-03-19,Inyo,027,18085,4059,4061,483,4544,56
2022-03-19,Kern,029,883053,191256,190943,46261,237204,2184
2022-03-19,Kings,031,150075,51356,51334,3614,54948,441
2022-03-19,Lake,033,64148,10662,10641,895,11536,135
2022-03-19,Lassen,035,31185,8943,8925,895,9820,63
2022-03-19,Los Angeles,037,10098052,2698115,2686759,123113,2809872,31133
2022-03-19,Madera,039,155013,37330,37273,6033,43306,354
2022-03-19,Marin,041,260295,33251,33163,2208,35371,272
2022-03-19,Mariposa,043,17540,2384,2378,200,2578,6
2022-03-19,Mendocino,045,87422,13022,13012,2981,15993,117
2022-03-19,Merced,047,269075,62073,61985,8492,70477,800
2022-03-19,Modoc,049,8938,735,734,250,984,7
2022-03-19,Mono,051,14174,2964,2961,121,3082,5
2022-03-19,Monterey,053,433212,78751,78483,13553,92036,720
2022-03-19,Napa,055,140530,25686,25654,963,26617,138
2022-03-19,Nevada,057,99092,15941,15960,1207,17167,123
2022-03-19,Orange,059,3164182,545008,543907,41202,585109,6817
2022-03-19,Placer,061,380077,62611,62483,7346,69829,605
2022-03-19,Plumas,063,18699,2758,2724,357,3081,13
2022-03-19,Riverside,065,2383286,589915,589017,28097,617114,6359
2022-03-19,Sacramento,067,1510023,275499,274855,26826,301681,2913
2022-03-19,San Benito,069,59416,12878,12859,516,13375,97
2022-03-19,San Bernardino,071,2135413,560480,559935,24449,584384,6778
2022-03-19,San Diego,073,3302833,749982,747344,51020,798364,5133
2022-03-19,San Francisco,075,870044,124012,123587,8340,131927,833
2022-03-19,San Joaquin,077,732212,166117,165765,9162,174927,2181
2022-03-19,San Luis Obispo,079,281455,52350,52174,3763,55937,463
2022-03-19,San Mateo,081,765935,119917,119782,7038,126820,667
2022-03-19,Santa Barbara,083,443738,85369,85336,4825,90161,671
2022-03-19,Santa Clara,085,1922200,310843,309918,12326,322244,2225
2022-03-19,Santa Cruz,087,273765,47205,47203,1998,49201,256
2022-03-19,Shasta,089,179085,30523,30495,6180,36675,525
2022-03-19,Sierra,091,2930,273,273,42,315,4
2022-03-19,Siskiyou,093,43540,4432,4422,2749,7171,76
2022-03-19,Solano,095,438530,81571,81340,5533,86873,441
2022-03-19,Sonoma,097,501317,82942,82838,2443,85281,472
2022-03-19,Stanislaus,099,539301,117666,118138,16998,135136,1568
2022-03-19,Sutter,101,95872,20523,20503,2054,22557,218
2022-03-19,Tehama,103,63373,12029,12007,2607,14614,160
2022-03-19,Trinity,105,12862,1173,1173,292,1465,20
2022-03-19,Tulare,107,460477,104531,104290,28273,132563,1384
2022-03-19,Tuolumne,109,53932,12618,12617,570,13187,180
2022-03-19,Ventura,111,848112,172596,172380,9258,181638,1451
2022-03-19,Yolo,113,214977,36190,36086,3173,39259,306
2022-03-19,Yuba,115,75493,15796,15768,1194,16962,117
2022-03-18,Alameda,001,1643700,254423,253936,13752,267688,1797
2022-03-18,Alpine,003,1148,122,122,1,123,0
2022-03-18,Amador,005,37829,8508,8456,644,9100,85
2022-03-18,Butte,007,227075,32897,32856,6635,39491,385
2022-03-18,Calaveras,009,45235,7236,7229,354,7583,119
2022-03-18,Colusa,011,21464,3441,3445,1079,4524,21
2022-03-18,Contra Costa,013,1133247,187873,187225,13170,200395,1276
2022-03-18,Del Norte,015,27424,5820,5815,198,6013,48
2022-03-18,El Dorado,017,186661,26654,26618,3206,29824,199
2022-03-18,Fresno,019,978130,229759,228965,22244,251209,2694
2022-03-18,Glenn,021,27897,4974,4971,1569,6540,44
2022-03-18,Humboldt,023,135768,16895,16901,2956,19857,138
2022-03-18,Imperial,025,180216,55199,55038,11125,66163,898
2022-03-18,Inyo,027,18085,4059,4061,483,4544,56
2022-03-18,Kern,029,883053,191247,190943,46257,237200,2184
2022-03-18,Kings,031,150075,51351,51334,3614,54948,441
2022-03-18,Lake,033,64148,10662,10641,895,11536,135
2022-03-18,Lassen,035,31185,8942,8925,895,9820,63
2022-03-18,Los Angeles,037,10098052,2697830,2686759,123101,2809860,31133
2022-03-18,Madera,039,155013,37326,37273,6033,43306,354
2022-03-18,Marin,041,260295,33240,33163,2208,35371,272
2022-03-18,Mariposa,043,17540,2383,2378,200,2578,6
2022-03-18,Mendocino,045,87422,13016,13012,2981,15993,117
2022-03-18,Merced,047,269075,62064,61985,8492,70477,800
2022-03-18,Modoc,049,8938,735,734,250,984,7
2022-03-18,Mono,051,14174,2963,2961,121,3082,5
2022-03-18,Monterey,053,433212,78736,78483,13553,92036,720
2022-03-18,Napa,055,140530,25683,25654,963,26617,138
2022-03-18,Nevada,057,99092,15938,15960,1207,17167,123
2022-03-18,Orange,059,3164182,544943,543907,41193,585100,6817
2022-03-18,Placer,061,380077,62603,62483,7345,69828,605
2022-03-18,Plumas,063,18699,2758,2724,357,3081,13
2022-03-18,Riverside,065,2383286,589863,589017,28095,617112,6359
2022-03-18,Sacramento,067,1510023,275470,274855,26822,301677,2913
2022-03-18,San Benito,069,59416,12876,12859,516,13375,97
2022-03-18,San Bernardino,071,2135413,560446,559935,24446,584381,6778
2022-03-18,San Diego,073,3302833,749873,747344,51005,798349,5133
2022-03-18,San Francisco,075,870044,123935,123587,8334,131921,833
2022-03-18,San Joaquin,077,732212,166105,165765,9158,174923,2181
2022-03-18,San Luis Obispo,079,281455,52344,52174,3763,55937,463
2022-03-18,San Mateo,081,765935,119879,119782,7035,126817,667
2022-03-18,Santa Barbara,083,443738,85360,85336,4825,90161,671
2022-03-18,Santa Clara,085,1922200,310744,309918,12325,322243,2225
2022-03-18,Santa Cruz,087,273765,47194,47203,1997,49200,256
2022-03-18,Shasta,089,179085,30522,30495,6180,36675,525
2022-03-18,Sierra,091,2930,273,273,42,315,4
2022-03-18,Siskiyou,093,43540,4432,4422,2749,7171,76
2022-03-18,Solano,095,438530,81560,81340,5531,86871,441
2022-03-18,Sonoma,097,501317,82924,82838,2443,85281,472
2022-03-18,Stanislaus,099,539301,117653,118138,16997,135135,1568
2022-03-18,Sutter,101,95872,20519,20503,2054,22557,218
2022-03-18,Tehama,103,63373,12029,12007,2607,14614,160
2022-03-18,Trinity,105,12862,1173,1173,292,1465,20
2022-03-18,Tulare,107,460477,104527,104290,28269,132559,1384
2022-03-18,Tuolumne,109,53932,12617,12617,570,13187,180
2022-03-18,Ventura,111,848112,172577,172380,9254,181634,1451
2022-03-18,Yolo,113,214977,36180,36086,3173,39259,306
2022-03-18,Yuba,115,75493,15794,15768,1194,16962,117
2022-03-17,Alameda,001,1643700,254334,253936,13747,267683,1797
2022-03-17,Alpine,003,1148,122,122,1,123,0
2022-03-17,Amador,005,37829,8501,8456,644,9100,85
2022-03-17,Butte,007,227075,32883,32856,6634,39490,385
2022-03-17,Calaveras,009,45235,7233,7229,354,7583,119
2022-03-17,Colusa,011,21464,3441,3445,1079,4524,21
2022-03-17,Contra Costa,013,1133247,187810,187225,13159,200384,1276
2022-03-17,Del Norte,015,27424,5818,5815,198,6013,48
2022-03-17,El Dorado,017,186661,26646,26618,3206,29824,199
2022-03-17,Fresno,019,978130,229714,228965,22241,251206,2694
2022-03-17,Glenn,021,27897,4974,4971,1569,6540,44
2022-03-17,Humboldt,023,135768,16891,16901,2955,19856,138
2022-03-17,Imperial,025,180216,55189,55038,11123,66161,898
2022-03-17,Inyo,027,18085,4059,4061,483,4544,56
2022-03-17,Kern,029,883053,191218,190943,46254,237197,2184
2022-03-17,Kings,031,150075,51348,51334,3614,54948,441
2022-03-17,Lake,033,64148,10659,10641,895,11536,135
2022-03-17,Lassen,035,31185,8940,8925,895,9820,63
2022-03-17,Los Angeles,037,10098052,2697238,2686759,123074,2809833,31133
2022-03-17,Madera,039,155013,37322,37273,6033,43306,354
2022-03-17,Marin,041,260295,33228,33163,2207,35370,272
2022-03-17,Mariposa,043,17540,2383,2378,200,2578,6
2022-03-17,Mendocino,045,87422,13013,13012,2978,15990,117
2022-03-17,Merced,047,269075,62058,61985,8490,70475,800
2022-03-17,Modoc,049,8938,735,734,250,984,7
2022-03-17,Mono,051,14174,2963,2961,120,3081,5
2022-03-17,Monterey,053,433212,78716,78483,13549,92032,720
2022-03-17,Napa,055,140530,25680,25654,963,26617,138
2022-03-17,Nevada,057,99092,15935,15960,1207,17167,123
2022-03-17,Orange,059,3164182,544851,543907,41183,585090,6817
2022-03-17,Placer,061,380077,62589,62483,7344,69827,605
2022-03-17,Plumas,063,18699,2757,2724,357,3081,13
2022-03-17,Riverside,065,2383286,589783,589017,28089,617106,6359
2022-03-17,Sacramento,067,1510023,275410,274855,26811,301666,2913
2022-03-17,San Benito,069,59416,12875,12859,516,13375,97
2022-03-17,San Bernardino,071,2135413,560385,559935,24442,584377,6778
2022-03-17,San Diego,073,3302833,749703,747344,50994,798338,5133
2022-03-17,San Francisco,075,870044,123854,123587,8329,131916,833
2022-03-17,San Joaquin,077,732212,166081,165765,9158,174923,2181
2022-03-17,San Luis Obispo,079,281455,52331,52174,3761,55935,463
2022-03-17,San Mateo,081,765935,119835,119782,7030,126812,667
2022-03-17,Santa Barbara,083,443738,85344,85336,4825,90161,671
2022-03-17,Santa Clara,085,1922200,310631,309918,12321,322239,2225
2022-03-17,Santa Cruz,087,273765,47176,47203,1996,49199,256
2022-03-17,Shasta,089,179085,30519,30495,6178,36673,525
2022-03-17,Sierra,091,2930,273,273,42,315,4
2022-03-17,Siskiyou,093,43540,4431,4422,2749,7171,76
2022-03-17,Solano,095,438530,81531,81340,5528,86868,441
2022-03-17,Sonoma,097,501317,82896,82838,2441,85279,472
2022-03-17,Stanislaus,099,539301,117640,118138,16991,135129,1568
2022-03-17,Sutter,101,95872,20509,20503,2040,22543,218
2022-03-17,Tehama,103,63373,12029,12007,2606,14613,160
2022-03-17,Trinity,105,12862,1173,1173,292,1465,20
2022-03-17,Tulare,107,460477,104512,104290,28259,132549,1384
2022-03-17,Tuolumne,109,53932,12615,12617,570,13187,180
2022-03-17,Ventura,111,848112,172532,172380,9253,181633,1451
2022-03-17,Yolo,113,214977,36168,36086,3173,39259,306
2022-03-17,Yuba,115,75493,15792,15768,1194,16962,117
2022-03-16,Alameda,001,1643700,254248,253792,13743,267535,1794
2022-03-16,Alpine,003,1148,122,122,1,123,0
2022-03-16,Amador,005,37829,8493,8449,644,9093,85
2022-03-16,Butte,007,227075,32872,32837,6630,39467,385
2022-03-16,Calaveras,009,45235,7232,7229,354,7583,120
2022-03-16,Colusa,011,21464,3441,3445,1079,4524,22
2022-03-16,Contra Costa,013,1133247,187752,187100,13154,200254,1266
2022-03-16,Del Norte,015,27424,5818,5811,196,6007,48
2022-03-16,El Dorado,017,186661,26635,26602,3205,29807,199
2022-03-16,Fresno,019,978130,229665,228786,22231,251017,2689
2022-03-16,Glenn,021,27897,4974,4969,1568,6537,44
2022-03-16,Humboldt,023,135768,16886,16893,2955,19848,138
2022-03-16,Imperial,025,180216,55178,55002,11120,66122,897
2022-03-16,Inyo,027,18085,4059,4061,483,4544,56
2022-03-16,Kern,029,883053,191174,190835,46249,237084,2170
2022-03-16,Kings,031,150075,51333,51321,3614,54935,437
2022-03-16,Lake,033,64148,10657,10633,894,11527,133
2022-03-16,Lassen,035,31185,8937,8924,895,9819,62
2022-03-16,Los Angeles,037,10098052,2696673,2685789,123033,2808822,31102
2022-03-16,Madera,039,155013,37313,37262,6032,43294,354
2022-03-16,Marin,041,260295,33207,33136,2206,35342,272
2022-03-16,Mariposa,043,17540,2381,2376,200,2576,6
2022-03-16,Mendocino,045,87422,13010,13011,2977,15988,117
2022-03-16,Merced,047,269075,62041,61959,8483,70442,798
2022-03-16,Modoc,049,8938,734,734,250,984,7
2022-03-16,Mono,051,14174,2963,2960,120,3080,5
2022-03-16,Monterey,053,433212,78696,78416,13545,91961,720
2022-03-16,Napa,055,140530,25671,25638,962,26600,138
2022-03-16,Nevada,057,99092,15933,15960,1207,17167,123
2022-03-16,Orange,059,3164182,544733,543326,41166,584492,6791
2022-03-16,Placer,061,380077,62574,62435,7342,69777,605
2022-03-16,Plumas,063,18699,2757,2723,357,3080,13
2022-03-16,Riverside,065,2383286,589694,588761,28088,616849,6351
2022-03-16,Sacramento,067,1510023,275353,274709,26809,301518,2910
2022-03-16,San Benito,069,59416,12870,12854,516,13370,97
2022-03-16,San Bernardino,071,2135413,560306,559746,24437,584183,6775
2022-03-16,San Diego,073,3302833,749498,746970,50971,797941,5126
2022-03-16,San Francisco,075,870044,123756,123446,8323,131769,831
2022-03-16,San Joaquin,077,732212,166035,165703,9154,174857,2169
2022-03-16,San Luis Obispo,079,281455,52314,52132,3758,55890,462
2022-03-16,San Mateo,081,765935,119776,119680,7022,126702,660
2022-03-16,Santa Barbara,083,443738,85310,85322,4820,90142,670
2022-03-16,Santa Clara,085,1922200,310450,309689,12307,321996,2224
2022-03-16,Santa Cruz,087,273765,47148,47161,1996,49157,255
2022-03-16,Shasta,089,179085,30508,30489,6174,36663,527
2022-03-16,Sierra,091,2930,273,273,42,315,4
2022-03-16,Siskiyou,093,43540,4428,4419,2748,7167,76
2022-03-16,Solano,095,438530,81506,81277,5526,86803,440
2022-03-16,Sonoma,097,501317,82850,82791,2436,85227,472
2022-03-16,Stanislaus,099,539301,117614,118072,16989,135061,1567
2022-03-16,Sutter,101,95872,20507,20494,2039,22533,218
2022-03-16,Tehama,103,63373,12027,11999,2606,14605,160
2022-03-16,Trinity,105,12862,1173,1173,292,1465,20
2022-03-16,Tulare,107,460477,104498,104217,28251,132468,1377
2022-03-16,Tuolumne,109,53932,12610,12610,570,13180,180
2022-03-16,Ventura,111,848112,172491,172212,9249,181461,1451
2022-03-16,Yolo,113,214977,36148,36079,3173,39252,307
2022-03-16,Yuba,115,75493,15787,15758,1194,16952,117
2022-03-15,Alameda,001,1643700,254120,253694,13733,267427,1793
2022-03-15,Alpine,003,1148,122,122,1,123,0
2022-03-15,Amador,005,37829,8490,8448,644,9092,85
2022-03-15,Butte,007,227075,32861,32822,6627,39449,385
2022-03-15,Calaveras,009,45235,7230,7236,354,7590,118
2022-03-15,Colusa,011,21464,3441,3445,1079,4524,21
2022-03-15,Contra Costa,013,1133247,187674,187021,13146,200167,1265
2022-03-15,Del Norte,015,27424,5815,5806,193,5999,48
2022-03-15,El Dorado,017,186661,26631,26596,3205,29801,199
2022-03-15,Fresno,019,978130,229624,228631,22220,250851,2689
2022-03-15,Glenn,021,27897,4971,4966,1568,6534,44
2022-03-15,Humboldt,023,135768,16881,16889,2954,19843,138
2022-03-15,Imperial,025,180216,55169,54981,11111,66092,896
2022-03-15,Inyo,027,18085,4059,4062,482,4544,56
2022-03-15,Kern,029,883053,191147,190645,46241,236886,2168
2022-03-15,Kings,031,150075,51313,51317,3610,54927,437
2022-03-15,Lake,033,64148,10653,10631,894,11525,131
2022-03-15,Lassen,035,31185,8935,8926,894,9820,62
2022-03-15,Los Angeles,037,10098052,2696064,2685071,122981,2808052,31077
2022-03-15,Madera,039,155013,37304,37258,6031,43289,354
2022-03-15,Marin,041,260295,33183,33111,2205,35316,272
2022-03-15,Mariposa,043,17540,2379,2377,200,2577,6
2022-03-15,Mendocino,045,87422,13005,13005,2976,15981,117
2022-03-15,Merced,047,269075,62022,61916,8473,70389,798
2022-03-15,Modoc,049,8938,734,733,250,983,7
2022-03-15,Mono,051,14174,2963,2961,120,3081,5
2022-03-15,Monterey,053,433212,78665,78400,13538,91938,718
2022-03-15,Napa,055,140530,25663,25657,960,26617,138
2022-03-15,Nevada,057,99092,15931,15960,1205,17165,123
2022-03-15,Orange,059,3164182,544596,543197,41159,584356,6780
2022-03-15,Placer,061,380077,62555,62398,7341,69739,604
2022-03-15,Plumas,063,18699,2757,2722,357,3079,13
2022-03-15,Riverside,065,2383286,589607,588622,28079,616701,6333
2022-03-15,Sacramento,067,1510023,275274,274633,26802,301435,2907
2022-03-15,San Benito,069,59416,12866,12849,516,13365,95
2022-03-15,San Bernardino,071,2135413,560235,559605,24432,584037,6770
2022-03-15,San Diego,073,3302833,749257,746474,50953,797427,5116
2022-03-15,San Francisco,075,870044,123644,123526,8315,131841,831
2022-03-15,San Joaquin,077,732212,165991,165664,9148,174812,2161
2022-03-15,San Luis Obispo,079,281455,52304,52060,3754,55814,458
2022-03-15,San Mateo,081,765935,119726,119586,7016,126602,649
2022-03-15,Santa Barbara,083,443738,85286,85353,4816,90169,668
2022-03-15,Santa Clara,085,1922200,310287,309535,12295,321830,2224
2022-03-15,Santa Cruz,087,273765,47094,47117,1996,49113,255
2022-03-15,Shasta,089,179085,30499,30476,6171,36647,524
2022-03-15,Sierra,091,2930,273,273,42,315,4
2022-03-15,Siskiyou,093,43540,4428,4420,2748,7168,76
2022-03-15,Solano,095,438530,81472,81260,5525,86785,440
2022-03-15,Sonoma,097,501317,82806,82737,2436,85173,472
2022-03-15,Stanislaus,099,539301,117597,118085,16985,135070,1567
2022-03-15,Sutter,101,95872,20504,20480,2029,22509,217
2022-03-15,Tehama,103,63373,12024,11997,2605,14602,160
2022-03-15,Trinity,105,12862,1173,1173,292,1465,20
2022-03-15,Tulare,107,460477,104478,104153,28241,132394,1375
2022-03-15,Tuolumne,109,53932,12607,12602,570,13172,180
2022-03-15,Ventura,111,848112,172449,172150,9246,181396,1451
2022-03-15,Yolo,113,214977,36135,36079,3170,39249,308
2022-03-15,Yuba,115,75493,15778,15756,1194,16950,116
2022-03-14,Alameda,001,1643700,254012,253629,13727,267356,1791
2022-03-14,Alpine,003,1148,122,122,1,123,0
2022-03-14,Amador,005,37829,8485,8448,644,9092,85
2022-03-14,Butte,007,227075,32843,32812,6626,39438,385
2022-03-14,Calaveras,009,45235,7229,7245,354,7599,118
2022-03-14,Colusa,011,21464,3440,3445,1079,4524,21
2022-03-14,Contra Costa,013,1133247,187583,186969,13137,200106,1265
2022-03-14,Del Norte,015,27424,5810,5807,193,6000,48
2022-03-14,El Dorado,017,186661,26626,26570,3205,29775,199
2022-03-14,Fresno,019,978130,229555,228470,22208,250678,2682
2022-03-14,Glenn,021,27897,4970,4966,1567,6533,44
2022-03-14,Humboldt,023,135768,16873,16890,2952,19842,137
2022-03-14,Imperial,025,180216,55156,54933,11107,66040,897
2022-03-14,Inyo,027,18085,4059,4062,482,4544,56
2022-03-14,Kern,029,883053,191116,190526,46232,236758,2166
2022-03-14,Kings,031,150075,51295,51293,3609,54902,437
2022-03-14,Lake,033,64148,10650,10631,894,11525,131
2022-03-14,Lassen,035,31185,8935,8927,893,9820,62
2022-03-14,Los Angeles,037,10098052,2695483,2683369,122918,2806287,31034
2022-03-14,Madera,039,155013,37299,37255,6030,43285,354
2022-03-14,Marin,041,260295,33155,33099,2205,35304,272
2022-03-14,Mariposa,043,17540,2379,2376,200,2576,6
2022-03-14,Mendocino,045,87422,12998,12992,2967,15959,117
2022-03-14,Merced,047,269075,62005,61905,8471,70376,795
2022-03-14,Modoc,049,8938,733,731,250,981,7
2022-03-14,Mono,051,14174,2962,2961,120,3081,5
2022-03-14,Monterey,053,433212,78651,78376,13499,91875,718
2022-03-14,Napa,055,140530,25648,25649,960,26609,138
2022-03-14,Nevada,057,99092,15929,15954,1205,17159,123
2022-03-14,Orange,059,3164182,544463,543099,41149,584248,6775
2022-03-14,Placer,061,380077,62538,62389,7339,69728,601
2022-03-14,Plumas,063,18699,2757,2711,357,3068,13
2022-03-14,Riverside,065,2383286,589509,588531,28070,616601,6332
2022-03-14,Sacramento,067,1510023,275198,274682,26797,301479,2899
2022-03-14,San Benito,069,59416,12861,12846,515,13361,95
2022-03-14,San Bernardino,071,2135413,560154,559505,24426,583931,6767
2022-03-14,San Diego,073,3302833,748962,745515,50926,796441,5108
2022-03-14,San Francisco,075,870044,123555,123575,8309,131884,824
2022-03-14,San Joaquin,077,732212,165954,165662,9147,174809,2142
2022-03-14,San Luis Obispo,079,281455,52280,52046,3751,55797,458
2022-03-14,San Mateo,081,765935,119653,119564,7012,126576,649
2022-03-14,Santa Barbara,083,443738,85251,85396,4815,90211,667
2022-03-14,Santa Clara,085,1922200,310097,309600,12292,321892,2223
2022-03-14,Santa Cruz,087,273765,47056,47107,1994,49101,255
2022-03-14,Shasta,089,179085,30494,30462,6168,36630,520
2022-03-14,Sierra,091,2930,273,273,42,315,4
2022-03-14,Siskiyou,093,43540,4422,4419,2747,7166,76
2022-03-14,Solano,095,438530,81423,81233,5521,86754,440
2022-03-14,Sonoma,097,501317,82773,82731,2434,85165,473
2022-03-14,Stanislaus,099,539301,117560,118088,16983,135071,1567
2022-03-14,Sutter,101,95872,20497,20478,2029,22507,217
2022-03-14,Tehama,103,63373,12022,11996,2605,14601,160
2022-03-14,Trinity,105,12862,1173,1172,292,1464,20
2022-03-14,Tulare,107,460477,104447,104121,28228,132349,1365
2022-03-14,Tuolumne,109,53932,12606,12567,569,13136,180
2022-03-14,Ventura,111,848112,172398,172107,9245,181352,1442
2022-03-14,Yolo,113,214977,36122,36059,3168,39227,308
2022-03-14,Yuba,115,75493,15767,15748,1193,16941,116
2022-03-13,Alameda,001,1643700,253894,253547,13720,267267,1792
2022-03-13,Alpine,003,1148,122,122,1,123,0
2022-03-13,Amador,005,37829,8483,8444,644,9088,85
2022-03-13,Butte,007,227075,32824,32806,6622,39428,384
2022-03-13,Calaveras,009,45235,7224,7253,354,7607,118
2022-03-13,Colusa,011,21464,3440,3444,1077,4521,21
2022-03-13,Contra Costa,013,1133247,187492,186911,13121,200032,1265
2022-03-13,Del Norte,015,27424,5805,5808,193,6001,48
2022-03-13,El Dorado,017,186661,26621,26563,3203,29766,199
2022-03-13,Fresno,019,978130,229474,228421,22196,250617,2683
2022-03-13,Glenn,021,27897,4966,4966,1566,6532,44
2022-03-13,Humboldt,023,135768,16865,16883,2952,19835,137
2022-03-13,Imperial,025,180216,55148,54934,11102,66036,897
2022-03-13,Inyo,027,18085,4059,4062,481,4543,56
2022-03-13,Kern,029,883053,191063,190495,46219,236714,2166
2022-03-13,Kings,031,150075,51287,51273,3608,54881,437
2022-03-13,Lake,033,64148,10647,10626,894,11520,131
2022-03-13,Lassen,035,31185,8934,8929,892,9821,62
2022-03-13,Los Angeles,037,10098052,2694802,2683351,122879,2806230,31034
2022-03-13,Madera,039,155013,37291,37248,6029,43277,354
2022-03-13,Marin,041,260295,33130,33083,2204,35287,272
2022-03-13,Mariposa,043,17540,2377,2376,200,2576,6
2022-03-13,Mendocino,045,87422,12992,12987,2962,15949,117
2022-03-13,Merced,047,269075,61981,61895,8459,70354,795
2022-03-13,Modoc,049,8938,733,731,250,981,7
2022-03-13,Mono,051,14174,2962,2961,120,3081,5
2022-03-13,Monterey,053,433212,78619,78366,13447,91813,718
2022-03-13,Napa,055,140530,25633,25639,959,26598,138
2022-03-13,Nevada,057,99092,15922,15959,1205,17164,123
2022-03-13,Orange,059,3164182,544345,543036,41123,584159,6774
2022-03-13,Placer,061,380077,62511,62372,7337,69709,601
2022-03-13,Plumas,063,18699,2757,2711,357,3068,13
2022-03-13,Riverside,065,2383286,589382,588487,28063,616550,6332
2022-03-13,Sacramento,067,1510023,275096,274715,26783,301498,2899
2022-03-13,San Benito,069,59416,12855,12844,513,13357,95
2022-03-13,San Bernardino,071,2135413,560060,559450,24417,583867,6767
2022-03-13,San Diego,073,3302833,748642,745515,50891,796406,5108
2022-03-13,San Francisco,075,870044,123432,123622,8303,131925,824
2022-03-13,San Joaquin,077,732212,165906,165641,9141,174782,2142
2022-03-13,San Luis Obispo,079,281455,52250,52040,3748,55788,458
2022-03-13,San Mateo,081,765935,119575,119521,7002,126523,649
2022-03-13,Santa Barbara,083,443738,85208,85453,4812,90265,667
2022-03-13,Santa Clara,085,1922200,309924,309493,12284,321777,2225
2022-03-13,Santa Cruz,087,273765,47007,47087,1993,49080,255
2022-03-13,Shasta,089,179085,30478,30457,6166,36623,520
2022-03-13,Sierra,091,2930,273,273,42,315,4
2022-03-13,Siskiyou,093,43540,4422,4418,2747,7165,76
2022-03-13,Solano,095,438530,81388,81217,5517,86734,440
2022-03-13,Sonoma,097,501317,82738,82711,2432,85143,473
2022-03-13,Stanislaus,099,539301,117527,118075,16981,135056,1567
2022-03-13,Sutter,101,95872,20494,20474,2028,22502,217
2022-03-13,Tehama,103,63373,12021,11997,2604,14601,160
2022-03-13,Trinity,105,12862,1173,1172,292,1464,20
2022-03-13,Tulare,107,460477,104410,104119,28216,132335,1365
2022-03-13,Tuolumne,109,53932,12603,12565,569,13134,180
2022-03-13,Ventura,111,848112,172342,172080,9241,181321,1442
2022-03-13,Yolo,113,214977,36107,36019,3165,39184,308
2022-03-13,Yuba,115,75493,15762,15741,1193,16934,116
2022-03-12,Alameda,001,1643700,253833,253079,13715,266794,1783
2022-03-12,Alpine,003,1148,122,122,1,123,0
2022-03-12,Amador,005,37829,8479,8427,644,9071,84
2022-03-12,Butte,007,227075,32820,32774,6620,39394,380
2022-03-12,Calaveras,009,45235,7223,7253,354,7607,118
2022-03-12,Colusa,011,21464,3440,3440,1077,4517,21
2022-03-12,Contra Costa,013,1133247,187450,186618,13120,199738,1256
2022-03-12,Del Norte,015,27424,5804,5791,193,5984,48
2022-03-12,El Dorado,017,186661,26617,26538,3203,29741,199
2022-03-12,Fresno,019,978130,229450,228041,22196,250237,2653
2022-03-12,Glenn,021,27897,4966,4955,1566,6521,44
2022-03-12,Humboldt,023,135768,16862,16862,2951,19813,137
2022-03-12,Imperial,025,180216,55144,54837,11098,65935,896
2022-03-12,Inyo,027,18085,4059,4056,481,4537,56
2022-03-12,Kern,029,883053,191047,190330,46213,236543,2162
2022-03-12,Kings,031,150075,51281,51145,3608,54753,436
2022-03-12,Lake,033,64148,10644,10594,893,11487,131
2022-03-12,Lassen,035,31185,8933,8915,892,9807,62
2022-03-12,Los Angeles,037,10098052,2694501,2678858,122859,2801717,30901
2022-03-12,Madera,039,155013,37287,37223,6029,43252,354
2022-03-12,Marin,041,260295,33104,33015,2202,35217,272
2022-03-12,Mariposa,043,17540,2377,2372,200,2572,6
2022-03-12,Mendocino,045,87422,12988,12965,2962,15927,117
2022-03-12,Merced,047,269075,61976,61840,8458,70298,795
2022-03-12,Modoc,049,8938,733,730,250,980,7
2022-03-12,Mono,051,14174,2962,2960,119,3079,5
2022-03-12,Monterey,053,433212,78611,78285,13445,91730,716
2022-03-12,Napa,055,140530,25623,25584,958,26542,138
2022-03-12,Nevada,057,99092,15915,15947,1205,17152,123
2022-03-12,Orange,059,3164182,544278,542354,41113,583467,6718
2022-03-12,Placer,061,380077,62502,62282,7337,69619,598
2022-03-12,Plumas,063,18699,2757,2707,357,3064,13
2022-03-12,Riverside,065,2383286,589319,588022,28059,616081,6317
2022-03-12,Sacramento,067,1510023,275058,274519,26780,301299,2886
2022-03-12,San Benito,069,59416,12852,12868,513,13381,95
2022-03-12,San Bernardino,071,2135413,560021,559013,24416,583429,6734
2022-03-12,San Diego,073,3302833,748521,744386,50869,795255,5090
2022-03-12,San Francisco,075,870044,123370,123610,8298,131908,823
2022-03-12,San Joaquin,077,732212,165892,165516,9139,174655,2117
2022-03-12,San Luis Obispo,079,281455,52241,51947,3745,55692,457
2022-03-12,San Mateo,081,765935,119538,119288,7001,126289,641
2022-03-12,Santa Barbara,083,443738,85192,85421,4812,90233,664
2022-03-12,Santa Clara,085,1922200,309831,308989,12279,321268,2208
2022-03-12,Santa Cruz,087,273765,46994,46982,1992,48974,254
2022-03-12,Shasta,089,179085,30466,30419,6164,36583,517
2022-03-12,Sierra,091,2930,273,273,42,315,4
2022-03-12,Siskiyou,093,43540,4422,4405,2747,7152,75
2022-03-12,Solano,095,438530,81374,81058,5517,86575,436
2022-03-12,Sonoma,097,501317,82721,82622,2431,85053,473
2022-03-12,Stanislaus,099,539301,117515,117884,16981,134865,1564
2022-03-12,Sutter,101,95872,20492,20429,2028,22457,217
2022-03-12,Tehama,103,63373,12021,11983,2604,14587,159
2022-03-12,Trinity,105,12862,1172,1172,292,1464,20
2022-03-12,Tulare,107,460477,104404,103994,28211,132205,1358
2022-03-12,Tuolumne,109,53932,12602,12476,569,13045,180
2022-03-12,Ventura,111,848112,172318,171932,9238,181170,1442
2022-03-12,Yolo,113,214977,36100,35982,3163,39145,308
2022-03-12,Yuba,115,75493,15762,15722,1193,16915,116
2022-03-11,Alameda,001,1643700,253771,253079,13715,266794,1783
2022-03-11,Alpine,003,1148,122,122,1,123,0
2022-03-11,Amador,005,37829,8477,8427,644,9071,84
2022-03-11,Butte,007,227075,32816,32774,6619,39393,380
2022-03-11,Calaveras,009,45235,7223,7253,354,7607,118
2022-03-11,Colusa,011,21464,3440,3440,1077,4517,21
2022-03-11,Contra Costa,013,1133247,187404,186618,13119,199737,1256
2022-03-11,Del Norte,015,27424,5800,5791,193,5984,48
2022-03-11,El Dorado,017,186661,26612,26538,3203,29741,199
2022-03-11,Fresno,019,978130,229394,228041,22193,250234,2653
2022-03-11,Glenn,021,27897,4966,4955,1566,6521,44
2022-03-11,Humboldt,023,135768,16857,16862,2949,19811,137
2022-03-11,Imperial,025,180216,55137,54837,11096,65933,896
2022-03-11,Inyo,027,18085,4059,4056,481,4537,56
2022-03-11,Kern,029,883053,191026,190330,46208,236538,2162
2022-03-11,Kings,031,150075,51261,51145,3608,54753,436
2022-03-11,Lake,033,64148,10640,10594,893,11487,131
2022-03-11,Lassen,035,31185,8932,8915,892,9807,62
2022-03-11,Los Angeles,037,10098052,2694190,2678858,122834,2801692,30901
2022-03-11,Madera,039,155013,37282,37223,6029,43252,354
2022-03-11,Marin,041,260295,33088,33015,2201,35216,272
2022-03-11,Mariposa,043,17540,2377,2372,200,2572,6
2022-03-11,Mendocino,045,87422,12982,12965,2962,15927,117
2022-03-11,Merced,047,269075,61965,61840,8456,70296,795
2022-03-11,Modoc,049,8938,733,730,250,980,7
2022-03-11,Mono,051,14174,2961,2960,119,3079,5
2022-03-11,Monterey,053,433212,78598,78285,13439,91724,716
2022-03-11,Napa,055,140530,25613,25584,958,26542,138
2022-03-11,Nevada,057,99092,15912,15947,1205,17152,123
2022-03-11,Orange,059,3164182,544207,542354,41098,583452,6718
2022-03-11,Placer,061,380077,62491,62282,7336,69618,598
2022-03-11,Plumas,063,18699,2755,2707,357,3064,13
2022-03-11,Riverside,065,2383286,589248,588022,28055,616077,6317
2022-03-11,Sacramento,067,1510023,274993,274519,26778,301297,2886
2022-03-11,San Benito,069,59416,12851,12868,513,13381,95
2022-03-11,San Bernardino,071,2135413,559965,559013,24411,583424,6734
2022-03-11,San Diego,073,3302833,748356,744386,50862,795248,5090
2022-03-11,San Francisco,075,870044,123320,123610,8293,131903,823
2022-03-11,San Joaquin,077,732212,165861,165516,9137,174653,2117
2022-03-11,San Luis Obispo,079,281455,52233,51947,3744,55691,457
2022-03-11,San Mateo,081,765935,119491,119288,6998,126286,641
2022-03-11,Santa Barbara,083,443738,85172,85421,4811,90232,664
2022-03-11,Santa Clara,085,1922200,309728,308989,12274,321263,2208
2022-03-11,Santa Cruz,087,273765,46978,46982,1992,48974,254
2022-03-11,Shasta,089,179085,30461,30419,6161,36580,517
2022-03-11,Sierra,091,2930,273,273,42,315,4
2022-03-11,Siskiyou,093,43540,4420,4405,2745,7150,75
2022-03-11,Solano,095,438530,81363,81058,5516,86574,436
2022-03-11,Sonoma,097,501317,82695,82622,2429,85051,473
2022-03-11,Stanislaus,099,539301,117501,117884,16980,134864,1564
2022-03-11,Sutter,101,95872,20490,20429,2028,22457,217
2022-03-11,Tehama,103,63373,12019,11983,2604,14587,159
2022-03-11,Trinity,105,12862,1172,1172,292,1464,20
2022-03-11,Tulare,107,460477,104391,103994,28205,132199,1358
2022-03-11,Tuolumne,109,53932,12600,12476,569,13045,180
2022-03-11,Ventura,111,848112,172282,171932,9233,181165,1442
2022-03-11,Yolo,113,214977,36087,35982,3163,39145,308
2022-03-11,Yuba,115,75493,15759,15722,1193,16915,116
2022-03-10,Alameda,001,1643700,253660,253079,13708,266787,1783
2022-03-10,Alpine,003,1148,122,122,1,123,0
2022-03-10,Amador,005,37829,8476,8427,644,9071,84
2022-03-10,Butte,007,227075,32802,32774,6617,39391,380
2022-03-10,Calaveras,009,45235,7222,7253,353,7606,118
2022-03-10,Colusa,011,21464,3440,3440,1077,4517,21
2022-03-10,Contra Costa,013,1133247,187320,186618,13110,199728,1256
2022-03-10,Del Norte,015,27424,5791,5791,193,5984,48
2022-03-10,El Dorado,017,186661,26600,26538,3202,29740,199
2022-03-10,Fresno,019,978130,229321,228041,22186,250227,2653
2022-03-10,Glenn,021,27897,4964,4955,1566,6521,44
2022-03-10,Humboldt,023,135768,16847,16862,2948,19810,137
2022-03-10,Imperial,025,180216,55127,54837,11089,65926,896
2022-03-10,Inyo,027,18085,4058,4056,481,4537,56
2022-03-10,Kern,029,883053,190993,190330,46194,236524,2162
2022-03-10,Kings,031,150075,51232,51145,3607,54752,436
2022-03-10,Lake,033,64148,10631,10594,892,11486,131
2022-03-10,Lassen,035,31185,8932,8915,892,9807,62
2022-03-10,Los Angeles,037,10098052,2693661,2678858,122804,2801662,30901
2022-03-10,Madera,039,155013,37275,37223,6024,43247,354
2022-03-10,Marin,041,260295,33074,33015,2197,35212,272
2022-03-10,Mariposa,043,17540,2377,2372,200,2572,6
2022-03-10,Mendocino,045,87422,12978,12965,2962,15927,117
2022-03-10,Merced,047,269075,61948,61840,8450,70290,795
2022-03-10,Modoc,049,8938,732,730,250,980,7
2022-03-10,Mono,051,14174,2961,2960,119,3079,5
2022-03-10,Monterey,053,433212,78576,78285,13412,91697,716
2022-03-10,Napa,055,140530,25604,25584,957,26541,138
2022-03-10,Nevada,057,99092,15905,15947,1205,17152,123
2022-03-10,Orange,059,3164182,544087,542354,41081,583435,6718
2022-03-10,Placer,061,380077,62470,62282,7331,69613,598
2022-03-10,Plumas,063,18699,2754,2707,357,3064,13
2022-03-10,Riverside,065,2383286,589131,588022,28048,616070,6317
2022-03-10,Sacramento,067,1510023,274914,274519,26772,301291,2886
2022-03-10,San Benito,069,59416,12850,12868,512,13380,95
2022-03-10,San Bernardino,071,2135413,559896,559013,24404,583417,6734
2022-03-10,San Diego,073,3302833,748094,744386,50830,795216,5090
2022-03-10,San Francisco,075,870044,123252,123610,8286,131896,823
2022-03-10,San Joaquin,077,732212,165833,165516,9135,174651,2117
2022-03-10,San Luis Obispo,079,281455,52210,51947,3741,55688,457
2022-03-10,San Mateo,081,765935,119431,119288,6994,126282,641
2022-03-10,Santa Barbara,083,443738,85140,85421,4810,90231,664
2022-03-10,Santa Clara,085,1922200,309595,308989,12264,321253,2208
2022-03-10,Santa Cruz,087,273765,46944,46982,1992,48974,254
2022-03-10,Shasta,089,179085,30455,30419,6159,36578,517
2022-03-10,Sierra,091,2930,273,273,42,315,4
2022-03-10,Siskiyou,093,43540,4420,4405,2745,7150,75
2022-03-10,Solano,095,438530,81324,81058,5515,86573,436
2022-03-10,Sonoma,097,501317,82668,82622,2429,85051,473
2022-03-10,Stanislaus,099,539301,117462,117884,16978,134862,1564
2022-03-10,Sutter,101,95872,20485,20429,2028,22457,217
2022-03-10,Tehama,103,63373,12018,11983,2604,14587,159
2022-03-10,Trinity,105,12862,1172,1172,292,1464,20
2022-03-10,Tulare,107,460477,104371,103994,28199,132193,1358
2022-03-10,Tuolumne,109,53932,12597,12476,569,13045,180
2022-03-10,Ventura,111,848112,172242,171932,9230,181162,1442
2022-03-10,Yolo,113,214977,36073,35982,3161,39143,308
2022-03-10,Yuba,115,75493,15749,15722,1192,16914,116
2022-03-09,Alameda,001,1643700,253538,252893,13701,266594,1781
2022-03-09,Alpine,003,1148,122,125,1,126,0
2022-03-09,Amador,005,37829,8470,8409,644,9053,84
2022-03-09,Butte,007,227075,32793,32767,6612,39379,380
2022-03-09,Calaveras,009,45235,7220,7249,353,7602,117
2022-03-09,Colusa,011,21464,3439,3439,1077,4516,21
2022-03-09,Contra Costa,013,1133247,187229,186483,13096,199579,1256
2022-03-09,Del Norte,015,27424,5787,5765,193,5958,48
2022-03-09,El Dorado,017,186661,26595,26515,3202,29717,198
2022-03-09,Fresno,019,978130,229221,227885,22179,250064,2653
2022-03-09,Glenn,021,27897,4962,4953,1565,6518,44
2022-03-09,Humboldt,023,135768,16842,16854,2945,19799,137
2022-03-09,Imperial,025,180216,55119,54764,11080,65844,894
2022-03-09,Inyo,027,18085,4058,4056,481,4537,56
2022-03-09,Kern,029,883053,190942,190254,46182,236436,2159
2022-03-09,Kings,031,150075,51212,51122,3607,54729,435
2022-03-09,Lake,033,64148,10625,10586,892,11478,130
2022-03-09,Lassen,035,31185,8932,8901,892,9793,62
2022-03-09,Los Angeles,037,10098052,2693025,2677901,122766,2800667,30842
2022-03-09,Madera,039,155013,37268,37207,6023,43230,354
2022-03-09,Marin,041,260295,33055,32967,2196,35163,272
2022-03-09,Mariposa,043,17540,2374,2372,200,2572,6
2022-03-09,Mendocino,045,87422,12974,12957,2957,15914,117
2022-03-09,Merced,047,269075,61931,61792,8445,70237,792
2022-03-09,Modoc,049,8938,731,730,249,979,7
2022-03-09,Mono,051,14174,2961,2962,119,3081,5
2022-03-09,Monterey,053,433212,78553,78258,13364,91622,716
2022-03-09,Napa,055,140530,25583,25561,956,26517,138
2022-03-09,Nevada,057,99092,15896,15938,1204,17142,123
2022-03-09,Orange,059,3164182,543958,542278,41066,583344,6700
2022-03-09,Placer,061,380077,62447,62242,7326,69568,598
2022-03-09,Plumas,063,18699,2753,2708,357,3065,13
2022-03-09,Riverside,065,2383286,589034,587833,28037,615870,6305
2022-03-09,Sacramento,067,1510023,274834,274373,26756,301129,2877
2022-03-09,San Benito,069,59416,12847,12864,512,13376,95
2022-03-09,San Bernardino,071,2135413,559803,558795,24392,583187,6723
2022-03-09,San Diego,073,3302833,747823,743956,50803,794759,5083
2022-03-09,San Francisco,075,870044,123163,123676,8281,131957,812
2022-03-09,San Joaquin,077,732212,165795,165444,9127,174571,2113
2022-03-09,San Luis Obispo,079,281455,52192,51923,3737,55660,457
2022-03-09,San Mateo,081,765935,119374,119194,6982,126176,639
2022-03-09,Santa Barbara,083,443738,85123,85382,4808,90190,661
2022-03-09,Santa Clara,085,1922200,309465,308765,12252,321017,2206
2022-03-09,Santa Cruz,087,273765,46903,46917,1991,48908,254
2022-03-09,Shasta,089,179085,30435,30407,6158,36565,493
2022-03-09,Sierra,091,2930,273,273,42,315,4
2022-03-09,Siskiyou,093,43540,4418,4403,2744,7147,75
2022-03-09,Solano,095,438530,81288,80984,5513,86497,436
2022-03-09,Sonoma,097,501317,82635,82574,2427,85001,473
2022-03-09,Stanislaus,099,539301,117425,117827,16973,134800,1541
2022-03-09,Sutter,101,95872,20473,20409,2024,22433,217
2022-03-09,Tehama,103,63373,12014,11980,2604,14584,159
2022-03-09,Trinity,105,12862,1172,1174,292,1466,20
2022-03-09,Tulare,107,460477,104341,103932,28183,132115,1350
2022-03-09,Tuolumne,109,53932,12594,12444,569,13013,180
2022-03-09,Ventura,111,848112,172193,171852,9227,181079,1448
2022-03-09,Yolo,113,214977,36053,35973,3145,39118,308
2022-03-09,Yuba,115,75493,15744,15714,1191,16905,115
2022-03-08,Alameda,001,1643700,253384,252744,13689,266433,1769
2022-03-08,Alpine,003,1148,122,125,1,126,0
2022-03-08,Amador,005,37829,8456,8407,644,9051,84
2022-03-08,Butte,007,227075,32779,32759,6606,39365,380
2022-03-08,Calaveras,009,45235,7216,7245,353,7598,117
2022-03-08,Colusa,011,21464,3436,3439,1076,4515,21
2022-03-08,Contra Costa,013,1133247,187143,186396,13082,199478,1256
2022-03-08,Del Norte,015,27424,5781,5763,193,5956,48
2022-03-08,El Dorado,017,186661,26585,26503,3196,29699,197
2022-03-08,Fresno,019,978130,229118,227808,22170,249978,2653
2022-03-08,Glenn,021,27897,4961,4944,1564,6508,43
2022-03-08,Humboldt,023,135768,16829,16837,2932,19769,137
2022-03-08,Imperial,025,180216,55103,54721,11072,65793,890
2022-03-08,Inyo,027,18085,4055,4056,481,4537,56
2022-03-08,Kern,029,883053,190878,190208,46167,236375,2154
2022-03-08,Kings,031,150075,51171,51089,3604,54693,434
2022-03-08,Lake,033,64148,10614,10571,892,11463,130
2022-03-08,Lassen,035,31185,8931,8897,892,9789,62
2022-03-08,Los Angeles,037,10098052,2692354,2677166,122728,2799894,30803
2022-03-08,Madera,039,155013,37256,37185,6022,43207,354
2022-03-08,Marin,041,260295,33016,32943,2195,35138,272
2022-03-08,Mariposa,043,17540,2372,2371,200,2571,6
2022-03-08,Mendocino,045,87422,12970,12950,2956,15906,117
2022-03-08,Merced,047,269075,61911,61767,8434,70201,791
2022-03-08,Modoc,049,8938,730,729,249,978,7
2022-03-08,Mono,051,14174,2960,2961,119,3080,5
2022-03-08,Monterey,053,433212,78533,78247,13323,91570,711
2022-03-08,Napa,055,140530,25558,25528,955,26483,137
2022-03-08,Nevada,057,99092,15886,15939,1203,17142,122
2022-03-08,Orange,059,3164182,543812,542164,41045,583209,6692
2022-03-08,Placer,061,380077,62419,62221,7325,69546,594
2022-03-08,Plumas,063,18699,2753,2703,357,3060,13
2022-03-08,Riverside,065,2383286,588925,587686,28028,615714,6294
2022-03-08,Sacramento,067,1510023,274744,274276,26735,301011,2872
2022-03-08,San Benito,069,59416,12844,12855,512,13367,94
2022-03-08,San Bernardino,071,2135413,559716,558512,24382,582894,6715
2022-03-08,San Diego,073,3302833,747473,743604,50786,794390,5077
2022-03-08,San Francisco,075,870044,123074,123675,8276,131951,807
2022-03-08,San Joaquin,077,732212,165759,165381,9125,174506,2104
2022-03-08,San Luis Obispo,079,281455,52167,51900,3734,55634,451
2022-03-08,San Mateo,081,765935,119291,119103,6971,126074,638
2022-03-08,Santa Barbara,083,443738,85094,85363,4808,90171,659
2022-03-08,Santa Clara,085,1922200,309257,308528,12242,320770,2206
2022-03-08,Santa Cruz,087,273765,46866,46875,1991,48866,254
2022-03-08,Shasta,089,179085,30417,30372,6156,36528,493
2022-03-08,Sierra,091,2930,273,273,42,315,4
2022-03-08,Siskiyou,093,43540,4414,4404,2744,7148,74
2022-03-08,Solano,095,438530,81261,80924,5509,86433,434
2022-03-08,Sonoma,097,501317,82590,82571,2426,84997,473
2022-03-08,Stanislaus,099,539301,117381,117782,16964,134746,1541
2022-03-08,Sutter,101,95872,20464,20403,2024,22427,217
2022-03-08,Tehama,103,63373,12010,11972,2603,14575,158
2022-03-08,Trinity,105,12862,1172,1174,292,1466,20
2022-03-08,Tulare,107,460477,104301,103893,28171,132064,1334
2022-03-08,Tuolumne,109,53932,12589,12427,567,12994,180
2022-03-08,Ventura,111,848112,172131,171806,9220,181026,1447
2022-03-08,Yolo,113,214977,36029,35946,3144,39090,306
2022-03-08,Yuba,115,75493,15737,15705,1190,16895,115
2022-03-07,Alameda,001,1643700,253189,252578,13671,266249,1766
2022-03-07,Alpine,003,1148,122,125,1,126,0
2022-03-07,Amador,005,37829,8453,8368,644,9012,84
2022-03-07,Butte,007,227075,32764,32734,6603,39337,378
2022-03-07,Calaveras,009,45235,7212,7242,353,7595,116
2022-03-07,Colusa,011,21464,3434,3437,1076,4513,21
2022-03-07,Contra Costa,013,1133247,187049,186087,13058,199145,1256
2022-03-07,Del Norte,015,27424,5777,5758,193,5951,48
2022-03-07,El Dorado,017,186661,26578,26487,3195,29682,196
2022-03-07,Fresno,019,978130,229028,227670,22157,249827,2653
2022-03-07,Glenn,021,27897,4955,4939,1564,6503,43
2022-03-07,Humboldt,023,135768,16816,16829,2927,19756,137
2022-03-07,Imperial,025,180216,55078,54712,11066,65778,890
2022-03-07,Inyo,027,18085,4053,4054,481,4535,56
2022-03-07,Kern,029,883053,190817,190163,46142,236305,2152
2022-03-07,Kings,031,150075,51141,51065,3598,54663,433
2022-03-07,Lake,033,64148,10603,10562,891,11453,130
2022-03-07,Lassen,035,31185,8930,8896,892,9788,62
2022-03-07,Los Angeles,037,10098052,2691569,2675497,122684,2798181,30759
2022-03-07,Madera,039,155013,37246,37164,6019,43183,354
2022-03-07,Marin,041,260295,32979,32919,2194,35113,272
2022-03-07,Mariposa,043,17540,2371,2369,200,2569,6
2022-03-07,Mendocino,045,87422,12962,12940,2955,15895,117
2022-03-07,Merced,047,269075,61871,61751,8427,70178,791
2022-03-07,Modoc,049,8938,730,729,249,978,7
2022-03-07,Mono,051,14174,2960,2960,119,3079,5
2022-03-07,Monterey,053,433212,78498,78161,13273,91434,706
2022-03-07,Napa,055,140530,25531,25500,955,26455,136
2022-03-07,Nevada,057,99092,15879,15935,1197,17132,122
2022-03-07,Orange,059,3164182,543639,542028,41016,583044,6687
2022-03-07,Placer,061,380077,62389,62215,7323,69538,591
2022-03-07,Plumas,063,18699,2753,2702,357,3059,13
2022-03-07,Riverside,065,2383286,588795,587537,28020,615557,6279
2022-03-07,Sacramento,067,1510023,274646,274079,26723,300802,2866
2022-03-07,San Benito,069,59416,12838,12843,512,13355,94
2022-03-07,San Bernardino,071,2135413,559613,558265,24370,582635,6703
2022-03-07,San Diego,073,3302833,747127,742287,50743,793030,5068
2022-03-07,San Francisco,075,870044,122974,123655,8270,131925,807
2022-03-07,San Joaquin,077,732212,165707,165343,9118,174461,2091
2022-03-07,San Luis Obispo,079,281455,52127,51874,3729,55603,448
2022-03-07,San Mateo,081,765935,119215,119035,6963,125998,630
2022-03-07,Santa Barbara,083,443738,85059,85345,4807,90152,659
2022-03-07,Santa Clara,085,1922200,309066,308517,12236,320753,2202
2022-03-07,Santa Cruz,087,273765,46816,46823,1990,48813,254
2022-03-07,Shasta,089,179085,30408,30352,6152,36504,493
2022-03-07,Sierra,091,2930,273,273,42,315,4
2022-03-07,Siskiyou,093,43540,4410,4398,2743,7141,74
2022-03-07,Solano,095,438530,81202,80886,5507,86393,435
2022-03-07,Sonoma,097,501317,82548,82530,2425,84955,473
2022-03-07,Stanislaus,099,539301,117344,117713,16958,134671,1537
2022-03-07,Sutter,101,95872,20453,20400,2023,22423,217
2022-03-07,Tehama,103,63373,12004,11966,2600,14566,158
2022-03-07,Trinity,105,12862,1170,1173,292,1465,20
2022-03-07,Tulare,107,460477,104263,103834,28159,131993,1316
2022-03-07,Tuolumne,109,53932,12581,12408,566,12974,179
2022-03-07,Ventura,111,848112,172086,171886,9218,181104,1436
2022-03-07,Yolo,113,214977,36005,35934,3139,39073,306
2022-03-07,Yuba,115,75493,15731,15701,1189,16890,115
2022-03-06,Alameda,001,1643700,253001,252460,13662,266122,1766
2022-03-06,Alpine,003,1148,122,125,1,126,0
2022-03-06,Amador,005,37829,8450,8367,642,9009,84
2022-03-06,Butte,007,227075,32755,32714,6599,39313,376
2022-03-06,Calaveras,009,45235,7210,7236,352,7588,116
2022-03-06,Colusa,011,21464,3434,3435,1075,4510,21
2022-03-06,Contra Costa,013,1133247,186933,185974,13035,199009,1256
2022-03-06,Del Norte,015,27424,5762,5744,191,5935,48
2022-03-06,El Dorado,017,186661,26569,26478,3193,29671,196
2022-03-06,Fresno,019,978130,228885,227514,22147,249661,2653
2022-03-06,Glenn,021,27897,4950,4939,1564,6503,43
2022-03-06,Humboldt,023,135768,16804,16813,2924,19737,137
2022-03-06,Imperial,025,180216,55062,54719,11050,65769,890
2022-03-06,Inyo,027,18085,4050,4053,481,4534,56
2022-03-06,Kern,029,883053,190761,190088,46119,236207,2152
2022-03-06,Kings,031,150075,51072,51050,3595,54645,432
2022-03-06,Lake,033,64148,10589,10539,890,11429,130
2022-03-06,Lassen,035,31185,8917,8887,891,9778,62
2022-03-06,Los Angeles,037,10098052,2690705,2675456,122633,2798089,30759
2022-03-06,Madera,039,155013,37217,37135,6011,43146,354
2022-03-06,Marin,041,260295,32953,32879,2193,35072,272
2022-03-06,Mariposa,043,17540,2370,2365,199,2564,6
2022-03-06,Mendocino,045,87422,12950,12923,2951,15874,116
2022-03-06,Merced,047,269075,61838,61722,8410,70132,791
2022-03-06,Modoc,049,8938,730,729,249,978,7
2022-03-06,Mono,051,14174,2960,2959,119,3078,5
2022-03-06,Monterey,053,433212,78454,78154,13241,91395,706
2022-03-06,Napa,055,140530,25496,25457,953,26410,136
2022-03-06,Nevada,057,99092,15868,15924,1196,17120,122
2022-03-06,Orange,059,3164182,543479,541903,40967,582870,6688
2022-03-06,Placer,061,380077,62358,62185,7319,69504,591
2022-03-06,Plumas,063,18699,2748,2704,357,3061,13
2022-03-06,Riverside,065,2383286,588633,587388,27998,615386,6279
2022-03-06,Sacramento,067,1510023,274511,273935,26701,300636,2869
2022-03-06,San Benito,069,59416,12827,12835,511,13346,94
2022-03-06,San Bernardino,071,2135413,559489,558139,24356,582495,6701
2022-03-06,San Diego,073,3302833,746730,742287,50693,792980,5068
2022-03-06,San Francisco,075,870044,122850,123742,8267,132009,806
2022-03-06,San Joaquin,077,732212,165630,165252,9112,174364,2091
2022-03-06,San Luis Obispo,079,281455,52090,51828,3726,55554,448
2022-03-06,San Mateo,081,765935,119136,118916,6954,125870,630
2022-03-06,Santa Barbara,083,443738,85024,85317,4802,90119,659
2022-03-06,Santa Clara,085,1922200,308809,308250,12233,320483,2201
2022-03-06,Santa Cruz,087,273765,46760,46755,1989,48744,254
2022-03-06,Shasta,089,179085,30386,30332,6135,36467,493
2022-03-06,Sierra,091,2930,273,273,42,315,4
2022-03-06,Siskiyou,093,43540,4406,4398,2741,7139,74
2022-03-06,Solano,095,438530,81147,80833,5501,86334,435
2022-03-06,Sonoma,097,501317,82509,82458,2421,84879,473
2022-03-06,Stanislaus,099,539301,117293,117680,16946,134626,1536
2022-03-06,Sutter,101,95872,20436,20390,2019,22409,217
2022-03-06,Tehama,103,63373,11995,11963,2600,14563,158
2022-03-06,Trinity,105,12862,1170,1172,291,1463,20
2022-03-06,Tulare,107,460477,104201,103794,28142,131936,1316
2022-03-06,Tuolumne,109,53932,12576,12379,564,12943,179
2022-03-06,Ventura,111,848112,172016,171819,9216,181035,1436
2022-03-06,Yolo,113,214977,35982,35882,3135,39017,306
2022-03-06,Yuba,115,75493,15726,15694,1188,16882,115
2022-03-05,Alameda,001,1643700,252886,251988,13656,265644,1760
2022-03-05,Alpine,003,1148,122,125,1,126,0
2022-03-05,Amador,005,37829,8447,8344,642,8986,83
2022-03-05,Butte,007,227075,32748,32663,6594,39257,372
2022-03-05,Calaveras,009,45235,7207,7236,352,7588,116
2022-03-05,Colusa,011,21464,3434,3433,1075,4508,21
2022-03-05,Contra Costa,013,1133247,186873,185734,13029,198763,1235
2022-03-05,Del Norte,015,27424,5759,5725,191,5916,48
2022-03-05,El Dorado,017,186661,26562,26446,3190,29636,193
2022-03-05,Fresno,019,978130,228832,227154,22145,249299,2640
2022-03-05,Glenn,021,27897,4949,4927,1564,6491,43
2022-03-05,Humboldt,023,135768,16797,16781,2922,19703,136
2022-03-05,Imperial,025,180216,55050,54650,11048,65698,880
2022-03-05,Inyo,027,18085,4049,4043,480,4523,56
2022-03-05,Kern,029,883053,190729,189817,46101,235918,2141
2022-03-05,Kings,031,150075,51065,50926,3593,54519,431
2022-03-05,Lake,033,64148,10581,10512,889,11401,130
2022-03-05,Lassen,035,31185,8908,8818,891,9709,62
2022-03-05,Los Angeles,037,10098052,2690368,2671564,122599,2794163,30608
2022-03-05,Madera,039,155013,37202,37100,6011,43111,354
2022-03-05,Marin,041,260295,32941,32829,2193,35022,272
2022-03-05,Mariposa,043,17540,2370,2363,199,2562,6
2022-03-05,Mendocino,045,87422,12947,12845,2950,15795,113
2022-03-05,Merced,047,269075,61828,61653,8410,70063,789
2022-03-05,Modoc,049,8938,730,729,249,978,7
2022-03-05,Mono,051,14174,2960,2961,119,3080,5
2022-03-05,Monterey,053,433212,78437,78028,13234,91262,704
2022-03-05,Napa,055,140530,25478,25405,952,26357,134
2022-03-05,Nevada,057,99092,15864,15907,1195,17102,122
2022-03-05,Orange,059,3164182,543358,541463,40954,582417,6638
2022-03-05,Placer,061,380077,62344,62117,7313,69430,591
2022-03-05,Plumas,063,18699,2747,2701,357,3058,13
2022-03-05,Riverside,065,2383286,588542,586785,27994,614779,6239
2022-03-05,Sacramento,067,1510023,274451,273487,26696,300183,2847
2022-03-05,San Benito,069,59416,12825,12820,511,13331,94
2022-03-05,San Bernardino,071,2135413,559434,557421,24351,581772,6641
2022-03-05,San Diego,073,3302833,746533,740747,50678,791425,5045
2022-03-05,San Francisco,075,870044,122785,123537,8264,131801,798
2022-03-05,San Joaquin,077,732212,165590,165085,9105,174190,2069
2022-03-05,San Luis Obispo,079,281455,52083,51739,3723,55462,446
2022-03-05,San Mateo,081,765935,119078,118646,6950,125596,621
2022-03-05,Santa Barbara,083,443738,85011,85249,4802,90051,655
2022-03-05,Santa Clara,085,1922200,308690,307689,12230,319919,2195
2022-03-05,Santa Cruz,087,273765,46740,46622,1989,48611,253
2022-03-05,Shasta,089,179085,30376,30282,6134,36416,492
2022-03-05,Sierra,091,2930,273,273,41,314,4
2022-03-05,Siskiyou,093,43540,4405,4389,2740,7129,74
2022-03-05,Solano,095,438530,81131,80690,5501,86191,435
2022-03-05,Sonoma,097,501317,82487,82313,2421,84734,473
2022-03-05,Stanislaus,099,539301,117270,117501,16943,134444,1531
2022-03-05,Sutter,101,95872,20429,20346,2019,22365,217
2022-03-05,Tehama,103,63373,11993,11939,2600,14539,158
2022-03-05,Trinity,105,12862,1170,1170,291,1461,20
2022-03-05,Tulare,107,460477,104188,103534,28132,131666,1305
2022-03-05,Tuolumne,109,53932,12572,12325,563,12888,178
2022-03-05,Ventura,111,848112,171974,171666,9214,180880,1436
2022-03-05,Yolo,113,214977,35970,35856,3135,38991,306
2022-03-05,Yuba,115,75493,15718,15666,1188,16854,115
2022-03-04,Alameda,001,1643700,252798,251988,13648,265636,1760
2022-03-04,Alpine,003,1148,122,125,1,126,0
2022-03-04,Amador,005,37829,8446,8344,642,8986,83
2022-03-04,Butte,007,227075,32742,32663,6587,39250,372
2022-03-04,Calaveras,009,45235,7206,7236,352,7588,116
2022-03-04,Colusa,011,21464,3432,3433,1075,4508,21
2022-03-04,Contra Costa,013,1133247,186809,185734,13026,198760,1235
2022-03-04,Del Norte,015,27424,5750,5725,191,5916,48
2022-03-04,El Dorado,017,186661,26558,26446,3190,29636,193
2022-03-04,Fresno,019,978130,228768,227154,22141,249295,2640
2022-03-04,Glenn,021,27897,4948,4927,1564,6491,43
2022-03-04,Humboldt,023,135768,16794,16781,2922,19703,136
2022-03-04,Imperial,025,180216,55043,54650,11044,65694,880
2022-03-04,Inyo,027,18085,4049,4043,480,4523,56
2022-03-04,Kern,029,883053,190688,189817,46087,235904,2141
2022-03-04,Kings,031,150075,51052,50926,3593,54519,431
2022-03-04,Lake,033,64148,10580,10512,889,11401,130
2022-03-04,Lassen,035,31185,8906,8818,891,9709,62
2022-03-04,Los Angeles,037,10098052,2689874,2671564,122571,2794135,30608
2022-03-04,Madera,039,155013,37192,37100,6011,43111,354
2022-03-04,Marin,041,260295,32920,32829,2191,35020,272
2022-03-04,Mariposa,043,17540,2365,2363,199,2562,6
2022-03-04,Mendocino,045,87422,12941,12845,2950,15795,113
2022-03-04,Merced,047,269075,61816,61653,8408,70061,789
2022-03-04,Modoc,049,8938,730,729,249,978,7
2022-03-04,Mono,051,14174,2960,2961,119,3080,5
2022-03-04,Monterey,053,433212,78418,78028,13226,91254,704
2022-03-04,Napa,055,140530,25463,25405,951,26356,134
2022-03-04,Nevada,057,99092,15859,15907,1194,17101,122
2022-03-04,Orange,059,3164182,543238,541463,40936,582399,6638
2022-03-04,Placer,061,380077,62335,62117,7310,69427,591
2022-03-04,Plumas,063,18699,2747,2701,356,3057,13
2022-03-04,Riverside,065,2383286,588454,586785,27993,614778,6239
2022-03-04,Sacramento,067,1510023,274382,273487,26692,300179,2847
2022-03-04,San Benito,069,59416,12821,12820,511,13331,94
2022-03-04,San Bernardino,071,2135413,559355,557421,24350,581771,6641
2022-03-04,San Diego,073,3302833,746289,740747,50662,791409,5045
2022-03-04,San Francisco,075,870044,122726,123537,8257,131794,798
2022-03-04,San Joaquin,077,732212,165560,165085,9104,174189,2069
2022-03-04,San Luis Obispo,079,281455,52075,51739,3722,55461,446
2022-03-04,San Mateo,081,765935,119020,118646,6947,125593,621
2022-03-04,Santa Barbara,083,443738,84989,85249,4802,90051,655
2022-03-04,Santa Clara,085,1922200,308544,307689,12228,319917,2195
2022-03-04,Santa Cruz,087,273765,46718,46622,1989,48611,253
2022-03-04,Shasta,089,179085,30367,30282,6131,36413,492
2022-03-04,Sierra,091,2930,273,273,41,314,4
2022-03-04,Siskiyou,093,43540,4403,4389,2736,7125,74
2022-03-04,Solano,095,438530,81098,80690,5498,86188,435
2022-03-04,Sonoma,097,501317,82458,82313,2420,84733,473
2022-03-04,Stanislaus,099,539301,117251,117501,16941,134442,1531
2022-03-04,Sutter,101,95872,20425,20346,2019,22365,217
2022-03-04,Tehama,103,63373,11990,11939,2600,14539,158
2022-03-04,Trinity,105,12862,1170,1170,291,1461,20
2022-03-04,Tulare,107,460477,104171,103534,28127,131661,1305
2022-03-04,Tuolumne,109,53932,12567,12325,563,12888,178
2022-03-04,Ventura,111,848112,171927,171666,9211,180877,1436
2022-03-04,Yolo,113,214977,35953,35856,3135,38991,306
2022-03-04,Yuba,115,75493,15714,15666,1187,16853,115
2022-03-03,Alameda,001,1643700,252677,251988,13636,265624,1760
2022-03-03,Alpine,003,1148,122,125,1,126,0
2022-03-03,Amador,005,37829,8445,8344,642,8986,83
2022-03-03,Butte,007,227075,32725,32663,6581,39244,372
2022-03-03,Calaveras,009,45235,7193,7236,352,7588,116
2022-03-03,Colusa,011,21464,3432,3433,1075,4508,21
2022-03-03,Contra Costa,013,1133247,186735,185734,13013,198747,1235
2022-03-03,Del Norte,015,27424,5743,5725,191,5916,48
2022-03-03,El Dorado,017,186661,26541,26446,3189,29635,193
2022-03-03,Fresno,019,978130,228636,227154,22132,249286,2640
2022-03-03,Glenn,021,27897,4946,4927,1563,6490,43
2022-03-03,Humboldt,023,135768,16779,16781,2921,19702,136
2022-03-03,Imperial,025,180216,55025,54650,11036,65686,880
2022-03-03,Inyo,027,18085,4048,4043,480,4523,56
2022-03-03,Kern,029,883053,190619,189817,46067,235884,2141
2022-03-03,Kings,031,150075,51029,50926,3590,54516,431
2022-03-03,Lake,033,64148,10573,10512,887,11399,130
2022-03-03,Lassen,035,31185,8898,8818,891,9709,62
2022-03-03,Los Angeles,037,10098052,2689138,2671564,122529,2794093,30608
2022-03-03,Madera,039,155013,37175,37100,6006,43106,354
2022-03-03,Marin,041,260295,32893,32829,2191,35020,272
2022-03-03,Mariposa,043,17540,2364,2363,199,2562,6
2022-03-03,Mendocino,045,87422,12930,12845,2947,15792,113
2022-03-03,Merced,047,269075,61799,61653,8402,70055,789
2022-03-03,Modoc,049,8938,730,729,249,978,7
2022-03-03,Mono,051,14174,2959,2961,119,3080,5
2022-03-03,Monterey,053,433212,78390,78028,13209,91237,704
2022-03-03,Napa,055,140530,25440,25405,950,26355,134
2022-03-03,Nevada,057,99092,15854,15907,1189,17096,122
2022-03-03,Orange,059,3164182,543062,541463,40908,582371,6638
2022-03-03,Placer,061,380077,62313,62117,7306,69423,591
2022-03-03,Plumas,063,18699,2746,2701,356,3057,13
2022-03-03,Riverside,065,2383286,588323,586785,27988,614773,6239
2022-03-03,Sacramento,067,1510023,274270,273487,26674,300161,2847
2022-03-03,San Benito,069,59416,12818,12820,511,13331,94
2022-03-03,San Bernardino,071,2135413,559248,557421,24344,581765,6641
2022-03-03,San Diego,073,3302833,745945,740747,50643,791390,5045
2022-03-03,San Francisco,075,870044,122653,123537,8246,131783,798
2022-03-03,San Joaquin,077,732212,165487,165085,9101,174186,2069
2022-03-03,San Luis Obispo,079,281455,52020,51739,3715,55454,446
2022-03-03,San Mateo,081,765935,118946,118646,6937,125583,621
2022-03-03,Santa Barbara,083,443738,84970,85249,4793,90042,655
2022-03-03,Santa Clara,085,1922200,308362,307689,12214,319903,2195
2022-03-03,Santa Cruz,087,273765,46671,46622,1988,48610,253
2022-03-03,Shasta,089,179085,30350,30282,6127,36409,492
2022-03-03,Sierra,091,2930,273,273,41,314,4
2022-03-03,Siskiyou,093,43540,4400,4389,2736,7125,74
2022-03-03,Solano,095,438530,81052,80690,5496,86186,435
2022-03-03,Sonoma,097,501317,82412,82313,2415,84728,473
2022-03-03,Stanislaus,099,539301,117219,117501,16934,134435,1531
2022-03-03,Sutter,101,95872,20416,20346,2019,22365,217
2022-03-03,Tehama,103,63373,11986,11939,2600,14539,158
2022-03-03,Trinity,105,12862,1169,1170,291,1461,20
2022-03-03,Tulare,107,460477,104125,103534,28116,131650,1305
2022-03-03,Tuolumne,109,53932,12557,12325,563,12888,178
2022-03-03,Ventura,111,848112,171874,171666,9209,180875,1436
2022-03-03,Yolo,113,214977,35922,35856,3124,38980,306
2022-03-03,Yuba,115,75493,15708,15666,1183,16849,115
2022-03-02,Alameda,001,1643700,252499,251886,13620,265506,1759
2022-03-02,Alpine,003,1148,122,125,1,126,0
2022-03-02,Amador,005,37829,8433,8341,642,8983,83
2022-03-02,Butte,007,227075,32712,32636,6576,39212,372
2022-03-02,Calaveras,009,45235,7192,7225,352,7577,116
2022-03-02,Colusa,011,21464,3429,3428,1075,4503,21
2022-03-02,Contra Costa,013,1133247,186645,185589,12996,198585,1236
2022-03-02,Del Norte,015,27424,5736,5708,189,5897,47
2022-03-02,El Dorado,017,186661,26527,26433,3186,29619,192
2022-03-02,Fresno,019,978130,228503,226932,22124,249056,2629
2022-03-02,Glenn,021,27897,4946,4922,1562,6484,43
2022-03-02,Humboldt,023,135768,16769,16747,2914,19661,135
2022-03-02,Imperial,025,180216,54997,54629,11027,65656,878
2022-03-02,Inyo,027,18085,4046,4041,479,4520,56
2022-03-02,Kern,029,883053,190553,189656,46046,235702,2136
2022-03-02,Kings,031,150075,51003,50819,3587,54406,431
2022-03-02,Lake,033,64148,10560,10495,885,11380,130
2022-03-02,Lassen,035,31185,8895,8811,890,9701,62
2022-03-02,Los Angeles,037,10098052,2688262,2670287,122483,2792770,30535
2022-03-02,Madera,039,155013,37156,37077,6005,43082,354
2022-03-02,Marin,041,260295,32876,32794,2190,34984,272
2022-03-02,Mariposa,043,17540,2364,2359,199,2558,6
2022-03-02,Mendocino,045,87422,12917,12832,2942,15774,112
2022-03-02,Merced,047,269075,61772,61606,8392,69998,785
2022-03-02,Modoc,049,8938,730,729,249,978,7
2022-03-02,Mono,051,14174,2959,2961,119,3080,5
2022-03-02,Monterey,053,433212,78357,77963,13186,91149,703
2022-03-02,Napa,055,140530,25389,25382,948,26330,134
2022-03-02,Nevada,057,99092,15843,15920,1188,17108,122
2022-03-02,Orange,059,3164182,542855,541230,40881,582111,6623
2022-03-02,Placer,061,380077,62292,62066,7303,69369,589
2022-03-02,Plumas,063,18699,2746,2700,355,3055,13
2022-03-02,Riverside,065,2383286,588169,586513,27977,614490,6229
2022-03-02,Sacramento,067,1510023,274150,273291,26663,299954,2837
2022-03-02,San Benito,069,59416,12807,12814,511,13325,94
2022-03-02,San Bernardino,071,2135413,559145,557082,24338,581420,6619
2022-03-02,San Diego,073,3302833,745582,739803,50597,790400,5034
2022-03-02,San Francisco,075,870044,122557,123442,8244,131686,792
2022-03-02,San Joaquin,077,732212,165426,164968,9095,174063,2063
2022-03-02,San Luis Obispo,079,281455,51982,51686,3710,55396,446
2022-03-02,San Mateo,081,765935,118858,118518,6920,125438,617
2022-03-02,Santa Barbara,083,443738,84945,85183,4792,89975,655
2022-03-02,Santa Clara,085,1922200,308143,307354,12200,319554,2184
2022-03-02,Santa Cruz,087,273765,46603,46534,1987,48521,253
2022-03-02,Shasta,089,179085,30328,30253,6118,36371,490
2022-03-02,Sierra,091,2930,273,273,41,314,4
2022-03-02,Siskiyou,093,43540,4398,4384,2733,7117,74
2022-03-02,Solano,095,438530,80991,80626,5493,86119,433
2022-03-02,Sonoma,097,501317,82366,82208,2411,84619,473
2022-03-02,Stanislaus,099,539301,117182,117411,16903,134314,1519
2022-03-02,Sutter,101,95872,20393,20317,2001,22318,216
2022-03-02,Tehama,103,63373,11981,11930,2599,14529,158
2022-03-02,Trinity,105,12862,1167,1160,291,1451,20
2022-03-02,Tulare,107,460477,104081,103451,28099,131550,1302
2022-03-02,Tuolumne,109,53932,12552,12297,563,12860,179
2022-03-02,Ventura,111,848112,171824,171770,9205,180975,1427
2022-03-02,Yolo,113,214977,35904,35799,3121,38920,305
2022-03-02,Yuba,115,75493,15695,15653,1178,16831,115
2022-03-01,Alameda,001,1643700,252334,251830,13609,265439,1749
2022-03-01,Alpine,003,1148,122,125,1,126,0
2022-03-01,Amador,005,37829,8385,8334,640,8974,83
2022-03-01,Butte,007,227075,32688,32575,6573,39148,372
2022-03-01,Calaveras,009,45235,7189,7223,351,7574,116
2022-03-01,Colusa,011,21464,3428,3423,1075,4498,21
2022-03-01,Contra Costa,013,1133247,186533,185378,12982,198360,1231
2022-03-01,Del Norte,015,27424,5733,5701,187,5888,45
2022-03-01,El Dorado,017,186661,26510,26413,3184,29597,192
2022-03-01,Fresno,019,978130,228361,226594,22113,248707,2628
2022-03-01,Glenn,021,27897,4945,4919,1560,6479,40
2022-03-01,Humboldt,023,135768,16749,16727,2907,19634,135
2022-03-01,Imperial,025,180216,54977,54570,11020,65590,875
2022-03-01,Inyo,027,18085,4042,4041,478,4519,56
2022-03-01,Kern,029,883053,190477,189365,46021,235386,2120
2022-03-01,Kings,031,150075,50981,50763,3583,54346,427
2022-03-01,Lake,033,64148,10548,10471,883,11354,128
2022-03-01,Lassen,035,31185,8891,8801,890,9691,61
2022-03-01,Los Angeles,037,10098052,2687302,2669489,122423,2791912,30486
2022-03-01,Madera,039,155013,37136,37046,5998,43044,354
2022-03-01,Marin,041,260295,32851,32764,2188,34952,272
2022-03-01,Mariposa,043,17540,2363,2357,198,2555,6
2022-03-01,Mendocino,045,87422,12905,12818,2940,15758,112
2022-03-01,Merced,047,269075,61743,61549,8377,69926,781
2022-03-01,Modoc,049,8938,730,729,249,978,7
2022-03-01,Mono,051,14174,2958,2960,119,3079,6
2022-03-01,Monterey,053,433212,78331,77911,13173,91084,696
2022-03-01,Napa,055,140530,25356,25344,948,26292,134
2022-03-01,Nevada,057,99092,15835,15916,1185,17101,121
2022-03-01,Orange,059,3164182,542635,541054,40844,581898,6612
2022-03-01,Placer,061,380077,62264,62021,7300,69321,583
2022-03-01,Plumas,063,18699,2746,2694,355,3049,13
2022-03-01,Riverside,065,2383286,588002,586184,27976,614160,6198
2022-03-01,Sacramento,067,1510023,274020,273089,26649,299738,2831
2022-03-01,San Benito,069,59416,12803,12806,511,13317,94
2022-03-01,San Bernardino,071,2135413,559012,556743,24336,581079,6588
2022-03-01,San Diego,073,3302833,745157,739136,50555,789691,5029
2022-03-01,San Francisco,075,870044,122454,123481,8239,131720,792
2022-03-01,San Joaquin,077,732212,165359,164894,9090,173984,2062
2022-03-01,San Luis Obispo,079,281455,51947,51592,3706,55298,445
2022-03-01,San Mateo,081,765935,118788,118358,6912,125270,613
2022-03-01,Santa Barbara,083,443738,84907,85134,4788,89922,654
2022-03-01,Santa Clara,085,1922200,307895,306978,12187,319165,2190
2022-03-01,Santa Cruz,087,273765,46557,46471,1984,48455,253
2022-03-01,Shasta,089,179085,30298,30227,6115,36342,489
2022-03-01,Sierra,091,2930,273,274,41,315,5
2022-03-01,Siskiyou,093,43540,4394,4384,2728,7112,74
2022-03-01,Solano,095,438530,80930,80556,5490,86046,434
2022-03-01,Sonoma,097,501317,82298,82103,2405,84508,477
2022-03-01,Stanislaus,099,539301,117130,117308,16878,134186,1521
2022-03-01,Sutter,101,95872,20379,20288,1997,22285,217
2022-03-01,Tehama,103,63373,11974,11923,2596,14519,158
2022-03-01,Trinity,105,12862,1166,1159,291,1450,20
2022-03-01,Tulare,107,460477,104001,103371,28079,131450,1302
2022-03-01,Tuolumne,109,53932,12545,12276,561,12837,175
2022-03-01,Ventura,111,848112,171755,171672,9198,180870,1427
2022-03-01,Yolo,113,214977,35877,35801,3117,38918,299
2022-03-01,Yuba,115,75493,15688,15637,1178,16815,116
2022-02-28,Alameda,001,1643700,252118,251714,13595,265309,1742
2022-02-28,Alpine,003,1148,122,125,1,126,0
2022-02-28,Amador,005,37829,8379,8308,639,8947,83
2022-02-28,Butte,007,227075,32664,32550,6568,39118,368
2022-02-28,Calaveras,009,45235,7186,7220,350,7570,110
2022-02-28,Colusa,011,21464,3425,3422,1073,4495,21
2022-02-28,Contra Costa,013,1133247,186432,185272,12962,198234,1231
2022-02-28,Del Norte,015,27424,5729,5699,186,5885,45
2022-02-28,El Dorado,017,186661,26502,26409,3179,29588,191
2022-02-28,Fresno,019,978130,228164,226519,22094,248613,2622
2022-02-28,Glenn,021,27897,4941,4918,1560,6478,40
2022-02-28,Humboldt,023,135768,16734,16717,2903,19620,135
2022-02-28,Imperial,025,180216,54951,54517,11014,65531,875
2022-02-28,Inyo,027,18085,4042,4041,477,4518,56
2022-02-28,Kern,029,883053,190381,189245,45990,235235,2115
2022-02-28,Kings,031,150075,50942,50741,3582,54323,427
2022-02-28,Lake,033,64148,10537,10468,879,11347,128
2022-02-28,Lassen,035,31185,8834,8794,890,9684,55
2022-02-28,Los Angeles,037,10098052,2686111,2666804,122338,2789142,30410
2022-02-28,Madera,039,155013,37109,37023,5980,43003,354
2022-02-28,Marin,041,260295,32826,32775,2188,34963,272
2022-02-28,Mariposa,043,17540,2360,2354,196,2550,6
2022-02-28,Mendocino,045,87422,12897,12800,2932,15732,112
2022-02-28,Merced,047,269075,61699,61519,8359,69878,781
2022-02-28,Modoc,049,8938,730,727,249,976,7
2022-02-28,Mono,051,14174,2958,2961,119,3080,5
2022-02-28,Monterey,053,433212,78264,77865,13152,91017,693
2022-02-28,Napa,055,140530,25332,25317,948,26265,129
2022-02-28,Nevada,057,99092,15829,15908,1179,17087,121
2022-02-28,Orange,059,3164182,542381,540839,40830,581669,6605
2022-02-28,Placer,061,380077,62232,61976,7294,69270,577
2022-02-28,Plumas,063,18699,2746,2691,354,3045,13
2022-02-28,Riverside,065,2383286,587805,585891,27943,613834,6179
2022-02-28,Sacramento,067,1510023,273888,273038,26623,299661,2825
2022-02-28,San Benito,069,59416,12799,12798,511,13309,94
2022-02-28,San Bernardino,071,2135413,558820,556540,24322,580862,6576
2022-02-28,San Diego,073,3302833,744762,737760,50526,788286,5018
2022-02-28,San Francisco,075,870044,122297,123402,8232,131634,792
2022-02-28,San Joaquin,077,732212,165275,164833,9081,173914,2060
2022-02-28,San Luis Obispo,079,281455,51888,51565,3698,55263,440
2022-02-28,San Mateo,081,765935,118689,118301,6906,125207,611
2022-02-28,Santa Barbara,083,443738,84866,85076,4783,89859,653
2022-02-28,Santa Clara,085,1922200,307625,306930,12168,319098,2180
2022-02-28,Santa Cruz,087,273765,46486,46447,1983,48430,253
2022-02-28,Shasta,089,179085,30274,30213,6111,36324,488
2022-02-28,Sierra,091,2930,273,273,41,314,4
2022-02-28,Siskiyou,093,43540,4391,4382,2722,7104,74
2022-02-28,Solano,095,438530,80867,80544,5479,86023,430
2022-02-28,Sonoma,097,501317,82233,82058,2402,84460,477
2022-02-28,Stanislaus,099,539301,117065,117231,16863,134094,1521
2022-02-28,Sutter,101,95872,20366,20285,1994,22279,214
2022-02-28,Tehama,103,63373,11961,11917,2595,14512,158
2022-02-28,Trinity,105,12862,1166,1160,291,1451,20
2022-02-28,Tulare,107,460477,103951,103304,28061,131365,1300
2022-02-28,Tuolumne,109,53932,12534,12247,560,12807,175
2022-02-28,Ventura,111,848112,171671,171614,9197,180811,1423
2022-02-28,Yolo,113,214977,35839,35754,3110,38864,299
2022-02-28,Yuba,115,75493,15675,15625,1177,16802,115
2022-02-27,Alameda,001,1643700,251840,251624,13587,265211,1744
2022-02-27,Alpine,003,1148,122,125,1,126,0
2022-02-27,Amador,005,37829,8375,8305,636,8941,83
2022-02-27,Butte,007,227075,32627,32551,6556,39107,368
2022-02-27,Calaveras,009,45235,7178,7214,350,7564,110
2022-02-27,Colusa,011,21464,3424,3422,1073,4495,21
2022-02-27,Contra Costa,013,1133247,186305,185185,12941,198126,1230
2022-02-27,Del Norte,015,27424,5711,5691,184,5875,45
2022-02-27,El Dorado,017,186661,26483,26410,3177,29587,191
2022-02-27,Fresno,019,978130,227965,226397,22069,248466,2621
2022-02-27,Glenn,021,27897,4939,4915,1560,6475,40
2022-02-27,Humboldt,023,135768,16712,16713,2896,19609,135
2022-02-27,Imperial,025,180216,54903,54509,10993,65502,875
2022-02-27,Inyo,027,18085,4041,4041,473,4514,56
2022-02-27,Kern,029,883053,190259,189219,45949,235168,2115
2022-02-27,Kings,031,150075,50913,50733,3580,54313,428
2022-02-27,Lake,033,64148,10518,10463,879,11342,128
2022-02-27,Lassen,035,31185,8826,8786,890,9676,55
2022-02-27,Los Angeles,037,10098052,2684806,2666789,122254,2789043,30410
2022-02-27,Madera,039,155013,37083,37009,5972,42981,354
2022-02-27,Marin,041,260295,32788,32756,2186,34942,272
2022-02-27,Mariposa,043,17540,2357,2352,196,2548,6
2022-02-27,Mendocino,045,87422,12878,12798,2919,15717,112
2022-02-27,Merced,047,269075,61649,61491,8342,69833,779
2022-02-27,Modoc,049,8938,729,727,249,976,7
2022-02-27,Mono,051,14174,2957,2960,119,3079,5
2022-02-27,Monterey,053,433212,78204,77851,13129,90980,693
2022-02-27,Napa,055,140530,25293,25316,948,26264,129
2022-02-27,Nevada,057,99092,15821,15900,1175,17075,121
2022-02-27,Orange,059,3164182,542134,540659,40802,581461,6605
2022-02-27,Placer,061,380077,62191,61965,7290,69255,577
2022-02-27,Plumas,063,18699,2742,2691,354,3045,13
2022-02-27,Riverside,065,2383286,587565,585833,27917,613750,6179
2022-02-27,Sacramento,067,1510023,273700,272927,26591,299518,2822
2022-02-27,San Benito,069,59416,12792,12798,511,13309,94
2022-02-27,San Bernardino,071,2135413,558638,556457,24312,580769,6572
2022-02-27,San Diego,073,3302833,744274,737760,50482,788242,5018
2022-02-27,San Francisco,075,870044,122174,123327,8221,131548,791
2022-02-27,San Joaquin,077,732212,165170,164814,9077,173891,2060
2022-02-27,San Luis Obispo,079,281455,51795,51564,3691,55255,439
2022-02-27,San Mateo,081,765935,118577,118244,6901,125145,611
2022-02-27,Santa Barbara,083,443738,84826,85050,4779,89829,653
2022-02-27,Santa Clara,085,1922200,307334,306756,12136,318892,2180
2022-02-27,Santa Cruz,087,273765,46425,46411,1982,48393,253
2022-02-27,Shasta,089,179085,30242,30206,6105,36311,488
2022-02-27,Sierra,091,2930,273,273,41,314,4
2022-02-27,Siskiyou,093,43540,4386,4378,2709,7087,74
2022-02-27,Solano,095,438530,80791,80515,5468,85983,430
2022-02-27,Sonoma,097,501317,82151,82041,2396,84437,476
2022-02-27,Stanislaus,099,539301,116997,117200,16846,134046,1522
2022-02-27,Sutter,101,95872,20349,20280,1989,22269,214
2022-02-27,Tehama,103,63373,11948,11915,2594,14509,158
2022-02-27,Trinity,105,12862,1165,1158,291,1449,20
2022-02-27,Tulare,107,460477,103877,103270,28006,131276,1300
2022-02-27,Tuolumne,109,53932,12520,12243,559,12802,175
2022-02-27,Ventura,111,848112,171595,171660,9195,180855,1423
2022-02-27,Yolo,113,214977,35812,35744,3105,38849,299
2022-02-27,Yuba,115,75493,15664,15619,1175,16794,113
2022-02-26,Alameda,001,1643700,251729,250867,13582,264449,1716
2022-02-26,Alpine,003,1148,122,125,1,126,0
2022-02-26,Amador,005,37829,8372,8282,635,8917,83
2022-02-26,Butte,007,227075,32613,32466,6555,39021,368
2022-02-26,Calaveras,009,45235,7177,7192,350,7542,110
2022-02-26,Colusa,011,21464,3424,3414,1073,4487,21
2022-02-26,Contra Costa,013,1133247,186235,184686,12922,197608,1209
2022-02-26,Del Norte,015,27424,5706,5639,184,5823,45
2022-02-26,El Dorado,017,186661,26472,26355,3173,29528,191
2022-02-26,Fresno,019,978130,227875,225679,22069,247748,2597
2022-02-26,Glenn,021,27897,4937,4909,1559,6468,40
2022-02-26,Humboldt,023,135768,16688,16619,2895,19514,133
2022-02-26,Imperial,025,180216,54875,54367,10991,65358,871
2022-02-26,Inyo,027,18085,4040,4034,468,4502,56
2022-02-26,Kern,029,883053,190210,188584,45929,234513,2106
2022-02-26,Kings,031,150075,50900,50579,3580,54159,423
2022-02-26,Lake,033,64148,10512,10383,879,11262,128
2022-02-26,Lassen,035,31185,8825,8761,890,9651,55
2022-02-26,Los Angeles,037,10098052,2684261,2660973,122210,2783183,30202
2022-02-26,Madera,039,155013,37070,36933,5970,42903,330
2022-02-26,Marin,041,260295,32774,32651,2184,34835,267
2022-02-26,Mariposa,043,17540,2356,2332,196,2528,6
2022-02-26,Mendocino,045,87422,12872,12762,2919,15681,111
2022-02-26,Merced,047,269075,61628,61348,8341,69689,775
2022-02-26,Modoc,049,8938,729,726,249,975,7
2022-02-26,Mono,051,14174,2957,2959,118,3077,5
2022-02-26,Monterey,053,433212,78175,77610,13122,90732,692
2022-02-26,Napa,055,140530,25278,25221,947,26168,130
2022-02-26,Nevada,057,99092,15817,15850,1173,17023,121
2022-02-26,Orange,059,3164182,542024,539992,40785,580777,6540
2022-02-26,Placer,061,380077,62174,61803,7287,69090,573
2022-02-26,Plumas,063,18699,2742,2673,354,3027,13
2022-02-26,Riverside,065,2383286,587447,584835,27909,612744,6143
2022-02-26,Sacramento,067,1510023,273606,272339,26578,298917,2793
2022-02-26,San Benito,069,59416,12788,12770,511,13281,92
2022-02-26,San Bernardino,071,2135413,558557,555668,24306,579974,6505
2022-02-26,San Diego,073,3302833,744041,736049,50463,786512,5002
2022-02-26,San Francisco,075,870044,122106,123079,8213,131292,769
2022-02-26,San Joaquin,077,732212,165135,164418,9076,173494,2048
2022-02-26,San Luis Obispo,079,281455,51781,51358,3688,55046,438
2022-02-26,San Mateo,081,765935,118523,117860,6899,124759,603
2022-02-26,Santa Barbara,083,443738,84796,84830,4779,89609,652
2022-02-26,Santa Clara,085,1922200,307181,305895,12134,318029,2166
2022-02-26,Santa Cruz,087,273765,46404,46186,1982,48168,251
2022-02-26,Shasta,089,179085,30234,30108,6099,36207,485
2022-02-26,Sierra,091,2930,273,270,41,311,1
2022-02-26,Siskiyou,093,43540,4386,4359,2707,7066,72
2022-02-26,Solano,095,438530,80757,80225,5464,85689,428
2022-02-26,Sonoma,097,501317,82115,81702,2394,84096,432
2022-02-26,Stanislaus,099,539301,116955,116896,16841,133737,1503
2022-02-26,Sutter,101,95872,20340,20230,1989,22219,214
2022-02-26,Tehama,103,63373,11941,11878,2591,14469,158
2022-02-26,Trinity,105,12862,1164,1156,291,1447,20
2022-02-26,Tulare,107,460477,103840,102983,27991,130974,1295
2022-02-26,Tuolumne,109,53932,12518,12169,559,12728,175
2022-02-26,Ventura,111,848112,171561,171292,9193,180485,1411
2022-02-26,Yolo,113,214977,35791,35615,3102,38717,296
2022-02-26,Yuba,115,75493,15653,15587,1175,16762,113
2022-02-25,Alameda,001,1643700,251602,250867,13573,264440,1716
2022-02-25,Alpine,003,1148,122,125,1,126,0
2022-02-25,Amador,005,37829,8361,8282,635,8917,83
2022-02-25,Butte,007,227075,32601,32466,6553,39019,368
2022-02-25,Calaveras,009,45235,7175,7192,350,7542,110
2022-02-25,Colusa,011,21464,3424,3414,1073,4487,21
2022-02-25,Contra Costa,013,1133247,186149,184686,12900,197586,1209
2022-02-25,Del Norte,015,27424,5696,5639,184,5823,45
2022-02-25,El Dorado,017,186661,26463,26355,3173,29528,191
2022-02-25,Fresno,019,978130,227779,225679,22062,247741,2597
2022-02-25,Glenn,021,27897,4935,4909,1559,6468,40
2022-02-25,Humboldt,023,135768,16676,16619,2895,19514,133
2022-02-25,Imperial,025,180216,54857,54367,10990,65357,871
2022-02-25,Inyo,027,18085,4039,4034,468,4502,56
2022-02-25,Kern,029,883053,190145,188584,45916,234500,2106
2022-02-25,Kings,031,150075,50886,50579,3579,54158,423
2022-02-25,Lake,033,64148,10497,10383,879,11262,128
2022-02-25,Lassen,035,31185,8823,8761,890,9651,55
2022-02-25,Los Angeles,037,10098052,2683674,2660973,122179,2783152,30202
2022-02-25,Madera,039,155013,37050,36933,5969,42902,330
2022-02-25,Marin,041,260295,32760,32651,2184,34835,267
2022-02-25,Mariposa,043,17540,2353,2332,196,2528,6
2022-02-25,Mendocino,045,87422,12870,12762,2919,15681,111
2022-02-25,Merced,047,269075,61596,61348,8337,69685,775
2022-02-25,Modoc,049,8938,729,726,249,975,7
2022-02-25,Mono,051,14174,2956,2959,118,3077,5
2022-02-25,Monterey,053,433212,78148,77610,13116,90726,692
2022-02-25,Napa,055,140530,25269,25221,947,26168,130
2022-02-25,Nevada,057,99092,15806,15850,1170,17020,121
2022-02-25,Orange,059,3164182,541892,539992,40763,580755,6540
2022-02-25,Placer,061,380077,62159,61803,7281,69084,573
2022-02-25,Plumas,063,18699,2740,2673,353,3026,13
2022-02-25,Riverside,065,2383286,587290,584835,27897,612732,6143
2022-02-25,Sacramento,067,1510023,273504,272339,26573,298912,2793
2022-02-25,San Benito,069,59416,12786,12770,511,13281,92
2022-02-25,San Bernardino,071,2135413,558455,555668,24300,579968,6505
2022-02-25,San Diego,073,3302833,743739,736049,50444,786493,5002
2022-02-25,San Francisco,075,870044,122027,123079,8210,131289,769
2022-02-25,San Joaquin,077,732212,165095,164418,9071,173489,2048
2022-02-25,San Luis Obispo,079,281455,51777,51358,3679,55037,438
2022-02-25,San Mateo,081,765935,118462,117860,6895,124755,603
2022-02-25,Santa Barbara,083,443738,84761,84830,4779,89609,652
2022-02-25,Santa Clara,085,1922200,306996,305895,12131,318026,2166
2022-02-25,Santa Cruz,087,273765,46370,46186,1980,48166,251
2022-02-25,Shasta,089,179085,30224,30108,6097,36205,485
2022-02-25,Sierra,091,2930,273,270,41,311,1
2022-02-25,Siskiyou,093,43540,4386,4359,2706,7065,72
2022-02-25,Solano,095,438530,80728,80225,5463,85688,428
2022-02-25,Sonoma,097,501317,82065,81702,2392,84094,432
2022-02-25,Stanislaus,099,539301,116928,116896,16837,133733,1503
2022-02-25,Sutter,101,95872,20331,20230,1989,22219,214
2022-02-25,Tehama,103,63373,11939,11878,2591,14469,158
2022-02-25,Trinity,105,12862,1164,1156,291,1447,20
2022-02-25,Tulare,107,460477,103804,102983,27968,130951,1295
2022-02-25,Tuolumne,109,53932,12516,12169,559,12728,175
2022-02-25,Ventura,111,848112,171511,171292,9193,180485,1411
2022-02-25,Yolo,113,214977,35776,35615,3102,38717,296
2022-02-25,Yuba,115,75493,15645,15587,1175,16762,113
2022-02-24,Alameda,001,1643700,251397,250867,13564,264431,1716
2022-02-24,Alpine,003,1148,122,125,1,126,0
2022-02-24,Amador,005,37829,8356,8282,634,8916,83
2022-02-24,Butte,007,227075,32580,32466,6547,39013,368
2022-02-24,Calaveras,009,45235,7172,7192,348,7540,110
2022-02-24,Colusa,011,21464,3423,3414,1072,4486,21
2022-02-24,Contra Costa,013,1133247,186021,184686,12892,197578,1209
2022-02-24,Del Norte,015,27424,5681,5639,183,5822,45
2022-02-24,El Dorado,017,186661,26449,26355,3173,29528,191
2022-02-24,Fresno,019,978130,227582,225679,22050,247729,2597
2022-02-24,Glenn,021,27897,4933,4909,1558,6467,40
2022-02-24,Humboldt,023,135768,16660,16619,2894,19513,133
2022-02-24,Imperial,025,180216,54818,54367,10972,65339,871
2022-02-24,Inyo,027,18085,4038,4034,467,4501,56
2022-02-24,Kern,029,883053,190002,188584,45882,234466,2106
2022-02-24,Kings,031,150075,50855,50579,3573,54152,423
2022-02-24,Lake,033,64148,10478,10383,878,11261,128
2022-02-24,Lassen,035,31185,8819,8761,889,9650,55
2022-02-24,Los Angeles,037,10098052,2682545,2660973,122123,2783096,30202
2022-02-24,Madera,039,155013,37023,36933,5967,42900,330
2022-02-24,Marin,041,260295,32739,32651,2183,34834,267
2022-02-24,Mariposa,043,17540,2347,2332,195,2527,6
2022-02-24,Mendocino,045,87422,12863,12762,2915,15677,111
2022-02-24,Merced,047,269075,61566,61348,8328,69676,775
2022-02-24,Modoc,049,8938,728,726,249,975,7
2022-02-24,Mono,051,14174,2955,2959,118,3077,5
2022-02-24,Monterey,053,433212,78095,77610,13107,90717,692
2022-02-24,Napa,055,140530,25228,25221,943,26164,130
2022-02-24,Nevada,057,99092,15792,15850,1170,17020,121
2022-02-24,Orange,059,3164182,541647,539992,40730,580722,6540
2022-02-24,Placer,061,380077,62121,61803,7279,69082,573
2022-02-24,Plumas,063,18699,2734,2673,351,3024,13
2022-02-24,Riverside,065,2383286,587038,584835,27870,612705,6143
2022-02-24,Sacramento,067,1510023,273329,272339,26555,298894,2793
2022-02-24,San Benito,069,59416,12775,12770,510,13280,92
2022-02-24,San Bernardino,071,2135413,558268,555668,24290,579958,6505
2022-02-24,San Diego,073,3302833,743302,736049,50403,786452,5002
2022-02-24,San Francisco,075,870044,121907,123079,8203,131282,769
2022-02-24,San Joaquin,077,732212,164961,164418,9066,173484,2048
2022-02-24,San Luis Obispo,079,281455,51731,51358,3677,55035,438
2022-02-24,San Mateo,081,765935,118370,117860,6888,124748,603
2022-02-24,Santa Barbara,083,443738,84698,84830,4778,89608,652
2022-02-24,Santa Clara,085,1922200,306749,305895,12117,318012,2166
2022-02-24,Santa Cruz,087,273765,46288,46186,1978,48164,251
2022-02-24,Shasta,089,179085,30205,30108,6091,36199,485
2022-02-24,Sierra,091,2930,273,270,41,311,1
2022-02-24,Siskiyou,093,43540,4383,4359,2702,7061,72
2022-02-24,Solano,095,438530,80649,80225,5460,85685,428
2022-02-24,Sonoma,097,501317,82011,81702,2387,84089,432
2022-02-24,Stanislaus,099,539301,116850,116896,16827,133723,1503
2022-02-24,Sutter,101,95872,20316,20230,1973,22203,214
2022-02-24,Tehama,103,63373,11933,11878,2590,14468,158
2022-02-24,Trinity,105,12862,1162,1156,291,1447,20
2022-02-24,Tulare,107,460477,103747,102983,27936,130919,1295
2022-02-24,Tuolumne,109,53932,12505,12169,557,12726,175
2022-02-24,Ventura,111,848112,171432,171292,9190,180482,1411
2022-02-24,Yolo,113,214977,35752,35615,3099,38714,296
2022-02-24,Yuba,115,75493,15632,15587,1175,16762,113
2022-02-23,Alameda,001,1643700,251168,247686,13546,261232,1713
2022-02-23,Alpine,003,1148,122,125,1,126,0
2022-02-23,Amador,005,37829,8339,8274,634,8908,79
2022-02-23,Butte,007,227075,32552,32417,6544,38961,367
2022-02-23,Calaveras,009,45235,7162,7182,347,7529,107
2022-02-23,Colusa,011,21464,3419,3411,1072,4483,21
2022-02-23,Contra Costa,013,1133247,185874,184013,12878,196891,1209
2022-02-23,Del Norte,015,27424,5669,5625,182,5807,45
2022-02-23,El Dorado,017,186661,26433,26317,3169,29486,189
2022-02-23,Fresno,019,978130,227388,225308,22028,247336,2596
2022-02-23,Glenn,021,27897,4929,4909,1556,6465,40
2022-02-23,Humboldt,023,135768,16644,16601,2891,19492,132
2022-02-23,Imperial,025,180216,54787,54292,10959,65251,871
2022-02-23,Inyo,027,18085,4037,4031,464,4495,54
2022-02-23,Kern,029,883053,189889,188432,45832,234264,2106
2022-02-23,Kings,031,150075,50822,50416,3571,53987,423
2022-02-23,Lake,033,64148,10460,10368,877,11245,126
2022-02-23,Lassen,035,31185,8803,8749,889,9638,55
2022-02-23,Los Angeles,037,10098052,2681201,2659569,122079,2781648,30167
2022-02-23,Madera,039,155013,36991,36876,5956,42832,330
2022-02-23,Marin,041,260295,32715,32625,2182,34807,267
2022-02-23,Mariposa,043,17540,2342,2325,194,2519,6
2022-02-23,Mendocino,045,87422,12855,12747,2911,15658,111
2022-02-23,Merced,047,269075,61537,61295,8323,69618,772
2022-02-23,Modoc,049,8938,728,723,248,971,7
2022-02-23,Mono,051,14174,2954,2960,118,3078,5
2022-02-23,Monterey,053,433212,78057,77472,13085,90557,691
2022-02-23,Napa,055,140530,25205,25185,938,26123,128
2022-02-23,Nevada,057,99092,15786,15825,1167,16992,121
2022-02-23,Orange,059,3164182,541343,539631,40708,580339,6520
2022-02-23,Placer,061,380077,62074,61758,7271,69029,573
2022-02-23,Plumas,063,18699,2730,2663,351,3014,13
2022-02-23,Riverside,065,2383286,586745,584381,27833,612214,6119
2022-02-23,Sacramento,067,1510023,273167,272057,26532,298589,2796
2022-02-23,San Benito,069,59416,12768,12756,509,13265,92
2022-02-23,San Bernardino,071,2135413,558107,555238,24273,579511,6479
2022-02-23,San Diego,073,3302833,742777,735406,50361,785767,4988
2022-02-23,San Francisco,075,870044,121780,122127,8201,130328,769
2022-02-23,San Joaquin,077,732212,164871,164257,9060,173317,2042
2022-02-23,San Luis Obispo,079,281455,51683,51264,3676,54940,434
2022-02-23,San Mateo,081,765935,118278,117585,6879,124464,603
2022-02-23,Santa Barbara,083,443738,84637,84760,4774,89534,651
2022-02-23,Santa Clara,085,1922200,306490,305484,12107,317591,2157
2022-02-23,Santa Cruz,087,273765,46220,46059,1977,48036,251
2022-02-23,Shasta,089,179085,30178,30066,6088,36154,481
2022-02-23,Sierra,091,2930,273,270,41,311,1
2022-02-23,Siskiyou,093,43540,4380,4356,2700,7056,71
2022-02-23,Solano,095,438530,80557,80103,5458,85561,427
2022-02-23,Sonoma,097,501317,81958,81594,2386,83980,432
2022-02-23,Stanislaus,099,539301,116774,116789,16818,133607,1482
2022-02-23,Sutter,101,95872,20299,20194,1969,22163,213
2022-02-23,Tehama,103,63373,11923,11863,2590,14453,154
2022-02-23,Trinity,105,12862,1162,1156,291,1447,20
2022-02-23,Tulare,107,460477,103681,102812,27907,130719,1290
2022-02-23,Tuolumne,109,53932,12495,12158,556,12714,175
2022-02-23,Ventura,111,848112,171348,171163,9183,180346,1401
2022-02-23,Yolo,113,214977,35716,35590,3092,38682,296
2022-02-23,Yuba,115,75493,15629,15571,1173,16744,113
2022-02-22,Alameda,001,1643700,250928,247434,13531,260965,1706
2022-02-22,Alpine,003,1148,122,124,1,125,0
2022-02-22,Amador,005,37829,8329,8243,634,8877,79
2022-02-22,Butte,007,227075,32517,32359,6539,38898,366
2022-02-22,Calaveras,009,45235,7153,7178,347,7525,107
2022-02-22,Colusa,011,21464,3419,3402,1070,4472,21
2022-02-22,Contra Costa,013,1133247,185719,183812,12859,196671,1201
2022-02-22,Del Norte,015,27424,5661,5611,181,5792,45
2022-02-22,El Dorado,017,186661,26423,26289,3169,29458,189
2022-02-22,Fresno,019,978130,227154,225104,21999,247103,2592
2022-02-22,Glenn,021,27897,4928,4900,1555,6455,40
2022-02-22,Humboldt,023,135768,16623,16559,2886,19445,132
2022-02-22,Imperial,025,180216,54752,54227,10950,65177,864
2022-02-22,Inyo,027,18085,4036,4026,463,4489,54
2022-02-22,Kern,029,883053,189747,188237,45792,234029,2102
2022-02-22,Kings,031,150075,50758,50359,3569,53928,423
2022-02-22,Lake,033,64148,10449,10353,875,11228,126
2022-02-22,Lassen,035,31185,8799,8730,889,9619,55
2022-02-22,Los Angeles,037,10098052,2679755,2658230,121991,2780221,30129
2022-02-22,Madera,039,155013,36958,36833,5946,42779,330
2022-02-22,Marin,041,260295,32690,32591,2181,34772,267
2022-02-22,Mariposa,043,17540,2334,2322,194,2516,6
2022-02-22,Mendocino,045,87422,12841,12714,2901,15615,110
2022-02-22,Merced,047,269075,61477,61241,8316,69557,770
2022-02-22,Modoc,049,8938,725,720,248,968,6
2022-02-22,Mono,051,14174,2954,2961,118,3079,5
2022-02-22,Monterey,053,433212,78002,77359,13065,90424,690
2022-02-22,Napa,055,140530,25176,25151,937,26088,128
2022-02-22,Nevada,057,99092,15770,15815,1166,16981,121
2022-02-22,Orange,059,3164182,541058,539390,40675,580065,6502
2022-02-22,Placer,061,380077,62037,61709,7266,68975,572
2022-02-22,Plumas,063,18699,2725,2659,349,3008,13
2022-02-22,Riverside,065,2383286,586488,583969,27810,611779,6097
2022-02-22,Sacramento,067,1510023,272976,271789,26508,298297,2775
2022-02-22,San Benito,069,59416,12757,12742,508,13250,92
2022-02-22,San Bernardino,071,2135413,557907,554903,24255,579158,6451
2022-02-22,San Diego,073,3302833,742243,734536,50310,784846,4974
2022-02-22,San Francisco,075,870044,121652,121954,8196,130150,769
2022-02-22,San Joaquin,077,732212,164751,164111,9049,173160,2040
2022-02-22,San Luis Obispo,079,281455,51598,51193,3670,54863,431
2022-02-22,San Mateo,081,765935,118183,117418,6874,124292,603
2022-02-22,Santa Barbara,083,443738,84574,84701,4768,89469,650
2022-02-22,Santa Clara,085,1922200,306209,305045,12100,317145,2155
2022-02-22,Santa Cruz,087,273765,46154,45958,1977,47935,251
2022-02-22,Shasta,089,179085,30154,30024,6083,36107,479
2022-02-22,Sierra,091,2930,273,269,40,309,0
2022-02-22,Siskiyou,093,43540,4377,4350,2695,7045,70
2022-02-22,Solano,095,438530,80480,79968,5456,85424,425
2022-02-22,Sonoma,097,501317,81891,81412,2382,83794,431
2022-02-22,Stanislaus,099,539301,116695,116676,16800,133476,1475
2022-02-22,Sutter,101,95872,20283,20164,1966,22130,210
2022-02-22,Tehama,103,63373,11915,11852,2589,14441,152
2022-02-22,Trinity,105,12862,1162,1147,290,1437,20
2022-02-22,Tulare,107,460477,103569,102717,27871,130588,1287
2022-02-22,Tuolumne,109,53932,12474,12136,555,12691,175
2022-02-22,Ventura,111,848112,171264,171064,9177,180241,1401
2022-02-22,Yolo,113,214977,35678,35527,3086,38613,292
2022-02-22,Yuba,115,75493,15619,15550,1172,16722,110
2022-02-21,Alameda,001,1643700,250641,247434,13515,260949,1704
2022-02-21,Alpine,003,1148,122,124,1,125,0
2022-02-21,Amador,005,37829,8322,8246,634,8880,79
2022-02-21,Butte,007,227075,32473,32356,6516,38872,366
2022-02-21,Calaveras,009,45235,7145,7175,347,7522,107
2022-02-21,Colusa,011,21464,3417,3401,1068,4469,21
2022-02-21,Contra Costa,013,1133247,185484,183701,12845,196546,1201
2022-02-21,Del Norte,015,27424,5642,5601,180,5781,45
2022-02-21,El Dorado,017,186661,26397,26273,3164,29437,189
2022-02-21,Fresno,019,978130,226838,224923,21939,246862,2592
2022-02-21,Glenn,021,27897,4924,4897,1555,6452,40
2022-02-21,Humboldt,023,135768,16579,16548,2878,19426,132
2022-02-21,Imperial,025,180216,54697,54208,10932,65140,864
2022-02-21,Inyo,027,18085,4032,4023,463,4486,54
2022-02-21,Kern,029,883053,189554,188188,45740,233928,2102
2022-02-21,Kings,031,150075,50692,50188,3566,53754,422
2022-02-21,Lake,033,64148,10426,10334,873,11207,126
2022-02-21,Lassen,035,31185,8791,8705,884,9589,55
2022-02-21,Los Angeles,037,10098052,2677977,2656873,121894,2778767,30108
2022-02-21,Madera,039,155013,36917,36796,5924,42720,330
2022-02-21,Marin,041,260295,32667,32570,2181,34751,258
2022-02-21,Mariposa,043,17540,2331,2321,194,2515,6
2022-02-21,Mendocino,045,87422,12815,12706,2889,15595,110
2022-02-21,Merced,047,269075,61420,61209,8299,69508,770
2022-02-21,Modoc,049,8938,724,718,248,966,6
2022-02-21,Mono,051,14174,2953,2960,118,3078,5
2022-02-21,Monterey,053,433212,77909,77354,13023,90377,690
2022-02-21,Napa,055,140530,25135,25126,937,26063,128
2022-02-21,Nevada,057,99092,15758,15810,1163,16973,121
2022-02-21,Orange,059,3164182,540711,539068,40650,579718,6502
2022-02-21,Placer,061,380077,61981,61727,7263,68990,572
2022-02-21,Plumas,063,18699,2721,2657,344,3001,13
2022-02-21,Riverside,065,2383286,586115,583712,27761,611473,6097
2022-02-21,Sacramento,067,1510023,272711,271588,26474,298062,2769
2022-02-21,San Benito,069,59416,12744,12731,508,13239,92
2022-02-21,San Bernardino,071,2135413,557666,554662,24233,578895,6441
2022-02-21,San Diego,073,3302833,741610,732298,50239,782537,4974
2022-02-21,San Francisco,075,870044,121469,121865,8192,130057,769
2022-02-21,San Joaquin,077,732212,164611,164036,9038,173074,2040
2022-02-21,San Luis Obispo,079,281455,51506,51184,3663,54847,429
2022-02-21,San Mateo,081,765935,118094,117259,6866,124125,605
2022-02-21,Santa Barbara,083,443738,84499,84626,4760,89386,650
2022-02-21,Santa Clara,085,1922200,305873,304858,12094,316952,2158
2022-02-21,Santa Cruz,087,273765,46029,45941,1976,47917,251
2022-02-21,Shasta,089,179085,30107,30004,6075,36079,479
2022-02-21,Sierra,091,2930,273,269,40,309,0
2022-02-21,Siskiyou,093,43540,4365,4337,2690,7027,70
2022-02-21,Solano,095,438530,80384,79906,5450,85356,425
2022-02-21,Sonoma,097,501317,81780,81361,2376,83737,431
2022-02-21,Stanislaus,099,539301,116584,116597,16776,133373,1475
2022-02-21,Sutter,101,95872,20255,20152,1964,22116,210
2022-02-21,Tehama,103,63373,11902,11842,2588,14430,152
2022-02-21,Trinity,105,12862,1161,1147,290,1437,20
2022-02-21,Tulare,107,460477,103470,102614,27819,130433,1287
2022-02-21,Tuolumne,109,53932,12465,12126,552,12678,175
2022-02-21,Ventura,111,848112,171128,170939,9168,180107,1401
2022-02-21,Yolo,113,214977,35636,35518,3077,38595,292
2022-02-21,Yuba,115,75493,15598,15546,1163,16709,110
2022-02-20,Alameda,001,1643700,250416,246028,13505,259533,1700
2022-02-20,Alpine,003,1148,122,124,1,125,0
2022-02-20,Amador,005,37829,8311,8203,634,8837,79
2022-02-20,Butte,007,227075,32443,32173,6511,38684,364
2022-02-20,Calaveras,009,45235,7142,7136,346,7482,107
2022-02-20,Colusa,011,21464,3414,3389,1067,4456,21
2022-02-20,Contra Costa,013,1133247,185359,182797,12840,195637,1190
2022-02-20,Del Norte,015,27424,5626,5511,180,5691,45
2022-02-20,El Dorado,017,186661,26374,26101,3163,29264,189
2022-02-20,Fresno,019,978130,226645,223594,21926,245520,2544
2022-02-20,Glenn,021,27897,4921,4881,1555,6436,39
2022-02-20,Humboldt,023,135768,16565,16393,2874,19267,132
2022-02-20,Imperial,025,180216,54637,53967,10917,64884,862
2022-02-20,Inyo,027,18085,4031,4018,462,4480,52
2022-02-20,Kern,029,883053,189421,187158,45696,232854,2095
2022-02-20,Kings,031,150075,50664,49724,3562,53286,421
2022-02-20,Lake,033,64148,10393,10184,872,11056,126
2022-02-20,Lassen,035,31185,8779,8640,884,9524,55
2022-02-20,Los Angeles,037,10098052,2676662,2642878,121804,2764682,29842
2022-02-20,Madera,039,155013,36885,36526,5920,42446,330
2022-02-20,Marin,041,260295,32650,32441,2180,34621,258
2022-02-20,Mariposa,043,17540,2325,2310,192,2502,6
2022-02-20,Mendocino,045,87422,12805,12625,2886,15511,110
2022-02-20,Merced,047,269075,61392,60886,8297,69183,769
2022-02-20,Modoc,049,8938,723,714,248,962,6
2022-02-20,Mono,051,14174,2953,2956,118,3074,5
2022-02-20,Monterey,053,433212,77849,76765,13008,89773,682
2022-02-20,Napa,055,140530,25114,24970,935,25905,127
2022-02-20,Nevada,057,99092,15747,15715,1162,16877,121
2022-02-20,Orange,059,3164182,540393,538019,40616,578635,6416
2022-02-20,Placer,061,380077,61947,61417,7255,68672,560
2022-02-20,Plumas,063,18699,2717,2646,342,2988,13
2022-02-20,Riverside,065,2383286,585840,581788,27733,609521,6087
2022-02-20,Sacramento,067,1510023,272531,270080,26448,296528,2747
2022-02-20,San Benito,069,59416,12741,12665,508,13173,92
2022-02-20,San Bernardino,071,2135413,557461,553151,24217,577368,6400
2022-02-20,San Diego,073,3302833,741013,729549,50187,779736,4947
2022-02-20,San Francisco,075,870044,121328,121197,8183,129380,756
2022-02-20,San Joaquin,077,732212,164488,163083,9027,172110,2033
2022-02-20,San Luis Obispo,079,281455,51475,50823,3659,54482,424
2022-02-20,San Mateo,081,765935,118021,116648,6858,123506,598
2022-02-20,Santa Barbara,083,443738,84454,83988,4759,88747,642
2022-02-20,Santa Clara,085,1922200,305593,303077,12086,315163,2138
2022-02-20,Santa Cruz,087,273765,45962,45532,1973,47505,250
2022-02-20,Shasta,089,179085,30075,29847,6068,35915,479
2022-02-20,Sierra,091,2930,273,269,40,309,0
2022-02-20,Siskiyou,093,43540,4359,4307,2689,6996,70
2022-02-20,Solano,095,438530,80307,78914,5446,84360,424
2022-02-20,Sonoma,097,501317,81704,80843,2375,83218,431
2022-02-20,Stanislaus,099,539301,116515,115976,16760,132736,1454
2022-02-20,Sutter,101,95872,20242,20060,1961,22021,210
2022-02-20,Tehama,103,63373,11890,11760,2585,14345,152
2022-02-20,Trinity,105,12862,1160,1130,290,1420,20
2022-02-20,Tulare,107,460477,103378,101996,27792,129788,1286
2022-02-20,Tuolumne,109,53932,12442,12036,551,12587,175
2022-02-20,Ventura,111,848112,171031,170331,9163,179494,1384
2022-02-20,Yolo,113,214977,35610,35363,3074,38437,293
2022-02-20,Yuba,115,75493,15582,15449,1162,16611,112
2022-02-19,Alameda,001,1643700,250246,246028,13503,259531,1700
2022-02-19,Alpine,003,1148,122,124,1,125,0
2022-02-19,Amador,005,37829,8307,8203,634,8837,79
2022-02-19,Butte,007,227075,32419,32173,6508,38681,364
2022-02-19,Calaveras,009,45235,7142,7136,346,7482,107
2022-02-19,Colusa,011,21464,3413,3389,1065,4454,21
2022-02-19,Contra Costa,013,1133247,185261,182797,12839,195636,1190
2022-02-19,Del Norte,015,27424,5616,5511,179,5690,45
2022-02-19,El Dorado,017,186661,26358,26101,3161,29262,189
2022-02-19,Fresno,019,978130,226527,223594,21921,245515,2544
2022-02-19,Glenn,021,27897,4917,4881,1555,6436,39
2022-02-19,Humboldt,023,135768,16550,16393,2874,19267,132
2022-02-19,Imperial,025,180216,54620,53967,10910,64877,862
2022-02-19,Inyo,027,18085,4030,4018,461,4479,52
2022-02-19,Kern,029,883053,189322,187158,45671,232829,2095
2022-02-19,Kings,031,150075,50641,49724,3560,53284,421
2022-02-19,Lake,033,64148,10385,10184,872,11056,126
2022-02-19,Lassen,035,31185,8767,8640,883,9523,55
2022-02-19,Los Angeles,037,10098052,2675891,2642878,121763,2764641,29842
2022-02-19,Madera,039,155013,36863,36526,5919,42445,330
2022-02-19,Marin,041,260295,32627,32441,2179,34620,258
2022-02-19,Mariposa,043,17540,2322,2310,192,2502,6
2022-02-19,Mendocino,045,87422,12795,12625,2886,15511,110
2022-02-19,Merced,047,269075,61346,60886,8293,69179,769
2022-02-19,Modoc,049,8938,723,714,247,961,6
2022-02-19,Mono,051,14174,2952,2956,118,3074,5
2022-02-19,Monterey,053,433212,77760,76765,12997,89762,682
2022-02-19,Napa,055,140530,25104,24970,935,25905,127
2022-02-19,Nevada,057,99092,15739,15715,1162,16877,121
2022-02-19,Orange,059,3164182,540195,538019,40592,578611,6416
2022-02-19,Placer,061,380077,61902,61417,7254,68671,560
2022-02-19,Plumas,063,18699,2716,2646,342,2988,13
2022-02-19,Riverside,065,2383286,585660,581788,27718,609506,6087
2022-02-19,Sacramento,067,1510023,272389,270080,26437,296517,2747
2022-02-19,San Benito,069,59416,12727,12665,507,13172,92
2022-02-19,San Bernardino,071,2135413,557302,553151,24210,577361,6400
2022-02-19,San Diego,073,3302833,740653,729549,50145,779694,4947
2022-02-19,San Francisco,075,870044,121241,121197,8179,129376,756
2022-02-19,San Joaquin,077,732212,164412,163083,9016,172099,2033
2022-02-19,San Luis Obispo,079,281455,51463,50823,3655,54478,424
2022-02-19,San Mateo,081,765935,117981,116648,6856,123504,598
2022-02-19,Santa Barbara,083,443738,84385,83988,4758,88746,642
2022-02-19,Santa Clara,085,1922200,305397,303077,12084,315161,2138
2022-02-19,Santa Cruz,087,273765,45924,45532,1972,47504,250
2022-02-19,Shasta,089,179085,30061,29847,6065,35912,479
2022-02-19,Sierra,091,2930,273,269,40,309,0
2022-02-19,Siskiyou,093,43540,4357,4307,2689,6996,70
2022-02-19,Solano,095,438530,80265,78914,5445,84359,424
2022-02-19,Sonoma,097,501317,81659,80843,2375,83218,431
2022-02-19,Stanislaus,099,539301,116445,115976,16754,132730,1454
2022-02-19,Sutter,101,95872,20234,20060,1961,22021,210
2022-02-19,Tehama,103,63373,11883,11760,2585,14345,152
2022-02-19,Trinity,105,12862,1158,1130,290,1420,20
2022-02-19,Tulare,107,460477,103328,101996,27766,129762,1286
2022-02-19,Tuolumne,109,53932,12434,12036,551,12587,175
2022-02-19,Ventura,111,848112,170956,170331,9160,179491,1384
2022-02-19,Yolo,113,214977,35578,35363,3070,38433,293
2022-02-19,Yuba,115,75493,15573,15449,1162,16611,112
2022-02-18,Alameda,001,1643700,250081,246028,13495,259523,1700
2022-02-18,Alpine,003,1148,121,124,1,125,0
2022-02-18,Amador,005,37829,8299,8203,632,8835,79
2022-02-18,Butte,007,227075,32399,32173,6503,38676,364
2022-02-18,Calaveras,009,45235,7137,7136,345,7481,107
2022-02-18,Colusa,011,21464,3411,3389,1065,4454,21
2022-02-18,Contra Costa,013,1133247,185157,182797,12834,195631,1190
2022-02-18,Del Norte,015,27424,5604,5511,179,5690,45
2022-02-18,El Dorado,017,186661,26347,26101,3160,29261,189
2022-02-18,Fresno,019,978130,226339,223594,21913,245507,2544
2022-02-18,Glenn,021,27897,4916,4881,1554,6435,39
2022-02-18,Humboldt,023,135768,16533,16393,2869,19262,132
2022-02-18,Imperial,025,180216,54596,53967,10899,64866,862
2022-02-18,Inyo,027,18085,4029,4018,461,4479,52
2022-02-18,Kern,029,883053,189207,187158,45626,232784,2095
2022-02-18,Kings,031,150075,50553,49724,3560,53284,421
2022-02-18,Lake,033,64148,10368,10184,870,11054,126
2022-02-18,Lassen,035,31185,8747,8640,882,9522,55
2022-02-18,Los Angeles,037,10098052,2674923,2642878,121706,2764584,29842
2022-02-18,Madera,039,155013,36837,36526,5917,42443,330
2022-02-18,Marin,041,260295,32609,32441,2177,34618,258
2022-02-18,Mariposa,043,17540,2320,2310,192,2502,6
2022-02-18,Mendocino,045,87422,12784,12625,2886,15511,110
2022-02-18,Merced,047,269075,61302,60886,8283,69169,769
2022-02-18,Modoc,049,8938,723,714,247,961,6
2022-02-18,Mono,051,14174,2952,2956,118,3074,5
2022-02-18,Monterey,053,433212,77688,76765,12990,89755,682
2022-02-18,Napa,055,140530,25086,24970,935,25905,127
2022-02-18,Nevada,057,99092,15731,15715,1162,16877,121
2022-02-18,Orange,059,3164182,539963,538019,40552,578571,6416
2022-02-18,Placer,061,380077,61873,61417,7246,68663,560
2022-02-18,Plumas,063,18699,2713,2646,342,2988,13
2022-02-18,Riverside,065,2383286,585475,581788,27709,609497,6087
2022-02-18,Sacramento,067,1510023,272194,270080,26429,296509,2747
2022-02-18,San Benito,069,59416,12719,12665,507,13172,92
2022-02-18,San Bernardino,071,2135413,557124,553151,24205,577356,6400
2022-02-18,San Diego,073,3302833,740222,729549,50120,779669,4947
2022-02-18,San Francisco,075,870044,121154,121197,8171,129368,756
2022-02-18,San Joaquin,077,732212,164345,163083,9008,172091,2033
2022-02-18,San Luis Obispo,079,281455,51447,50823,3652,54475,424
2022-02-18,San Mateo,081,765935,117916,116648,6853,123501,598
2022-02-18,Santa Barbara,083,443738,84344,83988,4756,88744,642
2022-02-18,Santa Clara,085,1922200,305159,303077,12083,315160,2138
2022-02-18,Santa Cruz,087,273765,45890,45532,1971,47503,250
2022-02-18,Shasta,089,179085,30049,29847,6064,35911,479
2022-02-18,Sierra,091,2930,273,269,40,309,0
2022-02-18,Siskiyou,093,43540,4354,4307,2687,6994,70
2022-02-18,Solano,095,438530,80193,78914,5444,84358,424
2022-02-18,Sonoma,097,501317,81601,80843,2374,83217,431
2022-02-18,Stanislaus,099,539301,116395,115976,16739,132715,1454
2022-02-18,Sutter,101,95872,20223,20060,1961,22021,210
2022-02-18,Tehama,103,63373,11872,11760,2585,14345,152
2022-02-18,Trinity,105,12862,1157,1130,289,1419,20
2022-02-18,Tulare,107,460477,103284,101996,27722,129718,1286
2022-02-18,Tuolumne,109,53932,12427,12036,550,12586,175
2022-02-18,Ventura,111,848112,170866,170331,9156,179487,1384
2022-02-18,Yolo,113,214977,35550,35363,3068,38431,293
2022-02-18,Yuba,115,75493,15560,15449,1162,16611,112
2022-02-17,Alameda,001,1643700,249817,246028,13473,259501,1700
2022-02-17,Alpine,003,1148,121,124,1,125,0
2022-02-17,Amador,005,37829,8295,8203,630,8833,79
2022-02-17,Butte,007,227075,32361,32173,6498,38671,364
2022-02-17,Calaveras,009,45235,7128,7136,342,7478,107
2022-02-17,Colusa,011,21464,3408,3389,1065,4454,21
2022-02-17,Contra Costa,013,1133247,184962,182797,12800,195597,1190
2022-02-17,Del Norte,015,27424,5583,5511,179,5690,45
2022-02-17,El Dorado,017,186661,26321,26101,3150,29251,189
2022-02-17,Fresno,019,978130,226049,223594,21888,245482,2544
2022-02-17,Glenn,021,27897,4914,4881,1551,6432,39
2022-02-17,Humboldt,023,135768,16491,16393,2868,19261,132
2022-02-17,Imperial,025,180216,54529,53967,10876,64843,862
2022-02-17,Inyo,027,18085,4028,4018,460,4478,52
2022-02-17,Kern,029,883053,189054,187158,45574,232732,2095
2022-02-17,Kings,031,150075,50488,49724,3554,53278,421
2022-02-17,Lake,033,64148,10338,10184,866,11050,126
2022-02-17,Lassen,035,31185,8737,8640,880,9520,55
2022-02-17,Los Angeles,037,10098052,2673105,2642878,121629,2764507,29842
2022-02-17,Madera,039,155013,36791,36526,5911,42437,330
2022-02-17,Marin,041,260295,32582,32441,2175,34616,258
2022-02-17,Mariposa,043,17540,2317,2310,191,2501,6
2022-02-17,Mendocino,045,87422,12767,12625,2883,15508,110
2022-02-17,Merced,047,269075,61226,60886,8265,69151,769
2022-02-17,Modoc,049,8938,722,714,247,961,6
2022-02-17,Mono,051,14174,2950,2956,118,3074,5
2022-02-17,Monterey,053,433212,77575,76765,12948,89713,682
2022-02-17,Napa,055,140530,25054,24970,933,25903,127
2022-02-17,Nevada,057,99092,15719,15715,1161,16876,121
2022-02-17,Orange,059,3164182,539634,538019,40524,578543,6416
2022-02-17,Placer,061,380077,61831,61417,7238,68655,560
2022-02-17,Plumas,063,18699,2710,2646,342,2988,13
2022-02-17,Riverside,065,2383286,585089,581788,27682,609470,6087
2022-02-17,Sacramento,067,1510023,271900,270080,26381,296461,2747
2022-02-17,San Benito,069,59416,12708,12665,507,13172,92
2022-02-17,San Bernardino,071,2135413,556828,553151,24194,577345,6400
2022-02-17,San Diego,073,3302833,739605,729549,50076,779625,4947
2022-02-17,San Francisco,075,870044,121017,121197,8160,129357,756
2022-02-17,San Joaquin,077,732212,164184,163083,8994,172077,2033
2022-02-17,San Luis Obispo,079,281455,51343,50823,3644,54467,424
2022-02-17,San Mateo,081,765935,117822,116648,6844,123492,598
2022-02-17,Santa Barbara,083,443738,84241,83988,4748,88736,642
2022-02-17,Santa Clara,085,1922200,304795,303077,12068,315145,2138
2022-02-17,Santa Cruz,087,273765,45808,45532,1969,47501,250
2022-02-17,Shasta,089,179085,30021,29847,6061,35908,479
2022-02-17,Sierra,091,2930,273,269,40,309,0
2022-02-17,Siskiyou,093,43540,4345,4307,2683,6990,70
2022-02-17,Solano,095,438530,80110,78914,5437,84351,424
2022-02-17,Sonoma,097,501317,81534,80843,2367,83210,431
2022-02-17,Stanislaus,099,539301,116292,115976,16720,132696,1454
2022-02-17,Sutter,101,95872,20208,20060,1953,22013,210
2022-02-17,Tehama,103,63373,11863,11760,2583,14343,152
2022-02-17,Trinity,105,12862,1155,1130,287,1417,20
2022-02-17,Tulare,107,460477,103165,101996,27694,129690,1286
2022-02-17,Tuolumne,109,53932,12416,12036,550,12586,175
2022-02-17,Ventura,111,848112,170727,170331,9155,179486,1384
2022-02-17,Yolo,113,214977,35512,35363,3067,38430,293
2022-02-17,Yuba,115,75493,15545,15449,1162,16611,112
2022-02-16,Alameda,001,1643700,249501,245662,13434,259096,1691
2022-02-16,Alpine,003,1148,121,124,1,125,0
2022-02-16,Amador,005,37829,8277,8197,628,8825,77
2022-02-16,Butte,007,227075,32319,32095,6486,38581,363
2022-02-16,Calaveras,009,45235,7122,7129,339,7468,107
2022-02-16,Colusa,011,21464,3403,3384,1065,4449,21
2022-02-16,Contra Costa,013,1133247,184723,182423,12762,195185,1179
2022-02-16,Del Norte,015,27424,5561,5473,175,5648,45
2022-02-16,El Dorado,017,186661,26293,26061,3146,29207,189
2022-02-16,Fresno,019,978130,225688,223056,21844,244900,2542
2022-02-16,Glenn,021,27897,4910,4873,1546,6419,39
2022-02-16,Humboldt,023,135768,16465,16342,2856,19198,132
2022-02-16,Imperial,025,180216,54459,53901,10842,64743,861
2022-02-16,Inyo,027,18085,4024,4013,457,4470,52
2022-02-16,Kern,029,883053,188834,186740,45483,232223,2084
2022-02-16,Kings,031,150075,50435,49575,3545,53120,420
2022-02-16,Lake,033,64148,10312,10145,866,11011,125
2022-02-16,Lassen,035,31185,8704,8618,880,9498,55
2022-02-16,Los Angeles,037,10098052,2671001,2640005,121517,2761522,29749
2022-02-16,Madera,039,155013,36723,36382,5896,42278,330
2022-02-16,Marin,041,260295,32546,32381,2171,34552,257
2022-02-16,Mariposa,043,17540,2315,2305,191,2496,6
2022-02-16,Mendocino,045,87422,12745,12605,2873,15478,108
2022-02-16,Merced,047,269075,61160,60776,8232,69008,767
2022-02-16,Modoc,049,8938,722,711,243,954,6
2022-02-16,Mono,051,14174,2948,2953,118,3071,5
2022-02-16,Monterey,053,433212,77426,76624,12906,89530,682
2022-02-16,Napa,055,140530,25015,24897,930,25827,128
2022-02-16,Nevada,057,99092,15702,15677,1157,16834,121
2022-02-16,Orange,059,3164182,539241,537934,40478,578412,6392
2022-02-16,Placer,061,380077,61782,61278,7225,68503,556
2022-02-16,Plumas,063,18699,2707,2644,340,2984,13
2022-02-16,Riverside,065,2383286,584699,580828,27635,608463,6064
2022-02-16,Sacramento,067,1510023,271572,269416,26325,295741,2736
2022-02-16,San Benito,069,59416,12682,12644,507,13151,92
2022-02-16,San Bernardino,071,2135413,556550,552353,24168,576521,6379
2022-02-16,San Diego,073,3302833,738821,728610,50000,778610,4931
2022-02-16,San Francisco,075,870044,120845,120987,8156,129143,756
2022-02-16,San Joaquin,077,732212,164013,162752,8984,171736,2032
2022-02-16,San Luis Obispo,079,281455,51274,50704,3631,54335,425
2022-02-16,San Mateo,081,765935,117705,116438,6826,123264,595
2022-02-16,Santa Barbara,083,443738,84166,83968,4735,88703,642
2022-02-16,Santa Clara,085,1922200,304414,302439,12031,314470,2130
2022-02-16,Santa Cruz,087,273765,45717,45274,1967,47241,250
2022-02-16,Shasta,089,179085,29981,29767,6049,35816,477
2022-02-16,Sierra,091,2930,272,269,40,309,0
2022-02-16,Siskiyou,093,43540,4338,4302,2677,6979,71
2022-02-16,Solano,095,438530,79989,78742,5430,84172,422
2022-02-16,Sonoma,097,501317,81412,80642,2357,82999,431
2022-02-16,Stanislaus,099,539301,116171,115751,16690,132441,1443
2022-02-16,Sutter,101,95872,20191,20020,1950,21970,210
2022-02-16,Tehama,103,63373,11845,11738,2581,14319,152
2022-02-16,Trinity,105,12862,1155,1130,286,1416,20
2022-02-16,Tulare,107,460477,103038,101817,27640,129457,1281
2022-02-16,Tuolumne,109,53932,12404,11991,549,12540,171
2022-02-16,Ventura,111,848112,170592,170117,9147,179264,1372
2022-02-16,Yolo,113,214977,35458,35284,3064,38348,292
2022-02-16,Yuba,115,75493,15520,15405,1159,16564,110
2022-02-15,Alameda,001,1643700,249152,245265,13405,258670,1683
2022-02-15,Alpine,003,1148,121,124,1,125,0
2022-02-15,Amador,005,37829,8266,8183,627,8810,77
2022-02-15,Butte,007,227075,32267,32011,6472,38483,361
2022-02-15,Calaveras,009,45235,7113,7115,339,7454,106
2022-02-15,Colusa,011,21464,3395,3374,1064,4438,21
2022-02-15,Contra Costa,013,1133247,184467,182041,12731,194772,1179
2022-02-15,Del Norte,015,27424,5535,5439,173,5612,45
2022-02-15,El Dorado,017,186661,26275,25988,3141,29129,189
2022-02-15,Fresno,019,978130,225304,222673,21782,244455,2543
2022-02-15,Glenn,021,27897,4901,4862,1545,6407,39
2022-02-15,Humboldt,023,135768,16420,16297,2841,19138,132
2022-02-15,Imperial,025,180216,54397,53813,10822,64635,860
2022-02-15,Inyo,027,18085,4023,4009,456,4465,52
2022-02-15,Kern,029,883053,188612,186324,45391,231715,2072
2022-02-15,Kings,031,150075,50341,49473,3536,53009,418
2022-02-15,Lake,033,64148,10278,10112,860,10972,123
2022-02-15,Lassen,035,31185,8689,8587,878,9465,55
2022-02-15,Los Angeles,037,10098052,2668751,2638266,121380,2759646,29691
2022-02-15,Madera,039,155013,36658,36260,5871,42131,330
2022-02-15,Marin,041,260295,32504,32355,2169,34524,255
2022-02-15,Mariposa,043,17540,2314,2302,191,2493,6
2022-02-15,Mendocino,045,87422,12728,12580,2853,15433,108
2022-02-15,Merced,047,269075,61076,60674,8199,68873,763
2022-02-15,Modoc,049,8938,720,710,240,950,6
2022-02-15,Mono,051,14174,2947,2952,118,3070,5
2022-02-15,Monterey,053,433212,77300,75530,12845,88375,682
2022-02-15,Napa,055,140530,24965,24832,923,25755,127
2022-02-15,Nevada,057,99092,15675,15643,1156,16799,121
2022-02-15,Orange,059,3164182,538792,537478,40436,577914,6374
2022-02-15,Placer,061,380077,61718,61170,7214,68384,554
2022-02-15,Plumas,063,18699,2703,2638,340,2978,13
2022-02-15,Riverside,065,2383286,584203,579940,27575,607515,6049
2022-02-15,Sacramento,067,1510023,271185,268950,26240,295190,2721
2022-02-15,San Benito,069,59416,12663,12616,507,13123,91
2022-02-15,San Bernardino,071,2135413,556178,551803,24145,575948,6372
2022-02-15,San Diego,073,3302833,737827,727486,49912,777398,4914
2022-02-15,San Francisco,075,870044,120675,120759,8144,128903,756
2022-02-15,San Joaquin,077,732212,163796,162518,8970,171488,2021
2022-02-15,San Luis Obispo,079,281455,51171,50534,3616,54150,419
2022-02-15,San Mateo,081,765935,117569,116253,6805,123058,595
2022-02-15,Santa Barbara,083,443738,84030,83734,4721,88455,640
2022-02-15,Santa Clara,085,1922200,303911,301831,11991,313822,2130
2022-02-15,Santa Cruz,087,273765,45611,45171,1962,47133,250
2022-02-15,Shasta,089,179085,29932,29684,6035,35719,477
2022-02-15,Sierra,091,2930,272,269,40,309,0
2022-02-15,Siskiyou,093,43540,4331,4288,2670,6958,70
2022-02-15,Solano,095,438530,79849,78626,5423,84049,426
2022-02-15,Sonoma,097,501317,81294,80433,2352,82785,431
2022-02-15,Stanislaus,099,539301,116032,115549,16653,132202,1429
2022-02-15,Sutter,101,95872,20164,19980,1946,21926,208
2022-02-15,Tehama,103,63373,11828,11717,2579,14296,151
2022-02-15,Trinity,105,12862,1149,1125,283,1408,20
2022-02-15,Tulare,107,460477,102879,101645,27582,129227,1278
2022-02-15,Tuolumne,109,53932,12384,11945,547,12492,171
2022-02-15,Ventura,111,848112,170420,169942,9138,179080,1372
2022-02-15,Yolo,113,214977,35405,35241,3054,38295,289
2022-02-15,Yuba,115,75493,15491,15372,1154,16526,109
2022-02-14,Alameda,001,1643700,248714,244315,13372,257687,1677
2022-02-14,Alpine,003,1148,121,125,1,126,0
2022-02-14,Amador,005,37829,8251,8164,623,8787,77
2022-02-14,Butte,007,227075,32205,31946,6458,38404,360
2022-02-14,Calaveras,009,45235,7101,7097,337,7434,106
2022-02-14,Colusa,011,21464,3392,3367,1060,4427,21
2022-02-14,Contra Costa,013,1133247,184175,181753,12690,194443,1167
2022-02-14,Del Norte,015,27424,5511,5426,172,5598,45
2022-02-14,El Dorado,017,186661,26238,25915,3133,29048,188
2022-02-14,Fresno,019,978130,224817,222360,21702,244062,2538
2022-02-14,Glenn,021,27897,4895,4854,1545,6399,39
2022-02-14,Humboldt,023,135768,16376,16264,2816,19080,132
2022-02-14,Imperial,025,180216,54328,53765,10788,64553,860
2022-02-14,Inyo,027,18085,4022,4010,455,4465,52
2022-02-14,Kern,029,883053,188265,186037,45282,231319,2063
2022-02-14,Kings,031,150075,50236,49395,3525,52920,419
2022-02-14,Lake,033,64148,10243,10090,857,10947,123
2022-02-14,Lassen,035,31185,8678,8539,876,9415,55
2022-02-14,Los Angeles,037,10098052,2666176,2636064,121249,2757313,29650
2022-02-14,Madera,039,155013,36590,36194,5848,42042,330
2022-02-14,Marin,041,260295,32468,32304,2166,34470,255
2022-02-14,Mariposa,043,17540,2308,2295,191,2486,6
2022-02-14,Mendocino,045,87422,12700,12541,2821,15362,108
2022-02-14,Merced,047,269075,60986,60591,8153,68744,758
2022-02-14,Modoc,049,8938,715,707,240,947,6
2022-02-14,Mono,051,14174,2946,2954,118,3072,5
2022-02-14,Monterey,053,433212,77122,75407,12762,88169,678
2022-02-14,Napa,055,140530,24906,24776,923,25699,127
2022-02-14,Nevada,057,99092,15656,15629,1155,16784,121
2022-02-14,Orange,059,3164182,538287,536924,40373,577297,6355
2022-02-14,Placer,061,380077,61639,61123,7199,68322,554
2022-02-14,Plumas,063,18699,2702,2631,338,2969,13
2022-02-14,Riverside,065,2383286,583645,579174,27505,606679,5994
2022-02-14,Sacramento,067,1510023,270733,268547,26126,294673,2717
2022-02-14,San Benito,069,59416,12639,12598,505,13103,91
2022-02-14,San Bernardino,071,2135413,555744,551338,24125,575463,6372
2022-02-14,San Diego,073,3302833,736840,723902,49827,773729,4894
2022-02-14,San Francisco,075,870044,120485,120581,8134,128715,756
2022-02-14,San Joaquin,077,732212,163557,162363,8947,171310,2018
2022-02-14,San Luis Obispo,079,281455,51047,50465,3605,54070,416
2022-02-14,San Mateo,081,765935,117400,116129,6796,122925,592
2022-02-14,Santa Barbara,083,443738,83883,83697,4710,88407,636
2022-02-14,Santa Clara,085,1922200,303363,301319,11966,313285,2127
2022-02-14,Santa Cruz,087,273765,45443,45042,1958,47000,250
2022-02-14,Shasta,089,179085,29848,29595,6017,35612,474
2022-02-14,Sierra,091,2930,272,269,40,309,0
2022-02-14,Siskiyou,093,43540,4318,4278,2656,6934,69
2022-02-14,Solano,095,438530,79660,78533,5412,83945,427
2022-02-14,Sonoma,097,501317,81149,80336,2342,82678,431
2022-02-14,Stanislaus,099,539301,115852,115426,16606,132032,1406
2022-02-14,Sutter,101,95872,20135,19957,1940,21897,209
2022-02-14,Tehama,103,63373,11804,11686,2578,14264,151
2022-02-14,Trinity,105,12862,1146,1123,283,1406,20
2022-02-14,Tulare,107,460477,102667,101448,27480,128928,1276
2022-02-14,Tuolumne,109,53932,12353,11920,544,12464,170
2022-02-14,Ventura,111,848112,170243,169725,9126,178851,1361
2022-02-14,Yolo,113,214977,35341,35112,3044,38156,286
2022-02-14,Yuba,115,75493,15461,15375,1150,16525,108
2022-02-13,Alameda,001,1643700,248210,243681,13340,257021,1677
2022-02-13,Alpine,003,1148,121,125,1,126,0
2022-02-13,Amador,005,37829,8222,8146,620,8766,77
2022-02-13,Butte,007,227075,32128,31865,6435,38300,360
2022-02-13,Calaveras,009,45235,7093,7083,334,7417,106
2022-02-13,Colusa,011,21464,3388,3366,1058,4424,21
2022-02-13,Contra Costa,013,1133247,183802,181313,12624,193937,1159
2022-02-13,Del Norte,015,27424,5479,5379,172,5551,45
2022-02-13,El Dorado,017,186661,26201,25871,3124,28995,188
2022-02-13,Fresno,019,978130,224273,221686,21649,243335,2537
2022-02-13,Glenn,021,27897,4885,4847,1542,6389,39
2022-02-13,Humboldt,023,135768,16328,16210,2789,18999,132
2022-02-13,Imperial,025,180216,54243,53658,10741,64399,860
2022-02-13,Inyo,027,18085,4019,4006,453,4459,52
2022-02-13,Kern,029,883053,188018,185640,45195,230835,2063
2022-02-13,Kings,031,150075,50110,49243,3510,52753,416
2022-02-13,Lake,033,64148,10180,10042,849,10891,123
2022-02-13,Lassen,035,31185,8647,8503,874,9377,55
2022-02-13,Los Angeles,037,10098052,2663014,2631267,121107,2752374,29595
2022-02-13,Madera,039,155013,36471,36054,5819,41873,330
2022-02-13,Marin,041,260295,32395,32222,2159,34381,255
2022-02-13,Mariposa,043,17540,2302,2292,189,2481,6
2022-02-13,Mendocino,045,87422,12669,12521,2779,15300,108
2022-02-13,Merced,047,269075,60841,60460,8099,68559,758
2022-02-13,Modoc,049,8938,713,704,233,937,6
2022-02-13,Mono,051,14174,2944,2949,118,3067,5
2022-02-13,Monterey,053,433212,76913,75295,12690,87985,678
2022-02-13,Napa,055,140530,24828,24743,920,25663,127
2022-02-13,Nevada,057,99092,15621,15590,1148,16738,121
2022-02-13,Orange,059,3164182,537658,536134,40311,576445,6355
2022-02-13,Placer,061,380077,61562,61020,7175,68195,554
2022-02-13,Plumas,063,18699,2694,2626,335,2961,13
2022-02-13,Riverside,065,2383286,583042,578363,27460,605823,5995
2022-02-13,Sacramento,067,1510023,270215,267947,25988,293935,2699
2022-02-13,San Benito,069,59416,12605,12578,504,13082,91
2022-02-13,San Bernardino,071,2135413,555216,550632,24092,574724,6367
2022-02-13,San Diego,073,3302833,735658,723902,49724,773626,4894
2022-02-13,San Francisco,075,870044,120230,120295,8122,128417,756
2022-02-13,San Joaquin,077,732212,163252,162028,8917,170945,2018
2022-02-13,San Luis Obispo,079,281455,50905,50384,3597,53981,415
2022-02-13,San Mateo,081,765935,117176,115876,6772,122648,592
2022-02-13,Santa Barbara,083,443738,83719,83547,4702,88249,635
2022-02-13,Santa Clara,085,1922200,302704,300412,11928,312340,2114
2022-02-13,Santa Cruz,087,273765,45283,44887,1957,46844,240
2022-02-13,Shasta,089,179085,29766,29531,5992,35523,474
2022-02-13,Sierra,091,2930,272,269,40,309,0
2022-02-13,Siskiyou,093,43540,4311,4264,2640,6904,69
2022-02-13,Solano,095,438530,79505,78424,5389,83813,426
2022-02-13,Sonoma,097,501317,80983,80172,2334,82506,431
2022-02-13,Stanislaus,099,539301,115651,115156,16565,131721,1406
2022-02-13,Sutter,101,95872,20094,19900,1940,21840,209
2022-02-13,Tehama,103,63373,11775,11644,2573,14217,151
2022-02-13,Trinity,105,12862,1143,1120,280,1400,20
2022-02-13,Tulare,107,460477,102440,101135,27380,128515,1276
2022-02-13,Tuolumne,109,53932,12328,11891,539,12430,170
2022-02-13,Ventura,111,848112,170047,169422,9106,178528,1361
2022-02-13,Yolo,113,214977,35272,35057,3032,38089,286
2022-02-13,Yuba,115,75493,15427,15346,1148,16494,107
2022-02-12,Alameda,001,1643700,247990,242137,13326,255463,1668
2022-02-12,Alpine,003,1148,121,124,1,125,0
2022-02-12,Amador,005,37829,8216,8091,620,8711,76
2022-02-12,Butte,007,227075,32101,31601,6430,38031,360
2022-02-12,Calaveras,009,45235,7090,7022,333,7355,106
2022-02-12,Colusa,011,21464,3384,3345,1058,4403,21
2022-02-12,Contra Costa,013,1133247,183607,180270,12617,192887,1141
2022-02-12,Del Norte,015,27424,5458,5262,172,5434,45
2022-02-12,El Dorado,017,186661,26185,25692,3124,28816,188
2022-02-12,Fresno,019,978130,224058,219909,21641,241550,2509
2022-02-12,Glenn,021,27897,4884,4818,1541,6359,39
2022-02-12,Humboldt,023,135768,16304,16058,2785,18843,132
2022-02-12,Imperial,025,180216,54200,53304,10730,64034,860
2022-02-12,Inyo,027,18085,4017,3991,453,4444,52
2022-02-12,Kern,029,883053,187910,184639,45158,229797,2037
2022-02-12,Kings,031,150075,50068,48893,3503,52396,415
2022-02-12,Lake,033,64148,10159,9926,844,10770,123
2022-02-12,Lassen,035,31185,8624,8477,873,9350,55
2022-02-12,Los Angeles,037,10098052,2661878,2616426,121030,2737456,29364
2022-02-12,Madera,039,155013,36438,35710,5813,41523,330
2022-02-12,Marin,041,260295,32362,32048,2156,34204,255
2022-02-12,Mariposa,043,17540,2302,2286,189,2475,6
2022-02-12,Mendocino,045,87422,12653,12439,2779,15218,107
2022-02-12,Merced,047,269075,60789,60187,8094,68281,758
2022-02-12,Modoc,049,8938,713,697,233,930,6
2022-02-12,Mono,051,14174,2944,2939,118,3057,5
2022-02-12,Monterey,053,433212,76853,74842,12668,87510,672
2022-02-12,Napa,055,140530,24800,24530,920,25450,124
2022-02-12,Nevada,057,99092,15609,15499,1146,16645,119
2022-02-12,Orange,059,3164182,537371,534503,40275,574778,6305
2022-02-12,Placer,061,380077,61500,60636,7172,67808,554
2022-02-12,Plumas,063,18699,2693,2617,334,2951,13
2022-02-12,Riverside,065,2383286,582682,575566,27435,603001,5961
2022-02-12,Sacramento,067,1510023,269975,266347,25976,292323,2686
2022-02-12,San Benito,069,59416,12592,12526,504,13030,91
2022-02-12,San Bernardino,071,2135413,554985,548822,24080,572902,6360
2022-02-12,San Diego,073,3302833,735139,720287,49677,769964,4854
2022-02-12,San Francisco,075,870044,120111,119113,8111,127224,740
2022-02-12,San Joaquin,077,732212,163123,161234,8912,170146,2014
2022-02-12,San Luis Obispo,079,281455,50869,50064,3593,53657,416
2022-02-12,San Mateo,081,765935,117082,115235,6764,121999,589
2022-02-12,Santa Barbara,083,443738,83630,83390,4692,88082,631
2022-02-12,Santa Clara,085,1922200,302341,298176,11920,310096,2093
2022-02-12,Santa Cruz,087,273765,45246,44447,1955,46402,239
2022-02-12,Shasta,089,179085,29738,29370,5988,35358,473
2022-02-12,Sierra,091,2930,272,268,40,308,0
2022-02-12,Siskiyou,093,43540,4304,4231,2637,6868,68
2022-02-12,Solano,095,438530,79462,77865,5386,83251,424
2022-02-12,Sonoma,097,501317,80877,79533,2332,81865,431
2022-02-12,Stanislaus,099,539301,115529,114531,16552,131083,1406
2022-02-12,Sutter,101,95872,20079,19800,1940,21740,211
2022-02-12,Tehama,103,63373,11761,11580,2573,14153,151
2022-02-12,Trinity,105,12862,1142,1115,280,1395,20
2022-02-12,Tulare,107,460477,102341,100434,27340,127774,1273
2022-02-12,Tuolumne,109,53932,12310,11754,539,12293,125
2022-02-12,Ventura,111,848112,169941,168736,9101,177837,1340
2022-02-12,Yolo,113,214977,35232,34773,3029,37802,286
2022-02-12,Yuba,115,75493,15411,15242,1147,16389,107
2022-02-11,Alameda,001,1643700,247707,242137,13312,255449,1668
2022-02-11,Alpine,003,1148,121,124,1,125,0
2022-02-11,Amador,005,37829,8203,8091,620,8711,76
2022-02-11,Butte,007,227075,32056,31601,6419,38020,360
2022-02-11,Calaveras,009,45235,7087,7022,333,7355,106
2022-02-11,Colusa,011,21464,3382,3345,1057,4402,21
2022-02-11,Contra Costa,013,1133247,183395,180270,12598,192868,1141
2022-02-11,Del Norte,015,27424,5443,5262,171,5433,45
2022-02-11,El Dorado,017,186661,26163,25692,3123,28815,188
2022-02-11,Fresno,019,978130,223763,219909,21629,241538,2509
2022-02-11,Glenn,021,27897,4880,4818,1541,6359,39
2022-02-11,Humboldt,023,135768,16275,16058,2780,18838,132
2022-02-11,Imperial,025,180216,54167,53304,10719,64023,860
2022-02-11,Inyo,027,18085,4014,3991,448,4439,52
2022-02-11,Kern,029,883053,187747,184639,45104,229743,2037
2022-02-11,Kings,031,150075,50029,48893,3502,52395,415
2022-02-11,Lake,033,64148,10133,9926,842,10768,123
2022-02-11,Lassen,035,31185,8584,8477,873,9350,55
2022-02-11,Los Angeles,037,10098052,2660243,2616426,120944,2737370,29364
2022-02-11,Madera,039,155013,36395,35710,5808,41518,330
2022-02-11,Marin,041,260295,32328,32048,2153,34201,255
2022-02-11,Mariposa,043,17540,2297,2286,189,2475,6
2022-02-11,Mendocino,045,87422,12637,12439,2779,15218,107
2022-02-11,Merced,047,269075,60738,60187,8087,68274,758
2022-02-11,Modoc,049,8938,711,697,233,930,6
2022-02-11,Mono,051,14174,2943,2939,118,3057,5
2022-02-11,Monterey,053,433212,76734,74842,12653,87495,672
2022-02-11,Napa,055,140530,24772,24530,920,25450,124
2022-02-11,Nevada,057,99092,15594,15499,1143,16642,119
2022-02-11,Orange,059,3164182,537021,534503,40210,574713,6305
2022-02-11,Placer,061,380077,61448,60636,7170,67806,554
2022-02-11,Plumas,063,18699,2689,2617,332,2949,13
2022-02-11,Riverside,065,2383286,582254,575566,27418,602984,5961
2022-02-11,Sacramento,067,1510023,269713,266347,25963,292310,2686
2022-02-11,San Benito,069,59416,12587,12526,504,13030,91
2022-02-11,San Bernardino,071,2135413,554664,548822,24066,572888,6360
2022-02-11,San Diego,073,3302833,734418,720287,49625,769912,4854
2022-02-11,San Francisco,075,870044,119991,119113,8095,127208,740
2022-02-11,San Joaquin,077,732212,162951,161234,8901,170135,2014
2022-02-11,San Luis Obispo,079,281455,50831,50064,3590,53654,416
2022-02-11,San Mateo,081,765935,116963,115235,6755,121990,589
2022-02-11,Santa Barbara,083,443738,83545,83390,4691,88081,631
2022-02-11,Santa Clara,085,1922200,301899,298176,11901,310077,2093
2022-02-11,Santa Cruz,087,273765,45152,44447,1955,46402,239
2022-02-11,Shasta,089,179085,29707,29370,5980,35350,473
2022-02-11,Sierra,091,2930,271,268,39,307,0
2022-02-11,Siskiyou,093,43540,4293,4231,2631,6862,68
2022-02-11,Solano,095,438530,79322,77865,5381,83246,424
2022-02-11,Sonoma,097,501317,80788,79533,2330,81863,431
2022-02-11,Stanislaus,099,539301,115429,114531,16540,131071,1406
2022-02-11,Sutter,101,95872,20055,19800,1938,21738,211
2022-02-11,Tehama,103,63373,11748,11580,2572,14152,151
2022-02-11,Trinity,105,12862,1141,1115,279,1394,20
2022-02-11,Tulare,107,460477,102224,100434,27287,127721,1273
2022-02-11,Tuolumne,109,53932,12295,11754,537,12291,125
2022-02-11,Ventura,111,848112,169800,168736,9096,177832,1340
2022-02-11,Yolo,113,214977,35199,34773,3027,37800,286
2022-02-11,Yuba,115,75493,15395,15242,1146,16388,107
2022-02-10,Alameda,001,1643700,247167,242137,13266,255403,1668
2022-02-10,Alpine,003,1148,121,124,1,125,0
2022-02-10,Amador,005,37829,8192,8091,613,8704,76
2022-02-10,Butte,007,227075,32004,31601,6407,38008,360
2022-02-10,Calaveras,009,45235,7075,7022,331,7353,106
2022-02-10,Colusa,011,21464,3375,3345,1055,4400,21
2022-02-10,Contra Costa,013,1133247,183022,180270,12533,192803,1141
2022-02-10,Del Norte,015,27424,5413,5262,169,5431,45
2022-02-10,El Dorado,017,186661,26115,25692,3116,28808,188
2022-02-10,Fresno,019,978130,223170,219909,21554,241463,2509
2022-02-10,Glenn,021,27897,4874,4818,1539,6357,39
2022-02-10,Humboldt,023,135768,16224,16058,2757,18815,132
2022-02-10,Imperial,025,180216,54097,53304,10668,63972,860
2022-02-10,Inyo,027,18085,4010,3991,448,4439,52
2022-02-10,Kern,029,883053,187440,184639,44990,229629,2037
2022-02-10,Kings,031,150075,49916,48893,3491,52384,415
2022-02-10,Lake,033,64148,10102,9926,840,10766,123
2022-02-10,Lassen,035,31185,8570,8477,871,9348,55
2022-02-10,Los Angeles,037,10098052,2656255,2616426,120754,2737180,29364
2022-02-10,Madera,039,155013,36293,35710,5776,41486,330
2022-02-10,Marin,041,260295,32270,32048,2140,34188,255
2022-02-10,Mariposa,043,17540,2293,2286,188,2474,6
2022-02-10,Mendocino,045,87422,12617,12439,2755,15194,107
2022-02-10,Merced,047,269075,60611,60187,8032,68219,758
2022-02-10,Modoc,049,8938,710,697,232,929,6
2022-02-10,Mono,051,14174,2941,2939,117,3056,5
2022-02-10,Monterey,053,433212,76548,74842,12567,87409,672
2022-02-10,Napa,055,140530,24705,24530,918,25448,124
2022-02-10,Nevada,057,99092,15569,15499,1142,16641,119
2022-02-10,Orange,059,3164182,536369,534503,40140,574643,6305
2022-02-10,Placer,061,380077,61367,60636,7161,67797,554
2022-02-10,Plumas,063,18699,2686,2617,325,2942,13
2022-02-10,Riverside,065,2383286,581510,575566,27360,602926,5961
2022-02-10,Sacramento,067,1510023,269217,266347,25874,292221,2686
2022-02-10,San Benito,069,59416,12564,12526,502,13028,91
2022-02-10,San Bernardino,071,2135413,554101,548822,24034,572856,6360
2022-02-10,San Diego,073,3302833,733260,720287,49505,769792,4854
2022-02-10,San Francisco,075,870044,119778,119113,8077,127190,740
2022-02-10,San Joaquin,077,732212,162629,161234,8894,170128,2014
2022-02-10,San Luis Obispo,079,281455,50730,50064,3579,53643,416
2022-02-10,San Mateo,081,765935,116730,115235,6738,121973,589
2022-02-10,Santa Barbara,083,443738,83362,83390,4683,88073,631
2022-02-10,Santa Clara,085,1922200,301201,298176,11843,310019,2093
2022-02-10,Santa Cruz,087,273765,45007,44447,1954,46401,239
2022-02-10,Shasta,089,179085,29645,29370,5960,35330,473
2022-02-10,Sierra,091,2930,271,268,39,307,0
2022-02-10,Siskiyou,093,43540,4288,4231,2618,6849,68
2022-02-10,Solano,095,438530,79125,77865,5364,83229,424
2022-02-10,Sonoma,097,501317,80653,79533,2318,81851,431
2022-02-10,Stanislaus,099,539301,115242,114531,16495,131026,1406
2022-02-10,Sutter,101,95872,20016,19800,1923,21723,211
2022-02-10,Tehama,103,63373,11715,11580,2569,14149,151
2022-02-10,Trinity,105,12862,1138,1115,278,1393,20
2022-02-10,Tulare,107,460477,102019,100434,27205,127639,1273
2022-02-10,Tuolumne,109,53932,12273,11754,532,12286,125
2022-02-10,Ventura,111,848112,169520,168736,9082,177818,1340
2022-02-10,Yolo,113,214977,35121,34773,3020,37793,286
2022-02-10,Yuba,115,75493,15365,15242,1140,16382,107
2022-02-09,Alameda,001,1643700,246636,241141,13208,254349,1668
2022-02-09,Alpine,003,1148,120,124,1,125,0
2022-02-09,Amador,005,37829,8178,8069,608,8677,76
2022-02-09,Butte,007,227075,31912,31433,6391,37824,359
2022-02-09,Calaveras,009,45235,7057,7005,327,7332,106
2022-02-09,Colusa,011,21464,3372,3331,1054,4385,21
2022-02-09,Contra Costa,013,1133247,182665,179695,12486,192181,1132
2022-02-09,Del Norte,015,27424,5364,5204,168,5372,45
2022-02-09,El Dorado,017,186661,26076,25572,3105,28677,186
2022-02-09,Fresno,019,978130,222568,218989,21478,240467,2502
2022-02-09,Glenn,021,27897,4863,4804,1538,6342,39
2022-02-09,Humboldt,023,135768,16177,15929,2732,18661,131
2022-02-09,Imperial,025,180216,53995,53102,10594,63696,858
2022-02-09,Inyo,027,18085,4004,3989,447,4436,52
2022-02-09,Kern,029,883053,187066,184068,44874,228942,2021
2022-02-09,Kings,031,150075,49808,48718,3485,52203,410
2022-02-09,Lake,033,64148,10062,9880,835,10715,124
2022-02-09,Lassen,035,31185,8542,8459,870,9329,55
2022-02-09,Los Angeles,037,10098052,2652587,2611611,120611,2732222,29263
2022-02-09,Madera,039,155013,36192,35559,5744,41303,330
2022-02-09,Marin,041,260295,32221,31965,2133,34098,255
2022-02-09,Mariposa,043,17540,2290,2279,188,2467,6
2022-02-09,Mendocino,045,87422,12584,12378,2726,15104,107
2022-02-09,Merced,047,269075,60483,59952,7980,67932,755
2022-02-09,Modoc,049,8938,706,691,231,922,6
2022-02-09,Mono,051,14174,2939,2937,117,3054,5
2022-02-09,Monterey,053,433212,76345,74500,12478,86978,670
2022-02-09,Napa,055,140530,24660,24429,913,25342,123
2022-02-09,Nevada,057,99092,15549,15446,1140,16586,119
2022-02-09,Orange,059,3164182,535741,534316,40060,574376,6263
2022-02-09,Placer,061,380077,61271,60490,7141,67631,553
2022-02-09,Plumas,063,18699,2681,2609,321,2930,13
2022-02-09,Riverside,065,2383286,580760,573907,27312,601219,5911
2022-02-09,Sacramento,067,1510023,268665,265624,25749,291373,2673
2022-02-09,San Benito,069,59416,12541,12492,502,12994,91
2022-02-09,San Bernardino,071,2135413,553497,547768,24005,571773,6349
2022-02-09,San Diego,073,3302833,731886,717896,49396,767292,4832
2022-02-09,San Francisco,075,870044,119527,118550,8066,126616,731
2022-02-09,San Joaquin,077,732212,162327,160618,8884,169502,2014
2022-02-09,San Luis Obispo,079,281455,50589,49833,3574,53407,414
2022-02-09,San Mateo,081,765935,116543,114890,6697,121587,589
2022-02-09,Santa Barbara,083,443738,83186,82830,4677,87507,629
2022-02-09,Santa Clara,085,1922200,300457,297157,11785,308942,2090
2022-02-09,Santa Cruz,087,273765,44822,44200,1947,46147,239
2022-02-09,Shasta,089,179085,29575,29215,5939,35154,471
2022-02-09,Sierra,091,2930,270,268,39,307,0
2022-02-09,Siskiyou,093,43540,4274,4217,2611,6828,68
2022-02-09,Solano,095,438530,78921,77299,5352,82651,423
2022-02-09,Sonoma,097,501317,80478,79165,2312,81477,431
2022-02-09,Stanislaus,099,539301,114991,114039,16385,130424,1406
2022-02-09,Sutter,101,95872,19974,19758,1910,21668,207
2022-02-09,Tehama,103,63373,11690,11542,2565,14107,149
2022-02-09,Trinity,105,12862,1134,1110,277,1387,20
2022-02-09,Tulare,107,460477,101802,100049,27110,127159,1271
2022-02-09,Tuolumne,109,53932,12235,11702,529,12231,95
2022-02-09,Ventura,111,848112,169284,168253,9070,177323,1325
2022-02-09,Yolo,113,214977,35049,34588,3005,37593,285
2022-02-09,Yuba,115,75493,15335,15187,1128,16315,105
2022-02-08,Alameda,001,1643700,246003,240587,13134,253721,1651
2022-02-08,Alpine,003,1148,120,124,1,125,0
2022-02-08,Amador,005,37829,8170,8050,601,8651,76
2022-02-08,Butte,007,227075,31826,31353,6368,37721,359
2022-02-08,Calaveras,009,45235,7041,6981,325,7306,101
2022-02-08,Colusa,011,21464,3363,3320,1053,4373,21
2022-02-08,Contra Costa,013,1133247,182237,179078,12408,191486,1132
2022-02-08,Del Norte,015,27424,5335,5156,163,5319,44
2022-02-08,El Dorado,017,186661,26029,25446,3095,28541,186
2022-02-08,Fresno,019,978130,221842,218416,21374,239790,2502
2022-02-08,Glenn,021,27897,4846,4784,1534,6318,39
2022-02-08,Humboldt,023,135768,16117,15865,2699,18564,130
2022-02-08,Imperial,025,180216,53868,52977,10544,63521,855
2022-02-08,Inyo,027,18085,3999,3983,447,4430,52
2022-02-08,Kern,029,883053,186740,183519,44740,228259,2010
2022-02-08,Kings,031,150075,49660,48479,3473,51952,411
2022-02-08,Lake,033,64148,10030,9806,828,10634,125
2022-02-08,Lassen,035,31185,8532,8423,866,9289,55
2022-02-08,Los Angeles,037,10098052,2648286,2611204,120415,2731619,29259
2022-02-08,Madera,039,155013,36084,35381,5685,41066,330
2022-02-08,Marin,041,260295,32145,31878,2127,34005,255
2022-02-08,Mariposa,043,17540,2288,2266,180,2446,6
2022-02-08,Mendocino,045,87422,12551,12336,2696,15032,107
2022-02-08,Merced,047,269075,60373,59789,7921,67710,751
2022-02-08,Modoc,049,8938,702,684,231,915,6
2022-02-08,Mono,051,14174,2938,2932,117,3049,5
2022-02-08,Monterey,053,433212,76137,74316,12388,86704,670
2022-02-08,Napa,055,140530,24586,24346,906,25252,121
2022-02-08,Nevada,057,99092,15521,15383,1137,16520,117
2022-02-08,Orange,059,3164182,535056,533507,39975,573482,6205
2022-02-08,Placer,061,380077,61161,60301,7128,67429,553
2022-02-08,Plumas,063,18699,2670,2596,316,2912,13
2022-02-08,Riverside,065,2383286,579924,571892,27236,599128,5908
2022-02-08,Sacramento,067,1510023,268029,264479,25575,290054,2664
2022-02-08,San Benito,069,59416,12517,12434,500,12934,91
2022-02-08,San Bernardino,071,2135413,552815,544658,23965,568623,6335
2022-02-08,San Diego,073,3302833,730271,717896,49263,767159,4832
2022-02-08,San Francisco,075,870044,119215,117942,8058,126000,731
2022-02-08,San Joaquin,077,732212,161949,160147,8866,169013,2005
2022-02-08,San Luis Obispo,079,281455,50423,49556,3542,53098,410
2022-02-08,San Mateo,081,765935,116321,114541,6667,121208,589
2022-02-08,Santa Barbara,083,443738,83021,82461,4651,87112,627
2022-02-08,Santa Clara,085,1922200,299590,295679,11736,307415,2091
2022-02-08,Santa Cruz,087,273765,44666,43884,1942,45826,239
2022-02-08,Shasta,089,179085,29489,29084,5910,34994,470
2022-02-08,Sierra,091,2930,270,267,39,306,0
2022-02-08,Siskiyou,093,43540,4264,4191,2601,6792,68
2022-02-08,Solano,095,438530,78684,77031,5338,82369,421
2022-02-08,Sonoma,097,501317,80260,78798,2292,81090,431
2022-02-08,Stanislaus,099,539301,114731,113733,16308,130041,1406
2022-02-08,Sutter,101,95872,19936,19717,1898,21615,203
2022-02-08,Tehama,103,63373,11666,11491,2556,14047,149
2022-02-08,Trinity,105,12862,1128,1110,277,1387,20
2022-02-08,Tulare,107,460477,101512,99694,26977,126671,1267
2022-02-08,Tuolumne,109,53932,12212,11665,527,12192,92
2022-02-08,Ventura,111,848112,169052,167830,9054,176884,1325
2022-02-08,Yolo,113,214977,34968,34462,2993,37455,281
2022-02-08,Yuba,115,75493,15290,15126,1106,16232,107
2022-02-07,Alameda,001,1643700,245301,238678,13066,251744,1643
2022-02-07,Alpine,003,1148,120,124,1,125,0
2022-02-07,Amador,005,37829,8142,7980,593,8573,75
2022-02-07,Butte,007,227075,31740,31184,6341,37525,355
2022-02-07,Calaveras,009,45235,7019,6910,324,7234,100
2022-02-07,Colusa,011,21464,3353,3283,1046,4329,21
2022-02-07,Contra Costa,013,1133247,181776,177767,12339,190106,1130
2022-02-07,Del Norte,015,27424,5294,5093,158,5251,44
2022-02-07,El Dorado,017,186661,25968,25257,3083,28340,185
2022-02-07,Fresno,019,978130,220997,216495,21241,237736,2493
2022-02-07,Glenn,021,27897,4840,4762,1530,6292,39
2022-02-07,Humboldt,023,135768,16043,15764,2674,18438,129
2022-02-07,Imperial,025,180216,53757,52689,10472,63161,853
2022-02-07,Inyo,027,18085,3994,3976,441,4417,51
2022-02-07,Kern,029,883053,186277,182047,44567,226614,1998
2022-02-07,Kings,031,150075,49477,48147,3457,51604,403
2022-02-07,Lake,033,64148,9984,9519,820,10339,125
2022-02-07,Lassen,035,31185,8514,8362,860,9222,55
2022-02-07,Los Angeles,037,10098052,2643851,2607438,120198,2727636,29210
2022-02-07,Madera,039,155013,35958,35083,5636,40719,330
2022-02-07,Marin,041,260295,32076,31670,2116,33786,255
2022-02-07,Mariposa,043,17540,2283,2253,176,2429,6
2022-02-07,Mendocino,045,87422,12493,12237,2658,14895,107
2022-02-07,Merced,047,269075,60249,59472,7829,67301,748
2022-02-07,Modoc,049,8938,698,679,231,910,6
2022-02-07,Mono,051,14174,2936,2917,117,3034,5
2022-02-07,Monterey,053,433212,75877,69433,12283,81716,670
2022-02-07,Napa,055,140530,24501,23237,896,24133,120
2022-02-07,Nevada,057,99092,15485,15268,1131,16399,113
2022-02-07,Orange,059,3164182,534293,531442,39892,571334,6179
2022-02-07,Placer,061,380077,61036,59894,7113,67007,546
2022-02-07,Plumas,063,18699,2661,2573,308,2881,13
2022-02-07,Riverside,065,2383286,578973,568874,27149,596023,5868
2022-02-07,Sacramento,067,1510023,267372,262834,25397,288231,2631
2022-02-07,San Benito,069,59416,12480,12285,498,12783,90
2022-02-07,San Bernardino,071,2135413,552033,542846,23929,566775,6335
2022-02-07,San Diego,073,3302833,728523,716244,49077,765321,4811
2022-02-07,San Francisco,075,870044,118878,113945,8033,121978,727
2022-02-07,San Joaquin,077,732212,161562,159358,8847,168205,1998
2022-02-07,San Luis Obispo,079,281455,50258,48994,3521,52515,406
2022-02-07,San Mateo,081,765935,116036,107060,6638,113698,589
2022-02-07,Santa Barbara,083,443738,82837,81608,4636,86244,624
2022-02-07,Santa Clara,085,1922200,298629,293360,11688,305048,2085
2022-02-07,Santa Cruz,087,273765,44449,43244,1938,45182,239
2022-02-07,Shasta,089,179085,29401,28900,5883,34783,468
2022-02-07,Sierra,091,2930,270,265,39,304,0
2022-02-07,Siskiyou,093,43540,4253,4157,2585,6742,68
2022-02-07,Solano,095,438530,78414,73934,5311,79245,420
2022-02-07,Sonoma,097,501317,79997,78296,2282,80578,431
2022-02-07,Stanislaus,099,539301,114467,113029,16213,129242,1406
2022-02-07,Sutter,101,95872,19904,19599,1870,21469,203
2022-02-07,Tehama,103,63373,11628,11418,2548,13966,146
2022-02-07,Trinity,105,12862,1124,1109,274,1383,20
2022-02-07,Tulare,107,460477,101176,98774,26840,125614,1263
2022-02-07,Tuolumne,109,53932,12164,11578,523,12101,92
2022-02-07,Ventura,111,848112,168735,166904,9041,175945,1324
2022-02-07,Yolo,113,214977,34860,34007,2978,36985,281
2022-02-07,Yuba,115,75493,15244,14998,1099,16097,105
2022-02-06,Alameda,001,1643700,244394,237188,12984,250172,1643
2022-02-06,Alpine,003,1148,120,123,1,124,0
2022-02-06,Amador,005,37829,8113,7922,581,8503,73
2022-02-06,Butte,007,227075,31613,31021,6295,37316,355
2022-02-06,Calaveras,009,45235,6992,6870,319,7189,99
2022-02-06,Colusa,011,21464,3344,3282,1045,4327,21
2022-02-06,Contra Costa,013,1133247,181142,176863,12182,189045,1128
2022-02-06,Del Norte,015,27424,5235,5038,156,5194,44
2022-02-06,El Dorado,017,186661,25903,25165,3071,28236,185
2022-02-06,Fresno,019,978130,220173,214726,20986,235712,2489
2022-02-06,Glenn,021,27897,4827,4738,1520,6258,39
2022-02-06,Humboldt,023,135768,15954,15658,2635,18293,128
2022-02-06,Imperial,025,180216,53564,52396,10420,62816,853
2022-02-06,Inyo,027,18085,3992,3970,438,4408,51
2022-02-06,Kern,029,883053,185733,181188,44322,225510,1996
2022-02-06,Kings,031,150075,49264,47669,3430,51099,401
2022-02-06,Lake,033,64148,9918,9468,803,10271,125
2022-02-06,Lassen,035,31185,8495,8326,855,9181,55
2022-02-06,Los Angeles,037,10098052,2638367,2602620,119917,2722537,29180
2022-02-06,Madera,039,155013,35765,34901,5535,40436,330
2022-02-06,Marin,041,260295,31977,31488,2103,33591,255
2022-02-06,Mariposa,043,17540,2275,2244,165,2409,6
2022-02-06,Mendocino,045,87422,12449,12169,2591,14760,107
2022-02-06,Merced,047,269075,60034,59112,7669,66781,748
2022-02-06,Modoc,049,8938,693,675,230,905,6
2022-02-06,Mono,051,14174,2931,2901,115,3016,5
2022-02-06,Monterey,053,433212,75508,67912,12127,80039,670
2022-02-06,Napa,055,140530,24384,23230,888,24118,120
2022-02-06,Nevada,057,99092,15419,15192,1118,16310,113
2022-02-06,Orange,059,3164182,533341,527906,39786,567692,6171
2022-02-06,Placer,061,380077,60860,59507,7087,66594,544
2022-02-06,Plumas,063,18699,2650,2559,299,2858,13
2022-02-06,Riverside,065,2383286,577820,568276,27070,595346,5865
2022-02-06,Sacramento,067,1510023,266536,261353,25134,286487,2631
2022-02-06,San Benito,069,59416,12425,12186,490,12676,90
2022-02-06,San Bernardino,071,2135413,551093,541103,23866,564969,6334
2022-02-06,San Diego,073,3302833,726436,709938,48833,758771,4786
2022-02-06,San Francisco,075,870044,118496,113115,8006,121121,728
2022-02-06,San Joaquin,077,732212,160997,158510,8817,167327,1997
2022-02-06,San Luis Obispo,079,281455,50034,48843,3464,52307,405
2022-02-06,San Mateo,081,765935,115697,105556,6598,112154,587
2022-02-06,Santa Barbara,083,443738,82523,81118,4597,85715,623
2022-02-06,Santa Clara,085,1922200,297491,291732,11567,303299,2075
2022-02-06,Santa Cruz,087,273765,44130,42952,1924,44876,239
2022-02-06,Shasta,089,179085,29273,28762,5833,34595,468
2022-02-06,Sierra,091,2930,270,265,39,304,0
2022-02-06,Siskiyou,093,43540,4232,4118,2559,6677,68
2022-02-06,Solano,095,438530,78104,73475,5271,78746,419
2022-02-06,Sonoma,097,501317,79661,77887,2269,80156,431
2022-02-06,Stanislaus,099,539301,114067,112521,16069,128590,1406
2022-02-06,Sutter,101,95872,19860,19523,1827,21350,203
2022-02-06,Tehama,103,63373,11591,11366,2527,13893,146
2022-02-06,Trinity,105,12862,1123,1102,273,1375,20
2022-02-06,Tulare,107,460477,100753,98260,26652,124912,1262
2022-02-06,Tuolumne,109,53932,12113,11507,506,12013,92
2022-02-06,Ventura,111,848112,168358,166235,9030,175265,1323
2022-02-06,Yolo,113,214977,34722,33784,2959,36743,281
2022-02-06,Yuba,115,75493,15197,14917,1090,16007,104
2022-02-05,Alameda,001,1643700,243981,235698,12975,248673,1638
2022-02-05,Alpine,003,1148,120,124,1,125,0
2022-02-05,Amador,005,37829,8104,7855,578,8433,71
2022-02-05,Butte,007,227075,31560,30733,6281,37014,355
2022-02-05,Calaveras,009,45235,6976,6789,319,7108,99
2022-02-05,Colusa,011,21464,3337,3234,1043,4277,21
2022-02-05,Contra Costa,013,1133247,180863,175871,12166,188037,1115
2022-02-05,Del Norte,015,27424,5195,4978,154,5132,44
2022-02-05,El Dorado,017,186661,25873,24813,3069,27882,185
2022-02-05,Fresno,019,978130,219835,213539,20970,234509,2477
2022-02-05,Glenn,021,27897,4824,4691,1513,6204,39
2022-02-05,Humboldt,023,135768,15907,15514,2631,18145,127
2022-02-05,Imperial,025,180216,53502,52153,10407,62560,853
2022-02-05,Inyo,027,18085,3989,3948,438,4386,51
2022-02-05,Kern,029,883053,185524,180296,44217,224513,1987
2022-02-05,Kings,031,150075,49184,47538,3423,50961,402
2022-02-05,Lake,033,64148,9900,9289,796,10085,124
2022-02-05,Lassen,035,31185,8485,8288,853,9141,55
2022-02-05,Los Angeles,037,10098052,2636209,2572702,119789,2692491,28947
2022-02-05,Madera,039,155013,35711,34471,5520,39991,329
2022-02-05,Marin,041,260295,31929,31299,2099,33398,255
2022-02-05,Mariposa,043,17540,2274,2222,164,2386,6
2022-02-05,Mendocino,045,87422,12421,12066,2589,14655,107
2022-02-05,Merced,047,269075,59941,58908,7661,66569,744
2022-02-05,Modoc,049,8938,692,664,230,894,6
2022-02-05,Mono,051,14174,2930,2904,115,3019,5
2022-02-05,Monterey,053,433212,75392,67342,12089,79431,666
2022-02-05,Napa,055,140530,24329,22973,887,23860,118
2022-02-05,Nevada,057,99092,15398,15002,1113,16115,113
2022-02-05,Orange,059,3164182,532896,527516,39694,567210,6134
2022-02-05,Placer,061,380077,60731,59043,7072,66115,533
2022-02-05,Plumas,063,18699,2649,2550,298,2848,13
2022-02-05,Riverside,065,2383286,577218,563991,26999,590990,5827
2022-02-05,Sacramento,067,1510023,266147,259437,25099,284536,2610
2022-02-05,San Benito,069,59416,12380,12142,490,12632,90
2022-02-05,San Bernardino,071,2135413,550591,539312,23843,563155,6322
2022-02-05,San Diego,073,3302833,725573,703957,48766,752723,4735
2022-02-05,San Francisco,075,870044,118286,112481,7977,120458,720
2022-02-05,San Joaquin,077,732212,160810,157420,8812,166232,1989
2022-02-05,San Luis Obispo,079,281455,49997,48361,3462,51823,404
2022-02-05,San Mateo,081,765935,115508,104810,6590,111400,587
2022-02-05,Santa Barbara,083,443738,82361,80478,4585,85063,617
2022-02-05,Santa Clara,085,1922200,296822,289262,11551,300813,2067
2022-02-05,Santa Cruz,087,273765,44057,42553,1921,44474,239
2022-02-05,Shasta,089,179085,29231,28604,5823,34427,466
2022-02-05,Sierra,091,2930,270,262,39,301,0
2022-02-05,Siskiyou,093,43540,4225,4106,2546,6652,67
2022-02-05,Solano,095,438530,78029,73112,5263,78375,415
2022-02-05,Sonoma,097,501317,79497,77213,2266,79479,431
2022-02-05,Stanislaus,099,539301,113863,111783,16048,127831,1406
2022-02-05,Sutter,101,95872,19831,19406,1821,21227,203
2022-02-05,Tehama,103,63373,11572,11259,2520,13779,146
2022-02-05,Trinity,105,12862,1121,1085,273,1358,20
2022-02-05,Tulare,107,460477,100590,97414,26569,123983,1254
2022-02-05,Tuolumne,109,53932,12088,11409,503,11912,91
2022-02-05,Ventura,111,848112,168132,165532,9014,174546,1308
2022-02-05,Yolo,113,214977,34639,33614,2946,36560,281
2022-02-05,Yuba,115,75493,15167,14801,1082,15883,105
2022-02-04,Alameda,001,1643700,243498,235698,12965,248663,1638
2022-02-04,Alpine,003,1148,120,124,1,125,0
2022-02-04,Amador,005,37829,8088,7855,574,8429,71
2022-02-04,Butte,007,227075,31500,30733,6271,37004,355
2022-02-04,Calaveras,009,45235,6966,6789,317,7106,99
2022-02-04,Colusa,011,21464,3332,3234,1041,4275,21
2022-02-04,Contra Costa,013,1133247,180535,175871,12137,188008,1115
2022-02-04,Del Norte,015,27424,5172,4978,154,5132,44
2022-02-04,El Dorado,017,186661,25838,24813,3064,27877,185
2022-02-04,Fresno,019,978130,219355,213539,20943,234482,2477
2022-02-04,Glenn,021,27897,4815,4691,1510,6201,39
2022-02-04,Humboldt,023,135768,15881,15514,2628,18142,127
2022-02-04,Imperial,025,180216,53429,52153,10389,62542,853
2022-02-04,Inyo,027,18085,3986,3948,437,4385,51
2022-02-04,Kern,029,883053,185300,180296,44088,224384,1987
2022-02-04,Kings,031,150075,49103,47538,3416,50954,402
2022-02-04,Lake,033,64148,9877,9289,793,10082,124
2022-02-04,Lassen,035,31185,8462,8288,853,9141,55
2022-02-04,Los Angeles,037,10098052,2633548,2572702,119664,2692366,28947
2022-02-04,Madera,039,155013,35625,34471,5512,39983,329
2022-02-04,Marin,041,260295,31864,31299,2090,33389,255
2022-02-04,Mariposa,043,17540,2272,2222,162,2384,6
2022-02-04,Mendocino,045,87422,12390,12066,2587,14653,107
2022-02-04,Merced,047,269075,59862,58908,7651,66559,744
2022-02-04,Modoc,049,8938,692,664,230,894,6
2022-02-04,Mono,051,14174,2928,2904,115,3019,5
2022-02-04,Monterey,053,433212,75209,67342,12058,79400,666
2022-02-04,Napa,055,140530,24282,22973,883,23856,118
2022-02-04,Nevada,057,99092,15364,15002,1109,16111,113
2022-02-04,Orange,059,3164182,532347,527516,39636,567152,6134
2022-02-04,Placer,061,380077,60626,59043,7062,66105,533
2022-02-04,Plumas,063,18699,2643,2550,297,2847,13
2022-02-04,Riverside,065,2383286,576511,563991,26986,590977,5827
2022-02-04,Sacramento,067,1510023,265672,259437,25075,284512,2610
2022-02-04,San Benito,069,59416,12361,12142,488,12630,90
2022-02-04,San Bernardino,071,2135413,550019,539312,23826,563138,6322
2022-02-04,San Diego,073,3302833,724453,703957,48701,752658,4735
2022-02-04,San Francisco,075,870044,118043,112481,7952,120433,720
2022-02-04,San Joaquin,077,732212,160581,157420,8804,166224,1989
2022-02-04,San Luis Obispo,079,281455,49936,48361,3455,51816,404
2022-02-04,San Mateo,081,765935,115278,104810,6575,111385,587
2022-02-04,Santa Barbara,083,443738,82211,80478,4584,85062,617
2022-02-04,Santa Clara,085,1922200,296143,289262,11530,300792,2067
2022-02-04,Santa Cruz,087,273765,43855,42553,1917,44470,239
2022-02-04,Shasta,089,179085,29182,28604,5812,34416,466
2022-02-04,Sierra,091,2930,270,262,39,301,0
2022-02-04,Siskiyou,093,43540,4217,4106,2539,6645,67
2022-02-04,Solano,095,438530,77825,73112,5227,78339,415
2022-02-04,Sonoma,097,501317,79343,77213,2189,79402,431
2022-02-04,Stanislaus,099,539301,113679,111783,16022,127805,1406
2022-02-04,Sutter,101,95872,19807,19406,1814,21220,203
2022-02-04,Tehama,103,63373,11558,11259,2519,13778,146
2022-02-04,Trinity,105,12862,1120,1085,272,1357,20
2022-02-04,Tulare,107,460477,100413,97414,26488,123902,1254
2022-02-04,Tuolumne,109,53932,12074,11409,502,11911,91
2022-02-04,Ventura,111,848112,167863,165532,9006,174538,1308
2022-02-04,Yolo,113,214977,34545,33614,2940,36554,281
2022-02-04,Yuba,115,75493,15148,14801,1082,15883,105
2022-02-03,Alameda,001,1643700,242730,235698,12906,248604,1638
2022-02-03,Alpine,003,1148,120,124,1,125,0
2022-02-03,Amador,005,37829,8068,7855,569,8424,71
2022-02-03,Butte,007,227075,31391,30733,6243,36976,355
2022-02-03,Calaveras,009,45235,6935,6789,313,7102,99
2022-02-03,Colusa,011,21464,3319,3234,1039,4273,21
2022-02-03,Contra Costa,013,1133247,179926,175871,12036,187907,1115
2022-02-03,Del Norte,015,27424,5128,4978,151,5129,44
2022-02-03,El Dorado,017,186661,25765,24813,3058,27871,185
2022-02-03,Fresno,019,978130,218413,213539,20777,234316,2477
2022-02-03,Glenn,021,27897,4797,4691,1492,6183,39
2022-02-03,Humboldt,023,135768,15805,15514,2591,18105,127
2022-02-03,Imperial,025,180216,53286,52153,10338,62491,853
2022-02-03,Inyo,027,18085,3983,3948,433,4381,51
2022-02-03,Kern,029,883053,184839,180296,43872,224168,1987
2022-02-03,Kings,031,150075,48939,47538,3407,50945,402
2022-02-03,Lake,033,64148,9823,9289,787,10076,124
2022-02-03,Lassen,035,31185,8434,8288,852,9140,55
2022-02-03,Los Angeles,037,10098052,2628055,2572702,119392,2692094,28947
2022-02-03,Madera,039,155013,35484,34471,5467,39938,329
2022-02-03,Marin,041,260295,31767,31299,2085,33384,255
2022-02-03,Mariposa,043,17540,2260,2222,159,2381,6
2022-02-03,Mendocino,045,87422,12345,12066,2563,14629,107
2022-02-03,Merced,047,269075,59712,58908,7555,66463,744
2022-02-03,Modoc,049,8938,689,664,230,894,6
2022-02-03,Mono,051,14174,2923,2904,114,3018,5
2022-02-03,Monterey,053,433212,74923,67342,11874,79216,666
2022-02-03,Napa,055,140530,24149,22973,883,23856,118
2022-02-03,Nevada,057,99092,15324,15002,1098,16100,113
2022-02-03,Orange,059,3164182,531422,527516,39542,567058,6134
2022-02-03,Placer,061,380077,60425,59043,7039,66082,533
2022-02-03,Plumas,063,18699,2629,2550,294,2844,13
2022-02-03,Riverside,065,2383286,575295,563991,26915,590906,5827
2022-02-03,Sacramento,067,1510023,264778,259437,24882,284319,2610
2022-02-03,San Benito,069,59416,12334,12142,485,12627,90
2022-02-03,San Bernardino,071,2135413,549018,539312,23789,563101,6322
2022-02-03,San Diego,073,3302833,722472,703957,48530,752487,4735
2022-02-03,San Francisco,075,870044,117709,112481,7921,120402,720
2022-02-03,San Joaquin,077,732212,160095,157420,8776,166196,1989
2022-02-03,San Luis Obispo,079,281455,49736,48361,3438,51799,404
2022-02-03,San Mateo,081,765935,114923,104810,6541,111351,587
2022-02-03,Santa Barbara,083,443738,81856,80478,4555,85033,617
2022-02-03,Santa Clara,085,1922200,294943,289262,11422,300684,2067
2022-02-03,Santa Cruz,087,273765,43510,42553,1910,44463,239
2022-02-03,Shasta,089,179085,29075,28604,5783,34387,466
2022-02-03,Sierra,091,2930,270,262,39,301,0
2022-02-03,Siskiyou,093,43540,4202,4106,2522,6628,67
2022-02-03,Solano,095,438530,77484,73112,5209,78321,415
2022-02-03,Sonoma,097,501317,79045,77213,2182,79395,431
2022-02-03,Stanislaus,099,539301,113308,111783,15941,127724,1406
2022-02-03,Sutter,101,95872,19755,19406,1805,21211,203
2022-02-03,Tehama,103,63373,11527,11259,2510,13769,146
2022-02-03,Trinity,105,12862,1119,1085,271,1356,20
2022-02-03,Tulare,107,460477,100023,97414,26339,123753,1254
2022-02-03,Tuolumne,109,53932,12033,11409,491,11900,91
2022-02-03,Ventura,111,848112,167476,165532,8996,174528,1308
2022-02-03,Yolo,113,214977,34438,33614,2926,36540,281
2022-02-03,Yuba,115,75493,15096,14801,1066,15867,105
2022-02-02,Alameda,001,1643700,241787,234300,12804,247104,1632
2022-02-02,Alpine,003,1148,120,123,1,124,0
2022-02-02,Amador,005,37829,8038,7781,559,8340,71
2022-02-02,Butte,007,227075,31282,30550,6211,36761,355
2022-02-02,Calaveras,009,45235,6906,6753,309,7062,99
2022-02-02,Colusa,011,21464,3304,3211,1038,4249,21
2022-02-02,Contra Costa,013,1133247,179323,174876,11938,186814,1113
2022-02-02,Del Norte,015,27424,5084,4924,146,5070,44
2022-02-02,El Dorado,017,186661,25695,24690,3039,27729,185
2022-02-02,Fresno,019,978130,217387,211976,20663,232639,2463
2022-02-02,Glenn,021,27897,4773,4667,1482,6149,39
2022-02-02,Humboldt,023,135768,15744,15392,2552,17944,127
2022-02-02,Imperial,025,180216,53085,51875,10196,62071,853
2022-02-02,Inyo,027,18085,3977,3944,432,4376,51
2022-02-02,Kern,029,883053,184238,179386,43652,223038,1974
2022-02-02,Kings,031,150075,48751,47061,3381,50442,401
2022-02-02,Lake,033,64148,9763,9235,780,10015,120
2022-02-02,Lassen,035,31185,8417,8258,843,9101,55
2022-02-02,Los Angeles,037,10098052,2621616,2561902,119000,2680902,28850
2022-02-02,Madera,039,155013,35305,34265,5393,39658,329
2022-02-02,Marin,041,260295,31668,31149,2074,33223,255
2022-02-02,Mariposa,043,17540,2249,2215,155,2370,6
2022-02-02,Mendocino,045,87422,12292,11996,2524,14520,105
2022-02-02,Merced,047,269075,59538,58532,7468,66000,744
2022-02-02,Modoc,049,8938,683,662,230,892,6
2022-02-02,Mono,051,14174,2912,2887,114,3001,5
2022-02-02,Monterey,053,433212,74544,66852,11710,78562,666
2022-02-02,Napa,055,140530,24028,22859,869,23728,117
2022-02-02,Nevada,057,99092,15267,14895,1074,15969,112
2022-02-02,Orange,059,3164182,530362,524418,39452,563870,6127
2022-02-02,Placer,061,380077,60228,58654,7008,65662,533
2022-02-02,Plumas,063,18699,2613,2540,290,2830,12
2022-02-02,Riverside,065,2383286,573997,561220,26867,588087,5827
2022-02-02,Sacramento,067,1510023,263826,258078,24671,282749,2602
2022-02-02,San Benito,069,59416,12296,12058,481,12539,90
2022-02-02,San Bernardino,071,2135413,548038,537485,23727,561212,6317
2022-02-02,San Diego,073,3302833,720248,703957,48356,752313,4735
2022-02-02,San Francisco,075,870044,117338,112008,7905,119913,714
2022-02-02,San Joaquin,077,732212,159504,156537,8751,165288,1986
2022-02-02,San Luis Obispo,079,281455,49539,48119,3425,51544,403
2022-02-02,San Mateo,081,765935,114551,104201,6471,110672,587
2022-02-02,Santa Barbara,083,443738,81517,79979,4524,84503,612
2022-02-02,Santa Clara,085,1922200,293787,287443,11306,298749,2051
2022-02-02,Santa Cruz,087,273765,43231,42127,1899,44026,239
2022-02-02,Shasta,089,179085,28976,28429,5737,34166,465
2022-02-02,Sierra,091,2930,270,262,39,301,0
2022-02-02,Siskiyou,093,43540,4192,4078,2494,6572,67
2022-02-02,Solano,095,438530,77128,72711,5186,77897,414
2022-02-02,Sonoma,097,501317,78728,76681,2171,78852,431
2022-02-02,Stanislaus,099,539301,112909,111167,15810,126977,1403
2022-02-02,Sutter,101,95872,19690,19290,1775,21065,203
2022-02-02,Tehama,103,63373,11473,11193,2491,13684,146
2022-02-02,Trinity,105,12862,1116,1074,269,1343,20
2022-02-02,Tulare,107,460477,99641,96820,26174,122994,1249
2022-02-02,Tuolumne,109,53932,11955,11342,488,11830,91
2022-02-02,Ventura,111,848112,167079,164905,8977,173882,1292
2022-02-02,Yolo,113,214977,34316,33332,2904,36236,281
2022-02-02,Yuba,115,75493,15031,14720,1058,15778,104
2022-02-01,Alameda,001,1643700,240715,233782,12698,246480,1620
2022-02-01,Alpine,003,1148,120,123,1,124,0
2022-02-01,Amador,005,37829,7992,7783,553,8336,73
2022-02-01,Butte,007,227075,31144,30496,6172,36668,355
2022-02-01,Calaveras,009,45235,6869,6749,305,7054,98
2022-02-01,Colusa,011,21464,3285,3202,1015,4217,21
2022-02-01,Contra Costa,013,1133247,178584,174379,11795,186174,1115
2022-02-01,Del Norte,015,27424,5036,4907,143,5050,44
2022-02-01,El Dorado,017,186661,25635,24664,3021,27685,184
2022-02-01,Fresno,019,978130,216242,211352,20515,231867,2464
2022-02-01,Glenn,021,27897,4759,4649,1472,6121,39
2022-02-01,Humboldt,023,135768,15661,15354,2522,17876,127
2022-02-01,Imperial,025,180216,52880,51675,10124,61799,846
2022-02-01,Inyo,027,18085,3967,3928,429,4357,51
2022-02-01,Kern,029,883053,183610,178987,43405,222392,1967
2022-02-01,Kings,031,150075,48496,46959,3357,50316,400
2022-02-01,Lake,033,64148,9707,9211,773,9984,119
2022-02-01,Lassen,035,31185,8398,8231,838,9069,55
2022-02-01,Los Angeles,037,10098052,2614202,2548794,118616,2667410,28752
2022-02-01,Madera,039,155013,35080,34124,5310,39434,329
2022-02-01,Marin,041,260295,31547,31099,2058,33157,255
2022-02-01,Mariposa,043,17540,2242,2210,154,2364,6
2022-02-01,Mendocino,045,87422,12229,11978,2488,14466,105
2022-02-01,Merced,047,269075,59352,58362,7344,65706,743
2022-02-01,Modoc,049,8938,676,664,230,894,6
2022-02-01,Mono,051,14174,2906,2888,114,3002,5
2022-02-01,Monterey,053,433212,74141,66553,11519,78072,665
2022-02-01,Napa,055,140530,23931,22795,852,23647,116
2022-02-01,Nevada,057,99092,15204,14863,1061,15924,112
2022-02-01,Orange,059,3164182,529216,523741,39312,563053,6108
2022-02-01,Placer,061,380077,59983,58486,6967,65453,532
2022-02-01,Plumas,063,18699,2598,2526,287,2813,12
2022-02-01,Riverside,065,2383286,572612,560010,26817,586827,5825
2022-02-01,Sacramento,067,1510023,262825,257504,24386,281890,2593
2022-02-01,San Benito,069,59416,12232,12053,478,12531,90
2022-02-01,San Bernardino,071,2135413,546829,536591,23664,560255,6311
2022-02-01,San Diego,073,3302833,717727,701009,48142,749151,4710
2022-02-01,San Francisco,075,870044,116869,111606,7886,119492,713
2022-02-01,San Joaquin,077,732212,158969,156300,8728,165028,1987
2022-02-01,San Luis Obispo,079,281455,49311,47842,3363,51205,403
2022-02-01,San Mateo,081,765935,114072,103868,6429,110297,589
2022-02-01,Santa Barbara,083,443738,81083,79659,4487,84146,608
2022-02-01,Santa Clara,085,1922200,292227,286109,11199,297308,2070
2022-02-01,Santa Cruz,087,273765,42935,41782,1883,43665,239
2022-02-01,Shasta,089,179085,28850,28382,5683,34065,465
2022-02-01,Sierra,091,2930,268,262,39,301,0
2022-02-01,Siskiyou,093,43540,4178,4072,2467,6539,66
2022-02-01,Solano,095,438530,76853,72494,5169,77663,415
2022-02-01,Sonoma,097,501317,78364,76379,2153,78532,431
2022-02-01,Stanislaus,099,539301,112491,110925,15711,126636,1403
2022-02-01,Sutter,101,95872,19622,19256,1742,20998,202
2022-02-01,Tehama,103,63373,11417,11165,2477,13642,146
2022-02-01,Trinity,105,12862,1112,1073,269,1342,19
2022-02-01,Tulare,107,460477,99180,96467,25966,122433,1247
2022-02-01,Tuolumne,109,53932,11905,11318,479,11797,91
2022-02-01,Ventura,111,848112,166583,164721,8954,173675,1293
2022-02-01,Yolo,113,214977,34179,33257,2874,36131,275
2022-02-01,Yuba,115,75493,14971,14693,1051,15744,103
2022-01-31,Alameda,001,1643700,239374,232743,12584,245327,1607
2022-01-31,Alpine,003,1148,119,123,1,124,0
2022-01-31,Amador,005,37829,7939,7682,538,8220,73
2022-01-31,Butte,007,227075,30981,30371,6133,36504,354
2022-01-31,Calaveras,009,45235,6837,6700,294,6994,96
2022-01-31,Colusa,011,21464,3274,3187,1006,4193,21
2022-01-31,Contra Costa,013,1133247,177775,173466,11668,185134,1115
2022-01-31,Del Norte,015,27424,5003,4879,138,5017,43
2022-01-31,El Dorado,017,186661,25532,24545,2991,27536,184
2022-01-31,Fresno,019,978130,214772,210589,20319,230908,2464
2022-01-31,Glenn,021,27897,4723,4641,1460,6101,39
2022-01-31,Humboldt,023,135768,15571,15308,2487,17795,126
2022-01-31,Imperial,025,180216,52673,51472,10001,61473,846
2022-01-31,Inyo,027,18085,3956,3922,423,4345,50
2022-01-31,Kern,029,883053,182852,178375,43076,221451,1967
2022-01-31,Kings,031,150075,48148,46845,3322,50167,398
2022-01-31,Lake,033,64148,9635,9141,761,9902,119
2022-01-31,Lassen,035,31185,8369,8162,832,8994,55
2022-01-31,Los Angeles,037,10098052,2605943,2541189,118193,2659382,28718
2022-01-31,Madera,039,155013,34865,33886,5216,39102,329
2022-01-31,Marin,041,260295,31422,31023,2041,33064,253
2022-01-31,Mariposa,043,17540,2232,2203,145,2348,6
2022-01-31,Mendocino,045,87422,12162,11896,2445,14341,104
2022-01-31,Merced,047,269075,59072,58198,7149,65347,740
2022-01-31,Modoc,049,8938,673,661,230,891,6
2022-01-31,Mono,051,14174,2892,2889,114,3003,5
2022-01-31,Monterey,053,433212,73711,66117,11310,77427,661
2022-01-31,Napa,055,140530,23765,22707,836,23543,113
2022-01-31,Nevada,057,99092,15126,14813,1048,15861,112
2022-01-31,Orange,059,3164182,527893,522358,39177,561535,6098
2022-01-31,Placer,061,380077,59735,58252,6936,65188,523
2022-01-31,Plumas,063,18699,2585,2513,285,2798,12
2022-01-31,Riverside,065,2383286,570794,558166,26749,584915,5785
2022-01-31,Sacramento,067,1510023,261591,256594,24108,280702,2571
2022-01-31,San Benito,069,59416,12173,11976,477,12453,90
2022-01-31,San Bernardino,071,2135413,545208,535276,23584,558860,6302
2022-01-31,San Diego,073,3302833,714804,698571,47890,746461,4686
2022-01-31,San Francisco,075,870044,116460,111119,7853,118972,712
2022-01-31,San Joaquin,077,732212,158209,155736,8694,164430,1985
2022-01-31,San Luis Obispo,079,281455,49056,47656,3304,50960,395
2022-01-31,San Mateo,081,765935,113557,103313,6370,109683,589
2022-01-31,Santa Barbara,083,443738,80583,79267,4444,83711,606
2022-01-31,Santa Clara,085,1922200,290528,284562,11093,295655,2041
2022-01-31,Santa Cruz,087,273765,42562,41630,1879,43509,239
2022-01-31,Shasta,089,179085,28720,28190,5641,33831,462
2022-01-31,Sierra,091,2930,267,261,39,300,0
2022-01-31,Siskiyou,093,43540,4162,4054,2451,6505,66
2022-01-31,Solano,095,438530,76117,72258,5122,77380,414
2022-01-31,Sonoma,097,501317,77909,76199,2127,78326,431
2022-01-31,Stanislaus,099,539301,111954,110493,15547,126040,1403
2022-01-31,Sutter,101,95872,19543,19189,1696,20885,202
2022-01-31,Tehama,103,63373,11354,11112,2447,13559,145
2022-01-31,Trinity,105,12862,1107,1071,266,1337,19
2022-01-31,Tulare,107,460477,98595,96053,25718,121771,1245
2022-01-31,Tuolumne,109,53932,11811,11278,472,11750,91
2022-01-31,Ventura,111,848112,166047,164060,8930,172990,1286
2022-01-31,Yolo,113,214977,34026,33175,2848,36023,274
2022-01-31,Yuba,115,75493,14909,14652,1030,15682,103
2022-01-30,Alameda,001,1643700,237851,231838,12433,244271,1607
2022-01-30,Alpine,003,1148,119,123,1,124,0
2022-01-30,Amador,005,37829,7888,7644,515,8159,73
2022-01-30,Butte,007,227075,30781,30255,6071,36326,354
2022-01-30,Calaveras,009,45235,6783,6676,280,6956,96
2022-01-30,Colusa,011,21464,3252,3168,994,4162,21
2022-01-30,Contra Costa,013,1133247,176806,172902,11464,184366,1102
2022-01-30,Del Norte,015,27424,4960,4833,134,4967,43
2022-01-30,El Dorado,017,186661,25408,24491,2964,27455,184
2022-01-30,Fresno,019,978130,213222,209645,20062,229707,2463
2022-01-30,Glenn,021,27897,4692,4619,1450,6069,39
2022-01-30,Humboldt,023,135768,15458,15247,2427,17674,126
2022-01-30,Imperial,025,180216,52370,51415,9810,61225,846
2022-01-30,Inyo,027,18085,3939,3921,420,4341,50
2022-01-30,Kern,029,883053,182010,177924,42752,220676,1967
2022-01-30,Kings,031,150075,47815,46654,3259,49913,398
2022-01-30,Lake,033,64148,9549,9080,740,9820,119
2022-01-30,Lassen,035,31185,8346,8158,823,8981,55
2022-01-30,Los Angeles,037,10098052,2595740,2530739,117699,2648438,28678
2022-01-30,Madera,039,155013,34566,33752,5022,38774,329
2022-01-30,Marin,041,260295,31276,30875,2027,32902,253
2022-01-30,Mariposa,043,17540,2220,2177,139,2316,6
2022-01-30,Mendocino,045,87422,12089,11860,2340,14200,104
2022-01-30,Merced,047,269075,58713,58006,6855,64861,740
2022-01-30,Modoc,049,8938,670,661,230,891,6
2022-01-30,Mono,051,14174,2886,2888,114,3002,5
2022-01-30,Monterey,053,433212,73134,65996,11035,77031,661
2022-01-30,Napa,055,140530,23598,22588,819,23407,114
2022-01-30,Nevada,057,99092,15038,14741,1031,15772,112
2022-01-30,Orange,059,3164182,526258,521334,39031,560365,6098
2022-01-30,Placer,061,380077,59402,58030,6900,64930,523
2022-01-30,Plumas,063,18699,2565,2510,271,2781,12
2022-01-30,Riverside,065,2383286,568736,557088,26649,583737,5767
2022-01-30,Sacramento,067,1510023,260209,255715,23613,279328,2572
2022-01-30,San Benito,069,59416,12105,11945,472,12417,90
2022-01-30,San Bernardino,071,2135413,543526,534050,23484,557534,6302
2022-01-30,San Diego,073,3302833,711222,687145,47468,734613,4665
2022-01-30,San Francisco,075,870044,115907,110772,7818,118590,712
2022-01-30,San Joaquin,077,732212,157219,155165,8658,163823,1985
2022-01-30,San Luis Obispo,079,281455,48659,47599,3267,50866,394
2022-01-30,San Mateo,081,765935,112989,102979,6321,109300,589
2022-01-30,Santa Barbara,083,443738,79910,79072,4381,83453,606
2022-01-30,Santa Clara,085,1922200,288524,282846,10961,293807,2035
2022-01-30,Santa Cruz,087,273765,42118,41330,1869,43199,239
2022-01-30,Shasta,089,179085,28557,28105,5553,33658,462
2022-01-30,Sierra,091,2930,267,261,39,300,0
2022-01-30,Siskiyou,093,43540,4132,4039,2404,6443,66
2022-01-30,Solano,095,438530,75590,71857,5074,76931,414
2022-01-30,Sonoma,097,501317,77391,75890,2107,77997,431
2022-01-30,Stanislaus,099,539301,111299,110111,15349,125460,1403
2022-01-30,Sutter,101,95872,19450,19108,1596,20704,202
2022-01-30,Tehama,103,63373,11280,11071,2416,13487,145
2022-01-30,Trinity,105,12862,1101,1068,266,1334,19
2022-01-30,Tulare,107,460477,97917,95676,25444,121120,1245
2022-01-30,Tuolumne,109,53932,11701,11242,435,11677,91
2022-01-30,Ventura,111,848112,165466,163521,8900,172421,1286
2022-01-30,Yolo,113,214977,33823,33043,2814,35857,274
2022-01-30,Yuba,115,75493,14819,14584,1010,15594,103
2022-01-29,Alameda,001,1643700,237175,225602,12416,238018,1605
2022-01-29,Alpine,003,1148,119,123,1,124,0
2022-01-29,Amador,005,37829,7866,7505,512,8017,73
2022-01-29,Butte,007,227075,30695,29557,6047,35604,353
2022-01-29,Calaveras,009,45235,6764,6484,280,6764,96
2022-01-29,Colusa,011,21464,3246,3107,990,4097,21
2022-01-29,Contra Costa,013,1133247,176277,168003,11434,179437,1101
2022-01-29,Del Norte,015,27424,4941,4589,130,4719,43
2022-01-29,El Dorado,017,186661,25364,24008,2957,26965,184
2022-01-29,Fresno,019,978130,212776,202691,20029,222720,2457
2022-01-29,Glenn,021,27897,4685,4516,1443,5959,39
2022-01-29,Humboldt,023,135768,15411,14812,2420,17232,126
2022-01-29,Imperial,025,180216,52253,50153,9751,59904,845
2022-01-29,Inyo,027,18085,3937,3895,412,4307,50
2022-01-29,Kern,029,883053,181674,174456,42584,217040,1962
2022-01-29,Kings,031,150075,47701,45047,3253,48300,397
2022-01-29,Lake,033,64148,9515,8747,736,9483,119
2022-01-29,Lassen,035,31185,8328,7961,820,8781,55
2022-01-29,Los Angeles,037,10098052,2592013,2473332,117427,2590759,28467
2022-01-29,Madera,039,155013,34456,32753,4997,37750,329
2022-01-29,Marin,041,260295,31210,30137,2025,32162,253
2022-01-29,Mariposa,043,17540,2218,2117,137,2254,6
2022-01-29,Mendocino,045,87422,12065,11591,2325,13916,104
2022-01-29,Merced,047,269075,58606,56472,6850,63322,735
2022-01-29,Modoc,049,8938,670,654,230,884,6
2022-01-29,Mono,051,14174,2884,2860,114,2974,5
2022-01-29,Monterey,053,433212,72983,64090,10985,75075,658
2022-01-29,Napa,055,140530,23541,22121,817,22938,113
2022-01-29,Nevada,057,99092,15003,14337,1028,15365,112
2022-01-29,Orange,059,3164182,525553,511255,38924,550179,6038
2022-01-29,Placer,061,380077,59209,56562,6883,63445,523
2022-01-29,Plumas,063,18699,2555,2463,267,2730,12
2022-01-29,Riverside,065,2383286,567717,548121,26607,574728,5726
2022-01-29,Sacramento,067,1510023,259592,249130,23558,272688,2558
2022-01-29,San Benito,069,59416,12046,11670,471,12141,90
2022-01-29,San Bernardino,071,2135413,542804,525249,23446,548695,6297
2022-01-29,San Diego,073,3302833,709902,683027,47379,730406,4643
2022-01-29,San Francisco,075,870044,115631,108265,7770,116035,712
2022-01-29,San Joaquin,077,732212,156974,150849,8644,159493,1971
2022-01-29,San Luis Obispo,079,281455,48570,46374,3263,49637,391
2022-01-29,San Mateo,081,765935,112649,100306,6295,106601,586
2022-01-29,Santa Barbara,083,443738,79690,76546,4374,80920,604
2022-01-29,Santa Clara,085,1922200,287569,273879,10933,284812,2019
2022-01-29,Santa Cruz,087,273765,41990,39228,1867,41095,240
2022-01-29,Shasta,089,179085,28499,27504,5539,33043,452
2022-01-29,Sierra,091,2930,267,260,39,299,0
2022-01-29,Siskiyou,093,43540,4122,3987,2397,6384,66
2022-01-29,Solano,095,438530,75445,69862,5061,74923,407
2022-01-29,Sonoma,097,501317,77176,73439,2102,75541,427
2022-01-29,Stanislaus,099,539301,111049,107668,15303,122971,1403
2022-01-29,Sutter,101,95872,19401,18797,1579,20376,202
2022-01-29,Tehama,103,63373,11247,10880,2411,13291,145
2022-01-29,Trinity,105,12862,1098,1033,265,1298,19
2022-01-29,Tulare,107,460477,97666,93154,25370,118524,1237
2022-01-29,Tuolumne,109,53932,11676,10806,427,11233,91
2022-01-29,Ventura,111,848112,165136,160466,8883,169349,1271
2022-01-29,Yolo,113,214977,33712,32123,2798,34921,275
2022-01-29,Yuba,115,75493,14778,14295,1008,15303,103
2022-01-28,Alameda,001,1643700,236233,225602,12397,237999,1605
2022-01-28,Alpine,003,1148,119,123,1,124,0
2022-01-28,Amador,005,37829,7840,7505,511,8016,73
2022-01-28,Butte,007,227075,30618,29557,6028,35585,353
2022-01-28,Calaveras,009,45235,6746,6484,279,6763,96
2022-01-28,Colusa,011,21464,3241,3107,988,4095,21
2022-01-28,Contra Costa,013,1133247,175738,168003,11396,179399,1101
2022-01-28,Del Norte,015,27424,4916,4589,129,4718,43
2022-01-28,El Dorado,017,186661,25321,24008,2950,26958,184
2022-01-28,Fresno,019,978130,211952,202691,19986,222677,2457
2022-01-28,Glenn,021,27897,4672,4516,1441,5957,39
2022-01-28,Humboldt,023,135768,15374,14812,2410,17222,126
2022-01-28,Imperial,025,180216,52127,50153,9714,59867,845
2022-01-28,Inyo,027,18085,3933,3895,409,4304,50
2022-01-28,Kern,029,883053,181261,174456,42424,216880,1962
2022-01-28,Kings,031,150075,47570,45047,3245,48292,397
2022-01-28,Lake,033,64148,9482,8747,734,9481,119
2022-01-28,Lassen,035,31185,8261,7961,818,8779,55
2022-01-28,Los Angeles,037,10098052,2586424,2473332,117203,2590535,28467
2022-01-28,Madera,039,155013,34324,32753,4980,37733,329
2022-01-28,Marin,041,260295,31118,30137,2003,32140,253
2022-01-28,Mariposa,043,17540,2208,2117,135,2252,6
2022-01-28,Mendocino,045,87422,12021,11591,2323,13914,104
2022-01-28,Merced,047,269075,58508,56472,6835,63307,735
2022-01-28,Modoc,049,8938,669,654,230,884,6
2022-01-28,Mono,051,14174,2879,2860,113,2973,5
2022-01-28,Monterey,053,433212,72786,64090,10941,75031,658
2022-01-28,Napa,055,140530,23464,22121,815,22936,113
2022-01-28,Nevada,057,99092,14966,14337,1026,15363,112
2022-01-28,Orange,059,3164182,524477,511255,38834,550089,6038
2022-01-28,Placer,061,380077,59001,56562,6860,63422,523
2022-01-28,Plumas,063,18699,2548,2463,265,2728,12
2022-01-28,Riverside,065,2383286,566389,548121,26566,574687,5726
2022-01-28,Sacramento,067,1510023,258839,249130,23503,272633,2558
2022-01-28,San Benito,069,59416,12024,11670,466,12136,90
2022-01-28,San Bernardino,071,2135413,541767,525249,23420,548669,6297
2022-01-28,San Diego,073,3302833,708078,683027,47305,730332,4643
2022-01-28,San Francisco,075,870044,115267,108265,7720,115985,712
2022-01-28,San Joaquin,077,732212,156682,150849,8634,159483,1971
2022-01-28,San Luis Obispo,079,281455,48487,46374,3255,49629,391
2022-01-28,San Mateo,081,765935,112304,100306,6272,106578,586
2022-01-28,Santa Barbara,083,443738,79446,76546,4371,80917,604
2022-01-28,Santa Clara,085,1922200,286356,273879,10884,284763,2019
2022-01-28,Santa Cruz,087,273765,41810,39228,1859,41087,240
2022-01-28,Shasta,089,179085,28442,27504,5525,33029,452
2022-01-28,Sierra,091,2930,267,260,39,299,0
2022-01-28,Siskiyou,093,43540,4112,3987,2393,6380,66
2022-01-28,Solano,095,438530,74872,69862,4994,74856,407
2022-01-28,Sonoma,097,501317,76969,73439,2095,75534,427
2022-01-28,Stanislaus,099,539301,110775,107668,15260,122928,1403
2022-01-28,Sutter,101,95872,19357,18797,1577,20374,202
2022-01-28,Tehama,103,63373,11215,10880,2404,13284,145
2022-01-28,Trinity,105,12862,1091,1033,265,1298,19
2022-01-28,Tulare,107,460477,97410,93154,25262,118416,1237
2022-01-28,Tuolumne,109,53932,11643,10806,421,11227,91
2022-01-28,Ventura,111,848112,164685,160466,8864,169330,1271
2022-01-28,Yolo,113,214977,33607,32123,2791,34914,275
2022-01-28,Yuba,115,75493,14738,14295,1003,15298,103
2022-01-27,Alameda,001,1643700,234655,225602,12262,237864,1605
2022-01-27,Alpine,003,1148,119,123,1,124,0
2022-01-27,Amador,005,37829,7793,7505,499,8004,73
2022-01-27,Butte,007,227075,30464,29557,5976,35533,353
2022-01-27,Calaveras,009,45235,6721,6484,263,6747,96
2022-01-27,Colusa,011,21464,3227,3107,984,4091,21
2022-01-27,Contra Costa,013,1133247,174713,168003,11219,179222,1101
2022-01-27,Del Norte,015,27424,4871,4589,125,4714,43
2022-01-27,El Dorado,017,186661,25210,24008,2931,26939,184
2022-01-27,Fresno,019,978130,210342,202691,19788,222479,2457
2022-01-27,Glenn,021,27897,4641,4516,1433,5949,39
2022-01-27,Humboldt,023,135768,15283,14812,2373,17185,126
2022-01-27,Imperial,025,180216,51860,50153,9600,59753,845
2022-01-27,Inyo,027,18085,3926,3895,399,4294,50
2022-01-27,Kern,029,883053,180488,174456,42056,216512,1962
2022-01-27,Kings,031,150075,47224,45047,3207,48254,397
2022-01-27,Lake,033,64148,9429,8747,717,9464,119
2022-01-27,Lassen,035,31185,8218,7961,812,8773,55
2022-01-27,Los Angeles,037,10098052,2575463,2473332,116690,2590022,28467
2022-01-27,Madera,039,155013,34109,32753,4873,37626,329
2022-01-27,Marin,041,260295,30955,30137,1988,32125,253
2022-01-27,Mariposa,043,17540,2185,2117,132,2249,6
2022-01-27,Mendocino,045,87422,11970,11591,2274,13865,104
2022-01-27,Merced,047,269075,58247,56472,6670,63142,735
2022-01-27,Modoc,049,8938,667,654,229,883,6
2022-01-27,Mono,051,14174,2874,2860,113,2973,5
2022-01-27,Monterey,053,433212,72171,64090,10695,74785,658
2022-01-27,Napa,055,140530,23306,22121,787,22908,113
2022-01-27,Nevada,057,99092,14893,14337,998,15335,112
2022-01-27,Orange,059,3164182,522744,511255,38693,549948,6038
2022-01-27,Placer,061,380077,58684,56562,6808,63370,523
2022-01-27,Plumas,063,18699,2539,2463,252,2715,12
2022-01-27,Riverside,065,2383286,564216,548121,26497,574618,5726
2022-01-27,Sacramento,067,1510023,257603,249130,23165,272295,2558
2022-01-27,San Benito,069,59416,11967,11670,461,12131,90
2022-01-27,San Bernardino,071,2135413,539937,525249,23326,548575,6297
2022-01-27,San Diego,073,3302833,704700,683027,46956,729983,4643
2022-01-27,San Francisco,075,870044,114761,108265,7658,115923,712
2022-01-27,San Joaquin,077,732212,155818,150849,8585,159434,1971
2022-01-27,San Luis Obispo,079,281455,48214,46374,3217,49591,391
2022-01-27,San Mateo,081,765935,111726,100306,6200,106506,586
2022-01-27,Santa Barbara,083,443738,78973,76546,4319,80865,604
2022-01-27,Santa Clara,085,1922200,284263,273879,10735,284614,2019
2022-01-27,Santa Cruz,087,273765,41158,39228,1840,41068,240
2022-01-27,Shasta,089,179085,28308,27504,5473,32977,452
2022-01-27,Sierra,091,2930,266,260,39,299,0
2022-01-27,Siskiyou,093,43540,4091,3987,2356,6343,66
2022-01-27,Solano,095,438530,74201,69862,4945,74807,407
2022-01-27,Sonoma,097,501317,76507,73439,2084,75523,427
2022-01-27,Stanislaus,099,539301,110243,107668,15116,122784,1403
2022-01-27,Sutter,101,95872,19249,18797,1551,20348,202
2022-01-27,Tehama,103,63373,11163,10880,2389,13269,145
2022-01-27,Trinity,105,12862,1087,1033,264,1297,19
2022-01-27,Tulare,107,460477,96795,93154,24995,118149,1237
2022-01-27,Tuolumne,109,53932,11591,10806,410,11216,91
2022-01-27,Ventura,111,848112,164036,160466,8832,169298,1271
2022-01-27,Yolo,113,214977,33472,32123,2775,34898,275
2022-01-27,Yuba,115,75493,14659,14295,987,15282,103
2022-01-26,Alameda,001,1643700,232772,222680,12100,234780,1596
2022-01-26,Alpine,003,1148,119,123,1,124,0
2022-01-26,Amador,005,37829,7718,7427,485,7912,73
2022-01-26,Butte,007,227075,30265,29229,5921,35150,353
2022-01-26,Calaveras,009,45235,6683,6387,255,6642,96
2022-01-26,Colusa,011,21464,3211,3094,978,4072,21
2022-01-26,Contra Costa,013,1133247,173572,165972,11056,177028,1095
2022-01-26,Del Norte,015,27424,4812,4542,124,4666,43
2022-01-26,El Dorado,017,186661,25088,23819,2908,26727,181
2022-01-26,Fresno,019,978130,208502,199689,19590,219279,2452
2022-01-26,Glenn,021,27897,4607,4472,1428,5900,39
2022-01-26,Humboldt,023,135768,15183,14715,2328,17043,126
2022-01-26,Imperial,025,180216,51500,49477,9440,58917,839
2022-01-26,Inyo,027,18085,3923,3889,368,4257,50
2022-01-26,Kern,029,883053,179577,173052,41711,214763,1953
2022-01-26,Kings,031,150075,46820,44367,3177,47544,396
2022-01-26,Lake,033,64148,9347,8645,707,9352,119
2022-01-26,Lassen,035,31185,8181,7888,812,8700,55
2022-01-26,Los Angeles,037,10098052,2563372,2450620,116235,2566855,28382
2022-01-26,Madera,039,155013,33868,32323,4747,37070,329
2022-01-26,Marin,041,260295,30772,29813,1969,31782,253
2022-01-26,Mariposa,043,17540,2168,2108,125,2233,6
2022-01-26,Mendocino,045,87422,11923,11453,2223,13676,103
2022-01-26,Merced,047,269075,57880,56060,6494,62554,733
2022-01-26,Modoc,049,8938,666,652,228,880,6
2022-01-26,Mono,051,14174,2871,2852,113,2965,4
2022-01-26,Monterey,053,433212,71626,63264,10403,73667,659
2022-01-26,Napa,055,140530,23150,21864,776,22640,112
2022-01-26,Nevada,057,99092,14797,14128,987,15115,112
2022-01-26,Orange,059,3164182,520751,506419,38527,544946,6007
2022-01-26,Placer,061,380077,58350,55892,6744,62636,524
2022-01-26,Plumas,063,18699,2528,2425,250,2675,12
2022-01-26,Riverside,065,2383286,561689,543788,26379,570167,5701
2022-01-26,Sacramento,067,1510023,256012,246416,22817,269233,2559
2022-01-26,San Benito,069,59416,11896,11563,448,12011,90
2022-01-26,San Bernardino,071,2135413,537784,521699,23224,544923,6291
2022-01-26,San Diego,073,3302833,700466,676392,46606,722998,4622
2022-01-26,San Francisco,075,870044,114121,107174,7622,114796,704
2022-01-26,San Joaquin,077,732212,154823,148770,8536,157306,1971
2022-01-26,San Luis Obispo,079,281455,47910,45716,3190,48906,391
2022-01-26,San Mateo,081,765935,111078,99016,6071,105087,586
2022-01-26,Santa Barbara,083,443738,78451,75548,4258,79806,600
2022-01-26,Santa Clara,085,1922200,282133,270470,10559,281029,2015
2022-01-26,Santa Cruz,087,273765,40665,38298,1825,40123,239
2022-01-26,Shasta,089,179085,28159,27255,5422,32677,452
2022-01-26,Sierra,091,2930,265,260,38,298,0
2022-01-26,Siskiyou,093,43540,4075,3971,2331,6302,66
2022-01-26,Solano,095,438530,73493,69150,4884,74034,401
2022-01-26,Sonoma,097,501317,75951,72509,2052,74561,423
2022-01-26,Stanislaus,099,539301,109684,106582,14909,121491,1396
2022-01-26,Sutter,101,95872,19138,18670,1505,20175,202
2022-01-26,Tehama,103,63373,11109,10749,2372,13121,145
2022-01-26,Trinity,105,12862,1082,1008,264,1272,19
2022-01-26,Tulare,107,460477,96063,91904,24745,116649,1234
2022-01-26,Tuolumne,109,53932,11407,10699,399,11098,91
2022-01-26,Ventura,111,848112,163326,159077,8792,167869,1263
2022-01-26,Yolo,113,214977,33265,31913,2735,34648,275
2022-01-26,Yuba,115,75493,14574,14171,965,15136,103
2022-01-25,Alameda,001,1643700,230877,219753,11918,231671,1589
2022-01-25,Alpine,003,1148,119,122,1,123,0
2022-01-25,Amador,005,37829,7641,7352,474,7826,73
2022-01-25,Butte,007,227075,30059,28887,5849,34736,351
2022-01-25,Calaveras,009,45235,6624,6266,241,6507,95
2022-01-25,Colusa,011,21464,3191,3074,976,4050,21
2022-01-25,Contra Costa,013,1133247,172238,163792,10841,174633,1092
2022-01-25,Del Norte,015,27424,4739,4514,118,4632,43
2022-01-25,El Dorado,017,186661,24952,23339,2882,26221,179
2022-01-25,Fresno,019,978130,206365,198262,19328,217590,2434
2022-01-25,Glenn,021,27897,4574,4418,1412,5830,39
2022-01-25,Humboldt,023,135768,15089,14574,2302,16876,126
2022-01-25,Imperial,025,180216,51034,48913,9199,58112,832
2022-01-25,Inyo,027,18085,3908,3857,322,4179,50
2022-01-25,Kern,029,883053,178568,171695,41246,212941,1947
2022-01-25,Kings,031,150075,46345,43853,3132,46985,396
2022-01-25,Lake,033,64148,9268,8543,695,9238,118
2022-01-25,Lassen,035,31185,8151,7834,801,8635,55
2022-01-25,Los Angeles,037,10098052,2548567,2433516,115596,2549112,28293
2022-01-25,Madera,039,155013,33546,31794,4607,36401,329
2022-01-25,Marin,041,260295,30593,29589,1956,31545,253
2022-01-25,Mariposa,043,17540,2156,2069,119,2188,6
2022-01-25,Mendocino,045,87422,11803,11280,2120,13400,103
2022-01-25,Merced,047,269075,57504,55555,6351,61906,733
2022-01-25,Modoc,049,8938,664,652,228,880,6
2022-01-25,Mono,051,14174,2861,2826,112,2938,4
2022-01-25,Monterey,053,433212,71058,62498,9996,72494,654
2022-01-25,Napa,055,140530,22955,21668,740,22408,111
2022-01-25,Nevada,057,99092,14682,13944,964,14908,112
2022-01-25,Orange,059,3164182,518466,504274,38330,542604,5980
2022-01-25,Placer,061,380077,57950,55465,6670,62135,518
2022-01-25,Plumas,063,18699,2511,2397,246,2643,12
2022-01-25,Riverside,065,2383286,558606,540723,26210,566933,5686
2022-01-25,Sacramento,067,1510023,254191,244468,22282,266750,2545
2022-01-25,San Benito,069,59416,11797,11446,444,11890,88
2022-01-25,San Bernardino,071,2135413,535309,519150,23114,542264,6288
2022-01-25,San Diego,073,3302833,695433,670110,46155,716265,4604
2022-01-25,San Francisco,075,870044,113353,106254,7577,113831,703
2022-01-25,San Joaquin,077,732212,153820,147271,8482,155753,1972
2022-01-25,San Luis Obispo,079,281455,47549,45130,3142,48272,391
2022-01-25,San Mateo,081,765935,110282,98010,5958,103968,586
2022-01-25,Santa Barbara,083,443738,77791,74686,4176,78862,594
2022-01-25,Santa Clara,085,1922200,279474,268031,10353,278384,2006
2022-01-25,Santa Cruz,087,273765,40015,37850,1814,39664,237
2022-01-25,Shasta,089,179085,27996,27090,5352,32442,452
2022-01-25,Sierra,091,2930,265,260,33,293,0
2022-01-25,Siskiyou,093,43540,4051,3958,2295,6253,65
2022-01-25,Solano,095,438530,72914,68657,4832,73489,399
2022-01-25,Sonoma,097,501317,75260,71633,2015,73648,423
2022-01-25,Stanislaus,099,539301,109016,105965,14689,120654,1396
2022-01-25,Sutter,101,95872,19035,18508,1463,19971,200
2022-01-25,Tehama,103,63373,11047,10669,2347,13016,145
2022-01-25,Trinity,105,12862,1075,999,262,1261,19
2022-01-25,Tulare,107,460477,95241,91237,24410,115647,1229
2022-01-25,Tuolumne,109,53932,11227,10516,375,10891,91
2022-01-25,Ventura,111,848112,162473,157971,8748,166719,1263
2022-01-25,Yolo,113,214977,33018,31677,2688,34365,274
2022-01-25,Yuba,115,75493,14490,14038,937,14975,103
2022-01-24,Alameda,001,1643700,228445,216252,11651,227903,1581
2022-01-24,Alpine,003,1148,119,120,1,121,0
2022-01-24,Amador,005,37829,7591,7166,436,7602,73
2022-01-24,Butte,007,227075,29827,28607,5785,34392,350
2022-01-24,Calaveras,009,45235,6577,6172,227,6399,95
2022-01-24,Colusa,011,21464,3172,3052,960,4012,21
2022-01-24,Contra Costa,013,1133247,170742,162161,10625,172786,1092
2022-01-24,Del Norte,015,27424,4679,4460,118,4578,43
2022-01-24,El Dorado,017,186661,24784,23128,2852,25980,179
2022-01-24,Fresno,019,978130,204060,196092,19033,215125,2430
2022-01-24,Glenn,021,27897,4532,4367,1402,5769,39
2022-01-24,Humboldt,023,135768,14977,14416,2256,16672,126
2022-01-24,Imperial,025,180216,50490,48228,8887,57115,824
2022-01-24,Inyo,027,18085,3902,3805,297,4102,50
2022-01-24,Kern,029,883053,177259,169892,40764,210656,1946
2022-01-24,Kings,031,150075,45764,43260,3059,46319,396
2022-01-24,Lake,033,64148,9158,8423,680,9103,118
2022-01-24,Lassen,035,31185,8067,7732,782,8514,55
2022-01-24,Los Angeles,037,10098052,2532186,2391045,114824,2505869,28230
2022-01-24,Madera,039,155013,33106,31339,4422,35761,329
2022-01-24,Marin,041,260295,30364,29301,1918,31219,253
2022-01-24,Mariposa,043,17540,2131,2033,115,2148,6
2022-01-24,Mendocino,045,87422,11699,11002,2041,13043,103
2022-01-24,Merced,047,269075,57013,54970,6073,61043,730
2022-01-24,Modoc,049,8938,661,648,227,875,6
2022-01-24,Mono,051,14174,2851,2802,111,2913,4
2022-01-24,Monterey,053,433212,70217,61975,9634,71609,654
2022-01-24,Napa,055,140530,22775,21494,727,22221,111
2022-01-24,Nevada,057,99092,14554,13774,941,14715,112
2022-01-24,Orange,059,3164182,515874,501634,38080,539714,5969
2022-01-24,Placer,061,380077,57463,54933,6622,61555,518
2022-01-24,Plumas,063,18699,2490,2370,232,2602,12
2022-01-24,Riverside,065,2383286,554886,535962,25999,561961,5661
2022-01-24,Sacramento,067,1510023,251964,241522,21714,263236,2526
2022-01-24,San Benito,069,59416,11701,11331,431,11762,88
2022-01-24,San Bernardino,071,2135413,532509,515604,22971,538575,6285
2022-01-24,San Diego,073,3302833,689757,663580,45610,709190,4586
2022-01-24,San Francisco,075,870044,112384,105418,7478,112896,703
2022-01-24,San Joaquin,077,732212,152485,145984,8434,154418,1959
2022-01-24,San Luis Obispo,079,281455,47070,44616,3087,47703,387
2022-01-24,San Mateo,081,765935,109361,96968,5836,102804,586
2022-01-24,Santa Barbara,083,443738,76996,73866,4080,77946,591
2022-01-24,Santa Clara,085,1922200,276541,265341,10151,275492,2006
2022-01-24,Santa Cruz,087,273765,39246,37188,1795,38983,237
2022-01-24,Shasta,089,179085,27808,26871,5262,32133,452
2022-01-24,Sierra,091,2930,265,258,33,291,0
2022-01-24,Siskiyou,093,43540,4040,3934,2256,6190,64
2022-01-24,Solano,095,438530,72230,68094,4754,72848,400
2022-01-24,Sonoma,097,501317,74356,70733,1991,72724,423
2022-01-24,Stanislaus,099,539301,108261,104933,14414,119347,1395
2022-01-24,Sutter,101,95872,18917,18336,1370,19706,200
2022-01-24,Tehama,103,63373,10976,10567,2328,12895,145
2022-01-24,Trinity,105,12862,1067,978,260,1238,19
2022-01-24,Tulare,107,460477,94232,90089,24044,114133,1219
2022-01-24,Tuolumne,109,53932,11109,10374,365,10739,91
2022-01-24,Ventura,111,848112,161449,156551,8704,165255,1261
2022-01-24,Yolo,113,214977,32738,31480,2654,34134,273
2022-01-24,Yuba,115,75493,14383,13862,896,14758,103
2022-01-23,Alameda,001,1643700,225771,214003,11317,225320,1583
2022-01-23,Alpine,003,1148,119,120,1,121,0
2022-01-23,Amador,005,37829,7536,7090,396,7486,73
2022-01-23,Butte,007,227075,29535,28340,5677,34017,350
2022-01-23,Calaveras,009,45235,6512,6095,204,6299,95
2022-01-23,Colusa,011,21464,3146,3040,953,3993,21
2022-01-23,Contra Costa,013,1133247,168878,160798,10261,171059,1092
2022-01-23,Del Norte,015,27424,4612,4419,112,4531,43
2022-01-23,El Dorado,017,186661,24591,22925,2803,25728,179
2022-01-23,Fresno,019,978130,201596,193642,18598,212240,2430
2022-01-23,Glenn,021,27897,4481,4340,1378,5718,39
2022-01-23,Humboldt,023,135768,14855,14296,2173,16469,126
2022-01-23,Imperial,025,180216,49899,47935,8600,56535,824
2022-01-23,Inyo,027,18085,3875,3781,283,4064,50
2022-01-23,Kern,029,883053,175910,168585,40240,208825,1946
2022-01-23,Kings,031,150075,45129,42622,2954,45576,397
2022-01-23,Lake,033,64148,8991,8363,653,9016,118
2022-01-23,Lassen,035,31185,8016,7710,758,8468,55
2022-01-23,Los Angeles,037,10098052,2512011,2390590,113675,2504265,28231
2022-01-23,Madera,039,155013,32739,30962,4179,35141,329
2022-01-23,Marin,041,260295,30111,29025,1880,30905,253
2022-01-23,Mariposa,043,17540,2116,2011,112,2123,6
2022-01-23,Mendocino,045,87422,11574,10889,1917,12806,103
2022-01-23,Merced,047,269075,56468,54644,5629,60273,730
2022-01-23,Modoc,049,8938,659,645,224,869,6
2022-01-23,Mono,051,14174,2843,2788,109,2897,4
2022-01-23,Monterey,053,433212,69391,61522,9195,70717,654
2022-01-23,Napa,055,140530,22512,21281,714,21995,111
2022-01-23,Nevada,057,99092,14391,13629,913,14542,112
2022-01-23,Orange,059,3164182,512778,498968,37790,536758,5970
2022-01-23,Placer,061,380077,56892,54568,6534,61102,518
2022-01-23,Plumas,063,18699,2468,2368,203,2571,12
2022-01-23,Riverside,065,2383286,550457,532273,25693,557966,5661
2022-01-23,Sacramento,067,1510023,249419,239589,20763,260352,2530
2022-01-23,San Benito,069,59416,11577,11225,420,11645,88
2022-01-23,San Bernardino,071,2135413,529183,512657,22726,535383,6281
2022-01-23,San Diego,073,3302833,683107,640215,44822,685037,4566
2022-01-23,San Francisco,075,870044,111300,104485,7361,111846,704
2022-01-23,San Joaquin,077,732212,150866,144621,8359,152980,1959
2022-01-23,San Luis Obispo,079,281455,46376,44183,3007,47190,386
2022-01-23,San Mateo,081,765935,108295,95940,5688,101628,586
2022-01-23,Santa Barbara,083,443738,75881,73041,3951,76992,590
2022-01-23,Santa Clara,085,1922200,273180,261991,9827,271818,2005
2022-01-23,Santa Cruz,087,273765,38729,36547,1764,38311,237
2022-01-23,Shasta,089,179085,27511,26732,5139,31871,452
2022-01-23,Sierra,091,2930,264,252,33,285,0
2022-01-23,Siskiyou,093,43540,4014,3916,2198,6114,64
2022-01-23,Solano,095,438530,71432,67457,4658,72115,400
2022-01-23,Sonoma,097,501317,73431,69791,1948,71739,423
2022-01-23,Stanislaus,099,539301,107397,104067,14139,118206,1395
2022-01-23,Sutter,101,95872,18753,18175,1253,19428,200
2022-01-23,Tehama,103,63373,10875,10481,2294,12775,145
2022-01-23,Trinity,105,12862,1064,961,258,1219,19
2022-01-23,Tulare,107,460477,93083,89120,23615,112735,1219
2022-01-23,Tuolumne,109,53932,10918,10243,347,10590,91
2022-01-23,Ventura,111,848112,160271,155052,8632,163684,1261
2022-01-23,Yolo,113,214977,32374,30908,2611,33519,273
2022-01-23,Yuba,115,75493,14257,13762,840,14602,103
2022-01-22,Alameda,001,1643700,224681,203927,11284,215211,1575
2022-01-22,Alpine,003,1148,118,119,1,120,0
2022-01-22,Amador,005,37829,7503,6845,391,7236,73
2022-01-22,Butte,007,227075,29419,27232,5653,32885,350
2022-01-22,Calaveras,009,45235,6482,5835,203,6038,95
2022-01-22,Colusa,011,21464,3129,2954,950,3904,21
2022-01-22,Contra Costa,013,1133247,167939,154111,10231,164342,1091
2022-01-22,Del Norte,015,27424,4575,4269,108,4377,43
2022-01-22,El Dorado,017,186661,24521,22273,2793,25066,179
2022-01-22,Fresno,019,978130,200779,185292,18547,203839,2429
2022-01-22,Glenn,021,27897,4475,4174,1375,5549,39
2022-01-22,Humboldt,023,135768,14788,13628,2160,15788,125
2022-01-22,Imperial,025,180216,49710,45741,8535,54276,820
2022-01-22,Inyo,027,18085,3871,3706,259,3965,50
2022-01-22,Kern,029,883053,175288,162902,39932,202834,1946
2022-01-22,Kings,031,150075,44923,40580,2941,43521,396
2022-01-22,Lake,033,64148,8957,8056,645,8701,118
2022-01-22,Lassen,035,31185,7983,7545,751,8296,55
2022-01-22,Los Angeles,037,10098052,2504622,2286280,113171,2399451,28038
2022-01-22,Madera,039,155013,32619,29595,4165,33760,329
2022-01-22,Marin,041,260295,29985,27893,1875,29768,253
2022-01-22,Mariposa,043,17540,2112,1920,112,2032,6
2022-01-22,Mendocino,045,87422,11524,10395,1895,12290,103
2022-01-22,Merced,047,269075,56319,53025,5620,58645,727
2022-01-22,Modoc,049,8938,658,639,224,863,6
2022-01-22,Mono,051,14174,2842,2723,105,2828,4
2022-01-22,Monterey,053,433212,69186,59038,9158,68196,651
2022-01-22,Napa,055,140530,22417,20402,704,21106,111
2022-01-22,Nevada,057,99092,14324,12957,905,13862,112
2022-01-22,Orange,059,3164182,511172,480329,37541,517870,5946
2022-01-22,Placer,061,380077,56625,52557,6495,59052,512
2022-01-22,Plumas,063,18699,2451,2289,199,2488,12
2022-01-22,Riverside,065,2383286,548541,513567,25621,539188,5623
2022-01-22,Sacramento,067,1510023,248429,230206,20658,250864,2510
2022-01-22,San Benito,069,59416,11517,10743,415,11158,88
2022-01-22,San Bernardino,071,2135413,527724,495209,22649,517858,6267
2022-01-22,San Diego,073,3302833,680643,628904,44626,673530,4559
2022-01-22,San Francisco,075,870044,110643,100238,7212,107450,702
2022-01-22,San Joaquin,077,732212,150430,138264,8331,146595,1960
2022-01-22,San Luis Obispo,079,281455,46258,42154,3000,45154,385
2022-01-22,San Mateo,081,765935,107728,91440,5620,97060,585
2022-01-22,Santa Barbara,083,443738,75463,69555,3945,73500,589
2022-01-22,Santa Clara,085,1922200,271468,249205,9760,258965,1993
2022-01-22,Santa Cruz,087,273765,38552,33741,1758,35499,237
2022-01-22,Shasta,089,179085,27418,25919,5117,31036,450
2022-01-22,Sierra,091,2930,264,248,32,280,0
2022-01-22,Siskiyou,093,43540,3996,3845,2177,6022,62
2022-01-22,Solano,095,438530,71208,63882,4619,68501,391
2022-01-22,Sonoma,097,501317,73019,66013,1939,67952,422
2022-01-22,Stanislaus,099,539301,106943,100092,14049,114141,1393
2022-01-22,Sutter,101,95872,18685,17616,1240,18856,199
2022-01-22,Tehama,103,63373,10839,10171,2288,12459,142
2022-01-22,Trinity,105,12862,1062,925,258,1183,19
2022-01-22,Tulare,107,460477,92721,85223,23493,108716,1211
2022-01-22,Tuolumne,109,53932,10850,9731,341,10072,91
2022-01-22,Ventura,111,848112,159579,148742,8602,157344,1250
2022-01-22,Yolo,113,214977,32202,30061,2593,32654,273
2022-01-22,Yuba,115,75493,14167,13288,835,14123,103
2022-01-21,Alameda,001,1643700,223107,203927,11254,215181,1575
2022-01-21,Alpine,003,1148,118,119,1,120,0
2022-01-21,Amador,005,37829,7446,6845,388,7233,73
2022-01-21,Butte,007,227075,29289,27232,5610,32842,350
2022-01-21,Calaveras,009,45235,6437,5835,203,6038,95
2022-01-21,Colusa,011,21464,3122,2954,945,3899,21
2022-01-21,Contra Costa,013,1133247,166878,154111,10151,164262,1091
2022-01-21,Del Norte,015,27424,4534,4269,108,4377,43
2022-01-21,El Dorado,017,186661,24439,22273,2776,25049,179
2022-01-21,Fresno,019,978130,199538,185292,18486,203778,2429
2022-01-21,Glenn,021,27897,4457,4174,1370,5544,39
2022-01-21,Humboldt,023,135768,14718,13628,2141,15769,125
2022-01-21,Imperial,025,180216,49518,45741,8455,54196,820
2022-01-21,Inyo,027,18085,3858,3706,253,3959,50
2022-01-21,Kern,029,883053,174569,162902,39558,202460,1946
2022-01-21,Kings,031,150075,44725,40580,2934,43514,396
2022-01-21,Lake,033,64148,8900,8056,632,8688,118
2022-01-21,Lassen,035,31185,7931,7545,747,8292,55
2022-01-21,Los Angeles,037,10098052,2493378,2286280,112716,2398996,28038
2022-01-21,Madera,039,155013,32326,29595,4137,33732,329
2022-01-21,Marin,041,260295,29809,27893,1854,29747,253
2022-01-21,Mariposa,043,17540,2100,1920,111,2031,6
2022-01-21,Mendocino,045,87422,11443,10395,1892,12287,103
2022-01-21,Merced,047,269075,56159,53025,5616,58641,727
2022-01-21,Modoc,049,8938,657,639,224,863,6
2022-01-21,Mono,051,14174,2828,2723,102,2825,4
2022-01-21,Monterey,053,433212,68737,59038,9033,68071,651
2022-01-21,Napa,055,140530,22298,20402,696,21098,111
2022-01-21,Nevada,057,99092,14226,12957,901,13858,112
2022-01-21,Orange,059,3164182,508918,480329,37299,517628,5946
2022-01-21,Placer,061,380077,56231,52557,6432,58989,512
2022-01-21,Plumas,063,18699,2440,2289,194,2483,12
2022-01-21,Riverside,065,2383286,545893,513567,25541,539108,5623
2022-01-21,Sacramento,067,1510023,247040,230206,20558,250764,2510
2022-01-21,San Benito,069,59416,11482,10743,412,11155,88
2022-01-21,San Bernardino,071,2135413,525792,495209,22585,517794,6267
2022-01-21,San Diego,073,3302833,676444,628904,44471,673375,4559
2022-01-21,San Francisco,075,870044,109879,100238,7115,107353,702
2022-01-21,San Joaquin,077,732212,149843,138264,8296,146560,1960
2022-01-21,San Luis Obispo,079,281455,46131,42154,2997,45151,385
2022-01-21,San Mateo,081,765935,107072,91440,5575,97015,585
2022-01-21,Santa Barbara,083,443738,74963,69555,3936,73491,589
2022-01-21,Santa Clara,085,1922200,269609,249205,9653,258858,1993
2022-01-21,Santa Cruz,087,273765,37856,33741,1744,35485,237
2022-01-21,Shasta,089,179085,27330,25919,5068,30987,450
2022-01-21,Sierra,091,2930,262,248,31,279,0
2022-01-21,Siskiyou,093,43540,3989,3845,2158,6003,62
2022-01-21,Solano,095,438530,70796,63882,4537,68419,391
2022-01-21,Sonoma,097,501317,72509,66013,1929,67942,422
2022-01-21,Stanislaus,099,539301,106438,100092,13987,114079,1393
2022-01-21,Sutter,101,95872,18598,17616,1223,18839,199
2022-01-21,Tehama,103,63373,10805,10171,2286,12457,142
2022-01-21,Trinity,105,12862,1056,925,257,1182,19
2022-01-21,Tulare,107,460477,92276,85223,23331,108554,1211
2022-01-21,Tuolumne,109,53932,10768,9731,334,10065,91
2022-01-21,Ventura,111,848112,158771,148742,8573,157315,1250
2022-01-21,Yolo,113,214977,32041,30061,2571,32632,273
2022-01-21,Yuba,115,75493,14095,13288,828,14116,103
2022-01-20,Alameda,001,1643700,220046,203927,11012,214939,1575
2022-01-20,Alpine,003,1148,118,119,1,120,0
2022-01-20,Amador,005,37829,7381,6845,370,7215,73
2022-01-20,Butte,007,227075,29029,27232,5531,32763,350
2022-01-20,Calaveras,009,45235,6332,5835,194,6029,95
2022-01-20,Colusa,011,21464,3091,2954,933,3887,21
2022-01-20,Contra Costa,013,1133247,164906,154111,9886,163997,1091
2022-01-20,Del Norte,015,27424,4493,4269,105,4374,43
2022-01-20,El Dorado,017,186661,24237,22273,2733,25006,179
2022-01-20,Fresno,019,978130,196962,185292,18144,203436,2429
2022-01-20,Glenn,021,27897,4422,4174,1361,5535,39
2022-01-20,Humboldt,023,135768,14588,13628,2089,15717,125
2022-01-20,Imperial,025,180216,49001,45741,8286,54027,820
2022-01-20,Inyo,027,18085,3846,3706,242,3948,50
2022-01-20,Kern,029,883053,173047,162902,39009,201911,1946
2022-01-20,Kings,031,150075,44169,40580,2888,43468,396
2022-01-20,Lake,033,64148,8805,8056,604,8660,118
2022-01-20,Lassen,035,31185,7883,7545,731,8276,55
2022-01-20,Los Angeles,037,10098052,2468770,2286280,111734,2398014,28038
2022-01-20,Madera,039,155013,31933,29595,4011,33606,329
2022-01-20,Marin,041,260295,29514,27893,1817,29710,253
2022-01-20,Mariposa,043,17540,2073,1920,108,2028,6
2022-01-20,Mendocino,045,87422,11346,10395,1817,12212,103
2022-01-20,Merced,047,269075,55730,53025,5388,58413,727
2022-01-20,Modoc,049,8938,655,639,224,863,6
2022-01-20,Mono,051,14174,2820,2723,101,2824,4
2022-01-20,Monterey,053,433212,67987,59038,8619,67657,651
2022-01-20,Napa,055,140530,22032,20402,657,21059,111
2022-01-20,Nevada,057,99092,14078,12957,878,13835,112
2022-01-20,Orange,059,3164182,504958,480329,36931,517260,5946
2022-01-20,Placer,061,380077,55741,52557,6374,58931,512
2022-01-20,Plumas,063,18699,2421,2289,190,2479,12
2022-01-20,Riverside,065,2383286,541329,513567,25300,538867,5623
2022-01-20,Sacramento,067,1510023,244844,230206,19924,250130,2510
2022-01-20,San Benito,069,59416,11370,10743,399,11142,88
2022-01-20,San Bernardino,071,2135413,521826,495209,22309,517518,6267
2022-01-20,San Diego,073,3302833,669332,628904,43808,672712,4559
2022-01-20,San Francisco,075,870044,108710,100238,6973,107211,702
2022-01-20,San Joaquin,077,732212,148188,138264,8197,146461,1960
2022-01-20,San Luis Obispo,079,281455,45621,42154,2963,45117,385
2022-01-20,San Mateo,081,765935,105893,91440,5364,96804,585
2022-01-20,Santa Barbara,083,443738,74070,69555,3826,73381,589
2022-01-20,Santa Clara,085,1922200,266236,249205,9322,258527,1993
2022-01-20,Santa Cruz,087,273765,37003,33741,1721,35462,237
2022-01-20,Shasta,089,179085,27140,25919,5001,30920,450
2022-01-20,Sierra,091,2930,262,248,29,277,0
2022-01-20,Siskiyou,093,43540,3977,3845,2124,5969,62
2022-01-20,Solano,095,438530,69832,63882,4448,68330,391
2022-01-20,Sonoma,097,501317,71489,66013,1882,67895,422
2022-01-20,Stanislaus,099,539301,105482,100092,13781,113873,1393
2022-01-20,Sutter,101,95872,18431,17616,1194,18810,199
2022-01-20,Tehama,103,63373,10728,10171,2268,12439,142
2022-01-20,Trinity,105,12862,1043,925,256,1181,19
2022-01-20,Tulare,107,460477,91311,85223,23033,108256,1211
2022-01-20,Tuolumne,109,53932,10626,9731,322,10053,91
2022-01-20,Ventura,111,848112,157393,148742,8501,157243,1250
2022-01-20,Yolo,113,214977,31763,30061,2537,32598,273
2022-01-20,Yuba,115,75493,13988,13288,795,14083,103
2022-01-19,Alameda,001,1643700,216688,199739,10681,210420,1571
2022-01-19,Alpine,003,1148,117,119,1,120,0
2022-01-19,Amador,005,37829,7300,6789,328,7117,73
2022-01-19,Butte,007,227075,28724,26839,5455,32294,351
2022-01-19,Calaveras,009,45235,6241,5765,185,5950,95
2022-01-19,Colusa,011,21464,3066,2938,925,3863,21
2022-01-19,Contra Costa,013,1133247,162593,151543,9643,161186,1091
2022-01-19,Del Norte,015,27424,4452,4240,104,4344,43
2022-01-19,El Dorado,017,186661,23984,21953,2691,24644,177
2022-01-19,Fresno,019,978130,194113,181526,17860,199386,2430
2022-01-19,Glenn,021,27897,4371,4127,1351,5478,39
2022-01-19,Humboldt,023,135768,14423,13391,2035,15426,125
2022-01-19,Imperial,025,180216,48274,45156,8084,53240,820
2022-01-19,Inyo,027,18085,3823,3680,203,3883,49
2022-01-19,Kern,029,883053,171291,160747,38327,199074,1946
2022-01-19,Kings,031,150075,43469,40027,2810,42837,395
2022-01-19,Lake,033,64148,8679,7972,591,8563,118
2022-01-19,Lassen,035,31185,7827,7507,708,8215,55
2022-01-19,Los Angeles,037,10098052,2440376,2251718,110318,2362036,27934
2022-01-19,Madera,039,155013,31551,29021,3833,32854,329
2022-01-19,Marin,041,260295,29220,27375,1774,29149,251
2022-01-19,Mariposa,043,17540,2048,1896,102,1998,6
2022-01-19,Mendocino,045,87422,11176,10252,1723,11975,103
2022-01-19,Merced,047,269075,55184,52355,5033,57388,724
2022-01-19,Modoc,049,8938,653,635,223,858,6
2022-01-19,Mono,051,14174,2798,2677,99,2776,4
2022-01-19,Monterey,053,433212,67083,58426,8161,66587,651
2022-01-19,Napa,055,140530,21780,20090,629,20719,110
2022-01-19,Nevada,057,99092,13924,12703,849,13552,112
2022-01-19,Orange,059,3164182,500469,468460,36567,505027,5943
2022-01-19,Placer,061,380077,55173,51545,6304,57849,511
2022-01-19,Plumas,063,18699,2395,2239,183,2422,12
2022-01-19,Riverside,065,2383286,535796,503575,25057,528632,5604
2022-01-19,Sacramento,067,1510023,242105,226035,19184,245219,2512
2022-01-19,San Benito,069,59416,11229,10639,387,11026,88
2022-01-19,San Bernardino,071,2135413,517345,487846,21946,509792,6265
2022-01-19,San Diego,073,3302833,660509,614709,43124,657833,4553
2022-01-19,San Francisco,075,870044,107322,98652,6887,105539,694
2022-01-19,San Joaquin,077,732212,146274,135953,8098,144051,1959
2022-01-19,San Luis Obispo,079,281455,45020,41374,2897,44271,382
2022-01-19,San Mateo,081,765935,104541,89715,5095,94810,585
2022-01-19,Santa Barbara,083,443738,73074,68531,3722,72253,586
2022-01-19,Santa Clara,085,1922200,262449,244922,8959,253881,1991
2022-01-19,Santa Cruz,087,273765,35759,33026,1697,34723,237
2022-01-19,Shasta,089,179085,26873,25355,4929,30284,450
2022-01-19,Sierra,091,2930,262,245,28,273,0
2022-01-19,Siskiyou,093,43540,3953,3821,2068,5889,62
2022-01-19,Solano,095,438530,68990,63003,4320,67323,392
2022-01-19,Sonoma,097,501317,70401,64689,1844,66533,420
2022-01-19,Stanislaus,099,539301,104431,98952,13500,112452,1381
2022-01-19,Sutter,101,95872,18261,17436,1103,18539,199
2022-01-19,Tehama,103,63373,10614,10064,2221,12285,142
2022-01-19,Trinity,105,12862,1031,916,255,1171,19
2022-01-19,Tulare,107,460477,90144,83743,22559,106302,1200
2022-01-19,Tuolumne,109,53932,10466,9613,297,9910,91
2022-01-19,Ventura,111,848112,155879,144738,8430,153168,1234
2022-01-19,Yolo,113,214977,31417,29392,2500,31892,273
2022-01-19,Yuba,115,75493,13825,13114,782,13896,104
2022-01-18,Alameda,001,1643700,213332,195728,10366,206094,1566
2022-01-18,Alpine,003,1148,117,118,1,119,0
2022-01-18,Amador,005,37829,7162,6691,291,6982,73
2022-01-18,Butte,007,227075,28330,26514,5377,31891,347
2022-01-18,Calaveras,009,45235,6152,5684,170,5854,94
2022-01-18,Colusa,011,21464,3022,2903,920,3823,21
2022-01-18,Contra Costa,013,1133247,160572,149446,9273,158719,1085
2022-01-18,Del Norte,015,27424,4381,4229,99,4328,43
2022-01-18,El Dorado,017,186661,23602,21707,2645,24352,175
2022-01-18,Fresno,019,978130,190745,178922,17459,196381,2425
2022-01-18,Glenn,021,27897,4338,4070,1339,5409,39
2022-01-18,Humboldt,023,135768,14252,13218,1966,15184,125
2022-01-18,Imperial,025,180216,47585,44742,7904,52646,819
2022-01-18,Inyo,027,18085,3782,3654,192,3846,49
2022-01-18,Kern,029,883053,169275,158864,37566,196430,1943
2022-01-18,Kings,031,150075,42589,39440,2728,42168,392
2022-01-18,Lake,033,64148,8565,7919,571,8490,117
2022-01-18,Lassen,035,31185,7744,7461,669,8130,55
2022-01-18,Los Angeles,037,10098052,2406925,2227360,108890,2336250,27871
2022-01-18,Madera,039,155013,31024,28717,3645,32362,329
2022-01-18,Marin,041,260295,28917,27036,1730,28766,251
2022-01-18,Mariposa,043,17540,2022,1872,98,1970,6
2022-01-18,Mendocino,045,87422,11007,10114,1641,11755,103
2022-01-18,Merced,047,269075,54573,51746,4751,56497,718
2022-01-18,Modoc,049,8938,651,633,218,851,6
2022-01-18,Mono,051,14174,2777,2643,98,2741,4
2022-01-18,Monterey,053,433212,66312,57846,7682,65528,650
2022-01-18,Napa,055,140530,21447,19911,612,20523,109
2022-01-18,Nevada,057,99092,13739,12584,807,13391,111
2022-01-18,Orange,059,3164182,495118,461324,36061,497385,5938
2022-01-18,Placer,061,380077,54529,50983,6229,57212,508
2022-01-18,Plumas,063,18699,2369,2218,177,2395,12
2022-01-18,Riverside,065,2383286,529816,497278,24743,522021,5599
2022-01-18,Sacramento,067,1510023,239190,223745,18183,241928,2496
2022-01-18,San Benito,069,59416,11084,10520,373,10893,88
2022-01-18,San Bernardino,071,2135413,512161,483753,21538,505291,6258
2022-01-18,San Diego,073,3302833,650249,605137,42162,647299,4547
2022-01-18,San Francisco,075,870044,105844,96505,6763,103268,694
2022-01-18,San Joaquin,077,732212,144316,134365,7955,142320,1957
2022-01-18,San Luis Obispo,079,281455,44335,40848,2810,43658,381
2022-01-18,San Mateo,081,765935,103081,88225,4894,93119,585
2022-01-18,Santa Barbara,083,443738,71857,67216,3548,70764,581
2022-01-18,Santa Clara,085,1922200,258253,240281,8561,248842,1986
2022-01-18,Santa Cruz,087,273765,35123,32203,1659,33862,237
2022-01-18,Shasta,089,179085,26590,25162,4832,29994,448
2022-01-18,Sierra,091,2930,258,244,28,272,0
2022-01-18,Siskiyou,093,43540,3919,3799,2014,5813,62
2022-01-18,Solano,095,438530,68138,62204,4211,66415,391
2022-01-18,Sonoma,097,501317,69023,63714,1792,65506,419
2022-01-18,Stanislaus,099,539301,103211,98000,13157,111157,1379
2022-01-18,Sutter,101,95872,18070,17295,1030,18325,198
2022-01-18,Tehama,103,63373,10508,9975,2166,12141,142
2022-01-18,Trinity,105,12862,1018,907,254,1161,19
2022-01-18,Tulare,107,460477,88790,82667,22148,104815,1196
2022-01-18,Tuolumne,109,53932,10297,9528,285,9813,91
2022-01-18,Ventura,111,848112,154170,143384,8357,151741,1233
2022-01-18,Yolo,113,214977,31049,28786,2449,31235,270
2022-01-18,Yuba,115,75493,13663,12971,756,13727,101
2022-01-17,Alameda,001,1643700,208670,193276,9783,203059,1565
2022-01-17,Alpine,003,1148,116,118,0,118,0
2022-01-17,Amador,005,37829,7048,6640,233,6873,73
2022-01-17,Butte,007,227075,27952,26303,5272,31575,348
2022-01-17,Calaveras,009,45235,6020,5584,142,5726,94
2022-01-17,Colusa,011,21464,2999,2905,913,3818,21
2022-01-17,Contra Costa,013,1133247,157808,147993,8787,156780,1086
2022-01-17,Del Norte,015,27424,4329,4209,92,4301,43
2022-01-17,El Dorado,017,186661,23345,21540,2563,24103,175
2022-01-17,Fresno,019,978130,187148,176959,16978,193937,2426
2022-01-17,Glenn,021,27897,4283,4055,1325,5380,39
2022-01-17,Humboldt,023,135768,14045,13120,1802,14922,125
2022-01-17,Imperial,025,180216,46900,44412,7754,52166,821
2022-01-17,Inyo,027,18085,3760,3650,165,3815,49
2022-01-17,Kern,029,883053,166748,157645,36683,194328,1944
2022-01-17,Kings,031,150075,41455,39143,2603,41746,392
2022-01-17,Lake,033,64148,8416,7864,531,8395,117
2022-01-17,Lassen,035,31185,7644,7417,630,8047,55
2022-01-17,Los Angeles,037,10098052,2367704,2205740,106895,2312635,27832
2022-01-17,Madera,039,155013,30363,28568,3457,32025,329
2022-01-17,Marin,041,260295,28509,26633,1673,28306,251
2022-01-17,Mariposa,043,17540,1996,1862,92,1954,6
2022-01-17,Mendocino,045,87422,10784,10030,1512,11542,103
2022-01-17,Merced,047,269075,53895,51227,4191,55418,718
2022-01-17,Modoc,049,8938,647,630,218,848,6
2022-01-17,Mono,051,14174,2753,2642,97,2739,4
2022-01-17,Monterey,053,433212,65204,57318,7263,64581,647
2022-01-17,Napa,055,140530,21103,19647,589,20236,109
2022-01-17,Nevada,057,99092,13550,12414,769,13183,111
2022-01-17,Orange,059,3164182,489153,457418,35585,493003,5933
2022-01-17,Placer,061,380077,53794,50511,6085,56596,508
2022-01-17,Plumas,063,18699,2340,2205,147,2352,12
2022-01-17,Riverside,065,2383286,523006,491322,24286,515608,5600
2022-01-17,Sacramento,067,1510023,235286,221143,16828,237971,2497
2022-01-17,San Benito,069,59416,10916,10432,345,10777,88
2022-01-17,San Bernardino,071,2135413,506015,480243,21009,501252,6259
2022-01-17,San Diego,073,3302833,638075,569241,40970,610211,4545
2022-01-17,San Francisco,075,870044,104194,95292,6562,101854,694
2022-01-17,San Joaquin,077,732212,141437,133414,7811,141225,1958
2022-01-17,San Luis Obispo,079,281455,43507,40425,2708,43133,379
2022-01-17,San Mateo,081,765935,101175,87013,4637,91650,585
2022-01-17,Santa Barbara,083,443738,70533,66704,3350,70054,581
2022-01-17,Santa Clara,085,1922200,253682,237934,8123,246057,1985
2022-01-17,Santa Cruz,087,273765,34367,31714,1621,33335,237
2022-01-17,Shasta,089,179085,26300,25025,4710,29735,448
2022-01-17,Sierra,091,2930,256,242,28,270,0
2022-01-17,Siskiyou,093,43540,3880,3764,1934,5698,62
2022-01-17,Solano,095,438530,67098,61497,3949,65446,391
2022-01-17,Sonoma,097,501317,67515,62763,1732,64495,419
2022-01-17,Stanislaus,099,539301,101896,96951,12690,109641,1379
2022-01-17,Sutter,101,95872,17860,17159,896,18055,198
2022-01-17,Tehama,103,63373,10375,9912,2101,12013,142
2022-01-17,Trinity,105,12862,1005,906,250,1156,19
2022-01-17,Tulare,107,460477,87164,81741,21585,103326,1199
2022-01-17,Tuolumne,109,53932,10161,9416,251,9667,91
2022-01-17,Ventura,111,848112,152054,142070,8246,150316,1234
2022-01-17,Yolo,113,214977,30547,28638,2383,31021,270
2022-01-17,Yuba,115,75493,13464,12871,700,13571,101
2022-01-16,Alameda,001,1643700,205618,190691,9527,200218,1564
2022-01-16,Alpine,003,1148,116,118,0,118,0
2022-01-16,Amador,005,37829,6974,6618,226,6844,73
2022-01-16,Butte,007,227075,27620,26139,5222,31361,348
2022-01-16,Calaveras,009,45235,5919,5537,138,5675,94
2022-01-16,Colusa,011,21464,2982,2886,901,3787,21
2022-01-16,Contra Costa,013,1133247,155895,146307,8586,154893,1086
2022-01-16,Del Norte,015,27424,4285,4177,90,4267,43
2022-01-16,El Dorado,017,186661,23066,21303,2524,23827,175
2022-01-16,Fresno,019,978130,184453,174818,16640,191458,2425
2022-01-16,Glenn,021,27897,4228,4049,1303,5352,39
2022-01-16,Humboldt,023,135768,13896,13075,1783,14858,125
2022-01-16,Imperial,025,180216,46320,44035,7625,51660,821
2022-01-16,Inyo,027,18085,3723,3602,143,3745,49
2022-01-16,Kern,029,883053,165484,156655,35890,192545,1944
2022-01-16,Kings,031,150075,41082,38861,2576,41437,392
2022-01-16,Lake,033,64148,8311,7823,496,8319,117
2022-01-16,Lassen,035,31185,7601,7391,616,8007,55
2022-01-16,Los Angeles,037,10098052,2344512,2174403,105420,2279823,27805
2022-01-16,Madera,039,155013,29991,28313,3407,31720,329
2022-01-16,Marin,041,260295,28215,26292,1658,27950,251
2022-01-16,Mariposa,043,17540,1969,1851,87,1938,6
2022-01-16,Mendocino,045,87422,10638,9992,1395,11387,102
2022-01-16,Merced,047,269075,53308,50882,4169,55051,718
2022-01-16,Modoc,049,8938,644,629,218,847,6
2022-01-16,Mono,051,14174,2749,2614,95,2709,4
2022-01-16,Monterey,053,433212,64454,57012,7121,64133,647
2022-01-16,Napa,055,140530,20837,19521,578,20099,109
2022-01-16,Nevada,057,99092,13331,12307,749,13056,111
2022-01-16,Orange,059,3164182,483748,451962,35047,487009,5932
2022-01-16,Placer,061,380077,53074,50076,5973,56049,508
2022-01-16,Plumas,063,18699,2310,2204,138,2342,12
2022-01-16,Riverside,065,2383286,517518,485191,24056,509247,5600
2022-01-16,Sacramento,067,1510023,232460,218819,16106,234925,2491
2022-01-16,San Benito,069,59416,10760,10377,343,10720,88
2022-01-16,San Bernardino,071,2135413,502298,474425,20774,495199,6259
2022-01-16,San Diego,073,3302833,630539,569241,40564,609805,4545
2022-01-16,San Francisco,075,870044,102646,94139,6423,100562,694
2022-01-16,San Joaquin,077,732212,139651,132214,7721,139935,1958
2022-01-16,San Luis Obispo,079,281455,42851,40113,2669,42782,379
2022-01-16,San Mateo,081,765935,99687,85966,4539,90505,585
2022-01-16,Santa Barbara,083,443738,69513,66111,3311,69422,582
2022-01-16,Santa Clara,085,1922200,249938,234293,7971,242264,1984
2022-01-16,Santa Cruz,087,273765,33748,31469,1601,33070,237
2022-01-16,Shasta,089,179085,26054,24980,4642,29622,449
2022-01-16,Sierra,091,2930,253,238,28,266,0
2022-01-16,Siskiyou,093,43540,3853,3748,1894,5642,62
2022-01-16,Solano,095,438530,66412,60885,3817,64702,391
2022-01-16,Sonoma,097,501317,66445,61842,1712,63554,419
2022-01-16,Stanislaus,099,539301,100829,96370,12552,108922,1379
2022-01-16,Sutter,101,95872,17658,16996,874,17870,198
2022-01-16,Tehama,103,63373,10295,9868,2079,11947,142
2022-01-16,Trinity,105,12862,1001,889,248,1137,19
2022-01-16,Tulare,107,460477,85936,80867,21323,102190,1199
2022-01-16,Tuolumne,109,53932,10055,9369,242,9611,91
2022-01-16,Ventura,111,848112,150478,140715,8174,148889,1234
2022-01-16,Yolo,113,214977,30169,28481,2327,30808,270
2022-01-16,Yuba,115,75493,13289,12760,694,13454,101
2022-01-15,Alameda,001,1643700,204270,177768,9476,187244,1561
2022-01-15,Alpine,003,1148,116,117,0,117,0
2022-01-15,Amador,005,37829,6942,6434,212,6646,72
2022-01-15,Butte,007,227075,27467,25032,5171,30203,348
2022-01-15,Calaveras,009,45235,5887,5258,138,5396,93
2022-01-15,Colusa,011,21464,2969,2796,893,3689,21
2022-01-15,Contra Costa,013,1133247,154679,137643,8542,146185,1082
2022-01-15,Del Norte,015,27424,4270,4065,88,4153,43
2022-01-15,El Dorado,017,186661,22966,20434,2507,22941,175
2022-01-15,Fresno,019,978130,183523,167361,16573,183934,2415
2022-01-15,Glenn,021,27897,4221,3906,1296,5202,39
2022-01-15,Humboldt,023,135768,13793,12419,1767,14186,123
2022-01-15,Imperial,025,180216,46182,42508,7513,50021,817
2022-01-15,Inyo,027,18085,3713,3395,143,3538,49
2022-01-15,Kern,029,883053,164644,150085,35499,185584,1938
2022-01-15,Kings,031,150075,40832,37221,2564,39785,391
2022-01-15,Lake,033,64148,8272,7641,483,8124,117
2022-01-15,Lassen,035,31185,7561,7274,610,7884,55
2022-01-15,Los Angeles,037,10098052,2332985,2047927,104472,2152399,27641
2022-01-15,Madera,039,155013,29843,27294,3385,30679,329
2022-01-15,Marin,041,260295,28030,25248,1651,26899,251
2022-01-15,Mariposa,043,17540,1962,1762,87,1849,6
2022-01-15,Mendocino,045,87422,10565,9534,1390,10924,102
2022-01-15,Merced,047,269075,53143,48904,4158,53062,715
2022-01-15,Modoc,049,8938,642,628,218,846,6
2022-01-15,Mono,051,14174,2744,2508,94,2602,4
2022-01-15,Monterey,053,433212,63947,55315,7056,62371,647
2022-01-15,Napa,055,140530,20716,17648,573,18221,109
2022-01-15,Nevada,057,99092,13274,11773,735,12508,111
2022-01-15,Orange,059,3164182,481152,433141,34772,467913,5914
2022-01-15,Placer,061,380077,52791,47780,5939,53719,501
2022-01-15,Plumas,063,18699,2290,2158,133,2291,12
2022-01-15,Riverside,065,2383286,514844,466381,23921,490302,5578
2022-01-15,Sacramento,067,1510023,231344,208156,16004,224160,2491
2022-01-15,San Benito,069,59416,10661,9868,337,10205,87
2022-01-15,San Bernardino,071,2135413,500071,454395,20632,475027,6233
2022-01-15,San Diego,073,3302833,626777,559385,40323,599708,4540
2022-01-15,San Francisco,075,870044,101642,88004,6285,94289,692
2022-01-15,San Joaquin,077,732212,139090,125136,7629,132765,1954
2022-01-15,San Luis Obispo,079,281455,42662,38231,2656,40887,374
2022-01-15,San Mateo,081,765935,98748,80494,4497,84991,582
2022-01-15,Santa Barbara,083,443738,68914,62312,3300,65612,579
2022-01-15,Santa Clara,085,1922200,247714,218986,7853,226839,1974
2022-01-15,Santa Cruz,087,273765,33402,29414,1597,31011,235
2022-01-15,Shasta,089,179085,25966,24482,4610,29092,445
2022-01-15,Sierra,091,2930,252,232,27,259,0
2022-01-15,Siskiyou,093,43540,3841,3661,1883,5544,62
2022-01-15,Solano,095,438530,66132,58061,3766,61827,389
2022-01-15,Sonoma,097,501317,65863,58181,1706,59887,418
2022-01-15,Stanislaus,099,539301,100246,92986,12454,105440,1379
2022-01-15,Sutter,101,95872,17567,16345,864,17209,197
2022-01-15,Tehama,103,63373,10247,9572,2061,11633,141
2022-01-15,Trinity,105,12862,998,872,248,1120,19
2022-01-15,Tulare,107,460477,85510,77769,21208,98977,1192
2022-01-15,Tuolumne,109,53932,9955,9042,237,9279,91
2022-01-15,Ventura,111,848112,149703,134736,8138,142874,1227
2022-01-15,Yolo,113,214977,29996,27311,2307,29618,270
2022-01-15,Yuba,115,75493,13227,12200,690,12890,101
2022-01-14,Alameda,001,1643700,202226,177768,9422,187190,1561
2022-01-14,Alpine,003,1148,116,117,0,117,0
2022-01-14,Amador,005,37829,6867,6434,203,6637,72
2022-01-14,Butte,007,227075,27281,25032,5143,30175,348
2022-01-14,Calaveras,009,45235,5851,5258,137,5395,93
2022-01-14,Colusa,011,21464,2960,2796,883,3679,21
2022-01-14,Contra Costa,013,1133247,153236,137643,8441,146084,1082
2022-01-14,Del Norte,015,27424,4243,4065,87,4152,43
2022-01-14,El Dorado,017,186661,22812,20434,2488,22922,175
2022-01-14,Fresno,019,978130,181874,167361,16502,183863,2415
2022-01-14,Glenn,021,27897,4199,3906,1287,5193,39
2022-01-14,Humboldt,023,135768,13687,12419,1734,14153,123
2022-01-14,Imperial,025,180216,46014,42508,7493,50001,817
2022-01-14,Inyo,027,18085,3688,3395,139,3534,49
2022-01-14,Kern,029,883053,163648,150085,35062,185147,1938
2022-01-14,Kings,031,150075,40583,37221,2555,39776,391
2022-01-14,Lake,033,64148,8215,7641,470,8111,117
2022-01-14,Lassen,035,31185,7531,7274,598,7872,55
2022-01-14,Los Angeles,037,10098052,2313687,2047927,103458,2151385,27641
2022-01-14,Madera,039,155013,29605,27294,3361,30655,329
2022-01-14,Marin,041,260295,27769,25248,1615,26863,251
2022-01-14,Mariposa,043,17540,1947,1762,87,1849,6
2022-01-14,Mendocino,045,87422,10454,9534,1377,10911,102
2022-01-14,Merced,047,269075,52961,48904,4138,53042,715
2022-01-14,Modoc,049,8938,641,628,218,846,6
2022-01-14,Mono,051,14174,2723,2508,92,2600,4
2022-01-14,Monterey,053,433212,63267,55315,6968,62283,647
2022-01-14,Napa,055,140530,20546,17648,567,18215,109
2022-01-14,Nevada,057,99092,13151,11773,721,12494,111
2022-01-14,Orange,059,3164182,477404,433141,34463,467604,5914
2022-01-14,Placer,061,380077,52357,47780,5855,53635,501
2022-01-14,Plumas,063,18699,2282,2158,126,2284,12
2022-01-14,Riverside,065,2383286,511322,466381,23776,490157,5578
2022-01-14,Sacramento,067,1510023,229499,208156,15850,224006,2491
2022-01-14,San Benito,069,59416,10608,9868,336,10204,87
2022-01-14,San Bernardino,071,2135413,497039,454395,20446,474841,6233
2022-01-14,San Diego,073,3302833,621170,559385,40054,599439,4540
2022-01-14,San Francisco,075,870044,100456,88004,6109,94113,692
2022-01-14,San Joaquin,077,732212,138244,125136,7580,132716,1954
2022-01-14,San Luis Obispo,079,281455,42496,38231,2633,40864,374
2022-01-14,San Mateo,081,765935,97563,80494,4468,84962,582
2022-01-14,Santa Barbara,083,443738,68400,62312,3291,65603,579
2022-01-14,Santa Clara,085,1922200,245107,218986,7748,226734,1974
2022-01-14,Santa Cruz,087,273765,33040,29414,1589,31003,235
2022-01-14,Shasta,089,179085,25851,24482,4576,29058,445
2022-01-14,Sierra,091,2930,250,232,25,257,0
2022-01-14,Siskiyou,093,43540,3830,3661,1870,5531,62
2022-01-14,Solano,095,438530,65273,58061,3674,61735,389
2022-01-14,Sonoma,097,501317,65331,58181,1680,59861,418
2022-01-14,Stanislaus,099,539301,99640,92986,12353,105339,1379
2022-01-14,Sutter,101,95872,17439,16345,855,17200,197
2022-01-14,Tehama,103,63373,10197,9572,2050,11622,141
2022-01-14,Trinity,105,12862,993,872,246,1118,19
2022-01-14,Tulare,107,460477,85012,77769,21043,98812,1192
2022-01-14,Tuolumne,109,53932,9832,9042,232,9274,91
2022-01-14,Ventura,111,848112,148600,134736,8080,142816,1227
2022-01-14,Yolo,113,214977,29761,27311,2278,29589,270
2022-01-14,Yuba,115,75493,13125,12200,685,12885,101
2022-01-13,Alameda,001,1643700,197915,177768,9064,186832,1561
2022-01-13,Alpine,003,1148,115,117,0,117,0
2022-01-13,Amador,005,37829,6808,6434,182,6616,72
2022-01-13,Butte,007,227075,26982,25032,5032,30064,348
2022-01-13,Calaveras,009,45235,5760,5258,133,5391,93
2022-01-13,Colusa,011,21464,2929,2796,873,3669,21
2022-01-13,Contra Costa,013,1133247,150699,137643,7982,145625,1082
2022-01-13,Del Norte,015,27424,4208,4065,86,4151,43
2022-01-13,El Dorado,017,186661,22563,20434,2442,22876,175
2022-01-13,Fresno,019,978130,179087,167361,16145,183506,2415
2022-01-13,Glenn,021,27897,4152,3906,1261,5167,39
2022-01-13,Humboldt,023,135768,13534,12419,1672,14091,123
2022-01-13,Imperial,025,180216,45466,42508,7308,49816,817
2022-01-13,Inyo,027,18085,3632,3395,122,3517,49
2022-01-13,Kern,029,883053,162067,150085,34463,184548,1938
2022-01-13,Kings,031,150075,40099,37221,2509,39730,391
2022-01-13,Lake,033,64148,8115,7641,449,8090,117
2022-01-13,Lassen,035,31185,7503,7274,581,7855,55
2022-01-13,Los Angeles,037,10098052,2277275,2047927,101771,2149698,27641
2022-01-13,Madera,039,155013,29141,27294,3268,30562,329
2022-01-13,Marin,041,260295,27425,25248,1571,26819,251
2022-01-13,Mariposa,043,17540,1924,1762,84,1846,6
2022-01-13,Mendocino,045,87422,10363,9534,1308,10842,102
2022-01-13,Merced,047,269075,52303,48904,3872,52776,715
2022-01-13,Modoc,049,8938,638,628,218,846,6
2022-01-13,Mono,051,14174,2700,2508,89,2597,4
2022-01-13,Monterey,053,433212,62362,55315,6683,61998,647
2022-01-13,Napa,055,140530,20249,17648,557,18205,109
2022-01-13,Nevada,057,99092,12962,11773,691,12464,111
2022-01-13,Orange,059,3164182,470942,433141,34015,467156,5914
2022-01-13,Placer,061,380077,51717,47780,5747,53527,501
2022-01-13,Plumas,063,18699,2262,2158,117,2275,12
2022-01-13,Riverside,065,2383286,505043,466381,23444,489825,5578
2022-01-13,Sacramento,067,1510023,226582,208156,15060,223216,2491
2022-01-13,San Benito,069,59416,10506,9868,328,10196,87
2022-01-13,San Bernardino,071,2135413,491471,454395,19991,474386,6233
2022-01-13,San Diego,073,3302833,612676,559385,39207,598592,4540
2022-01-13,San Francisco,075,870044,98706,88004,5909,93913,692
2022-01-13,San Joaquin,077,732212,136160,125136,7469,132605,1954
2022-01-13,San Luis Obispo,079,281455,41891,38231,2528,40759,374
2022-01-13,San Mateo,081,765935,95833,80494,4229,84723,582
2022-01-13,Santa Barbara,083,443738,67406,62312,3104,65416,579
2022-01-13,Santa Clara,085,1922200,240799,218986,7414,226400,1974
2022-01-13,Santa Cruz,087,273765,32261,29414,1569,30983,235
2022-01-13,Shasta,089,179085,25642,24482,4502,28984,445
2022-01-13,Sierra,091,2930,249,232,25,257,0
2022-01-13,Siskiyou,093,43540,3808,3661,1829,5490,62
2022-01-13,Solano,095,438530,64134,58061,3562,61623,389
2022-01-13,Sonoma,097,501317,64265,58181,1624,59805,418
2022-01-13,Stanislaus,099,539301,98525,92986,12093,105079,1379
2022-01-13,Sutter,101,95872,17239,16345,797,17142,197
2022-01-13,Tehama,103,63373,10099,9572,2005,11577,141
2022-01-13,Trinity,105,12862,985,872,246,1118,19
2022-01-13,Tulare,107,460477,83830,77769,20741,98510,1192
2022-01-13,Tuolumne,109,53932,9691,9042,214,9256,91
2022-01-13,Ventura,111,848112,146814,134736,7997,142733,1227
2022-01-13,Yolo,113,214977,29361,27311,2234,29545,270
2022-01-13,Yuba,115,75493,12988,12200,657,12857,101
2022-01-12,Alameda,001,1643700,193297,173001,8597,181598,1563
2022-01-12,Alpine,003,1148,115,117,0,117,0
2022-01-12,Amador,005,37829,6760,6354,168,6522,71
2022-01-12,Butte,007,227075,26655,24631,4942,29573,348
2022-01-12,Calaveras,009,45235,5681,5151,127,5278,93
2022-01-12,Colusa,011,21464,2889,2772,860,3632,21
2022-01-12,Contra Costa,013,1133247,148150,134579,7616,142195,1077
2022-01-12,Del Norte,015,27424,4181,4019,84,4103,43
2022-01-12,El Dorado,017,186661,22240,20092,2402,22494,175
2022-01-12,Fresno,019,978130,176358,165316,15761,181077,2413
2022-01-12,Glenn,021,27897,4100,3859,1239,5098,39
2022-01-12,Humboldt,023,135768,13362,12081,1591,13672,122
2022-01-12,Imperial,025,180216,44820,41985,6985,48970,814
2022-01-12,Inyo,027,18085,3586,3334,106,3440,49
2022-01-12,Kern,029,883053,159940,148435,33728,182163,1933
2022-01-12,Kings,031,150075,39464,36780,2467,39247,391
2022-01-12,Lake,033,64148,8000,7535,405,7940,117
2022-01-12,Lassen,035,31185,7460,7223,553,7776,55
2022-01-12,Los Angeles,037,10098052,2237640,2005065,99581,2104646,27601
2022-01-12,Madera,039,155013,28823,26952,3179,30131,329
2022-01-12,Marin,041,260295,26939,24704,1520,26224,251
2022-01-12,Mariposa,043,17540,1895,1725,82,1807,6
2022-01-12,Mendocino,045,87422,10198,9379,1209,10588,103
2022-01-12,Merced,047,269075,51602,48441,3596,52037,710
2022-01-12,Modoc,049,8938,636,627,218,845,6
2022-01-12,Mono,051,14174,2664,2466,85,2551,4
2022-01-12,Monterey,053,433212,61402,54524,6321,60845,647
2022-01-12,Napa,055,140530,19991,17347,534,17881,109
2022-01-12,Nevada,057,99092,12745,11552,642,12194,111
2022-01-12,Orange,059,3164182,464159,425737,33414,459151,5912
2022-01-12,Placer,061,380077,51059,47004,5634,52638,501
2022-01-12,Plumas,063,18699,2234,2135,106,2241,12
2022-01-12,Riverside,065,2383286,497837,458881,23099,481980,5565
2022-01-12,Sacramento,067,1510023,223196,204696,14182,218878,2479
2022-01-12,San Benito,069,59416,10375,9737,316,10053,87
2022-01-12,San Bernardino,071,2135413,485367,447869,19384,467253,6222
2022-01-12,San Diego,073,3302833,602234,551669,38362,590031,4529
2022-01-12,San Francisco,075,870044,96842,85700,5792,91492,691
2022-01-12,San Joaquin,077,732212,133863,122850,7350,130200,1948
2022-01-12,San Luis Obispo,079,281455,41160,37727,2445,40172,373
2022-01-12,San Mateo,081,765935,93854,78476,3851,82327,582
2022-01-12,Santa Barbara,083,443738,66262,60815,3001,63816,578
2022-01-12,Santa Clara,085,1922200,236261,213177,7032,220209,1971
2022-01-12,Santa Cruz,087,273765,31611,28463,1525,29988,235
2022-01-12,Shasta,089,179085,25426,24324,4436,28760,446
2022-01-12,Sierra,091,2930,248,228,25,253,0
2022-01-12,Siskiyou,093,43540,3781,3639,1782,5421,62
2022-01-12,Solano,095,438530,63079,57052,3438,60490,386
2022-01-12,Sonoma,097,501317,62985,56394,1546,57940,417
2022-01-12,Stanislaus,099,539301,97289,91738,11778,103516,1373
2022-01-12,Sutter,101,95872,17041,16135,766,16901,197
2022-01-12,Tehama,103,63373,10012,9475,1945,11420,141
2022-01-12,Trinity,105,12862,982,868,245,1113,19
2022-01-12,Tulare,107,460477,82797,76943,20353,97296,1192
2022-01-12,Tuolumne,109,53932,9560,8870,196,9066,91
2022-01-12,Ventura,111,848112,144904,132180,7918,140098,1220
2022-01-12,Yolo,113,214977,28964,26888,2156,29044,270
2022-01-12,Yuba,115,75493,12830,12015,630,12645,101
2022-01-11,Alameda,001,1643700,188790,169181,8198,177379,1561
2022-01-11,Alpine,003,1148,115,116,0,116,0
2022-01-11,Amador,005,37829,6676,6317,153,6470,71
2022-01-11,Butte,007,227075,26262,24479,4852,29331,347
2022-01-11,Calaveras,009,45235,5551,5083,113,5196,93
2022-01-11,Colusa,011,21464,2866,2766,846,3612,21
2022-01-11,Contra Costa,013,1133247,145186,132410,7130,139540,1077
2022-01-11,Del Norte,015,27424,4146,4006,82,4088,43
2022-01-11,El Dorado,017,186661,21892,19842,2330,22172,174
2022-01-11,Fresno,019,978130,173316,163509,15457,178966,2404
2022-01-11,Glenn,021,27897,4038,3844,1193,5037,39
2022-01-11,Humboldt,023,135768,13138,11960,1499,13459,122
2022-01-11,Imperial,025,180216,44205,41444,6794,48238,813
2022-01-11,Inyo,027,18085,3488,3278,99,3377,49
2022-01-11,Kern,029,883053,157697,146942,32896,179838,1929
2022-01-11,Kings,031,150075,38876,36524,2437,38961,389
2022-01-11,Lake,033,64148,7923,7494,389,7883,117
2022-01-11,Lassen,035,31185,7411,7210,538,7748,55
2022-01-11,Los Angeles,037,10098052,2195223,1966319,97384,2063703,27563
2022-01-11,Madera,039,155013,28407,26688,3103,29791,329
2022-01-11,Marin,041,260295,26587,24387,1475,25862,251
2022-01-11,Mariposa,043,17540,1873,1718,79,1797,6
2022-01-11,Mendocino,045,87422,10036,9301,1111,10412,102
2022-01-11,Merced,047,269075,50838,48068,3414,51482,708
2022-01-11,Modoc,049,8938,635,626,217,843,6
2022-01-11,Mono,051,14174,2621,2425,84,2509,4
2022-01-11,Monterey,053,433212,60364,53911,5972,59883,646
2022-01-11,Napa,055,140530,19550,17020,485,17505,109
2022-01-11,Nevada,057,99092,12517,11467,608,12075,110
2022-01-11,Orange,059,3164182,456488,417703,32776,450479,5909
2022-01-11,Placer,061,380077,50307,46459,5490,51949,500
2022-01-11,Plumas,063,18699,2211,2099,100,2199,12
2022-01-11,Riverside,065,2383286,490125,453766,22776,476542,5551
2022-01-11,Sacramento,067,1510023,219231,201058,13143,214201,2489
2022-01-11,San Benito,069,59416,10235,9624,304,9928,83
2022-01-11,San Bernardino,071,2135413,477905,442960,18790,461750,6198
2022-01-11,San Diego,073,3302833,590230,536954,37311,574265,4520
2022-01-11,San Francisco,075,870044,94617,83678,5628,89306,691
2022-01-11,San Joaquin,077,732212,131483,121139,7220,128359,1944
2022-01-11,San Luis Obispo,079,281455,40381,37183,2326,39509,372
2022-01-11,San Mateo,081,765935,91627,76756,3628,80384,582
2022-01-11,Santa Barbara,083,443738,64960,59758,2863,62621,578
2022-01-11,Santa Clara,085,1922200,230818,208425,6574,214999,1971
2022-01-11,Santa Cruz,087,273765,31106,27709,1480,29189,232
2022-01-11,Shasta,089,179085,25172,24132,4341,28473,446
2022-01-11,Sierra,091,2930,246,228,25,253,0
2022-01-11,Siskiyou,093,43540,3756,3621,1731,5352,62
2022-01-11,Solano,095,438530,61654,56349,3281,59630,388
2022-01-11,Sonoma,097,501317,61464,55411,1467,56878,416
2022-01-11,Stanislaus,099,539301,95926,90998,11437,102435,1372
2022-01-11,Sutter,101,95872,16840,15993,712,16705,197
2022-01-11,Tehama,103,63373,9880,9406,1897,11303,140
2022-01-11,Trinity,105,12862,970,858,243,1101,19
2022-01-11,Tulare,107,460477,81583,76267,19944,96211,1188
2022-01-11,Tuolumne,109,53932,9402,8811,189,9000,91
2022-01-11,Ventura,111,848112,142672,129548,7785,137333,1220
2022-01-11,Yolo,113,214977,28415,26482,2094,28576,270
2022-01-11,Yuba,115,75493,12656,11912,609,12521,101
2022-01-10,Alameda,001,1643700,183681,165657,7671,173328,1559
2022-01-10,Alpine,003,1148,115,116,0,116,0
2022-01-10,Amador,005,37829,6572,6279,136,6415,71
2022-01-10,Butte,007,227075,25921,24217,4760,28977,347
2022-01-10,Calaveras,009,45235,5451,5025,107,5132,93
2022-01-10,Colusa,011,21464,2838,2758,836,3594,21
2022-01-10,Contra Costa,013,1133247,142453,129951,6618,136569,1077
2022-01-10,Del Norte,015,27424,4123,3970,82,4052,43
2022-01-10,El Dorado,017,186661,21327,19606,2273,21879,172
2022-01-10,Fresno,019,978130,170264,161593,15095,176688,2404
2022-01-10,Glenn,021,27897,3979,3807,1179,4986,39
2022-01-10,Humboldt,023,135768,12893,11778,1367,13145,121
2022-01-10,Imperial,025,180216,43487,41080,6568,47648,811
2022-01-10,Inyo,027,18085,3434,3227,87,3314,49
2022-01-10,Kern,029,883053,155125,145744,32141,177885,1929
2022-01-10,Kings,031,150075,38245,36286,2401,38687,389
2022-01-10,Lake,033,64148,7834,7416,365,7781,117
2022-01-10,Lassen,035,31185,7374,7192,516,7708,55
2022-01-10,Los Angeles,037,10098052,2149690,1932475,95032,2027507,27546
2022-01-10,Madera,039,155013,27954,26501,3004,29505,328
2022-01-10,Marin,041,260295,26100,24023,1401,25424,251
2022-01-10,Mariposa,043,17540,1833,1684,73,1757,6
2022-01-10,Mendocino,045,87422,9863,9163,1023,10186,101
2022-01-10,Merced,047,269075,50039,47632,3128,50760,707
2022-01-10,Modoc,049,8938,634,622,215,837,6
2022-01-10,Mono,051,14174,2555,2415,79,2494,4
2022-01-10,Monterey,053,433212,59412,53485,5653,59138,645
2022-01-10,Napa,055,140530,19172,16775,470,17245,109
2022-01-10,Nevada,057,99092,12292,11300,570,11870,110
2022-01-10,Orange,059,3164182,447790,406170,31931,438101,5906
2022-01-10,Placer,061,380077,49450,45642,5329,50971,498
2022-01-10,Plumas,063,18699,2190,2086,98,2184,12
2022-01-10,Riverside,065,2383286,481877,445536,22321,467857,5546
2022-01-10,Sacramento,067,1510023,214980,198023,12103,210126,2474
2022-01-10,San Benito,069,59416,10063,9467,294,9761,83
2022-01-10,San Bernardino,071,2135413,469924,437207,18080,455287,6184
2022-01-10,San Diego,073,3302833,577577,530506,36197,566703,4500
2022-01-10,San Francisco,075,870044,92808,82209,5365,87574,690
2022-01-10,San Joaquin,077,732212,128803,119587,7022,126609,1927
2022-01-10,San Luis Obispo,079,281455,39561,36618,2228,38846,371
2022-01-10,San Mateo,081,765935,88982,75210,3372,78582,582
2022-01-10,Santa Barbara,083,443738,63699,58957,2671,61628,578
2022-01-10,Santa Clara,085,1922200,224961,203540,6093,209633,1971
2022-01-10,Santa Cruz,087,273765,30265,26906,1445,28351,232
2022-01-10,Shasta,089,179085,24973,23983,4264,28247,446
2022-01-10,Sierra,091,2930,243,223,25,248,0
2022-01-10,Siskiyou,093,43540,3723,3592,1687,5279,62
2022-01-10,Solano,095,438530,60600,55663,3071,58734,385
2022-01-10,Sonoma,097,501317,59924,54478,1426,55904,412
2022-01-10,Stanislaus,099,539301,94590,89997,11128,101125,1372
2022-01-10,Sutter,101,95872,16596,15823,666,16489,196
2022-01-10,Tehama,103,63373,9769,9360,1843,11203,140
2022-01-10,Trinity,105,12862,966,849,241,1090,19
2022-01-10,Tulare,107,460477,80183,75498,19541,95039,1186
2022-01-10,Tuolumne,109,53932,9277,8685,177,8862,91
2022-01-10,Ventura,111,848112,140070,126240,7645,133885,1217
2022-01-10,Yolo,113,214977,27862,26065,2041,28106,270
2022-01-10,Yuba,115,75493,12406,11776,574,12350,101
2022-01-09,Alameda,001,1643700,179195,162701,6992,169693,1561
2022-01-09,Alpine,003,1148,115,116,0,116,0
2022-01-09,Amador,005,37829,6485,6215,124,6339,71
2022-01-09,Butte,007,227075,25532,24018,4645,28663,347
2022-01-09,Calaveras,009,45235,5320,4976,98,5074,93
2022-01-09,Colusa,011,21464,2811,2750,814,3564,21
2022-01-09,Contra Costa,013,1133247,139612,128050,5964,134014,1077
2022-01-09,Del Norte,015,27424,4083,3950,78,4028,43
2022-01-09,El Dorado,017,186661,20966,19430,2207,21637,172
2022-01-09,Fresno,019,978130,167677,159989,14763,174752,2405
2022-01-09,Glenn,021,27897,3924,3797,1158,4955,39
2022-01-09,Humboldt,023,135768,12647,11582,1244,12826,121
2022-01-09,Imperial,025,180216,42645,40608,6298,46906,811
2022-01-09,Inyo,027,18085,3332,3149,78,3227,49
2022-01-09,Kern,029,883053,152666,144819,31390,176209,1927
2022-01-09,Kings,031,150075,37562,36041,2362,38403,389
2022-01-09,Lake,033,64148,7723,7393,321,7714,117
2022-01-09,Lassen,035,31185,7310,7172,487,7659,55
2022-01-09,Los Angeles,037,10098052,2101672,1887830,92120,1979950,27532
2022-01-09,Madera,039,155013,27570,26325,2904,29229,328
2022-01-09,Marin,041,260295,25648,23708,1309,25017,251
2022-01-09,Mariposa,043,17540,1783,1660,72,1732,6
2022-01-09,Mendocino,045,87422,9653,9097,912,10009,101
2022-01-09,Merced,047,269075,49172,47294,2857,50151,706
2022-01-09,Modoc,049,8938,632,619,215,834,6
2022-01-09,Mono,051,14174,2520,2390,72,2462,4
2022-01-09,Monterey,053,433212,58361,53251,5379,58630,645
2022-01-09,Napa,055,140530,18677,16614,454,17068,109
2022-01-09,Nevada,057,99092,12028,11152,508,11660,110
2022-01-09,Orange,059,3164182,437798,400563,30995,431558,5905
2022-01-09,Placer,061,380077,48467,45081,5182,50263,498
2022-01-09,Plumas,063,18699,2156,2081,77,2158,12
2022-01-09,Riverside,065,2383286,472903,440413,21775,462188,5546
2022-01-09,Sacramento,067,1510023,210371,195444,10978,206422,2475
2022-01-09,San Benito,069,59416,9877,9363,266,9629,83
2022-01-09,San Bernardino,071,2135413,462065,430257,17274,447531,6180
2022-01-09,San Diego,073,3302833,564421,478206,34368,512574,4500
2022-01-09,San Francisco,075,870044,90934,80463,5113,85576,690
2022-01-09,San Joaquin,077,732212,125715,118422,6877,125299,1927
2022-01-09,San Luis Obispo,079,281455,38749,36291,2120,38411,371
2022-01-09,San Mateo,081,765935,86485,73867,3041,76908,582
2022-01-09,Santa Barbara,083,443738,62021,58280,2409,60689,578
2022-01-09,Santa Clara,085,1922200,218852,199889,5549,205438,1976
2022-01-09,Santa Cruz,087,273765,29515,26513,1413,27926,232
2022-01-09,Shasta,089,179085,24739,23926,4176,28102,446
2022-01-09,Sierra,091,2930,240,223,24,247,0
2022-01-09,Siskiyou,093,43540,3695,3580,1626,5206,62
2022-01-09,Solano,095,438530,59437,54985,2787,57772,384
2022-01-09,Sonoma,097,501317,58251,53543,1393,54936,412
2022-01-09,Stanislaus,099,539301,93217,89248,10876,100124,1372
2022-01-09,Sutter,101,95872,16311,15695,591,16286,196
2022-01-09,Tehama,103,63373,9647,9306,1789,11095,140
2022-01-09,Trinity,105,12862,962,848,239,1087,19
2022-01-09,Tulare,107,460477,78852,75085,19170,94255,1186
2022-01-09,Tuolumne,109,53932,9122,8595,158,8753,91
2022-01-09,Ventura,111,848112,137012,124269,7417,131686,1217
2022-01-09,Yolo,113,214977,27273,25632,1997,27629,270
2022-01-09,Yuba,115,75493,12209,11666,544,12210,101
2022-01-08,Alameda,001,1643700,177302,148560,6846,155406,1558
2022-01-08,Alpine,003,1148,115,114,0,114,0
2022-01-08,Amador,005,37829,6452,6091,119,6210,71
2022-01-08,Butte,007,227075,25353,23429,4607,28036,347
2022-01-08,Calaveras,009,45235,5274,4823,94,4917,93
2022-01-08,Colusa,011,21464,2802,2713,811,3524,21
2022-01-08,Contra Costa,013,1133247,138118,119907,5887,125794,1077
2022-01-08,Del Norte,015,27424,4066,3902,78,3980,43
2022-01-08,El Dorado,017,186661,20785,18599,2173,20772,172
2022-01-08,Fresno,019,978130,166790,155394,14675,170069,2393
2022-01-08,Glenn,021,27897,3916,3732,1154,4886,39
2022-01-08,Humboldt,023,135768,12528,11149,1218,12367,121
2022-01-08,Imperial,025,180216,42459,39429,6152,45581,800
2022-01-08,Inyo,027,18085,3318,3020,75,3095,49
2022-01-08,Kern,029,883053,151529,140410,30955,171365,1921
2022-01-08,Kings,031,150075,37324,35275,2344,37619,390
2022-01-08,Lake,033,64148,7683,7209,313,7522,117
2022-01-08,Lassen,035,31185,7284,7127,471,7598,55
2022-01-08,Los Angeles,037,10098052,2083335,1765787,90381,1856168,27476
2022-01-08,Madera,039,155013,27402,25767,2867,28634,328
2022-01-08,Marin,041,260295,25362,22377,1298,23675,251
2022-01-08,Mariposa,043,17540,1773,1588,72,1660,6
2022-01-08,Mendocino,045,87422,9579,8792,910,9702,101
2022-01-08,Merced,047,269075,49001,46094,2835,48929,703
2022-01-08,Modoc,049,8938,632,610,215,825,6
2022-01-08,Mono,051,14174,2509,2240,67,2307,4
2022-01-08,Monterey,053,433212,57981,51721,5285,57006,644
2022-01-08,Napa,055,140530,18523,15819,428,16247,109
2022-01-08,Nevada,057,99092,11945,10765,495,11260,110
2022-01-08,Orange,059,3164182,434000,375124,30157,405281,5903
2022-01-08,Placer,061,380077,48028,43172,5140,48312,495
2022-01-08,Plumas,063,18699,2147,2053,72,2125,12
2022-01-08,Riverside,065,2383286,469388,422591,21502,444093,5535
2022-01-08,Sacramento,067,1510023,208985,185118,10821,195939,2470
2022-01-08,San Benito,069,59416,9713,9016,263,9279,83
2022-01-08,San Bernardino,071,2135413,458835,411724,16885,428609,6122
2022-01-08,San Diego,073,3302833,559555,472273,33861,506134,4495
2022-01-08,San Francisco,075,870044,89723,73660,4828,78488,690
2022-01-08,San Joaquin,077,732212,124746,112514,6780,119294,1916
2022-01-08,San Luis Obispo,079,281455,38545,34489,2077,36566,369
2022-01-08,San Mateo,081,765935,85142,67918,2954,70872,582
2022-01-08,Santa Barbara,083,443738,61330,54617,2373,56990,575
2022-01-08,Santa Clara,085,1922200,215790,183842,5341,189183,1966
2022-01-08,Santa Cruz,087,273765,29087,24678,1402,26080,230
2022-01-08,Shasta,089,179085,24652,23585,4144,27729,445
2022-01-08,Sierra,091,2930,236,215,23,238,0
2022-01-08,Siskiyou,093,43540,3683,3545,1612,5157,62
2022-01-08,Solano,095,438530,59028,52452,2718,55170,383
2022-01-08,Sonoma,097,501317,57734,50130,1359,51489,411
2022-01-08,Stanislaus,099,539301,92577,87049,10768,97817,1372
2022-01-08,Sutter,101,95872,16194,15261,579,15840,195
2022-01-08,Tehama,103,63373,9616,9109,1783,10892,140
2022-01-08,Trinity,105,12862,956,836,239,1075,19
2022-01-08,Tulare,107,460477,78469,73600,19034,92634,1185
2022-01-08,Tuolumne,109,53932,9015,8360,155,8515,91
2022-01-08,Ventura,111,848112,135844,117229,7289,124518,1216
2022-01-08,Yolo,113,214977,26984,24006,1970,25976,270
2022-01-08,Yuba,115,75493,12122,11277,541,11818,101
2022-01-07,Alameda,001,1643700,174612,148560,6735,155295,1558
2022-01-07,Alpine,003,1148,115,114,0,114,0
2022-01-07,Amador,005,37829,6403,6091,117,6208,71
2022-01-07,Butte,007,227075,25149,23429,4575,28004,347
2022-01-07,Calaveras,009,45235,5237,4823,94,4917,93
2022-01-07,Colusa,011,21464,2793,2713,800,3513,21
2022-01-07,Contra Costa,013,1133247,136254,119907,5764,125671,1077
2022-01-07,Del Norte,015,27424,4050,3902,77,3979,43
2022-01-07,El Dorado,017,186661,20624,18599,2159,20758,172
2022-01-07,Fresno,019,978130,165429,155394,14590,169984,2393
2022-01-07,Glenn,021,27897,3896,3732,1151,4883,39
2022-01-07,Humboldt,023,135768,12384,11149,1190,12339,121
2022-01-07,Imperial,025,180216,42298,39429,6067,45496,800
2022-01-07,Inyo,027,18085,3299,3020,73,3093,49
2022-01-07,Kern,029,883053,150555,140410,30509,170919,1921
2022-01-07,Kings,031,150075,37144,35275,2330,37605,390
2022-01-07,Lake,033,64148,7636,7209,287,7496,117
2022-01-07,Lassen,035,31185,7270,7127,468,7595,55
2022-01-07,Los Angeles,037,10098052,2052176,1765787,88927,1854714,27476
2022-01-07,Madera,039,155013,27221,25767,2833,28600,328
2022-01-07,Marin,041,260295,24981,22377,1280,23657,251
2022-01-07,Mariposa,043,17540,1757,1588,72,1660,6
2022-01-07,Mendocino,045,87422,9486,8792,909,9701,101
2022-01-07,Merced,047,269075,48834,46094,2810,48904,703
2022-01-07,Modoc,049,8938,631,610,215,825,6
2022-01-07,Mono,051,14174,2471,2240,61,2301,4
2022-01-07,Monterey,053,433212,57567,51721,5196,56917,644
2022-01-07,Napa,055,140530,18296,15819,407,16226,109
2022-01-07,Nevada,057,99092,11817,10765,474,11239,110
2022-01-07,Orange,059,3164182,429184,375124,29550,404674,5903
2022-01-07,Placer,061,380077,47523,43172,5092,48264,495
2022-01-07,Plumas,063,18699,2138,2053,71,2124,12
2022-01-07,Riverside,065,2383286,465572,422591,21270,443861,5535
2022-01-07,Sacramento,067,1510023,206826,185118,10661,195779,2470
2022-01-07,San Benito,069,59416,9667,9016,262,9278,83
2022-01-07,San Bernardino,071,2135413,455057,411724,16662,428386,6122
2022-01-07,San Diego,073,3302833,552436,472273,33324,505597,4495
2022-01-07,San Francisco,075,870044,88272,73660,4566,78226,690
2022-01-07,San Joaquin,077,732212,123805,112514,6722,119236,1916
2022-01-07,San Luis Obispo,079,281455,38328,34489,2022,36511,369
2022-01-07,San Mateo,081,765935,83717,67918,2894,70812,582
2022-01-07,Santa Barbara,083,443738,60633,54617,2351,56968,575
2022-01-07,Santa Clara,085,1922200,212527,183842,5230,189072,1966
2022-01-07,Santa Cruz,087,273765,28608,24678,1389,26067,230
2022-01-07,Shasta,089,179085,24558,23585,4110,27695,445
2022-01-07,Sierra,091,2930,233,215,23,238,0
2022-01-07,Siskiyou,093,43540,3673,3545,1600,5145,62
2022-01-07,Solano,095,438530,58313,52452,2677,55129,383
2022-01-07,Sonoma,097,501317,57133,50130,1271,51401,411
2022-01-07,Stanislaus,099,539301,92053,87049,10681,97730,1372
2022-01-07,Sutter,101,95872,16046,15261,570,15831,195
2022-01-07,Tehama,103,63373,9579,9109,1771,10880,140
2022-01-07,Trinity,105,12862,949,836,238,1074,19
2022-01-07,Tulare,107,460477,78054,73600,18890,92490,1185
2022-01-07,Tuolumne,109,53932,8927,8360,151,8511,91
2022-01-07,Ventura,111,848112,134221,117229,7161,124390,1216
2022-01-07,Yolo,113,214977,26624,24006,1951,25957,270
2022-01-07,Yuba,115,75493,12018,11277,536,11813,101
2022-01-06,Alameda,001,1643700,169260,148560,6321,154881,1558
2022-01-06,Alpine,003,1148,114,114,0,114,0
2022-01-06,Amador,005,37829,6352,6091,111,6202,71
2022-01-06,Butte,007,227075,24859,23429,4488,27917,347
2022-01-06,Calaveras,009,45235,5116,4823,92,4915,93
2022-01-06,Colusa,011,21464,2771,2713,791,3504,21
2022-01-06,Contra Costa,013,1133247,133401,119907,5350,125257,1077
2022-01-06,Del Norte,015,27424,4015,3902,75,3977,43
2022-01-06,El Dorado,017,186661,20290,18599,2118,20717,172
2022-01-06,Fresno,019,978130,163307,155394,14350,169744,2393
2022-01-06,Glenn,021,27897,3869,3732,1123,4855,39
2022-01-06,Humboldt,023,135768,12156,11149,1151,12300,121
2022-01-06,Imperial,025,180216,41714,39429,5860,45289,800
2022-01-06,Inyo,027,18085,3261,3020,73,3093,49
2022-01-06,Kern,029,883053,148889,140410,29831,170241,1921
2022-01-06,Kings,031,150075,36806,35275,2304,37579,390
2022-01-06,Lake,033,64148,7562,7209,275,7484,117
2022-01-06,Lassen,035,31185,7248,7127,462,7589,55
2022-01-06,Los Angeles,037,10098052,1998081,1765787,86596,1852383,27476
2022-01-06,Madera,039,155013,26913,25767,2777,28544,328
2022-01-06,Marin,041,260295,24575,22377,1247,23624,251
2022-01-06,Mariposa,043,17540,1738,1588,70,1658,6
2022-01-06,Mendocino,045,87422,9392,8792,868,9660,101
2022-01-06,Merced,047,269075,48284,46094,2674,48768,703
2022-01-06,Modoc,049,8938,630,610,215,825,6
2022-01-06,Mono,051,14174,2448,2240,58,2298,4
2022-01-06,Monterey,053,433212,56854,51721,4942,56663,644
2022-01-06,Napa,055,140530,17898,15819,398,16217,109
2022-01-06,Nevada,057,99092,11619,10765,462,11227,110
2022-01-06,Orange,059,3164182,419745,375124,28813,403937,5903
2022-01-06,Placer,061,380077,46768,43172,5010,48182,495
2022-01-06,Plumas,063,18699,2124,2053,64,2117,12
2022-01-06,Riverside,065,2383286,458101,422591,20973,443564,5535
2022-01-06,Sacramento,067,1510023,202935,185118,9904,195022,2470
2022-01-06,San Benito,069,59416,9567,9016,255,9271,83
2022-01-06,San Bernardino,071,2135413,447901,411724,16191,427915,6122
2022-01-06,San Diego,073,3302833,540779,472273,32345,504618,4495
2022-01-06,San Francisco,075,870044,85918,73660,4311,77971,690
2022-01-06,San Joaquin,077,732212,121652,112514,6642,119156,1916
2022-01-06,San Luis Obispo,079,281455,37626,34489,1950,36439,369
2022-01-06,San Mateo,081,765935,81382,67918,2713,70631,582
2022-01-06,Santa Barbara,083,443738,59471,54617,2290,56907,575
2022-01-06,Santa Clara,085,1922200,207591,183842,4842,188684,1966
2022-01-06,Santa Cruz,087,273765,28049,24678,1366,26044,230
2022-01-06,Shasta,089,179085,24414,23585,4060,27645,445
2022-01-06,Sierra,091,2930,229,215,23,238,0
2022-01-06,Siskiyou,093,43540,3657,3545,1554,5099,62
2022-01-06,Solano,095,438530,57300,52452,2502,54954,383
2022-01-06,Sonoma,097,501317,55754,50130,1244,51374,411
2022-01-06,Stanislaus,099,539301,90901,87049,10517,97566,1372
2022-01-06,Sutter,101,95872,15869,15261,549,15810,195
2022-01-06,Tehama,103,63373,9504,9109,1744,10853,140
2022-01-06,Trinity,105,12862,942,836,237,1073,19
2022-01-06,Tulare,107,460477,77377,73600,18713,92313,1185
2022-01-06,Tuolumne,109,53932,8818,8360,145,8505,91
2022-01-06,Ventura,111,848112,131528,117229,7007,124236,1216
2022-01-06,Yolo,113,214977,26096,24006,1907,25913,270
2022-01-06,Yuba,115,75493,11883,11277,519,11796,101
2022-01-05,Alameda,001,1643700,164118,144824,5888,150712,1548
2022-01-05,Alpine,003,1148,114,112,0,112,0
2022-01-05,Amador,005,37829,6308,6012,108,6120,70
2022-01-05,Butte,007,227075,24553,23134,4430,27564,343
2022-01-05,Calaveras,009,45235,5060,4758,90,4848,90
2022-01-05,Colusa,011,21464,2757,2704,780,3484,21
2022-01-05,Contra Costa,013,1133247,130400,117188,4904,122092,1071
2022-01-05,Del Norte,015,27424,3994,3862,73,3935,43
2022-01-05,El Dorado,017,186661,19904,18367,2088,20455,171
2022-01-05,Fresno,019,978130,161293,153033,14116,167149,2377
2022-01-05,Glenn,021,27897,3821,3700,1113,4813,39
2022-01-05,Humboldt,023,135768,11950,10938,1102,12040,120
2022-01-05,Imperial,025,180216,41086,38789,5703,44492,800
2022-01-05,Inyo,027,18085,3178,2939,69,3008,49
2022-01-05,Kern,029,883053,147113,138186,29253,167439,1913
2022-01-05,Kings,031,150075,36464,34893,2285,37178,387
2022-01-05,Lake,033,64148,7481,7129,259,7388,117
2022-01-05,Lassen,035,31185,7229,7077,454,7531,55
2022-01-05,Los Angeles,037,10098052,1941894,1729640,84342,1813982,27443
2022-01-05,Madera,039,155013,26672,25392,2687,28079,327
2022-01-05,Marin,041,260295,24236,21829,1196,23025,251
2022-01-05,Mariposa,043,17540,1712,1564,69,1633,6
2022-01-05,Mendocino,045,87422,9261,8625,833,9458,101
2022-01-05,Merced,047,269075,47709,45721,2542,48263,700
2022-01-05,Modoc,049,8938,627,603,215,818,6
2022-01-05,Mono,051,14174,2428,2201,54,2255,4
2022-01-05,Monterey,053,433212,56041,51241,4745,55986,639
2022-01-05,Napa,055,140530,17535,15494,366,15860,108
2022-01-05,Nevada,057,99092,11418,10624,445,11069,110
2022-01-05,Orange,059,3164182,409706,366139,27756,393895,5869
2022-01-05,Placer,061,380077,45887,42456,4914,47370,492
2022-01-05,Plumas,063,18699,2108,2020,62,2082,12
2022-01-05,Riverside,065,2383286,450645,415253,20619,435872,5502
2022-01-05,Sacramento,067,1510023,198358,181488,8944,190432,2455
2022-01-05,San Benito,069,59416,9373,8829,243,9072,83
2022-01-05,San Bernardino,071,2135413,439794,405323,15654,420977,6085
2022-01-05,San Diego,073,3302833,527193,466602,31405,498007,4495
2022-01-05,San Francisco,075,870044,83336,71405,4172,75577,686
2022-01-05,San Joaquin,077,732212,119122,110497,6564,117061,1903
2022-01-05,San Luis Obispo,079,281455,36829,34066,1873,35939,369
2022-01-05,San Mateo,081,765935,79293,66018,2515,68533,578
2022-01-05,Santa Barbara,083,443738,58168,53082,2210,55292,570
2022-01-05,Santa Clara,085,1922200,201775,178629,4428,183057,1961
2022-01-05,Santa Cruz,087,273765,27297,24394,1345,25739,229
2022-01-05,Shasta,089,179085,24255,23361,4031,27392,441
2022-01-05,Sierra,091,2930,226,210,22,232,0
2022-01-05,Siskiyou,093,43540,3647,3513,1525,5038,60
2022-01-05,Solano,095,438530,56264,51505,2366,53871,380
2022-01-05,Sonoma,097,501317,54487,49120,1085,50205,412
2022-01-05,Stanislaus,099,539301,89912,86248,10366,96614,1360
2022-01-05,Sutter,101,95872,15666,15117,510,15627,193
2022-01-05,Tehama,103,63373,9410,9011,1713,10724,140
2022-01-05,Trinity,105,12862,939,822,235,1057,19
2022-01-05,Tulare,107,460477,76641,72718,18537,91255,1173
2022-01-05,Tuolumne,109,53932,8725,8223,138,8361,90
2022-01-05,Ventura,111,848112,128777,114752,6802,121554,1211
2022-01-05,Yolo,113,214977,25517,23401,1867,25268,269
2022-01-05,Yuba,115,75493,11700,11138,494,11632,100
2022-01-04,Alameda,001,1643700,158557,143360,5477,148837,1532
2022-01-04,Alpine,003,1148,114,113,0,113,0
2022-01-04,Amador,005,37829,6241,6025,103,6128,71
2022-01-04,Butte,007,227075,24254,23094,4363,27457,346
2022-01-04,Calaveras,009,45235,4983,4767,87,4854,93
2022-01-04,Colusa,011,21464,2738,2689,773,3462,21
2022-01-04,Contra Costa,013,1133247,127354,116005,4545,120550,1075
2022-01-04,Del Norte,015,27424,3962,3882,70,3952,43
2022-01-04,El Dorado,017,186661,19543,18339,2066,20405,172
2022-01-04,Fresno,019,978130,159138,153244,13921,167165,2380
2022-01-04,Glenn,021,27897,3792,3705,1099,4804,39
2022-01-04,Humboldt,023,135768,11688,10865,1051,11916,120
2022-01-04,Imperial,025,180216,40481,38596,5434,44030,800
2022-01-04,Inyo,027,18085,3094,2870,68,2938,49
2022-01-04,Kern,029,883053,145182,138245,28664,166909,1916
2022-01-04,Kings,031,150075,36150,34931,2269,37200,388
2022-01-04,Lake,033,64148,7440,7152,249,7401,117
2022-01-04,Lassen,035,31185,7206,7111,450,7561,55
2022-01-04,Los Angeles,037,10098052,1882052,1705253,82034,1787287,27419
2022-01-04,Madera,039,155013,26327,25425,2622,28047,328
2022-01-04,Marin,041,260295,23756,21675,1138,22813,251
2022-01-04,Mariposa,043,17540,1676,1564,68,1632,6
2022-01-04,Mendocino,045,87422,9137,8636,810,9446,101
2022-01-04,Merced,047,269075,47100,45583,2412,47995,700
2022-01-04,Modoc,049,8938,624,611,215,826,6
2022-01-04,Mono,051,14174,2379,2190,44,2234,4
2022-01-04,Monterey,053,433212,55310,51176,4554,55730,643
2022-01-04,Napa,055,140530,17033,15370,336,15706,107
2022-01-04,Nevada,057,99092,11261,10608,433,11041,110
2022-01-04,Orange,059,3164182,398946,362051,26613,388664,5897
2022-01-04,Placer,061,380077,45051,42285,4802,47087,494
2022-01-04,Plumas,063,18699,2094,2014,60,2074,12
2022-01-04,Riverside,065,2383286,442126,413366,20264,433630,5504
2022-01-04,Sacramento,067,1510023,193628,181271,8208,189479,2453
2022-01-04,San Benito,069,59416,9185,8763,235,8998,79
2022-01-04,San Bernardino,071,2135413,431321,404409,15121,419530,6060
2022-01-04,San Diego,073,3302833,510771,458499,30469,488968,4487
2022-01-04,San Francisco,075,870044,80469,70666,4024,74690,688
2022-01-04,San Joaquin,077,732212,116712,110374,6431,116805,1911
2022-01-04,San Luis Obispo,079,281455,36019,33788,1785,35573,371
2022-01-04,San Mateo,081,765935,77052,65157,2326,67483,582
2022-01-04,Santa Barbara,083,443738,56647,52449,2133,54582,574
2022-01-04,Santa Clara,085,1922200,195773,176854,3965,180819,1964
2022-01-04,Santa Cruz,087,273765,26537,23904,1316,25220,228
2022-01-04,Shasta,089,179085,24112,23366,3976,27342,442
2022-01-04,Sierra,091,2930,225,214,22,236,0
2022-01-04,Siskiyou,093,43540,3631,3509,1506,5015,61
2022-01-04,Solano,095,438530,54963,51300,2169,53469,383
2022-01-04,Sonoma,097,501317,52781,48653,963,49616,410
2022-01-04,Stanislaus,099,539301,88852,86107,10213,96320,1361
2022-01-04,Sutter,101,95872,15513,15032,485,15517,193
2022-01-04,Tehama,103,63373,9333,9020,1692,10712,140
2022-01-04,Trinity,105,12862,933,833,231,1064,18
2022-01-04,Tulare,107,460477,75873,72893,18340,91233,1172
2022-01-04,Tuolumne,109,53932,8615,8235,133,8368,91
2022-01-04,Ventura,111,848112,125707,114079,6571,120650,1213
2022-01-04,Yolo,113,214977,24902,22938,1826,24764,270
2022-01-04,Yuba,115,75493,11520,11104,481,11585,101
2022-01-03,Alameda,001,1643700,152536,142090,5037,147127,1529
2022-01-03,Alpine,003,1148,113,113,0,113,0
2022-01-03,Amador,005,37829,6182,6004,98,6102,71
2022-01-03,Butte,007,227075,23957,22924,4312,27236,345
2022-01-03,Calaveras,009,45235,4924,4742,82,4824,93
2022-01-03,Colusa,011,21464,2729,2683,766,3449,21
2022-01-03,Contra Costa,013,1133247,124146,114966,3959,118925,1073
2022-01-03,Del Norte,015,27424,3942,3873,66,3939,43
2022-01-03,El Dorado,017,186661,19149,18183,2040,20223,172
2022-01-03,Fresno,019,978130,157157,152674,13743,166417,2379
2022-01-03,Glenn,021,27897,3763,3703,1064,4767,39
2022-01-03,Humboldt,023,135768,11478,10784,1002,11786,119
2022-01-03,Imperial,025,180216,39856,38411,5256,43667,800
2022-01-03,Inyo,027,18085,3025,2845,64,2909,49
2022-01-03,Kern,029,883053,143187,137773,28066,165839,1916
2022-01-03,Kings,031,150075,35832,34817,2232,37049,387
2022-01-03,Lake,033,64148,7339,7134,231,7365,117
2022-01-03,Lassen,035,31185,7188,7103,448,7551,55
2022-01-03,Los Angeles,037,10098052,1821336,1686203,79298,1765501,27394
2022-01-03,Madera,039,155013,26034,25323,2579,27902,320
2022-01-03,Marin,041,260295,23168,21532,1099,22631,251
2022-01-03,Mariposa,043,17540,1634,1559,68,1627,6
2022-01-03,Mendocino,045,87422,8991,8573,760,9333,101
2022-01-03,Merced,047,269075,46508,45459,2307,47766,696
2022-01-03,Modoc,049,8938,621,602,215,817,6
2022-01-03,Mono,051,14174,2300,2172,39,2211,4
2022-01-03,Monterey,053,433212,54492,51047,4351,55398,644
2022-01-03,Napa,055,140530,16525,15260,303,15563,107
2022-01-03,Nevada,057,99092,11095,10572,423,10995,110
2022-01-03,Orange,059,3164182,387770,358052,25432,383484,5894
2022-01-03,Placer,061,380077,44229,42054,4739,46793,489
2022-01-03,Plumas,063,18699,2077,2005,60,2065,12
2022-01-03,Riverside,065,2383286,433648,410155,19765,429920,5504
2022-01-03,Sacramento,067,1510023,188681,179992,7650,187642,2452
2022-01-03,San Benito,069,59416,9020,8688,228,8916,79
2022-01-03,San Bernardino,071,2135413,423045,401938,14672,416610,6056
2022-01-03,San Diego,073,3302833,494629,451154,29542,480696,4476
2022-01-03,San Francisco,075,870044,77646,69315,3768,73083,686
2022-01-03,San Joaquin,077,732212,114400,109757,6350,116107,1903
2022-01-03,San Luis Obispo,079,281455,35205,33667,1692,35359,367
2022-01-03,San Mateo,081,765935,74405,64470,2168,66638,582
2022-01-03,Santa Barbara,083,443738,55185,51912,2039,53951,571
2022-01-03,Santa Clara,085,1922200,189824,174215,3491,177706,1963
2022-01-03,Santa Cruz,087,273765,25728,23765,1283,25048,228
2022-01-03,Shasta,089,179085,23930,23301,3948,27249,440
2022-01-03,Sierra,091,2930,219,213,21,234,0
2022-01-03,Siskiyou,093,43540,3605,3500,1484,4984,61
2022-01-03,Solano,095,438530,53669,51030,1977,53007,380
2022-01-03,Sonoma,097,501317,51083,48391,868,49259,410
2022-01-03,Stanislaus,099,539301,87857,85793,10049,95842,1332
2022-01-03,Sutter,101,95872,15360,14973,466,15439,193
2022-01-03,Tehama,103,63373,9259,9005,1667,10672,140
2022-01-03,Trinity,105,12862,928,833,230,1063,18
2022-01-03,Tulare,107,460477,75173,72664,18128,90792,1167
2022-01-03,Tuolumne,109,53932,8477,8179,129,8308,91
2022-01-03,Ventura,111,848112,122532,112762,6340,119102,1211
2022-01-03,Yolo,113,214977,24247,22563,1761,24324,270
2022-01-03,Yuba,115,75493,11384,11037,462,11499,99
2022-01-02,Alameda,001,1643700,148108,133486,4547,138033,1528
2022-01-02,Alpine,003,1148,111,113,0,113,0
2022-01-02,Amador,005,37829,6116,5913,93,6006,70
2022-01-02,Butte,007,227075,23618,22469,4254,26723,341
2022-01-02,Calaveras,009,45235,4855,4668,74,4742,93
2022-01-02,Colusa,011,21464,2724,2659,755,3414,21
2022-01-02,Contra Costa,013,1133247,120587,109593,3516,113109,1073
2022-01-02,Del Norte,015,27424,3910,3841,64,3905,43
2022-01-02,El Dorado,017,186661,18813,17621,1988,19609,172
2022-01-02,Fresno,019,978130,155457,149927,13545,163472,2379
2022-01-02,Glenn,021,27897,3743,3663,1055,4718,39
2022-01-02,Humboldt,023,135768,11238,10381,924,11305,119
2022-01-02,Imperial,025,180216,39188,37672,5037,42709,800
2022-01-02,Inyo,027,18085,2955,2726,53,2779,49
2022-01-02,Kern,029,883053,141266,136123,27468,163591,1917
2022-01-02,Kings,031,150075,35513,34318,2192,36510,386
2022-01-02,Lake,033,64148,7267,7060,217,7277,117
2022-01-02,Lassen,035,31185,7172,7089,446,7535,55
2022-01-02,Los Angeles,037,10098052,1770270,1596123,76478,1672601,27371
2022-01-02,Madera,039,155013,25780,25002,2522,27524,320
2022-01-02,Marin,041,260295,22609,20475,1028,21503,249
2022-01-02,Mariposa,043,17540,1604,1509,66,1575,6
2022-01-02,Mendocino,045,87422,8872,8422,742,9164,101
2022-01-02,Merced,047,269075,45976,44769,2212,46981,694
2022-01-02,Modoc,049,8938,619,601,214,815,6
2022-01-02,Mono,051,14174,2272,2101,34,2135,4
2022-01-02,Monterey,053,433212,53877,50251,4143,54394,643
2022-01-02,Napa,055,140530,15983,14439,292,14731,107
2022-01-02,Nevada,057,99092,10910,10299,409,10708,110
2022-01-02,Orange,059,3164182,376773,339526,24279,363805,5890
2022-01-02,Placer,061,380077,43502,40857,4652,45509,489
2022-01-02,Plumas,063,18699,2062,1994,56,2050,12
2022-01-02,Riverside,065,2383286,425316,397124,19242,416366,5501
2022-01-02,Sacramento,067,1510023,184739,173562,6816,180378,2448
2022-01-02,San Benito,069,59416,8837,8320,213,8533,79
2022-01-02,San Bernardino,071,2135413,415549,386278,14128,400406,6051
2022-01-02,San Diego,073,3302833,479596,427087,28394,455481,4469
2022-01-02,San Francisco,075,870044,74697,64498,3530,68028,682
2022-01-02,San Joaquin,077,732212,112534,106640,6246,112886,1902
2022-01-02,San Luis Obispo,079,281455,34470,32342,1609,33951,365
2022-01-02,San Mateo,081,765935,71838,60504,1926,62430,581
2022-01-02,Santa Barbara,083,443738,53752,49555,1976,51531,568
2022-01-02,Santa Clara,085,1922200,183682,164547,3095,167642,1969
2022-01-02,Santa Cruz,087,273765,25055,22980,1261,24241,228
2022-01-02,Shasta,089,179085,23742,23161,3899,27060,435
2022-01-02,Sierra,091,2930,218,206,21,227,0
2022-01-02,Siskiyou,093,43540,3580,3474,1461,4935,61
2022-01-02,Solano,095,438530,52729,48957,1812,50769,379
2022-01-02,Sonoma,097,501317,49759,46040,834,46874,410
2022-01-02,Stanislaus,099,539301,87005,84367,9936,94303,1332
2022-01-02,Sutter,101,95872,15189,14741,448,15189,193
2022-01-02,Tehama,103,63373,9194,8944,1645,10589,139
2022-01-02,Trinity,105,12862,926,832,229,1061,17
2022-01-02,Tulare,107,460477,74512,71941,17939,89880,1160
2022-01-02,Tuolumne,109,53932,8371,8044,124,8168,91
2022-01-02,Ventura,111,848112,119613,107992,6121,114113,1211
2022-01-02,Yolo,113,214977,23601,21747,1695,23442,270
2022-01-02,Yuba,115,75493,11262,10844,445,11289,99
2022-01-01,Alameda,001,1643700,146321,133486,4291,137777,1528
2022-01-01,Alpine,003,1148,111,113,0,113,0
2022-01-01,Amador,005,37829,6081,5913,88,6001,70
2022-01-01,Butte,007,227075,23424,22469,4226,26695,341
2022-01-01,Calaveras,009,45235,4819,4668,72,4740,93
2022-01-01,Colusa,011,21464,2722,2659,745,3404,21
2022-01-01,Contra Costa,013,1133247,119230,109593,3387,112980,1073
2022-01-01,Del Norte,015,27424,3904,3841,64,3905,43
2022-01-01,El Dorado,017,186661,18665,17621,1973,19594,172
2022-01-01,Fresno,019,978130,154806,149927,13481,163408,2379
2022-01-01,Glenn,021,27897,3736,3663,1055,4718,39
2022-01-01,Humboldt,023,135768,11106,10381,904,11285,119
2022-01-01,Imperial,025,180216,39039,37672,4993,42665,800
2022-01-01,Inyo,027,18085,2926,2726,51,2777,49
2022-01-01,Kern,029,883053,140575,136123,27157,163280,1917
2022-01-01,Kings,031,150075,35379,34318,2172,36490,386
2022-01-01,Lake,033,64148,7228,7060,212,7272,117
2022-01-01,Lassen,035,31185,7166,7089,441,7530,55
2022-01-01,Los Angeles,037,10098052,1750147,1596123,74526,1670649,27371
2022-01-01,Madera,039,155013,25698,25002,2508,27510,320
2022-01-01,Marin,041,260295,22300,20475,987,21462,249
2022-01-01,Mariposa,043,17540,1593,1509,66,1575,6
2022-01-01,Mendocino,045,87422,8780,8422,736,9158,101
2022-01-01,Merced,047,269075,45843,44769,2202,46971,694
2022-01-01,Modoc,049,8938,616,601,214,815,6
2022-01-01,Mono,051,14174,2248,2101,29,2130,4
2022-01-01,Monterey,053,433212,53579,50251,4060,54311,643
2022-01-01,Napa,055,140530,15833,14439,277,14716,107
2022-01-01,Nevada,057,99092,10838,10299,402,10701,110
2022-01-01,Orange,059,3164182,372563,339526,23564,363090,5890
2022-01-01,Placer,061,380077,43205,40857,4587,45444,489
2022-01-01,Plumas,063,18699,2050,1994,56,2050,12
2022-01-01,Riverside,065,2383286,421834,397124,19039,416163,5501
2022-01-01,Sacramento,067,1510023,183518,173562,6558,180120,2448
2022-01-01,San Benito,069,59416,8745,8320,213,8533,79
2022-01-01,San Bernardino,071,2135413,412493,386278,13855,400133,6051
2022-01-01,San Diego,073,3302833,473693,427087,27895,454982,4469
2022-01-01,San Francisco,075,870044,73286,64498,3316,67814,682
2022-01-01,San Joaquin,077,732212,111836,106640,6195,112835,1902
2022-01-01,San Luis Obispo,079,281455,34268,32342,1599,33941,365
2022-01-01,San Mateo,081,765935,70371,60504,1775,62279,581
2022-01-01,Santa Barbara,083,443738,53017,49555,1941,51496,568
2022-01-01,Santa Clara,085,1922200,180658,164547,2898,167445,1969
2022-01-01,Santa Cruz,087,273765,24734,22980,1250,24230,228
2022-01-01,Shasta,089,179085,23660,23161,3881,27042,435
2022-01-01,Sierra,091,2930,217,206,21,227,0
2022-01-01,Siskiyou,093,43540,3577,3474,1451,4925,61
2022-01-01,Solano,095,438530,52466,48957,1755,50712,379
2022-01-01,Sonoma,097,501317,49368,46040,803,46843,410
2022-01-01,Stanislaus,099,539301,86598,84367,9874,94241,1332
2022-01-01,Sutter,101,95872,15113,14741,446,15187,193
2022-01-01,Tehama,103,63373,9163,8944,1633,10577,139
2022-01-01,Trinity,105,12862,923,832,229,1061,17
2022-01-01,Tulare,107,460477,74272,71941,17837,89778,1160
2022-01-01,Tuolumne,109,53932,8312,8044,121,8165,91
2022-01-01,Ventura,111,848112,118227,107992,5992,113984,1211
2022-01-01,Yolo,113,214977,23186,21747,1658,23405,270
2022-01-01,Yuba,115,75493,11197,10844,439,11283,99
2021-12-31,Alameda,001,1643700,145591,133486,4196,137682,1528
2021-12-31,Alpine,003,1148,111,113,0,113,0
2021-12-31,Amador,005,37829,6058,5913,87,6000,70
2021-12-31,Butte,007,227075,23322,22469,4196,26665,341
2021-12-31,Calaveras,009,45235,4789,4668,72,4740,93
2021-12-31,Colusa,011,21464,2715,2659,739,3398,21
2021-12-31,Contra Costa,013,1133247,118346,109593,3309,112902,1073
2021-12-31,Del Norte,015,27424,3895,3841,62,3903,43
2021-12-31,El Dorado,017,186661,18590,17621,1955,19576,172
2021-12-31,Fresno,019,978130,154508,149927,13464,163391,2379
2021-12-31,Glenn,021,27897,3735,3663,1053,4716,39
2021-12-31,Humboldt,023,135768,11019,10381,885,11266,119
2021-12-31,Imperial,025,180216,38914,37672,4980,42652,800
2021-12-31,Inyo,027,18085,2900,2726,51,2777,49
2021-12-31,Kern,029,883053,140068,136123,27021,163144,1917
2021-12-31,Kings,031,150075,35276,34318,2165,36483,386
2021-12-31,Lake,033,64148,7204,7060,207,7267,117
2021-12-31,Lassen,035,31185,7153,7089,441,7530,55
2021-12-31,Los Angeles,037,10098052,1739428,1596123,73776,1669899,27371
2021-12-31,Madera,039,155013,25631,25002,2491,27493,320
2021-12-31,Marin,041,260295,22144,20475,956,21431,249
2021-12-31,Mariposa,043,17540,1586,1509,65,1574,6
2021-12-31,Mendocino,045,87422,8747,8422,733,9155,101
2021-12-31,Merced,047,269075,45760,44769,2185,46954,694
2021-12-31,Modoc,049,8938,612,601,212,813,6
2021-12-31,Mono,051,14174,2235,2101,28,2129,4
2021-12-31,Monterey,053,433212,53454,50251,3995,54246,643
2021-12-31,Napa,055,140530,15721,14439,267,14706,107
2021-12-31,Nevada,057,99092,10771,10299,396,10695,110
2021-12-31,Orange,059,3164182,370057,339526,23140,362666,5890
2021-12-31,Placer,061,380077,42968,40857,4521,45378,489
2021-12-31,Plumas,063,18699,2045,1994,56,2050,12
2021-12-31,Riverside,065,2383286,420161,397124,18881,416005,5501
2021-12-31,Sacramento,067,1510023,182696,173562,6455,180017,2448
2021-12-31,San Benito,069,59416,8731,8320,212,8532,79
2021-12-31,San Bernardino,071,2135413,410342,386278,13668,399946,6051
2021-12-31,San Diego,073,3302833,470538,427087,27592,454679,4469
2021-12-31,San Francisco,075,870044,72359,64498,3260,67758,682
2021-12-31,San Joaquin,077,732212,111217,106640,6152,112792,1902
2021-12-31,San Luis Obispo,079,281455,34160,32342,1586,33928,365
2021-12-31,San Mateo,081,765935,69497,60504,1721,62225,581
2021-12-31,Santa Barbara,083,443738,52624,49555,1927,51482,568
2021-12-31,Santa Clara,085,1922200,178725,164547,2756,167303,1969
2021-12-31,Santa Cruz,087,273765,24500,22980,1234,24214,228
2021-12-31,Shasta,089,179085,23596,23161,3860,27021,435
2021-12-31,Sierra,091,2930,217,206,21,227,0
2021-12-31,Siskiyou,093,43540,3570,3474,1440,4914,61
2021-12-31,Solano,095,438530,52308,48957,1729,50686,379
2021-12-31,Sonoma,097,501317,49121,46040,790,46830,410
2021-12-31,Stanislaus,099,539301,86272,84367,9830,94197,1332
2021-12-31,Sutter,101,95872,15053,14741,440,15181,193
2021-12-31,Tehama,103,63373,9132,8944,1624,10568,139
2021-12-31,Trinity,105,12862,922,832,229,1061,17
2021-12-31,Tulare,107,460477,74075,71941,17751,89692,1160
2021-12-31,Tuolumne,109,53932,8268,8044,120,8164,91
2021-12-31,Ventura,111,848112,117254,107992,5910,113902,1211
2021-12-31,Yolo,113,214977,22966,21747,1636,23383,270
2021-12-31,Yuba,115,75493,11140,10844,433,11277,99
2021-12-30,Alameda,001,1643700,144323,133486,4064,137550,1528
2021-12-30,Alpine,003,1148,110,113,0,113,0
2021-12-30,Amador,005,37829,6039,5913,86,5999,70
2021-12-30,Butte,007,227075,23201,22469,4174,26643,341
2021-12-30,Calaveras,009,45235,4770,4668,72,4740,93
2021-12-30,Colusa,011,21464,2714,2659,737,3396,21
2021-12-30,Contra Costa,013,1133247,117261,109593,3198,112791,1073
2021-12-30,Del Norte,015,27424,3884,3841,61,3902,43
2021-12-30,El Dorado,017,186661,18487,17621,1934,19555,172
2021-12-30,Fresno,019,978130,154018,149927,13403,163330,2379
2021-12-30,Glenn,021,27897,3730,3663,1051,4714,39
2021-12-30,Humboldt,023,135768,10951,10381,873,11254,119
2021-12-30,Imperial,025,180216,38746,37672,4864,42536,800
2021-12-30,Inyo,027,18085,2882,2726,49,2775,49
2021-12-30,Kern,029,883053,139534,136123,26719,162842,1917
2021-12-30,Kings,031,150075,35158,34318,2153,36471,386
2021-12-30,Lake,033,64148,7190,7060,202,7262,117
2021-12-30,Lassen,035,31185,7147,7089,441,7530,55
2021-12-30,Los Angeles,037,10098052,1716167,1596123,72533,1668656,27371
2021-12-30,Madera,039,155013,25548,25002,2471,27473,320
2021-12-30,Marin,041,260295,21967,20475,932,21407,249
2021-12-30,Mariposa,043,17540,1580,1509,65,1574,6
2021-12-30,Mendocino,045,87422,8730,8422,722,9144,101
2021-12-30,Merced,047,269075,45663,44769,2171,46940,694
2021-12-30,Modoc,049,8938,611,601,212,813,6
2021-12-30,Mono,051,14174,2231,2101,27,2128,4
2021-12-30,Monterey,053,433212,53150,50251,3934,54185,643
2021-12-30,Napa,055,140530,15577,14439,258,14697,107
2021-12-30,Nevada,057,99092,10709,10299,388,10687,110
2021-12-30,Orange,059,3164182,364969,339526,22583,362109,5890
2021-12-30,Placer,061,380077,42692,40857,4474,45331,489
2021-12-30,Plumas,063,18699,2041,1994,55,2049,12
2021-12-30,Riverside,065,2383286,416889,397124,18725,415849,5501
2021-12-30,Sacramento,067,1510023,181468,173562,6312,179874,2448
2021-12-30,San Benito,069,59416,8685,8320,208,8528,79
2021-12-30,San Bernardino,071,2135413,407930,386278,13518,399796,6051
2021-12-30,San Diego,073,3302833,465403,427087,27100,454187,4469
2021-12-30,San Francisco,075,870044,71250,64498,3188,67686,682
2021-12-30,San Joaquin,077,732212,110626,106640,6121,112761,1902
2021-12-30,San Luis Obispo,079,281455,34040,32342,1572,33914,365
2021-12-30,San Mateo,081,765935,68455,60504,1588,62092,581
2021-12-30,Santa Barbara,083,443738,52146,49555,1907,51462,568
2021-12-30,Santa Clara,085,1922200,176446,164547,2631,167178,1969
2021-12-30,Santa Cruz,087,273765,24263,22980,1206,24186,228
2021-12-30,Shasta,089,179085,23546,23161,3854,27015,435
2021-12-30,Sierra,091,2930,217,206,21,227,0
2021-12-30,Siskiyou,093,43540,3561,3474,1438,4912,61
2021-12-30,Solano,095,438530,51959,48957,1682,50639,379
2021-12-30,Sonoma,097,501317,48790,46040,781,46821,410
2021-12-30,Stanislaus,099,539301,85951,84367,9782,94149,1332
2021-12-30,Sutter,101,95872,14993,14741,439,15180,193
2021-12-30,Tehama,103,63373,9104,8944,1618,10562,139
2021-12-30,Trinity,105,12862,919,832,229,1061,17
2021-12-30,Tulare,107,460477,73893,71941,17672,89613,1160
2021-12-30,Tuolumne,109,53932,8229,8044,119,8163,91
2021-12-30,Ventura,111,848112,115997,107992,5809,113801,1211
2021-12-30,Yolo,113,214977,22834,21747,1609,23356,270
2021-12-30,Yuba,115,75493,11093,10844,431,11275,99
2021-12-29,Alameda,001,1643700,141125,131586,3910,135496,1529
2021-12-29,Alpine,003,1148,110,113,0,113,0
2021-12-29,Amador,005,37829,6016,5905,83,5988,70
2021-12-29,Butte,007,227075,23058,22353,4138,26491,338
2021-12-29,Calaveras,009,45235,4742,4646,70,4716,93
2021-12-29,Colusa,011,21464,2704,2657,732,3389,21
2021-12-29,Contra Costa,013,1133247,115162,108165,3071,111236,1072
2021-12-29,Del Norte,015,27424,3870,3826,59,3885,43
2021-12-29,El Dorado,017,186661,18262,17489,1916,19405,172
2021-12-29,Fresno,019,978130,152993,149318,13317,162635,2364
2021-12-29,Glenn,021,27897,3720,3653,1049,4702,39
2021-12-29,Humboldt,023,135768,10846,10249,852,11101,119
2021-12-29,Imperial,025,180216,38514,37460,4793,42253,800
2021-12-29,Inyo,027,18085,2850,2703,49,2752,49
2021-12-29,Kern,029,883053,138731,135648,26331,161979,1913
2021-12-29,Kings,031,150075,35043,34216,2148,36364,386
2021-12-29,Lake,033,64148,7159,7048,200,7248,117
2021-12-29,Lassen,035,31185,7143,7085,440,7525,55
2021-12-29,Los Angeles,037,10098052,1686264,1576414,70838,1647252,27349
2021-12-29,Madera,039,155013,25444,24923,2461,27384,320
2021-12-29,Marin,041,260295,21612,20025,911,20936,249
2021-12-29,Mariposa,043,17540,1558,1507,65,1572,6
2021-12-29,Mendocino,045,87422,8671,8386,718,9104,99
2021-12-29,Merced,047,269075,45446,44548,2157,46705,693
2021-12-29,Modoc,049,8938,608,600,212,812,6
2021-12-29,Mono,051,14174,2207,2056,26,2082,4
2021-12-29,Monterey,053,433212,52739,50097,3828,53925,641
2021-12-29,Napa,055,140530,15253,14247,239,14486,107
2021-12-29,Nevada,057,99092,10616,10274,387,10661,110
2021-12-29,Orange,059,3164182,357464,334557,21904,356461,5887
2021-12-29,Placer,061,380077,42208,40545,4399,44944,489
2021-12-29,Plumas,063,18699,2029,1990,55,2045,12
2021-12-29,Riverside,065,2383286,411475,392989,18515,411504,5486
2021-12-29,Sacramento,067,1510023,179173,172145,6153,178298,2437
2021-12-29,San Benito,069,59416,8540,8239,207,8446,79
2021-12-29,San Bernardino,071,2135413,402799,382872,13312,396184,6049
2021-12-29,San Diego,073,3302833,454532,421045,26408,447453,4461
2021-12-29,San Francisco,075,870044,69547,63117,3118,66235,684
2021-12-29,San Joaquin,077,732212,109454,106063,6070,112133,1891
2021-12-29,San Luis Obispo,079,281455,33648,31936,1523,33459,365
2021-12-29,San Mateo,081,765935,66827,59478,1478,60956,581
2021-12-29,Santa Barbara,083,443738,51308,49003,1882,50885,568
2021-12-29,Santa Clara,085,1922200,173312,162008,2498,164506,1962
2021-12-29,Santa Cruz,087,273765,23985,22669,1183,23852,228
2021-12-29,Shasta,089,179085,23471,23083,3842,26925,435
2021-12-29,Sierra,091,2930,217,206,21,227,0
2021-12-29,Siskiyou,093,43540,3549,3472,1427,4899,61
2021-12-29,Solano,095,438530,51250,48562,1626,50188,379
2021-12-29,Sonoma,097,501317,47994,45479,757,46236,410
2021-12-29,Stanislaus,099,539301,85458,84083,9730,93813,1332
2021-12-29,Sutter,101,95872,14927,14688,438,15126,193
2021-12-29,Tehama,103,63373,9080,8914,1605,10519,138
2021-12-29,Trinity,105,12862,918,832,229,1061,17
2021-12-29,Tulare,107,460477,73606,71752,17555,89307,1160
2021-12-29,Tuolumne,109,53932,8176,8012,118,8130,91
2021-12-29,Ventura,111,848112,114057,106974,5629,112603,1207
2021-12-29,Yolo,113,214977,22604,21564,1578,23142,270
2021-12-29,Yuba,115,75493,11032,10808,427,11235,99
2021-12-28,Alameda,001,1643700,137999,130427,3747,134174,1522
2021-12-28,Alpine,003,1148,110,113,0,113,0
2021-12-28,Amador,005,37829,5997,5900,82,5982,70
2021-12-28,Butte,007,227075,22918,22285,4121,26406,338
2021-12-28,Calaveras,009,45235,4725,4641,69,4710,91
2021-12-28,Colusa,011,21464,2698,2653,730,3383,21
2021-12-28,Contra Costa,013,1133247,112884,107160,2953,110113,1072
2021-12-28,Del Norte,015,27424,3864,3815,59,3874,43
2021-12-28,El Dorado,017,186661,18037,17419,1905,19324,172
2021-12-28,Fresno,019,978130,152007,148987,13243,162230,2365
2021-12-28,Glenn,021,27897,3694,3639,1047,4686,39
2021-12-28,Humboldt,023,135768,10725,10198,827,11025,119
2021-12-28,Imperial,025,180216,38216,37223,4686,41909,800
2021-12-28,Inyo,027,18085,2792,2676,48,2724,48
2021-12-28,Kern,029,883053,138019,135346,25975,161321,1909
2021-12-28,Kings,031,150075,34905,34165,2133,36298,386
2021-12-28,Lake,033,64148,7140,7044,195,7239,116
2021-12-28,Lassen,035,31185,7135,7083,440,7523,55
2021-12-28,Los Angeles,037,10098052,1653776,1561791,69177,1630968,27323
2021-12-28,Madera,039,155013,25318,24865,2444,27309,320
2021-12-28,Marin,041,260295,21199,19739,881,20620,249
2021-12-28,Mariposa,043,17540,1547,1499,64,1563,6
2021-12-28,Mendocino,045,87422,8611,8366,710,9076,98
2021-12-28,Merced,047,269075,45205,44434,2149,46583,691
2021-12-28,Modoc,049,8938,608,599,211,810,6
2021-12-28,Mono,051,14174,2184,2045,24,2069,4
2021-12-28,Monterey,053,433212,52373,49973,3753,53726,639
2021-12-28,Napa,055,140530,14936,14131,212,14343,107
2021-12-28,Nevada,057,99092,10526,10250,384,10634,110
2021-12-28,Orange,059,3164182,349814,331279,21159,352438,5882
2021-12-28,Placer,061,380077,41738,40410,4329,44739,489
2021-12-28,Plumas,063,18699,2026,1989,55,2044,12
2021-12-28,Riverside,065,2383286,406239,390343,18268,408611,5470
2021-12-28,Sacramento,067,1510023,176953,171290,6024,177314,2426
2021-12-28,San Benito,069,59416,8404,8170,205,8375,79
2021-12-28,San Bernardino,071,2135413,397367,381316,13100,394416,6047
2021-12-28,San Diego,073,3302833,443782,417383,25878,443261,4450
2021-12-28,San Francisco,075,870044,67923,61745,3059,64804,682
2021-12-28,San Joaquin,077,732212,108408,105572,6025,111597,1884
2021-12-28,San Luis Obispo,079,281455,33189,31759,1507,33266,365
2021-12-28,San Mateo,081,765935,65317,58712,1391,60103,582
2021-12-28,Santa Barbara,083,443738,50666,48493,1862,50355,568
2021-12-28,Santa Clara,085,1922200,170178,160811,2402,163213,1962
2021-12-28,Santa Cruz,087,273765,23612,22513,1152,23665,228
2021-12-28,Shasta,089,179085,23399,23035,3837,26872,434
2021-12-28,Sierra,091,2930,214,206,21,227,0
2021-12-28,Siskiyou,093,43540,3540,3468,1422,4890,60
2021-12-28,Solano,095,438530,50309,48318,1572,49890,378
2021-12-28,Sonoma,097,501317,47137,45086,731,45817,410
2021-12-28,Stanislaus,099,539301,84971,83946,9680,93626,1331
2021-12-28,Sutter,101,95872,14877,14662,436,15098,193
2021-12-28,Tehama,103,63373,9063,8893,1603,10496,138
2021-12-28,Trinity,105,12862,916,831,228,1059,17
2021-12-28,Tulare,107,460477,73329,71630,17427,89057,1156
2021-12-28,Tuolumne,109,53932,8133,8006,118,8124,91
2021-12-28,Ventura,111,848112,111947,105883,5498,111381,1207
2021-12-28,Yolo,113,214977,22283,21320,1529,22849,270
2021-12-28,Yuba,115,75493,10977,10778,424,11202,99
2021-12-27,Alameda,001,1643700,135436,129910,3605,133515,1530
2021-12-27,Alpine,003,1148,110,113,0,113,0
2021-12-27,Amador,005,37829,5969,5891,82,5973,70
2021-12-27,Butte,007,227075,22787,22234,4098,26332,335
2021-12-27,Calaveras,009,45235,4703,4630,68,4698,91
2021-12-27,Colusa,011,21464,2687,2652,724,3376,21
2021-12-27,Contra Costa,013,1133247,110732,106692,2872,109564,1071
2021-12-27,Del Norte,015,27424,3855,3802,58,3860,43
2021-12-27,El Dorado,017,186661,17878,17361,1892,19253,172
2021-12-27,Fresno,019,978130,151094,148826,13180,162006,2364
2021-12-27,Glenn,021,27897,3686,3634,1042,4676,39
2021-12-27,Humboldt,023,135768,10609,10164,805,10969,119
2021-12-27,Imperial,025,180216,37980,37180,4581,41761,800
2021-12-27,Inyo,027,18085,2763,2662,46,2708,48
2021-12-27,Kern,029,883053,137368,135119,25672,160791,1907
2021-12-27,Kings,031,150075,34757,34126,2120,36246,382
2021-12-27,Lake,033,64148,7117,7037,185,7222,116
2021-12-27,Lassen,035,31185,7129,7080,440,7520,55
2021-12-27,Los Angeles,037,10098052,1617589,1554074,67402,1621476,27300
2021-12-27,Madera,039,155013,25202,24840,2426,27266,320
2021-12-27,Marin,041,260295,20811,19601,854,20455,249
2021-12-27,Mariposa,043,17540,1532,1495,64,1559,6
2021-12-27,Mendocino,045,87422,8544,8351,705,9056,98
2021-12-27,Merced,047,269075,44974,44383,2132,46515,690
2021-12-27,Modoc,049,8938,606,599,211,810,6
2021-12-27,Mono,051,14174,2121,2026,24,2050,4
2021-12-27,Monterey,053,433212,52077,49918,3701,53619,639
2021-12-27,Napa,055,140530,14668,14083,203,14286,107
2021-12-27,Nevada,057,99092,10457,10239,376,10615,110
2021-12-27,Orange,059,3164182,342366,329222,20351,349573,5875
2021-12-27,Placer,061,380077,41353,40263,4281,44544,489
2021-12-27,Plumas,063,18699,2024,1988,53,2041,12
2021-12-27,Riverside,065,2383286,401660,389096,18005,407101,5470
2021-12-27,Sacramento,067,1510023,174966,170858,5850,176708,2422
2021-12-27,San Benito,069,59416,8287,8133,201,8334,79
2021-12-27,San Bernardino,071,2135413,391746,380526,12907,393433,6047
2021-12-27,San Diego,073,3302833,433903,414968,25406,440374,4445
2021-12-27,San Francisco,075,870044,66163,60920,2994,63914,682
2021-12-27,San Joaquin,077,732212,107493,105413,5978,111391,1876
2021-12-27,San Luis Obispo,079,281455,32745,31671,1485,33156,365
2021-12-27,San Mateo,081,765935,63805,58397,1291,59688,581
2021-12-27,Santa Barbara,083,443738,49887,48209,1842,50051,568
2021-12-27,Santa Clara,085,1922200,167209,159904,2279,162183,1961
2021-12-27,Santa Cruz,087,273765,23321,22456,1134,23590,228
2021-12-27,Shasta,089,179085,23336,23015,3826,26841,432
2021-12-27,Sierra,091,2930,214,206,21,227,0
2021-12-27,Siskiyou,093,43540,3531,3466,1417,4883,60
2021-12-27,Solano,095,438530,49576,48172,1524,49696,378
2021-12-27,Sonoma,097,501317,46565,44990,712,45702,410
2021-12-27,Stanislaus,099,539301,84522,83833,9645,93478,1331
2021-12-27,Sutter,101,95872,14822,14642,431,15073,191
2021-12-27,Tehama,103,63373,9048,8887,1596,10483,136
2021-12-27,Trinity,105,12862,916,827,228,1055,17
2021-12-27,Tulare,107,460477,73068,71562,17328,88890,1146
2021-12-27,Tuolumne,109,53932,8096,7978,117,8095,91
2021-12-27,Ventura,111,848112,109860,105212,5362,110574,1206
2021-12-27,Yolo,113,214977,21999,21300,1495,22795,270
2021-12-27,Yuba,115,75493,10916,10759,423,11182,98
2021-12-26,Alameda,001,1643700,133419,127221,3532,130753,1525
2021-12-26,Alpine,003,1148,110,113,0,113,0
2021-12-26,Amador,005,37829,5953,5861,80,5941,70
2021-12-26,Butte,007,227075,22635,22087,4074,26161,330
2021-12-26,Calaveras,009,45235,4681,4591,68,4659,91
2021-12-26,Colusa,011,21464,2677,2647,718,3365,21
2021-12-26,Contra Costa,013,1133247,108963,105022,2773,107795,1071
2021-12-26,Del Norte,015,27424,3850,3795,58,3853,43
2021-12-26,El Dorado,017,186661,17721,17188,1883,19071,172
2021-12-26,Fresno,019,978130,150413,148027,13114,161141,2358
2021-12-26,Glenn,021,27897,3678,3611,1031,4642,39
2021-12-26,Humboldt,023,135768,10465,10052,782,10834,119
2021-12-26,Imperial,025,180216,37680,36878,4486,41364,800
2021-12-26,Inyo,027,18085,2739,2636,43,2679,47
2021-12-26,Kern,029,883053,136649,134591,25416,160007,1908
2021-12-26,Kings,031,150075,34606,34009,2114,36123,379
2021-12-26,Lake,033,64148,7095,7019,182,7201,116
2021-12-26,Lassen,035,31185,7123,7072,439,7511,55
2021-12-26,Los Angeles,037,10098052,1587845,1515469,65592,1581061,27257
2021-12-26,Madera,039,155013,25083,24741,2411,27152,320
2021-12-26,Marin,041,260295,20432,19085,792,19877,249
2021-12-26,Mariposa,043,17540,1526,1480,64,1544,6
2021-12-26,Mendocino,045,87422,8494,8314,703,9017,98
2021-12-26,Merced,047,269075,44726,44208,2121,46329,690
2021-12-26,Modoc,049,8938,605,597,209,806,6
2021-12-26,Mono,051,14174,2095,2000,24,2024,4
2021-12-26,Monterey,053,433212,51799,49709,3652,53361,638
2021-12-26,Napa,055,140530,14432,13809,198,14007,107
2021-12-26,Nevada,057,99092,10397,10153,369,10522,110
2021-12-26,Orange,059,3164182,336055,322991,19552,342543,5863
2021-12-26,Placer,061,380077,41006,39852,4210,44062,489
2021-12-26,Plumas,063,18699,2017,1987,52,2039,12
2021-12-26,Riverside,065,2383286,397490,384567,17835,402402,5470
2021-12-26,Sacramento,067,1510023,173278,169144,5703,174847,2418
2021-12-26,San Benito,069,59416,8207,7991,197,8188,79
2021-12-26,San Bernardino,071,2135413,387223,376052,12734,388786,6043
2021-12-26,San Diego,073,3302833,425068,406616,24953,431569,4442
2021-12-26,San Francisco,075,870044,64580,58229,2933,61162,682
2021-12-26,San Joaquin,077,732212,106676,104590,5926,110516,1872
2021-12-26,San Luis Obispo,079,281455,32307,31290,1467,32757,365
2021-12-26,San Mateo,081,765935,62406,56973,1243,58216,581
2021-12-26,Santa Barbara,083,443738,49215,47553,1812,49365,567
2021-12-26,Santa Clara,085,1922200,164515,156872,2147,159019,1967
2021-12-26,Santa Cruz,087,273765,23034,22176,1122,23298,228
2021-12-26,Shasta,089,179085,23253,22959,3814,26773,432
2021-12-26,Sierra,091,2930,214,202,21,223,0
2021-12-26,Siskiyou,093,43540,3523,3460,1408,4868,60
2021-12-26,Solano,095,438530,49069,47646,1486,49132,377
2021-12-26,Sonoma,097,501317,46073,44358,679,45037,408
2021-12-26,Stanislaus,099,539301,84148,83368,9610,92978,1331
2021-12-26,Sutter,101,95872,14758,14533,428,14961,191
2021-12-26,Tehama,103,63373,9015,8861,1593,10454,136
2021-12-26,Trinity,105,12862,916,826,227,1053,17
2021-12-26,Tulare,107,460477,72824,71292,17216,88508,1137
2021-12-26,Tuolumne,109,53932,8059,7919,117,8036,91
2021-12-26,Ventura,111,848112,108027,103498,5213,108711,1206
2021-12-26,Yolo,113,214977,21724,21084,1455,22539,270
2021-12-26,Yuba,115,75493,10865,10694,421,11115,98
2021-12-25,Alameda,001,1643700,132380,127221,3469,130690,1525
2021-12-25,Alpine,003,1148,110,113,0,113,0
2021-12-25,Amador,005,37829,5933,5861,80,5941,70
2021-12-25,Butte,007,227075,22539,22087,4058,26145,330
2021-12-25,Calaveras,009,45235,4652,4591,67,4658,91
2021-12-25,Colusa,011,21464,2672,2647,712,3359,21
2021-12-25,Contra Costa,013,1133247,108114,105022,2720,107742,1071
2021-12-25,Del Norte,015,27424,3843,3795,57,3852,43
2021-12-25,El Dorado,017,186661,17668,17188,1872,19060,172
2021-12-25,Fresno,019,978130,150109,148027,13078,161105,2358
2021-12-25,Glenn,021,27897,3667,3611,1027,4638,39
2021-12-25,Humboldt,023,135768,10387,10052,775,10827,119
2021-12-25,Imperial,025,180216,37560,36878,4461,41339,800
2021-12-25,Inyo,027,18085,2719,2636,43,2679,47
2021-12-25,Kern,029,883053,136302,134591,25291,159882,1908
2021-12-25,Kings,031,150075,34518,34009,2107,36116,379
2021-12-25,Lake,033,64148,7083,7019,180,7199,116
2021-12-25,Lassen,035,31185,7121,7072,439,7511,55
2021-12-25,Los Angeles,037,10098052,1575182,1515469,64259,1579728,27257
2021-12-25,Madera,039,155013,25035,24741,2405,27146,320
2021-12-25,Marin,041,260295,20094,19085,743,19828,249
2021-12-25,Mariposa,043,17540,1520,1480,64,1544,6
2021-12-25,Mendocino,045,87422,8456,8314,703,9017,98
2021-12-25,Merced,047,269075,44626,44208,2119,46327,690
2021-12-25,Modoc,049,8938,605,597,209,806,6
2021-12-25,Mono,051,14174,2078,2000,24,2024,4
2021-12-25,Monterey,053,433212,51634,49709,3617,53326,638
2021-12-25,Napa,055,140530,14317,13809,190,13999,107
2021-12-25,Nevada,057,99092,10368,10153,369,10522,110
2021-12-25,Orange,059,3164182,333199,322991,18977,341968,5863
2021-12-25,Placer,061,380077,40808,39852,4174,44026,489
2021-12-25,Plumas,063,18699,2015,1987,52,2039,12
2021-12-25,Riverside,065,2383286,395211,384567,17713,402280,5470
2021-12-25,Sacramento,067,1510023,172482,169144,5599,174743,2418
2021-12-25,San Benito,069,59416,8148,7991,197,8188,79
2021-12-25,San Bernardino,071,2135413,385092,376052,12598,388650,6043
2021-12-25,San Diego,073,3302833,421014,406616,24684,431300,4442
2021-12-25,San Francisco,075,870044,63550,58229,2896,61125,682
2021-12-25,San Joaquin,077,732212,106344,104590,5894,110484,1872
2021-12-25,San Luis Obispo,079,281455,32152,31290,1458,32748,365
2021-12-25,San Mateo,081,765935,61378,56973,1200,58173,581
2021-12-25,Santa Barbara,083,443738,48853,47553,1800,49353,567
2021-12-25,Santa Clara,085,1922200,163032,156872,2078,158950,1967
2021-12-25,Santa Cruz,087,273765,22875,22176,1116,23292,228
2021-12-25,Shasta,089,179085,23222,22959,3808,26767,432
2021-12-25,Sierra,091,2930,214,202,21,223,0
2021-12-25,Siskiyou,093,43540,3520,3460,1402,4862,60
2021-12-25,Solano,095,438530,48947,47646,1468,49114,377
2021-12-25,Sonoma,097,501317,45689,44358,653,45011,408
2021-12-25,Stanislaus,099,539301,83932,83368,9589,92957,1331
2021-12-25,Sutter,101,95872,14717,14533,426,14959,191
2021-12-25,Tehama,103,63373,8995,8861,1589,10450,136
2021-12-25,Trinity,105,12862,915,826,227,1053,17
2021-12-25,Tulare,107,460477,72687,71292,17136,88428,1137
2021-12-25,Tuolumne,109,53932,8028,7919,117,8036,91
2021-12-25,Ventura,111,848112,106857,103498,5104,108602,1206
2021-12-25,Yolo,113,214977,21616,21084,1434,22518,270
2021-12-25,Yuba,115,75493,10839,10694,420,11114,98
2021-12-24,Alameda,001,1643700,131787,127221,3451,130672,1525
2021-12-24,Alpine,003,1148,110,113,0,113,0
2021-12-24,Amador,005,37829,5925,5861,79,5940,70
2021-12-24,Butte,007,227075,22484,22087,4045,26132,330
2021-12-24,Calaveras,009,45235,4646,4591,67,4658,91
2021-12-24,Colusa,011,21464,2670,2647,711,3358,21
2021-12-24,Contra Costa,013,1133247,107804,105022,2687,107709,1071
2021-12-24,Del Norte,015,27424,3836,3795,57,3852,43
2021-12-24,El Dorado,017,186661,17616,17188,1867,19055,172
2021-12-24,Fresno,019,978130,149947,148027,13068,161095,2358
2021-12-24,Glenn,021,27897,3666,3611,1027,4638,39
2021-12-24,Humboldt,023,135768,10331,10052,769,10821,119
2021-12-24,Imperial,025,180216,37477,36878,4457,41335,800
2021-12-24,Inyo,027,18085,2699,2636,43,2679,47
2021-12-24,Kern,029,883053,136178,134591,25249,159840,1908
2021-12-24,Kings,031,150075,34453,34009,2106,36115,379
2021-12-24,Lake,033,64148,7079,7019,180,7199,116
2021-12-24,Lassen,035,31185,7118,7072,439,7511,55
2021-12-24,Los Angeles,037,10098052,1570420,1515469,63741,1579210,27257
2021-12-24,Madera,039,155013,25002,24741,2400,27141,320
2021-12-24,Marin,041,260295,19950,19085,713,19798,249
2021-12-24,Mariposa,043,17540,1518,1480,64,1544,6
2021-12-24,Mendocino,045,87422,8439,8314,703,9017,98
2021-12-24,Merced,047,269075,44576,44208,2117,46325,690
2021-12-24,Modoc,049,8938,605,597,209,806,6
2021-12-24,Mono,051,14174,2065,2000,24,2024,4
2021-12-24,Monterey,053,433212,51538,49709,3592,53301,638
2021-12-24,Napa,055,140530,14251,13809,186,13995,107
2021-12-24,Nevada,057,99092,10341,10153,367,10520,110
2021-12-24,Orange,059,3164182,332153,322991,18819,341810,5863
2021-12-24,Placer,061,380077,40690,39852,4158,44010,489
2021-12-24,Plumas,063,18699,2014,1987,52,2039,12
2021-12-24,Riverside,065,2383286,394224,384567,17622,402189,5470
2021-12-24,Sacramento,067,1510023,172175,169144,5562,174706,2418
2021-12-24,San Benito,069,59416,8140,7991,196,8187,79
2021-12-24,San Bernardino,071,2135413,384016,376052,12530,388582,6043
2021-12-24,San Diego,073,3302833,419925,406616,24556,431172,4442
2021-12-24,San Francisco,075,870044,63038,58229,2878,61107,682
2021-12-24,San Joaquin,077,732212,106152,104590,5887,110477,1872
2021-12-24,San Luis Obispo,079,281455,32090,31290,1448,32738,365
2021-12-24,San Mateo,081,765935,60946,56973,1177,58150,581
2021-12-24,Santa Barbara,083,443738,48649,47553,1793,49346,567
2021-12-24,Santa Clara,085,1922200,162212,156872,2045,158917,1967
2021-12-24,Santa Cruz,087,273765,22792,22176,1113,23289,228
2021-12-24,Shasta,089,179085,23191,22959,3804,26763,432
2021-12-24,Sierra,091,2930,213,202,21,223,0
2021-12-24,Siskiyou,093,43540,3515,3460,1398,4858,60
2021-12-24,Solano,095,438530,48895,47646,1466,49112,377
2021-12-24,Sonoma,097,501317,45525,44358,645,45003,408
2021-12-24,Stanislaus,099,539301,83820,83368,9576,92944,1331
2021-12-24,Sutter,101,95872,14697,14533,423,14956,191
2021-12-24,Tehama,103,63373,8986,8861,1586,10447,136
2021-12-24,Trinity,105,12862,913,826,227,1053,17
2021-12-24,Tulare,107,460477,72621,71292,17092,88384,1137
2021-12-24,Tuolumne,109,53932,8003,7919,117,8036,91
2021-12-24,Ventura,111,848112,106409,103498,5048,108546,1206
2021-12-24,Yolo,113,214977,21544,21084,1416,22500,270
2021-12-24,Yuba,115,75493,10816,10694,419,11113,98
2021-12-23,Alameda,001,1643700,131112,127221,3414,130635,1525
2021-12-23,Alpine,003,1148,110,113,0,113,0
2021-12-23,Amador,005,37829,5913,5861,77,5938,70
2021-12-23,Butte,007,227075,22434,22087,4034,26121,330
2021-12-23,Calaveras,009,45235,4635,4591,67,4658,91
2021-12-23,Colusa,011,21464,2664,2647,707,3354,21
2021-12-23,Contra Costa,013,1133247,107385,105022,2642,107664,1071
2021-12-23,Del Norte,015,27424,3833,3795,57,3852,43
2021-12-23,El Dorado,017,186661,17554,17188,1861,19049,172
2021-12-23,Fresno,019,978130,149743,148027,13052,161079,2358
2021-12-23,Glenn,021,27897,3662,3611,1027,4638,39
2021-12-23,Humboldt,023,135768,10278,10052,766,10818,119
2021-12-23,Imperial,025,180216,37403,36878,4429,41307,800
2021-12-23,Inyo,027,18085,2686,2636,43,2679,47
2021-12-23,Kern,029,883053,136028,134591,25151,159742,1908
2021-12-23,Kings,031,150075,34412,34009,2105,36114,379
2021-12-23,Lake,033,64148,7067,7019,178,7197,116
2021-12-23,Lassen,035,31185,7117,7072,439,7511,55
2021-12-23,Los Angeles,037,10098052,1560970,1515469,62641,1578110,27257
2021-12-23,Madera,039,155013,24971,24741,2397,27138,320
2021-12-23,Marin,041,260295,19816,19085,696,19781,249
2021-12-23,Mariposa,043,17540,1513,1480,64,1544,6
2021-12-23,Mendocino,045,87422,8430,8314,703,9017,98
2021-12-23,Merced,047,269075,44527,44208,2115,46323,690
2021-12-23,Modoc,049,8938,605,597,209,806,6
2021-12-23,Mono,051,14174,2044,2000,23,2023,4
2021-12-23,Monterey,053,433212,51421,49709,3570,53279,638
2021-12-23,Napa,055,140530,14170,13809,181,13990,107
2021-12-23,Nevada,057,99092,10318,10153,366,10519,110
2021-12-23,Orange,059,3164182,330475,322991,18485,341476,5863
2021-12-23,Placer,061,380077,40566,39852,4142,43994,489
2021-12-23,Plumas,063,18699,2014,1987,52,2039,12
2021-12-23,Riverside,065,2383286,393018,384567,17551,402118,5470
2021-12-23,Sacramento,067,1510023,171728,169144,5517,174661,2418
2021-12-23,San Benito,069,59416,8122,7991,194,8185,79
2021-12-23,San Bernardino,071,2135413,382889,376052,12427,388479,6043
2021-12-23,San Diego,073,3302833,418093,406616,24359,430975,4442
2021-12-23,San Francisco,075,870044,62305,58229,2851,61080,682
2021-12-23,San Joaquin,077,732212,105935,104590,5874,110464,1872
2021-12-23,San Luis Obispo,079,281455,32018,31290,1444,32734,365
2021-12-23,San Mateo,081,765935,60388,56973,1156,58129,581
2021-12-23,Santa Barbara,083,443738,48450,47553,1791,49344,567
2021-12-23,Santa Clara,085,1922200,161300,156872,1986,158858,1967
2021-12-23,Santa Cruz,087,273765,22676,22176,1102,23278,228
2021-12-23,Shasta,089,179085,23163,22959,3801,26760,432
2021-12-23,Sierra,091,2930,210,202,21,223,0
2021-12-23,Siskiyou,093,43540,3515,3460,1396,4856,60
2021-12-23,Solano,095,438530,48788,47646,1451,49097,377
2021-12-23,Sonoma,097,501317,45347,44358,642,45000,408
2021-12-23,Stanislaus,099,539301,83692,83368,9562,92930,1331
2021-12-23,Sutter,101,95872,14679,14533,422,14955,191
2021-12-23,Tehama,103,63373,8974,8861,1582,10443,136
2021-12-23,Trinity,105,12862,913,826,227,1053,17
2021-12-23,Tulare,107,460477,72545,71292,17047,88339,1137
2021-12-23,Tuolumne,109,53932,7985,7919,116,8035,91
2021-12-23,Ventura,111,848112,105874,103498,4981,108479,1206
2021-12-23,Yolo,113,214977,21472,21084,1398,22482,270
2021-12-23,Yuba,115,75493,10803,10694,419,11113,98
2021-12-22,Alameda,001,1643700,130201,126533,3329,129862,1522
2021-12-22,Alpine,003,1148,110,112,0,112,0
2021-12-22,Amador,005,37829,5900,5850,76,5926,70
2021-12-22,Butte,007,227075,22384,22070,4023,26093,330
2021-12-22,Calaveras,009,45235,4626,4580,67,4647,91
2021-12-22,Colusa,011,21464,2664,2645,704,3349,21
2021-12-22,Contra Costa,013,1133247,106766,104559,2598,107157,1070
2021-12-22,Del Norte,015,27424,3833,3794,57,3851,43
2021-12-22,El Dorado,017,186661,17494,17140,1852,18992,172
2021-12-22,Fresno,019,978130,149465,147838,13026,160864,2349
2021-12-22,Glenn,021,27897,3657,3604,1027,4631,39
2021-12-22,Humboldt,023,135768,10217,10022,761,10783,119
2021-12-22,Imperial,025,180216,37315,36755,4391,41146,798
2021-12-22,Inyo,027,18085,2668,2632,43,2675,47
2021-12-22,Kern,029,883053,135794,134433,25066,159499,1900
2021-12-22,Kings,031,150075,34362,33953,2098,36051,376
2021-12-22,Lake,033,64148,7060,7008,176,7184,116
2021-12-22,Lassen,035,31185,7112,7069,438,7507,55
2021-12-22,Los Angeles,037,10098052,1547507,1507110,61467,1568577,27234
2021-12-22,Madera,039,155013,24932,24702,2393,27095,320
2021-12-22,Marin,041,260295,19595,18927,673,19600,249
2021-12-22,Mariposa,043,17540,1506,1480,64,1544,6
2021-12-22,Mendocino,045,87422,8421,8299,703,9002,99
2021-12-22,Merced,047,269075,44456,44137,2113,46250,689
2021-12-22,Modoc,049,8938,605,595,209,804,6
2021-12-22,Mono,051,14174,2040,1979,23,2002,4
2021-12-22,Monterey,053,433212,51270,49650,3553,53203,639
2021-12-22,Napa,055,140530,14042,13746,171,13917,107
2021-12-22,Nevada,057,99092,10291,10101,361,10462,110
2021-12-22,Orange,059,3164182,328204,321765,18051,339816,5858
2021-12-22,Placer,061,380077,40384,39758,4105,43863,489
2021-12-22,Plumas,063,18699,2010,1986,52,2038,12
2021-12-22,Riverside,065,2383286,391204,383319,17436,400755,5472
2021-12-22,Sacramento,067,1510023,171084,168695,5456,174151,2422
2021-12-22,San Benito,069,59416,8070,7971,192,8163,79
2021-12-22,San Bernardino,071,2135413,381280,375044,12344,387388,6039
2021-12-22,San Diego,073,3302833,413975,404269,24036,428305,4434
2021-12-22,San Francisco,075,870044,61306,57520,2804,60324,682
2021-12-22,San Joaquin,077,732212,105665,104385,5860,110245,1870
2021-12-22,San Luis Obispo,079,281455,31877,31175,1424,32599,365
2021-12-22,San Mateo,081,765935,59703,56604,1127,57731,581
2021-12-22,Santa Barbara,083,443738,48195,47372,1776,49148,566
2021-12-22,Santa Clara,085,1922200,160182,156258,1944,158202,1954
2021-12-22,Santa Cruz,087,273765,22570,22075,1096,23171,228
2021-12-22,Shasta,089,179085,23135,22937,3796,26733,432
2021-12-22,Sierra,091,2930,210,202,21,223,0
2021-12-22,Siskiyou,093,43540,3512,3458,1393,4851,59
2021-12-22,Solano,095,438530,48554,47531,1436,48967,375
2021-12-22,Sonoma,097,501317,45071,44201,631,44832,408
2021-12-22,Stanislaus,099,539301,83549,83245,9547,92792,1331
2021-12-22,Sutter,101,95872,14644,14513,419,14932,191
2021-12-22,Tehama,103,63373,8961,8853,1579,10432,136
2021-12-22,Trinity,105,12862,913,826,227,1053,17
2021-12-22,Tulare,107,460477,72443,71226,16992,88218,1137
2021-12-22,Tuolumne,109,53932,7964,7903,116,8019,91
2021-12-22,Ventura,111,848112,105268,103089,4874,107963,1206
2021-12-22,Yolo,113,214977,21400,21012,1384,22396,270
2021-12-22,Yuba,115,75493,10786,10681,419,11100,98
2021-12-21,Alameda,001,1643700,129220,126007,3273,129280,1518
2021-12-21,Alpine,003,1148,110,112,0,112,0
2021-12-21,Amador,005,37829,5890,5845,76,5921,70
2021-12-21,Butte,007,227075,22322,22041,4010,26051,330
2021-12-21,Calaveras,009,45235,4613,4575,67,4642,91
2021-12-21,Colusa,011,21464,2662,2643,703,3346,21
2021-12-21,Contra Costa,013,1133247,106125,104255,2534,106789,1068
2021-12-21,Del Norte,015,27424,3832,3793,57,3850,43
2021-12-21,El Dorado,017,186661,17430,17098,1840,18938,172
2021-12-21,Fresno,019,978130,149186,147707,12997,160704,2341
2021-12-21,Glenn,021,27897,3643,3602,1027,4629,39
2021-12-21,Humboldt,023,135768,10152,9989,756,10745,118
2021-12-21,Imperial,025,180216,37216,36580,4346,40926,792
2021-12-21,Inyo,027,18085,2656,2627,43,2670,47
2021-12-21,Kern,029,883053,135585,134321,24960,159281,1892
2021-12-21,Kings,031,150075,34302,33914,2097,36011,376
2021-12-21,Lake,033,64148,7055,7004,174,7178,116
2021-12-21,Lassen,035,31185,7110,7069,438,7507,55
2021-12-21,Los Angeles,037,10098052,1533669,1501169,60429,1561598,27220
2021-12-21,Madera,039,155013,24897,24688,2387,27075,320
2021-12-21,Marin,041,260295,19425,18828,638,19466,249
2021-12-21,Mariposa,043,17540,1505,1480,63,1543,6
2021-12-21,Mendocino,045,87422,8405,8282,701,8983,97
2021-12-21,Merced,047,269075,44384,44096,2110,46206,688
2021-12-21,Modoc,049,8938,603,595,207,802,6
2021-12-21,Mono,051,14174,2020,1979,23,2002,4
2021-12-21,Monterey,053,433212,51179,49586,3535,53121,638
2021-12-21,Napa,055,140530,13941,13703,160,13863,107
2021-12-21,Nevada,057,99092,10262,10095,361,10456,110
2021-12-21,Orange,059,3164182,326083,320705,17596,338301,5855
2021-12-21,Placer,061,380077,40239,39649,4076,43725,487
2021-12-21,Plumas,063,18699,2010,1975,52,2027,12
2021-12-21,Riverside,065,2383286,389487,382415,17314,399729,5465
2021-12-21,Sacramento,067,1510023,170452,168422,5400,173822,2419
2021-12-21,San Benito,069,59416,8033,7950,190,8140,79
2021-12-21,San Bernardino,071,2135413,379702,374219,12239,386458,6026
2021-12-21,San Diego,073,3302833,410230,402386,23717,426103,4424
2021-12-21,San Francisco,075,870044,60348,56950,2770,59720,681
2021-12-21,San Joaquin,077,732212,105375,104238,5841,110079,1870
2021-12-21,San Luis Obispo,079,281455,31712,31103,1412,32515,365
2021-12-21,San Mateo,081,765935,59087,56381,1103,57484,581
2021-12-21,Santa Barbara,083,443738,47968,47194,1761,48955,564
2021-12-21,Santa Clara,085,1922200,159157,155769,1901,157670,1951
2021-12-21,Santa Cruz,087,273765,22453,22028,1085,23113,228
2021-12-21,Shasta,089,179085,23105,22920,3792,26712,429
2021-12-21,Sierra,091,2930,208,201,21,222,0
2021-12-21,Siskiyou,093,43540,3511,3455,1393,4848,59
2021-12-21,Solano,095,438530,48393,47474,1429,48903,372
2021-12-21,Sonoma,097,501317,44848,44051,621,44672,408
2021-12-21,Stanislaus,099,539301,83392,83167,9520,92687,1331
2021-12-21,Sutter,101,95872,14621,14492,418,14910,190
2021-12-21,Tehama,103,63373,8953,8849,1574,10423,136
2021-12-21,Trinity,105,12862,913,826,227,1053,17
2021-12-21,Tulare,107,460477,72352,71166,16949,88115,1137
2021-12-21,Tuolumne,109,53932,7940,7893,116,8009,91
2021-12-21,Ventura,111,848112,104652,102631,4761,107392,1205
2021-12-21,Yolo,113,214977,21292,20944,1380,22324,267
2021-12-21,Yuba,115,75493,10769,10668,419,11087,98
2021-12-20,Alameda,001,1643700,128297,125762,3204,128966,1515
2021-12-20,Alpine,003,1148,110,112,0,112,0
2021-12-20,Amador,005,37829,5876,5838,76,5914,70
2021-12-20,Butte,007,227075,22260,22030,4001,26031,329
2021-12-20,Calaveras,009,45235,4603,4569,67,4636,91
2021-12-20,Colusa,011,21464,2660,2644,703,3347,21
2021-12-20,Contra Costa,013,1133247,105601,104051,2487,106538,1068
2021-12-20,Del Norte,015,27424,3830,3792,57,3849,43
2021-12-20,El Dorado,017,186661,17367,17083,1831,18914,172
2021-12-20,Fresno,019,978130,148946,147605,12972,160577,2341
2021-12-20,Glenn,021,27897,3637,3597,1027,4624,39
2021-12-20,Humboldt,023,135768,10109,9973,753,10726,118
2021-12-20,Imperial,025,180216,37099,36532,4315,40847,792
2021-12-20,Inyo,027,18085,2653,2615,43,2658,47
2021-12-20,Kern,029,883053,135386,134203,24900,159103,1883
2021-12-20,Kings,031,150075,34260,33898,2096,35994,376
2021-12-20,Lake,033,64148,7050,6999,174,7173,116
2021-12-20,Lassen,035,31185,7108,7065,437,7502,55
2021-12-20,Los Angeles,037,10098052,1522227,1495251,59704,1554955,27188
2021-12-20,Madera,039,155013,24868,24668,2383,27051,313
2021-12-20,Marin,041,260295,19211,18747,620,19367,249
2021-12-20,Mariposa,043,17540,1496,1479,63,1542,6
2021-12-20,Mendocino,045,87422,8393,8264,699,8963,96
2021-12-20,Merced,047,269075,44327,44071,2105,46176,687
2021-12-20,Modoc,049,8938,603,595,204,799,6
2021-12-20,Mono,051,14174,1998,1973,23,1996,4
2021-12-20,Monterey,053,433212,51084,49556,3517,53073,636
2021-12-20,Napa,055,140530,13857,13672,150,13822,107
2021-12-20,Nevada,057,99092,10222,10079,360,10439,109
2021-12-20,Orange,059,3164182,324488,320235,17275,337510,5852
2021-12-20,Placer,061,380077,40111,39579,4046,43625,485
2021-12-20,Plumas,063,18699,2008,1971,51,2022,12
2021-12-20,Riverside,065,2383286,388044,381841,17222,399063,5452
2021-12-20,Sacramento,067,1510023,169885,168153,5358,173511,2414
2021-12-20,San Benito,069,59416,7991,7934,188,8122,79
2021-12-20,San Bernardino,071,2135413,378254,373881,12156,386037,6023
2021-12-20,San Diego,073,3302833,406993,401483,23479,424962,4412
2021-12-20,San Francisco,075,870044,59287,56661,2708,59369,681
2021-12-20,San Joaquin,077,732212,105131,104188,5832,110020,1865
2021-12-20,San Luis Obispo,079,281455,31598,31075,1404,32479,365
2021-12-20,San Mateo,081,765935,58541,56247,1084,57331,581
2021-12-20,Santa Barbara,083,443738,47759,47131,1756,48887,562
2021-12-20,Santa Clara,085,1922200,158199,155427,1853,157280,1950
2021-12-20,Santa Cruz,087,273765,22372,21989,1080,23069,227
2021-12-20,Shasta,089,179085,23085,22888,3787,26675,429
2021-12-20,Sierra,091,2930,207,201,21,222,0
2021-12-20,Siskiyou,093,43540,3510,3453,1391,4844,59
2021-12-20,Solano,095,438530,48262,47394,1421,48815,370
2021-12-20,Sonoma,097,501317,44658,43982,613,44595,408
2021-12-20,Stanislaus,099,539301,83267,83110,9493,92603,1331
2021-12-20,Sutter,101,95872,14599,14480,418,14898,190
2021-12-20,Tehama,103,63373,8945,8840,1571,10411,136
2021-12-20,Trinity,105,12862,913,826,227,1053,17
2021-12-20,Tulare,107,460477,72260,71124,16883,88007,1129
2021-12-20,Tuolumne,109,53932,7926,7867,112,7979,91
2021-12-20,Ventura,111,848112,104145,102452,4683,107135,1203
2021-12-20,Yolo,113,214977,21205,20903,1368,22271,267
2021-12-20,Yuba,115,75493,10753,10656,416,11072,97
2021-12-19,Alameda,001,1643700,127426,125464,3157,128621,1519
2021-12-19,Alpine,003,1148,110,112,0,112,0
2021-12-19,Amador,005,37829,5864,5832,75,5907,70
2021-12-19,Butte,007,227075,22208,22022,3995,26017,329
2021-12-19,Calaveras,009,45235,4587,4563,66,4629,91
2021-12-19,Colusa,011,21464,2660,2643,700,3343,21
2021-12-19,Contra Costa,013,1133247,105106,103906,2452,106358,1068
2021-12-19,Del Norte,015,27424,3826,3797,57,3854,43
2021-12-19,El Dorado,017,186661,17311,17067,1829,18896,172
2021-12-19,Fresno,019,978130,148707,147505,12950,160455,2341
2021-12-19,Glenn,021,27897,3633,3596,1026,4622,39
2021-12-19,Humboldt,023,135768,10069,9957,748,10705,118
2021-12-19,Imperial,025,180216,36971,36501,4269,40770,792
2021-12-19,Inyo,027,18085,2644,2613,43,2656,47
2021-12-19,Kern,029,883053,135190,134136,24829,158965,1883
2021-12-19,Kings,031,150075,34200,33874,2092,35966,378
2021-12-19,Lake,033,64148,7041,6999,171,7170,116
2021-12-19,Lassen,035,31185,7104,7065,437,7502,55
2021-12-19,Los Angeles,037,10098052,1513294,1495082,59095,1554177,27189
2021-12-19,Madera,039,155013,24843,24642,2377,27019,313
2021-12-19,Marin,041,260295,19035,18707,597,19304,249
2021-12-19,Mariposa,043,17540,1490,1475,63,1538,6
2021-12-19,Mendocino,045,87422,8376,8257,696,8953,96
2021-12-19,Merced,047,269075,44232,44045,2097,46142,687
2021-12-19,Modoc,049,8938,602,595,204,799,6
2021-12-19,Mono,051,14174,1987,1968,22,1990,4
2021-12-19,Monterey,053,433212,50984,49516,3495,53011,636
2021-12-19,Napa,055,140530,13784,13659,141,13800,107
2021-12-19,Nevada,057,99092,10186,10057,357,10414,109
2021-12-19,Orange,059,3164182,323104,319615,17046,336661,5852
2021-12-19,Placer,061,380077,39992,39525,4030,43555,485
2021-12-19,Plumas,063,18699,2005,1971,51,2022,12
2021-12-19,Riverside,065,2383286,386617,381305,17145,398450,5452
2021-12-19,Sacramento,067,1510023,169392,167933,5330,173263,2415
2021-12-19,San Benito,069,59416,7965,7929,187,8116,79
2021-12-19,San Bernardino,071,2135413,376977,373480,12114,385594,6023
2021-12-19,San Diego,073,3302833,404487,398197,23282,421479,4406
2021-12-19,San Francisco,075,870044,58409,56358,2652,59010,681
2021-12-19,San Joaquin,077,732212,104874,104125,5818,109943,1865
2021-12-19,San Luis Obispo,079,281455,31474,31035,1392,32427,366
2021-12-19,San Mateo,081,765935,58077,56132,1069,57201,581
2021-12-19,Santa Barbara,083,443738,47540,47070,1749,48819,562
2021-12-19,Santa Clara,085,1922200,157308,155049,1825,156874,1950
2021-12-19,Santa Cruz,087,273765,22272,21960,1075,23035,227
2021-12-19,Shasta,089,179085,23049,22875,3783,26658,429
2021-12-19,Sierra,091,2930,206,201,21,222,0
2021-12-19,Siskiyou,093,43540,3507,3452,1391,4843,59
2021-12-19,Solano,095,438530,48144,47341,1415,48756,370
2021-12-19,Sonoma,097,501317,44476,43944,611,44555,408
2021-12-19,Stanislaus,099,539301,83129,83040,9462,92502,1331
2021-12-19,Sutter,101,95872,14560,14475,417,14892,190
2021-12-19,Tehama,103,63373,8937,8840,1571,10411,136
2021-12-19,Trinity,105,12862,913,826,227,1053,17
2021-12-19,Tulare,107,460477,72164,71085,16842,87927,1129
2021-12-19,Tuolumne,109,53932,7909,7865,111,7976,91
2021-12-19,Ventura,111,848112,103566,102170,4618,106788,1203
2021-12-19,Yolo,113,214977,21130,20887,1349,22236,267
2021-12-19,Yuba,115,75493,10736,10646,414,11060,97
2021-12-18,Alameda,001,1643700,127021,124583,3132,127715,1512
2021-12-18,Alpine,003,1148,110,110,0,110,0
2021-12-18,Amador,005,37829,5858,5821,75,5896,69
2021-12-18,Butte,007,227075,22191,21956,3990,25946,328
2021-12-18,Calaveras,009,45235,4580,4534,66,4600,91
2021-12-18,Colusa,011,21464,2658,2635,698,3333,21
2021-12-18,Contra Costa,013,1133247,104894,103380,2438,105818,1065
2021-12-18,Del Norte,015,27424,3823,3791,57,3848,43
2021-12-18,El Dorado,017,186661,17283,16968,1826,18794,171
2021-12-18,Fresno,019,978130,148605,147038,12938,159976,2335
2021-12-18,Glenn,021,27897,3630,3590,1026,4616,39
2021-12-18,Humboldt,023,135768,10053,9889,748,10637,118
2021-12-18,Imperial,025,180216,36899,36280,4257,40537,790
2021-12-18,Inyo,027,18085,2638,2607,43,2650,47
2021-12-18,Kern,029,883053,135100,133754,24782,158536,1873
2021-12-18,Kings,031,150075,34168,33783,2088,35871,374
2021-12-18,Lake,033,64148,7040,6976,171,7147,115
2021-12-18,Lassen,035,31185,7102,7061,436,7497,55
2021-12-18,Los Angeles,037,10098052,1509218,1484840,58778,1543618,27135
2021-12-18,Madera,039,155013,24828,24575,2375,26950,313
2021-12-18,Marin,041,260295,18936,18537,585,19122,249
2021-12-18,Mariposa,043,17540,1489,1468,63,1531,6
2021-12-18,Mendocino,045,87422,8370,8219,696,8915,95
2021-12-18,Merced,047,269075,44198,43929,2096,46025,686
2021-12-18,Modoc,049,8938,600,595,204,799,6
2021-12-18,Mono,051,14174,1985,1956,22,1978,4
2021-12-18,Monterey,053,433212,50927,49343,3490,52833,635
2021-12-18,Napa,055,140530,13758,13581,139,13720,107
2021-12-18,Nevada,057,99092,10164,9991,355,10346,108
2021-12-18,Orange,059,3164182,322443,318149,16907,335056,5844
2021-12-18,Placer,061,380077,39892,39336,4016,43352,485
2021-12-18,Plumas,063,18699,2005,1964,51,2015,13
2021-12-18,Riverside,065,2383286,385924,379354,17103,396457,5439
2021-12-18,Sacramento,067,1510023,169156,167046,5309,172355,2404
2021-12-18,San Benito,069,59416,7950,7894,187,8081,79
2021-12-18,San Bernardino,071,2135413,376331,371658,12086,383744,6017
2021-12-18,San Diego,073,3302833,403535,397130,23229,420359,4399
2021-12-18,San Francisco,075,870044,57911,55562,2621,58183,679
2021-12-18,San Joaquin,077,732212,104786,103698,5809,109507,1858
2021-12-18,San Luis Obispo,079,281455,31431,30873,1386,32259,365
2021-12-18,San Mateo,081,765935,57838,55730,1064,56794,580
2021-12-18,Santa Barbara,083,443738,47444,46776,1747,48523,562
2021-12-18,Santa Clara,085,1922200,156858,154243,1812,156055,1946
2021-12-18,Santa Cruz,087,273765,22220,21805,1073,22878,225
2021-12-18,Shasta,089,179085,23028,22811,3783,26594,429
2021-12-18,Sierra,091,2930,206,199,21,220,0
2021-12-18,Siskiyou,093,43540,3505,3441,1390,4831,58
2021-12-18,Solano,095,438530,48098,47174,1413,48587,369
2021-12-18,Sonoma,097,501317,44365,43658,607,44265,407
2021-12-18,Stanislaus,099,539301,83047,82736,9451,92187,1330
2021-12-18,Sutter,101,95872,14542,14435,417,14852,190
2021-12-18,Tehama,103,63373,8931,8814,1570,10384,136
2021-12-18,Trinity,105,12862,913,823,227,1050,17
2021-12-18,Tulare,107,460477,72126,70922,16817,87739,1120
2021-12-18,Tuolumne,109,53932,7895,7834,111,7945,91
2021-12-18,Ventura,111,848112,103281,101612,4594,106206,1201
2021-12-18,Yolo,113,214977,21090,20793,1343,22136,267
2021-12-18,Yuba,115,75493,10724,10599,414,11013,96
2021-12-17,Alameda,001,1643700,126690,124583,3112,127695,1512
2021-12-17,Alpine,003,1148,110,110,0,110,0
2021-12-17,Amador,005,37829,5851,5821,75,5896,69
2021-12-17,Butte,007,227075,22171,21956,3984,25940,328
2021-12-17,Calaveras,009,45235,4576,4534,66,4600,91
2021-12-17,Colusa,011,21464,2657,2635,697,3332,21
2021-12-17,Contra Costa,013,1133247,104690,103380,2434,105814,1065
2021-12-17,Del Norte,015,27424,3822,3791,57,3848,43
2021-12-17,El Dorado,017,186661,17254,16968,1823,18791,171
2021-12-17,Fresno,019,978130,148500,147038,12938,159976,2335
2021-12-17,Glenn,021,27897,3623,3590,1026,4616,39
2021-12-17,Humboldt,023,135768,10034,9889,746,10635,118
2021-12-17,Imperial,025,180216,36837,36280,4239,40519,790
2021-12-17,Inyo,027,18085,2633,2607,43,2650,47
2021-12-17,Kern,029,883053,135010,133754,24740,158494,1873
2021-12-17,Kings,031,150075,34149,33783,2088,35871,374
2021-12-17,Lake,033,64148,7036,6976,171,7147,115
2021-12-17,Lassen,035,31185,7102,7061,435,7496,55
2021-12-17,Los Angeles,037,10098052,1505280,1484840,58532,1543372,27135
2021-12-17,Madera,039,155013,24812,24575,2370,26945,313
2021-12-17,Marin,041,260295,18860,18537,581,19118,249
2021-12-17,Mariposa,043,17540,1485,1468,63,1531,6
2021-12-17,Mendocino,045,87422,8359,8219,696,8915,95
2021-12-17,Merced,047,269075,44171,43929,2095,46024,686
2021-12-17,Modoc,049,8938,600,595,204,799,6
2021-12-17,Mono,051,14174,1982,1956,22,1978,4
2021-12-17,Monterey,053,433212,50870,49343,3485,52828,635
2021-12-17,Napa,055,140530,13731,13581,138,13719,107
2021-12-17,Nevada,057,99092,10153,9991,355,10346,108
2021-12-17,Orange,059,3164182,321884,318149,16839,334988,5844
2021-12-17,Placer,061,380077,39838,39336,4010,43346,485
2021-12-17,Plumas,063,18699,2004,1964,51,2015,13
2021-12-17,Riverside,065,2383286,385278,379354,17092,396446,5439
2021-12-17,Sacramento,067,1510023,168929,167046,5296,172342,2404
2021-12-17,San Benito,069,59416,7948,7894,187,8081,79
2021-12-17,San Bernardino,071,2135413,375794,371658,12069,383727,6017
2021-12-17,San Diego,073,3302833,402599,397130,23181,420311,4399
2021-12-17,San Francisco,075,870044,57584,55562,2591,58153,679
2021-12-17,San Joaquin,077,732212,104712,103698,5794,109492,1858
2021-12-17,San Luis Obispo,079,281455,31403,30873,1382,32255,365
2021-12-17,San Mateo,081,765935,57651,55730,1057,56787,580
2021-12-17,Santa Barbara,083,443738,47367,46776,1741,48517,562
2021-12-17,Santa Clara,085,1922200,156486,154243,1797,156040,1946
2021-12-17,Santa Cruz,087,273765,22173,21805,1070,22875,225
2021-12-17,Shasta,089,179085,23015,22811,3781,26592,429
2021-12-17,Sierra,091,2930,205,199,21,220,0
2021-12-17,Siskiyou,093,43540,3501,3441,1388,4829,58
2021-12-17,Solano,095,438530,48030,47174,1409,48583,369
2021-12-17,Sonoma,097,501317,44270,43658,604,44262,407
2021-12-17,Stanislaus,099,539301,82996,82736,9445,92181,1330
2021-12-17,Sutter,101,95872,14531,14435,415,14850,190
2021-12-17,Tehama,103,63373,8924,8814,1569,10383,136
2021-12-17,Trinity,105,12862,913,823,227,1050,17
2021-12-17,Tulare,107,460477,72084,70922,16786,87708,1120
2021-12-17,Tuolumne,109,53932,7883,7834,111,7945,91
2021-12-17,Ventura,111,848112,103031,101612,4582,106194,1201
2021-12-17,Yolo,113,214977,21057,20793,1338,22131,267
2021-12-17,Yuba,115,75493,10713,10599,411,11010,96
2021-12-16,Alameda,001,1643700,126318,124583,3099,127682,1512
2021-12-16,Alpine,003,1148,108,110,0,110,0
2021-12-16,Amador,005,37829,5843,5821,75,5896,69
2021-12-16,Butte,007,227075,22152,21956,3981,25937,328
2021-12-16,Calaveras,009,45235,4568,4534,66,4600,91
2021-12-16,Colusa,011,21464,2657,2635,697,3332,21
2021-12-16,Contra Costa,013,1133247,104467,103380,2422,105802,1065
2021-12-16,Del Norte,015,27424,3819,3791,57,3848,43
2021-12-16,El Dorado,017,186661,17218,16968,1818,18786,171
2021-12-16,Fresno,019,978130,148343,147038,12932,159970,2335
2021-12-16,Glenn,021,27897,3622,3590,1026,4616,39
2021-12-16,Humboldt,023,135768,10010,9889,737,10626,118
2021-12-16,Imperial,025,180216,36752,36280,4207,40487,790
2021-12-16,Inyo,027,18085,2629,2607,42,2649,47
2021-12-16,Kern,029,883053,134868,133754,24689,158443,1873
2021-12-16,Kings,031,150075,34125,33783,2087,35870,374
2021-12-16,Lake,033,64148,7032,6976,171,7147,115
2021-12-16,Lassen,035,31185,7099,7061,434,7495,55
2021-12-16,Los Angeles,037,10098052,1501079,1484840,58260,1543100,27135
2021-12-16,Madera,039,155013,24782,24575,2366,26941,313
2021-12-16,Marin,041,260295,18813,18537,573,19110,249
2021-12-16,Mariposa,043,17540,1483,1468,63,1531,6
2021-12-16,Mendocino,045,87422,8348,8219,693,8912,95
2021-12-16,Merced,047,269075,44132,43929,2095,46024,686
2021-12-16,Modoc,049,8938,600,595,204,799,6
2021-12-16,Mono,051,14174,1979,1956,22,1978,4
2021-12-16,Monterey,053,433212,50799,49343,3468,52811,635
2021-12-16,Napa,055,140530,13699,13581,138,13719,107
2021-12-16,Nevada,057,99092,10127,9991,355,10346,108
2021-12-16,Orange,059,3164182,321281,318149,16759,334908,5844
2021-12-16,Placer,061,380077,39761,39336,4005,43341,485
2021-12-16,Plumas,063,18699,2004,1964,51,2015,13
2021-12-16,Riverside,065,2383286,384478,379354,17078,396432,5439
2021-12-16,Sacramento,067,1510023,168645,167046,5271,172317,2404
2021-12-16,San Benito,069,59416,7941,7894,187,8081,79
2021-12-16,San Bernardino,071,2135413,375153,371658,12050,383708,6017
2021-12-16,San Diego,073,3302833,401414,397130,23117,420247,4399
2021-12-16,San Francisco,075,870044,57207,55562,2568,58130,679
2021-12-16,San Joaquin,077,732212,104591,103698,5787,109485,1858
2021-12-16,San Luis Obispo,079,281455,31334,30873,1376,32249,365
2021-12-16,San Mateo,081,765935,57450,55730,1054,56784,580
2021-12-16,Santa Barbara,083,443738,47245,46776,1737,48513,562
2021-12-16,Santa Clara,085,1922200,156158,154243,1787,156030,1946
2021-12-16,Santa Cruz,087,273765,22126,21805,1069,22874,225
2021-12-16,Shasta,089,179085,22985,22811,3779,26590,429
2021-12-16,Sierra,091,2930,205,199,21,220,0
2021-12-16,Siskiyou,093,43540,3500,3441,1384,4825,58
2021-12-16,Solano,095,438530,47962,47174,1402,48576,369
2021-12-16,Sonoma,097,501317,44172,43658,602,44260,407
2021-12-16,Stanislaus,099,539301,82909,82736,9432,92168,1330
2021-12-16,Sutter,101,95872,14518,14435,414,14849,190
2021-12-16,Tehama,103,63373,8917,8814,1568,10382,136
2021-12-16,Trinity,105,12862,913,823,227,1050,17
2021-12-16,Tulare,107,460477,72035,70922,16759,87681,1120
2021-12-16,Tuolumne,109,53932,7864,7834,111,7945,91
2021-12-16,Ventura,111,848112,102763,101612,4575,106187,1201
2021-12-16,Yolo,113,214977,21009,20793,1333,22126,267
2021-12-16,Yuba,115,75493,10698,10599,410,11009,96
2021-12-15,Alameda,001,1643700,125998,124342,3087,127429,1509
2021-12-15,Alpine,003,1148,108,109,0,109,0
2021-12-15,Amador,005,37829,5837,5810,75,5885,69
2021-12-15,Butte,007,227075,22133,21922,3980,25902,327
2021-12-15,Calaveras,009,45235,4562,4523,66,4589,89
2021-12-15,Colusa,011,21464,2656,2632,696,3328,21
2021-12-15,Contra Costa,013,1133247,104249,103236,2419,105655,1064
2021-12-15,Del Norte,015,27424,3818,3789,56,3845,43
2021-12-15,El Dorado,017,186661,17186,16936,1812,18748,171
2021-12-15,Fresno,019,978130,148216,146859,12921,159780,2319
2021-12-15,Glenn,021,27897,3622,3589,1026,4615,39
2021-12-15,Humboldt,023,135768,9990,9854,736,10590,118
2021-12-15,Imperial,025,180216,36674,36187,4163,40350,789
2021-12-15,Inyo,027,18085,2624,2606,42,2648,47
2021-12-15,Kern,029,883053,134728,133590,24642,158232,1866
2021-12-15,Kings,031,150075,34096,33716,2083,35799,374
2021-12-15,Lake,033,64148,7023,6968,170,7138,115
2021-12-15,Lassen,035,31185,7099,7062,434,7496,55
2021-12-15,Los Angeles,037,10098052,1497192,1482735,58066,1540801,27116
2021-12-15,Madera,039,155013,24764,24549,2360,26909,313
2021-12-15,Marin,041,260295,18755,18514,568,19082,249
2021-12-15,Mariposa,043,17540,1480,1463,63,1526,6
2021-12-15,Mendocino,045,87422,8343,8209,690,8899,95
2021-12-15,Merced,047,269075,44091,43890,2083,45973,685
2021-12-15,Modoc,049,8938,600,595,204,799,6
2021-12-15,Mono,051,14174,1975,1955,22,1977,4
2021-12-15,Monterey,053,433212,50744,49279,3448,52727,635
2021-12-15,Napa,055,140530,13670,13557,136,13693,107
2021-12-15,Nevada,057,99092,10105,9958,355,10313,107
2021-12-15,Orange,059,3164182,320705,317808,16717,334525,5838
2021-12-15,Placer,061,380077,39706,39264,3995,43259,485
2021-12-15,Plumas,063,18699,2000,1957,51,2008,12
2021-12-15,Riverside,065,2383286,383762,378769,17067,395836,5438
2021-12-15,Sacramento,067,1510023,168337,166793,5249,172042,2401
2021-12-15,San Benito,069,59416,7927,7877,187,8064,79
2021-12-15,San Bernardino,071,2135413,374621,371122,12019,383141,6013
2021-12-15,San Diego,073,3302833,400228,396546,23048,419594,4395
2021-12-15,San Francisco,075,870044,56888,55414,2550,57964,679
2021-12-15,San Joaquin,077,732212,104441,103579,5778,109357,1853
2021-12-15,San Luis Obispo,079,281455,31286,30784,1369,32153,365
2021-12-15,San Mateo,081,765935,57311,55657,1043,56700,580
2021-12-15,Santa Barbara,083,443738,47164,46681,1735,48416,562
2021-12-15,Santa Clara,085,1922200,155847,153928,1766,155694,1944
2021-12-15,Santa Cruz,087,273765,22086,21753,1062,22815,225
2021-12-15,Shasta,089,179085,22970,22778,3775,26553,427
2021-12-15,Sierra,091,2930,205,199,21,220,0
2021-12-15,Siskiyou,093,43540,3499,3434,1383,4817,58
2021-12-15,Solano,095,438530,47893,47098,1395,48493,367
2021-12-15,Sonoma,097,501317,44089,43580,597,44177,407
2021-12-15,Stanislaus,099,539301,82799,82628,9425,92053,1298
2021-12-15,Sutter,101,95872,14498,14428,413,14841,189
2021-12-15,Tehama,103,63373,8910,8806,1567,10373,136
2021-12-15,Trinity,105,12862,912,822,227,1049,17
2021-12-15,Tulare,107,460477,71982,70846,16727,87573,1120
2021-12-15,Tuolumne,109,53932,7855,7818,110,7928,91
2021-12-15,Ventura,111,848112,102548,101447,4569,106016,1199
2021-12-15,Yolo,113,214977,20982,20749,1328,22077,267
2021-12-15,Yuba,115,75493,10687,10587,409,10996,96
2021-12-14,Alameda,001,1643700,125680,124272,3078,127350,1506
2021-12-14,Alpine,003,1148,107,109,0,109,0
2021-12-14,Amador,005,37829,5831,5808,74,5882,69
2021-12-14,Butte,007,227075,22100,21901,3978,25879,326
2021-12-14,Calaveras,009,45235,4550,4517,66,4583,89
2021-12-14,Colusa,011,21464,2654,2628,696,3324,21
2021-12-14,Contra Costa,013,1133247,104066,103135,2415,105550,1064
2021-12-14,Del Norte,015,27424,3815,3788,56,3844,43
2021-12-14,El Dorado,017,186661,17152,16915,1810,18725,170
2021-12-14,Fresno,019,978130,148049,146756,12918,159674,2316
2021-12-14,Glenn,021,27897,3621,3589,1026,4615,39
2021-12-14,Humboldt,023,135768,9978,9836,728,10564,118
2021-12-14,Imperial,025,180216,36602,36049,4120,40169,789
2021-12-14,Inyo,027,18085,2624,2601,42,2643,46
2021-12-14,Kern,029,883053,134591,133498,24594,158092,1863
2021-12-14,Kings,031,150075,34059,33693,2080,35773,373
2021-12-14,Lake,033,64148,7013,6961,170,7131,115
2021-12-14,Lassen,035,31185,7098,7061,434,7495,55
2021-12-14,Los Angeles,037,10098052,1493554,1481131,57883,1539014,27099
2021-12-14,Madera,039,155013,24738,24535,2352,26887,313
2021-12-14,Marin,041,260295,18707,18491,566,19057,249
2021-12-14,Mariposa,043,17540,1477,1463,62,1525,6
2021-12-14,Mendocino,045,87422,8315,8206,688,8894,95
2021-12-14,Merced,047,269075,44045,43870,2081,45951,684
2021-12-14,Modoc,049,8938,599,595,204,799,6
2021-12-14,Mono,051,14174,1968,1955,22,1977,4
2021-12-14,Monterey,053,433212,50660,49237,3437,52674,635
2021-12-14,Napa,055,140530,13641,13528,136,13664,107
2021-12-14,Nevada,057,99092,10079,9956,354,10310,106
2021-12-14,Orange,059,3164182,320155,317465,16663,334128,5827
2021-12-14,Placer,061,380077,39629,39221,3990,43211,482
2021-12-14,Plumas,063,18699,1996,1950,49,1999,12
2021-12-14,Riverside,065,2383286,383091,378227,17050,395277,5427
2021-12-14,Sacramento,067,1510023,168025,166605,5226,171831,2394
2021-12-14,San Benito,069,59416,7909,7871,187,8058,79
2021-12-14,San Bernardino,071,2135413,374009,370604,11989,382593,6013
2021-12-14,San Diego,073,3302833,399091,395876,22998,418874,4393
2021-12-14,San Francisco,075,870044,56575,55278,2538,57816,679
2021-12-14,San Joaquin,077,732212,104300,103488,5760,109248,1848
2021-12-14,San Luis Obispo,079,281455,31227,30753,1365,32118,363
2021-12-14,San Mateo,081,765935,57146,55601,1036,56637,580
2021-12-14,Santa Barbara,083,443738,47065,46648,1730,48378,560
2021-12-14,Santa Clara,085,1922200,155527,153814,1753,155567,1945
2021-12-14,Santa Cruz,087,273765,22021,21737,1057,22794,225
2021-12-14,Shasta,089,179085,22943,22756,3774,26530,427
2021-12-14,Sierra,091,2930,203,199,21,220,0
2021-12-14,Siskiyou,093,43540,3494,3430,1382,4812,58
2021-12-14,Solano,095,438530,47846,47065,1389,48454,367
2021-12-14,Sonoma,097,501317,44007,43538,596,44134,407
2021-12-14,Stanislaus,099,539301,82712,82581,9412,91993,1293
2021-12-14,Sutter,101,95872,14486,14421,412,14833,189
2021-12-14,Tehama,103,63373,8906,8805,1567,10372,134
2021-12-14,Trinity,105,12862,912,821,227,1048,17
2021-12-14,Tulare,107,460477,71910,70803,16696,87499,1120
2021-12-14,Tuolumne,109,53932,7842,7815,110,7925,91
2021-12-14,Ventura,111,848112,102324,101343,4562,105905,1199
2021-12-14,Yolo,113,214977,20950,20734,1314,22048,267
2021-12-14,Yuba,115,75493,10670,10574,409,10983,92
2021-12-13,Alameda,001,1643700,125399,124174,3062,127236,1501
2021-12-13,Alpine,003,1148,107,109,0,109,0
2021-12-13,Amador,005,37829,5827,5797,74,5871,69
2021-12-13,Butte,007,227075,22077,21889,3974,25863,326
2021-12-13,Calaveras,009,45235,4543,4507,65,4572,89
2021-12-13,Colusa,011,21464,2652,2627,696,3323,21
2021-12-13,Contra Costa,013,1133247,103916,103041,2403,105444,1064
2021-12-13,Del Norte,015,27424,3811,3787,56,3843,42
2021-12-13,El Dorado,017,186661,17129,16896,1808,18704,170
2021-12-13,Fresno,019,978130,147900,146641,12908,159549,2312
2021-12-13,Glenn,021,27897,3616,3589,1024,4613,37
2021-12-13,Humboldt,023,135768,9949,9821,724,10545,118
2021-12-13,Imperial,025,180216,36518,35974,4098,40072,787
2021-12-13,Inyo,027,18085,2623,2592,42,2634,46
2021-12-13,Kern,029,883053,134464,133381,24541,157922,1863
2021-12-13,Kings,031,150075,34016,33680,2075,35755,372
2021-12-13,Lake,033,64148,7011,6958,168,7126,115
2021-12-13,Lassen,035,31185,7097,7057,434,7491,55
2021-12-13,Los Angeles,037,10098052,1490776,1480195,57716,1537911,27085
2021-12-13,Madera,039,155013,24710,24527,2347,26874,311
2021-12-13,Marin,041,260295,18647,18471,563,19034,249
2021-12-13,Mariposa,043,17540,1475,1462,62,1524,6
2021-12-13,Mendocino,045,87422,8302,8196,686,8882,95
2021-12-13,Merced,047,269075,44006,43848,2077,45925,682
2021-12-13,Modoc,049,8938,598,595,204,799,6
2021-12-13,Mono,051,14174,1961,1952,22,1974,4
2021-12-13,Monterey,053,433212,50607,49222,3419,52641,631
2021-12-13,Napa,055,140530,13628,13518,136,13654,107
2021-12-13,Nevada,057,99092,10060,9946,353,10299,106
2021-12-13,Orange,059,3164182,319690,317112,16609,333721,5824
2021-12-13,Placer,061,380077,39568,39168,3979,43147,481
2021-12-13,Plumas,063,18699,1992,1943,49,1992,12
2021-12-13,Riverside,065,2383286,382511,377728,17035,394763,5414
2021-12-13,Sacramento,067,1510023,167748,166439,5192,171631,2392
2021-12-13,San Benito,069,59416,7900,7856,187,8043,79
2021-12-13,San Bernardino,071,2135413,373445,370274,11983,382257,6011
2021-12-13,San Diego,073,3302833,398282,395266,22946,418212,4389
2021-12-13,San Francisco,075,870044,56304,55245,2525,57770,678
2021-12-13,San Joaquin,077,732212,104183,103449,5751,109200,1846
2021-12-13,San Luis Obispo,079,281455,31178,30746,1361,32107,363
2021-12-13,San Mateo,081,765935,56986,55569,1027,56596,580
2021-12-13,Santa Barbara,083,443738,46978,46608,1725,48333,560
2021-12-13,Santa Clara,085,1922200,155262,153672,1742,155414,1944
2021-12-13,Santa Cruz,087,273765,21966,21698,1054,22752,225
2021-12-13,Shasta,089,179085,22922,22731,3772,26503,426
2021-12-13,Sierra,091,2930,203,199,21,220,0
2021-12-13,Siskiyou,093,43540,3490,3426,1379,4805,57
2021-12-13,Solano,095,438530,47773,47045,1384,48429,365
2021-12-13,Sonoma,097,501317,43911,43492,594,44086,407
2021-12-13,Stanislaus,099,539301,82596,82507,9392,91899,1282
2021-12-13,Sutter,101,95872,14479,14408,412,14820,188
2021-12-13,Tehama,103,63373,8893,8800,1567,10367,134
2021-12-13,Trinity,105,12862,912,820,227,1047,17
2021-12-13,Tulare,107,460477,71853,70758,16672,87430,1114
2021-12-13,Tuolumne,109,53932,7831,7804,110,7914,91
2021-12-13,Ventura,111,848112,102100,101180,4551,105731,1197
2021-12-13,Yolo,113,214977,20904,20706,1308,22014,267
2021-12-13,Yuba,115,75493,10653,10570,409,10979,92
2021-12-12,Alameda,001,1643700,125114,124075,3049,127124,1503
2021-12-12,Alpine,003,1148,107,109,0,109,0
2021-12-12,Amador,005,37829,5820,5797,73,5870,69
2021-12-12,Butte,007,227075,22052,21874,3971,25845,326
2021-12-12,Calaveras,009,45235,4533,4501,65,4566,89
2021-12-12,Colusa,011,21464,2647,2627,693,3320,21
2021-12-12,Contra Costa,013,1133247,103729,102976,2401,105377,1065
2021-12-12,Del Norte,015,27424,3808,3793,56,3849,42
2021-12-12,El Dorado,017,186661,17093,16890,1800,18690,170
2021-12-12,Fresno,019,978130,147738,146518,12893,159411,2310
2021-12-12,Glenn,021,27897,3613,3589,1024,4613,37
2021-12-12,Humboldt,023,135768,9924,9804,717,10521,118
2021-12-12,Imperial,025,180216,36385,35926,4064,39990,787
2021-12-12,Inyo,027,18085,2618,2592,42,2634,46
2021-12-12,Kern,029,883053,134299,133314,24500,157814,1861
2021-12-12,Kings,031,150075,33965,33661,2073,35734,372
2021-12-12,Lake,033,64148,7004,6955,166,7121,115
2021-12-12,Lassen,035,31185,7096,7057,434,7491,55
2021-12-12,Los Angeles,037,10098052,1487872,1479054,57531,1536585,27074
2021-12-12,Madera,039,155013,24680,24493,2339,26832,311
2021-12-12,Marin,041,260295,18594,18451,559,19010,249
2021-12-12,Mariposa,043,17540,1474,1461,62,1523,6
2021-12-12,Mendocino,045,87422,8289,8190,685,8875,95
2021-12-12,Merced,047,269075,43972,43821,2070,45891,682
2021-12-12,Modoc,049,8938,598,595,203,798,6
2021-12-12,Mono,051,14174,1957,1947,22,1969,4
2021-12-12,Monterey,053,433212,50554,49192,3392,52584,631
2021-12-12,Napa,055,140530,13585,13508,134,13642,107
2021-12-12,Nevada,057,99092,10033,9938,352,10290,106
2021-12-12,Orange,059,3164182,319188,316918,16545,333463,5825
2021-12-12,Placer,061,380077,39504,39139,3973,43112,481
2021-12-12,Plumas,063,18699,1988,1942,47,1989,12
2021-12-12,Riverside,065,2383286,381839,377467,17009,394476,5414
2021-12-12,Sacramento,067,1510023,167479,166291,5171,171462,2392
2021-12-12,San Benito,069,59416,7880,7853,187,8040,79
2021-12-12,San Bernardino,071,2135413,372815,369977,11958,381935,6011
2021-12-12,San Diego,073,3302833,397383,393307,22908,416215,4378
2021-12-12,San Francisco,075,870044,56050,55180,2513,57693,678
2021-12-12,San Joaquin,077,732212,104044,103405,5741,109146,1846
2021-12-12,San Luis Obispo,079,281455,31125,30719,1359,32078,363
2021-12-12,San Mateo,081,765935,56871,55505,1022,56527,580
2021-12-12,Santa Barbara,083,443738,46903,46586,1723,48309,560
2021-12-12,Santa Clara,085,1922200,154983,153452,1728,155180,1945
2021-12-12,Santa Cruz,087,273765,21917,21671,1052,22723,225
2021-12-12,Shasta,089,179085,22894,22732,3771,26503,426
2021-12-12,Sierra,091,2930,203,199,21,220,0
2021-12-12,Siskiyou,093,43540,3490,3424,1379,4803,57
2021-12-12,Solano,095,438530,47707,47021,1379,48400,365
2021-12-12,Sonoma,097,501317,43818,43424,591,44015,407
2021-12-12,Stanislaus,099,539301,82496,82460,9381,91841,1282
2021-12-12,Sutter,101,95872,14468,14396,412,14808,189
2021-12-12,Tehama,103,63373,8882,8796,1565,10361,134
2021-12-12,Trinity,105,12862,910,820,227,1047,17
2021-12-12,Tulare,107,460477,71774,70733,16630,87363,1115
2021-12-12,Tuolumne,109,53932,7814,7794,110,7904,91
2021-12-12,Ventura,111,848112,101906,101105,4537,105642,1197
2021-12-12,Yolo,113,214977,20855,20685,1297,21982,267
2021-12-12,Yuba,115,75493,10639,10565,406,10971,92
2021-12-11,Alameda,001,1643700,124979,123572,3047,126619,1496
2021-12-11,Alpine,003,1148,107,109,0,109,0
2021-12-11,Amador,005,37829,5815,5787,73,5860,69
2021-12-11,Butte,007,227075,22038,21819,3970,25789,326
2021-12-11,Calaveras,009,45235,4525,4469,64,4533,89
2021-12-11,Colusa,011,21464,2643,2619,692,3311,21
2021-12-11,Contra Costa,013,1133247,103643,102618,2399,105017,1061
2021-12-11,Del Norte,015,27424,3808,3778,56,3834,42
2021-12-11,El Dorado,017,186661,17072,16796,1799,18595,170
2021-12-11,Fresno,019,978130,147651,145988,12887,158875,2294
2021-12-11,Glenn,021,27897,3612,3585,1024,4609,37
2021-12-11,Humboldt,023,135768,9907,9721,714,10435,118
2021-12-11,Imperial,025,180216,36327,35635,4054,39689,782
2021-12-11,Inyo,027,18085,2613,2576,42,2618,46
2021-12-11,Kern,029,883053,134230,132852,24465,157317,1854
2021-12-11,Kings,031,150075,33952,33530,2071,35601,371
2021-12-11,Lake,033,64148,7003,6932,164,7096,114
2021-12-11,Lassen,035,31185,7095,7049,434,7483,55
2021-12-11,Los Angeles,037,10098052,1486657,1474030,57439,1531469,27031
2021-12-11,Madera,039,155013,24674,24417,2338,26755,311
2021-12-11,Marin,041,260295,18560,18339,556,18895,249
2021-12-11,Mariposa,043,17540,1473,1450,62,1512,6
2021-12-11,Mendocino,045,87422,8282,8130,685,8815,95
2021-12-11,Merced,047,269075,43953,43690,2069,45759,681
2021-12-11,Modoc,049,8938,598,594,203,797,6
2021-12-11,Mono,051,14174,1953,1926,22,1948,4
2021-12-11,Monterey,053,433212,50526,49008,3389,52397,631
2021-12-11,Napa,055,140530,13568,13459,134,13593,107
2021-12-11,Nevada,057,99092,10019,9880,352,10232,106
2021-12-11,Orange,059,3164182,318935,315759,16517,332276,5805
2021-12-11,Placer,061,380077,39446,38959,3966,42925,481
2021-12-11,Plumas,063,18699,1982,1934,47,1981,12
2021-12-11,Riverside,065,2383286,381422,375649,16995,392644,5408
2021-12-11,Sacramento,067,1510023,167351,165530,5161,170691,2386
2021-12-11,San Benito,069,59416,7866,7808,187,7995,79
2021-12-11,San Bernardino,071,2135413,372457,368145,11949,380094,6007
2021-12-11,San Diego,073,3302833,396959,392274,22870,415144,4374
2021-12-11,San Francisco,075,870044,55897,54869,2508,57377,678
2021-12-11,San Joaquin,077,732212,103983,103013,5737,108750,1842
2021-12-11,San Luis Obispo,079,281455,31102,30567,1355,31922,362
2021-12-11,San Mateo,081,765935,56793,55284,1020,56304,580
2021-12-11,Santa Barbara,083,443738,46869,46309,1723,48032,559
2021-12-11,Santa Clara,085,1922200,154785,152846,1716,154562,1941
2021-12-11,Santa Cruz,087,273765,21893,21557,1052,22609,225
2021-12-11,Shasta,089,179085,22879,22660,3767,26427,419
2021-12-11,Sierra,091,2930,203,199,21,220,0
2021-12-11,Siskiyou,093,43540,3484,3418,1376,4794,57
2021-12-11,Solano,095,438530,47678,46891,1374,48265,365
2021-12-11,Sonoma,097,501317,43770,43227,591,43818,407
2021-12-11,Stanislaus,099,539301,82446,82133,9372,91505,1264
2021-12-11,Sutter,101,95872,14459,14354,412,14766,187
2021-12-11,Tehama,103,63373,8879,8776,1563,10339,134
2021-12-11,Trinity,105,12862,910,819,227,1046,17
2021-12-11,Tulare,107,460477,71731,70523,16620,87143,1103
2021-12-11,Tuolumne,109,53932,7805,7760,110,7870,91
2021-12-11,Ventura,111,848112,101831,100711,4530,105241,1195
2021-12-11,Yolo,113,214977,20836,20608,1293,21901,267
2021-12-11,Yuba,115,75493,10627,10519,405,10924,92
2021-12-10,Alameda,001,1643700,124855,123572,3040,126612,1496
2021-12-10,Alpine,003,1148,106,109,0,109,0
2021-12-10,Amador,005,37829,5808,5787,73,5860,69
2021-12-10,Butte,007,227075,22025,21819,3968,25787,326
2021-12-10,Calaveras,009,45235,4522,4469,64,4533,89
2021-12-10,Colusa,011,21464,2642,2619,692,3311,21
2021-12-10,Contra Costa,013,1133247,103546,102618,2398,105016,1061
2021-12-10,Del Norte,015,27424,3808,3778,56,3834,42
2021-12-10,El Dorado,017,186661,17059,16796,1799,18595,170
2021-12-10,Fresno,019,978130,147562,145988,12881,158869,2294
2021-12-10,Glenn,021,27897,3612,3585,1024,4609,37
2021-12-10,Humboldt,023,135768,9890,9721,712,10433,118
2021-12-10,Imperial,025,180216,36271,35635,4039,39674,782
2021-12-10,Inyo,027,18085,2610,2576,42,2618,46
2021-12-10,Kern,029,883053,134142,132852,24441,157293,1854
2021-12-10,Kings,031,150075,33937,33530,2069,35599,371
2021-12-10,Lake,033,64148,6996,6932,164,7096,114
2021-12-10,Lassen,035,31185,7094,7049,434,7483,55
2021-12-10,Los Angeles,037,10098052,1485563,1474030,57351,1531381,27031
2021-12-10,Madera,039,155013,24656,24417,2336,26753,311
2021-12-10,Marin,041,260295,18538,18339,556,18895,249
2021-12-10,Mariposa,043,17540,1470,1450,62,1512,6
2021-12-10,Mendocino,045,87422,8275,8130,684,8814,95
2021-12-10,Merced,047,269075,43935,43690,2067,45757,681
2021-12-10,Modoc,049,8938,598,594,203,797,6
2021-12-10,Mono,051,14174,1950,1926,22,1948,4
2021-12-10,Monterey,053,433212,50489,49008,3383,52391,631
2021-12-10,Napa,055,140530,13556,13459,133,13592,107
2021-12-10,Nevada,057,99092,10010,9880,352,10232,106
2021-12-10,Orange,059,3164182,318664,315759,16485,332244,5805
2021-12-10,Placer,061,380077,39403,38959,3963,42922,481
2021-12-10,Plumas,063,18699,1980,1934,47,1981,12
2021-12-10,Riverside,065,2383286,381016,375649,16984,392633,5408
2021-12-10,Sacramento,067,1510023,167197,165530,5159,170689,2386
2021-12-10,San Benito,069,59416,7862,7808,187,7995,79
2021-12-10,San Bernardino,071,2135413,372083,368145,11926,380071,6007
2021-12-10,San Diego,073,3302833,396480,392274,22856,415130,4374
2021-12-10,San Francisco,075,870044,55812,54869,2502,57371,678
2021-12-10,San Joaquin,077,732212,103928,103013,5733,108746,1842
2021-12-10,San Luis Obispo,079,281455,31092,30567,1352,31919,362
2021-12-10,San Mateo,081,765935,56736,55284,1017,56301,580
2021-12-10,Santa Barbara,083,443738,46833,46309,1722,48031,559
2021-12-10,Santa Clara,085,1922200,154614,152846,1703,154549,1941
2021-12-10,Santa Cruz,087,273765,21874,21557,1051,22608,225
2021-12-10,Shasta,089,179085,22868,22660,3764,26424,419
2021-12-10,Sierra,091,2930,203,199,21,220,0
2021-12-10,Siskiyou,093,43540,3477,3418,1376,4794,57
2021-12-10,Solano,095,438530,47636,46891,1370,48261,365
2021-12-10,Sonoma,097,501317,43736,43227,590,43817,407
2021-12-10,Stanislaus,099,539301,82381,82133,9366,91499,1264
2021-12-10,Sutter,101,95872,14450,14354,412,14766,187
2021-12-10,Tehama,103,63373,8877,8776,1561,10337,134
2021-12-10,Trinity,105,12862,910,819,227,1046,17
2021-12-10,Tulare,107,460477,71702,70523,16595,87118,1103
2021-12-10,Tuolumne,109,53932,7799,7760,110,7870,91
2021-12-10,Ventura,111,848112,101727,100711,4527,105238,1195
2021-12-10,Yolo,113,214977,20822,20608,1291,21899,267
2021-12-10,Yuba,115,75493,10615,10519,404,10923,92
2021-12-09,Alameda,001,1643700,124712,123572,3035,126607,1496
2021-12-09,Alpine,003,1148,106,109,0,109,0
2021-12-09,Amador,005,37829,5805,5787,72,5859,69
2021-12-09,Butte,007,227075,22004,21819,3965,25784,326
2021-12-09,Calaveras,009,45235,4513,4469,64,4533,89
2021-12-09,Colusa,011,21464,2640,2619,692,3311,21
2021-12-09,Contra Costa,013,1133247,103426,102618,2392,105010,1061
2021-12-09,Del Norte,015,27424,3807,3778,56,3834,42
2021-12-09,El Dorado,017,186661,17031,16796,1794,18590,170
2021-12-09,Fresno,019,978130,147415,145988,12871,158859,2294
2021-12-09,Glenn,021,27897,3612,3585,1024,4609,37
2021-12-09,Humboldt,023,135768,9868,9721,711,10432,118
2021-12-09,Imperial,025,180216,36201,35635,4009,39644,782
2021-12-09,Inyo,027,18085,2608,2576,42,2618,46
2021-12-09,Kern,029,883053,134016,132852,24408,157260,1854
2021-12-09,Kings,031,150075,33911,33530,2066,35596,371
2021-12-09,Lake,033,64148,6988,6932,164,7096,114
2021-12-09,Lassen,035,31185,7092,7049,434,7483,55
2021-12-09,Los Angeles,037,10098052,1484031,1474030,57265,1531295,27031
2021-12-09,Madera,039,155013,24631,24417,2333,26750,311
2021-12-09,Marin,041,260295,18525,18339,554,18893,249
2021-12-09,Mariposa,043,17540,1469,1450,62,1512,6
2021-12-09,Mendocino,045,87422,8262,8130,684,8814,95
2021-12-09,Merced,047,269075,43896,43690,2056,45746,681
2021-12-09,Modoc,049,8938,598,594,203,797,6
2021-12-09,Mono,051,14174,1946,1926,22,1948,4
2021-12-09,Monterey,053,433212,50441,49008,3372,52380,631
2021-12-09,Napa,055,140530,13537,13459,129,13588,107
2021-12-09,Nevada,057,99092,9991,9880,352,10232,106
2021-12-09,Orange,059,3164182,318334,315759,16446,332205,5805
2021-12-09,Placer,061,380077,39360,38959,3950,42909,481
2021-12-09,Plumas,063,18699,1972,1934,47,1981,12
2021-12-09,Riverside,065,2383286,380469,375649,16968,392617,5408
2021-12-09,Sacramento,067,1510023,166980,165530,5144,170674,2386
2021-12-09,San Benito,069,59416,7850,7808,186,7994,79
2021-12-09,San Bernardino,071,2135413,371598,368145,11906,380051,6007
2021-12-09,San Diego,073,3302833,395834,392274,22826,415100,4374
2021-12-09,San Francisco,075,870044,55727,54869,2495,57364,678
2021-12-09,San Joaquin,077,732212,103835,103013,5727,108740,1842
2021-12-09,San Luis Obispo,079,281455,31064,30567,1350,31917,362
2021-12-09,San Mateo,081,765935,56648,55284,1015,56299,580
2021-12-09,Santa Barbara,083,443738,46753,46309,1715,48024,559
2021-12-09,Santa Clara,085,1922200,154399,152846,1692,154538,1941
2021-12-09,Santa Cruz,087,273765,21846,21557,1051,22608,225
2021-12-09,Shasta,089,179085,22852,22660,3763,26423,419
2021-12-09,Sierra,091,2930,203,199,21,220,0
2021-12-09,Siskiyou,093,43540,3473,3418,1375,4793,57
2021-12-09,Solano,095,438530,47599,46891,1368,48259,365
2021-12-09,Sonoma,097,501317,43679,43227,589,43816,407
2021-12-09,Stanislaus,099,539301,82310,82133,9353,91486,1264
2021-12-09,Sutter,101,95872,14435,14354,412,14766,187
2021-12-09,Tehama,103,63373,8870,8776,1560,10336,134
2021-12-09,Trinity,105,12862,910,819,227,1046,17
2021-12-09,Tulare,107,460477,71645,70523,16566,87089,1103
2021-12-09,Tuolumne,109,53932,7788,7760,110,7870,91
2021-12-09,Ventura,111,848112,101582,100711,4515,105226,1195
2021-12-09,Yolo,113,214977,20799,20608,1283,21891,267
2021-12-09,Yuba,115,75493,10607,10519,401,10920,92
2021-12-08,Alameda,001,1643700,124563,123438,3025,126463,1496
2021-12-08,Alpine,003,1148,106,108,0,108,0
2021-12-08,Amador,005,37829,5800,5781,72,5853,69
2021-12-08,Butte,007,227075,21988,21780,3962,25742,326
2021-12-08,Calaveras,009,45235,4504,4455,64,4519,89
2021-12-08,Colusa,011,21464,2637,2619,691,3310,21
2021-12-08,Contra Costa,013,1133247,103295,102506,2391,104897,1058
2021-12-08,Del Norte,015,27424,3806,3767,56,3823,42
2021-12-08,El Dorado,017,186661,16999,16757,1794,18551,170
2021-12-08,Fresno,019,978130,147259,145830,12861,158691,2293
2021-12-08,Glenn,021,27897,3612,3584,1020,4604,37
2021-12-08,Humboldt,023,135768,9846,9704,709,10413,117
2021-12-08,Imperial,025,180216,36122,35537,3978,39515,782
2021-12-08,Inyo,027,18085,2605,2570,42,2612,46
2021-12-08,Kern,029,883053,133893,132709,24360,157069,1846
2021-12-08,Kings,031,150075,33876,33468,2065,35533,371
2021-12-08,Lake,033,64148,6982,6927,163,7090,114
2021-12-08,Lassen,035,31185,7090,7041,432,7473,55
2021-12-08,Los Angeles,037,10098052,1482506,1472410,57154,1529564,27018
2021-12-08,Madera,039,155013,24610,24396,2326,26722,311
2021-12-08,Marin,041,260295,18504,18305,551,18856,249
2021-12-08,Mariposa,043,17540,1467,1447,62,1509,6
2021-12-08,Mendocino,045,87422,8249,8118,683,8801,95
2021-12-08,Merced,047,269075,43864,43631,2048,45679,680
2021-12-08,Modoc,049,8938,598,594,203,797,6
2021-12-08,Mono,051,14174,1940,1924,22,1946,4
2021-12-08,Monterey,053,433212,50376,48957,3356,52313,631
2021-12-08,Napa,055,140530,13523,13421,129,13550,107
2021-12-08,Nevada,057,99092,9975,9862,352,10214,106
2021-12-08,Orange,059,3164182,317987,315421,16408,331829,5795
2021-12-08,Placer,061,380077,39308,38934,3945,42879,478
2021-12-08,Plumas,063,18699,1970,1924,47,1971,12
2021-12-08,Riverside,065,2383286,379966,375099,16944,392043,5404
2021-12-08,Sacramento,067,1510023,166730,165278,5116,170394,2373
2021-12-08,San Benito,069,59416,7841,7793,186,7979,79
2021-12-08,San Bernardino,071,2135413,371135,367516,11881,379397,6006
2021-12-08,San Diego,073,3302833,395183,391676,22794,414470,4369
2021-12-08,San Francisco,075,870044,55640,54792,2487,57279,677
2021-12-08,San Joaquin,077,732212,103734,102877,5717,108594,1841
2021-12-08,San Luis Obispo,079,281455,31016,30519,1345,31864,361
2021-12-08,San Mateo,081,765935,56578,55220,1009,56229,580
2021-12-08,Santa Barbara,083,443738,46698,46250,1712,47962,558
2021-12-08,Santa Clara,085,1922200,154237,152674,1681,154355,1937
2021-12-08,Santa Cruz,087,273765,21799,21505,1049,22554,224
2021-12-08,Shasta,089,179085,22832,22616,3757,26373,419
2021-12-08,Sierra,091,2930,203,199,21,220,0
2021-12-08,Siskiyou,093,43540,3472,3415,1373,4788,57
2021-12-08,Solano,095,438530,47569,46837,1367,48204,365
2021-12-08,Sonoma,097,501317,43616,43179,588,43767,405
2021-12-08,Stanislaus,099,539301,82227,82038,9341,91379,1264
2021-12-08,Sutter,101,95872,14419,14336,410,14746,187
2021-12-08,Tehama,103,63373,8861,8768,1560,10328,133
2021-12-08,Trinity,105,12862,910,818,227,1045,17
2021-12-08,Tulare,107,460477,71582,70472,16541,87013,1102
2021-12-08,Tuolumne,109,53932,7775,7749,110,7859,91
2021-12-08,Ventura,111,848112,101454,100647,4512,105159,1194
2021-12-08,Yolo,113,214977,20773,20575,1277,21852,267
2021-12-08,Yuba,115,75493,10593,10499,398,10897,92
2021-12-07,Alameda,001,1643700,124393,123325,3016,126341,1497
2021-12-07,Alpine,003,1148,106,108,0,108,0
2021-12-07,Amador,005,37829,5797,5778,71,5849,69
2021-12-07,Butte,007,227075,21964,21761,3957,25718,324
2021-12-07,Calaveras,009,45235,4488,4445,64,4509,88
2021-12-07,Colusa,011,21464,2635,2619,691,3310,21
2021-12-07,Contra Costa,013,1133247,103173,102421,2382,104803,1058
2021-12-07,Del Norte,015,27424,3805,3766,56,3822,42
2021-12-07,El Dorado,017,186661,16976,16742,1791,18533,170
2021-12-07,Fresno,019,978130,147113,145715,12848,158563,2289
2021-12-07,Glenn,021,27897,3611,3579,1020,4599,36
2021-12-07,Humboldt,023,135768,9822,9693,704,10397,117
2021-12-07,Imperial,025,180216,36044,35502,3957,39459,778
2021-12-07,Inyo,027,18085,2602,2567,42,2609,46
2021-12-07,Kern,029,883053,133735,132564,24307,156871,1838
2021-12-07,Kings,031,150075,33844,33441,2062,35503,372
2021-12-07,Lake,033,64148,6977,6925,163,7088,113
2021-12-07,Lassen,035,31185,7089,7040,431,7471,55
2021-12-07,Los Angeles,037,10098052,1480727,1470904,57050,1527954,27007
2021-12-07,Madera,039,155013,24587,24367,2319,26686,311
2021-12-07,Marin,041,260295,18470,18284,545,18829,249
2021-12-07,Mariposa,043,17540,1465,1446,62,1508,6
2021-12-07,Mendocino,045,87422,8231,8107,683,8790,95
2021-12-07,Merced,047,269075,43823,43600,2041,45641,675
2021-12-07,Modoc,049,8938,598,594,202,796,6
2021-12-07,Mono,051,14174,1938,1921,22,1943,4
2021-12-07,Monterey,053,433212,50292,48880,3339,52219,631
2021-12-07,Napa,055,140530,13505,13409,129,13538,107
2021-12-07,Nevada,057,99092,9961,9858,351,10209,105
2021-12-07,Orange,059,3164182,317655,315138,16359,331497,5784
2021-12-07,Placer,061,380077,39232,38860,3941,42801,474
2021-12-07,Plumas,063,18699,1966,1915,47,1962,12
2021-12-07,Riverside,065,2383286,379438,374552,16928,391480,5397
2021-12-07,Sacramento,067,1510023,166484,165148,5102,170250,2375
2021-12-07,San Benito,069,59416,7825,7776,186,7962,78
2021-12-07,San Bernardino,071,2135413,370569,366981,11863,378844,6007
2021-12-07,San Diego,073,3302833,394331,391110,22756,413866,4357
2021-12-07,San Francisco,075,870044,55530,54729,2482,57211,676
2021-12-07,San Joaquin,077,732212,103615,102797,5705,108502,1839
2021-12-07,San Luis Obispo,079,281455,30977,30495,1343,31838,361
2021-12-07,San Mateo,081,765935,56489,55163,1003,56166,580
2021-12-07,Santa Barbara,083,443738,46627,46205,1710,47915,556
2021-12-07,Santa Clara,085,1922200,154051,152465,1672,154137,1941
2021-12-07,Santa Cruz,087,273765,21752,21493,1049,22542,224
2021-12-07,Shasta,089,179085,22810,22594,3754,26348,418
2021-12-07,Sierra,091,2930,203,199,21,220,0
2021-12-07,Siskiyou,093,43540,3470,3412,1373,4785,57
2021-12-07,Solano,095,438530,47529,46812,1365,48177,365
2021-12-07,Sonoma,097,501317,43542,43154,587,43741,405
2021-12-07,Stanislaus,099,539301,82149,81980,9329,91309,1258
2021-12-07,Sutter,101,95872,14411,14322,409,14731,186
2021-12-07,Tehama,103,63373,8853,8765,1559,10324,133
2021-12-07,Trinity,105,12862,910,818,227,1045,17
2021-12-07,Tulare,107,460477,71523,70411,16512,86923,1103
2021-12-07,Tuolumne,109,53932,7767,7743,110,7853,91
2021-12-07,Ventura,111,848112,101358,100569,4502,105071,1194
2021-12-07,Yolo,113,214977,20747,20560,1274,21834,263
2021-12-07,Yuba,115,75493,10576,10491,397,10888,91
2021-12-06,Alameda,001,1643700,124230,123227,3013,126240,1496
2021-12-06,Alpine,003,1148,106,108,0,108,0
2021-12-06,Amador,005,37829,5791,5769,70,5839,67
2021-12-06,Butte,007,227075,21947,21732,3954,25686,321
2021-12-06,Calaveras,009,45235,4481,4443,64,4507,88
2021-12-06,Colusa,011,21464,2634,2615,687,3302,21
2021-12-06,Contra Costa,013,1133247,103053,102327,2378,104705,1058
2021-12-06,Del Norte,015,27424,3803,3744,56,3800,42
2021-12-06,El Dorado,017,186661,16951,16726,1789,18515,168
2021-12-06,Fresno,019,978130,146918,145539,12839,158378,2285
2021-12-06,Glenn,021,27897,3608,3577,1019,4596,36
2021-12-06,Humboldt,023,135768,9802,9671,697,10368,117
2021-12-06,Imperial,025,180216,35962,35453,3938,39391,778
2021-12-06,Inyo,027,18085,2596,2562,41,2603,46
2021-12-06,Kern,029,883053,133550,132366,24249,156615,1835
2021-12-06,Kings,031,150075,33811,33399,2057,35456,368
2021-12-06,Lake,033,64148,6973,6922,163,7085,113
2021-12-06,Lassen,035,31185,7084,7032,429,7461,51
2021-12-06,Los Angeles,037,10098052,1479066,1470059,56958,1527017,26993
2021-12-06,Madera,039,155013,24560,24334,2315,26649,307
2021-12-06,Marin,041,260295,18442,18252,543,18795,249
2021-12-06,Mariposa,043,17540,1462,1443,62,1505,6
2021-12-06,Mendocino,045,87422,8218,8079,679,8758,95
2021-12-06,Merced,047,269075,43783,43549,2031,45580,672
2021-12-06,Modoc,049,8938,598,593,202,795,6
2021-12-06,Mono,051,14174,1933,1913,22,1935,4
2021-12-06,Monterey,053,433212,50214,48831,3319,52150,626
2021-12-06,Napa,055,140530,13482,13387,127,13514,107
2021-12-06,Nevada,057,99092,9933,9847,350,10197,105
2021-12-06,Orange,059,3164182,317278,314859,16316,331175,5771
2021-12-06,Placer,061,380077,39174,38785,3936,42721,473
2021-12-06,Plumas,063,18699,1958,1913,47,1960,10
2021-12-06,Riverside,065,2383286,378920,374116,16914,391030,5388
2021-12-06,Sacramento,067,1510023,166206,164926,5081,170007,2367
2021-12-06,San Benito,069,59416,7809,7755,186,7941,78
2021-12-06,San Bernardino,071,2135413,370020,366606,11836,378442,5998
2021-12-06,San Diego,073,3302833,393481,390389,22711,413100,4352
2021-12-06,San Francisco,075,870044,55422,54659,2477,57136,674
2021-12-06,San Joaquin,077,732212,103488,102728,5698,108426,1837
2021-12-06,San Luis Obispo,079,281455,30939,30464,1341,31805,361
2021-12-06,San Mateo,081,765935,56415,55112,1000,56112,580
2021-12-06,Santa Barbara,083,443738,46536,46146,1709,47855,556
2021-12-06,Santa Clara,085,1922200,153841,152310,1657,153967,1937
2021-12-06,Santa Cruz,087,273765,21717,21450,1046,22496,224
2021-12-06,Shasta,089,179085,22787,22556,3746,26302,416
2021-12-06,Sierra,091,2930,202,198,21,219,0
2021-12-06,Siskiyou,093,43540,3468,3409,1368,4777,57
2021-12-06,Solano,095,438530,47484,46748,1364,48112,360
2021-12-06,Sonoma,097,501317,43474,43114,579,43693,405
2021-12-06,Stanislaus,099,539301,82052,81889,9295,91184,1241
2021-12-06,Sutter,101,95872,14399,14319,409,14728,186
2021-12-06,Tehama,103,63373,8845,8760,1559,10319,133
2021-12-06,Trinity,105,12862,910,815,226,1041,17
2021-12-06,Tulare,107,460477,71447,70285,16473,86758,1101
2021-12-06,Tuolumne,109,53932,7753,7726,110,7836,91
2021-12-06,Ventura,111,848112,101256,100426,4494,104920,1194
2021-12-06,Yolo,113,214977,20723,20548,1273,21821,263
2021-12-06,Yuba,115,75493,10561,10480,392,10872,91
2021-12-05,Alameda,001,1643700,124043,123104,3005,126109,1496
2021-12-05,Alpine,003,1148,105,108,0,108,0
2021-12-05,Amador,005,37829,5788,5761,70,5831,67
2021-12-05,Butte,007,227075,21913,21720,3948,25668,320
2021-12-05,Calaveras,009,45235,4465,4434,64,4498,88
2021-12-05,Colusa,011,21464,2633,2615,686,3301,21
2021-12-05,Contra Costa,013,1133247,102923,102251,2368,104619,1058
2021-12-05,Del Norte,015,27424,3801,3751,56,3807,42
2021-12-05,El Dorado,017,186661,16914,16717,1783,18500,168
2021-12-05,Fresno,019,978130,146743,145452,12820,158272,2284
2021-12-05,Glenn,021,27897,3606,3577,1018,4595,36
2021-12-05,Humboldt,023,135768,9772,9662,694,10356,117
2021-12-05,Imperial,025,180216,35865,35422,3908,39330,778
2021-12-05,Inyo,027,18085,2589,2559,41,2600,46
2021-12-05,Kern,029,883053,133385,132286,24197,156483,1833
2021-12-05,Kings,031,150075,33747,33360,2057,35417,369
2021-12-05,Lake,033,64148,6968,6919,162,7081,113
2021-12-05,Lassen,035,31185,7082,7031,429,7460,51
2021-12-05,Los Angeles,037,10098052,1477229,1468937,56821,1525758,26991
2021-12-05,Madera,039,155013,24519,24311,2312,26623,307
2021-12-05,Marin,041,260295,18395,18216,535,18751,249
2021-12-05,Mariposa,043,17540,1459,1440,61,1501,6
2021-12-05,Mendocino,045,87422,8199,8069,673,8742,95
2021-12-05,Merced,047,269075,43740,43534,2022,45556,672
2021-12-05,Modoc,049,8938,598,593,202,795,6
2021-12-05,Mono,051,14174,1926,1907,22,1929,4
2021-12-05,Monterey,053,433212,50143,48813,3287,52100,626
2021-12-05,Napa,055,140530,13456,13382,124,13506,107
2021-12-05,Nevada,057,99092,9912,9827,350,10177,105
2021-12-05,Orange,059,3164182,316846,314560,16273,330833,5771
2021-12-05,Placer,061,380077,39116,38738,3927,42665,473
2021-12-05,Plumas,063,18699,1954,1913,46,1959,9
2021-12-05,Riverside,065,2383286,378265,373827,16884,390711,5388
2021-12-05,Sacramento,067,1510023,165900,164721,5063,169784,2367
2021-12-05,San Benito,069,59416,7792,7748,185,7933,78
2021-12-05,San Bernardino,071,2135413,369325,366282,11789,378071,5998
2021-12-05,San Diego,073,3302833,392683,387979,22663,410642,4351
2021-12-05,San Francisco,075,870044,55321,54603,2475,57078,674
2021-12-05,San Joaquin,077,732212,103347,102698,5693,108391,1837
2021-12-05,San Luis Obispo,079,281455,30869,30454,1338,31792,360
2021-12-05,San Mateo,081,765935,56326,55050,990,56040,580
2021-12-05,Santa Barbara,083,443738,46453,46097,1701,47798,555
2021-12-05,Santa Clara,085,1922200,153586,152114,1637,153751,1933
2021-12-05,Santa Cruz,087,273765,21666,21424,1046,22470,224
2021-12-05,Shasta,089,179085,22730,22550,3745,26295,416
2021-12-05,Sierra,091,2930,202,198,21,219,0
2021-12-05,Siskiyou,093,43540,3466,3409,1366,4775,57
2021-12-05,Solano,095,438530,47421,46715,1362,48077,360
2021-12-05,Sonoma,097,501317,43397,43038,574,43612,405
2021-12-05,Stanislaus,099,539301,81914,81847,9286,91133,1241
2021-12-05,Sutter,101,95872,14375,14303,404,14707,186
2021-12-05,Tehama,103,63373,8837,8755,1558,10313,133
2021-12-05,Trinity,105,12862,909,815,226,1041,17
2021-12-05,Tulare,107,460477,71365,70254,16425,86679,1102
2021-12-05,Tuolumne,109,53932,7740,7718,110,7828,91
2021-12-05,Ventura,111,848112,101120,100367,4481,104848,1194
2021-12-05,Yolo,113,214977,20681,20512,1271,21783,263
2021-12-05,Yuba,115,75493,10548,10467,385,10852,91
2021-12-04,Alameda,001,1643700,123932,122508,3001,125509,1494
2021-12-04,Alpine,003,1148,105,108,0,108,0
2021-12-04,Amador,005,37829,5785,5729,70,5799,67
2021-12-04,Butte,007,227075,21894,21638,3944,25582,318
2021-12-04,Calaveras,009,45235,4457,4392,63,4455,88
2021-12-04,Colusa,011,21464,2633,2600,684,3284,21
2021-12-04,Contra Costa,013,1133247,102850,101824,2362,104186,1056
2021-12-04,Del Norte,015,27424,3798,3726,56,3782,42
2021-12-04,El Dorado,017,186661,16905,16621,1782,18403,168
2021-12-04,Fresno,019,978130,146655,144734,12815,157549,2270
2021-12-04,Glenn,021,27897,3606,3559,1018,4577,36
2021-12-04,Humboldt,023,135768,9757,9596,690,10286,117
2021-12-04,Imperial,025,180216,35810,35206,3895,39101,776
2021-12-04,Inyo,027,18085,2584,2538,41,2579,46
2021-12-04,Kern,029,883053,133307,131771,24174,155945,1817
2021-12-04,Kings,031,150075,33723,33183,2056,35239,367
2021-12-04,Lake,033,64148,6959,6903,162,7065,113
2021-12-04,Lassen,035,31185,7081,7014,427,7441,51
2021-12-04,Los Angeles,037,10098052,1476360,1463270,56743,1520013,26952
2021-12-04,Madera,039,155013,24505,24188,2308,26496,307
2021-12-04,Marin,041,260295,18373,18075,534,18609,249
2021-12-04,Mariposa,043,17540,1455,1421,61,1482,6
2021-12-04,Mendocino,045,87422,8194,7981,673,8654,91
2021-12-04,Merced,047,269075,43712,43337,2020,45357,671
2021-12-04,Modoc,049,8938,598,591,202,793,6
2021-12-04,Mono,051,14174,1926,1883,22,1905,4
2021-12-04,Monterey,053,433212,50110,48682,3280,51962,626
2021-12-04,Napa,055,140530,13446,13327,123,13450,106
2021-12-04,Nevada,057,99092,9905,9752,350,10102,105
2021-12-04,Orange,059,3164182,316617,313112,16247,329359,5748
2021-12-04,Placer,061,380077,39076,38460,3921,42381,473
2021-12-04,Plumas,063,18699,1951,1903,46,1949,7
2021-12-04,Riverside,065,2383286,377908,371768,16878,388646,5381
2021-12-04,Sacramento,067,1510023,165757,163900,5055,168955,2365
2021-12-04,San Benito,069,59416,7766,7688,185,7873,78
2021-12-04,San Bernardino,071,2135413,368940,364154,11775,375929,5983
2021-12-04,San Diego,073,3302833,392204,386710,22633,409343,4350
2021-12-04,San Francisco,075,870044,55252,54286,2472,56758,674
2021-12-04,San Joaquin,077,732212,103293,102286,5691,107977,1835
2021-12-04,San Luis Obispo,079,281455,30848,30318,1334,31652,360
2021-12-04,San Mateo,081,765935,56274,54774,987,55761,579
2021-12-04,Santa Barbara,083,443738,46408,45774,1701,47475,555
2021-12-04,Santa Clara,085,1922200,153432,151275,1623,152898,1928
2021-12-04,Santa Cruz,087,273765,21640,21286,1045,22331,224
2021-12-04,Shasta,089,179085,22713,22418,3743,26161,414
2021-12-04,Sierra,091,2930,202,196,21,217,0
2021-12-04,Siskiyou,093,43540,3464,3398,1366,4764,57
2021-12-04,Solano,095,438530,47401,46529,1361,47890,360
2021-12-04,Sonoma,097,501317,43351,42778,571,43349,405
2021-12-04,Stanislaus,099,539301,81841,81462,9279,90741,1231
2021-12-04,Sutter,101,95872,14367,14258,403,14661,186
2021-12-04,Tehama,103,63373,8835,8742,1558,10300,131
2021-12-04,Trinity,105,12862,908,801,226,1027,17
2021-12-04,Tulare,107,460477,71327,70014,16397,86411,1100
2021-12-04,Tuolumne,109,53932,7735,7676,110,7786,91
2021-12-04,Ventura,111,848112,101029,99751,4477,104228,1192
2021-12-04,Yolo,113,214977,20660,20442,1269,21711,261
2021-12-04,Yuba,115,75493,10537,10418,384,10802,91
2021-12-03,Alameda,001,1643700,123839,122508,2991,125499,1494
2021-12-03,Alpine,003,1148,105,108,0,108,0
2021-12-03,Amador,005,37829,5780,5729,69,5798,67
2021-12-03,Butte,007,227075,21881,21638,3939,25577,318
2021-12-03,Calaveras,009,45235,4448,4392,63,4455,88
2021-12-03,Colusa,011,21464,2631,2600,684,3284,21
2021-12-03,Contra Costa,013,1133247,102776,101824,2357,104181,1056
2021-12-03,Del Norte,015,27424,3796,3726,56,3782,42
2021-12-03,El Dorado,017,186661,16876,16621,1780,18401,168
2021-12-03,Fresno,019,978130,146542,144734,12813,157547,2270
2021-12-03,Glenn,021,27897,3605,3559,1017,4576,36
2021-12-03,Humboldt,023,135768,9740,9596,688,10284,117
2021-12-03,Imperial,025,180216,35765,35206,3865,39071,776
2021-12-03,Inyo,027,18085,2577,2538,41,2579,46
2021-12-03,Kern,029,883053,133236,131771,24138,155909,1817
2021-12-03,Kings,031,150075,33695,33183,2056,35239,367
2021-12-03,Lake,033,64148,6959,6903,162,7065,113
2021-12-03,Lassen,035,31185,7079,7014,426,7440,51
2021-12-03,Los Angeles,037,10098052,1475419,1463270,56662,1519932,26952
2021-12-03,Madera,039,155013,24479,24188,2304,26492,307
2021-12-03,Marin,041,260295,18341,18075,530,18605,249
2021-12-03,Mariposa,043,17540,1453,1421,61,1482,6
2021-12-03,Mendocino,045,87422,8187,7981,673,8654,91
2021-12-03,Merced,047,269075,43689,43337,2017,45354,671
2021-12-03,Modoc,049,8938,598,591,202,793,6
2021-12-03,Mono,051,14174,1920,1883,22,1905,4
2021-12-03,Monterey,053,433212,50071,48682,3269,51951,626
2021-12-03,Napa,055,140530,13434,13327,123,13450,106
2021-12-03,Nevada,057,99092,9894,9752,350,10102,105
2021-12-03,Orange,059,3164182,316348,313112,16214,329326,5748
2021-12-03,Placer,061,380077,39039,38460,3914,42374,473
2021-12-03,Plumas,063,18699,1948,1903,46,1949,7
2021-12-03,Riverside,065,2383286,377517,371768,16872,388640,5381
2021-12-03,Sacramento,067,1510023,165577,163900,5041,168941,2365
2021-12-03,San Benito,069,59416,7759,7688,185,7873,78
2021-12-03,San Bernardino,071,2135413,368497,364154,11765,375919,5983
2021-12-03,San Diego,073,3302833,391728,386710,22609,409319,4350
2021-12-03,San Francisco,075,870044,55182,54286,2468,56754,674
2021-12-03,San Joaquin,077,732212,103236,102286,5690,107976,1835
2021-12-03,San Luis Obispo,079,281455,30822,30318,1331,31649,360
2021-12-03,San Mateo,081,765935,56211,54774,984,55758,579
2021-12-03,Santa Barbara,083,443738,46372,45774,1701,47475,555
2021-12-03,Santa Clara,085,1922200,153250,151275,1608,152883,1928
2021-12-03,Santa Cruz,087,273765,21613,21286,1045,22331,224
2021-12-03,Shasta,089,179085,22698,22418,3743,26161,414
2021-12-03,Sierra,091,2930,202,196,21,217,0
2021-12-03,Siskiyou,093,43540,3461,3398,1364,4762,57
2021-12-03,Solano,095,438530,47359,46529,1360,47889,360
2021-12-03,Sonoma,097,501317,43315,42778,569,43347,405
2021-12-03,Stanislaus,099,539301,81784,81462,9270,90732,1231
2021-12-03,Sutter,101,95872,14354,14258,401,14659,186
2021-12-03,Tehama,103,63373,8834,8742,1557,10299,131
2021-12-03,Trinity,105,12862,908,801,226,1027,17
2021-12-03,Tulare,107,460477,71288,70014,16364,86378,1100
2021-12-03,Tuolumne,109,53932,7726,7676,110,7786,91
2021-12-03,Ventura,111,848112,100942,99751,4470,104221,1192
2021-12-03,Yolo,113,214977,20643,20442,1268,21710,261
2021-12-03,Yuba,115,75493,10529,10418,384,10802,91
2021-12-02,Alameda,001,1643700,123684,122508,2983,125491,1494
2021-12-02,Alpine,003,1148,105,108,0,108,0
2021-12-02,Amador,005,37829,5775,5729,68,5797,67
2021-12-02,Butte,007,227075,21856,21638,3936,25574,318
2021-12-02,Calaveras,009,45235,4438,4392,62,4454,88
2021-12-02,Colusa,011,21464,2630,2600,684,3284,21
2021-12-02,Contra Costa,013,1133247,102662,101824,2353,104177,1056
2021-12-02,Del Norte,015,27424,3788,3726,56,3782,42
2021-12-02,El Dorado,017,186661,16855,16621,1778,18399,168
2021-12-02,Fresno,019,978130,146378,144734,12803,157537,2270
2021-12-02,Glenn,021,27897,3605,3559,1014,4573,36
2021-12-02,Humboldt,023,135768,9721,9596,686,10282,117
2021-12-02,Imperial,025,180216,35698,35206,3842,39048,776
2021-12-02,Inyo,027,18085,2572,2538,41,2579,46
2021-12-02,Kern,029,883053,133065,131771,24085,155856,1817
2021-12-02,Kings,031,150075,33640,33183,2054,35237,367
2021-12-02,Lake,033,64148,6955,6903,162,7065,113
2021-12-02,Lassen,035,31185,7075,7014,426,7440,51
2021-12-02,Los Angeles,037,10098052,1473907,1463270,56578,1519848,26952
2021-12-02,Madera,039,155013,24442,24188,2295,26483,307
2021-12-02,Marin,041,260295,18311,18075,526,18601,249
2021-12-02,Mariposa,043,17540,1451,1421,61,1482,6
2021-12-02,Mendocino,045,87422,8171,7981,672,8653,91
2021-12-02,Merced,047,269075,43643,43337,2011,45348,671
2021-12-02,Modoc,049,8938,597,591,202,793,6
2021-12-02,Mono,051,14174,1914,1883,22,1905,4
2021-12-02,Monterey,053,433212,49998,48682,3247,51929,626
2021-12-02,Napa,055,140530,13421,13327,123,13450,106
2021-12-02,Nevada,057,99092,9876,9752,349,10101,105
2021-12-02,Orange,059,3164182,316007,313112,16177,329289,5748
2021-12-02,Placer,061,380077,38974,38460,3909,42369,473
2021-12-02,Plumas,063,18699,1946,1903,46,1949,7
2021-12-02,Riverside,065,2383286,376991,371768,16862,388630,5381
2021-12-02,Sacramento,067,1510023,165349,163900,5031,168931,2365
2021-12-02,San Benito,069,59416,7739,7688,185,7873,78
2021-12-02,San Bernardino,071,2135413,367950,364154,11745,375899,5983
2021-12-02,San Diego,073,3302833,391083,386710,22555,409265,4350
2021-12-02,San Francisco,075,870044,55083,54286,2463,56749,674
2021-12-02,San Joaquin,077,732212,103122,102286,5685,107971,1835
2021-12-02,San Luis Obispo,079,281455,30789,30318,1324,31642,360
2021-12-02,San Mateo,081,765935,56130,54774,976,55750,579
2021-12-02,Santa Barbara,083,443738,46291,45774,1698,47472,555
2021-12-02,Santa Clara,085,1922200,153003,151275,1591,152866,1928
2021-12-02,Santa Cruz,087,273765,21561,21286,1044,22330,224
2021-12-02,Shasta,089,179085,22665,22418,3742,26160,414
2021-12-02,Sierra,091,2930,202,196,21,217,0
2021-12-02,Siskiyou,093,43540,3460,3398,1357,4755,57
2021-12-02,Solano,095,438530,47308,46529,1358,47887,360
2021-12-02,Sonoma,097,501317,43244,42778,569,43347,405
2021-12-02,Stanislaus,099,539301,81689,81462,9261,90723,1231
2021-12-02,Sutter,101,95872,14341,14258,398,14656,186
2021-12-02,Tehama,103,63373,8827,8742,1555,10297,131
2021-12-02,Trinity,105,12862,908,801,226,1027,17
2021-12-02,Tulare,107,460477,71200,70014,16312,86326,1100
2021-12-02,Tuolumne,109,53932,7711,7676,109,7785,91
2021-12-02,Ventura,111,848112,100817,99751,4468,104219,1192
2021-12-02,Yolo,113,214977,20618,20442,1264,21706,261
2021-12-02,Yuba,115,75493,10513,10418,381,10799,91
2021-12-01,Alameda,001,1643700,123533,122298,2973,125271,1492
2021-12-01,Alpine,003,1148,105,108,0,108,0
2021-12-01,Amador,005,37829,5768,5723,68,5791,67
2021-12-01,Butte,007,227075,21836,21600,3931,25531,318
2021-12-01,Calaveras,009,45235,4433,4371,62,4433,88
2021-12-01,Colusa,011,21464,2623,2595,681,3276,20
2021-12-01,Contra Costa,013,1133247,102553,101651,2342,103993,1048
2021-12-01,Del Norte,015,27424,3786,3722,56,3778,42
2021-12-01,El Dorado,017,186661,16834,16575,1776,18351,166
2021-12-01,Fresno,019,978130,146172,144507,12794,157301,2264
2021-12-01,Glenn,021,27897,3598,3556,1013,4569,36
2021-12-01,Humboldt,023,135768,9697,9573,681,10254,117
2021-12-01,Imperial,025,180216,35617,35085,3815,38900,776
2021-12-01,Inyo,027,18085,2568,2533,41,2574,46
2021-12-01,Kern,029,883053,132918,131580,24030,155610,1804
2021-12-01,Kings,031,150075,33591,33112,2053,35165,364
2021-12-01,Lake,033,64148,6947,6896,161,7057,112
2021-12-01,Lassen,035,31185,7069,7008,424,7432,51
2021-12-01,Los Angeles,037,10098052,1472320,1461394,56483,1517877,26928
2021-12-01,Madera,039,155013,24410,24134,2286,26420,307
2021-12-01,Marin,041,260295,18274,18038,520,18558,249
2021-12-01,Mariposa,043,17540,1447,1415,61,1476,6
2021-12-01,Mendocino,045,87422,8157,7966,667,8633,90
2021-12-01,Merced,047,269075,43587,43259,1990,45249,670
2021-12-01,Modoc,049,8938,597,576,202,778,5
2021-12-01,Mono,051,14174,1909,1876,22,1898,4
2021-12-01,Monterey,053,433212,49949,48611,3238,51849,626
2021-12-01,Napa,055,140530,13404,13319,120,13439,107
2021-12-01,Nevada,057,99092,9863,9706,349,10055,105
2021-12-01,Orange,059,3164182,315643,312772,16139,328911,5735
2021-12-01,Placer,061,380077,38918,38373,3903,42276,472
2021-12-01,Plumas,063,18699,1942,1893,46,1939,7
2021-12-01,Riverside,065,2383286,376467,371189,16845,388034,5369
2021-12-01,Sacramento,067,1510023,165135,163616,5011,168627,2360
2021-12-01,San Benito,069,59416,7725,7669,185,7854,78
2021-12-01,San Bernardino,071,2135413,367370,363368,11719,375087,5973
2021-12-01,San Diego,073,3302833,390287,386056,22502,408558,4346
2021-12-01,San Francisco,075,870044,55001,54199,2456,56655,672
2021-12-01,San Joaquin,077,732212,103014,102109,5684,107793,1834
2021-12-01,San Luis Obispo,079,281455,30747,30238,1320,31558,360
2021-12-01,San Mateo,081,765935,56048,54711,972,55683,579
2021-12-01,Santa Barbara,083,443738,46221,45681,1696,47377,554
2021-12-01,Santa Clara,085,1922200,152786,150961,1574,152535,1925
2021-12-01,Santa Cruz,087,273765,21531,21191,1043,22234,224
2021-12-01,Shasta,089,179085,22633,22375,3736,26111,410
2021-12-01,Sierra,091,2930,202,195,21,216,0
2021-12-01,Siskiyou,093,43540,3457,3391,1357,4748,55
2021-12-01,Solano,095,438530,47264,46485,1358,47843,360
2021-12-01,Sonoma,097,501317,43170,42713,568,43281,405
2021-12-01,Stanislaus,099,539301,81592,81330,9249,90579,1231
2021-12-01,Sutter,101,95872,14326,14229,397,14626,186
2021-12-01,Tehama,103,63373,8817,8728,1555,10283,130
2021-12-01,Trinity,105,12862,903,801,226,1027,17
2021-12-01,Tulare,107,460477,71121,69953,16272,86225,1098
2021-12-01,Tuolumne,109,53932,7703,7655,109,7764,91
2021-12-01,Ventura,111,848112,100711,99680,4457,104137,1191
2021-12-01,Yolo,113,214977,20590,20393,1264,21657,260
2021-12-01,Yuba,115,75493,10501,10401,380,10781,89
2021-11-30,Alameda,001,1643700,123366,122196,2964,125160,1489
2021-11-30,Alpine,003,1148,105,108,0,108,0
2021-11-30,Amador,005,37829,5760,5716,68,5784,66
2021-11-30,Butte,007,227075,21807,21565,3922,25487,318
2021-11-30,Calaveras,009,45235,4415,4360,62,4422,88
2021-11-30,Colusa,011,21464,2622,2592,681,3273,21
2021-11-30,Contra Costa,013,1133247,102415,101538,2335,103873,1046
2021-11-30,Del Norte,015,27424,3780,3718,56,3774,42
2021-11-30,El Dorado,017,186661,16806,16558,1770,18328,166
2021-11-30,Fresno,019,978130,145975,144384,12786,157170,2259
2021-11-30,Glenn,021,27897,3593,3555,1012,4567,36
2021-11-30,Humboldt,023,135768,9666,9539,675,10214,116
2021-11-30,Imperial,025,180216,35509,34999,3787,38786,773
2021-11-30,Inyo,027,18085,2559,2530,41,2571,46
2021-11-30,Kern,029,883053,132745,131451,23973,155424,1799
2021-11-30,Kings,031,150075,33540,33074,2049,35123,362
2021-11-30,Lake,033,64148,6942,6892,159,7051,110
2021-11-30,Lassen,035,31185,7065,7003,423,7426,51
2021-11-30,Los Angeles,037,10098052,1470534,1460177,56378,1516555,26913
2021-11-30,Madera,039,155013,24376,24108,2281,26389,307
2021-11-30,Marin,041,260295,18230,18010,518,18528,249
2021-11-30,Mariposa,043,17540,1441,1412,61,1473,6
2021-11-30,Mendocino,045,87422,8128,7960,661,8621,89
2021-11-30,Merced,047,269075,43517,43200,1983,45183,668
2021-11-30,Modoc,049,8938,596,576,202,778,5
2021-11-30,Mono,051,14174,1906,1873,22,1895,4
2021-11-30,Monterey,053,433212,49885,48581,3228,51809,626
2021-11-30,Napa,055,140530,13384,13308,120,13428,105
2021-11-30,Nevada,057,99092,9847,9699,348,10047,105
2021-11-30,Orange,059,3164182,315223,312451,16097,328548,5724
2021-11-30,Placer,061,380077,38814,38324,3895,42219,470
2021-11-30,Plumas,063,18699,1937,1887,45,1932,7
2021-11-30,Riverside,065,2383286,375783,370739,16820,387559,5358
2021-11-30,Sacramento,067,1510023,164854,163420,4988,168408,2353
2021-11-30,San Benito,069,59416,7703,7645,184,7829,78
2021-11-30,San Bernardino,071,2135413,366701,363006,11697,374703,5967
2021-11-30,San Diego,073,3302833,389356,385405,22458,407863,4340
2021-11-30,San Francisco,075,870044,54894,54147,2447,56594,672
2021-11-30,San Joaquin,077,732212,102888,101972,5676,107648,1834
2021-11-30,San Luis Obispo,079,281455,30721,30200,1317,31517,360
2021-11-30,San Mateo,081,765935,55946,54656,962,55618,579
2021-11-30,Santa Barbara,083,443738,46125,45628,1690,47318,553
2021-11-30,Santa Clara,085,1922200,152525,150799,1555,152354,1929
2021-11-30,Santa Cruz,087,273765,21472,21169,1039,22208,224
2021-11-30,Shasta,089,179085,22603,22347,3733,26080,401
2021-11-30,Sierra,091,2930,199,195,21,216,0
2021-11-30,Siskiyou,093,43540,3453,3385,1354,4739,55
2021-11-30,Solano,095,438530,47201,46434,1352,47786,358
2021-11-30,Sonoma,097,501317,43092,42663,567,43230,405
2021-11-30,Stanislaus,099,539301,81488,81276,9223,90499,1227
2021-11-30,Sutter,101,95872,14315,14210,394,14604,186
2021-11-30,Tehama,103,63373,8810,8727,1554,10281,130
2021-11-30,Trinity,105,12862,902,799,226,1025,17
2021-11-30,Tulare,107,460477,71033,69900,16223,86123,1099
2021-11-30,Tuolumne,109,53932,7688,7643,109,7752,91
2021-11-30,Ventura,111,848112,100558,99601,4445,104046,1191
2021-11-30,Yolo,113,214977,20550,20376,1258,21634,260
2021-11-30,Yuba,115,75493,10482,10398,375,10773,89
2021-11-29,Alameda,001,1643700,123209,122136,2954,125090,1489
2021-11-29,Alpine,003,1148,105,108,0,108,0
2021-11-29,Amador,005,37829,5753,5706,68,5774,66
2021-11-29,Butte,007,227075,21782,21544,3916,25460,314
2021-11-29,Calaveras,009,45235,4399,4353,62,4415,88
2021-11-29,Colusa,011,21464,2620,2585,678,3263,20
2021-11-29,Contra Costa,013,1133247,102266,101441,2327,103768,1046
2021-11-29,Del Norte,015,27424,3777,3704,56,3760,42
2021-11-29,El Dorado,017,186661,16788,16534,1765,18299,166
2021-11-29,Fresno,019,978130,145772,144282,12771,157053,2254
2021-11-29,Glenn,021,27897,3590,3555,1011,4566,36
2021-11-29,Humboldt,023,135768,9649,9514,668,10182,115
2021-11-29,Imperial,025,180216,35445,34960,3766,38726,773
2021-11-29,Inyo,027,18085,2554,2529,41,2570,46
2021-11-29,Kern,029,883053,132560,131362,23931,155293,1789
2021-11-29,Kings,031,150075,33488,33059,2045,35104,363
2021-11-29,Lake,033,64148,6930,6889,159,7048,110
2021-11-29,Lassen,035,31185,7062,7003,421,7424,51
2021-11-29,Los Angeles,037,10098052,1468687,1459446,56291,1515737,26889
2021-11-29,Madera,039,155013,24339,24069,2273,26342,307
2021-11-29,Marin,041,260295,18183,17980,513,18493,249
2021-11-29,Mariposa,043,17540,1433,1409,61,1470,6
2021-11-29,Mendocino,045,87422,8111,7954,657,8611,89
2021-11-29,Merced,047,269075,43443,43167,1976,45143,667
2021-11-29,Modoc,049,8938,595,569,202,771,5
2021-11-29,Mono,051,14174,1889,1859,22,1881,4
2021-11-29,Monterey,053,433212,49825,48548,3212,51760,626
2021-11-29,Napa,055,140530,13374,13304,120,13424,104
2021-11-29,Nevada,057,99092,9833,9689,348,10037,105
2021-11-29,Orange,059,3164182,314823,312203,16051,328254,5709
2021-11-29,Placer,061,380077,38749,38261,3890,42151,470
2021-11-29,Plumas,063,18699,1934,1884,45,1929,7
2021-11-29,Riverside,065,2383286,375250,370334,16809,387143,5358
2021-11-29,Sacramento,067,1510023,164605,163282,4955,168237,2342
2021-11-29,San Benito,069,59416,7682,7631,183,7814,77
2021-11-29,San Bernardino,071,2135413,366108,362694,11665,374359,5962
2021-11-29,San Diego,073,3302833,388467,384853,22426,407279,4335
2021-11-29,San Francisco,075,870044,54796,54125,2443,56568,669
2021-11-29,San Joaquin,077,732212,102749,101927,5669,107596,1834
2021-11-29,San Luis Obispo,079,281455,30687,30165,1313,31478,359
2021-11-29,San Mateo,081,765935,55844,54622,958,55580,579
2021-11-29,Santa Barbara,083,443738,46028,45576,1686,47262,549
2021-11-29,Santa Clara,085,1922200,152254,150620,1549,152169,1925
2021-11-29,Santa Cruz,087,273765,21435,21149,1038,22187,224
2021-11-29,Shasta,089,179085,22568,22315,3729,26044,399
2021-11-29,Sierra,091,2930,199,195,21,216,0
2021-11-29,Siskiyou,093,43540,3450,3374,1347,4721,55
2021-11-29,Solano,095,438530,47149,46412,1350,47762,357
2021-11-29,Sonoma,097,501317,43017,42624,564,43188,405
2021-11-29,Stanislaus,099,539301,81407,81227,9205,90432,1223
2021-11-29,Sutter,101,95872,14299,14204,391,14595,186
2021-11-29,Tehama,103,63373,8805,8720,1549,10269,130
2021-11-29,Trinity,105,12862,897,798,226,1024,17
2021-11-29,Tulare,107,460477,70954,69850,16188,86038,1096
2021-11-29,Tuolumne,109,53932,7675,7627,109,7736,90
2021-11-29,Ventura,111,848112,100438,99520,4435,103955,1190
2021-11-29,Yolo,113,214977,20507,20344,1255,21599,257
2021-11-29,Yuba,115,75493,10465,10395,374,10769,89
2021-11-28,Alameda,001,1643700,122989,122082,2948,125030,1491
2021-11-28,Alpine,003,1148,105,108,0,108,0
2021-11-28,Amador,005,37829,5743,5703,68,5771,66
2021-11-28,Butte,007,227075,21744,21530,3914,25444,313
2021-11-28,Calaveras,009,45235,4377,4350,62,4412,88
2021-11-28,Colusa,011,21464,2616,2586,677,3263,19
2021-11-28,Contra Costa,013,1133247,102093,101355,2316,103671,1046
2021-11-28,Del Norte,015,27424,3772,3703,56,3759,42
2021-11-28,El Dorado,017,186661,16747,16527,1764,18291,166
2021-11-28,Fresno,019,978130,145527,144164,12751,156915,2252
2021-11-28,Glenn,021,27897,3587,3547,1009,4556,36
2021-11-28,Humboldt,023,135768,9617,9499,664,10163,115
2021-11-28,Imperial,025,180216,35337,34929,3742,38671,773
2021-11-28,Inyo,027,18085,2547,2531,41,2572,46
2021-11-28,Kern,029,883053,132352,131279,23874,155153,1789
2021-11-28,Kings,031,150075,33413,33057,2038,35095,364
2021-11-28,Lake,033,64148,6920,6885,158,7043,110
2021-11-28,Lassen,035,31185,7054,7002,417,7419,51
2021-11-28,Los Angeles,037,10098052,1466519,1458646,56203,1514849,26878
2021-11-28,Madera,039,155013,24291,24055,2266,26321,307
2021-11-28,Marin,041,260295,18134,17962,509,18471,249
2021-11-28,Mariposa,043,17540,1429,1406,61,1467,6
2021-11-28,Mendocino,045,87422,8080,7943,652,8595,89
2021-11-28,Merced,047,269075,43377,43166,1961,45127,667
2021-11-28,Modoc,049,8938,594,569,202,771,5
2021-11-28,Mono,051,14174,1883,1841,22,1863,4
2021-11-28,Monterey,053,433212,49760,48537,3192,51729,626
2021-11-28,Napa,055,140530,13361,13303,120,13423,104
2021-11-28,Nevada,057,99092,9806,9684,347,10031,105
2021-11-28,Orange,059,3164182,314438,312028,16008,328036,5693
2021-11-28,Placer,061,380077,38668,38240,3871,42111,470
2021-11-28,Plumas,063,18699,1928,1884,44,1928,7
2021-11-28,Riverside,065,2383286,374595,370051,16787,386838,5358
2021-11-28,Sacramento,067,1510023,164249,163170,4932,168102,2335
2021-11-28,San Benito,069,59416,7663,7623,182,7805,77
2021-11-28,San Bernardino,071,2135413,365395,362407,11638,374045,5958
2021-11-28,San Diego,073,3302833,387575,383025,22362,405387,4325
2021-11-28,San Francisco,075,870044,54720,54082,2440,56522,669
2021-11-28,San Joaquin,077,732212,102568,101895,5652,107547,1834
2021-11-28,San Luis Obispo,079,281455,30622,30152,1309,31461,358
2021-11-28,San Mateo,081,765935,55749,54567,954,55521,579
2021-11-28,Santa Barbara,083,443738,45949,45551,1675,47226,549
2021-11-28,Santa Clara,085,1922200,151947,150436,1534,151970,1920
2021-11-28,Santa Cruz,087,273765,21364,21110,1037,22147,224
2021-11-28,Shasta,089,179085,22528,22316,3727,26043,400
2021-11-28,Sierra,091,2930,199,195,21,216,0
2021-11-28,Siskiyou,093,43540,3444,3372,1343,4715,55
2021-11-28,Solano,095,438530,47087,46385,1349,47734,356
2021-11-28,Sonoma,097,501317,42931,42583,561,43144,405
2021-11-28,Stanislaus,099,539301,81281,81181,9186,90367,1223
2021-11-28,Sutter,101,95872,14277,14192,385,14577,186
2021-11-28,Tehama,103,63373,8797,8720,1545,10265,130
2021-11-28,Trinity,105,12862,896,797,226,1023,17
2021-11-28,Tulare,107,460477,70857,69833,16132,85965,1095
2021-11-28,Tuolumne,109,53932,7654,7620,109,7729,90
2021-11-28,Ventura,111,848112,100282,99486,4424,103910,1190
2021-11-28,Yolo,113,214977,20465,20333,1254,21587,257
2021-11-28,Yuba,115,75493,10447,10391,372,10763,89
2021-11-27,Alameda,001,1643700,122893,121618,2945,124563,1477
2021-11-27,Alpine,003,1148,105,106,0,106,0
2021-11-27,Amador,005,37829,5742,5670,68,5738,66
2021-11-27,Butte,007,227075,21721,21384,3909,25293,309
2021-11-27,Calaveras,009,45235,4371,4294,62,4356,85
2021-11-27,Colusa,011,21464,2615,2568,675,3243,19
2021-11-27,Contra Costa,013,1133247,102008,100961,2315,103276,1045
2021-11-27,Del Norte,015,27424,3765,3661,56,3717,42
2021-11-27,El Dorado,017,186661,16712,16399,1763,18162,161
2021-11-27,Fresno,019,978130,145417,143386,12747,156133,2246
2021-11-27,Glenn,021,27897,3583,3532,1008,4540,36
2021-11-27,Humboldt,023,135768,9589,9399,662,10061,115
2021-11-27,Imperial,025,180216,35254,34611,3726,38337,769
2021-11-27,Inyo,027,18085,2544,2506,41,2547,45
2021-11-27,Kern,029,883053,132268,130245,23845,154090,1773
2021-11-27,Kings,031,150075,33390,32891,2036,34927,358
2021-11-27,Lake,033,64148,6917,6836,157,6993,110
2021-11-27,Lassen,035,31185,7052,6959,416,7375,47
2021-11-27,Los Angeles,037,10098052,1465513,1454495,56133,1510628,26817
2021-11-27,Madera,039,155013,24271,23880,2262,26142,296
2021-11-27,Marin,041,260295,18096,17857,504,18361,248
2021-11-27,Mariposa,043,17540,1427,1374,61,1435,6
2021-11-27,Mendocino,045,87422,8061,7871,652,8523,89
2021-11-27,Merced,047,269075,43342,42921,1958,44879,664
2021-11-27,Modoc,049,8938,592,551,202,753,5
2021-11-27,Mono,051,14174,1881,1810,22,1832,4
2021-11-27,Monterey,053,433212,49727,48400,3178,51578,625
2021-11-27,Napa,055,140530,13347,13256,120,13376,104
2021-11-27,Nevada,057,99092,9784,9584,346,9930,103
2021-11-27,Orange,059,3164182,314186,310809,15971,326780,5665
2021-11-27,Placer,061,380077,38607,38001,3865,41866,468
2021-11-27,Plumas,063,18699,1924,1860,44,1904,7
2021-11-27,Riverside,065,2383286,374237,367601,16780,384381,5306
2021-11-27,Sacramento,067,1510023,164094,162328,4929,167257,2335
2021-11-27,San Benito,069,59416,7646,7575,182,7757,77
2021-11-27,San Bernardino,071,2135413,364964,360033,11629,371662,5932
2021-11-27,San Diego,073,3302833,387073,382634,22336,404970,4319
2021-11-27,San Francisco,075,870044,54670,53830,2437,56267,669
2021-11-27,San Joaquin,077,732212,102501,101368,5649,107017,1833
2021-11-27,San Luis Obispo,079,281455,30587,29983,1305,31288,358
2021-11-27,San Mateo,081,765935,55692,54360,951,55311,577
2021-11-27,Santa Barbara,083,443738,45895,45318,1673,46991,548
2021-11-27,Santa Clara,085,1922200,151740,149700,1528,151228,1922
2021-11-27,Santa Cruz,087,273765,21324,20929,1034,21963,222
2021-11-27,Shasta,089,179085,22505,22151,3726,25877,396
2021-11-27,Sierra,091,2930,198,194,21,215,0
2021-11-27,Siskiyou,093,43540,3441,3336,1341,4677,54
2021-11-27,Solano,095,438530,47051,46163,1346,47509,356
2021-11-27,Sonoma,097,501317,42868,42368,561,42929,405
2021-11-27,Stanislaus,099,539301,81207,80782,9168,89950,1220
2021-11-27,Sutter,101,95872,14269,14127,384,14511,181
2021-11-27,Tehama,103,63373,8795,8675,1544,10219,129
2021-11-27,Trinity,105,12862,896,789,226,1015,17
2021-11-27,Tulare,107,460477,70805,69377,16116,85493,1082
2021-11-27,Tuolumne,109,53932,7641,7574,109,7683,90
2021-11-27,Ventura,111,848112,100209,99163,4416,103579,1188
2021-11-27,Yolo,113,214977,20444,20237,1245,21482,257
2021-11-27,Yuba,115,75493,10437,10335,372,10707,88
2021-11-26,Alameda,001,1643700,122782,121618,2943,124561,1477
2021-11-26,Alpine,003,1148,105,106,0,106,0
2021-11-26,Amador,005,37829,5738,5670,68,5738,66
2021-11-26,Butte,007,227075,21698,21384,3904,25288,309
2021-11-26,Calaveras,009,45235,4362,4294,62,4356,85
2021-11-26,Colusa,011,21464,2613,2568,674,3242,19
2021-11-26,Contra Costa,013,1133247,101919,100961,2311,103272,1045
2021-11-26,Del Norte,015,27424,3762,3661,56,3717,42
2021-11-26,El Dorado,017,186661,16695,16399,1760,18159,161
2021-11-26,Fresno,019,978130,145285,143386,12738,156124,2246
2021-11-26,Glenn,021,27897,3581,3532,1008,4540,36
2021-11-26,Humboldt,023,135768,9570,9399,658,10057,115
2021-11-26,Imperial,025,180216,35197,34611,3713,38324,769
2021-11-26,Inyo,027,18085,2544,2506,41,2547,45
2021-11-26,Kern,029,883053,132185,130245,23801,154046,1773
2021-11-26,Kings,031,150075,33366,32891,2034,34925,358
2021-11-26,Lake,033,64148,6915,6836,157,6993,110
2021-11-26,Lassen,035,31185,7046,6959,416,7375,47
2021-11-26,Los Angeles,037,10098052,1464671,1454495,56071,1510566,26817
2021-11-26,Madera,039,155013,24244,23880,2260,26140,296
2021-11-26,Marin,041,260295,18067,17857,504,18361,248
2021-11-26,Mariposa,043,17540,1420,1374,60,1434,6
2021-11-26,Mendocino,045,87422,8051,7871,652,8523,89
2021-11-26,Merced,047,269075,43312,42921,1953,44874,664
2021-11-26,Modoc,049,8938,590,551,202,753,5
2021-11-26,Mono,051,14174,1870,1810,22,1832,4
2021-11-26,Monterey,053,433212,49683,48400,3171,51571,625
2021-11-26,Napa,055,140530,13331,13256,120,13376,104
2021-11-26,Nevada,057,99092,9773,9584,346,9930,103
2021-11-26,Orange,059,3164182,313916,310809,15939,326748,5665
2021-11-26,Placer,061,380077,38562,38001,3857,41858,468
2021-11-26,Plumas,063,18699,1919,1860,44,1904,7
2021-11-26,Riverside,065,2383286,373836,367601,16773,384374,5306
2021-11-26,Sacramento,067,1510023,163983,162328,4924,167252,2335
2021-11-26,San Benito,069,59416,7638,7575,182,7757,77
2021-11-26,San Bernardino,071,2135413,364534,360033,11622,371655,5932
2021-11-26,San Diego,073,3302833,386517,382634,22324,404958,4319
2021-11-26,San Francisco,075,870044,54622,53830,2435,56265,669
2021-11-26,San Joaquin,077,732212,102444,101368,5648,107016,1833
2021-11-26,San Luis Obispo,079,281455,30545,29983,1302,31285,358
2021-11-26,San Mateo,081,765935,55628,54360,950,55310,577
2021-11-26,Santa Barbara,083,443738,45848,45318,1672,46990,548
2021-11-26,Santa Clara,085,1922200,151572,149700,1520,151220,1922
2021-11-26,Santa Cruz,087,273765,21284,20929,1034,21963,222
2021-11-26,Shasta,089,179085,22486,22151,3724,25875,396
2021-11-26,Sierra,091,2930,198,194,21,215,0
2021-11-26,Siskiyou,093,43540,3438,3336,1340,4676,54
2021-11-26,Solano,095,438530,47009,46163,1345,47508,356
2021-11-26,Sonoma,097,501317,42817,42368,559,42927,405
2021-11-26,Stanislaus,099,539301,81131,80782,9157,89939,1220
2021-11-26,Sutter,101,95872,14256,14127,383,14510,181
2021-11-26,Tehama,103,63373,8793,8675,1543,10218,129
2021-11-26,Trinity,105,12862,895,789,226,1015,17
2021-11-26,Tulare,107,460477,70759,69377,16084,85461,1082
2021-11-26,Tuolumne,109,53932,7631,7574,109,7683,90
2021-11-26,Ventura,111,848112,100129,99163,4411,103574,1188
2021-11-26,Yolo,113,214977,20425,20237,1238,21475,257
2021-11-26,Yuba,115,75493,10431,10335,372,10707,88
2021-11-25,Alameda,001,1643700,122675,121618,2938,124556,1477
2021-11-25,Alpine,003,1148,105,106,0,106,0
2021-11-25,Amador,005,37829,5730,5670,68,5738,66
2021-11-25,Butte,007,227075,21680,21384,3902,25286,309
2021-11-25,Calaveras,009,45235,4357,4294,62,4356,85
2021-11-25,Colusa,011,21464,2610,2568,672,3240,19
2021-11-25,Contra Costa,013,1133247,101814,100961,2306,103267,1045
2021-11-25,Del Norte,015,27424,3757,3661,56,3717,42
2021-11-25,El Dorado,017,186661,16676,16399,1759,18158,161
2021-11-25,Fresno,019,978130,145152,143386,12731,156117,2246
2021-11-25,Glenn,021,27897,3580,3532,1007,4539,36
2021-11-25,Humboldt,023,135768,9551,9399,655,10054,115
2021-11-25,Imperial,025,180216,35152,34611,3700,38311,769
2021-11-25,Inyo,027,18085,2542,2506,41,2547,45
2021-11-25,Kern,029,883053,132087,130245,23755,154000,1773
2021-11-25,Kings,031,150075,33338,32891,2033,34924,358
2021-11-25,Lake,033,64148,6908,6836,157,6993,110
2021-11-25,Lassen,035,31185,7044,6959,415,7374,47
2021-11-25,Los Angeles,037,10098052,1463705,1454495,56013,1510508,26817
2021-11-25,Madera,039,155013,24209,23880,2259,26139,296
2021-11-25,Marin,041,260295,18040,17857,499,18356,248
2021-11-25,Mariposa,043,17540,1417,1374,60,1434,6
2021-11-25,Mendocino,045,87422,8033,7871,652,8523,89
2021-11-25,Merced,047,269075,43273,42921,1948,44869,664
2021-11-25,Modoc,049,8938,589,551,202,753,5
2021-11-25,Mono,051,14174,1859,1810,22,1832,4
2021-11-25,Monterey,053,433212,49638,48400,3162,51562,625
2021-11-25,Napa,055,140530,13323,13256,120,13376,104
2021-11-25,Nevada,057,99092,9754,9584,343,9927,103
2021-11-25,Orange,059,3164182,313652,310809,15907,326716,5665
2021-11-25,Placer,061,380077,38516,38001,3851,41852,468
2021-11-25,Plumas,063,18699,1917,1860,44,1904,7
2021-11-25,Riverside,065,2383286,373422,367601,16766,384367,5306
2021-11-25,Sacramento,067,1510023,163803,162328,4918,167246,2335
2021-11-25,San Benito,069,59416,7631,7575,182,7757,77
2021-11-25,San Bernardino,071,2135413,364141,360033,11606,371639,5932
2021-11-25,San Diego,073,3302833,386072,382634,22305,404939,4319
2021-11-25,San Francisco,075,870044,54572,53830,2432,56262,669
2021-11-25,San Joaquin,077,732212,102359,101368,5644,107012,1833
2021-11-25,San Luis Obispo,079,281455,30515,29983,1300,31283,358
2021-11-25,San Mateo,081,765935,55579,54360,948,55308,577
2021-11-25,Santa Barbara,083,443738,45809,45318,1670,46988,548
2021-11-25,Santa Clara,085,1922200,151415,149700,1515,151215,1922
2021-11-25,Santa Cruz,087,273765,21252,20929,1034,21963,222
2021-11-25,Shasta,089,179085,22460,22151,3724,25875,396
2021-11-25,Sierra,091,2930,198,194,21,215,0
2021-11-25,Siskiyou,093,43540,3435,3336,1340,4676,54
2021-11-25,Solano,095,438530,46972,46163,1344,47507,356
2021-11-25,Sonoma,097,501317,42760,42368,555,42923,405
2021-11-25,Stanislaus,099,539301,81060,80782,9143,89925,1220
2021-11-25,Sutter,101,95872,14240,14127,382,14509,181
2021-11-25,Tehama,103,63373,8785,8675,1543,10218,129
2021-11-25,Trinity,105,12862,895,789,226,1015,17
2021-11-25,Tulare,107,460477,70692,69377,16057,85434,1082
2021-11-25,Tuolumne,109,53932,7619,7574,109,7683,90
2021-11-25,Ventura,111,848112,100062,99163,4408,103571,1188
2021-11-25,Yolo,113,214977,20396,20237,1234,21471,257
2021-11-25,Yuba,115,75493,10422,10335,371,10706,88
2021-11-24,Alameda,001,1643700,122611,121618,2934,124552,1477
2021-11-24,Alpine,003,1148,105,106,0,106,0
2021-11-24,Amador,005,37829,5720,5670,68,5738,66
2021-11-24,Butte,007,227075,21665,21384,3901,25285,309
2021-11-24,Calaveras,009,45235,4350,4294,62,4356,85
2021-11-24,Colusa,011,21464,2610,2568,671,3239,19
2021-11-24,Contra Costa,013,1133247,101777,100961,2303,103264,1045
2021-11-24,Del Norte,015,27424,3754,3661,56,3717,42
2021-11-24,El Dorado,017,186661,16664,16399,1758,18157,161
2021-11-24,Fresno,019,978130,145098,143386,12731,156117,2246
2021-11-24,Glenn,021,27897,3575,3532,1006,4538,36
2021-11-24,Humboldt,023,135768,9537,9399,655,10054,115
2021-11-24,Imperial,025,180216,35124,34611,3694,38305,769
2021-11-24,Inyo,027,18085,2539,2506,41,2547,45
2021-11-24,Kern,029,883053,132024,130245,23743,153988,1773
2021-11-24,Kings,031,150075,33324,32891,2031,34922,358
2021-11-24,Lake,033,64148,6904,6836,157,6993,110
2021-11-24,Lassen,035,31185,7044,6959,415,7374,47
2021-11-24,Los Angeles,037,10098052,1463220,1454495,55970,1510465,26817
2021-11-24,Madera,039,155013,24186,23880,2253,26133,296
2021-11-24,Marin,041,260295,18028,17857,497,18354,248
2021-11-24,Mariposa,043,17540,1417,1374,60,1434,6
2021-11-24,Mendocino,045,87422,8021,7871,652,8523,89
2021-11-24,Merced,047,269075,43241,42921,1945,44866,664
2021-11-24,Modoc,049,8938,589,551,202,753,5
2021-11-24,Mono,051,14174,1856,1810,22,1832,4
2021-11-24,Monterey,053,433212,49625,48400,3160,51560,625
2021-11-24,Napa,055,140530,13319,13256,120,13376,104
2021-11-24,Nevada,057,99092,9739,9584,343,9927,103
2021-11-24,Orange,059,3164182,313496,310809,15892,326701,5665
2021-11-24,Placer,061,380077,38483,38001,3849,41850,468
2021-11-24,Plumas,063,18699,1915,1860,44,1904,7
2021-11-24,Riverside,065,2383286,373242,367601,16760,384361,5306
2021-11-24,Sacramento,067,1510023,163731,162328,4918,167246,2335
2021-11-24,San Benito,069,59416,7629,7575,182,7757,77
2021-11-24,San Bernardino,071,2135413,363931,360033,11595,371628,5932
2021-11-24,San Diego,073,3302833,385816,382634,22292,404926,4319
2021-11-24,San Francisco,075,870044,54541,53830,2430,56260,669
2021-11-24,San Joaquin,077,732212,102318,101368,5641,107009,1833
2021-11-24,San Luis Obispo,079,281455,30496,29983,1300,31283,358
2021-11-24,San Mateo,081,765935,55550,54360,947,55307,577
2021-11-24,Santa Barbara,083,443738,45782,45318,1670,46988,548
2021-11-24,Santa Clara,085,1922200,151319,149700,1514,151214,1922
2021-11-24,Santa Cruz,087,273765,21228,20929,1033,21962,222
2021-11-24,Shasta,089,179085,22448,22151,3721,25872,396
2021-11-24,Sierra,091,2930,198,194,21,215,0
2021-11-24,Siskiyou,093,43540,3433,3336,1340,4676,54
2021-11-24,Solano,095,438530,46944,46163,1342,47505,356
2021-11-24,Sonoma,097,501317,42729,42368,553,42921,405
2021-11-24,Stanislaus,099,539301,81022,80782,9138,89920,1220
2021-11-24,Sutter,101,95872,14227,14127,380,14507,181
2021-11-24,Tehama,103,63373,8782,8675,1542,10217,129
2021-11-24,Trinity,105,12862,895,789,226,1015,17
2021-11-24,Tulare,107,460477,70667,69377,16038,85415,1082
2021-11-24,Tuolumne,109,53932,7615,7574,109,7683,90
2021-11-24,Ventura,111,848112,100027,99163,4404,103567,1188
2021-11-24,Yolo,113,214977,20388,20237,1233,21470,257
2021-11-24,Yuba,115,75493,10418,10335,370,10705,88
2021-11-23,Alameda,001,1643700,122495,121618,2926,124544,1477
2021-11-23,Alpine,003,1148,105,106,0,106,0
2021-11-23,Amador,005,37829,5713,5670,68,5738,66
2021-11-23,Butte,007,227075,21636,21384,3897,25281,309
2021-11-23,Calaveras,009,45235,4344,4294,61,4355,85
2021-11-23,Colusa,011,21464,2606,2568,669,3237,19
2021-11-23,Contra Costa,013,1133247,101669,100961,2301,103262,1045
2021-11-23,Del Norte,015,27424,3751,3661,56,3717,42
2021-11-23,El Dorado,017,186661,16632,16399,1755,18154,161
2021-11-23,Fresno,019,978130,144963,143386,12721,156107,2246
2021-11-23,Glenn,021,27897,3570,3532,1006,4538,36
2021-11-23,Humboldt,023,135768,9515,9399,652,10051,115
2021-11-23,Imperial,025,180216,35055,34611,3675,38286,769
2021-11-23,Inyo,027,18085,2535,2506,41,2547,45
2021-11-23,Kern,029,883053,131918,130245,23694,153939,1773
2021-11-23,Kings,031,150075,33283,32891,2030,34921,358
2021-11-23,Lake,033,64148,6899,6836,157,6993,110
2021-11-23,Lassen,035,31185,7040,6959,412,7371,47
2021-11-23,Los Angeles,037,10098052,1462207,1454495,55908,1510403,26817
2021-11-23,Madera,039,155013,24160,23880,2251,26131,296
2021-11-23,Marin,041,260295,17997,17857,493,18350,248
2021-11-23,Mariposa,043,17540,1414,1374,60,1434,6
2021-11-23,Mendocino,045,87422,8000,7871,649,8520,89
2021-11-23,Merced,047,269075,43203,42921,1944,44865,664
2021-11-23,Modoc,049,8938,587,551,202,753,5
2021-11-23,Mono,051,14174,1842,1810,22,1832,4
2021-11-23,Monterey,053,433212,49589,48400,3154,51554,625
2021-11-23,Napa,055,140530,13310,13256,120,13376,104
2021-11-23,Nevada,057,99092,9710,9584,342,9926,103
2021-11-23,Orange,059,3164182,313246,310809,15856,326665,5665
2021-11-23,Placer,061,380077,38425,38001,3832,41833,468
2021-11-23,Plumas,063,18699,1911,1860,44,1904,7
2021-11-23,Riverside,065,2383286,372859,367601,16747,384348,5306
2021-11-23,Sacramento,067,1510023,163546,162328,4907,167235,2335
2021-11-23,San Benito,069,59416,7621,7575,180,7755,77
2021-11-23,San Bernardino,071,2135413,363519,360033,11580,371613,5932
2021-11-23,San Diego,073,3302833,385326,382634,22269,404903,4319
2021-11-23,San Francisco,075,870044,54481,53830,2427,56257,669
2021-11-23,San Joaquin,077,732212,102209,101368,5630,106998,1833
2021-11-23,San Luis Obispo,079,281455,30461,29983,1297,31280,358
2021-11-23,San Mateo,081,765935,55500,54360,946,55306,577
2021-11-23,Santa Barbara,083,443738,45729,45318,1670,46988,548
2021-11-23,Santa Clara,085,1922200,151106,149700,1502,151202,1922
2021-11-23,Santa Cruz,087,273765,21190,20929,1033,21962,222
2021-11-23,Shasta,089,179085,22412,22151,3719,25870,396
2021-11-23,Sierra,091,2930,198,194,21,215,0
2021-11-23,Siskiyou,093,43540,3428,3336,1339,4675,54
2021-11-23,Solano,095,438530,46890,46163,1338,47501,356
2021-11-23,Sonoma,097,501317,42678,42368,550,42918,405
2021-11-23,Stanislaus,099,539301,80952,80782,9125,89907,1220
2021-11-23,Sutter,101,95872,14211,14127,379,14506,181
2021-11-23,Tehama,103,63373,8769,8675,1541,10216,129
2021-11-23,Trinity,105,12862,894,789,226,1015,17
2021-11-23,Tulare,107,460477,70620,69377,16008,85385,1082
2021-11-23,Tuolumne,109,53932,7603,7574,109,7683,90
2021-11-23,Ventura,111,848112,99944,99163,4398,103561,1188
2021-11-23,Yolo,113,214977,20367,20237,1225,21462,257
2021-11-23,Yuba,115,75493,10406,10335,370,10705,88
2021-11-22,Alameda,001,1643700,122382,121566,2923,124489,1475
2021-11-22,Alpine,003,1148,105,106,0,106,0
2021-11-22,Amador,005,37829,5700,5670,68,5738,66
2021-11-22,Butte,007,227075,21597,21363,3891,25254,305
2021-11-22,Calaveras,009,45235,4332,4294,61,4355,84
2021-11-22,Colusa,011,21464,2603,2565,669,3234,19
2021-11-22,Contra Costa,013,1133247,101581,100877,2296,103173,1045
2021-11-22,Del Norte,015,27424,3748,3659,56,3715,42
2021-11-22,El Dorado,017,186661,16609,16378,1752,18130,161
2021-11-22,Fresno,019,978130,144830,143290,12715,156005,2243
2021-11-22,Glenn,021,27897,3565,3530,1005,4535,36
2021-11-22,Humboldt,023,135768,9488,9389,647,10036,115
2021-11-22,Imperial,025,180216,34994,34562,3660,38222,766
2021-11-22,Inyo,027,18085,2529,2501,41,2542,44
2021-11-22,Kern,029,883053,131756,130091,23643,153734,1762
2021-11-22,Kings,031,150075,33247,32867,2025,34892,358
2021-11-22,Lake,033,64148,6894,6837,157,6994,110
2021-11-22,Lassen,035,31185,7039,6954,411,7365,47
2021-11-22,Los Angeles,037,10098052,1461139,1453945,55830,1509775,26800
2021-11-22,Madera,039,155013,24126,23872,2244,26116,296
2021-11-22,Marin,041,260295,17966,17842,491,18333,248
2021-11-22,Mariposa,043,17540,1410,1372,60,1432,6
2021-11-22,Mendocino,045,87422,7984,7859,648,8507,89
2021-11-22,Merced,047,269075,43152,42898,1933,44831,660
2021-11-22,Modoc,049,8938,586,551,202,753,5
2021-11-22,Mono,051,14174,1835,1809,22,1831,4
2021-11-22,Monterey,053,433212,49562,48374,3150,51524,611
2021-11-22,Napa,055,140530,13302,13255,119,13374,104
2021-11-22,Nevada,057,99092,9693,9575,340,9915,96
2021-11-22,Orange,059,3164182,313006,310654,15830,326484,5663
2021-11-22,Placer,061,380077,38380,37956,3824,41780,465
2021-11-22,Plumas,063,18699,1908,1858,44,1902,7
2021-11-22,Riverside,065,2383286,372423,367301,16737,384038,5283
2021-11-22,Sacramento,067,1510023,163353,162222,4898,167120,2328
2021-11-22,San Benito,069,59416,7601,7567,180,7747,77
2021-11-22,San Bernardino,071,2135413,363109,359851,11570,371421,5916
2021-11-22,San Diego,073,3302833,384832,382132,22245,404377,4317
2021-11-22,San Francisco,075,870044,54389,53778,2421,56199,669
2021-11-22,San Joaquin,077,732212,102084,101299,5625,106924,1833
2021-11-22,San Luis Obispo,079,281455,30434,29963,1296,31259,358
2021-11-22,San Mateo,081,765935,55443,54330,944,55274,577
2021-11-22,Santa Barbara,083,443738,45653,45279,1670,46949,546
2021-11-22,Santa Clara,085,1922200,150921,149541,1492,151033,1919
2021-11-22,Santa Cruz,087,273765,21149,20891,1033,21924,222
2021-11-22,Shasta,089,179085,22398,22116,3714,25830,393
2021-11-22,Sierra,091,2930,198,193,21,214,0
2021-11-22,Siskiyou,093,43540,3423,3336,1337,4673,54
2021-11-22,Solano,095,438530,46842,46153,1336,47489,356
2021-11-22,Sonoma,097,501317,42617,42344,549,42893,404
2021-11-22,Stanislaus,099,539301,80862,80718,9115,89833,1209
2021-11-22,Sutter,101,95872,14195,14125,377,14502,181
2021-11-22,Tehama,103,63373,8762,8669,1536,10205,127
2021-11-22,Trinity,105,12862,893,785,226,1011,17
2021-11-22,Tulare,107,460477,70555,69314,15971,85285,1075
2021-11-22,Tuolumne,109,53932,7588,7567,109,7676,90
2021-11-22,Ventura,111,848112,99878,99114,4395,103509,1186
2021-11-22,Yolo,113,214977,20344,20227,1223,21450,257
2021-11-22,Yuba,115,75493,10397,10332,369,10701,88
2021-11-21,Alameda,001,1643700,122254,121443,2919,124362,1475
2021-11-21,Alpine,003,1148,103,106,0,106,0
2021-11-21,Amador,005,37829,5695,5662,67,5729,66
2021-11-21,Butte,007,227075,21556,21342,3886,25228,306
2021-11-21,Calaveras,009,45235,4323,4287,61,4348,84
2021-11-21,Colusa,011,21464,2599,2562,668,3230,19
2021-11-21,Contra Costa,013,1133247,101478,100807,2290,103097,1045
2021-11-21,Del Norte,015,27424,3744,3659,56,3715,42
2021-11-21,El Dorado,017,186661,16582,16370,1746,18116,161
2021-11-21,Fresno,019,978130,144663,143203,12700,155903,2242
2021-11-21,Glenn,021,27897,3561,3529,1005,4534,36
2021-11-21,Humboldt,023,135768,9466,9378,646,10024,115
2021-11-21,Imperial,025,180216,34906,34527,3649,38176,766
2021-11-21,Inyo,027,18085,2522,2501,41,2542,44
2021-11-21,Kern,029,883053,131592,130020,23597,153617,1762
2021-11-21,Kings,031,150075,33210,32843,2021,34864,356
2021-11-21,Lake,033,64148,6887,6834,157,6991,110
2021-11-21,Lassen,035,31185,7030,6953,411,7364,47
2021-11-21,Los Angeles,037,10098052,1460071,1453181,55782,1508963,26793
2021-11-21,Madera,039,155013,24100,23856,2239,26095,296
2021-11-21,Marin,041,260295,17937,17829,488,18317,248
2021-11-21,Mariposa,043,17540,1409,1371,59,1430,6
2021-11-21,Mendocino,045,87422,7978,7846,645,8491,89
2021-11-21,Merced,047,269075,43097,42881,1929,44810,660
2021-11-21,Modoc,049,8938,582,551,202,753,5
2021-11-21,Mono,051,14174,1825,1799,21,1820,4
2021-11-21,Monterey,053,433212,49516,48358,3141,51499,611
2021-11-21,Napa,055,140530,13289,13250,119,13369,104
2021-11-21,Nevada,057,99092,9666,9556,339,9895,96
2021-11-21,Orange,059,3164182,312748,310477,15797,326274,5663
2021-11-21,Placer,061,380077,38298,37929,3823,41752,465
2021-11-21,Plumas,063,18699,1907,1858,44,1902,7
2021-11-21,Riverside,065,2383286,371935,367093,16729,383822,5283
2021-11-21,Sacramento,067,1510023,163133,162087,4888,166975,2327
2021-11-21,San Benito,069,59416,7587,7563,179,7742,77
2021-11-21,San Bernardino,071,2135413,362625,359621,11535,371156,5912
2021-11-21,San Diego,073,3302833,384294,380747,22220,402967,4317
2021-11-21,San Francisco,075,870044,54320,53741,2416,56157,669
2021-11-21,San Joaquin,077,732212,101979,101264,5612,106876,1833
2021-11-21,San Luis Obispo,079,281455,30396,29948,1296,31244,358
2021-11-21,San Mateo,081,765935,55390,54290,942,55232,577
2021-11-21,Santa Barbara,083,443738,45592,45237,1667,46904,546
2021-11-21,Santa Clara,085,1922200,150715,149387,1472,150859,1918
2021-11-21,Santa Cruz,087,273765,21105,20866,1031,21897,222
2021-11-21,Shasta,089,179085,22367,22112,3712,25824,393
2021-11-21,Sierra,091,2930,198,193,21,214,0
2021-11-21,Siskiyou,093,43540,3418,3333,1336,4669,54
2021-11-21,Solano,095,438530,46786,46122,1329,47451,356
2021-11-21,Sonoma,097,501317,42557,42298,548,42846,404
2021-11-21,Stanislaus,099,539301,80764,80687,9102,89789,1209
2021-11-21,Sutter,101,95872,14181,14111,377,14488,181
2021-11-21,Tehama,103,63373,8756,8669,1535,10204,127
2021-11-21,Trinity,105,12862,891,784,224,1008,17
2021-11-21,Tulare,107,460477,70471,69285,15931,85216,1075
2021-11-21,Tuolumne,109,53932,7580,7560,108,7668,90
2021-11-21,Ventura,111,848112,99787,99081,4391,103472,1186
2021-11-21,Yolo,113,214977,20316,20209,1220,21429,257
2021-11-21,Yuba,115,75493,10388,10326,369,10695,88
2021-11-20,Alameda,001,1643700,122160,121059,2913,123972,1473
2021-11-20,Alpine,003,1148,103,105,0,105,0
2021-11-20,Amador,005,37829,5689,5652,66,5718,66
2021-11-20,Butte,007,227075,21540,21265,3882,25147,300
2021-11-20,Calaveras,009,45235,4314,4268,61,4329,84
2021-11-20,Colusa,011,21464,2598,2549,667,3216,19
2021-11-20,Contra Costa,013,1133247,101400,100491,2286,102777,1043
2021-11-20,Del Norte,015,27424,3741,3637,56,3693,42
2021-11-20,El Dorado,017,186661,16560,16308,1744,18052,161
2021-11-20,Fresno,019,978130,144592,142579,12693,155272,2233
2021-11-20,Glenn,021,27897,3560,3526,1004,4530,35
2021-11-20,Humboldt,023,135768,9453,9302,644,9946,115
2021-11-20,Imperial,025,180216,34854,34312,3643,37955,766
2021-11-20,Inyo,027,18085,2521,2467,41,2508,44
2021-11-20,Kern,029,883053,131492,129488,23560,153048,1750
2021-11-20,Kings,031,150075,33200,32720,2021,34741,354
2021-11-20,Lake,033,64148,6884,6808,157,6965,110
2021-11-20,Lassen,035,31185,7029,6931,411,7342,47
2021-11-20,Los Angeles,037,10098052,1459457,1448963,55736,1504699,26741
2021-11-20,Madera,039,155013,24088,23720,2236,25956,296
2021-11-20,Marin,041,260295,17922,17774,488,18262,248
2021-11-20,Mariposa,043,17540,1408,1354,59,1413,6
2021-11-20,Mendocino,045,87422,7970,7773,645,8418,89
2021-11-20,Merced,047,269075,43072,42692,1929,44621,656
2021-11-20,Modoc,049,8938,581,550,202,752,5
2021-11-20,Mono,051,14174,1819,1767,21,1788,4
2021-11-20,Monterey,053,433212,49503,48260,3133,51393,609
2021-11-20,Napa,055,140530,13286,13184,119,13303,103
2021-11-20,Nevada,057,99092,9650,9480,339,9819,92
2021-11-20,Orange,059,3164182,312550,309672,15780,325452,5658
2021-11-20,Placer,061,380077,38258,37800,3818,41618,462
2021-11-20,Plumas,063,18699,1903,1841,44,1885,7
2021-11-20,Riverside,065,2383286,371663,365809,16717,382526,5265
2021-11-20,Sacramento,067,1510023,163029,161533,4884,166417,2316
2021-11-20,San Benito,069,59416,7583,7533,179,7712,77
2021-11-20,San Bernardino,071,2135413,362357,358322,11524,369846,5897
2021-11-20,San Diego,073,3302833,383961,380147,22194,402341,4311
2021-11-20,San Francisco,075,870044,54282,53525,2415,55940,669
2021-11-20,San Joaquin,077,732212,101929,100922,5607,106529,1832
2021-11-20,San Luis Obispo,079,281455,30381,29815,1295,31110,355
2021-11-20,San Mateo,081,765935,55356,54132,941,55073,577
2021-11-20,Santa Barbara,083,443738,45560,45074,1667,46741,544
2021-11-20,Santa Clara,085,1922200,150609,148829,1471,150300,1917
2021-11-20,Santa Cruz,087,273765,21087,20756,1031,21787,222
2021-11-20,Shasta,089,179085,22343,21968,3711,25679,383
2021-11-20,Sierra,091,2930,198,191,21,212,0
2021-11-20,Siskiyou,093,43540,3415,3313,1336,4649,54
2021-11-20,Solano,095,438530,46765,46006,1329,47335,356
2021-11-20,Sonoma,097,501317,42526,42151,548,42699,403
2021-11-20,Stanislaus,099,539301,80717,80412,9098,89510,1205
2021-11-20,Sutter,101,95872,14173,14074,377,14451,181
2021-11-20,Tehama,103,63373,8751,8648,1535,10183,125
2021-11-20,Trinity,105,12862,887,771,224,995,17
2021-11-20,Tulare,107,460477,70432,69074,15909,84983,1054
2021-11-20,Tuolumne,109,53932,7571,7511,108,7619,90
2021-11-20,Ventura,111,848112,99738,98893,4384,103277,1186
2021-11-20,Yolo,113,214977,20308,20139,1216,21355,257
2021-11-20,Yuba,115,75493,10382,10290,368,10658,88
2021-11-19,Alameda,001,1643700,122086,121059,2910,123969,1473
2021-11-19,Alpine,003,1148,103,105,0,105,0
2021-11-19,Amador,005,37829,5679,5652,66,5718,66
2021-11-19,Butte,007,227075,21517,21265,3875,25140,300
2021-11-19,Calaveras,009,45235,4307,4268,61,4329,84
2021-11-19,Colusa,011,21464,2596,2549,666,3215,19
2021-11-19,Contra Costa,013,1133247,101344,100491,2281,102772,1043
2021-11-19,Del Norte,015,27424,3736,3637,56,3693,42
2021-11-19,El Dorado,017,186661,16539,16308,1742,18050,161
2021-11-19,Fresno,019,978130,144476,142579,12689,155268,2233
2021-11-19,Glenn,021,27897,3559,3526,1003,4529,35
2021-11-19,Humboldt,023,135768,9440,9302,641,9943,115
2021-11-19,Imperial,025,180216,34816,34312,3636,37948,766
2021-11-19,Inyo,027,18085,2517,2467,41,2508,44
2021-11-19,Kern,029,883053,131388,129488,23517,153005,1750
2021-11-19,Kings,031,150075,33174,32720,2019,34739,354
2021-11-19,Lake,033,64148,6881,6808,157,6965,110
2021-11-19,Lassen,035,31185,7025,6931,410,7341,47
2021-11-19,Los Angeles,037,10098052,1458775,1448963,55681,1504644,26741
2021-11-19,Madera,039,155013,24067,23720,2232,25952,296
2021-11-19,Marin,041,260295,17903,17774,486,18260,248
2021-11-19,Mariposa,043,17540,1406,1354,59,1413,6
2021-11-19,Mendocino,045,87422,7950,7773,645,8418,89
2021-11-19,Merced,047,269075,43046,42692,1928,44620,656
2021-11-19,Modoc,049,8938,580,550,202,752,5
2021-11-19,Mono,051,14174,1808,1767,21,1788,4
2021-11-19,Monterey,053,433212,49481,48260,3133,51393,609
2021-11-19,Napa,055,140530,13276,13184,118,13302,103
2021-11-19,Nevada,057,99092,9637,9480,339,9819,92
2021-11-19,Orange,059,3164182,312397,309672,15755,325427,5658
2021-11-19,Placer,061,380077,38221,37800,3814,41614,462
2021-11-19,Plumas,063,18699,1899,1841,44,1885,7
2021-11-19,Riverside,065,2383286,371389,365809,16713,382522,5265
2021-11-19,Sacramento,067,1510023,162905,161533,4880,166413,2316
2021-11-19,San Benito,069,59416,7577,7533,177,7710,77
2021-11-19,San Bernardino,071,2135413,362040,358322,11515,369837,5897
2021-11-19,San Diego,073,3302833,383560,380147,22167,402314,4311
2021-11-19,San Francisco,075,870044,54244,53525,2415,55940,669
2021-11-19,San Joaquin,077,732212,101871,100922,5603,106525,1832
2021-11-19,San Luis Obispo,079,281455,30363,29815,1293,31108,355
2021-11-19,San Mateo,081,765935,55307,54132,937,55069,577
2021-11-19,Santa Barbara,083,443738,45523,45074,1667,46741,544
2021-11-19,Santa Clara,085,1922200,150461,148829,1468,150297,1917
2021-11-19,Santa Cruz,087,273765,21060,20756,1028,21784,222
2021-11-19,Shasta,089,179085,22331,21968,3710,25678,383
2021-11-19,Sierra,091,2930,198,191,21,212,0
2021-11-19,Siskiyou,093,43540,3412,3313,1336,4649,54
2021-11-19,Solano,095,438530,46735,46006,1325,47331,356
2021-11-19,Sonoma,097,501317,42493,42151,545,42696,403
2021-11-19,Stanislaus,099,539301,80658,80412,9088,89500,1205
2021-11-19,Sutter,101,95872,14171,14074,377,14451,181
2021-11-19,Tehama,103,63373,8748,8648,1535,10183,125
2021-11-19,Trinity,105,12862,885,771,224,995,17
2021-11-19,Tulare,107,460477,70392,69074,15881,84955,1054
2021-11-19,Tuolumne,109,53932,7560,7511,108,7619,90
2021-11-19,Ventura,111,848112,99673,98893,4380,103273,1186
2021-11-19,Yolo,113,214977,20297,20139,1213,21352,257
2021-11-19,Yuba,115,75493,10379,10290,368,10658,88
2021-11-18,Alameda,001,1643700,121962,121059,2903,123962,1473
2021-11-18,Alpine,003,1148,103,105,0,105,0
2021-11-18,Amador,005,37829,5677,5652,66,5718,66
2021-11-18,Butte,007,227075,21500,21265,3868,25133,300
2021-11-18,Calaveras,009,45235,4300,4268,60,4328,84
2021-11-18,Colusa,011,21464,2588,2549,666,3215,19
2021-11-18,Contra Costa,013,1133247,101242,100491,2273,102764,1043
2021-11-18,Del Norte,015,27424,3733,3637,56,3693,42
2021-11-18,El Dorado,017,186661,16520,16308,1739,18047,161
2021-11-18,Fresno,019,978130,144336,142579,12680,155259,2233
2021-11-18,Glenn,021,27897,3558,3526,1002,4528,35
2021-11-18,Humboldt,023,135768,9424,9302,636,9938,115
2021-11-18,Imperial,025,180216,34762,34312,3620,37932,766
2021-11-18,Inyo,027,18085,2509,2467,41,2508,44
2021-11-18,Kern,029,883053,131244,129488,23469,152957,1750
2021-11-18,Kings,031,150075,33137,32720,2016,34736,354
2021-11-18,Lake,033,64148,6876,6808,157,6965,110
2021-11-18,Lassen,035,31185,7022,6931,405,7336,47
2021-11-18,Los Angeles,037,10098052,1457792,1448963,55617,1504580,26741
2021-11-18,Madera,039,155013,24042,23720,2229,25949,296
2021-11-18,Marin,041,260295,17886,17774,482,18256,248
2021-11-18,Mariposa,043,17540,1403,1354,59,1413,6
2021-11-18,Mendocino,045,87422,7928,7773,636,8409,89
2021-11-18,Merced,047,269075,42990,42692,1926,44618,656
2021-11-18,Modoc,049,8938,569,550,202,752,5
2021-11-18,Mono,051,14174,1800,1767,21,1788,4
2021-11-18,Monterey,053,433212,49456,48260,3128,51388,609
2021-11-18,Napa,055,140530,13264,13184,117,13301,103
2021-11-18,Nevada,057,99092,9613,9480,339,9819,92
2021-11-18,Orange,059,3164182,312161,309672,15736,325408,5658
2021-11-18,Placer,061,380077,38178,37800,3803,41603,462
2021-11-18,Plumas,063,18699,1898,1841,44,1885,7
2021-11-18,Riverside,065,2383286,371018,365809,16700,382509,5265
2021-11-18,Sacramento,067,1510023,162676,161533,4865,166398,2316
2021-11-18,San Benito,069,59416,7567,7533,177,7710,77
2021-11-18,San Bernardino,071,2135413,361609,358322,11496,369818,5897
2021-11-18,San Diego,073,3302833,383054,380147,22151,402298,4311
2021-11-18,San Francisco,075,870044,54192,53525,2411,55936,669
2021-11-18,San Joaquin,077,732212,101779,100922,5594,106516,1832
2021-11-18,San Luis Obispo,079,281455,30333,29815,1292,31107,355
2021-11-18,San Mateo,081,765935,55249,54132,934,55066,577
2021-11-18,Santa Barbara,083,443738,45477,45074,1660,46734,544
2021-11-18,Santa Clara,085,1922200,150274,148829,1460,150289,1917
2021-11-18,Santa Cruz,087,273765,21009,20756,1027,21783,222
2021-11-18,Shasta,089,179085,22295,21968,3705,25673,383
2021-11-18,Sierra,091,2930,197,191,21,212,0
2021-11-18,Siskiyou,093,43540,3412,3313,1332,4645,54
2021-11-18,Solano,095,438530,46693,46006,1322,47328,356
2021-11-18,Sonoma,097,501317,42445,42151,543,42694,403
2021-11-18,Stanislaus,099,539301,80591,80412,9081,89493,1205
2021-11-18,Sutter,101,95872,14160,14074,376,14450,181
2021-11-18,Tehama,103,63373,8743,8648,1535,10183,125
2021-11-18,Trinity,105,12862,884,771,224,995,17
2021-11-18,Tulare,107,460477,70319,69074,15832,84906,1054
2021-11-18,Tuolumne,109,53932,7550,7511,108,7619,90
2021-11-18,Ventura,111,848112,99595,98893,4376,103269,1186
2021-11-18,Yolo,113,214977,20280,20139,1208,21347,257
2021-11-18,Yuba,115,75493,10373,10290,368,10658,88
2021-11-17,Alameda,001,1643700,121837,120913,2902,123815,1472
2021-11-17,Alpine,003,1148,103,105,0,105,0
2021-11-17,Amador,005,37829,5670,5646,66,5712,66
2021-11-17,Butte,007,227075,21474,21230,3865,25095,300
2021-11-17,Calaveras,009,45235,4293,4259,60,4319,84
2021-11-17,Colusa,011,21464,2585,2546,665,3211,19
2021-11-17,Contra Costa,013,1133247,101150,100387,2269,102656,1039
2021-11-17,Del Norte,015,27424,3730,3630,56,3686,42
2021-11-17,El Dorado,017,186661,16501,16269,1738,18007,161
2021-11-17,Fresno,019,978130,144155,142366,12668,155034,2230
2021-11-17,Glenn,021,27897,3556,3527,1001,4528,34
2021-11-17,Humboldt,023,135768,9413,9270,633,9903,115
2021-11-17,Imperial,025,180216,34706,34256,3599,37855,766
2021-11-17,Inyo,027,18085,2503,2457,41,2498,44
2021-11-17,Kern,029,883053,131072,129307,23427,152734,1743
2021-11-17,Kings,031,150075,33109,32669,2012,34681,352
2021-11-17,Lake,033,64148,6872,6795,156,6951,110
2021-11-17,Lassen,035,31185,7020,6918,405,7323,47
2021-11-17,Los Angeles,037,10098052,1456691,1447947,55551,1503498,26721
2021-11-17,Madera,039,155013,24008,23673,2228,25901,287
2021-11-17,Marin,041,260295,17867,17757,480,18237,248
2021-11-17,Mariposa,043,17540,1399,1353,59,1412,6
2021-11-17,Mendocino,045,87422,7920,7735,635,8370,89
2021-11-17,Merced,047,269075,42929,42612,1923,44535,654
2021-11-17,Modoc,049,8938,565,540,202,742,5
2021-11-17,Mono,051,14174,1796,1765,21,1786,5
2021-11-17,Monterey,053,433212,49408,48221,3117,51338,609
2021-11-17,Napa,055,140530,13240,13167,117,13284,103
2021-11-17,Nevada,057,99092,9600,9447,339,9786,92
2021-11-17,Orange,059,3164182,311915,309396,15702,325098,5651
2021-11-17,Placer,061,380077,38130,37725,3794,41519,460
2021-11-17,Plumas,063,18699,1894,1833,44,1877,7
2021-11-17,Riverside,065,2383286,370607,365406,16687,382093,5229
2021-11-17,Sacramento,067,1510023,162505,161269,4857,166126,2302
2021-11-17,San Benito,069,59416,7560,7524,177,7701,77
2021-11-17,San Bernardino,071,2135413,361252,357947,11480,369427,5893
2021-11-17,San Diego,073,3302833,382555,379769,22125,401894,4301
2021-11-17,San Francisco,075,870044,54137,53469,2408,55877,667
2021-11-17,San Joaquin,077,732212,101677,100764,5589,106353,1828
2021-11-17,San Luis Obispo,079,281455,30307,29731,1289,31020,354
2021-11-17,San Mateo,081,765935,55181,54092,931,55023,577
2021-11-17,Santa Barbara,083,443738,45439,45000,1660,46660,542
2021-11-17,Santa Clara,085,1922200,150110,148626,1452,150078,1915
2021-11-17,Santa Cruz,087,273765,20974,20700,1027,21727,222
2021-11-17,Shasta,089,179085,22262,21883,3703,25586,382
2021-11-17,Sierra,091,2930,196,189,21,210,0
2021-11-17,Siskiyou,093,43540,3408,3307,1329,4636,54
2021-11-17,Solano,095,438530,46660,45948,1321,47269,353
2021-11-17,Sonoma,097,501317,42399,42093,540,42633,403
2021-11-17,Stanislaus,099,539301,80501,80276,9071,89347,1199
2021-11-17,Sutter,101,95872,14146,14064,374,14438,181
2021-11-17,Tehama,103,63373,8733,8633,1532,10165,125
2021-11-17,Trinity,105,12862,883,765,224,989,17
2021-11-17,Tulare,107,460477,70248,68977,15805,84782,1047
2021-11-17,Tuolumne,109,53932,7533,7485,108,7593,90
2021-11-17,Ventura,111,848112,99534,98812,4370,103182,1183
2021-11-17,Yolo,113,214977,20261,20100,1205,21305,257
2021-11-17,Yuba,115,75493,10361,10275,364,10639,88
2021-11-16,Alameda,001,1643700,121727,120809,2898,123707,1467
2021-11-16,Alpine,003,1148,103,105,0,105,0
2021-11-16,Amador,005,37829,5664,5644,66,5710,66
2021-11-16,Butte,007,227075,21449,21208,3860,25068,297
2021-11-16,Calaveras,009,45235,4284,4249,60,4309,83
2021-11-16,Colusa,011,21464,2579,2538,665,3203,19
2021-11-16,Contra Costa,013,1133247,101026,100320,2266,102586,1038
2021-11-16,Del Norte,015,27424,3724,3630,56,3686,42
2021-11-16,El Dorado,017,186661,16475,16248,1736,17984,159
2021-11-16,Fresno,019,978130,143968,142200,12652,154852,2218
2021-11-16,Glenn,021,27897,3555,3527,998,4525,34
2021-11-16,Humboldt,023,135768,9392,9252,629,9881,115
2021-11-16,Imperial,025,180216,34622,34177,3587,37764,766
2021-11-16,Inyo,027,18085,2496,2449,41,2490,42
2021-11-16,Kern,029,883053,130915,129136,23365,152501,1735
2021-11-16,Kings,031,150075,33059,32614,2005,34619,350
2021-11-16,Lake,033,64148,6867,6789,156,6945,110
2021-11-16,Lassen,035,31185,7010,6915,405,7320,47
2021-11-16,Los Angeles,037,10098052,1455528,1446815,55479,1502294,26703
2021-11-16,Madera,039,155013,23971,23642,2222,25864,287
2021-11-16,Marin,041,260295,17848,17736,479,18215,248
2021-11-16,Mariposa,043,17540,1391,1349,58,1407,6
2021-11-16,Mendocino,045,87422,7878,7723,631,8354,89
2021-11-16,Merced,047,269075,42892,42578,1916,44494,653
2021-11-16,Modoc,049,8938,564,539,201,740,5
2021-11-16,Mono,051,14174,1787,1767,21,1788,4
2021-11-16,Monterey,053,433212,49378,48195,3103,51298,609
2021-11-16,Napa,055,140530,13229,13151,117,13268,103
2021-11-16,Nevada,057,99092,9583,9435,338,9773,92
2021-11-16,Orange,059,3164182,311647,309170,15668,324838,5651
2021-11-16,Placer,061,380077,38088,37676,3788,41464,459
2021-11-16,Plumas,063,18699,1887,1832,44,1876,7
2021-11-16,Riverside,065,2383286,370186,365078,16665,381743,5208
2021-11-16,Sacramento,067,1510023,162326,161102,4844,165946,2299
2021-11-16,San Benito,069,59416,7547,7513,177,7690,77
2021-11-16,San Bernardino,071,2135413,360840,357528,11428,368956,5901
2021-11-16,San Diego,073,3302833,381997,379435,22098,401533,4287
2021-11-16,San Francisco,075,870044,54064,53415,2401,55816,667
2021-11-16,San Joaquin,077,732212,101537,100637,5573,106210,1807
2021-11-16,San Luis Obispo,079,281455,30276,29703,1286,30989,356
2021-11-16,San Mateo,081,765935,55118,54034,929,54963,577
2021-11-16,Santa Barbara,083,443738,45371,44932,1657,46589,539
2021-11-16,Santa Clara,085,1922200,149930,148452,1440,149892,1916
2021-11-16,Santa Cruz,087,273765,20929,20684,1025,21709,222
2021-11-16,Shasta,089,179085,22223,21853,3699,25552,379
2021-11-16,Sierra,091,2930,196,189,21,210,0
2021-11-16,Siskiyou,093,43540,3405,3304,1327,4631,54
2021-11-16,Solano,095,438530,46620,45908,1320,47228,351
2021-11-16,Sonoma,097,501317,42350,42056,539,42595,401
2021-11-16,Stanislaus,099,539301,80403,80214,9047,89261,1196
2021-11-16,Sutter,101,95872,14134,14058,373,14431,181
2021-11-16,Tehama,103,63373,8726,8621,1525,10146,125
2021-11-16,Trinity,105,12862,883,762,223,985,17
2021-11-16,Tulare,107,460477,70167,68881,15767,84648,1039
2021-11-16,Tuolumne,109,53932,7523,7478,108,7586,90
2021-11-16,Ventura,111,848112,99459,98731,4367,103098,1183
2021-11-16,Yolo,113,214977,20223,20077,1203,21280,257
2021-11-16,Yuba,115,75493,10353,10262,362,10624,85
2021-11-15,Alameda,001,1643700,121572,120731,2893,123624,1464
2021-11-15,Alpine,003,1148,103,105,0,105,0
2021-11-15,Amador,005,37829,5660,5637,66,5703,66
2021-11-15,Butte,007,227075,21423,21182,3856,25038,296
2021-11-15,Calaveras,009,45235,4270,4237,60,4297,83
2021-11-15,Colusa,011,21464,2572,2535,662,3197,19
2021-11-15,Contra Costa,013,1133247,100919,100251,2263,102514,1038
2021-11-15,Del Norte,015,27424,3719,3630,55,3685,42
2021-11-15,El Dorado,017,186661,16451,16236,1732,17968,159
2021-11-15,Fresno,019,978130,143744,142015,12635,154650,2210
2021-11-15,Glenn,021,27897,3553,3526,998,4524,34
2021-11-15,Humboldt,023,135768,9369,9230,621,9851,115
2021-11-15,Imperial,025,180216,34549,34130,3571,37701,766
2021-11-15,Inyo,027,18085,2491,2442,41,2483,42
2021-11-15,Kern,029,883053,130707,128928,23294,152222,1730
2021-11-15,Kings,031,150075,33025,32584,2000,34584,348
2021-11-15,Lake,033,64148,6863,6784,156,6940,109
2021-11-15,Lassen,035,31185,7000,6915,403,7318,47
2021-11-15,Los Angeles,037,10098052,1454343,1446114,55413,1501527,26677
2021-11-15,Madera,039,155013,23932,23605,2211,25816,287
2021-11-15,Marin,041,260295,17831,17723,478,18201,248
2021-11-15,Mariposa,043,17540,1390,1347,56,1403,6
2021-11-15,Mendocino,045,87422,7858,7694,625,8319,89
2021-11-15,Merced,047,269075,42833,42552,1906,44458,648
2021-11-15,Modoc,049,8938,563,538,201,739,5
2021-11-15,Mono,051,14174,1782,1763,21,1784,4
2021-11-15,Monterey,053,433212,49346,48154,3097,51251,609
2021-11-15,Napa,055,140530,13221,13143,117,13260,103
2021-11-15,Nevada,057,99092,9554,9420,337,9757,92
2021-11-15,Orange,059,3164182,311371,308859,15644,324503,5646
2021-11-15,Placer,061,380077,38024,37610,3784,41394,452
2021-11-15,Plumas,063,18699,1881,1829,44,1873,7
2021-11-15,Riverside,065,2383286,369740,364750,16646,381396,5199
2021-11-15,Sacramento,067,1510023,162106,160937,4831,165768,2293
2021-11-15,San Benito,069,59416,7542,7511,176,7687,77
2021-11-15,San Bernardino,071,2135413,360426,357306,11408,368714,5898
2021-11-15,San Diego,073,3302833,381447,378845,22073,400918,4284
2021-11-15,San Francisco,075,870044,53996,53374,2398,55772,667
2021-11-15,San Joaquin,077,732212,101383,100587,5562,106149,1799
2021-11-15,San Luis Obispo,079,281455,30233,29669,1274,30943,351
2021-11-15,San Mateo,081,765935,55065,54010,926,54936,576
2021-11-15,Santa Barbara,083,443738,45315,44879,1651,46530,539
2021-11-15,Santa Clara,085,1922200,149712,148313,1433,149746,1914
2021-11-15,Santa Cruz,087,273765,20887,20630,1024,21654,223
2021-11-15,Shasta,089,179085,22177,21779,3694,25473,374
2021-11-15,Sierra,091,2930,196,189,21,210,0
2021-11-15,Siskiyou,093,43540,3398,3302,1325,4627,54
2021-11-15,Solano,095,438530,46581,45885,1315,47200,351
2021-11-15,Sonoma,097,501317,42299,42021,538,42559,401
2021-11-15,Stanislaus,099,539301,80316,80129,9033,89162,1174
2021-11-15,Sutter,101,95872,14121,14043,372,14415,181
2021-11-15,Tehama,103,63373,8721,8615,1524,10139,125
2021-11-15,Trinity,105,12862,881,757,221,978,17
2021-11-15,Tulare,107,460477,70080,68826,15720,84546,1039
2021-11-15,Tuolumne,109,53932,7512,7461,108,7569,90
2021-11-15,Ventura,111,848112,99375,98605,4362,102967,1183
2021-11-15,Yolo,113,214977,20193,20065,1198,21263,255
2021-11-15,Yuba,115,75493,10334,10254,358,10612,85
2021-11-14,Alameda,001,1643700,121397,120629,2889,123518,1461
2021-11-14,Alpine,003,1148,102,105,0,105,0
2021-11-14,Amador,005,37829,5653,5632,65,5697,66
2021-11-14,Butte,007,227075,21393,21146,3847,24993,296
2021-11-14,Calaveras,009,45235,4259,4222,60,4282,83
2021-11-14,Colusa,011,21464,2570,2532,659,3191,19
2021-11-14,Contra Costa,013,1133247,100810,100188,2261,102449,1038
2021-11-14,Del Norte,015,27424,3716,3629,55,3684,42
2021-11-14,El Dorado,017,186661,16410,16212,1727,17939,159
2021-11-14,Fresno,019,978130,143462,141869,12604,154473,2209
2021-11-14,Glenn,021,27897,3551,3521,998,4519,34
2021-11-14,Humboldt,023,135768,9339,9215,611,9826,115
2021-11-14,Imperial,025,180216,34445,34078,3556,37634,766
2021-11-14,Inyo,027,18085,2479,2441,41,2482,42
2021-11-14,Kern,029,883053,130467,128842,23224,152066,1730
2021-11-14,Kings,031,150075,32968,32545,1993,34538,349
2021-11-14,Lake,033,64148,6855,6777,156,6933,109
2021-11-14,Lassen,035,31185,6990,6911,402,7313,47
2021-11-14,Los Angeles,037,10098052,1452983,1445284,55337,1500621,26667
2021-11-14,Madera,039,155013,23882,23566,2202,25768,287
2021-11-14,Marin,041,260295,17816,17712,478,18190,247
2021-11-14,Mariposa,043,17540,1380,1337,52,1389,6
2021-11-14,Mendocino,045,87422,7825,7684,621,8305,89
2021-11-14,Merced,047,269075,42743,42513,1900,44413,648
2021-11-14,Modoc,049,8938,561,538,201,739,5
2021-11-14,Mono,051,14174,1770,1760,21,1781,4
2021-11-14,Monterey,053,433212,49291,48135,3080,51215,609
2021-11-14,Napa,055,140530,13203,13132,117,13249,103
2021-11-14,Nevada,057,99092,9526,9408,337,9745,92
2021-11-14,Orange,059,3164182,311055,308699,15623,324322,5646
2021-11-14,Placer,061,380077,37943,37569,3774,41343,452
2021-11-14,Plumas,063,18699,1878,1829,43,1872,7
2021-11-14,Riverside,065,2383286,369241,364490,16629,381119,5199
2021-11-14,Sacramento,067,1510023,161868,160761,4814,165575,2295
2021-11-14,San Benito,069,59416,7531,7507,175,7682,77
2021-11-14,San Bernardino,071,2135413,359846,357014,11391,368405,5897
2021-11-14,San Diego,073,3302833,380843,377633,22040,399673,4280
2021-11-14,San Francisco,075,870044,53921,53338,2393,55731,667
2021-11-14,San Joaquin,077,732212,101255,100518,5557,106075,1799
2021-11-14,San Luis Obispo,079,281455,30151,29645,1270,30915,352
2021-11-14,San Mateo,081,765935,55011,53978,924,54902,576
2021-11-14,Santa Barbara,083,443738,45236,44842,1648,46490,539
2021-11-14,Santa Clara,085,1922200,149511,148152,1425,149577,1913
2021-11-14,Santa Cruz,087,273765,20833,20609,1022,21631,223
2021-11-14,Shasta,089,179085,22125,21771,3681,25452,373
2021-11-14,Sierra,091,2930,196,189,21,210,0
2021-11-14,Siskiyou,093,43540,3389,3302,1324,4626,54
2021-11-14,Solano,095,438530,46525,45860,1308,47168,351
2021-11-14,Sonoma,097,501317,42233,41974,536,42510,401
2021-11-14,Stanislaus,099,539301,80180,80076,9019,89095,1174
2021-11-14,Sutter,101,95872,14104,14031,367,14398,181
2021-11-14,Tehama,103,63373,8711,8607,1522,10129,125
2021-11-14,Trinity,105,12862,878,754,219,973,17
2021-11-14,Tulare,107,460477,69961,68772,15660,84432,1037
2021-11-14,Tuolumne,109,53932,7494,7439,107,7546,90
2021-11-14,Ventura,111,848112,99260,98550,4361,102911,1183
2021-11-14,Yolo,113,214977,20166,20040,1192,21232,255
2021-11-14,Yuba,115,75493,10327,10238,357,10595,85
2021-11-13,Alameda,001,1643700,121325,120407,2887,123294,1454
2021-11-13,Alpine,003,1148,102,105,0,105,0
2021-11-13,Amador,005,37829,5652,5614,65,5679,66
2021-11-13,Butte,007,227075,21373,21104,3844,24948,296
2021-11-13,Calaveras,009,45235,4248,4203,60,4263,83
2021-11-13,Colusa,011,21464,2568,2522,659,3181,19
2021-11-13,Contra Costa,013,1133247,100736,100004,2255,102259,1028
2021-11-13,Del Norte,015,27424,3716,3629,55,3684,42
2021-11-13,El Dorado,017,186661,16398,16163,1724,17887,159
2021-11-13,Fresno,019,978130,143355,141452,12593,154045,2205
2021-11-13,Glenn,021,27897,3551,3514,997,4511,34
2021-11-13,Humboldt,023,135768,9324,9177,606,9783,115
2021-11-13,Imperial,025,180216,34395,33990,3539,37529,766
2021-11-13,Inyo,027,18085,2473,2436,41,2477,42
2021-11-13,Kern,029,883053,130367,128472,23180,151652,1719
2021-11-13,Kings,031,150075,32951,32452,1992,34444,347
2021-11-13,Lake,033,64148,6850,6769,156,6925,109
2021-11-13,Lassen,035,31185,6985,6897,402,7299,47
2021-11-13,Los Angeles,037,10098052,1452328,1443088,55296,1498384,26649
2021-11-13,Madera,039,155013,23852,23462,2197,25659,287
2021-11-13,Marin,041,260295,17803,17684,476,18160,247
2021-11-13,Mariposa,043,17540,1377,1323,52,1375,6
2021-11-13,Mendocino,045,87422,7806,7652,619,8271,89
2021-11-13,Merced,047,269075,42705,42411,1897,44308,644
2021-11-13,Modoc,049,8938,560,536,201,737,5
2021-11-13,Mono,051,14174,1766,1750,21,1771,4
2021-11-13,Monterey,053,433212,49266,48087,3078,51165,609
2021-11-13,Napa,055,140530,13195,13110,117,13227,103
2021-11-13,Nevada,057,99092,9506,9369,335,9704,92
2021-11-13,Orange,059,3164182,310890,308211,15595,323806,5641
2021-11-13,Placer,061,380077,37893,37453,3771,41224,445
2021-11-13,Plumas,063,18699,1875,1828,43,1871,8
2021-11-13,Riverside,065,2383286,368936,363801,16622,380423,5187
2021-11-13,Sacramento,067,1510023,161733,160397,4801,165198,2291
2021-11-13,San Benito,069,59416,7518,7491,174,7665,77
2021-11-13,San Bernardino,071,2135413,359594,356325,11384,367709,5873
2021-11-13,San Diego,073,3302833,380506,377633,22012,399645,4280
2021-11-13,San Francisco,075,870044,53888,53195,2392,55587,667
2021-11-13,San Joaquin,077,732212,101199,100263,5548,105811,1799
2021-11-13,San Luis Obispo,079,281455,30121,29589,1268,30857,351
2021-11-13,San Mateo,081,765935,54974,53853,923,54776,574
2021-11-13,Santa Barbara,083,443738,45203,44734,1648,46382,537
2021-11-13,Santa Clara,085,1922200,149392,147821,1420,149241,1905
2021-11-13,Santa Cruz,087,273765,20818,20565,1021,21586,223
2021-11-13,Shasta,089,179085,22094,21713,3677,25390,366
2021-11-13,Sierra,091,2930,195,188,21,209,0
2021-11-13,Siskiyou,093,43540,3380,3299,1323,4622,54
2021-11-13,Solano,095,438530,46496,45774,1304,47078,350
2021-11-13,Sonoma,097,501317,42199,41882,535,42417,399
2021-11-13,Stanislaus,099,539301,80102,79872,9005,88877,1174
2021-11-13,Sutter,101,95872,14094,14017,366,14383,181
2021-11-13,Tehama,103,63373,8705,8592,1518,10110,125
2021-11-13,Trinity,105,12862,877,749,219,968,17
2021-11-13,Tulare,107,460477,69895,68619,15637,84256,1033
2021-11-13,Tuolumne,109,53932,7477,7392,107,7499,90
2021-11-13,Ventura,111,848112,99202,98452,4358,102810,1183
2021-11-13,Yolo,113,214977,20150,20009,1187,21196,255
2021-11-13,Yuba,115,75493,10317,10218,355,10573,85
2021-11-12,Alameda,001,1643700,121241,120407,2884,123291,1454
2021-11-12,Alpine,003,1148,102,105,0,105,0
2021-11-12,Amador,005,37829,5646,5614,64,5678,66
2021-11-12,Butte,007,227075,21356,21104,3840,24944,296
2021-11-12,Calaveras,009,45235,4237,4203,60,4263,83
2021-11-12,Colusa,011,21464,2564,2522,658,3180,19
2021-11-12,Contra Costa,013,1133247,100680,100004,2254,102258,1028
2021-11-12,Del Norte,015,27424,3716,3629,55,3684,42
2021-11-12,El Dorado,017,186661,16379,16163,1723,17886,159
2021-11-12,Fresno,019,978130,143213,141452,12584,154036,2205
2021-11-12,Glenn,021,27897,3548,3514,996,4510,34
2021-11-12,Humboldt,023,135768,9317,9177,604,9781,115
2021-11-12,Imperial,025,180216,34369,33990,3529,37519,766
2021-11-12,Inyo,027,18085,2469,2436,41,2477,42
2021-11-12,Kern,029,883053,130230,128472,23148,151620,1719
2021-11-12,Kings,031,150075,32925,32452,1990,34442,347
2021-11-12,Lake,033,64148,6846,6769,156,6925,109
2021-11-12,Lassen,035,31185,6981,6897,401,7298,47
2021-11-12,Los Angeles,037,10098052,1451601,1443088,55251,1498339,26649
2021-11-12,Madera,039,155013,23822,23462,2192,25654,287
2021-11-12,Marin,041,260295,17787,17684,475,18159,247
2021-11-12,Mariposa,043,17540,1370,1323,52,1375,6
2021-11-12,Mendocino,045,87422,7794,7652,616,8268,89
2021-11-12,Merced,047,269075,42678,42411,1895,44306,644
2021-11-12,Modoc,049,8938,559,536,201,737,5
2021-11-12,Mono,051,14174,1764,1750,21,1771,4
2021-11-12,Monterey,053,433212,49234,48087,3072,51159,609
2021-11-12,Napa,055,140530,13186,13110,117,13227,103
2021-11-12,Nevada,057,99092,9492,9369,334,9703,92
2021-11-12,Orange,059,3164182,310703,308211,15577,323788,5641
2021-11-12,Placer,061,380077,37853,37453,3768,41221,445
2021-11-12,Plumas,063,18699,1870,1828,43,1871,8
2021-11-12,Riverside,065,2383286,368670,363801,16618,380419,5187
2021-11-12,Sacramento,067,1510023,161575,160397,4796,165193,2291
2021-11-12,San Benito,069,59416,7518,7491,174,7665,77
2021-11-12,San Bernardino,071,2135413,359291,356325,11373,367698,5873
2021-11-12,San Diego,073,3302833,380131,377633,21990,399623,4280
2021-11-12,San Francisco,075,870044,53853,53195,2388,55583,667
2021-11-12,San Joaquin,077,732212,101153,100263,5542,105805,1799
2021-11-12,San Luis Obispo,079,281455,30092,29589,1267,30856,351
2021-11-12,San Mateo,081,765935,54925,53853,920,54773,574
2021-11-12,Santa Barbara,083,443738,45149,44734,1647,46381,537
2021-11-12,Santa Clara,085,1922200,149249,147821,1415,149236,1905
2021-11-12,Santa Cruz,087,273765,20791,20565,1019,21584,223
2021-11-12,Shasta,089,179085,22062,21713,3674,25387,366
2021-11-12,Sierra,091,2930,194,188,21,209,0
2021-11-12,Siskiyou,093,43540,3379,3299,1321,4620,54
2021-11-12,Solano,095,438530,46469,45774,1300,47074,350
2021-11-12,Sonoma,097,501317,42159,41882,535,42417,399
2021-11-12,Stanislaus,099,539301,80049,79872,8997,88869,1174
2021-11-12,Sutter,101,95872,14087,14017,366,14383,181
2021-11-12,Tehama,103,63373,8701,8592,1517,10109,125
2021-11-12,Trinity,105,12862,870,749,219,968,17
2021-11-12,Tulare,107,460477,69852,68619,15602,84221,1033
2021-11-12,Tuolumne,109,53932,7464,7392,106,7498,90
2021-11-12,Ventura,111,848112,99137,98452,4357,102809,1183
2021-11-12,Yolo,113,214977,20136,20009,1181,21190,255
2021-11-12,Yuba,115,75493,10308,10218,354,10572,85
2021-11-11,Alameda,001,1643700,121126,120147,2876,123023,1453
2021-11-11,Alpine,003,1148,102,105,0,105,0
2021-11-11,Amador,005,37829,5643,5603,63,5666,66
2021-11-11,Butte,007,227075,21314,21047,3835,24882,293
2021-11-11,Calaveras,009,45235,4219,4179,60,4239,83
2021-11-11,Colusa,011,21464,2556,2518,656,3174,19
2021-11-11,Contra Costa,013,1133247,100574,99808,2249,102057,1028
2021-11-11,Del Norte,015,27424,3714,3622,55,3677,42
2021-11-11,El Dorado,017,186661,16345,16085,1720,17805,159
2021-11-11,Fresno,019,978130,143011,140833,12557,153390,2202
2021-11-11,Glenn,021,27897,3546,3503,996,4499,34
2021-11-11,Humboldt,023,135768,9294,9125,601,9726,115
2021-11-11,Imperial,025,180216,34300,33844,3507,37351,766
2021-11-11,Inyo,027,18085,2464,2428,41,2469,42
2021-11-11,Kern,029,883053,130046,128023,23084,151107,1709
2021-11-11,Kings,031,150075,32874,32318,1988,34306,345
2021-11-11,Lake,033,64148,6839,6745,156,6901,107
2021-11-11,Lassen,035,31185,6975,6875,401,7276,47
2021-11-11,Los Angeles,037,10098052,1450517,1440436,55192,1495628,26614
2021-11-11,Madera,039,155013,23774,23316,2184,25500,287
2021-11-11,Marin,041,260295,17777,17639,475,18114,247
2021-11-11,Mariposa,043,17540,1360,1317,52,1369,6
2021-11-11,Mendocino,045,87422,7779,7612,607,8219,89
2021-11-11,Merced,047,269075,42623,42292,1893,44185,643
2021-11-11,Modoc,049,8938,557,536,201,737,5
2021-11-11,Mono,051,14174,1760,1743,21,1764,4
2021-11-11,Monterey,053,433212,49199,48008,3060,51068,609
2021-11-11,Napa,055,140530,13178,13075,117,13192,103
2021-11-11,Nevada,057,99092,9470,9308,334,9642,92
2021-11-11,Orange,059,3164182,310433,307674,15539,323213,5633
2021-11-11,Placer,061,380077,37802,37333,3760,41093,440
2021-11-11,Plumas,063,18699,1866,1814,43,1857,7
2021-11-11,Riverside,065,2383286,368239,362930,16600,379530,5175
2021-11-11,Sacramento,067,1510023,161361,159962,4777,164739,2289
2021-11-11,San Benito,069,59416,7510,7473,174,7647,76
2021-11-11,San Bernardino,071,2135413,358868,355413,11360,366773,5849
2021-11-11,San Diego,073,3302833,379616,376428,21967,398395,4272
2021-11-11,San Francisco,075,870044,53793,53063,2386,55449,666
2021-11-11,San Joaquin,077,732212,101058,99937,5527,105464,1799
2021-11-11,San Luis Obispo,079,281455,30041,29532,1265,30797,351
2021-11-11,San Mateo,081,765935,54874,53722,915,54637,574
2021-11-11,Santa Barbara,083,443738,45091,44603,1644,46247,534
2021-11-11,Santa Clara,085,1922200,149067,147458,1409,148867,1901
2021-11-11,Santa Cruz,087,273765,20746,20479,1019,21498,222
2021-11-11,Shasta,089,179085,22015,21600,3672,25272,364
2021-11-11,Sierra,091,2930,193,186,21,207,0
2021-11-11,Siskiyou,093,43540,3373,3297,1320,4617,53
2021-11-11,Solano,095,438530,46432,45679,1299,46978,350
2021-11-11,Sonoma,097,501317,42123,41774,535,42309,395
2021-11-11,Stanislaus,099,539301,79964,79570,8983,88553,1166
2021-11-11,Sutter,101,95872,14073,13993,365,14358,181
2021-11-11,Tehama,103,63373,8689,8565,1515,10080,125
2021-11-11,Trinity,105,12862,869,748,219,967,17
2021-11-11,Tulare,107,460477,69760,68367,15565,83932,1028
2021-11-11,Tuolumne,109,53932,7451,7354,106,7460,90
2021-11-11,Ventura,111,848112,99059,98297,4350,102647,1182
2021-11-11,Yolo,113,214977,20109,19946,1179,21125,255
2021-11-11,Yuba,115,75493,10292,10191,354,10545,85
2021-11-10,Alameda,001,1643700,121017,120147,2867,123014,1453
2021-11-10,Alpine,003,1148,102,105,0,105,0
2021-11-10,Amador,005,37829,5637,5603,63,5666,66
2021-11-10,Butte,007,227075,21288,21047,3831,24878,293
2021-11-10,Calaveras,009,45235,4208,4179,60,4239,83
2021-11-10,Colusa,011,21464,2550,2518,656,3174,19
2021-11-10,Contra Costa,013,1133247,100490,99808,2245,102053,1028
2021-11-10,Del Norte,015,27424,3713,3622,55,3677,42
2021-11-10,El Dorado,017,186661,16329,16085,1719,17804,159
2021-11-10,Fresno,019,978130,142833,140833,12545,153378,2202
2021-11-10,Glenn,021,27897,3546,3503,995,4498,34
2021-11-10,Humboldt,023,135768,9276,9125,601,9726,115
2021-11-10,Imperial,025,180216,34251,33844,3488,37332,766
2021-11-10,Inyo,027,18085,2457,2428,41,2469,42
2021-11-10,Kern,029,883053,129897,128023,23028,151051,1709
2021-11-10,Kings,031,150075,32841,32318,1986,34304,345
2021-11-10,Lake,033,64148,6829,6745,156,6901,107
2021-11-10,Lassen,035,31185,6970,6875,401,7276,47
2021-11-10,Los Angeles,037,10098052,1449569,1440436,55136,1495572,26614
2021-11-10,Madera,039,155013,23725,23316,2178,25494,287
2021-11-10,Marin,041,260295,17764,17639,473,18112,247
2021-11-10,Mariposa,043,17540,1354,1317,52,1369,6
2021-11-10,Mendocino,045,87422,7767,7612,606,8218,89
2021-11-10,Merced,047,269075,42588,42292,1891,44183,643
2021-11-10,Modoc,049,8938,556,536,200,736,5
2021-11-10,Mono,051,14174,1758,1743,21,1764,4
2021-11-10,Monterey,053,433212,49166,48008,3048,51056,609
2021-11-10,Napa,055,140530,13164,13075,116,13191,103
2021-11-10,Nevada,057,99092,9463,9308,332,9640,92
2021-11-10,Orange,059,3164182,310170,307674,15507,323181,5633
2021-11-10,Placer,061,380077,37757,37333,3753,41086,440
2021-11-10,Plumas,063,18699,1863,1814,42,1856,7
2021-11-10,Riverside,065,2383286,367859,362930,16594,379524,5175
2021-11-10,Sacramento,067,1510023,161207,159962,4767,164729,2289
2021-11-10,San Benito,069,59416,7502,7473,174,7647,76
2021-11-10,San Bernardino,071,2135413,358528,355413,11352,366765,5849
2021-11-10,San Diego,073,3302833,379201,376428,21945,398373,4272
2021-11-10,San Francisco,075,870044,53731,53063,2383,55446,666
2021-11-10,San Joaquin,077,732212,100951,99937,5521,105458,1799
2021-11-10,San Luis Obispo,079,281455,30010,29532,1264,30796,351
2021-11-10,San Mateo,081,765935,54820,53722,914,54636,574
2021-11-10,Santa Barbara,083,443738,45053,44603,1643,46246,534
2021-11-10,Santa Clara,085,1922200,148919,147458,1403,148861,1901
2021-11-10,Santa Cruz,087,273765,20719,20479,1018,21497,222
2021-11-10,Shasta,089,179085,21979,21600,3670,25270,364
2021-11-10,Sierra,091,2930,192,186,21,207,0
2021-11-10,Siskiyou,093,43540,3371,3297,1320,4617,53
2021-11-10,Solano,095,438530,46402,45679,1297,46976,350
2021-11-10,Sonoma,097,501317,42072,41774,535,42309,395
2021-11-10,Stanislaus,099,539301,79861,79570,8967,88537,1166
2021-11-10,Sutter,101,95872,14065,13993,365,14358,181
2021-11-10,Tehama,103,63373,8677,8565,1509,10074,125
2021-11-10,Trinity,105,12862,865,748,218,966,17
2021-11-10,Tulare,107,460477,69699,68367,15523,83890,1028
2021-11-10,Tuolumne,109,53932,7427,7354,106,7460,90
2021-11-10,Ventura,111,848112,98988,98297,4350,102647,1182
2021-11-10,Yolo,113,214977,20091,19946,1178,21124,255
2021-11-10,Yuba,115,75493,10283,10191,354,10545,85
2021-11-09,Alameda,001,1643700,120880,120051,2857,122908,1450
2021-11-09,Alpine,003,1148,102,105,0,105,0
2021-11-09,Amador,005,37829,5633,5596,63,5659,66
2021-11-09,Butte,007,227075,21267,21022,3828,24850,291
2021-11-09,Calaveras,009,45235,4204,4174,60,4234,84
2021-11-09,Colusa,011,21464,2545,2517,655,3172,19
2021-11-09,Contra Costa,013,1133247,100395,99732,2237,101969,1028
2021-11-09,Del Norte,015,27424,3712,3620,55,3675,42
2021-11-09,El Dorado,017,186661,16291,16073,1714,17787,160
2021-11-09,Fresno,019,978130,142592,140666,12532,153198,2188
2021-11-09,Glenn,021,27897,3541,3499,994,4493,34
2021-11-09,Humboldt,023,135768,9256,9112,596,9708,115
2021-11-09,Imperial,025,180216,34199,33751,3474,37225,766
2021-11-09,Inyo,027,18085,2453,2404,41,2445,42
2021-11-09,Kern,029,883053,129654,127901,22965,150866,1694
2021-11-09,Kings,031,150075,32774,32279,1982,34261,344
2021-11-09,Lake,033,64148,6820,6743,156,6899,106
2021-11-09,Lassen,035,31185,6958,6846,401,7247,47
2021-11-09,Los Angeles,037,10098052,1448327,1439125,55076,1494201,26581
2021-11-09,Madera,039,155013,23675,23285,2169,25454,287
2021-11-09,Marin,041,260295,17745,17630,471,18101,247
2021-11-09,Mariposa,043,17540,1346,1317,51,1368,5
2021-11-09,Mendocino,045,87422,7744,7598,600,8198,85
2021-11-09,Merced,047,269075,42546,42251,1887,44138,613
2021-11-09,Modoc,049,8938,555,536,198,734,5
2021-11-09,Mono,051,14174,1753,1738,21,1759,4
2021-11-09,Monterey,053,433212,49130,47975,3023,50998,609
2021-11-09,Napa,055,140530,13146,13051,116,13167,103
2021-11-09,Nevada,057,99092,9444,9288,332,9620,92
2021-11-09,Orange,059,3164182,309887,307412,15479,322891,5621
2021-11-09,Placer,061,380077,37703,37291,3736,41027,440
2021-11-09,Plumas,063,18699,1861,1802,42,1844,7
2021-11-09,Riverside,065,2383286,367394,362557,16579,379136,5160
2021-11-09,Sacramento,067,1510023,160966,159856,4757,164613,2286
2021-11-09,San Benito,069,59416,7491,7471,173,7644,76
2021-11-09,San Bernardino,071,2135413,358081,354972,11335,366307,5839
2021-11-09,San Diego,073,3302833,378694,375997,21919,397916,4272
2021-11-09,San Francisco,075,870044,53655,52996,2377,55373,666
2021-11-09,San Joaquin,077,732212,100775,99848,5508,105356,1794
2021-11-09,San Luis Obispo,079,281455,29967,29488,1263,30751,350
2021-11-09,San Mateo,081,765935,54773,53697,904,54601,574
2021-11-09,Santa Barbara,083,443738,44986,44579,1636,46215,533
2021-11-09,Santa Clara,085,1922200,148712,147281,1396,148677,1901
2021-11-09,Santa Cruz,087,273765,20684,20463,1017,21480,222
2021-11-09,Shasta,089,179085,21924,21558,3665,25223,364
2021-11-09,Sierra,091,2930,192,186,21,207,0
2021-11-09,Siskiyou,093,43540,3369,3295,1318,4613,52
2021-11-09,Solano,095,438530,46348,45639,1296,46935,350
2021-11-09,Sonoma,097,501317,42016,41727,533,42260,395
2021-11-09,Stanislaus,099,539301,79756,79505,8950,88455,1165
2021-11-09,Sutter,101,95872,14050,13988,363,14351,180
2021-11-09,Tehama,103,63373,8659,8555,1507,10062,125
2021-11-09,Trinity,105,12862,864,746,218,964,17
2021-11-09,Tulare,107,460477,69590,68298,15483,83781,1024
2021-11-09,Tuolumne,109,53932,7407,7347,106,7453,90
2021-11-09,Ventura,111,848112,98909,98202,4345,102547,1182
2021-11-09,Yolo,113,214977,20068,19931,1174,21105,255
2021-11-09,Yuba,115,75493,10266,10175,348,10523,85
2021-11-08,Alameda,001,1643700,120737,119983,2851,122834,1447
2021-11-08,Alpine,003,1148,102,105,0,105,0
2021-11-08,Amador,005,37829,5627,5590,63,5653,66
2021-11-08,Butte,007,227075,21239,21000,3820,24820,288
2021-11-08,Calaveras,009,45235,4196,4166,60,4226,82
2021-11-08,Colusa,011,21464,2544,2514,654,3168,19
2021-11-08,Contra Costa,013,1133247,100293,99669,2233,101902,1028
2021-11-08,Del Norte,015,27424,3708,3619,55,3674,42
2021-11-08,El Dorado,017,186661,16272,16055,1709,17764,156
2021-11-08,Fresno,019,978130,142292,140466,12515,152981,2179
2021-11-08,Glenn,021,27897,3538,3496,990,4486,34
2021-11-08,Humboldt,023,135768,9229,9095,586,9681,109
2021-11-08,Imperial,025,180216,34120,33690,3454,37144,766
2021-11-08,Inyo,027,18085,2446,2398,41,2439,41
2021-11-08,Kern,029,883053,129419,127722,22882,150604,1692
2021-11-08,Kings,031,150075,32728,32248,1981,34229,344
2021-11-08,Lake,033,64148,6814,6737,156,6893,106
2021-11-08,Lassen,035,31185,6951,6830,399,7229,46
2021-11-08,Los Angeles,037,10098052,1446984,1438322,55017,1493339,26575
2021-11-08,Madera,039,155013,23626,23253,2157,25410,287
2021-11-08,Marin,041,260295,17728,17617,468,18085,247
2021-11-08,Mariposa,043,17540,1338,1316,50,1366,5
2021-11-08,Mendocino,045,87422,7730,7581,594,8175,85
2021-11-08,Merced,047,269075,42475,42224,1879,44103,607
2021-11-08,Modoc,049,8938,554,529,198,727,5
2021-11-08,Mono,051,14174,1749,1739,21,1760,4
2021-11-08,Monterey,053,433212,49089,47942,3002,50944,602
2021-11-08,Napa,055,140530,13132,13045,116,13161,103
2021-11-08,Nevada,057,99092,9426,9278,330,9608,92
2021-11-08,Orange,059,3164182,309613,307156,15448,322604,5616
2021-11-08,Placer,061,380077,37651,37250,3733,40983,439
2021-11-08,Plumas,063,18699,1860,1788,41,1829,7
2021-11-08,Riverside,065,2383286,366939,362201,16565,378766,5152
2021-11-08,Sacramento,067,1510023,160751,159735,4737,164472,2275
2021-11-08,San Benito,069,59416,7489,7461,173,7634,75
2021-11-08,San Bernardino,071,2135413,357576,354741,11316,366057,5836
2021-11-08,San Diego,073,3302833,378105,375557,21872,397429,4259
2021-11-08,San Francisco,075,870044,53602,52942,2371,55313,666
2021-11-08,San Joaquin,077,732212,100659,99736,5506,105242,1794
2021-11-08,San Luis Obispo,079,281455,29917,29464,1259,30723,350
2021-11-08,San Mateo,081,765935,54698,53658,899,54557,574
2021-11-08,Santa Barbara,083,443738,44932,44548,1635,46183,532
2021-11-08,Santa Clara,085,1922200,148484,147183,1390,148573,1899
2021-11-08,Santa Cruz,087,273765,20655,20435,1017,21452,222
2021-11-08,Shasta,089,179085,21877,21504,3659,25163,354
2021-11-08,Sierra,091,2930,192,183,21,204,0
2021-11-08,Siskiyou,093,43540,3365,3290,1307,4597,50
2021-11-08,Solano,095,438530,46307,45613,1292,46905,350
2021-11-08,Sonoma,097,501317,41948,41669,531,42200,395
2021-11-08,Stanislaus,099,539301,79604,79417,8936,88353,1150
2021-11-08,Sutter,101,95872,14042,13976,359,14335,180
2021-11-08,Tehama,103,63373,8650,8534,1507,10041,123
2021-11-08,Trinity,105,12862,864,743,217,960,13
2021-11-08,Tulare,107,460477,69474,68199,15445,83644,1020
2021-11-08,Tuolumne,109,53932,7388,7328,105,7433,90
2021-11-08,Ventura,111,848112,98816,98144,4343,102487,1182
2021-11-08,Yolo,113,214977,20030,19916,1169,21085,255
2021-11-08,Yuba,115,75493,10255,10172,345,10517,83
2021-11-07,Alameda,001,1643700,120580,119902,2845,122747,1444
2021-11-07,Alpine,003,1148,102,105,0,105,0
2021-11-07,Amador,005,37829,5620,5580,61,5641,66
2021-11-07,Butte,007,227075,21200,20969,3811,24780,288
2021-11-07,Calaveras,009,45235,4169,4158,59,4217,82
2021-11-07,Colusa,011,21464,2538,2511,652,3163,19
2021-11-07,Contra Costa,013,1133247,100181,99596,2224,101820,1028
2021-11-07,Del Norte,015,27424,3706,3617,55,3672,42
2021-11-07,El Dorado,017,186661,16235,16040,1706,17746,156
2021-11-07,Fresno,019,978130,141952,140263,12493,152756,2179
2021-11-07,Glenn,021,27897,3531,3493,989,4482,34
2021-11-07,Humboldt,023,135768,9204,9074,582,9656,109
2021-11-07,Imperial,025,180216,34047,33674,3434,37108,766
2021-11-07,Inyo,027,18085,2433,2394,41,2435,41
2021-11-07,Kern,029,883053,129147,127583,22790,150373,1692
2021-11-07,Kings,031,150075,32638,32221,1977,34198,343
2021-11-07,Lake,033,64148,6798,6734,155,6889,106
2021-11-07,Lassen,035,31185,6942,6819,395,7214,46
2021-11-07,Los Angeles,037,10098052,1445492,1437314,54943,1492257,26573
2021-11-07,Madera,039,155013,23581,23225,2150,25375,287
2021-11-07,Marin,041,260295,17708,17594,467,18061,247
2021-11-07,Mariposa,043,17540,1337,1306,50,1356,5
2021-11-07,Mendocino,045,87422,7701,7567,590,8157,85
2021-11-07,Merced,047,269075,42394,42186,1849,44035,607
2021-11-07,Modoc,049,8938,551,528,197,725,5
2021-11-07,Mono,051,14174,1743,1739,21,1760,4
2021-11-07,Monterey,053,433212,49037,47924,2997,50921,602
2021-11-07,Napa,055,140530,13111,13041,116,13157,103
2021-11-07,Nevada,057,99092,9378,9254,330,9584,92
2021-11-07,Orange,059,3164182,309289,306954,15409,322363,5616
2021-11-07,Placer,061,380077,37575,37202,3718,40920,439
2021-11-07,Plumas,063,18699,1853,1787,40,1827,7
2021-11-07,Riverside,065,2383286,366405,361960,16545,378505,5152
2021-11-07,Sacramento,067,1510023,160520,159549,4719,164268,2277
2021-11-07,San Benito,069,59416,7476,7460,173,7633,75
2021-11-07,San Bernardino,071,2135413,357075,354488,11293,365781,5832
2021-11-07,San Diego,073,3302833,377517,375165,21839,397004,4250
2021-11-07,San Francisco,075,870044,53518,52868,2365,55233,666
2021-11-07,San Joaquin,077,732212,100474,99696,5500,105196,1794
2021-11-07,San Luis Obispo,079,281455,29867,29454,1255,30709,350
2021-11-07,San Mateo,081,765935,54639,53600,897,54497,574
2021-11-07,Santa Barbara,083,443738,44869,44501,1634,46135,532
2021-11-07,Santa Clara,085,1922200,148281,147054,1377,148431,1898
2021-11-07,Santa Cruz,087,273765,20597,20397,1016,21413,222
2021-11-07,Shasta,089,179085,21829,21479,3653,25132,354
2021-11-07,Sierra,091,2930,190,183,21,204,0
2021-11-07,Siskiyou,093,43540,3359,3289,1305,4594,51
2021-11-07,Solano,095,438530,46252,45582,1285,46867,350
2021-11-07,Sonoma,097,501317,41899,41630,531,42161,395
2021-11-07,Stanislaus,099,539301,79449,79351,8916,88267,1150
2021-11-07,Sutter,101,95872,14029,13964,356,14320,180
2021-11-07,Tehama,103,63373,8626,8528,1505,10033,121
2021-11-07,Trinity,105,12862,863,742,216,958,13
2021-11-07,Tulare,107,460477,69321,68145,15402,83547,1020
2021-11-07,Tuolumne,109,53932,7370,7300,103,7403,90
2021-11-07,Ventura,111,848112,98724,98085,4341,102426,1182
2021-11-07,Yolo,113,214977,20009,19899,1164,21063,255
2021-11-07,Yuba,115,75493,10238,10162,340,10502,83
2021-11-06,Alameda,001,1643700,120517,119499,2842,122341,1436
2021-11-06,Alpine,003,1148,102,105,0,105,0
2021-11-06,Amador,005,37829,5614,5557,61,5618,66
2021-11-06,Butte,007,227075,21180,20796,3807,24603,288
2021-11-06,Calaveras,009,45235,4161,4105,59,4164,82
2021-11-06,Colusa,011,21464,2537,2501,651,3152,19
2021-11-06,Contra Costa,013,1133247,100126,99282,2222,101504,1025
2021-11-06,Del Norte,015,27424,3703,3607,55,3662,42
2021-11-06,El Dorado,017,186661,16218,15958,1706,17664,156
2021-11-06,Fresno,019,978130,141835,139249,12491,151740,2170
2021-11-06,Glenn,021,27897,3528,3479,989,4468,33
2021-11-06,Humboldt,023,135768,9192,8972,578,9550,109
2021-11-06,Imperial,025,180216,34001,33471,3427,36898,766
2021-11-06,Inyo,027,18085,2427,2353,41,2394,41
2021-11-06,Kern,029,883053,129014,126848,22737,149585,1684
2021-11-06,Kings,031,150075,32605,32018,1972,33990,342
2021-11-06,Lake,033,64148,6796,6695,155,6850,106
2021-11-06,Lassen,035,31185,6937,6796,394,7190,46
2021-11-06,Los Angeles,037,10098052,1444718,1433081,54899,1487980,26533
2021-11-06,Madera,039,155013,23545,22994,2141,25135,287
2021-11-06,Marin,041,260295,17689,17520,464,17984,247
2021-11-06,Mariposa,043,17540,1335,1282,50,1332,5
2021-11-06,Mendocino,045,87422,7679,7486,590,8076,85
2021-11-06,Merced,047,269075,42370,41958,1841,43799,604
2021-11-06,Modoc,049,8938,550,523,197,720,5
2021-11-06,Mono,051,14174,1741,1725,21,1746,4
2021-11-06,Monterey,053,433212,49005,47830,2987,50817,602
2021-11-06,Napa,055,140530,13101,12950,116,13066,103
2021-11-06,Nevada,057,99092,9356,9169,329,9498,91
2021-11-06,Orange,059,3164182,309082,306049,15383,321432,5611
2021-11-06,Placer,061,380077,37534,36967,3715,40682,438
2021-11-06,Plumas,063,18699,1849,1755,39,1794,7
2021-11-06,Riverside,065,2383286,366087,360584,16536,377120,5138
2021-11-06,Sacramento,067,1510023,160427,158766,4714,163480,2263
2021-11-06,San Benito,069,59416,7469,7429,173,7602,75
2021-11-06,San Bernardino,071,2135413,356804,353142,11289,364431,5813
2021-11-06,San Diego,073,3302833,377170,373423,21821,395244,4246
2021-11-06,San Francisco,075,870044,53464,52556,2362,54918,666
2021-11-06,San Joaquin,077,732212,100417,99372,5499,104871,1782
2021-11-06,San Luis Obispo,079,281455,29839,29335,1251,30586,350
2021-11-06,San Mateo,081,765935,54605,53442,896,54338,574
2021-11-06,Santa Barbara,083,443738,44833,44301,1633,45934,532
2021-11-06,Santa Clara,085,1922200,148136,146519,1372,147891,1894
2021-11-06,Santa Cruz,087,273765,20578,20311,1014,21325,222
2021-11-06,Shasta,089,179085,21810,21281,3648,24929,349
2021-11-06,Sierra,091,2930,190,181,21,202,0
2021-11-06,Siskiyou,093,43540,3359,3279,1303,4582,48
2021-11-06,Solano,095,438530,46222,45465,1284,46749,350
2021-11-06,Sonoma,097,501317,41849,41398,530,41928,395
2021-11-06,Stanislaus,099,539301,79381,78902,8908,87810,1193
2021-11-06,Sutter,101,95872,14025,13908,355,14263,180
2021-11-06,Tehama,103,63373,8615,8474,1503,9977,120
2021-11-06,Trinity,105,12862,860,732,216,948,11
2021-11-06,Tulare,107,460477,69270,67767,15374,83141,1010
2021-11-06,Tuolumne,109,53932,7357,7245,103,7348,90
2021-11-06,Ventura,111,848112,98658,97770,4336,102106,1180
2021-11-06,Yolo,113,214977,19992,19827,1160,20987,255
2021-11-06,Yuba,115,75493,10224,10107,340,10447,83
2021-11-05,Alameda,001,1643700,120435,119499,2840,122339,1436
2021-11-05,Alpine,003,1148,102,105,0,105,0
2021-11-05,Amador,005,37829,5609,5557,61,5618,66
2021-11-05,Butte,007,227075,21167,20796,3806,24602,288
2021-11-05,Calaveras,009,45235,4156,4105,59,4164,82
2021-11-05,Colusa,011,21464,2537,2501,650,3151,19
2021-11-05,Contra Costa,013,1133247,100060,99282,2220,101502,1025
2021-11-05,Del Norte,015,27424,3701,3607,55,3662,42
2021-11-05,El Dorado,017,186661,16200,15958,1700,17658,156
2021-11-05,Fresno,019,978130,141657,139249,12482,151731,2170
2021-11-05,Glenn,021,27897,3528,3479,989,4468,33
2021-11-05,Humboldt,023,135768,9178,8972,578,9550,109
2021-11-05,Imperial,025,180216,33966,33471,3424,36895,766
2021-11-05,Inyo,027,18085,2419,2353,41,2394,41
2021-11-05,Kern,029,883053,128887,126848,22681,149529,1684
2021-11-05,Kings,031,150075,32582,32018,1971,33989,342
2021-11-05,Lake,033,64148,6790,6695,155,6850,106
2021-11-05,Lassen,035,31185,6933,6796,393,7189,46
2021-11-05,Los Angeles,037,10098052,1443899,1433081,54861,1487942,26533
2021-11-05,Madera,039,155013,23507,22994,2140,25134,287
2021-11-05,Marin,041,260295,17667,17520,463,17983,247
2021-11-05,Mariposa,043,17540,1332,1282,49,1331,5
2021-11-05,Mendocino,045,87422,7668,7486,589,8075,85
2021-11-05,Merced,047,269075,42344,41958,1837,43795,604
2021-11-05,Modoc,049,8938,550,523,197,720,5
2021-11-05,Mono,051,14174,1740,1725,21,1746,4
2021-11-05,Monterey,053,433212,48976,47830,2985,50815,602
2021-11-05,Napa,055,140530,13079,12950,116,13066,103
2021-11-05,Nevada,057,99092,9343,9169,329,9498,91
2021-11-05,Orange,059,3164182,308885,306049,15361,321410,5611
2021-11-05,Placer,061,380077,37507,36967,3705,40672,438
2021-11-05,Plumas,063,18699,1842,1755,39,1794,7
2021-11-05,Riverside,065,2383286,365746,360584,16526,377110,5138
2021-11-05,Sacramento,067,1510023,160304,158766,4708,163474,2263
2021-11-05,San Benito,069,59416,7467,7429,172,7601,75
2021-11-05,San Bernardino,071,2135413,356472,353142,11278,364420,5813
2021-11-05,San Diego,073,3302833,376805,373423,21809,395232,4246
2021-11-05,San Francisco,075,870044,53413,52556,2359,54915,666
2021-11-05,San Joaquin,077,732212,100364,99372,5490,104862,1782
2021-11-05,San Luis Obispo,079,281455,29816,29335,1251,30586,350
2021-11-05,San Mateo,081,765935,54564,53442,894,54336,574
2021-11-05,Santa Barbara,083,443738,44788,44301,1632,45933,532
2021-11-05,Santa Clara,085,1922200,147998,146519,1371,147890,1894
2021-11-05,Santa Cruz,087,273765,20554,20311,1013,21324,222
2021-11-05,Shasta,089,179085,21778,21281,3643,24924,349
2021-11-05,Sierra,091,2930,190,181,21,202,0
2021-11-05,Siskiyou,093,43540,3354,3279,1302,4581,48
2021-11-05,Solano,095,438530,46176,45465,1281,46746,350
2021-11-05,Sonoma,097,501317,41809,41398,530,41928,395
2021-11-05,Stanislaus,099,539301,79323,78902,8896,87798,1193
2021-11-05,Sutter,101,95872,14017,13908,354,14262,180
2021-11-05,Tehama,103,63373,8608,8474,1502,9976,120
2021-11-05,Trinity,105,12862,860,732,216,948,11
2021-11-05,Tulare,107,460477,69198,67767,15337,83104,1010
2021-11-05,Tuolumne,109,53932,7340,7245,102,7347,90
2021-11-05,Ventura,111,848112,98618,97770,4333,102103,1180
2021-11-05,Yolo,113,214977,19982,19827,1159,20986,255
2021-11-05,Yuba,115,75493,10211,10107,338,10445,83
2021-11-04,Alameda,001,1643700,120320,119499,2834,122333,1436
2021-11-04,Alpine,003,1148,102,105,0,105,0
2021-11-04,Amador,005,37829,5601,5557,61,5618,66
2021-11-04,Butte,007,227075,21125,20796,3796,24592,288
2021-11-04,Calaveras,009,45235,4142,4105,57,4162,82
2021-11-04,Colusa,011,21464,2531,2501,649,3150,19
2021-11-04,Contra Costa,013,1133247,99968,99282,2215,101497,1025
2021-11-04,Del Norte,015,27424,3698,3607,55,3662,42
2021-11-04,El Dorado,017,186661,16174,15958,1696,17654,156
2021-11-04,Fresno,019,978130,141378,139249,12475,151724,2170
2021-11-04,Glenn,021,27897,3523,3479,988,4467,33
2021-11-04,Humboldt,023,135768,9153,8972,575,9547,109
2021-11-04,Imperial,025,180216,33908,33471,3414,36885,766
2021-11-04,Inyo,027,18085,2411,2353,41,2394,41
2021-11-04,Kern,029,883053,128655,126848,22613,149461,1684
2021-11-04,Kings,031,150075,32502,32018,1963,33981,342
2021-11-04,Lake,033,64148,6780,6695,153,6848,106
2021-11-04,Lassen,035,31185,6923,6796,388,7184,46
2021-11-04,Los Angeles,037,10098052,1442601,1433081,54779,1487860,26533
2021-11-04,Madera,039,155013,23452,22994,2129,25123,287
2021-11-04,Marin,041,260295,17655,17520,461,17981,247
2021-11-04,Mariposa,043,17540,1325,1282,49,1331,5
2021-11-04,Mendocino,045,87422,7655,7486,583,8069,85
2021-11-04,Merced,047,269075,42289,41958,1833,43791,604
2021-11-04,Modoc,049,8938,549,523,197,720,5
2021-11-04,Mono,051,14174,1735,1725,21,1746,4
2021-11-04,Monterey,053,433212,48931,47830,2969,50799,602
2021-11-04,Napa,055,140530,13058,12950,116,13066,103
2021-11-04,Nevada,057,99092,9312,9169,328,9497,91
2021-11-04,Orange,059,3164182,308635,306049,15342,321391,5611
2021-11-04,Placer,061,380077,37436,36967,3696,40663,438
2021-11-04,Plumas,063,18699,1834,1755,35,1790,7
2021-11-04,Riverside,065,2383286,365350,360584,16517,377101,5138
2021-11-04,Sacramento,067,1510023,160070,158766,4687,163453,2263
2021-11-04,San Benito,069,59416,7461,7429,172,7601,75
2021-11-04,San Bernardino,071,2135413,356038,353142,11271,364413,5813
2021-11-04,San Diego,073,3302833,376324,373423,21788,395211,4246
2021-11-04,San Francisco,075,870044,53332,52556,2355,54911,666
2021-11-04,San Joaquin,077,732212,100256,99372,5478,104850,1782
2021-11-04,San Luis Obispo,079,281455,29792,29335,1245,30580,350
2021-11-04,San Mateo,081,765935,54505,53442,888,54330,574
2021-11-04,Santa Barbara,083,443738,44732,44301,1632,45933,532
2021-11-04,Santa Clara,085,1922200,147843,146519,1367,147886,1894
2021-11-04,Santa Cruz,087,273765,20519,20311,1013,21324,222
2021-11-04,Shasta,089,179085,21720,21281,3637,24918,349
2021-11-04,Sierra,091,2930,188,181,21,202,0
2021-11-04,Siskiyou,093,43540,3351,3279,1295,4574,48
2021-11-04,Solano,095,438530,46134,45465,1280,46745,350
2021-11-04,Sonoma,097,501317,41749,41398,530,41928,395
2021-11-04,Stanislaus,099,539301,79185,78902,8890,87792,1193
2021-11-04,Sutter,101,95872,14006,13908,352,14260,180
2021-11-04,Tehama,103,63373,8599,8474,1498,9972,120
2021-11-04,Trinity,105,12862,859,732,216,948,11
2021-11-04,Tulare,107,460477,69082,67767,15291,83058,1010
2021-11-04,Tuolumne,109,53932,7318,7245,100,7345,90
2021-11-04,Ventura,111,848112,98530,97770,4330,102100,1180
2021-11-04,Yolo,113,214977,19956,19827,1153,20980,255
2021-11-04,Yuba,115,75493,10197,10107,336,10443,83
2021-11-03,Alameda,001,1643700,120178,119356,2831,122187,1428
2021-11-03,Alpine,003,1148,102,105,0,105,0
2021-11-03,Amador,005,37829,5595,5545,60,5605,66
2021-11-03,Butte,007,227075,21080,20769,3787,24556,284
2021-11-03,Calaveras,009,45235,4124,4087,56,4143,82
2021-11-03,Colusa,011,21464,2525,2499,649,3148,20
2021-11-03,Contra Costa,013,1133247,99868,99168,2210,101378,1025
2021-11-03,Del Norte,015,27424,3696,3600,54,3654,42
2021-11-03,El Dorado,017,186661,16148,15915,1693,17608,156
2021-11-03,Fresno,019,978130,141014,138873,12456,151329,2166
2021-11-03,Glenn,021,27897,3519,3470,988,4458,33
2021-11-03,Humboldt,023,135768,9135,8949,570,9519,109
2021-11-03,Imperial,025,180216,33837,33402,3404,36806,766
2021-11-03,Inyo,027,18085,2390,2344,41,2385,41
2021-11-03,Kern,029,883053,128394,126523,22511,149034,1681
2021-11-03,Kings,031,150075,32448,31923,1955,33878,341
2021-11-03,Lake,033,64148,6764,6685,153,6838,106
2021-11-03,Lassen,035,31185,6907,6782,382,7164,46
2021-11-03,Los Angeles,037,10098052,1441254,1431209,54695,1485904,26517
2021-11-03,Madera,039,155013,23385,22893,2120,25013,287
2021-11-03,Marin,041,260295,17634,17491,457,17948,247
2021-11-03,Mariposa,043,17540,1315,1276,49,1325,5
2021-11-03,Mendocino,045,87422,7639,7457,575,8032,84
2021-11-03,Merced,047,269075,42228,41849,1823,43672,597
2021-11-03,Modoc,049,8938,549,521,195,716,5
2021-11-03,Mono,051,14174,1731,1719,21,1740,4
2021-11-03,Monterey,053,433212,48881,47794,2956,50750,601
2021-11-03,Napa,055,140530,13046,12937,115,13052,103
2021-11-03,Nevada,057,99092,9285,9131,327,9458,91
2021-11-03,Orange,059,3164182,308323,305661,15309,320970,5607
2021-11-03,Placer,061,380077,37366,36868,3691,40559,438
2021-11-03,Plumas,063,18699,1823,1739,34,1773,7
2021-11-03,Riverside,065,2383286,364892,360060,16513,376573,5131
2021-11-03,Sacramento,067,1510023,159845,158311,4676,162987,2259
2021-11-03,San Benito,069,59416,7453,7419,172,7591,75
2021-11-03,San Bernardino,071,2135413,355566,352225,11251,363476,5813
2021-11-03,San Diego,073,3302833,375812,372951,21765,394716,4241
2021-11-03,San Francisco,075,870044,53238,52493,2350,54843,663
2021-11-03,San Joaquin,077,732212,100144,99188,5467,104655,1776
2021-11-03,San Luis Obispo,079,281455,29750,29276,1239,30515,348
2021-11-03,San Mateo,081,765935,54441,53396,882,54278,571
2021-11-03,Santa Barbara,083,443738,44675,44220,1629,45849,531
2021-11-03,Santa Clara,085,1922200,147673,146259,1360,147619,1897
2021-11-03,Santa Cruz,087,273765,20484,20275,1013,21288,222
2021-11-03,Shasta,089,179085,21662,21215,3630,24845,346
2021-11-03,Sierra,091,2930,186,180,21,201,0
2021-11-03,Siskiyou,093,43540,3347,3276,1293,4569,46
2021-11-03,Solano,095,438530,46107,45411,1278,46689,351
2021-11-03,Sonoma,097,501317,41672,41326,528,41854,395
2021-11-03,Stanislaus,099,539301,79054,78736,8875,87611,1193
2021-11-03,Sutter,101,95872,13993,13876,350,14226,179
2021-11-03,Tehama,103,63373,8586,8438,1498,9936,118
2021-11-03,Trinity,105,12862,858,730,216,946,11
2021-11-03,Tulare,107,460477,68954,67588,15247,82835,1007
2021-11-03,Tuolumne,109,53932,7301,7218,98,7316,90
2021-11-03,Ventura,111,848112,98421,97682,4326,102008,1178
2021-11-03,Yolo,113,214977,19939,19758,1145,20903,250
2021-11-03,Yuba,115,75493,10185,10092,336,10428,83
2021-11-02,Alameda,001,1643700,120032,119241,2825,122066,1425
2021-11-02,Alpine,003,1148,101,105,0,105,0
2021-11-02,Amador,005,37829,5590,5535,60,5595,66
2021-11-02,Butte,007,227075,21036,20744,3776,24520,282
2021-11-02,Calaveras,009,45235,4101,4075,56,4131,82
2021-11-02,Colusa,011,21464,2520,2497,648,3145,19
2021-11-02,Contra Costa,013,1133247,99765,99080,2198,101278,1025
2021-11-02,Del Norte,015,27424,3694,3596,54,3650,42
2021-11-02,El Dorado,017,186661,16119,15883,1693,17576,154
2021-11-02,Fresno,019,978130,140692,138644,12427,151071,2158
2021-11-02,Glenn,021,27897,3511,3469,985,4454,33
2021-11-02,Humboldt,023,135768,9094,8937,569,9506,109
2021-11-02,Imperial,025,180216,33764,33371,3390,36761,766
2021-11-02,Inyo,027,18085,2383,2324,41,2365,41
2021-11-02,Kern,029,883053,128138,126311,22389,148700,1665
2021-11-02,Kings,031,150075,32389,31896,1950,33846,339
2021-11-02,Lake,033,64148,6759,6681,152,6833,106
2021-11-02,Lassen,035,31185,6895,6777,379,7156,45
2021-11-02,Los Angeles,037,10098052,1439804,1429601,54620,1484221,26496
2021-11-02,Madera,039,155013,23304,22837,2109,24946,287
2021-11-02,Marin,041,260295,17606,17482,457,17939,247
2021-11-02,Mariposa,043,17540,1304,1270,48,1318,5
2021-11-02,Mendocino,045,87422,7615,7447,563,8010,84
2021-11-02,Merced,047,269075,42161,41785,1815,43600,596
2021-11-02,Modoc,049,8938,546,520,194,714,5
2021-11-02,Mono,051,14174,1727,1718,21,1739,4
2021-11-02,Monterey,053,433212,48830,47775,2938,50713,599
2021-11-02,Napa,055,140530,13028,12930,115,13045,104
2021-11-02,Nevada,057,99092,9255,9122,326,9448,91
2021-11-02,Orange,059,3164182,308007,305369,15262,320631,5600
2021-11-02,Placer,061,380077,37294,36817,3676,40493,438
2021-11-02,Plumas,063,18699,1812,1721,34,1755,7
2021-11-02,Riverside,065,2383286,364440,359586,16493,376079,5116
2021-11-02,Sacramento,067,1510023,159589,158112,4653,162765,2250
2021-11-02,San Benito,069,59416,7437,7407,172,7579,75
2021-11-02,San Bernardino,071,2135413,355094,351832,11198,363030,5813
2021-11-02,San Diego,073,3302833,375217,372440,21735,394175,4232
2021-11-02,San Francisco,075,870044,53119,52450,2346,54796,663
2021-11-02,San Joaquin,077,732212,100009,99076,5456,104532,1772
2021-11-02,San Luis Obispo,079,281455,29717,29224,1236,30460,348
2021-11-02,San Mateo,081,765935,54369,53351,879,54230,571
2021-11-02,Santa Barbara,083,443738,44619,44177,1625,45802,531
2021-11-02,Santa Clara,085,1922200,147479,146115,1353,147468,1896
2021-11-02,Santa Cruz,087,273765,20451,20266,1012,21278,222
2021-11-02,Shasta,089,179085,21587,21127,3620,24747,344
2021-11-02,Sierra,091,2930,186,180,20,200,0
2021-11-02,Siskiyou,093,43540,3345,3272,1290,4562,46
2021-11-02,Solano,095,438530,46067,45378,1272,46650,350
2021-11-02,Sonoma,097,501317,41593,41288,527,41815,395
2021-11-02,Stanislaus,099,539301,78899,78629,8855,87484,1193
2021-11-02,Sutter,101,95872,13972,13868,350,14218,179
2021-11-02,Tehama,103,63373,8570,8422,1495,9917,116
2021-11-02,Trinity,105,12862,858,729,216,945,11
2021-11-02,Tulare,107,460477,68830,67502,15199,82701,1002
2021-11-02,Tuolumne,109,53932,7280,7204,96,7300,90
2021-11-02,Ventura,111,848112,98316,97574,4322,101896,1178
2021-11-02,Yolo,113,214977,19908,19736,1143,20879,250
2021-11-02,Yuba,115,75493,10162,10080,334,10414,83
2021-11-01,Alameda,001,1643700,119896,119159,2823,121982,1421
2021-11-01,Alpine,003,1148,101,105,0,105,0
2021-11-01,Amador,005,37829,5588,5532,60,5592,64
2021-11-01,Butte,007,227075,20986,20710,3771,24481,281
2021-11-01,Calaveras,009,45235,4091,4059,55,4114,82
2021-11-01,Colusa,011,21464,2518,2494,645,3139,19
2021-11-01,Contra Costa,013,1133247,99640,99011,2189,101200,1025
2021-11-01,Del Norte,015,27424,3692,3594,54,3648,42
2021-11-01,El Dorado,017,186661,16095,15858,1687,17545,154
2021-11-01,Fresno,019,978130,140317,138421,12396,150817,2149
2021-11-01,Glenn,021,27897,3504,3461,983,4444,33
2021-11-01,Humboldt,023,135768,9066,8929,565,9494,108
2021-11-01,Imperial,025,180216,33713,33342,3381,36723,766
2021-11-01,Inyo,027,18085,2371,2307,41,2348,41
2021-11-01,Kern,029,883053,127838,126092,22274,148366,1660
2021-11-01,Kings,031,150075,32336,31866,1948,33814,337
2021-11-01,Lake,033,64148,6748,6676,151,6827,106
2021-11-01,Lassen,035,31185,6880,6775,376,7151,42
2021-11-01,Los Angeles,037,10098052,1438419,1428891,54528,1483419,26483
2021-11-01,Madera,039,155013,23225,22801,2104,24905,283
2021-11-01,Marin,041,260295,17586,17460,456,17916,247
2021-11-01,Mariposa,043,17540,1296,1266,47,1313,5
2021-11-01,Mendocino,045,87422,7582,7422,545,7967,84
2021-11-01,Merced,047,269075,42071,41740,1813,43553,594
2021-11-01,Modoc,049,8938,541,520,192,712,5
2021-11-01,Mono,051,14174,1723,1714,21,1735,3
2021-11-01,Monterey,053,433212,48788,47756,2926,50682,597
2021-11-01,Napa,055,140530,13001,12916,114,13030,101
2021-11-01,Nevada,057,99092,9232,9108,325,9433,91
2021-11-01,Orange,059,3164182,307665,305192,15220,320412,5596
2021-11-01,Placer,061,380077,37211,36747,3664,40411,435
2021-11-01,Plumas,063,18699,1793,1719,34,1753,7
2021-11-01,Riverside,065,2383286,363939,359263,16471,375734,5115
2021-11-01,Sacramento,067,1510023,159317,157893,4629,162522,2239
2021-11-01,San Benito,069,59416,7427,7406,171,7577,73
2021-11-01,San Bernardino,071,2135413,354610,351620,11178,362798,5815
2021-11-01,San Diego,073,3302833,374632,372043,21717,393760,4232
2021-11-01,San Francisco,075,870044,53032,52418,2339,54757,661
2021-11-01,San Joaquin,077,732212,99846,98969,5449,104418,1772
2021-11-01,San Luis Obispo,079,281455,29673,29199,1232,30431,343
2021-11-01,San Mateo,081,765935,54303,53314,875,54189,571
2021-11-01,Santa Barbara,083,443738,44552,44146,1621,45767,529
2021-11-01,Santa Clara,085,1922200,147282,145978,1348,147326,1907
2021-11-01,Santa Cruz,087,273765,20416,20238,1012,21250,221
2021-11-01,Shasta,089,179085,21534,21104,3613,24717,338
2021-11-01,Sierra,091,2930,186,180,20,200,0
2021-11-01,Siskiyou,093,43540,3338,3272,1285,4557,46
2021-11-01,Solano,095,438530,46011,45358,1272,46630,350
2021-11-01,Sonoma,097,501317,41520,41234,527,41761,395
2021-11-01,Stanislaus,099,539301,78770,78534,8840,87374,1193
2021-11-01,Sutter,101,95872,13948,13852,348,14200,179
2021-11-01,Tehama,103,63373,8542,8412,1492,9904,116
2021-11-01,Trinity,105,12862,856,727,216,943,11
2021-11-01,Tulare,107,460477,68684,67388,15147,82535,1002
2021-11-01,Tuolumne,109,53932,7264,7175,95,7270,90
2021-11-01,Ventura,111,848112,98226,97507,4320,101827,1178
2021-11-01,Yolo,113,214977,19888,19708,1136,20844,250
2021-11-01,Yuba,115,75493,10144,10066,332,10398,83
2021-10-31,Alameda,001,1643700,119752,119071,2820,121891,1419
2021-10-31,Alpine,003,1148,101,105,0,105,0
2021-10-31,Amador,005,37829,5577,5518,60,5578,64
2021-10-31,Butte,007,227075,20925,20689,3762,24451,281
2021-10-31,Calaveras,009,45235,4073,4052,54,4106,82
2021-10-31,Colusa,011,21464,2516,2493,642,3135,18
2021-10-31,Contra Costa,013,1133247,99513,98936,2187,101123,1025
2021-10-31,Del Norte,015,27424,3686,3591,54,3645,42
2021-10-31,El Dorado,017,186661,16049,15841,1684,17525,154
2021-10-31,Fresno,019,978130,139912,138165,12364,150529,2147
2021-10-31,Glenn,021,27897,3499,3459,983,4442,33
2021-10-31,Humboldt,023,135768,9019,8919,559,9478,108
2021-10-31,Imperial,025,180216,33638,33334,3369,36703,766
2021-10-31,Inyo,027,18085,2352,2309,41,2350,41
2021-10-31,Kern,029,883053,127468,125917,22149,148066,1666
2021-10-31,Kings,031,150075,32250,31814,1936,33750,338
2021-10-31,Lake,033,64148,6737,6665,149,6814,106
2021-10-31,Lassen,035,31185,6865,6768,371,7139,42
2021-10-31,Los Angeles,037,10098052,1436881,1427933,54445,1482378,26474
2021-10-31,Madera,039,155013,23130,22744,2091,24835,283
2021-10-31,Marin,041,260295,17558,17443,455,17898,247
2021-10-31,Mariposa,043,17540,1290,1257,46,1303,5
2021-10-31,Mendocino,045,87422,7541,7403,528,7931,84
2021-10-31,Merced,047,269075,41977,41699,1793,43492,589
2021-10-31,Modoc,049,8938,535,517,189,706,5
2021-10-31,Mono,051,14174,1719,1711,21,1732,3
2021-10-31,Monterey,053,433212,48747,47744,2908,50652,596
2021-10-31,Napa,055,140530,12984,12906,112,13018,101
2021-10-31,Nevada,057,99092,9195,9084,320,9404,91
2021-10-31,Orange,059,3164182,307316,305032,15137,320169,5596
2021-10-31,Placer,061,380077,37114,36698,3650,40348,435
2021-10-31,Plumas,063,18699,1775,1716,34,1750,7
2021-10-31,Riverside,065,2383286,363360,359005,16457,375462,5104
2021-10-31,Sacramento,067,1510023,158966,157667,4614,162281,2243
2021-10-31,San Benito,069,59416,7417,7397,169,7566,73
2021-10-31,San Bernardino,071,2135413,354078,351411,11164,362575,5810
2021-10-31,San Diego,073,3302833,374060,371603,21687,393290,4218
2021-10-31,San Francisco,075,870044,52923,52370,2333,54703,661
2021-10-31,San Joaquin,077,732212,99683,98893,5435,104328,1772
2021-10-31,San Luis Obispo,079,281455,29620,29176,1231,30407,343
2021-10-31,San Mateo,081,765935,54245,53284,873,54157,571
2021-10-31,Santa Barbara,083,443738,44482,44113,1616,45729,529
2021-10-31,Santa Clara,085,1922200,147068,145829,1334,147163,1908
2021-10-31,Santa Cruz,087,273765,20381,20218,1011,21229,221
2021-10-31,Shasta,089,179085,21451,21086,3601,24687,338
2021-10-31,Sierra,091,2930,186,180,20,200,0
2021-10-31,Siskiyou,093,43540,3332,3271,1284,4555,46
2021-10-31,Solano,095,438530,45963,45310,1265,46575,350
2021-10-31,Sonoma,097,501317,41451,41183,524,41707,395
2021-10-31,Stanislaus,099,539301,78579,78426,8825,87251,1193
2021-10-31,Sutter,101,95872,13929,13838,345,14183,179
2021-10-31,Tehama,103,63373,8511,8391,1488,9879,116
2021-10-31,Trinity,105,12862,856,724,216,940,11
2021-10-31,Tulare,107,460477,68488,67310,15056,82366,1002
2021-10-31,Tuolumne,109,53932,7235,7141,94,7235,90
2021-10-31,Ventura,111,848112,98105,97460,4315,101775,1178
2021-10-31,Yolo,113,214977,19846,19662,1130,20792,250
2021-10-31,Yuba,115,75493,10126,10051,322,10373,83
2021-10-30,Alameda,001,1643700,119692,118632,2817,121449,1419
2021-10-30,Alpine,003,1148,101,105,0,105,0
2021-10-30,Amador,005,37829,5568,5480,59,5539,64
2021-10-30,Butte,007,227075,20910,20516,3756,24272,277
2021-10-30,Calaveras,009,45235,4066,3992,54,4046,82
2021-10-30,Colusa,011,21464,2516,2484,641,3125,19
2021-10-30,Contra Costa,013,1133247,99449,98562,2186,100748,1024
2021-10-30,Del Norte,015,27424,3683,3574,54,3628,42
2021-10-30,El Dorado,017,186661,16033,15752,1679,17431,154
2021-10-30,Fresno,019,978130,139769,136901,12359,149260,2131
2021-10-30,Glenn,021,27897,3495,3442,983,4425,33
2021-10-30,Humboldt,023,135768,9004,8871,557,9428,105
2021-10-30,Imperial,025,180216,33593,33156,3365,36521,766
2021-10-30,Inyo,027,18085,2349,2249,41,2290,41
2021-10-30,Kern,029,883053,127316,124892,22078,146970,1653
2021-10-30,Kings,031,150075,32216,31578,1932,33510,337
2021-10-30,Lake,033,64148,6732,6610,149,6759,106
2021-10-30,Lassen,035,31185,6859,6719,369,7088,42
2021-10-30,Los Angeles,037,10098052,1436160,1424257,54391,1478648,26625
2021-10-30,Madera,039,155013,23086,22524,2086,24610,283
2021-10-30,Marin,041,260295,17543,17380,453,17833,247
2021-10-30,Mariposa,043,17540,1287,1228,46,1274,5
2021-10-30,Mendocino,045,87422,7518,7338,526,7864,84
2021-10-30,Merced,047,269075,41937,41428,1791,43219,586
2021-10-30,Modoc,049,8938,533,513,188,701,5
2021-10-30,Mono,051,14174,1719,1684,21,1705,3
2021-10-30,Monterey,053,433212,48730,47649,2902,50551,588
2021-10-30,Napa,055,140530,12970,12863,111,12974,101
2021-10-30,Nevada,057,99092,9176,9015,320,9335,91
2021-10-30,Orange,059,3164182,307138,304120,15115,319235,5588
2021-10-30,Placer,061,380077,37068,36400,3644,40044,434
2021-10-30,Plumas,063,18699,1770,1695,34,1729,7
2021-10-30,Riverside,065,2383286,363060,357645,16448,374093,5088
2021-10-30,Sacramento,067,1510023,158809,157125,4605,161730,2233
2021-10-30,San Benito,069,59416,7410,7362,169,7531,71
2021-10-30,San Bernardino,071,2135413,353801,350076,11150,361226,5777
2021-10-30,San Diego,073,3302833,373686,370006,21665,391671,4213
2021-10-30,San Francisco,075,870044,52894,52161,2331,54492,661
2021-10-30,San Joaquin,077,732212,99628,98314,5434,103748,1768
2021-10-30,San Luis Obispo,079,281455,29588,29053,1228,30281,341
2021-10-30,San Mateo,081,765935,54205,53083,873,53956,571
2021-10-30,Santa Barbara,083,443738,44447,43972,1615,45587,528
2021-10-30,Santa Clara,085,1922200,146963,145262,1330,146592,1903
2021-10-30,Santa Cruz,087,273765,20363,20134,1009,21143,221
2021-10-30,Shasta,089,179085,21406,20878,3595,24473,332
2021-10-30,Sierra,091,2930,186,175,20,195,0
2021-10-30,Siskiyou,093,43540,3331,3257,1281,4538,46
2021-10-30,Solano,095,438530,45942,45146,1263,46409,346
2021-10-30,Sonoma,097,501317,41412,40924,524,41448,393
2021-10-30,Stanislaus,099,539301,78509,77871,8818,86689,1191
2021-10-30,Sutter,101,95872,13916,13773,345,14118,178
2021-10-30,Tehama,103,63373,8500,8307,1483,9790,114
2021-10-30,Trinity,105,12862,854,708,215,923,11
2021-10-30,Tulare,107,460477,68417,66745,15009,81754,995
2021-10-30,Tuolumne,109,53932,7211,7050,93,7143,90
2021-10-30,Ventura,111,848112,98056,97182,4312,101494,1174
2021-10-30,Yolo,113,214977,19826,19568,1128,20696,250
2021-10-30,Yuba,115,75493,10115,9969,322,10291,82
2021-10-29,Alameda,001,1643700,119612,118632,2813,121445,1419
2021-10-29,Alpine,003,1148,101,105,0,105,0
2021-10-29,Amador,005,37829,5557,5480,59,5539,64
2021-10-29,Butte,007,227075,20886,20516,3746,24262,277
2021-10-29,Calaveras,009,45235,4059,3992,54,4046,82
2021-10-29,Colusa,011,21464,2516,2484,639,3123,19
2021-10-29,Contra Costa,013,1133247,99380,98562,2184,100746,1024
2021-10-29,Del Norte,015,27424,3676,3574,54,3628,42
2021-10-29,El Dorado,017,186661,16019,15752,1679,17431,154
2021-10-29,Fresno,019,978130,139554,136901,12347,149248,2131
2021-10-29,Glenn,021,27897,3494,3442,982,4424,33
2021-10-29,Humboldt,023,135768,8999,8871,556,9427,105
2021-10-29,Imperial,025,180216,33566,33156,3362,36518,766
2021-10-29,Inyo,027,18085,2346,2249,41,2290,41
2021-10-29,Kern,029,883053,127139,124892,21988,146880,1653
2021-10-29,Kings,031,150075,32182,31578,1930,33508,337
2021-10-29,Lake,033,64148,6723,6610,146,6756,106
2021-10-29,Lassen,035,31185,6850,6719,366,7085,42
2021-10-29,Los Angeles,037,10098052,1435316,1424257,54348,1478605,26625
2021-10-29,Madera,039,155013,23034,22524,2081,24605,283
2021-10-29,Marin,041,260295,17527,17380,452,17832,247
2021-10-29,Mariposa,043,17540,1283,1228,46,1274,5
2021-10-29,Mendocino,045,87422,7510,7338,526,7864,84
2021-10-29,Merced,047,269075,41887,41428,1785,43213,586
2021-10-29,Modoc,049,8938,531,513,187,700,5
2021-10-29,Mono,051,14174,1717,1684,21,1705,3
2021-10-29,Monterey,053,433212,48706,47649,2902,50551,588
2021-10-29,Napa,055,140530,12949,12863,111,12974,101
2021-10-29,Nevada,057,99092,9164,9015,320,9335,91
2021-10-29,Orange,059,3164182,306915,304120,15095,319215,5588
2021-10-29,Placer,061,380077,37032,36400,3633,40033,434
2021-10-29,Plumas,063,18699,1764,1695,34,1729,7
2021-10-29,Riverside,065,2383286,362726,357645,16443,374088,5088
2021-10-29,Sacramento,067,1510023,158621,157125,4596,161721,2233
2021-10-29,San Benito,069,59416,7407,7362,169,7531,71
2021-10-29,San Bernardino,071,2135413,353503,350076,11141,361217,5777
2021-10-29,San Diego,073,3302833,373310,370006,21637,391643,4213
2021-10-29,San Francisco,075,870044,52835,52161,2325,54486,661
2021-10-29,San Joaquin,077,732212,99571,98314,5429,103743,1768
2021-10-29,San Luis Obispo,079,281455,29562,29053,1226,30279,341
2021-10-29,San Mateo,081,765935,54161,53083,871,53954,571
2021-10-29,Santa Barbara,083,443738,44407,43972,1612,45584,528
2021-10-29,Santa Clara,085,1922200,146848,145262,1323,146585,1903
2021-10-29,Santa Cruz,087,273765,20356,20134,1008,21142,221
2021-10-29,Shasta,089,179085,21367,20878,3589,24467,332
2021-10-29,Sierra,091,2930,184,175,20,195,0
2021-10-29,Siskiyou,093,43540,3331,3257,1280,4537,46
2021-10-29,Solano,095,438530,45905,45146,1262,46408,346
2021-10-29,Sonoma,097,501317,41391,40924,524,41448,393
2021-10-29,Stanislaus,099,539301,78423,77871,8807,86678,1191
2021-10-29,Sutter,101,95872,13897,13773,345,14118,178
2021-10-29,Tehama,103,63373,8487,8307,1482,9789,114
2021-10-29,Trinity,105,12862,853,708,215,923,11
2021-10-29,Tulare,107,460477,68312,66745,14963,81708,995
2021-10-29,Tuolumne,109,53932,7198,7050,93,7143,90
2021-10-29,Ventura,111,848112,98001,97182,4308,101490,1174
2021-10-29,Yolo,113,214977,19808,19568,1123,20691,250
2021-10-29,Yuba,115,75493,10107,9969,318,10287,82
2021-10-28,Alameda,001,1643700,119486,118632,2806,121438,1419
2021-10-28,Alpine,003,1148,101,105,0,105,0
2021-10-28,Amador,005,37829,5544,5480,59,5539,64
2021-10-28,Butte,007,227075,20843,20516,3737,24253,277
2021-10-28,Calaveras,009,45235,4046,3992,54,4046,82
2021-10-28,Colusa,011,21464,2513,2484,638,3122,19
2021-10-28,Contra Costa,013,1133247,99249,98562,2179,100741,1024
2021-10-28,Del Norte,015,27424,3675,3574,54,3628,42
2021-10-28,El Dorado,017,186661,15993,15752,1676,17428,154
2021-10-28,Fresno,019,978130,139225,136901,12319,149220,2131
2021-10-28,Glenn,021,27897,3491,3442,980,4422,33
2021-10-28,Humboldt,023,135768,8983,8871,551,9422,105
2021-10-28,Imperial,025,180216,33501,33156,3355,36511,766
2021-10-28,Inyo,027,18085,2329,2249,41,2290,41
2021-10-28,Kern,029,883053,126891,124892,21874,146766,1653
2021-10-28,Kings,031,150075,32113,31578,1925,33503,337
2021-10-28,Lake,033,64148,6713,6610,146,6756,106
2021-10-28,Lassen,035,31185,6840,6719,362,7081,42
2021-10-28,Los Angeles,037,10098052,1434181,1424257,54274,1478531,26625
2021-10-28,Madera,039,155013,22980,22524,2070,24594,283
2021-10-28,Marin,041,260295,17509,17380,451,17831,247
2021-10-28,Mariposa,043,17540,1279,1228,46,1274,5
2021-10-28,Mendocino,045,87422,7497,7338,515,7853,84
2021-10-28,Merced,047,269075,41802,41428,1774,43202,586
2021-10-28,Modoc,049,8938,530,513,187,700,5
2021-10-28,Mono,051,14174,1711,1684,21,1705,3
2021-10-28,Monterey,053,433212,48677,47649,2884,50533,588
2021-10-28,Napa,055,140530,12940,12863,110,12973,101
2021-10-28,Nevada,057,99092,9146,9015,320,9335,91
2021-10-28,Orange,059,3164182,306628,304120,15030,319150,5588
2021-10-28,Placer,061,380077,36953,36400,3624,40024,434
2021-10-28,Plumas,063,18699,1756,1695,34,1729,7
2021-10-28,Riverside,065,2383286,362288,357645,16419,374064,5088
2021-10-28,Sacramento,067,1510023,158355,157125,4584,161709,2233
2021-10-28,San Benito,069,59416,7399,7362,169,7531,71
2021-10-28,San Bernardino,071,2135413,353089,350076,11119,361195,5777
2021-10-28,San Diego,073,3302833,372837,370006,21614,391620,4213
2021-10-28,San Francisco,075,870044,52788,52161,2318,54479,661
2021-10-28,San Joaquin,077,732212,99443,98314,5428,103742,1768
2021-10-28,San Luis Obispo,079,281455,29533,29053,1223,30276,341
2021-10-28,San Mateo,081,765935,54116,53083,869,53952,571
2021-10-28,Santa Barbara,083,443738,44368,43972,1610,45582,528
2021-10-28,Santa Clara,085,1922200,146691,145262,1318,146580,1903
2021-10-28,Santa Cruz,087,273765,20332,20134,1008,21142,221
2021-10-28,Shasta,089,179085,21292,20878,3582,24460,332
2021-10-28,Sierra,091,2930,183,175,20,195,0
2021-10-28,Siskiyou,093,43540,3330,3257,1280,4537,46
2021-10-28,Solano,095,438530,45866,45146,1261,46407,346
2021-10-28,Sonoma,097,501317,41323,40924,523,41447,393
2021-10-28,Stanislaus,099,539301,78271,77871,8791,86662,1191
2021-10-28,Sutter,101,95872,13884,13773,341,14114,178
2021-10-28,Tehama,103,63373,8449,8307,1479,9786,114
2021-10-28,Trinity,105,12862,850,708,215,923,11
2021-10-28,Tulare,107,460477,68172,66745,14905,81650,995
2021-10-28,Tuolumne,109,53932,7167,7050,93,7143,90
2021-10-28,Ventura,111,848112,97916,97182,4305,101487,1174
2021-10-28,Yolo,113,214977,19771,19568,1118,20686,250
2021-10-28,Yuba,115,75493,10078,9969,315,10284,82
2021-10-27,Alameda,001,1643700,119364,118487,2804,121291,1414
2021-10-27,Alpine,003,1148,101,105,0,105,0
2021-10-27,Amador,005,37829,5532,5470,58,5528,64
2021-10-27,Butte,007,227075,20799,20446,3723,24169,274
2021-10-27,Calaveras,009,45235,4028,3970,53,4023,82
2021-10-27,Colusa,011,21464,2512,2480,637,3117,18
2021-10-27,Contra Costa,013,1133247,99142,98442,2167,100609,1018
2021-10-27,Del Norte,015,27424,3668,3571,53,3624,42
2021-10-27,El Dorado,017,186661,15962,15723,1671,17394,154
2021-10-27,Fresno,019,978130,138845,136447,12289,148736,2128
2021-10-27,Glenn,021,27897,3487,3435,979,4414,33
2021-10-27,Humboldt,023,135768,8963,8851,549,9400,105
2021-10-27,Imperial,025,180216,33462,33068,3350,36418,766
2021-10-27,Inyo,027,18085,2309,2236,41,2277,41
2021-10-27,Kern,029,883053,126621,124557,21774,146331,1647
2021-10-27,Kings,031,150075,32047,31437,1920,33357,335
2021-10-27,Lake,033,64148,6686,6589,146,6735,105
2021-10-27,Lassen,035,31185,6826,6706,360,7066,42
2021-10-27,Los Angeles,037,10098052,1432949,1422615,54215,1476830,26604
2021-10-27,Madera,039,155013,22894,22413,2048,24461,283
2021-10-27,Marin,041,260295,17494,17362,451,17813,247
2021-10-27,Mariposa,043,17540,1266,1228,46,1274,5
2021-10-27,Mendocino,045,87422,7483,7321,508,7829,84
2021-10-27,Merced,047,269075,41705,41310,1760,43070,583
2021-10-27,Modoc,049,8938,526,513,187,700,5
2021-10-27,Mono,051,14174,1708,1682,21,1703,3
2021-10-27,Monterey,053,433212,48639,47610,2862,50472,588
2021-10-27,Napa,055,140530,12925,12856,109,12965,101
2021-10-27,Nevada,057,99092,9129,8987,319,9306,90
2021-10-27,Orange,059,3164182,306308,303825,14979,318804,5584
2021-10-27,Placer,061,380077,36887,36296,3617,39913,434
2021-10-27,Plumas,063,18699,1748,1686,34,1720,7
2021-10-27,Riverside,065,2383286,361859,357152,16411,373563,5081
2021-10-27,Sacramento,067,1510023,158087,156830,4563,161393,2230
2021-10-27,San Benito,069,59416,7393,7337,169,7506,71
2021-10-27,San Bernardino,071,2135413,352668,349624,11098,360722,5770
2021-10-27,San Diego,073,3302833,372261,369579,21590,391169,4207
2021-10-27,San Francisco,075,870044,52735,52108,2314,54422,655
2021-10-27,San Joaquin,077,732212,99283,98168,5413,103581,1753
2021-10-27,San Luis Obispo,079,281455,29494,29002,1221,30223,341
2021-10-27,San Mateo,081,765935,54061,53032,861,53893,571
2021-10-27,Santa Barbara,083,443738,44315,43901,1607,45508,527
2021-10-27,Santa Clara,085,1922200,146514,145081,1310,146391,1902
2021-10-27,Santa Cruz,087,273765,20305,20091,1006,21097,221
2021-10-27,Shasta,089,179085,21218,20813,3574,24387,331
2021-10-27,Sierra,091,2930,182,176,20,196,0
2021-10-27,Siskiyou,093,43540,3327,3256,1276,4532,46
2021-10-27,Solano,095,438530,45821,45089,1253,46342,346
2021-10-27,Sonoma,097,501317,41247,40829,521,41350,393
2021-10-27,Stanislaus,099,539301,78111,77687,8777,86464,1191
2021-10-27,Sutter,101,95872,13870,13754,341,14095,177
2021-10-27,Tehama,103,63373,8427,8265,1477,9742,113
2021-10-27,Trinity,105,12862,850,706,214,920,11
2021-10-27,Tulare,107,460477,68017,66568,14847,81415,991
2021-10-27,Tuolumne,109,53932,7140,7009,92,7101,90
2021-10-27,Ventura,111,848112,97824,97108,4300,101408,1172
2021-10-27,Yolo,113,214977,19742,19517,1111,20628,250
2021-10-27,Yuba,115,75493,10057,9945,313,10258,82
2021-10-26,Alameda,001,1643700,119227,118360,2801,121161,1407
2021-10-26,Alpine,003,1148,101,105,0,105,0
2021-10-26,Amador,005,37829,5524,5465,57,5522,64
2021-10-26,Butte,007,227075,20741,20387,3706,24093,274
2021-10-26,Calaveras,009,45235,4017,3966,53,4019,81
2021-10-26,Colusa,011,21464,2510,2478,636,3114,18
2021-10-26,Contra Costa,013,1133247,99019,98352,2157,100509,1017
2021-10-26,Del Norte,015,27424,3663,3563,53,3616,42
2021-10-26,El Dorado,017,186661,15934,15690,1662,17352,153
2021-10-26,Fresno,019,978130,138401,136211,12253,148464,2122
2021-10-26,Glenn,021,27897,3472,3431,976,4407,33
2021-10-26,Humboldt,023,135768,8945,8830,543,9373,105
2021-10-26,Imperial,025,180216,33396,33012,3345,36357,766
2021-10-26,Inyo,027,18085,2294,2200,41,2241,41
2021-10-26,Kern,029,883053,126278,124351,21653,146004,1645
2021-10-26,Kings,031,150075,31980,31382,1913,33295,336
2021-10-26,Lake,033,64148,6676,6584,144,6728,105
2021-10-26,Lassen,035,31185,6806,6689,358,7047,42
2021-10-26,Los Angeles,037,10098052,1431601,1421795,54144,1475939,26599
2021-10-26,Madera,039,155013,22804,22363,2037,24400,283
2021-10-26,Marin,041,260295,17477,17354,450,17804,244
2021-10-26,Mariposa,043,17540,1261,1225,45,1270,5
2021-10-26,Mendocino,045,87422,7454,7308,491,7799,83
2021-10-26,Merced,047,269075,41627,41267,1753,43020,583
2021-10-26,Modoc,049,8938,526,513,187,700,5
2021-10-26,Mono,051,14174,1703,1680,21,1701,3
2021-10-26,Monterey,053,433212,48601,47572,2851,50423,588
2021-10-26,Napa,055,140530,12913,12849,109,12958,101
2021-10-26,Nevada,057,99092,9098,8971,318,9289,90
2021-10-26,Orange,059,3164182,306038,303533,14940,318473,5580
2021-10-26,Placer,061,380077,36789,36245,3611,39856,434
2021-10-26,Plumas,063,18699,1739,1645,34,1679,7
2021-10-26,Riverside,065,2383286,361372,356775,16401,373176,5068
2021-10-26,Sacramento,067,1510023,157785,156643,4546,161189,2228
2021-10-26,San Benito,069,59416,7370,7325,169,7494,71
2021-10-26,San Bernardino,071,2135413,352246,349346,11083,360429,5764
2021-10-26,San Diego,073,3302833,371742,369043,21560,390603,4198
2021-10-26,San Francisco,075,870044,52660,52063,2311,54374,655
2021-10-26,San Joaquin,077,732212,99106,98036,5398,103434,1748
2021-10-26,San Luis Obispo,079,281455,29455,28928,1215,30143,337
2021-10-26,San Mateo,081,765935,53989,52974,858,53832,571
2021-10-26,Santa Barbara,083,443738,44269,43835,1606,45441,525
2021-10-26,Santa Clara,085,1922200,146315,144932,1304,146236,1903
2021-10-26,Santa Cruz,087,273765,20274,20067,1005,21072,221
2021-10-26,Shasta,089,179085,21158,20725,3556,24281,330
2021-10-26,Sierra,091,2930,182,169,20,189,0
2021-10-26,Siskiyou,093,43540,3321,3254,1274,4528,46
2021-10-26,Solano,095,438530,45764,45044,1252,46296,344
2021-10-26,Sonoma,097,501317,41165,40794,519,41313,393
2021-10-26,Stanislaus,099,539301,77935,77552,8752,86304,1157
2021-10-26,Sutter,101,95872,13840,13739,340,14079,176
2021-10-26,Tehama,103,63373,8398,8247,1471,9718,112
2021-10-26,Trinity,105,12862,846,705,214,919,11
2021-10-26,Tulare,107,460477,67857,66476,14785,81261,991
2021-10-26,Tuolumne,109,53932,7114,6995,90,7085,90
2021-10-26,Ventura,111,848112,97715,97014,4296,101310,1170
2021-10-26,Yolo,113,214977,19714,19490,1108,20598,248
2021-10-26,Yuba,115,75493,10039,9927,308,10235,82
2021-10-25,Alameda,001,1643700,119077,118319,2799,121118,1404
2021-10-25,Alpine,003,1148,101,105,0,105,0
2021-10-25,Amador,005,37829,5510,5455,57,5512,64
2021-10-25,Butte,007,227075,20667,20331,3698,24029,273
2021-10-25,Calaveras,009,45235,3987,3942,52,3994,82
2021-10-25,Colusa,011,21464,2508,2471,634,3105,18
2021-10-25,Contra Costa,013,1133247,98900,98267,2152,100419,1017
2021-10-25,Del Norte,015,27424,3656,3562,53,3615,42
2021-10-25,El Dorado,017,186661,15899,15663,1660,17323,149
2021-10-25,Fresno,019,978130,137966,135974,12214,148188,2112
2021-10-25,Glenn,021,27897,3471,3421,975,4396,33
2021-10-25,Humboldt,023,135768,8921,8825,538,9363,105
2021-10-25,Imperial,025,180216,33334,32968,3334,36302,766
2021-10-25,Inyo,027,18085,2276,2183,41,2224,41
2021-10-25,Kern,029,883053,125927,124078,21514,145592,1649
2021-10-25,Kings,031,150075,31891,31329,1904,33233,335
2021-10-25,Lake,033,64148,6663,6571,144,6715,105
2021-10-25,Lassen,035,31185,6795,6688,356,7044,42
2021-10-25,Los Angeles,037,10098052,1430238,1421061,54078,1475139,26579
2021-10-25,Madera,039,155013,22750,22325,2029,24354,281
2021-10-25,Marin,041,260295,17455,17334,448,17782,244
2021-10-25,Mariposa,043,17540,1247,1220,45,1265,5
2021-10-25,Mendocino,045,87422,7424,7296,487,7783,82
2021-10-25,Merced,047,269075,41560,41207,1726,42933,583
2021-10-25,Modoc,049,8938,524,512,185,697,5
2021-10-25,Mono,051,14174,1695,1677,21,1698,3
2021-10-25,Monterey,053,433212,48569,47547,2849,50396,587
2021-10-25,Napa,055,140530,12900,12841,109,12950,100
2021-10-25,Nevada,057,99092,9072,8958,318,9276,90
2021-10-25,Orange,059,3164182,305740,303279,14902,318181,5574
2021-10-25,Placer,061,380077,36681,36153,3601,39754,431
2021-10-25,Plumas,063,18699,1727,1641,34,1675,7
2021-10-25,Riverside,065,2383286,360945,356381,16386,372767,5056
2021-10-25,Sacramento,067,1510023,157479,156516,4520,161036,2235
2021-10-25,San Benito,069,59416,7356,7314,168,7482,71
2021-10-25,San Bernardino,071,2135413,351750,349075,11071,360146,5748
2021-10-25,San Diego,073,3302833,371156,368386,21532,389918,4196
2021-10-25,San Francisco,075,870044,52586,52041,2304,54345,649
2021-10-25,San Joaquin,077,732212,98902,97980,5389,103369,1740
2021-10-25,San Luis Obispo,079,281455,29407,28907,1210,30117,336
2021-10-25,San Mateo,081,765935,53928,52927,854,53781,571
2021-10-25,Santa Barbara,083,443738,44210,43775,1606,45381,525
2021-10-25,Santa Clara,085,1922200,146125,144895,1299,146194,1901
2021-10-25,Santa Cruz,087,273765,20246,20053,1004,21057,221
2021-10-25,Shasta,089,179085,21086,20666,3549,24215,326
2021-10-25,Sierra,091,2930,182,168,20,188,0
2021-10-25,Siskiyou,093,43540,3317,3248,1269,4517,46
2021-10-25,Solano,095,438530,45703,45022,1250,46272,344
2021-10-25,Sonoma,097,501317,41092,40746,517,41263,393
2021-10-25,Stanislaus,099,539301,77742,77452,8723,86175,1145
2021-10-25,Sutter,101,95872,13827,13721,337,14058,176
2021-10-25,Tehama,103,63373,8371,8224,1467,9691,111
2021-10-25,Trinity,105,12862,841,699,213,912,11
2021-10-25,Tulare,107,460477,67663,66357,14722,81079,986
2021-10-25,Tuolumne,109,53932,7080,6952,89,7041,90
2021-10-25,Ventura,111,848112,97624,96932,4293,101225,1167
2021-10-25,Yolo,113,214977,19665,19457,1105,20562,248
2021-10-25,Yuba,115,75493,10023,9924,304,10228,82
2021-10-24,Alameda,001,1643700,118946,117816,2794,120610,1397
2021-10-24,Alpine,003,1148,101,105,0,105,0
2021-10-24,Amador,005,37829,5505,5412,57,5469,64
2021-10-24,Butte,007,227075,20598,20101,3686,23787,273
2021-10-24,Calaveras,009,45235,3968,3865,51,3916,81
2021-10-24,Colusa,011,21464,2504,2458,631,3089,18
2021-10-24,Contra Costa,013,1133247,98781,97855,2143,99998,1008
2021-10-24,Del Norte,015,27424,3652,3540,53,3593,42
2021-10-24,El Dorado,017,186661,15863,15540,1656,17196,149
2021-10-24,Fresno,019,978130,137536,134466,12176,146642,2094
2021-10-24,Glenn,021,27897,3464,3399,973,4372,33
2021-10-24,Humboldt,023,135768,8908,8753,532,9285,105
2021-10-24,Imperial,025,180216,33256,32777,3326,36103,766
2021-10-24,Inyo,027,18085,2244,2108,41,2149,41
2021-10-24,Kern,029,883053,125595,122939,21395,144334,1636
2021-10-24,Kings,031,150075,31762,30942,1888,32830,325
2021-10-24,Lake,033,64148,6640,6501,143,6644,105
2021-10-24,Lassen,035,31185,6778,6632,355,6987,27
2021-10-24,Los Angeles,037,10098052,1428798,1415919,54010,1469929,26527
2021-10-24,Madera,039,155013,22673,22062,2016,24078,281
2021-10-24,Marin,041,260295,17439,17264,447,17711,244
2021-10-24,Mariposa,043,17540,1244,1184,45,1229,5
2021-10-24,Mendocino,045,87422,7400,7220,476,7696,82
2021-10-24,Merced,047,269075,41438,40808,1721,42529,581
2021-10-24,Modoc,049,8938,523,507,185,692,5
2021-10-24,Mono,051,14174,1690,1655,21,1676,3
2021-10-24,Monterey,053,433212,48521,47456,2838,50294,586
2021-10-24,Napa,055,140530,12889,12789,109,12898,100
2021-10-24,Nevada,057,99092,9049,8861,315,9176,90
2021-10-24,Orange,059,3164182,305392,302237,14864,317101,5546
2021-10-24,Placer,061,380077,36577,35822,3587,39409,426
2021-10-24,Plumas,063,18699,1717,1623,33,1656,7
2021-10-24,Riverside,065,2383286,360471,354688,16366,371054,5041
2021-10-24,Sacramento,067,1510023,157136,155125,4496,159621,2232
2021-10-24,San Benito,069,59416,7336,7280,168,7448,71
2021-10-24,San Bernardino,071,2135413,351204,347681,11060,358741,5688
2021-10-24,San Diego,073,3302833,370553,366085,21501,387586,4183
2021-10-24,San Francisco,075,870044,52522,51820,2298,54118,649
2021-10-24,San Joaquin,077,732212,98729,97440,5383,102823,1721
2021-10-24,San Luis Obispo,079,281455,29346,28755,1203,29958,333
2021-10-24,San Mateo,081,765935,53855,52719,854,53573,571
2021-10-24,Santa Barbara,083,443738,44143,43552,1604,45156,523
2021-10-24,Santa Clara,085,1922200,145934,144276,1289,145565,1897
2021-10-24,Santa Cruz,087,273765,20208,19967,1003,20970,221
2021-10-24,Shasta,089,179085,20986,20386,3543,23929,321
2021-10-24,Sierra,091,2930,182,168,20,188,0
2021-10-24,Siskiyou,093,43540,3310,3231,1265,4496,46
2021-10-24,Solano,095,438530,45653,44861,1245,46106,341
2021-10-24,Sonoma,097,501317,41010,40476,517,40993,393
2021-10-24,Stanislaus,099,539301,77549,76812,8711,85523,1145
2021-10-24,Sutter,101,95872,13800,13616,329,13945,175
2021-10-24,Tehama,103,63373,8323,8105,1455,9560,110
2021-10-24,Trinity,105,12862,837,696,210,906,11
2021-10-24,Tulare,107,460477,67491,65585,14650,80235,978
2021-10-24,Tuolumne,109,53932,7040,6840,87,6927,90
2021-10-24,Ventura,111,848112,97517,96664,4292,100956,1167
2021-10-24,Yolo,113,214977,19618,19280,1102,20382,248
2021-10-24,Yuba,115,75493,9998,9838,303,10141,82
2021-10-23,Alameda,001,1643700,118859,117816,2789,120605,1397
2021-10-23,Alpine,003,1148,101,105,0,105,0
2021-10-23,Amador,005,37829,5498,5412,57,5469,64
2021-10-23,Butte,007,227075,20564,20101,3677,23778,273
2021-10-23,Calaveras,009,45235,3961,3865,50,3915,81
2021-10-23,Colusa,011,21464,2502,2458,630,3088,18
2021-10-23,Contra Costa,013,1133247,98729,97855,2139,99994,1008
2021-10-23,Del Norte,015,27424,3650,3540,53,3593,42
2021-10-23,El Dorado,017,186661,15837,15540,1654,17194,149
2021-10-23,Fresno,019,978130,137361,134466,12169,146635,2094
2021-10-23,Glenn,021,27897,3462,3399,972,4371,33
2021-10-23,Humboldt,023,135768,8893,8753,527,9280,105
2021-10-23,Imperial,025,180216,33209,32777,3322,36099,766
2021-10-23,Inyo,027,18085,2233,2108,41,2149,41
2021-10-23,Kern,029,883053,125435,122939,21307,144246,1636
2021-10-23,Kings,031,150075,31716,30942,1886,32828,325
2021-10-23,Lake,033,64148,6635,6501,143,6644,105
2021-10-23,Lassen,035,31185,6775,6632,353,6985,27
2021-10-23,Los Angeles,037,10098052,1428122,1415919,53955,1469874,26527
2021-10-23,Madera,039,155013,22624,22062,2007,24069,281
2021-10-23,Marin,041,260295,17422,17264,446,17710,244
2021-10-23,Mariposa,043,17540,1241,1184,44,1228,5
2021-10-23,Mendocino,045,87422,7393,7220,475,7695,82
2021-10-23,Merced,047,269075,41397,40808,1719,42527,581
2021-10-23,Modoc,049,8938,521,507,185,692,5
2021-10-23,Mono,051,14174,1684,1655,21,1676,3
2021-10-23,Monterey,053,433212,48503,47456,2834,50290,586
2021-10-23,Napa,055,140530,12884,12789,109,12898,100
2021-10-23,Nevada,057,99092,9038,8861,313,9174,90
2021-10-23,Orange,059,3164182,305205,302237,14848,317085,5546
2021-10-23,Placer,061,380077,36515,35822,3581,39403,426
2021-10-23,Plumas,063,18699,1716,1623,33,1656,7
2021-10-23,Riverside,065,2383286,360151,354688,16359,371047,5041
2021-10-23,Sacramento,067,1510023,157007,155125,4488,159613,2232
2021-10-23,San Benito,069,59416,7326,7280,168,7448,71
2021-10-23,San Bernardino,071,2135413,350936,347681,11053,358734,5688
2021-10-23,San Diego,073,3302833,370195,366085,21470,387555,4183
2021-10-23,San Francisco,075,870044,52487,51820,2297,54117,649
2021-10-23,San Joaquin,077,732212,98661,97440,5374,102814,1721
2021-10-23,San Luis Obispo,079,281455,29309,28755,1201,29956,333
2021-10-23,San Mateo,081,765935,53817,52719,853,53572,571
2021-10-23,Santa Barbara,083,443738,44112,43552,1602,45154,523
2021-10-23,Santa Clara,085,1922200,145826,144276,1285,145561,1897
2021-10-23,Santa Cruz,087,273765,20196,19967,1003,20970,221
2021-10-23,Shasta,089,179085,20950,20386,3531,23917,321
2021-10-23,Sierra,091,2930,181,168,20,188,0
2021-10-23,Siskiyou,093,43540,3308,3231,1265,4496,46
2021-10-23,Solano,095,438530,45628,44861,1242,46103,341
2021-10-23,Sonoma,097,501317,40970,40476,517,40993,393
2021-10-23,Stanislaus,099,539301,77460,76812,8692,85504,1145
2021-10-23,Sutter,101,95872,13795,13616,328,13944,175
2021-10-23,Tehama,103,63373,8311,8105,1454,9559,110
2021-10-23,Trinity,105,12862,836,696,210,906,11
2021-10-23,Tulare,107,460477,67403,65585,14590,80175,978
2021-10-23,Tuolumne,109,53932,7019,6840,87,6927,90
2021-10-23,Ventura,111,848112,97456,96664,4292,100956,1167
2021-10-23,Yolo,113,214977,19601,19280,1099,20379,248
2021-10-23,Yuba,115,75493,9990,9838,303,10141,82
2021-10-22,Alameda,001,1643700,118772,117816,2786,120602,1397
2021-10-22,Alpine,003,1148,101,105,0,105,0
2021-10-22,Amador,005,37829,5487,5412,57,5469,64
2021-10-22,Butte,007,227075,20532,20101,3673,23774,273
2021-10-22,Calaveras,009,45235,3953,3865,50,3915,81
2021-10-22,Colusa,011,21464,2499,2458,630,3088,18
2021-10-22,Contra Costa,013,1133247,98638,97855,2137,99992,1008
2021-10-22,Del Norte,015,27424,3646,3540,53,3593,42
2021-10-22,El Dorado,017,186661,15824,15540,1652,17192,149
2021-10-22,Fresno,019,978130,137148,134466,12160,146626,2094
2021-10-22,Glenn,021,27897,3452,3399,972,4371,33
2021-10-22,Humboldt,023,135768,8880,8753,526,9279,105
2021-10-22,Imperial,025,180216,33166,32777,3322,36099,766
2021-10-22,Inyo,027,18085,2220,2108,41,2149,41
2021-10-22,Kern,029,883053,125248,122939,21234,144173,1636
2021-10-22,Kings,031,150075,31681,30942,1885,32827,325
2021-10-22,Lake,033,64148,6625,6501,143,6644,105
2021-10-22,Lassen,035,31185,6768,6632,350,6982,27
2021-10-22,Los Angeles,037,10098052,1427369,1415919,53895,1469814,26527
2021-10-22,Madera,039,155013,22575,22062,1994,24056,281
2021-10-22,Marin,041,260295,17410,17264,446,17710,244
2021-10-22,Mariposa,043,17540,1238,1184,44,1228,5
2021-10-22,Mendocino,045,87422,7379,7220,474,7694,82
2021-10-22,Merced,047,269075,41358,40808,1714,42522,581
2021-10-22,Modoc,049,8938,521,507,185,692,5
2021-10-22,Mono,051,14174,1682,1655,21,1676,3
2021-10-22,Monterey,053,433212,48470,47456,2832,50288,586
2021-10-22,Napa,055,140530,12878,12789,109,12898,100
2021-10-22,Nevada,057,99092,9021,8861,312,9173,90
2021-10-22,Orange,059,3164182,304989,302237,14817,317054,5546
2021-10-22,Placer,061,380077,36487,35822,3572,39394,426
2021-10-22,Plumas,063,18699,1710,1623,33,1656,7
2021-10-22,Riverside,065,2383286,359840,354688,16354,371042,5041
2021-10-22,Sacramento,067,1510023,156820,155125,4478,159603,2232
2021-10-22,San Benito,069,59416,7321,7280,168,7448,71
2021-10-22,San Bernardino,071,2135413,350608,347681,11039,358720,5688
2021-10-22,San Diego,073,3302833,369782,366085,21452,387537,4183
2021-10-22,San Francisco,075,870044,52452,51820,2290,54110,649
2021-10-22,San Joaquin,077,732212,98602,97440,5371,102811,1721
2021-10-22,San Luis Obispo,079,281455,29279,28755,1201,29956,333
2021-10-22,San Mateo,081,765935,53768,52719,846,53565,571
2021-10-22,Santa Barbara,083,443738,44071,43552,1602,45154,523
2021-10-22,Santa Clara,085,1922200,145670,144276,1278,145554,1897
2021-10-22,Santa Cruz,087,273765,20174,19967,1003,20970,221
2021-10-22,Shasta,089,179085,20918,20386,3528,23914,321
2021-10-22,Sierra,091,2930,180,168,19,187,0
2021-10-22,Siskiyou,093,43540,3306,3231,1262,4493,46
2021-10-22,Solano,095,438530,45593,44861,1238,46099,341
2021-10-22,Sonoma,097,501317,40913,40476,517,40993,393
2021-10-22,Stanislaus,099,539301,77357,76812,8673,85485,1145
2021-10-22,Sutter,101,95872,13780,13616,328,13944,175
2021-10-22,Tehama,103,63373,8289,8105,1449,9554,110
2021-10-22,Trinity,105,12862,835,696,210,906,11
2021-10-22,Tulare,107,460477,67315,65585,14536,80121,978
2021-10-22,Tuolumne,109,53932,6984,6840,87,6927,90
2021-10-22,Ventura,111,848112,97403,96664,4286,100950,1167
2021-10-22,Yolo,113,214977,19574,19280,1097,20377,248
2021-10-22,Yuba,115,75493,9976,9838,301,10139,82
2021-10-21,Alameda,001,1643700,118657,117816,2781,120597,1397
2021-10-21,Alpine,003,1148,101,105,0,105,0
2021-10-21,Amador,005,37829,5479,5412,57,5469,64
2021-10-21,Butte,007,227075,20449,20101,3660,23761,273
2021-10-21,Calaveras,009,45235,3934,3865,50,3915,81
2021-10-21,Colusa,011,21464,2495,2458,623,3081,18
2021-10-21,Contra Costa,013,1133247,98523,97855,2131,99986,1008
2021-10-21,Del Norte,015,27424,3640,3540,52,3592,42
2021-10-21,El Dorado,017,186661,15796,15540,1645,17185,149
2021-10-21,Fresno,019,978130,136801,134466,12121,146587,2094
2021-10-21,Glenn,021,27897,3448,3399,968,4367,33
2021-10-21,Humboldt,023,135768,8866,8753,522,9275,105
2021-10-21,Imperial,025,180216,33111,32777,3318,36095,766
2021-10-21,Inyo,027,18085,2198,2108,41,2149,41
2021-10-21,Kern,029,883053,125001,122939,21122,144061,1636
2021-10-21,Kings,031,150075,31583,30942,1879,32821,325
2021-10-21,Lake,033,64148,6612,6501,142,6643,105
2021-10-21,Lassen,035,31185,6755,6632,346,6978,27
2021-10-21,Los Angeles,037,10098052,1426257,1415919,53845,1469764,26527
2021-10-21,Madera,039,155013,22517,22062,1984,24046,281
2021-10-21,Marin,041,260295,17392,17264,446,17710,244
2021-10-21,Mariposa,043,17540,1232,1184,43,1227,5
2021-10-21,Mendocino,045,87422,7361,7220,466,7686,82
2021-10-21,Merced,047,269075,41256,40808,1707,42515,581
2021-10-21,Modoc,049,8938,521,507,185,692,5
2021-10-21,Mono,051,14174,1673,1655,21,1676,3
2021-10-21,Monterey,053,433212,48436,47456,2820,50276,586
2021-10-21,Napa,055,140530,12866,12789,109,12898,100
2021-10-21,Nevada,057,99092,8996,8861,312,9173,90
2021-10-21,Orange,059,3164182,304715,302237,14781,317018,5546
2021-10-21,Placer,061,380077,36398,35822,3559,39381,426
2021-10-21,Plumas,063,18699,1696,1623,33,1656,7
2021-10-21,Riverside,065,2383286,359395,354688,16343,371031,5041
2021-10-21,Sacramento,067,1510023,156501,155125,4453,159578,2232
2021-10-21,San Benito,069,59416,7314,7280,166,7446,71
2021-10-21,San Bernardino,071,2135413,350230,347681,11004,358685,5688
2021-10-21,San Diego,073,3302833,369257,366085,21422,387507,4183
2021-10-21,San Francisco,075,870044,52396,51820,2289,54109,649
2021-10-21,San Joaquin,077,732212,98463,97440,5364,102804,1721
2021-10-21,San Luis Obispo,079,281455,29237,28755,1199,29954,333
2021-10-21,San Mateo,081,765935,53722,52719,845,53564,571
2021-10-21,Santa Barbara,083,443738,44005,43552,1600,45152,523
2021-10-21,Santa Clara,085,1922200,145497,144276,1274,145550,1897
2021-10-21,Santa Cruz,087,273765,20150,19967,1001,20968,221
2021-10-21,Shasta,089,179085,20856,20386,3513,23899,321
2021-10-21,Sierra,091,2930,179,168,18,186,0
2021-10-21,Siskiyou,093,43540,3301,3231,1260,4491,46
2021-10-21,Solano,095,438530,45541,44861,1236,46097,341
2021-10-21,Sonoma,097,501317,40844,40476,515,40991,393
2021-10-21,Stanislaus,099,539301,77188,76812,8662,85474,1145
2021-10-21,Sutter,101,95872,13752,13616,324,13940,175
2021-10-21,Tehama,103,63373,8261,8105,1442,9547,110
2021-10-21,Trinity,105,12862,833,696,210,906,11
2021-10-21,Tulare,107,460477,67125,65585,14465,80050,978
2021-10-21,Tuolumne,109,53932,6946,6840,86,6926,90
2021-10-21,Ventura,111,848112,97312,96664,4284,100948,1167
2021-10-21,Yolo,113,214977,19529,19280,1095,20375,248
2021-10-21,Yuba,115,75493,9952,9838,300,10138,82
2021-10-20,Alameda,001,1643700,118532,117654,2780,120434,1390
2021-10-20,Alpine,003,1148,101,103,0,103,0
2021-10-20,Amador,005,37829,5471,5379,57,5436,64
2021-10-20,Butte,007,227075,20395,20021,3645,23666,270
2021-10-20,Calaveras,009,45235,3914,3844,49,3893,81
2021-10-20,Colusa,011,21464,2491,2454,621,3075,18
2021-10-20,Contra Costa,013,1133247,98409,97721,2127,99848,1008
2021-10-20,Del Norte,015,27424,3636,3536,52,3588,42
2021-10-20,El Dorado,017,186661,15766,15502,1642,17144,149
2021-10-20,Fresno,019,978130,136402,134025,12097,146122,2084
2021-10-20,Glenn,021,27897,3440,3382,967,4349,33
2021-10-20,Humboldt,023,135768,8844,8727,520,9247,105
2021-10-20,Imperial,025,180216,33037,32705,3310,36015,766
2021-10-20,Inyo,027,18085,2178,2077,40,2117,40
2021-10-20,Kern,029,883053,124707,122630,21002,143632,1623
2021-10-20,Kings,031,150075,31506,30805,1869,32674,322
2021-10-20,Lake,033,64148,6590,6475,141,6616,104
2021-10-20,Lassen,035,31185,6740,6622,346,6968,27
2021-10-20,Los Angeles,037,10098052,1425143,1414931,53769,1468700,26506
2021-10-20,Madera,039,155013,22447,21983,1975,23958,281
2021-10-20,Marin,041,260295,17371,17250,444,17694,244
2021-10-20,Mariposa,043,17540,1225,1174,43,1217,5
2021-10-20,Mendocino,045,87422,7334,7189,463,7652,82
2021-10-20,Merced,047,269075,41169,40685,1696,42381,581
2021-10-20,Modoc,049,8938,521,504,185,689,5
2021-10-20,Mono,051,14174,1673,1653,21,1674,3
2021-10-20,Monterey,053,433212,48406,47430,2812,50242,587
2021-10-20,Napa,055,140530,12852,12773,108,12881,100
2021-10-20,Nevada,057,99092,8968,8836,312,9148,90
2021-10-20,Orange,059,3164182,304431,301957,14759,316716,5534
2021-10-20,Placer,061,380077,36308,35729,3550,39279,425
2021-10-20,Plumas,063,18699,1689,1604,33,1637,7
2021-10-20,Riverside,065,2383286,358951,354311,16326,370637,5030
2021-10-20,Sacramento,067,1510023,156201,154822,4429,159251,2222
2021-10-20,San Benito,069,59416,7311,7275,164,7439,71
2021-10-20,San Bernardino,071,2135413,349829,347217,10972,358189,5663
2021-10-20,San Diego,073,3302833,368741,365698,21403,387101,4178
2021-10-20,San Francisco,075,870044,52346,51755,2288,54043,646
2021-10-20,San Joaquin,077,732212,98316,97246,5356,102602,1721
2021-10-20,San Luis Obispo,079,281455,29192,28727,1195,29922,332
2021-10-20,San Mateo,081,765935,53651,52663,837,53500,571
2021-10-20,Santa Barbara,083,443738,43942,43489,1599,45088,523
2021-10-20,Santa Clara,085,1922200,145361,144124,1269,145393,1896
2021-10-20,Santa Cruz,087,273765,20137,19951,1001,20952,219
2021-10-20,Shasta,089,179085,20795,20313,3486,23799,320
2021-10-20,Sierra,091,2930,179,168,18,186,0
2021-10-20,Siskiyou,093,43540,3301,3224,1254,4478,46
2021-10-20,Solano,095,438530,45508,44819,1234,46053,341
2021-10-20,Sonoma,097,501317,40798,40404,515,40919,393
2021-10-20,Stanislaus,099,539301,77038,76631,8643,85274,1145
2021-10-20,Sutter,101,95872,13728,13592,318,13910,175
2021-10-20,Tehama,103,63373,8230,8081,1431,9512,110
2021-10-20,Trinity,105,12862,833,693,209,902,11
2021-10-20,Tulare,107,460477,66951,65413,14420,79833,967
2021-10-20,Tuolumne,109,53932,6923,6803,86,6889,89
2021-10-20,Ventura,111,848112,97230,96610,4280,100890,1166
2021-10-20,Yolo,113,214977,19485,19236,1092,20328,248
2021-10-20,Yuba,115,75493,9935,9808,297,10105,82
2021-10-19,Alameda,001,1643700,118410,117542,2774,120316,1383
2021-10-19,Alpine,003,1148,101,103,0,103,0
2021-10-19,Amador,005,37829,5455,5367,57,5424,64
2021-10-19,Butte,007,227075,20342,19974,3637,23611,268
2021-10-19,Calaveras,009,45235,3897,3826,48,3874,80
2021-10-19,Colusa,011,21464,2488,2447,619,3066,18
2021-10-19,Contra Costa,013,1133247,98318,97613,2121,99734,1004
2021-10-19,Del Norte,015,27424,3629,3531,52,3583,42
2021-10-19,El Dorado,017,186661,15741,15478,1637,17115,149
2021-10-19,Fresno,019,978130,136045,133813,12062,145875,2073
2021-10-19,Glenn,021,27897,3437,3380,963,4343,33
2021-10-19,Humboldt,023,135768,8820,8714,514,9228,105
2021-10-19,Imperial,025,180216,32970,32632,3305,35937,764
2021-10-19,Inyo,027,18085,2147,2045,40,2085,40
2021-10-19,Kern,029,883053,124390,122391,20878,143269,1613
2021-10-19,Kings,031,150075,31412,30757,1862,32619,322
2021-10-19,Lake,033,64148,6586,6465,141,6606,104
2021-10-19,Lassen,035,31185,6734,6612,342,6954,27
2021-10-19,Los Angeles,037,10098052,1423904,1413882,53692,1467574,26473
2021-10-19,Madera,039,155013,22384,21950,1967,23917,281
2021-10-19,Marin,041,260295,17357,17241,441,17682,244
2021-10-19,Mariposa,043,17540,1219,1171,41,1212,5
2021-10-19,Mendocino,045,87422,7319,7172,460,7632,82
2021-10-19,Merced,047,269075,41053,40628,1676,42304,580
2021-10-19,Modoc,049,8938,519,502,185,687,5
2021-10-19,Mono,051,14174,1669,1651,21,1672,3
2021-10-19,Monterey,053,433212,48368,47412,2801,50213,583
2021-10-19,Napa,055,140530,12845,12769,108,12877,100
2021-10-19,Nevada,057,99092,8947,8829,311,9140,90
2021-10-19,Orange,059,3164182,304173,301700,14725,316425,5527
2021-10-19,Placer,061,380077,36187,35663,3535,39198,422
2021-10-19,Plumas,063,18699,1671,1586,33,1619,8
2021-10-19,Riverside,065,2383286,358530,353891,16318,370209,5020
2021-10-19,Sacramento,067,1510023,155895,154570,4403,158973,2227
2021-10-19,San Benito,069,59416,7295,7264,164,7428,71
2021-10-19,San Bernardino,071,2135413,349430,346814,10942,357756,5627
2021-10-19,San Diego,073,3302833,368148,365285,21372,386657,4170
2021-10-19,San Francisco,075,870044,52283,51704,2286,53990,645
2021-10-19,San Joaquin,077,732212,98148,97105,5345,102450,1721
2021-10-19,San Luis Obispo,079,281455,29144,28670,1192,29862,332
2021-10-19,San Mateo,081,765935,53593,52617,835,53452,571
2021-10-19,Santa Barbara,083,443738,43875,43413,1597,45010,522
2021-10-19,Santa Clara,085,1922200,145188,143989,1261,145250,1898
2021-10-19,Santa Cruz,087,273765,20113,19895,999,20894,218
2021-10-19,Shasta,089,179085,20718,20209,3478,23687,319
2021-10-19,Sierra,091,2930,176,168,18,186,0
2021-10-19,Siskiyou,093,43540,3297,3216,1249,4465,46
2021-10-19,Solano,095,438530,45466,44782,1228,46010,341
2021-10-19,Sonoma,097,501317,40724,40379,514,40893,392
2021-10-19,Stanislaus,099,539301,76896,76526,8631,85157,1145
2021-10-19,Sutter,101,95872,13704,13569,317,13886,174
2021-10-19,Tehama,103,63373,8200,8057,1415,9472,108
2021-10-19,Trinity,105,12862,826,691,209,900,11
2021-10-19,Tulare,107,460477,66764,65253,14351,79604,958
2021-10-19,Tuolumne,109,53932,6894,6782,85,6867,89
2021-10-19,Ventura,111,848112,97154,96539,4275,100814,1166
2021-10-19,Yolo,113,214977,19440,19206,1087,20293,248
2021-10-19,Yuba,115,75493,9917,9796,296,10092,82
2021-10-18,Alameda,001,1643700,118273,117506,2765,120271,1381
2021-10-18,Alpine,003,1148,101,103,0,103,0
2021-10-18,Amador,005,37829,5444,5345,57,5402,64
2021-10-18,Butte,007,227075,20292,19921,3629,23550,265
2021-10-18,Calaveras,009,45235,3872,3819,47,3866,80
2021-10-18,Colusa,011,21464,2487,2444,617,3061,18
2021-10-18,Contra Costa,013,1133247,98205,97585,2117,99702,995
2021-10-18,Del Norte,015,27424,3622,3529,52,3581,41
2021-10-18,El Dorado,017,186661,15710,15452,1634,17086,149
2021-10-18,Fresno,019,978130,135650,133688,12027,145715,2063
2021-10-18,Glenn,021,27897,3433,3370,957,4327,32
2021-10-18,Humboldt,023,135768,8801,8699,506,9205,104
2021-10-18,Imperial,025,180216,32879,32558,3304,35862,764
2021-10-18,Inyo,027,18085,2129,2020,40,2060,40
2021-10-18,Kern,029,883053,124091,122231,20782,143013,1605
2021-10-18,Kings,031,150075,31297,30698,1849,32547,320
2021-10-18,Lake,033,64148,6567,6455,137,6592,104
2021-10-18,Lassen,035,31185,6714,6607,339,6946,26
2021-10-18,Los Angeles,037,10098052,1422665,1413291,53614,1466905,26446
2021-10-18,Madera,039,155013,22330,21909,1955,23864,277
2021-10-18,Marin,041,260295,17337,17232,438,17670,244
2021-10-18,Mariposa,043,17540,1211,1160,41,1201,5
2021-10-18,Mendocino,045,87422,7300,7156,452,7608,82
2021-10-18,Merced,047,269075,40929,40573,1666,42239,579
2021-10-18,Modoc,049,8938,519,498,185,683,5
2021-10-18,Mono,051,14174,1663,1648,20,1668,3
2021-10-18,Monterey,053,433212,48346,47389,2796,50185,583
2021-10-18,Napa,055,140530,12830,12762,108,12870,100
2021-10-18,Nevada,057,99092,8928,8816,311,9127,90
2021-10-18,Orange,059,3164182,303835,301573,14691,316264,5524
2021-10-18,Placer,061,380077,36110,35598,3531,39129,420
2021-10-18,Plumas,063,18699,1663,1579,33,1612,6
2021-10-18,Riverside,065,2383286,358116,353699,16304,370003,5008
2021-10-18,Sacramento,067,1510023,155590,154428,4371,158799,2203
2021-10-18,San Benito,069,59416,7283,7253,164,7417,71
2021-10-18,San Bernardino,071,2135413,349009,346742,10928,357670,5606
2021-10-18,San Diego,073,3302833,367582,364948,21334,386282,4169
2021-10-18,San Francisco,075,870044,52220,51671,2280,53951,644
2021-10-18,San Joaquin,077,732212,97983,97041,5335,102376,1721
2021-10-18,San Luis Obispo,079,281455,29105,28644,1189,29833,331
2021-10-18,San Mateo,081,765935,53528,52594,834,53428,571
2021-10-18,Santa Barbara,083,443738,43816,43386,1595,44981,522
2021-10-18,Santa Clara,085,1922200,145033,143891,1252,145143,1895
2021-10-18,Santa Cruz,087,273765,20099,19876,997,20873,218
2021-10-18,Shasta,089,179085,20637,20146,3467,23613,313
2021-10-18,Sierra,091,2930,176,166,18,184,0
2021-10-18,Siskiyou,093,43540,3294,3210,1241,4451,42
2021-10-18,Solano,095,438530,45422,44758,1225,45983,339
2021-10-18,Sonoma,097,501317,40660,40349,511,40860,392
2021-10-18,Stanislaus,099,539301,76731,76466,8619,85085,1145
2021-10-18,Sutter,101,95872,13670,13557,315,13872,172
2021-10-18,Tehama,103,63373,8165,8042,1403,9445,107
2021-10-18,Trinity,105,12862,825,688,209,897,11
2021-10-18,Tulare,107,460477,66588,65171,14285,79456,958
2021-10-18,Tuolumne,109,53932,6865,6755,85,6840,89
2021-10-18,Ventura,111,848112,97059,96506,4272,100778,1165
2021-10-18,Yolo,113,214977,19403,19197,1084,20281,248
2021-10-18,Yuba,115,75493,9890,9782,294,10076,82
2021-10-17,Alameda,001,1643700,118122,117423,2760,120183,1376
2021-10-17,Alpine,003,1148,101,103,0,103,0
2021-10-17,Amador,005,37829,5421,5341,57,5398,64
2021-10-17,Butte,007,227075,20207,19897,3620,23517,265
2021-10-17,Calaveras,009,45235,3856,3805,47,3852,80
2021-10-17,Colusa,011,21464,2482,2442,610,3052,18
2021-10-17,Contra Costa,013,1133247,98081,97485,2106,99591,995
2021-10-17,Del Norte,015,27424,3617,3526,52,3578,41
2021-10-17,El Dorado,017,186661,15652,15438,1627,17065,149
2021-10-17,Fresno,019,978130,135184,133429,11996,145425,2063
2021-10-17,Glenn,021,27897,3421,3364,954,4318,32
2021-10-17,Humboldt,023,135768,8781,8690,503,9193,104
2021-10-17,Imperial,025,180216,32797,32520,3297,35817,764
2021-10-17,Inyo,027,18085,2101,2000,40,2040,40
2021-10-17,Kern,029,883053,123742,122085,20682,142767,1603
2021-10-17,Kings,031,150075,31184,30636,1840,32476,315
2021-10-17,Lake,033,64148,6551,6437,136,6573,104
2021-10-17,Lassen,035,31185,6702,6605,335,6940,26
2021-10-17,Los Angeles,037,10098052,1421328,1412371,53538,1465909,26443
2021-10-17,Madera,039,155013,22268,21869,1945,23814,277
2021-10-17,Marin,041,260295,17315,17211,438,17649,243
2021-10-17,Mariposa,043,17540,1204,1150,41,1191,5
2021-10-17,Mendocino,045,87422,7271,7148,446,7594,82
2021-10-17,Merced,047,269075,40802,40531,1652,42183,579
2021-10-17,Modoc,049,8938,516,498,183,681,5
2021-10-17,Mono,051,14174,1661,1640,19,1659,3
2021-10-17,Monterey,053,433212,48304,47369,2786,50155,583
2021-10-17,Napa,055,140530,12815,12753,105,12858,100
2021-10-17,Nevada,057,99092,8911,8794,310,9104,90
2021-10-17,Orange,059,3164182,303521,301414,14658,316072,5524
2021-10-17,Placer,061,380077,36011,35559,3516,39075,420
2021-10-17,Plumas,063,18699,1639,1571,32,1603,6
2021-10-17,Riverside,065,2383286,357633,353500,16290,369790,5008
2021-10-17,Sacramento,067,1510023,155188,154080,4353,158433,2213
2021-10-17,San Benito,069,59416,7274,7250,163,7413,71
2021-10-17,San Bernardino,071,2135413,348580,346524,10908,357432,5597
2021-10-17,San Diego,073,3302833,366974,364675,21306,385981,4163
2021-10-17,San Francisco,075,870044,52147,51625,2270,53895,644
2021-10-17,San Joaquin,077,732212,97810,96950,5326,102276,1721
2021-10-17,San Luis Obispo,079,281455,29052,28604,1181,29785,331
2021-10-17,San Mateo,081,765935,53476,52541,830,53371,571
2021-10-17,Santa Barbara,083,443738,43752,43344,1594,44938,522
2021-10-17,Santa Clara,085,1922200,144857,143768,1243,145011,1895
2021-10-17,Santa Cruz,087,273765,20071,19861,995,20856,218
2021-10-17,Shasta,089,179085,20547,20116,3457,23573,312
2021-10-17,Sierra,091,2930,174,165,18,183,0
2021-10-17,Siskiyou,093,43540,3286,3204,1238,4442,42
2021-10-17,Solano,095,438530,45365,44722,1224,45946,340
2021-10-17,Sonoma,097,501317,40584,40306,511,40817,392
2021-10-17,Stanislaus,099,539301,76532,76354,8606,84960,1145
2021-10-17,Sutter,101,95872,13653,13543,313,13856,172
2021-10-17,Tehama,103,63373,8133,8015,1386,9401,107
2021-10-17,Trinity,105,12862,822,686,208,894,11
2021-10-17,Tulare,107,460477,66402,65057,14211,79268,958
2021-10-17,Tuolumne,109,53932,6831,6735,84,6819,89
2021-10-17,Ventura,111,848112,96958,96458,4269,100727,1165
2021-10-17,Yolo,113,214977,19362,19171,1075,20246,248
2021-10-17,Yuba,115,75493,9864,9771,292,10063,82
2021-10-16,Alameda,001,1643700,118033,117027,2759,119786,1365
2021-10-16,Alpine,003,1148,100,102,0,102,0
2021-10-16,Amador,005,37829,5414,5310,57,5367,64
2021-10-16,Butte,007,227075,20176,19612,3613,23225,260
2021-10-16,Calaveras,009,45235,3849,3771,47,3818,80
2021-10-16,Colusa,011,21464,2478,2431,607,3038,18
2021-10-16,Contra Costa,013,1133247,97988,97107,2099,99206,982
2021-10-16,Del Norte,015,27424,3614,3516,52,3568,41
2021-10-16,El Dorado,017,186661,15630,15315,1625,16940,149
2021-10-16,Fresno,019,978130,135035,132433,11989,144422,2051
2021-10-16,Glenn,021,27897,3415,3331,954,4285,26
2021-10-16,Humboldt,023,135768,8769,8621,498,9119,104
2021-10-16,Imperial,025,180216,32782,32368,3295,35663,764
2021-10-16,Inyo,027,18085,2087,1932,40,1972,39
2021-10-16,Kern,029,883053,123587,121354,20599,141953,1590
2021-10-16,Kings,031,150075,31138,30418,1837,32255,314
2021-10-16,Lake,033,64148,6540,6378,136,6514,104
2021-10-16,Lassen,035,31185,6693,6559,330,6889,26
2021-10-16,Los Angeles,037,10098052,1420679,1409418,53483,1462901,26398
2021-10-16,Madera,039,155013,22224,21707,1942,23649,277
2021-10-16,Marin,041,260295,17306,17148,438,17586,243
2021-10-16,Mariposa,043,17540,1201,1096,41,1137,5
2021-10-16,Mendocino,045,87422,7260,7099,446,7545,82
2021-10-16,Merced,047,269075,40769,40265,1651,41916,577
2021-10-16,Modoc,049,8938,513,492,183,675,5
2021-10-16,Mono,051,14174,1657,1628,19,1647,3
2021-10-16,Monterey,053,433212,48287,47293,2778,50071,582
2021-10-16,Napa,055,140530,12804,12706,105,12811,100
2021-10-16,Nevada,057,99092,8891,8739,310,9049,90
2021-10-16,Orange,059,3164182,303345,300722,14633,315355,5509
2021-10-16,Placer,061,380077,35927,35343,3510,38853,412
2021-10-16,Plumas,063,18699,1634,1542,31,1573,6
2021-10-16,Riverside,065,2383286,357364,352435,16278,368713,4990
2021-10-16,Sacramento,067,1510023,154989,153264,4349,157613,2192
2021-10-16,San Benito,069,59416,7261,7210,162,7372,71
2021-10-16,San Bernardino,071,2135413,348375,345418,10900,356318,5566
2021-10-16,San Diego,073,3302833,366651,363109,21290,384399,4151
2021-10-16,San Francisco,075,870044,52099,51436,2266,53702,645
2021-10-16,San Joaquin,077,732212,97739,96507,5323,101830,1708
2021-10-16,San Luis Obispo,079,281455,29026,28460,1180,29640,329
2021-10-16,San Mateo,081,765935,53427,52399,829,53228,569
2021-10-16,Santa Barbara,083,443738,43716,43175,1593,44768,521
2021-10-16,Santa Clara,085,1922200,144757,143282,1235,144517,1890
2021-10-16,Santa Cruz,087,273765,20056,19794,994,20788,218
2021-10-16,Shasta,089,179085,20497,19932,3446,23378,309
2021-10-16,Sierra,091,2930,172,160,18,178,0
2021-10-16,Siskiyou,093,43540,3284,3173,1231,4404,42
2021-10-16,Solano,095,438530,45339,44585,1220,45805,334
2021-10-16,Sonoma,097,501317,40544,40195,511,40706,390
2021-10-16,Stanislaus,099,539301,76446,75868,8597,84465,1142
2021-10-16,Sutter,101,95872,13634,13471,312,13783,169
2021-10-16,Tehama,103,63373,8120,7907,1381,9288,104
2021-10-16,Trinity,105,12862,822,679,208,887,11
2021-10-16,Tulare,107,460477,66264,64489,14178,78667,951
2021-10-16,Tuolumne,109,53932,6799,6666,84,6750,89
2021-10-16,Ventura,111,848112,96926,96181,4264,100445,1164
2021-10-16,Yolo,113,214977,19335,19078,1069,20147,247
2021-10-16,Yuba,115,75493,9840,9705,289,9994,82
2021-10-15,Alameda,001,1643700,117959,117027,2755,119782,1365
2021-10-15,Alpine,003,1148,100,102,0,102,0
2021-10-15,Amador,005,37829,5390,5310,57,5367,64
2021-10-15,Butte,007,227075,20139,19612,3606,23218,260
2021-10-15,Calaveras,009,45235,3843,3771,47,3818,80
2021-10-15,Colusa,011,21464,2476,2431,604,3035,18
2021-10-15,Contra Costa,013,1133247,97907,97107,2095,99202,982
2021-10-15,Del Norte,015,27424,3612,3516,52,3568,41
2021-10-15,El Dorado,017,186661,15610,15315,1620,16935,149
2021-10-15,Fresno,019,978130,134782,132433,11982,144415,2051
2021-10-15,Glenn,021,27897,3410,3331,953,4284,26
2021-10-15,Humboldt,023,135768,8760,8621,496,9117,104
2021-10-15,Imperial,025,180216,32735,32368,3291,35659,764
2021-10-15,Inyo,027,18085,2069,1932,40,1972,39
2021-10-15,Kern,029,883053,123452,121354,20524,141878,1590
2021-10-15,Kings,031,150075,31083,30418,1833,32251,314
2021-10-15,Lake,033,64148,6531,6378,136,6514,104
2021-10-15,Lassen,035,31185,6681,6559,329,6888,26
2021-10-15,Los Angeles,037,10098052,1419988,1409418,53434,1462852,26398
2021-10-15,Madera,039,155013,22180,21707,1934,23641,277
2021-10-15,Marin,041,260295,17295,17148,438,17586,243
2021-10-15,Mariposa,043,17540,1193,1096,41,1137,5
2021-10-15,Mendocino,045,87422,7245,7099,446,7545,82
2021-10-15,Merced,047,269075,40739,40265,1648,41913,577
2021-10-15,Modoc,049,8938,512,492,183,675,5
2021-10-15,Mono,051,14174,1654,1628,19,1647,3
2021-10-15,Monterey,053,433212,48265,47293,2776,50069,582
2021-10-15,Napa,055,140530,12800,12706,105,12811,100
2021-10-15,Nevada,057,99092,8876,8739,310,9049,90
2021-10-15,Orange,059,3164182,303177,300722,14614,315336,5509
2021-10-15,Placer,061,380077,35873,35343,3504,38847,412
2021-10-15,Plumas,063,18699,1626,1542,31,1573,6
2021-10-15,Riverside,065,2383286,357122,352435,16273,368708,4990
2021-10-15,Sacramento,067,1510023,154804,153264,4339,157603,2192
2021-10-15,San Benito,069,59416,7258,7210,162,7372,71
2021-10-15,San Bernardino,071,2135413,348139,345418,10898,356316,5566
2021-10-15,San Diego,073,3302833,366287,363109,21265,384374,4151
2021-10-15,San Francisco,075,870044,52059,51436,2259,53695,645
2021-10-15,San Joaquin,077,732212,97661,96507,5316,101823,1708
2021-10-15,San Luis Obispo,079,281455,29005,28460,1178,29638,329
2021-10-15,San Mateo,081,765935,53383,52399,828,53227,569
2021-10-15,Santa Barbara,083,443738,43678,43175,1593,44768,521
2021-10-15,Santa Clara,085,1922200,144635,143282,1227,144509,1890
2021-10-15,Santa Cruz,087,273765,20045,19794,994,20788,218
2021-10-15,Shasta,089,179085,20439,19932,3438,23370,309
2021-10-15,Sierra,091,2930,171,160,18,178,0
2021-10-15,Siskiyou,093,43540,3283,3173,1228,4401,42
2021-10-15,Solano,095,438530,45313,44585,1220,45805,334
2021-10-15,Sonoma,097,501317,40510,40195,510,40705,390
2021-10-15,Stanislaus,099,539301,76366,75868,8581,84449,1142
2021-10-15,Sutter,101,95872,13617,13471,310,13781,169
2021-10-15,Tehama,103,63373,8099,7907,1375,9282,104
2021-10-15,Trinity,105,12862,822,679,208,887,11
2021-10-15,Tulare,107,460477,66184,64489,14141,78630,951
2021-10-15,Tuolumne,109,53932,6776,6666,82,6748,89
2021-10-15,Ventura,111,848112,96884,96181,4261,100442,1164
2021-10-15,Yolo,113,214977,19321,19078,1065,20143,247
2021-10-15,Yuba,115,75493,9830,9705,288,9993,82
2021-10-14,Alameda,001,1643700,117848,117027,2750,119777,1365
2021-10-14,Alpine,003,1148,100,102,0,102,0
2021-10-14,Amador,005,37829,5379,5310,57,5367,64
2021-10-14,Butte,007,227075,20087,19612,3601,23213,260
2021-10-14,Calaveras,009,45235,3830,3771,46,3817,80
2021-10-14,Colusa,011,21464,2474,2431,602,3033,18
2021-10-14,Contra Costa,013,1133247,97772,97107,2087,99194,982
2021-10-14,Del Norte,015,27424,3606,3516,52,3568,41
2021-10-14,El Dorado,017,186661,15571,15315,1617,16932,149
2021-10-14,Fresno,019,978130,134491,132433,11962,144395,2051
2021-10-14,Glenn,021,27897,3405,3331,952,4283,26
2021-10-14,Humboldt,023,135768,8743,8621,493,9114,104
2021-10-14,Imperial,025,180216,32672,32368,3284,35652,764
2021-10-14,Inyo,027,18085,2050,1932,40,1972,39
2021-10-14,Kern,029,883053,123182,121354,20424,141778,1590
2021-10-14,Kings,031,150075,31018,30418,1825,32243,314
2021-10-14,Lake,033,64148,6510,6378,135,6513,104
2021-10-14,Lassen,035,31185,6675,6559,328,6887,26
2021-10-14,Los Angeles,037,10098052,1419007,1409418,53383,1462801,26398
2021-10-14,Madera,039,155013,22115,21707,1930,23637,277
2021-10-14,Marin,041,260295,17290,17148,436,17584,243
2021-10-14,Mariposa,043,17540,1180,1096,40,1136,5
2021-10-14,Mendocino,045,87422,7231,7099,444,7543,82
2021-10-14,Merced,047,269075,40650,40265,1635,41900,577
2021-10-14,Modoc,049,8938,512,492,183,675,5
2021-10-14,Mono,051,14174,1647,1628,19,1647,3
2021-10-14,Monterey,053,433212,48239,47293,2771,50064,582
2021-10-14,Napa,055,140530,12785,12706,105,12811,100
2021-10-14,Nevada,057,99092,8848,8739,308,9047,90
2021-10-14,Orange,059,3164182,302970,300722,14597,315319,5509
2021-10-14,Placer,061,380077,35806,35343,3490,38833,412
2021-10-14,Plumas,063,18699,1611,1542,31,1573,6
2021-10-14,Riverside,065,2383286,356725,352435,16262,368697,4990
2021-10-14,Sacramento,067,1510023,154552,153264,4317,157581,2192
2021-10-14,San Benito,069,59416,7247,7210,162,7372,71
2021-10-14,San Bernardino,071,2135413,347781,345418,10892,356310,5566
2021-10-14,San Diego,073,3302833,365839,363109,21238,384347,4151
2021-10-14,San Francisco,075,870044,52003,51436,2255,53691,645
2021-10-14,San Joaquin,077,732212,97532,96507,5307,101814,1708
2021-10-14,San Luis Obispo,079,281455,28961,28460,1174,29634,329
2021-10-14,San Mateo,081,765935,53334,52399,827,53226,569
2021-10-14,Santa Barbara,083,443738,43622,43175,1588,44763,521
2021-10-14,Santa Clara,085,1922200,144494,143282,1221,144503,1890
2021-10-14,Santa Cruz,087,273765,20022,19794,994,20788,218
2021-10-14,Shasta,089,179085,20383,19932,3426,23358,309
2021-10-14,Sierra,091,2930,171,160,18,178,0
2021-10-14,Siskiyou,093,43540,3280,3173,1220,4393,42
2021-10-14,Solano,095,438530,45263,44585,1212,45797,334
2021-10-14,Sonoma,097,501317,40459,40195,507,40702,390
2021-10-14,Stanislaus,099,539301,76220,75868,8568,84436,1142
2021-10-14,Sutter,101,95872,13597,13471,309,13780,169
2021-10-14,Tehama,103,63373,8068,7907,1368,9275,104
2021-10-14,Trinity,105,12862,821,679,207,886,11
2021-10-14,Tulare,107,460477,66002,64489,14094,78583,951
2021-10-14,Tuolumne,109,53932,6745,6666,81,6747,89
2021-10-14,Ventura,111,848112,96816,96181,4255,100436,1164
2021-10-14,Yolo,113,214977,19289,19078,1058,20136,247
2021-10-14,Yuba,115,75493,9816,9705,279,9984,82
2021-10-13,Alameda,001,1643700,117743,116914,2745,119659,1360
2021-10-13,Alpine,003,1148,100,102,0,102,0
2021-10-13,Amador,005,37829,5365,5305,57,5362,63
2021-10-13,Butte,007,227075,20013,19546,3597,23143,257
2021-10-13,Calaveras,009,45235,3809,3756,44,3800,79
2021-10-13,Colusa,011,21464,2467,2430,598,3028,18
2021-10-13,Contra Costa,013,1133247,97657,96975,2086,99061,969
2021-10-13,Del Norte,015,27424,3601,3512,52,3564,39
2021-10-13,El Dorado,017,186661,15547,15302,1612,16914,149
2021-10-13,Fresno,019,978130,134159,132055,11940,143995,2048
2021-10-13,Glenn,021,27897,3400,3327,949,4276,26
2021-10-13,Humboldt,023,135768,8732,8604,489,9093,102
2021-10-13,Imperial,025,180216,32611,32317,3281,35598,762
2021-10-13,Inyo,027,18085,2013,1907,40,1947,39
2021-10-13,Kern,029,883053,122939,120956,20329,141285,1586
2021-10-13,Kings,031,150075,30937,30246,1818,32064,312
2021-10-13,Lake,033,64148,6490,6371,135,6506,103
2021-10-13,Lassen,035,31185,6664,6535,322,6857,25
2021-10-13,Los Angeles,037,10098052,1417952,1408384,53326,1461710,26379
2021-10-13,Madera,039,155013,22061,21609,1915,23524,277
2021-10-13,Marin,041,260295,17266,17137,435,17572,243
2021-10-13,Mariposa,043,17540,1166,1090,40,1130,5
2021-10-13,Mendocino,045,87422,7215,7088,436,7524,82
2021-10-13,Merced,047,269075,40565,40164,1625,41789,577
2021-10-13,Modoc,049,8938,510,490,181,671,5
2021-10-13,Mono,051,14174,1647,1612,19,1631,3
2021-10-13,Monterey,053,433212,48220,47273,2764,50037,582
2021-10-13,Napa,055,140530,12774,12695,103,12798,100
2021-10-13,Nevada,057,99092,8826,8725,308,9033,90
2021-10-13,Orange,059,3164182,302762,300468,14581,315049,5503
2021-10-13,Placer,061,380077,35740,35254,3481,38735,412
2021-10-13,Plumas,063,18699,1597,1514,31,1545,6
2021-10-13,Riverside,065,2383286,356395,352044,16249,368293,4978
2021-10-13,Sacramento,067,1510023,154303,153141,4295,157436,2182
2021-10-13,San Benito,069,59416,7241,7196,161,7357,71
2021-10-13,San Bernardino,071,2135413,347458,344951,10876,355827,5562
2021-10-13,San Diego,073,3302833,365402,362564,21216,383780,4141
2021-10-13,San Francisco,075,870044,51961,51379,2251,53630,644
2021-10-13,San Joaquin,077,732212,97389,96343,5302,101645,1696
2021-10-13,San Luis Obispo,079,281455,28923,28397,1171,29568,330
2021-10-13,San Mateo,081,765935,53282,52352,823,53175,569
2021-10-13,Santa Barbara,083,443738,43570,43109,1588,44697,518
2021-10-13,Santa Clara,085,1922200,144356,143064,1220,144284,1886
2021-10-13,Santa Cruz,087,273765,19996,19763,993,20756,217
2021-10-13,Shasta,089,179085,20313,19802,3405,23207,307
2021-10-13,Sierra,091,2930,171,155,18,173,0
2021-10-13,Siskiyou,093,43540,3272,3173,1219,4392,42
2021-10-13,Solano,095,438530,45224,44558,1209,45767,334
2021-10-13,Sonoma,097,501317,40403,40122,507,40629,390
2021-10-13,Stanislaus,099,539301,76079,75698,8559,84257,1136
2021-10-13,Sutter,101,95872,13567,13458,307,13765,169
2021-10-13,Tehama,103,63373,8030,7849,1362,9211,103
2021-10-13,Trinity,105,12862,818,677,207,884,11
2021-10-13,Tulare,107,460477,65822,64297,14039,78336,945
2021-10-13,Tuolumne,109,53932,6731,6644,80,6724,89
2021-10-13,Ventura,111,848112,96742,96099,4249,100348,1162
2021-10-13,Yolo,113,214977,19260,19023,1056,20079,247
2021-10-13,Yuba,115,75493,9791,9690,265,9955,80
2021-10-12,Alameda,001,1643700,117640,116813,2740,119553,1357
2021-10-12,Alpine,003,1148,100,102,0,102,0
2021-10-12,Amador,005,37829,5354,5301,57,5358,63
2021-10-12,Butte,007,227075,19944,19506,3585,23091,256
2021-10-12,Calaveras,009,45235,3794,3750,44,3794,75
2021-10-12,Colusa,011,21464,2464,2428,596,3024,18
2021-10-12,Contra Costa,013,1133247,97543,96894,2077,98971,960
2021-10-12,Del Norte,015,27424,3595,3511,52,3563,39
2021-10-12,El Dorado,017,186661,15513,15287,1610,16897,148
2021-10-12,Fresno,019,978130,133800,131848,11912,143760,2042
2021-10-12,Glenn,021,27897,3385,3321,947,4268,26
2021-10-12,Humboldt,023,135768,8705,8587,483,9070,102
2021-10-12,Imperial,025,180216,32559,32267,3279,35546,762
2021-10-12,Inyo,027,18085,1981,1889,40,1929,39
2021-10-12,Kern,029,883053,122654,120826,20218,141044,1580
2021-10-12,Kings,031,150075,30863,30200,1807,32007,312
2021-10-12,Lake,033,64148,6475,6372,133,6505,97
2021-10-12,Lassen,035,31185,6654,6526,321,6847,25
2021-10-12,Los Angeles,037,10098052,1416890,1407462,53278,1460740,26362
2021-10-12,Madera,039,155013,21990,21574,1903,23477,277
2021-10-12,Marin,041,260295,17243,17126,435,17561,242
2021-10-12,Mariposa,043,17540,1152,1088,40,1128,5
2021-10-12,Mendocino,045,87422,7186,7077,433,7510,82
2021-10-12,Merced,047,269075,40486,40113,1619,41732,567
2021-10-12,Modoc,049,8938,505,485,180,665,5
2021-10-12,Mono,051,14174,1645,1608,19,1627,3
2021-10-12,Monterey,053,433212,48189,47254,2756,50010,582
2021-10-12,Napa,055,140530,12760,12671,103,12774,97
2021-10-12,Nevada,057,99092,8814,8720,307,9027,89
2021-10-12,Orange,059,3164182,302508,300256,14555,314811,5499
2021-10-12,Placer,061,380077,35677,35214,3473,38687,404
2021-10-12,Plumas,063,18699,1583,1488,30,1518,6
2021-10-12,Riverside,065,2383286,356069,351771,16235,368006,4973
2021-10-12,Sacramento,067,1510023,153997,152935,4270,157205,2170
2021-10-12,San Benito,069,59416,7227,7193,161,7354,71
2021-10-12,San Bernardino,071,2135413,347145,344788,10867,355655,5563
2021-10-12,San Diego,073,3302833,364878,362256,21187,383443,4137
2021-10-12,San Francisco,075,870044,51897,51301,2250,53551,643
2021-10-12,San Joaquin,077,732212,97252,96237,5297,101534,1690
2021-10-12,San Luis Obispo,079,281455,28876,28379,1170,29549,327
2021-10-12,San Mateo,081,765935,53231,52328,822,53150,569
2021-10-12,Santa Barbara,083,443738,43509,43076,1588,44664,515
2021-10-12,Santa Clara,085,1922200,144202,142954,1218,144172,1882
2021-10-12,Santa Cruz,087,273765,19971,19757,993,20750,218
2021-10-12,Shasta,089,179085,20239,19731,3384,23115,304
2021-10-12,Sierra,091,2930,171,153,18,171,0
2021-10-12,Siskiyou,093,43540,3261,3166,1213,4379,42
2021-10-12,Solano,095,438530,45181,44516,1204,45720,329
2021-10-12,Sonoma,097,501317,40361,40105,507,40612,390
2021-10-12,Stanislaus,099,539301,75927,75589,8545,84134,1126
2021-10-12,Sutter,101,95872,13544,13436,303,13739,168
2021-10-12,Tehama,103,63373,7997,7820,1358,9178,103
2021-10-12,Trinity,105,12862,815,676,207,883,11
2021-10-12,Tulare,107,460477,65637,64216,13981,78197,944
2021-10-12,Tuolumne,109,53932,6714,6637,79,6716,89
2021-10-12,Ventura,111,848112,96641,96022,4244,100266,1160
2021-10-12,Yolo,113,214977,19233,18987,1048,20035,247
2021-10-12,Yuba,115,75493,9776,9676,261,9937,70
2021-10-11,Alameda,001,1643700,117498,116759,2739,119498,1358
2021-10-11,Alpine,003,1148,100,102,0,102,0
2021-10-11,Amador,005,37829,5342,5286,57,5343,62
2021-10-11,Butte,007,227075,19885,19452,3580,23032,253
2021-10-11,Calaveras,009,45235,3773,3750,44,3794,75
2021-10-11,Colusa,011,21464,2460,2427,589,3016,18
2021-10-11,Contra Costa,013,1133247,97406,96832,2072,98904,960
2021-10-11,Del Norte,015,27424,3592,3510,48,3558,39
2021-10-11,El Dorado,017,186661,15484,15273,1606,16879,146
2021-10-11,Fresno,019,978130,133473,131703,11883,143586,2036
2021-10-11,Glenn,021,27897,3366,3308,946,4254,26
2021-10-11,Humboldt,023,135768,8680,8571,476,9047,101
2021-10-11,Imperial,025,180216,32509,32207,3273,35480,762
2021-10-11,Inyo,027,18085,1958,1862,39,1901,39
2021-10-11,Kern,029,883053,122418,120684,20122,140806,1575
2021-10-11,Kings,031,150075,30774,30180,1797,31977,309
2021-10-11,Lake,033,64148,6459,6361,129,6490,97
2021-10-11,Lassen,035,31185,6634,6499,318,6817,25
2021-10-11,Los Angeles,037,10098052,1415847,1406826,53227,1460053,26346
2021-10-11,Madera,039,155013,21933,21555,1886,23441,272
2021-10-11,Marin,041,260295,17225,17121,431,17552,242
2021-10-11,Mariposa,043,17540,1122,1083,39,1122,5
2021-10-11,Mendocino,045,87422,7170,7064,429,7493,82
2021-10-11,Merced,047,269075,40369,40064,1595,41659,566
2021-10-11,Modoc,049,8938,502,482,177,659,5
2021-10-11,Mono,051,14174,1635,1604,19,1623,3
2021-10-11,Monterey,053,433212,48160,47241,2749,49990,580
2021-10-11,Napa,055,140530,12737,12654,101,12755,96
2021-10-11,Nevada,057,99092,8794,8716,306,9022,90
2021-10-11,Orange,059,3164182,302280,299941,14526,314467,5499
2021-10-11,Placer,061,380077,35608,35173,3456,38629,404
2021-10-11,Plumas,063,18699,1565,1469,28,1497,6
2021-10-11,Riverside,065,2383286,355726,351444,16230,367674,4973
2021-10-11,Sacramento,067,1510023,153707,152681,4239,156920,2169
2021-10-11,San Benito,069,59416,7206,7184,159,7343,71
2021-10-11,San Bernardino,071,2135413,346757,344594,10859,355453,5549
2021-10-11,San Diego,073,3302833,364357,361712,21155,382867,4124
2021-10-11,San Francisco,075,870044,51826,51275,2246,53521,643
2021-10-11,San Joaquin,077,732212,97098,96152,5286,101438,1681
2021-10-11,San Luis Obispo,079,281455,28829,28355,1165,29520,327
2021-10-11,San Mateo,081,765935,53183,52298,821,53119,569
2021-10-11,Santa Barbara,083,443738,43462,43018,1587,44605,515
2021-10-11,Santa Clara,085,1922200,144040,142836,1215,144051,1882
2021-10-11,Santa Cruz,087,273765,19947,19745,992,20737,217
2021-10-11,Shasta,089,179085,20160,19662,3368,23030,295
2021-10-11,Sierra,091,2930,166,147,17,164,0
2021-10-11,Siskiyou,093,43540,3254,3159,1209,4368,42
2021-10-11,Solano,095,438530,45133,44474,1201,45675,329
2021-10-11,Sonoma,097,501317,40316,40067,507,40574,390
2021-10-11,Stanislaus,099,539301,75755,75478,8524,84002,1118
2021-10-11,Sutter,101,95872,13525,13427,301,13728,165
2021-10-11,Tehama,103,63373,7956,7795,1349,9144,102
2021-10-11,Trinity,105,12862,809,675,206,881,11
2021-10-11,Tulare,107,460477,65456,64094,13914,78008,942
2021-10-11,Tuolumne,109,53932,6676,6602,79,6681,89
2021-10-11,Ventura,111,848112,96544,95876,4237,100113,1160
2021-10-11,Yolo,113,214977,19187,18977,1045,20022,247
2021-10-11,Yuba,115,75493,9759,9657,249,9906,69
2021-10-10,Alameda,001,1643700,117378,116679,2735,119414,1358
2021-10-10,Alpine,003,1148,100,102,0,102,0
2021-10-10,Amador,005,37829,5328,5278,57,5335,62
2021-10-10,Butte,007,227075,19821,19430,3566,22996,253
2021-10-10,Calaveras,009,45235,3761,3747,44,3791,75
2021-10-10,Colusa,011,21464,2459,2425,588,3013,18
2021-10-10,Contra Costa,013,1133247,97307,96760,2066,98826,960
2021-10-10,Del Norte,015,27424,3588,3507,48,3555,39
2021-10-10,El Dorado,017,186661,15453,15250,1600,16850,146
2021-10-10,Fresno,019,978130,133145,131434,11855,143289,2035
2021-10-10,Glenn,021,27897,3362,3297,944,4241,26
2021-10-10,Humboldt,023,135768,8658,8554,472,9026,101
2021-10-10,Imperial,025,180216,32435,32167,3270,35437,762
2021-10-10,Inyo,027,18085,1937,1857,39,1896,39
2021-10-10,Kern,029,883053,122092,120552,20018,140570,1573
2021-10-10,Kings,031,150075,30685,30122,1787,31909,308
2021-10-10,Lake,033,64148,6443,6349,128,6477,97
2021-10-10,Lassen,035,31185,6614,6495,317,6812,26
2021-10-10,Los Angeles,037,10098052,1414669,1406034,53152,1459186,26338
2021-10-10,Madera,039,155013,21887,21486,1877,23363,272
2021-10-10,Marin,041,260295,17208,17112,431,17543,242
2021-10-10,Mariposa,043,17540,1119,1074,39,1113,5
2021-10-10,Mendocino,045,87422,7155,7060,421,7481,81
2021-10-10,Merced,047,269075,40285,40036,1578,41614,566
2021-10-10,Modoc,049,8938,502,482,177,659,5
2021-10-10,Mono,051,14174,1634,1596,19,1615,3
2021-10-10,Monterey,053,433212,48130,47228,2748,49976,580
2021-10-10,Napa,055,140530,12714,12641,101,12742,96
2021-10-10,Nevada,057,99092,8782,8689,306,8995,90
2021-10-10,Orange,059,3164182,302017,299787,14498,314285,5499
2021-10-10,Placer,061,380077,35515,35128,3444,38572,404
2021-10-10,Plumas,063,18699,1549,1468,26,1494,6
2021-10-10,Riverside,065,2383286,355354,351248,16211,367459,4973
2021-10-10,Sacramento,067,1510023,153443,152405,4222,156627,2178
2021-10-10,San Benito,069,59416,7201,7180,158,7338,71
2021-10-10,San Bernardino,071,2135413,346452,344423,10851,355274,5551
2021-10-10,San Diego,073,3302833,363831,361038,21108,382146,4113
2021-10-10,San Francisco,075,870044,51778,51216,2243,53459,643
2021-10-10,San Joaquin,077,732212,96927,96084,5269,101353,1681
2021-10-10,San Luis Obispo,079,281455,28785,28343,1165,29508,326
2021-10-10,San Mateo,081,765935,53141,52273,820,53093,569
2021-10-10,Santa Barbara,083,443738,43415,42987,1586,44573,515
2021-10-10,Santa Clara,085,1922200,143875,142768,1208,143976,1881
2021-10-10,Santa Cruz,087,273765,19927,19727,992,20719,217
2021-10-10,Shasta,089,179085,20071,19635,3359,22994,296
2021-10-10,Sierra,091,2930,164,147,17,164,0
2021-10-10,Siskiyou,093,43540,3240,3155,1202,4357,42
2021-10-10,Solano,095,438530,45077,44431,1201,45632,329
2021-10-10,Sonoma,097,501317,40264,40027,507,40534,390
2021-10-10,Stanislaus,099,539301,75576,75403,8510,83913,1118
2021-10-10,Sutter,101,95872,13501,13412,296,13708,165
2021-10-10,Tehama,103,63373,7918,7764,1340,9104,102
2021-10-10,Trinity,105,12862,808,669,205,874,11
2021-10-10,Tulare,107,460477,65285,63930,13864,77794,940
2021-10-10,Tuolumne,109,53932,6652,6580,78,6658,89
2021-10-10,Ventura,111,848112,96455,95829,4237,100066,1160
2021-10-10,Yolo,113,214977,19155,18952,1040,19992,247
2021-10-10,Yuba,115,75493,9743,9641,244,9885,69
2021-10-09,Alameda,001,1643700,117279,116253,2733,118986,1356
2021-10-09,Alpine,003,1148,99,102,0,102,0
2021-10-09,Amador,005,37829,5326,5237,56,5293,62
2021-10-09,Butte,007,227075,19791,19277,3563,22840,250
2021-10-09,Calaveras,009,45235,3757,3716,44,3760,75
2021-10-09,Colusa,011,21464,2455,2419,587,3006,18
2021-10-09,Contra Costa,013,1133247,97235,96378,2060,98438,958
2021-10-09,Del Norte,015,27424,3587,3495,48,3543,39
2021-10-09,El Dorado,017,186661,15435,15153,1597,16750,144
2021-10-09,Fresno,019,978130,133012,130508,11839,142347,2018
2021-10-09,Glenn,021,27897,3359,3277,943,4220,26
2021-10-09,Humboldt,023,135768,8644,8448,470,8918,97
2021-10-09,Imperial,025,180216,32401,31989,3268,35257,760
2021-10-09,Inyo,027,18085,1928,1808,39,1847,39
2021-10-09,Kern,029,883053,121953,119795,19991,139786,1559
2021-10-09,Kings,031,150075,30636,29894,1785,31679,308
2021-10-09,Lake,033,64148,6424,6283,127,6410,97
2021-10-09,Lassen,035,31185,6609,6442,316,6758,25
2021-10-09,Los Angeles,037,10098052,1414082,1402810,53113,1455923,26280
2021-10-09,Madera,039,155013,21854,21313,1864,23177,271
2021-10-09,Marin,041,260295,17203,17049,429,17478,242
2021-10-09,Mariposa,043,17540,1112,1042,38,1080,5
2021-10-09,Mendocino,045,87422,7148,7011,420,7431,82
2021-10-09,Merced,047,269075,40243,39784,1578,41362,565
2021-10-09,Modoc,049,8938,500,477,176,653,5
2021-10-09,Mono,051,14174,1631,1577,19,1596,3
2021-10-09,Monterey,053,433212,48118,47168,2745,49913,577
2021-10-09,Napa,055,140530,12710,12586,101,12687,96
2021-10-09,Nevada,057,99092,8771,8613,305,8918,90
2021-10-09,Orange,059,3164182,301837,299089,14479,313568,5457
2021-10-09,Placer,061,380077,35477,34877,3437,38314,393
2021-10-09,Plumas,063,18699,1538,1418,26,1444,6
2021-10-09,Riverside,065,2383286,355103,350082,16194,366276,4965
2021-10-09,Sacramento,067,1510023,153234,151566,4209,155775,2160
2021-10-09,San Benito,069,59416,7193,7123,158,7281,71
2021-10-09,San Bernardino,071,2135413,346268,343452,10847,354299,5556
2021-10-09,San Diego,073,3302833,363516,359909,21103,381012,4111
2021-10-09,San Francisco,075,870044,51731,50960,2236,53196,643
2021-10-09,San Joaquin,077,732212,96861,95606,5264,100870,1669
2021-10-09,San Luis Obispo,079,281455,28768,28197,1163,29360,324
2021-10-09,San Mateo,081,765935,53108,52121,819,52940,569
2021-10-09,Santa Barbara,083,443738,43388,42735,1586,44321,514
2021-10-09,Santa Clara,085,1922200,143752,142298,1202,143500,1873
2021-10-09,Santa Cruz,087,273765,19918,19635,991,20626,217
2021-10-09,Shasta,089,179085,20021,19437,3354,22791,290
2021-10-09,Sierra,091,2930,161,141,17,158,0
2021-10-09,Siskiyou,093,43540,3239,3124,1201,4325,42
2021-10-09,Solano,095,438530,45060,44265,1200,45465,329
2021-10-09,Sonoma,097,501317,40220,39848,507,40355,387
2021-10-09,Stanislaus,099,539301,75486,74899,8500,83399,1114
2021-10-09,Sutter,101,95872,13492,13314,294,13608,165
2021-10-09,Tehama,103,63373,7907,7670,1335,9005,99
2021-10-09,Trinity,105,12862,807,660,205,865,11
2021-10-09,Tulare,107,460477,65177,63398,13842,77240,932
2021-10-09,Tuolumne,109,53932,6633,6521,78,6599,89
2021-10-09,Ventura,111,848112,96401,95542,4234,99776,1158
2021-10-09,Yolo,113,214977,19134,18850,1037,19887,247
2021-10-09,Yuba,115,75493,9731,9551,242,9793,69
2021-10-08,Alameda,001,1643700,117197,116253,2730,118983,1356
2021-10-08,Alpine,003,1148,99,102,0,102,0
2021-10-08,Amador,005,37829,5313,5237,56,5293,62
2021-10-08,Butte,007,227075,19762,19277,3559,22836,250
2021-10-08,Calaveras,009,45235,3752,3716,44,3760,75
2021-10-08,Colusa,011,21464,2453,2419,587,3006,18
2021-10-08,Contra Costa,013,1133247,97191,96378,2055,98433,958
2021-10-08,Del Norte,015,27424,3586,3495,48,3543,39
2021-10-08,El Dorado,017,186661,15416,15153,1593,16746,144
2021-10-08,Fresno,019,978130,132817,130508,11818,142326,2018
2021-10-08,Glenn,021,27897,3350,3277,941,4218,26
2021-10-08,Humboldt,023,135768,8633,8448,467,8915,97
2021-10-08,Imperial,025,180216,32371,31989,3264,35253,760
2021-10-08,Inyo,027,18085,1910,1808,39,1847,39
2021-10-08,Kern,029,883053,121816,119795,19949,139744,1559
2021-10-08,Kings,031,150075,30542,29894,1784,31678,308
2021-10-08,Lake,033,64148,6416,6283,127,6410,97
2021-10-08,Lassen,035,31185,6595,6442,313,6755,25
2021-10-08,Los Angeles,037,10098052,1413419,1402810,53077,1455887,26280
2021-10-08,Madera,039,155013,21795,21313,1857,23170,271
2021-10-08,Marin,041,260295,17192,17049,428,17477,242
2021-10-08,Mariposa,043,17540,1105,1042,36,1078,5
2021-10-08,Mendocino,045,87422,7135,7011,420,7431,82
2021-10-08,Merced,047,269075,40211,39784,1575,41359,565
2021-10-08,Modoc,049,8938,498,477,176,653,5
2021-10-08,Mono,051,14174,1628,1577,19,1596,3
2021-10-08,Monterey,053,433212,48091,47168,2743,49911,577
2021-10-08,Napa,055,140530,12694,12586,101,12687,96
2021-10-08,Nevada,057,99092,8758,8613,305,8918,90
2021-10-08,Orange,059,3164182,301689,299089,14459,313548,5457
2021-10-08,Placer,061,380077,35439,34877,3429,38306,393
2021-10-08,Plumas,063,18699,1526,1418,26,1444,6
2021-10-08,Riverside,065,2383286,354834,350082,16183,366265,4965
2021-10-08,Sacramento,067,1510023,153069,151566,4195,155761,2160
2021-10-08,San Benito,069,59416,7189,7123,156,7279,71
2021-10-08,San Bernardino,071,2135413,346064,343452,10839,354291,5556
2021-10-08,San Diego,073,3302833,363180,359909,21085,380994,4111
2021-10-08,San Francisco,075,870044,51684,50960,2227,53187,643
2021-10-08,San Joaquin,077,732212,96792,95606,5258,100864,1669
2021-10-08,San Luis Obispo,079,281455,28741,28197,1162,29359,324
2021-10-08,San Mateo,081,765935,53080,52121,819,52940,569
2021-10-08,Santa Barbara,083,443738,43353,42735,1585,44320,514
2021-10-08,Santa Clara,085,1922200,143639,142298,1197,143495,1873
2021-10-08,Santa Cruz,087,273765,19903,19635,991,20626,217
2021-10-08,Shasta,089,179085,19979,19437,3348,22785,290
2021-10-08,Sierra,091,2930,159,141,15,156,0
2021-10-08,Siskiyou,093,43540,3231,3124,1200,4324,42
2021-10-08,Solano,095,438530,45021,44265,1199,45464,329
2021-10-08,Sonoma,097,501317,40185,39848,507,40355,387
2021-10-08,Stanislaus,099,539301,75417,74899,8491,83390,1114
2021-10-08,Sutter,101,95872,13478,13314,292,13606,165
2021-10-08,Tehama,103,63373,7890,7670,1333,9003,99
2021-10-08,Trinity,105,12862,806,660,205,865,11
2021-10-08,Tulare,107,460477,65059,63398,13810,77208,932
2021-10-08,Tuolumne,109,53932,6610,6521,78,6599,89
2021-10-08,Ventura,111,848112,96350,95542,4228,99770,1158
2021-10-08,Yolo,113,214977,19121,18850,1033,19883,247
2021-10-08,Yuba,115,75493,9711,9551,241,9792,69
2021-10-07,Alameda,001,1643700,117079,116253,2729,118982,1356
2021-10-07,Alpine,003,1148,99,102,0,102,0
2021-10-07,Amador,005,37829,5306,5237,56,5293,62
2021-10-07,Butte,007,227075,19713,19277,3548,22825,250
2021-10-07,Calaveras,009,45235,3740,3716,44,3760,75
2021-10-07,Colusa,011,21464,2450,2419,581,3000,18
2021-10-07,Contra Costa,013,1133247,97068,96378,2051,98429,958
2021-10-07,Del Norte,015,27424,3583,3495,48,3543,39
2021-10-07,El Dorado,017,186661,15380,15153,1589,16742,144
2021-10-07,Fresno,019,978130,132544,130508,11796,142304,2018
2021-10-07,Glenn,021,27897,3345,3277,938,4215,26
2021-10-07,Humboldt,023,135768,8607,8448,464,8912,97
2021-10-07,Imperial,025,180216,32300,31989,3250,35239,760
2021-10-07,Inyo,027,18085,1891,1808,39,1847,39
2021-10-07,Kern,029,883053,121585,119795,19883,139678,1559
2021-10-07,Kings,031,150075,30477,29894,1778,31672,308
2021-10-07,Lake,033,64148,6405,6283,127,6410,97
2021-10-07,Lassen,035,31185,6577,6442,311,6753,25
2021-10-07,Los Angeles,037,10098052,1412458,1402810,53032,1455842,26280
2021-10-07,Madera,039,155013,21722,21313,1842,23155,271
2021-10-07,Marin,041,260295,17174,17049,428,17477,242
2021-10-07,Mariposa,043,17540,1097,1042,36,1078,5
2021-10-07,Mendocino,045,87422,7125,7011,416,7427,82
2021-10-07,Merced,047,269075,40144,39784,1559,41343,565
2021-10-07,Modoc,049,8938,495,477,175,652,5
2021-10-07,Mono,051,14174,1619,1577,19,1596,3
2021-10-07,Monterey,053,433212,48066,47168,2734,49902,577
2021-10-07,Napa,055,140530,12679,12586,101,12687,96
2021-10-07,Nevada,057,99092,8730,8613,305,8918,90
2021-10-07,Orange,059,3164182,301463,299089,14445,313534,5457
2021-10-07,Placer,061,380077,35377,34877,3422,38299,393
2021-10-07,Plumas,063,18699,1509,1418,26,1444,6
2021-10-07,Riverside,065,2383286,354501,350082,16171,366253,4965
2021-10-07,Sacramento,067,1510023,152787,151566,4168,155734,2160
2021-10-07,San Benito,069,59416,7173,7123,154,7277,71
2021-10-07,San Bernardino,071,2135413,345793,343452,10832,354284,5556
2021-10-07,San Diego,073,3302833,362768,359909,21064,380973,4111
2021-10-07,San Francisco,075,870044,51614,50960,2224,53184,643
2021-10-07,San Joaquin,077,732212,96638,95606,5250,100856,1669
2021-10-07,San Luis Obispo,079,281455,28690,28197,1160,29357,324
2021-10-07,San Mateo,081,765935,53040,52121,817,52938,569
2021-10-07,Santa Barbara,083,443738,43284,42735,1579,44314,514
2021-10-07,Santa Clara,085,1922200,143488,142298,1191,143489,1873
2021-10-07,Santa Cruz,087,273765,19883,19635,990,20625,217
2021-10-07,Shasta,089,179085,19890,19437,3333,22770,290
2021-10-07,Sierra,091,2930,159,141,15,156,0
2021-10-07,Siskiyou,093,43540,3227,3124,1195,4319,42
2021-10-07,Solano,095,438530,44976,44265,1195,45460,329
2021-10-07,Sonoma,097,501317,40148,39848,505,40353,387
2021-10-07,Stanislaus,099,539301,75256,74899,8466,83365,1114
2021-10-07,Sutter,101,95872,13456,13314,289,13603,165
2021-10-07,Tehama,103,63373,7857,7670,1327,8997,99
2021-10-07,Trinity,105,12862,804,660,205,865,11
2021-10-07,Tulare,107,460477,64893,63398,13772,77170,932
2021-10-07,Tuolumne,109,53932,6588,6521,78,6599,89
2021-10-07,Ventura,111,848112,96277,95542,4225,99767,1158
2021-10-07,Yolo,113,214977,19087,18850,1028,19878,247
2021-10-07,Yuba,115,75493,9685,9551,234,9785,69
2021-10-06,Alameda,001,1643700,116942,116058,2723,118781,1353
2021-10-06,Alpine,003,1148,99,102,0,102,0
2021-10-06,Amador,005,37829,5303,5205,56,5261,62
2021-10-06,Butte,007,227075,19650,19208,3541,22749,247
2021-10-06,Calaveras,009,45235,3731,3669,44,3713,75
2021-10-06,Colusa,011,21464,2448,2414,574,2988,18
2021-10-06,Contra Costa,013,1133247,96941,96184,2047,98231,953
2021-10-06,Del Norte,015,27424,3580,3490,45,3535,39
2021-10-06,El Dorado,017,186661,15355,15078,1587,16665,140
2021-10-06,Fresno,019,978130,132256,130074,11770,141844,2008
2021-10-06,Glenn,021,27897,3336,3270,936,4206,26
2021-10-06,Humboldt,023,135768,8592,8416,457,8873,94
2021-10-06,Imperial,025,180216,32247,31930,3238,35168,760
2021-10-06,Inyo,027,18085,1876,1806,39,1845,39
2021-10-06,Kern,029,883053,121328,119491,19790,139281,1552
2021-10-06,Kings,031,150075,30411,29785,1770,31555,308
2021-10-06,Lake,033,64148,6391,6271,127,6398,97
2021-10-06,Lassen,035,31185,6560,6429,310,6739,25
2021-10-06,Los Angeles,037,10098052,1411500,1401675,52985,1454660,26252
2021-10-06,Madera,039,155013,21667,21230,1832,23062,269
2021-10-06,Marin,041,260295,17165,17042,425,17467,242
2021-10-06,Mariposa,043,17540,1090,1036,36,1072,5
2021-10-06,Mendocino,045,87422,7116,6986,415,7401,81
2021-10-06,Merced,047,269075,40066,39666,1550,41216,563
2021-10-06,Modoc,049,8938,495,477,173,650,5
2021-10-06,Mono,051,14174,1607,1568,19,1587,3
2021-10-06,Monterey,053,433212,48033,47136,2729,49865,577
2021-10-06,Napa,055,140530,12655,12552,100,12652,96
2021-10-06,Nevada,057,99092,8714,8582,304,8886,90
2021-10-06,Orange,059,3164182,301226,298785,14432,313217,5448
2021-10-06,Placer,061,380077,35326,34764,3415,38179,390
2021-10-06,Plumas,063,18699,1486,1383,26,1409,6
2021-10-06,Riverside,065,2383286,354145,349645,16150,365795,4953
2021-10-06,Sacramento,067,1510023,152534,151164,4137,155301,2141
2021-10-06,San Benito,069,59416,7158,7108,154,7262,69
2021-10-06,San Bernardino,071,2135413,345497,343022,10825,353847,5551
2021-10-06,San Diego,073,3302833,362269,359564,21036,380600,4104
2021-10-06,San Francisco,075,870044,51551,50894,2221,53115,641
2021-10-06,San Joaquin,077,732212,96504,95418,5238,100656,1658
2021-10-06,San Luis Obispo,079,281455,28640,28170,1154,29324,323
2021-10-06,San Mateo,081,765935,52990,52056,812,52868,569
2021-10-06,Santa Barbara,083,443738,43201,42687,1577,44264,513
2021-10-06,Santa Clara,085,1922200,143337,142124,1186,143310,1872
2021-10-06,Santa Cruz,087,273765,19854,19604,988,20592,217
2021-10-06,Shasta,089,179085,19816,19325,3320,22645,287
2021-10-06,Sierra,091,2930,157,138,15,153,0
2021-10-06,Siskiyou,093,43540,3217,3116,1188,4304,42
2021-10-06,Solano,095,438530,44942,44185,1194,45379,328
2021-10-06,Sonoma,097,501317,40098,39787,505,40292,383
2021-10-06,Stanislaus,099,539301,75114,74699,8453,83152,1114
2021-10-06,Sutter,101,95872,13435,13284,287,13571,164
2021-10-06,Tehama,103,63373,7821,7629,1320,8949,99
2021-10-06,Trinity,105,12862,801,656,205,861,11
2021-10-06,Tulare,107,460477,64713,63198,13712,76910,926
2021-10-06,Tuolumne,109,53932,6563,6486,78,6564,89
2021-10-06,Ventura,111,848112,96186,95449,4217,99666,1158
2021-10-06,Yolo,113,214977,19055,18815,1023,19838,247
2021-10-06,Yuba,115,75493,9661,9520,233,9753,69
2021-10-05,Alameda,001,1643700,116798,115968,2717,118685,1350
2021-10-05,Alpine,003,1148,99,102,0,102,0
2021-10-05,Amador,005,37829,5282,5194,55,5249,61
2021-10-05,Butte,007,227075,19602,19137,3531,22668,246
2021-10-05,Calaveras,009,45235,3715,3657,44,3701,73
2021-10-05,Colusa,011,21464,2441,2414,573,2987,18
2021-10-05,Contra Costa,013,1133247,96825,96108,2040,98148,941
2021-10-05,Del Norte,015,27424,3578,3485,44,3529,39
2021-10-05,El Dorado,017,186661,15316,15052,1584,16636,140
2021-10-05,Fresno,019,978130,131917,129957,11740,141697,1987
2021-10-05,Glenn,021,27897,3325,3270,932,4202,26
2021-10-05,Humboldt,023,135768,8560,8398,453,8851,94
2021-10-05,Imperial,025,180216,32199,31909,3233,35142,759
2021-10-05,Inyo,027,18085,1859,1800,39,1839,39
2021-10-05,Kern,029,883053,121062,119260,19688,138948,1540
2021-10-05,Kings,031,150075,30336,29749,1764,31513,301
2021-10-05,Lake,033,64148,6370,6264,126,6390,97
2021-10-05,Lassen,035,31185,6541,6417,308,6725,25
2021-10-05,Los Angeles,037,10098052,1410355,1400300,52933,1453233,26223
2021-10-05,Madera,039,155013,21609,21183,1819,23002,269
2021-10-05,Marin,041,260295,17153,17024,425,17449,242
2021-10-05,Mariposa,043,17540,1071,1033,33,1066,5
2021-10-05,Mendocino,045,87422,7100,6972,408,7380,79
2021-10-05,Merced,047,269075,40000,39608,1541,41149,562
2021-10-05,Modoc,049,8938,491,475,172,647,5
2021-10-05,Mono,051,14174,1599,1565,19,1584,3
2021-10-05,Monterey,053,433212,48016,47087,2719,49806,573
2021-10-05,Napa,055,140530,12631,12533,100,12633,96
2021-10-05,Nevada,057,99092,8684,8576,304,8880,90
2021-10-05,Orange,059,3164182,300949,298589,14400,312989,5441
2021-10-05,Placer,061,380077,35246,34728,3408,38136,382
2021-10-05,Plumas,063,18699,1461,1357,26,1383,6
2021-10-05,Riverside,065,2383286,353785,349365,16135,365500,4942
2021-10-05,Sacramento,067,1510023,152261,151111,4108,155219,2126
2021-10-05,San Benito,069,59416,7140,7103,152,7255,69
2021-10-05,San Bernardino,071,2135413,345168,342711,10818,353529,5557
2021-10-05,San Diego,073,3302833,361685,359194,21009,380203,4092
2021-10-05,San Francisco,075,870044,51454,50826,2218,53044,641
2021-10-05,San Joaquin,077,732212,96351,95276,5211,100487,1651
2021-10-05,San Luis Obispo,079,281455,28596,28113,1152,29265,324
2021-10-05,San Mateo,081,765935,52945,52008,812,52820,569
2021-10-05,Santa Barbara,083,443738,43122,42595,1573,44168,511
2021-10-05,Santa Clara,085,1922200,143179,141971,1179,143150,1873
2021-10-05,Santa Cruz,087,273765,19812,19582,988,20570,216
2021-10-05,Shasta,089,179085,19743,19285,3307,22592,286
2021-10-05,Sierra,091,2930,153,136,15,151,0
2021-10-05,Siskiyou,093,43540,3203,3107,1188,4295,42
2021-10-05,Solano,095,438530,44871,44149,1192,45341,325
2021-10-05,Sonoma,097,501317,40044,39756,500,40256,383
2021-10-05,Stanislaus,099,539301,74952,74599,8436,83035,1114
2021-10-05,Sutter,101,95872,13407,13270,286,13556,164
2021-10-05,Tehama,103,63373,7793,7607,1311,8918,98
2021-10-05,Trinity,105,12862,798,655,205,860,11
2021-10-05,Tulare,107,460477,64506,63093,13658,76751,920
2021-10-05,Tuolumne,109,53932,6548,6473,77,6550,89
2021-10-05,Ventura,111,848112,96080,95351,4216,99567,1155
2021-10-05,Yolo,113,214977,19019,18782,1017,19799,245
2021-10-05,Yuba,115,75493,9629,9504,230,9734,69
2021-10-04,Alameda,001,1643700,116635,115845,2714,118559,1347
2021-10-04,Alpine,003,1148,99,102,0,102,0
2021-10-04,Amador,005,37829,5272,5163,54,5217,61
2021-10-04,Butte,007,227075,19525,19081,3519,22600,245
2021-10-04,Calaveras,009,45235,3706,3641,44,3685,73
2021-10-04,Colusa,011,21464,2440,2414,572,2986,18
2021-10-04,Contra Costa,013,1133247,96683,95958,2035,97993,937
2021-10-04,Del Norte,015,27424,3576,3485,40,3525,39
2021-10-04,El Dorado,017,186661,15268,15031,1577,16608,138
2021-10-04,Fresno,019,978130,131608,129665,11719,141384,1978
2021-10-04,Glenn,021,27897,3318,3270,927,4197,26
2021-10-04,Humboldt,023,135768,8526,8355,445,8800,94
2021-10-04,Imperial,025,180216,32150,31866,3226,35092,757
2021-10-04,Inyo,027,18085,1847,1792,36,1828,39
2021-10-04,Kern,029,883053,120774,118984,19567,138551,1531
2021-10-04,Kings,031,150075,30243,29702,1761,31463,303
2021-10-04,Lake,033,64148,6357,6248,126,6374,97
2021-10-04,Lassen,035,31185,6524,6405,308,6713,25
2021-10-04,Los Angeles,037,10098052,1409243,1399604,52874,1452478,26186
2021-10-04,Madera,039,155013,21545,21126,1808,22934,266
2021-10-04,Marin,041,260295,17137,17008,424,17432,242
2021-10-04,Mariposa,043,17540,1059,1024,33,1057,5
2021-10-04,Mendocino,045,87422,7082,6947,405,7352,79
2021-10-04,Merced,047,269075,39885,39565,1524,41089,558
2021-10-04,Modoc,049,8938,488,473,172,645,5
2021-10-04,Mono,051,14174,1592,1561,19,1580,3
2021-10-04,Monterey,053,433212,47995,47058,2712,49770,571
2021-10-04,Napa,055,140530,12607,12506,100,12606,96
2021-10-04,Nevada,057,99092,8664,8563,304,8867,90
2021-10-04,Orange,059,3164182,300654,298165,14368,312533,5438
2021-10-04,Placer,061,380077,35162,34630,3380,38010,379
2021-10-04,Plumas,063,18699,1439,1329,26,1355,6
2021-10-04,Riverside,065,2383286,353405,348828,16125,364953,4923
2021-10-04,Sacramento,067,1510023,151938,150887,4081,154968,2115
2021-10-04,San Benito,069,59416,7127,7099,152,7251,69
2021-10-04,San Bernardino,071,2135413,344811,342418,10806,353224,5551
2021-10-04,San Diego,073,3302833,361106,358525,20978,379503,4090
2021-10-04,San Francisco,075,870044,51359,50798,2214,53012,638
2021-10-04,San Joaquin,077,732212,96154,95198,5191,100389,1649
2021-10-04,San Luis Obispo,079,281455,28551,28090,1146,29236,323
2021-10-04,San Mateo,081,765935,52885,51958,811,52769,569
2021-10-04,Santa Barbara,083,443738,43039,42585,1572,44157,511
2021-10-04,Santa Clara,085,1922200,143035,141840,1173,143013,1869
2021-10-04,Santa Cruz,087,273765,19783,19559,987,20546,216
2021-10-04,Shasta,089,179085,19636,19170,3293,22463,279
2021-10-04,Sierra,091,2930,146,136,14,150,0
2021-10-04,Siskiyou,093,43540,3194,3103,1173,4276,42
2021-10-04,Solano,095,438530,44812,44092,1188,45280,322
2021-10-04,Sonoma,097,501317,39979,39720,500,40220,381
2021-10-04,Stanislaus,099,539301,74799,74444,8417,82861,1106
2021-10-04,Sutter,101,95872,13378,13261,285,13546,164
2021-10-04,Tehama,103,63373,7752,7585,1305,8890,95
2021-10-04,Trinity,105,12862,797,649,204,853,11
2021-10-04,Tulare,107,460477,64315,62957,13591,76548,920
2021-10-04,Tuolumne,109,53932,6522,6442,77,6519,89
2021-10-04,Ventura,111,848112,95988,95170,4210,99380,1153
2021-10-04,Yolo,113,214977,18975,18761,1012,19773,242
2021-10-04,Yuba,115,75493,9590,9481,228,9709,68
2021-10-03,Alameda,001,1643700,116495,115751,2704,118455,1349
2021-10-03,Alpine,003,1148,99,102,0,102,0
2021-10-03,Amador,005,37829,5254,5160,52,5212,61
2021-10-03,Butte,007,227075,19452,19066,3503,22569,245
2021-10-03,Calaveras,009,45235,3689,3632,44,3676,73
2021-10-03,Colusa,011,21464,2439,2413,569,2982,18
2021-10-03,Contra Costa,013,1133247,96550,95890,2028,97918,937
2021-10-03,Del Norte,015,27424,3570,3483,39,3522,39
2021-10-03,El Dorado,017,186661,15210,15014,1570,16584,139
2021-10-03,Fresno,019,978130,131228,129365,11684,141049,1978
2021-10-03,Glenn,021,27897,3311,3266,922,4188,26
2021-10-03,Humboldt,023,135768,8481,8352,441,8793,94
2021-10-03,Imperial,025,180216,32083,31844,3217,35061,757
2021-10-03,Inyo,027,18085,1826,1788,36,1824,39
2021-10-03,Kern,029,883053,120470,118851,19445,138296,1535
2021-10-03,Kings,031,150075,30142,29623,1754,31377,300
2021-10-03,Lake,033,64148,6331,6239,126,6365,97
2021-10-03,Lassen,035,31185,6502,6400,306,6706,25
2021-10-03,Los Angeles,037,10098052,1407972,1398790,52819,1451609,26179
2021-10-03,Madera,039,155013,21473,21066,1798,22864,266
2021-10-03,Marin,041,260295,17114,16995,419,17414,242
2021-10-03,Mariposa,043,17540,1052,1011,33,1044,5
2021-10-03,Mendocino,045,87422,7062,6939,396,7335,79
2021-10-03,Merced,047,269075,39777,39516,1507,41023,558
2021-10-03,Modoc,049,8938,487,472,171,643,5
2021-10-03,Mono,051,14174,1588,1554,19,1573,3
2021-10-03,Monterey,053,433212,47970,47049,2701,49750,571
2021-10-03,Napa,055,140530,12579,12489,98,12587,96
2021-10-03,Nevada,057,99092,8629,8545,304,8849,90
2021-10-03,Orange,059,3164182,300373,298027,14348,312375,5447
2021-10-03,Placer,061,380077,35024,34596,3363,37959,379
2021-10-03,Plumas,063,18699,1411,1328,26,1354,6
2021-10-03,Riverside,065,2383286,352974,348593,16105,364698,4924
2021-10-03,Sacramento,067,1510023,151648,150664,4053,154717,2120
2021-10-03,San Benito,069,59416,7118,7095,152,7247,69
2021-10-03,San Bernardino,071,2135413,344404,342302,10799,353101,5555
2021-10-03,San Diego,073,3302833,360510,358153,20946,379099,4081
2021-10-03,San Francisco,075,870044,51271,50733,2211,52944,638
2021-10-03,San Joaquin,077,732212,95965,95133,5183,100316,1649
2021-10-03,San Luis Obispo,079,281455,28484,28065,1141,29206,325
2021-10-03,San Mateo,081,765935,52818,51923,810,52733,569
2021-10-03,Santa Barbara,083,443738,42944,42550,1564,44114,511
2021-10-03,Santa Clara,085,1922200,142865,141737,1165,142902,1869
2021-10-03,Santa Cruz,087,273765,19743,19548,985,20533,216
2021-10-03,Shasta,089,179085,19531,19132,3263,22395,279
2021-10-03,Sierra,091,2930,143,136,14,150,0
2021-10-03,Siskiyou,093,43540,3181,3096,1162,4258,42
2021-10-03,Solano,095,438530,44748,44051,1185,45236,322
2021-10-03,Sonoma,097,501317,39913,39679,500,40179,381
2021-10-03,Stanislaus,099,539301,74612,74366,8399,82765,1106
2021-10-03,Sutter,101,95872,13363,13248,281,13529,164
2021-10-03,Tehama,103,63373,7709,7564,1300,8864,94
2021-10-03,Trinity,105,12862,793,647,202,849,11
2021-10-03,Tulare,107,460477,64112,62860,13517,76377,924
2021-10-03,Tuolumne,109,53932,6493,6430,75,6505,89
2021-10-03,Ventura,111,848112,95883,95108,4207,99315,1153
2021-10-03,Yolo,113,214977,18946,18720,1005,19725,242
2021-10-03,Yuba,115,75493,9572,9462,227,9689,68
2021-10-02,Alameda,001,1643700,116389,115185,2700,117885,1343
2021-10-02,Alpine,003,1148,99,102,0,102,0
2021-10-02,Amador,005,37829,5245,5105,52,5157,61
2021-10-02,Butte,007,227075,19421,18911,3496,22407,243
2021-10-02,Calaveras,009,45235,3682,3585,44,3629,72
2021-10-02,Colusa,011,21464,2438,2403,567,2970,18
2021-10-02,Contra Costa,013,1133247,96479,95369,2024,97393,933
2021-10-02,Del Norte,015,27424,3565,3468,39,3507,39
2021-10-02,El Dorado,017,186661,15184,14887,1569,16456,136
2021-10-02,Fresno,019,978130,131057,128450,11673,140123,1964
2021-10-02,Glenn,021,27897,3307,3234,922,4156,26
2021-10-02,Humboldt,023,135768,8462,8244,441,8685,94
2021-10-02,Imperial,025,180216,32049,31674,3213,34887,757
2021-10-02,Inyo,027,18085,1817,1746,36,1782,39
2021-10-02,Kern,029,883053,120337,117962,19363,137325,1524
2021-10-02,Kings,031,150075,30093,29339,1751,31090,301
2021-10-02,Lake,033,64148,6322,6191,126,6317,97
2021-10-02,Lassen,035,31185,6497,6360,306,6666,25
2021-10-02,Los Angeles,037,10098052,1407367,1395070,52782,1447852,26126
2021-10-02,Madera,039,155013,21448,20931,1789,22720,266
2021-10-02,Marin,041,260295,17109,16936,416,17352,242
2021-10-02,Mariposa,043,17540,1050,967,33,1000,5
2021-10-02,Mendocino,045,87422,7052,6869,396,7265,78
2021-10-02,Merced,047,269075,39750,39196,1504,40700,552
2021-10-02,Modoc,049,8938,485,468,171,639,5
2021-10-02,Mono,051,14174,1586,1540,19,1559,3
2021-10-02,Monterey,053,433212,47915,46964,2700,49664,571
2021-10-02,Napa,055,140530,12568,12433,98,12531,96
2021-10-02,Nevada,057,99092,8618,8474,303,8777,87
2021-10-02,Orange,059,3164182,300208,297307,14328,311635,5435
2021-10-02,Placer,061,380077,34958,34377,3354,37731,381
2021-10-02,Plumas,063,18699,1400,1298,26,1324,6
2021-10-02,Riverside,065,2383286,352733,347227,16094,363321,4895
2021-10-02,Sacramento,067,1510023,151474,149897,4045,153942,2099
2021-10-02,San Benito,069,59416,7111,7055,152,7207,69
2021-10-02,San Bernardino,071,2135413,344221,341212,10749,351961,5540
2021-10-02,San Diego,073,3302833,360188,356454,20924,377378,4078
2021-10-02,San Francisco,075,870044,51222,50393,2206,52599,634
2021-10-02,San Joaquin,077,732212,95900,94599,5177,99776,1646
2021-10-02,San Luis Obispo,079,281455,28460,27915,1141,29056,323
2021-10-02,San Mateo,081,765935,52777,51767,806,52573,573
2021-10-02,Santa Barbara,083,443738,42904,42423,1564,43987,508
2021-10-02,Santa Clara,085,1922200,142751,141231,1161,142392,1862
2021-10-02,Santa Cruz,087,273765,19726,19461,984,20445,214
2021-10-02,Shasta,089,179085,19485,18912,3257,22169,270
2021-10-02,Sierra,091,2930,142,131,14,145,0
2021-10-02,Siskiyou,093,43540,3180,3053,1159,4212,42
2021-10-02,Solano,095,438530,44703,43800,1184,44984,321
2021-10-02,Sonoma,097,501317,39879,39497,499,39996,382
2021-10-02,Stanislaus,099,539301,74526,73859,8385,82244,1099
2021-10-02,Sutter,101,95872,13354,13160,280,13440,160
2021-10-02,Tehama,103,63373,7694,7453,1300,8753,93
2021-10-02,Trinity,105,12862,790,625,202,827,10
2021-10-02,Tulare,107,460477,64038,62247,13490,75737,908
2021-10-02,Tuolumne,109,53932,6479,6369,75,6444,89
2021-10-02,Ventura,111,848112,95811,94854,4202,99056,1148
2021-10-02,Yolo,113,214977,18921,18640,1001,19641,242
2021-10-02,Yuba,115,75493,9553,9370,226,9596,66
2021-10-01,Alameda,001,1643700,116313,115185,2694,117879,1343
2021-10-01,Alpine,003,1148,99,102,0,102,0
2021-10-01,Amador,005,37829,5225,5105,52,5157,61
2021-10-01,Butte,007,227075,19380,18911,3490,22401,243
2021-10-01,Calaveras,009,45235,3672,3585,44,3629,72
2021-10-01,Colusa,011,21464,2436,2403,567,2970,18
2021-10-01,Contra Costa,013,1133247,96380,95369,2020,97389,933
2021-10-01,Del Norte,015,27424,3562,3468,38,3506,39
2021-10-01,El Dorado,017,186661,15166,14887,1565,16452,136
2021-10-01,Fresno,019,978130,130869,128450,11664,140114,1964
2021-10-01,Glenn,021,27897,3305,3234,921,4155,26
2021-10-01,Humboldt,023,135768,8446,8244,441,8685,94
2021-10-01,Imperial,025,180216,32031,31674,3204,34878,757
2021-10-01,Inyo,027,18085,1808,1746,36,1782,39
2021-10-01,Kern,029,883053,120185,117962,19305,137267,1524
2021-10-01,Kings,031,150075,30059,29339,1745,31084,301
2021-10-01,Lake,033,64148,6312,6191,126,6317,97
2021-10-01,Lassen,035,31185,6486,6360,304,6664,25
2021-10-01,Los Angeles,037,10098052,1406607,1395070,52737,1447807,26126
2021-10-01,Madera,039,155013,21398,20931,1780,22711,266
2021-10-01,Marin,041,260295,17094,16936,415,17351,242
2021-10-01,Mariposa,043,17540,1043,967,33,1000,5
2021-10-01,Mendocino,045,87422,7040,6869,396,7265,78
2021-10-01,Merced,047,269075,39705,39196,1495,40691,552
2021-10-01,Modoc,049,8938,484,468,171,639,5
2021-10-01,Mono,051,14174,1583,1540,19,1559,3
2021-10-01,Monterey,053,433212,47894,46964,2697,49661,571
2021-10-01,Napa,055,140530,12558,12433,97,12530,96
2021-10-01,Nevada,057,99092,8604,8474,302,8776,87
2021-10-01,Orange,059,3164182,300024,297307,14308,311615,5435
2021-10-01,Placer,061,380077,34924,34377,3350,37727,381
2021-10-01,Plumas,063,18699,1391,1298,26,1324,6
2021-10-01,Riverside,065,2383286,352440,347227,16086,363313,4895
2021-10-01,Sacramento,067,1510023,151323,149897,4034,153931,2099
2021-10-01,San Benito,069,59416,7109,7055,150,7205,69
2021-10-01,San Bernardino,071,2135413,344022,341212,10746,351958,5540
2021-10-01,San Diego,073,3302833,359821,356454,20903,377357,4078
2021-10-01,San Francisco,075,870044,51181,50393,2204,52597,634
2021-10-01,San Joaquin,077,732212,95830,94599,5173,99772,1646
2021-10-01,San Luis Obispo,079,281455,28436,27915,1138,29053,323
2021-10-01,San Mateo,081,765935,52737,51767,803,52570,573
2021-10-01,Santa Barbara,083,443738,42868,42423,1564,43987,508
2021-10-01,Santa Clara,085,1922200,142658,141231,1156,142387,1862
2021-10-01,Santa Cruz,087,273765,19706,19461,983,20444,214
2021-10-01,Shasta,089,179085,19431,18912,3249,22161,270
2021-10-01,Sierra,091,2930,142,131,14,145,0
2021-10-01,Siskiyou,093,43540,3179,3053,1156,4209,42
2021-10-01,Solano,095,438530,44651,43800,1178,44978,321
2021-10-01,Sonoma,097,501317,39847,39497,498,39995,382
2021-10-01,Stanislaus,099,539301,74442,73859,8374,82233,1099
2021-10-01,Sutter,101,95872,13338,13160,278,13438,160
2021-10-01,Tehama,103,63373,7682,7453,1298,8751,93
2021-10-01,Trinity,105,12862,788,625,202,827,10
2021-10-01,Tulare,107,460477,63935,62247,13455,75702,908
2021-10-01,Tuolumne,109,53932,6462,6369,75,6444,89
2021-10-01,Ventura,111,848112,95744,94854,4197,99051,1148
2021-10-01,Yolo,113,214977,18897,18640,998,19638,242
2021-10-01,Yuba,115,75493,9531,9370,226,9596,66
2021-09-30,Alameda,001,1643700,116168,115185,2691,117876,1343
2021-09-30,Alpine,003,1148,99,102,0,102,0
2021-09-30,Amador,005,37829,5213,5105,52,5157,61
2021-09-30,Butte,007,227075,19331,18911,3481,22392,243
2021-09-30,Calaveras,009,45235,3658,3585,44,3629,72
2021-09-30,Colusa,011,21464,2433,2403,566,2969,18
2021-09-30,Contra Costa,013,1133247,96276,95369,2014,97383,933
2021-09-30,Del Norte,015,27424,3558,3468,35,3503,39
2021-09-30,El Dorado,017,186661,15141,14887,1557,16444,136
2021-09-30,Fresno,019,978130,130593,128450,11635,140085,1964
2021-09-30,Glenn,021,27897,3295,3234,919,4153,26
2021-09-30,Humboldt,023,135768,8414,8244,435,8679,94
2021-09-30,Imperial,025,180216,31979,31674,3200,34874,757
2021-09-30,Inyo,027,18085,1798,1746,36,1782,39
2021-09-30,Kern,029,883053,119941,117962,19223,137185,1524
2021-09-30,Kings,031,150075,29969,29339,1741,31080,301
2021-09-30,Lake,033,64148,6294,6191,126,6317,97
2021-09-30,Lassen,035,31185,6472,6360,304,6664,25
2021-09-30,Los Angeles,037,10098052,1405401,1395070,52678,1447748,26126
2021-09-30,Madera,039,155013,21315,20931,1765,22696,266
2021-09-30,Marin,041,260295,17074,16936,414,17350,242
2021-09-30,Mariposa,043,17540,1021,967,33,1000,5
2021-09-30,Mendocino,045,87422,7031,6869,387,7256,78
2021-09-30,Merced,047,269075,39608,39196,1491,40687,552
2021-09-30,Modoc,049,8938,484,468,170,638,5
2021-09-30,Mono,051,14174,1575,1540,19,1559,3
2021-09-30,Monterey,053,433212,47865,46964,2685,49649,571
2021-09-30,Napa,055,140530,12538,12433,97,12530,96
2021-09-30,Nevada,057,99092,8587,8474,301,8775,87
2021-09-30,Orange,059,3164182,299752,297307,14269,311576,5435
2021-09-30,Placer,061,380077,34872,34377,3329,37706,381
2021-09-30,Plumas,063,18699,1373,1298,26,1324,6
2021-09-30,Riverside,065,2383286,352007,347227,16065,363292,4895
2021-09-30,Sacramento,067,1510023,151067,149897,4008,153905,2099
2021-09-30,San Benito,069,59416,7103,7055,150,7205,69
2021-09-30,San Bernardino,071,2135413,343712,341212,10731,351943,5540
2021-09-30,San Diego,073,3302833,359327,356454,20877,377331,4078
2021-09-30,San Francisco,075,870044,51104,50393,2200,52593,634
2021-09-30,San Joaquin,077,732212,95701,94599,5165,99764,1646
2021-09-30,San Luis Obispo,079,281455,28387,27915,1134,29049,323
2021-09-30,San Mateo,081,765935,52688,51767,800,52567,573
2021-09-30,Santa Barbara,083,443738,42812,42423,1563,43986,508
2021-09-30,Santa Clara,085,1922200,142507,141231,1153,142384,1862
2021-09-30,Santa Cruz,087,273765,19666,19461,982,20443,214
2021-09-30,Shasta,089,179085,19369,18912,3234,22146,270
2021-09-30,Sierra,091,2930,141,131,14,145,0
2021-09-30,Siskiyou,093,43540,3171,3053,1151,4204,42
2021-09-30,Solano,095,438530,44599,43800,1175,44975,321
2021-09-30,Sonoma,097,501317,39798,39497,498,39995,382
2021-09-30,Stanislaus,099,539301,74282,73859,8355,82214,1099
2021-09-30,Sutter,101,95872,13317,13160,278,13438,160
2021-09-30,Tehama,103,63373,7645,7453,1287,8740,93
2021-09-30,Trinity,105,12862,784,625,202,827,10
2021-09-30,Tulare,107,460477,63759,62247,13396,75643,908
2021-09-30,Tuolumne,109,53932,6439,6369,75,6444,89
2021-09-30,Ventura,111,848112,95639,94854,4190,99044,1148
2021-09-30,Yolo,113,214977,18858,18640,994,19634,242
2021-09-30,Yuba,115,75493,9508,9370,225,9595,66
2021-09-29,Alameda,001,1643700,116019,114998,2688,117686,1339
2021-09-29,Alpine,003,1148,99,101,0,101,0
2021-09-29,Amador,005,37829,5191,5058,52,5110,61
2021-09-29,Butte,007,227075,19277,18835,3474,22309,242
2021-09-29,Calaveras,009,45235,3641,3553,43,3596,72
2021-09-29,Colusa,011,21464,2431,2401,566,2967,18
2021-09-29,Contra Costa,013,1133247,96162,95213,2006,97219,929
2021-09-29,Del Norte,015,27424,3552,3467,35,3502,39
2021-09-29,El Dorado,017,186661,15107,14834,1550,16384,136
2021-09-29,Fresno,019,978130,130295,128068,11616,139684,1957
2021-09-29,Glenn,021,27897,3291,3213,916,4129,26
2021-09-29,Humboldt,023,135768,8390,8203,434,8637,94
2021-09-29,Imperial,025,180216,31912,31600,3195,34795,757
2021-09-29,Inyo,027,18085,1788,1740,35,1775,39
2021-09-29,Kern,029,883053,119706,117605,19147,136752,1513
2021-09-29,Kings,031,150075,29885,29195,1726,30921,299
2021-09-29,Lake,033,64148,6274,6164,126,6290,97
2021-09-29,Lassen,035,31185,6458,6347,304,6651,25
2021-09-29,Los Angeles,037,10098052,1404190,1393617,52606,1446223,26098
2021-09-29,Madera,039,155013,21270,20818,1751,22569,266
2021-09-29,Marin,041,260295,17056,16921,412,17333,242
2021-09-29,Mariposa,043,17540,1006,963,33,996,5
2021-09-29,Mendocino,045,87422,7019,6821,379,7200,78
2021-09-29,Merced,047,269075,39514,39026,1480,40506,552
2021-09-29,Modoc,049,8938,482,468,170,638,5
2021-09-29,Mono,051,14174,1573,1527,19,1546,3
2021-09-29,Monterey,053,433212,47828,46917,2672,49589,571
2021-09-29,Napa,055,140530,12518,12416,93,12509,96
2021-09-29,Nevada,057,99092,8574,8434,301,8735,87
2021-09-29,Orange,059,3164182,299483,296936,14233,311169,5429
2021-09-29,Placer,061,380077,34808,34271,3306,37577,379
2021-09-29,Plumas,063,18699,1354,1289,26,1315,6
2021-09-29,Riverside,065,2383286,351573,346558,16052,362610,4886
2021-09-29,Sacramento,067,1510023,150816,149686,3998,153684,2099
2021-09-29,San Benito,069,59416,7092,7039,150,7189,69
2021-09-29,San Bernardino,071,2135413,343394,340672,10717,351389,5539
2021-09-29,San Diego,073,3302833,358825,355899,20847,376746,4066
2021-09-29,San Francisco,075,870044,51019,50286,2196,52482,629
2021-09-29,San Joaquin,077,732212,95544,94356,5143,99499,1645
2021-09-29,San Luis Obispo,079,281455,28341,27800,1128,28928,323
2021-09-29,San Mateo,081,765935,52629,51673,798,52471,573
2021-09-29,Santa Barbara,083,443738,42740,42328,1560,43888,507
2021-09-29,Santa Clara,085,1922200,142373,141036,1147,142183,1861
2021-09-29,Santa Cruz,087,273765,19648,19425,981,20406,214
2021-09-29,Shasta,089,179085,19303,18805,3222,22027,271
2021-09-29,Sierra,091,2930,137,130,14,144,0
2021-09-29,Siskiyou,093,43540,3158,3043,1144,4187,42
2021-09-29,Solano,095,438530,44543,43724,1168,44892,321
2021-09-29,Sonoma,097,501317,39737,39426,496,39922,370
2021-09-29,Stanislaus,099,539301,74150,73634,8344,81978,1096
2021-09-29,Sutter,101,95872,13290,13135,275,13410,155
2021-09-29,Tehama,103,63373,7615,7409,1272,8681,88
2021-09-29,Trinity,105,12862,780,616,202,818,10
2021-09-29,Tulare,107,460477,63587,62046,13337,75383,908
2021-09-29,Tuolumne,109,53932,6422,6336,75,6411,89
2021-09-29,Ventura,111,848112,95549,94753,4186,98939,1144
2021-09-29,Yolo,113,214977,18825,18587,989,19576,239
2021-09-29,Yuba,115,75493,9477,9351,221,9572,66
2021-09-28,Alameda,001,1643700,115859,114869,2681,117550,1333
2021-09-28,Alpine,003,1148,99,101,0,101,0
2021-09-28,Amador,005,37829,5169,5049,52,5101,61
2021-09-28,Butte,007,227075,19226,18764,3461,22225,241
2021-09-28,Calaveras,009,45235,3621,3530,43,3573,72
2021-09-28,Colusa,011,21464,2428,2399,564,2963,18
2021-09-28,Contra Costa,013,1133247,96020,95115,2001,97116,929
2021-09-28,Del Norte,015,27424,3549,3462,35,3497,39
2021-09-28,El Dorado,017,186661,15060,14793,1546,16339,133
2021-09-28,Fresno,019,978130,129950,127877,11589,139466,1948
2021-09-28,Glenn,021,27897,3286,3205,916,4121,26
2021-09-28,Humboldt,023,135768,8348,8159,431,8590,91
2021-09-28,Imperial,025,180216,31868,31543,3190,34733,757
2021-09-28,Inyo,027,18085,1774,1708,34,1742,39
2021-09-28,Kern,029,883053,119438,117420,19052,136472,1506
2021-09-28,Kings,031,150075,29785,29141,1718,30859,295
2021-09-28,Lake,033,64148,6259,6155,126,6281,95
2021-09-28,Lassen,035,31185,6452,6340,300,6640,25
2021-09-28,Los Angeles,037,10098052,1402896,1392445,52537,1444982,26068
2021-09-28,Madera,039,155013,21216,20764,1737,22501,266
2021-09-28,Marin,041,260295,17037,16887,410,17297,242
2021-09-28,Mariposa,043,17540,1001,952,33,985,5
2021-09-28,Mendocino,045,87422,6997,6804,377,7181,78
2021-09-28,Merced,047,269075,39427,38953,1467,40420,551
2021-09-28,Modoc,049,8938,481,467,170,637,5
2021-09-28,Mono,051,14174,1563,1527,19,1546,3
2021-09-28,Monterey,053,433212,47791,46859,2663,49522,571
2021-09-28,Napa,055,140530,12501,12388,92,12480,96
2021-09-28,Nevada,057,99092,8551,8409,300,8709,84
2021-09-28,Orange,059,3164182,299230,296596,14205,310801,5421
2021-09-28,Placer,061,380077,34743,34187,3288,37475,370
2021-09-28,Plumas,063,18699,1345,1276,26,1302,6
2021-09-28,Riverside,065,2383286,351114,346096,16031,362127,4874
2021-09-28,Sacramento,067,1510023,150527,149310,3976,153286,2086
2021-09-28,San Benito,069,59416,7075,7028,149,7177,69
2021-09-28,San Bernardino,071,2135413,343046,340342,10700,351042,5540
2021-09-28,San Diego,073,3302833,358264,355373,20816,376189,4054
2021-09-28,San Francisco,075,870044,50918,50234,2195,52429,627
2021-09-28,San Joaquin,077,732212,95391,94194,5130,99324,1639
2021-09-28,San Luis Obispo,079,281455,28306,27755,1123,28878,321
2021-09-28,San Mateo,081,765935,52583,51620,797,52417,571
2021-09-28,Santa Barbara,083,443738,42668,42226,1559,43785,506
2021-09-28,Santa Clara,085,1922200,142211,140886,1138,142024,1858
2021-09-28,Santa Cruz,087,273765,19607,19324,980,20304,214
2021-09-28,Shasta,089,179085,19242,18701,3208,21909,267
2021-09-28,Sierra,091,2930,136,130,13,143,0
2021-09-28,Siskiyou,093,43540,3146,3032,1141,4173,42
2021-09-28,Solano,095,438530,44470,43652,1165,44817,316
2021-09-28,Sonoma,097,501317,39690,39395,495,39890,370
2021-09-28,Stanislaus,099,539301,73979,73528,8332,81860,1094
2021-09-28,Sutter,101,95872,13271,13102,271,13373,155
2021-09-28,Tehama,103,63373,7597,7382,1257,8639,88
2021-09-28,Trinity,105,12862,777,613,202,815,10
2021-09-28,Tulare,107,460477,63427,61916,13278,75194,905
2021-09-28,Tuolumne,109,53932,6396,6308,75,6383,89
2021-09-28,Ventura,111,848112,95423,94632,4183,98815,1143
2021-09-28,Yolo,113,214977,18799,18564,986,19550,239
2021-09-28,Yuba,115,75493,9458,9323,220,9543,66
2021-09-27,Alameda,001,1643700,115670,114731,2672,117403,1327
2021-09-27,Alpine,003,1148,99,101,0,101,0
2021-09-27,Amador,005,37829,5155,5017,52,5069,59
2021-09-27,Butte,007,227075,19169,18687,3445,22132,239
2021-09-27,Calaveras,009,45235,3601,3514,42,3556,70
2021-09-27,Colusa,011,21464,2427,2393,563,2956,18
2021-09-27,Contra Costa,013,1133247,95889,94979,1992,96971,924
2021-09-27,Del Norte,015,27424,3547,3468,33,3501,37
2021-09-27,El Dorado,017,186661,15021,14764,1539,16303,132
2021-09-27,Fresno,019,978130,129631,127475,11557,139032,1942
2021-09-27,Glenn,021,27897,3272,3189,911,4100,26
2021-09-27,Humboldt,023,135768,8308,8118,431,8549,91
2021-09-27,Imperial,025,180216,31805,31491,3183,34674,756
2021-09-27,Inyo,027,18085,1762,1698,34,1732,39
2021-09-27,Kern,029,883053,119162,117064,18954,136018,1503
2021-09-27,Kings,031,150075,29687,28998,1706,30704,297
2021-09-27,Lake,033,64148,6239,6126,124,6250,95
2021-09-27,Lassen,035,31185,6437,6327,296,6623,25
2021-09-27,Los Angeles,037,10098052,1401560,1391538,52468,1444006,26040
2021-09-27,Madera,039,155013,21151,20691,1729,22420,262
2021-09-27,Marin,041,260295,17015,16861,409,17270,242
2021-09-27,Mariposa,043,17540,991,931,33,964,5
2021-09-27,Mendocino,045,87422,6971,6761,370,7131,74
2021-09-27,Merced,047,269075,39329,38840,1461,40301,548
2021-09-27,Modoc,049,8938,480,465,168,633,5
2021-09-27,Mono,051,14174,1551,1525,19,1544,3
2021-09-27,Monterey,053,433212,47748,46811,2651,49462,571
2021-09-27,Napa,055,140530,12477,12354,91,12445,95
2021-09-27,Nevada,057,99092,8528,8379,297,8676,84
2021-09-27,Orange,059,3164182,298925,296334,14174,310508,5409
2021-09-27,Placer,061,380077,34656,34087,3283,37370,370
2021-09-27,Plumas,063,18699,1335,1269,26,1295,6
2021-09-27,Riverside,065,2383286,350672,345529,16021,361550,4864
2021-09-27,Sacramento,067,1510023,150209,149096,3954,153050,2076
2021-09-27,San Benito,069,59416,7058,7017,149,7166,67
2021-09-27,San Bernardino,071,2135413,342632,339952,10675,350627,5544
2021-09-27,San Diego,073,3302833,357606,354755,20791,375546,4054
2021-09-27,San Francisco,075,870044,50834,50157,2191,52348,622
2021-09-27,San Joaquin,077,732212,95208,94085,5127,99212,1633
2021-09-27,San Luis Obispo,079,281455,28251,27674,1120,28794,320
2021-09-27,San Mateo,081,765935,52505,51552,797,52349,571
2021-09-27,Santa Barbara,083,443738,42601,42012,1555,43567,505
2021-09-27,Santa Clara,085,1922200,142029,140802,1128,141930,1853
2021-09-27,Santa Cruz,087,273765,19583,19292,979,20271,214
2021-09-27,Shasta,089,179085,19161,18599,3181,21780,267
2021-09-27,Sierra,091,2930,136,128,13,141,0
2021-09-27,Siskiyou,093,43540,3134,3015,1136,4151,42
2021-09-27,Solano,095,438530,44395,43582,1159,44741,314
2021-09-27,Sonoma,097,501317,39637,39347,495,39842,370
2021-09-27,Stanislaus,099,539301,73825,73370,8312,81682,1091
2021-09-27,Sutter,101,95872,13240,13082,268,13350,155
2021-09-27,Tehama,103,63373,7556,7345,1247,8592,88
2021-09-27,Trinity,105,12862,766,605,201,806,9
2021-09-27,Tulare,107,460477,63227,61708,13207,74915,904
2021-09-27,Tuolumne,109,53932,6374,6264,75,6339,89
2021-09-27,Ventura,111,848112,95297,94477,4179,98656,1138
2021-09-27,Yolo,113,214977,18767,18524,985,19509,239
2021-09-27,Yuba,115,75493,9421,9292,216,9508,64
2021-09-26,Alameda,001,1643700,115473,114601,2665,117266,1326
2021-09-26,Alpine,003,1148,99,101,0,101,0
2021-09-26,Amador,005,37829,5123,5001,51,5052,59
2021-09-26,Butte,007,227075,19093,18634,3428,22062,238
2021-09-26,Calaveras,009,45235,3580,3505,42,3547,70
2021-09-26,Colusa,011,21464,2421,2392,560,2952,18
2021-09-26,Contra Costa,013,1133247,95715,94877,1979,96856,924
2021-09-26,Del Norte,015,27424,3541,3466,32,3498,37
2021-09-26,El Dorado,017,186661,14979,14738,1531,16269,132
2021-09-26,Fresno,019,978130,129275,127235,11517,138752,1939
2021-09-26,Glenn,021,27897,3261,3182,910,4092,26
2021-09-26,Humboldt,023,135768,8273,8098,430,8528,91
2021-09-26,Imperial,025,180216,31744,31462,3182,34644,756
2021-09-26,Inyo,027,18085,1747,1685,34,1719,39
2021-09-26,Kern,029,883053,118826,116927,18844,135771,1502
2021-09-26,Kings,031,150075,29586,28930,1695,30625,293
2021-09-26,Lake,033,64148,6222,6113,124,6237,95
2021-09-26,Lassen,035,31185,6427,6319,291,6610,25
2021-09-26,Los Angeles,037,10098052,1400071,1390577,52397,1442974,26035
2021-09-26,Madera,039,155013,21077,20629,1710,22339,262
2021-09-26,Marin,041,260295,16992,16860,409,17269,242
2021-09-26,Mariposa,043,17540,985,929,33,962,5
2021-09-26,Mendocino,045,87422,6937,6744,355,7099,74
2021-09-26,Merced,047,269075,39168,38717,1456,40173,548
2021-09-26,Modoc,049,8938,480,465,167,632,5
2021-09-26,Mono,051,14174,1547,1516,19,1535,3
2021-09-26,Monterey,053,433212,47701,46792,2637,49429,571
2021-09-26,Napa,055,140530,12453,12340,90,12430,95
2021-09-26,Nevada,057,99092,8497,8356,292,8648,84
2021-09-26,Orange,059,3164182,298588,296085,14142,310227,5409
2021-09-26,Placer,061,380077,34562,34043,3273,37316,370
2021-09-26,Plumas,063,18699,1317,1268,26,1294,6
2021-09-26,Riverside,065,2383286,350139,345257,16007,361264,4864
2021-09-26,Sacramento,067,1510023,149805,148745,3935,152680,2071
2021-09-26,San Benito,069,59416,7041,7012,148,7160,67
2021-09-26,San Bernardino,071,2135413,342178,339771,10660,350431,5545
2021-09-26,San Diego,073,3302833,356964,354414,20750,375164,4051
2021-09-26,San Francisco,075,870044,50708,50092,2183,52275,622
2021-09-26,San Joaquin,077,732212,95004,93935,5113,99048,1633
2021-09-26,San Luis Obispo,079,281455,28177,27624,1115,28739,319
2021-09-26,San Mateo,081,765935,52436,51496,795,52291,571
2021-09-26,Santa Barbara,083,443738,42514,41946,1552,43498,505
2021-09-26,Santa Clara,085,1922200,141829,140667,1125,141792,1852
2021-09-26,Santa Cruz,087,273765,19558,19279,979,20258,214
2021-09-26,Shasta,089,179085,19052,18566,3158,21724,266
2021-09-26,Sierra,091,2930,136,128,13,141,0
2021-09-26,Siskiyou,093,43540,3120,2998,1126,4124,42
2021-09-26,Solano,095,438530,44328,43537,1158,44695,314
2021-09-26,Sonoma,097,501317,39578,39302,495,39797,370
2021-09-26,Stanislaus,099,539301,73623,73243,8284,81527,1091
2021-09-26,Sutter,101,95872,13203,13045,267,13312,155
2021-09-26,Tehama,103,63373,7498,7323,1237,8560,88
2021-09-26,Trinity,105,12862,763,591,201,792,9
2021-09-26,Tulare,107,460477,63005,61560,13128,74688,904
2021-09-26,Tuolumne,109,53932,6346,6236,73,6309,89
2021-09-26,Ventura,111,848112,95184,94391,4172,98563,1138
2021-09-26,Yolo,113,214977,18732,18496,977,19473,239
2021-09-26,Yuba,115,75493,9394,9275,216,9491,64
2021-09-25,Alameda,001,1643700,115394,114014,2662,116676,1324
2021-09-25,Alpine,003,1148,99,101,0,101,0
2021-09-25,Amador,005,37829,5109,4934,51,4985,59
2021-09-25,Butte,007,227075,19064,18396,3419,21815,236
2021-09-25,Calaveras,009,45235,3577,3461,42,3503,70
2021-09-25,Colusa,011,21464,2419,2387,558,2945,16
2021-09-25,Contra Costa,013,1133247,95644,94337,1975,96312,924
2021-09-25,Del Norte,015,27424,3540,3404,32,3436,35
2021-09-25,El Dorado,017,186661,14956,14641,1527,16168,130
2021-09-25,Fresno,019,978130,129131,126299,11504,137803,1927
2021-09-25,Glenn,021,27897,3256,3144,909,4053,25
2021-09-25,Humboldt,023,135768,8254,8014,428,8442,88
2021-09-25,Imperial,025,180216,31717,31280,3182,34462,755
2021-09-25,Inyo,027,18085,1739,1657,34,1691,39
2021-09-25,Kern,029,883053,118671,116021,18776,134797,1485
2021-09-25,Kings,031,150075,29535,28636,1692,30328,293
2021-09-25,Lake,033,64148,6217,6046,122,6168,92
2021-09-25,Lassen,035,31185,6415,6248,290,6538,25
2021-09-25,Los Angeles,037,10098052,1399356,1386417,52358,1438775,25964
2021-09-25,Madera,039,155013,21052,20432,1704,22136,262
2021-09-25,Marin,041,260295,16983,16802,407,17209,242
2021-09-25,Mariposa,043,17540,980,906,33,939,5
2021-09-25,Mendocino,045,87422,6918,6657,354,7011,74
2021-09-25,Merced,047,269075,39122,38393,1454,39847,546
2021-09-25,Modoc,049,8938,480,460,167,627,5
2021-09-25,Mono,051,14174,1544,1501,19,1520,3
2021-09-25,Monterey,053,433212,47671,46653,2635,49288,567
2021-09-25,Napa,055,140530,12433,12266,90,12356,95
2021-09-25,Nevada,057,99092,8480,8285,292,8577,84
2021-09-25,Orange,059,3164182,298415,294514,14124,308638,5374
2021-09-25,Placer,061,380077,34498,33764,3270,37034,367
2021-09-25,Plumas,063,18699,1313,1238,26,1264,6
2021-09-25,Riverside,065,2383286,349816,343463,15999,359462,4843
2021-09-25,Sacramento,067,1510023,149629,147728,3926,151654,2049
2021-09-25,San Benito,069,59416,7036,6965,148,7113,67
2021-09-25,San Bernardino,071,2135413,341945,338413,10646,349059,5540
2021-09-25,San Diego,073,3302833,356614,352017,20724,372741,4039
2021-09-25,San Francisco,075,870044,50664,49840,2182,52022,615
2021-09-25,San Joaquin,077,732212,94918,93273,5111,98384,1628
2021-09-25,San Luis Obispo,079,281455,28139,27447,1111,28558,318
2021-09-25,San Mateo,081,765935,52372,51266,793,52059,568
2021-09-25,Santa Barbara,083,443738,42456,41728,1552,43280,505
2021-09-25,Santa Clara,085,1922200,141723,140023,1123,141146,1844
2021-09-25,Santa Cruz,087,273765,19542,19200,977,20177,214
2021-09-25,Shasta,089,179085,19001,18256,3149,21405,262
2021-09-25,Sierra,091,2930,135,127,13,140,0
2021-09-25,Siskiyou,093,43540,3113,2956,1116,4072,41
2021-09-25,Solano,095,438530,44287,43331,1155,44486,312
2021-09-25,Sonoma,097,501317,39537,39112,495,39607,369
2021-09-25,Stanislaus,099,539301,73513,72628,8270,80898,1091
2021-09-25,Sutter,101,95872,13185,12976,264,13240,154
2021-09-25,Tehama,103,63373,7483,7200,1235,8435,86
2021-09-25,Trinity,105,12862,763,576,201,777,9
2021-09-25,Tulare,107,460477,62923,60909,13083,73992,898
2021-09-25,Tuolumne,109,53932,6334,6168,73,6241,89
2021-09-25,Ventura,111,848112,95117,94059,4168,98227,1129
2021-09-25,Yolo,113,214977,18710,18393,976,19369,239
2021-09-25,Yuba,115,75493,9374,9191,216,9407,61
2021-09-24,Alameda,001,1643700,115287,114014,2658,116672,1324
2021-09-24,Alpine,003,1148,99,101,0,101,0
2021-09-24,Amador,005,37829,5079,4934,51,4985,59
2021-09-24,Butte,007,227075,19012,18396,3410,21806,236
2021-09-24,Calaveras,009,45235,3570,3461,41,3502,70
2021-09-24,Colusa,011,21464,2416,2387,557,2944,16
2021-09-24,Contra Costa,013,1133247,95536,94337,1971,96308,924
2021-09-24,Del Norte,015,27424,3537,3404,32,3436,35
2021-09-24,El Dorado,017,186661,14938,14641,1523,16164,130
2021-09-24,Fresno,019,978130,128932,126299,11492,137791,1927
2021-09-24,Glenn,021,27897,3249,3144,909,4053,25
2021-09-24,Humboldt,023,135768,8235,8014,425,8439,88
2021-09-24,Imperial,025,180216,31679,31280,3179,34459,755
2021-09-24,Inyo,027,18085,1730,1657,34,1691,39
2021-09-24,Kern,029,883053,118535,116021,18710,134731,1485
2021-09-24,Kings,031,150075,29494,28636,1687,30323,293
2021-09-24,Lake,033,64148,6209,6046,122,6168,92
2021-09-24,Lassen,035,31185,6407,6248,289,6537,25
2021-09-24,Los Angeles,037,10098052,1398475,1386417,52315,1438732,25964
2021-09-24,Madera,039,155013,21021,20432,1695,22127,262
2021-09-24,Marin,041,260295,16969,16802,406,17208,242
2021-09-24,Mariposa,043,17540,968,906,33,939,5
2021-09-24,Mendocino,045,87422,6905,6657,354,7011,74
2021-09-24,Merced,047,269075,39078,38393,1454,39847,546
2021-09-24,Modoc,049,8938,480,460,166,626,5
2021-09-24,Mono,051,14174,1539,1501,19,1520,3
2021-09-24,Monterey,053,433212,47650,46653,2627,49280,567
2021-09-24,Napa,055,140530,12414,12266,90,12356,95
2021-09-24,Nevada,057,99092,8466,8285,289,8574,84
2021-09-24,Orange,059,3164182,298207,294514,14106,308620,5374
2021-09-24,Placer,061,380077,34443,33764,3257,37021,367
2021-09-24,Plumas,063,18699,1309,1238,26,1264,6
2021-09-24,Riverside,065,2383286,349482,343463,15990,359453,4843
2021-09-24,Sacramento,067,1510023,149445,147728,3922,151650,2049
2021-09-24,San Benito,069,59416,7030,6965,148,7113,67
2021-09-24,San Bernardino,071,2135413,341679,338413,10636,349049,5540
2021-09-24,San Diego,073,3302833,356260,352017,20709,372726,4039
2021-09-24,San Francisco,075,870044,50600,49840,2174,52014,615
2021-09-24,San Joaquin,077,732212,94805,93273,5109,98382,1628
2021-09-24,San Luis Obispo,079,281455,28108,27447,1106,28553,318
2021-09-24,San Mateo,081,765935,52312,51266,792,52058,568
2021-09-24,Santa Barbara,083,443738,42416,41728,1551,43279,505
2021-09-24,Santa Clara,085,1922200,141611,140023,1122,141145,1844
2021-09-24,Santa Cruz,087,273765,19519,19200,976,20176,214
2021-09-24,Shasta,089,179085,18946,18256,3135,21391,262
2021-09-24,Sierra,091,2930,134,127,13,140,0
2021-09-24,Siskiyou,093,43540,3104,2956,1110,4066,41
2021-09-24,Solano,095,438530,44250,43331,1153,44484,312
2021-09-24,Sonoma,097,501317,39504,39112,495,39607,369
2021-09-24,Stanislaus,099,539301,73397,72628,8255,80883,1091
2021-09-24,Sutter,101,95872,13166,12976,263,13239,154
2021-09-24,Tehama,103,63373,7471,7200,1230,8430,86
2021-09-24,Trinity,105,12862,760,576,201,777,9
2021-09-24,Tulare,107,460477,62832,60909,13040,73949,898
2021-09-24,Tuolumne,109,53932,6305,6168,73,6241,89
2021-09-24,Ventura,111,848112,95039,94059,4161,98220,1129
2021-09-24,Yolo,113,214977,18678,18393,973,19366,239
2021-09-24,Yuba,115,75493,9355,9191,216,9407,61
2021-09-23,Alameda,001,1643700,115128,114014,2653,116667,1324
2021-09-23,Alpine,003,1148,99,101,0,101,0
2021-09-23,Amador,005,37829,5066,4934,51,4985,59
2021-09-23,Butte,007,227075,18950,18396,3386,21782,236
2021-09-23,Calaveras,009,45235,3550,3461,41,3502,70
2021-09-23,Colusa,011,21464,2414,2387,555,2942,16
2021-09-23,Contra Costa,013,1133247,95395,94337,1964,96301,924
2021-09-23,Del Norte,015,27424,3528,3404,31,3435,35
2021-09-23,El Dorado,017,186661,14912,14641,1517,16158,130
2021-09-23,Fresno,019,978130,128636,126299,11475,137774,1927
2021-09-23,Glenn,021,27897,3235,3144,906,4050,25
2021-09-23,Humboldt,023,135768,8209,8014,423,8437,88
2021-09-23,Imperial,025,180216,31643,31280,3179,34459,755
2021-09-23,Inyo,027,18085,1716,1657,34,1691,39
2021-09-23,Kern,029,883053,118276,116021,18629,134650,1485
2021-09-23,Kings,031,150075,29390,28636,1678,30314,293
2021-09-23,Lake,033,64148,6199,6046,122,6168,92
2021-09-23,Lassen,035,31185,6398,6248,284,6532,25
2021-09-23,Los Angeles,037,10098052,1397282,1386417,52250,1438667,25964
2021-09-23,Madera,039,155013,20939,20432,1691,22123,262
2021-09-23,Marin,041,260295,16954,16802,405,17207,242
2021-09-23,Mariposa,043,17540,955,906,33,939,5
2021-09-23,Mendocino,045,87422,6883,6657,350,7007,74
2021-09-23,Merced,047,269075,38975,38393,1447,39840,546
2021-09-23,Modoc,049,8938,479,460,166,626,5
2021-09-23,Mono,051,14174,1536,1501,19,1520,3
2021-09-23,Monterey,053,433212,47601,46653,2616,49269,567
2021-09-23,Napa,055,140530,12397,12266,90,12356,95
2021-09-23,Nevada,057,99092,8439,8285,289,8574,84
2021-09-23,Orange,059,3164182,297910,294514,14082,308596,5374
2021-09-23,Placer,061,380077,34367,33764,3250,37014,367
2021-09-23,Plumas,063,18699,1292,1238,25,1263,6
2021-09-23,Riverside,065,2383286,349029,343463,15983,359446,4843
2021-09-23,Sacramento,067,1510023,149116,147728,3902,151630,2049
2021-09-23,San Benito,069,59416,7019,6965,148,7113,67
2021-09-23,San Bernardino,071,2135413,341317,338413,10620,349033,5540
2021-09-23,San Diego,073,3302833,355796,352017,20670,372687,4039
2021-09-23,San Francisco,075,870044,50527,49840,2172,52012,615
2021-09-23,San Joaquin,077,732212,94633,93273,5094,98367,1628
2021-09-23,San Luis Obispo,079,281455,28065,27447,1104,28551,318
2021-09-23,San Mateo,081,765935,52237,51266,791,52057,568
2021-09-23,Santa Barbara,083,443738,42338,41728,1548,43276,505
2021-09-23,Santa Clara,085,1922200,141461,140023,1115,141138,1844
2021-09-23,Santa Cruz,087,273765,19488,19200,976,20176,214
2021-09-23,Shasta,089,179085,18866,18256,3118,21374,262
2021-09-23,Sierra,091,2930,134,127,13,140,0
2021-09-23,Siskiyou,093,43540,3100,2956,1099,4055,41
2021-09-23,Solano,095,438530,44182,43331,1150,44481,312
2021-09-23,Sonoma,097,501317,39445,39112,492,39604,369
2021-09-23,Stanislaus,099,539301,73240,72628,8223,80851,1091
2021-09-23,Sutter,101,95872,13137,12976,263,13239,154
2021-09-23,Tehama,103,63373,7430,7200,1225,8425,86
2021-09-23,Trinity,105,12862,746,576,200,776,9
2021-09-23,Tulare,107,460477,62655,60909,12985,73894,898
2021-09-23,Tuolumne,109,53932,6280,6168,72,6240,89
2021-09-23,Ventura,111,848112,94936,94059,4154,98213,1129
2021-09-23,Yolo,113,214977,18649,18393,968,19361,239
2021-09-23,Yuba,115,75493,9327,9191,215,9406,61
2021-09-22,Alameda,001,1643700,114973,113862,2649,116511,1322
2021-09-22,Alpine,003,1148,99,100,0,100,0
2021-09-22,Amador,005,37829,5050,4915,51,4966,59
2021-09-22,Butte,007,227075,18891,18337,3371,21708,235
2021-09-22,Calaveras,009,45235,3534,3448,41,3489,70
2021-09-22,Colusa,011,21464,2409,2384,554,2938,16
2021-09-22,Contra Costa,013,1133247,95210,94209,1956,96165,924
2021-09-22,Del Norte,015,27424,3517,3386,30,3416,35
2021-09-22,El Dorado,017,186661,14876,14605,1510,16115,127
2021-09-22,Fresno,019,978130,128379,126006,11463,137469,1908
2021-09-22,Glenn,021,27897,3231,3138,905,4043,25
2021-09-22,Humboldt,023,135768,8186,7998,415,8413,80
2021-09-22,Imperial,025,180216,31591,31243,3172,34415,755
2021-09-22,Inyo,027,18085,1706,1651,34,1685,39
2021-09-22,Kern,029,883053,118035,115757,18507,134264,1477
2021-09-22,Kings,031,150075,29306,28589,1672,30261,292
2021-09-22,Lake,033,64148,6187,6035,122,6157,93
2021-09-22,Lassen,035,31185,6378,6209,280,6489,25
2021-09-22,Los Angeles,037,10098052,1395958,1384719,52194,1436913,25930
2021-09-22,Madera,039,155013,20882,20382,1683,22065,262
2021-09-22,Marin,041,260295,16944,16782,402,17184,242
2021-09-22,Mariposa,043,17540,949,901,33,934,5
2021-09-22,Mendocino,045,87422,6856,6624,344,6968,70
2021-09-22,Merced,047,269075,38843,38305,1445,39750,541
2021-09-22,Modoc,049,8938,476,458,166,624,5
2021-09-22,Mono,051,14174,1527,1496,18,1514,3
2021-09-22,Monterey,053,433212,47550,46615,2609,49224,566
2021-09-22,Napa,055,140530,12374,12248,89,12337,95
2021-09-22,Nevada,057,99092,8416,8273,286,8559,84
2021-09-22,Orange,059,3164182,297635,294214,14065,308279,5366
2021-09-22,Placer,061,380077,34280,33661,3237,36898,367
2021-09-22,Plumas,063,18699,1280,1230,25,1255,6
2021-09-22,Riverside,065,2383286,348494,342946,15958,358904,4830
2021-09-22,Sacramento,067,1510023,148801,147533,3871,151404,2043
2021-09-22,San Benito,069,59416,7008,6961,146,7107,67
2021-09-22,San Bernardino,071,2135413,340923,337938,10611,348549,5528
2021-09-22,San Diego,073,3302833,355335,351132,20648,371780,4027
2021-09-22,San Francisco,075,870044,50442,49734,2167,51901,610
2021-09-22,San Joaquin,077,732212,94401,93010,5068,98078,1626
2021-09-22,San Luis Obispo,079,281455,28017,27398,1101,28499,315
2021-09-22,San Mateo,081,765935,52164,51197,787,51984,568
2021-09-22,Santa Barbara,083,443738,42275,41678,1547,43225,504
2021-09-22,Santa Clara,085,1922200,141298,139803,1108,140911,1844
2021-09-22,Santa Cruz,087,273765,19449,19177,976,20153,214
2021-09-22,Shasta,089,179085,18776,18153,3106,21259,260
2021-09-22,Sierra,091,2930,134,127,13,140,0
2021-09-22,Siskiyou,093,43540,3083,2947,1089,4036,41
2021-09-22,Solano,095,438530,44117,43269,1149,44418,312
2021-09-22,Sonoma,097,501317,39392,39063,491,39554,369
2021-09-22,Stanislaus,099,539301,73074,72355,8204,80559,1091
2021-09-22,Sutter,101,95872,13117,12960,260,13220,153
2021-09-22,Tehama,103,63373,7403,7173,1222,8395,86
2021-09-22,Trinity,105,12862,745,572,200,772,9
2021-09-22,Tulare,107,460477,62446,60776,12914,73690,896
2021-09-22,Tuolumne,109,53932,6259,6155,71,6226,89
2021-09-22,Ventura,111,848112,94831,93978,4148,98126,1122
2021-09-22,Yolo,113,214977,18610,18342,961,19303,239
2021-09-22,Yuba,115,75493,9298,9169,210,9379,61
2021-09-21,Alameda,001,1643700,114817,113765,2649,116414,1321
2021-09-21,Alpine,003,1148,99,100,0,100,0
2021-09-21,Amador,005,37829,5028,4897,51,4948,59
2021-09-21,Butte,007,227075,18795,18229,3334,21563,232
2021-09-21,Calaveras,009,45235,3516,3437,41,3478,70
2021-09-21,Colusa,011,21464,2406,2378,553,2931,16
2021-09-21,Contra Costa,013,1133247,95016,94101,1942,96043,924
2021-09-21,Del Norte,015,27424,3504,3378,30,3408,34
2021-09-21,El Dorado,017,186661,14846,14578,1503,16081,127
2021-09-21,Fresno,019,978130,128029,125789,11445,137234,1892
2021-09-21,Glenn,021,27897,3224,3134,900,4034,25
2021-09-21,Humboldt,023,135768,8154,7955,410,8365,80
2021-09-21,Imperial,025,180216,31534,31185,3170,34355,755
2021-09-21,Inyo,027,18085,1696,1646,34,1680,39
2021-09-21,Kern,029,883053,117742,115534,18393,133927,1467
2021-09-21,Kings,031,150075,29218,28545,1664,30209,291
2021-09-21,Lake,033,64148,6164,6013,122,6135,90
2021-09-21,Lassen,035,31185,6360,6159,276,6435,25
2021-09-21,Los Angeles,037,10098052,1394502,1383277,52138,1435415,25893
2021-09-21,Madera,039,155013,20822,20317,1672,21989,262
2021-09-21,Marin,041,260295,16929,16748,401,17149,242
2021-09-21,Mariposa,043,17540,944,894,32,926,5
2021-09-21,Mendocino,045,87422,6818,6580,333,6913,68
2021-09-21,Merced,047,269075,38722,38225,1441,39666,539
2021-09-21,Modoc,049,8938,473,458,166,624,5
2021-09-21,Mono,051,14174,1525,1495,17,1512,3
2021-09-21,Monterey,053,433212,47482,46583,2597,49180,565
2021-09-21,Napa,055,140530,12353,12238,89,12327,95
2021-09-21,Nevada,057,99092,8389,8259,277,8536,84
2021-09-21,Orange,059,3164182,297304,293898,14035,307933,5357
2021-09-21,Placer,061,380077,34179,33609,3226,36835,365
2021-09-21,Plumas,063,18699,1273,1225,25,1250,5
2021-09-21,Riverside,065,2383286,347934,342460,15934,358394,4817
2021-09-21,Sacramento,067,1510023,148419,147378,3843,151221,2027
2021-09-21,San Benito,069,59416,6997,6950,145,7095,67
2021-09-21,San Bernardino,071,2135413,340483,337387,10594,347981,5520
2021-09-21,San Diego,073,3302833,354717,350265,20624,370889,4021
2021-09-21,San Francisco,075,870044,50346,49653,2164,51817,609
2021-09-21,San Joaquin,077,732212,94167,92762,5057,97819,1621
2021-09-21,San Luis Obispo,079,281455,27958,27318,1097,28415,314
2021-09-21,San Mateo,081,765935,52093,51136,787,51923,568
2021-09-21,Santa Barbara,083,443738,42206,41644,1543,43187,503
2021-09-21,Santa Clara,085,1922200,141081,139657,1104,140761,1843
2021-09-21,Santa Cruz,087,273765,19419,19140,975,20115,212
2021-09-21,Shasta,089,179085,18648,18027,3082,21109,258
2021-09-21,Sierra,091,2930,134,127,13,140,0
2021-09-21,Siskiyou,093,43540,3069,2927,1075,4002,36
2021-09-21,Solano,095,438530,44041,43220,1149,44369,311
2021-09-21,Sonoma,097,501317,39339,39042,491,39533,369
2021-09-21,Stanislaus,099,539301,72887,72211,8182,80393,1091
2021-09-21,Sutter,101,95872,13094,12930,257,13187,153
2021-09-21,Tehama,103,63373,7357,7151,1218,8369,85
2021-09-21,Trinity,105,12862,734,572,198,770,9
2021-09-21,Tulare,107,460477,62232,60607,12853,73460,896
2021-09-21,Tuolumne,109,53932,6227,6139,71,6210,89
2021-09-21,Ventura,111,848112,94726,93818,4140,97958,1120
2021-09-21,Yolo,113,214977,18574,18313,957,19270,239
2021-09-21,Yuba,115,75493,9270,9135,210,9345,61
2021-09-20,Alameda,001,1643700,114634,113637,2645,116282,1320
2021-09-20,Alpine,003,1148,99,100,0,100,0
2021-09-20,Amador,005,37829,5010,4883,50,4933,59
2021-09-20,Butte,007,227075,18713,18135,3318,21453,231
2021-09-20,Calaveras,009,45235,3495,3395,40,3435,66
2021-09-20,Colusa,011,21464,2404,2376,550,2926,16
2021-09-20,Contra Costa,013,1133247,94865,93919,1936,95855,924
2021-09-20,Del Norte,015,27424,3496,3374,29,3403,34
2021-09-20,El Dorado,017,186661,14813,14545,1491,16036,127
2021-09-20,Fresno,019,978130,127617,125287,11424,136711,1889
2021-09-20,Glenn,021,27897,3212,3112,898,4010,25
2021-09-20,Humboldt,023,135768,8118,7938,405,8343,80
2021-09-20,Imperial,025,180216,31452,31146,3169,34315,755
2021-09-20,Inyo,027,18085,1688,1641,33,1674,39
2021-09-20,Kern,029,883053,117402,115271,18261,133532,1459
2021-09-20,Kings,031,150075,29131,28471,1658,30129,285
2021-09-20,Lake,033,64148,6149,5984,121,6105,87
2021-09-20,Lassen,035,31185,6330,6132,276,6408,25
2021-09-20,Los Angeles,037,10098052,1392981,1382206,52058,1434264,25858
2021-09-20,Madera,039,155013,20769,20203,1664,21867,257
2021-09-20,Marin,041,260295,16904,16732,399,17131,242
2021-09-20,Mariposa,043,17540,933,887,32,919,5
2021-09-20,Mendocino,045,87422,6784,6568,327,6895,67
2021-09-20,Merced,047,269075,38611,38144,1431,39575,536
2021-09-20,Modoc,049,8938,472,457,164,621,5
2021-09-20,Mono,051,14174,1519,1480,17,1497,3
2021-09-20,Monterey,053,433212,47440,46506,2580,49086,565
2021-09-20,Napa,055,140530,12328,12209,88,12297,95
2021-09-20,Nevada,057,99092,8369,8228,275,8503,84
2021-09-20,Orange,059,3164182,296961,293642,14008,307650,5354
2021-09-20,Placer,061,380077,34088,33531,3211,36742,364
2021-09-20,Plumas,063,18699,1268,1211,25,1236,5
2021-09-20,Riverside,065,2383286,347434,341961,15921,357882,4802
2021-09-20,Sacramento,067,1510023,148045,147016,3809,150825,2016
2021-09-20,San Benito,069,59416,6988,6947,144,7091,67
2021-09-20,San Bernardino,071,2135413,340090,337059,10578,347637,5507
2021-09-20,San Diego,073,3302833,354039,349579,20587,370166,4009
2021-09-20,San Francisco,075,870044,50239,49559,2163,51722,605
2021-09-20,San Joaquin,077,732212,93924,92614,5044,97658,1615
2021-09-20,San Luis Obispo,079,281455,27882,27259,1089,28348,313
2021-09-20,San Mateo,081,765935,52007,51100,784,51884,567
2021-09-20,Santa Barbara,083,443738,42107,41589,1539,43128,500
2021-09-20,Santa Clara,085,1922200,140880,139578,1102,140680,1841
2021-09-20,Santa Cruz,087,273765,19387,19121,975,20096,211
2021-09-20,Shasta,089,179085,18549,17893,3051,20944,258
2021-09-20,Sierra,091,2930,132,126,13,139,0
2021-09-20,Siskiyou,093,43540,3047,2902,1062,3964,35
2021-09-20,Solano,095,438530,43973,43152,1141,44293,312
2021-09-20,Sonoma,097,501317,39294,38991,491,39482,369
2021-09-20,Stanislaus,099,539301,72685,72031,8163,80194,1091
2021-09-20,Sutter,101,95872,13058,12896,252,13148,153
2021-09-20,Tehama,103,63373,7325,7121,1206,8327,84
2021-09-20,Trinity,105,12862,728,568,197,765,7
2021-09-20,Tulare,107,460477,62031,60302,12797,73099,896
2021-09-20,Tuolumne,109,53932,6201,6113,71,6184,89
2021-09-20,Ventura,111,848112,94613,93700,4133,97833,1120
2021-09-20,Yolo,113,214977,18529,18287,955,19242,239
2021-09-20,Yuba,115,75493,9234,9107,208,9315,61
2021-09-19,Alameda,001,1643700,114419,113446,2641,116087,1320
2021-09-19,Alpine,003,1148,99,100,0,100,0
2021-09-19,Amador,005,37829,4970,4875,49,4924,59
2021-09-19,Butte,007,227075,18620,18063,3291,21354,230
2021-09-19,Calaveras,009,45235,3469,3390,37,3427,66
2021-09-19,Colusa,011,21464,2402,2375,548,2923,16
2021-09-19,Contra Costa,013,1133247,94681,93788,1926,95714,924
2021-09-19,Del Norte,015,27424,3470,3344,28,3372,34
2021-09-19,El Dorado,017,186661,14760,14512,1485,15997,127
2021-09-19,Fresno,019,978130,127213,124985,11393,136378,1888
2021-09-19,Glenn,021,27897,3203,3102,893,3995,25
2021-09-19,Humboldt,023,135768,8073,7914,403,8317,80
2021-09-19,Imperial,025,180216,31383,31122,3166,34288,755
2021-09-19,Inyo,027,18085,1678,1639,33,1672,39
2021-09-19,Kern,029,883053,117089,115074,18155,133229,1459
2021-09-19,Kings,031,150075,29003,28416,1649,30065,284
2021-09-19,Lake,033,64148,6118,5962,121,6083,87
2021-09-19,Lassen,035,31185,6310,6129,270,6399,25
2021-09-19,Los Angeles,037,10098052,1391008,1381200,51959,1433159,25852
2021-09-19,Madera,039,155013,20690,20161,1654,21815,257
2021-09-19,Marin,041,260295,16875,16711,397,17108,242
2021-09-19,Mariposa,043,17540,925,881,32,913,5
2021-09-19,Mendocino,045,87422,6739,6538,321,6859,67
2021-09-19,Merced,047,269075,38454,38068,1423,39491,535
2021-09-19,Modoc,049,8938,469,457,162,619,5
2021-09-19,Mono,051,14174,1514,1480,17,1497,3
2021-09-19,Monterey,053,433212,47385,46486,2577,49063,565
2021-09-19,Napa,055,140530,12307,12190,86,12276,95
2021-09-19,Nevada,057,99092,8341,8203,273,8476,84
2021-09-19,Orange,059,3164182,296593,293258,13986,307244,5354
2021-09-19,Placer,061,380077,33975,33406,3193,36599,364
2021-09-19,Plumas,063,18699,1260,1211,25,1236,5
2021-09-19,Riverside,065,2383286,346841,341566,15912,357478,4804
2021-09-19,Sacramento,067,1510023,147684,146603,3764,150367,2012
2021-09-19,San Benito,069,59416,6969,6942,144,7086,67
2021-09-19,San Bernardino,071,2135413,339600,336688,10567,347255,5506
2021-09-19,San Diego,073,3302833,353323,349225,20551,369776,4006
2021-09-19,San Francisco,075,870044,50131,49458,2155,51613,605
2021-09-19,San Joaquin,077,732212,93627,92467,5033,97500,1615
2021-09-19,San Luis Obispo,079,281455,27780,27208,1080,28288,313
2021-09-19,San Mateo,081,765935,51908,51028,783,51811,567
2021-09-19,Santa Barbara,083,443738,42002,41512,1539,43051,500
2021-09-19,Santa Clara,085,1922200,140693,139410,1097,140507,1841
2021-09-19,Santa Cruz,087,273765,19349,19096,975,20071,211
2021-09-19,Shasta,089,179085,18435,17813,3015,20828,258
2021-09-19,Sierra,091,2930,131,126,13,139,0
2021-09-19,Siskiyou,093,43540,3021,2882,1053,3935,35
2021-09-19,Solano,095,438530,43884,43056,1136,44192,312
2021-09-19,Sonoma,097,501317,39222,38956,487,39443,369
2021-09-19,Stanislaus,099,539301,72441,71830,8139,79969,1091
2021-09-19,Sutter,101,95872,13031,12868,245,13113,153
2021-09-19,Tehama,103,63373,7271,7081,1196,8277,84
2021-09-19,Trinity,105,12862,717,562,195,757,7
2021-09-19,Tulare,107,460477,61770,60160,12704,72864,896
2021-09-19,Tuolumne,109,53932,6159,6097,71,6168,89
2021-09-19,Ventura,111,848112,94451,93491,4124,97615,1120
2021-09-19,Yolo,113,214977,18480,18238,949,19187,239
2021-09-19,Yuba,115,75493,9208,9087,207,9294,61
2021-09-18,Alameda,001,1643700,114319,113300,2640,115940,1320
2021-09-18,Alpine,003,1148,99,100,0,100,0
2021-09-18,Amador,005,37829,4960,4850,49,4899,59
2021-09-18,Butte,007,227075,18583,17961,3277,21238,230
2021-09-18,Calaveras,009,45235,3462,3361,36,3397,66
2021-09-18,Colusa,011,21464,2402,2373,547,2920,16
2021-09-18,Contra Costa,013,1133247,94590,93656,1922,95578,924
2021-09-18,Del Norte,015,27424,3462,3326,26,3352,34
2021-09-18,El Dorado,017,186661,14737,14472,1482,15954,127
2021-09-18,Fresno,019,978130,127071,124771,11380,136151,1889
2021-09-18,Glenn,021,27897,3195,3086,890,3976,25
2021-09-18,Humboldt,023,135768,8059,7881,402,8283,80
2021-09-18,Imperial,025,180216,31359,31096,3165,34261,755
2021-09-18,Inyo,027,18085,1672,1636,33,1669,39
2021-09-18,Kern,029,883053,116935,114781,18091,132872,1459
2021-09-18,Kings,031,150075,28955,28330,1644,29974,285
2021-09-18,Lake,033,64148,6101,5936,121,6057,87
2021-09-18,Lassen,035,31185,6300,6121,268,6389,25
2021-09-18,Los Angeles,037,10098052,1390250,1379880,51907,1431787,25849
2021-09-18,Madera,039,155013,20646,20126,1645,21771,257
2021-09-18,Marin,041,260295,16858,16685,396,17081,242
2021-09-18,Mariposa,043,17540,922,871,32,903,5
2021-09-18,Mendocino,045,87422,6718,6523,321,6844,67
2021-09-18,Merced,047,269075,38417,37977,1417,39394,535
2021-09-18,Modoc,049,8938,469,457,161,618,5
2021-09-18,Mono,051,14174,1511,1480,17,1497,3
2021-09-18,Monterey,053,433212,47347,46466,2574,49040,565
2021-09-18,Napa,055,140530,12295,12168,86,12254,95
2021-09-18,Nevada,057,99092,8324,8183,273,8456,84
2021-09-18,Orange,059,3164182,296398,293005,13972,306977,5354
2021-09-18,Placer,061,380077,33903,33309,3190,36499,364
2021-09-18,Plumas,063,18699,1259,1204,25,1229,5
2021-09-18,Riverside,065,2383286,346456,341136,15897,357033,4802
2021-09-18,Sacramento,067,1510023,147502,146162,3755,149917,2016
2021-09-18,San Benito,069,59416,6964,6937,144,7081,67
2021-09-18,San Bernardino,071,2135413,339328,336380,10554,346934,5501
2021-09-18,San Diego,073,3302833,352922,348848,20541,369389,4006
2021-09-18,San Francisco,075,870044,50068,49359,2150,51509,605
2021-09-18,San Joaquin,077,732212,93518,92242,5021,97263,1615
2021-09-18,San Luis Obispo,079,281455,27743,27181,1077,28258,313
2021-09-18,San Mateo,081,765935,51857,50961,781,51742,567
2021-09-18,Santa Barbara,083,443738,41937,41465,1539,43004,500
2021-09-18,Santa Clara,085,1922200,140573,139233,1094,140327,1841
2021-09-18,Santa Cruz,087,273765,19329,19079,975,20054,211
2021-09-18,Shasta,089,179085,18372,17777,2998,20775,258
2021-09-18,Sierra,091,2930,130,125,13,138,0
2021-09-18,Siskiyou,093,43540,3018,2875,1047,3922,35
2021-09-18,Solano,095,438530,43844,42966,1133,44099,312
2021-09-18,Sonoma,097,501317,39187,38891,485,39376,369
2021-09-18,Stanislaus,099,539301,72295,71587,8114,79701,1091
2021-09-18,Sutter,101,95872,13017,12829,245,13074,153
2021-09-18,Tehama,103,63373,7256,7055,1189,8244,84
2021-09-18,Trinity,105,12862,715,561,195,756,7
2021-09-18,Tulare,107,460477,61694,60003,12652,72655,896
2021-09-18,Tuolumne,109,53932,6144,6069,71,6140,89
2021-09-18,Ventura,111,848112,94383,93424,4119,97543,1120
2021-09-18,Yolo,113,214977,18454,18213,943,19156,239
2021-09-18,Yuba,115,75493,9194,9061,206,9267,61
2021-09-17,Alameda,001,1643700,114193,113070,2638,115708,1320
2021-09-17,Alpine,003,1148,99,99,0,99,0
2021-09-17,Amador,005,37829,4944,4835,48,4883,58
2021-09-17,Butte,007,227075,18532,17870,3268,21138,230
2021-09-17,Calaveras,009,45235,3450,3338,35,3373,66
2021-09-17,Colusa,011,21464,2401,2369,542,2911,16
2021-09-17,Contra Costa,013,1133247,94488,93485,1919,95404,924
2021-09-17,Del Norte,015,27424,3457,3311,24,3335,34
2021-09-17,El Dorado,017,186661,14718,14421,1480,15901,127
2021-09-17,Fresno,019,978130,126852,124296,11371,135667,1882
2021-09-17,Glenn,021,27897,3178,3072,888,3960,25
2021-09-17,Humboldt,023,135768,8038,7850,402,8252,80
2021-09-17,Imperial,025,180216,31333,31031,3163,34194,755
2021-09-17,Inyo,027,18085,1664,1634,33,1667,39
2021-09-17,Kern,029,883053,116744,114303,17994,132297,1456
2021-09-17,Kings,031,150075,28890,28240,1642,29882,281
2021-09-17,Lake,033,64148,6088,5915,121,6036,87
2021-09-17,Lassen,035,31185,6285,6080,266,6346,25
2021-09-17,Los Angeles,037,10098052,1389275,1377905,51839,1429744,25820
2021-09-17,Madera,039,155013,20594,20040,1633,21673,257
2021-09-17,Marin,041,260295,16845,16658,394,17052,242
2021-09-17,Mariposa,043,17540,920,869,32,901,5
2021-09-17,Mendocino,045,87422,6699,6498,321,6819,67
2021-09-17,Merced,047,269075,38370,37803,1415,39218,533
2021-09-17,Modoc,049,8938,469,456,161,617,5
2021-09-17,Mono,051,14174,1507,1457,17,1474,3
2021-09-17,Monterey,053,433212,47324,46421,2573,48994,564
2021-09-17,Napa,055,140530,12274,12153,86,12239,95
2021-09-17,Nevada,057,99092,8309,8157,273,8430,84
2021-09-17,Orange,059,3164182,296179,292685,13954,306639,5346
2021-09-17,Placer,061,380077,33842,33188,3180,36368,362
2021-09-17,Plumas,063,18699,1250,1192,24,1216,5
2021-09-17,Riverside,065,2383286,346055,340445,15886,356331,4792
2021-09-17,Sacramento,067,1510023,147303,145985,3744,149729,1999
2021-09-17,San Benito,069,59416,6961,6929,144,7073,67
2021-09-17,San Bernardino,071,2135413,338973,335810,10547,346357,5488
2021-09-17,San Diego,073,3302833,352489,348098,20523,368621,4002
2021-09-17,San Francisco,075,870044,50016,49249,2145,51394,605
2021-09-17,San Joaquin,077,732212,93380,91977,5010,96987,1610
2021-09-17,San Luis Obispo,079,281455,27709,27102,1066,28168,311
2021-09-17,San Mateo,081,765935,51803,50854,780,51634,564
2021-09-17,Santa Barbara,083,443738,41874,41354,1538,42892,498
2021-09-17,Santa Clara,085,1922200,140424,138939,1093,140032,1838
2021-09-17,Santa Cruz,087,273765,19304,19039,975,20014,211
2021-09-17,Shasta,089,179085,18301,17617,2985,20602,254
2021-09-17,Sierra,091,2930,130,124,13,137,0
2021-09-17,Siskiyou,093,43540,3003,2852,1047,3899,35
2021-09-17,Solano,095,438530,43781,42898,1129,44027,312
2021-09-17,Sonoma,097,501317,39150,38808,484,39292,369
2021-09-17,Stanislaus,099,539301,72188,71408,8096,79504,1091
2021-09-17,Sutter,101,95872,13001,12799,242,13041,153
2021-09-17,Tehama,103,63373,7232,7020,1177,8197,84
2021-09-17,Trinity,105,12862,710,556,194,750,7
2021-09-17,Tulare,107,460477,61579,59689,12618,72307,895
2021-09-17,Tuolumne,109,53932,6125,6047,71,6118,89
2021-09-17,Ventura,111,848112,94271,93273,4117,97390,1116
2021-09-17,Yolo,113,214977,18423,18177,939,19116,239
2021-09-17,Yuba,115,75493,9167,9019,205,9224,61
2021-09-16,Alameda,001,1643700,114014,112770,2635,115405,1318
2021-09-16,Alpine,003,1148,99,99,0,99,0
2021-09-16,Amador,005,37829,4924,4819,48,4867,58
2021-09-16,Butte,007,227075,18458,17750,3252,21002,230
2021-09-16,Calaveras,009,45235,3415,3313,35,3348,66
2021-09-16,Colusa,011,21464,2399,2363,540,2903,16
2021-09-16,Contra Costa,013,1133247,94318,93213,1911,95124,917
2021-09-16,Del Norte,015,27424,3439,3285,24,3309,34
2021-09-16,El Dorado,017,186661,14678,14372,1472,15844,127
2021-09-16,Fresno,019,978130,126496,123853,11331,135184,1868
2021-09-16,Glenn,021,27897,3166,3068,886,3954,24
2021-09-16,Humboldt,023,135768,8004,7809,392,8201,80
2021-09-16,Imperial,025,180216,31290,30966,3155,34121,753
2021-09-16,Inyo,027,18085,1662,1623,33,1656,39
2021-09-16,Kern,029,883053,116473,113828,17926,131754,1448
2021-09-16,Kings,031,150075,28804,28114,1633,29747,280
2021-09-16,Lake,033,64148,6064,5890,118,6008,87
2021-09-16,Lassen,035,31185,6250,6028,261,6289,25
2021-09-16,Los Angeles,037,10098052,1387885,1376277,51774,1428051,25796
2021-09-16,Madera,039,155013,20516,19974,1627,21601,257
2021-09-16,Marin,041,260295,16818,16625,393,17018,242
2021-09-16,Mariposa,043,17540,914,849,32,881,6
2021-09-16,Mendocino,045,87422,6661,6445,312,6757,67
2021-09-16,Merced,047,269075,38263,37675,1412,39087,532
2021-09-16,Modoc,049,8938,467,455,161,616,5
2021-09-16,Mono,051,14174,1501,1449,17,1466,3
2021-09-16,Monterey,053,433212,47270,46342,2567,48909,562
2021-09-16,Napa,055,140530,12249,12115,82,12197,95
2021-09-16,Nevada,057,99092,8281,8121,272,8393,84
2021-09-16,Orange,059,3164182,295833,292183,13934,306117,5340
2021-09-16,Placer,061,380077,33746,33037,3161,36198,354
2021-09-16,Plumas,063,18699,1242,1178,24,1202,5
2021-09-16,Riverside,065,2383286,345523,339770,15872,355642,4786
2021-09-16,Sacramento,067,1510023,146946,145754,3712,149466,1996
2021-09-16,San Benito,069,59416,6948,6913,143,7056,67
2021-09-16,San Bernardino,071,2135413,338547,335129,10540,345669,5474
2021-09-16,San Diego,073,3302833,351863,347472,20488,367960,3994
2021-09-16,San Francisco,075,870044,49931,49133,2136,51269,605
2021-09-16,San Joaquin,077,732212,93141,91650,4965,96615,1608
2021-09-16,San Luis Obispo,079,281455,27635,27044,1062,28106,310
2021-09-16,San Mateo,081,765935,51724,50773,778,51551,564
2021-09-16,Santa Barbara,083,443738,41807,41272,1535,42807,497
2021-09-16,Santa Clara,085,1922200,140269,138685,1089,139774,1835
2021-09-16,Santa Cruz,087,273765,19276,19011,975,19986,211
2021-09-16,Shasta,089,179085,18176,17438,2951,20389,251
2021-09-16,Sierra,091,2930,130,123,13,136,0
2021-09-16,Siskiyou,093,43540,2983,2819,1040,3859,35
2021-09-16,Solano,095,438530,43709,42792,1120,43912,312
2021-09-16,Sonoma,097,501317,39087,38707,483,39190,369
2021-09-16,Stanislaus,099,539301,71953,71105,8080,79185,1091
2021-09-16,Sutter,101,95872,12957,12729,236,12965,152
2021-09-16,Tehama,103,63373,7193,6953,1166,8119,83
2021-09-16,Trinity,105,12862,707,547,193,740,7
2021-09-16,Tulare,107,460477,61357,59459,12544,72003,894
2021-09-16,Tuolumne,109,53932,6105,5999,70,6069,89
2021-09-16,Ventura,111,848112,94132,93087,4113,97200,1110
2021-09-16,Yolo,113,214977,18391,18135,937,19072,239
2021-09-16,Yuba,115,75493,9133,8981,202,9183,61
2021-09-15,Alameda,001,1643700,113843,112498,2627,115125,1317
2021-09-15,Alpine,003,1148,99,99,0,99,0
2021-09-15,Amador,005,37829,4916,4792,48,4840,58
2021-09-15,Butte,007,227075,18360,17664,3233,20897,228
2021-09-15,Calaveras,009,45235,3383,3293,33,3326,66
2021-09-15,Colusa,011,21464,2397,2352,537,2889,16
2021-09-15,Contra Costa,013,1133247,94138,92989,1899,94888,913
2021-09-15,Del Norte,015,27424,3426,3271,22,3293,34
2021-09-15,El Dorado,017,186661,14652,14309,1464,15773,127
2021-09-15,Fresno,019,978130,126119,123370,11287,134657,1867
2021-09-15,Glenn,021,27897,3155,3051,881,3932,20
2021-09-15,Humboldt,023,135768,7969,7754,387,8141,52
2021-09-15,Imperial,025,180216,31235,30891,3150,34041,753
2021-09-15,Inyo,027,18085,1658,1614,33,1647,39
2021-09-15,Kern,029,883053,116126,113546,17827,131373,1434
2021-09-15,Kings,031,150075,28725,27991,1624,29615,279
2021-09-15,Lake,033,64148,6032,5852,117,5969,85
2021-09-15,Lassen,035,31185,6190,6018,256,6274,25
2021-09-15,Los Angeles,037,10098052,1386386,1374307,51705,1426012,25767
2021-09-15,Madera,039,155013,20441,19880,1619,21499,257
2021-09-15,Marin,041,260295,16783,16592,388,16980,242
2021-09-15,Mariposa,043,17540,903,843,32,875,5
2021-09-15,Mendocino,045,87422,6631,6399,307,6706,66
2021-09-15,Merced,047,269075,38155,37508,1410,38918,529
2021-09-15,Modoc,049,8938,467,454,161,615,5
2021-09-15,Mono,051,14174,1495,1445,17,1462,3
2021-09-15,Monterey,053,433212,47200,46317,2555,48872,562
2021-09-15,Napa,055,140530,12228,12082,82,12164,95
2021-09-15,Nevada,057,99092,8259,8081,269,8350,84
2021-09-15,Orange,059,3164182,295511,291834,13915,305749,5328
2021-09-15,Placer,061,380077,33634,32860,3140,36000,352
2021-09-15,Plumas,063,18699,1237,1164,23,1187,5
2021-09-15,Riverside,065,2383286,344940,339077,15848,354925,4769
2021-09-15,Sacramento,067,1510023,146519,145202,3681,148883,1981
2021-09-15,San Benito,069,59416,6945,6902,143,7045,67
2021-09-15,San Bernardino,071,2135413,338089,334556,10526,345082,5470
2021-09-15,San Diego,073,3302833,351234,346933,20462,367395,3983
2021-09-15,San Francisco,075,870044,49820,48999,2131,51130,605
2021-09-15,San Joaquin,077,732212,92865,91322,4922,96244,1607
2021-09-15,San Luis Obispo,079,281455,27552,26943,1056,27999,306
2021-09-15,San Mateo,081,765935,51642,50691,775,51466,564
2021-09-15,Santa Barbara,083,443738,41704,41077,1530,42607,497
2021-09-15,Santa Clara,085,1922200,140096,138410,1084,139494,1833
2021-09-15,Santa Cruz,087,273765,19238,18984,973,19957,210
2021-09-15,Shasta,089,179085,18065,17317,2930,20247,250
2021-09-15,Sierra,091,2930,130,123,13,136,0
2021-09-15,Siskiyou,093,43540,2963,2804,1009,3813,35
2021-09-15,Solano,095,438530,43637,42682,1115,43797,312
2021-09-15,Sonoma,097,501317,39028,38629,483,39112,369
2021-09-15,Stanislaus,099,539301,71730,70852,8059,78911,1091
2021-09-15,Sutter,101,95872,12924,12699,231,12930,151
2021-09-15,Tehama,103,63373,7152,6894,1157,8051,79
2021-09-15,Trinity,105,12862,705,541,191,732,7
2021-09-15,Tulare,107,460477,61098,59149,12483,71632,890
2021-09-15,Tuolumne,109,53932,6079,5969,70,6039,89
2021-09-15,Ventura,111,848112,93991,92960,4106,97066,1109
2021-09-15,Yolo,113,214977,18357,18064,929,18993,239
2021-09-15,Yuba,115,75493,9099,8953,202,9155,61
2021-09-14,Alameda,001,1643700,113634,112329,2621,114950,1316
2021-09-14,Alpine,003,1148,99,98,0,98,0
2021-09-14,Amador,005,37829,4896,4790,48,4838,57
2021-09-14,Butte,007,227075,18228,17516,3209,20725,226
2021-09-14,Calaveras,009,45235,3360,3280,30,3310,66
2021-09-14,Colusa,011,21464,2393,2344,533,2877,16
2021-09-14,Contra Costa,013,1133247,93939,92822,1891,94713,908
2021-09-14,Del Norte,015,27424,3410,3252,21,3273,32
2021-09-14,El Dorado,017,186661,14600,14247,1456,15703,123
2021-09-14,Fresno,019,978130,125644,123151,11241,134392,1856
2021-09-14,Glenn,021,27897,3137,3045,876,3921,20
2021-09-14,Humboldt,023,135768,7935,7717,382,8099,52
2021-09-14,Imperial,025,180216,31185,30845,3147,33992,752
2021-09-14,Inyo,027,18085,1649,1605,32,1637,39
2021-09-14,Kern,029,883053,115746,113250,17701,130951,1428
2021-09-14,Kings,031,150075,28649,27955,1616,29571,278
2021-09-14,Lake,033,64148,6000,5845,117,5962,83
2021-09-14,Lassen,035,31185,6176,5977,251,6228,25
2021-09-14,Los Angeles,037,10098052,1384547,1372831,51622,1424453,25729
2021-09-14,Madera,039,155013,20359,19800,1609,21409,254
2021-09-14,Marin,041,260295,16756,16584,386,16970,242
2021-09-14,Mariposa,043,17540,892,834,31,865,5
2021-09-14,Mendocino,045,87422,6595,6372,295,6667,65
2021-09-14,Merced,047,269075,38005,37430,1406,38836,526
2021-09-14,Modoc,049,8938,466,453,161,614,5
2021-09-14,Mono,051,14174,1491,1440,17,1457,4
2021-09-14,Monterey,053,433212,47158,46224,2543,48767,558
2021-09-14,Napa,055,140530,12195,12070,81,12151,91
2021-09-14,Nevada,057,99092,8225,8056,269,8325,83
2021-09-14,Orange,059,3164182,295118,291423,13891,305314,5319
2021-09-14,Placer,061,380077,33502,32735,3120,35855,350
2021-09-14,Plumas,063,18699,1222,1148,23,1171,5
2021-09-14,Riverside,065,2383286,344299,338534,15817,354351,4748
2021-09-14,Sacramento,067,1510023,146134,145051,3633,148684,1977
2021-09-14,San Benito,069,59416,6935,6887,143,7030,64
2021-09-14,San Bernardino,071,2135413,337595,333968,10501,344469,5465
2021-09-14,San Diego,073,3302833,350562,346204,20417,366621,3966
2021-09-14,San Francisco,075,870044,49685,48998,2129,51127,603
2021-09-14,San Joaquin,077,732212,92626,91128,4912,96040,1596
2021-09-14,San Luis Obispo,079,281455,27479,26845,1051,27896,304
2021-09-14,San Mateo,081,765935,51543,50602,772,51374,564
2021-09-14,Santa Barbara,083,443738,41607,40783,1521,42304,495
2021-09-14,Santa Clara,085,1922200,139861,138321,1081,139402,1828
2021-09-14,Santa Cruz,087,273765,19198,18965,971,19936,210
2021-09-14,Shasta,089,179085,17934,17152,2909,20061,246
2021-09-14,Sierra,091,2930,130,123,13,136,0
2021-09-14,Siskiyou,093,43540,2939,2756,992,3748,35
2021-09-14,Solano,095,438530,43554,42599,1112,43711,307
2021-09-14,Sonoma,097,501317,38958,38595,479,39074,369
2021-09-14,Stanislaus,099,539301,71471,70697,8031,78728,1091
2021-09-14,Sutter,101,95872,12882,12670,224,12894,149
2021-09-14,Tehama,103,63373,7098,6859,1149,8008,80
2021-09-14,Trinity,105,12862,699,538,190,728,7
2021-09-14,Tulare,107,460477,60845,58961,12410,71371,888
2021-09-14,Tuolumne,109,53932,6058,5951,68,6019,89
2021-09-14,Ventura,111,848112,93811,92841,4090,96931,1107
2021-09-14,Yolo,113,214977,18313,18039,924,18963,239
2021-09-14,Yuba,115,75493,9063,8928,202,9130,61
2021-09-13,Alameda,001,1643700,113412,112159,2616,114775,1309
2021-09-13,Alpine,003,1148,98,98,0,98,0
2021-09-13,Amador,005,37829,4878,4761,48,4809,56
2021-09-13,Butte,007,227075,18104,17393,3182,20575,225
2021-09-13,Calaveras,009,45235,3330,3253,28,3281,65
2021-09-13,Colusa,011,21464,2384,2346,528,2874,16
2021-09-13,Contra Costa,013,1133247,93693,92658,1886,94544,908
2021-09-13,Del Norte,015,27424,3374,3232,21,3253,28
2021-09-13,El Dorado,017,186661,14539,14194,1448,15642,119
2021-09-13,Fresno,019,978130,125176,122650,11183,133833,1853
2021-09-13,Glenn,021,27897,3124,3026,868,3894,20
2021-09-13,Humboldt,023,135768,7903,7659,379,8038,52
2021-09-13,Imperial,025,180216,31133,30802,3144,33946,751
2021-09-13,Inyo,027,18085,1642,1602,32,1634,39
2021-09-13,Kern,029,883053,115365,112930,17578,130508,1424
2021-09-13,Kings,031,150075,28539,27858,1604,29462,275
2021-09-13,Lake,033,64148,5978,5809,117,5926,82
2021-09-13,Lassen,035,31185,6141,5953,250,6203,25
2021-09-13,Los Angeles,037,10098052,1382686,1371423,51553,1422976,25703
2021-09-13,Madera,039,155013,20288,19735,1595,21330,252
2021-09-13,Marin,041,260295,16720,16557,385,16942,242
2021-09-13,Mariposa,043,17540,878,825,31,856,5
2021-09-13,Mendocino,045,87422,6560,6323,286,6609,61
2021-09-13,Merced,047,269075,37853,37291,1401,38692,521
2021-09-13,Modoc,049,8938,465,451,161,612,5
2021-09-13,Mono,051,14174,1485,1435,17,1452,3
2021-09-13,Monterey,053,433212,47067,46188,2530,48718,558
2021-09-13,Napa,055,140530,12177,12039,81,12120,91
2021-09-13,Nevada,057,99092,8199,8021,267,8288,83
2021-09-13,Orange,059,3164182,294685,291128,13870,304998,5312
2021-09-13,Placer,061,380077,33337,32617,3103,35720,343
2021-09-13,Plumas,063,18699,1213,1142,23,1165,5
2021-09-13,Riverside,065,2383286,343655,337876,15799,353675,4731
2021-09-13,Sacramento,067,1510023,145647,144537,3599,148136,1956
2021-09-13,San Benito,069,59416,6920,6867,142,7009,64
2021-09-13,San Bernardino,071,2135413,337108,333613,10476,344089,5441
2021-09-13,San Diego,073,3302833,349772,345647,20367,366014,3961
2021-09-13,San Francisco,075,870044,49556,48914,2123,51037,603
2021-09-13,San Joaquin,077,732212,92342,90966,4894,95860,1581
2021-09-13,San Luis Obispo,079,281455,27382,26805,1048,27853,300
2021-09-13,San Mateo,081,765935,51452,50525,767,51292,564
2021-09-13,Santa Barbara,083,443738,41488,40661,1514,42175,494
2021-09-13,Santa Clara,085,1922200,139613,138152,1076,139228,1820
2021-09-13,Santa Cruz,087,273765,19158,18917,970,19887,210
2021-09-13,Shasta,089,179085,17804,17033,2867,19900,243
2021-09-13,Sierra,091,2930,130,123,13,136,0
2021-09-13,Siskiyou,093,43540,2924,2745,980,3725,35
2021-09-13,Solano,095,438530,43450,42501,1109,43610,306
2021-09-13,Sonoma,097,501317,38891,38513,476,38989,368
2021-09-13,Stanislaus,099,539301,71217,70477,7996,78473,1091
2021-09-13,Sutter,101,95872,12824,12624,220,12844,145
2021-09-13,Tehama,103,63373,7035,6803,1137,7940,79
2021-09-13,Trinity,105,12862,697,533,188,721,7
2021-09-13,Tulare,107,460477,60561,58768,12348,71116,887
2021-09-13,Tuolumne,109,53932,6027,5909,68,5977,89
2021-09-13,Ventura,111,848112,93658,92679,4082,96761,1107
2021-09-13,Yolo,113,214977,18270,17974,919,18893,239
2021-09-13,Yuba,115,75493,9018,8884,201,9085,61
2021-09-12,Alameda,001,1643700,113140,111961,2613,114574,1309
2021-09-12,Alpine,003,1148,98,98,0,98,0
2021-09-12,Amador,005,37829,4857,4752,48,4800,56
2021-09-12,Butte,007,227075,17959,17257,3138,20395,221
2021-09-12,Calaveras,009,45235,3298,3236,24,3260,65
2021-09-12,Colusa,011,21464,2381,2344,527,2871,16
2021-09-12,Contra Costa,013,1133247,93426,92498,1874,94372,908
2021-09-12,Del Norte,015,27424,3339,3200,21,3221,28
2021-09-12,El Dorado,017,186661,14466,14167,1432,15599,119
2021-09-12,Fresno,019,978130,124660,122407,11131,133538,1853
2021-09-12,Glenn,021,27897,3105,3016,861,3877,20
2021-09-12,Humboldt,023,135768,7833,7636,368,8004,52
2021-09-12,Imperial,025,180216,31070,30790,3138,33928,751
2021-09-12,Inyo,027,18085,1632,1596,30,1626,39
2021-09-12,Kern,029,883053,114954,112602,17419,130021,1424
2021-09-12,Kings,031,150075,28428,27764,1587,29351,274
2021-09-12,Lake,033,64148,5939,5781,115,5896,82
2021-09-12,Lassen,035,31185,6104,5943,240,6183,25
2021-09-12,Los Angeles,037,10098052,1380629,1365968,51477,1417445,25630
2021-09-12,Madera,039,155013,20201,19691,1582,21273,252
2021-09-12,Marin,041,260295,16697,16526,385,16911,242
2021-09-12,Mariposa,043,17540,867,811,29,840,5
2021-09-12,Mendocino,045,87422,6519,6283,277,6560,61
2021-09-12,Merced,047,269075,37680,37172,1390,38562,521
2021-09-12,Modoc,049,8938,465,451,160,611,5
2021-09-12,Mono,051,14174,1478,1431,17,1448,3
2021-09-12,Monterey,053,433212,46968,46167,2521,48688,558
2021-09-12,Napa,055,140530,12147,12011,81,12092,91
2021-09-12,Nevada,057,99092,8160,7987,264,8251,83
2021-09-12,Orange,059,3164182,294221,290718,13849,304567,5312
2021-09-12,Placer,061,380077,33188,32520,3079,35599,343
2021-09-12,Plumas,063,18699,1194,1138,23,1161,5
2021-09-12,Riverside,065,2383286,342972,337332,15766,353098,4731
2021-09-12,Sacramento,067,1510023,145138,144030,3559,147589,1959
2021-09-12,San Benito,069,59416,6901,6852,141,6993,64
2021-09-12,San Bernardino,071,2135413,336496,333049,10463,343512,5439
2021-09-12,San Diego,073,3302833,348949,345058,20294,365352,3942
2021-09-12,San Francisco,075,870044,49445,48819,2116,50935,603
2021-09-12,San Joaquin,077,732212,92013,90730,4886,95616,1581
2021-09-12,San Luis Obispo,079,281455,27263,26729,1035,27764,299
2021-09-12,San Mateo,081,765935,51344,50432,763,51195,564
2021-09-12,Santa Barbara,083,443738,41379,40600,1506,42106,494
2021-09-12,Santa Clara,085,1922200,139358,137899,1073,138972,1820
2021-09-12,Santa Cruz,087,273765,19126,18892,969,19861,210
2021-09-12,Shasta,089,179085,17639,16957,2809,19766,243
2021-09-12,Sierra,091,2930,130,123,13,136,0
2021-09-12,Siskiyou,093,43540,2896,2730,965,3695,35
2021-09-12,Solano,095,438530,43344,42409,1104,43513,306
2021-09-12,Sonoma,097,501317,38813,38456,474,38930,368
2021-09-12,Stanislaus,099,539301,70915,70184,7957,78141,1091
2021-09-12,Sutter,101,95872,12782,12589,214,12803,145
2021-09-12,Tehama,103,63373,6971,6732,1125,7857,79
2021-09-12,Trinity,105,12862,693,529,186,715,7
2021-09-12,Tulare,107,460477,60207,58582,12288,70870,887
2021-09-12,Tuolumne,109,53932,5994,5888,68,5956,89
2021-09-12,Ventura,111,848112,93541,92496,4076,96572,1107
2021-09-12,Yolo,113,214977,18204,17943,911,18854,239
2021-09-12,Yuba,115,75493,8983,8842,201,9043,61
2021-09-11,Alameda,001,1643700,113013,111715,2611,114326,1309
2021-09-11,Alpine,003,1148,98,98,0,98,0
2021-09-11,Amador,005,37829,4844,4728,47,4775,56
2021-09-11,Butte,007,227075,17877,17218,3111,20329,221
2021-09-11,Calaveras,009,45235,3295,3208,23,3231,65
2021-09-11,Colusa,011,21464,2380,2338,524,2862,16
2021-09-11,Contra Costa,013,1133247,93308,92269,1869,94138,908
2021-09-11,Del Norte,015,27424,3323,3184,21,3205,28
2021-09-11,El Dorado,017,186661,14447,14117,1425,15542,119
2021-09-11,Fresno,019,978130,124479,122224,11110,133334,1853
2021-09-11,Glenn,021,27897,3095,3007,859,3866,20
2021-09-11,Humboldt,023,135768,7811,7615,365,7980,52
2021-09-11,Imperial,025,180216,31045,30760,3134,33894,751
2021-09-11,Inyo,027,18085,1629,1590,30,1620,39
2021-09-11,Kern,029,883053,114703,112205,17303,129508,1424
2021-09-11,Kings,031,150075,28379,27631,1581,29212,275
2021-09-11,Lake,033,64148,5919,5761,115,5876,82
2021-09-11,Lassen,035,31185,6089,5930,236,6166,25
2021-09-11,Los Angeles,037,10098052,1379664,1365831,51412,1417243,25630
2021-09-11,Madera,039,155013,20148,19648,1577,21225,252
2021-09-11,Marin,041,260295,16669,16496,384,16880,242
2021-09-11,Mariposa,043,17540,862,799,29,828,5
2021-09-11,Mendocino,045,87422,6495,6257,277,6534,61
2021-09-11,Merced,047,269075,37626,37042,1387,38429,521
2021-09-11,Modoc,049,8938,465,449,160,609,5
2021-09-11,Mono,051,14174,1472,1431,17,1448,3
2021-09-11,Monterey,053,433212,46931,46140,2519,48659,558
2021-09-11,Napa,055,140530,12124,11991,81,12072,91
2021-09-11,Nevada,057,99092,8145,7967,264,8231,83
2021-09-11,Orange,059,3164182,293920,290429,13832,304261,5306
2021-09-11,Placer,061,380077,33104,32414,3068,35482,344
2021-09-11,Plumas,063,18699,1189,1112,23,1135,5
2021-09-11,Riverside,065,2383286,342534,336585,15752,352337,4731
2021-09-11,Sacramento,067,1510023,144839,143557,3547,147104,1955
2021-09-11,San Benito,069,59416,6888,6844,141,6985,64
2021-09-11,San Bernardino,071,2135413,336156,332512,10449,342961,5430
2021-09-11,San Diego,073,3302833,348459,344355,20270,364625,3942
2021-09-11,San Francisco,075,870044,49390,48660,2111,50771,603
2021-09-11,San Joaquin,077,732212,91868,90482,4879,95361,1581
2021-09-11,San Luis Obispo,079,281455,27217,26651,1034,27685,299
2021-09-11,San Mateo,081,765935,51272,50341,763,51104,564
2021-09-11,Santa Barbara,083,443738,41306,40451,1506,41957,494
2021-09-11,Santa Clara,085,1922200,139208,137659,1070,138729,1820
2021-09-11,Santa Cruz,087,273765,19097,18865,969,19834,210
2021-09-11,Shasta,089,179085,17546,16877,2789,19666,243
2021-09-11,Sierra,091,2930,130,123,13,136,0
2021-09-11,Siskiyou,093,43540,2879,2717,962,3679,35
2021-09-11,Solano,095,438530,43293,42344,1101,43445,306
2021-09-11,Sonoma,097,501317,38766,38399,472,38871,368
2021-09-11,Stanislaus,099,539301,70789,69974,7943,77917,1091
2021-09-11,Sutter,101,95872,12756,12538,211,12749,145
2021-09-11,Tehama,103,63373,6950,6703,1117,7820,79
2021-09-11,Trinity,105,12862,686,526,186,712,7
2021-09-11,Tulare,107,460477,60096,58321,12241,70562,889
2021-09-11,Tuolumne,109,53932,5975,5879,65,5944,89
2021-09-11,Ventura,111,848112,93462,92328,4071,96399,1107
2021-09-11,Yolo,113,214977,18181,17906,906,18812,239
2021-09-11,Yuba,115,75493,8958,8813,201,9014,61
2021-09-10,Alameda,001,1643700,112822,111386,2610,113996,1306
2021-09-10,Alpine,003,1148,97,97,0,97,0
2021-09-10,Amador,005,37829,4832,4706,47,4753,56
2021-09-10,Butte,007,227075,17802,17051,3096,20147,222
2021-09-10,Calaveras,009,45235,3289,3183,23,3206,65
2021-09-10,Colusa,011,21464,2376,2327,521,2848,16
2021-09-10,Contra Costa,013,1133247,93186,92024,1867,93891,908
2021-09-10,Del Norte,015,27424,3308,3128,20,3148,28
2021-09-10,El Dorado,017,186661,14416,14051,1420,15471,119
2021-09-10,Fresno,019,978130,124157,121659,11089,132748,1846
2021-09-10,Glenn,021,27897,3090,2977,859,3836,20
2021-09-10,Humboldt,023,135768,7778,7543,361,7904,52
2021-09-10,Imperial,025,180216,31022,30716,3132,33848,751
2021-09-10,Inyo,027,18085,1625,1590,30,1620,39
2021-09-10,Kern,029,883053,114449,111832,17187,129019,1419
2021-09-10,Kings,031,150075,28305,27473,1573,29046,274
2021-09-10,Lake,033,64148,5903,5713,113,5826,79
2021-09-10,Lassen,035,31185,6081,5914,233,6147,25
2021-09-10,Los Angeles,037,10098052,1378457,1365709,51345,1417054,25630
2021-09-10,Madera,039,155013,20102,19520,1572,21092,252
2021-09-10,Marin,041,260295,16649,16458,381,16839,242
2021-09-10,Mariposa,043,17540,857,795,29,824,5
2021-09-10,Mendocino,045,87422,6463,6184,276,6460,61
2021-09-10,Merced,047,269075,37574,36884,1386,38270,521
2021-09-10,Modoc,049,8938,465,448,160,608,5
2021-09-10,Mono,051,14174,1467,1422,17,1439,3
2021-09-10,Monterey,053,433212,46887,46084,2517,48601,557
2021-09-10,Napa,055,140530,12100,11948,81,12029,90
2021-09-10,Nevada,057,99092,8127,7932,263,8195,83
2021-09-10,Orange,059,3164182,293612,290022,13823,303845,5302
2021-09-10,Placer,061,380077,33003,32264,3055,35319,343
2021-09-10,Plumas,063,18699,1181,1111,23,1134,5
2021-09-10,Riverside,065,2383286,342061,335988,15745,351733,4720
2021-09-10,Sacramento,067,1510023,144496,143244,3539,146783,1950
2021-09-10,San Benito,069,59416,6884,6824,141,6965,64
2021-09-10,San Bernardino,071,2135413,335737,331894,10439,342333,5422
2021-09-10,San Diego,073,3302833,347896,343173,20229,363402,3941
2021-09-10,San Francisco,075,870044,49312,48518,2104,50622,602
2021-09-10,San Joaquin,077,732212,91688,90208,4873,95081,1573
2021-09-10,San Luis Obispo,079,281455,27184,26526,1032,27558,299
2021-09-10,San Mateo,081,765935,51204,50251,762,51013,564
2021-09-10,Santa Barbara,083,443738,41251,40321,1503,41824,492
2021-09-10,Santa Clara,085,1922200,139024,137337,1069,138406,1817
2021-09-10,Santa Cruz,087,273765,19078,18785,968,19753,210
2021-09-10,Shasta,089,179085,17452,16667,2761,19428,242
2021-09-10,Sierra,091,2930,130,117,13,130,0
2021-09-10,Siskiyou,093,43540,2867,2702,958,3660,35
2021-09-10,Solano,095,438530,43219,42230,1094,43324,305
2021-09-10,Sonoma,097,501317,38708,38271,471,38742,368
2021-09-10,Stanislaus,099,539301,70631,69617,7919,77536,1091
2021-09-10,Sutter,101,95872,12722,12468,211,12679,145
2021-09-10,Tehama,103,63373,6917,6652,1111,7763,77
2021-09-10,Trinity,105,12862,682,524,186,710,7
2021-09-10,Tulare,107,460477,59948,57930,12196,70126,883
2021-09-10,Tuolumne,109,53932,5957,5842,64,5906,89
2021-09-10,Ventura,111,848112,93372,92145,4067,96212,1104
2021-09-10,Yolo,113,214977,18156,17825,901,18726,239
2021-09-10,Yuba,115,75493,8939,8760,200,8960,62
2021-09-09,Alameda,001,1643700,112602,111014,2605,113619,1306
2021-09-09,Alpine,003,1148,97,94,0,94,0
2021-09-09,Amador,005,37829,4811,4698,46,4744,56
2021-09-09,Butte,007,227075,17657,16874,3070,19944,221
2021-09-09,Calaveras,009,45235,3255,3165,23,3188,65
2021-09-09,Colusa,011,21464,2369,2321,519,2840,16
2021-09-09,Contra Costa,013,1133247,92976,91687,1862,93549,904
2021-09-09,Del Norte,015,27424,3285,3102,20,3122,28
2021-09-09,El Dorado,017,186661,14359,13970,1410,15380,119
2021-09-09,Fresno,019,978130,123683,121040,11053,132093,1838
2021-09-09,Glenn,021,27897,3077,2947,853,3800,20
2021-09-09,Humboldt,023,135768,7728,7471,355,7826,52
2021-09-09,Imperial,025,180216,30984,30661,3129,33790,751
2021-09-09,Inyo,027,18085,1618,1586,30,1616,39
2021-09-09,Kern,029,883053,114101,111390,17030,128420,1414
2021-09-09,Kings,031,150075,28204,27282,1562,28844,273
2021-09-09,Lake,033,64148,5879,5638,111,5749,79
2021-09-09,Lassen,035,31185,6031,5860,227,6087,25
2021-09-09,Los Angeles,037,10098052,1376593,1363735,51272,1415007,25583
2021-09-09,Madera,039,155013,20029,19401,1559,20960,252
2021-09-09,Marin,041,260295,16626,16416,378,16794,242
2021-09-09,Mariposa,043,17540,844,779,28,807,5
2021-09-09,Mendocino,045,87422,6429,6089,267,6356,61
2021-09-09,Merced,047,269075,37419,36634,1373,38007,516
2021-09-09,Modoc,049,8938,465,448,160,608,5
2021-09-09,Mono,051,14174,1457,1420,17,1437,3
2021-09-09,Monterey,053,433212,46833,45991,2506,48497,556
2021-09-09,Napa,055,140530,12068,11878,81,11959,90
2021-09-09,Nevada,057,99092,8089,7855,263,8118,82
2021-09-09,Orange,059,3164182,293202,289109,13792,302901,5299
2021-09-09,Placer,061,380077,32885,32048,3040,35088,342
2021-09-09,Plumas,063,18699,1171,1098,22,1120,5
2021-09-09,Riverside,065,2383286,341421,334774,15727,350501,4701
2021-09-09,Sacramento,067,1510023,144015,142728,3493,146221,1929
2021-09-09,San Benito,069,59416,6874,6820,140,6960,64
2021-09-09,San Bernardino,071,2135413,335174,331040,10427,341467,5417
2021-09-09,San Diego,073,3302833,347170,342149,20172,362321,3929
2021-09-09,San Francisco,075,870044,49198,48404,2095,50499,597
2021-09-09,San Joaquin,077,732212,91414,89874,4855,94729,1570
2021-09-09,San Luis Obispo,079,281455,27102,26472,1029,27501,296
2021-09-09,San Mateo,081,765935,51082,50143,759,50902,561
2021-09-09,Santa Barbara,083,443738,41144,40180,1499,41679,490
2021-09-09,Santa Clara,085,1922200,138801,137017,1064,138081,1816
2021-09-09,Santa Cruz,087,273765,19032,18728,968,19696,210
2021-09-09,Shasta,089,179085,17306,16401,2719,19120,238
2021-09-09,Sierra,091,2930,130,115,13,128,0
2021-09-09,Siskiyou,093,43540,2844,2683,944,3627,35
2021-09-09,Solano,095,438530,43103,42081,1090,43171,303
2021-09-09,Sonoma,097,501317,38640,38171,470,38641,360
2021-09-09,Stanislaus,099,539301,70345,69178,7886,77064,1074
2021-09-09,Sutter,101,95872,12667,12396,209,12605,144
2021-09-09,Tehama,103,63373,6863,6554,1106,7660,75
2021-09-09,Trinity,105,12862,676,523,184,707,6
2021-09-09,Tulare,107,460477,59706,57564,12136,69700,879
2021-09-09,Tuolumne,109,53932,5929,5802,63,5865,89
2021-09-09,Ventura,111,848112,93229,91610,4058,95668,1098
2021-09-09,Yolo,113,214977,18100,17724,898,18622,239
2021-09-09,Yuba,115,75493,8894,8707,197,8904,55
2021-09-08,Alameda,001,1643700,112348,110781,2602,113383,1305
2021-09-08,Alpine,003,1148,97,94,0,94,0
2021-09-08,Amador,005,37829,4799,4693,46,4739,56
2021-09-08,Butte,007,227075,17524,16775,3053,19828,220
2021-09-08,Calaveras,009,45235,3236,3157,23,3180,63
2021-09-08,Colusa,011,21464,2367,2308,517,2825,16
2021-09-08,Contra Costa,013,1133247,92703,91471,1857,93328,900
2021-09-08,Del Norte,015,27424,3261,3085,20,3105,25
2021-09-08,El Dorado,017,186661,14279,13928,1388,15316,119
2021-09-08,Fresno,019,978130,123191,120644,10990,131634,1831
2021-09-08,Glenn,021,27897,3060,2942,841,3783,20
2021-09-08,Humboldt,023,135768,7684,7438,347,7785,52
2021-09-08,Imperial,025,180216,30951,30609,3116,33725,751
2021-09-08,Inyo,027,18085,1607,1580,30,1610,39
2021-09-08,Kern,029,883053,113704,110933,16890,127823,1409
2021-09-08,Kings,031,150075,28075,27235,1547,28782,267
2021-09-08,Lake,033,64148,5849,5618,109,5727,79
2021-09-08,Lassen,035,31185,6013,5848,220,6068,25
2021-09-08,Los Angeles,037,10098052,1374524,1362029,51184,1413213,25533
2021-09-08,Madera,039,155013,19969,19352,1545,20897,252
2021-09-08,Marin,041,260295,16598,16386,377,16763,242
2021-09-08,Mariposa,043,17540,832,777,27,804,5
2021-09-08,Mendocino,045,87422,6384,6069,258,6327,61
2021-09-08,Merced,047,269075,37257,36500,1362,37862,516
2021-09-08,Modoc,049,8938,465,448,160,608,5
2021-09-08,Mono,051,14174,1451,1418,17,1435,3
2021-09-08,Monterey,053,433212,46784,45959,2500,48459,554
2021-09-08,Napa,055,140530,12033,11842,79,11921,90
2021-09-08,Nevada,057,99092,8053,7843,262,8105,82
2021-09-08,Orange,059,3164182,292794,288511,13768,302279,5290
2021-09-08,Placer,061,380077,32748,31852,3023,34875,337
2021-09-08,Plumas,063,18699,1164,1072,22,1094,5
2021-09-08,Riverside,065,2383286,340662,334037,15702,349739,4683
2021-09-08,Sacramento,067,1510023,143537,142448,3443,145891,1921
2021-09-08,San Benito,069,59416,6856,6800,140,6940,64
2021-09-08,San Bernardino,071,2135413,334572,330279,10411,340690,5411
2021-09-08,San Diego,073,3302833,346234,341437,20126,361563,3926
2021-09-08,San Francisco,075,870044,49059,48263,2092,50355,589
2021-09-08,San Joaquin,077,732212,91135,89631,4831,94462,1561
2021-09-08,San Luis Obispo,079,281455,27008,26303,1024,27327,294
2021-09-08,San Mateo,081,765935,50980,50051,759,50810,561
2021-09-08,Santa Barbara,083,443738,41032,40000,1495,41495,490
2021-09-08,Santa Clara,085,1922200,138567,136836,1060,137896,1810
2021-09-08,Santa Cruz,087,273765,18995,18699,968,19667,210
2021-09-08,Shasta,089,179085,17151,16227,2672,18899,234
2021-09-08,Sierra,091,2930,130,113,13,126,0
2021-09-08,Siskiyou,093,43540,2811,2643,933,3576,35
2021-09-08,Solano,095,438530,43011,41971,1087,43058,302
2021-09-08,Sonoma,097,501317,38557,38075,469,38544,360
2021-09-08,Stanislaus,099,539301,70099,68945,7847,76792,1074
2021-09-08,Sutter,101,95872,12602,12349,206,12555,144
2021-09-08,Tehama,103,63373,6796,6520,1089,7609,75
2021-09-08,Trinity,105,12862,673,520,180,700,6
2021-09-08,Tulare,107,460477,59382,57425,12080,69505,876
2021-09-08,Tuolumne,109,53932,5897,5783,61,5844,89
2021-09-08,Ventura,111,848112,93079,91345,4040,95385,1096
2021-09-08,Yolo,113,214977,18016,17680,893,18573,239
2021-09-08,Yuba,115,75493,8852,8675,195,8870,55
2021-09-07,Alameda,001,1643700,112042,110550,2597,113147,1301
2021-09-07,Alpine,003,1148,96,94,0,94,0
2021-09-07,Amador,005,37829,4772,4679,46,4725,53
2021-09-07,Butte,007,227075,17367,16723,3017,19740,220
2021-09-07,Calaveras,009,45235,3196,3140,21,3161,63
2021-09-07,Colusa,011,21464,2357,2306,516,2822,16
2021-09-07,Contra Costa,013,1133247,92443,91167,1851,93018,891
2021-09-07,Del Norte,015,27424,3247,3081,20,3101,24
2021-09-07,El Dorado,017,186661,14207,13892,1373,15265,119
2021-09-07,Fresno,019,978130,122640,120268,10904,131172,1828
2021-09-07,Glenn,021,27897,3048,2937,833,3770,20
2021-09-07,Humboldt,023,135768,7624,7397,330,7727,52
2021-09-07,Imperial,025,180216,30911,30584,3108,33692,751
2021-09-07,Inyo,027,18085,1601,1579,29,1608,39
2021-09-07,Kern,029,883053,113272,110674,16728,127402,1408
2021-09-07,Kings,031,150075,27951,27169,1529,28698,267
2021-09-07,Lake,033,64148,5806,5597,101,5698,78
2021-09-07,Lassen,035,31185,5995,5842,214,6056,21
2021-09-07,Los Angeles,037,10098052,1372293,1360407,51093,1411500,25486
2021-09-07,Madera,039,155013,19882,19316,1537,20853,249
2021-09-07,Marin,041,260295,16559,16363,377,16740,242
2021-09-07,Mariposa,043,17540,817,771,27,798,5
2021-09-07,Mendocino,045,87422,6324,6036,248,6284,61
2021-09-07,Merced,047,269075,37083,36400,1356,37756,513
2021-09-07,Modoc,049,8938,463,449,160,609,5
2021-09-07,Mono,051,14174,1442,1416,17,1433,3
2021-09-07,Monterey,053,433212,46701,45911,2487,48398,543
2021-09-07,Napa,055,140530,11992,11814,79,11893,90
2021-09-07,Nevada,057,99092,8025,7829,262,8091,82
2021-09-07,Orange,059,3164182,292365,288225,13737,301962,5274
2021-09-07,Placer,061,380077,32595,31710,2994,34704,337
2021-09-07,Plumas,063,18699,1149,1071,22,1093,5
2021-09-07,Riverside,065,2383286,339876,333390,15683,349073,4666
2021-09-07,Sacramento,067,1510023,142996,142364,3397,145761,1905
2021-09-07,San Benito,069,59416,6838,6786,140,6926,64
2021-09-07,San Bernardino,071,2135413,333826,329962,10387,340349,5407
2021-09-07,San Diego,073,3302833,345223,340709,20062,360771,3922
2021-09-07,San Francisco,075,870044,48919,48175,2087,50262,589
2021-09-07,San Joaquin,077,732212,90800,89468,4817,94285,1548
2021-09-07,San Luis Obispo,079,281455,26890,26253,1015,27268,287
2021-09-07,San Mateo,081,765935,50885,49913,758,50671,561
2021-09-07,Santa Barbara,083,443738,40906,39957,1490,41447,489
2021-09-07,Santa Clara,085,1922200,138279,136631,1054,137685,1807
2021-09-07,Santa Cruz,087,273765,18946,18669,966,19635,210
2021-09-07,Shasta,089,179085,16993,16096,2619,18715,226
2021-09-07,Sierra,091,2930,130,111,13,124,0
2021-09-07,Siskiyou,093,43540,2785,2607,916,3523,34
2021-09-07,Solano,095,438530,42881,41862,1083,42945,300
2021-09-07,Sonoma,097,501317,38473,38013,467,38480,358
2021-09-07,Stanislaus,099,539301,69812,68831,7819,76650,1074
2021-09-07,Sutter,101,95872,12528,12310,200,12510,138
2021-09-07,Tehama,103,63373,6744,6482,1069,7551,74
2021-09-07,Trinity,105,12862,667,517,180,697,6
2021-09-07,Tulare,107,460477,59032,57228,12000,69228,874
2021-09-07,Tuolumne,109,53932,5860,5759,61,5820,88
2021-09-07,Ventura,111,848112,92868,91246,4030,95276,1093
2021-09-07,Yolo,113,214977,17947,17653,888,18541,235
2021-09-07,Yuba,115,75493,8809,8642,190,8832,55
2021-09-06,Alameda,001,1643700,111731,110357,2588,112945,1301
2021-09-06,Alpine,003,1148,94,94,0,94,0
2021-09-06,Amador,005,37829,4756,4648,45,4693,53
2021-09-06,Butte,007,227075,17175,16588,2973,19561,218
2021-09-06,Calaveras,009,45235,3178,3122,21,3143,63
2021-09-06,Colusa,011,21464,2350,2306,511,2817,16
2021-09-06,Contra Costa,013,1133247,92149,90971,1841,92812,891
2021-09-06,Del Norte,015,27424,3206,3037,19,3056,24
2021-09-06,El Dorado,017,186661,14138,13848,1357,15205,119
2021-09-06,Fresno,019,978130,122074,119738,10834,130572,1828
2021-09-06,Glenn,021,27897,3019,2912,820,3732,20
2021-09-06,Humboldt,023,135768,7547,7320,312,7632,52
2021-09-06,Imperial,025,180216,30848,30576,3101,33677,751
2021-09-06,Inyo,027,18085,1592,1578,17,1595,39
2021-09-06,Kern,029,883053,112760,110347,16540,126887,1408
2021-09-06,Kings,031,150075,27808,27094,1514,28608,264
2021-09-06,Lake,033,64148,5742,5548,94,5642,78
2021-09-06,Lassen,035,31185,5969,5822,204,6026,21
2021-09-06,Los Angeles,037,10098052,1369917,1359348,50975,1410323,25477
2021-09-06,Madera,039,155013,19779,19191,1513,20704,249
2021-09-06,Marin,041,260295,16519,16356,377,16733,242
2021-09-06,Mariposa,043,17540,805,764,27,791,5
2021-09-06,Mendocino,045,87422,6253,5984,235,6219,61
2021-09-06,Merced,047,269075,36866,36300,1347,37647,513
2021-09-06,Modoc,049,8938,460,449,160,609,5
2021-09-06,Mono,051,14174,1438,1416,17,1433,3
2021-09-06,Monterey,053,433212,46607,45833,2471,48304,541
2021-09-06,Napa,055,140530,11949,11792,78,11870,90
2021-09-06,Nevada,057,99092,7977,7748,260,8008,82
2021-09-06,Orange,059,3164182,291870,287948,13685,301633,5274
2021-09-06,Placer,061,380077,32418,31595,2956,34551,337
2021-09-06,Plumas,063,18699,1128,1068,19,1087,5
2021-09-06,Riverside,065,2383286,339059,333052,15662,348714,4666
2021-09-06,Sacramento,067,1510023,142356,141730,3328,145058,1905
2021-09-06,San Benito,069,59416,6815,6777,137,6914,64
2021-09-06,San Bernardino,071,2135413,332944,329693,10356,340049,5398
2021-09-06,San Diego,073,3302833,344209,340222,19966,360188,3922
2021-09-06,San Francisco,075,870044,48785,48120,2081,50201,589
2021-09-06,San Joaquin,077,732212,90456,89293,4791,94084,1548
2021-09-06,San Luis Obispo,079,281455,26761,26183,1011,27194,286
2021-09-06,San Mateo,081,765935,50756,49859,756,50615,561
2021-09-06,Santa Barbara,083,443738,40776,39876,1481,41357,489
2021-09-06,Santa Clara,085,1922200,137988,136458,1052,137510,1807
2021-09-06,Santa Cruz,087,273765,18894,18615,963,19578,210
2021-09-06,Shasta,089,179085,16813,15985,2564,18549,226
2021-09-06,Sierra,091,2930,130,109,13,122,0
2021-09-06,Siskiyou,093,43540,2741,2595,882,3477,34
2021-09-06,Solano,095,438530,42733,41774,1076,42850,300
2021-09-06,Sonoma,097,501317,38352,37929,466,38395,358
2021-09-06,Stanislaus,099,539301,69435,68596,7775,76371,1074
2021-09-06,Sutter,101,95872,12466,12238,191,12429,138
2021-09-06,Tehama,103,63373,6682,6413,1042,7455,74
2021-09-06,Trinity,105,12862,664,515,178,693,6
2021-09-06,Tulare,107,460477,58673,57068,11921,68989,874
2021-09-06,Tuolumne,109,53932,5824,5697,61,5758,88
2021-09-06,Ventura,111,848112,92692,91132,4018,95150,1093
2021-09-06,Yolo,113,214977,17863,17576,882,18458,235
2021-09-06,Yuba,115,75493,8759,8584,186,8770,55
2021-09-05,Alameda,001,1643700,111541,110173,2585,112758,1301
2021-09-05,Alpine,003,1148,94,94,0,94,0
2021-09-05,Amador,005,37829,4744,4642,45,4687,53
2021-09-05,Butte,007,227075,17085,16504,2945,19449,218
2021-09-05,Calaveras,009,45235,3171,3106,21,3127,63
2021-09-05,Colusa,011,21464,2342,2305,509,2814,16
2021-09-05,Contra Costa,013,1133247,91965,90862,1836,92698,891
2021-09-05,Del Norte,015,27424,3185,3023,19,3042,24
2021-09-05,El Dorado,017,186661,14109,13827,1343,15170,119
2021-09-05,Fresno,019,978130,121779,119384,10796,130180,1828
2021-09-05,Glenn,021,27897,3007,2899,817,3716,20
2021-09-05,Humboldt,023,135768,7514,7312,309,7621,52
2021-09-05,Imperial,025,180216,30819,30548,3099,33647,751
2021-09-05,Inyo,027,18085,1589,1572,17,1589,39
2021-09-05,Kern,029,883053,112460,110073,16380,126453,1408
2021-09-05,Kings,031,150075,27731,26989,1510,28499,264
2021-09-05,Lake,033,64148,5722,5525,94,5619,78
2021-09-05,Lassen,035,31185,5947,5820,200,6020,21
2021-09-05,Los Angeles,037,10098052,1368626,1357748,50903,1408651,25465
2021-09-05,Madera,039,155013,19736,19155,1502,20657,249
2021-09-05,Marin,041,260295,16500,16342,376,16718,242
2021-09-05,Mariposa,043,17540,801,761,27,788,5
2021-09-05,Mendocino,045,87422,6219,5965,235,6200,61
2021-09-05,Merced,047,269075,36790,36243,1346,37589,513
2021-09-05,Modoc,049,8938,460,447,160,607,5
2021-09-05,Mono,051,14174,1438,1416,17,1433,3
2021-09-05,Monterey,053,433212,46578,45795,2462,48257,540
2021-09-05,Napa,055,140530,11924,11770,78,11848,90
2021-09-05,Nevada,057,99092,7955,7722,259,7981,82
2021-09-05,Orange,059,3164182,291582,287614,13668,301282,5274
2021-09-05,Placer,061,380077,32291,31487,2942,34429,337
2021-09-05,Plumas,063,18699,1121,1067,19,1086,5
2021-09-05,Riverside,065,2383286,338608,332604,15650,348254,4654
2021-09-05,Sacramento,067,1510023,141917,141276,3310,144586,1905
2021-09-05,San Benito,069,59416,6814,6764,137,6901,64
2021-09-05,San Bernardino,071,2135413,332563,329062,10341,339403,5392
2021-09-05,San Diego,073,3302833,343650,339427,19930,359357,3914
2021-09-05,San Francisco,075,870044,48707,48035,2076,50111,589
2021-09-05,San Joaquin,077,732212,90290,89121,4774,93895,1548
2021-09-05,San Luis Obispo,079,281455,26712,26098,1010,27108,285
2021-09-05,San Mateo,081,765935,50689,49809,752,50561,561
2021-09-05,Santa Barbara,083,443738,40709,39762,1479,41241,489
2021-09-05,Santa Clara,085,1922200,137778,136146,1050,137196,1807
2021-09-05,Santa Cruz,087,273765,18874,18588,961,19549,210
2021-09-05,Shasta,089,179085,16730,15960,2538,18498,226
2021-09-05,Sierra,091,2930,129,109,13,122,0
2021-09-05,Siskiyou,093,43540,2724,2585,868,3453,34
2021-09-05,Solano,095,438530,42638,41687,1071,42758,300
2021-09-05,Sonoma,097,501317,38267,37881,465,38346,358
2021-09-05,Stanislaus,099,539301,69285,68434,7750,76184,1074
2021-09-05,Sutter,101,95872,12436,12179,185,12364,138
2021-09-05,Tehama,103,63373,6657,6400,1036,7436,74
2021-09-05,Trinity,105,12862,658,505,177,682,6
2021-09-05,Tulare,107,460477,58504,56915,11877,68792,874
2021-09-05,Tuolumne,109,53932,5812,5688,61,5749,88
2021-09-05,Ventura,111,848112,92557,91004,4014,95018,1093
2021-09-05,Yolo,113,214977,17826,17557,876,18433,235
2021-09-05,Yuba,115,75493,8733,8521,184,8705,55
2021-09-04,Alameda,001,1643700,111414,109944,2578,112522,1301
2021-09-04,Alpine,003,1148,94,94,0,94,0
2021-09-04,Amador,005,37829,4726,4637,44,4681,53
2021-09-04,Butte,007,227075,17027,16403,2930,19333,218
2021-09-04,Calaveras,009,45235,3160,3087,20,3107,63
2021-09-04,Colusa,011,21464,2340,2301,509,2810,16
2021-09-04,Contra Costa,013,1133247,91851,90623,1833,92456,891
2021-09-04,Del Norte,015,27424,3174,2984,19,3003,24
2021-09-04,El Dorado,017,186661,14083,13782,1335,15117,119
2021-09-04,Fresno,019,978130,121585,119033,10776,129809,1828
2021-09-04,Glenn,021,27897,2997,2878,813,3691,20
2021-09-04,Humboldt,023,135768,7483,7298,303,7601,52
2021-09-04,Imperial,025,180216,30796,30526,3096,33622,751
2021-09-04,Inyo,027,18085,1587,1571,17,1588,39
2021-09-04,Kern,029,883053,112215,109751,16249,126000,1408
2021-09-04,Kings,031,150075,27643,26896,1504,28400,263
2021-09-04,Lake,033,64148,5704,5507,94,5601,78
2021-09-04,Lassen,035,31185,5932,5814,192,6006,21
2021-09-04,Los Angeles,037,10098052,1367677,1355634,50845,1406479,25454
2021-09-04,Madera,039,155013,19703,19112,1495,20607,249
2021-09-04,Marin,041,260295,16484,16319,375,16694,242
2021-09-04,Mariposa,043,17540,796,759,27,786,5
2021-09-04,Mendocino,045,87422,6183,5933,235,6168,61
2021-09-04,Merced,047,269075,36745,36083,1343,37426,513
2021-09-04,Modoc,049,8938,460,447,160,607,5
2021-09-04,Mono,051,14174,1435,1417,17,1434,3
2021-09-04,Monterey,053,433212,46547,45756,2458,48214,540
2021-09-04,Napa,055,140530,11899,11760,76,11836,90
2021-09-04,Nevada,057,99092,7940,7691,258,7949,82
2021-09-04,Orange,059,3164182,291319,287244,13647,300891,5274
2021-09-04,Placer,061,380077,32187,31374,2925,34299,337
2021-09-04,Plumas,063,18699,1113,1067,19,1086,5
2021-09-04,Riverside,065,2383286,338138,331958,15638,347596,4654
2021-09-04,Sacramento,067,1510023,141624,140735,3302,144037,1896
2021-09-04,San Benito,069,59416,6805,6758,137,6895,64
2021-09-04,San Bernardino,071,2135413,332231,328425,10327,338752,5393
2021-09-04,San Diego,073,3302833,343216,338748,19908,358656,3914
2021-09-04,San Francisco,075,870044,48632,47937,2067,50004,589
2021-09-04,San Joaquin,077,732212,90174,88846,4766,93612,1548
2021-09-04,San Luis Obispo,079,281455,26680,26020,1010,27030,285
2021-09-04,San Mateo,081,765935,50632,49721,752,50473,560
2021-09-04,Santa Barbara,083,443738,40643,39667,1477,41144,489
2021-09-04,Santa Clara,085,1922200,137592,135845,1047,136892,1806
2021-09-04,Santa Cruz,087,273765,18856,18579,957,19536,210
2021-09-04,Shasta,089,179085,16653,15924,2512,18436,226
2021-09-04,Sierra,091,2930,127,108,13,121,0
2021-09-04,Siskiyou,093,43540,2698,2563,857,3420,34
2021-09-04,Solano,095,438530,42565,41614,1069,42683,300
2021-09-04,Sonoma,097,501317,38234,37809,465,38274,358
2021-09-04,Stanislaus,099,539301,69128,68210,7726,75936,1074
2021-09-04,Sutter,101,95872,12395,12137,184,12321,138
2021-09-04,Tehama,103,63373,6632,6367,1018,7385,74
2021-09-04,Trinity,105,12862,656,497,177,674,6
2021-09-04,Tulare,107,460477,58396,56719,11834,68553,874
2021-09-04,Tuolumne,109,53932,5794,5667,59,5726,88
2021-09-04,Ventura,111,848112,92422,90904,4011,94915,1090
2021-09-04,Yolo,113,214977,17792,17522,872,18394,235
2021-09-04,Yuba,115,75493,8705,8475,183,8658,55
2021-09-03,Alameda,001,1643700,111264,109636,2576,112212,1301
2021-09-03,Alpine,003,1148,94,94,0,94,0
2021-09-03,Amador,005,37829,4704,4614,44,4658,53
2021-09-03,Butte,007,227075,16937,16259,2904,19163,215
2021-09-03,Calaveras,009,45235,3150,3069,20,3089,63
2021-09-03,Colusa,011,21464,2335,2295,508,2803,16
2021-09-03,Contra Costa,013,1133247,91700,90299,1830,92129,886
2021-09-03,Del Norte,015,27424,3146,2943,18,2961,24
2021-09-03,El Dorado,017,186661,14050,13710,1331,15041,119
2021-09-03,Fresno,019,978130,121253,118508,10754,129262,1822
2021-09-03,Glenn,021,27897,2989,2867,808,3675,20
2021-09-03,Humboldt,023,135768,7459,7194,298,7492,52
2021-09-03,Imperial,025,180216,30773,30475,3090,33565,751
2021-09-03,Inyo,027,18085,1582,1567,17,1584,39
2021-09-03,Kern,029,883053,111999,109296,16138,125434,1407
2021-09-03,Kings,031,150075,27559,26753,1501,28254,263
2021-09-03,Lake,033,64148,5684,5479,92,5571,78
2021-09-03,Lassen,035,31185,5915,5789,187,5976,21
2021-09-03,Los Angeles,037,10098052,1366345,1351185,50778,1401963,25384
2021-09-03,Madera,039,155013,19618,19021,1489,20510,247
2021-09-03,Marin,041,260295,16462,16293,374,16667,242
2021-09-03,Mariposa,043,17540,789,753,25,778,5
2021-09-03,Mendocino,045,87422,6148,5891,235,6126,61
2021-09-03,Merced,047,269075,36691,35941,1334,37275,512
2021-09-03,Modoc,049,8938,460,445,160,605,5
2021-09-03,Mono,051,14174,1434,1410,17,1427,3
2021-09-03,Monterey,053,433212,46509,45707,2454,48161,540
2021-09-03,Napa,055,140530,11878,11733,76,11809,89
2021-09-03,Nevada,057,99092,7907,7632,258,7890,82
2021-09-03,Orange,059,3164182,291000,286818,13619,300437,5253
2021-09-03,Placer,061,380077,32080,31238,2901,34139,335
2021-09-03,Plumas,063,18699,1102,1057,19,1076,5
2021-09-03,Riverside,065,2383286,337606,331011,15622,346633,4653
2021-09-03,Sacramento,067,1510023,141255,139982,3283,143265,1886
2021-09-03,San Benito,069,59416,6799,6746,137,6883,64
2021-09-03,San Bernardino,071,2135413,331818,327599,10316,337915,5381
2021-09-03,San Diego,073,3302833,342594,337627,19876,357503,3911
2021-09-03,San Francisco,075,870044,48556,47822,2061,49883,589
2021-09-03,San Joaquin,077,732212,90021,88366,4758,93124,1540
2021-09-03,San Luis Obispo,079,281455,26604,25917,1008,26925,283
2021-09-03,San Mateo,081,765935,50537,49617,750,50367,560
2021-09-03,Santa Barbara,083,443738,40576,39507,1474,40981,489
2021-09-03,Santa Clara,085,1922200,137390,135522,1043,136565,1801
2021-09-03,Santa Cruz,087,273765,18831,18532,957,19489,210
2021-09-03,Shasta,089,179085,16578,15778,2488,18266,226
2021-09-03,Sierra,091,2930,125,105,13,118,0
2021-09-03,Siskiyou,093,43540,2686,2529,844,3373,34
2021-09-03,Solano,095,438530,42464,41457,1066,42523,300
2021-09-03,Sonoma,097,501317,38171,37699,465,38164,358
2021-09-03,Stanislaus,099,539301,68948,67887,7700,75587,1074
2021-09-03,Sutter,101,95872,12356,12073,183,12256,139
2021-09-03,Tehama,103,63373,6593,6334,1011,7345,72
2021-09-03,Trinity,105,12862,654,490,172,662,6
2021-09-03,Tulare,107,460477,58269,56401,11781,68182,872
2021-09-03,Tuolumne,109,53932,5752,5630,59,5689,88
2021-09-03,Ventura,111,848112,92288,90742,4007,94749,1088
2021-09-03,Yolo,113,214977,17769,17446,866,18312,235
2021-09-03,Yuba,115,75493,8673,8412,183,8595,55
2021-09-02,Alameda,001,1643700,111005,109377,2573,111950,1301
2021-09-02,Alpine,003,1148,93,92,0,92,0
2021-09-02,Amador,005,37829,4688,4606,44,4650,53
2021-09-02,Butte,007,227075,16811,16154,2885,19039,215
2021-09-02,Calaveras,009,45235,3139,3042,20,3062,62
2021-09-02,Colusa,011,21464,2331,2290,506,2796,16
2021-09-02,Contra Costa,013,1133247,91520,90038,1820,91858,886
2021-09-02,Del Norte,015,27424,3115,2891,18,2909,24
2021-09-02,El Dorado,017,186661,13990,13641,1305,14946,119
2021-09-02,Fresno,019,978130,120767,117974,10711,128685,1804
2021-09-02,Glenn,021,27897,2974,2855,804,3659,20
2021-09-02,Humboldt,023,135768,7411,7141,287,7428,52
2021-09-02,Imperial,025,180216,30729,30449,3086,33535,751
2021-09-02,Inyo,027,18085,1577,1564,16,1580,39
2021-09-02,Kern,029,883053,111586,108930,15994,124924,1404
2021-09-02,Kings,031,150075,27466,26638,1491,28129,263
2021-09-02,Lake,033,64148,5654,5432,88,5520,78
2021-09-02,Lassen,035,31185,5901,5747,180,5927,21
2021-09-02,Los Angeles,037,10098052,1364487,1351105,50682,1401787,25382
2021-09-02,Madera,039,155013,19527,18937,1470,20407,247
2021-09-02,Marin,041,260295,16449,16244,372,16616,242
2021-09-02,Mariposa,043,17540,782,745,22,767,5
2021-09-02,Mendocino,045,87422,6106,5848,232,6080,61
2021-09-02,Merced,047,269075,36528,35820,1327,37147,508
2021-09-02,Modoc,049,8938,460,437,160,597,5
2021-09-02,Mono,051,14174,1434,1409,17,1426,3
2021-09-02,Monterey,053,433212,46444,45648,2439,48087,539
2021-09-02,Napa,055,140530,11849,11684,76,11760,88
2021-09-02,Nevada,057,99092,7855,7575,257,7832,82
2021-09-02,Orange,059,3164182,290540,286326,13586,299912,5240
2021-09-02,Placer,061,380077,31942,31067,2872,33939,330
2021-09-02,Plumas,063,18699,1091,1045,18,1063,5
2021-09-02,Riverside,065,2383286,336890,330190,15597,345787,4644
2021-09-02,Sacramento,067,1510023,140671,139274,3244,142518,1882
2021-09-02,San Benito,069,59416,6794,6734,136,6870,64
2021-09-02,San Bernardino,071,2135413,331214,326940,10243,337183,5369
2021-09-02,San Diego,073,3302833,341626,336382,19824,356206,3909
2021-09-02,San Francisco,075,870044,48448,47674,2057,49731,587
2021-09-02,San Joaquin,077,732212,89736,88056,4734,92790,1540
2021-09-02,San Luis Obispo,079,281455,26519,25851,1003,26854,283
2021-09-02,San Mateo,081,765935,50438,49490,747,50237,558
2021-09-02,Santa Barbara,083,443738,40485,39386,1461,40847,486
2021-09-02,Santa Clara,085,1922200,137088,135216,1037,136253,1799
2021-09-02,Santa Cruz,087,273765,18797,18473,954,19427,210
2021-09-02,Shasta,089,179085,16440,15670,2459,18129,224
2021-09-02,Sierra,091,2930,125,105,13,118,0
2021-09-02,Siskiyou,093,43540,2665,2513,816,3329,34
2021-09-02,Solano,095,438530,42358,41293,1063,42356,294
2021-09-02,Sonoma,097,501317,38090,37558,465,38023,352
2021-09-02,Stanislaus,099,539301,68691,67576,7678,75254,1074
2021-09-02,Sutter,101,95872,12286,11995,179,12174,138
2021-09-02,Tehama,103,63373,6534,6265,992,7257,72
2021-09-02,Trinity,105,12862,650,484,170,654,6
2021-09-02,Tulare,107,460477,58041,56105,11729,67834,872
2021-09-02,Tuolumne,109,53932,5696,5578,59,5637,88
2021-09-02,Ventura,111,848112,92105,90610,4002,94612,1084
2021-09-02,Yolo,113,214977,17700,17357,855,18212,235
2021-09-02,Yuba,115,75493,8613,8363,183,8546,55
2021-09-01,Alameda,001,1643700,110733,109075,2567,111642,1299
2021-09-01,Alpine,003,1148,93,92,0,92,0
2021-09-01,Amador,005,37829,4672,4599,43,4642,53
2021-09-01,Butte,007,227075,16696,16046,2860,18906,215
2021-09-01,Calaveras,009,45235,3126,3023,20,3043,59
2021-09-01,Colusa,011,21464,2326,2281,506,2787,16
2021-09-01,Contra Costa,013,1133247,91293,89834,1813,91647,877
2021-09-01,Del Norte,015,27424,3082,2860,18,2878,24
2021-09-01,El Dorado,017,186661,13934,13577,1278,14855,119
2021-09-01,Fresno,019,978130,120281,117492,10655,128147,1800
2021-09-01,Glenn,021,27897,2949,2846,794,3640,20
2021-09-01,Humboldt,023,135768,7363,7090,280,7370,52
2021-09-01,Imperial,025,180216,30692,30393,3081,33474,750
2021-09-01,Inyo,027,18085,1573,1561,15,1576,39
2021-09-01,Kern,029,883053,111155,108449,15852,124301,1400
2021-09-01,Kings,031,150075,27353,26443,1480,27923,263
2021-09-01,Lake,033,64148,5612,5396,83,5479,77
2021-09-01,Lassen,035,31185,5879,5731,176,5907,21
2021-09-01,Los Angeles,037,10098052,1362231,1348589,50574,1399163,25341
2021-09-01,Madera,039,155013,19449,18852,1455,20307,247
2021-09-01,Marin,041,260295,16427,16224,367,16591,240
2021-09-01,Mariposa,043,17540,774,735,22,757,5
2021-09-01,Mendocino,045,87422,6063,5821,227,6048,59
2021-09-01,Merced,047,269075,36351,35686,1318,37004,500
2021-09-01,Modoc,049,8938,454,436,158,594,5
2021-09-01,Mono,051,14174,1434,1400,17,1417,3
2021-09-01,Monterey,053,433212,46364,45590,2424,48014,539
2021-09-01,Napa,055,140530,11816,11653,76,11729,88
2021-09-01,Nevada,057,99092,7802,7508,256,7764,82
2021-09-01,Orange,059,3164182,290065,285840,13548,299388,5233
2021-09-01,Placer,061,380077,31788,30902,2858,33760,330
2021-09-01,Plumas,063,18699,1083,1033,18,1051,5
2021-09-01,Riverside,065,2383286,336074,329388,15567,344955,4634
2021-09-01,Sacramento,067,1510023,140060,138499,3198,141697,1875
2021-09-01,San Benito,069,59416,6777,6716,136,6852,64
2021-09-01,San Bernardino,071,2135413,330565,326250,10214,336464,5364
2021-09-01,San Diego,073,3302833,340586,335302,19775,355077,3908
2021-09-01,San Francisco,075,870044,48339,47538,2050,49588,584
2021-09-01,San Joaquin,077,732212,89415,87640,4711,92351,1540
2021-09-01,San Luis Obispo,079,281455,26423,25691,998,26689,283
2021-09-01,San Mateo,081,765935,50320,49394,741,50135,558
2021-09-01,Santa Barbara,083,443738,40368,39263,1445,40708,483
2021-09-01,Santa Clara,085,1922200,136820,134855,1030,135885,1796
2021-09-01,Santa Cruz,087,273765,18749,18453,952,19405,210
2021-09-01,Shasta,089,179085,16307,15552,2417,17969,221
2021-09-01,Sierra,091,2930,124,98,13,111,0
2021-09-01,Siskiyou,093,43540,2635,2482,796,3278,34
2021-09-01,Solano,095,438530,42207,41194,1057,42251,293
2021-09-01,Sonoma,097,501317,37995,37454,464,37918,352
2021-09-01,Stanislaus,099,539301,68400,67287,7647,74934,1075
2021-09-01,Sutter,101,95872,12222,11945,172,12117,136
2021-09-01,Tehama,103,63373,6500,6228,975,7203,72
2021-09-01,Trinity,105,12862,649,482,167,649,5
2021-09-01,Tulare,107,460477,57759,55768,11692,67460,870
2021-09-01,Tuolumne,109,53932,5656,5553,59,5612,88
2021-09-01,Ventura,111,848112,91890,90471,3986,94457,1089
2021-09-01,Yolo,113,214977,17645,17264,849,18113,235
2021-09-01,Yuba,115,75493,8552,8308,183,8491,55
2021-08-31,Alameda,001,1643700,110430,108837,2560,111397,1297
2021-08-31,Alpine,003,1148,91,92,0,92,0
2021-08-31,Amador,005,37829,4651,4555,43,4598,53
2021-08-31,Butte,007,227075,16555,15896,2819,18715,216
2021-08-31,Calaveras,009,45235,3094,3008,20,3028,59
2021-08-31,Colusa,011,21464,2324,2275,504,2779,16
2021-08-31,Contra Costa,013,1133247,90999,89546,1801,91347,871
2021-08-31,Del Norte,015,27424,3046,2830,18,2848,19
2021-08-31,El Dorado,017,186661,13864,13539,1261,14800,119
2021-08-31,Fresno,019,978130,119709,117155,10582,127737,1801
2021-08-31,Glenn,021,27897,2932,2829,780,3609,20
2021-08-31,Humboldt,023,135768,7287,7030,267,7297,52
2021-08-31,Imperial,025,180216,30655,30348,3073,33421,750
2021-08-31,Inyo,027,18085,1569,1550,15,1565,39
2021-08-31,Kern,029,883053,110653,108151,15673,123824,1393
2021-08-31,Kings,031,150075,27212,26405,1466,27871,260
2021-08-31,Lake,033,64148,5568,5359,80,5439,74
2021-08-31,Lassen,035,31185,5853,5702,173,5875,21
2021-08-31,Los Angeles,037,10098052,1359643,1346686,50495,1397181,25303
2021-08-31,Madera,039,155013,19359,18811,1437,20248,247
2021-08-31,Marin,041,260295,16398,16215,364,16579,240
2021-08-31,Mariposa,043,17540,766,732,22,754,5
2021-08-31,Mendocino,045,87422,6021,5777,225,6002,59
2021-08-31,Merced,047,269075,36181,35512,1313,36825,498
2021-08-31,Modoc,049,8938,453,436,158,594,5
2021-08-31,Mono,051,14174,1422,1398,17,1415,3
2021-08-31,Monterey,053,433212,46280,45550,2411,47961,539
2021-08-31,Napa,055,140530,11769,11618,76,11694,88
2021-08-31,Nevada,057,99092,7735,7460,256,7716,82
2021-08-31,Orange,059,3164182,289466,285310,13514,298824,5229
2021-08-31,Placer,061,380077,31599,30745,2820,33565,325
2021-08-31,Plumas,063,18699,1079,1018,17,1035,5
2021-08-31,Riverside,065,2383286,335100,328556,15534,344090,4627
2021-08-31,Sacramento,067,1510023,139375,137879,3166,141045,1863
2021-08-31,San Benito,069,59416,6765,6694,134,6828,64
2021-08-31,San Bernardino,071,2135413,329821,325446,10194,335640,5350
2021-08-31,San Diego,073,3302833,339319,334377,19727,354104,3888
2021-08-31,San Francisco,075,870044,48189,47440,2039,49479,581
2021-08-31,San Joaquin,077,732212,88970,87365,4696,92061,1540
2021-08-31,San Luis Obispo,079,281455,26298,25518,994,26512,282
2021-08-31,San Mateo,081,765935,50209,49299,741,50040,556
2021-08-31,Santa Barbara,083,443738,40217,39091,1439,40530,481
2021-08-31,Santa Clara,085,1922200,136469,134637,1023,135660,1793
2021-08-31,Santa Cruz,087,273765,18708,18419,949,19368,210
2021-08-31,Shasta,089,179085,16154,15368,2390,17758,220
2021-08-31,Sierra,091,2930,121,95,13,108,0
2021-08-31,Siskiyou,093,43540,2615,2435,780,3215,33
2021-08-31,Solano,095,438530,42068,41067,1050,42117,289
2021-08-31,Sonoma,097,501317,37899,37379,463,37842,352
2021-08-31,Stanislaus,099,539301,68037,67004,7612,74616,1075
2021-08-31,Sutter,101,95872,12156,11901,168,12069,136
2021-08-31,Tehama,103,63373,6440,6169,944,7113,72
2021-08-31,Trinity,105,12862,643,480,167,647,3
2021-08-31,Tulare,107,460477,57425,55567,11621,67188,870
2021-08-31,Tuolumne,109,53932,5620,5516,59,5575,88
2021-08-31,Ventura,111,848112,91673,90292,3974,94266,1081
2021-08-31,Yolo,113,214977,17565,17205,840,18045,234
2021-08-31,Yuba,115,75493,8498,8253,183,8436,54
2021-08-30,Alameda,001,1643700,110105,107734,2549,110283,1296
2021-08-30,Alpine,003,1148,91,92,0,92,0
2021-08-30,Amador,005,37829,4640,4507,43,4550,53
2021-08-30,Butte,007,227075,16404,15719,2786,18505,214
2021-08-30,Calaveras,009,45235,3077,2975,20,2995,59
2021-08-30,Colusa,011,21464,2315,2271,500,2771,16
2021-08-30,Contra Costa,013,1133247,90740,87679,1791,89470,872
2021-08-30,Del Norte,015,27424,3004,2796,17,2813,11
2021-08-30,El Dorado,017,186661,13795,13217,1244,14461,119
2021-08-30,Fresno,019,978130,119144,115867,10518,126385,1790
2021-08-30,Glenn,021,27897,2921,2804,777,3581,20
2021-08-30,Humboldt,023,135768,7234,6930,261,7191,52
2021-08-30,Imperial,025,180216,30617,30311,3068,33379,750
2021-08-30,Inyo,027,18085,1564,1544,15,1559,39
2021-08-30,Kern,029,883053,110174,107615,15509,123124,1389
2021-08-30,Kings,031,150075,27096,26236,1451,27687,259
2021-08-30,Lake,033,64148,5533,5323,77,5400,74
2021-08-30,Lassen,035,31185,5831,5667,167,5834,21
2021-08-30,Los Angeles,037,10098052,1357185,1344949,50408,1395357,25269
2021-08-30,Madera,039,155013,19277,18622,1418,20040,247
2021-08-30,Marin,041,260295,16367,16160,364,16524,240
2021-08-30,Mariposa,043,17540,760,715,21,736,5
2021-08-30,Mendocino,045,87422,5987,5721,221,5942,55
2021-08-30,Merced,047,269075,36053,35335,1309,36644,497
2021-08-30,Modoc,049,8938,451,436,157,593,5
2021-08-30,Mono,051,14174,1421,1390,17,1407,3
2021-08-30,Monterey,053,433212,46218,45463,2394,47857,539
2021-08-30,Napa,055,140530,11720,11579,74,11653,87
2021-08-30,Nevada,057,99092,7676,7356,253,7609,82
2021-08-30,Orange,059,3164182,288885,284750,13465,298215,5223
2021-08-30,Placer,061,380077,31434,29825,2797,32622,319
2021-08-30,Plumas,063,18699,1062,998,17,1015,5
2021-08-30,Riverside,065,2383286,334202,327593,15503,343096,4623
2021-08-30,Sacramento,067,1510023,138720,134571,3120,137691,1847
2021-08-30,San Benito,069,59416,6756,6663,134,6797,64
2021-08-30,San Bernardino,071,2135413,329145,324870,10164,335034,5348
2021-08-30,San Diego,073,3302833,338040,333011,19656,352667,3885
2021-08-30,San Francisco,075,870044,48050,46966,2025,48991,581
2021-08-30,San Joaquin,077,732212,88639,86203,4676,90879,1528
2021-08-30,San Luis Obispo,079,281455,26172,25422,987,26409,280
2021-08-30,San Mateo,081,765935,50084,48839,735,49574,554
2021-08-30,Santa Barbara,083,443738,40066,38998,1434,40432,481
2021-08-30,Santa Clara,085,1922200,136148,133281,1016,134297,1789
2021-08-30,Santa Cruz,087,273765,18653,18326,945,19271,210
2021-08-30,Shasta,089,179085,16025,15238,2347,17585,217
2021-08-30,Sierra,091,2930,119,91,13,104,0
2021-08-30,Siskiyou,093,43540,2602,2411,769,3180,33
2021-08-30,Solano,095,438530,41904,39986,1046,41032,290
2021-08-30,Sonoma,097,501317,37793,36764,463,37227,352
2021-08-30,Stanislaus,099,539301,67693,66173,7581,73754,1074
2021-08-30,Sutter,101,95872,12085,11791,161,11952,136
2021-08-30,Tehama,103,63373,6361,6085,920,7005,71
2021-08-30,Trinity,105,12862,632,468,164,632,3
2021-08-30,Tulare,107,460477,57113,55140,11545,66685,870
2021-08-30,Tuolumne,109,53932,5574,5492,59,5551,74
2021-08-30,Ventura,111,848112,91457,90149,3962,94111,1082
2021-08-30,Yolo,113,214977,17502,17071,836,17907,231
2021-08-30,Yuba,115,75493,8424,8129,182,8311,54
2021-08-29,Alameda,001,1643700,109763,107494,2537,110031,1296
2021-08-29,Alpine,003,1148,91,92,0,92,0
2021-08-29,Amador,005,37829,4626,4501,43,4544,53
2021-08-29,Butte,007,227075,16234,15602,2749,18351,214
2021-08-29,Calaveras,009,45235,3045,2970,20,2990,59
2021-08-29,Colusa,011,21464,2307,2260,494,2754,16
2021-08-29,Contra Costa,013,1133247,90441,87439,1786,89225,872
2021-08-29,Del Norte,015,27424,2961,2752,17,2769,11
2021-08-29,El Dorado,017,186661,13740,13166,1233,14399,119
2021-08-29,Fresno,019,978130,118549,115502,10455,125957,1790
2021-08-29,Glenn,021,27897,2903,2778,770,3548,20
2021-08-29,Humboldt,023,135768,7190,6922,246,7168,52
2021-08-29,Imperial,025,180216,30556,30293,3058,33351,750
2021-08-29,Inyo,027,18085,1554,1543,14,1557,39
2021-08-29,Kern,029,883053,109723,107324,15338,122662,1389
2021-08-29,Kings,031,150075,26944,26143,1436,27579,259
2021-08-29,Lake,033,64148,5493,5293,67,5360,74
2021-08-29,Lassen,035,31185,5808,5666,163,5829,21
2021-08-29,Los Angeles,037,10098052,1354424,1342541,50296,1392837,25263
2021-08-29,Madera,039,155013,19190,18594,1402,19996,247
2021-08-29,Marin,041,260295,16336,16134,361,16495,240
2021-08-29,Mariposa,043,17540,754,709,19,728,5
2021-08-29,Mendocino,045,87422,5929,5689,208,5897,55
2021-08-29,Merced,047,269075,35814,35250,1297,36547,497
2021-08-29,Modoc,049,8938,448,436,157,593,5
2021-08-29,Mono,051,14174,1414,1387,17,1404,3
2021-08-29,Monterey,053,433212,46112,45424,2370,47794,539
2021-08-29,Napa,055,140530,11689,11552,74,11626,87
2021-08-29,Nevada,057,99092,7620,7294,252,7546,82
2021-08-29,Orange,059,3164182,288258,284432,13423,297855,5223
2021-08-29,Placer,061,380077,31261,29674,2756,32430,319
2021-08-29,Plumas,063,18699,1051,996,17,1013,5
2021-08-29,Riverside,065,2383286,333343,326987,15482,342469,4623
2021-08-29,Sacramento,067,1510023,137967,133981,3071,137052,1843
2021-08-29,San Benito,069,59416,6730,6646,134,6780,64
2021-08-29,San Bernardino,071,2135413,328358,324266,10130,334396,5347
2021-08-29,San Diego,073,3302833,336930,332014,19564,351578,3880
2021-08-29,San Francisco,075,870044,47915,46885,2013,48898,581
2021-08-29,San Joaquin,077,732212,88192,85922,4655,90577,1528
2021-08-29,San Luis Obispo,079,281455,25974,25288,982,26270,280
2021-08-29,San Mateo,081,765935,49970,48737,730,49467,554
2021-08-29,Santa Barbara,083,443738,39899,38900,1430,40330,481
2021-08-29,Santa Clara,085,1922200,135793,132979,1010,133989,1789
2021-08-29,Santa Cruz,087,273765,18606,18285,943,19228,210
2021-08-29,Shasta,089,179085,15871,15198,2320,17518,217
2021-08-29,Sierra,091,2930,117,91,13,104,0
2021-08-29,Siskiyou,093,43540,2555,2407,749,3156,33
2021-08-29,Solano,095,438530,41749,39887,1039,40926,290
2021-08-29,Sonoma,097,501317,37657,36650,459,37109,352
2021-08-29,Stanislaus,099,539301,67347,65956,7546,73502,1074
2021-08-29,Sutter,101,95872,12027,11719,154,11873,136
2021-08-29,Tehama,103,63373,6290,6040,897,6937,71
2021-08-29,Trinity,105,12862,629,468,160,628,3
2021-08-29,Tulare,107,460477,56780,54974,11461,66435,870
2021-08-29,Tuolumne,109,53932,5549,5478,58,5536,74
2021-08-29,Ventura,111,848112,91200,90114,3953,94067,1082
2021-08-29,Yolo,113,214977,17403,17015,824,17839,231
2021-08-29,Yuba,115,75493,8360,8042,182,8224,54
2021-08-28,Alameda,001,1643700,109598,107007,2528,109535,1296
2021-08-28,Alpine,003,1148,91,92,0,92,0
2021-08-28,Amador,005,37829,4607,4484,43,4527,53
2021-08-28,Butte,007,227075,16175,15487,2721,18208,214
2021-08-28,Calaveras,009,45235,3034,2926,20,2946,59
2021-08-28,Colusa,011,21464,2303,2252,492,2744,16
2021-08-28,Contra Costa,013,1133247,90229,86938,1783,88721,872
2021-08-28,Del Norte,015,27424,2934,2734,16,2750,11
2021-08-28,El Dorado,017,186661,13700,13089,1227,14316,119
2021-08-28,Fresno,019,978130,118308,115079,10426,125505,1792
2021-08-28,Glenn,021,27897,2894,2773,764,3537,20
2021-08-28,Humboldt,023,135768,7155,6887,241,7128,52
2021-08-28,Imperial,025,180216,30529,30260,3054,33314,750
2021-08-28,Inyo,027,18085,1552,1539,14,1553,39
2021-08-28,Kern,029,883053,109485,107012,15196,122208,1389
2021-08-28,Kings,031,150075,26877,26059,1433,27492,257
2021-08-28,Lake,033,64148,5470,5267,63,5330,74
2021-08-28,Lassen,035,31185,5793,5665,162,5827,21
2021-08-28,Los Angeles,037,10098052,1353215,1337097,50223,1387320,25234
2021-08-28,Madera,039,155013,19139,18553,1387,19940,247
2021-08-28,Marin,041,260295,16321,16106,361,16467,240
2021-08-28,Mariposa,043,17540,752,704,19,723,5
2021-08-28,Mendocino,045,87422,5904,5658,208,5866,55
2021-08-28,Merced,047,269075,35762,35108,1294,36402,497
2021-08-28,Modoc,049,8938,448,436,156,592,5
2021-08-28,Mono,051,14174,1411,1385,17,1402,3
2021-08-28,Monterey,053,433212,46070,45394,2365,47759,539
2021-08-28,Napa,055,140530,11666,11512,73,11585,88
2021-08-28,Nevada,057,99092,7596,7238,250,7488,82
2021-08-28,Orange,059,3164182,287900,283953,13374,297327,5222
2021-08-28,Placer,061,380077,31152,29428,2743,32171,319
2021-08-28,Plumas,063,18699,1044,991,17,1008,5
2021-08-28,Riverside,065,2383286,332755,326222,15472,341694,4623
2021-08-28,Sacramento,067,1510023,137575,132985,3055,136040,1844
2021-08-28,San Benito,069,59416,6723,6636,134,6770,64
2021-08-28,San Bernardino,071,2135413,327910,323672,10122,333794,5348
2021-08-28,San Diego,073,3302833,336344,331330,19530,350860,3880
2021-08-28,San Francisco,075,870044,47843,46654,2006,48660,581
2021-08-28,San Joaquin,077,732212,88023,85481,4646,90127,1527
2021-08-28,San Luis Obispo,079,281455,25908,25138,977,26115,280
2021-08-28,San Mateo,081,765935,49895,48575,726,49301,554
2021-08-28,Santa Barbara,083,443738,39827,38780,1429,40209,481
2021-08-28,Santa Clara,085,1922200,135586,132488,1008,133496,1789
2021-08-28,Santa Cruz,087,273765,18589,18240,940,19180,210
2021-08-28,Shasta,089,179085,15768,15147,2301,17448,217
2021-08-28,Sierra,091,2930,113,91,13,104,0
2021-08-28,Siskiyou,093,43540,2547,2402,738,3140,33
2021-08-28,Solano,095,438530,41700,39610,1038,40648,290
2021-08-28,Sonoma,097,501317,37584,36466,457,36923,352
2021-08-28,Stanislaus,099,539301,67186,65670,7529,73199,1074
2021-08-28,Sutter,101,95872,12006,11669,153,11822,136
2021-08-28,Tehama,103,63373,6265,6004,884,6888,71
2021-08-28,Trinity,105,12862,625,463,159,622,3
2021-08-28,Tulare,107,460477,56650,54746,11419,66165,870
2021-08-28,Tuolumne,109,53932,5533,5469,58,5527,74
2021-08-28,Ventura,111,848112,91082,89934,3951,93885,1081
2021-08-28,Yolo,113,214977,17367,16907,817,17724,231
2021-08-28,Yuba,115,75493,8329,7985,181,8166,55
2021-08-27,Alameda,001,1643700,109389,106622,2525,109147,1296
2021-08-27,Alpine,003,1148,91,92,0,92,0
2021-08-27,Amador,005,37829,4591,4458,42,4500,53
2021-08-27,Butte,007,227075,16095,15277,2702,17979,214
2021-08-27,Calaveras,009,45235,3019,2903,20,2923,59
2021-08-27,Colusa,011,21464,2297,2240,490,2730,16
2021-08-27,Contra Costa,013,1133247,90031,86386,1780,88166,872
2021-08-27,Del Norte,015,27424,2902,2695,16,2711,11
2021-08-27,El Dorado,017,186661,13661,12968,1223,14191,119
2021-08-27,Fresno,019,978130,117874,114481,10404,124885,1774
2021-08-27,Glenn,021,27897,2876,2754,756,3510,20
2021-08-27,Humboldt,023,135768,7122,6782,238,7020,52
2021-08-27,Imperial,025,180216,30509,30201,3050,33251,750
2021-08-27,Inyo,027,18085,1551,1529,14,1543,39
2021-08-27,Kern,029,883053,109191,106570,15086,121656,1385
2021-08-27,Kings,031,150075,26798,25957,1431,27388,257
2021-08-27,Lake,033,64148,5445,5228,62,5290,74
2021-08-27,Lassen,035,31185,5777,5646,157,5803,21
2021-08-27,Los Angeles,037,10098052,1351694,1337006,50156,1387162,25230
2021-08-27,Madera,039,155013,19083,18476,1374,19850,247
2021-08-27,Marin,041,260295,16305,16055,359,16414,240
2021-08-27,Mariposa,043,17540,746,690,19,709,5
2021-08-27,Mendocino,045,87422,5873,5602,207,5809,55
2021-08-27,Merced,047,269075,35708,34906,1285,36191,495
2021-08-27,Modoc,049,8938,448,434,156,590,5
2021-08-27,Mono,051,14174,1406,1385,17,1402,3
2021-08-27,Monterey,053,433212,46021,45337,2357,47694,539
2021-08-27,Napa,055,140530,11632,11460,73,11533,87
2021-08-27,Nevada,057,99092,7556,7169,248,7417,82
2021-08-27,Orange,059,3164182,287538,283407,13335,296742,5206
2021-08-27,Placer,061,380077,31022,29157,2723,31880,320
2021-08-27,Plumas,063,18699,1038,984,17,1001,5
2021-08-27,Riverside,065,2383286,332238,325379,15457,340836,4622
2021-08-27,Sacramento,067,1510023,137140,131921,3042,134963,1838
2021-08-27,San Benito,069,59416,6717,6622,134,6756,64
2021-08-27,San Bernardino,071,2135413,327386,322893,10104,332997,5342
2021-08-27,San Diego,073,3302833,335560,330162,19476,349638,3877
2021-08-27,San Francisco,075,870044,47767,46456,1988,48444,581
2021-08-27,San Joaquin,077,732212,87840,84949,4627,89576,1524
2021-08-27,San Luis Obispo,079,281455,25860,24952,974,25926,280
2021-08-27,San Mateo,081,765935,49819,48424,722,49146,553
2021-08-27,Santa Barbara,083,443738,39735,38675,1427,40102,480
2021-08-27,Santa Clara,085,1922200,135356,132011,1005,133016,1783
2021-08-27,Santa Cruz,087,273765,18550,18163,936,19099,210
2021-08-27,Shasta,089,179085,15687,14996,2285,17281,217
2021-08-27,Sierra,091,2930,112,91,13,104,0
2021-08-27,Siskiyou,093,43540,2532,2358,724,3082,33
2021-08-27,Solano,095,438530,41587,39347,1034,40381,287
2021-08-27,Sonoma,097,501317,37512,36326,456,36782,342
2021-08-27,Stanislaus,099,539301,66975,65167,7491,72658,1061
2021-08-27,Sutter,101,95872,11960,11590,151,11741,135
2021-08-27,Tehama,103,63373,6232,5964,869,6833,71
2021-08-27,Trinity,105,12862,625,458,158,616,3
2021-08-27,Tulare,107,460477,56514,54443,11373,65816,870
2021-08-27,Tuolumne,109,53932,5501,5438,58,5496,74
2021-08-27,Ventura,111,848112,90953,89774,3947,93721,1076
2021-08-27,Yolo,113,214977,17325,16805,812,17617,231
2021-08-27,Yuba,115,75493,8272,7926,181,8107,54
2021-08-26,Alameda,001,1643700,109109,106146,2516,108662,1296
2021-08-26,Alpine,003,1148,91,92,0,92,0
2021-08-26,Amador,005,37829,4576,4442,41,4483,53
2021-08-26,Butte,007,227075,15962,15159,2666,17825,214
2021-08-26,Calaveras,009,45235,3008,2873,20,2893,59
2021-08-26,Colusa,011,21464,2290,2234,486,2720,16
2021-08-26,Contra Costa,013,1133247,89671,85808,1774,87582,866
2021-08-26,Del Norte,015,27424,2866,2625,16,2641,8
2021-08-26,El Dorado,017,186661,13592,12863,1209,14072,118
2021-08-26,Fresno,019,978130,117372,113854,10347,124201,1770
2021-08-26,Glenn,021,27897,2856,2740,747,3487,20
2021-08-26,Humboldt,023,135768,7064,6695,228,6923,53
2021-08-26,Imperial,025,180216,30460,30121,3042,33163,748
2021-08-26,Inyo,027,18085,1541,1521,13,1534,39
2021-08-26,Kern,029,883053,108763,106051,14941,120992,1380
2021-08-26,Kings,031,150075,26675,25838,1423,27261,260
2021-08-26,Lake,033,64148,5399,5196,59,5255,74
2021-08-26,Lassen,035,31185,5765,5626,155,5781,21
2021-08-26,Los Angeles,037,10098052,1349430,1334372,50060,1384432,25199
2021-08-26,Madera,039,155013,19013,18393,1361,19754,247
2021-08-26,Marin,041,260295,16276,15983,356,16339,240
2021-08-26,Mariposa,043,17540,736,677,19,696,5
2021-08-26,Mendocino,045,87422,5835,5533,202,5735,55
2021-08-26,Merced,047,269075,35541,34755,1264,36019,495
2021-08-26,Modoc,049,8938,448,433,156,589,5
2021-08-26,Mono,051,14174,1402,1385,17,1402,3
2021-08-26,Monterey,053,433212,45949,45265,2346,47611,539
2021-08-26,Napa,055,140530,11610,11394,72,11466,87
2021-08-26,Nevada,057,99092,7497,7086,245,7331,80
2021-08-26,Orange,059,3164182,287046,282814,13312,296126,5200
2021-08-26,Placer,061,380077,30854,28898,2697,31595,319
2021-08-26,Plumas,063,18699,1031,971,16,987,5
2021-08-26,Riverside,065,2383286,331446,324486,15436,339922,4615
2021-08-26,Sacramento,067,1510023,136608,130977,3000,133977,1827
2021-08-26,San Benito,069,59416,6707,6604,134,6738,64
2021-08-26,San Bernardino,071,2135413,326727,322100,10080,332180,5339
2021-08-26,San Diego,073,3302833,334531,328276,19410,347686,3869
2021-08-26,San Francisco,075,870044,47640,46288,1983,48271,581
2021-08-26,San Joaquin,077,732212,87462,84429,4604,89033,1513
2021-08-26,San Luis Obispo,079,281455,25710,24831,968,25799,278
2021-08-26,San Mateo,081,765935,49690,48263,720,48983,553
2021-08-26,Santa Barbara,083,443738,39651,38566,1426,39992,479
2021-08-26,Santa Clara,085,1922200,135030,131443,1001,132444,1782
2021-08-26,Santa Cruz,087,273765,18490,18072,934,19006,210
2021-08-26,Shasta,089,179085,15563,14891,2258,17149,217
2021-08-26,Sierra,091,2930,110,90,13,103,0
2021-08-26,Siskiyou,093,43540,2510,2342,710,3052,33
2021-08-26,Solano,095,438530,41438,39027,1026,40053,286
2021-08-26,Sonoma,097,501317,37423,36102,456,36558,337
2021-08-26,Stanislaus,099,539301,66660,64785,7451,72236,1061
2021-08-26,Sutter,101,95872,11900,11499,148,11647,135
2021-08-26,Tehama,103,63373,6174,5913,856,6769,68
2021-08-26,Trinity,105,12862,620,450,156,606,3
2021-08-26,Tulare,107,460477,56257,54157,11327,65484,870
2021-08-26,Tuolumne,109,53932,5481,5387,58,5445,74
2021-08-26,Ventura,111,848112,90767,89595,3938,93533,1080
2021-08-26,Yolo,113,214977,17258,16727,801,17528,231
2021-08-26,Yuba,115,75493,8199,7834,179,8013,54
2021-08-25,Alameda,001,1643700,108779,105636,2508,108144,1296
2021-08-25,Alpine,003,1148,91,92,0,92,0
2021-08-25,Amador,005,37829,4561,4415,41,4456,53
2021-08-25,Butte,007,227075,15856,15039,2624,17663,214
2021-08-25,Calaveras,009,45235,2985,2851,20,2871,59
2021-08-25,Colusa,011,21464,2283,2227,477,2704,16
2021-08-25,Contra Costa,013,1133247,89288,85322,1768,87090,863
2021-08-25,Del Norte,015,27424,2821,2573,16,2589,8
2021-08-25,El Dorado,017,186661,13533,12787,1193,13980,118
2021-08-25,Fresno,019,978130,116834,113384,10303,123687,1761
2021-08-25,Glenn,021,27897,2835,2728,735,3463,20
2021-08-25,Humboldt,023,135768,6995,6653,218,6871,52
2021-08-25,Imperial,025,180216,30423,30085,3035,33120,748
2021-08-25,Inyo,027,18085,1537,1518,13,1531,39
2021-08-25,Kern,029,883053,108332,105687,14785,120472,1379
2021-08-25,Kings,031,150075,26568,25676,1416,27092,258
2021-08-25,Lake,033,64148,5369,5163,56,5219,74
2021-08-25,Lassen,035,31185,5748,5583,154,5737,21
2021-08-25,Los Angeles,037,10098052,1346828,1331400,49972,1381372,25170
2021-08-25,Madera,039,155013,18949,18311,1338,19649,247
2021-08-25,Marin,041,260295,16254,15938,350,16288,240
2021-08-25,Mariposa,043,17540,730,676,19,695,5
2021-08-25,Mendocino,045,87422,5799,5486,197,5683,53
2021-08-25,Merced,047,269075,35408,34600,1253,35853,492
2021-08-25,Modoc,049,8938,448,433,156,589,5
2021-08-25,Mono,051,14174,1398,1382,17,1399,3
2021-08-25,Monterey,053,433212,45875,45196,2331,47527,539
2021-08-25,Napa,055,140530,11576,11348,71,11419,87
2021-08-25,Nevada,057,99092,7431,7000,244,7244,77
2021-08-25,Orange,059,3164182,286521,282061,13279,295340,5193
2021-08-25,Placer,061,380077,30678,28740,2664,31404,319
2021-08-25,Plumas,063,18699,1016,962,16,978,5
2021-08-25,Riverside,065,2383286,330602,323548,15414,338962,4610
2021-08-25,Sacramento,067,1510023,135928,130046,2961,133007,1827
2021-08-25,San Benito,069,59416,6686,6587,133,6720,64
2021-08-25,San Bernardino,071,2135413,326033,321228,10059,331287,5337
2021-08-25,San Diego,073,3302833,333258,327166,19335,346501,3859
2021-08-25,San Francisco,075,870044,47491,46107,1978,48085,578
2021-08-25,San Joaquin,077,732212,87077,84002,4588,88590,1510
2021-08-25,San Luis Obispo,079,281455,25518,24607,965,25572,276
2021-08-25,San Mateo,081,765935,49566,48153,716,48869,553
2021-08-25,Santa Barbara,083,443738,39521,38450,1426,39876,479
2021-08-25,Santa Clara,085,1922200,134661,130995,998,131993,1783
2021-08-25,Santa Cruz,087,273765,18429,17987,931,18918,210
2021-08-25,Shasta,089,179085,15434,14752,2226,16978,217
2021-08-25,Sierra,091,2930,107,90,13,103,0
2021-08-25,Siskiyou,093,43540,2465,2322,691,3013,33
2021-08-25,Solano,095,438530,41267,38848,1014,39862,286
2021-08-25,Sonoma,097,501317,37299,35986,453,36439,336
2021-08-25,Stanislaus,099,539301,66368,64441,7418,71859,1061
2021-08-25,Sutter,101,95872,11832,11451,144,11595,134
2021-08-25,Tehama,103,63373,6115,5861,839,6700,68
2021-08-25,Trinity,105,12862,614,450,155,605,3
2021-08-25,Tulare,107,460477,55972,53877,11257,65134,866
2021-08-25,Tuolumne,109,53932,5455,5354,58,5412,74
2021-08-25,Ventura,111,848112,90584,89379,3924,93303,1068
2021-08-25,Yolo,113,214977,17193,16667,791,17458,231
2021-08-25,Yuba,115,75493,8133,7771,178,7949,54
2021-08-24,Alameda,001,1643700,108449,105319,2498,107817,1296
2021-08-24,Alpine,003,1148,91,92,0,92,0
2021-08-24,Amador,005,37829,4542,4380,41,4421,50
2021-08-24,Butte,007,227075,15700,14964,2590,17554,214
2021-08-24,Calaveras,009,45235,2944,2811,20,2831,59
2021-08-24,Colusa,011,21464,2275,2221,473,2694,16
2021-08-24,Contra Costa,013,1133247,88926,84963,1762,86725,857
2021-08-24,Del Norte,015,27424,2794,2543,16,2559,8
2021-08-24,El Dorado,017,186661,13456,12732,1177,13909,118
2021-08-24,Fresno,019,978130,116229,113024,10243,123267,1761
2021-08-24,Glenn,021,27897,2820,2717,727,3444,20
2021-08-24,Humboldt,023,135768,6932,6585,205,6790,52
2021-08-24,Imperial,025,180216,30362,30045,3028,33073,748
2021-08-24,Inyo,027,18085,1532,1512,13,1525,39
2021-08-24,Kern,029,883053,107868,105399,14618,120017,1375
2021-08-24,Kings,031,150075,26447,25629,1401,27030,258
2021-08-24,Lake,033,64148,5334,5135,56,5191,72
2021-08-24,Lassen,035,31185,5732,5576,152,5728,21
2021-08-24,Los Angeles,037,10098052,1343967,1328777,49871,1378648,25135
2021-08-24,Madera,039,155013,18873,18251,1321,19572,247
2021-08-24,Marin,041,260295,16218,15900,346,16246,240
2021-08-24,Mariposa,043,17540,723,670,19,689,5
2021-08-24,Mendocino,045,87422,5755,5416,190,5606,52
2021-08-24,Merced,047,269075,35240,34490,1242,35732,491
2021-08-24,Modoc,049,8938,448,432,156,588,5
2021-08-24,Mono,051,14174,1396,1382,17,1399,3
2021-08-24,Monterey,053,433212,45809,45126,2314,47440,539
2021-08-24,Napa,055,140530,11543,11299,70,11369,85
2021-08-24,Nevada,057,99092,7361,6981,242,7223,77
2021-08-24,Orange,059,3164182,285922,281461,13253,294714,5187
2021-08-24,Placer,061,380077,30475,28618,2625,31243,318
2021-08-24,Plumas,063,18699,1006,953,16,969,5
2021-08-24,Riverside,065,2383286,329728,322620,15383,338003,4605
2021-08-24,Sacramento,067,1510023,135244,129542,2913,132455,1812
2021-08-24,San Benito,069,59416,6673,6576,133,6709,64
2021-08-24,San Bernardino,071,2135413,325278,320300,10029,330329,5328
2021-08-24,San Diego,073,3302833,331803,325823,19239,345062,3851
2021-08-24,San Francisco,075,870044,47316,46010,1966,47976,574
2021-08-24,San Joaquin,077,732212,86636,83684,4550,88234,1508
2021-08-24,San Luis Obispo,079,281455,25340,24443,955,25398,274
2021-08-24,San Mateo,081,765935,49417,48050,714,48764,553
2021-08-24,Santa Barbara,083,443738,39390,38307,1425,39732,478
2021-08-24,Santa Clara,085,1922200,134237,130763,994,131757,1779
2021-08-24,Santa Cruz,087,273765,18355,17928,925,18853,209
2021-08-24,Shasta,089,179085,15326,14664,2194,16858,217
2021-08-24,Sierra,091,2930,104,90,13,103,0
2021-08-24,Siskiyou,093,43540,2443,2294,676,2970,33
2021-08-24,Solano,095,438530,41058,38724,1002,39726,283
2021-08-24,Sonoma,097,501317,37170,35849,451,36300,336
2021-08-24,Stanislaus,099,539301,66009,64195,7368,71563,1058
2021-08-24,Sutter,101,95872,11765,11384,141,11525,134
2021-08-24,Tehama,103,63373,6069,5826,824,6650,67
2021-08-24,Trinity,105,12862,603,446,147,593,3
2021-08-24,Tulare,107,460477,55620,53702,11167,64869,856
2021-08-24,Tuolumne,109,53932,5424,5287,58,5345,74
2021-08-24,Ventura,111,848112,90399,89167,3913,93080,1068
2021-08-24,Yolo,113,214977,17116,16492,778,17270,231
2021-08-24,Yuba,115,75493,8050,7723,176,7899,54
2021-08-23,Alameda,001,1643700,108047,104922,2486,107408,1294
2021-08-23,Alpine,003,1148,91,91,0,91,0
2021-08-23,Amador,005,37829,4528,4369,41,4410,50
2021-08-23,Butte,007,227075,15554,14847,2555,17402,211
2021-08-23,Calaveras,009,45235,2909,2803,20,2823,59
2021-08-23,Colusa,011,21464,2271,2206,470,2676,16
2021-08-23,Contra Costa,013,1133247,88546,84651,1755,86406,857
2021-08-23,Del Norte,015,27424,2748,2499,16,2515,8
2021-08-23,El Dorado,017,186661,13353,12684,1155,13839,118
2021-08-23,Fresno,019,978130,115670,112445,10193,122638,1759
2021-08-23,Glenn,021,27897,2803,2696,720,3416,20
2021-08-23,Humboldt,023,135768,6857,6498,190,6688,52
2021-08-23,Imperial,025,180216,30311,30011,3025,33036,748
2021-08-23,Inyo,027,18085,1525,1509,13,1522,39
2021-08-23,Kern,029,883053,107413,104995,14462,119457,1375
2021-08-23,Kings,031,150075,26315,25465,1395,26860,257
2021-08-23,Lake,033,64148,5294,5099,54,5153,69
2021-08-23,Lassen,035,31185,5720,5562,152,5714,21
2021-08-23,Los Angeles,037,10098052,1341013,1326412,49746,1376158,25096
2021-08-23,Madera,039,155013,18787,18155,1306,19461,246
2021-08-23,Marin,041,260295,16170,15856,342,16198,240
2021-08-23,Mariposa,043,17540,712,645,19,664,5
2021-08-23,Mendocino,045,87422,5688,5374,183,5557,51
2021-08-23,Merced,047,269075,35057,34322,1237,35559,488
2021-08-23,Modoc,049,8938,445,431,155,586,6
2021-08-23,Mono,051,14174,1392,1384,17,1401,3
2021-08-23,Monterey,053,433212,45711,45047,2303,47350,538
2021-08-23,Napa,055,140530,11505,11257,70,11327,85
2021-08-23,Nevada,057,99092,7281,6930,240,7170,77
2021-08-23,Orange,059,3164182,285286,280891,13218,294109,5181
2021-08-23,Placer,061,380077,30275,28540,2587,31127,314
2021-08-23,Plumas,063,18699,998,934,16,950,5
2021-08-23,Riverside,065,2383286,328816,321650,15357,337007,4598
2021-08-23,Sacramento,067,1510023,134457,128969,2846,131815,1807
2021-08-23,San Benito,069,59416,6655,6562,131,6693,64
2021-08-23,San Bernardino,071,2135413,324475,319577,9990,329567,5324
2021-08-23,San Diego,073,3302833,330359,324536,19134,343670,3848
2021-08-23,San Francisco,075,870044,47162,45945,1957,47902,573
2021-08-23,San Joaquin,077,732212,86202,83466,4517,87983,1499
2021-08-23,San Luis Obispo,079,281455,25158,24317,953,25270,274
2021-08-23,San Mateo,081,765935,49279,47935,711,48646,553
2021-08-23,Santa Barbara,083,443738,39212,38181,1423,39604,478
2021-08-23,Santa Clara,085,1922200,133837,130489,990,131479,1778
2021-08-23,Santa Cruz,087,273765,18298,17871,923,18794,209
2021-08-23,Shasta,089,179085,15200,14537,2155,16692,216
2021-08-23,Sierra,091,2930,104,90,13,103,0
2021-08-23,Siskiyou,093,43540,2422,2274,655,2929,33
2021-08-23,Solano,095,438530,40905,38612,993,39605,283
2021-08-23,Sonoma,097,501317,37050,35769,450,36219,336
2021-08-23,Stanislaus,099,539301,65657,63922,7329,71251,1058
2021-08-23,Sutter,101,95872,11676,11314,133,11447,133
2021-08-23,Tehama,103,63373,6015,5805,806,6611,67
2021-08-23,Trinity,105,12862,600,435,144,579,3
2021-08-23,Tulare,107,460477,55313,53370,11095,64465,856
2021-08-23,Tuolumne,109,53932,5382,5240,58,5298,73
2021-08-23,Ventura,111,848112,90180,88960,3901,92861,1063
2021-08-23,Yolo,113,214977,17029,16445,763,17208,226
2021-08-23,Yuba,115,75493,7979,7653,174,7827,54
2021-08-22,Alameda,001,1643700,107597,104539,2453,106992,1294
2021-08-22,Alpine,003,1148,91,91,0,91,0
2021-08-22,Amador,005,37829,4498,4349,41,4390,50
2021-08-22,Butte,007,227075,15415,14791,2519,17310,211
2021-08-22,Calaveras,009,45235,2870,2771,20,2791,59
2021-08-22,Colusa,011,21464,2263,2201,464,2665,16
2021-08-22,Contra Costa,013,1133247,88003,84371,1741,86112,857
2021-08-22,Del Norte,015,27424,2688,2455,16,2471,8
2021-08-22,El Dorado,017,186661,13249,12629,1135,13764,118
2021-08-22,Fresno,019,978130,115072,112057,10124,122181,1759
2021-08-22,Glenn,021,27897,2777,2678,708,3386,20
2021-08-22,Humboldt,023,135768,6780,6483,171,6654,52
2021-08-22,Imperial,025,180216,30253,29993,3020,33013,748
2021-08-22,Inyo,027,18085,1519,1505,13,1518,39
2021-08-22,Kern,029,883053,106888,104691,14307,118998,1375
2021-08-22,Kings,031,150075,26157,25391,1378,26769,257
2021-08-22,Lake,033,64148,5248,5069,51,5120,69
2021-08-22,Lassen,035,31185,5688,5556,147,5703,21
2021-08-22,Los Angeles,037,10098052,1337711,1324151,49614,1373765,25089
2021-08-22,Madera,039,155013,18668,18120,1292,19412,246
2021-08-22,Marin,041,260295,16118,15822,334,16156,240
2021-08-22,Mariposa,043,17540,702,638,17,655,5
2021-08-22,Mendocino,045,87422,5629,5336,183,5519,51
2021-08-22,Merced,047,269075,34854,34234,1224,35458,488
2021-08-22,Modoc,049,8938,443,431,155,586,6
2021-08-22,Mono,051,14174,1390,1378,17,1395,3
2021-08-22,Monterey,053,433212,45612,45017,2289,47306,538
2021-08-22,Napa,055,140530,11460,11231,70,11301,85
2021-08-22,Nevada,057,99092,7207,6864,238,7102,77
2021-08-22,Orange,059,3164182,284595,280390,13173,293563,5181
2021-08-22,Placer,061,380077,30066,28395,2551,30946,314
2021-08-22,Plumas,063,18699,979,923,15,938,5
2021-08-22,Riverside,065,2383286,327794,320836,15308,336144,4594
2021-08-22,Sacramento,067,1510023,133682,128231,2805,131036,1802
2021-08-22,San Benito,069,59416,6638,6550,131,6681,64
2021-08-22,San Bernardino,071,2135413,323506,318839,9955,328794,5324
2021-08-22,San Diego,073,3302833,329034,323591,19029,342620,3848
2021-08-22,San Francisco,075,870044,46996,45831,1947,47778,573
2021-08-22,San Joaquin,077,732212,85745,83121,4482,87603,1498
2021-08-22,San Luis Obispo,079,281455,24952,24250,946,25196,274
2021-08-22,San Mateo,081,765935,49103,47821,706,48527,553
2021-08-22,Santa Barbara,083,443738,39028,38099,1415,39514,478
2021-08-22,Santa Clara,085,1922200,133420,130189,983,131172,1778
2021-08-22,Santa Cruz,087,273765,18237,17823,918,18741,209
2021-08-22,Shasta,089,179085,15062,14478,2119,16597,216
2021-08-22,Sierra,091,2930,104,87,13,100,0
2021-08-22,Siskiyou,093,43540,2393,2261,637,2898,33
2021-08-22,Solano,095,438530,40706,38489,979,39468,283
2021-08-22,Sonoma,097,501317,36894,35676,447,36123,336
2021-08-22,Stanislaus,099,539301,65291,63683,7239,70922,1058
2021-08-22,Sutter,101,95872,11594,11251,129,11380,133
2021-08-22,Tehama,103,63373,5969,5791,787,6578,67
2021-08-22,Trinity,105,12862,593,433,142,575,3
2021-08-22,Tulare,107,460477,54993,53220,11011,64231,856
2021-08-22,Tuolumne,109,53932,5339,5214,58,5272,73
2021-08-22,Ventura,111,848112,89971,88791,3884,92675,1063
2021-08-22,Yolo,113,214977,16927,16374,754,17128,226
2021-08-22,Yuba,115,75493,7905,7626,173,7799,54
2021-08-21,Alameda,001,1643700,107394,104281,2446,106727,1294
2021-08-21,Alpine,003,1148,91,91,0,91,0
2021-08-21,Amador,005,37829,4488,4338,39,4377,50
2021-08-21,Butte,007,227075,15347,14714,2498,17212,211
2021-08-21,Calaveras,009,45235,2857,2744,20,2764,59
2021-08-21,Colusa,011,21464,2257,2192,460,2652,16
2021-08-21,Contra Costa,013,1133247,87744,84136,1735,85871,857
2021-08-21,Del Norte,015,27424,2665,2409,16,2425,8
2021-08-21,El Dorado,017,186661,13205,12590,1131,13721,118
2021-08-21,Fresno,019,978130,114876,111765,10111,121876,1759
2021-08-21,Glenn,021,27897,2766,2654,701,3355,20
2021-08-21,Humboldt,023,135768,6742,6446,165,6611,52
2021-08-21,Imperial,025,180216,30210,29976,3017,32993,748
2021-08-21,Inyo,027,18085,1516,1500,13,1513,39
2021-08-21,Kern,029,883053,106632,104443,14183,118626,1375
2021-08-21,Kings,031,150075,26086,25313,1373,26686,257
2021-08-21,Lake,033,64148,5228,5055,49,5104,69
2021-08-21,Lassen,035,31185,5674,5553,147,5700,21
2021-08-21,Los Angeles,037,10098052,1336418,1321308,49523,1370831,25080
2021-08-21,Madera,039,155013,18630,18067,1286,19353,246
2021-08-21,Marin,041,260295,16084,15775,332,16107,240
2021-08-21,Mariposa,043,17540,692,634,17,651,5
2021-08-21,Mendocino,045,87422,5583,5307,182,5489,51
2021-08-21,Merced,047,269075,34749,34148,1219,35367,488
2021-08-21,Modoc,049,8938,443,430,155,585,6
2021-08-21,Mono,051,14174,1390,1378,17,1395,3
2021-08-21,Monterey,053,433212,45565,44969,2282,47251,538
2021-08-21,Napa,055,140530,11425,11211,70,11281,85
2021-08-21,Nevada,057,99092,7163,6810,237,7047,77
2021-08-21,Orange,059,3164182,284144,279855,13139,292994,5181
2021-08-21,Placer,061,380077,29928,28289,2526,30815,314
2021-08-21,Plumas,063,18699,975,916,14,930,5
2021-08-21,Riverside,065,2383286,327213,320086,15295,335381,4594
2021-08-21,Sacramento,067,1510023,133187,127751,2793,130544,1809
2021-08-21,San Benito,069,59416,6628,6542,130,6672,64
2021-08-21,San Bernardino,071,2135413,323055,318293,9934,328227,5324
2021-08-21,San Diego,073,3302833,328372,322620,18989,341609,3848
2021-08-21,San Francisco,075,870044,46894,45637,1940,47577,573
2021-08-21,San Joaquin,077,732212,85528,82825,4467,87292,1498
2021-08-21,San Luis Obispo,079,281455,24894,24169,946,25115,273
2021-08-21,San Mateo,081,765935,49006,47685,706,48391,553
2021-08-21,Santa Barbara,083,443738,38946,37951,1411,39362,478
2021-08-21,Santa Clara,085,1922200,133155,129911,979,130890,1778
2021-08-21,Santa Cruz,087,273765,18200,17763,913,18676,209
2021-08-21,Shasta,089,179085,14988,14417,2105,16522,217
2021-08-21,Sierra,091,2930,99,85,13,98,0
2021-08-21,Siskiyou,093,43540,2379,2246,626,2872,33
2021-08-21,Solano,095,438530,40595,38423,969,39392,281
2021-08-21,Sonoma,097,501317,36807,35582,446,36028,336
2021-08-21,Stanislaus,099,539301,65099,63512,7221,70733,1058
2021-08-21,Sutter,101,95872,11549,11204,127,11331,133
2021-08-21,Tehama,103,63373,5944,5757,780,6537,67
2021-08-21,Trinity,105,12862,588,431,140,571,3
2021-08-21,Tulare,107,460477,54850,53045,10967,64012,857
2021-08-21,Tuolumne,109,53932,5308,5193,58,5251,73
2021-08-21,Ventura,111,848112,89827,88558,3869,92427,1063
2021-08-21,Yolo,113,214977,16880,16322,748,17070,226
2021-08-21,Yuba,115,75493,7859,7580,172,7752,54
2021-08-20,Alameda,001,1643700,107149,103812,2438,106250,1294
2021-08-20,Alpine,003,1148,91,91,0,91,0
2021-08-20,Amador,005,37829,4462,4323,39,4362,50
2021-08-20,Butte,007,227075,15275,14617,2476,17093,211
2021-08-20,Calaveras,009,45235,2842,2717,20,2737,59
2021-08-20,Colusa,011,21464,2252,2178,458,2636,16
2021-08-20,Contra Costa,013,1133247,87467,83721,1728,85449,857
2021-08-20,Del Norte,015,27424,2633,2316,16,2332,8
2021-08-20,El Dorado,017,186661,13167,12495,1123,13618,118
2021-08-20,Fresno,019,978130,114523,111315,10079,121394,1759
2021-08-20,Glenn,021,27897,2759,2642,694,3336,20
2021-08-20,Humboldt,023,135768,6691,6349,160,6509,52
2021-08-20,Imperial,025,180216,30187,29934,3017,32951,747
2021-08-20,Inyo,027,18085,1510,1495,13,1508,39
2021-08-20,Kern,029,883053,106348,104048,14055,118103,1373
2021-08-20,Kings,031,150075,26020,25241,1371,26612,256
2021-08-20,Lake,033,64148,5213,5024,46,5070,69
2021-08-20,Lassen,035,31185,5654,5539,147,5686,21
2021-08-20,Los Angeles,037,10098052,1334546,1317541,49424,1366965,25049
2021-08-20,Madera,039,155013,18581,18018,1271,19289,246
2021-08-20,Marin,041,260295,16066,15727,328,16055,240
2021-08-20,Mariposa,043,17540,687,630,17,647,5
2021-08-20,Mendocino,045,87422,5537,5241,181,5422,51
2021-08-20,Merced,047,269075,34684,34035,1211,35246,486
2021-08-20,Modoc,049,8938,443,429,155,584,6
2021-08-20,Mono,051,14174,1389,1368,17,1385,3
2021-08-20,Monterey,053,433212,45527,44890,2275,47165,538
2021-08-20,Napa,055,140530,11393,11152,70,11222,83
2021-08-20,Nevada,057,99092,7121,6753,231,6984,77
2021-08-20,Orange,059,3164182,283700,279193,13118,292311,5179
2021-08-20,Placer,061,380077,29833,28156,2497,30653,313
2021-08-20,Plumas,063,18699,966,908,14,922,5
2021-08-20,Riverside,065,2383286,326517,319072,15264,334336,4594
2021-08-20,Sacramento,067,1510023,132711,127226,2776,130002,1797
2021-08-20,San Benito,069,59416,6614,6508,130,6638,64
2021-08-20,San Bernardino,071,2135413,322442,317372,9905,327277,5322
2021-08-20,San Diego,073,3302833,327464,321102,18920,340022,3846
2021-08-20,San Francisco,075,870044,46797,45432,1925,47357,573
2021-08-20,San Joaquin,077,732212,85298,82419,4449,86868,1496
2021-08-20,San Luis Obispo,079,281455,24816,23986,942,24928,273
2021-08-20,San Mateo,081,765935,48892,47561,703,48264,551
2021-08-20,Santa Barbara,083,443738,38862,37794,1406,39200,477
2021-08-20,Santa Clara,085,1922200,132872,129510,974,130484,1774
2021-08-20,Santa Cruz,087,273765,18160,17701,910,18611,209
2021-08-20,Shasta,089,179085,14909,14277,2086,16363,215
2021-08-20,Sierra,091,2930,97,83,13,96,0
2021-08-20,Siskiyou,093,43540,2363,2226,621,2847,33
2021-08-20,Solano,095,438530,40455,38214,958,39172,277
2021-08-20,Sonoma,097,501317,36738,35416,445,35861,336
2021-08-20,Stanislaus,099,539301,64903,63219,7198,70417,1047
2021-08-20,Sutter,101,95872,11493,11136,126,11262,133
2021-08-20,Tehama,103,63373,5928,5730,768,6498,66
2021-08-20,Trinity,105,12862,588,422,139,561,3
2021-08-20,Tulare,107,460477,54719,52855,10924,63779,856
2021-08-20,Tuolumne,109,53932,5284,5153,57,5210,73
2021-08-20,Ventura,111,848112,89661,88285,3866,92151,1061
2021-08-20,Yolo,113,214977,16826,16236,742,16978,225
2021-08-20,Yuba,115,75493,7818,7523,172,7695,54
2021-08-19,Alameda,001,1643700,106699,103276,2415,105691,1294
2021-08-19,Alpine,003,1148,91,91,0,91,0
2021-08-19,Amador,005,37829,4455,4317,39,4356,50
2021-08-19,Butte,007,227075,15140,14518,2447,16965,211
2021-08-19,Calaveras,009,45235,2823,2673,20,2693,59
2021-08-19,Colusa,011,21464,2243,2167,454,2621,16
2021-08-19,Contra Costa,013,1133247,87026,83296,1714,85010,852
2021-08-19,Del Norte,015,27424,2583,2257,16,2273,8
2021-08-19,El Dorado,017,186661,13082,12410,1103,13513,118
2021-08-19,Fresno,019,978130,114085,110947,10025,120972,1759
2021-08-19,Glenn,021,27897,2740,2629,687,3316,20
2021-08-19,Humboldt,023,135768,6630,6246,154,6400,52
2021-08-19,Imperial,025,180216,30141,29865,3012,32877,747
2021-08-19,Inyo,027,18085,1503,1494,13,1507,39
2021-08-19,Kern,029,883053,105952,103731,13914,117645,1371
2021-08-19,Kings,031,150075,25889,25128,1359,26487,256
2021-08-19,Lake,033,64148,5183,4991,42,5033,69
2021-08-19,Lassen,035,31185,5636,5520,146,5666,21
2021-08-19,Los Angeles,037,10098052,1331568,1314453,49284,1363737,25020
2021-08-19,Madera,039,155013,18519,17947,1256,19203,246
2021-08-19,Marin,041,260295,16033,15672,325,15997,240
2021-08-19,Mariposa,043,17540,672,618,17,635,5
2021-08-19,Mendocino,045,87422,5504,5167,178,5345,51
2021-08-19,Merced,047,269075,34549,33851,1198,35049,486
2021-08-19,Modoc,049,8938,443,427,155,582,6
2021-08-19,Mono,051,14174,1385,1349,17,1366,3
2021-08-19,Monterey,053,433212,45454,44821,2265,47086,538
2021-08-19,Napa,055,140530,11341,11104,70,11174,83
2021-08-19,Nevada,057,99092,7057,6695,229,6924,77
2021-08-19,Orange,059,3164182,283064,278562,13067,291629,5172
2021-08-19,Placer,061,380077,29653,27953,2479,30432,313
2021-08-19,Plumas,063,18699,953,896,14,910,5
2021-08-19,Riverside,065,2383286,325489,318056,15235,333291,4589
2021-08-19,Sacramento,067,1510023,132007,126720,2740,129460,1801
2021-08-19,San Benito,069,59416,6596,6493,128,6621,64
2021-08-19,San Bernardino,071,2135413,321621,316398,9882,326280,5318
2021-08-19,San Diego,073,3302833,326203,319582,18830,338412,3839
2021-08-19,San Francisco,075,870044,46634,45220,1911,47131,571
2021-08-19,San Joaquin,077,732212,84853,82047,4398,86445,1491
2021-08-19,San Luis Obispo,079,281455,24676,23878,935,24813,271
2021-08-19,San Mateo,081,765935,48757,47431,701,48132,551
2021-08-19,Santa Barbara,083,443738,38717,37693,1403,39096,477
2021-08-19,Santa Clara,085,1922200,132482,129133,967,130100,1774
2021-08-19,Santa Cruz,087,273765,18098,17644,903,18547,209
2021-08-19,Shasta,089,179085,14785,14200,2063,16263,214
2021-08-19,Sierra,091,2930,93,83,13,96,0
2021-08-19,Siskiyou,093,43540,2348,2218,609,2827,33
2021-08-19,Solano,095,438530,40297,38025,946,38971,273
2021-08-19,Sonoma,097,501317,36650,35233,444,35677,336
2021-08-19,Stanislaus,099,539301,64554,62928,7154,70082,1047
2021-08-19,Sutter,101,95872,11409,11057,125,11182,133
2021-08-19,Tehama,103,63373,5892,5683,741,6424,66
2021-08-19,Trinity,105,12862,584,414,137,551,3
2021-08-19,Tulare,107,460477,54487,52685,10860,63545,856
2021-08-19,Tuolumne,109,53932,5248,5112,56,5168,64
2021-08-19,Ventura,111,848112,89458,88073,3851,91924,1060
2021-08-19,Yolo,113,214977,16740,16153,734,16887,225
2021-08-19,Yuba,115,75493,7765,7458,171,7629,51
2021-08-18,Alameda,001,1643700,106285,102696,2393,105089,1294
2021-08-18,Alpine,003,1148,90,91,0,91,0
2021-08-18,Amador,005,37829,4438,4279,38,4317,50
2021-08-18,Butte,007,227075,15030,14426,2421,16847,208
2021-08-18,Calaveras,009,45235,2781,2643,19,2662,59
2021-08-18,Colusa,011,21464,2235,2160,450,2610,16
2021-08-18,Contra Costa,013,1133247,86527,82767,1708,84475,851
2021-08-18,Del Norte,015,27424,2526,2219,16,2235,8
2021-08-18,El Dorado,017,186661,12992,12306,1089,13395,118
2021-08-18,Fresno,019,978130,113633,110523,9961,120484,1759
2021-08-18,Glenn,021,27897,2710,2623,680,3303,20
2021-08-18,Humboldt,023,135768,6558,6195,149,6344,52
2021-08-18,Imperial,025,180216,30108,29821,3010,32831,746
2021-08-18,Inyo,027,18085,1500,1494,13,1507,39
2021-08-18,Kern,029,883053,105605,103440,13819,117259,1370
2021-08-18,Kings,031,150075,25780,24984,1352,26336,256
2021-08-18,Lake,033,64148,5142,4957,41,4998,69
2021-08-18,Lassen,035,31185,5617,5506,145,5651,21
2021-08-18,Los Angeles,037,10098052,1328420,1311477,49152,1360629,24984
2021-08-18,Madera,039,155013,18459,17871,1243,19114,246
2021-08-18,Marin,041,260295,15995,15610,322,15932,240
2021-08-18,Mariposa,043,17540,659,615,16,631,5
2021-08-18,Mendocino,045,87422,5453,5129,175,5304,51
2021-08-18,Merced,047,269075,34384,33708,1187,34895,484
2021-08-18,Modoc,049,8938,443,427,154,581,6
2021-08-18,Mono,051,14174,1382,1344,17,1361,3
2021-08-18,Monterey,053,433212,45370,44735,2249,46984,532
2021-08-18,Napa,055,140530,11302,11060,69,11129,83
2021-08-18,Nevada,057,99092,6991,6633,229,6862,76
2021-08-18,Orange,059,3164182,282426,277795,13011,290806,5168
2021-08-18,Placer,061,380077,29427,27741,2451,30192,312
2021-08-18,Plumas,063,18699,944,874,14,888,5
2021-08-18,Riverside,065,2383286,324489,317107,15201,332308,4585
2021-08-18,Sacramento,067,1510023,131247,125599,2709,128308,1781
2021-08-18,San Benito,069,59416,6585,6481,127,6608,64
2021-08-18,San Bernardino,071,2135413,320820,315477,9863,325340,5304
2021-08-18,San Diego,073,3302833,324860,318152,18765,336917,3834
2021-08-18,San Francisco,075,870044,46431,44957,1901,46858,568
2021-08-18,San Joaquin,077,732212,84400,81601,4366,85967,1491
2021-08-18,San Luis Obispo,079,281455,24525,23726,924,24650,270
2021-08-18,San Mateo,081,765935,48591,47255,700,47955,551
2021-08-18,Santa Barbara,083,443738,38585,37599,1397,38996,475
2021-08-18,Santa Clara,085,1922200,132118,128563,964,129527,1773
2021-08-18,Santa Cruz,087,273765,18043,17566,899,18465,209
2021-08-18,Shasta,089,179085,14686,14087,2044,16131,213
2021-08-18,Sierra,091,2930,92,83,13,96,0
2021-08-18,Siskiyou,093,43540,2319,2204,597,2801,33
2021-08-18,Solano,095,438530,40091,37812,931,38743,271
2021-08-18,Sonoma,097,501317,36507,35063,443,35506,333
2021-08-18,Stanislaus,099,539301,64219,62613,7111,69724,1047
2021-08-18,Sutter,101,95872,11337,11004,120,11124,130
2021-08-18,Tehama,103,63373,5857,5653,731,6384,66
2021-08-18,Trinity,105,12862,577,409,134,543,3
2021-08-18,Tulare,107,460477,54247,52486,10791,63277,856
2021-08-18,Tuolumne,109,53932,5212,5081,54,5135,64
2021-08-18,Ventura,111,848112,89226,87835,3841,91676,1055
2021-08-18,Yolo,113,214977,16656,16047,715,16762,225
2021-08-18,Yuba,115,75493,7700,7391,171,7562,51
2021-08-17,Alameda,001,1643700,105870,102379,2377,104756,1290
2021-08-17,Alpine,003,1148,90,91,0,91,0
2021-08-17,Amador,005,37829,4409,4266,38,4304,50
2021-08-17,Butte,007,227075,14923,14357,2387,16744,206
2021-08-17,Calaveras,009,45235,2740,2624,19,2643,59
2021-08-17,Colusa,011,21464,2226,2156,446,2602,16
2021-08-17,Contra Costa,013,1133247,86079,82482,1697,84179,848
2021-08-17,Del Norte,015,27424,2472,2188,16,2204,8
2021-08-17,El Dorado,017,186661,12904,12242,1075,13317,118
2021-08-17,Fresno,019,978130,113153,110263,9897,120160,1755
2021-08-17,Glenn,021,27897,2696,2608,673,3281,20
2021-08-17,Humboldt,023,135768,6480,6155,147,6302,52
2021-08-17,Imperial,025,180216,30057,29768,3006,32774,746
2021-08-17,Inyo,027,18085,1497,1492,13,1505,39
2021-08-17,Kern,029,883053,105210,103048,13695,116743,1367
2021-08-17,Kings,031,150075,25673,24930,1341,26271,254
2021-08-17,Lake,033,64148,5099,4930,35,4965,68
2021-08-17,Lassen,035,31185,5600,5499,143,5642,21
2021-08-17,Los Angeles,037,10098052,1324875,1307999,49020,1357019,24952
2021-08-17,Madera,039,155013,18385,17838,1223,19061,246
2021-08-17,Marin,041,260295,15940,15570,322,15892,240
2021-08-17,Mariposa,043,17540,651,609,15,624,5
2021-08-17,Mendocino,045,87422,5398,5097,175,5272,51
2021-08-17,Merced,047,269075,34234,33508,1177,34685,482
2021-08-17,Modoc,049,8938,440,424,152,576,6
2021-08-17,Mono,051,14174,1377,1341,17,1358,3
2021-08-17,Monterey,053,433212,45287,44672,2239,46911,528
2021-08-17,Napa,055,140530,11261,11007,68,11075,83
2021-08-17,Nevada,057,99092,6916,6605,227,6832,75
2021-08-17,Orange,059,3164182,281778,277121,12975,290096,5164
2021-08-17,Placer,061,380077,29212,27634,2422,30056,312
2021-08-17,Plumas,063,18699,932,860,14,874,5
2021-08-17,Riverside,065,2383286,323477,316051,15158,331209,4582
2021-08-17,Sacramento,067,1510023,130454,125151,2666,127817,1774
2021-08-17,San Benito,069,59416,6566,6470,127,6597,64
2021-08-17,San Bernardino,071,2135413,319884,314402,9823,324225,5302
2021-08-17,San Diego,073,3302833,323247,317058,18669,335727,3824
2021-08-17,San Francisco,075,870044,46231,44820,1895,46715,567
2021-08-17,San Joaquin,077,732212,83931,81300,4333,85633,1489
2021-08-17,San Luis Obispo,079,281455,24368,23556,921,24477,268
2021-08-17,San Mateo,081,765935,48433,47127,695,47822,551
2021-08-17,Santa Barbara,083,443738,38428,37478,1389,38867,475
2021-08-17,Santa Clara,085,1922200,131716,128354,959,129313,1773
2021-08-17,Santa Cruz,087,273765,17957,17528,898,18426,209
2021-08-17,Shasta,089,179085,14555,14012,2025,16037,214
2021-08-17,Sierra,091,2930,91,82,13,95,0
2021-08-17,Siskiyou,093,43540,2303,2183,584,2767,33
2021-08-17,Solano,095,438530,39862,37662,918,38580,269
2021-08-17,Sonoma,097,501317,36359,34943,439,35382,333
2021-08-17,Stanislaus,099,539301,63877,62385,7051,69436,1047
2021-08-17,Sutter,101,95872,11265,10973,120,11093,130
2021-08-17,Tehama,103,63373,5823,5612,709,6321,66
2021-08-17,Trinity,105,12862,572,406,131,537,3
2021-08-17,Tulare,107,460477,53978,52362,10723,63085,856
2021-08-17,Tuolumne,109,53932,5169,5042,53,5095,64
2021-08-17,Ventura,111,848112,88988,87601,3820,91421,1053
2021-08-17,Yolo,113,214977,16567,15975,701,16676,225
2021-08-17,Yuba,115,75493,7629,7355,171,7526,51
2021-08-16,Alameda,001,1643700,105370,102052,2365,104417,1287
2021-08-16,Alpine,003,1148,90,91,0,91,0
2021-08-16,Amador,005,37829,4399,4235,38,4273,50
2021-08-16,Butte,007,227075,14805,14283,2353,16636,206
2021-08-16,Calaveras,009,45235,2682,2609,18,2627,57
2021-08-16,Colusa,011,21464,2215,2147,442,2589,16
2021-08-16,Contra Costa,013,1133247,85536,82070,1687,83757,848
2021-08-16,Del Norte,015,27424,2395,2125,16,2141,8
2021-08-16,El Dorado,017,186661,12802,12139,1062,13201,118
2021-08-16,Fresno,019,978130,112653,109623,9845,119468,1753
2021-08-16,Glenn,021,27897,2677,2593,667,3260,20
2021-08-16,Humboldt,023,135768,6409,6064,125,6189,52
2021-08-16,Imperial,025,180216,30017,29737,2990,32727,746
2021-08-16,Inyo,027,18085,1494,1490,13,1503,39
2021-08-16,Kern,029,883053,104835,102690,13579,116269,1367
2021-08-16,Kings,031,150075,25572,24817,1331,26148,254
2021-08-16,Lake,033,64148,5072,4898,34,4932,68
2021-08-16,Lassen,035,31185,5584,5481,135,5616,21
2021-08-16,Los Angeles,037,10098052,1321496,1305330,48874,1354204,24923
2021-08-16,Madera,039,155013,18310,17756,1202,18958,246
2021-08-16,Marin,041,260295,15881,15497,320,15817,239
2021-08-16,Mariposa,043,17540,634,597,15,612,5
2021-08-16,Mendocino,045,87422,5342,5037,173,5210,49
2021-08-16,Merced,047,269075,34033,33364,1165,34529,481
2021-08-16,Modoc,049,8938,438,421,151,572,5
2021-08-16,Mono,051,14174,1372,1339,17,1356,3
2021-08-16,Monterey,053,433212,45208,44595,2227,46822,527
2021-08-16,Napa,055,140530,11232,10946,68,11014,83
2021-08-16,Nevada,057,99092,6860,6535,226,6761,74
2021-08-16,Orange,059,3164182,280984,275985,12930,288915,5161
2021-08-16,Placer,061,380077,29029,27384,2389,29773,306
2021-08-16,Plumas,063,18699,921,851,14,865,5
2021-08-16,Riverside,065,2383286,322387,314774,15121,329895,4582
2021-08-16,Sacramento,067,1510023,129644,124554,2623,127177,1762
2021-08-16,San Benito,069,59416,6542,6452,127,6579,64
2021-08-16,San Bernardino,071,2135413,318921,313617,9796,323413,5301
2021-08-16,San Diego,073,3302833,321642,315348,18534,333882,3824
2021-08-16,San Francisco,075,870044,46028,44681,1886,46567,567
2021-08-16,San Joaquin,077,732212,83428,81087,4306,85393,1488
2021-08-16,San Luis Obispo,079,281455,24218,23452,913,24365,265
2021-08-16,San Mateo,081,765935,48251,47024,688,47712,548
2021-08-16,Santa Barbara,083,443738,38258,37358,1384,38742,475
2021-08-16,Santa Clara,085,1922200,131251,127978,955,128933,1773
2021-08-16,Santa Cruz,087,273765,17895,17491,892,18383,209
2021-08-16,Shasta,089,179085,14464,13862,2008,15870,211
2021-08-16,Sierra,091,2930,88,82,13,95,0
2021-08-16,Siskiyou,093,43540,2286,2169,564,2733,33
2021-08-16,Solano,095,438530,39581,37436,904,38340,263
2021-08-16,Sonoma,097,501317,36189,34844,437,35281,333
2021-08-16,Stanislaus,099,539301,63533,62033,7000,69033,1039
2021-08-16,Sutter,101,95872,11196,10902,119,11021,130
2021-08-16,Tehama,103,63373,5760,5565,704,6269,66
2021-08-16,Trinity,105,12862,566,400,130,530,3
2021-08-16,Tulare,107,460477,53734,52162,10653,62815,856
2021-08-16,Tuolumne,109,53932,5130,4984,52,5036,64
2021-08-16,Ventura,111,848112,88743,86954,3802,90756,1052
2021-08-16,Yolo,113,214977,16466,15922,693,16615,225
2021-08-16,Yuba,115,75493,7545,7314,170,7484,51
2021-08-15,Alameda,001,1643700,104875,101660,2348,104008,1287
2021-08-15,Alpine,003,1148,90,91,0,91,0
2021-08-15,Amador,005,37829,4371,4231,38,4269,49
2021-08-15,Butte,007,227075,14680,14263,2329,16592,206
2021-08-15,Calaveras,009,45235,2634,2599,18,2617,57
2021-08-15,Colusa,011,21464,2203,2140,432,2572,16
2021-08-15,Contra Costa,013,1133247,85052,81781,1672,83453,848
2021-08-15,Del Norte,015,27424,2328,2060,16,2076,8
2021-08-15,El Dorado,017,186661,12667,12057,1045,13102,118
2021-08-15,Fresno,019,978130,112182,109382,9781,119163,1753
2021-08-15,Glenn,021,27897,2653,2592,655,3247,20
2021-08-15,Humboldt,023,135768,6335,6024,119,6143,52
2021-08-15,Imperial,025,180216,29951,29711,2985,32696,746
2021-08-15,Inyo,027,18085,1493,1489,13,1502,39
2021-08-15,Kern,029,883053,104391,102524,13466,115990,1367
2021-08-15,Kings,031,150075,25427,24736,1321,26057,254
2021-08-15,Lake,033,64148,5013,4886,33,4919,68
2021-08-15,Lassen,035,31185,5567,5482,134,5616,21
2021-08-15,Los Angeles,037,10098052,1317965,1302882,48701,1351583,24918
2021-08-15,Madera,039,155013,18222,17714,1186,18900,246
2021-08-15,Marin,041,260295,15822,15461,318,15779,239
2021-08-15,Mariposa,043,17540,627,591,14,605,5
2021-08-15,Mendocino,045,87422,5286,5022,167,5189,49
2021-08-15,Merced,047,269075,33789,33305,1154,34459,481
2021-08-15,Modoc,049,8938,436,421,151,572,5
2021-08-15,Mono,051,14174,1368,1334,17,1351,3
2021-08-15,Monterey,053,433212,45086,44567,2205,46772,527
2021-08-15,Napa,055,140530,11177,10919,68,10987,83
2021-08-15,Nevada,057,99092,6776,6486,226,6712,74
2021-08-15,Orange,059,3164182,280213,275447,12889,288336,5161
2021-08-15,Placer,061,380077,28807,27220,2341,29561,306
2021-08-15,Plumas,063,18699,909,850,14,864,5
2021-08-15,Riverside,065,2383286,321248,314133,15093,329226,4582
2021-08-15,Sacramento,067,1510023,128827,123924,2591,126515,1761
2021-08-15,San Benito,069,59416,6524,6446,126,6572,64
2021-08-15,San Bernardino,071,2135413,317847,313120,9764,322884,5301
2021-08-15,San Diego,073,3302833,320169,314247,18419,332666,3824
2021-08-15,San Francisco,075,870044,45802,44531,1869,46400,567
2021-08-15,San Joaquin,077,732212,82939,80832,4266,85098,1488
2021-08-15,San Luis Obispo,079,281455,24021,23404,903,24307,265
2021-08-15,San Mateo,081,765935,48064,46897,682,47579,548
2021-08-15,Santa Barbara,083,443738,38087,37276,1377,38653,475
2021-08-15,Santa Clara,085,1922200,130818,127715,949,128664,1773
2021-08-15,Santa Cruz,087,273765,17825,17440,885,18325,209
2021-08-15,Shasta,089,179085,14361,13835,1983,15818,211
2021-08-15,Sierra,091,2930,87,82,12,94,0
2021-08-15,Siskiyou,093,43540,2265,2169,550,2719,33
2021-08-15,Solano,095,438530,39326,37320,893,38213,263
2021-08-15,Sonoma,097,501317,35993,34706,429,35135,333
2021-08-15,Stanislaus,099,539301,63165,61795,6922,68717,1039
2021-08-15,Sutter,101,95872,11105,10863,119,10982,130
2021-08-15,Tehama,103,63373,5712,5550,698,6248,66
2021-08-15,Trinity,105,12862,562,400,129,529,3
2021-08-15,Tulare,107,460477,53477,52046,10593,62639,856
2021-08-15,Tuolumne,109,53932,5092,4934,50,4984,64
2021-08-15,Ventura,111,848112,88438,86797,3788,90585,1052
2021-08-15,Yolo,113,214977,16369,15873,683,16556,225
2021-08-15,Yuba,115,75493,7468,7265,169,7434,51
2021-08-14,Alameda,001,1643700,104656,101305,2344,103649,1287
2021-08-14,Alpine,003,1148,90,91,0,91,0
2021-08-14,Amador,005,37829,4353,4206,38,4244,49
2021-08-14,Butte,007,227075,14643,14192,2313,16505,206
2021-08-14,Calaveras,009,45235,2629,2579,18,2597,57
2021-08-14,Colusa,011,21464,2192,2134,428,2562,16
2021-08-14,Contra Costa,013,1133247,84803,81458,1664,83122,848
2021-08-14,Del Norte,015,27424,2301,2015,16,2031,8
2021-08-14,El Dorado,017,186661,12631,12019,1037,13056,118
2021-08-14,Fresno,019,978130,112023,109056,9752,118808,1753
2021-08-14,Glenn,021,27897,2642,2583,653,3236,20
2021-08-14,Humboldt,023,135768,6281,5998,115,6113,52
2021-08-14,Imperial,025,180216,29924,29671,2985,32656,746
2021-08-14,Inyo,027,18085,1491,1487,13,1500,39
2021-08-14,Kern,029,883053,104196,102306,13370,115676,1367
2021-08-14,Kings,031,150075,25329,24647,1312,25959,254
2021-08-14,Lake,033,64148,4996,4850,32,4882,68
2021-08-14,Lassen,035,31185,5560,5475,133,5608,21
2021-08-14,Los Angeles,037,10098052,1316193,1299346,48562,1347908,24911
2021-08-14,Madera,039,155013,18175,17691,1181,18872,246
2021-08-14,Marin,041,260295,15788,15441,318,15759,239
2021-08-14,Mariposa,043,17540,623,584,14,598,5
2021-08-14,Mendocino,045,87422,5250,4977,164,5141,49
2021-08-14,Merced,047,269075,33725,33234,1148,34382,481
2021-08-14,Modoc,049,8938,436,421,151,572,5
2021-08-14,Mono,051,14174,1363,1332,17,1349,3
2021-08-14,Monterey,053,433212,45042,44514,2202,46716,527
2021-08-14,Napa,055,140530,11147,10878,67,10945,83
2021-08-14,Nevada,057,99092,6741,6419,225,6644,74
2021-08-14,Orange,059,3164182,279779,274732,12861,287593,5161
2021-08-14,Placer,061,380077,28661,27115,2317,29432,306
2021-08-14,Plumas,063,18699,899,849,14,863,5
2021-08-14,Riverside,065,2383286,320533,313264,15072,328336,4582
2021-08-14,Sacramento,067,1510023,128333,123438,2573,126011,1758
2021-08-14,San Benito,069,59416,6511,6428,126,6554,64
2021-08-14,San Bernardino,071,2135413,317299,312142,9743,321885,5301
2021-08-14,San Diego,073,3302833,319499,313589,18351,331940,3824
2021-08-14,San Francisco,075,870044,45673,44353,1850,46203,567
2021-08-14,San Joaquin,077,732212,82723,80585,4251,84836,1488
2021-08-14,San Luis Obispo,079,281455,23960,23328,900,24228,265
2021-08-14,San Mateo,081,765935,47945,46792,678,47470,548
2021-08-14,Santa Barbara,083,443738,37992,37118,1374,38492,475
2021-08-14,Santa Clara,085,1922200,130539,127432,946,128378,1772
2021-08-14,Santa Cruz,087,273765,17786,17384,884,18268,209
2021-08-14,Shasta,089,179085,14286,13813,1962,15775,211
2021-08-14,Sierra,091,2930,86,81,12,93,0
2021-08-14,Siskiyou,093,43540,2255,2160,540,2700,33
2021-08-14,Solano,095,438530,39239,37237,881,38118,263
2021-08-14,Sonoma,097,501317,35870,34606,427,35033,333
2021-08-14,Stanislaus,099,539301,62990,61564,6877,68441,1039
2021-08-14,Sutter,101,95872,11060,10808,118,10926,130
2021-08-14,Tehama,103,63373,5688,5530,694,6224,66
2021-08-14,Trinity,105,12862,556,399,129,528,3
2021-08-14,Tulare,107,460477,53341,51951,10547,62498,856
2021-08-14,Tuolumne,109,53932,5057,4924,50,4974,64
2021-08-14,Ventura,111,848112,88281,86569,3768,90337,1052
2021-08-14,Yolo,113,214977,16324,15815,673,16488,225
2021-08-14,Yuba,115,75493,7419,7223,169,7392,51
2021-08-13,Alameda,001,1643700,104357,100930,2336,103266,1284
2021-08-13,Alpine,003,1148,90,91,0,91,0
2021-08-13,Amador,005,37829,4325,4169,38,4207,49
2021-08-13,Butte,007,227075,14572,14100,2297,16397,206
2021-08-13,Calaveras,009,45235,2619,2564,18,2582,57
2021-08-13,Colusa,011,21464,2185,2123,423,2546,16
2021-08-13,Contra Costa,013,1133247,84490,81046,1656,82702,848
2021-08-13,Del Norte,015,27424,2260,1973,16,1989,8
2021-08-13,El Dorado,017,186661,12592,11951,1025,12976,118
2021-08-13,Fresno,019,978130,111733,108638,9728,118366,1753
2021-08-13,Glenn,021,27897,2631,2574,651,3225,20
2021-08-13,Humboldt,023,135768,6234,5882,112,5994,52
2021-08-13,Imperial,025,180216,29897,29654,2984,32638,745
2021-08-13,Inyo,027,18085,1490,1484,13,1497,39
2021-08-13,Kern,029,883053,103988,102029,13261,115290,1364
2021-08-13,Kings,031,150075,25244,24531,1305,25836,253
2021-08-13,Lake,033,64148,4973,4811,31,4842,68
2021-08-13,Lassen,035,31185,5552,5455,132,5587,21
2021-08-13,Los Angeles,037,10098052,1313879,1295406,48426,1343832,24891
2021-08-13,Madera,039,155013,18126,17614,1172,18786,246
2021-08-13,Marin,041,260295,15758,15380,318,15698,239
2021-08-13,Mariposa,043,17540,617,577,14,591,5
2021-08-13,Mendocino,045,87422,5197,4924,162,5086,49
2021-08-13,Merced,047,269075,33677,33111,1143,34254,480
2021-08-13,Modoc,049,8938,435,421,150,571,5
2021-08-13,Mono,051,14174,1360,1331,17,1348,3
2021-08-13,Monterey,053,433212,44982,44450,2200,46650,527
2021-08-13,Napa,055,140530,11111,10830,67,10897,83
2021-08-13,Nevada,057,99092,6700,6356,224,6580,74
2021-08-13,Orange,059,3164182,279284,274004,12812,286816,5159
2021-08-13,Placer,061,380077,28561,26987,2290,29277,306
2021-08-13,Plumas,063,18699,885,842,14,856,5
2021-08-13,Riverside,065,2383286,319795,312408,15047,327455,4581
2021-08-13,Sacramento,067,1510023,127864,122868,2545,125413,1758
2021-08-13,San Benito,069,59416,6505,6422,124,6546,64
2021-08-13,San Bernardino,071,2135413,316631,311378,9724,321102,5301
2021-08-13,San Diego,073,3302833,318456,312293,18271,330564,3821
2021-08-13,San Francisco,075,870044,45536,44196,1827,46023,567
2021-08-13,San Joaquin,077,732212,82506,80232,4235,84467,1481
2021-08-13,San Luis Obispo,079,281455,23897,23226,897,24123,265
2021-08-13,San Mateo,081,765935,47823,46660,677,47337,548
2021-08-13,Santa Barbara,083,443738,37907,37023,1370,38393,474
2021-08-13,Santa Clara,085,1922200,130252,126958,941,127899,1769
2021-08-13,Santa Cruz,087,273765,17747,17332,877,18209,209
2021-08-13,Shasta,089,179085,14223,13698,1948,15646,211
2021-08-13,Sierra,091,2930,85,81,12,93,0
2021-08-13,Siskiyou,093,43540,2246,2147,536,2683,33
2021-08-13,Solano,095,438530,39105,37104,873,37977,264
2021-08-13,Sonoma,097,501317,35765,34464,427,34891,333
2021-08-13,Stanislaus,099,539301,62820,61294,6835,68129,1039
2021-08-13,Sutter,101,95872,11016,10751,117,10868,130
2021-08-13,Tehama,103,63373,5664,5496,692,6188,66
2021-08-13,Trinity,105,12862,552,392,129,521,3
2021-08-13,Tulare,107,460477,53237,51770,10473,62243,856
2021-08-13,Tuolumne,109,53932,5024,4899,49,4948,64
2021-08-13,Ventura,111,848112,88123,86368,3755,90123,1052
2021-08-13,Yolo,113,214977,16271,15761,663,16424,225
2021-08-13,Yuba,115,75493,7381,7184,169,7353,51
2021-08-12,Alameda,001,1643700,103855,100472,2323,102795,1284
2021-08-12,Alpine,003,1148,90,91,0,91,0
2021-08-12,Amador,005,37829,4295,4161,37,4198,49
2021-08-12,Butte,007,227075,14494,14006,2279,16285,206
2021-08-12,Calaveras,009,45235,2599,2531,18,2549,57
2021-08-12,Colusa,011,21464,2180,2111,422,2533,17
2021-08-12,Contra Costa,013,1133247,84008,80738,1641,82379,846
2021-08-12,Del Norte,015,27424,2188,1923,16,1939,8
2021-08-12,El Dorado,017,186661,12478,11880,1017,12897,118
2021-08-12,Fresno,019,978130,111317,108193,9661,117854,1753
2021-08-12,Glenn,021,27897,2623,2559,645,3204,20
2021-08-12,Humboldt,023,135768,6164,5845,108,5953,52
2021-08-12,Imperial,025,180216,29841,29585,2978,32563,745
2021-08-12,Inyo,027,18085,1488,1483,13,1496,39
2021-08-12,Kern,029,883053,103699,101698,13181,114879,1364
2021-08-12,Kings,031,150075,25144,24423,1296,25719,252
2021-08-12,Lake,033,64148,4947,4774,31,4805,68
2021-08-12,Lassen,035,31185,5530,5428,131,5559,21
2021-08-12,Los Angeles,037,10098052,1310691,1291875,48291,1340166,24874
2021-08-12,Madera,039,155013,18062,17564,1160,18724,246
2021-08-12,Marin,041,260295,15709,15277,314,15591,239
2021-08-12,Mariposa,043,17540,608,568,13,581,5
2021-08-12,Mendocino,045,87422,5167,4873,156,5029,49
2021-08-12,Merced,047,269075,33553,32960,1136,34096,480
2021-08-12,Modoc,049,8938,434,423,150,573,5
2021-08-12,Mono,051,14174,1355,1325,17,1342,3
2021-08-12,Monterey,053,433212,44906,44383,2183,46566,527
2021-08-12,Napa,055,140530,11062,10780,66,10846,83
2021-08-12,Nevada,057,99092,6639,6283,224,6507,74
2021-08-12,Orange,059,3164182,278607,273167,12754,285921,5158
2021-08-12,Placer,061,380077,28361,26856,2267,29123,306
2021-08-12,Plumas,063,18699,877,829,14,843,5
2021-08-12,Riverside,065,2383286,318785,311304,15014,326318,4575
2021-08-12,Sacramento,067,1510023,127092,122222,2515,124737,1758
2021-08-12,San Benito,069,59416,6488,6398,122,6520,64
2021-08-12,San Bernardino,071,2135413,315757,310420,9695,320115,5297
2021-08-12,San Diego,073,3302833,317085,310596,18186,328782,3821
2021-08-12,San Francisco,075,870044,45328,43774,1814,45588,564
2021-08-12,San Joaquin,077,732212,82110,79945,4212,84157,1479
2021-08-12,San Luis Obispo,079,281455,23796,23101,884,23985,264
2021-08-12,San Mateo,081,765935,47679,46435,674,47109,548
2021-08-12,Santa Barbara,083,443738,37769,36881,1362,38243,473
2021-08-12,Santa Clara,085,1922200,129803,126614,935,127549,1769
2021-08-12,Santa Cruz,087,273765,17683,17261,876,18137,209
2021-08-12,Shasta,089,179085,14137,13621,1921,15542,211
2021-08-12,Sierra,091,2930,85,81,12,93,0
2021-08-12,Siskiyou,093,43540,2239,2134,526,2660,33
2021-08-12,Solano,095,438530,38876,36980,864,37844,262
2021-08-12,Sonoma,097,501317,35617,34299,424,34723,333
2021-08-12,Stanislaus,099,539301,62556,61026,6776,67802,1039
2021-08-12,Sutter,101,95872,10955,10695,115,10810,130
2021-08-12,Tehama,103,63373,5634,5462,683,6145,66
2021-08-12,Trinity,105,12862,548,386,128,514,3
2021-08-12,Tulare,107,460477,53091,51632,10423,62055,856
2021-08-12,Tuolumne,109,53932,4977,4845,47,4892,64
2021-08-12,Ventura,111,848112,87887,86106,3731,89837,1052
2021-08-12,Yolo,113,214977,16200,15686,650,16336,224
2021-08-12,Yuba,115,75493,7333,7128,168,7296,51
2021-08-11,Alameda,001,1643700,103328,100040,2319,102359,1281
2021-08-11,Alpine,003,1148,90,91,0,91,0
2021-08-11,Amador,005,37829,4271,4127,37,4164,49
2021-08-11,Butte,007,227075,14390,13905,2254,16159,206
2021-08-11,Calaveras,009,45235,2577,2505,18,2523,57
2021-08-11,Colusa,011,21464,2170,2101,420,2521,16
2021-08-11,Contra Costa,013,1133247,83506,80275,1623,81898,843
2021-08-11,Del Norte,015,27424,2129,1893,16,1909,8
2021-08-11,El Dorado,017,186661,12365,11799,1005,12804,119
2021-08-11,Fresno,019,978130,110858,107773,9614,117387,1751
2021-08-11,Glenn,021,27897,2614,2547,638,3185,20
2021-08-11,Humboldt,023,135768,6117,5765,107,5872,52
2021-08-11,Imperial,025,180216,29798,29565,2974,32539,745
2021-08-11,Inyo,027,18085,1488,1483,13,1496,39
2021-08-11,Kern,029,883053,103385,101448,13071,114519,1363
2021-08-11,Kings,031,150075,25031,24304,1287,25591,250
2021-08-11,Lake,033,64148,4910,4713,30,4743,68
2021-08-11,Lassen,035,31185,5521,5408,129,5537,21
2021-08-11,Los Angeles,037,10098052,1307372,1288238,48103,1336341,24851
2021-08-11,Madera,039,155013,18012,17511,1149,18660,245
2021-08-11,Marin,041,260295,15660,15235,314,15549,239
2021-08-11,Mariposa,043,17540,598,554,12,566,5
2021-08-11,Mendocino,045,87422,5098,4796,147,4943,49
2021-08-11,Merced,047,269075,33419,32802,1132,33934,479
2021-08-11,Modoc,049,8938,434,421,150,571,5
2021-08-11,Mono,051,14174,1350,1320,17,1337,3
2021-08-11,Monterey,053,433212,44807,44314,2165,46479,527
2021-08-11,Napa,055,140530,11021,10732,66,10798,83
2021-08-11,Nevada,057,99092,6585,6172,221,6393,74
2021-08-11,Orange,059,3164182,277750,272212,12707,284919,5155
2021-08-11,Placer,061,380077,28148,26687,2241,28928,305
2021-08-11,Plumas,063,18699,867,824,14,838,5
2021-08-11,Riverside,065,2383286,317792,310265,14979,325244,4570
2021-08-11,Sacramento,067,1510023,126299,121603,2473,124076,1757
2021-08-11,San Benito,069,59416,6475,6381,122,6503,64
2021-08-11,San Bernardino,071,2135413,314864,309498,9673,319171,5296
2021-08-11,San Diego,073,3302833,315611,309406,18087,327493,3818
2021-08-11,San Francisco,075,870044,45104,43555,1806,45361,564
2021-08-11,San Joaquin,077,732212,81702,79641,4185,83826,1478
2021-08-11,San Luis Obispo,079,281455,23692,22920,877,23797,264
2021-08-11,San Mateo,081,765935,47511,46300,671,46971,548
2021-08-11,Santa Barbara,083,443738,37605,36699,1353,38052,472
2021-08-11,Santa Clara,085,1922200,129322,126301,927,127228,1769
2021-08-11,Santa Cruz,087,273765,17617,17191,873,18064,209
2021-08-11,Shasta,089,179085,14063,13546,1905,15451,211
2021-08-11,Sierra,091,2930,84,81,12,93,0
2021-08-11,Siskiyou,093,43540,2225,2124,519,2643,33
2021-08-11,Solano,095,438530,38640,36862,850,37712,262
2021-08-11,Sonoma,097,501317,35440,34188,419,34607,333
2021-08-11,Stanislaus,099,539301,62224,60767,6746,67513,1037
2021-08-11,Sutter,101,95872,10883,10628,115,10743,130
2021-08-11,Tehama,103,63373,5604,5410,666,6076,66
2021-08-11,Trinity,105,12862,546,385,128,513,3
2021-08-11,Tulare,107,460477,52922,51464,10378,61842,854
2021-08-11,Tuolumne,109,53932,4945,4794,47,4841,64
2021-08-11,Ventura,111,848112,87635,85863,3710,89573,1051
2021-08-11,Yolo,113,214977,16125,15593,636,16229,218
2021-08-11,Yuba,115,75493,7274,7063,167,7230,53
2021-08-10,Alameda,001,1643700,102840,99771,2311,102082,1281
2021-08-10,Alpine,003,1148,90,91,0,91,0
2021-08-10,Amador,005,37829,4255,4093,37,4130,49
2021-08-10,Butte,007,227075,14306,13853,2232,16085,205
2021-08-10,Calaveras,009,45235,2555,2491,16,2507,57
2021-08-10,Colusa,011,21464,2157,2088,411,2499,16
2021-08-10,Contra Costa,013,1133247,82964,80018,1613,81631,840
2021-08-10,Del Norte,015,27424,2085,1870,16,1886,8
2021-08-10,El Dorado,017,186661,12266,11734,995,12729,117
2021-08-10,Fresno,019,978130,110405,107616,9561,117177,1747
2021-08-10,Glenn,021,27897,2601,2538,629,3167,20
2021-08-10,Humboldt,023,135768,6063,5718,104,5822,52
2021-08-10,Imperial,025,180216,29763,29522,2968,32490,745
2021-08-10,Inyo,027,18085,1488,1482,13,1495,39
2021-08-10,Kern,029,883053,103056,101254,12975,114229,1359
2021-08-10,Kings,031,150075,24904,24252,1271,25523,251
2021-08-10,Lake,033,64148,4869,4700,30,4730,67
2021-08-10,Lassen,035,31185,5503,5401,129,5530,21
2021-08-10,Los Angeles,037,10098052,1303626,1285140,47939,1333079,24821
2021-08-10,Madera,039,155013,17939,17481,1139,18620,245
2021-08-10,Marin,041,260295,15613,15194,314,15508,239
2021-08-10,Mariposa,043,17540,585,550,12,562,5
2021-08-10,Mendocino,045,87422,5053,4775,143,4918,49
2021-08-10,Merced,047,269075,33271,32721,1124,33845,477
2021-08-10,Modoc,049,8938,433,421,150,571,5
2021-08-10,Mono,051,14174,1345,1320,17,1337,3
2021-08-10,Monterey,053,433212,44745,44259,2150,46409,527
2021-08-10,Napa,055,140530,10965,10703,65,10768,83
2021-08-10,Nevada,057,99092,6519,6151,220,6371,73
2021-08-10,Orange,059,3164182,276870,271688,12659,284347,5155
2021-08-10,Placer,061,380077,27929,26561,2199,28760,305
2021-08-10,Plumas,063,18699,858,816,14,830,5
2021-08-10,Riverside,065,2383286,316677,309529,14953,324482,4564
2021-08-10,Sacramento,067,1510023,125446,121159,2443,123602,1755
2021-08-10,San Benito,069,59416,6461,6371,122,6493,64
2021-08-10,San Bernardino,071,2135413,313943,308672,9656,318328,5295
2021-08-10,San Diego,073,3302833,313953,308288,18011,326299,3815
2021-08-10,San Francisco,075,870044,44851,43389,1791,45180,564
2021-08-10,San Joaquin,077,732212,81304,79391,4168,83559,1478
2021-08-10,San Luis Obispo,079,281455,23566,22776,875,23651,264
2021-08-10,San Mateo,081,765935,47337,46184,669,46853,548
2021-08-10,Santa Barbara,083,443738,37440,36574,1346,37920,472
2021-08-10,Santa Clara,085,1922200,128860,126019,920,126939,1770
2021-08-10,Santa Cruz,087,273765,17534,17142,871,18013,209
2021-08-10,Shasta,089,179085,13985,13461,1881,15342,211
2021-08-10,Sierra,091,2930,84,76,12,88,0
2021-08-10,Siskiyou,093,43540,2216,2088,512,2600,33
2021-08-10,Solano,095,438530,38395,36767,839,37606,262
2021-08-10,Sonoma,097,501317,35295,34054,416,34470,333
2021-08-10,Stanislaus,099,539301,61878,60605,6709,67314,1037
2021-08-10,Sutter,101,95872,10818,10569,115,10684,130
2021-08-10,Tehama,103,63373,5575,5392,661,6053,66
2021-08-10,Trinity,105,12862,546,384,128,512,3
2021-08-10,Tulare,107,460477,52758,51390,10326,61716,854
2021-08-10,Tuolumne,109,53932,4915,4780,45,4825,64
2021-08-10,Ventura,111,848112,87345,85714,3689,89403,1051
2021-08-10,Yolo,113,214977,16038,15568,626,16194,218
2021-08-10,Yuba,115,75493,7224,7028,167,7195,50
2021-08-09,Alameda,001,1643700,102279,99496,2306,101802,1276
2021-08-09,Alpine,003,1148,90,91,0,91,0
2021-08-09,Amador,005,37829,4229,4078,37,4115,48
2021-08-09,Butte,007,227075,14211,13813,2201,16014,205
2021-08-09,Calaveras,009,45235,2530,2472,16,2488,57
2021-08-09,Colusa,011,21464,2147,2075,403,2478,16
2021-08-09,Contra Costa,013,1133247,82417,79740,1601,81341,840
2021-08-09,Del Norte,015,27424,2017,1848,16,1864,8
2021-08-09,El Dorado,017,186661,12158,11672,981,12653,117
2021-08-09,Fresno,019,978130,109913,107310,9522,116832,1747
2021-08-09,Glenn,021,27897,2590,2532,619,3151,20
2021-08-09,Humboldt,023,135768,5972,5632,102,5734,52
2021-08-09,Imperial,025,180216,29719,29512,2962,32474,745
2021-08-09,Inyo,027,18085,1488,1481,13,1494,39
2021-08-09,Kern,029,883053,102745,101069,12889,113958,1359
2021-08-09,Kings,031,150075,24796,24155,1256,25411,250
2021-08-09,Lake,033,64148,4834,4670,28,4698,66
2021-08-09,Lassen,035,31185,5481,5393,128,5521,21
2021-08-09,Los Angeles,037,10098052,1299629,1282891,47746,1330637,24798
2021-08-09,Madera,039,155013,17880,17429,1119,18548,245
2021-08-09,Marin,041,260295,15560,15154,313,15467,239
2021-08-09,Mariposa,043,17540,572,545,12,557,5
2021-08-09,Mendocino,045,87422,5002,4732,135,4867,49
2021-08-09,Merced,047,269075,33125,32666,1117,33783,477
2021-08-09,Modoc,049,8938,433,419,150,569,5
2021-08-09,Mono,051,14174,1342,1337,17,1354,3
2021-08-09,Monterey,053,433212,44672,44190,2134,46324,527
2021-08-09,Napa,055,140530,10918,10679,65,10744,83
2021-08-09,Nevada,057,99092,6448,6088,219,6307,73
2021-08-09,Orange,059,3164182,275833,271036,12607,283643,5153
2021-08-09,Placer,061,380077,27706,26457,2168,28625,305
2021-08-09,Plumas,063,18699,841,803,14,817,5
2021-08-09,Riverside,065,2383286,315600,308678,14933,323611,4562
2021-08-09,Sacramento,067,1510023,124611,120812,2418,123230,1748
2021-08-09,San Benito,069,59416,6441,6359,120,6479,63
2021-08-09,San Bernardino,071,2135413,312959,308038,9632,317670,5295
2021-08-09,San Diego,073,3302833,312289,306855,17916,324771,3811
2021-08-09,San Francisco,075,870044,44606,43261,1773,45034,564
2021-08-09,San Joaquin,077,732212,80920,79198,4150,83348,1469
2021-08-09,San Luis Obispo,079,281455,23427,22695,866,23561,264
2021-08-09,San Mateo,081,765935,47165,46040,665,46705,548
2021-08-09,Santa Barbara,083,443738,37254,36474,1338,37812,470
2021-08-09,Santa Clara,085,1922200,128357,125791,911,126702,2187
2021-08-09,Santa Cruz,087,273765,17473,17082,871,17953,209
2021-08-09,Shasta,089,179085,13868,13397,1870,15267,210
2021-08-09,Sierra,091,2930,83,75,12,87,0
2021-08-09,Siskiyou,093,43540,2204,2047,496,2543,32
2021-08-09,Solano,095,438530,38119,36653,837,37490,262
2021-08-09,Sonoma,097,501317,35114,33933,414,34347,333
2021-08-09,Stanislaus,099,539301,61602,60410,6658,67068,1037
2021-08-09,Sutter,101,95872,10769,10525,112,10637,129
2021-08-09,Tehama,103,63373,5532,5373,659,6032,66
2021-08-09,Trinity,105,12862,544,378,126,504,3
2021-08-09,Tulare,107,460477,52597,51274,10261,61535,854
2021-08-09,Tuolumne,109,53932,4873,4745,45,4790,64
2021-08-09,Ventura,111,848112,87074,85514,3678,89192,1047
2021-08-09,Yolo,113,214977,15959,15521,605,16126,218
2021-08-09,Yuba,115,75493,7165,6994,167,7161,50
2021-08-08,Alameda,001,1643700,101722,99135,2299,101434,1276
2021-08-08,Alpine,003,1148,90,91,0,91,0
2021-08-08,Amador,005,37829,4195,4057,36,4093,48
2021-08-08,Butte,007,227075,14126,13791,2182,15973,205
2021-08-08,Calaveras,009,45235,2503,2462,16,2478,57
2021-08-08,Colusa,011,21464,2130,2070,396,2466,16
2021-08-08,Contra Costa,013,1133247,81887,79454,1594,81048,840
2021-08-08,Del Norte,015,27424,1971,1810,16,1826,8
2021-08-08,El Dorado,017,186661,12039,11631,970,12601,117
2021-08-08,Fresno,019,978130,109475,107078,9488,116566,1747
2021-08-08,Glenn,021,27897,2581,2527,614,3141,20
2021-08-08,Humboldt,023,135768,5883,5571,102,5673,52
2021-08-08,Imperial,025,180216,29695,29485,2951,32436,745
2021-08-08,Inyo,027,18085,1488,1481,13,1494,39
2021-08-08,Kern,029,883053,102425,100909,12777,113686,1359
2021-08-08,Kings,031,150075,24682,24095,1247,25342,250
2021-08-08,Lake,033,64148,4784,4636,27,4663,66
2021-08-08,Lassen,035,31185,5466,5391,127,5518,21
2021-08-08,Los Angeles,037,10098052,1295384,1279982,47561,1327543,24793
2021-08-08,Madera,039,155013,17801,17398,1102,18500,245
2021-08-08,Marin,041,260295,15507,15124,311,15435,239
2021-08-08,Mariposa,043,17540,568,538,12,550,5
2021-08-08,Mendocino,045,87422,4940,4702,122,4824,49
2021-08-08,Merced,047,269075,32978,32634,1108,33742,477
2021-08-08,Modoc,049,8938,432,419,149,568,5
2021-08-08,Mono,051,14174,1338,1336,17,1353,3
2021-08-08,Monterey,053,433212,44602,44171,2123,46294,527
2021-08-08,Napa,055,140530,10882,10668,65,10733,83
2021-08-08,Nevada,057,99092,6363,6009,217,6226,73
2021-08-08,Orange,059,3164182,274920,270532,12568,283100,5153
2021-08-08,Placer,061,380077,27501,26332,2127,28459,305
2021-08-08,Plumas,063,18699,832,803,14,817,5
2021-08-08,Riverside,065,2383286,314479,308042,14909,322951,4562
2021-08-08,Sacramento,067,1510023,123784,120109,2406,122515,1744
2021-08-08,San Benito,069,59416,6424,6350,119,6469,63
2021-08-08,San Bernardino,071,2135413,311813,307378,9602,316980,5295
2021-08-08,San Diego,073,3302833,310946,305983,17822,323805,3811
2021-08-08,San Francisco,075,870044,44346,43098,1750,44848,564
2021-08-08,San Joaquin,077,732212,80472,79002,4134,83136,1469
2021-08-08,San Luis Obispo,079,281455,23253,22668,858,23526,263
2021-08-08,San Mateo,081,765935,46976,45927,662,46589,548
2021-08-08,Santa Barbara,083,443738,37077,36417,1331,37748,470
2021-08-08,Santa Clara,085,1922200,127906,125553,906,126459,2187
2021-08-08,Santa Cruz,087,273765,17399,17035,866,17901,209
2021-08-08,Shasta,089,179085,13782,13381,1859,15240,210
2021-08-08,Sierra,091,2930,83,74,12,86,0
2021-08-08,Siskiyou,093,43540,2188,2041,491,2532,32
2021-08-08,Solano,095,438530,37867,36551,833,37384,262
2021-08-08,Sonoma,097,501317,34870,33805,413,34218,333
2021-08-08,Stanislaus,099,539301,61280,60269,6613,66882,1037
2021-08-08,Sutter,101,95872,10709,10481,111,10592,129
2021-08-08,Tehama,103,63373,5494,5359,656,6015,66
2021-08-08,Trinity,105,12862,539,378,126,504,3
2021-08-08,Tulare,107,460477,52418,51220,10201,61421,854
2021-08-08,Tuolumne,109,53932,4834,4731,45,4776,64
2021-08-08,Ventura,111,848112,86783,85382,3668,89050,1047
2021-08-08,Yolo,113,214977,15867,15477,598,16075,218
2021-08-08,Yuba,115,75493,7126,6967,167,7134,50
2021-08-07,Alameda,001,1643700,101473,98812,2293,101105,1276
2021-08-07,Alpine,003,1148,90,91,0,91,0
2021-08-07,Amador,005,37829,4178,4041,35,4076,48
2021-08-07,Butte,007,227075,14074,13714,2171,15885,205
2021-08-07,Calaveras,009,45235,2497,2446,16,2462,57
2021-08-07,Colusa,011,21464,2125,2067,387,2454,16
2021-08-07,Contra Costa,013,1133247,81590,79168,1591,80759,840
2021-08-07,Del Norte,015,27424,1939,1791,16,1807,8
2021-08-07,El Dorado,017,186661,11989,11575,963,12538,117
2021-08-07,Fresno,019,978130,109273,106861,9463,116324,1747
2021-08-07,Glenn,021,27897,2573,2515,613,3128,20
2021-08-07,Humboldt,023,135768,5833,5510,99,5609,52
2021-08-07,Imperial,025,180216,29676,29470,2951,32421,745
2021-08-07,Inyo,027,18085,1486,1476,13,1489,39
2021-08-07,Kern,029,883053,102267,100693,12722,113415,1359
2021-08-07,Kings,031,150075,24622,24048,1241,25289,250
2021-08-07,Lake,033,64148,4763,4613,27,4640,66
2021-08-07,Lassen,035,31185,5462,5386,127,5513,21
2021-08-07,Los Angeles,037,10098052,1293363,1276853,47412,1324265,24786
2021-08-07,Madera,039,155013,17766,17366,1097,18463,245
2021-08-07,Marin,041,260295,15473,15085,310,15395,239
2021-08-07,Mariposa,043,17540,565,530,12,542,5
2021-08-07,Mendocino,045,87422,4904,4690,120,4810,49
2021-08-07,Merced,047,269075,32914,32569,1105,33674,477
2021-08-07,Modoc,049,8938,432,419,149,568,5
2021-08-07,Mono,051,14174,1335,1329,17,1346,3
2021-08-07,Monterey,053,433212,44550,44124,2118,46242,527
2021-08-07,Napa,055,140530,10861,10658,64,10722,83
2021-08-07,Nevada,057,99092,6313,5967,215,6182,73
2021-08-07,Orange,059,3164182,274327,269900,12537,282437,5153
2021-08-07,Placer,061,380077,27314,26244,2119,28363,305
2021-08-07,Plumas,063,18699,827,801,14,815,5
2021-08-07,Riverside,065,2383286,313807,307326,14902,322228,4562
2021-08-07,Sacramento,067,1510023,123283,119636,2402,122038,1744
2021-08-07,San Benito,069,59416,6414,6332,119,6451,63
2021-08-07,San Bernardino,071,2135413,311226,306663,9585,316248,5295
2021-08-07,San Diego,073,3302833,310192,304974,17787,322761,3811
2021-08-07,San Francisco,075,870044,44175,42926,1732,44658,564
2021-08-07,San Joaquin,077,732212,80308,78769,4120,82889,1469
2021-08-07,San Luis Obispo,079,281455,23184,22579,857,23436,263
2021-08-07,San Mateo,081,765935,46849,45804,660,46464,548
2021-08-07,Santa Barbara,083,443738,36981,36303,1325,37628,470
2021-08-07,Santa Clara,085,1922200,127635,125196,901,126097,2188
2021-08-07,Santa Cruz,087,273765,17356,16994,864,17858,209
2021-08-07,Shasta,089,179085,13727,13361,1851,15212,210
2021-08-07,Sierra,091,2930,83,74,12,86,0
2021-08-07,Siskiyou,093,43540,2176,2039,489,2528,32
2021-08-07,Solano,095,438530,37751,36458,825,37283,262
2021-08-07,Sonoma,097,501317,34748,33716,413,34129,333
2021-08-07,Stanislaus,099,539301,61113,60093,6583,66676,1037
2021-08-07,Sutter,101,95872,10672,10447,111,10558,129
2021-08-07,Tehama,103,63373,5484,5343,651,5994,66
2021-08-07,Trinity,105,12862,535,377,125,502,3
2021-08-07,Tulare,107,460477,52331,51133,10163,61296,854
2021-08-07,Tuolumne,109,53932,4804,4721,45,4766,64
2021-08-07,Ventura,111,848112,86603,85232,3653,88885,1047
2021-08-07,Yolo,113,214977,15823,15423,591,16014,218
2021-08-07,Yuba,115,75493,7101,6937,165,7102,50
2021-08-06,Alameda,001,1643700,101141,98487,2286,100773,1275
2021-08-06,Alpine,003,1148,90,91,0,91,0
2021-08-06,Amador,005,37829,4157,4002,35,4037,48
2021-08-06,Butte,007,227075,14026,13626,2159,15785,205
2021-08-06,Calaveras,009,45235,2489,2419,16,2435,57
2021-08-06,Colusa,011,21464,2119,2045,381,2426,16
2021-08-06,Contra Costa,013,1133247,81295,78796,1585,80381,840
2021-08-06,Del Norte,015,27424,1912,1755,15,1770,8
2021-08-06,El Dorado,017,186661,11940,11498,951,12449,117
2021-08-06,Fresno,019,978130,109012,106542,9436,115978,1747
2021-08-06,Glenn,021,27897,2558,2504,611,3115,20
2021-08-06,Humboldt,023,135768,5782,5421,96,5517,52
2021-08-06,Imperial,025,180216,29665,29404,2947,32351,745
2021-08-06,Inyo,027,18085,1483,1471,13,1484,39
2021-08-06,Kern,029,883053,102090,100427,12637,113064,1359
2021-08-06,Kings,031,150075,24567,23974,1237,25211,250
2021-08-06,Lake,033,64148,4740,4557,27,4584,66
2021-08-06,Lassen,035,31185,5440,5368,127,5495,21
2021-08-06,Los Angeles,037,10098052,1290881,1273081,47262,1320343,24772
2021-08-06,Madera,039,155013,17727,17324,1088,18412,245
2021-08-06,Marin,041,260295,15440,15051,310,15361,239
2021-08-06,Mariposa,043,17540,556,511,12,523,5
2021-08-06,Mendocino,045,87422,4862,4649,119,4768,49
2021-08-06,Merced,047,269075,32854,32456,1102,33558,477
2021-08-06,Modoc,049,8938,432,419,149,568,5
2021-08-06,Mono,051,14174,1334,1328,17,1345,3
2021-08-06,Monterey,053,433212,44482,44058,2105,46163,527
2021-08-06,Napa,055,140530,10834,10620,64,10684,83
2021-08-06,Nevada,057,99092,6257,5874,215,6089,73
2021-08-06,Orange,059,3164182,273762,269077,12520,281597,5151
2021-08-06,Placer,061,380077,27191,26086,2097,28183,305
2021-08-06,Plumas,063,18699,818,795,14,809,5
2021-08-06,Riverside,065,2383286,313097,306304,14891,321195,4562
2021-08-06,Sacramento,067,1510023,122795,119169,2382,121551,1740
2021-08-06,San Benito,069,59416,6397,6315,119,6434,63
2021-08-06,San Bernardino,071,2135413,310527,305806,9577,315383,5286
2021-08-06,San Diego,073,3302833,309152,303691,17738,321429,3810
2021-08-06,San Francisco,075,870044,44018,42659,1714,44373,565
2021-08-06,San Joaquin,077,732212,80160,78405,4108,82513,1469
2021-08-06,San Luis Obispo,079,281455,23116,22472,852,23324,263
2021-08-06,San Mateo,081,765935,46696,45665,655,46320,548
2021-08-06,Santa Barbara,083,443738,36891,36208,1321,37529,470
2021-08-06,Santa Clara,085,1922200,127344,124767,896,125663,2185
2021-08-06,Santa Cruz,087,273765,17314,16924,860,17784,207
2021-08-06,Shasta,089,179085,13661,13284,1845,15129,210
2021-08-06,Sierra,091,2930,83,73,12,85,0
2021-08-06,Siskiyou,093,43540,2166,2030,485,2515,32
2021-08-06,Solano,095,438530,37641,36351,816,37167,262
2021-08-06,Sonoma,097,501317,34661,33594,412,34006,333
2021-08-06,Stanislaus,099,539301,60975,59854,6562,66416,1037
2021-08-06,Sutter,101,95872,10629,10391,111,10502,128
2021-08-06,Tehama,103,63373,5460,5325,650,5975,66
2021-08-06,Trinity,105,12862,534,371,124,495,3
2021-08-06,Tulare,107,460477,52230,51018,10116,61134,854
2021-08-06,Tuolumne,109,53932,4776,4674,45,4719,64
2021-08-06,Ventura,111,848112,86432,85046,3641,88687,1047
2021-08-06,Yolo,113,214977,15770,15299,586,15885,218
2021-08-06,Yuba,115,75493,7078,6904,165,7069,50
2021-08-05,Alameda,001,1643700,100650,98052,2281,100333,1275
2021-08-05,Alpine,003,1148,90,91,0,91,0
2021-08-05,Amador,005,37829,4137,3992,35,4027,48
2021-08-05,Butte,007,227075,13970,13564,2137,15701,206
2021-08-05,Calaveras,009,45235,2477,2397,16,2413,57
2021-08-05,Colusa,011,21464,2107,2036,377,2413,16
2021-08-05,Contra Costa,013,1133247,80868,78514,1578,80092,840
2021-08-05,Del Norte,015,27424,1885,1731,15,1746,8
2021-08-05,El Dorado,017,186661,11856,11408,940,12348,117
2021-08-05,Fresno,019,978130,108644,106219,9400,115619,1747
2021-08-05,Glenn,021,27897,2553,2494,608,3102,20
2021-08-05,Humboldt,023,135768,5707,5328,95,5423,52
2021-08-05,Imperial,025,180216,29634,29383,2943,32326,745
2021-08-05,Inyo,027,18085,1479,1468,13,1481,38
2021-08-05,Kern,029,883053,101868,100091,12552,112643,1358
2021-08-05,Kings,031,150075,24483,23906,1231,25137,249
2021-08-05,Lake,033,64148,4701,4490,25,4515,66
2021-08-05,Lassen,035,31185,5432,5344,127,5471,21
2021-08-05,Los Angeles,037,10098052,1287668,1269445,47131,1316576,24756
2021-08-05,Madera,039,155013,17686,17301,1080,18381,245
2021-08-05,Marin,041,260295,15396,15005,306,15311,239
2021-08-05,Mariposa,043,17540,545,504,11,515,5
2021-08-05,Mendocino,045,87422,4819,4597,110,4707,49
2021-08-05,Merced,047,269075,32786,32381,1091,33472,477
2021-08-05,Modoc,049,8938,431,418,149,567,5
2021-08-05,Mono,051,14174,1326,1309,17,1326,3
2021-08-05,Monterey,053,433212,44425,43992,2087,46079,527
2021-08-05,Napa,055,140530,10798,10591,62,10653,83
2021-08-05,Nevada,057,99092,6175,5778,212,5990,73
2021-08-05,Orange,059,3164182,272981,268329,12495,280824,5149
2021-08-05,Placer,061,380077,26991,25965,2070,28035,305
2021-08-05,Plumas,063,18699,809,787,14,801,5
2021-08-05,Riverside,065,2383286,312180,305415,14864,320279,4562
2021-08-05,Sacramento,067,1510023,122086,118590,2369,120959,1739
2021-08-05,San Benito,069,59416,6379,6305,119,6424,63
2021-08-05,San Bernardino,071,2135413,309689,304956,9556,314512,5284
2021-08-05,San Diego,073,3302833,307876,302220,17658,319878,3806
2021-08-05,San Francisco,075,870044,43808,42301,1705,44006,564
2021-08-05,San Joaquin,077,732212,79799,78151,4090,82241,1468
2021-08-05,San Luis Obispo,079,281455,23001,22362,846,23208,263
2021-08-05,San Mateo,081,765935,46523,45554,653,46207,548
2021-08-05,Santa Barbara,083,443738,36785,36112,1318,37430,470
2021-08-05,Santa Clara,085,1922200,127011,124490,896,125386,2185
2021-08-05,Santa Cruz,087,273765,17271,16867,857,17724,207
2021-08-05,Shasta,089,179085,13603,13217,1837,15054,210
2021-08-05,Sierra,091,2930,78,73,12,85,0
2021-08-05,Siskiyou,093,43540,2145,2024,475,2499,32
2021-08-05,Solano,095,438530,37460,36250,809,37059,262
2021-08-05,Sonoma,097,501317,34526,33455,411,33866,330
2021-08-05,Stanislaus,099,539301,60760,59692,6524,66216,1037
2021-08-05,Sutter,101,95872,10574,10349,111,10460,127
2021-08-05,Tehama,103,63373,5442,5305,646,5951,66
2021-08-05,Trinity,105,12862,528,367,124,491,3
2021-08-05,Tulare,107,460477,52113,50889,10059,60948,854
2021-08-05,Tuolumne,109,53932,4746,4619,45,4664,64
2021-08-05,Ventura,111,848112,86182,84837,3627,88464,1047
2021-08-05,Yolo,113,214977,15704,15250,576,15826,218
2021-08-05,Yuba,115,75493,7035,6872,163,7035,50
2021-08-04,Alameda,001,1643700,100144,97477,2271,99748,1274
2021-08-04,Alpine,003,1148,90,91,0,91,0
2021-08-04,Amador,005,37829,4107,3962,34,3996,48
2021-08-04,Butte,007,227075,13903,13509,2121,15630,205
2021-08-04,Calaveras,009,45235,2463,2374,16,2390,57
2021-08-04,Colusa,011,21464,2095,2025,371,2396,16
2021-08-04,Contra Costa,013,1133247,80351,77966,1573,79539,840
2021-08-04,Del Norte,015,27424,1862,1701,15,1716,8
2021-08-04,El Dorado,017,186661,11778,11319,929,12248,117
2021-08-04,Fresno,019,978130,108280,105899,9362,115261,1747
2021-08-04,Glenn,021,27897,2545,2487,608,3095,20
2021-08-04,Humboldt,023,135768,5631,5271,94,5365,52
2021-08-04,Imperial,025,180216,29586,29375,2940,32315,745
2021-08-04,Inyo,027,18085,1478,1465,13,1478,38
2021-08-04,Kern,029,883053,101618,99868,12467,112335,1358
2021-08-04,Kings,031,150075,24411,23840,1223,25063,250
2021-08-04,Lake,033,64148,4670,4423,20,4443,65
2021-08-04,Lassen,035,31185,5424,5340,127,5467,21
2021-08-04,Los Angeles,037,10098052,1284183,1265788,46973,1312761,24737
2021-08-04,Madera,039,155013,17651,17251,1073,18324,245
2021-08-04,Marin,041,260295,15349,14950,304,15254,239
2021-08-04,Mariposa,043,17540,530,497,11,508,5
2021-08-04,Mendocino,045,87422,4795,4560,106,4666,49
2021-08-04,Merced,047,269075,32648,32274,1086,33360,476
2021-08-04,Modoc,049,8938,431,416,149,565,5
2021-08-04,Mono,051,14174,1322,1307,17,1324,3
2021-08-04,Monterey,053,433212,44360,43926,2076,46002,526
2021-08-04,Napa,055,140530,10761,10544,62,10606,82
2021-08-04,Nevada,057,99092,6111,5702,211,5913,73
2021-08-04,Orange,059,3164182,272107,267199,12458,279657,5146
2021-08-04,Placer,061,380077,26774,25688,2050,27738,305
2021-08-04,Plumas,063,18699,803,784,14,798,5
2021-08-04,Riverside,065,2383286,311255,304272,14838,319110,4562
2021-08-04,Sacramento,067,1510023,121327,117882,2343,120225,1736
2021-08-04,San Benito,069,59416,6364,6300,119,6419,63
2021-08-04,San Bernardino,071,2135413,308833,304164,9539,313703,5285
2021-08-04,San Diego,073,3302833,306356,301100,17594,318694,3805
2021-08-04,San Francisco,075,870044,43554,41913,1692,43605,562
2021-08-04,San Joaquin,077,732212,79442,77846,4078,81924,1466
2021-08-04,San Luis Obispo,079,281455,22893,22245,840,23085,262
2021-08-04,San Mateo,081,765935,46350,45392,652,46044,548
2021-08-04,Santa Barbara,083,443738,36656,36013,1310,37323,470
2021-08-04,Santa Clara,085,1922200,126620,124127,889,125016,2183
2021-08-04,Santa Cruz,087,273765,17210,16820,850,17670,208
2021-08-04,Shasta,089,179085,13551,13134,1826,14960,211
2021-08-04,Sierra,091,2930,78,73,12,85,0
2021-08-04,Siskiyou,093,43540,2125,2010,470,2480,32
2021-08-04,Solano,095,438530,37260,36025,800,36825,262
2021-08-04,Sonoma,097,501317,34354,33311,409,33720,330
2021-08-04,Stanislaus,099,539301,60537,59396,6486,65882,1037
2021-08-04,Sutter,101,95872,10537,10294,111,10405,127
2021-08-04,Tehama,103,63373,5416,5281,641,5922,66
2021-08-04,Trinity,105,12862,526,362,121,483,3
2021-08-04,Tulare,107,460477,52003,50797,10015,60812,855
2021-08-04,Tuolumne,109,53932,4721,4584,45,4629,64
2021-08-04,Ventura,111,848112,85924,84406,3605,88011,1047
2021-08-04,Yolo,113,214977,15626,15189,563,15752,215
2021-08-04,Yuba,115,75493,6995,6827,161,6988,50
2021-08-03,Alameda,001,1643700,99690,97275,2266,99541,1270
2021-08-03,Alpine,003,1148,90,91,0,91,0
2021-08-03,Amador,005,37829,4071,3953,34,3987,48
2021-08-03,Butte,007,227075,13837,13468,2106,15574,205
2021-08-03,Calaveras,009,45235,2442,2356,16,2372,57
2021-08-03,Colusa,011,21464,2082,2023,365,2388,16
2021-08-03,Contra Costa,013,1133247,79867,77739,1566,79305,836
2021-08-03,Del Norte,015,27424,1830,1691,14,1705,8
2021-08-03,El Dorado,017,186661,11688,11255,919,12174,117
2021-08-03,Fresno,019,978130,107920,105732,9330,115062,1746
2021-08-03,Glenn,021,27897,2538,2481,606,3087,20
2021-08-03,Humboldt,023,135768,5566,5199,89,5288,52
2021-08-03,Imperial,025,180216,29564,29333,2931,32264,745
2021-08-03,Inyo,027,18085,1475,1459,13,1472,38
2021-08-03,Kern,029,883053,101357,99708,12388,112096,1358
2021-08-03,Kings,031,150075,24323,23780,1216,24996,249
2021-08-03,Lake,033,64148,4614,4408,16,4424,66
2021-08-03,Lassen,035,31185,5414,5341,127,5468,21
2021-08-03,Los Angeles,037,10098052,1280448,1262678,46801,1309479,24721
2021-08-03,Madera,039,155013,17610,17220,1058,18278,245
2021-08-03,Marin,041,260295,15300,14906,301,15207,243
2021-08-03,Mariposa,043,17540,519,495,11,506,5
2021-08-03,Mendocino,045,87422,4746,4546,105,4651,49
2021-08-03,Merced,047,269075,32565,32197,1084,33281,476
2021-08-03,Modoc,049,8938,431,416,149,565,5
2021-08-03,Mono,051,14174,1317,1303,17,1320,3
2021-08-03,Monterey,053,433212,44297,43872,2063,45935,525
2021-08-03,Napa,055,140530,10718,10527,61,10588,82
2021-08-03,Nevada,057,99092,6030,5685,210,5895,73
2021-08-03,Orange,059,3164182,271368,266649,12428,279077,5146
2021-08-03,Placer,061,380077,26573,25624,2025,27649,305
2021-08-03,Plumas,063,18699,796,779,14,793,5
2021-08-03,Riverside,065,2383286,310331,303499,14811,318310,4562
2021-08-03,Sacramento,067,1510023,120584,117591,2322,119913,1732
2021-08-03,San Benito,069,59416,6348,6284,118,6402,63
2021-08-03,San Bernardino,071,2135413,307913,303386,9519,312905,5265
2021-08-03,San Diego,073,3302833,304917,300189,17490,317679,3803
2021-08-03,San Francisco,075,870044,43271,41758,1672,43430,562
2021-08-03,San Joaquin,077,732212,79093,77615,4057,81672,1461
2021-08-03,San Luis Obispo,079,281455,22753,22166,833,22999,264
2021-08-03,San Mateo,081,765935,46156,45255,647,45902,548
2021-08-03,Santa Barbara,083,443738,36537,35912,1304,37216,469
2021-08-03,Santa Clara,085,1922200,126199,123914,883,124797,2183
2021-08-03,Santa Cruz,087,273765,17143,16778,847,17625,207
2021-08-03,Shasta,089,179085,13477,13091,1815,14906,211
2021-08-03,Sierra,091,2930,78,72,12,84,0
2021-08-03,Siskiyou,093,43540,2114,1998,465,2463,32
2021-08-03,Solano,095,438530,37040,35953,788,36741,261
2021-08-03,Sonoma,097,501317,34172,33243,408,33651,330
2021-08-03,Stanislaus,099,539301,60317,59282,6468,65750,1037
2021-08-03,Sutter,101,95872,10497,10263,110,10373,127
2021-08-03,Tehama,103,63373,5391,5269,636,5905,66
2021-08-03,Trinity,105,12862,523,361,118,479,3
2021-08-03,Tulare,107,460477,51907,50729,9969,60698,854
2021-08-03,Tuolumne,109,53932,4686,4563,45,4608,64
2021-08-03,Ventura,111,848112,85680,84270,3584,87854,1046
2021-08-03,Yolo,113,214977,15534,15149,549,15698,215
2021-08-03,Yuba,115,75493,6958,6781,159,6940,50
2021-08-02,Alameda,001,1643700,99133,96954,2261,99215,1270
2021-08-02,Alpine,003,1148,90,91,0,91,0
2021-08-02,Amador,005,37829,4051,3927,34,3961,48
2021-08-02,Butte,007,227075,13761,13442,2087,15529,205
2021-08-02,Calaveras,009,45235,2426,2347,16,2363,57
2021-08-02,Colusa,011,21464,2070,2019,362,2381,16
2021-08-02,Contra Costa,013,1133247,79357,77516,1552,79068,836
2021-08-02,Del Norte,015,27424,1800,1653,14,1667,8
2021-08-02,El Dorado,017,186661,11585,11226,905,12131,116
2021-08-02,Fresno,019,978130,107577,105471,9294,114765,1744
2021-08-02,Glenn,021,27897,2530,2477,604,3081,20
2021-08-02,Humboldt,023,135768,5483,5161,87,5248,52
2021-08-02,Imperial,025,180216,29531,29302,2926,32228,743
2021-08-02,Inyo,027,18085,1469,1455,13,1468,38
2021-08-02,Kern,029,883053,101102,99556,12294,111850,1357
2021-08-02,Kings,031,150075,24254,23722,1210,24932,249
2021-08-02,Lake,033,64148,4572,4375,16,4391,66
2021-08-02,Lassen,035,31185,5391,5338,125,5463,21
2021-08-02,Los Angeles,037,10098052,1276734,1260807,46594,1307401,24705
2021-08-02,Madera,039,155013,17566,17158,1045,18203,245
2021-08-02,Marin,041,260295,15257,14859,299,15158,239
2021-08-02,Mariposa,043,17540,510,490,11,501,5
2021-08-02,Mendocino,045,87422,4706,4512,102,4614,49
2021-08-02,Merced,047,269075,32467,32163,1077,33240,474
2021-08-02,Modoc,049,8938,431,415,149,564,5
2021-08-02,Mono,051,14174,1310,1296,17,1313,3
2021-08-02,Monterey,053,433212,44237,43842,2055,45897,525
2021-08-02,Napa,055,140530,10675,10490,58,10548,82
2021-08-02,Nevada,057,99092,5959,5611,209,5820,73
2021-08-02,Orange,059,3164182,270454,266050,12382,278432,5146
2021-08-02,Placer,061,380077,26426,25516,1991,27507,306
2021-08-02,Plumas,063,18699,789,762,14,776,5
2021-08-02,Riverside,065,2383286,309393,302756,14796,317552,4562
2021-08-02,Sacramento,067,1510023,119886,117183,2301,119484,1728
2021-08-02,San Benito,069,59416,6329,6276,117,6393,63
2021-08-02,San Bernardino,071,2135413,307036,303000,9487,312487,5253
2021-08-02,San Diego,073,3302833,303434,299021,17415,316436,3798
2021-08-02,San Francisco,075,870044,42976,41553,1648,43201,562
2021-08-02,San Joaquin,077,732212,78750,77447,4030,81477,1461
2021-08-02,San Luis Obispo,079,281455,22659,22093,827,22920,261
2021-08-02,San Mateo,081,765935,45982,45154,634,45788,548
2021-08-02,Santa Barbara,083,443738,36397,35851,1298,37149,469
2021-08-02,Santa Clara,085,1922200,125729,123655,875,124530,2183
2021-08-02,Santa Cruz,087,273765,17086,16746,843,17589,207
2021-08-02,Shasta,089,179085,13414,13049,1801,14850,212
2021-08-02,Sierra,091,2930,78,71,12,83,0
2021-08-02,Siskiyou,093,43540,2103,1992,451,2443,31
2021-08-02,Solano,095,438530,36792,35852,775,36627,260
2021-08-02,Sonoma,097,501317,33945,33132,403,33535,330
2021-08-02,Stanislaus,099,539301,60098,59160,6440,65600,1037
2021-08-02,Sutter,101,95872,10451,10220,110,10330,127
2021-08-02,Tehama,103,63373,5367,5260,632,5892,66
2021-08-02,Trinity,105,12862,518,359,117,476,3
2021-08-02,Tulare,107,460477,51806,50640,9895,60535,854
2021-08-02,Tuolumne,109,53932,4619,4524,45,4569,64
2021-08-02,Ventura,111,848112,85495,84143,3561,87704,1044
2021-08-02,Yolo,113,214977,15434,15072,531,15603,215
2021-08-02,Yuba,115,75493,6916,6743,156,6899,50
2021-08-01,Alameda,001,1643700,98596,96775,2256,99031,1270
2021-08-01,Alpine,003,1148,90,91,0,91,0
2021-08-01,Amador,005,37829,4013,3923,34,3957,48
2021-08-01,Butte,007,227075,13680,13406,2070,15476,205
2021-08-01,Calaveras,009,45235,2409,2341,16,2357,57
2021-08-01,Colusa,011,21464,2059,2014,360,2374,16
2021-08-01,Contra Costa,013,1133247,78921,77360,1544,78904,836
2021-08-01,Del Norte,015,27424,1768,1642,14,1656,8
2021-08-01,El Dorado,017,186661,11484,11189,895,12084,116
2021-08-01,Fresno,019,978130,107252,105339,9247,114586,1744
2021-08-01,Glenn,021,27897,2524,2476,601,3077,20
2021-08-01,Humboldt,023,135768,5406,5118,83,5201,52
2021-08-01,Imperial,025,180216,29496,29297,2922,32219,743
2021-08-01,Inyo,027,18085,1467,1454,13,1467,38
2021-08-01,Kern,029,883053,100825,99396,12220,111616,1357
2021-08-01,Kings,031,150075,24167,23700,1205,24905,249
2021-08-01,Lake,033,64148,4493,4356,16,4372,66
2021-08-01,Lassen,035,31185,5378,5336,123,5459,21
2021-08-01,Los Angeles,037,10098052,1273048,1258461,46371,1304832,24700
2021-08-01,Madera,039,155013,17509,17146,1040,18186,245
2021-08-01,Marin,041,260295,15180,14844,298,15142,239
2021-08-01,Mariposa,043,17540,503,482,11,493,5
2021-08-01,Mendocino,045,87422,4660,4476,98,4574,49
2021-08-01,Merced,047,269075,32376,32144,1071,33215,474
2021-08-01,Modoc,049,8938,429,413,149,562,5
2021-08-01,Mono,051,14174,1307,1294,17,1311,3
2021-08-01,Monterey,053,433212,44189,43808,2042,45850,525
2021-08-01,Napa,055,140530,10627,10473,56,10529,82
2021-08-01,Nevada,057,99092,5872,5561,208,5769,73
2021-08-01,Orange,059,3164182,269641,265467,12339,277806,5146
2021-08-01,Placer,061,380077,26211,25464,1961,27425,306
2021-08-01,Plumas,063,18699,783,761,14,775,5
2021-08-01,Riverside,065,2383286,308460,302256,14778,317034,4562
2021-08-01,Sacramento,067,1510023,119150,116923,2284,119207,1727
2021-08-01,San Benito,069,59416,6312,6271,117,6388,63
2021-08-01,San Bernardino,071,2135413,306101,302542,9476,312018,5248
2021-08-01,San Diego,073,3302833,302246,298002,17353,315355,3798
2021-08-01,San Francisco,075,870044,42638,41432,1635,43067,562
2021-08-01,San Joaquin,077,732212,78384,77338,4003,81341,1461
2021-08-01,San Luis Obispo,079,281455,22556,22083,822,22905,261
2021-08-01,San Mateo,081,765935,45801,45036,626,45662,548
2021-08-01,Santa Barbara,083,443738,36274,35809,1294,37103,469
2021-08-01,Santa Clara,085,1922200,125318,123511,867,124378,2183
2021-08-01,Santa Cruz,087,273765,17007,16709,836,17545,207
2021-08-01,Shasta,089,179085,13343,13036,1792,14828,212
2021-08-01,Sierra,091,2930,76,71,12,83,0
2021-08-01,Siskiyou,093,43540,2097,1989,445,2434,31
2021-08-01,Solano,095,438530,36557,35800,766,36566,260
2021-08-01,Sonoma,097,501317,33753,33076,400,33476,330
2021-08-01,Stanislaus,099,539301,59861,59078,6408,65486,1037
2021-08-01,Sutter,101,95872,10396,10198,107,10305,127
2021-08-01,Tehama,103,63373,5350,5252,628,5880,66
2021-08-01,Trinity,105,12862,515,359,116,475,3
2021-08-01,Tulare,107,460477,51649,50600,9832,60432,854
2021-08-01,Tuolumne,109,53932,4581,4489,45,4534,64
2021-08-01,Ventura,111,848112,85265,84040,3546,87586,1044
2021-08-01,Yolo,113,214977,15362,15042,522,15564,215
2021-08-01,Yuba,115,75493,6879,6721,155,6876,50
2021-07-31,Alameda,001,1643700,98276,95279,2250,97529,1265
2021-07-31,Alpine,003,1148,90,89,0,89,0
2021-07-31,Amador,005,37829,3993,3877,34,3911,48
2021-07-31,Butte,007,227075,13647,13235,2050,15285,205
2021-07-31,Calaveras,009,45235,2401,2294,16,2310,57
2021-07-31,Colusa,011,21464,2053,2006,358,2364,16
2021-07-31,Contra Costa,013,1133247,78642,75866,1542,77408,832
2021-07-31,Del Norte,015,27424,1742,1576,14,1590,8
2021-07-31,El Dorado,017,186661,11431,11017,889,11906,116
2021-07-31,Fresno,019,978130,107093,104639,9233,113872,1744
2021-07-31,Glenn,021,27897,2519,2465,596,3061,20
2021-07-31,Humboldt,023,135768,5351,4978,82,5060,52
2021-07-31,Imperial,025,180216,29479,29164,2919,32083,743
2021-07-31,Inyo,027,18085,1464,1442,13,1455,38
2021-07-31,Kern,029,883053,100661,98903,12161,111064,1357
2021-07-31,Kings,031,150075,24114,23548,1200,24748,248
2021-07-31,Lake,033,64148,4468,4238,16,4254,66
2021-07-31,Lassen,035,31185,5371,5320,123,5443,21
2021-07-31,Los Angeles,037,10098052,1270853,1248545,46224,1294769,24691
2021-07-31,Madera,039,155013,17476,17058,1034,18092,245
2021-07-31,Marin,041,260295,15136,14701,297,14998,239
2021-07-31,Mariposa,043,17540,494,470,11,481,5
2021-07-31,Mendocino,045,87422,4635,4400,95,4495,49
2021-07-31,Merced,047,269075,32328,31959,1066,33025,474
2021-07-31,Modoc,049,8938,429,413,149,562,5
2021-07-31,Mono,051,14174,1305,1287,17,1304,3
2021-07-31,Monterey,053,433212,44149,43720,2032,45752,525
2021-07-31,Napa,055,140530,10607,10401,55,10456,82
2021-07-31,Nevada,057,99092,5833,5373,207,5580,72
2021-07-31,Orange,059,3164182,269067,263446,12320,275766,5144
2021-07-31,Placer,061,380077,26078,25104,1954,27058,306
2021-07-31,Plumas,063,18699,780,743,14,757,5
2021-07-31,Riverside,065,2383286,307844,300315,14768,315083,4554
2021-07-31,Sacramento,067,1510023,118738,115259,2278,117537,1720
2021-07-31,San Benito,069,59416,6301,6251,117,6368,63
2021-07-31,San Bernardino,071,2135413,305532,300726,9473,310199,5240
2021-07-31,San Diego,073,3302833,301571,295054,17312,312366,3798
2021-07-31,San Francisco,075,870044,42414,40412,1615,42027,562
2021-07-31,San Joaquin,077,732212,78219,76575,3990,80565,1443
2021-07-31,San Luis Obispo,079,281455,22502,21922,820,22742,260
2021-07-31,San Mateo,081,765935,45644,44622,621,45243,548
2021-07-31,Santa Barbara,083,443738,36192,35531,1293,36824,467
2021-07-31,Santa Clara,085,1922200,125063,122614,865,123479,2099
2021-07-31,Santa Cruz,087,273765,16968,16576,835,17411,207
2021-07-31,Shasta,089,179085,13307,12918,1784,14702,212
2021-07-31,Sierra,091,2930,76,68,12,80,0
2021-07-31,Siskiyou,093,43540,2088,1976,439,2415,31
2021-07-31,Solano,095,438530,36456,35340,758,36098,263
2021-07-31,Sonoma,097,501317,33628,32601,400,33001,329
2021-07-31,Stanislaus,099,539301,59702,58586,6385,64971,1035
2021-07-31,Sutter,101,95872,10361,10068,106,10174,127
2021-07-31,Tehama,103,63373,5335,5216,625,5841,66
2021-07-31,Trinity,105,12862,514,354,115,469,3
2021-07-31,Tulare,107,460477,51559,50409,9779,60188,854
2021-07-31,Tuolumne,109,53932,4542,4362,45,4407,64
2021-07-31,Ventura,111,848112,85104,83509,3529,87038,1044
2021-07-31,Yolo,113,214977,15314,14863,511,15374,215
2021-07-31,Yuba,115,75493,6856,6615,151,6766,50
2021-07-30,Alameda,001,1643700,97945,95279,2246,97525,1265
2021-07-30,Alpine,003,1148,90,89,0,89,0
2021-07-30,Amador,005,37829,3970,3877,34,3911,48
2021-07-30,Butte,007,227075,13592,13235,2037,15272,205
2021-07-30,Calaveras,009,45235,2390,2294,16,2310,57
2021-07-30,Colusa,011,21464,2049,2006,356,2362,16
2021-07-30,Contra Costa,013,1133247,78399,75866,1538,77404,832
2021-07-30,Del Norte,015,27424,1724,1576,14,1590,8
2021-07-30,El Dorado,017,186661,11398,11017,883,11900,116
2021-07-30,Fresno,019,978130,106899,104639,9221,113860,1744
2021-07-30,Glenn,021,27897,2514,2465,595,3060,20
2021-07-30,Humboldt,023,135768,5287,4978,79,5057,52
2021-07-30,Imperial,025,180216,29465,29164,2916,32080,743
2021-07-30,Inyo,027,18085,1463,1442,13,1455,38
2021-07-30,Kern,029,883053,100536,98903,12114,111017,1357
2021-07-30,Kings,031,150075,24074,23548,1196,24744,248
2021-07-30,Lake,033,64148,4440,4238,16,4254,66
2021-07-30,Lassen,035,31185,5367,5320,123,5443,21
2021-07-30,Los Angeles,037,10098052,1268532,1248545,46073,1294618,24691
2021-07-30,Madera,039,155013,17434,17058,1031,18089,245
2021-07-30,Marin,041,260295,15102,14701,297,14998,239
2021-07-30,Mariposa,043,17540,490,470,11,481,5
2021-07-30,Mendocino,045,87422,4605,4400,94,4494,49
2021-07-30,Merced,047,269075,32287,31959,1062,33021,474
2021-07-30,Modoc,049,8938,427,413,149,562,5
2021-07-30,Mono,051,14174,1300,1287,17,1304,3
2021-07-30,Monterey,053,433212,44115,43720,2023,45743,525
2021-07-30,Napa,055,140530,10585,10401,54,10455,82
2021-07-30,Nevada,057,99092,5776,5373,207,5580,72
2021-07-30,Orange,059,3164182,268442,263446,12294,275740,5144
2021-07-30,Placer,061,380077,25989,25104,1936,27040,306
2021-07-30,Plumas,063,18699,775,743,14,757,5
2021-07-30,Riverside,065,2383286,307207,300315,14758,315073,4554
2021-07-30,Sacramento,067,1510023,118287,115259,2274,117533,1720
2021-07-30,San Benito,069,59416,6294,6251,117,6368,63
2021-07-30,San Bernardino,071,2135413,305019,300726,9467,310193,5240
2021-07-30,San Diego,073,3302833,300799,295054,17254,312308,3798
2021-07-30,San Francisco,075,870044,42200,40412,1600,42012,562
2021-07-30,San Joaquin,077,732212,78065,76575,3985,80560,1443
2021-07-30,San Luis Obispo,079,281455,22464,21922,816,22738,260
2021-07-30,San Mateo,081,765935,45520,44622,608,45230,548
2021-07-30,Santa Barbara,083,443738,36123,35531,1287,36818,467
2021-07-30,Santa Clara,085,1922200,124839,122614,863,123477,2099
2021-07-30,Santa Cruz,087,273765,16942,16576,833,17409,207
2021-07-30,Shasta,089,179085,13259,12918,1784,14702,212
2021-07-30,Sierra,091,2930,75,68,12,80,0
2021-07-30,Siskiyou,093,43540,2079,1976,438,2414,31
2021-07-30,Solano,095,438530,36365,35340,742,36082,263
2021-07-30,Sonoma,097,501317,33533,32601,400,33001,329
2021-07-30,Stanislaus,099,539301,59559,58586,6364,64950,1035
2021-07-30,Sutter,101,95872,10325,10068,106,10174,127
2021-07-30,Tehama,103,63373,5324,5216,625,5841,66
2021-07-30,Trinity,105,12862,514,354,115,469,3
2021-07-30,Tulare,107,460477,51516,50409,9743,60152,854
2021-07-30,Tuolumne,109,53932,4524,4362,45,4407,64
2021-07-30,Ventura,111,848112,84940,83509,3514,87023,1044
2021-07-30,Yolo,113,214977,15252,14863,507,15370,215
2021-07-30,Yuba,115,75493,6820,6615,150,6765,50
2021-07-29,Alameda,001,1643700,97525,95279,2240,97519,1265
2021-07-29,Alpine,003,1148,90,89,0,89,0
2021-07-29,Amador,005,37829,3951,3877,34,3911,48
2021-07-29,Butte,007,227075,13544,13235,2029,15264,205
2021-07-29,Calaveras,009,45235,2373,2294,16,2310,57
2021-07-29,Colusa,011,21464,2042,2006,356,2362,16
2021-07-29,Contra Costa,013,1133247,77961,75866,1534,77400,832
2021-07-29,Del Norte,015,27424,1700,1576,14,1590,8
2021-07-29,El Dorado,017,186661,11334,11017,871,11888,116
2021-07-29,Fresno,019,978130,106636,104639,9194,113833,1744
2021-07-29,Glenn,021,27897,2504,2465,594,3059,20
2021-07-29,Humboldt,023,135768,5227,4978,77,5055,52
2021-07-29,Imperial,025,180216,29419,29164,2914,32078,743
2021-07-29,Inyo,027,18085,1459,1442,13,1455,38
2021-07-29,Kern,029,883053,100330,98903,12036,110939,1357
2021-07-29,Kings,031,150075,24028,23548,1192,24740,248
2021-07-29,Lake,033,64148,4405,4238,16,4254,66
2021-07-29,Lassen,035,31185,5359,5320,120,5440,21
2021-07-29,Los Angeles,037,10098052,1265443,1248545,45890,1294435,24691
2021-07-29,Madera,039,155013,17387,17058,1027,18085,245
2021-07-29,Marin,041,260295,15059,14701,297,14998,239
2021-07-29,Mariposa,043,17540,486,470,11,481,5
2021-07-29,Mendocino,045,87422,4582,4400,92,4492,49
2021-07-29,Merced,047,269075,32232,31959,1062,33021,474
2021-07-29,Modoc,049,8938,427,413,149,562,5
2021-07-29,Mono,051,14174,1298,1287,17,1304,3
2021-07-29,Monterey,053,433212,44066,43720,2013,45733,525
2021-07-29,Napa,055,140530,10553,10401,52,10453,82
2021-07-29,Nevada,057,99092,5724,5373,206,5579,72
2021-07-29,Orange,059,3164182,267729,263446,12262,275708,5144
2021-07-29,Placer,061,380077,25866,25104,1921,27025,306
2021-07-29,Plumas,063,18699,767,743,14,757,5
2021-07-29,Riverside,065,2383286,306502,300315,14734,315049,4554
2021-07-29,Sacramento,067,1510023,117732,115259,2261,117520,1720
2021-07-29,San Benito,069,59416,6283,6251,117,6368,63
2021-07-29,San Bernardino,071,2135413,304380,300726,9457,310183,5240
2021-07-29,San Diego,073,3302833,299743,295054,17192,312246,3798
2021-07-29,San Francisco,075,870044,41953,40412,1579,41991,562
2021-07-29,San Joaquin,077,732212,77810,76575,3977,80552,1443
2021-07-29,San Luis Obispo,079,281455,22410,21922,814,22736,260
2021-07-29,San Mateo,081,765935,45393,44622,598,45220,548
2021-07-29,Santa Barbara,083,443738,36038,35531,1286,36817,467
2021-07-29,Santa Clara,085,1922200,124542,122614,860,123474,2099
2021-07-29,Santa Cruz,087,273765,16889,16576,831,17407,207
2021-07-29,Shasta,089,179085,13205,12918,1775,14693,212
2021-07-29,Sierra,091,2930,75,68,12,80,0
2021-07-29,Siskiyou,093,43540,2074,1976,436,2412,31
2021-07-29,Solano,095,438530,36205,35340,732,36072,263
2021-07-29,Sonoma,097,501317,33358,32601,398,32999,329
2021-07-29,Stanislaus,099,539301,59387,58586,6347,64933,1035
2021-07-29,Sutter,101,95872,10279,10068,105,10173,127
2021-07-29,Tehama,103,63373,5312,5216,619,5835,66
2021-07-29,Trinity,105,12862,512,354,114,468,3
2021-07-29,Tulare,107,460477,51426,50409,9703,60112,854
2021-07-29,Tuolumne,109,53932,4484,4362,44,4406,64
2021-07-29,Ventura,111,848112,84774,83509,3507,87016,1044
2021-07-29,Yolo,113,214977,15184,14863,493,15356,215
2021-07-29,Yuba,115,75493,6772,6615,147,6762,50
2021-07-28,Alameda,001,1643700,97057,94965,2233,97198,1262
2021-07-28,Alpine,003,1148,90,89,0,89,0
2021-07-28,Amador,005,37829,3937,3870,34,3904,48
2021-07-28,Butte,007,227075,13488,13184,2016,15200,205
2021-07-28,Calaveras,009,45235,2354,2289,16,2305,57
2021-07-28,Colusa,011,21464,2038,2001,355,2356,16
2021-07-28,Contra Costa,013,1133247,77475,75487,1526,77013,832
2021-07-28,Del Norte,015,27424,1667,1545,14,1559,8
2021-07-28,El Dorado,017,186661,11285,10967,861,11828,116
2021-07-28,Fresno,019,978130,106388,104458,9174,113632,1744
2021-07-28,Glenn,021,27897,2500,2464,591,3055,20
2021-07-28,Humboldt,023,135768,5176,4946,76,5022,52
2021-07-28,Imperial,025,180216,29372,29096,2914,32010,743
2021-07-28,Inyo,027,18085,1453,1439,12,1451,38
2021-07-28,Kern,029,883053,100173,98781,11989,110770,1352
2021-07-28,Kings,031,150075,23964,23503,1182,24685,248
2021-07-28,Lake,033,64148,4359,4191,15,4206,65
2021-07-28,Lassen,035,31185,5351,5318,120,5438,21
2021-07-28,Los Angeles,037,10098052,1262280,1245485,45719,1291204,24673
2021-07-28,Madera,039,155013,17346,17024,1021,18045,245
2021-07-28,Marin,041,260295,15004,14652,297,14949,239
2021-07-28,Mariposa,043,17540,479,469,11,480,5
2021-07-28,Mendocino,045,87422,4554,4377,92,4469,49
2021-07-28,Merced,047,269075,32176,31886,1058,32944,474
2021-07-28,Modoc,049,8938,425,413,149,562,5
2021-07-28,Mono,051,14174,1297,1286,17,1303,3
2021-07-28,Monterey,053,433212,44019,43668,2003,45671,524
2021-07-28,Napa,055,140530,10513,10376,50,10426,82
2021-07-28,Nevada,057,99092,5669,5320,206,5526,72
2021-07-28,Orange,059,3164182,266937,262735,12232,274967,5143
2021-07-28,Placer,061,380077,25718,24978,1905,26883,306
2021-07-28,Plumas,063,18699,762,754,14,768,5
2021-07-28,Riverside,065,2383286,305734,299611,14715,314326,4554
2021-07-28,Sacramento,067,1510023,117081,114665,2240,116905,1714
2021-07-28,San Benito,069,59416,6272,6236,117,6353,63
2021-07-28,San Bernardino,071,2135413,303750,300121,9445,309566,5236
2021-07-28,San Diego,073,3302833,298457,294176,17128,311304,3798
2021-07-28,San Francisco,075,870044,41618,40144,1553,41697,561
2021-07-28,San Joaquin,077,732212,77559,76312,3947,80259,1443
2021-07-28,San Luis Obispo,079,281455,22351,21865,813,22678,260
2021-07-28,San Mateo,081,765935,45243,44477,589,45066,547
2021-07-28,Santa Barbara,083,443738,35962,35431,1281,36712,467
2021-07-28,Santa Clara,085,1922200,124281,122345,858,123203,2099
2021-07-28,Santa Cruz,087,273765,16851,16551,830,17381,207
2021-07-28,Shasta,089,179085,13161,12882,1765,14647,212
2021-07-28,Sierra,091,2930,71,67,12,79,0
2021-07-28,Siskiyou,093,43540,2065,1971,433,2404,31
2021-07-28,Solano,095,438530,36031,35204,725,35929,262
2021-07-28,Sonoma,097,501317,33215,32434,395,32829,328
2021-07-28,Stanislaus,099,539301,59188,58427,6331,64758,1035
2021-07-28,Sutter,101,95872,10247,10033,104,10137,126
2021-07-28,Tehama,103,63373,5300,5209,616,5825,66
2021-07-28,Trinity,105,12862,511,352,114,466,3
2021-07-28,Tulare,107,460477,51338,50363,9655,60018,854
2021-07-28,Tuolumne,109,53932,4445,4313,44,4357,64
2021-07-28,Ventura,111,848112,84578,83360,3491,86851,1043
2021-07-28,Yolo,113,214977,15112,14801,485,15286,215
2021-07-28,Yuba,115,75493,6739,6591,146,6737,51
2021-07-27,Alameda,001,1643700,96657,94682,2224,96906,1256
2021-07-27,Alpine,003,1148,90,89,0,89,0
2021-07-27,Amador,005,37829,3921,3861,34,3895,48
2021-07-27,Butte,007,227075,13439,13127,2005,15132,205
2021-07-27,Calaveras,009,45235,2341,2280,16,2296,57
2021-07-27,Colusa,011,21464,2030,1999,354,2353,16
2021-07-27,Contra Costa,013,1133247,76987,75227,1522,76749,830
2021-07-27,Del Norte,015,27424,1647,1538,14,1552,8
2021-07-27,El Dorado,017,186661,11225,10941,851,11792,116
2021-07-27,Fresno,019,978130,106094,104288,9150,113438,1746
2021-07-27,Glenn,021,27897,2492,2460,589,3049,20
2021-07-27,Humboldt,023,135768,5122,4925,75,5000,52
2021-07-27,Imperial,025,180216,29327,29048,2913,31961,743
2021-07-27,Inyo,027,18085,1451,1430,12,1442,38
2021-07-27,Kern,029,883053,100003,98724,11933,110657,1352
2021-07-27,Kings,031,150075,23907,23463,1172,24635,248
2021-07-27,Lake,033,64148,4320,4157,15,4172,65
2021-07-27,Lassen,035,31185,5345,5315,120,5435,21
2021-07-27,Los Angeles,037,10098052,1258838,1243336,45548,1288884,24658
2021-07-27,Madera,039,155013,17293,16998,1016,18014,245
2021-07-27,Marin,041,260295,14956,14631,294,14925,239
2021-07-27,Mariposa,043,17540,476,468,11,479,5
2021-07-27,Mendocino,045,87422,4531,4371,92,4463,49
2021-07-27,Merced,047,269075,32109,31825,1055,32880,473
2021-07-27,Modoc,049,8938,424,413,149,562,5
2021-07-27,Mono,051,14174,1293,1288,17,1305,3
2021-07-27,Monterey,053,433212,43979,43646,1992,45638,523
2021-07-27,Napa,055,140530,10483,10354,50,10404,82
2021-07-27,Nevada,057,99092,5592,5305,204,5509,72
2021-07-27,Orange,059,3164182,266193,262193,12207,274400,5143
2021-07-27,Placer,061,380077,25559,24916,1879,26795,306
2021-07-27,Plumas,063,18699,759,752,14,766,5
2021-07-27,Riverside,065,2383286,305003,299160,14696,313856,4554
2021-07-27,Sacramento,067,1510023,116477,114413,2231,116644,1710
2021-07-27,San Benito,069,59416,6263,6229,117,6346,63
2021-07-27,San Bernardino,071,2135413,303043,299593,9423,309016,5236
2021-07-27,San Diego,073,3302833,297366,293408,17055,310463,3798
2021-07-27,San Francisco,075,870044,41259,39939,1535,41474,561
2021-07-27,San Joaquin,077,732212,77296,76166,3927,80093,1442
2021-07-27,San Luis Obispo,079,281455,22296,21803,804,22607,260
2021-07-27,San Mateo,081,765935,45092,44378,586,44964,547
2021-07-27,Santa Barbara,083,443738,35864,35355,1279,36634,467
2021-07-27,Santa Clara,085,1922200,123987,122154,856,123010,2099
2021-07-27,Santa Cruz,087,273765,16805,16523,829,17352,207
2021-07-27,Shasta,089,179085,13110,12846,1752,14598,212
2021-07-27,Sierra,091,2930,71,65,12,77,0
2021-07-27,Siskiyou,093,43540,2060,1964,430,2394,31
2021-07-27,Solano,095,438530,35899,35093,715,35808,261
2021-07-27,Sonoma,097,501317,33070,32367,393,32760,328
2021-07-27,Stanislaus,099,539301,59018,58333,6305,64638,1033
2021-07-27,Sutter,101,95872,10206,9998,104,10102,115
2021-07-27,Tehama,103,63373,5279,5192,614,5806,66
2021-07-27,Trinity,105,12862,510,351,114,465,3
2021-07-27,Tulare,107,460477,51270,50324,9625,59949,854
2021-07-27,Tuolumne,109,53932,4393,4282,44,4326,64
2021-07-27,Ventura,111,848112,84370,83189,3479,86668,1043
2021-07-27,Yolo,113,214977,15038,14759,479,15238,215
2021-07-27,Yuba,115,75493,6717,6564,144,6708,51
2021-07-26,Alameda,001,1643700,96212,94436,2218,96654,1259
2021-07-26,Alpine,003,1148,90,89,0,89,0
2021-07-26,Amador,005,37829,3911,3854,34,3888,48
2021-07-26,Butte,007,227075,13384,13082,1994,15076,203
2021-07-26,Calaveras,009,45235,2333,2276,16,2292,57
2021-07-26,Colusa,011,21464,2023,1996,352,2348,16
2021-07-26,Contra Costa,013,1133247,76487,74854,1515,76369,830
2021-07-26,Del Norte,015,27424,1626,1530,14,1544,8
2021-07-26,El Dorado,017,186661,11161,10899,848,11747,116
2021-07-26,Fresno,019,978130,105891,104143,9126,113269,1742
2021-07-26,Glenn,021,27897,2490,2461,588,3049,20
2021-07-26,Humboldt,023,135768,5083,4906,73,4979,52
2021-07-26,Imperial,025,180216,29287,29034,2912,31946,743
2021-07-26,Inyo,027,18085,1446,1429,12,1441,38
2021-07-26,Kern,029,883053,99837,98633,11868,110501,1351
2021-07-26,Kings,031,150075,23858,23426,1168,24594,247
2021-07-26,Lake,033,64148,4299,4133,15,4148,65
2021-07-26,Lassen,035,31185,5341,5314,120,5434,21
2021-07-26,Los Angeles,037,10098052,1255512,1241527,45378,1286905,24647
2021-07-26,Madera,039,155013,17265,16971,1009,17980,245
2021-07-26,Marin,041,260295,14899,14579,293,14872,239
2021-07-26,Mariposa,043,17540,475,467,11,478,5
2021-07-26,Mendocino,045,87422,4510,4354,92,4446,49
2021-07-26,Merced,047,269075,32018,31774,1051,32825,473
2021-07-26,Modoc,049,8938,424,413,149,562,5
2021-07-26,Mono,051,14174,1292,1286,17,1303,3
2021-07-26,Monterey,053,433212,43936,43595,1979,45574,521
2021-07-26,Napa,055,140530,10460,10332,50,10382,82
2021-07-26,Nevada,057,99092,5506,5280,204,5484,72
2021-07-26,Orange,059,3164182,265555,261803,12186,273989,5142
2021-07-26,Placer,061,380077,25423,24842,1858,26700,304
2021-07-26,Plumas,063,18699,755,750,14,764,5
2021-07-26,Riverside,065,2383286,304309,298626,14682,313308,4553
2021-07-26,Sacramento,067,1510023,115875,113986,2215,116201,1705
2021-07-26,San Benito,069,59416,6257,6222,117,6339,63
2021-07-26,San Bernardino,071,2135413,302430,299238,9411,308649,5237
2021-07-26,San Diego,073,3302833,296253,292688,16981,309669,3793
2021-07-26,San Francisco,075,870044,40905,39800,1509,41309,561
2021-07-26,San Joaquin,077,732212,77061,76033,3923,79956,1440
2021-07-26,San Luis Obispo,079,281455,22247,21752,801,22553,260
2021-07-26,San Mateo,081,765935,44943,44297,577,44874,547
2021-07-26,Santa Barbara,083,443738,35792,35311,1267,36578,467
2021-07-26,Santa Clara,085,1922200,123678,121978,847,122825,2099
2021-07-26,Santa Cruz,087,273765,16766,16493,826,17319,207
2021-07-26,Shasta,089,179085,13061,12819,1739,14558,211
2021-07-26,Sierra,091,2930,70,65,12,77,0
2021-07-26,Siskiyou,093,43540,2057,1962,428,2390,31
2021-07-26,Solano,095,438530,35744,34990,707,35697,259
2021-07-26,Sonoma,097,501317,32935,32283,391,32674,328
2021-07-26,Stanislaus,099,539301,58873,58219,6286,64505,1033
2021-07-26,Sutter,101,95872,10166,9963,101,10064,115
2021-07-26,Tehama,103,63373,5269,5183,610,5793,66
2021-07-26,Trinity,105,12862,510,351,113,464,3
2021-07-26,Tulare,107,460477,51205,50265,9594,59859,854
2021-07-26,Tuolumne,109,53932,4362,4271,44,4315,64
2021-07-26,Ventura,111,848112,84197,83072,3464,86536,1041
2021-07-26,Yolo,113,214977,14977,14727,466,15193,215
2021-07-26,Yuba,115,75493,6683,6538,142,6680,51
2021-07-25,Alameda,001,1643700,95718,94146,2210,96356,1259
2021-07-25,Alpine,003,1148,88,89,0,89,0
2021-07-25,Amador,005,37829,3896,3848,34,3882,48
2021-07-25,Butte,007,227075,13345,13074,1984,15058,203
2021-07-25,Calaveras,009,45235,2322,2275,16,2291,57
2021-07-25,Colusa,011,21464,2014,1996,348,2344,16
2021-07-25,Contra Costa,013,1133247,76002,74634,1501,76135,830
2021-07-25,Del Norte,015,27424,1605,1526,14,1540,8
2021-07-25,El Dorado,017,186661,11103,10878,845,11723,116
2021-07-25,Fresno,019,978130,105650,104019,9110,113129,1742
2021-07-25,Glenn,021,27897,2481,2461,586,3047,20
2021-07-25,Humboldt,023,135768,5023,4892,71,4963,52
2021-07-25,Imperial,025,180216,29250,29037,2911,31948,743
2021-07-25,Inyo,027,18085,1441,1427,12,1439,38
2021-07-25,Kern,029,883053,99665,98503,11797,110300,1351
2021-07-25,Kings,031,150075,23804,23396,1164,24560,247
2021-07-25,Lake,033,64148,4246,4109,14,4123,65
2021-07-25,Lassen,035,31185,5336,5314,120,5434,21
2021-07-25,Los Angeles,037,10098052,1252111,1239596,45202,1284798,24643
2021-07-25,Madera,039,155013,17228,16947,1002,17949,245
2021-07-25,Marin,041,260295,14849,14558,290,14848,239
2021-07-25,Mariposa,043,17540,472,465,11,476,5
2021-07-25,Mendocino,045,87422,4481,4335,90,4425,49
2021-07-25,Merced,047,269075,31945,31760,1049,32809,473
2021-07-25,Modoc,049,8938,424,413,149,562,5
2021-07-25,Mono,051,14174,1289,1286,17,1303,3
2021-07-25,Monterey,053,433212,43897,43590,1971,45561,521
2021-07-25,Napa,055,140530,10424,10316,49,10365,82
2021-07-25,Nevada,057,99092,5441,5256,201,5457,72
2021-07-25,Orange,059,3164182,264847,261351,12163,273514,5142
2021-07-25,Placer,061,380077,25302,24755,1837,26592,304
2021-07-25,Plumas,063,18699,753,750,14,764,5
2021-07-25,Riverside,065,2383286,303545,298181,14664,312845,4553
2021-07-25,Sacramento,067,1510023,115326,113611,2199,115810,1704
2021-07-25,San Benito,069,59416,6250,6217,117,6334,63
2021-07-25,San Bernardino,071,2135413,301776,298982,9405,308387,5237
2021-07-25,San Diego,073,3302833,295180,290626,16913,307539,3793
2021-07-25,San Francisco,075,870044,40568,39663,1484,41147,561
2021-07-25,San Joaquin,077,732212,76806,75926,3904,79830,1440
2021-07-25,San Luis Obispo,079,281455,22174,21741,798,22539,260
2021-07-25,San Mateo,081,765935,44780,44189,571,44760,547
2021-07-25,Santa Barbara,083,443738,35713,35261,1264,36525,467
2021-07-25,Santa Clara,085,1922200,123348,121800,842,122642,2099
2021-07-25,Santa Cruz,087,273765,16719,16474,825,17299,207
2021-07-25,Shasta,089,179085,13014,12815,1734,14549,211
2021-07-25,Sierra,091,2930,70,65,12,77,0
2021-07-25,Siskiyou,093,43540,2049,1963,425,2388,31
2021-07-25,Solano,095,438530,35550,34863,704,35567,259
2021-07-25,Sonoma,097,501317,32810,32202,388,32590,328
2021-07-25,Stanislaus,099,539301,58707,58154,6281,64435,1033
2021-07-25,Sutter,101,95872,10112,9937,99,10036,115
2021-07-25,Tehama,103,63373,5253,5181,609,5790,66
2021-07-25,Trinity,105,12862,508,351,111,462,3
2021-07-25,Tulare,107,460477,51128,50221,9556,59777,854
2021-07-25,Tuolumne,109,53932,4310,4267,44,4311,64
2021-07-25,Ventura,111,848112,83983,82986,3441,86427,1041
2021-07-25,Yolo,113,214977,14916,14693,453,15146,215
2021-07-25,Yuba,115,75493,6650,6519,142,6661,51
2021-07-24,Alameda,001,1643700,95443,93170,2206,95376,1259
2021-07-24,Alpine,003,1148,88,89,0,89,0
2021-07-24,Amador,005,37829,3887,3816,34,3850,48
2021-07-24,Butte,007,227075,13316,12982,1982,14964,203
2021-07-24,Calaveras,009,45235,2316,2267,16,2283,57
2021-07-24,Colusa,011,21464,2013,1992,346,2338,16
2021-07-24,Contra Costa,013,1133247,75776,73682,1498,75180,830
2021-07-24,Del Norte,015,27424,1594,1497,14,1511,8
2021-07-24,El Dorado,017,186661,11069,10773,842,11615,116
2021-07-24,Fresno,019,978130,105532,103637,9101,112738,1736
2021-07-24,Glenn,021,27897,2480,2457,586,3043,20
2021-07-24,Humboldt,023,135768,4988,4780,70,4850,52
2021-07-24,Imperial,025,180216,29230,28996,2911,31907,742
2021-07-24,Inyo,027,18085,1438,1424,12,1436,38
2021-07-24,Kern,029,883053,99586,98261,11775,110036,1350
2021-07-24,Kings,031,150075,23773,23304,1161,24465,246
2021-07-24,Lake,033,64148,4223,3963,14,3977,64
2021-07-24,Lassen,035,31185,5335,5311,120,5431,21
2021-07-24,Los Angeles,037,10098052,1250344,1232164,45082,1277246,24623
2021-07-24,Madera,039,155013,17204,16885,1000,17885,245
2021-07-24,Marin,041,260295,14810,14454,290,14744,238
2021-07-24,Mariposa,043,17540,472,453,11,464,5
2021-07-24,Mendocino,045,87422,4456,4293,90,4383,49
2021-07-24,Merced,047,269075,31923,31661,1048,32709,473
2021-07-24,Modoc,049,8938,424,413,149,562,5
2021-07-24,Mono,051,14174,1287,1284,17,1301,3
2021-07-24,Monterey,053,433212,43872,43525,1964,45489,521
2021-07-24,Napa,055,140530,10408,10230,49,10279,81
2021-07-24,Nevada,057,99092,5409,5183,201,5384,72
2021-07-24,Orange,059,3164182,264383,259973,12151,272124,5141
2021-07-24,Placer,061,380077,25219,24530,1832,26362,303
2021-07-24,Plumas,063,18699,752,737,14,751,4
2021-07-24,Riverside,065,2383286,303077,296912,14654,311566,4552
2021-07-24,Sacramento,067,1510023,115008,112438,2195,114633,1698
2021-07-24,San Benito,069,59416,6246,6200,116,6316,63
2021-07-24,San Bernardino,071,2135413,301386,297899,9396,307295,5236
2021-07-24,San Diego,073,3302833,294714,289368,16886,306254,3788
2021-07-24,San Francisco,075,870044,40403,38954,1467,40421,561
2021-07-24,San Joaquin,077,732212,76678,75461,3893,79354,1436
2021-07-24,San Luis Obispo,079,281455,22143,21616,796,22412,260
2021-07-24,San Mateo,081,765935,44662,43880,565,44445,542
2021-07-24,Santa Barbara,083,443738,35653,35071,1260,36331,465
2021-07-24,Santa Clara,085,1922200,123136,121092,841,121933,2099
2021-07-24,Santa Cruz,087,273765,16697,16416,825,17241,207
2021-07-24,Shasta,089,179085,12986,12759,1731,14490,211
2021-07-24,Sierra,091,2930,69,64,12,76,0
2021-07-24,Siskiyou,093,43540,2049,1951,425,2376,31
2021-07-24,Solano,095,438530,35458,34499,695,35194,259
2021-07-24,Sonoma,097,501317,32686,31928,386,32314,327
2021-07-24,Stanislaus,099,539301,58615,57879,6271,64150,1030
2021-07-24,Sutter,101,95872,10085,9890,99,9989,115
2021-07-24,Tehama,103,63373,5246,5166,607,5773,65
2021-07-24,Trinity,105,12862,508,345,111,456,3
2021-07-24,Tulare,107,460477,51085,50104,9538,59642,854
2021-07-24,Tuolumne,109,53932,4284,4216,44,4260,64
2021-07-24,Ventura,111,848112,83856,82687,3424,86111,1041
2021-07-24,Yolo,113,214977,14879,14557,450,15007,214
2021-07-24,Yuba,115,75493,6631,6449,142,6591,51
2021-07-23,Alameda,001,1643700,95191,93170,2201,95371,1259
2021-07-23,Alpine,003,1148,88,89,0,89,0
2021-07-23,Amador,005,37829,3880,3816,34,3850,48
2021-07-23,Butte,007,227075,13287,12982,1974,14956,203
2021-07-23,Calaveras,009,45235,2301,2267,16,2283,57
2021-07-23,Colusa,011,21464,2012,1992,346,2338,16
2021-07-23,Contra Costa,013,1133247,75518,73682,1488,75170,830
2021-07-23,Del Norte,015,27424,1586,1497,14,1511,8
2021-07-23,El Dorado,017,186661,11040,10773,838,11611,116
2021-07-23,Fresno,019,978130,105401,103637,9091,112728,1736
2021-07-23,Glenn,021,27897,2478,2457,583,3040,20
2021-07-23,Humboldt,023,135768,4966,4780,68,4848,52
2021-07-23,Imperial,025,180216,29218,28996,2911,31907,742
2021-07-23,Inyo,027,18085,1435,1424,12,1436,38
2021-07-23,Kern,029,883053,99503,98261,11749,110010,1350
2021-07-23,Kings,031,150075,23742,23304,1158,24462,246
2021-07-23,Lake,033,64148,4193,3963,14,3977,64
2021-07-23,Lassen,035,31185,5333,5311,120,5431,21
2021-07-23,Los Angeles,037,10098052,1248420,1232164,44995,1277159,24623
2021-07-23,Madera,039,155013,17174,16885,995,17880,245
2021-07-23,Marin,041,260295,14773,14454,288,14742,238
2021-07-23,Mariposa,043,17540,469,453,11,464,5
2021-07-23,Mendocino,045,87422,4443,4293,90,4383,49
2021-07-23,Merced,047,269075,31898,31661,1048,32709,473
2021-07-23,Modoc,049,8938,424,413,149,562,5
2021-07-23,Mono,051,14174,1286,1284,17,1301,3
2021-07-23,Monterey,053,433212,43847,43525,1964,45489,521
2021-07-23,Napa,055,140530,10387,10230,49,10279,81
2021-07-23,Nevada,057,99092,5364,5183,201,5384,72
2021-07-23,Orange,059,3164182,263933,259973,12128,272101,5141
2021-07-23,Placer,061,380077,25139,24530,1816,26346,303
2021-07-23,Plumas,063,18699,750,737,14,751,4
2021-07-23,Riverside,065,2383286,302612,296912,14642,311554,4552
2021-07-23,Sacramento,067,1510023,114652,112438,2193,114631,1698
2021-07-23,San Benito,069,59416,6240,6200,116,6316,63
2021-07-23,San Bernardino,071,2135413,301008,297899,9387,307286,5236
2021-07-23,San Diego,073,3302833,294110,289368,16838,306206,3788
2021-07-23,San Francisco,075,870044,40220,38954,1454,40408,561
2021-07-23,San Joaquin,077,732212,76575,75461,3878,79339,1436
2021-07-23,San Luis Obispo,079,281455,22105,21616,796,22412,260
2021-07-23,San Mateo,081,765935,44557,43880,560,44440,542
2021-07-23,Santa Barbara,083,443738,35586,35071,1259,36330,465
2021-07-23,Santa Clara,085,1922200,122917,121092,838,121930,2099
2021-07-23,Santa Cruz,087,273765,16672,16416,825,17241,207
2021-07-23,Shasta,089,179085,12959,12759,1728,14487,211
2021-07-23,Sierra,091,2930,69,64,12,76,0
2021-07-23,Siskiyou,093,43540,2047,1951,425,2376,31
2021-07-23,Solano,095,438530,35365,34499,691,35190,259
2021-07-23,Sonoma,097,501317,32592,31928,385,32313,327
2021-07-23,Stanislaus,099,539301,58538,57879,6261,64140,1030
2021-07-23,Sutter,101,95872,10056,9890,99,9989,115
2021-07-23,Tehama,103,63373,5237,5166,607,5773,65
2021-07-23,Trinity,105,12862,507,345,110,455,3
2021-07-23,Tulare,107,460477,51039,50104,9513,59617,854
2021-07-23,Tuolumne,109,53932,4262,4216,44,4260,64
2021-07-23,Ventura,111,848112,83694,82687,3406,86093,1041
2021-07-23,Yolo,113,214977,14841,14557,443,15000,214
2021-07-23,Yuba,115,75493,6605,6449,141,6590,51
2021-07-22,Alameda,001,1643700,94845,93170,2196,95366,1259
2021-07-22,Alpine,003,1148,88,89,0,89,0
2021-07-22,Amador,005,37829,3871,3816,34,3850,48
2021-07-22,Butte,007,227075,13253,12982,1965,14947,203
2021-07-22,Calaveras,009,45235,2290,2267,16,2283,57
2021-07-22,Colusa,011,21464,2010,1992,343,2335,16
2021-07-22,Contra Costa,013,1133247,75179,73682,1484,75166,830
2021-07-22,Del Norte,015,27424,1569,1497,14,1511,8
2021-07-22,El Dorado,017,186661,11005,10773,830,11603,116
2021-07-22,Fresno,019,978130,105272,103637,9081,112718,1736
2021-07-22,Glenn,021,27897,2474,2457,583,3040,20
2021-07-22,Humboldt,023,135768,4935,4780,66,4846,52
2021-07-22,Imperial,025,180216,29188,28996,2911,31907,742
2021-07-22,Inyo,027,18085,1433,1424,12,1436,38
2021-07-22,Kern,029,883053,99387,98261,11707,109968,1350
2021-07-22,Kings,031,150075,23703,23304,1156,24460,246
2021-07-22,Lake,033,64148,4142,3963,14,3977,64
2021-07-22,Lassen,035,31185,5330,5311,120,5431,21
2021-07-22,Los Angeles,037,10098052,1246016,1232164,44838,1277002,24623
2021-07-22,Madera,039,155013,17139,16885,993,17878,245
2021-07-22,Marin,041,260295,14732,14454,287,14741,238
2021-07-22,Mariposa,043,17540,462,453,11,464,5
2021-07-22,Mendocino,045,87422,4430,4293,89,4382,49
2021-07-22,Merced,047,269075,31856,31661,1046,32707,473
2021-07-22,Modoc,049,8938,424,413,149,562,5
2021-07-22,Mono,051,14174,1285,1284,17,1301,3
2021-07-22,Monterey,053,433212,43818,43525,1958,45483,521
2021-07-22,Napa,055,140530,10369,10230,49,10279,81
2021-07-22,Nevada,057,99092,5338,5183,200,5383,72
2021-07-22,Orange,059,3164182,263379,259973,12119,272092,5141
2021-07-22,Placer,061,380077,25045,24530,1805,26335,303
2021-07-22,Plumas,063,18699,749,737,14,751,4
2021-07-22,Riverside,065,2383286,302103,296912,14621,311533,4552
2021-07-22,Sacramento,067,1510023,114214,112438,2184,114622,1698
2021-07-22,San Benito,069,59416,6232,6200,116,6316,63
2021-07-22,San Bernardino,071,2135413,300610,297899,9371,307270,5236
2021-07-22,San Diego,073,3302833,293383,289368,16778,306146,3788
2021-07-22,San Francisco,075,870044,40007,38954,1442,40396,561
2021-07-22,San Joaquin,077,732212,76432,75461,3865,79326,1436
2021-07-22,San Luis Obispo,079,281455,22068,21616,792,22408,260
2021-07-22,San Mateo,081,765935,44445,43880,555,44435,542
2021-07-22,Santa Barbara,083,443738,35521,35071,1257,36328,465
2021-07-22,Santa Clara,085,1922200,122675,121092,835,121927,2099
2021-07-22,Santa Cruz,087,273765,16635,16416,825,17241,207
2021-07-22,Shasta,089,179085,12935,12759,1724,14483,211
2021-07-22,Sierra,091,2930,67,64,12,76,0
2021-07-22,Siskiyou,093,43540,2044,1951,425,2376,31
2021-07-22,Solano,095,438530,35215,34499,684,35183,259
2021-07-22,Sonoma,097,501317,32482,31928,383,32311,327
2021-07-22,Stanislaus,099,539301,58410,57879,6249,64128,1030
2021-07-22,Sutter,101,95872,10035,9890,99,9989,115
2021-07-22,Tehama,103,63373,5231,5166,607,5773,65
2021-07-22,Trinity,105,12862,507,345,110,455,3
2021-07-22,Tulare,107,460477,50996,50104,9485,59589,854
2021-07-22,Tuolumne,109,53932,4250,4216,44,4260,64
2021-07-22,Ventura,111,848112,83560,82687,3393,86080,1041
2021-07-22,Yolo,113,214977,14803,14557,442,14999,214
2021-07-22,Yuba,115,75493,6574,6449,138,6587,51
2021-07-21,Alameda,001,1643700,94523,92840,2192,95032,1256
2021-07-21,Alpine,003,1148,88,89,0,89,0
2021-07-21,Amador,005,37829,3858,3813,34,3847,48
2021-07-21,Butte,007,227075,13212,12939,1960,14899,203
2021-07-21,Calaveras,009,45235,2285,2257,16,2273,57
2021-07-21,Colusa,011,21464,2006,1988,342,2330,16
2021-07-21,Contra Costa,013,1133247,74914,73320,1475,74795,827
2021-07-21,Del Norte,015,27424,1559,1492,14,1506,8
2021-07-21,El Dorado,017,186661,10970,10742,826,11568,116
2021-07-21,Fresno,019,978130,105124,103504,9072,112576,1736
2021-07-21,Glenn,021,27897,2472,2455,582,3037,20
2021-07-21,Humboldt,023,135768,4903,4763,64,4827,52
2021-07-21,Imperial,025,180216,29176,28964,2904,31868,742
2021-07-21,Inyo,027,18085,1433,1423,12,1435,38
2021-07-21,Kern,029,883053,99269,98152,11666,109818,1350
2021-07-21,Kings,031,150075,23675,23270,1152,24422,246
2021-07-21,Lake,033,64148,4077,3896,14,3910,64
2021-07-21,Lassen,035,31185,5327,5310,120,5430,21
2021-07-21,Los Angeles,037,10098052,1243537,1229598,44713,1274311,24609
2021-07-21,Madera,039,155013,17115,16858,990,17848,245
2021-07-21,Marin,041,260295,14682,14427,287,14714,238
2021-07-21,Mariposa,043,17540,458,449,11,460,5
2021-07-21,Mendocino,045,87422,4412,4274,89,4363,49
2021-07-21,Merced,047,269075,31817,31607,1041,32648,473
2021-07-21,Modoc,049,8938,424,413,149,562,5
2021-07-21,Mono,051,14174,1282,1282,17,1299,3
2021-07-21,Monterey,053,433212,43788,43502,1954,45456,515
2021-07-21,Napa,055,140530,10343,10209,49,10258,81
2021-07-21,Nevada,057,99092,5303,5152,200,5352,72
2021-07-21,Orange,059,3164182,262827,259615,12088,271703,5139
2021-07-21,Placer,061,380077,24936,24441,1794,26235,303
2021-07-21,Plumas,063,18699,749,736,14,750,4
2021-07-21,Riverside,065,2383286,301591,296419,14604,311023,4552
2021-07-21,Sacramento,067,1510023,113797,112043,2173,114216,1696
2021-07-21,San Benito,069,59416,6222,6196,116,6312,63
2021-07-21,San Bernardino,071,2135413,300164,297519,9363,306882,5230
2021-07-21,San Diego,073,3302833,292530,288682,16714,305396,3787
2021-07-21,San Francisco,075,870044,39783,38699,1437,40136,559
2021-07-21,San Joaquin,077,732212,76243,75288,3853,79141,1434
2021-07-21,San Luis Obispo,079,281455,22031,21579,789,22368,260
2021-07-21,San Mateo,081,765935,44352,43755,551,44306,542
2021-07-21,Santa Barbara,083,443738,35461,34998,1241,36239,465
2021-07-21,Santa Clara,085,1922200,122465,120838,833,121671,2099
2021-07-21,Santa Cruz,087,273765,16601,16407,825,17232,207
2021-07-21,Shasta,089,179085,12902,12751,1721,14472,211
2021-07-21,Sierra,091,2930,67,64,12,76,0
2021-07-21,Siskiyou,093,43540,2042,1943,423,2366,31
2021-07-21,Solano,095,438530,35058,34374,679,35053,258
2021-07-21,Sonoma,097,501317,32366,31789,383,32172,327
2021-07-21,Stanislaus,099,539301,58308,57774,6240,64014,1028
2021-07-21,Sutter,101,95872,10011,9862,99,9961,113
2021-07-21,Tehama,103,63373,5227,5161,607,5768,65
2021-07-21,Trinity,105,12862,505,345,109,454,3
2021-07-21,Tulare,107,460477,50937,50066,9459,59525,854
2021-07-21,Tuolumne,109,53932,4212,4156,44,4200,64
2021-07-21,Ventura,111,848112,83438,82573,3381,85954,1041
2021-07-21,Yolo,113,214977,14760,14525,441,14966,213
2021-07-21,Yuba,115,75493,6546,6425,138,6563,52
2021-07-20,Alameda,001,1643700,94147,92625,2178,94803,1256
2021-07-20,Alpine,003,1148,88,89,0,89,0
2021-07-20,Amador,005,37829,3847,3807,34,3841,48
2021-07-20,Butte,007,227075,13175,12916,1955,14871,203
2021-07-20,Calaveras,009,45235,2280,2249,16,2265,57
2021-07-20,Colusa,011,21464,2006,1985,342,2327,16
2021-07-20,Contra Costa,013,1133247,74629,73143,1457,74600,825
2021-07-20,Del Norte,015,27424,1549,1490,14,1504,8
2021-07-20,El Dorado,017,186661,10930,10727,822,11549,116
2021-07-20,Fresno,019,978130,104988,103438,9053,112491,1736
2021-07-20,Glenn,021,27897,2472,2453,582,3035,20
2021-07-20,Humboldt,023,135768,4858,4735,62,4797,52
2021-07-20,Imperial,025,180216,29156,28933,2904,31837,742
2021-07-20,Inyo,027,18085,1429,1420,12,1432,36
2021-07-20,Kern,029,883053,99159,98082,11639,109721,1350
2021-07-20,Kings,031,150075,23634,23254,1148,24402,246
2021-07-20,Lake,033,64148,4052,3871,14,3885,64
2021-07-20,Lassen,035,31185,5327,5306,120,5426,21
2021-07-20,Los Angeles,037,10098052,1240760,1227404,44556,1271960,24603
2021-07-20,Madera,039,155013,17094,16856,986,17842,245
2021-07-20,Marin,041,260295,14647,14396,284,14680,234
2021-07-20,Mariposa,043,17540,456,448,11,459,5
2021-07-20,Mendocino,045,87422,4395,4259,89,4348,49
2021-07-20,Merced,047,269075,31778,31578,1034,32612,473
2021-07-20,Modoc,049,8938,424,413,149,562,5
2021-07-20,Mono,051,14174,1278,1281,17,1298,3
2021-07-20,Monterey,053,433212,43757,43481,1951,45432,515
2021-07-20,Napa,055,140530,10320,10191,49,10240,81
2021-07-20,Nevada,057,99092,5284,5148,199,5347,72
2021-07-20,Orange,059,3164182,262270,259303,12056,271359,5139
2021-07-20,Placer,061,380077,24844,24408,1770,26178,303
2021-07-20,Plumas,063,18699,747,736,14,750,4
2021-07-20,Riverside,065,2383286,301056,296118,14590,310708,4543
2021-07-20,Sacramento,067,1510023,113358,111796,2143,113939,1695
2021-07-20,San Benito,069,59416,6215,6196,116,6312,63
2021-07-20,San Bernardino,071,2135413,299753,297222,9338,306560,5231
2021-07-20,San Diego,073,3302833,291609,288209,16618,304827,3786
2021-07-20,San Francisco,075,870044,39526,38536,1426,39962,558
2021-07-20,San Joaquin,077,732212,76071,75198,3840,79038,1433
2021-07-20,San Luis Obispo,079,281455,21985,21556,788,22344,259
2021-07-20,San Mateo,081,765935,44235,43670,550,44220,542
2021-07-20,Santa Barbara,083,443738,35390,34935,1235,36170,462
2021-07-20,Santa Clara,085,1922200,122208,120704,831,121535,2098
2021-07-20,Santa Cruz,087,273765,16572,16399,825,17224,207
2021-07-20,Shasta,089,179085,12876,12734,1717,14451,211
2021-07-20,Sierra,091,2930,67,64,12,76,0
2021-07-20,Siskiyou,093,43540,2038,1931,422,2353,31
2021-07-20,Solano,095,438530,34925,34337,672,35009,258
2021-07-20,Sonoma,097,501317,32247,31763,382,32145,326
2021-07-20,Stanislaus,099,539301,58193,57706,6234,63940,1028
2021-07-20,Sutter,101,95872,9984,9854,96,9950,114
2021-07-20,Tehama,103,63373,5225,5153,607,5760,65
2021-07-20,Trinity,105,12862,503,344,108,452,3
2021-07-20,Tulare,107,460477,50895,50047,9442,59489,854
2021-07-20,Tuolumne,109,53932,4193,4156,44,4200,64
2021-07-20,Ventura,111,848112,83285,82504,3364,85868,1041
2021-07-20,Yolo,113,214977,14697,14495,438,14933,213
2021-07-20,Yuba,115,75493,6521,6393,135,6528,52
2021-07-19,Alameda,001,1643700,93774,92357,2162,94519,1256
2021-07-19,Alpine,003,1148,88,89,0,89,0
2021-07-19,Amador,005,37829,3843,3802,34,3836,48
2021-07-19,Butte,007,227075,13132,12901,1949,14850,202
2021-07-19,Calaveras,009,45235,2274,2245,16,2261,57
2021-07-19,Colusa,011,21464,2004,1981,341,2322,16
2021-07-19,Contra Costa,013,1133247,74317,72935,1437,74372,825
2021-07-19,Del Norte,015,27424,1536,1484,14,1498,8
2021-07-19,El Dorado,017,186661,10900,10703,814,11517,114
2021-07-19,Fresno,019,978130,104858,103350,9040,112390,1731
2021-07-19,Glenn,021,27897,2472,2452,581,3033,20
2021-07-19,Humboldt,023,135768,4828,4719,60,4779,52
2021-07-19,Imperial,025,180216,29129,28888,2903,31791,742
2021-07-19,Inyo,027,18085,1428,1417,12,1429,36
2021-07-19,Kern,029,883053,99047,97999,11604,109603,1349
2021-07-19,Kings,031,150075,23604,23221,1142,24363,246
2021-07-19,Lake,033,64148,4016,3848,14,3862,64
2021-07-19,Lassen,035,31185,5326,5305,120,5425,21
2021-07-19,Los Angeles,037,10098052,1238171,1225946,44368,1270314,24600
2021-07-19,Madera,039,155013,17071,16846,983,17829,244
2021-07-19,Marin,041,260295,14612,14369,281,14650,234
2021-07-19,Mariposa,043,17540,450,447,11,458,5
2021-07-19,Mendocino,045,87422,4377,4251,89,4340,49
2021-07-19,Merced,047,269075,31714,31565,1027,32592,472
2021-07-19,Modoc,049,8938,423,413,149,562,5
2021-07-19,Mono,051,14174,1276,1280,17,1297,3
2021-07-19,Monterey,053,433212,43733,43436,1950,45386,515
2021-07-19,Napa,055,140530,10295,10180,47,10227,81
2021-07-19,Nevada,057,99092,5256,5133,198,5331,72
2021-07-19,Orange,059,3164182,261747,258927,12024,270951,5138
2021-07-19,Placer,061,380077,24746,24359,1748,26107,303
2021-07-19,Plumas,063,18699,747,730,14,744,4
2021-07-19,Riverside,065,2383286,300566,295736,14552,310288,4543
2021-07-19,Sacramento,067,1510023,112995,111470,2119,113589,1696
2021-07-19,San Benito,069,59416,6212,6193,116,6309,63
2021-07-19,San Bernardino,071,2135413,299381,296929,9320,306249,5235
2021-07-19,San Diego,073,3302833,290721,287695,16515,304210,3786
2021-07-19,San Francisco,075,870044,39257,38463,1413,39876,560
2021-07-19,San Joaquin,077,732212,75906,75086,3834,78920,1431
2021-07-19,San Luis Obispo,079,281455,21940,21531,784,22315,259
2021-07-19,San Mateo,081,765935,44090,43563,541,44104,542
2021-07-19,Santa Barbara,083,443738,35316,34904,1233,36137,461
2021-07-19,Santa Clara,085,1922200,121950,120554,830,121384,2098
2021-07-19,Santa Cruz,087,273765,16556,16387,825,17212,207
2021-07-19,Shasta,089,179085,12858,12723,1715,14438,209
2021-07-19,Sierra,091,2930,66,64,12,76,0
2021-07-19,Siskiyou,093,43540,2033,1927,420,2347,31
2021-07-19,Solano,095,438530,34752,34262,661,34923,261
2021-07-19,Sonoma,097,501317,32126,31713,381,32094,325
2021-07-19,Stanislaus,099,539301,58092,57644,6224,63868,1027
2021-07-19,Sutter,101,95872,9968,9834,96,9930,114
2021-07-19,Tehama,103,63373,5219,5152,605,5757,65
2021-07-19,Trinity,105,12862,503,344,107,451,3
2021-07-19,Tulare,107,460477,50850,49994,9424,59418,855
2021-07-19,Tuolumne,109,53932,4183,4151,44,4195,64
2021-07-19,Ventura,111,848112,83189,82409,3342,85751,1041
2021-07-19,Yolo,113,214977,14666,14439,436,14875,213
2021-07-19,Yuba,115,75493,6497,6370,135,6505,52
2021-07-18,Alameda,001,1643700,93419,92162,2149,94311,1256
2021-07-18,Alpine,003,1148,88,89,0,89,0
2021-07-18,Amador,005,37829,3832,3799,34,3833,48
2021-07-18,Butte,007,227075,13089,12888,1944,14832,202
2021-07-18,Calaveras,009,45235,2271,2243,16,2259,57
2021-07-18,Colusa,011,21464,2004,1981,340,2321,16
2021-07-18,Contra Costa,013,1133247,74003,72849,1419,74268,825
2021-07-18,Del Norte,015,27424,1527,1482,14,1496,8
2021-07-18,El Dorado,017,186661,10862,10687,806,11493,114
2021-07-18,Fresno,019,978130,104704,103298,9022,112320,1731
2021-07-18,Glenn,021,27897,2471,2452,580,3032,20
2021-07-18,Humboldt,023,135768,4792,4714,60,4774,52
2021-07-18,Imperial,025,180216,29092,28877,2902,31779,742
2021-07-18,Inyo,027,18085,1424,1417,12,1429,36
2021-07-18,Kern,029,883053,98921,97963,11562,109525,1349
2021-07-18,Kings,031,150075,23583,23203,1138,24341,246
2021-07-18,Lake,033,64148,3980,3825,14,3839,64
2021-07-18,Lassen,035,31185,5326,5305,120,5425,21
2021-07-18,Los Angeles,037,10098052,1235497,1224691,44192,1268883,24598
2021-07-18,Madera,039,155013,17046,16838,979,17817,244
2021-07-18,Marin,041,260295,14576,14358,279,14637,234
2021-07-18,Mariposa,043,17540,449,447,11,458,5
2021-07-18,Mendocino,045,87422,4356,4246,89,4335,49
2021-07-18,Merced,047,269075,31683,31537,1025,32562,471
2021-07-18,Modoc,049,8938,423,413,149,562,5
2021-07-18,Mono,051,14174,1275,1280,17,1297,3
2021-07-18,Monterey,053,433212,43715,43422,1941,45363,515
2021-07-18,Napa,055,140530,10278,10174,44,10218,81
2021-07-18,Nevada,057,99092,5230,5124,198,5322,72
2021-07-18,Orange,059,3164182,261262,258724,11994,270718,5138
2021-07-18,Placer,061,380077,24679,24313,1721,26034,303
2021-07-18,Plumas,063,18699,747,730,14,744,4
2021-07-18,Riverside,065,2383286,300074,295522,14510,310032,4543
2021-07-18,Sacramento,067,1510023,112564,111255,2087,113342,1696
2021-07-18,San Benito,069,59416,6204,6191,116,6307,63
2021-07-18,San Bernardino,071,2135413,298907,296739,9305,306044,5233
2021-07-18,San Diego,073,3302833,289905,286287,16432,302719,3786
2021-07-18,San Francisco,075,870044,39025,38367,1402,39769,560
2021-07-18,San Joaquin,077,732212,75729,74997,3821,78818,1431
2021-07-18,San Luis Obispo,079,281455,21905,21527,781,22308,259
2021-07-18,San Mateo,081,765935,43976,43506,535,44041,542
2021-07-18,Santa Barbara,083,443738,35251,34880,1231,36111,461
2021-07-18,Santa Clara,085,1922200,121736,120438,823,121261,2098
2021-07-18,Santa Cruz,087,273765,16524,16372,824,17196,207
2021-07-18,Shasta,089,179085,12833,12714,1711,14425,209
2021-07-18,Sierra,091,2930,66,64,12,76,0
2021-07-18,Siskiyou,093,43540,2027,1927,415,2342,31
2021-07-18,Solano,095,438530,34625,34215,657,34872,261
2021-07-18,Sonoma,097,501317,32021,31675,380,32055,325
2021-07-18,Stanislaus,099,539301,57981,57600,6199,63799,1028
2021-07-18,Sutter,101,95872,9936,9826,96,9922,114
2021-07-18,Tehama,103,63373,5216,5150,604,5754,65
2021-07-18,Trinity,105,12862,503,344,107,451,3
2021-07-18,Tulare,107,460477,50797,49985,9401,59386,855
2021-07-18,Tuolumne,109,53932,4165,4149,44,4193,64
2021-07-18,Ventura,111,848112,83075,82361,3318,85679,1041
2021-07-18,Yolo,113,214977,14608,14425,430,14855,213
2021-07-18,Yuba,115,75493,6456,6357,135,6492,52
2021-07-17,Alameda,001,1643700,93200,91346,2137,93483,1255
2021-07-17,Alpine,003,1148,88,89,0,89,0
2021-07-17,Amador,005,37829,3823,3785,34,3819,48
2021-07-17,Butte,007,227075,13075,12824,1939,14763,202
2021-07-17,Calaveras,009,45235,2264,2237,16,2253,57
2021-07-17,Colusa,011,21464,2001,1976,340,2316,16
2021-07-17,Contra Costa,013,1133247,73821,72254,1406,73660,824
2021-07-17,Del Norte,015,27424,1519,1475,14,1489,8
2021-07-17,El Dorado,017,186661,10835,10622,802,11424,114
2021-07-17,Fresno,019,978130,104632,103055,9009,112064,1730
2021-07-17,Glenn,021,27897,2470,2451,580,3031,20
2021-07-17,Humboldt,023,135768,4779,4654,59,4713,52
2021-07-17,Imperial,025,180216,29076,28840,2902,31742,742
2021-07-17,Inyo,027,18085,1424,1416,12,1428,36
2021-07-17,Kern,029,883053,98864,97796,11525,109321,1348
2021-07-17,Kings,031,150075,23563,23163,1137,24300,246
2021-07-17,Lake,033,64148,3955,3760,14,3774,64
2021-07-17,Lassen,035,31185,5326,5302,120,5422,21
2021-07-17,Los Angeles,037,10098052,1233986,1219733,44048,1263781,24582
2021-07-17,Madera,039,155013,17038,16804,979,17783,240
2021-07-17,Marin,041,260295,14558,14297,277,14574,234
2021-07-17,Mariposa,043,17540,449,445,11,456,5
2021-07-17,Mendocino,045,87422,4344,4209,89,4298,49
2021-07-17,Merced,047,269075,31662,31451,1021,32472,471
2021-07-17,Modoc,049,8938,423,412,149,561,5
2021-07-17,Mono,051,14174,1273,1277,17,1294,3
2021-07-17,Monterey,053,433212,43692,43367,1936,45303,515
2021-07-17,Napa,055,140530,10262,10129,44,10173,81
2021-07-17,Nevada,057,99092,5215,5066,198,5264,72
2021-07-17,Orange,059,3164182,260955,257805,11955,269760,5136
2021-07-17,Placer,061,380077,24612,24169,1707,25876,303
2021-07-17,Plumas,063,18699,742,721,14,735,4
2021-07-17,Riverside,065,2383286,299767,294751,14478,309229,4542
2021-07-17,Sacramento,067,1510023,112328,110432,2065,112497,1694
2021-07-17,San Benito,069,59416,6198,6181,116,6297,63
2021-07-17,San Bernardino,071,2135413,298673,296048,9286,305334,5218
2021-07-17,San Diego,073,3302833,289497,285698,16365,302063,3786
2021-07-17,San Francisco,075,870044,38903,37978,1398,39376,560
2021-07-17,San Joaquin,077,732212,75642,74695,3815,78510,1430
2021-07-17,San Luis Obispo,079,281455,21878,21462,781,22243,258
2021-07-17,San Mateo,081,765935,43905,43324,534,43858,542
2021-07-17,Santa Barbara,083,443738,35209,34769,1228,35997,461
2021-07-17,Santa Clara,085,1922200,121564,119980,820,120800,2097
2021-07-17,Santa Cruz,087,273765,16517,16337,824,17161,207
2021-07-17,Shasta,089,179085,12818,12683,1706,14389,210
2021-07-17,Sierra,091,2930,66,62,12,74,0
2021-07-17,Siskiyou,093,43540,2022,1922,412,2334,29
2021-07-17,Solano,095,438530,34560,34015,649,34664,263
2021-07-17,Sonoma,097,501317,31953,31536,379,31915,322
2021-07-17,Stanislaus,099,539301,57904,57400,6185,63585,1028
2021-07-17,Sutter,101,95872,9926,9778,96,9874,114
2021-07-17,Tehama,103,63373,5213,5145,604,5749,64
2021-07-17,Trinity,105,12862,502,341,107,448,3
2021-07-17,Tulare,107,460477,50776,49937,9389,59326,854
2021-07-17,Tuolumne,109,53932,4155,4131,44,4175,64
2021-07-17,Ventura,111,848112,83007,82125,3307,85432,1041
2021-07-17,Yolo,113,214977,14577,14356,423,14779,213
2021-07-17,Yuba,115,75493,6445,6309,135,6444,52
2021-07-16,Alameda,001,1643700,92958,91346,2125,93471,1255
2021-07-16,Alpine,003,1148,88,89,0,89,0
2021-07-16,Amador,005,37829,3820,3785,34,3819,48
2021-07-16,Butte,007,227075,13050,12824,1936,14760,202
2021-07-16,Calaveras,009,45235,2263,2237,16,2253,57
2021-07-16,Colusa,011,21464,1999,1976,339,2315,16
2021-07-16,Contra Costa,013,1133247,73633,72254,1402,73656,824
2021-07-16,Del Norte,015,27424,1517,1475,14,1489,8
2021-07-16,El Dorado,017,186661,10816,10622,801,11423,114
2021-07-16,Fresno,019,978130,104580,103055,8990,112045,1730
2021-07-16,Glenn,021,27897,2470,2451,580,3031,20
2021-07-16,Humboldt,023,135768,4757,4654,59,4713,52
2021-07-16,Imperial,025,180216,29064,28840,2902,31742,742
2021-07-16,Inyo,027,18085,1422,1416,12,1428,36
2021-07-16,Kern,029,883053,98802,97796,11486,109282,1348
2021-07-16,Kings,031,150075,23538,23163,1135,24298,246
2021-07-16,Lake,033,64148,3928,3760,14,3774,64
2021-07-16,Lassen,035,31185,5325,5302,120,5422,21
2021-07-16,Los Angeles,037,10098052,1232490,1219733,43905,1263638,24582
2021-07-16,Madera,039,155013,17020,16804,979,17783,240
2021-07-16,Marin,041,260295,14534,14297,274,14571,234
2021-07-16,Mariposa,043,17540,449,445,11,456,5
2021-07-16,Mendocino,045,87422,4335,4209,88,4297,49
2021-07-16,Merced,047,269075,31640,31451,1019,32470,471
2021-07-16,Modoc,049,8938,423,412,149,561,5
2021-07-16,Mono,051,14174,1272,1277,17,1294,3
2021-07-16,Monterey,053,433212,43670,43367,1935,45302,515
2021-07-16,Napa,055,140530,10238,10129,43,10172,81
2021-07-16,Nevada,057,99092,5205,5066,198,5264,72
2021-07-16,Orange,059,3164182,260683,257805,11915,269720,5136
2021-07-16,Placer,061,380077,24559,24169,1702,25871,303
2021-07-16,Plumas,063,18699,741,721,14,735,4
2021-07-16,Riverside,065,2383286,299491,294751,14452,309203,4542
2021-07-16,Sacramento,067,1510023,112111,110432,2052,112484,1694
2021-07-16,San Benito,069,59416,6196,6181,116,6297,63
2021-07-16,San Bernardino,071,2135413,298395,296048,9269,305317,5218
2021-07-16,San Diego,073,3302833,289054,285698,16318,302016,3786
2021-07-16,San Francisco,075,870044,38786,37978,1393,39371,560
2021-07-16,San Joaquin,077,732212,75547,74695,3812,78507,1430
2021-07-16,San Luis Obispo,079,281455,21861,21462,781,22243,258
2021-07-16,San Mateo,081,765935,43852,43324,533,43857,542
2021-07-16,Santa Barbara,083,443738,35171,34769,1228,35997,461
2021-07-16,Santa Clara,085,1922200,121417,119980,812,120792,2097
2021-07-16,Santa Cruz,087,273765,16504,16337,824,17161,207
2021-07-16,Shasta,089,179085,12808,12683,1705,14388,210
2021-07-16,Sierra,091,2930,66,62,12,74,0
2021-07-16,Siskiyou,093,43540,2020,1922,410,2332,29
2021-07-16,Solano,095,438530,34493,34015,641,34656,263
2021-07-16,Sonoma,097,501317,31901,31536,376,31912,322
2021-07-16,Stanislaus,099,539301,57855,57400,6174,63574,1028
2021-07-16,Sutter,101,95872,9914,9778,96,9874,114
2021-07-16,Tehama,103,63373,5211,5145,604,5749,64
2021-07-16,Trinity,105,12862,502,341,106,447,3
2021-07-16,Tulare,107,460477,50752,49937,9379,59316,854
2021-07-16,Tuolumne,109,53932,4149,4131,44,4175,64
2021-07-16,Ventura,111,848112,82942,82125,3300,85425,1041
2021-07-16,Yolo,113,214977,14551,14356,419,14775,213
2021-07-16,Yuba,115,75493,6423,6309,134,6443,52
2021-07-15,Alameda,001,1643700,92662,91346,2115,93461,1255
2021-07-15,Alpine,003,1148,88,89,0,89,0
2021-07-15,Amador,005,37829,3817,3785,34,3819,48
2021-07-15,Butte,007,227075,13024,12824,1934,14758,202
2021-07-15,Calaveras,009,45235,2260,2237,16,2253,57
2021-07-15,Colusa,011,21464,1998,1976,338,2314,16
2021-07-15,Contra Costa,013,1133247,73420,72254,1395,73649,824
2021-07-15,Del Norte,015,27424,1514,1475,14,1489,8
2021-07-15,El Dorado,017,186661,10789,10622,799,11421,114
2021-07-15,Fresno,019,978130,104483,103055,8970,112025,1730
2021-07-15,Glenn,021,27897,2470,2451,580,3031,20
2021-07-15,Humboldt,023,135768,4739,4654,58,4712,52
2021-07-15,Imperial,025,180216,29041,28840,2901,31741,742
2021-07-15,Inyo,027,18085,1422,1416,12,1428,36
2021-07-15,Kern,029,883053,98732,97796,11458,109254,1348
2021-07-15,Kings,031,150075,23500,23163,1132,24295,246
2021-07-15,Lake,033,64148,3889,3760,14,3774,64
2021-07-15,Lassen,035,31185,5324,5302,120,5422,21
2021-07-15,Los Angeles,037,10098052,1230518,1219733,43745,1263478,24582
2021-07-15,Madera,039,155013,16998,16804,975,17779,240
2021-07-15,Marin,041,260295,14509,14297,274,14571,234
2021-07-15,Mariposa,043,17540,449,445,11,456,5
2021-07-15,Mendocino,045,87422,4327,4209,87,4296,49
2021-07-15,Merced,047,269075,31610,31451,1019,32470,471
2021-07-15,Modoc,049,8938,423,412,149,561,5
2021-07-15,Mono,051,14174,1272,1277,17,1294,3
2021-07-15,Monterey,053,433212,43641,43367,1932,45299,515
2021-07-15,Napa,055,140530,10213,10129,42,10171,81
2021-07-15,Nevada,057,99092,5188,5066,197,5263,72
2021-07-15,Orange,059,3164182,260332,257805,11884,269689,5136
2021-07-15,Placer,061,380077,24500,24169,1685,25854,303
2021-07-15,Plumas,063,18699,740,721,14,735,4
2021-07-15,Riverside,065,2383286,299169,294751,14437,309188,4542
2021-07-15,Sacramento,067,1510023,111807,110432,2035,112467,1694
2021-07-15,San Benito,069,59416,6194,6181,116,6297,63
2021-07-15,San Bernardino,071,2135413,298090,296048,9254,305302,5218
2021-07-15,San Diego,073,3302833,288418,285698,16241,301939,3786
2021-07-15,San Francisco,075,870044,38634,37978,1385,39363,560
2021-07-15,San Joaquin,077,732212,75430,74695,3807,78502,1430
2021-07-15,San Luis Obispo,079,281455,21829,21462,781,22243,258
2021-07-15,San Mateo,081,765935,43748,43324,528,43852,542
2021-07-15,Santa Barbara,083,443738,35117,34769,1227,35996,461
2021-07-15,Santa Clara,085,1922200,121295,119980,809,120789,2097
2021-07-15,Santa Cruz,087,273765,16491,16337,824,17161,207
2021-07-15,Shasta,089,179085,12800,12683,1701,14384,210
2021-07-15,Sierra,091,2930,66,62,12,74,0
2021-07-15,Siskiyou,093,43540,2019,1922,410,2332,29
2021-07-15,Solano,095,438530,34418,34015,635,34650,263
2021-07-15,Sonoma,097,501317,31840,31536,376,31912,322
2021-07-15,Stanislaus,099,539301,57787,57400,6161,63561,1028
2021-07-15,Sutter,101,95872,9894,9778,95,9873,114
2021-07-15,Tehama,103,63373,5205,5145,603,5748,64
2021-07-15,Trinity,105,12862,502,341,106,447,3
2021-07-15,Tulare,107,460477,50732,49937,9362,59299,854
2021-07-15,Tuolumne,109,53932,4137,4131,44,4175,64
2021-07-15,Ventura,111,848112,82865,82125,3295,85420,1041
2021-07-15,Yolo,113,214977,14524,14356,418,14774,213
2021-07-15,Yuba,115,75493,6408,6309,133,6442,52
2021-07-14,Alameda,001,1643700,92402,91092,2096,93188,1255
2021-07-14,Alpine,003,1148,88,89,0,89,0
2021-07-14,Amador,005,37829,3809,3784,34,3818,48
2021-07-14,Butte,007,227075,12997,12813,1927,14740,202
2021-07-14,Calaveras,009,45235,2253,2234,16,2250,57
2021-07-14,Colusa,011,21464,1995,1974,338,2312,16
2021-07-14,Contra Costa,013,1133247,73195,72091,1382,73473,823
2021-07-14,Del Norte,015,27424,1513,1472,14,1486,8
2021-07-14,El Dorado,017,186661,10763,10598,796,11394,114
2021-07-14,Fresno,019,978130,104403,102966,8959,111925,1728
2021-07-14,Glenn,021,27897,2470,2449,580,3029,20
2021-07-14,Humboldt,023,135768,4716,4644,56,4700,52
2021-07-14,Imperial,025,180216,29012,28822,2901,31723,742
2021-07-14,Inyo,027,18085,1421,1415,12,1427,36
2021-07-14,Kern,029,883053,98668,97736,11433,109169,1346
2021-07-14,Kings,031,150075,23487,23142,1132,24274,246
2021-07-14,Lake,033,64148,3856,3739,14,3753,63
2021-07-14,Lassen,035,31185,5323,5298,120,5418,21
2021-07-14,Los Angeles,037,10098052,1228513,1218265,43599,1261864,24578
2021-07-14,Madera,039,155013,16986,16786,973,17759,240
2021-07-14,Marin,041,260295,14475,14269,272,14541,233
2021-07-14,Mariposa,043,17540,447,445,11,456,5
2021-07-14,Mendocino,045,87422,4314,4193,87,4280,49
2021-07-14,Merced,047,269075,31573,31412,1015,32427,471
2021-07-14,Modoc,049,8938,423,412,149,561,4
2021-07-14,Mono,051,14174,1272,1278,17,1295,3
2021-07-14,Monterey,053,433212,43617,43347,1930,45277,504
2021-07-14,Napa,055,140530,10191,10121,42,10163,81
2021-07-14,Nevada,057,99092,5168,5058,197,5255,72
2021-07-14,Orange,059,3164182,260015,257558,11855,269413,5137
2021-07-14,Placer,061,380077,24447,24125,1673,25798,303
2021-07-14,Plumas,063,18699,733,719,14,733,4
2021-07-14,Riverside,065,2383286,298844,294511,14421,308932,4542
2021-07-14,Sacramento,067,1510023,111480,110193,2011,112204,1688
2021-07-14,San Benito,069,59416,6191,6177,116,6293,63
2021-07-14,San Bernardino,071,2135413,297787,295820,9239,305059,5193
2021-07-14,San Diego,073,3302833,287845,285269,16162,301431,3786
2021-07-14,San Francisco,075,870044,38495,37836,1379,39215,559
2021-07-14,San Joaquin,077,732212,75338,74599,3798,78397,1416
2021-07-14,San Luis Obispo,079,281455,21807,21444,779,22223,258
2021-07-14,San Mateo,081,765935,43651,43249,524,43773,542
2021-07-14,Santa Barbara,083,443738,35077,34719,1225,35944,461
2021-07-14,Santa Clara,085,1922200,121145,119844,806,120650,2098
2021-07-14,Santa Cruz,087,273765,16477,16326,824,17150,207
2021-07-14,Shasta,089,179085,12780,12669,1698,14367,209
2021-07-14,Sierra,091,2930,66,62,12,74,0
2021-07-14,Siskiyou,093,43540,2012,1922,407,2329,29
2021-07-14,Solano,095,438530,34345,33948,635,34583,268
2021-07-14,Sonoma,097,501317,31788,31470,376,31846,322
2021-07-14,Stanislaus,099,539301,57712,57340,6149,63489,1028
2021-07-14,Sutter,101,95872,9871,9766,95,9861,114
2021-07-14,Tehama,103,63373,5203,5142,603,5745,64
2021-07-14,Trinity,105,12862,502,341,106,447,3
2021-07-14,Tulare,107,460477,50715,49908,9348,59256,853
2021-07-14,Tuolumne,109,53932,4134,4128,43,4171,64
2021-07-14,Ventura,111,848112,82771,82041,3284,85325,1040
2021-07-14,Yolo,113,214977,14491,14332,415,14747,213
2021-07-14,Yuba,115,75493,6390,6294,133,6427,52
2021-07-13,Alameda,001,1643700,92138,90874,2086,92960,1255
2021-07-13,Alpine,003,1148,88,89,0,89,0
2021-07-13,Amador,005,37829,3802,3783,34,3817,48
2021-07-13,Butte,007,227075,12983,12802,1926,14728,202
2021-07-13,Calaveras,009,45235,2249,2230,16,2246,57
2021-07-13,Colusa,011,21464,1993,1972,334,2306,16
2021-07-13,Contra Costa,013,1133247,72969,71963,1373,73336,823
2021-07-13,Del Norte,015,27424,1509,1471,14,1485,8
2021-07-13,El Dorado,017,186661,10745,10581,793,11374,114
2021-07-13,Fresno,019,978130,104327,102909,8949,111858,1727
2021-07-13,Glenn,021,27897,2468,2448,580,3028,20
2021-07-13,Humboldt,023,135768,4701,4634,56,4690,51
2021-07-13,Imperial,025,180216,29001,28792,2900,31692,741
2021-07-13,Inyo,027,18085,1420,1415,12,1427,36
2021-07-13,Kern,029,883053,98579,97698,11394,109092,1346
2021-07-13,Kings,031,150075,23469,23132,1132,24264,246
2021-07-13,Lake,033,64148,3829,3719,13,3732,63
2021-07-13,Lassen,035,31185,5321,5292,120,5412,21
2021-07-13,Los Angeles,037,10098052,1226671,1217184,43426,1260610,24569
2021-07-13,Madera,039,155013,16976,16773,969,17742,240
2021-07-13,Marin,041,260295,14446,14254,271,14525,233
2021-07-13,Mariposa,043,17540,446,443,11,454,5
2021-07-13,Mendocino,045,87422,4307,4185,87,4272,49
2021-07-13,Merced,047,269075,31552,31379,1012,32391,471
2021-07-13,Modoc,049,8938,423,411,149,560,4
2021-07-13,Mono,051,14174,1271,1277,17,1294,3
2021-07-13,Monterey,053,433212,43599,43333,1926,45259,504
2021-07-13,Napa,055,140530,10170,10118,42,10160,81
2021-07-13,Nevada,057,99092,5143,5053,197,5250,72
2021-07-13,Orange,059,3164182,259685,257339,11826,269165,5136
2021-07-13,Placer,061,380077,24401,24091,1660,25751,303
2021-07-13,Plumas,063,18699,732,716,14,730,4
2021-07-13,Riverside,065,2383286,298521,294302,14395,308697,4541
2021-07-13,Sacramento,067,1510023,111170,109990,1988,111978,1687
2021-07-13,San Benito,069,59416,6189,6173,116,6289,63
2021-07-13,San Bernardino,071,2135413,297511,295596,9217,304813,5183
2021-07-13,San Diego,073,3302833,287301,284997,16083,301080,3785
2021-07-13,San Francisco,075,870044,38351,37725,1373,39098,559
2021-07-13,San Joaquin,077,732212,75222,74500,3795,78295,1417
2021-07-13,San Luis Obispo,079,281455,21781,21423,776,22199,258
2021-07-13,San Mateo,081,765935,43583,43180,523,43703,542
2021-07-13,Santa Barbara,083,443738,35028,34679,1222,35901,461
2021-07-13,Santa Clara,085,1922200,120991,119727,802,120529,2098
2021-07-13,Santa Cruz,087,273765,16468,16315,822,17137,207
2021-07-13,Shasta,089,179085,12767,12659,1691,14350,209
2021-07-13,Sierra,091,2930,66,62,12,74,0
2021-07-13,Siskiyou,093,43540,2011,1916,405,2321,29
2021-07-13,Solano,095,438530,34281,33918,629,34547,268
2021-07-13,Sonoma,097,501317,31729,31431,376,31807,322
2021-07-13,Stanislaus,099,539301,57643,57282,6135,63417,1028
2021-07-13,Sutter,101,95872,9853,9752,94,9846,114
2021-07-13,Tehama,103,63373,5196,5144,603,5747,64
2021-07-13,Trinity,105,12862,502,341,105,446,3
2021-07-13,Tulare,107,460477,50690,49891,9332,59223,853
2021-07-13,Tuolumne,109,53932,4126,4122,42,4164,64
2021-07-13,Ventura,111,848112,82687,81982,3259,85241,1040
2021-07-13,Yolo,113,214977,14463,14320,408,14728,213
2021-07-13,Yuba,115,75493,6373,6279,133,6412,52
2021-07-12,Alameda,001,1643700,91879,90720,2077,92797,1254
2021-07-12,Alpine,003,1148,88,89,0,89,0
2021-07-12,Amador,005,37829,3795,3781,34,3815,47
2021-07-12,Butte,007,227075,12963,12796,1924,14720,202
2021-07-12,Calaveras,009,45235,2247,2228,16,2244,57
2021-07-12,Colusa,011,21464,1989,1971,333,2304,16
2021-07-12,Contra Costa,013,1133247,72767,71833,1368,73201,823
2021-07-12,Del Norte,015,27424,1506,1469,14,1483,8
2021-07-12,El Dorado,017,186661,10717,10569,791,11360,114
2021-07-12,Fresno,019,978130,104233,102853,8936,111789,1728
2021-07-12,Glenn,021,27897,2468,2446,580,3026,20
2021-07-12,Humboldt,023,135768,4685,4621,56,4677,51
2021-07-12,Imperial,025,180216,28971,28789,2900,31689,741
2021-07-12,Inyo,027,18085,1420,1415,12,1427,36
2021-07-12,Kern,029,883053,98510,97660,11369,109029,1346
2021-07-12,Kings,031,150075,23449,23124,1130,24254,246
2021-07-12,Lake,033,64148,3808,3706,13,3719,63
2021-07-12,Lassen,035,31185,5320,5292,120,5412,21
2021-07-12,Los Angeles,037,10098052,1224888,1216230,43287,1259517,24559
2021-07-12,Madera,039,155013,16965,16772,969,17741,240
2021-07-12,Marin,041,260295,14421,14238,270,14508,233
2021-07-12,Mariposa,043,17540,446,442,11,453,5
2021-07-12,Mendocino,045,87422,4296,4175,87,4262,49
2021-07-12,Merced,047,269075,31521,31374,1011,32385,471
2021-07-12,Modoc,049,8938,422,411,149,560,4
2021-07-12,Mono,051,14174,1269,1275,17,1292,3
2021-07-12,Monterey,053,433212,43578,43315,1922,45237,504
2021-07-12,Napa,055,140530,10152,10104,41,10145,81
2021-07-12,Nevada,057,99092,5120,5046,197,5243,72
2021-07-12,Orange,059,3164182,259331,257171,11801,268972,5136
2021-07-12,Placer,061,380077,24350,24052,1654,25706,302
2021-07-12,Plumas,063,18699,732,716,14,730,4
2021-07-12,Riverside,065,2383286,298213,294108,14365,308473,4541
2021-07-12,Sacramento,067,1510023,110955,109849,1961,111810,1685
2021-07-12,San Benito,069,59416,6186,6166,116,6282,63
2021-07-12,San Bernardino,071,2135413,297240,295447,9203,304650,5171
2021-07-12,San Diego,073,3302833,286836,284648,16007,300655,3785
2021-07-12,San Francisco,075,870044,38204,37656,1370,39026,559
2021-07-12,San Joaquin,077,732212,75128,74424,3785,78209,1415
2021-07-12,San Luis Obispo,079,281455,21762,21408,775,22183,258
2021-07-12,San Mateo,081,765935,43490,43138,516,43654,542
2021-07-12,Santa Barbara,083,443738,34985,34664,1220,35884,461
2021-07-12,Santa Clara,085,1922200,120826,119634,799,120433,2098
2021-07-12,Santa Cruz,087,273765,16443,16310,821,17131,207
2021-07-12,Shasta,089,179085,12759,12648,1688,14336,208
2021-07-12,Sierra,091,2930,66,62,12,74,0
2021-07-12,Siskiyou,093,43540,2006,1916,400,2316,29
2021-07-12,Solano,095,438530,34191,33859,620,34479,268
2021-07-12,Sonoma,097,501317,31681,31377,375,31752,322
2021-07-12,Stanislaus,099,539301,57574,57243,6128,63371,1028
2021-07-12,Sutter,101,95872,9836,9736,93,9829,114
2021-07-12,Tehama,103,63373,5191,5138,602,5740,63
2021-07-12,Trinity,105,12862,498,340,103,443,3
2021-07-12,Tulare,107,460477,50662,49882,9319,59201,853
2021-07-12,Tuolumne,109,53932,4122,4116,42,4158,64
2021-07-12,Ventura,111,848112,82586,81919,3238,85157,1040
2021-07-12,Yolo,113,214977,14435,14303,404,14707,213
2021-07-12,Yuba,115,75493,6358,6266,133,6399,52
2021-07-11,Alameda,001,1643700,91546,90597,2063,92660,1254
2021-07-11,Alpine,003,1148,88,89,0,89,0
2021-07-11,Amador,005,37829,3793,3779,34,3813,47
2021-07-11,Butte,007,227075,12941,12794,1918,14712,202
2021-07-11,Calaveras,009,45235,2244,2226,15,2241,57
2021-07-11,Colusa,011,21464,1988,1971,332,2303,16
2021-07-11,Contra Costa,013,1133247,72557,71744,1361,73105,823
2021-07-11,Del Norte,015,27424,1502,1467,13,1480,8
2021-07-11,El Dorado,017,186661,10688,10554,789,11343,114
2021-07-11,Fresno,019,978130,104138,102813,8916,111729,1728
2021-07-11,Glenn,021,27897,2467,2446,580,3026,20
2021-07-11,Humboldt,023,135768,4672,4611,55,4666,51
2021-07-11,Imperial,025,180216,28953,28787,2899,31686,741
2021-07-11,Inyo,027,18085,1418,1415,12,1427,36
2021-07-11,Kern,029,883053,98437,97637,11353,108990,1346
2021-07-11,Kings,031,150075,23418,23116,1127,24243,246
2021-07-11,Lake,033,64148,3777,3699,13,3712,63
2021-07-11,Lassen,035,31185,5317,5291,120,5411,21
2021-07-11,Los Angeles,037,10098052,1223142,1215182,43129,1258311,24558
2021-07-11,Madera,039,155013,16946,16766,968,17734,240
2021-07-11,Marin,041,260295,14395,14231,270,14501,233
2021-07-11,Mariposa,043,17540,445,442,11,453,5
2021-07-11,Mendocino,045,87422,4276,4167,87,4254,49
2021-07-11,Merced,047,269075,31497,31366,1006,32372,471
2021-07-11,Modoc,049,8938,421,411,149,560,4
2021-07-11,Mono,051,14174,1269,1275,17,1292,3
2021-07-11,Monterey,053,433212,43559,43307,1918,45225,504
2021-07-11,Napa,055,140530,10148,10100,41,10141,81
2021-07-11,Nevada,057,99092,5109,5035,196,5231,72
2021-07-11,Orange,059,3164182,259018,257009,11772,268781,5136
2021-07-11,Placer,061,380077,24293,24017,1642,25659,302
2021-07-11,Plumas,063,18699,732,716,14,730,4
2021-07-11,Riverside,065,2383286,297949,293969,14347,308316,4541
2021-07-11,Sacramento,067,1510023,110677,109696,1951,111647,1685
2021-07-11,San Benito,069,59416,6181,6163,116,6279,63
2021-07-11,San Bernardino,071,2135413,296935,295342,9178,304520,5167
2021-07-11,San Diego,073,3302833,286423,283819,15921,299740,3784
2021-07-11,San Francisco,075,870044,38075,37596,1364,38960,559
2021-07-11,San Joaquin,077,732212,75012,74376,3768,78144,1415
2021-07-11,San Luis Obispo,079,281455,21729,21403,774,22177,258
2021-07-11,San Mateo,081,765935,43411,43107,509,43616,542
2021-07-11,Santa Barbara,083,443738,34938,34646,1220,35866,461
2021-07-11,Santa Clara,085,1922200,120672,119549,798,120347,2098
2021-07-11,Santa Cruz,087,273765,16427,16303,821,17124,207
2021-07-11,Shasta,089,179085,12742,12647,1686,14333,208
2021-07-11,Sierra,091,2930,66,62,12,74,0
2021-07-11,Siskiyou,093,43540,2002,1915,398,2313,29
2021-07-11,Solano,095,438530,34109,33837,616,34453,268
2021-07-11,Sonoma,097,501317,31599,31352,375,31727,322
2021-07-11,Stanislaus,099,539301,57510,57230,6117,63347,1028
2021-07-11,Sutter,101,95872,9822,9728,93,9821,114
2021-07-11,Tehama,103,63373,5188,5138,602,5740,63
2021-07-11,Trinity,105,12862,497,340,103,443,3
2021-07-11,Tulare,107,460477,50637,49877,9300,59177,853
2021-07-11,Tuolumne,109,53932,4116,4116,42,4158,64
2021-07-11,Ventura,111,848112,82514,81875,3218,85093,1040
2021-07-11,Yolo,113,214977,14408,14285,398,14683,213
2021-07-11,Yuba,115,75493,6347,6260,133,6393,52
2021-07-10,Alameda,001,1643700,91396,90090,2059,92149,1252
2021-07-10,Alpine,003,1148,88,89,0,89,0
2021-07-10,Amador,005,37829,3787,3773,34,3807,47
2021-07-10,Butte,007,227075,12930,12764,1915,14679,202
2021-07-10,Calaveras,009,45235,2243,2214,15,2229,57
2021-07-10,Colusa,011,21464,1986,1969,332,2301,16
2021-07-10,Contra Costa,013,1133247,72457,71376,1360,72736,821
2021-07-10,Del Norte,015,27424,1500,1451,13,1464,8
2021-07-10,El Dorado,017,186661,10672,10508,785,11293,114
2021-07-10,Fresno,019,978130,104105,102675,8909,111584,1730
2021-07-10,Glenn,021,27897,2464,2440,579,3019,20
2021-07-10,Humboldt,023,135768,4663,4574,55,4629,51
2021-07-10,Imperial,025,180216,28940,28729,2899,31628,741
2021-07-10,Inyo,027,18085,1417,1415,12,1427,36
2021-07-10,Kern,029,883053,98397,97538,11336,108874,1346
2021-07-10,Kings,031,150075,23411,23090,1126,24216,246
2021-07-10,Lake,033,64148,3760,3667,13,3680,63
2021-07-10,Lassen,035,31185,5317,5290,120,5410,21
2021-07-10,Los Angeles,037,10098052,1222122,1212043,43026,1255069,24542
2021-07-10,Madera,039,155013,16940,16744,965,17709,241
2021-07-10,Marin,041,260295,14381,14194,270,14464,233
2021-07-10,Mariposa,043,17540,445,442,11,453,5
2021-07-10,Mendocino,045,87422,4269,4153,86,4239,49
2021-07-10,Merced,047,269075,31484,31328,1006,32334,470
2021-07-10,Modoc,049,8938,421,410,149,559,4
2021-07-10,Mono,051,14174,1269,1275,17,1292,3
2021-07-10,Monterey,053,433212,43545,43251,1916,45167,499
2021-07-10,Napa,055,140530,10136,10077,41,10118,81
2021-07-10,Nevada,057,99092,5100,5000,196,5196,72
2021-07-10,Orange,059,3164182,258840,256438,11756,268194,5135
2021-07-10,Placer,061,380077,24264,23916,1632,25548,302
2021-07-10,Plumas,063,18699,731,717,14,731,4
2021-07-10,Riverside,065,2383286,297759,293474,14333,307807,4541
2021-07-10,Sacramento,067,1510023,110528,109091,1946,111037,1682
2021-07-10,San Benito,069,59416,6176,6141,116,6257,63
2021-07-10,San Bernardino,071,2135413,296747,294932,9166,304098,5117
2021-07-10,San Diego,073,3302833,286134,283577,15868,299445,3783
2021-07-10,San Francisco,075,870044,37991,37338,1361,38699,559
2021-07-10,San Joaquin,077,732212,74954,74150,3762,77912,1412
2021-07-10,San Luis Obispo,079,281455,21718,21375,773,22148,258
2021-07-10,San Mateo,081,765935,43361,42948,507,43455,542
2021-07-10,Santa Barbara,083,443738,34911,34595,1220,35815,460
2021-07-10,Santa Clara,085,1922200,120569,119330,795,120125,2094
2021-07-10,Santa Cruz,087,273765,16420,16286,821,17107,207
2021-07-10,Shasta,089,179085,12729,12623,1681,14304,206
2021-07-10,Sierra,091,2930,66,61,12,73,0
2021-07-10,Siskiyou,093,43540,2000,1909,395,2304,29
2021-07-10,Solano,095,438530,34068,33678,610,34288,268
2021-07-10,Sonoma,097,501317,31548,31231,375,31606,317
2021-07-10,Stanislaus,099,539301,57473,57104,6107,63211,1026
2021-07-10,Sutter,101,95872,9809,9692,93,9785,114
2021-07-10,Tehama,103,63373,5185,5131,602,5733,63
2021-07-10,Trinity,105,12862,497,341,103,444,3
2021-07-10,Tulare,107,460477,50627,49850,9294,59144,853
2021-07-10,Tuolumne,109,53932,4114,4114,42,4156,64
2021-07-10,Ventura,111,848112,82469,81713,3200,84913,1039
2021-07-10,Yolo,113,214977,14387,14250,395,14645,213
2021-07-10,Yuba,115,75493,6337,6238,133,6371,52
2021-07-09,Alameda,001,1643700,91238,90090,2054,92144,1252
2021-07-09,Alpine,003,1148,88,89,0,89,0
2021-07-09,Amador,005,37829,3786,3773,34,3807,47
2021-07-09,Butte,007,227075,12919,12764,1913,14677,202
2021-07-09,Calaveras,009,45235,2242,2214,15,2229,57
2021-07-09,Colusa,011,21464,1985,1969,332,2301,16
2021-07-09,Contra Costa,013,1133247,72332,71376,1359,72735,821
2021-07-09,Del Norte,015,27424,1495,1451,13,1464,8
2021-07-09,El Dorado,017,186661,10657,10508,784,11292,114
2021-07-09,Fresno,019,978130,104049,102675,8902,111577,1730
2021-07-09,Glenn,021,27897,2463,2440,577,3017,20
2021-07-09,Humboldt,023,135768,4644,4574,55,4629,51
2021-07-09,Imperial,025,180216,28932,28729,2897,31626,741
2021-07-09,Inyo,027,18085,1416,1415,12,1427,36
2021-07-09,Kern,029,883053,98359,97538,11324,108862,1346
2021-07-09,Kings,031,150075,23400,23090,1125,24215,246
2021-07-09,Lake,033,64148,3746,3667,13,3680,63
2021-07-09,Lassen,035,31185,5315,5290,119,5409,21
2021-07-09,Los Angeles,037,10098052,1221117,1212043,42954,1254997,24542
2021-07-09,Madera,039,155013,16930,16744,964,17708,241
2021-07-09,Marin,041,260295,14360,14194,269,14463,233
2021-07-09,Mariposa,043,17540,445,442,11,453,5
2021-07-09,Mendocino,045,87422,4262,4153,86,4239,49
2021-07-09,Merced,047,269075,31469,31328,1006,32334,470
2021-07-09,Modoc,049,8938,421,410,149,559,4
2021-07-09,Mono,051,14174,1269,1275,17,1292,3
2021-07-09,Monterey,053,433212,43536,43251,1916,45167,499
2021-07-09,Napa,055,140530,10129,10077,41,10118,81
2021-07-09,Nevada,057,99092,5091,5000,196,5196,72
2021-07-09,Orange,059,3164182,258635,256438,11741,268179,5135
2021-07-09,Placer,061,380077,24242,23916,1626,25542,302
2021-07-09,Plumas,063,18699,729,717,14,731,4
2021-07-09,Riverside,065,2383286,297573,293474,14320,307794,4541
2021-07-09,Sacramento,067,1510023,110374,109091,1937,111028,1682
2021-07-09,San Benito,069,59416,6174,6141,116,6257,63
2021-07-09,San Bernardino,071,2135413,296595,294932,9159,304091,5117
2021-07-09,San Diego,073,3302833,285846,283577,15820,299397,3783
2021-07-09,San Francisco,075,870044,37911,37338,1354,38692,559
2021-07-09,San Joaquin,077,732212,74880,74150,3755,77905,1412
2021-07-09,San Luis Obispo,079,281455,21706,21375,773,22148,258
2021-07-09,San Mateo,081,765935,43315,42948,503,43451,542
2021-07-09,Santa Barbara,083,443738,34891,34595,1219,35814,460
2021-07-09,Santa Clara,085,1922200,120459,119330,795,120125,2094
2021-07-09,Santa Cruz,087,273765,16417,16286,821,17107,207
2021-07-09,Shasta,089,179085,12723,12623,1676,14299,206
2021-07-09,Sierra,091,2930,66,61,12,73,0
2021-07-09,Siskiyou,093,43540,1998,1909,394,2303,29
2021-07-09,Solano,095,438530,34032,33678,606,34284,268
2021-07-09,Sonoma,097,501317,31512,31231,375,31606,317
2021-07-09,Stanislaus,099,539301,57444,57104,6105,63209,1026
2021-07-09,Sutter,101,95872,9800,9692,93,9785,114
2021-07-09,Tehama,103,63373,5183,5131,602,5733,63
2021-07-09,Trinity,105,12862,496,341,100,441,3
2021-07-09,Tulare,107,460477,50614,49850,9288,59138,853
2021-07-09,Tuolumne,109,53932,4110,4114,42,4156,64
2021-07-09,Ventura,111,848112,82414,81713,3191,84904,1039
2021-07-09,Yolo,113,214977,14372,14250,391,14641,213
2021-07-09,Yuba,115,75493,6324,6238,133,6371,52
2021-07-08,Alameda,001,1643700,91031,90090,2051,92141,1252
2021-07-08,Alpine,003,1148,88,89,0,89,0
2021-07-08,Amador,005,37829,3784,3773,34,3807,47
2021-07-08,Butte,007,227075,12906,12764,1910,14674,202
2021-07-08,Calaveras,009,45235,2239,2214,14,2228,57
2021-07-08,Colusa,011,21464,1985,1969,332,2301,16
2021-07-08,Contra Costa,013,1133247,72204,71376,1354,72730,821
2021-07-08,Del Norte,015,27424,1493,1451,13,1464,8
2021-07-08,El Dorado,017,186661,10640,10508,779,11287,114
2021-07-08,Fresno,019,978130,103987,102675,8891,111566,1730
2021-07-08,Glenn,021,27897,2463,2440,577,3017,20
2021-07-08,Humboldt,023,135768,4629,4574,54,4628,51
2021-07-08,Imperial,025,180216,28920,28729,2895,31624,741
2021-07-08,Inyo,027,18085,1416,1415,12,1427,36
2021-07-08,Kern,029,883053,98311,97538,11309,108847,1346
2021-07-08,Kings,031,150075,23391,23090,1125,24215,246
2021-07-08,Lake,033,64148,3732,3667,13,3680,63
2021-07-08,Lassen,035,31185,5312,5290,119,5409,21
2021-07-08,Los Angeles,037,10098052,1219905,1212043,42857,1254900,24542
2021-07-08,Madera,039,155013,16914,16744,964,17708,241
2021-07-08,Marin,041,260295,14346,14194,269,14463,233
2021-07-08,Mariposa,043,17540,444,442,11,453,5
2021-07-08,Mendocino,045,87422,4259,4153,86,4239,49
2021-07-08,Merced,047,269075,31455,31328,1004,32332,470
2021-07-08,Modoc,049,8938,421,410,149,559,4
2021-07-08,Mono,051,14174,1269,1275,17,1292,3
2021-07-08,Monterey,053,433212,43516,43251,1910,45161,499
2021-07-08,Napa,055,140530,10125,10077,41,10118,81
2021-07-08,Nevada,057,99092,5085,5000,196,5196,72
2021-07-08,Orange,059,3164182,258440,256438,11720,268158,5135
2021-07-08,Placer,061,380077,24203,23916,1618,25534,302
2021-07-08,Plumas,063,18699,728,717,14,731,4
2021-07-08,Riverside,065,2383286,297372,293474,14304,307778,4541
2021-07-08,Sacramento,067,1510023,110152,109091,1930,111021,1682
2021-07-08,San Benito,069,59416,6171,6141,116,6257,63
2021-07-08,San Bernardino,071,2135413,296419,294932,9150,304082,5117
2021-07-08,San Diego,073,3302833,285519,283577,15772,299349,3783
2021-07-08,San Francisco,075,870044,37831,37338,1350,38688,559
2021-07-08,San Joaquin,077,732212,74792,74150,3742,77892,1412
2021-07-08,San Luis Obispo,079,281455,21694,21375,770,22145,258
2021-07-08,San Mateo,081,765935,43265,42948,502,43450,542
2021-07-08,Santa Barbara,083,443738,34864,34595,1217,35812,460
2021-07-08,Santa Clara,085,1922200,120366,119330,794,120124,2094
2021-07-08,Santa Cruz,087,273765,16411,16286,821,17107,207
2021-07-08,Shasta,089,179085,12717,12623,1672,14295,206
2021-07-08,Sierra,091,2930,66,61,12,73,0
2021-07-08,Siskiyou,093,43540,1993,1909,391,2300,29
2021-07-08,Solano,095,438530,33977,33678,600,34278,268
2021-07-08,Sonoma,097,501317,31481,31231,374,31605,317
2021-07-08,Stanislaus,099,539301,57418,57104,6101,63205,1026
2021-07-08,Sutter,101,95872,9785,9692,91,9783,114
2021-07-08,Tehama,103,63373,5180,5131,601,5732,63
2021-07-08,Trinity,105,12862,496,341,100,441,3
2021-07-08,Tulare,107,460477,50596,49850,9280,59130,853
2021-07-08,Tuolumne,109,53932,4108,4114,42,4156,64
2021-07-08,Ventura,111,848112,82349,81713,3175,84888,1039
2021-07-08,Yolo,113,214977,14353,14250,389,14639,213
2021-07-08,Yuba,115,75493,6316,6238,133,6371,52
2021-07-07,Alameda,001,1643700,90844,89995,2045,92040,1253
2021-07-07,Alpine,003,1148,88,89,0,89,0
2021-07-07,Amador,005,37829,3779,3770,34,3804,47
2021-07-07,Butte,007,227075,12893,12750,1905,14655,202
2021-07-07,Calaveras,009,45235,2231,2212,14,2226,57
2021-07-07,Colusa,011,21464,1981,1969,332,2301,16
2021-07-07,Contra Costa,013,1133247,72059,71308,1352,72660,821
2021-07-07,Del Norte,015,27424,1488,1446,13,1459,8
2021-07-07,El Dorado,017,186661,10620,10494,777,11271,114
2021-07-07,Fresno,019,978130,103937,102639,8884,111523,1729
2021-07-07,Glenn,021,27897,2463,2441,577,3018,20
2021-07-07,Humboldt,023,135768,4615,4566,54,4620,51
2021-07-07,Imperial,025,180216,28913,28701,2895,31596,740
2021-07-07,Inyo,027,18085,1415,1415,12,1427,36
2021-07-07,Kern,029,883053,98267,97507,11294,108801,1348
2021-07-07,Kings,031,150075,23378,23085,1122,24207,245
2021-07-07,Lake,033,64148,3713,3660,13,3673,63
2021-07-07,Lassen,035,31185,5312,5286,119,5405,21
2021-07-07,Los Angeles,037,10098052,1218725,1211316,42751,1254067,24531
2021-07-07,Madera,039,155013,16903,16733,962,17695,241
2021-07-07,Marin,041,260295,14327,14183,268,14451,233
2021-07-07,Mariposa,043,17540,442,442,11,453,5
2021-07-07,Mendocino,045,87422,4250,4145,86,4231,49
2021-07-07,Merced,047,269075,31440,31317,1004,32321,470
2021-07-07,Modoc,049,8938,421,410,149,559,4
2021-07-07,Mono,051,14174,1268,1274,17,1291,3
2021-07-07,Monterey,053,433212,43492,43233,1908,45141,494
2021-07-07,Napa,055,140530,10114,10078,41,10119,81
2021-07-07,Nevada,057,99092,5078,4996,196,5192,72
2021-07-07,Orange,059,3164182,258214,256301,11698,267999,5132
2021-07-07,Placer,061,380077,24167,23901,1608,25509,302
2021-07-07,Plumas,063,18699,728,710,14,724,4
2021-07-07,Riverside,065,2383286,297157,293331,14294,307625,4538
2021-07-07,Sacramento,067,1510023,109961,108954,1922,110876,1682
2021-07-07,San Benito,069,59416,6166,6137,116,6253,63
2021-07-07,San Bernardino,071,2135413,296251,294787,9143,303930,5087
2021-07-07,San Diego,073,3302833,285200,283377,15732,299109,3782
2021-07-07,San Francisco,075,870044,37739,37284,1347,38631,558
2021-07-07,San Joaquin,077,732212,74716,74095,3726,77821,1410
2021-07-07,San Luis Obispo,079,281455,21685,21360,768,22128,258
2021-07-07,San Mateo,081,765935,43210,42908,499,43407,542
2021-07-07,Santa Barbara,083,443738,34838,34582,1217,35799,460
2021-07-07,Santa Clara,085,1922200,120268,119250,793,120043,2094
2021-07-07,Santa Cruz,087,273765,16402,16279,820,17099,207
2021-07-07,Shasta,089,179085,12709,12613,1669,14282,206
2021-07-07,Sierra,091,2930,66,60,12,72,0
2021-07-07,Siskiyou,093,43540,1987,1908,387,2295,29
2021-07-07,Solano,095,438530,33928,33659,593,34252,268
2021-07-07,Sonoma,097,501317,31435,31172,374,31546,316
2021-07-07,Stanislaus,099,539301,57386,57102,6096,63198,1028
2021-07-07,Sutter,101,95872,9775,9683,91,9774,114
2021-07-07,Tehama,103,63373,5179,5129,601,5730,63
2021-07-07,Trinity,105,12862,496,341,100,441,3
2021-07-07,Tulare,107,460477,50592,49835,9271,59106,853
2021-07-07,Tuolumne,109,53932,4104,4115,41,4156,64
2021-07-07,Ventura,111,848112,82305,81608,3161,84769,1036
2021-07-07,Yolo,113,214977,14343,14236,386,14622,213
2021-07-07,Yuba,115,75493,6300,6233,133,6366,51
2021-07-06,Alameda,001,1643700,90646,89918,2037,91955,1253
2021-07-06,Alpine,003,1148,88,89,0,89,0
2021-07-06,Amador,005,37829,3778,3768,33,3801,47
2021-07-06,Butte,007,227075,12880,12744,1902,14646,201
2021-07-06,Calaveras,009,45235,2231,2211,14,2225,55
2021-07-06,Colusa,011,21464,1980,1967,329,2296,16
2021-07-06,Contra Costa,013,1133247,71930,71262,1349,72611,820
2021-07-06,Del Norte,015,27424,1484,1445,13,1458,8
2021-07-06,El Dorado,017,186661,10602,10484,776,11260,113
2021-07-06,Fresno,019,978130,103885,102616,8872,111488,1727
2021-07-06,Glenn,021,27897,2462,2438,577,3015,20
2021-07-06,Humboldt,023,135768,4601,4565,53,4618,49
2021-07-06,Imperial,025,180216,28898,28693,2893,31586,739
2021-07-06,Inyo,027,18085,1415,1412,12,1424,36
2021-07-06,Kern,029,883053,98225,97491,11283,108774,1346
2021-07-06,Kings,031,150075,23370,23077,1121,24198,245
2021-07-06,Lake,033,64148,3703,3659,13,3672,63
2021-07-06,Lassen,035,31185,5311,5288,118,5406,21
2021-07-06,Los Angeles,037,10098052,1217509,1210965,42652,1253617,24525
2021-07-06,Madera,039,155013,16891,16730,962,17692,241
2021-07-06,Marin,041,260295,14313,14181,268,14449,233
2021-07-06,Mariposa,043,17540,442,442,11,453,5
2021-07-06,Mendocino,045,87422,4243,4143,86,4229,49
2021-07-06,Merced,047,269075,31423,31317,1003,32320,470
2021-07-06,Modoc,049,8938,421,411,149,560,4
2021-07-06,Mono,051,14174,1267,1274,17,1291,3
2021-07-06,Monterey,053,433212,43470,43224,1907,45131,494
2021-07-06,Napa,055,140530,10103,10081,41,10122,81
2021-07-06,Nevada,057,99092,5069,4988,196,5184,72
2021-07-06,Orange,059,3164182,257970,256227,11681,267908,5129
2021-07-06,Placer,061,380077,24126,23876,1602,25478,302
2021-07-06,Plumas,063,18699,727,708,14,722,4
2021-07-06,Riverside,065,2383286,296954,293227,14276,307503,4539
2021-07-06,Sacramento,067,1510023,109750,108850,1914,110764,1679
2021-07-06,San Benito,069,59416,6162,6137,116,6253,63
2021-07-06,San Bernardino,071,2135413,296072,294712,9130,303842,5056
2021-07-06,San Diego,073,3302833,284845,283278,15673,298951,3782
2021-07-06,San Francisco,075,870044,37622,37251,1346,38597,558
2021-07-06,San Joaquin,077,732212,74646,74019,3714,77733,1410
2021-07-06,San Luis Obispo,079,281455,21668,21354,767,22121,257
2021-07-06,San Mateo,081,765935,43134,42895,499,43394,541
2021-07-06,Santa Barbara,083,443738,34819,34572,1215,35787,460
2021-07-06,Santa Clara,085,1922200,120150,119194,790,119984,2095
2021-07-06,Santa Cruz,087,273765,16397,16274,819,17093,207
2021-07-06,Shasta,089,179085,12699,12606,1667,14273,205
2021-07-06,Sierra,091,2930,65,60,12,72,0
2021-07-06,Siskiyou,093,43540,1984,1905,383,2288,29
2021-07-06,Solano,095,438530,33877,33619,590,34209,268
2021-07-06,Sonoma,097,501317,31372,31130,373,31503,316
2021-07-06,Stanislaus,099,539301,57339,57120,6084,63204,1029
2021-07-06,Sutter,101,95872,9766,9674,90,9764,114
2021-07-06,Tehama,103,63373,5176,5126,600,5726,63
2021-07-06,Trinity,105,12862,496,341,100,441,3
2021-07-06,Tulare,107,460477,50577,49826,9260,59086,853
2021-07-06,Tuolumne,109,53932,4102,4113,41,4154,64
2021-07-06,Ventura,111,848112,82265,81534,3135,84669,1033
2021-07-06,Yolo,113,214977,14321,14227,383,14610,213
2021-07-06,Yuba,115,75493,6289,6231,133,6364,51
2021-07-05,Alameda,001,1643700,90468,89892,2032,91924,1253
2021-07-05,Alpine,003,1148,88,89,0,89,0
2021-07-05,Amador,005,37829,3776,3768,33,3801,47
2021-07-05,Butte,007,227075,12872,12740,1892,14632,201
2021-07-05,Calaveras,009,45235,2227,2211,14,2225,55
2021-07-05,Colusa,011,21464,1978,1966,328,2294,16
2021-07-05,Contra Costa,013,1133247,71802,71235,1349,72584,820
2021-07-05,Del Norte,015,27424,1480,1446,13,1459,8
2021-07-05,El Dorado,017,186661,10577,10481,776,11257,113
2021-07-05,Fresno,019,978130,103827,102592,8857,111449,1727
2021-07-05,Glenn,021,27897,2459,2438,576,3014,20
2021-07-05,Humboldt,023,135768,4587,4563,53,4616,49
2021-07-05,Imperial,025,180216,28879,28689,2892,31581,739
2021-07-05,Inyo,027,18085,1415,1412,12,1424,36
2021-07-05,Kern,029,883053,98178,97479,11262,108741,1346
2021-07-05,Kings,031,150075,23362,23065,1118,24183,245
2021-07-05,Lake,033,64148,3685,3645,13,3658,63
2021-07-05,Lassen,035,31185,5308,5288,117,5405,21
2021-07-05,Los Angeles,037,10098052,1216317,1210653,42549,1253202,24522
2021-07-05,Madera,039,155013,16880,16722,961,17683,241
2021-07-05,Marin,041,260295,14292,14178,268,14446,233
2021-07-05,Mariposa,043,17540,442,441,11,452,5
2021-07-05,Mendocino,045,87422,4238,4139,85,4224,49
2021-07-05,Merced,047,269075,31403,31312,1003,32315,470
2021-07-05,Modoc,049,8938,421,410,149,559,4
2021-07-05,Mono,051,14174,1267,1273,17,1290,3
2021-07-05,Monterey,053,433212,43450,43218,1902,45120,494
2021-07-05,Napa,055,140530,10097,10074,41,10115,81
2021-07-05,Nevada,057,99092,5051,4980,195,5175,72
2021-07-05,Orange,059,3164182,257769,256173,11663,267836,5129
2021-07-05,Placer,061,380077,24079,23867,1594,25461,302
2021-07-05,Plumas,063,18699,726,708,14,722,4
2021-07-05,Riverside,065,2383286,296762,293193,14264,307457,4539
2021-07-05,Sacramento,067,1510023,109567,108758,1905,110663,1679
2021-07-05,San Benito,069,59416,6155,6137,116,6253,63
2021-07-05,San Bernardino,071,2135413,295910,294647,9123,303770,5037
2021-07-05,San Diego,073,3302833,284482,282834,15628,298462,3782
2021-07-05,San Francisco,075,870044,37536,37237,1341,38578,558
2021-07-05,San Joaquin,077,732212,74576,73999,3709,77708,1410
2021-07-05,San Luis Obispo,079,281455,21655,21351,766,22117,257
2021-07-05,San Mateo,081,765935,43082,42876,496,43372,541
2021-07-05,Santa Barbara,083,443738,34799,34569,1215,35784,460
2021-07-05,Santa Clara,085,1922200,120044,119184,788,119972,2095
2021-07-05,Santa Cruz,087,273765,16388,16273,818,17091,208
2021-07-05,Shasta,089,179085,12690,12603,1665,14268,205
2021-07-05,Sierra,091,2930,65,60,12,72,0
2021-07-05,Siskiyou,093,43540,1982,1904,382,2286,29
2021-07-05,Solano,095,438530,33807,33612,584,34196,268
2021-07-05,Sonoma,097,501317,31319,31116,373,31489,316
2021-07-05,Stanislaus,099,539301,57309,57109,6074,63183,1029
2021-07-05,Sutter,101,95872,9754,9667,90,9757,114
2021-07-05,Tehama,103,63373,5175,5125,600,5725,63
2021-07-05,Trinity,105,12862,495,341,99,440,3
2021-07-05,Tulare,107,460477,50559,49818,9257,59075,853
2021-07-05,Tuolumne,109,53932,4098,4112,41,4153,64
2021-07-05,Ventura,111,848112,82214,81519,3116,84635,1033
2021-07-05,Yolo,113,214977,14302,14225,375,14600,213
2021-07-05,Yuba,115,75493,6281,6223,133,6356,51
2021-07-04,Alameda,001,1643700,90303,89683,2029,91712,1253
2021-07-04,Alpine,003,1148,88,89,0,89,0
2021-07-04,Amador,005,37829,3775,3758,33,3791,46
2021-07-04,Butte,007,227075,12862,12684,1892,14576,201
2021-07-04,Calaveras,009,45235,2226,2200,14,2214,55
2021-07-04,Colusa,011,21464,1978,1969,328,2297,15
2021-07-04,Contra Costa,013,1133247,71696,70941,1344,72285,818
2021-07-04,Del Norte,015,27424,1477,1439,13,1452,8
2021-07-04,El Dorado,017,186661,10568,10433,775,11208,113
2021-07-04,Fresno,019,978130,103781,102512,8840,111352,1727
2021-07-04,Glenn,021,27897,2457,2442,575,3017,20
2021-07-04,Humboldt,023,135768,4579,4530,53,4583,49
2021-07-04,Imperial,025,180216,28873,28661,2892,31553,739
2021-07-04,Inyo,027,18085,1415,1412,12,1424,35
2021-07-04,Kern,029,883053,98159,97421,11253,108674,1347
2021-07-04,Kings,031,150075,23354,23051,1118,24169,245
2021-07-04,Lake,033,64148,3675,3623,13,3636,62
2021-07-04,Lassen,035,31185,5307,5277,117,5394,20
2021-07-04,Los Angeles,037,10098052,1215460,1208705,42461,1251166,24506
2021-07-04,Madera,039,155013,16868,16696,959,17655,240
2021-07-04,Marin,041,260295,14277,14143,268,14411,233
2021-07-04,Mariposa,043,17540,442,441,11,452,5
2021-07-04,Mendocino,045,87422,4228,4122,85,4207,49
2021-07-04,Merced,047,269075,31392,31297,1003,32300,469
2021-07-04,Modoc,049,8938,421,410,149,559,4
2021-07-04,Mono,051,14174,1267,1275,17,1292,3
2021-07-04,Monterey,053,433212,43434,43212,1901,45113,492
2021-07-04,Napa,055,140530,10089,10045,40,10085,81
2021-07-04,Nevada,057,99092,5041,4966,195,5161,72
2021-07-04,Orange,059,3164182,257594,255823,11642,267465,5126
2021-07-04,Placer,061,380077,24042,23764,1587,25351,299
2021-07-04,Plumas,063,18699,726,707,14,721,4
2021-07-04,Riverside,065,2383286,296602,293260,14258,307518,4536
2021-07-04,Sacramento,067,1510023,109397,108257,1899,110156,1676
2021-07-04,San Benito,069,59416,6148,6108,116,6224,63
2021-07-04,San Bernardino,071,2135413,295743,294294,9116,303410,5003
2021-07-04,San Diego,073,3302833,284258,282692,15590,298282,3780
2021-07-04,San Francisco,075,870044,37478,37107,1335,38442,558
2021-07-04,San Joaquin,077,732212,74511,73841,3701,77542,1409
2021-07-04,San Luis Obispo,079,281455,21649,21330,765,22095,256
2021-07-04,San Mateo,081,765935,43048,42691,496,43187,541
2021-07-04,Santa Barbara,083,443738,34776,34526,1214,35740,456
2021-07-04,Santa Clara,085,1922200,119954,118966,787,119753,2090
2021-07-04,Santa Cruz,087,273765,16377,16254,818,17072,208
2021-07-04,Shasta,089,179085,12686,12582,1664,14246,204
2021-07-04,Sierra,091,2930,64,60,12,72,0
2021-07-04,Siskiyou,093,43540,1978,1899,381,2280,29
2021-07-04,Solano,095,438530,33766,33486,582,34068,268
2021-07-04,Sonoma,097,501317,31289,31000,372,31372,316
2021-07-04,Stanislaus,099,539301,57295,57018,6068,63086,1018
2021-07-04,Sutter,101,95872,9743,9644,90,9734,114
2021-07-04,Tehama,103,63373,5171,5124,600,5724,63
2021-07-04,Trinity,105,12862,494,341,99,440,3
2021-07-04,Tulare,107,460477,50549,49789,9254,59043,853
2021-07-04,Tuolumne,109,53932,4090,4113,41,4154,64
2021-07-04,Ventura,111,848112,82156,81425,3105,84530,1033
2021-07-04,Yolo,113,214977,14282,14188,372,14560,213
2021-07-04,Yuba,115,75493,6273,6197,133,6330,51
2021-07-03,Alameda,001,1643700,90216,89683,2021,91704,1253
2021-07-03,Alpine,003,1148,88,89,0,89,0
2021-07-03,Amador,005,37829,3775,3758,33,3791,46
2021-07-03,Butte,007,227075,12858,12684,1891,14575,201
2021-07-03,Calaveras,009,45235,2224,2200,14,2214,55
2021-07-03,Colusa,011,21464,1977,1969,328,2297,15
2021-07-03,Contra Costa,013,1133247,71637,70941,1341,72282,818
2021-07-03,Del Norte,015,27424,1474,1439,13,1452,8
2021-07-03,El Dorado,017,186661,10561,10433,773,11206,113
2021-07-03,Fresno,019,978130,103756,102512,8831,111343,1727
2021-07-03,Glenn,021,27897,2457,2442,575,3017,20
2021-07-03,Humboldt,023,135768,4574,4530,53,4583,49
2021-07-03,Imperial,025,180216,28863,28661,2892,31553,739
2021-07-03,Inyo,027,18085,1415,1412,12,1424,35
2021-07-03,Kern,029,883053,98139,97421,11245,108666,1347
2021-07-03,Kings,031,150075,23354,23051,1117,24168,245
2021-07-03,Lake,033,64148,3665,3623,13,3636,62
2021-07-03,Lassen,035,31185,5306,5277,117,5394,20
2021-07-03,Los Angeles,037,10098052,1215033,1208705,42431,1251136,24506
2021-07-03,Madera,039,155013,16859,16696,956,17652,240
2021-07-03,Marin,041,260295,14273,14143,268,14411,233
2021-07-03,Mariposa,043,17540,442,441,11,452,5
2021-07-03,Mendocino,045,87422,4227,4122,85,4207,49
2021-07-03,Merced,047,269075,31379,31297,1002,32299,469
2021-07-03,Modoc,049,8938,420,410,149,559,4
2021-07-03,Mono,051,14174,1266,1275,17,1292,3
2021-07-03,Monterey,053,433212,43422,43212,1898,45110,492
2021-07-03,Napa,055,140530,10084,10045,40,10085,81
2021-07-03,Nevada,057,99092,5027,4966,195,5161,72
2021-07-03,Orange,059,3164182,257510,255823,11635,267458,5126
2021-07-03,Placer,061,380077,24023,23764,1584,25348,299
2021-07-03,Plumas,063,18699,726,707,14,721,4
2021-07-03,Riverside,065,2383286,296510,293260,14254,307514,4536
2021-07-03,Sacramento,067,1510023,109323,108257,1896,110153,1676
2021-07-03,San Benito,069,59416,6141,6108,116,6224,63
2021-07-03,San Bernardino,071,2135413,295653,294294,9113,303407,5003
2021-07-03,San Diego,073,3302833,284127,282692,15571,298263,3780
2021-07-03,San Francisco,075,870044,37437,37107,1332,38439,558
2021-07-03,San Joaquin,077,732212,74475,73841,3696,77537,1409
2021-07-03,San Luis Obispo,079,281455,21637,21330,765,22095,256
2021-07-03,San Mateo,081,765935,43023,42691,495,43186,541
2021-07-03,Santa Barbara,083,443738,34767,34526,1213,35739,456
2021-07-03,Santa Clara,085,1922200,119907,118966,787,119753,2090
2021-07-03,Santa Cruz,087,273765,16370,16254,818,17072,208
2021-07-03,Shasta,089,179085,12682,12582,1662,14244,204
2021-07-03,Sierra,091,2930,64,60,12,72,0
2021-07-03,Siskiyou,093,43540,1977,1899,380,2279,29
2021-07-03,Solano,095,438530,33722,33486,582,34068,268
2021-07-03,Sonoma,097,501317,31255,31000,372,31372,316
2021-07-03,Stanislaus,099,539301,57284,57018,6060,63078,1018
2021-07-03,Sutter,101,95872,9733,9644,90,9734,114
2021-07-03,Tehama,103,63373,5169,5124,600,5724,63
2021-07-03,Trinity,105,12862,494,341,99,440,3
2021-07-03,Tulare,107,460477,50543,49789,9248,59037,853
2021-07-03,Tuolumne,109,53932,4089,4113,41,4154,64
2021-07-03,Ventura,111,848112,82126,81425,3097,84522,1033
2021-07-03,Yolo,113,214977,14272,14188,369,14557,213
2021-07-03,Yuba,115,75493,6267,6197,133,6330,51
2021-07-02,Alameda,001,1643700,90134,89683,2020,91703,1253
2021-07-02,Alpine,003,1148,88,89,0,89,0
2021-07-02,Amador,005,37829,3773,3758,33,3791,46
2021-07-02,Butte,007,227075,12851,12684,1891,14575,201
2021-07-02,Calaveras,009,45235,2222,2200,14,2214,55
2021-07-02,Colusa,011,21464,1976,1969,327,2296,15
2021-07-02,Contra Costa,013,1133247,71567,70941,1337,72278,818
2021-07-02,Del Norte,015,27424,1474,1439,13,1452,8
2021-07-02,El Dorado,017,186661,10553,10433,773,11206,113
2021-07-02,Fresno,019,978130,103727,102512,8825,111337,1727
2021-07-02,Glenn,021,27897,2456,2442,574,3016,20
2021-07-02,Humboldt,023,135768,4571,4530,52,4582,49
2021-07-02,Imperial,025,180216,28857,28661,2891,31552,739
2021-07-02,Inyo,027,18085,1415,1412,12,1424,35
2021-07-02,Kern,029,883053,98121,97421,11236,108657,1347
2021-07-02,Kings,031,150075,23344,23051,1117,24168,245
2021-07-02,Lake,033,64148,3659,3623,13,3636,62
2021-07-02,Lassen,035,31185,5306,5277,117,5394,20
2021-07-02,Los Angeles,037,10098052,1214559,1208705,42393,1251098,24506
2021-07-02,Madera,039,155013,16850,16696,955,17651,240
2021-07-02,Marin,041,260295,14268,14143,268,14411,233
2021-07-02,Mariposa,043,17540,442,441,11,452,5
2021-07-02,Mendocino,045,87422,4223,4122,84,4206,49
2021-07-02,Merced,047,269075,31370,31297,1002,32299,469
2021-07-02,Modoc,049,8938,420,410,149,559,4
2021-07-02,Mono,051,14174,1265,1275,17,1292,3
2021-07-02,Monterey,053,433212,43414,43212,1897,45109,492
2021-07-02,Napa,055,140530,10079,10045,40,10085,81
2021-07-02,Nevada,057,99092,5018,4966,195,5161,72
2021-07-02,Orange,059,3164182,257399,255823,11628,267451,5126
2021-07-02,Placer,061,380077,24006,23764,1577,25341,299
2021-07-02,Plumas,063,18699,726,707,14,721,4
2021-07-02,Riverside,065,2383286,296413,293260,14249,307509,4536
2021-07-02,Sacramento,067,1510023,109245,108257,1895,110152,1676
2021-07-02,San Benito,069,59416,6138,6108,116,6224,63
2021-07-02,San Bernardino,071,2135413,295566,294294,9111,303405,5003
2021-07-02,San Diego,073,3302833,283982,282692,15545,298237,3780
2021-07-02,San Francisco,075,870044,37389,37107,1330,38437,558
2021-07-02,San Joaquin,077,732212,74443,73841,3690,77531,1409
2021-07-02,San Luis Obispo,079,281455,21631,21330,764,22094,256
2021-07-02,San Mateo,081,765935,42987,42691,495,43186,541
2021-07-02,Santa Barbara,083,443738,34757,34526,1213,35739,456
2021-07-02,Santa Clara,085,1922200,119829,118966,787,119753,2090
2021-07-02,Santa Cruz,087,273765,16366,16254,818,17072,208
2021-07-02,Shasta,089,179085,12678,12582,1662,14244,204
2021-07-02,Sierra,091,2930,63,60,12,72,0
2021-07-02,Siskiyou,093,43540,1974,1899,379,2278,29
2021-07-02,Solano,095,438530,33697,33486,582,34068,268
2021-07-02,Sonoma,097,501317,31232,31000,372,31372,316
2021-07-02,Stanislaus,099,539301,57269,57018,6059,63077,1018
2021-07-02,Sutter,101,95872,9728,9644,90,9734,114
2021-07-02,Tehama,103,63373,5167,5124,598,5722,63
2021-07-02,Trinity,105,12862,494,341,99,440,3
2021-07-02,Tulare,107,460477,50533,49789,9240,59029,853
2021-07-02,Tuolumne,109,53932,4086,4113,41,4154,64
2021-07-02,Ventura,111,848112,82083,81425,3089,84514,1033
2021-07-02,Yolo,113,214977,14256,14188,367,14555,213
2021-07-02,Yuba,115,75493,6259,6197,133,6330,51
2021-07-01,Alameda,001,1643700,90033,89683,2018,91701,1253
2021-07-01,Alpine,003,1148,88,89,0,89,0
2021-07-01,Amador,005,37829,3772,3758,33,3791,46
2021-07-01,Butte,007,227075,12839,12684,1889,14573,201
2021-07-01,Calaveras,009,45235,2219,2200,14,2214,55
2021-07-01,Colusa,011,21464,1976,1969,325,2294,15
2021-07-01,Contra Costa,013,1133247,71496,70941,1337,72278,818
2021-07-01,Del Norte,015,27424,1473,1439,13,1452,8
2021-07-01,El Dorado,017,186661,10541,10433,773,11206,113
2021-07-01,Fresno,019,978130,103688,102512,8820,111332,1727
2021-07-01,Glenn,021,27897,2456,2442,574,3016,20
2021-07-01,Humboldt,023,135768,4569,4530,52,4582,49
2021-07-01,Imperial,025,180216,28840,28661,2891,31552,739
2021-07-01,Inyo,027,18085,1415,1412,12,1424,35
2021-07-01,Kern,029,883053,98095,97421,11226,108647,1347
2021-07-01,Kings,031,150075,23330,23051,1117,24168,245
2021-07-01,Lake,033,64148,3656,3623,13,3636,62
2021-07-01,Lassen,035,31185,5304,5277,117,5394,20
2021-07-01,Los Angeles,037,10098052,1213960,1208705,42338,1251043,24506
2021-07-01,Madera,039,155013,16841,16696,954,17650,240
2021-07-01,Marin,041,260295,14264,14143,268,14411,233
2021-07-01,Mariposa,043,17540,442,441,11,452,5
2021-07-01,Mendocino,045,87422,4219,4122,83,4205,49
2021-07-01,Merced,047,269075,31364,31297,1002,32299,469
2021-07-01,Modoc,049,8938,420,410,149,559,4
2021-07-01,Mono,051,14174,1264,1275,17,1292,3
2021-07-01,Monterey,053,433212,43406,43212,1893,45105,492
2021-07-01,Napa,055,140530,10072,10045,40,10085,81
2021-07-01,Nevada,057,99092,5013,4966,195,5161,72
2021-07-01,Orange,059,3164182,257278,255823,11609,267432,5126
2021-07-01,Placer,061,380077,23987,23764,1574,25338,299
2021-07-01,Plumas,063,18699,723,707,12,719,4
2021-07-01,Riverside,065,2383286,296304,293260,14241,307501,4536
2021-07-01,Sacramento,067,1510023,109119,108257,1888,110145,1676
2021-07-01,San Benito,069,59416,6134,6108,116,6224,63
2021-07-01,San Bernardino,071,2135413,295446,294294,9106,303400,5003
2021-07-01,San Diego,073,3302833,283804,282692,15508,298200,3780
2021-07-01,San Francisco,075,870044,37353,37107,1328,38435,558
2021-07-01,San Joaquin,077,732212,74392,73841,3686,77527,1409
2021-07-01,San Luis Obispo,079,281455,21616,21330,763,22093,256
2021-07-01,San Mateo,081,765935,42959,42691,494,43185,541
2021-07-01,Santa Barbara,083,443738,34743,34526,1213,35739,456
2021-07-01,Santa Clara,085,1922200,119780,118966,787,119753,2090
2021-07-01,Santa Cruz,087,273765,16361,16254,818,17072,208
2021-07-01,Shasta,089,179085,12670,12582,1661,14243,204
2021-07-01,Sierra,091,2930,63,60,12,72,0
2021-07-01,Siskiyou,093,43540,1974,1899,379,2278,29
2021-07-01,Solano,095,438530,33655,33486,581,34067,268
2021-07-01,Sonoma,097,501317,31188,31000,372,31372,316
2021-07-01,Stanislaus,099,539301,57254,57018,6055,63073,1018
2021-07-01,Sutter,101,95872,9719,9644,90,9734,114
2021-07-01,Tehama,103,63373,5167,5124,597,5721,63
2021-07-01,Trinity,105,12862,494,341,99,440,3
2021-07-01,Tulare,107,460477,50524,49789,9233,59022,853
2021-07-01,Tuolumne,109,53932,4079,4113,41,4154,64
2021-07-01,Ventura,111,848112,82052,81425,3078,84503,1033
2021-07-01,Yolo,113,214977,14241,14188,365,14553,213
2021-07-01,Yuba,115,75493,6252,6197,133,6330,51
2021-06-30,Alameda,001,1643700,89955,89597,2013,91610,1256
2021-06-30,Alpine,003,1148,88,89,0,89,0
2021-06-30,Amador,005,37829,3770,3756,33,3789,46
2021-06-30,Butte,007,227075,12832,12676,1880,14556,201
2021-06-30,Calaveras,009,45235,2213,2198,14,2212,55
2021-06-30,Colusa,011,21464,1974,1967,322,2289,15
2021-06-30,Contra Costa,013,1133247,71432,70869,1334,72203,818
2021-06-30,Del Norte,015,27424,1468,1435,13,1448,8
2021-06-30,El Dorado,017,186661,10522,10420,773,11193,113
2021-06-30,Fresno,019,978130,103651,102490,8817,111307,1727
2021-06-30,Glenn,021,27897,2454,2440,574,3014,20
2021-06-30,Humboldt,023,135768,4553,4522,50,4572,49
2021-06-30,Imperial,025,180216,28832,28651,2891,31542,739
2021-06-30,Inyo,027,18085,1415,1409,12,1421,35
2021-06-30,Kern,029,883053,98054,97267,11214,108481,1348
2021-06-30,Kings,031,150075,23325,23038,1116,24154,245
2021-06-30,Lake,033,64148,3643,3601,13,3614,56
2021-06-30,Lassen,035,31185,5299,5269,117,5386,20
2021-06-30,Los Angeles,037,10098052,1213291,1208246,42294,1250540,24499
2021-06-30,Madera,039,155013,16833,16688,952,17640,240
2021-06-30,Marin,041,260295,14255,14133,267,14400,232
2021-06-30,Mariposa,043,17540,441,441,11,452,5
2021-06-30,Mendocino,045,87422,4209,4115,83,4198,49
2021-06-30,Merced,047,269075,31354,31286,1002,32288,469
2021-06-30,Modoc,049,8938,420,410,149,559,4
2021-06-30,Mono,051,14174,1264,1275,17,1292,3
2021-06-30,Monterey,053,433212,43401,43209,1891,45100,492
2021-06-30,Napa,055,140530,10064,10039,40,10079,81
2021-06-30,Nevada,057,99092,5002,4958,195,5153,72
2021-06-30,Orange,059,3164182,257149,255764,11599,267363,5125
2021-06-30,Placer,061,380077,23963,23721,1570,25291,299
2021-06-30,Plumas,063,18699,723,705,12,717,4
2021-06-30,Riverside,065,2383286,296190,293280,14231,307511,4535
2021-06-30,Sacramento,067,1510023,108980,108137,1884,110021,1676
2021-06-30,San Benito,069,59416,6130,6105,116,6221,63
2021-06-30,San Bernardino,071,2135413,295287,294211,9101,303312,4975
2021-06-30,San Diego,073,3302833,283668,282583,15480,298063,3780
2021-06-30,San Francisco,075,870044,37304,37065,1323,38388,558
2021-06-30,San Joaquin,077,732212,74330,73777,3685,77462,1409
2021-06-30,San Luis Obispo,079,281455,21603,21326,762,22088,256
2021-06-30,San Mateo,081,765935,42922,42599,493,43092,537
2021-06-30,Santa Barbara,083,443738,34727,34521,1213,35734,456
2021-06-30,Santa Clara,085,1922200,119733,118930,784,119714,2090
2021-06-30,Santa Cruz,087,273765,16355,16250,818,17068,208
2021-06-30,Shasta,089,179085,12664,12564,1661,14225,204
2021-06-30,Sierra,091,2930,63,60,12,72,0
2021-06-30,Siskiyou,093,43540,1972,1900,376,2276,29
2021-06-30,Solano,095,438530,33616,33453,579,34032,268
2021-06-30,Sonoma,097,501317,31158,30947,372,31319,316
2021-06-30,Stanislaus,099,539301,57237,56997,6054,63051,1018
2021-06-30,Sutter,101,95872,9709,9638,90,9728,114
2021-06-30,Tehama,103,63373,5165,5124,597,5721,63
2021-06-30,Trinity,105,12862,494,341,99,440,3
2021-06-30,Tulare,107,460477,50513,49764,9222,58986,853
2021-06-30,Tuolumne,109,53932,4076,4112,41,4153,64
2021-06-30,Ventura,111,848112,82009,81392,3073,84465,1032
2021-06-30,Yolo,113,214977,14235,14178,362,14540,213
2021-06-30,Yuba,115,75493,6245,6191,133,6324,51
2021-06-29,Alameda,001,1643700,89848,89519,2012,91531,1257
2021-06-29,Alpine,003,1148,88,89,0,89,0
2021-06-29,Amador,005,37829,3766,3754,33,3787,46
2021-06-29,Butte,007,227075,12824,12669,1880,14549,201
2021-06-29,Calaveras,009,45235,2207,2198,14,2212,55
2021-06-29,Colusa,011,21464,1972,1967,322,2289,15
2021-06-29,Contra Costa,013,1133247,71358,70775,1334,72109,817
2021-06-29,Del Norte,015,27424,1467,1435,13,1448,8
2021-06-29,El Dorado,017,186661,10509,10403,769,11172,113
2021-06-29,Fresno,019,978130,103618,102464,8814,111278,1725
2021-06-29,Glenn,021,27897,2453,2439,574,3013,20
2021-06-29,Humboldt,023,135768,4549,4514,49,4563,49
2021-06-29,Imperial,025,180216,28823,28645,2889,31534,737
2021-06-29,Inyo,027,18085,1415,1408,12,1420,35
2021-06-29,Kern,029,883053,98033,97173,11208,108381,1347
2021-06-29,Kings,031,150075,23316,23035,1115,24150,245
2021-06-29,Lake,033,64148,3637,3594,13,3607,56
2021-06-29,Lassen,035,31185,5292,5268,117,5385,20
2021-06-29,Los Angeles,037,10098052,1212682,1207895,42263,1250158,24498
2021-06-29,Madera,039,155013,16829,16680,951,17631,240
2021-06-29,Marin,041,260295,14243,14127,267,14394,232
2021-06-29,Mariposa,043,17540,441,441,11,452,5
2021-06-29,Mendocino,045,87422,4205,4107,82,4189,49
2021-06-29,Merced,047,269075,31342,31277,1002,32279,469
2021-06-29,Modoc,049,8938,419,408,149,557,3
2021-06-29,Mono,051,14174,1264,1275,17,1292,3
2021-06-29,Monterey,053,433212,43391,43196,1889,45085,471
2021-06-29,Napa,055,140530,10058,10033,40,10073,81
2021-06-29,Nevada,057,99092,4995,4952,195,5147,72
2021-06-29,Orange,059,3164182,257049,255686,11584,267270,5124
2021-06-29,Placer,061,380077,23943,23693,1568,25261,299
2021-06-29,Plumas,063,18699,723,704,12,716,4
2021-06-29,Riverside,065,2383286,296091,292962,14224,307186,4524
2021-06-29,Sacramento,067,1510023,108827,108067,1881,109948,1677
2021-06-29,San Benito,069,59416,6119,6099,116,6215,63
2021-06-29,San Bernardino,071,2135413,295174,294118,9099,303217,4940
2021-06-29,San Diego,073,3302833,283513,282499,15453,297952,3780
2021-06-29,San Francisco,075,870044,37266,37041,1320,38361,558
2021-06-29,San Joaquin,077,732212,74282,73724,3682,77406,1409
2021-06-29,San Luis Obispo,079,281455,21593,21324,761,22085,256
2021-06-29,San Mateo,081,765935,42888,42540,493,43033,540
2021-06-29,Santa Barbara,083,443738,34717,34507,1212,35719,455
2021-06-29,Santa Clara,085,1922200,119678,118893,783,119676,2090
2021-06-29,Santa Cruz,087,273765,16349,16249,818,17067,208
2021-06-29,Shasta,089,179085,12652,12564,1660,14224,204
2021-06-29,Sierra,091,2930,63,59,12,71,0
2021-06-29,Siskiyou,093,43540,1969,1897,372,2269,29
2021-06-29,Solano,095,438530,33583,33440,577,34017,268
2021-06-29,Sonoma,097,501317,31116,30950,370,31320,316
2021-06-29,Stanislaus,099,539301,57216,56980,6047,63027,1018
2021-06-29,Sutter,101,95872,9698,9634,90,9724,114
2021-06-29,Tehama,103,63373,5165,5124,597,5721,63
2021-06-29,Trinity,105,12862,494,341,99,440,3
2021-06-29,Tulare,107,460477,50500,49751,9217,58968,852
2021-06-29,Tuolumne,109,53932,4074,4111,41,4152,64
2021-06-29,Ventura,111,848112,81971,81363,3067,84430,1032
2021-06-29,Yolo,113,214977,14223,14171,361,14532,213
2021-06-29,Yuba,115,75493,6235,6188,133,6321,51
2021-06-28,Alameda,001,1643700,89756,89638,2009,91647,1259
2021-06-28,Alpine,003,1148,88,89,0,89,0
2021-06-28,Amador,005,37829,3765,3753,33,3786,46
2021-06-28,Butte,007,227075,12815,12697,1878,14575,198
2021-06-28,Calaveras,009,45235,2204,2203,14,2217,55
2021-06-28,Colusa,011,21464,1970,1974,322,2296,15
2021-06-28,Contra Costa,013,1133247,71284,70807,1332,72139,816
2021-06-28,Del Norte,015,27424,1467,1436,13,1449,8
2021-06-28,El Dorado,017,186661,10499,10422,765,11187,115
2021-06-28,Fresno,019,978130,103588,103121,8812,111933,1727
2021-06-28,Glenn,021,27897,2453,2439,574,3013,20
2021-06-28,Humboldt,023,135768,4542,4520,48,4568,49
2021-06-28,Imperial,025,180216,28815,28981,2888,31869,741
2021-06-28,Inyo,027,18085,1412,1407,12,1419,35
2021-06-28,Kern,029,883053,98014,97252,11203,108455,1348
2021-06-28,Kings,031,150075,23310,23134,1115,24249,246
2021-06-28,Lake,033,64148,3629,3591,13,3604,56
2021-06-28,Lassen,035,31185,5290,5268,117,5385,20
2021-06-28,Los Angeles,037,10098052,1212164,1207714,42227,1249941,24496
2021-06-28,Madera,039,155013,16818,16683,950,17633,240
2021-06-28,Marin,041,260295,14228,14186,267,14453,232
2021-06-28,Mariposa,043,17540,441,440,11,451,5
2021-06-28,Mendocino,045,87422,4196,4102,81,4183,49
2021-06-28,Merced,047,269075,31330,31277,1002,32279,469
2021-06-28,Modoc,049,8938,419,411,148,559,3
2021-06-28,Mono,051,14174,1264,1276,17,1293,3
2021-06-28,Monterey,053,433212,43387,43202,1888,45090,462
2021-06-28,Napa,055,140530,10049,10050,39,10089,81
2021-06-28,Nevada,057,99092,4991,4951,195,5146,72
2021-06-28,Orange,059,3164182,256959,255755,11570,267325,5123
2021-06-28,Placer,061,380077,23923,23756,1563,25319,299
2021-06-28,Plumas,063,18699,721,704,12,716,4
2021-06-28,Riverside,065,2383286,295965,292647,14211,306858,4507
2021-06-28,Sacramento,067,1510023,108695,108342,1876,110218,1675
2021-06-28,San Benito,069,59416,6117,6101,116,6217,63
2021-06-28,San Bernardino,071,2135413,295073,294151,9094,303245,4928
2021-06-28,San Diego,073,3302833,283350,282417,15424,297841,3780
2021-06-28,San Francisco,075,870044,37230,37372,1318,38690,559
2021-06-28,San Joaquin,077,732212,74234,73973,3678,77651,1411
2021-06-28,San Luis Obispo,079,281455,21589,21340,760,22100,256
2021-06-28,San Mateo,081,765935,42854,42927,492,43419,540
2021-06-28,Santa Barbara,083,443738,34710,34534,1210,35744,455
2021-06-28,Santa Clara,085,1922200,119614,120377,782,121159,2103
2021-06-28,Santa Cruz,087,273765,16344,16245,818,17063,208
2021-06-28,Shasta,089,179085,12648,12642,1658,14300,203
2021-06-28,Sierra,091,2930,63,58,12,70,0
2021-06-28,Siskiyou,093,43540,1968,1896,372,2268,29
2021-06-28,Solano,095,438530,33547,33524,575,34099,267
2021-06-28,Sonoma,097,501317,31079,31137,369,31506,315
2021-06-28,Stanislaus,099,539301,57198,57047,6043,63090,1018
2021-06-28,Sutter,101,95872,9694,9682,90,9772,114
2021-06-28,Tehama,103,63373,5163,5122,597,5719,63
2021-06-28,Trinity,105,12862,494,341,99,440,3
2021-06-28,Tulare,107,460477,50490,49751,9213,58964,850
2021-06-28,Tuolumne,109,53932,4067,4121,41,4162,64
2021-06-28,Ventura,111,848112,81914,81393,3062,84455,1032
2021-06-28,Yolo,113,214977,14214,14199,358,14557,213
2021-06-28,Yuba,115,75493,6230,6207,133,6340,51
2021-06-27,Alameda,001,1643700,89670,89611,2004,91615,1259
2021-06-27,Alpine,003,1148,88,89,0,89,0
2021-06-27,Amador,005,37829,3764,3752,33,3785,46
2021-06-27,Butte,007,227075,12806,12696,1877,14573,198
2021-06-27,Calaveras,009,45235,2202,2203,14,2217,55
2021-06-27,Colusa,011,21464,1970,1974,322,2296,15
2021-06-27,Contra Costa,013,1133247,71198,70762,1328,72090,816
2021-06-27,Del Norte,015,27424,1464,1436,13,1449,8
2021-06-27,El Dorado,017,186661,10487,10418,762,11180,115
2021-06-27,Fresno,019,978130,103559,103110,8810,111920,1727
2021-06-27,Glenn,021,27897,2452,2439,573,3012,20
2021-06-27,Humboldt,023,135768,4530,4513,45,4558,49
2021-06-27,Imperial,025,180216,28801,28987,2887,31874,741
2021-06-27,Inyo,027,18085,1412,1407,12,1419,35
2021-06-27,Kern,029,883053,97988,97249,11196,108445,1348
2021-06-27,Kings,031,150075,23300,23132,1115,24247,246
2021-06-27,Lake,033,64148,3622,3581,13,3594,56
2021-06-27,Lassen,035,31185,5289,5265,117,5382,20
2021-06-27,Los Angeles,037,10098052,1211619,1207461,42187,1249648,24493
2021-06-27,Madera,039,155013,16810,16680,950,17630,240
2021-06-27,Marin,041,260295,14219,14182,267,14449,232
2021-06-27,Mariposa,043,17540,441,440,11,451,5
2021-06-27,Mendocino,045,87422,4189,4100,81,4181,49
2021-06-27,Merced,047,269075,31318,31266,1002,32268,469
2021-06-27,Modoc,049,8938,419,411,148,559,3
2021-06-27,Mono,051,14174,1264,1279,17,1296,3
2021-06-27,Monterey,053,433212,43374,43199,1888,45087,462
2021-06-27,Napa,055,140530,10043,10046,39,10085,81
2021-06-27,Nevada,057,99092,4985,4946,195,5141,72
2021-06-27,Orange,059,3164182,256845,255710,11559,267269,5123
2021-06-27,Placer,061,380077,23890,23731,1560,25291,299
2021-06-27,Plumas,063,18699,721,704,12,716,4
2021-06-27,Riverside,065,2383286,295862,292641,14204,306845,4507
2021-06-27,Sacramento,067,1510023,108560,108279,1872,110151,1675
2021-06-27,San Benito,069,59416,6111,6101,116,6217,63
2021-06-27,San Bernardino,071,2135413,294960,294115,9092,303207,4927
2021-06-27,San Diego,073,3302833,283210,282359,15398,297757,3780
2021-06-27,San Francisco,075,870044,37193,37360,1317,38677,559
2021-06-27,San Joaquin,077,732212,74198,73960,3676,77636,1411
2021-06-27,San Luis Obispo,079,281455,21582,21340,759,22099,256
2021-06-27,San Mateo,081,765935,42825,42925,489,43414,539
2021-06-27,Santa Barbara,083,443738,34695,34533,1208,35741,455
2021-06-27,Santa Clara,085,1922200,119563,120352,781,121133,2103
2021-06-27,Santa Cruz,087,273765,16335,16241,818,17059,208
2021-06-27,Shasta,089,179085,12642,12640,1657,14297,203
2021-06-27,Sierra,091,2930,63,58,12,70,0
2021-06-27,Siskiyou,093,43540,1966,1896,371,2267,29
2021-06-27,Solano,095,438530,33519,33516,575,34091,267
2021-06-27,Sonoma,097,501317,31041,31129,369,31498,315
2021-06-27,Stanislaus,099,539301,57159,57021,6040,63061,1018
2021-06-27,Sutter,101,95872,9688,9678,90,9768,114
2021-06-27,Tehama,103,63373,5159,5122,597,5719,63
2021-06-27,Trinity,105,12862,494,341,98,439,3
2021-06-27,Tulare,107,460477,50477,49749,9206,58955,850
2021-06-27,Tuolumne,109,53932,4065,4121,41,4162,64
2021-06-27,Ventura,111,848112,81880,81361,3053,84414,1032
2021-06-27,Yolo,113,214977,14199,14194,354,14548,213
2021-06-27,Yuba,115,75493,6224,6205,133,6338,51
2021-06-26,Alameda,001,1643700,89613,89560,2002,91562,1259
2021-06-26,Alpine,003,1148,88,89,0,89,0
2021-06-26,Amador,005,37829,3764,3748,33,3781,46
2021-06-26,Butte,007,227075,12802,12693,1874,14567,198
2021-06-26,Calaveras,009,45235,2200,2202,14,2216,55
2021-06-26,Colusa,011,21464,1970,1973,322,2295,15
2021-06-26,Contra Costa,013,1133247,71155,70712,1327,72039,816
2021-06-26,Del Norte,015,27424,1463,1432,13,1445,8
2021-06-26,El Dorado,017,186661,10479,10414,761,11175,115
2021-06-26,Fresno,019,978130,103539,103091,8808,111899,1727
2021-06-26,Glenn,021,27897,2450,2441,573,3014,20
2021-06-26,Humboldt,023,135768,4527,4509,45,4554,49
2021-06-26,Imperial,025,180216,28797,28970,2887,31857,741
2021-06-26,Inyo,027,18085,1412,1407,12,1419,35
2021-06-26,Kern,029,883053,97962,97239,11187,108426,1348
2021-06-26,Kings,031,150075,23296,23128,1114,24242,246
2021-06-26,Lake,033,64148,3611,3576,13,3589,56
2021-06-26,Lassen,035,31185,5286,5263,117,5380,20
2021-06-26,Los Angeles,037,10098052,1211315,1207198,42152,1249350,24490
2021-06-26,Madera,039,155013,16803,16679,949,17628,240
2021-06-26,Marin,041,260295,14210,14180,267,14447,232
2021-06-26,Mariposa,043,17540,441,440,11,451,5
2021-06-26,Mendocino,045,87422,4187,4096,81,4177,49
2021-06-26,Merced,047,269075,31312,31259,1001,32260,469
2021-06-26,Modoc,049,8938,419,411,148,559,3
2021-06-26,Mono,051,14174,1264,1279,17,1296,3
2021-06-26,Monterey,053,433212,43371,43192,1888,45080,462
2021-06-26,Napa,055,140530,10037,10043,39,10082,81
2021-06-26,Nevada,057,99092,4980,4939,195,5134,72
2021-06-26,Orange,059,3164182,256766,255640,11552,267192,5123
2021-06-26,Placer,061,380077,23876,23702,1558,25260,299
2021-06-26,Plumas,063,18699,721,704,12,716,4
2021-06-26,Riverside,065,2383286,295804,292480,14198,306678,4505
2021-06-26,Sacramento,067,1510023,108489,108179,1870,110049,1675
2021-06-26,San Benito,069,59416,6107,6100,116,6216,63
2021-06-26,San Bernardino,071,2135413,294865,294034,9087,303121,4928
2021-06-26,San Diego,073,3302833,283125,282263,15380,297643,3780
2021-06-26,San Francisco,075,870044,37161,37348,1316,38664,559
2021-06-26,San Joaquin,077,732212,74169,73928,3675,77603,1411
2021-06-26,San Luis Obispo,079,281455,21581,21330,758,22088,256
2021-06-26,San Mateo,081,765935,42805,42898,489,43387,539
2021-06-26,Santa Barbara,083,443738,34686,34525,1208,35733,455
2021-06-26,Santa Clara,085,1922200,119530,120321,781,121102,2103
2021-06-26,Santa Cruz,087,273765,16332,16239,818,17057,208
2021-06-26,Shasta,089,179085,12638,12635,1653,14288,203
2021-06-26,Sierra,091,2930,63,58,12,70,0
2021-06-26,Siskiyou,093,43540,1965,1896,370,2266,29
2021-06-26,Solano,095,438530,33501,33489,573,34062,267
2021-06-26,Sonoma,097,501317,31015,31088,369,31457,315
2021-06-26,Stanislaus,099,539301,57143,57006,6038,63044,1018
2021-06-26,Sutter,101,95872,9687,9669,90,9759,114
2021-06-26,Tehama,103,63373,5159,5119,597,5716,63
2021-06-26,Trinity,105,12862,494,341,98,439,3
2021-06-26,Tulare,107,460477,50471,49745,9206,58951,850
2021-06-26,Tuolumne,109,53932,4065,4121,41,4162,64
2021-06-26,Ventura,111,848112,81856,81352,3052,84404,1032
2021-06-26,Yolo,113,214977,14191,14184,354,14538,213
2021-06-26,Yuba,115,75493,6221,6200,133,6333,51
2021-06-25,Alameda,001,1643700,89547,89453,1999,91452,1271
2021-06-25,Alpine,003,1148,88,89,0,89,0
2021-06-25,Amador,005,37829,3763,3746,33,3779,46
2021-06-25,Butte,007,227075,12797,12682,1871,14553,198
2021-06-25,Calaveras,009,45235,2199,2201,14,2215,55
2021-06-25,Colusa,011,21464,1970,1972,322,2294,15
2021-06-25,Contra Costa,013,1133247,71119,70659,1327,71986,815
2021-06-25,Del Norte,015,27424,1463,1426,13,1439,8
2021-06-25,El Dorado,017,186661,10471,10406,758,11164,115
2021-06-25,Fresno,019,978130,103521,103073,8804,111877,1727
2021-06-25,Glenn,021,27897,2450,2441,573,3014,20
2021-06-25,Humboldt,023,135768,4521,4503,43,4546,49
2021-06-25,Imperial,025,180216,28794,28968,2887,31855,740
2021-06-25,Inyo,027,18085,1411,1406,12,1418,35
2021-06-25,Kern,029,883053,97943,97182,11183,108365,1347
2021-06-25,Kings,031,150075,23290,23118,1114,24232,246
2021-06-25,Lake,033,64148,3605,3571,13,3584,56
2021-06-25,Lassen,035,31185,5285,5259,117,5376,20
2021-06-25,Los Angeles,037,10098052,1211036,1206909,42133,1249042,24483
2021-06-25,Madera,039,155013,16800,16670,949,17619,240
2021-06-25,Marin,041,260295,14207,14179,267,14446,232
2021-06-25,Mariposa,043,17540,441,440,11,451,5
2021-06-25,Mendocino,045,87422,4184,4089,81,4170,49
2021-06-25,Merced,047,269075,31304,31256,1001,32257,467
2021-06-25,Modoc,049,8938,419,411,148,559,3
2021-06-25,Mono,051,14174,1264,1279,17,1296,3
2021-06-25,Monterey,053,433212,43366,43184,1887,45071,462
2021-06-25,Napa,055,140530,10032,10037,39,10076,81
2021-06-25,Nevada,057,99092,4977,4932,195,5127,72
2021-06-25,Orange,059,3164182,256695,255574,11550,267124,5119
2021-06-25,Placer,061,380077,23857,23672,1557,25229,299
2021-06-25,Plumas,063,18699,721,702,11,713,4
2021-06-25,Riverside,065,2383286,295737,291663,14191,305854,4490
2021-06-25,Sacramento,067,1510023,108417,108034,1867,109901,1673
2021-06-25,San Benito,069,59416,6103,6098,116,6214,63
2021-06-25,San Bernardino,071,2135413,294810,293941,9085,303026,4911
2021-06-25,San Diego,073,3302833,283065,282157,15367,297524,3779
2021-06-25,San Francisco,075,870044,37138,37338,1315,38653,559
2021-06-25,San Joaquin,077,732212,74136,73860,3673,77533,1410
2021-06-25,San Luis Obispo,079,281455,21578,21325,757,22082,256
2021-06-25,San Mateo,081,765935,42787,42849,489,43338,537
2021-06-25,Santa Barbara,083,443738,34678,34518,1207,35725,454
2021-06-25,Santa Clara,085,1922200,119510,120272,781,121053,2103
2021-06-25,Santa Cruz,087,273765,16329,16230,816,17046,208
2021-06-25,Shasta,089,179085,12628,12633,1652,14285,202
2021-06-25,Sierra,091,2930,63,58,12,70,0
2021-06-25,Siskiyou,093,43540,1964,1894,370,2264,29
2021-06-25,Solano,095,438530,33481,33449,573,34022,267
2021-06-25,Sonoma,097,501317,30993,31043,369,31412,314
2021-06-25,Stanislaus,099,539301,57127,56973,6031,63004,1018
2021-06-25,Sutter,101,95872,9680,9664,90,9754,114
2021-06-25,Tehama,103,63373,5158,5119,597,5716,63
2021-06-25,Trinity,105,12862,494,338,98,436,3
2021-06-25,Tulare,107,460477,50464,49731,9203,58934,850
2021-06-25,Tuolumne,109,53932,4064,4121,41,4162,64
2021-06-25,Ventura,111,848112,81827,81342,3046,84388,1032
2021-06-25,Yolo,113,214977,14185,14172,354,14526,213
2021-06-25,Yuba,115,75493,6217,6195,133,6328,51
2021-06-24,Alameda,001,1643700,89476,89358,1996,91354,1268
2021-06-24,Alpine,003,1148,88,89,0,89,0
2021-06-24,Amador,005,37829,3759,3745,33,3778,46
2021-06-24,Butte,007,227075,12791,12673,1869,14542,198
2021-06-24,Calaveras,009,45235,2196,2202,14,2216,55
2021-06-24,Colusa,011,21464,1969,1972,322,2294,15
2021-06-24,Contra Costa,013,1133247,71060,70590,1327,71917,813
2021-06-24,Del Norte,015,27424,1462,1421,13,1434,8
2021-06-24,El Dorado,017,186661,10464,10402,758,11160,115
2021-06-24,Fresno,019,978130,103501,103061,8801,111862,1727
2021-06-24,Glenn,021,27897,2449,2439,573,3012,20
2021-06-24,Humboldt,023,135768,4516,4493,43,4536,49
2021-06-24,Imperial,025,180216,28791,28981,2886,31867,740
2021-06-24,Inyo,027,18085,1410,1406,12,1418,35
2021-06-24,Kern,029,883053,97924,97129,11170,108299,1346
2021-06-24,Kings,031,150075,23286,23114,1112,24226,246
2021-06-24,Lake,033,64148,3599,3571,13,3584,56
2021-06-24,Lassen,035,31185,5284,5258,117,5375,20
2021-06-24,Los Angeles,037,10098052,1210712,1206590,42110,1248700,24480
2021-06-24,Madera,039,155013,16789,16662,948,17610,240
2021-06-24,Marin,041,260295,14203,14180,267,14447,232
2021-06-24,Mariposa,043,17540,441,440,11,451,5
2021-06-24,Mendocino,045,87422,4176,4085,81,4166,49
2021-06-24,Merced,047,269075,31294,31248,1000,32248,466
2021-06-24,Modoc,049,8938,419,411,148,559,3
2021-06-24,Mono,051,14174,1264,1276,17,1293,3
2021-06-24,Monterey,053,433212,43359,43180,1887,45067,451
2021-06-24,Napa,055,140530,10030,10036,39,10075,80
2021-06-24,Nevada,057,99092,4975,4927,195,5122,72
2021-06-24,Orange,059,3164182,256631,255520,11542,267062,5117
2021-06-24,Placer,061,380077,23832,23659,1555,25214,299
2021-06-24,Plumas,063,18699,720,702,11,713,4
2021-06-24,Riverside,065,2383286,295657,291067,14180,305247,4473
2021-06-24,Sacramento,067,1510023,108329,107965,1865,109830,1672
2021-06-24,San Benito,069,59416,6100,6098,116,6214,63
2021-06-24,San Bernardino,071,2135413,294741,293895,9080,302975,4898
2021-06-24,San Diego,073,3302833,282960,282053,15355,297408,3778
2021-06-24,San Francisco,075,870044,37116,37320,1313,38633,559
2021-06-24,San Joaquin,077,732212,74088,73814,3673,77487,1408
2021-06-24,San Luis Obispo,079,281455,21572,21326,757,22083,256
2021-06-24,San Mateo,081,765935,42761,42814,488,43302,542
2021-06-24,Santa Barbara,083,443738,34672,34512,1206,35718,454
2021-06-24,Santa Clara,085,1922200,119480,120274,780,121054,2103
2021-06-24,Santa Cruz,087,273765,16328,16227,816,17043,208
2021-06-24,Shasta,089,179085,12623,12629,1648,14277,202
2021-06-24,Sierra,091,2930,63,58,12,70,0
2021-06-24,Siskiyou,093,43540,1964,1892,370,2262,28
2021-06-24,Solano,095,438530,33459,33432,571,34003,267
2021-06-24,Sonoma,097,501317,30964,31020,369,31389,314
2021-06-24,Stanislaus,099,539301,57101,56946,6031,62977,1018
2021-06-24,Sutter,101,95872,9673,9660,90,9750,113
2021-06-24,Tehama,103,63373,5155,5115,597,5712,63
2021-06-24,Trinity,105,12862,493,338,98,436,3
2021-06-24,Tulare,107,460477,50453,49730,9201,58931,850
2021-06-24,Tuolumne,109,53932,4062,4120,41,4161,64
2021-06-24,Ventura,111,848112,81799,81332,3045,84377,1032
2021-06-24,Yolo,113,214977,14176,14169,351,14520,213
2021-06-24,Yuba,115,75493,6212,6195,133,6328,51
2021-06-23,Alameda,001,1643700,89403,89338,1995,91333,1266
2021-06-23,Alpine,003,1148,88,88,0,88,0
2021-06-23,Amador,005,37829,3757,3743,33,3776,46
2021-06-23,Butte,007,227075,12784,12666,1869,14535,198
2021-06-23,Calaveras,009,45235,2195,2199,14,2213,55
2021-06-23,Colusa,011,21464,1968,1972,322,2294,15
2021-06-23,Contra Costa,013,1133247,70995,70526,1326,71852,813
2021-06-23,Del Norte,015,27424,1458,1418,13,1431,8
2021-06-23,El Dorado,017,186661,10455,10395,755,11150,115
2021-06-23,Fresno,019,978130,103472,103020,8799,111819,1724
2021-06-23,Glenn,021,27897,2449,2437,572,3009,20
2021-06-23,Humboldt,023,135768,4507,4490,43,4533,48
2021-06-23,Imperial,025,180216,28784,28908,2886,31794,740
2021-06-23,Inyo,027,18085,1410,1406,12,1418,35
2021-06-23,Kern,029,883053,97896,97078,11157,108235,1345
2021-06-23,Kings,031,150075,23279,23105,1110,24215,245
2021-06-23,Lake,033,64148,3590,3566,13,3579,53
2021-06-23,Lassen,035,31185,5281,5257,117,5374,20
2021-06-23,Los Angeles,037,10098052,1210375,1206358,42100,1248458,24472
2021-06-23,Madera,039,155013,16783,16660,948,17608,240
2021-06-23,Marin,041,260295,14197,14177,267,14444,230
2021-06-23,Mariposa,043,17540,441,439,11,450,5
2021-06-23,Mendocino,045,87422,4172,4078,81,4159,49
2021-06-23,Merced,047,269075,31285,31260,1000,32260,465
2021-06-23,Modoc,049,8938,417,407,148,555,3
2021-06-23,Mono,051,14174,1264,1279,17,1296,3
2021-06-23,Monterey,053,433212,43350,43166,1887,45053,439
2021-06-23,Napa,055,140530,10021,10032,39,10071,80
2021-06-23,Nevada,057,99092,4972,4924,195,5119,72
2021-06-23,Orange,059,3164182,256565,255479,11534,267013,5116
2021-06-23,Placer,061,380077,23803,23630,1550,25180,299
2021-06-23,Plumas,063,18699,719,701,11,712,4
2021-06-23,Riverside,065,2383286,295574,290343,14178,304521,4462
2021-06-23,Sacramento,067,1510023,108237,107868,1860,109728,1671
2021-06-23,San Benito,069,59416,6096,6097,116,6213,63
2021-06-23,San Bernardino,071,2135413,294662,293816,9075,302891,4886
2021-06-23,San Diego,073,3302833,282860,281937,15334,297271,3777
2021-06-23,San Francisco,075,870044,37092,37304,1312,38616,559
2021-06-23,San Joaquin,077,732212,74049,73764,3671,77435,1405
2021-06-23,San Luis Obispo,079,281455,21568,21323,756,22079,257
2021-06-23,San Mateo,081,765935,42745,42756,488,43244,542
2021-06-23,Santa Barbara,083,443738,34662,34505,1206,35711,454
2021-06-23,Santa Clara,085,1922200,119451,120233,780,121013,2098
2021-06-23,Santa Cruz,087,273765,16324,16215,816,17031,209
2021-06-23,Shasta,089,179085,12616,12604,1646,14250,202
2021-06-23,Sierra,091,2930,63,57,12,69,0
2021-06-23,Siskiyou,093,43540,1962,1892,370,2262,28
2021-06-23,Solano,095,438530,33415,33408,571,33979,267
2021-06-23,Sonoma,097,501317,30924,30959,367,31326,314
2021-06-23,Stanislaus,099,539301,57071,56926,6030,62956,1017
2021-06-23,Sutter,101,95872,9667,9653,90,9743,113
2021-06-23,Tehama,103,63373,5155,5119,596,5715,63
2021-06-23,Trinity,105,12862,493,338,98,436,3
2021-06-23,Tulare,107,460477,50446,49711,9197,58908,850
2021-06-23,Tuolumne,109,53932,4059,4120,41,4161,64
2021-06-23,Ventura,111,848112,81776,81312,3042,84354,1032
2021-06-23,Yolo,113,214977,14166,14161,351,14512,212
2021-06-23,Yuba,115,75493,6209,6190,133,6323,51
2021-06-22,Alameda,001,1643700,89336,89308,1995,91303,1263
2021-06-22,Alpine,003,1148,88,88,0,88,0
2021-06-22,Amador,005,37829,3754,3743,33,3776,46
2021-06-22,Butte,007,227075,12780,12662,1866,14528,198
2021-06-22,Calaveras,009,45235,2194,2198,14,2212,55
2021-06-22,Colusa,011,21464,1967,1971,322,2293,15
2021-06-22,Contra Costa,013,1133247,70938,70480,1325,71805,813
2021-06-22,Del Norte,015,27424,1455,1417,13,1430,8
2021-06-22,El Dorado,017,186661,10450,10380,754,11134,113
2021-06-22,Fresno,019,978130,103453,102996,8795,111791,1724
2021-06-22,Glenn,021,27897,2448,2435,570,3005,19
2021-06-22,Humboldt,023,135768,4497,4483,43,4526,42
2021-06-22,Imperial,025,180216,28779,28880,2886,31766,740
2021-06-22,Inyo,027,18085,1410,1405,12,1417,35
2021-06-22,Kern,029,883053,97883,97013,11153,108166,1342
2021-06-22,Kings,031,150075,23271,23098,1109,24207,245
2021-06-22,Lake,033,64148,3588,3564,13,3577,45
2021-06-22,Lassen,035,31185,5276,5254,117,5371,20
2021-06-22,Los Angeles,037,10098052,1210061,1206146,42088,1248234,24461
2021-06-22,Madera,039,155013,16778,16652,948,17600,240
2021-06-22,Marin,041,260295,14195,14174,267,14441,230
2021-06-22,Mariposa,043,17540,441,439,11,450,5
2021-06-22,Mendocino,045,87422,4166,4072,81,4153,49
2021-06-22,Merced,047,269075,31274,31267,1000,32267,464
2021-06-22,Modoc,049,8938,415,405,147,552,3
2021-06-22,Mono,051,14174,1264,1277,17,1294,3
2021-06-22,Monterey,053,433212,43347,43162,1886,45048,427
2021-06-22,Napa,055,140530,10017,10029,39,10068,80
2021-06-22,Nevada,057,99092,4966,4923,195,5118,72
2021-06-22,Orange,059,3164182,256496,255452,11523,266975,5114
2021-06-22,Placer,061,380077,23781,23603,1550,25153,299
2021-06-22,Plumas,063,18699,719,697,11,708,4
2021-06-22,Riverside,065,2383286,295513,289839,14174,304013,4456
2021-06-22,Sacramento,067,1510023,108136,107801,1855,109656,1670
2021-06-22,San Benito,069,59416,6095,6098,116,6214,63
2021-06-22,San Bernardino,071,2135413,294587,293770,9069,302839,4873
2021-06-22,San Diego,073,3302833,282756,281867,15311,297178,3771
2021-06-22,San Francisco,075,870044,37078,37287,1312,38599,556
2021-06-22,San Joaquin,077,732212,74019,73723,3669,77392,1405
2021-06-22,San Luis Obispo,079,281455,21565,21321,755,22076,257
2021-06-22,San Mateo,081,765935,42731,42725,483,43208,542
2021-06-22,Santa Barbara,083,443738,34651,34500,1205,35705,454
2021-06-22,Santa Clara,085,1922200,119419,120194,780,120974,2095
2021-06-22,Santa Cruz,087,273765,16319,16218,816,17034,209
2021-06-22,Shasta,089,179085,12605,12616,1643,14259,202
2021-06-22,Sierra,091,2930,62,57,12,69,0
2021-06-22,Siskiyou,093,43540,1962,1892,370,2262,28
2021-06-22,Solano,095,438530,33397,33397,570,33967,267
2021-06-22,Sonoma,097,501317,30884,30933,367,31300,314
2021-06-22,Stanislaus,099,539301,57055,56915,6028,62943,1017
2021-06-22,Sutter,101,95872,9660,9649,90,9739,113
2021-06-22,Tehama,103,63373,5153,5118,595,5713,63
2021-06-22,Trinity,105,12862,491,337,98,435,3
2021-06-22,Tulare,107,460477,50437,49706,9192,58898,850
2021-06-22,Tuolumne,109,53932,4057,4119,41,4160,64
2021-06-22,Ventura,111,848112,81762,81300,3041,84341,1032
2021-06-22,Yolo,113,214977,14161,14157,349,14506,212
2021-06-22,Yuba,115,75493,6205,6181,133,6314,51
2021-06-21,Alameda,001,1643700,89280,89281,1994,91275,1262
2021-06-21,Alpine,003,1148,88,88,0,88,0
2021-06-21,Amador,005,37829,3748,3742,33,3775,46
2021-06-21,Butte,007,227075,12774,12668,1864,14532,195
2021-06-21,Calaveras,009,45235,2192,2194,14,2208,55
2021-06-21,Colusa,011,21464,1966,1970,321,2291,15
2021-06-21,Contra Costa,013,1133247,70867,70439,1323,71762,813
2021-06-21,Del Norte,015,27424,1451,1416,13,1429,8
2021-06-21,El Dorado,017,186661,10444,10375,753,11128,113
2021-06-21,Fresno,019,978130,103433,102971,8792,111763,1724
2021-06-21,Glenn,021,27897,2447,2433,570,3003,19
2021-06-21,Humboldt,023,135768,4488,4478,42,4520,42
2021-06-21,Imperial,025,180216,28775,28855,2885,31740,740
2021-06-21,Inyo,027,18085,1409,1405,12,1417,35
2021-06-21,Kern,029,883053,97854,96995,11144,108139,1342
2021-06-21,Kings,031,150075,23264,23091,1106,24197,245
2021-06-21,Lake,033,64148,3582,3563,13,3576,45
2021-06-21,Lassen,035,31185,5274,5233,117,5350,19
2021-06-21,Los Angeles,037,10098052,1209769,1205994,42067,1248061,24459
2021-06-21,Madera,039,155013,16769,16647,948,17595,240
2021-06-21,Marin,041,260295,14191,14173,267,14440,230
2021-06-21,Mariposa,043,17540,441,439,11,450,5
2021-06-21,Mendocino,045,87422,4163,4085,81,4166,49
2021-06-21,Merced,047,269075,31264,31264,999,32263,465
2021-06-21,Modoc,049,8938,415,405,147,552,3
2021-06-21,Mono,051,14174,1264,1277,17,1294,3
2021-06-21,Monterey,053,433212,43344,43157,1886,45043,427
2021-06-21,Napa,055,140530,10012,10028,39,10067,80
2021-06-21,Nevada,057,99092,4962,4921,195,5116,72
2021-06-21,Orange,059,3164182,256424,255400,11516,266916,5113
2021-06-21,Placer,061,380077,23757,23577,1550,25127,298
2021-06-21,Plumas,063,18699,717,697,11,708,4
2021-06-21,Riverside,065,2383286,295437,289797,14169,303966,4456
2021-06-21,Sacramento,067,1510023,108024,107757,1854,109611,1669
2021-06-21,San Benito,069,59416,6091,6098,116,6214,63
2021-06-21,San Bernardino,071,2135413,294500,293736,9065,302801,4850
2021-06-21,San Diego,073,3302833,282651,281811,15291,297102,3771
2021-06-21,San Francisco,075,870044,37061,37275,1311,38586,556
2021-06-21,San Joaquin,077,732212,73978,73687,3668,77355,1405
2021-06-21,San Luis Obispo,079,281455,21556,21316,755,22071,257
2021-06-21,San Mateo,081,765935,42714,42685,482,43167,542
2021-06-21,Santa Barbara,083,443738,34646,34492,1205,35697,455
2021-06-21,Santa Clara,085,1922200,119386,120192,779,120971,2093
2021-06-21,Santa Cruz,087,273765,16317,16212,816,17028,208
2021-06-21,Shasta,089,179085,12592,12617,1640,14257,201
2021-06-21,Sierra,091,2930,62,57,12,69,0
2021-06-21,Siskiyou,093,43540,1962,1892,370,2262,27
2021-06-21,Solano,095,438530,33374,33383,569,33952,266
2021-06-21,Sonoma,097,501317,30861,30912,367,31279,314
2021-06-21,Stanislaus,099,539301,57025,56891,6023,62914,1017
2021-06-21,Sutter,101,95872,9657,9649,90,9739,113
2021-06-21,Tehama,103,63373,5153,5115,594,5709,63
2021-06-21,Trinity,105,12862,491,337,98,435,3
2021-06-21,Tulare,107,460477,50426,49689,9188,58877,849
2021-06-21,Tuolumne,109,53932,4053,4119,41,4160,63
2021-06-21,Ventura,111,848112,81734,81291,3037,84328,1031
2021-06-21,Yolo,113,214977,14155,14165,349,14514,212
2021-06-21,Yuba,115,75493,6204,6172,133,6305,51
2021-06-20,Alameda,001,1643700,89215,89255,1993,91248,1263
2021-06-20,Alpine,003,1148,88,88,0,88,0
2021-06-20,Amador,005,37829,3745,3740,33,3773,46
2021-06-20,Butte,007,227075,12767,12668,1863,14531,194
2021-06-20,Calaveras,009,45235,2191,2193,14,2207,55
2021-06-20,Colusa,011,21464,1966,1970,321,2291,15
2021-06-20,Contra Costa,013,1133247,70811,70401,1321,71722,813
2021-06-20,Del Norte,015,27424,1447,1416,13,1429,8
2021-06-20,El Dorado,017,186661,10430,10372,751,11123,113
2021-06-20,Fresno,019,978130,103392,102947,8789,111736,1724
2021-06-20,Glenn,021,27897,2447,2434,570,3004,19
2021-06-20,Humboldt,023,135768,4482,4472,42,4514,42
2021-06-20,Imperial,025,180216,28766,28855,2884,31739,740
2021-06-20,Inyo,027,18085,1408,1405,12,1417,35
2021-06-20,Kern,029,883053,97833,96985,11133,108118,1342
2021-06-20,Kings,031,150075,23259,23088,1104,24192,245
2021-06-20,Lake,033,64148,3580,3563,13,3576,45
2021-06-20,Lassen,035,31185,5271,5230,117,5347,19
2021-06-20,Los Angeles,037,10098052,1209470,1205874,42059,1247933,24456
2021-06-20,Madera,039,155013,16761,16638,946,17584,240
2021-06-20,Marin,041,260295,14188,14166,267,14433,230
2021-06-20,Mariposa,043,17540,439,439,11,450,5
2021-06-20,Mendocino,045,87422,4156,4080,81,4161,49
2021-06-20,Merced,047,269075,31251,31265,999,32264,465
2021-06-20,Modoc,049,8938,415,405,147,552,3
2021-06-20,Mono,051,14174,1264,1275,17,1292,3
2021-06-20,Monterey,053,433212,43335,43156,1885,45041,427
2021-06-20,Napa,055,140530,10005,10026,38,10064,80
2021-06-20,Nevada,057,99092,4955,4919,195,5114,72
2021-06-20,Orange,059,3164182,256360,255377,11505,266882,5113
2021-06-20,Placer,061,380077,23723,23562,1546,25108,298
2021-06-20,Plumas,063,18699,716,697,11,708,4
2021-06-20,Riverside,065,2383286,295358,289770,14158,303928,4456
2021-06-20,Sacramento,067,1510023,107913,107700,1851,109551,1669
2021-06-20,San Benito,069,59416,6091,6098,116,6214,63
2021-06-20,San Bernardino,071,2135413,294400,293713,9061,302774,4845
2021-06-20,San Diego,073,3302833,282545,281750,15269,297019,3771
2021-06-20,San Francisco,075,870044,37039,37269,1311,38580,556
2021-06-20,San Joaquin,077,732212,73933,73676,3659,77335,1405
2021-06-20,San Luis Obispo,079,281455,21554,21313,755,22068,257
2021-06-20,San Mateo,081,765935,42685,42681,482,43163,542
2021-06-20,Santa Barbara,083,443738,34637,34487,1205,35692,455
2021-06-20,Santa Clara,085,1922200,119351,120163,779,120942,2093
2021-06-20,Santa Cruz,087,273765,16312,16210,816,17026,208
2021-06-20,Shasta,089,179085,12587,12617,1638,14255,201
2021-06-20,Sierra,091,2930,62,57,12,69,0
2021-06-20,Siskiyou,093,43540,1961,1891,370,2261,27
2021-06-20,Solano,095,438530,33352,33361,567,33928,266
2021-06-20,Sonoma,097,501317,30814,30884,364,31248,314
2021-06-20,Stanislaus,099,539301,56994,56868,6022,62890,1017
2021-06-20,Sutter,101,95872,9654,9645,90,9735,113
2021-06-20,Tehama,103,63373,5149,5115,594,5709,63
2021-06-20,Trinity,105,12862,491,337,98,435,3
2021-06-20,Tulare,107,460477,50417,49685,9186,58871,849
2021-06-20,Tuolumne,109,53932,4050,4117,41,4158,63
2021-06-20,Ventura,111,848112,81718,81282,3035,84317,1031
2021-06-20,Yolo,113,214977,14148,14160,349,14509,212
2021-06-20,Yuba,115,75493,6197,6167,133,6300,51
2021-06-19,Alameda,001,1643700,89180,89202,1993,91195,1263
2021-06-19,Alpine,003,1148,88,88,0,88,0
2021-06-19,Amador,005,37829,3743,3739,33,3772,46
2021-06-19,Butte,007,227075,12763,12659,1863,14522,194
2021-06-19,Calaveras,009,45235,2191,2192,14,2206,55
2021-06-19,Colusa,011,21464,1966,1969,321,2290,15
2021-06-19,Contra Costa,013,1133247,70780,70334,1320,71654,813
2021-06-19,Del Norte,015,27424,1446,1416,13,1429,8
2021-06-19,El Dorado,017,186661,10429,10363,750,11113,113
2021-06-19,Fresno,019,978130,103379,102922,8786,111708,1724
2021-06-19,Glenn,021,27897,2446,2434,569,3003,19
2021-06-19,Humboldt,023,135768,4471,4463,42,4505,42
2021-06-19,Imperial,025,180216,28765,28813,2884,31697,740
2021-06-19,Inyo,027,18085,1408,1405,12,1417,35
2021-06-19,Kern,029,883053,97817,96966,11129,108095,1342
2021-06-19,Kings,031,150075,23256,23086,1104,24190,245
2021-06-19,Lake,033,64148,3576,3563,13,3576,45
2021-06-19,Lassen,035,31185,5270,5225,117,5342,19
2021-06-19,Los Angeles,037,10098052,1209270,1205602,42044,1247646,24454
2021-06-19,Madera,039,155013,16759,16632,946,17578,240
2021-06-19,Marin,041,260295,14180,14152,267,14419,230
2021-06-19,Mariposa,043,17540,439,439,11,450,5
2021-06-19,Mendocino,045,87422,4150,4077,81,4158,49
2021-06-19,Merced,047,269075,31249,31256,999,32255,465
2021-06-19,Modoc,049,8938,414,402,147,549,3
2021-06-19,Mono,051,14174,1264,1275,17,1292,3
2021-06-19,Monterey,053,433212,43329,43153,1885,45038,427
2021-06-19,Napa,055,140530,10001,10025,38,10063,80
2021-06-19,Nevada,057,99092,4950,4910,195,5105,72
2021-06-19,Orange,059,3164182,256313,255329,11502,266831,5112
2021-06-19,Placer,061,380077,23707,23537,1543,25080,298
2021-06-19,Plumas,063,18699,715,697,11,708,4
2021-06-19,Riverside,065,2383286,295312,289720,14158,303878,4456
2021-06-19,Sacramento,067,1510023,107867,107631,1848,109479,1669
2021-06-19,San Benito,069,59416,6090,6098,116,6214,63
2021-06-19,San Bernardino,071,2135413,294356,293673,9058,302731,4844
2021-06-19,San Diego,073,3302833,282485,281682,15255,296937,3771
2021-06-19,San Francisco,075,870044,37026,37256,1311,38567,556
2021-06-19,San Joaquin,077,732212,73917,73652,3655,77307,1405
2021-06-19,San Luis Obispo,079,281455,21552,21308,755,22063,257
2021-06-19,San Mateo,081,765935,42667,42646,480,43126,542
2021-06-19,Santa Barbara,083,443738,34635,34472,1205,35677,455
2021-06-19,Santa Clara,085,1922200,119328,120110,778,120888,2093
2021-06-19,Santa Cruz,087,273765,16307,16206,816,17022,208
2021-06-19,Shasta,089,179085,12585,12615,1637,14252,201
2021-06-19,Sierra,091,2930,62,57,12,69,0
2021-06-19,Siskiyou,093,43540,1961,1891,369,2260,27
2021-06-19,Solano,095,438530,33342,33341,566,33907,266
2021-06-19,Sonoma,097,501317,30773,30841,363,31204,314
2021-06-19,Stanislaus,099,539301,56975,56847,6019,62866,1017
2021-06-19,Sutter,101,95872,9651,9645,90,9735,113
2021-06-19,Tehama,103,63373,5148,5115,594,5709,63
2021-06-19,Trinity,105,12862,491,337,98,435,3
2021-06-19,Tulare,107,460477,50410,49681,9181,58862,849
2021-06-19,Tuolumne,109,53932,4050,4117,41,4158,63
2021-06-19,Ventura,111,848112,81705,81270,3034,84304,1031
2021-06-19,Yolo,113,214977,14144,14156,348,14504,212
2021-06-19,Yuba,115,75493,6196,6157,133,6290,51
2021-06-18,Alameda,001,1643700,89143,89123,1993,91116,1263
2021-06-18,Alpine,003,1148,88,88,0,88,0
2021-06-18,Amador,005,37829,3743,3739,33,3772,46
2021-06-18,Butte,007,227075,12760,12653,1860,14513,194
2021-06-18,Calaveras,009,45235,2191,2191,14,2205,55
2021-06-18,Colusa,011,21464,1965,1969,321,2290,15
2021-06-18,Contra Costa,013,1133247,70738,70271,1318,71589,813
2021-06-18,Del Norte,015,27424,1446,1415,13,1428,8
2021-06-18,El Dorado,017,186661,10426,10348,748,11096,113
2021-06-18,Fresno,019,978130,103363,102894,8784,111678,1722
2021-06-18,Glenn,021,27897,2445,2430,569,2999,19
2021-06-18,Humboldt,023,135768,4463,4450,42,4492,42
2021-06-18,Imperial,025,180216,28763,28809,2884,31693,740
2021-06-18,Inyo,027,18085,1408,1405,12,1417,35
2021-06-18,Kern,029,883053,97806,96948,11123,108071,1341
2021-06-18,Kings,031,150075,23251,23082,1104,24186,245
2021-06-18,Lake,033,64148,3572,3563,13,3576,45
2021-06-18,Lassen,035,31185,5269,5224,117,5341,19
2021-06-18,Los Angeles,037,10098052,1209113,1205472,42027,1247499,24451
2021-06-18,Madera,039,155013,16753,16625,946,17571,241
2021-06-18,Marin,041,260295,14177,14147,267,14414,230
2021-06-18,Mariposa,043,17540,439,439,11,450,5
2021-06-18,Mendocino,045,87422,4145,4068,81,4149,49
2021-06-18,Merced,047,269075,31247,31262,999,32261,464
2021-06-18,Modoc,049,8938,414,402,147,549,3
2021-06-18,Mono,051,14174,1263,1275,16,1291,3
2021-06-18,Monterey,053,433212,43326,43148,1885,45033,427
2021-06-18,Napa,055,140530,9997,10021,38,10059,80
2021-06-18,Nevada,057,99092,4942,4903,195,5098,72
2021-06-18,Orange,059,3164182,256276,255274,11499,266773,5108
2021-06-18,Placer,061,380077,23699,23500,1540,25040,298
2021-06-18,Plumas,063,18699,715,697,11,708,4
2021-06-18,Riverside,065,2383286,295264,289676,14157,303833,4457
2021-06-18,Sacramento,067,1510023,107819,107570,1848,109418,1669
2021-06-18,San Benito,069,59416,6089,6097,116,6213,63
2021-06-18,San Bernardino,071,2135413,294311,293629,9054,302683,4826
2021-06-18,San Diego,073,3302833,282409,281608,15244,296852,3771
2021-06-18,San Francisco,075,870044,37017,37246,1311,38557,556
2021-06-18,San Joaquin,077,732212,73899,73623,3653,77276,1403
2021-06-18,San Luis Obispo,079,281455,21548,21301,754,22055,257
2021-06-18,San Mateo,081,765935,42656,42630,479,43109,542
2021-06-18,Santa Barbara,083,443738,34625,34469,1205,35674,455
2021-06-18,Santa Clara,085,1922200,119307,120081,777,120858,2093
2021-06-18,Santa Cruz,087,273765,16303,16202,816,17018,208
2021-06-18,Shasta,089,179085,12581,12607,1635,14242,201
2021-06-18,Sierra,091,2930,61,57,12,69,0
2021-06-18,Siskiyou,093,43540,1961,1890,369,2259,27
2021-06-18,Solano,095,438530,33328,33323,566,33889,266
2021-06-18,Sonoma,097,501317,30755,30816,362,31178,313
2021-06-18,Stanislaus,099,539301,56960,56803,6017,62820,1012
2021-06-18,Sutter,101,95872,9648,9643,90,9733,113
2021-06-18,Tehama,103,63373,5146,5114,594,5708,63
2021-06-18,Trinity,105,12862,491,337,97,434,3
2021-06-18,Tulare,107,460477,50408,49664,9174,58838,849
2021-06-18,Tuolumne,109,53932,4048,4116,41,4157,63
2021-06-18,Ventura,111,848112,81695,81256,3029,84285,1031
2021-06-18,Yolo,113,214977,14141,14148,346,14494,212
2021-06-18,Yuba,115,75493,6190,6150,133,6283,51
2021-06-17,Alameda,001,1643700,89096,89087,1993,91080,1262
2021-06-17,Alpine,003,1148,88,88,0,88,0
2021-06-17,Amador,005,37829,3741,3731,33,3764,46
2021-06-17,Butte,007,227075,12750,12644,1859,14503,194
2021-06-17,Calaveras,009,45235,2190,2189,14,2203,55
2021-06-17,Colusa,011,21464,1964,1969,321,2290,15
2021-06-17,Contra Costa,013,1133247,70699,70190,1315,71505,810
2021-06-17,Del Norte,015,27424,1444,1413,13,1426,8
2021-06-17,El Dorado,017,186661,10416,10341,748,11089,113
2021-06-17,Fresno,019,978130,103337,102867,8780,111647,1722
2021-06-17,Glenn,021,27897,2445,2430,569,2999,19
2021-06-17,Humboldt,023,135768,4454,4438,42,4480,42
2021-06-17,Imperial,025,180216,28755,28801,2884,31685,741
2021-06-17,Inyo,027,18085,1408,1405,12,1417,35
2021-06-17,Kern,029,883053,97791,96840,11117,107957,1340
2021-06-17,Kings,031,150075,23247,23078,1103,24181,245
2021-06-17,Lake,033,64148,3569,3563,9,3572,45
2021-06-17,Lassen,035,31185,5265,5223,117,5340,19
2021-06-17,Los Angeles,037,10098052,1208901,1205301,41998,1247299,24444
2021-06-17,Madera,039,155013,16748,16618,946,17564,241
2021-06-17,Marin,041,260295,14177,14141,267,14408,229
2021-06-17,Mariposa,043,17540,439,439,11,450,5
2021-06-17,Mendocino,045,87422,4138,4054,81,4135,49
2021-06-17,Merced,047,269075,31242,31262,999,32261,464
2021-06-17,Modoc,049,8938,413,401,147,548,3
2021-06-17,Mono,051,14174,1262,1275,16,1291,3
2021-06-17,Monterey,053,433212,43318,43140,1885,45025,416
2021-06-17,Napa,055,140530,9997,10014,38,10052,80
2021-06-17,Nevada,057,99092,4938,4898,195,5093,72
2021-06-17,Orange,059,3164182,256230,255240,11488,266728,5109
2021-06-17,Placer,061,380077,23683,23461,1538,24999,298
2021-06-17,Plumas,063,18699,714,697,11,708,4
2021-06-17,Riverside,065,2383286,295210,289627,14155,303782,4458
2021-06-17,Sacramento,067,1510023,107755,107492,1846,109338,1666
2021-06-17,San Benito,069,59416,6089,6097,116,6213,63
2021-06-17,San Bernardino,071,2135413,294270,293560,9054,302614,4811
2021-06-17,San Diego,073,3302833,282333,281531,15230,296761,3771
2021-06-17,San Francisco,075,870044,37006,37243,1310,38553,556
2021-06-17,San Joaquin,077,732212,73876,73560,3648,77208,1403
2021-06-17,San Luis Obispo,079,281455,21546,21297,754,22051,257
2021-06-17,San Mateo,081,765935,42650,42615,479,43094,542
2021-06-17,Santa Barbara,083,443738,34619,34466,1205,35671,453
2021-06-17,Santa Clara,085,1922200,119282,120032,776,120808,2093
2021-06-17,Santa Cruz,087,273765,16299,16197,816,17013,208
2021-06-17,Shasta,089,179085,12573,12597,1635,14232,201
2021-06-17,Sierra,091,2930,61,56,12,68,0
2021-06-17,Siskiyou,093,43540,1960,1889,369,2258,27
2021-06-17,Solano,095,438530,33307,33296,565,33861,266
2021-06-17,Sonoma,097,501317,30724,30793,362,31155,323
2021-06-17,Stanislaus,099,539301,56929,56752,6012,62764,1012
2021-06-17,Sutter,101,95872,9645,9629,90,9719,113
2021-06-17,Tehama,103,63373,5145,5112,592,5704,63
2021-06-17,Trinity,105,12862,490,337,97,434,3
2021-06-17,Tulare,107,460477,50403,49649,9166,58815,849
2021-06-17,Tuolumne,109,53932,4047,4116,41,4157,63
2021-06-17,Ventura,111,848112,81686,81248,3026,84274,1030
2021-06-17,Yolo,113,214977,14133,14141,346,14487,212
2021-06-17,Yuba,115,75493,6181,6140,133,6273,51
2021-06-16,Alameda,001,1643700,89047,89045,1992,91037,1265
2021-06-16,Alpine,003,1148,88,88,0,88,0
2021-06-16,Amador,005,37829,3740,3730,33,3763,46
2021-06-16,Butte,007,227075,12748,12635,1857,14492,194
2021-06-16,Calaveras,009,45235,2188,2188,14,2202,55
2021-06-16,Colusa,011,21464,1964,1967,321,2288,15
2021-06-16,Contra Costa,013,1133247,70647,70136,1314,71450,810
2021-06-16,Del Norte,015,27424,1441,1413,13,1426,8
2021-06-16,El Dorado,017,186661,10410,10334,747,11081,113
2021-06-16,Fresno,019,978130,103307,102842,8776,111618,1722
2021-06-16,Glenn,021,27897,2445,2430,569,2999,19
2021-06-16,Humboldt,023,135768,4445,4427,41,4468,42
2021-06-16,Imperial,025,180216,28752,28796,2884,31680,741
2021-06-16,Inyo,027,18085,1407,1405,12,1417,35
2021-06-16,Kern,029,883053,97769,96789,11110,107899,1339
2021-06-16,Kings,031,150075,23246,23072,1102,24174,245
2021-06-16,Lake,033,64148,3569,3562,9,3571,45
2021-06-16,Lassen,035,31185,5262,5216,117,5333,19
2021-06-16,Los Angeles,037,10098052,1208678,1205102,41987,1247089,24439
2021-06-16,Madera,039,155013,16744,16603,946,17549,240
2021-06-16,Marin,041,260295,14175,14137,267,14404,229
2021-06-16,Mariposa,043,17540,439,437,11,448,5
2021-06-16,Mendocino,045,87422,4130,4041,81,4122,49
2021-06-16,Merced,047,269075,31234,31250,999,32249,463
2021-06-16,Modoc,049,8938,412,383,146,529,3
2021-06-16,Mono,051,14174,1262,1275,16,1291,3
2021-06-16,Monterey,053,433212,43315,43122,1885,45007,416
2021-06-16,Napa,055,140530,9993,10011,38,10049,80
2021-06-16,Nevada,057,99092,4933,4894,195,5089,72
2021-06-16,Orange,059,3164182,256177,255188,11481,266669,5109
2021-06-16,Placer,061,380077,23673,23425,1534,24959,298
2021-06-16,Plumas,063,18699,714,697,11,708,4
2021-06-16,Riverside,065,2383286,295149,289539,14153,303692,4457
2021-06-16,Sacramento,067,1510023,107685,107422,1842,109264,1665
2021-06-16,San Benito,069,59416,6089,6090,116,6206,63
2021-06-16,San Bernardino,071,2135413,294221,293499,9052,302551,4797
2021-06-16,San Diego,073,3302833,282254,281423,15217,296640,3770
2021-06-16,San Francisco,075,870044,36993,37222,1308,38530,555
2021-06-16,San Joaquin,077,732212,73839,73530,3644,77174,1399
2021-06-16,San Luis Obispo,079,281455,21541,21294,754,22048,257
2021-06-16,San Mateo,081,765935,42634,42601,479,43080,542
2021-06-16,Santa Barbara,083,443738,34613,34459,1205,35664,460
2021-06-16,Santa Clara,085,1922200,119250,119982,776,120758,2087
2021-06-16,Santa Cruz,087,273765,16296,16187,816,17003,208
2021-06-16,Shasta,089,179085,12568,12592,1634,14226,200
2021-06-16,Sierra,091,2930,61,56,12,68,0
2021-06-16,Siskiyou,093,43540,1959,1886,369,2255,26
2021-06-16,Solano,095,438530,33279,33276,565,33841,266
2021-06-16,Sonoma,097,501317,30688,30741,362,31103,323
2021-06-16,Stanislaus,099,539301,56898,56738,6010,62748,984
2021-06-16,Sutter,101,95872,9641,9620,90,9710,113
2021-06-16,Tehama,103,63373,5143,5106,592,5698,63
2021-06-16,Trinity,105,12862,489,332,97,429,3
2021-06-16,Tulare,107,460477,50398,49578,9162,58740,849
2021-06-16,Tuolumne,109,53932,4047,4110,41,4151,63
2021-06-16,Ventura,111,848112,81672,81229,3024,84253,1029
2021-06-16,Yolo,113,214977,14124,14135,345,14480,212
2021-06-16,Yuba,115,75493,6171,6134,133,6267,51
2021-06-15,Alameda,001,1643700,89004,89008,1992,91000,1262
2021-06-15,Alpine,003,1148,88,88,0,88,0
2021-06-15,Amador,005,37829,3737,3723,33,3756,46
2021-06-15,Butte,007,227075,12740,12620,1856,14476,194
2021-06-15,Calaveras,009,45235,2187,2188,14,2202,55
2021-06-15,Colusa,011,21464,1964,1967,319,2286,15
2021-06-15,Contra Costa,013,1133247,70585,70101,1314,71415,810
2021-06-15,Del Norte,015,27424,1440,1411,13,1424,8
2021-06-15,El Dorado,017,186661,10401,10330,747,11077,113
2021-06-15,Fresno,019,978130,103276,102828,8775,111603,1722
2021-06-15,Glenn,021,27897,2444,2426,569,2995,19
2021-06-15,Humboldt,023,135768,4436,4414,40,4454,42
2021-06-15,Imperial,025,180216,28746,28789,2884,31673,741
2021-06-15,Inyo,027,18085,1407,1405,12,1417,35
2021-06-15,Kern,029,883053,97741,96782,11102,107884,1338
2021-06-15,Kings,031,150075,23240,23070,1100,24170,245
2021-06-15,Lake,033,64148,3568,3559,9,3568,45
2021-06-15,Lassen,035,31185,5261,5211,117,5328,19
2021-06-15,Los Angeles,037,10098052,1208446,1204926,41979,1246905,24435
2021-06-15,Madera,039,155013,16737,16600,945,17545,240
2021-06-15,Marin,041,260295,14167,14135,267,14402,229
2021-06-15,Mariposa,043,17540,439,437,11,448,5
2021-06-15,Mendocino,045,87422,4123,4034,81,4115,49
2021-06-15,Merced,047,269075,31228,31244,999,32243,461
2021-06-15,Modoc,049,8938,411,383,146,529,3
2021-06-15,Mono,051,14174,1262,1275,16,1291,3
2021-06-15,Monterey,053,433212,43309,43118,1885,45003,416
2021-06-15,Napa,055,140530,9991,10010,38,10048,80
2021-06-15,Nevada,057,99092,4930,4888,195,5083,72
2021-06-15,Orange,059,3164182,256136,255127,11472,266599,5105
2021-06-15,Placer,061,380077,23651,23396,1533,24929,298
2021-06-15,Plumas,063,18699,713,697,11,708,4
2021-06-15,Riverside,065,2383286,295089,289508,14149,303657,4455
2021-06-15,Sacramento,067,1510023,107610,107370,1836,109206,1662
2021-06-15,San Benito,069,59416,6088,6089,116,6205,63
2021-06-15,San Bernardino,071,2135413,294171,293463,9046,302509,4790
2021-06-15,San Diego,073,3302833,282170,281375,15202,296577,3770
2021-06-15,San Francisco,075,870044,36984,37210,1307,38517,555
2021-06-15,San Joaquin,077,732212,73799,73494,3639,77133,1399
2021-06-15,San Luis Obispo,079,281455,21536,21293,753,22046,257
2021-06-15,San Mateo,081,765935,42621,42593,479,43072,543
2021-06-15,Santa Barbara,083,443738,34608,34451,1205,35656,460
2021-06-15,Santa Clara,085,1922200,119212,119963,776,120739,2086
2021-06-15,Santa Cruz,087,273765,16289,16180,815,16995,208
2021-06-15,Shasta,089,179085,12562,12583,1634,14217,201
2021-06-15,Sierra,091,2930,60,55,12,67,0
2021-06-15,Siskiyou,093,43540,1958,1887,369,2256,26
2021-06-15,Solano,095,438530,33260,33264,565,33829,266
2021-06-15,Sonoma,097,501317,30649,30707,361,31068,323
2021-06-15,Stanislaus,099,539301,56871,56724,6007,62731,979
2021-06-15,Sutter,101,95872,9632,9616,90,9706,113
2021-06-15,Tehama,103,63373,5141,5102,592,5694,63
2021-06-15,Trinity,105,12862,488,332,97,429,3
2021-06-15,Tulare,107,460477,50391,49561,9159,58720,848
2021-06-15,Tuolumne,109,53932,4047,4111,41,4152,63
2021-06-15,Ventura,111,848112,81661,81215,3021,84236,1029
2021-06-15,Yolo,113,214977,14120,14127,343,14470,212
2021-06-15,Yuba,115,75493,6160,6130,133,6263,51
2021-06-14,Alameda,001,1643700,88955,88966,1992,90958,1264
2021-06-14,Alpine,003,1148,88,88,0,88,0
2021-06-14,Amador,005,37829,3736,3722,33,3755,46
2021-06-14,Butte,007,227075,12729,12613,1852,14465,194
2021-06-14,Calaveras,009,45235,2186,2190,14,2204,55
2021-06-14,Colusa,011,21464,1963,1966,319,2285,15
2021-06-14,Contra Costa,013,1133247,70532,70069,1312,71381,810
2021-06-14,Del Norte,015,27424,1440,1411,13,1424,8
2021-06-14,El Dorado,017,186661,10392,10327,746,11073,113
2021-06-14,Fresno,019,978130,103254,102812,8773,111585,1719
2021-06-14,Glenn,021,27897,2444,2426,569,2995,19
2021-06-14,Humboldt,023,135768,4428,4407,39,4446,42
2021-06-14,Imperial,025,180216,28734,28836,2884,31720,741
2021-06-14,Inyo,027,18085,1406,1405,12,1417,35
2021-06-14,Kern,029,883053,97721,96760,11092,107852,1337
2021-06-14,Kings,031,150075,23237,23071,1099,24170,245
2021-06-14,Lake,033,64148,3567,3557,9,3566,45
2021-06-14,Lassen,035,31185,5258,5209,116,5325,19
2021-06-14,Los Angeles,037,10098052,1208211,1204748,41969,1246717,24434
2021-06-14,Madera,039,155013,16731,16597,944,17541,240
2021-06-14,Marin,041,260295,14165,14133,267,14400,229
2021-06-14,Mariposa,043,17540,438,437,11,448,5
2021-06-14,Mendocino,045,87422,4117,4028,81,4109,49
2021-06-14,Merced,047,269075,31219,31241,998,32239,461
2021-06-14,Modoc,049,8938,402,382,144,526,3
2021-06-14,Mono,051,14174,1262,1275,16,1291,3
2021-06-14,Monterey,053,433212,43306,43110,1885,44995,415
2021-06-14,Napa,055,140530,9987,10000,38,10038,80
2021-06-14,Nevada,057,99092,4923,4885,195,5080,72
2021-06-14,Orange,059,3164182,256098,255069,11468,266537,5103
2021-06-14,Placer,061,380077,23626,23379,1532,24911,298
2021-06-14,Plumas,063,18699,713,696,11,707,4
2021-06-14,Riverside,065,2383286,295035,289476,14149,303625,4453
2021-06-14,Sacramento,067,1510023,107556,107334,1831,109165,1661
2021-06-14,San Benito,069,59416,6088,6087,116,6203,63
2021-06-14,San Bernardino,071,2135413,294115,293446,9042,302488,4790
2021-06-14,San Diego,073,3302833,282064,281314,15182,296496,3770
2021-06-14,San Francisco,075,870044,36971,37206,1307,38513,555
2021-06-14,San Joaquin,077,732212,73770,73453,3639,77092,1398
2021-06-14,San Luis Obispo,079,281455,21534,21302,753,22055,256
2021-06-14,San Mateo,081,765935,42607,42619,478,43097,543
2021-06-14,Santa Barbara,083,443738,34605,34449,1205,35654,460
2021-06-14,Santa Clara,085,1922200,119181,119957,775,120732,2085
2021-06-14,Santa Cruz,087,273765,16287,16175,815,16990,208
2021-06-14,Shasta,089,179085,12551,12561,1631,14192,201
2021-06-14,Sierra,091,2930,59,55,12,67,0
2021-06-14,Siskiyou,093,43540,1958,1886,369,2255,26
2021-06-14,Solano,095,438530,33243,33243,564,33807,266
2021-06-14,Sonoma,097,501317,30617,30679,360,31039,323
2021-06-14,Stanislaus,099,539301,56835,56689,6004,62693,975
2021-06-14,Sutter,101,95872,9629,9607,90,9697,112
2021-06-14,Tehama,103,63373,5139,5102,592,5694,63
2021-06-14,Trinity,105,12862,488,332,97,429,3
2021-06-14,Tulare,107,460477,50386,49538,9156,58694,848
2021-06-14,Tuolumne,109,53932,4044,4108,41,4149,63
2021-06-14,Ventura,111,848112,81651,81209,3021,84230,1028
2021-06-14,Yolo,113,214977,14112,14123,343,14466,212
2021-06-14,Yuba,115,75493,6153,6127,133,6260,50
2021-06-13,Alameda,001,1643700,88898,88947,1991,90938,1264
2021-06-13,Alpine,003,1148,87,88,0,88,0
2021-06-13,Amador,005,37829,3732,3721,33,3754,46
2021-06-13,Butte,007,227075,12718,12586,1849,14435,194
2021-06-13,Calaveras,009,45235,2186,2189,14,2203,55
2021-06-13,Colusa,011,21464,1963,1965,318,2283,15
2021-06-13,Contra Costa,013,1133247,70478,70040,1310,71350,810
2021-06-13,Del Norte,015,27424,1438,1412,13,1425,8
2021-06-13,El Dorado,017,186661,10383,10324,746,11070,113
2021-06-13,Fresno,019,978130,103222,102795,8768,111563,1719
2021-06-13,Glenn,021,27897,2443,2425,567,2992,19
2021-06-13,Humboldt,023,135768,4415,4401,39,4440,42
2021-06-13,Imperial,025,180216,28725,28800,2883,31683,741
2021-06-13,Inyo,027,18085,1406,1405,12,1417,35
2021-06-13,Kern,029,883053,97697,96743,11080,107823,1337
2021-06-13,Kings,031,150075,23232,23069,1098,24167,245
2021-06-13,Lake,033,64148,3567,3556,9,3565,45
2021-06-13,Lassen,035,31185,5253,5209,116,5325,19
2021-06-13,Los Angeles,037,10098052,1207948,1204614,41956,1246570,24433
2021-06-13,Madera,039,155013,16717,16590,944,17534,240
2021-06-13,Marin,041,260295,14159,14126,267,14393,229
2021-06-13,Mariposa,043,17540,438,434,11,445,5
2021-06-13,Mendocino,045,87422,4110,4026,81,4107,49
2021-06-13,Merced,047,269075,31213,31240,997,32237,461
2021-06-13,Modoc,049,8938,400,382,142,524,3
2021-06-13,Mono,051,14174,1262,1275,16,1291,3
2021-06-13,Monterey,053,433212,43298,43108,1885,44993,415
2021-06-13,Napa,055,140530,9981,9995,38,10033,80
2021-06-13,Nevada,057,99092,4918,4883,195,5078,72
2021-06-13,Orange,059,3164182,256043,255043,11466,266509,5103
2021-06-13,Placer,061,380077,23600,23365,1530,24895,295
2021-06-13,Plumas,063,18699,712,696,11,707,4
2021-06-13,Riverside,065,2383286,294968,289447,14146,303593,4453
2021-06-13,Sacramento,067,1510023,107480,107289,1828,109117,1658
2021-06-13,San Benito,069,59416,6088,6086,116,6202,63
2021-06-13,San Bernardino,071,2135413,294064,293416,9037,302453,4788
2021-06-13,San Diego,073,3302833,281985,281268,15166,296434,3770
2021-06-13,San Francisco,075,870044,36958,37197,1307,38504,555
2021-06-13,San Joaquin,077,732212,73736,73438,3637,77075,1398
2021-06-13,San Luis Obispo,079,281455,21528,21298,752,22050,256
2021-06-13,San Mateo,081,765935,42594,42611,478,43089,542
2021-06-13,Santa Barbara,083,443738,34594,34449,1204,35653,460
2021-06-13,Santa Clara,085,1922200,119157,119946,775,120721,2085
2021-06-13,Santa Cruz,087,273765,16280,16172,815,16987,208
2021-06-13,Shasta,089,179085,12542,12560,1630,14190,201
2021-06-13,Sierra,091,2930,59,55,12,67,0
2021-06-13,Siskiyou,093,43540,1957,1885,369,2254,26
2021-06-13,Solano,095,438530,33222,33234,564,33798,266
2021-06-13,Sonoma,097,501317,30582,30663,358,31021,323
2021-06-13,Stanislaus,099,539301,56808,56671,6003,62674,975
2021-06-13,Sutter,101,95872,9622,9603,90,9693,112
2021-06-13,Tehama,103,63373,5137,5100,592,5692,63
2021-06-13,Trinity,105,12862,487,332,97,429,3
2021-06-13,Tulare,107,460477,50377,49537,9151,58688,848
2021-06-13,Tuolumne,109,53932,4042,4107,40,4147,63
2021-06-13,Ventura,111,848112,81637,81201,3021,84222,1028
2021-06-13,Yolo,113,214977,14104,14120,341,14461,212
2021-06-13,Yuba,115,75493,6146,6125,133,6258,50
2021-06-12,Alameda,001,1643700,88871,88901,1991,90892,1271
2021-06-12,Alpine,003,1148,87,88,0,88,0
2021-06-12,Amador,005,37829,3731,3721,33,3754,46
2021-06-12,Butte,007,227075,12714,12576,1849,14425,194
2021-06-12,Calaveras,009,45235,2186,2189,14,2203,55
2021-06-12,Colusa,011,21464,1963,1965,318,2283,15
2021-06-12,Contra Costa,013,1133247,70447,69989,1307,71296,810
2021-06-12,Del Norte,015,27424,1438,1412,13,1425,8
2021-06-12,El Dorado,017,186661,10378,10320,745,11065,113
2021-06-12,Fresno,019,978130,103212,102783,8767,111550,1720
2021-06-12,Glenn,021,27897,2441,2425,567,2992,19
2021-06-12,Humboldt,023,135768,4407,4396,39,4435,42
2021-06-12,Imperial,025,180216,28722,28799,2883,31682,741
2021-06-12,Inyo,027,18085,1406,1405,12,1417,35
2021-06-12,Kern,029,883053,97682,96731,11076,107807,1337
2021-06-12,Kings,031,150075,23230,23067,1098,24165,245
2021-06-12,Lake,033,64148,3566,3552,9,3561,45
2021-06-12,Lassen,035,31185,5253,5208,116,5324,19
2021-06-12,Los Angeles,037,10098052,1207811,1204439,41949,1246388,24434
2021-06-12,Madera,039,155013,16713,16586,944,17530,240
2021-06-12,Marin,041,260295,14156,14121,267,14388,229
2021-06-12,Mariposa,043,17540,438,434,11,445,5
2021-06-12,Mendocino,045,87422,4107,4024,81,4105,49
2021-06-12,Merced,047,269075,31210,31236,997,32233,461
2021-06-12,Modoc,049,8938,399,382,142,524,3
2021-06-12,Mono,051,14174,1262,1275,16,1291,3
2021-06-12,Monterey,053,433212,43292,43103,1885,44988,415
2021-06-12,Napa,055,140530,9977,9986,38,10024,80
2021-06-12,Nevada,057,99092,4912,4878,195,5073,72
2021-06-12,Orange,059,3164182,256010,255004,11464,266468,5103
2021-06-12,Placer,061,380077,23581,23345,1530,24875,295
2021-06-12,Plumas,063,18699,712,696,11,707,4
2021-06-12,Riverside,065,2383286,294926,289413,14143,303556,4453
2021-06-12,Sacramento,067,1510023,107420,107199,1825,109024,1658
2021-06-12,San Benito,069,59416,6086,6083,116,6199,63
2021-06-12,San Bernardino,071,2135413,294030,293375,9035,302410,4788
2021-06-12,San Diego,073,3302833,281928,281203,15157,296360,3770
2021-06-12,San Francisco,075,870044,36948,37189,1307,38496,555
2021-06-12,San Joaquin,077,732212,73717,73413,3636,77049,1398
2021-06-12,San Luis Obispo,079,281455,21525,21293,752,22045,256
2021-06-12,San Mateo,081,765935,42589,42604,478,43082,542
2021-06-12,Santa Barbara,083,443738,34589,34450,1204,35654,460
2021-06-12,Santa Clara,085,1922200,119117,119894,775,120669,2085
2021-06-12,Santa Cruz,087,273765,16272,16170,815,16985,208
2021-06-12,Shasta,089,179085,12539,12556,1629,14185,201
2021-06-12,Sierra,091,2930,59,55,12,67,0
2021-06-12,Siskiyou,093,43540,1956,1884,369,2253,25
2021-06-12,Solano,095,438530,33213,33219,564,33783,266
2021-06-12,Sonoma,097,501317,30553,30647,358,31005,323
2021-06-12,Stanislaus,099,539301,56791,56649,6002,62651,974
2021-06-12,Sutter,101,95872,9618,9603,90,9693,112
2021-06-12,Tehama,103,63373,5137,5099,591,5690,63
2021-06-12,Trinity,105,12862,487,332,97,429,3
2021-06-12,Tulare,107,460477,50372,49533,9144,58677,848
2021-06-12,Tuolumne,109,53932,4041,4105,40,4145,63
2021-06-12,Ventura,111,848112,81625,81197,3021,84218,1028
2021-06-12,Yolo,113,214977,14101,14118,339,14457,212
2021-06-12,Yuba,115,75493,6141,6120,133,6253,50
2021-06-11,Alameda,001,1643700,88843,88844,1991,90835,1278
2021-06-11,Alpine,003,1148,87,88,0,88,0
2021-06-11,Amador,005,37829,3731,3710,33,3743,46
2021-06-11,Butte,007,227075,12710,12576,1847,14423,194
2021-06-11,Calaveras,009,45235,2186,2188,14,2202,55
2021-06-11,Colusa,011,21464,1962,1964,318,2282,15
2021-06-11,Contra Costa,013,1133247,70414,69940,1305,71245,808
2021-06-11,Del Norte,015,27424,1438,1409,13,1422,8
2021-06-11,El Dorado,017,186661,10375,10316,745,11061,113
2021-06-11,Fresno,019,978130,103194,102770,8766,111536,1720
2021-06-11,Glenn,021,27897,2441,2425,567,2992,19
2021-06-11,Humboldt,023,135768,4403,4389,39,4428,42
2021-06-11,Imperial,025,180216,28717,28793,2883,31676,741
2021-06-11,Inyo,027,18085,1406,1405,12,1417,35
2021-06-11,Kern,029,883053,97670,96718,11072,107790,1340
2021-06-11,Kings,031,150075,23226,23069,1097,24166,245
2021-06-11,Lake,033,64148,3565,3550,9,3559,45
2021-06-11,Lassen,035,31185,5252,5204,116,5320,18
2021-06-11,Los Angeles,037,10098052,1207664,1204259,41935,1246194,24434
2021-06-11,Madera,039,155013,16710,16582,944,17526,240
2021-06-11,Marin,041,260295,14153,14116,267,14383,229
2021-06-11,Mariposa,043,17540,438,434,11,445,5
2021-06-11,Mendocino,045,87422,4104,4022,81,4103,49
2021-06-11,Merced,047,269075,31205,31231,997,32228,461
2021-06-11,Modoc,049,8938,399,382,141,523,3
2021-06-11,Mono,051,14174,1262,1274,16,1290,3
2021-06-11,Monterey,053,433212,43288,43097,1885,44982,415
2021-06-11,Napa,055,140530,9974,9977,38,10015,80
2021-06-11,Nevada,057,99092,4910,4873,195,5068,72
2021-06-11,Orange,059,3164182,255976,254975,11461,266436,5101
2021-06-11,Placer,061,380077,23576,23330,1530,24860,294
2021-06-11,Plumas,063,18699,712,696,11,707,4
2021-06-11,Riverside,065,2383286,294888,289376,14138,303514,4451
2021-06-11,Sacramento,067,1510023,107360,107119,1824,108943,1659
2021-06-11,San Benito,069,59416,6085,6082,116,6198,63
2021-06-11,San Bernardino,071,2135413,293994,293335,9031,302366,4788
2021-06-11,San Diego,073,3302833,281888,281144,15150,296294,3768
2021-06-11,San Francisco,075,870044,36943,37177,1307,38484,555
2021-06-11,San Joaquin,077,732212,73700,73347,3633,76980,1397
2021-06-11,San Luis Obispo,079,281455,21524,21288,752,22040,256
2021-06-11,San Mateo,081,765935,42575,42585,478,43063,542
2021-06-11,Santa Barbara,083,443738,34586,34438,1204,35642,460
2021-06-11,Santa Clara,085,1922200,119097,119860,775,120635,2083
2021-06-11,Santa Cruz,087,273765,16264,16164,815,16979,208
2021-06-11,Shasta,089,179085,12531,12550,1627,14177,201
2021-06-11,Sierra,091,2930,59,55,12,67,0
2021-06-11,Siskiyou,093,43540,1955,1882,369,2251,25
2021-06-11,Solano,095,438530,33193,33179,563,33742,266
2021-06-11,Sonoma,097,501317,30535,30624,358,30982,323
2021-06-11,Stanislaus,099,539301,56766,56617,5998,62615,974
2021-06-11,Sutter,101,95872,9615,9600,89,9689,112
2021-06-11,Tehama,103,63373,5136,5099,591,5690,63
2021-06-11,Trinity,105,12862,487,331,97,428,3
2021-06-11,Tulare,107,460477,50366,49516,9143,58659,848
2021-06-11,Tuolumne,109,53932,4038,4104,40,4144,63
2021-06-11,Ventura,111,848112,81615,81189,3021,84210,1026
2021-06-11,Yolo,113,214977,14094,14111,335,14446,212
2021-06-11,Yuba,115,75493,6137,6113,133,6246,50
2021-06-10,Alameda,001,1643700,88799,88806,1990,90796,1275
2021-06-10,Alpine,003,1148,87,88,0,88,0
2021-06-10,Amador,005,37829,3727,3709,33,3742,46
2021-06-10,Butte,007,227075,12693,12565,1847,14412,194
2021-06-10,Calaveras,009,45235,2185,2188,14,2202,55
2021-06-10,Colusa,011,21464,1960,1964,318,2282,15
2021-06-10,Contra Costa,013,1133247,70360,69876,1305,71181,807
2021-06-10,Del Norte,015,27424,1438,1405,13,1418,8
2021-06-10,El Dorado,017,186661,10368,10314,741,11055,113
2021-06-10,Fresno,019,978130,103168,102724,8765,111489,1717
2021-06-10,Glenn,021,27897,2441,2425,567,2992,19
2021-06-10,Humboldt,023,135768,4395,4384,39,4423,42
2021-06-10,Imperial,025,180216,28711,28779,2883,31662,739
2021-06-10,Inyo,027,18085,1406,1405,12,1417,35
2021-06-10,Kern,029,883053,97656,96706,11067,107773,1336
2021-06-10,Kings,031,150075,23225,23067,1097,24164,245
2021-06-10,Lake,033,64148,3560,3550,9,3559,45
2021-06-10,Lassen,035,31185,5250,5201,116,5317,18
2021-06-10,Los Angeles,037,10098052,1207499,1204110,41918,1246028,24440
2021-06-10,Madera,039,155013,16703,16581,943,17524,240
2021-06-10,Marin,041,260295,14150,14118,267,14385,229
2021-06-10,Mariposa,043,17540,436,434,11,445,5
2021-06-10,Mendocino,045,87422,4099,4016,81,4097,48
2021-06-10,Merced,047,269075,31197,31231,994,32225,461
2021-06-10,Modoc,049,8938,398,381,141,522,3
2021-06-10,Mono,051,14174,1261,1274,16,1290,3
2021-06-10,Monterey,053,433212,43282,43090,1885,44975,415
2021-06-10,Napa,055,140530,9973,9974,38,10012,80
2021-06-10,Nevada,057,99092,4905,4866,195,5061,72
2021-06-10,Orange,059,3164182,255946,254950,11454,266404,5097
2021-06-10,Placer,061,380077,23563,23296,1530,24826,293
2021-06-10,Plumas,063,18699,712,696,11,707,4
2021-06-10,Riverside,065,2383286,294846,289335,14133,303468,4450
2021-06-10,Sacramento,067,1510023,107298,107049,1824,108873,1658
2021-06-10,San Benito,069,59416,6085,6079,116,6195,63
2021-06-10,San Bernardino,071,2135413,293953,293281,9028,302309,4782
2021-06-10,San Diego,073,3302833,281830,281052,15133,296185,3766
2021-06-10,San Francisco,075,870044,36933,37159,1305,38464,552
2021-06-10,San Joaquin,077,732212,73666,73276,3632,76908,1393
2021-06-10,San Luis Obispo,079,281455,21521,21280,752,22032,256
2021-06-10,San Mateo,081,765935,42568,42562,478,43040,666
2021-06-10,Santa Barbara,083,443738,34582,34434,1204,35638,460
2021-06-10,Santa Clara,085,1922200,119062,119832,774,120606,2075
2021-06-10,Santa Cruz,087,273765,16263,16159,815,16974,208
2021-06-10,Shasta,089,179085,12521,12536,1626,14162,201
2021-06-10,Sierra,091,2930,58,55,12,67,0
2021-06-10,Siskiyou,093,43540,1955,1881,369,2250,25
2021-06-10,Solano,095,438530,33176,33150,562,33712,265
2021-06-10,Sonoma,097,501317,30500,30571,356,30927,323
2021-06-10,Stanislaus,099,539301,56745,56588,5994,62582,974
2021-06-10,Sutter,101,95872,9608,9594,89,9683,112
2021-06-10,Tehama,103,63373,5136,5096,591,5687,63
2021-06-10,Trinity,105,12862,487,331,97,428,3
2021-06-10,Tulare,107,460477,50358,49503,9143,58646,848
2021-06-10,Tuolumne,109,53932,4038,4100,40,4140,63
2021-06-10,Ventura,111,848112,81604,81172,3020,84192,1026
2021-06-10,Yolo,113,214977,14091,14107,335,14442,212
2021-06-10,Yuba,115,75493,6133,6112,133,6245,50
2021-06-09,Alameda,001,1643700,88755,88762,1989,90751,1271
2021-06-09,Alpine,003,1148,87,88,0,88,0
2021-06-09,Amador,005,37829,3723,3706,33,3739,46
2021-06-09,Butte,007,227075,12687,12555,1845,14400,194
2021-06-09,Calaveras,009,45235,2183,2184,14,2198,55
2021-06-09,Colusa,011,21464,1960,1962,317,2279,15
2021-06-09,Contra Costa,013,1133247,70323,69829,1304,71133,803
2021-06-09,Del Norte,015,27424,1434,1403,13,1416,8
2021-06-09,El Dorado,017,186661,10365,10312,740,11052,113
2021-06-09,Fresno,019,978130,103148,102690,8761,111451,1717
2021-06-09,Glenn,021,27897,2440,2424,567,2991,19
2021-06-09,Humboldt,023,135768,4390,4379,38,4417,42
2021-06-09,Imperial,025,180216,28708,28754,2883,31637,739
2021-06-09,Inyo,027,18085,1406,1405,12,1417,35
2021-06-09,Kern,029,883053,97642,96697,11058,107755,1328
2021-06-09,Kings,031,150075,23223,23061,1097,24158,245
2021-06-09,Lake,033,64148,3557,3541,9,3550,45
2021-06-09,Lassen,035,31185,5249,5200,116,5316,18
2021-06-09,Los Angeles,037,10098052,1207315,1203955,41907,1245862,24432
2021-06-09,Madera,039,155013,16698,16580,943,17523,240
2021-06-09,Marin,041,260295,14145,14114,267,14381,229
2021-06-09,Mariposa,043,17540,436,434,11,445,5
2021-06-09,Mendocino,045,87422,4093,4008,81,4089,47
2021-06-09,Merced,047,269075,31193,31225,994,32219,461
2021-06-09,Modoc,049,8938,396,377,140,517,3
2021-06-09,Mono,051,14174,1261,1274,16,1290,3
2021-06-09,Monterey,053,433212,43275,43082,1885,44967,415
2021-06-09,Napa,055,140530,9967,9971,38,10009,80
2021-06-09,Nevada,057,99092,4895,4863,194,5057,72
2021-06-09,Orange,059,3164182,255902,254893,11450,266343,5080
2021-06-09,Placer,061,380077,23544,23237,1530,24767,293
2021-06-09,Plumas,063,18699,711,697,11,708,4
2021-06-09,Riverside,065,2383286,294800,289299,14131,303430,4450
2021-06-09,Sacramento,067,1510023,107236,106971,1821,108792,1657
2021-06-09,San Benito,069,59416,6081,6078,116,6194,63
2021-06-09,San Bernardino,071,2135413,293911,293222,9028,302250,4782
2021-06-09,San Diego,073,3302833,281766,280941,15121,296062,3765
2021-06-09,San Francisco,075,870044,36920,37143,1304,38447,552
2021-06-09,San Joaquin,077,732212,73640,73232,3631,76863,1392
2021-06-09,San Luis Obispo,079,281455,21520,21259,752,22011,256
2021-06-09,San Mateo,081,765935,42552,42502,477,42979,666
2021-06-09,Santa Barbara,083,443738,34571,34422,1204,35626,460
2021-06-09,Santa Clara,085,1922200,119024,119793,773,120566,2068
2021-06-09,Santa Cruz,087,273765,16260,16155,815,16970,208
2021-06-09,Shasta,089,179085,12511,12521,1624,14145,201
2021-06-09,Sierra,091,2930,57,55,12,67,0
2021-06-09,Siskiyou,093,43540,1954,1871,369,2240,25
2021-06-09,Solano,095,438530,33160,33137,561,33698,264
2021-06-09,Sonoma,097,501317,30478,30540,356,30896,323
2021-06-09,Stanislaus,099,539301,56725,56560,5991,62551,974
2021-06-09,Sutter,101,95872,9599,9586,88,9674,111
2021-06-09,Tehama,103,63373,5135,5093,591,5684,63
2021-06-09,Trinity,105,12862,486,331,97,428,3
2021-06-09,Tulare,107,460477,50354,49496,9141,58637,847
2021-06-09,Tuolumne,109,53932,4035,4100,40,4140,63
2021-06-09,Ventura,111,848112,81594,81154,3019,84173,1026
2021-06-09,Yolo,113,214977,14089,14102,334,14436,212
2021-06-09,Yuba,115,75493,6129,6109,133,6242,50
2021-06-08,Alameda,001,1643700,88707,88731,1989,90720,1267
2021-06-08,Alpine,003,1148,87,88,0,88,0
2021-06-08,Amador,005,37829,3722,3704,33,3737,46
2021-06-08,Butte,007,227075,12681,12540,1843,14383,194
2021-06-08,Calaveras,009,45235,2182,2181,14,2195,55
2021-06-08,Colusa,011,21464,1960,1961,317,2278,15
2021-06-08,Contra Costa,013,1133247,70275,69762,1303,71065,803
2021-06-08,Del Norte,015,27424,1432,1402,13,1415,8
2021-06-08,El Dorado,017,186661,10360,10306,738,11044,113
2021-06-08,Fresno,019,978130,103123,102680,8759,111439,1717
2021-06-08,Glenn,021,27897,2439,2423,567,2990,19
2021-06-08,Humboldt,023,135768,4385,4363,38,4401,42
2021-06-08,Imperial,025,180216,28699,28752,2883,31635,738
2021-06-08,Inyo,027,18085,1406,1405,12,1417,35
2021-06-08,Kern,029,883053,97623,96671,11051,107722,1325
2021-06-08,Kings,031,150075,23222,23036,1097,24133,245
2021-06-08,Lake,033,64148,3556,3540,9,3549,45
2021-06-08,Lassen,035,31185,5249,5200,116,5316,18
2021-06-08,Los Angeles,037,10098052,1207119,1203794,41896,1245690,24426
2021-06-08,Madera,039,155013,16692,16579,942,17521,240
2021-06-08,Marin,041,260295,14143,14111,266,14377,229
2021-06-08,Mariposa,043,17540,436,434,11,445,5
2021-06-08,Mendocino,045,87422,4086,4002,81,4083,47
2021-06-08,Merced,047,269075,31185,31225,994,32219,461
2021-06-08,Modoc,049,8938,390,377,139,516,3
2021-06-08,Mono,051,14174,1261,1274,16,1290,3
2021-06-08,Monterey,053,433212,43269,43078,1884,44962,415
2021-06-08,Napa,055,140530,9963,9962,38,10000,80
2021-06-08,Nevada,057,99092,4890,4861,194,5055,72
2021-06-08,Orange,059,3164182,255860,254852,11443,266295,5078
2021-06-08,Placer,061,380077,23526,23209,1526,24735,293
2021-06-08,Plumas,063,18699,711,692,11,703,4
2021-06-08,Riverside,065,2383286,294764,289268,14123,303391,4452
2021-06-08,Sacramento,067,1510023,107174,106901,1818,108719,1654
2021-06-08,San Benito,069,59416,6079,6076,116,6192,63
2021-06-08,San Bernardino,071,2135413,293862,293186,9024,302210,4778
2021-06-08,San Diego,073,3302833,281703,280879,15112,295991,3764
2021-06-08,San Francisco,075,870044,36905,37134,1303,38437,552
2021-06-08,San Joaquin,077,732212,73596,73186,3626,76812,1390
2021-06-08,San Luis Obispo,079,281455,21514,21251,751,22002,255
2021-06-08,San Mateo,081,765935,42539,42488,477,42965,663
2021-06-08,Santa Barbara,083,443738,34567,34418,1204,35622,459
2021-06-08,Santa Clara,085,1922200,119003,119770,772,120542,2068
2021-06-08,Santa Cruz,087,273765,16257,16160,815,16975,208
2021-06-08,Shasta,089,179085,12496,12498,1624,14122,201
2021-06-08,Sierra,091,2930,57,55,12,67,0
2021-06-08,Siskiyou,093,43540,1952,1870,367,2237,21
2021-06-08,Solano,095,438530,33139,33130,561,33691,259
2021-06-08,Sonoma,097,501317,30451,30523,354,30877,323
2021-06-08,Stanislaus,099,539301,56698,56548,5989,62537,973
2021-06-08,Sutter,101,95872,9596,9581,88,9669,111
2021-06-08,Tehama,103,63373,5132,5093,591,5684,63
2021-06-08,Trinity,105,12862,486,330,96,426,3
2021-06-08,Tulare,107,460477,50342,49485,9136,58621,847
2021-06-08,Tuolumne,109,53932,4032,4099,40,4139,63
2021-06-08,Ventura,111,848112,81578,81142,3018,84160,1026
2021-06-08,Yolo,113,214977,14083,14099,333,14432,212
2021-06-08,Yuba,115,75493,6127,6103,133,6236,50
2021-06-07,Alameda,001,1643700,88650,88688,1989,90677,1267
2021-06-07,Alpine,003,1148,87,88,0,88,0
2021-06-07,Amador,005,37829,3712,3697,33,3730,46
2021-06-07,Butte,007,227075,12674,12533,1842,14375,194
2021-06-07,Calaveras,009,45235,2181,2181,14,2195,55
2021-06-07,Colusa,011,21464,1959,1960,317,2277,15
2021-06-07,Contra Costa,013,1133247,70218,69718,1302,71020,817
2021-06-07,Del Norte,015,27424,1432,1401,13,1414,8
2021-06-07,El Dorado,017,186661,10355,10305,738,11043,113
2021-06-07,Fresno,019,978130,103092,102659,8751,111410,1717
2021-06-07,Glenn,021,27897,2439,2423,567,2990,19
2021-06-07,Humboldt,023,135768,4376,4354,38,4392,42
2021-06-07,Imperial,025,180216,28697,28754,2882,31636,738
2021-06-07,Inyo,027,18085,1406,1404,12,1416,35
2021-06-07,Kern,029,883053,97607,96645,11044,107689,1324
2021-06-07,Kings,031,150075,23218,23023,1097,24120,244
2021-06-07,Lake,033,64148,3554,3540,9,3549,45
2021-06-07,Lassen,035,31185,5244,5198,116,5314,18
2021-06-07,Los Angeles,037,10098052,1206897,1203664,41882,1245546,24413
2021-06-07,Madera,039,155013,16685,16572,942,17514,240
2021-06-07,Marin,041,260295,14139,14108,265,14373,229
2021-06-07,Mariposa,043,17540,436,434,11,445,5
2021-06-07,Mendocino,045,87422,4080,3998,81,4079,47
2021-06-07,Merced,047,269075,31173,31212,993,32205,459
2021-06-07,Modoc,049,8938,389,375,136,511,3
2021-06-07,Mono,051,14174,1261,1275,16,1291,3
2021-06-07,Monterey,053,433212,43262,43077,1884,44961,415
2021-06-07,Napa,055,140530,9955,9962,38,10000,80
2021-06-07,Nevada,057,99092,4888,4860,194,5054,72
2021-06-07,Orange,059,3164182,255820,254808,11436,266244,5073
2021-06-07,Placer,061,380077,23507,23176,1524,24700,293
2021-06-07,Plumas,063,18699,711,692,11,703,4
2021-06-07,Riverside,065,2383286,294721,289232,14119,303351,4451
2021-06-07,Sacramento,067,1510023,107098,106841,1815,108656,1655
2021-06-07,San Benito,069,59416,6078,6074,116,6190,63
2021-06-07,San Bernardino,071,2135413,293824,293129,9023,302152,4775
2021-06-07,San Diego,073,3302833,281621,280808,15099,295907,3764
2021-06-07,San Francisco,075,870044,36889,37122,1303,38425,552
2021-06-07,San Joaquin,077,732212,73551,73130,3619,76749,1388
2021-06-07,San Luis Obispo,079,281455,21501,21252,751,22003,255
2021-06-07,San Mateo,081,765935,42523,42479,477,42956,664
2021-06-07,Santa Barbara,083,443738,34561,34407,1204,35611,459
2021-06-07,Santa Clara,085,1922200,118971,119743,772,120515,2066
2021-06-07,Santa Cruz,087,273765,16255,16159,815,16974,208
2021-06-07,Shasta,089,179085,12482,12483,1619,14102,200
2021-06-07,Sierra,091,2930,57,55,12,67,0
2021-06-07,Siskiyou,093,43540,1952,1869,367,2236,21
2021-06-07,Solano,095,438530,33117,33124,560,33684,258
2021-06-07,Sonoma,097,501317,30415,30504,353,30857,323
2021-06-07,Stanislaus,099,539301,56665,56521,5987,62508,972
2021-06-07,Sutter,101,95872,9592,9571,88,9659,111
2021-06-07,Tehama,103,63373,5128,5092,589,5681,63
2021-06-07,Trinity,105,12862,486,329,96,425,3
2021-06-07,Tulare,107,460477,50336,49471,9136,58607,847
2021-06-07,Tuolumne,109,53932,4031,4098,40,4138,63
2021-06-07,Ventura,111,848112,81561,81137,3017,84154,1025
2021-06-07,Yolo,113,214977,14077,14097,332,14429,211
2021-06-07,Yuba,115,75493,6125,6099,130,6229,49
2021-06-06,Alameda,001,1643700,88611,88636,1988,90624,1267
2021-06-06,Alpine,003,1148,87,88,0,88,0
2021-06-06,Amador,005,37829,3709,3696,33,3729,46
2021-06-06,Butte,007,227075,12663,12527,1841,14368,194
2021-06-06,Calaveras,009,45235,2180,2181,14,2195,55
2021-06-06,Colusa,011,21464,1957,1959,317,2276,15
2021-06-06,Contra Costa,013,1133247,70153,69659,1300,70959,817
2021-06-06,Del Norte,015,27424,1427,1401,13,1414,8
2021-06-06,El Dorado,017,186661,10348,10294,738,11032,113
2021-06-06,Fresno,019,978130,103059,102642,8748,111390,1717
2021-06-06,Glenn,021,27897,2438,2423,567,2990,19
2021-06-06,Humboldt,023,135768,4365,4353,38,4391,42
2021-06-06,Imperial,025,180216,28691,28762,2881,31643,738
2021-06-06,Inyo,027,18085,1405,1404,12,1416,35
2021-06-06,Kern,029,883053,97589,96623,11037,107660,1324
2021-06-06,Kings,031,150075,23212,23021,1097,24118,244
2021-06-06,Lake,033,64148,3554,3535,9,3544,45
2021-06-06,Lassen,035,31185,5242,5191,116,5307,18
2021-06-06,Los Angeles,037,10098052,1206698,1203539,41870,1245409,24410
2021-06-06,Madera,039,155013,16678,16567,942,17509,240
2021-06-06,Marin,041,260295,14133,14106,264,14370,229
2021-06-06,Mariposa,043,17540,435,435,11,446,5
2021-06-06,Mendocino,045,87422,4076,3993,81,4074,47
2021-06-06,Merced,047,269075,31167,31215,992,32207,459
2021-06-06,Modoc,049,8938,389,375,135,510,3
2021-06-06,Mono,051,14174,1261,1275,16,1291,3
2021-06-06,Monterey,053,433212,43257,43078,1884,44962,415
2021-06-06,Napa,055,140530,9949,9963,38,10001,80
2021-06-06,Nevada,057,99092,4881,4854,193,5047,72
2021-06-06,Orange,059,3164182,255784,254782,11431,266213,5073
2021-06-06,Placer,061,380077,23482,23156,1521,24677,293
2021-06-06,Plumas,063,18699,711,692,11,703,4
2021-06-06,Riverside,065,2383286,294682,289201,14113,303314,4451
2021-06-06,Sacramento,067,1510023,107012,106749,1814,108563,1655
2021-06-06,San Benito,069,59416,6072,6074,116,6190,63
2021-06-06,San Bernardino,071,2135413,293768,293117,9014,302131,4773
2021-06-06,San Diego,073,3302833,281541,280743,15082,295825,3764
2021-06-06,San Francisco,075,870044,36876,37118,1301,38419,552
2021-06-06,San Joaquin,077,732212,73519,73105,3615,76720,1388
2021-06-06,San Luis Obispo,079,281455,21498,21246,751,21997,255
2021-06-06,San Mateo,081,765935,42506,42457,477,42934,664
2021-06-06,Santa Barbara,083,443738,34557,34403,1203,35606,459
2021-06-06,Santa Clara,085,1922200,118949,119711,772,120483,2066
2021-06-06,Santa Cruz,087,273765,16254,16158,815,16973,208
2021-06-06,Shasta,089,179085,12467,12478,1615,14093,200
2021-06-06,Sierra,091,2930,57,55,12,67,0
2021-06-06,Siskiyou,093,43540,1949,1869,367,2236,21
2021-06-06,Solano,095,438530,33090,33093,560,33653,258
2021-06-06,Sonoma,097,501317,30384,30478,352,30830,323
2021-06-06,Stanislaus,099,539301,56629,56486,5984,62470,972
2021-06-06,Sutter,101,95872,9585,9567,88,9655,111
2021-06-06,Tehama,103,63373,5118,5092,587,5679,63
2021-06-06,Trinity,105,12862,486,328,96,424,3
2021-06-06,Tulare,107,460477,50328,49466,9131,58597,847
2021-06-06,Tuolumne,109,53932,4029,4097,40,4137,63
2021-06-06,Ventura,111,848112,81550,81130,3014,84144,1025
2021-06-06,Yolo,113,214977,14069,14089,331,14420,210
2021-06-06,Yuba,115,75493,6117,6096,130,6226,49
2021-06-05,Alameda,001,1643700,88578,88612,1988,90600,1268
2021-06-05,Alpine,003,1148,87,88,0,88,0
2021-06-05,Amador,005,37829,3709,3694,33,3727,46
2021-06-05,Butte,007,227075,12657,12514,1840,14354,194
2021-06-05,Calaveras,009,45235,2180,2181,14,2195,55
2021-06-05,Colusa,011,21464,1957,1959,317,2276,15
2021-06-05,Contra Costa,013,1133247,70124,69601,1300,70901,817
2021-06-05,Del Norte,015,27424,1427,1400,13,1413,8
2021-06-05,El Dorado,017,186661,10346,10288,737,11025,113
2021-06-05,Fresno,019,978130,103050,102626,8748,111374,1717
2021-06-05,Glenn,021,27897,2437,2423,567,2990,19
2021-06-05,Humboldt,023,135768,4360,4346,38,4384,42
2021-06-05,Imperial,025,180216,28688,28764,2880,31644,738
2021-06-05,Inyo,027,18085,1405,1405,12,1417,35
2021-06-05,Kern,029,883053,97576,96597,11033,107630,1324
2021-06-05,Kings,031,150075,23209,23017,1097,24114,244
2021-06-05,Lake,033,64148,3551,3534,9,3543,45
2021-06-05,Lassen,035,31185,5241,5191,116,5307,18
2021-06-05,Los Angeles,037,10098052,1206571,1203338,41860,1245198,24411
2021-06-05,Madera,039,155013,16674,16563,942,17505,240
2021-06-05,Marin,041,260295,14131,14101,264,14365,229
2021-06-05,Mariposa,043,17540,435,435,11,446,5
2021-06-05,Mendocino,045,87422,4073,3989,81,4070,47
2021-06-05,Merced,047,269075,31165,31212,991,32203,459
2021-06-05,Modoc,049,8938,389,375,134,509,3
2021-06-05,Mono,051,14174,1261,1274,16,1290,3
2021-06-05,Monterey,053,433212,43253,43071,1883,44954,415
2021-06-05,Napa,055,140530,9944,9960,38,9998,80
2021-06-05,Nevada,057,99092,4879,4849,193,5042,72
2021-06-05,Orange,059,3164182,255760,254752,11428,266180,5069
2021-06-05,Placer,061,380077,23466,23133,1521,24654,293
2021-06-05,Plumas,063,18699,711,692,11,703,4
2021-06-05,Riverside,065,2383286,294647,289157,14109,303266,4451
2021-06-05,Sacramento,067,1510023,106960,106688,1812,108500,1655
2021-06-05,San Benito,069,59416,6070,6074,116,6190,63
2021-06-05,San Bernardino,071,2135413,293735,293081,9012,302093,4772
2021-06-05,San Diego,073,3302833,281500,280676,15069,295745,3764
2021-06-05,San Francisco,075,870044,36867,37111,1301,38412,552
2021-06-05,San Joaquin,077,732212,73503,73078,3609,76687,1388
2021-06-05,San Luis Obispo,079,281455,21495,21236,751,21987,255
2021-06-05,San Mateo,081,765935,42496,42433,477,42910,664
2021-06-05,Santa Barbara,083,443738,34554,34399,1202,35601,459
2021-06-05,Santa Clara,085,1922200,118927,119676,770,120446,2066
2021-06-05,Santa Cruz,087,273765,16254,16154,815,16969,208
2021-06-05,Shasta,089,179085,12458,12472,1614,14086,200
2021-06-05,Sierra,091,2930,57,55,12,67,0
2021-06-05,Siskiyou,093,43540,1949,1867,367,2234,21
2021-06-05,Solano,095,438530,33075,33074,560,33634,257
2021-06-05,Sonoma,097,501317,30357,30450,350,30800,323
2021-06-05,Stanislaus,099,539301,56621,56463,5982,62445,973
2021-06-05,Sutter,101,95872,9582,9559,88,9647,111
2021-06-05,Tehama,103,63373,5117,5092,586,5678,63
2021-06-05,Trinity,105,12862,486,328,96,424,3
2021-06-05,Tulare,107,460477,50322,49463,9131,58594,847
2021-06-05,Tuolumne,109,53932,4027,4098,40,4138,63
2021-06-05,Ventura,111,848112,81541,81119,3012,84131,1025
2021-06-05,Yolo,113,214977,14067,14088,331,14419,210
2021-06-05,Yuba,115,75493,6116,6087,130,6217,49
2021-06-04,Alameda,001,1643700,88551,88585,1986,90571,1263
2021-06-04,Alpine,003,1148,87,88,0,88,0
2021-06-04,Amador,005,37829,3709,3690,33,3723,46
2021-06-04,Butte,007,227075,12646,12494,1837,14331,193
2021-06-04,Calaveras,009,45235,2180,2179,14,2193,55
2021-06-04,Colusa,011,21464,1957,1959,317,2276,15
2021-06-04,Contra Costa,013,1133247,70089,69540,1297,70837,816
2021-06-04,Del Norte,015,27424,1427,1398,13,1411,8
2021-06-04,El Dorado,017,186661,10342,10284,735,11019,112
2021-06-04,Fresno,019,978130,103034,102601,8748,111349,1712
2021-06-04,Glenn,021,27897,2437,2423,566,2989,19
2021-06-04,Humboldt,023,135768,4355,4327,38,4365,42
2021-06-04,Imperial,025,180216,28684,28753,2880,31633,738
2021-06-04,Inyo,027,18085,1405,1404,12,1416,35
2021-06-04,Kern,029,883053,97558,96573,11031,107604,1327
2021-06-04,Kings,031,150075,23208,23002,1097,24099,244
2021-06-04,Lake,033,64148,3549,3528,9,3537,45
2021-06-04,Lassen,035,31185,5241,5180,116,5296,18
2021-06-04,Los Angeles,037,10098052,1206447,1203106,41851,1244957,24400
2021-06-04,Madera,039,155013,16672,16557,942,17499,240
2021-06-04,Marin,041,260295,14130,14099,263,14362,229
2021-06-04,Mariposa,043,17540,435,435,11,446,5
2021-06-04,Mendocino,045,87422,4064,3983,81,4064,47
2021-06-04,Merced,047,269075,31160,31204,990,32194,459
2021-06-04,Modoc,049,8938,387,375,134,509,3
2021-06-04,Mono,051,14174,1261,1275,16,1291,3
2021-06-04,Monterey,053,433212,43249,43068,1883,44951,415
2021-06-04,Napa,055,140530,9940,9958,38,9996,80
2021-06-04,Nevada,057,99092,4875,4844,193,5037,72
2021-06-04,Orange,059,3164182,255723,254730,11425,266155,5059
2021-06-04,Placer,061,380077,23450,23110,1520,24630,293
2021-06-04,Plumas,063,18699,711,691,11,702,4
2021-06-04,Riverside,065,2383286,294621,289098,14105,303203,4452
2021-06-04,Sacramento,067,1510023,106906,106616,1811,108427,1654
2021-06-04,San Benito,069,59416,6068,6073,116,6189,63
2021-06-04,San Bernardino,071,2135413,293712,293056,9010,302066,4768
2021-06-04,San Diego,073,3302833,281457,280556,15062,295618,3763
2021-06-04,San Francisco,075,870044,36862,37079,1300,38379,551
2021-06-04,San Joaquin,077,732212,73484,73039,3607,76646,1388
2021-06-04,San Luis Obispo,079,281455,21492,21234,750,21984,255
2021-06-04,San Mateo,081,765935,42484,42413,477,42890,478
2021-06-04,Santa Barbara,083,443738,34548,34402,1201,35603,459
2021-06-04,Santa Clara,085,1922200,118897,119619,770,120389,2065
2021-06-04,Santa Cruz,087,273765,16252,16150,815,16965,207
2021-06-04,Shasta,089,179085,12452,12458,1609,14067,200
2021-06-04,Sierra,091,2930,57,55,12,67,0
2021-06-04,Siskiyou,093,43540,1948,1865,367,2232,21
2021-06-04,Solano,095,438530,33064,33058,560,33618,256
2021-06-04,Sonoma,097,501317,30336,30411,350,30761,323
2021-06-04,Stanislaus,099,539301,56606,56442,5979,62421,973
2021-06-04,Sutter,101,95872,9577,9554,88,9642,111
2021-06-04,Tehama,103,63373,5112,5090,586,5676,63
2021-06-04,Trinity,105,12862,486,328,96,424,3
2021-06-04,Tulare,107,460477,50313,49452,9129,58581,847
2021-06-04,Tuolumne,109,53932,4026,4095,40,4135,63
2021-06-04,Ventura,111,848112,81534,81104,3010,84114,1023
2021-06-04,Yolo,113,214977,14065,14083,331,14414,210
2021-06-04,Yuba,115,75493,6113,6084,130,6214,49
2021-06-03,Alameda,001,1643700,88513,88555,1983,90538,1257
2021-06-03,Alpine,003,1148,87,88,0,88,0
2021-06-03,Amador,005,37829,3701,3688,33,3721,46
2021-06-03,Butte,007,227075,12642,12478,1836,14314,193
2021-06-03,Calaveras,009,45235,2180,2179,14,2193,55
2021-06-03,Colusa,011,21464,1957,1957,317,2274,15
2021-06-03,Contra Costa,013,1133247,70035,69500,1292,70792,816
2021-06-03,Del Norte,015,27424,1425,1397,13,1410,8
2021-06-03,El Dorado,017,186661,10336,10284,732,11016,112
2021-06-03,Fresno,019,978130,103017,102566,8748,111314,1709
2021-06-03,Glenn,021,27897,2437,2421,566,2987,19
2021-06-03,Humboldt,023,135768,4347,4314,38,4352,42
2021-06-03,Imperial,025,180216,28672,28737,2880,31617,738
2021-06-03,Inyo,027,18085,1405,1404,12,1416,35
2021-06-03,Kern,029,883053,97531,96507,11017,107524,1326
2021-06-03,Kings,031,150075,23204,22982,1097,24079,244
2021-06-03,Lake,033,64148,3547,3526,9,3535,45
2021-06-03,Lassen,035,31185,5232,5177,116,5293,12
2021-06-03,Los Angeles,037,10098052,1206272,1202923,41843,1244766,24386
2021-06-03,Madera,039,155013,16665,16554,942,17496,240
2021-06-03,Marin,041,260295,14125,14095,263,14358,230
2021-06-03,Mariposa,043,17540,435,435,11,446,5
2021-06-03,Mendocino,045,87422,4057,3978,81,4059,47
2021-06-03,Merced,047,269075,31157,31199,990,32189,459
2021-06-03,Modoc,049,8938,386,376,133,509,3
2021-06-03,Mono,051,14174,1261,1275,16,1291,3
2021-06-03,Monterey,053,433212,43246,43063,1883,44946,415
2021-06-03,Napa,055,140530,9933,9957,38,9995,81
2021-06-03,Nevada,057,99092,4871,4837,193,5030,72
2021-06-03,Orange,059,3164182,255695,254676,11415,266091,5056
2021-06-03,Placer,061,380077,23441,23100,1519,24619,293
2021-06-03,Plumas,063,18699,711,691,11,702,4
2021-06-03,Riverside,065,2383286,294566,289035,14101,303136,4447
2021-06-03,Sacramento,067,1510023,106828,106526,1809,108335,1654
2021-06-03,San Benito,069,59416,6068,6073,116,6189,63
2021-06-03,San Bernardino,071,2135413,293680,293021,9010,302031,4762
2021-06-03,San Diego,073,3302833,281394,280430,15052,295482,3761
2021-06-03,San Francisco,075,870044,36856,37072,1300,38372,551
2021-06-03,San Joaquin,077,732212,73456,72989,3603,76592,1388
2021-06-03,San Luis Obispo,079,281455,21487,21224,750,21974,255
2021-06-03,San Mateo,081,765935,42471,42396,477,42873,467
2021-06-03,Santa Barbara,083,443738,34545,34391,1201,35592,459
2021-06-03,Santa Clara,085,1922200,118875,119592,768,120360,2058
2021-06-03,Santa Cruz,087,273765,16250,16144,815,16959,207
2021-06-03,Shasta,089,179085,12437,12441,1606,14047,199
2021-06-03,Sierra,091,2930,57,55,12,67,0
2021-06-03,Siskiyou,093,43540,1948,1862,366,2228,21
2021-06-03,Solano,095,438530,33050,33019,560,33579,256
2021-06-03,Sonoma,097,501317,30314,30383,349,30732,322
2021-06-03,Stanislaus,099,539301,56588,56401,5973,62374,973
2021-06-03,Sutter,101,95872,9568,9539,88,9627,111
2021-06-03,Tehama,103,63373,5112,5087,586,5673,63
2021-06-03,Trinity,105,12862,486,328,96,424,3
2021-06-03,Tulare,107,460477,50310,49442,9125,58567,848
2021-06-03,Tuolumne,109,53932,4024,4095,40,4135,63
2021-06-03,Ventura,111,848112,81522,81078,3008,84086,1023
2021-06-03,Yolo,113,214977,14061,14078,328,14406,210
2021-06-03,Yuba,115,75493,6106,6077,130,6207,49
2021-06-02,Alameda,001,1643700,88468,88525,1981,90506,1254
2021-06-02,Alpine,003,1148,87,88,0,88,0
2021-06-02,Amador,005,37829,3699,3687,33,3720,46
2021-06-02,Butte,007,227075,12622,12432,1833,14265,193
2021-06-02,Calaveras,009,45235,2177,2174,14,2188,55
2021-06-02,Colusa,011,21464,1956,1957,317,2274,15
2021-06-02,Contra Costa,013,1133247,69984,69455,1290,70745,814
2021-06-02,Del Norte,015,27424,1423,1395,13,1408,8
2021-06-02,El Dorado,017,186661,10332,10275,732,11007,110
2021-06-02,Fresno,019,978130,102993,102547,8745,111292,1707
2021-06-02,Glenn,021,27897,2437,2421,566,2987,19
2021-06-02,Humboldt,023,135768,4332,4302,38,4340,42
2021-06-02,Imperial,025,180216,28666,28737,2879,31616,738
2021-06-02,Inyo,027,18085,1404,1403,12,1415,35
2021-06-02,Kern,029,883053,97504,96481,11010,107491,1326
2021-06-02,Kings,031,150075,23202,22981,1097,24078,244
2021-06-02,Lake,033,64148,3542,3522,9,3531,45
2021-06-02,Lassen,035,31185,5231,5177,116,5293,6
2021-06-02,Los Angeles,037,10098052,1206069,1202760,41833,1244593,24375
2021-06-02,Madera,039,155013,16657,16550,942,17492,240
2021-06-02,Marin,041,260295,14123,14091,263,14354,229
2021-06-02,Mariposa,043,17540,435,434,11,445,5
2021-06-02,Mendocino,045,87422,4051,3970,81,4051,47
2021-06-02,Merced,047,269075,31144,31195,989,32184,458
2021-06-02,Modoc,049,8938,385,375,132,507,3
2021-06-02,Mono,051,14174,1261,1275,16,1291,3
2021-06-02,Monterey,053,433212,43244,43056,1883,44939,380
2021-06-02,Napa,055,140530,9932,9953,38,9991,82
2021-06-02,Nevada,057,99092,4868,4833,193,5026,72
2021-06-02,Orange,059,3164182,255647,254637,11410,266047,5055
2021-06-02,Placer,061,380077,23420,23058,1517,24575,293
2021-06-02,Plumas,063,18699,711,690,11,701,4
2021-06-02,Riverside,065,2383286,294507,289012,14091,303103,4445
2021-06-02,Sacramento,067,1510023,106763,106435,1803,108238,1649
2021-06-02,San Benito,069,59416,6067,6073,116,6189,63
2021-06-02,San Bernardino,071,2135413,293632,293004,9005,302009,4760
2021-06-02,San Diego,073,3302833,281314,280347,15031,295378,3760
2021-06-02,San Francisco,075,870044,36836,37050,1299,38349,550
2021-06-02,San Joaquin,077,732212,73425,72893,3600,76493,1387
2021-06-02,San Luis Obispo,079,281455,21480,21214,749,21963,255
2021-06-02,San Mateo,081,765935,42461,42383,476,42859,464
2021-06-02,Santa Barbara,083,443738,34538,34381,1201,35582,456
2021-06-02,Santa Clara,085,1922200,118847,119553,767,120320,2058
2021-06-02,Santa Cruz,087,273765,16247,16144,815,16959,207
2021-06-02,Shasta,089,179085,12419,12426,1601,14027,199
2021-06-02,Sierra,091,2930,57,55,12,67,0
2021-06-02,Siskiyou,093,43540,1948,1861,364,2225,21
2021-06-02,Solano,095,438530,33038,33007,559,33566,256
2021-06-02,Sonoma,097,501317,30295,30359,344,30703,322
2021-06-02,Stanislaus,099,539301,56570,56377,5968,62345,973
2021-06-02,Sutter,101,95872,9565,9533,88,9621,111
2021-06-02,Tehama,103,63373,5109,5081,586,5667,63
2021-06-02,Trinity,105,12862,484,328,96,424,3
2021-06-02,Tulare,107,460477,50302,49434,9121,58555,846
2021-06-02,Tuolumne,109,53932,4023,4095,40,4135,63
2021-06-02,Ventura,111,848112,81497,81033,3008,84041,1020
2021-06-02,Yolo,113,214977,14058,14074,327,14401,210
2021-06-02,Yuba,115,75493,6100,6072,130,6202,48
2021-06-01,Alameda,001,1643700,88434,88472,1979,90451,1253
2021-06-01,Alpine,003,1148,87,88,0,88,0
2021-06-01,Amador,005,37829,3697,3687,33,3720,46
2021-06-01,Butte,007,227075,12608,12427,1832,14259,193
2021-06-01,Calaveras,009,45235,2175,2173,14,2187,55
2021-06-01,Colusa,011,21464,1955,1955,316,2271,15
2021-06-01,Contra Costa,013,1133247,69927,69404,1290,70694,813
2021-06-01,Del Norte,015,27424,1422,1394,13,1407,8
2021-06-01,El Dorado,017,186661,10326,10271,732,11003,110
2021-06-01,Fresno,019,978130,102969,102534,8742,111276,1706
2021-06-01,Glenn,021,27897,2437,2422,566,2988,18
2021-06-01,Humboldt,023,135768,4322,4299,38,4337,42
2021-06-01,Imperial,025,180216,28662,28722,2876,31598,736
2021-06-01,Inyo,027,18085,1404,1403,12,1415,35
2021-06-01,Kern,029,883053,97477,96477,11002,107479,1319
2021-06-01,Kings,031,150075,23198,22977,1097,24074,244
2021-06-01,Lake,033,64148,3541,3523,9,3532,45
2021-06-01,Lassen,035,31185,5224,5172,116,5288,6
2021-06-01,Los Angeles,037,10098052,1205834,1202673,41820,1244493,24367
2021-06-01,Madera,039,155013,16648,16549,941,17490,240
2021-06-01,Marin,041,260295,14121,14081,263,14344,229
2021-06-01,Mariposa,043,17540,435,431,11,442,5
2021-06-01,Mendocino,045,87422,4044,3966,81,4047,47
2021-06-01,Merced,047,269075,31134,31195,989,32184,456
2021-06-01,Modoc,049,8938,383,375,132,507,3
2021-06-01,Mono,051,14174,1261,1275,16,1291,3
2021-06-01,Monterey,053,433212,43238,43051,1883,44934,379
2021-06-01,Napa,055,140530,9930,9949,38,9987,82
2021-06-01,Nevada,057,99092,4863,4825,193,5018,72
2021-06-01,Orange,059,3164182,255611,254603,11402,266005,5051
2021-06-01,Placer,061,380077,23390,23021,1515,24536,293
2021-06-01,Plumas,063,18699,710,690,11,701,4
2021-06-01,Riverside,065,2383286,294455,288996,14085,303081,4442
2021-06-01,Sacramento,067,1510023,106691,106330,1801,108131,1644
2021-06-01,San Benito,069,59416,6066,6073,115,6188,63
2021-06-01,San Bernardino,071,2135413,293608,292990,9004,301994,4758
2021-06-01,San Diego,073,3302833,281210,280305,15014,295319,3756
2021-06-01,San Francisco,075,870044,36820,37031,1299,38330,550
2021-06-01,San Joaquin,077,732212,73393,72858,3598,76456,1383
2021-06-01,San Luis Obispo,079,281455,21475,21217,749,21966,256
2021-06-01,San Mateo,081,765935,42445,42383,475,42858,462
2021-06-01,Santa Barbara,083,443738,34534,34374,1201,35575,456
2021-06-01,Santa Clara,085,1922200,118819,119528,767,120295,2057
2021-06-01,Santa Cruz,087,273765,16243,16143,814,16957,207
2021-06-01,Shasta,089,179085,12410,12409,1596,14005,199
2021-06-01,Sierra,091,2930,57,55,12,67,0
2021-06-01,Siskiyou,093,43540,1941,1860,363,2223,21
2021-06-01,Solano,095,438530,33013,32974,558,33532,256
2021-06-01,Sonoma,097,501317,30256,30324,343,30667,322
2021-06-01,Stanislaus,099,539301,56554,56348,5966,62314,973
2021-06-01,Sutter,101,95872,9558,9528,88,9616,111
2021-06-01,Tehama,103,63373,5107,5079,586,5665,63
2021-06-01,Trinity,105,12862,483,328,95,423,3
2021-06-01,Tulare,107,460477,50294,49419,9117,58536,845
2021-06-01,Tuolumne,109,53932,4023,4094,40,4134,63
2021-06-01,Ventura,111,848112,81481,81018,3007,84025,1021
2021-06-01,Yolo,113,214977,14052,14067,327,14394,210
2021-06-01,Yuba,115,75493,6096,6067,130,6197,48
2021-05-31,Alameda,001,1643700,88397,88458,1975,90433,1253
2021-05-31,Alpine,003,1148,87,88,0,88,0
2021-05-31,Amador,005,37829,3691,3687,33,3720,46
2021-05-31,Butte,007,227075,12595,12429,1832,14261,193
2021-05-31,Calaveras,009,45235,2174,2171,14,2185,55
2021-05-31,Colusa,011,21464,1955,1956,315,2271,15
2021-05-31,Contra Costa,013,1133247,69890,69390,1288,70678,813
2021-05-31,Del Norte,015,27424,1419,1394,13,1407,8
2021-05-31,El Dorado,017,186661,10320,10271,730,11001,110
2021-05-31,Fresno,019,978130,102933,102507,8742,111249,1706
2021-05-31,Glenn,021,27897,2436,2422,565,2987,18
2021-05-31,Humboldt,023,135768,4310,4295,38,4333,42
2021-05-31,Imperial,025,180216,28656,28732,2872,31604,736
2021-05-31,Inyo,027,18085,1403,1403,12,1415,35
2021-05-31,Kern,029,883053,97441,96457,10993,107450,1319
2021-05-31,Kings,031,150075,23194,22977,1097,24074,244
2021-05-31,Lake,033,64148,3536,3523,9,3532,45
2021-05-31,Lassen,035,31185,5222,5172,115,5287,6
2021-05-31,Los Angeles,037,10098052,1205593,1202567,41812,1244379,24364
2021-05-31,Madera,039,155013,16647,16543,940,17483,240
2021-05-31,Marin,041,260295,14119,14080,263,14343,229
2021-05-31,Mariposa,043,17540,435,430,11,441,5
2021-05-31,Mendocino,045,87422,4034,3961,81,4042,47
2021-05-31,Merced,047,269075,31129,31194,989,32183,456
2021-05-31,Modoc,049,8938,382,374,132,506,3
2021-05-31,Mono,051,14174,1261,1275,16,1291,3
2021-05-31,Monterey,053,433212,43234,43051,1883,44934,379
2021-05-31,Napa,055,140530,9923,9948,38,9986,82
2021-05-31,Nevada,057,99092,4853,4823,192,5015,72
2021-05-31,Orange,059,3164182,255583,254572,11395,265967,5051
2021-05-31,Placer,061,380077,23363,23019,1511,24530,293
2021-05-31,Plumas,063,18699,709,690,11,701,4
2021-05-31,Riverside,065,2383286,294398,288970,14073,303043,4442
2021-05-31,Sacramento,067,1510023,106594,106278,1795,108073,1644
2021-05-31,San Benito,069,59416,6066,6072,115,6187,63
2021-05-31,San Bernardino,071,2135413,293560,292973,9003,301976,4758
2021-05-31,San Diego,073,3302833,281106,280254,15002,295256,3756
2021-05-31,San Francisco,075,870044,36805,37022,1298,38320,550
2021-05-31,San Joaquin,077,732212,73344,72856,3592,76448,1383
2021-05-31,San Luis Obispo,079,281455,21467,21215,749,21964,256
2021-05-31,San Mateo,081,765935,42429,42389,475,42864,442
2021-05-31,Santa Barbara,083,443738,34521,34369,1199,35568,456
2021-05-31,Santa Clara,085,1922200,118775,119515,767,120282,2057
2021-05-31,Santa Cruz,087,273765,16240,16139,814,16953,207
2021-05-31,Shasta,089,179085,12394,12408,1593,14001,199
2021-05-31,Sierra,091,2930,57,55,12,67,0
2021-05-31,Siskiyou,093,43540,1940,1856,362,2218,21
2021-05-31,Solano,095,438530,32963,32973,558,33531,256
2021-05-31,Sonoma,097,501317,30213,30314,343,30657,322
2021-05-31,Stanislaus,099,539301,56514,56335,5963,62298,973
2021-05-31,Sutter,101,95872,9539,9523,88,9611,111
2021-05-31,Tehama,103,63373,5104,5076,585,5661,63
2021-05-31,Trinity,105,12862,483,328,95,423,3
2021-05-31,Tulare,107,460477,50283,49404,9112,58516,845
2021-05-31,Tuolumne,109,53932,4021,4095,40,4135,63
2021-05-31,Ventura,111,848112,81466,81017,3004,84021,1021
2021-05-31,Yolo,113,214977,14048,14064,327,14391,210
2021-05-31,Yuba,115,75493,6090,6063,127,6190,48
2021-05-30,Alameda,001,1643700,88374,88429,1975,90404,1253
2021-05-30,Alpine,003,1148,87,88,0,88,0
2021-05-30,Amador,005,37829,3687,3685,33,3718,46
2021-05-30,Butte,007,227075,12585,12427,1830,14257,190
2021-05-30,Calaveras,009,45235,2171,2166,14,2180,55
2021-05-30,Colusa,011,21464,1955,1954,315,2269,15
2021-05-30,Contra Costa,013,1133247,69856,69381,1286,70667,813
2021-05-30,Del Norte,015,27424,1418,1393,13,1406,8
2021-05-30,El Dorado,017,186661,10317,10271,730,11001,110
2021-05-30,Fresno,019,978130,102916,102499,8738,111237,1706
2021-05-30,Glenn,021,27897,2436,2422,564,2986,18
2021-05-30,Humboldt,023,135768,4302,4291,38,4329,42
2021-05-30,Imperial,025,180216,28651,28732,2871,31603,736
2021-05-30,Inyo,027,18085,1403,1403,12,1415,35
2021-05-30,Kern,029,883053,97425,96443,10990,107433,1319
2021-05-30,Kings,031,150075,23193,22974,1096,24070,244
2021-05-30,Lake,033,64148,3536,3517,9,3526,45
2021-05-30,Lassen,035,31185,5220,5171,115,5286,6
2021-05-30,Los Angeles,037,10098052,1205485,1202425,41805,1244230,24360
2021-05-30,Madera,039,155013,16643,16538,940,17478,240
2021-05-30,Marin,041,260295,14115,14083,262,14345,229
2021-05-30,Mariposa,043,17540,435,430,11,441,5
2021-05-30,Mendocino,045,87422,4027,3955,81,4036,47
2021-05-30,Merced,047,269075,31125,31189,988,32177,456
2021-05-30,Modoc,049,8938,382,374,132,506,3
2021-05-30,Mono,051,14174,1261,1275,16,1291,3
2021-05-30,Monterey,053,433212,43231,43049,1883,44932,379
2021-05-30,Napa,055,140530,9922,9948,38,9986,82
2021-05-30,Nevada,057,99092,4847,4818,192,5010,72
2021-05-30,Orange,059,3164182,255560,254559,11394,265953,5051
2021-05-30,Placer,061,380077,23357,23016,1511,24527,293
2021-05-30,Plumas,063,18699,707,690,11,701,4
2021-05-30,Riverside,065,2383286,294377,288961,14071,303032,4442
2021-05-30,Sacramento,067,1510023,106549,106252,1793,108045,1644
2021-05-30,San Benito,069,59416,6066,6072,115,6187,63
2021-05-30,San Bernardino,071,2135413,293534,292981,9002,301983,4758
2021-05-30,San Diego,073,3302833,281050,280209,14997,295206,3756
2021-05-30,San Francisco,075,870044,36786,37016,1298,38314,550
2021-05-30,San Joaquin,077,732212,73327,72853,3591,76444,1383
2021-05-30,San Luis Obispo,079,281455,21458,21211,748,21959,256
2021-05-30,San Mateo,081,765935,42421,42386,475,42861,439
2021-05-30,Santa Barbara,083,443738,34517,34369,1199,35568,456
2021-05-30,Santa Clara,085,1922200,118753,119510,763,120273,2057
2021-05-30,Santa Cruz,087,273765,16238,16140,814,16954,207
2021-05-30,Shasta,089,179085,12392,12408,1590,13998,199
2021-05-30,Sierra,091,2930,57,55,12,67,0
2021-05-30,Siskiyou,093,43540,1940,1856,362,2218,21
2021-05-30,Solano,095,438530,32952,32952,557,33509,256
2021-05-30,Sonoma,097,501317,30196,30310,342,30652,322
2021-05-30,Stanislaus,099,539301,56502,56323,5962,62285,973
2021-05-30,Sutter,101,95872,9538,9519,87,9606,111
2021-05-30,Tehama,103,63373,5104,5073,585,5658,63
2021-05-30,Trinity,105,12862,483,328,95,423,3
2021-05-30,Tulare,107,460477,50276,49397,9103,58500,845
2021-05-30,Tuolumne,109,53932,4021,4094,40,4134,63
2021-05-30,Ventura,111,848112,81462,81012,3003,84015,1021
2021-05-30,Yolo,113,214977,14043,14059,326,14385,210
2021-05-30,Yuba,115,75493,6083,6063,126,6189,48
2021-05-29,Alameda,001,1643700,88351,88433,1973,90406,1253
2021-05-29,Alpine,003,1148,87,88,0,88,0
2021-05-29,Amador,005,37829,3686,3683,33,3716,46
2021-05-29,Butte,007,227075,12579,12425,1830,14255,190
2021-05-29,Calaveras,009,45235,2170,2166,14,2180,55
2021-05-29,Colusa,011,21464,1952,1954,315,2269,15
2021-05-29,Contra Costa,013,1133247,69823,69351,1286,70637,813
2021-05-29,Del Norte,015,27424,1418,1391,13,1404,8
2021-05-29,El Dorado,017,186661,10316,10269,728,10997,110
2021-05-29,Fresno,019,978130,102904,102470,8735,111205,1706
2021-05-29,Glenn,021,27897,2436,2422,563,2985,18
2021-05-29,Humboldt,023,135768,4296,4283,38,4321,42
2021-05-29,Imperial,025,180216,28648,28729,2870,31599,736
2021-05-29,Inyo,027,18085,1403,1404,12,1416,35
2021-05-29,Kern,029,883053,97414,96424,10977,107401,1319
2021-05-29,Kings,031,150075,23192,22970,1095,24065,244
2021-05-29,Lake,033,64148,3536,3515,9,3524,45
2021-05-29,Lassen,035,31185,5220,5171,115,5286,6
2021-05-29,Los Angeles,037,10098052,1205362,1202264,41801,1244065,24359
2021-05-29,Madera,039,155013,16641,16535,940,17475,240
2021-05-29,Marin,041,260295,14111,14071,261,14332,229
2021-05-29,Mariposa,043,17540,434,428,11,439,5
2021-05-29,Mendocino,045,87422,4021,3952,81,4033,47
2021-05-29,Merced,047,269075,31113,31187,988,32175,456
2021-05-29,Modoc,049,8938,382,374,132,506,3
2021-05-29,Mono,051,14174,1261,1275,16,1291,3
2021-05-29,Monterey,053,433212,43229,43042,1883,44925,379
2021-05-29,Napa,055,140530,9919,9948,38,9986,82
2021-05-29,Nevada,057,99092,4846,4816,192,5008,72
2021-05-29,Orange,059,3164182,255538,254537,11384,265921,5049
2021-05-29,Placer,061,380077,23342,23009,1510,24519,293
2021-05-29,Plumas,063,18699,707,689,11,700,4
2021-05-29,Riverside,065,2383286,294357,288908,14070,302978,4442
2021-05-29,Sacramento,067,1510023,106519,106218,1792,108010,1643
2021-05-29,San Benito,069,59416,6065,6072,115,6187,63
2021-05-29,San Bernardino,071,2135413,293502,292961,9001,301962,4757
2021-05-29,San Diego,073,3302833,280991,280151,14992,295143,3756
2021-05-29,San Francisco,075,870044,36777,37008,1298,38306,550
2021-05-29,San Joaquin,077,732212,73311,72827,3589,76416,1383
2021-05-29,San Luis Obispo,079,281455,21456,21201,748,21949,256
2021-05-29,San Mateo,081,765935,42413,42375,474,42849,439
2021-05-29,Santa Barbara,083,443738,34513,34367,1199,35566,456
2021-05-29,Santa Clara,085,1922200,118729,119498,762,120260,2056
2021-05-29,Santa Cruz,087,273765,16237,16137,814,16951,207
2021-05-29,Shasta,089,179085,12384,12401,1589,13990,199
2021-05-29,Sierra,091,2930,57,55,12,67,0
2021-05-29,Siskiyou,093,43540,1935,1856,362,2218,21
2021-05-29,Solano,095,438530,32943,32917,557,33474,256
2021-05-29,Sonoma,097,501317,30173,30298,341,30639,322
2021-05-29,Stanislaus,099,539301,56484,56305,5960,62265,974
2021-05-29,Sutter,101,95872,9534,9516,87,9603,111
2021-05-29,Tehama,103,63373,5103,5070,585,5655,63
2021-05-29,Trinity,105,12862,483,328,95,423,3
2021-05-29,Tulare,107,460477,50266,49392,9099,58491,845
2021-05-29,Tuolumne,109,53932,4021,4093,40,4133,63
2021-05-29,Ventura,111,848112,81454,81008,3003,84011,1021
2021-05-29,Yolo,113,214977,14042,14055,326,14381,210
2021-05-29,Yuba,115,75493,6083,6059,126,6185,48
2021-05-28,Alameda,001,1643700,88327,88391,1969,90360,1261
2021-05-28,Alpine,003,1148,87,88,0,88,0
2021-05-28,Amador,005,37829,3686,3680,33,3713,46
2021-05-28,Butte,007,227075,12576,12407,1829,14236,190
2021-05-28,Calaveras,009,45235,2170,2165,14,2179,55
2021-05-28,Colusa,011,21464,1952,1954,313,2267,15
2021-05-28,Contra Costa,013,1133247,69787,69290,1285,70575,813
2021-05-28,Del Norte,015,27424,1417,1390,13,1403,8
2021-05-28,El Dorado,017,186661,10313,10265,728,10993,110
2021-05-28,Fresno,019,978130,102889,102437,8735,111172,1705
2021-05-28,Glenn,021,27897,2436,2419,563,2982,18
2021-05-28,Humboldt,023,135768,4289,4265,38,4303,42
2021-05-28,Imperial,025,180216,28645,28722,2870,31592,736
2021-05-28,Inyo,027,18085,1403,1404,12,1416,35
2021-05-28,Kern,029,883053,97397,96396,10969,107365,1320
2021-05-28,Kings,031,150075,23190,22962,1095,24057,244
2021-05-28,Lake,033,64148,3534,3515,9,3524,45
2021-05-28,Lassen,035,31185,5220,5169,115,5284,6
2021-05-28,Los Angeles,037,10098052,1205252,1202103,41790,1243893,24357
2021-05-28,Madera,039,155013,16639,16530,940,17470,240
2021-05-28,Marin,041,260295,14110,14063,260,14323,229
2021-05-28,Mariposa,043,17540,434,428,11,439,5
2021-05-28,Mendocino,045,87422,4016,3947,81,4028,47
2021-05-28,Merced,047,269075,31110,31176,988,32164,455
2021-05-28,Modoc,049,8938,382,374,132,506,3
2021-05-28,Mono,051,14174,1261,1274,16,1290,3
2021-05-28,Monterey,053,433212,43228,43036,1883,44919,379
2021-05-28,Napa,055,140530,9919,9941,38,9979,82
2021-05-28,Nevada,057,99092,4844,4813,192,5005,71
2021-05-28,Orange,059,3164182,255518,254494,11382,265876,5047
2021-05-28,Placer,061,380077,23332,22987,1508,24495,293
2021-05-28,Plumas,063,18699,705,688,11,699,4
2021-05-28,Riverside,065,2383286,294335,288872,14068,302940,4442
2021-05-28,Sacramento,067,1510023,106463,106131,1790,107921,1642
2021-05-28,San Benito,069,59416,6065,6074,115,6189,63
2021-05-28,San Bernardino,071,2135413,293479,292905,9001,301906,4757
2021-05-28,San Diego,073,3302833,280928,280043,14981,295024,3756
2021-05-28,San Francisco,075,870044,36771,36987,1298,38285,546
2021-05-28,San Joaquin,077,732212,73281,72793,3587,76380,1383
2021-05-28,San Luis Obispo,079,281455,21451,21190,746,21936,256
2021-05-28,San Mateo,081,765935,42407,42364,474,42838,439
2021-05-28,Santa Barbara,083,443738,34512,34371,1199,35570,455
2021-05-28,Santa Clara,085,1922200,118705,119462,762,120224,2056
2021-05-28,Santa Cruz,087,273765,16236,16129,814,16943,207
2021-05-28,Shasta,089,179085,12375,12383,1587,13970,198
2021-05-28,Sierra,091,2930,57,54,12,66,0
2021-05-28,Siskiyou,093,43540,1933,1850,362,2212,19
2021-05-28,Solano,095,438530,32928,32892,557,33449,256
2021-05-28,Sonoma,097,501317,30154,30270,341,30611,321
2021-05-28,Stanislaus,099,539301,56466,56278,5957,62235,974
2021-05-28,Sutter,101,95872,9530,9511,87,9598,111
2021-05-28,Tehama,103,63373,5097,5064,585,5649,63
2021-05-28,Trinity,105,12862,483,328,95,423,3
2021-05-28,Tulare,107,460477,50261,49375,9089,58464,846
2021-05-28,Tuolumne,109,53932,4021,4090,40,4130,63
2021-05-28,Ventura,111,848112,81443,80985,3002,83987,1021
2021-05-28,Yolo,113,214977,14038,14050,325,14375,210
2021-05-28,Yuba,115,75493,6081,6050,125,6175,48
2021-05-27,Alameda,001,1643700,88292,88342,1968,90310,1274
2021-05-27,Alpine,003,1148,87,88,0,88,0
2021-05-27,Amador,005,37829,3683,3680,33,3713,46
2021-05-27,Butte,007,227075,12570,12401,1828,14229,190
2021-05-27,Calaveras,009,45235,2168,2163,14,2177,55
2021-05-27,Colusa,011,21464,1949,1952,313,2265,15
2021-05-27,Contra Costa,013,1133247,69745,69245,1283,70528,813
2021-05-27,Del Norte,015,27424,1417,1388,13,1401,8
2021-05-27,El Dorado,017,186661,10312,10248,728,10976,112
2021-05-27,Fresno,019,978130,102872,102413,8732,111145,1704
2021-05-27,Glenn,021,27897,2436,2415,563,2978,18
2021-05-27,Humboldt,023,135768,4281,4260,38,4298,42
2021-05-27,Imperial,025,180216,28634,28728,2869,31597,736
2021-05-27,Inyo,027,18085,1403,1404,12,1416,35
2021-05-27,Kern,029,883053,97381,96364,10961,107325,1322
2021-05-27,Kings,031,150075,23187,22953,1095,24048,245
2021-05-27,Lake,033,64148,3529,3509,9,3518,45
2021-05-27,Lassen,035,31185,5219,5170,114,5284,6
2021-05-27,Los Angeles,037,10098052,1205090,1201927,41774,1243701,24348
2021-05-27,Madera,039,155013,16630,16527,940,17467,240
2021-05-27,Marin,041,260295,14106,14061,260,14321,229
2021-05-27,Mariposa,043,17540,432,427,11,438,5
2021-05-27,Mendocino,045,87422,4010,3945,81,4026,47
2021-05-27,Merced,047,269075,31098,31161,988,32149,455
2021-05-27,Modoc,049,8938,381,374,132,506,3
2021-05-27,Mono,051,14174,1261,1276,16,1292,3
2021-05-27,Monterey,053,433212,43222,43032,1883,44915,379
2021-05-27,Napa,055,140530,9918,9934,38,9972,82
2021-05-27,Nevada,057,99092,4840,4807,190,4997,71
2021-05-27,Orange,059,3164182,255481,254438,11378,265816,5059
2021-05-27,Placer,061,380077,23323,22966,1508,24474,293
2021-05-27,Plumas,063,18699,705,687,11,698,4
2021-05-27,Riverside,065,2383286,294299,288835,14063,302898,4443
2021-05-27,Sacramento,067,1510023,106387,106015,1787,107802,1642
2021-05-27,San Benito,069,59416,6064,6074,115,6189,63
2021-05-27,San Bernardino,071,2135413,293443,292755,8999,301754,4756
2021-05-27,San Diego,073,3302833,280854,279960,14967,294927,3756
2021-05-27,San Francisco,075,870044,36765,36980,1295,38275,546
2021-05-27,San Joaquin,077,732212,73249,72714,3583,76297,1388
2021-05-27,San Luis Obispo,079,281455,21446,21171,746,21917,256
2021-05-27,San Mateo,081,765935,42398,42345,474,42819,436
2021-05-27,Santa Barbara,083,443738,34507,34355,1199,35554,456
2021-05-27,Santa Clara,085,1922200,118684,119452,762,120214,2053
2021-05-27,Santa Cruz,087,273765,16233,16134,814,16948,207
2021-05-27,Shasta,089,179085,12364,12380,1587,13967,202
2021-05-27,Sierra,091,2930,57,54,12,66,0
2021-05-27,Siskiyou,093,43540,1930,1846,362,2208,18
2021-05-27,Solano,095,438530,32887,32855,556,33411,257
2021-05-27,Sonoma,097,501317,30127,30253,337,30590,321
2021-05-27,Stanislaus,099,539301,56441,56207,5956,62163,974
2021-05-27,Sutter,101,95872,9526,9501,87,9588,111
2021-05-27,Tehama,103,63373,5094,5064,584,5648,63
2021-05-27,Trinity,105,12862,483,328,95,423,3
2021-05-27,Tulare,107,460477,50247,49366,9080,58446,840
2021-05-27,Tuolumne,109,53932,4020,4090,40,4130,66
2021-05-27,Ventura,111,848112,81430,80965,2999,83964,1023
2021-05-27,Yolo,113,214977,14035,14036,325,14361,213
2021-05-27,Yuba,115,75493,6076,6040,124,6164,48
2021-05-26,Alameda,001,1643700,88263,88297,1968,90265,1266
2021-05-26,Alpine,003,1148,87,88,0,88,0
2021-05-26,Amador,005,37829,3683,3679,33,3712,46
2021-05-26,Butte,007,227075,12561,12332,1827,14159,190
2021-05-26,Calaveras,009,45235,2167,2154,14,2168,55
2021-05-26,Colusa,011,21464,1948,1952,313,2265,15
2021-05-26,Contra Costa,013,1133247,69708,69210,1283,70493,812
2021-05-26,Del Norte,015,27424,1417,1386,12,1398,8
2021-05-26,El Dorado,017,186661,10308,10242,727,10969,112
2021-05-26,Fresno,019,978130,102840,102374,8727,111101,1702
2021-05-26,Glenn,021,27897,2435,2415,563,2978,18
2021-05-26,Humboldt,023,135768,4276,4246,38,4284,42
2021-05-26,Imperial,025,180216,28629,28712,2867,31579,734
2021-05-26,Inyo,027,18085,1403,1403,12,1415,36
2021-05-26,Kern,029,883053,97356,96343,10954,107297,1320
2021-05-26,Kings,031,150075,23183,22950,1094,24044,245
2021-05-26,Lake,033,64148,3528,3508,9,3517,45
2021-05-26,Lassen,035,31185,5218,5164,114,5278,6
2021-05-26,Los Angeles,037,10098052,1204924,1198100,41757,1239857,24221
2021-05-26,Madera,039,155013,16627,16520,940,17460,240
2021-05-26,Marin,041,260295,14103,14061,259,14320,227
2021-05-26,Mariposa,043,17540,432,427,11,438,5
2021-05-26,Mendocino,045,87422,4004,3938,81,4019,47
2021-05-26,Merced,047,269075,31089,31139,988,32127,455
2021-05-26,Modoc,049,8938,381,371,131,502,3
2021-05-26,Mono,051,14174,1261,1274,16,1290,3
2021-05-26,Monterey,053,433212,43216,43018,1882,44900,379
2021-05-26,Napa,055,140530,9911,9932,36,9968,82
2021-05-26,Nevada,057,99092,4835,4803,190,4993,70
2021-05-26,Orange,059,3164182,255445,254368,11375,265743,5058
2021-05-26,Placer,061,380077,23299,22940,1508,24448,293
2021-05-26,Plumas,063,18699,704,685,11,696,4
2021-05-26,Riverside,065,2383286,294253,288782,14056,302838,4443
2021-05-26,Sacramento,067,1510023,106301,105919,1783,107702,1637
2021-05-26,San Benito,069,59416,6064,6074,115,6189,63
2021-05-26,San Bernardino,071,2135413,293408,292662,8998,301660,4755
2021-05-26,San Diego,073,3302833,280779,279859,14957,294816,3755
2021-05-26,San Francisco,075,870044,36753,36954,1295,38249,546
2021-05-26,San Joaquin,077,732212,73207,72681,3580,76261,1388
2021-05-26,San Luis Obispo,079,281455,21440,21163,746,21909,256
2021-05-26,San Mateo,081,765935,42389,42331,474,42805,436
2021-05-26,Santa Barbara,083,443738,34498,34348,1199,35547,459
2021-05-26,Santa Clara,085,1922200,118657,119421,761,120182,2031
2021-05-26,Santa Cruz,087,273765,16232,16139,814,16953,207
2021-05-26,Shasta,089,179085,12350,12357,1584,13941,202
2021-05-26,Sierra,091,2930,57,54,12,66,0
2021-05-26,Siskiyou,093,43540,1928,1847,360,2207,18
2021-05-26,Solano,095,438530,32851,32831,556,33387,257
2021-05-26,Sonoma,097,501317,30101,30230,337,30567,321
2021-05-26,Stanislaus,099,539301,56419,56193,5953,62146,974
2021-05-26,Sutter,101,95872,9521,9495,87,9582,112
2021-05-26,Tehama,103,63373,5093,5054,581,5635,63
2021-05-26,Trinity,105,12862,483,328,95,423,3
2021-05-26,Tulare,107,460477,50240,49352,9076,58428,839
2021-05-26,Tuolumne,109,53932,4016,4088,39,4127,66
2021-05-26,Ventura,111,848112,81407,80944,2997,83941,1023
2021-05-26,Yolo,113,214977,14032,14025,325,14350,213
2021-05-26,Yuba,115,75493,6071,6036,124,6160,49
2021-05-25,Alameda,001,1643700,88232,88237,1968,90205,1263
2021-05-25,Alpine,003,1148,87,88,0,88,0
2021-05-25,Amador,005,37829,3678,3676,33,3709,46
2021-05-25,Butte,007,227075,12550,12295,1826,14121,189
2021-05-25,Calaveras,009,45235,2165,2148,14,2162,55
2021-05-25,Colusa,011,21464,1947,1949,313,2262,15
2021-05-25,Contra Costa,013,1133247,69655,69167,1278,70445,809
2021-05-25,Del Norte,015,27424,1417,1385,12,1397,8
2021-05-25,El Dorado,017,186661,10301,10240,726,10966,112
2021-05-25,Fresno,019,978130,102818,102329,8726,111055,1701
2021-05-25,Glenn,021,27897,2434,2414,562,2976,17
2021-05-25,Humboldt,023,135768,4269,4231,36,4267,42
2021-05-25,Imperial,025,180216,28622,28586,2867,31453,735
2021-05-25,Inyo,027,18085,1403,1402,12,1414,36
2021-05-25,Kern,029,883053,97325,96319,10940,107259,1319
2021-05-25,Kings,031,150075,23176,22944,1094,24038,245
2021-05-25,Lake,033,64148,3527,3508,9,3517,44
2021-05-25,Lassen,035,31185,5214,5164,114,5278,6
2021-05-25,Los Angeles,037,10098052,1204745,1197940,41738,1239678,24212
2021-05-25,Madera,039,155013,16622,16519,939,17458,240
2021-05-25,Marin,041,260295,14097,14053,259,14312,227
2021-05-25,Mariposa,043,17540,431,427,11,438,5
2021-05-25,Mendocino,045,87422,3999,3928,81,4009,47
2021-05-25,Merced,047,269075,31068,31132,988,32120,455
2021-05-25,Modoc,049,8938,380,367,131,498,3
2021-05-25,Mono,051,14174,1261,1274,16,1290,3
2021-05-25,Monterey,053,433212,43212,43012,1881,44893,379
2021-05-25,Napa,055,140530,9909,9926,36,9962,82
2021-05-25,Nevada,057,99092,4829,4795,190,4985,70
2021-05-25,Orange,059,3164182,255416,254321,11374,265695,5057
2021-05-25,Placer,061,380077,23288,22920,1506,24426,292
2021-05-25,Plumas,063,18699,704,684,11,695,4
2021-05-25,Riverside,065,2383286,294214,288725,14053,302778,4443
2021-05-25,Sacramento,067,1510023,106220,105828,1779,107607,1633
2021-05-25,San Benito,069,59416,6064,6073,115,6188,63
2021-05-25,San Bernardino,071,2135413,293348,292485,8996,301481,4755
2021-05-25,San Diego,073,3302833,280699,279786,14952,294738,3753
2021-05-25,San Francisco,075,870044,36730,36939,1295,38234,546
2021-05-25,San Joaquin,077,732212,73165,72628,3577,76205,1387
2021-05-25,San Luis Obispo,079,281455,21437,21153,746,21899,256
2021-05-25,San Mateo,081,765935,42379,42268,474,42742,435
2021-05-25,Santa Barbara,083,443738,34495,34337,1199,35536,459
2021-05-25,Santa Clara,085,1922200,118633,119393,760,120153,2032
2021-05-25,Santa Cruz,087,273765,16227,16141,814,16955,207
2021-05-25,Shasta,089,179085,12340,12328,1582,13910,202
2021-05-25,Sierra,091,2930,56,54,12,66,0
2021-05-25,Siskiyou,093,43540,1927,1845,359,2204,18
2021-05-25,Solano,095,438530,32832,32817,555,33372,256
2021-05-25,Sonoma,097,501317,30072,30207,336,30543,321
2021-05-25,Stanislaus,099,539301,56383,56168,5951,62119,974
2021-05-25,Sutter,101,95872,9517,9495,87,9582,112
2021-05-25,Tehama,103,63373,5091,5048,580,5628,63
2021-05-25,Trinity,105,12862,483,328,94,422,3
2021-05-25,Tulare,107,460477,50230,49326,9068,58394,838
2021-05-25,Tuolumne,109,53932,4016,4084,39,4123,66
2021-05-25,Ventura,111,848112,81389,80905,2997,83902,1022
2021-05-25,Yolo,113,214977,14025,14018,323,14341,213
2021-05-25,Yuba,115,75493,6064,6028,124,6152,49
2021-05-24,Alameda,001,1643700,88190,88182,1967,90149,1263
2021-05-24,Alpine,003,1148,87,88,0,88,0
2021-05-24,Amador,005,37829,3676,3675,33,3708,46
2021-05-24,Butte,007,227075,12537,12279,1823,14102,189
2021-05-24,Calaveras,009,45235,2163,2146,14,2160,54
2021-05-24,Colusa,011,21464,1947,1949,313,2262,15
2021-05-24,Contra Costa,013,1133247,69614,69107,1274,70381,809
2021-05-24,Del Norte,015,27424,1416,1384,12,1396,8
2021-05-24,El Dorado,017,186661,10291,10227,725,10952,112
2021-05-24,Fresno,019,978130,102775,102289,8725,111014,1698
2021-05-24,Glenn,021,27897,2434,2413,562,2975,17
2021-05-24,Humboldt,023,135768,4262,4225,36,4261,42
2021-05-24,Imperial,025,180216,28620,28575,2866,31441,735
2021-05-24,Inyo,027,18085,1403,1402,12,1414,36
2021-05-24,Kern,029,883053,97298,96296,10935,107231,1319
2021-05-24,Kings,031,150075,23172,22940,1094,24034,246
2021-05-24,Lake,033,64148,3525,3506,9,3515,43
2021-05-24,Lassen,035,31185,5210,5163,114,5277,6
2021-05-24,Los Angeles,037,10098052,1204571,1197782,41723,1239505,24201
2021-05-24,Madera,039,155013,16619,16513,938,17451,239
2021-05-24,Marin,041,260295,14095,14051,259,14310,227
2021-05-24,Mariposa,043,17540,430,427,11,438,5
2021-05-24,Mendocino,045,87422,3997,3919,81,4000,47
2021-05-24,Merced,047,269075,31058,31128,987,32115,455
2021-05-24,Modoc,049,8938,380,366,130,496,3
2021-05-24,Mono,051,14174,1261,1270,16,1286,3
2021-05-24,Monterey,053,433212,43207,43005,1880,44885,379
2021-05-24,Napa,055,140530,9909,9924,36,9960,82
2021-05-24,Nevada,057,99092,4826,4790,190,4980,70
2021-05-24,Orange,059,3164182,255382,254287,11364,265651,5056
2021-05-24,Placer,061,380077,23269,22895,1505,24400,292
2021-05-24,Plumas,063,18699,703,683,11,694,4
2021-05-24,Riverside,065,2383286,294157,288669,14043,302712,4442
2021-05-24,Sacramento,067,1510023,106105,105716,1777,107493,1632
2021-05-24,San Benito,069,59416,6064,6072,115,6187,63
2021-05-24,San Bernardino,071,2135413,293308,292343,8995,301338,4747
2021-05-24,San Diego,073,3302833,280590,279715,14942,294657,3749
2021-05-24,San Francisco,075,870044,36710,36934,1293,38227,547
2021-05-24,San Joaquin,077,732212,73133,72586,3576,76162,1371
2021-05-24,San Luis Obispo,079,281455,21419,21146,745,21891,256
2021-05-24,San Mateo,081,765935,42369,42249,474,42723,433
2021-05-24,Santa Barbara,083,443738,34490,34322,1199,35521,459
2021-05-24,Santa Clara,085,1922200,118601,119358,760,120118,2030
2021-05-24,Santa Cruz,087,273765,16222,16135,814,16949,207
2021-05-24,Shasta,089,179085,12323,12315,1579,13894,201
2021-05-24,Sierra,091,2930,56,54,12,66,0
2021-05-24,Siskiyou,093,43540,1924,1840,359,2199,17
2021-05-24,Solano,095,438530,32807,32792,554,33346,254
2021-05-24,Sonoma,097,501317,30057,30187,336,30523,321
2021-05-24,Stanislaus,099,539301,56349,56128,5947,62075,974
2021-05-24,Sutter,101,95872,9511,9486,87,9573,113
2021-05-24,Tehama,103,63373,5088,5043,578,5621,63
2021-05-24,Trinity,105,12862,483,328,94,422,3
2021-05-24,Tulare,107,460477,50223,49318,9064,58382,838
2021-05-24,Tuolumne,109,53932,4016,4083,39,4122,65
2021-05-24,Ventura,111,848112,81376,80876,2995,83871,1022
2021-05-24,Yolo,113,214977,14008,14012,321,14333,213
2021-05-24,Yuba,115,75493,6055,6022,124,6146,49
2021-05-23,Alameda,001,1643700,88126,88157,1964,90121,1263
2021-05-23,Alpine,003,1148,87,88,0,88,0
2021-05-23,Amador,005,37829,3675,3673,33,3706,46
2021-05-23,Butte,007,227075,12523,12271,1822,14093,189
2021-05-23,Calaveras,009,45235,2155,2144,14,2158,54
2021-05-23,Colusa,011,21464,1947,1949,311,2260,15
2021-05-23,Contra Costa,013,1133247,69569,69075,1272,70347,809
2021-05-23,Del Norte,015,27424,1412,1383,12,1395,8
2021-05-23,El Dorado,017,186661,10285,10222,725,10947,112
2021-05-23,Fresno,019,978130,102729,102270,8720,110990,1698
2021-05-23,Glenn,021,27897,2432,2413,562,2975,17
2021-05-23,Humboldt,023,135768,4245,4216,36,4252,42
2021-05-23,Imperial,025,180216,28614,28569,2864,31433,735
2021-05-23,Inyo,027,18085,1403,1402,12,1414,36
2021-05-23,Kern,029,883053,97274,96282,10927,107209,1319
2021-05-23,Kings,031,150075,23159,22939,1092,24031,246
2021-05-23,Lake,033,64148,3522,3504,9,3513,43
2021-05-23,Lassen,035,31185,5206,5163,113,5276,6
2021-05-23,Los Angeles,037,10098052,1204383,1197633,41711,1239344,24197
2021-05-23,Madera,039,155013,16613,16504,938,17442,239
2021-05-23,Marin,041,260295,14086,14048,258,14306,227
2021-05-23,Mariposa,043,17540,430,427,11,438,5
2021-05-23,Mendocino,045,87422,3991,3913,80,3993,47
2021-05-23,Merced,047,269075,31048,31118,987,32105,455
2021-05-23,Modoc,049,8938,376,366,130,496,3
2021-05-23,Mono,051,14174,1260,1270,16,1286,3
2021-05-23,Monterey,053,433212,43197,43003,1880,44883,379
2021-05-23,Napa,055,140530,9905,9923,36,9959,82
2021-05-23,Nevada,057,99092,4816,4790,190,4980,70
2021-05-23,Orange,059,3164182,255344,254277,11358,265635,5050
2021-05-23,Placer,061,380077,23249,22888,1505,24393,292
2021-05-23,Plumas,063,18699,702,683,11,694,4
2021-05-23,Riverside,065,2383286,294089,288641,14039,302680,4442
2021-05-23,Sacramento,067,1510023,105989,105663,1774,107437,1632
2021-05-23,San Benito,069,59416,6063,6072,115,6187,63
2021-05-23,San Bernardino,071,2135413,293257,292327,8994,301321,4747
2021-05-23,San Diego,073,3302833,280500,279690,14931,294621,3751
2021-05-23,San Francisco,075,870044,36699,36927,1292,38219,547
2021-05-23,San Joaquin,077,732212,73084,72571,3573,76144,1371
2021-05-23,San Luis Obispo,079,281455,21409,21141,744,21885,256
2021-05-23,San Mateo,081,765935,42352,42248,474,42722,433
2021-05-23,Santa Barbara,083,443738,34483,34319,1199,35518,459
2021-05-23,Santa Clara,085,1922200,118577,119333,760,120093,2030
2021-05-23,Santa Cruz,087,273765,16219,16130,814,16944,207
2021-05-23,Shasta,089,179085,12306,12313,1575,13888,201
2021-05-23,Sierra,091,2930,56,54,12,66,0
2021-05-23,Siskiyou,093,43540,1919,1826,352,2178,17
2021-05-23,Solano,095,438530,32789,32780,553,33333,254
2021-05-23,Sonoma,097,501317,30028,30168,335,30503,321
2021-05-23,Stanislaus,099,539301,56301,56104,5944,62048,974
2021-05-23,Sutter,101,95872,9502,9479,87,9566,113
2021-05-23,Tehama,103,63373,5081,5041,576,5617,63
2021-05-23,Trinity,105,12862,483,328,94,422,3
2021-05-23,Tulare,107,460477,50209,49310,9060,58370,838
2021-05-23,Tuolumne,109,53932,4013,4081,39,4120,65
2021-05-23,Ventura,111,848112,81346,80872,2994,83866,1022
2021-05-23,Yolo,113,214977,13996,14004,318,14322,213
2021-05-23,Yuba,115,75493,6050,6017,124,6141,49
2021-05-22,Alameda,001,1643700,88100,88101,1964,90065,1263
2021-05-22,Alpine,003,1148,87,88,0,88,0
2021-05-22,Amador,005,37829,3674,3672,33,3705,46
2021-05-22,Butte,007,227075,12511,12265,1821,14086,189
2021-05-22,Calaveras,009,45235,2150,2141,14,2155,54
2021-05-22,Colusa,011,21464,1943,1949,310,2259,15
2021-05-22,Contra Costa,013,1133247,69536,69004,1271,70275,809
2021-05-22,Del Norte,015,27424,1411,1381,12,1393,8
2021-05-22,El Dorado,017,186661,10280,10215,725,10940,112
2021-05-22,Fresno,019,978130,102715,102238,8718,110956,1698
2021-05-22,Glenn,021,27897,2432,2412,562,2974,17
2021-05-22,Humboldt,023,135768,4236,4194,35,4229,42
2021-05-22,Imperial,025,180216,28605,28574,2863,31437,735
2021-05-22,Inyo,027,18085,1403,1402,12,1414,36
2021-05-22,Kern,029,883053,97262,96260,10920,107180,1319
2021-05-22,Kings,031,150075,23159,22936,1092,24028,246
2021-05-22,Lake,033,64148,3519,3502,9,3511,43
2021-05-22,Lassen,035,31185,5206,5163,113,5276,6
2021-05-22,Los Angeles,037,10098052,1204277,1197454,41702,1239156,24192
2021-05-22,Madera,039,155013,16610,16503,938,17441,239
2021-05-22,Marin,041,260295,14083,14043,258,14301,227
2021-05-22,Mariposa,043,17540,430,427,11,438,5
2021-05-22,Mendocino,045,87422,3985,3908,80,3988,47
2021-05-22,Merced,047,269075,31038,31099,987,32086,455
2021-05-22,Modoc,049,8938,376,366,130,496,3
2021-05-22,Mono,051,14174,1258,1270,16,1286,3
2021-05-22,Monterey,053,433212,43191,42998,1880,44878,379
2021-05-22,Napa,055,140530,9903,9918,36,9954,82
2021-05-22,Nevada,057,99092,4809,4787,189,4976,70
2021-05-22,Orange,059,3164182,255323,254238,11352,265590,5048
2021-05-22,Placer,061,380077,23235,22865,1504,24369,292
2021-05-22,Plumas,063,18699,701,683,11,694,4
2021-05-22,Riverside,065,2383286,294057,288580,14038,302618,4442
2021-05-22,Sacramento,067,1510023,105914,105551,1771,107322,1632
2021-05-22,San Benito,069,59416,6063,6071,115,6186,63
2021-05-22,San Bernardino,071,2135413,293232,292292,8994,301286,4747
2021-05-22,San Diego,073,3302833,280441,279614,14923,294537,3751
2021-05-22,San Francisco,075,870044,36689,36906,1290,38196,547
2021-05-22,San Joaquin,077,732212,73062,72528,3570,76098,1371
2021-05-22,San Luis Obispo,079,281455,21401,21134,743,21877,256
2021-05-22,San Mateo,081,765935,42342,42218,474,42692,433
2021-05-22,Santa Barbara,083,443738,34479,34313,1198,35511,459
2021-05-22,Santa Clara,085,1922200,118554,119292,760,120052,2030
2021-05-22,Santa Cruz,087,273765,16219,16125,814,16939,207
2021-05-22,Shasta,089,179085,12300,12307,1572,13879,201
2021-05-22,Sierra,091,2930,56,54,12,66,0
2021-05-22,Siskiyou,093,43540,1918,1824,351,2175,17
2021-05-22,Solano,095,438530,32776,32753,553,33306,254
2021-05-22,Sonoma,097,501317,30016,30154,335,30489,321
2021-05-22,Stanislaus,099,539301,56277,56069,5942,62011,974
2021-05-22,Sutter,101,95872,9497,9476,87,9563,113
2021-05-22,Tehama,103,63373,5080,5036,576,5612,63
2021-05-22,Trinity,105,12862,483,328,94,422,3
2021-05-22,Tulare,107,460477,50203,49299,9055,58354,838
2021-05-22,Tuolumne,109,53932,4013,4078,39,4117,65
2021-05-22,Ventura,111,848112,81342,80859,2994,83853,1022
2021-05-22,Yolo,113,214977,13994,13997,318,14315,213
2021-05-22,Yuba,115,75493,6047,6010,124,6134,49
2021-05-21,Alameda,001,1643700,88074,88041,1963,90004,1263
2021-05-21,Alpine,003,1148,87,88,0,88,0
2021-05-21,Amador,005,37829,3671,3672,33,3705,46
2021-05-21,Butte,007,227075,12504,12236,1819,14055,188
2021-05-21,Calaveras,009,45235,2148,2138,14,2152,54
2021-05-21,Colusa,011,21464,1943,1947,310,2257,15
2021-05-21,Contra Costa,013,1133247,69493,68965,1270,70235,810
2021-05-21,Del Norte,015,27424,1410,1376,12,1388,8
2021-05-21,El Dorado,017,186661,10276,10204,725,10929,112
2021-05-21,Fresno,019,978130,102687,102189,8716,110905,1698
2021-05-21,Glenn,021,27897,2431,2408,562,2970,17
2021-05-21,Humboldt,023,135768,4229,4175,35,4210,42
2021-05-21,Imperial,025,180216,28598,28572,2862,31434,732
2021-05-21,Inyo,027,18085,1403,1402,12,1414,36
2021-05-21,Kern,029,883053,97248,96233,10913,107146,1318
2021-05-21,Kings,031,150075,23159,22927,1092,24019,246
2021-05-21,Lake,033,64148,3517,3500,9,3509,43
2021-05-21,Lassen,035,31185,5205,5161,113,5274,6
2021-05-21,Los Angeles,037,10098052,1204166,1197263,41693,1238956,24180
2021-05-21,Madera,039,155013,16609,16500,937,17437,238
2021-05-21,Marin,041,260295,14078,14042,258,14300,227
2021-05-21,Mariposa,043,17540,429,427,11,438,5
2021-05-21,Mendocino,045,87422,3979,3897,80,3977,47
2021-05-21,Merced,047,269075,31030,31076,987,32063,455
2021-05-21,Modoc,049,8938,376,365,130,495,3
2021-05-21,Mono,051,14174,1258,1269,16,1285,3
2021-05-21,Monterey,053,433212,43189,42995,1880,44875,379
2021-05-21,Napa,055,140530,9899,9913,36,9949,82
2021-05-21,Nevada,057,99092,4808,4779,189,4968,70
2021-05-21,Orange,059,3164182,255304,254171,11350,265521,5042
2021-05-21,Placer,061,380077,23227,22853,1504,24357,292
2021-05-21,Plumas,063,18699,701,683,10,693,4
2021-05-21,Riverside,065,2383286,294030,288499,14031,302530,4442
2021-05-21,Sacramento,067,1510023,105847,105476,1768,107244,1632
2021-05-21,San Benito,069,59416,6063,6068,115,6183,63
2021-05-21,San Bernardino,071,2135413,293200,292205,8991,301196,4744
2021-05-21,San Diego,073,3302833,280370,279554,14913,294467,3748
2021-05-21,San Francisco,075,870044,36683,36879,1290,38169,546
2021-05-21,San Joaquin,077,732212,73042,72467,3568,76035,1371
2021-05-21,San Luis Obispo,079,281455,21395,21128,740,21868,256
2021-05-21,San Mateo,081,765935,42329,42163,473,42636,432
2021-05-21,Santa Barbara,083,443738,34474,34302,1198,35500,459
2021-05-21,Santa Clara,085,1922200,118527,119247,760,120007,2029
2021-05-21,Santa Cruz,087,273765,16215,16120,814,16934,207
2021-05-21,Shasta,089,179085,12283,12289,1570,13859,201
2021-05-21,Sierra,091,2930,56,54,12,66,0
2021-05-21,Siskiyou,093,43540,1917,1815,351,2166,16
2021-05-21,Solano,095,438530,32761,32742,553,33295,254
2021-05-21,Sonoma,097,501317,30003,30126,335,30461,321
2021-05-21,Stanislaus,099,539301,56248,56036,5940,61976,975
2021-05-21,Sutter,101,95872,9495,9470,87,9557,113
2021-05-21,Tehama,103,63373,5074,5030,576,5606,63
2021-05-21,Trinity,105,12862,483,329,93,422,3
2021-05-21,Tulare,107,460477,50198,49271,9053,58324,838
2021-05-21,Tuolumne,109,53932,4011,4079,39,4118,65
2021-05-21,Ventura,111,848112,81334,80821,2991,83812,1021
2021-05-21,Yolo,113,214977,13987,13983,318,14301,213
2021-05-21,Yuba,115,75493,6041,6006,124,6130,49
2021-05-20,Alameda,001,1643700,88030,87975,1962,89937,1264
2021-05-20,Alpine,003,1148,87,88,0,88,0
2021-05-20,Amador,005,37829,3670,3671,33,3704,46
2021-05-20,Butte,007,227075,12497,12220,1816,14036,188
2021-05-20,Calaveras,009,45235,2144,2138,14,2152,54
2021-05-20,Colusa,011,21464,1942,1946,308,2254,15
2021-05-20,Contra Costa,013,1133247,69448,68913,1268,70181,809
2021-05-20,Del Norte,015,27424,1410,1373,12,1385,8
2021-05-20,El Dorado,017,186661,10266,10188,725,10913,112
2021-05-20,Fresno,019,978130,102665,102135,8714,110849,1696
2021-05-20,Glenn,021,27897,2428,2406,562,2968,17
2021-05-20,Humboldt,023,135768,4212,4162,34,4196,42
2021-05-20,Imperial,025,180216,28593,28551,2862,31413,732
2021-05-20,Inyo,027,18085,1403,1402,12,1414,36
2021-05-20,Kern,029,883053,97227,96204,10906,107110,1317
2021-05-20,Kings,031,150075,23157,22922,1092,24014,246
2021-05-20,Lake,033,64148,3514,3500,9,3509,43
2021-05-20,Lassen,035,31185,5203,5160,112,5272,6
2021-05-20,Los Angeles,037,10098052,1204010,1197073,41684,1238757,24168
2021-05-20,Madera,039,155013,16603,16499,935,17434,238
2021-05-20,Marin,041,260295,14074,14036,257,14293,227
2021-05-20,Mariposa,043,17540,429,426,11,437,5
2021-05-20,Mendocino,045,87422,3972,3897,80,3977,47
2021-05-20,Merced,047,269075,31017,31046,986,32032,454
2021-05-20,Modoc,049,8938,376,365,130,495,3
2021-05-20,Mono,051,14174,1257,1269,16,1285,3
2021-05-20,Monterey,053,433212,43183,42984,1879,44863,379
2021-05-20,Napa,055,140530,9896,9913,36,9949,82
2021-05-20,Nevada,057,99092,4807,4775,189,4964,70
2021-05-20,Orange,059,3164182,255261,254127,11347,265474,5038
2021-05-20,Placer,061,380077,23214,22823,1503,24326,292
2021-05-20,Plumas,063,18699,699,682,10,692,4
2021-05-20,Riverside,065,2383286,293982,288453,14026,302479,4442
2021-05-20,Sacramento,067,1510023,105751,105414,1765,107179,1629
2021-05-20,San Benito,069,59416,6062,6067,115,6182,63
2021-05-20,San Bernardino,071,2135413,293154,292153,8990,301143,4728
2021-05-20,San Diego,073,3302833,280282,279490,14901,294391,3749
2021-05-20,San Francisco,075,870044,36674,36860,1290,38150,546
2021-05-20,San Joaquin,077,732212,73004,72388,3566,75954,1371
2021-05-20,San Luis Obispo,079,281455,21383,21095,738,21833,256
2021-05-20,San Mateo,081,765935,42315,42152,471,42623,432
2021-05-20,Santa Barbara,083,443738,34470,34293,1198,35491,459
2021-05-20,Santa Clara,085,1922200,118506,119222,760,119982,2029
2021-05-20,Santa Cruz,087,273765,16210,16119,814,16933,207
2021-05-20,Shasta,089,179085,12270,12266,1567,13833,200
2021-05-20,Sierra,091,2930,56,54,12,66,0
2021-05-20,Siskiyou,093,43540,1910,1811,350,2161,16
2021-05-20,Solano,095,438530,32746,32725,553,33278,253
2021-05-20,Sonoma,097,501317,29986,30107,334,30441,321
2021-05-20,Stanislaus,099,539301,56224,55979,5938,61917,970
2021-05-20,Sutter,101,95872,9491,9467,87,9554,113
2021-05-20,Tehama,103,63373,5072,5029,576,5605,63
2021-05-20,Trinity,105,12862,483,329,92,421,3
2021-05-20,Tulare,107,460477,50187,49217,9050,58267,837
2021-05-20,Tuolumne,109,53932,4010,4077,39,4116,65
2021-05-20,Ventura,111,848112,81323,80800,2991,83791,1019
2021-05-20,Yolo,113,214977,13982,13973,318,14291,211
2021-05-20,Yuba,115,75493,6032,6002,124,6126,49
2021-05-19,Alameda,001,1643700,87990,87889,1960,89849,1260
2021-05-19,Alpine,003,1148,87,88,0,88,0
2021-05-19,Amador,005,37829,3670,3669,33,3702,46
2021-05-19,Butte,007,227075,12487,12198,1816,14014,188
2021-05-19,Calaveras,009,45235,2140,2132,14,2146,54
2021-05-19,Colusa,011,21464,1942,1945,306,2251,15
2021-05-19,Contra Costa,013,1133247,69401,68836,1268,70104,808
2021-05-19,Del Norte,015,27424,1408,1371,12,1383,8
2021-05-19,El Dorado,017,186661,10261,10179,724,10903,112
2021-05-19,Fresno,019,978130,102635,102085,8711,110796,1693
2021-05-19,Glenn,021,27897,2428,2404,562,2966,17
2021-05-19,Humboldt,023,135768,4202,4143,34,4177,42
2021-05-19,Imperial,025,180216,28584,28550,2862,31412,732
2021-05-19,Inyo,027,18085,1403,1402,12,1414,36
2021-05-19,Kern,029,883053,97198,96173,10898,107071,1316
2021-05-19,Kings,031,150075,23151,22919,1092,24011,246
2021-05-19,Lake,033,64148,3514,3497,9,3506,43
2021-05-19,Lassen,035,31185,5202,5157,112,5269,6
2021-05-19,Los Angeles,037,10098052,1203817,1196856,41669,1238525,24143
2021-05-19,Madera,039,155013,16600,16496,935,17431,238
2021-05-19,Marin,041,260295,14070,14033,255,14288,227
2021-05-19,Mariposa,043,17540,429,425,11,436,5
2021-05-19,Mendocino,045,87422,3968,3886,80,3966,47
2021-05-19,Merced,047,269075,31001,31044,986,32030,452
2021-05-19,Modoc,049,8938,376,364,127,491,3
2021-05-19,Mono,051,14174,1257,1266,16,1282,3
2021-05-19,Monterey,053,433212,43178,42973,1878,44851,379
2021-05-19,Napa,055,140530,9893,9906,36,9942,82
2021-05-19,Nevada,057,99092,4805,4769,189,4958,70
2021-05-19,Orange,059,3164182,255224,254087,11337,265424,5035
2021-05-19,Placer,061,380077,23195,22784,1498,24282,291
2021-05-19,Plumas,063,18699,699,682,10,692,4
2021-05-19,Riverside,065,2383286,293935,288398,14024,302422,4442
2021-05-19,Sacramento,067,1510023,105673,105225,1764,106989,1629
2021-05-19,San Benito,069,59416,6061,6064,115,6179,63
2021-05-19,San Bernardino,071,2135413,293110,292078,8987,301065,4725
2021-05-19,San Diego,073,3302833,280198,279345,14880,294225,3746
2021-05-19,San Francisco,075,870044,36661,36835,1289,38124,546
2021-05-19,San Joaquin,077,732212,72961,72338,3561,75899,1369
2021-05-19,San Luis Obispo,079,281455,21375,21085,737,21822,256
2021-05-19,San Mateo,081,765935,42308,42126,471,42597,429
2021-05-19,Santa Barbara,083,443738,34462,34292,1198,35490,459
2021-05-19,Santa Clara,085,1922200,118466,119176,759,119935,2015
2021-05-19,Santa Cruz,087,273765,16206,16121,813,16934,207
2021-05-19,Shasta,089,179085,12252,12233,1563,13796,200
2021-05-19,Sierra,091,2930,56,54,12,66,0
2021-05-19,Siskiyou,093,43540,1907,1803,349,2152,16
2021-05-19,Solano,095,438530,32719,32678,551,33229,253
2021-05-19,Sonoma,097,501317,29971,30080,334,30414,321
2021-05-19,Stanislaus,099,539301,56206,55912,5933,61845,967
2021-05-19,Sutter,101,95872,9484,9459,86,9545,113
2021-05-19,Tehama,103,63373,5063,5026,570,5596,63
2021-05-19,Trinity,105,12862,483,329,92,421,3
2021-05-19,Tulare,107,460477,50174,49163,9045,58208,837
2021-05-19,Tuolumne,109,53932,4010,4074,39,4113,64
2021-05-19,Ventura,111,848112,81307,80747,2990,83737,1019
2021-05-19,Yolo,113,214977,13976,13961,317,14278,211
2021-05-19,Yuba,115,75493,6028,5993,124,6117,49
2021-05-18,Alameda,001,1643700,87916,87816,1960,89776,1254
2021-05-18,Alpine,003,1148,87,88,0,88,0
2021-05-18,Amador,005,37829,3670,3669,33,3702,46
2021-05-18,Butte,007,227075,12474,12164,1814,13978,191
2021-05-18,Calaveras,009,45235,2136,2131,14,2145,54
2021-05-18,Colusa,011,21464,1942,1943,306,2249,14
2021-05-18,Contra Costa,013,1133247,69344,68750,1267,70017,808
2021-05-18,Del Norte,015,27424,1405,1371,12,1383,8
2021-05-18,El Dorado,017,186661,10250,10169,723,10892,112
2021-05-18,Fresno,019,978130,102599,102056,8708,110764,1690
2021-05-18,Glenn,021,27897,2422,2403,561,2964,17
2021-05-18,Humboldt,023,135768,4184,4132,34,4166,42
2021-05-18,Imperial,025,180216,28578,28538,2860,31398,730
2021-05-18,Inyo,027,18085,1403,1401,12,1413,36
2021-05-18,Kern,029,883053,97164,96128,10884,107012,1315
2021-05-18,Kings,031,150075,23145,22916,1092,24008,247
2021-05-18,Lake,033,64148,3512,3495,9,3504,43
2021-05-18,Lassen,035,31185,5201,5157,111,5268,6
2021-05-18,Los Angeles,037,10098052,1203639,1196668,41657,1238325,24133
2021-05-18,Madera,039,155013,16590,16491,934,17425,238
2021-05-18,Marin,041,260295,14067,14026,255,14281,227
2021-05-18,Mariposa,043,17540,429,424,11,435,5
2021-05-18,Mendocino,045,87422,3957,3877,79,3956,47
2021-05-18,Merced,047,269075,30982,31036,986,32022,452
2021-05-18,Modoc,049,8938,375,364,126,490,3
2021-05-18,Mono,051,14174,1256,1265,16,1281,3
2021-05-18,Monterey,053,433212,43172,43001,1878,44879,379
2021-05-18,Napa,055,140530,9893,9905,36,9941,82
2021-05-18,Nevada,057,99092,4798,4762,189,4951,70
2021-05-18,Orange,059,3164182,255183,254041,11327,265368,5031
2021-05-18,Placer,061,380077,23162,22726,1494,24220,291
2021-05-18,Plumas,063,18699,699,682,10,692,4
2021-05-18,Riverside,065,2383286,293880,288354,14017,302371,4438
2021-05-18,Sacramento,067,1510023,105571,105083,1762,106845,1629
2021-05-18,San Benito,069,59416,6060,6065,115,6180,63
2021-05-18,San Bernardino,071,2135413,293052,292014,8982,300996,4722
2021-05-18,San Diego,073,3302833,280090,279254,14871,294125,3742
2021-05-18,San Francisco,075,870044,36641,36818,1289,38107,546
2021-05-18,San Joaquin,077,732212,72914,72282,3557,75839,1368
2021-05-18,San Luis Obispo,079,281455,21365,21080,735,21815,256
2021-05-18,San Mateo,081,765935,42296,42099,470,42569,428
2021-05-18,Santa Barbara,083,443738,34453,34278,1198,35476,459
2021-05-18,Santa Clara,085,1922200,118439,119171,759,119930,2014
2021-05-18,Santa Cruz,087,273765,16198,16137,813,16950,207
2021-05-18,Shasta,089,179085,12234,12197,1557,13754,200
2021-05-18,Sierra,091,2930,56,54,12,66,0
2021-05-18,Siskiyou,093,43540,1906,1799,349,2148,16
2021-05-18,Solano,095,438530,32694,32644,551,33195,253
2021-05-18,Sonoma,097,501317,29951,30054,333,30387,321
2021-05-18,Stanislaus,099,539301,56170,55860,5933,61793,959
2021-05-18,Sutter,101,95872,9476,9453,86,9539,113
2021-05-18,Tehama,103,63373,5056,5020,567,5587,63
2021-05-18,Trinity,105,12862,483,329,91,420,3
2021-05-18,Tulare,107,460477,50166,49142,9040,58182,836
2021-05-18,Tuolumne,109,53932,4008,4073,39,4112,64
2021-05-18,Ventura,111,848112,81291,80726,2987,83713,1017
2021-05-18,Yolo,113,214977,13969,13951,316,14267,211
2021-05-18,Yuba,115,75493,6024,5989,123,6112,49
2021-05-17,Alameda,001,1643700,87863,87766,1957,89723,1253
2021-05-17,Alpine,003,1148,87,88,0,88,0
2021-05-17,Amador,005,37829,3667,3668,33,3701,46
2021-05-17,Butte,007,227075,12466,12144,1814,13958,192
2021-05-17,Calaveras,009,45235,2136,2131,14,2145,53
2021-05-17,Colusa,011,21464,1942,1943,306,2249,14
2021-05-17,Contra Costa,013,1133247,69289,68720,1266,69986,805
2021-05-17,Del Norte,015,27424,1400,1369,12,1381,8
2021-05-17,El Dorado,017,186661,10233,10163,723,10886,112
2021-05-17,Fresno,019,978130,102555,102013,8700,110713,1690
2021-05-17,Glenn,021,27897,2422,2401,561,2962,17
2021-05-17,Humboldt,023,135768,4173,4112,34,4146,42
2021-05-17,Imperial,025,180216,28572,28533,2857,31390,729
2021-05-17,Inyo,027,18085,1403,1401,12,1413,36
2021-05-17,Kern,029,883053,97135,96095,10867,106962,1315
2021-05-17,Kings,031,150075,23142,22918,1092,24010,246
2021-05-17,Lake,033,64148,3507,3489,9,3498,43
2021-05-17,Lassen,035,31185,5198,5156,110,5266,6
2021-05-17,Los Angeles,037,10098052,1203464,1196556,41651,1238207,24123
2021-05-17,Madera,039,155013,16583,16486,934,17420,238
2021-05-17,Marin,041,260295,14061,14021,255,14276,227
2021-05-17,Mariposa,043,17540,428,423,11,434,5
2021-05-17,Mendocino,045,87422,3948,3868,79,3947,46
2021-05-17,Merced,047,269075,30967,31031,986,32017,450
2021-05-17,Modoc,049,8938,374,362,126,488,3
2021-05-17,Mono,051,14174,1252,1265,16,1281,3
2021-05-17,Monterey,053,433212,43165,42995,1878,44873,379
2021-05-17,Napa,055,140530,9892,9894,36,9930,82
2021-05-17,Nevada,057,99092,4794,4761,188,4949,70
2021-05-17,Orange,059,3164182,255136,253993,11320,265313,5031
2021-05-17,Placer,061,380077,23136,22706,1487,24193,289
2021-05-17,Plumas,063,18699,699,682,10,692,4
2021-05-17,Riverside,065,2383286,293811,288304,14013,302317,4433
2021-05-17,Sacramento,067,1510023,105463,105035,1760,106795,1629
2021-05-17,San Benito,069,59416,6057,6067,115,6182,63
2021-05-17,San Bernardino,071,2135413,293003,291989,8974,300963,4724
2021-05-17,San Diego,073,3302833,279958,279146,14849,293995,3742
2021-05-17,San Francisco,075,870044,36629,36816,1287,38103,546
2021-05-17,San Joaquin,077,732212,72876,72234,3554,75788,1359
2021-05-17,San Luis Obispo,079,281455,21356,21079,733,21812,256
2021-05-17,San Mateo,081,765935,42268,42083,470,42553,428
2021-05-17,Santa Barbara,083,443738,34446,34275,1198,35473,459
2021-05-17,Santa Clara,085,1922200,118402,119116,757,119873,2015
2021-05-17,Santa Cruz,087,273765,16195,16151,813,16964,206
2021-05-17,Shasta,089,179085,12212,12163,1556,13719,200
2021-05-17,Sierra,091,2930,56,54,12,66,0
2021-05-17,Siskiyou,093,43540,1897,1795,346,2141,15
2021-05-17,Solano,095,438530,32676,32627,550,33177,253
2021-05-17,Sonoma,097,501317,29928,30043,332,30375,321
2021-05-17,Stanislaus,099,539301,56125,55839,5926,61765,951
2021-05-17,Sutter,101,95872,9469,9447,86,9533,113
2021-05-17,Tehama,103,63373,5052,5016,565,5581,63
2021-05-17,Trinity,105,12862,483,328,91,419,3
2021-05-17,Tulare,107,460477,50144,49107,9033,58140,836
2021-05-17,Tuolumne,109,53932,4008,4071,39,4110,64
2021-05-17,Ventura,111,848112,81271,80699,2987,83686,1017
2021-05-17,Yolo,113,214977,13962,13941,316,14257,211
2021-05-17,Yuba,115,75493,6016,5987,123,6110,49
2021-05-16,Alameda,001,1643700,87799,87743,1957,89700,1253
2021-05-16,Alpine,003,1148,87,88,0,88,0
2021-05-16,Amador,005,37829,3666,3667,33,3700,46
2021-05-16,Butte,007,227075,12452,12140,1814,13954,192
2021-05-16,Calaveras,009,45235,2134,2129,14,2143,53
2021-05-16,Colusa,011,21464,1940,1943,306,2249,14
2021-05-16,Contra Costa,013,1133247,69221,68694,1263,69957,805
2021-05-16,Del Norte,015,27424,1397,1365,12,1377,8
2021-05-16,El Dorado,017,186661,10217,10159,722,10881,112
2021-05-16,Fresno,019,978130,102511,101987,8694,110681,1690
2021-05-16,Glenn,021,27897,2422,2401,560,2961,17
2021-05-16,Humboldt,023,135768,4158,4104,34,4138,42
2021-05-16,Imperial,025,180216,28561,28516,2854,31370,729
2021-05-16,Inyo,027,18085,1403,1401,12,1413,36
2021-05-16,Kern,029,883053,97102,96083,10847,106930,1315
2021-05-16,Kings,031,150075,23138,22918,1089,24007,246
2021-05-16,Lake,033,64148,3504,3489,9,3498,43
2021-05-16,Lassen,035,31185,5197,5156,110,5266,6
2021-05-16,Los Angeles,037,10098052,1203241,1196397,41635,1238032,24120
2021-05-16,Madera,039,155013,16578,16483,931,17414,238
2021-05-16,Marin,041,260295,14058,14015,255,14270,227
2021-05-16,Mariposa,043,17540,428,423,11,434,5
2021-05-16,Mendocino,045,87422,3938,3863,79,3942,46
2021-05-16,Merced,047,269075,30946,31023,984,32007,450
2021-05-16,Modoc,049,8938,374,362,126,488,3
2021-05-16,Mono,051,14174,1252,1265,16,1281,3
2021-05-16,Monterey,053,433212,43160,42991,1878,44869,379
2021-05-16,Napa,055,140530,9889,9891,36,9927,82
2021-05-16,Nevada,057,99092,4790,4755,188,4943,70
2021-05-16,Orange,059,3164182,255104,253962,11317,265279,5031
2021-05-16,Placer,061,380077,23104,22696,1481,24177,289
2021-05-16,Plumas,063,18699,698,682,10,692,4
2021-05-16,Riverside,065,2383286,293735,288259,14005,302264,4433
2021-05-16,Sacramento,067,1510023,105349,105013,1758,106771,1628
2021-05-16,San Benito,069,59416,6056,6067,114,6181,63
2021-05-16,San Bernardino,071,2135413,292931,291940,8972,300912,4724
2021-05-16,San Diego,073,3302833,279840,279099,14836,293935,3742
2021-05-16,San Francisco,075,870044,36607,36808,1286,38094,546
2021-05-16,San Joaquin,077,732212,72827,72218,3549,75767,1359
2021-05-16,San Luis Obispo,079,281455,21348,21072,731,21803,256
2021-05-16,San Mateo,081,765935,42257,42063,469,42532,428
2021-05-16,Santa Barbara,083,443738,34439,34270,1198,35468,459
2021-05-16,Santa Clara,085,1922200,118373,119098,756,119854,2015
2021-05-16,Santa Cruz,087,273765,16193,16143,813,16956,206
2021-05-16,Shasta,089,179085,12196,12156,1552,13708,200
2021-05-16,Sierra,091,2930,56,54,12,66,0
2021-05-16,Siskiyou,093,43540,1893,1790,345,2135,15
2021-05-16,Solano,095,438530,32643,32619,548,33167,253
2021-05-16,Sonoma,097,501317,29909,30033,332,30365,321
2021-05-16,Stanislaus,099,539301,56076,55814,5914,61728,951
2021-05-16,Sutter,101,95872,9462,9445,86,9531,113
2021-05-16,Tehama,103,63373,5048,5013,564,5577,63
2021-05-16,Trinity,105,12862,483,328,91,419,3
2021-05-16,Tulare,107,460477,50127,49091,9030,58121,837
2021-05-16,Tuolumne,109,53932,4004,4070,39,4109,64
2021-05-16,Ventura,111,848112,81240,80689,2987,83676,1017
2021-05-16,Yolo,113,214977,13947,13938,316,14254,211
2021-05-16,Yuba,115,75493,6013,5987,123,6110,49
2021-05-15,Alameda,001,1643700,87773,87677,1956,89633,1252
2021-05-15,Alpine,003,1148,87,88,0,88,0
2021-05-15,Amador,005,37829,3666,3666,33,3699,46
2021-05-15,Butte,007,227075,12445,12095,1813,13908,192
2021-05-15,Calaveras,009,45235,2133,2126,14,2140,53
2021-05-15,Colusa,011,21464,1940,1941,304,2245,14
2021-05-15,Contra Costa,013,1133247,69175,68658,1263,69921,805
2021-05-15,Del Norte,015,27424,1392,1359,12,1371,8
2021-05-15,El Dorado,017,186661,10205,10156,721,10877,112
2021-05-15,Fresno,019,978130,102474,101957,8691,110648,1690
2021-05-15,Glenn,021,27897,2422,2400,560,2960,17
2021-05-15,Humboldt,023,135768,4148,4080,34,4114,42
2021-05-15,Imperial,025,180216,28558,28504,2853,31357,729
2021-05-15,Inyo,027,18085,1403,1402,12,1414,36
2021-05-15,Kern,029,883053,97088,96061,10832,106893,1315
2021-05-15,Kings,031,150075,23137,22913,1089,24002,246
2021-05-15,Lake,033,64148,3503,3485,9,3494,43
2021-05-15,Lassen,035,31185,5194,5156,109,5265,6
2021-05-15,Los Angeles,037,10098052,1203117,1196255,41622,1237877,24115
2021-05-15,Madera,039,155013,16575,16482,931,17413,238
2021-05-15,Marin,041,260295,14054,14012,255,14267,227
2021-05-15,Mariposa,043,17540,428,423,11,434,5
2021-05-15,Mendocino,045,87422,3935,3861,79,3940,46
2021-05-15,Merced,047,269075,30925,31012,984,31996,450
2021-05-15,Modoc,049,8938,374,362,126,488,3
2021-05-15,Mono,051,14174,1252,1265,16,1281,3
2021-05-15,Monterey,053,433212,43156,42982,1878,44860,379
2021-05-15,Napa,055,140530,9886,9887,36,9923,82
2021-05-15,Nevada,057,99092,4789,4755,188,4943,70
2021-05-15,Orange,059,3164182,255077,253919,11310,265229,5030
2021-05-15,Placer,061,380077,23083,22688,1481,24169,289
2021-05-15,Plumas,063,18699,698,681,10,691,4
2021-05-15,Riverside,065,2383286,293693,288203,14000,302203,4433
2021-05-15,Sacramento,067,1510023,105277,104929,1755,106684,1628
2021-05-15,San Benito,069,59416,6056,6066,114,6180,63
2021-05-15,San Bernardino,071,2135413,292889,291892,8970,300862,4724
2021-05-15,San Diego,073,3302833,279769,278991,14821,293812,3737
2021-05-15,San Francisco,075,870044,36591,36795,1284,38079,546
2021-05-15,San Joaquin,077,732212,72801,72197,3547,75744,1359
2021-05-15,San Luis Obispo,079,281455,21345,21061,730,21791,256
2021-05-15,San Mateo,081,765935,42241,42059,469,42528,428
2021-05-15,Santa Barbara,083,443738,34431,34259,1198,35457,459
2021-05-15,Santa Clara,085,1922200,118352,119060,756,119816,2016
2021-05-15,Santa Cruz,087,273765,16189,16137,813,16950,206
2021-05-15,Shasta,089,179085,12184,12152,1549,13701,200
2021-05-15,Sierra,091,2930,56,54,12,66,0
2021-05-15,Siskiyou,093,43540,1887,1788,343,2131,15
2021-05-15,Solano,095,438530,32634,32604,547,33151,253
2021-05-15,Sonoma,097,501317,29890,30020,332,30352,321
2021-05-15,Stanislaus,099,539301,56047,55795,5907,61702,952
2021-05-15,Sutter,101,95872,9460,9436,86,9522,113
2021-05-15,Tehama,103,63373,5044,5012,563,5575,63
2021-05-15,Trinity,105,12862,483,328,91,419,3
2021-05-15,Tulare,107,460477,50117,49080,9026,58106,837
2021-05-15,Tuolumne,109,53932,4002,4064,39,4103,63
2021-05-15,Ventura,111,848112,81229,80662,2987,83649,1017
2021-05-15,Yolo,113,214977,13940,13932,315,14247,211
2021-05-15,Yuba,115,75493,6010,5979,122,6101,49
2021-05-14,Alameda,001,1643700,87739,87621,1953,89574,1249
2021-05-14,Alpine,003,1148,87,88,0,88,0
2021-05-14,Amador,005,37829,3666,3665,33,3698,46
2021-05-14,Butte,007,227075,12436,12076,1810,13886,192
2021-05-14,Calaveras,009,45235,2129,2121,14,2135,53
2021-05-14,Colusa,011,21464,1939,1940,303,2243,14
2021-05-14,Contra Costa,013,1133247,69133,68589,1261,69850,806
2021-05-14,Del Norte,015,27424,1392,1355,12,1367,8
2021-05-14,El Dorado,017,186661,10198,10143,720,10863,113
2021-05-14,Fresno,019,978130,102445,101917,8685,110602,1688
2021-05-14,Glenn,021,27897,2421,2398,560,2958,17
2021-05-14,Humboldt,023,135768,4140,4050,34,4084,37
2021-05-14,Imperial,025,180216,28551,28485,2852,31337,728
2021-05-14,Inyo,027,18085,1403,1400,12,1412,36
2021-05-14,Kern,029,883053,97058,96033,10823,106856,1311
2021-05-14,Kings,031,150075,23136,22910,1089,23999,246
2021-05-14,Lake,033,64148,3499,3483,9,3492,43
2021-05-14,Lassen,035,31185,5194,5154,109,5263,6
2021-05-14,Los Angeles,037,10098052,1202984,1196038,41617,1237655,24101
2021-05-14,Madera,039,155013,16572,16474,931,17405,238
2021-05-14,Marin,041,260295,14050,14010,255,14265,227
2021-05-14,Mariposa,043,17540,428,422,11,433,5
2021-05-14,Mendocino,045,87422,3933,3855,79,3934,46
2021-05-14,Merced,047,269075,30915,31010,984,31994,450
2021-05-14,Modoc,049,8938,374,362,126,488,3
2021-05-14,Mono,051,14174,1251,1265,16,1281,3
2021-05-14,Monterey,053,433212,43151,42973,1878,44851,380
2021-05-14,Napa,055,140530,9883,9883,36,9919,82
2021-05-14,Nevada,057,99092,4784,4745,188,4933,70
2021-05-14,Orange,059,3164182,255043,253855,11303,265158,5028
2021-05-14,Placer,061,380077,23064,22660,1475,24135,287
2021-05-14,Plumas,063,18699,697,680,10,690,4
2021-05-14,Riverside,065,2383286,293643,288140,13997,302137,4433
2021-05-14,Sacramento,067,1510023,105188,104828,1754,106582,1627
2021-05-14,San Benito,069,59416,6056,6064,114,6178,63
2021-05-14,San Bernardino,071,2135413,292841,291834,8970,300804,4721
2021-05-14,San Diego,073,3302833,279696,278853,14810,293663,3732
2021-05-14,San Francisco,075,870044,36582,36771,1280,38051,545
2021-05-14,San Joaquin,077,732212,72769,72160,3540,75700,1359
2021-05-14,San Luis Obispo,079,281455,21341,21051,730,21781,256
2021-05-14,San Mateo,081,765935,42230,42041,469,42510,428
2021-05-14,Santa Barbara,083,443738,34421,34243,1198,35441,456
2021-05-14,Santa Clara,085,1922200,118323,119006,756,119762,2014
2021-05-14,Santa Cruz,087,273765,16184,16130,813,16943,207
2021-05-14,Shasta,089,179085,12178,12130,1544,13674,200
2021-05-14,Sierra,091,2930,56,54,12,66,0
2021-05-14,Siskiyou,093,43540,1880,1779,342,2121,14
2021-05-14,Solano,095,438530,32614,32585,546,33131,252
2021-05-14,Sonoma,097,501317,29872,30007,332,30339,321
2021-05-14,Stanislaus,099,539301,56014,55752,5901,61653,950
2021-05-14,Sutter,101,95872,9451,9433,84,9517,113
2021-05-14,Tehama,103,63373,5037,5005,563,5568,63
2021-05-14,Trinity,105,12862,483,328,91,419,3
2021-05-14,Tulare,107,460477,50100,49060,9021,58081,836
2021-05-14,Tuolumne,109,53932,4002,4060,39,4099,63
2021-05-14,Ventura,111,848112,81215,80628,2987,83615,1014
2021-05-14,Yolo,113,214977,13935,13922,311,14233,210
2021-05-14,Yuba,115,75493,6006,5970,122,6092,47
2021-05-13,Alameda,001,1643700,87694,87557,1952,89509,1250
2021-05-13,Alpine,003,1148,87,88,0,88,0
2021-05-13,Amador,005,37829,3666,3662,33,3695,46
2021-05-13,Butte,007,227075,12423,12051,1809,13860,196
2021-05-13,Calaveras,009,45235,2129,2120,14,2134,53
2021-05-13,Colusa,011,21464,1938,1939,299,2238,14
2021-05-13,Contra Costa,013,1133247,69085,68522,1260,69782,806
2021-05-13,Del Norte,015,27424,1390,1354,12,1366,8
2021-05-13,El Dorado,017,186661,10196,10133,720,10853,112
2021-05-13,Fresno,019,978130,102416,101862,8684,110546,1687
2021-05-13,Glenn,021,27897,2420,2395,560,2955,17
2021-05-13,Humboldt,023,135768,4122,4027,34,4061,37
2021-05-13,Imperial,025,180216,28536,28468,2849,31317,729
2021-05-13,Inyo,027,18085,1403,1400,12,1412,36
2021-05-13,Kern,029,883053,97034,95996,10805,106801,1311
2021-05-13,Kings,031,150075,23135,22904,1089,23993,246
2021-05-13,Lake,033,64148,3497,3479,9,3488,43
2021-05-13,Lassen,035,31185,5194,5152,108,5260,6
2021-05-13,Los Angeles,037,10098052,1202796,1195504,41604,1237108,24083
2021-05-13,Madera,039,155013,16564,16467,931,17398,238
2021-05-13,Marin,041,260295,14045,14004,253,14257,227
2021-05-13,Mariposa,043,17540,428,422,11,433,5
2021-05-13,Mendocino,045,87422,3929,3846,79,3925,46
2021-05-13,Merced,047,269075,30907,30989,984,31973,450
2021-05-13,Modoc,049,8938,374,362,126,488,3
2021-05-13,Mono,051,14174,1251,1265,16,1281,3
2021-05-13,Monterey,053,433212,43136,42966,1878,44844,380
2021-05-13,Napa,055,140530,9876,9877,36,9913,82
2021-05-13,Nevada,057,99092,4780,4743,187,4930,70
2021-05-13,Orange,059,3164182,254998,253778,11301,265079,5026
2021-05-13,Placer,061,380077,23040,22668,1468,24136,288
2021-05-13,Plumas,063,18699,697,680,10,690,4
2021-05-13,Riverside,065,2383286,293577,288067,13992,302059,4433
2021-05-13,Sacramento,067,1510023,105101,104711,1752,106463,1626
2021-05-13,San Benito,069,59416,6054,6062,114,6176,63
2021-05-13,San Bernardino,071,2135413,292775,291765,8970,300735,4722
2021-05-13,San Diego,073,3302833,279582,278592,14793,293385,3729
2021-05-13,San Francisco,075,870044,36558,36741,1278,38019,544
2021-05-13,San Joaquin,077,732212,72727,72096,3536,75632,1357
2021-05-13,San Luis Obispo,079,281455,21326,21043,729,21772,255
2021-05-13,San Mateo,081,765935,42213,42059,469,42528,426
2021-05-13,Santa Barbara,083,443738,34409,34242,1198,35440,456
2021-05-13,Santa Clara,085,1922200,118296,118952,756,119708,2013
2021-05-13,Santa Cruz,087,273765,16178,16129,813,16942,208
2021-05-13,Shasta,089,179085,12158,12111,1540,13651,200
2021-05-13,Sierra,091,2930,56,54,12,66,0
2021-05-13,Siskiyou,093,43540,1873,1769,339,2108,14
2021-05-13,Solano,095,438530,32601,32548,544,33092,252
2021-05-13,Sonoma,097,501317,29847,29991,332,30323,321
2021-05-13,Stanislaus,099,539301,55977,55678,5895,61573,949
2021-05-13,Sutter,101,95872,9446,9431,83,9514,112
2021-05-13,Tehama,103,63373,5032,4997,563,5560,63
2021-05-13,Trinity,105,12862,482,327,90,417,3
2021-05-13,Tulare,107,460477,50074,49032,9013,58045,837
2021-05-13,Tuolumne,109,53932,4001,4059,39,4098,63
2021-05-13,Ventura,111,848112,81185,80615,2986,83601,1012
2021-05-13,Yolo,113,214977,13926,13914,309,14223,210
2021-05-13,Yuba,115,75493,5997,5962,122,6084,47
2021-05-12,Alameda,001,1643700,87661,87482,1950,89432,1261
2021-05-12,Alpine,003,1148,87,88,0,88,0
2021-05-12,Amador,005,37829,3666,3658,33,3691,46
2021-05-12,Butte,007,227075,12413,12026,1809,13835,199
2021-05-12,Calaveras,009,45235,2126,2119,14,2133,53
2021-05-12,Colusa,011,21464,1936,1939,298,2237,14
2021-05-12,Contra Costa,013,1133247,69027,68462,1254,69716,805
2021-05-12,Del Norte,015,27424,1388,1352,12,1364,8
2021-05-12,El Dorado,017,186661,10187,10123,720,10843,112
2021-05-12,Fresno,019,978130,102367,101838,8673,110511,1688
2021-05-12,Glenn,021,27897,2417,2391,560,2951,17
2021-05-12,Humboldt,023,135768,4094,3982,34,4016,37
2021-05-12,Imperial,025,180216,28518,28443,2845,31288,726
2021-05-12,Inyo,027,18085,1403,1400,12,1412,36
2021-05-12,Kern,029,883053,96998,95955,10798,106753,1310
2021-05-12,Kings,031,150075,23133,22896,1089,23985,246
2021-05-12,Lake,033,64148,3495,3476,9,3485,43
2021-05-12,Lassen,035,31185,5192,5151,108,5259,6
2021-05-12,Los Angeles,037,10098052,1202614,1195318,41588,1236906,24067
2021-05-12,Madera,039,155013,16557,16462,930,17392,238
2021-05-12,Marin,041,260295,14040,13997,253,14250,227
2021-05-12,Mariposa,043,17540,428,422,11,433,5
2021-05-12,Mendocino,045,87422,3919,3836,79,3915,46
2021-05-12,Merced,047,269075,30891,30941,984,31925,450
2021-05-12,Modoc,049,8938,373,362,126,488,3
2021-05-12,Mono,051,14174,1251,1265,16,1281,3
2021-05-12,Monterey,053,433212,43124,42950,1877,44827,380
2021-05-12,Napa,055,140530,9870,9870,36,9906,82
2021-05-12,Nevada,057,99092,4776,4738,187,4925,70
2021-05-12,Orange,059,3164182,254947,253587,11298,264885,5024
2021-05-12,Placer,061,380077,23022,22652,1461,24113,288
2021-05-12,Plumas,063,18699,697,681,10,691,4
2021-05-12,Riverside,065,2383286,293507,287830,13988,301818,4431
2021-05-12,Sacramento,067,1510023,105005,104592,1751,106343,1621
2021-05-12,San Benito,069,59416,6054,6062,114,6176,63
2021-05-12,San Bernardino,071,2135413,292727,291505,8965,300470,4715
2021-05-12,San Diego,073,3302833,279478,278402,14772,293174,3729
2021-05-12,San Francisco,075,870044,36539,36720,1277,37997,544
2021-05-12,San Joaquin,077,732212,72673,72043,3532,75575,1356
2021-05-12,San Luis Obispo,079,281455,21316,21021,729,21750,255
2021-05-12,San Mateo,081,765935,42204,42038,467,42505,426
2021-05-12,Santa Barbara,083,443738,34402,34218,1198,35416,456
2021-05-12,Santa Clara,085,1922200,118253,118897,756,119653,2005
2021-05-12,Santa Cruz,087,273765,16172,16123,813,16936,207
2021-05-12,Shasta,089,179085,12138,12092,1538,13630,200
2021-05-12,Sierra,091,2930,56,54,12,66,0
2021-05-12,Siskiyou,093,43540,1869,1760,338,2098,13
2021-05-12,Solano,095,438530,32577,32519,544,33063,252
2021-05-12,Sonoma,097,501317,29835,29976,332,30308,320
2021-05-12,Stanislaus,099,539301,55937,55632,5888,61520,919
2021-05-12,Sutter,101,95872,9443,9427,83,9510,112
2021-05-12,Tehama,103,63373,5027,4989,563,5552,62
2021-05-12,Trinity,105,12862,482,327,90,417,3
2021-05-12,Tulare,107,460477,50058,49001,9005,58006,838
2021-05-12,Tuolumne,109,53932,4000,4056,39,4095,63
2021-05-12,Ventura,111,848112,81166,80577,2986,83563,1010
2021-05-12,Yolo,113,214977,13919,13910,308,14218,210
2021-05-12,Yuba,115,75493,5994,5956,122,6078,47
2021-05-11,Alameda,001,1643700,87597,87413,1946,89359,1290
2021-05-11,Alpine,003,1148,87,88,0,88,0
2021-05-11,Amador,005,37829,3664,3657,33,3690,46
2021-05-11,Butte,007,227075,12398,12008,1806,13814,199
2021-05-11,Calaveras,009,45235,2126,2118,14,2132,52
2021-05-11,Colusa,011,21464,1935,1939,298,2237,14
2021-05-11,Contra Costa,013,1133247,68967,68406,1253,69659,806
2021-05-11,Del Norte,015,27424,1386,1347,12,1359,8
2021-05-11,El Dorado,017,186661,10181,10108,719,10827,112
2021-05-11,Fresno,019,978130,102321,101792,8668,110460,1686
2021-05-11,Glenn,021,27897,2416,2387,559,2946,17
2021-05-11,Humboldt,023,135768,4073,3964,33,3997,37
2021-05-11,Imperial,025,180216,28510,28413,2841,31254,722
2021-05-11,Inyo,027,18085,1402,1402,12,1414,36
2021-05-11,Kern,029,883053,96970,95938,10785,106723,1310
2021-05-11,Kings,031,150075,23125,22887,1089,23976,246
2021-05-11,Lake,033,64148,3495,3473,9,3482,43
2021-05-11,Lassen,035,31185,5190,5148,108,5256,6
2021-05-11,Los Angeles,037,10098052,1202374,1195100,41576,1236676,24048
2021-05-11,Madera,039,155013,16553,16459,929,17388,238
2021-05-11,Marin,041,260295,14033,13987,253,14240,227
2021-05-11,Mariposa,043,17540,428,421,11,432,5
2021-05-11,Mendocino,045,87422,3911,3821,79,3900,46
2021-05-11,Merced,047,269075,30882,30893,984,31877,449
2021-05-11,Modoc,049,8938,373,362,125,487,3
2021-05-11,Mono,051,14174,1251,1265,16,1281,3
2021-05-11,Monterey,053,433212,43116,42934,1876,44810,380
2021-05-11,Napa,055,140530,9863,9870,36,9906,81
2021-05-11,Nevada,057,99092,4772,4737,187,4924,70
2021-05-11,Orange,059,3164182,254884,253545,11290,264835,5017
2021-05-11,Placer,061,380077,23000,22615,1457,24072,287
2021-05-11,Plumas,063,18699,695,679,10,689,4
2021-05-11,Riverside,065,2383286,293445,287757,13983,301740,4429
2021-05-11,Sacramento,067,1510023,104906,104496,1748,106244,1616
2021-05-11,San Benito,069,59416,6051,6058,114,6172,63
2021-05-11,San Bernardino,071,2135413,292667,291421,8963,300384,4707
2021-05-11,San Diego,073,3302833,279343,278308,14753,293061,3725
2021-05-11,San Francisco,075,870044,36519,36707,1277,37984,543
2021-05-11,San Joaquin,077,732212,72625,71999,3529,75528,1356
2021-05-11,San Luis Obispo,079,281455,21309,21008,727,21735,255
2021-05-11,San Mateo,081,765935,42185,41985,466,42451,425
2021-05-11,Santa Barbara,083,443738,34392,34207,1198,35405,456
2021-05-11,Santa Clara,085,1922200,118207,118857,755,119612,2005
2021-05-11,Santa Cruz,087,273765,16168,16113,813,16926,206
2021-05-11,Shasta,089,179085,12115,12050,1532,13582,200
2021-05-11,Sierra,091,2930,56,54,12,66,0
2021-05-11,Siskiyou,093,43540,1859,1756,336,2092,13
2021-05-11,Solano,095,438530,32559,32499,542,33041,250
2021-05-11,Sonoma,097,501317,29820,29966,332,30298,318
2021-05-11,Stanislaus,099,539301,55889,55589,5884,61473,909
2021-05-11,Sutter,101,95872,9436,9417,83,9500,112
2021-05-11,Tehama,103,63373,5023,4985,562,5547,62
2021-05-11,Trinity,105,12862,482,327,89,416,3
2021-05-11,Tulare,107,460477,50031,48974,8991,57965,837
2021-05-11,Tuolumne,109,53932,3999,4056,39,4095,63
2021-05-11,Ventura,111,848112,81142,80544,2983,83527,1008
2021-05-11,Yolo,113,214977,13905,13902,305,14207,210
2021-05-11,Yuba,115,75493,5985,5950,122,6072,46
2021-05-10,Alameda,001,1643700,87527,87366,1945,89311,1284
2021-05-10,Alpine,003,1148,87,88,0,88,0
2021-05-10,Amador,005,37829,3663,3657,33,3690,46
2021-05-10,Butte,007,227075,12382,11993,1802,13795,199
2021-05-10,Calaveras,009,45235,2119,2118,14,2132,52
2021-05-10,Colusa,011,21464,1935,1939,298,2237,14
2021-05-10,Contra Costa,013,1133247,68903,68357,1253,69610,806
2021-05-10,Del Norte,015,27424,1383,1339,12,1351,8
2021-05-10,El Dorado,017,186661,10167,10093,719,10812,113
2021-05-10,Fresno,019,978130,102289,101755,8661,110416,1682
2021-05-10,Glenn,021,27897,2415,2384,557,2941,17
2021-05-10,Humboldt,023,135768,4043,3961,33,3994,36
2021-05-10,Imperial,025,180216,28496,28397,2837,31234,722
2021-05-10,Inyo,027,18085,1402,1401,12,1413,36
2021-05-10,Kern,029,883053,96927,95920,10771,106691,1310
2021-05-10,Kings,031,150075,23114,22884,1088,23972,246
2021-05-10,Lake,033,64148,3487,3471,9,3480,43
2021-05-10,Lassen,035,31185,5186,5148,108,5256,5
2021-05-10,Los Angeles,037,10098052,1202114,1194976,41560,1236536,24030
2021-05-10,Madera,039,155013,16543,16450,929,17379,238
2021-05-10,Marin,041,260295,14030,13981,253,14234,228
2021-05-10,Mariposa,043,17540,427,420,11,431,5
2021-05-10,Mendocino,045,87422,3905,3818,79,3897,46
2021-05-10,Merced,047,269075,30871,30880,984,31864,448
2021-05-10,Modoc,049,8938,373,361,125,486,3
2021-05-10,Mono,051,14174,1251,1265,16,1281,3
2021-05-10,Monterey,053,433212,43110,42927,1871,44798,380
2021-05-10,Napa,055,140530,9861,9860,36,9896,81
2021-05-10,Nevada,057,99092,4765,4735,187,4922,70
2021-05-10,Orange,059,3164182,254830,253484,11284,264768,5008
2021-05-10,Placer,061,380077,22978,22590,1454,24044,286
2021-05-10,Plumas,063,18699,694,679,10,689,4
2021-05-10,Riverside,065,2383286,293376,287689,13977,301666,4427
2021-05-10,Sacramento,067,1510023,104793,104378,1743,106121,1613
2021-05-10,San Benito,069,59416,6050,6058,114,6172,63
2021-05-10,San Bernardino,071,2135413,292615,291360,8962,300322,4707
2021-05-10,San Diego,073,3302833,279178,278183,14726,292909,3725
2021-05-10,San Francisco,075,870044,36500,36683,1277,37960,543
2021-05-10,San Joaquin,077,732212,72588,71954,3514,75468,1356
2021-05-10,San Luis Obispo,079,281455,21291,20993,726,21719,256
2021-05-10,San Mateo,081,765935,42167,41926,466,42392,424
2021-05-10,Santa Barbara,083,443738,34384,34201,1198,35399,456
2021-05-10,Santa Clara,085,1922200,118148,118822,755,119577,2003
2021-05-10,Santa Cruz,087,273765,16162,16114,813,16927,206
2021-05-10,Shasta,089,179085,12101,12036,1528,13564,200
2021-05-10,Sierra,091,2930,56,54,12,66,0
2021-05-10,Siskiyou,093,43540,1849,1752,334,2086,13
2021-05-10,Solano,095,438530,32539,32466,540,33006,250
2021-05-10,Sonoma,097,501317,29805,29955,331,30286,318
2021-05-10,Stanislaus,099,539301,55815,55541,5878,61419,898
2021-05-10,Sutter,101,95872,9430,9412,83,9495,111
2021-05-10,Tehama,103,63373,5019,4980,562,5542,62
2021-05-10,Trinity,105,12862,482,327,87,414,3
2021-05-10,Tulare,107,460477,50007,48956,8985,57941,837
2021-05-10,Tuolumne,109,53932,3995,4054,38,4092,63
2021-05-10,Ventura,111,848112,81126,80501,2981,83482,1008
2021-05-10,Yolo,113,214977,13893,13898,303,14201,209
2021-05-10,Yuba,115,75493,5983,5942,122,6064,46
2021-05-09,Alameda,001,1643700,87456,87292,1942,89234,1284
2021-05-09,Alpine,003,1148,87,88,0,88,0
2021-05-09,Amador,005,37829,3661,3655,33,3688,46
2021-05-09,Butte,007,227075,12363,11985,1798,13783,199
2021-05-09,Calaveras,009,45235,2118,2116,14,2130,52
2021-05-09,Colusa,011,21464,1934,1940,298,2238,14
2021-05-09,Contra Costa,013,1133247,68839,68302,1251,69553,806
2021-05-09,Del Norte,015,27424,1376,1338,12,1350,8
2021-05-09,El Dorado,017,186661,10153,10089,716,10805,113
2021-05-09,Fresno,019,978130,102251,101729,8652,110381,1682
2021-05-09,Glenn,021,27897,2408,2382,554,2936,17
2021-05-09,Humboldt,023,135768,4023,3950,33,3983,36
2021-05-09,Imperial,025,180216,28473,28388,2828,31216,722
2021-05-09,Inyo,027,18085,1402,1401,11,1412,36
2021-05-09,Kern,029,883053,96899,95903,10761,106664,1310
2021-05-09,Kings,031,150075,23105,22878,1088,23966,246
2021-05-09,Lake,033,64148,3483,3471,9,3480,43
2021-05-09,Lassen,035,31185,5184,5147,108,5255,5
2021-05-09,Los Angeles,037,10098052,1201855,1194820,41545,1236365,24026
2021-05-09,Madera,039,155013,16534,16444,923,17367,238
2021-05-09,Marin,041,260295,14019,13979,252,14231,228
2021-05-09,Mariposa,043,17540,424,420,11,431,5
2021-05-09,Mendocino,045,87422,3895,3814,79,3893,46
2021-05-09,Merced,047,269075,30848,30883,984,31867,448
2021-05-09,Modoc,049,8938,373,360,125,485,3
2021-05-09,Mono,051,14174,1251,1264,16,1280,3
2021-05-09,Monterey,053,433212,43092,42918,1871,44789,380
2021-05-09,Napa,055,140530,9850,9857,36,9893,81
2021-05-09,Nevada,057,99092,4758,4727,187,4914,70
2021-05-09,Orange,059,3164182,254776,253451,11276,264727,5008
2021-05-09,Placer,061,380077,22952,22566,1451,24017,286
2021-05-09,Plumas,063,18699,693,679,10,689,4
2021-05-09,Riverside,065,2383286,293296,287644,13971,301615,4427
2021-05-09,Sacramento,067,1510023,104644,104309,1737,106046,1612
2021-05-09,San Benito,069,59416,6048,6056,114,6170,63
2021-05-09,San Bernardino,071,2135413,292532,291337,8956,300293,4707
2021-05-09,San Diego,073,3302833,279011,277950,14704,292654,3725
2021-05-09,San Francisco,075,870044,36474,36669,1275,37944,543
2021-05-09,San Joaquin,077,732212,72542,71927,3513,75440,1356
2021-05-09,San Luis Obispo,079,281455,21280,20999,726,21725,256
2021-05-09,San Mateo,081,765935,42138,41903,466,42369,424
2021-05-09,Santa Barbara,083,443738,34371,34196,1197,35393,456
2021-05-09,Santa Clara,085,1922200,118094,118798,754,119552,2003
2021-05-09,Santa Cruz,087,273765,16156,16094,813,16907,206
2021-05-09,Shasta,089,179085,12071,12034,1523,13557,200
2021-05-09,Sierra,091,2930,56,54,12,66,0
2021-05-09,Siskiyou,093,43540,1843,1741,331,2072,13
2021-05-09,Solano,095,438530,32500,32434,537,32971,250
2021-05-09,Sonoma,097,501317,29791,29953,330,30283,318
2021-05-09,Stanislaus,099,539301,55749,55511,5874,61385,898
2021-05-09,Sutter,101,95872,9424,9413,83,9496,111
2021-05-09,Tehama,103,63373,5014,4979,562,5541,62
2021-05-09,Trinity,105,12862,482,327,87,414,3
2021-05-09,Tulare,107,460477,49980,48948,8980,57928,837
2021-05-09,Tuolumne,109,53932,3994,4053,38,4091,63
2021-05-09,Ventura,111,848112,81111,80487,2980,83467,1008
2021-05-09,Yolo,113,214977,13883,13897,302,14199,209
2021-05-09,Yuba,115,75493,5977,5934,122,6056,46
2021-05-08,Alameda,001,1643700,87414,87213,1938,89151,1284
2021-05-08,Alpine,003,1148,87,88,0,88,0
2021-05-08,Amador,005,37829,3659,3652,33,3685,46
2021-05-08,Butte,007,227075,12351,11962,1797,13759,199
2021-05-08,Calaveras,009,45235,2117,2114,14,2128,52
2021-05-08,Colusa,011,21464,1934,1939,298,2237,14
2021-05-08,Contra Costa,013,1133247,68806,68223,1249,69472,803
2021-05-08,Del Norte,015,27424,1373,1335,12,1347,8
2021-05-08,El Dorado,017,186661,10139,10079,716,10795,113
2021-05-08,Fresno,019,978130,102215,101676,8647,110323,1682
2021-05-08,Glenn,021,27897,2406,2382,552,2934,17
2021-05-08,Humboldt,023,135768,4007,3939,33,3972,36
2021-05-08,Imperial,025,180216,28465,28373,2828,31201,721
2021-05-08,Inyo,027,18085,1402,1402,11,1413,36
2021-05-08,Kern,029,883053,96874,95880,10748,106628,1310
2021-05-08,Kings,031,150075,23102,22872,1087,23959,246
2021-05-08,Lake,033,64148,3482,3470,9,3479,43
2021-05-08,Lassen,035,31185,5183,5145,108,5253,5
2021-05-08,Los Angeles,037,10098052,1201706,1194584,41529,1236113,24022
2021-05-08,Madera,039,155013,16530,16442,923,17365,238
2021-05-08,Marin,041,260295,14016,13974,251,14225,228
2021-05-08,Mariposa,043,17540,424,420,11,431,5
2021-05-08,Mendocino,045,87422,3890,3810,78,3888,46
2021-05-08,Merced,047,269075,30839,30876,984,31860,448
2021-05-08,Modoc,049,8938,373,360,124,484,3
2021-05-08,Mono,051,14174,1251,1262,16,1278,3
2021-05-08,Monterey,053,433212,43087,42914,1870,44784,380
2021-05-08,Napa,055,140530,9843,9853,36,9889,81
2021-05-08,Nevada,057,99092,4755,4716,187,4903,70
2021-05-08,Orange,059,3164182,254742,253412,11273,264685,5006
2021-05-08,Placer,061,380077,22934,22547,1449,23996,286
2021-05-08,Plumas,063,18699,692,679,10,689,4
2021-05-08,Riverside,065,2383286,293253,287574,13969,301543,4427
2021-05-08,Sacramento,067,1510023,104559,104208,1734,105942,1610
2021-05-08,San Benito,069,59416,6047,6048,114,6162,63
2021-05-08,San Bernardino,071,2135413,292489,291296,8956,300252,4707
2021-05-08,San Diego,073,3302833,278927,277760,14686,292446,3725
2021-05-08,San Francisco,075,870044,36451,36642,1275,37917,543
2021-05-08,San Joaquin,077,732212,72513,71869,3504,75373,1356
2021-05-08,San Luis Obispo,079,281455,21269,20992,726,21718,256
2021-05-08,San Mateo,081,765935,42127,41871,466,42337,424
2021-05-08,Santa Barbara,083,443738,34358,34185,1197,35382,456
2021-05-08,Santa Clara,085,1922200,118063,118751,754,119505,2003
2021-05-08,Santa Cruz,087,273765,16153,16089,813,16902,206
2021-05-08,Shasta,089,179085,12061,12030,1519,13549,200
2021-05-08,Sierra,091,2930,56,54,12,66,0
2021-05-08,Siskiyou,093,43540,1842,1741,327,2068,13
2021-05-08,Solano,095,438530,32475,32395,535,32930,249
2021-05-08,Sonoma,097,501317,29778,29942,330,30272,318
2021-05-08,Stanislaus,099,539301,55717,55467,5870,61337,898
2021-05-08,Sutter,101,95872,9421,9413,83,9496,111
2021-05-08,Tehama,103,63373,5012,4977,562,5539,62
2021-05-08,Trinity,105,12862,482,327,87,414,3
2021-05-08,Tulare,107,460477,49966,48929,8970,57899,837
2021-05-08,Tuolumne,109,53932,3993,4050,38,4088,63
2021-05-08,Ventura,111,848112,81100,80481,2977,83458,1008
2021-05-08,Yolo,113,214977,13880,13894,301,14195,209
2021-05-08,Yuba,115,75493,5969,5928,122,6050,46
2021-05-07,Alameda,001,1643700,87360,87128,1937,89065,1280
2021-05-07,Alpine,003,1148,87,88,0,88,0
2021-05-07,Amador,005,37829,3656,3651,33,3684,46
2021-05-07,Butte,007,227075,12331,11943,1794,13737,199
2021-05-07,Calaveras,009,45235,2115,2114,14,2128,52
2021-05-07,Colusa,011,21464,1934,1937,298,2235,14
2021-05-07,Contra Costa,013,1133247,68760,68156,1247,69403,804
2021-05-07,Del Norte,015,27424,1368,1329,12,1341,8
2021-05-07,El Dorado,017,186661,10126,10065,714,10779,112
2021-05-07,Fresno,019,978130,102182,101625,8646,110271,1684
2021-05-07,Glenn,021,27897,2403,2381,551,2932,17
2021-05-07,Humboldt,023,135768,3992,3919,33,3952,36
2021-05-07,Imperial,025,180216,28457,28352,2827,31179,721
2021-05-07,Inyo,027,18085,1402,1402,11,1413,36
2021-05-07,Kern,029,883053,96861,95839,10736,106575,1308
2021-05-07,Kings,031,150075,23101,22857,1086,23943,246
2021-05-07,Lake,033,64148,3480,3467,9,3476,43
2021-05-07,Lassen,035,31185,5182,5144,107,5251,5
2021-05-07,Los Angeles,037,10098052,1201528,1194294,41521,1235815,24008
2021-05-07,Madera,039,155013,16525,16439,922,17361,238
2021-05-07,Marin,041,260295,14012,13968,251,14219,228
2021-05-07,Mariposa,043,17540,423,419,11,430,5
2021-05-07,Mendocino,045,87422,3884,3805,78,3883,46
2021-05-07,Merced,047,269075,30836,30862,984,31846,446
2021-05-07,Modoc,049,8938,373,360,124,484,3
2021-05-07,Mono,051,14174,1250,1261,16,1277,3
2021-05-07,Monterey,053,433212,43081,42909,1868,44777,380
2021-05-07,Napa,055,140530,9842,9849,36,9885,81
2021-05-07,Nevada,057,99092,4751,4704,187,4891,70
2021-05-07,Orange,059,3164182,254702,253338,11264,264602,5000
2021-05-07,Placer,061,380077,22914,22524,1447,23971,286
2021-05-07,Plumas,063,18699,692,678,10,688,4
2021-05-07,Riverside,065,2383286,293195,287479,13968,301447,4426
2021-05-07,Sacramento,067,1510023,104487,104068,1729,105797,1609
2021-05-07,San Benito,069,59416,6046,6048,114,6162,63
2021-05-07,San Bernardino,071,2135413,292447,291185,8951,300136,4697
2021-05-07,San Diego,073,3302833,278842,277534,14671,292205,3718
2021-05-07,San Francisco,075,870044,36438,36616,1274,37890,543
2021-05-07,San Joaquin,077,732212,72473,71804,3502,75306,1351
2021-05-07,San Luis Obispo,079,281455,21262,20979,726,21705,256
2021-05-07,San Mateo,081,765935,42111,41844,466,42310,424
2021-05-07,Santa Barbara,083,443738,34348,34166,1197,35363,453
2021-05-07,Santa Clara,085,1922200,118030,118691,753,119444,2002
2021-05-07,Santa Cruz,087,273765,16150,16074,813,16887,206
2021-05-07,Shasta,089,179085,12039,12005,1517,13522,200
2021-05-07,Sierra,091,2930,56,54,12,66,0
2021-05-07,Siskiyou,093,43540,1839,1723,327,2050,13
2021-05-07,Solano,095,438530,32448,32352,533,32885,249
2021-05-07,Sonoma,097,501317,29760,29925,328,30253,318
2021-05-07,Stanislaus,099,539301,55676,55407,5864,61271,896
2021-05-07,Sutter,101,95872,9421,9407,82,9489,111
2021-05-07,Tehama,103,63373,5005,4974,562,5536,57
2021-05-07,Trinity,105,12862,482,327,87,414,3
2021-05-07,Tulare,107,460477,49949,48913,8965,57878,837
2021-05-07,Tuolumne,109,53932,3991,4048,38,4086,63
2021-05-07,Ventura,111,848112,81076,80444,2977,83421,1008
2021-05-07,Yolo,113,214977,13874,13875,300,14175,209
2021-05-07,Yuba,115,75493,5959,5910,122,6032,46
2021-05-06,Alameda,001,1643700,87283,87028,1934,88962,1278
2021-05-06,Alpine,003,1148,87,88,0,88,0
2021-05-06,Amador,005,37829,3654,3650,33,3683,46
2021-05-06,Butte,007,227075,12311,11929,1789,13718,198
2021-05-06,Calaveras,009,45235,2114,2111,14,2125,52
2021-05-06,Colusa,011,21464,1934,1935,298,2233,14
2021-05-06,Contra Costa,013,1133247,68705,68076,1244,69320,802
2021-05-06,Del Norte,015,27424,1360,1324,12,1336,6
2021-05-06,El Dorado,017,186661,10119,10048,714,10762,112
2021-05-06,Fresno,019,978130,102138,101536,8642,110178,1680
2021-05-06,Glenn,021,27897,2402,2380,550,2930,17
2021-05-06,Humboldt,023,135768,3967,3898,33,3931,36
2021-05-06,Imperial,025,180216,28446,28311,2826,31137,720
2021-05-06,Inyo,027,18085,1402,1401,11,1412,36
2021-05-06,Kern,029,883053,96836,95801,10719,106520,1307
2021-05-06,Kings,031,150075,23094,22848,1085,23933,246
2021-05-06,Lake,033,64148,3479,3465,9,3474,43
2021-05-06,Lassen,035,31185,5181,5143,107,5250,1
2021-05-06,Los Angeles,037,10098052,1201287,1193954,41504,1235458,23991
2021-05-06,Madera,039,155013,16517,16430,922,17352,238
2021-05-06,Marin,041,260295,14008,13956,251,14207,228
2021-05-06,Mariposa,043,17540,422,419,11,430,5
2021-05-06,Mendocino,045,87422,3873,3802,78,3880,46
2021-05-06,Merced,047,269075,30820,30863,983,31846,444
2021-05-06,Modoc,049,8938,373,360,124,484,3
2021-05-06,Mono,051,14174,1248,1261,16,1277,3
2021-05-06,Monterey,053,433212,43066,42899,1868,44767,379
2021-05-06,Napa,055,140530,9836,9843,36,9879,81
2021-05-06,Nevada,057,99092,4750,4687,187,4874,70
2021-05-06,Orange,059,3164182,254634,253286,11258,264544,4991
2021-05-06,Placer,061,380077,22892,22493,1447,23940,286
2021-05-06,Plumas,063,18699,692,678,10,688,4
2021-05-06,Riverside,065,2383286,293122,287399,13963,301362,4422
2021-05-06,Sacramento,067,1510023,104370,103956,1726,105682,1609
2021-05-06,San Benito,069,59416,6045,6045,114,6159,63
2021-05-06,San Bernardino,071,2135413,292377,291085,8950,300035,4683
2021-05-06,San Diego,073,3302833,278718,277324,14648,291972,3716
2021-05-06,San Francisco,075,870044,36423,36599,1274,37873,543
2021-05-06,San Joaquin,077,732212,72418,71729,3499,75228,1350
2021-05-06,San Luis Obispo,079,281455,21250,20965,724,21689,256
2021-05-06,San Mateo,081,765935,42093,41802,465,42267,424
2021-05-06,Santa Barbara,083,443738,34335,34152,1197,35349,453
2021-05-06,Santa Clara,085,1922200,117989,118591,753,119344,2001
2021-05-06,Santa Cruz,087,273765,16143,16050,813,16863,206
2021-05-06,Shasta,089,179085,12017,11983,1511,13494,199
2021-05-06,Sierra,091,2930,56,54,12,66,0
2021-05-06,Siskiyou,093,43540,1829,1711,326,2037,12
2021-05-06,Solano,095,438530,32422,32320,525,32845,249
2021-05-06,Sonoma,097,501317,29752,29911,328,30239,318
2021-05-06,Stanislaus,099,539301,55620,55323,5860,61183,834
2021-05-06,Sutter,101,95872,9415,9396,82,9478,111
2021-05-06,Tehama,103,63373,5000,4970,562,5532,53
2021-05-06,Trinity,105,12862,482,327,87,414,3
2021-05-06,Tulare,107,460477,49924,48890,8950,57840,836
2021-05-06,Tuolumne,109,53932,3987,4047,38,4085,63
2021-05-06,Ventura,111,848112,81045,80411,2974,83385,1005
2021-05-06,Yolo,113,214977,13867,13871,296,14167,209
2021-05-06,Yuba,115,75493,5947,5901,122,6023,46
2021-05-05,Alameda,001,1643700,87222,86950,1932,88882,1278
2021-05-05,Alpine,003,1148,87,88,0,88,0
2021-05-05,Amador,005,37829,3651,3650,33,3683,46
2021-05-05,Butte,007,227075,12293,11907,1786,13693,198
2021-05-05,Calaveras,009,45235,2110,2103,14,2117,52
2021-05-05,Colusa,011,21464,1933,1933,298,2231,14
2021-05-05,Contra Costa,013,1133247,68640,67997,1240,69237,803
2021-05-05,Del Norte,015,27424,1357,1317,12,1329,6
2021-05-05,El Dorado,017,186661,10108,10020,713,10733,111
2021-05-05,Fresno,019,978130,102089,101491,8633,110124,1680
2021-05-05,Glenn,021,27897,2399,2380,549,2929,17
2021-05-05,Humboldt,023,135768,3948,3886,32,3918,36
2021-05-05,Imperial,025,180216,28405,28295,2819,31114,720
2021-05-05,Inyo,027,18085,1401,1401,11,1412,36
2021-05-05,Kern,029,883053,96792,95753,10715,106468,1304
2021-05-05,Kings,031,150075,23088,22840,1084,23924,246
2021-05-05,Lake,033,64148,3476,3458,9,3467,43
2021-05-05,Lassen,035,31185,5181,5143,106,5249,1
2021-05-05,Los Angeles,037,10098052,1201016,1193608,41491,1235099,23977
2021-05-05,Madera,039,155013,16515,16423,922,17345,235
2021-05-05,Marin,041,260295,14000,13950,250,14200,228
2021-05-05,Mariposa,043,17540,422,418,11,429,5
2021-05-05,Mendocino,045,87422,3869,3799,78,3877,46
2021-05-05,Merced,047,269075,30799,30844,983,31827,444
2021-05-05,Modoc,049,8938,372,361,123,484,3
2021-05-05,Mono,051,14174,1248,1260,16,1276,3
2021-05-05,Monterey,053,433212,43052,42870,1865,44735,379
2021-05-05,Napa,055,140530,9830,9833,36,9869,81
2021-05-05,Nevada,057,99092,4747,4666,187,4853,70
2021-05-05,Orange,059,3164182,254576,253237,11254,264491,4978
2021-05-05,Placer,061,380077,22860,22362,1443,23805,287
2021-05-05,Plumas,063,18699,692,677,10,687,4
2021-05-05,Riverside,065,2383286,293027,287353,13953,301306,4414
2021-05-05,Sacramento,067,1510023,104282,103476,1721,105197,1607
2021-05-05,San Benito,069,59416,6036,6046,114,6160,63
2021-05-05,San Bernardino,071,2135413,292302,291008,8946,299954,4677
2021-05-05,San Diego,073,3302833,278581,277098,14628,291726,3716
2021-05-05,San Francisco,075,870044,36409,36577,1273,37850,543
2021-05-05,San Joaquin,077,732212,72365,71638,3496,75134,1345
2021-05-05,San Luis Obispo,079,281455,21242,20958,724,21682,256
2021-05-05,San Mateo,081,765935,42062,41755,464,42219,415
2021-05-05,Santa Barbara,083,443738,34320,34139,1196,35335,453
2021-05-05,Santa Clara,085,1922200,117959,118482,749,119231,1992
2021-05-05,Santa Cruz,087,273765,16137,16013,813,16826,207
2021-05-05,Shasta,089,179085,12001,11939,1507,13446,200
2021-05-05,Sierra,091,2930,56,54,12,66,0
2021-05-05,Siskiyou,093,43540,1812,1706,318,2024,11
2021-05-05,Solano,095,438530,32387,32250,523,32773,249
2021-05-05,Sonoma,097,501317,29739,29879,328,30207,318
2021-05-05,Stanislaus,099,539301,55563,55231,5858,61089,807
2021-05-05,Sutter,101,95872,9409,9387,82,9469,111
2021-05-05,Tehama,103,63373,4996,4968,562,5530,53
2021-05-05,Trinity,105,12862,482,326,87,413,3
2021-05-05,Tulare,107,460477,49900,48875,8943,57818,835
2021-05-05,Tuolumne,109,53932,3984,4040,38,4078,63
2021-05-05,Ventura,111,848112,81017,80372,2970,83342,1005
2021-05-05,Yolo,113,214977,13863,13846,294,14140,209
2021-05-05,Yuba,115,75493,5937,5895,121,6016,44
2021-05-04,Alameda,001,1643700,87130,86894,1932,88826,1277
2021-05-04,Alpine,003,1148,87,88,0,88,0
2021-05-04,Amador,005,37829,3651,3650,33,3683,46
2021-05-04,Butte,007,227075,12269,11883,1785,13668,198
2021-05-04,Calaveras,009,45235,2105,2100,14,2114,52
2021-05-04,Colusa,011,21464,1932,1933,298,2231,14
2021-05-04,Contra Costa,013,1133247,68561,67931,1237,69168,799
2021-05-04,Del Norte,015,27424,1357,1314,12,1326,6
2021-05-04,El Dorado,017,186661,10097,10009,709,10718,110
2021-05-04,Fresno,019,978130,102034,101451,8626,110077,1677
2021-05-04,Glenn,021,27897,2396,2379,546,2925,17
2021-05-04,Humboldt,023,135768,3922,3877,32,3909,36
2021-05-04,Imperial,025,180216,28385,28276,2815,31091,720
2021-05-04,Inyo,027,18085,1401,1399,11,1410,36
2021-05-04,Kern,029,883053,96756,95720,10697,106417,1301
2021-05-04,Kings,031,150075,23074,22822,1081,23903,246
2021-05-04,Lake,033,64148,3475,3454,9,3463,43
2021-05-04,Lassen,035,31185,5180,5142,106,5248,1
2021-05-04,Los Angeles,037,10098052,1200729,1193453,41479,1234932,23957
2021-05-04,Madera,039,155013,16514,16418,922,17340,235
2021-05-04,Marin,041,260295,13992,13935,250,14185,228
2021-05-04,Mariposa,043,17540,422,418,11,429,5
2021-05-04,Mendocino,045,87422,3864,3794,78,3872,46
2021-05-04,Merced,047,269075,30782,30829,983,31812,444
2021-05-04,Modoc,049,8938,371,360,122,482,3
2021-05-04,Mono,051,14174,1248,1260,16,1276,3
2021-05-04,Monterey,053,433212,43040,42845,1864,44709,380
2021-05-04,Napa,055,140530,9821,9824,36,9860,81
2021-05-04,Nevada,057,99092,4740,4656,187,4843,70
2021-05-04,Orange,059,3164182,254509,253177,11244,264421,4977
2021-05-04,Placer,061,380077,22831,22326,1440,23766,287
2021-05-04,Plumas,063,18699,691,675,10,685,4
2021-05-04,Riverside,065,2383286,292943,287285,13946,301231,4411
2021-05-04,Sacramento,067,1510023,104153,103383,1716,105099,1604
2021-05-04,San Benito,069,59416,6035,6039,114,6153,63
2021-05-04,San Bernardino,071,2135413,292225,290934,8939,299873,4668
2021-05-04,San Diego,073,3302833,278415,276879,14611,291490,3713
2021-05-04,San Francisco,075,870044,36391,36550,1273,37823,541
2021-05-04,San Joaquin,077,732212,72302,71582,3491,75073,1342
2021-05-04,San Luis Obispo,079,281455,21236,20923,722,21645,255
2021-05-04,San Mateo,081,765935,42036,41708,464,42172,415
2021-05-04,Santa Barbara,083,443738,34304,34131,1195,35326,453
2021-05-04,Santa Clara,085,1922200,117896,118431,748,119179,1988
2021-05-04,Santa Cruz,087,273765,16131,16005,813,16818,207
2021-05-04,Shasta,089,179085,11981,11923,1501,13424,198
2021-05-04,Sierra,091,2930,56,54,12,66,0
2021-05-04,Siskiyou,093,43540,1805,1694,316,2010,11
2021-05-04,Solano,095,438530,32346,32220,521,32741,249
2021-05-04,Sonoma,097,501317,29719,29867,327,30194,318
2021-05-04,Stanislaus,099,539301,55507,55165,5855,61020,807
2021-05-04,Sutter,101,95872,9404,9375,82,9457,111
2021-05-04,Tehama,103,63373,4993,4959,561,5520,53
2021-05-04,Trinity,105,12862,482,326,87,413,3
2021-05-04,Tulare,107,460477,49873,48857,8934,57791,835
2021-05-04,Tuolumne,109,53932,3982,4041,38,4079,61
2021-05-04,Ventura,111,848112,80988,80351,2968,83319,1005
2021-05-04,Yolo,113,214977,13850,13820,292,14112,208
2021-05-04,Yuba,115,75493,5931,5891,121,6012,44
2021-05-03,Alameda,001,1643700,87054,86845,1926,88771,1272
2021-05-03,Alpine,003,1148,87,88,0,88,0
2021-05-03,Amador,005,37829,3651,3651,33,3684,46
2021-05-03,Butte,007,227075,12259,11864,1782,13646,198
2021-05-03,Calaveras,009,45235,2104,2099,14,2113,50
2021-05-03,Colusa,011,21464,1931,1931,296,2227,14
2021-05-03,Contra Costa,013,1133247,68502,67895,1233,69128,799
2021-05-03,Del Norte,015,27424,1352,1306,11,1317,6
2021-05-03,El Dorado,017,186661,10079,9984,704,10688,110
2021-05-03,Fresno,019,978130,101978,101405,8615,110020,1678
2021-05-03,Glenn,021,27897,2396,2375,545,2920,17
2021-05-03,Humboldt,023,135768,3907,3865,32,3897,36
2021-05-03,Imperial,025,180216,28363,28280,2812,31092,720
2021-05-03,Inyo,027,18085,1400,1398,11,1409,36
2021-05-03,Kern,029,883053,96719,95693,10685,106378,1299
2021-05-03,Kings,031,150075,23065,22821,1081,23902,246
2021-05-03,Lake,033,64148,3473,3446,9,3455,43
2021-05-03,Lassen,035,31185,5179,5142,106,5248,1
2021-05-03,Los Angeles,037,10098052,1200460,1193261,41453,1234714,23942
2021-05-03,Madera,039,155013,16509,16414,921,17335,235
2021-05-03,Marin,041,260295,13986,13927,250,14177,228
2021-05-03,Mariposa,043,17540,422,418,11,429,5
2021-05-03,Mendocino,045,87422,3857,3792,78,3870,46
2021-05-03,Merced,047,269075,30771,30814,981,31795,444
2021-05-03,Modoc,049,8938,371,360,122,482,3
2021-05-03,Mono,051,14174,1248,1259,16,1275,3
2021-05-03,Monterey,053,433212,43028,42837,1862,44699,380
2021-05-03,Napa,055,140530,9816,9815,36,9851,81
2021-05-03,Nevada,057,99092,4732,4650,187,4837,70
2021-05-03,Orange,059,3164182,254450,253107,11235,264342,4968
2021-05-03,Placer,061,380077,22800,22289,1434,23723,287
2021-05-03,Plumas,063,18699,690,675,10,685,4
2021-05-03,Riverside,065,2383286,292869,287233,13945,301178,4412
2021-05-03,Sacramento,067,1510023,104000,103303,1706,105009,1602
2021-05-03,San Benito,069,59416,6034,6038,114,6152,63
2021-05-03,San Bernardino,071,2135413,292157,290886,8936,299822,4659
2021-05-03,San Diego,073,3302833,278252,276693,14586,291279,3712
2021-05-03,San Francisco,075,870044,36365,36538,1273,37811,541
2021-05-03,San Joaquin,077,732212,72252,71504,3488,74992,1325
2021-05-03,San Luis Obispo,079,281455,21220,20915,719,21634,254
2021-05-03,San Mateo,081,765935,42013,41689,463,42152,413
2021-05-03,Santa Barbara,083,443738,34292,34119,1195,35314,453
2021-05-03,Santa Clara,085,1922200,117842,118373,747,119120,1988
2021-05-03,Santa Cruz,087,273765,16128,16000,813,16813,207
2021-05-03,Shasta,089,179085,11958,11890,1496,13386,197
2021-05-03,Sierra,091,2930,56,54,12,66,0
2021-05-03,Siskiyou,093,43540,1799,1683,310,1993,11
2021-05-03,Solano,095,438530,32305,32201,520,32721,249
2021-05-03,Sonoma,097,501317,29707,29855,324,30179,318
2021-05-03,Stanislaus,099,539301,55441,55116,5846,60962,774
2021-05-03,Sutter,101,95872,9392,9370,82,9452,111
2021-05-03,Tehama,103,63373,4984,4952,561,5513,53
2021-05-03,Trinity,105,12862,482,326,87,413,3
2021-05-03,Tulare,107,460477,49856,48844,8924,57768,835
2021-05-03,Tuolumne,109,53932,3981,4038,38,4076,61
2021-05-03,Ventura,111,848112,80966,80291,2968,83259,1005
2021-05-03,Yolo,113,214977,13837,13809,290,14099,208
2021-05-03,Yuba,115,75493,5926,5880,121,6001,44
2021-05-02,Alameda,001,1643700,86969,86784,1925,88709,1272
2021-05-02,Alpine,003,1148,87,88,0,88,0
2021-05-02,Amador,005,37829,3651,3650,33,3683,46
2021-05-02,Butte,007,227075,12235,11859,1779,13638,198
2021-05-02,Calaveras,009,45235,2100,2098,14,2112,50
2021-05-02,Colusa,011,21464,1930,1931,295,2226,14
2021-05-02,Contra Costa,013,1133247,68417,67843,1231,69074,800
2021-05-02,Del Norte,015,27424,1345,1305,11,1316,6
2021-05-02,El Dorado,017,186661,10064,9962,703,10665,110
2021-05-02,Fresno,019,978130,101907,101372,8604,109976,1678
2021-05-02,Glenn,021,27897,2395,2374,543,2917,17
2021-05-02,Humboldt,023,135768,3895,3858,31,3889,36
2021-05-02,Imperial,025,180216,28329,28275,2802,31077,721
2021-05-02,Inyo,027,18085,1398,1398,11,1409,36
2021-05-02,Kern,029,883053,96661,95668,10678,106346,1299
2021-05-02,Kings,031,150075,23047,22816,1080,23896,246
2021-05-02,Lake,033,64148,3471,3443,9,3452,43
2021-05-02,Lassen,035,31185,5178,5142,105,5247,1
2021-05-02,Los Angeles,037,10098052,1200110,1193056,41430,1234486,23943
2021-05-02,Madera,039,155013,16503,16410,921,17331,235
2021-05-02,Marin,041,260295,13976,13917,250,14167,228
2021-05-02,Mariposa,043,17540,422,419,11,430,5
2021-05-02,Mendocino,045,87422,3852,3787,78,3865,46
2021-05-02,Merced,047,269075,30749,30793,979,31772,444
2021-05-02,Modoc,049,8938,370,360,122,482,3
2021-05-02,Mono,051,14174,1247,1259,16,1275,3
2021-05-02,Monterey,053,433212,43014,42837,1861,44698,380
2021-05-02,Napa,055,140530,9812,9805,36,9841,81
2021-05-02,Nevada,057,99092,4716,4635,187,4822,70
2021-05-02,Orange,059,3164182,254376,253025,11221,264246,4968
2021-05-02,Placer,061,380077,22771,22264,1431,23695,287
2021-05-02,Plumas,063,18699,690,675,10,685,4
2021-05-02,Riverside,065,2383286,292769,287197,13935,301132,4412
2021-05-02,Sacramento,067,1510023,103860,103153,1699,104852,1602
2021-05-02,San Benito,069,59416,6029,6037,114,6151,63
2021-05-02,San Bernardino,071,2135413,292058,290859,8934,299793,4655
2021-05-02,San Diego,073,3302833,278055,276521,14559,291080,3712
2021-05-02,San Francisco,075,870044,36339,36522,1273,37795,541
2021-05-02,San Joaquin,077,732212,72188,71447,3481,74928,1325
2021-05-02,San Luis Obispo,079,281455,21199,20910,718,21628,254
2021-05-02,San Mateo,081,765935,41997,41656,462,42118,412
2021-05-02,Santa Barbara,083,443738,34278,34106,1195,35301,453
2021-05-02,Santa Clara,085,1922200,117768,118321,747,119068,1988
2021-05-02,Santa Cruz,087,273765,16123,15995,812,16807,207
2021-05-02,Shasta,089,179085,11942,11885,1488,13373,197
2021-05-02,Sierra,091,2930,56,54,12,66,0
2021-05-02,Siskiyou,093,43540,1788,1661,309,1970,11
2021-05-02,Solano,095,438530,32266,32151,516,32667,249
2021-05-02,Sonoma,097,501317,29685,29842,324,30166,318
2021-05-02,Stanislaus,099,539301,55368,55057,5839,60896,774
2021-05-02,Sutter,101,95872,9385,9363,82,9445,111
2021-05-02,Tehama,103,63373,4979,4950,559,5509,53
2021-05-02,Trinity,105,12862,482,326,87,413,3
2021-05-02,Tulare,107,460477,49838,48834,8916,57750,835
2021-05-02,Tuolumne,109,53932,3978,4038,38,4076,61
2021-05-02,Ventura,111,848112,80929,80284,2967,83251,1005
2021-05-02,Yolo,113,214977,13825,13799,289,14088,208
2021-05-02,Yuba,115,75493,5916,5879,121,6000,44
2021-05-01,Alameda,001,1643700,86926,86704,1922,88626,1270
2021-05-01,Alpine,003,1148,87,88,0,88,0
2021-05-01,Amador,005,37829,3651,3650,33,3683,46
2021-05-01,Butte,007,227075,12221,11845,1774,13619,198
2021-05-01,Calaveras,009,45235,2098,2096,14,2110,50
2021-05-01,Colusa,011,21464,1929,1931,295,2226,14
2021-05-01,Contra Costa,013,1133247,68365,67779,1228,69007,800
2021-05-01,Del Norte,015,27424,1344,1292,11,1303,6
2021-05-01,El Dorado,017,186661,10050,9944,701,10645,110
2021-05-01,Fresno,019,978130,101862,101326,8598,109924,1678
2021-05-01,Glenn,021,27897,2392,2369,542,2911,17
2021-05-01,Humboldt,023,135768,3881,3845,31,3876,36
2021-05-01,Imperial,025,180216,28322,28262,2802,31064,721
2021-05-01,Inyo,027,18085,1398,1397,11,1408,36
2021-05-01,Kern,029,883053,96634,95645,10666,106311,1299
2021-05-01,Kings,031,150075,23044,22797,1079,23876,246
2021-05-01,Lake,033,64148,3469,3441,9,3450,43
2021-05-01,Lassen,035,31185,5176,5142,105,5247,1
2021-05-01,Los Angeles,037,10098052,1199941,1192781,41415,1234196,23946
2021-05-01,Madera,039,155013,16499,16408,921,17329,235
2021-05-01,Marin,041,260295,13969,13902,250,14152,228
2021-05-01,Mariposa,043,17540,422,418,11,429,5
2021-05-01,Mendocino,045,87422,3850,3782,78,3860,46
2021-05-01,Merced,047,269075,30731,30771,979,31750,444
2021-05-01,Modoc,049,8938,370,361,122,483,3
2021-05-01,Mono,051,14174,1247,1258,16,1274,3
2021-05-01,Monterey,053,433212,43008,42828,1861,44689,379
2021-05-01,Napa,055,140530,9809,9800,36,9836,81
2021-05-01,Nevada,057,99092,4711,4625,187,4812,70
2021-05-01,Orange,059,3164182,254333,252969,11210,264179,4964
2021-05-01,Placer,061,380077,22745,22240,1429,23669,287
2021-05-01,Plumas,063,18699,689,675,10,685,4
2021-05-01,Riverside,065,2383286,292730,287129,13933,301062,4412
2021-05-01,Sacramento,067,1510023,103779,103043,1698,104741,1602
2021-05-01,San Benito,069,59416,6026,6030,114,6144,63
2021-05-01,San Bernardino,071,2135413,292015,290802,8932,299734,4652
2021-05-01,San Diego,073,3302833,277931,276367,14538,290905,3706
2021-05-01,San Francisco,075,870044,36324,36496,1273,37769,541
2021-05-01,San Joaquin,077,732212,72139,71389,3479,74868,1325
2021-05-01,San Luis Obispo,079,281455,21194,20896,718,21614,254
2021-05-01,San Mateo,081,765935,41968,41617,461,42078,411
2021-05-01,Santa Barbara,083,443738,34273,34085,1194,35279,453
2021-05-01,Santa Clara,085,1922200,117716,118265,745,119010,1988
2021-05-01,Santa Cruz,087,273765,16120,15984,812,16796,207
2021-05-01,Shasta,089,179085,11922,11878,1480,13358,197
2021-05-01,Sierra,091,2930,56,53,12,65,0
2021-05-01,Siskiyou,093,43540,1780,1653,308,1961,11
2021-05-01,Solano,095,438530,32236,32124,508,32632,249
2021-05-01,Sonoma,097,501317,29682,29835,324,30159,318
2021-05-01,Stanislaus,099,539301,55333,55005,5833,60838,774
2021-05-01,Sutter,101,95872,9382,9358,82,9440,110
2021-05-01,Tehama,103,63373,4978,4950,558,5508,53
2021-05-01,Trinity,105,12862,482,326,86,412,3
2021-05-01,Tulare,107,460477,49831,48818,8910,57728,835
2021-05-01,Tuolumne,109,53932,3972,4035,38,4073,61
2021-05-01,Ventura,111,848112,80911,80268,2967,83235,1005
2021-05-01,Yolo,113,214977,13818,13784,287,14071,208
2021-05-01,Yuba,115,75493,5914,5875,121,5996,44
2021-04-30,Alameda,001,1643700,86865,86602,1919,88521,1268
2021-04-30,Alpine,003,1148,87,88,0,88,0
2021-04-30,Amador,005,37829,3649,3650,33,3683,46
2021-04-30,Butte,007,227075,12202,11812,1770,13582,197
2021-04-30,Calaveras,009,45235,2097,2087,14,2101,50
2021-04-30,Colusa,011,21464,1929,1931,294,2225,14
2021-04-30,Contra Costa,013,1133247,68317,67684,1225,68909,800
2021-04-30,Del Norte,015,27424,1332,1276,11,1287,6
2021-04-30,El Dorado,017,186661,10036,9906,701,10607,110
2021-04-30,Fresno,019,978130,101816,101263,8594,109857,1670
2021-04-30,Glenn,021,27897,2391,2369,542,2911,17
2021-04-30,Humboldt,023,135768,3868,3834,31,3865,36
2021-04-30,Imperial,025,180216,28313,28244,2798,31042,721
2021-04-30,Inyo,027,18085,1398,1397,11,1408,36
2021-04-30,Kern,029,883053,96617,95605,10662,106267,1298
2021-04-30,Kings,031,150075,23041,22793,1078,23871,246
2021-04-30,Lake,033,64148,3465,3440,9,3449,43
2021-04-30,Lassen,035,31185,5175,5140,105,5245,1
2021-04-30,Los Angeles,037,10098052,1199731,1192393,41402,1233795,23919
2021-04-30,Madera,039,155013,16493,16395,921,17316,235
2021-04-30,Marin,041,260295,13961,13895,248,14143,228
2021-04-30,Mariposa,043,17540,422,417,11,428,5
2021-04-30,Mendocino,045,87422,3846,3777,78,3855,46
2021-04-30,Merced,047,269075,30718,30740,978,31718,444
2021-04-30,Modoc,049,8938,369,360,122,482,3
2021-04-30,Mono,051,14174,1247,1258,16,1274,3
2021-04-30,Monterey,053,433212,42994,42810,1860,44670,379
2021-04-30,Napa,055,140530,9805,9792,36,9828,81
2021-04-30,Nevada,057,99092,4703,4608,187,4795,70
2021-04-30,Orange,059,3164182,254276,252883,11204,264087,4956
2021-04-30,Placer,061,380077,22726,22190,1425,23615,287
2021-04-30,Plumas,063,18699,689,677,10,687,4
2021-04-30,Riverside,065,2383286,292672,287030,13926,300956,4412
2021-04-30,Sacramento,067,1510023,103678,102864,1694,104558,1596
2021-04-30,San Benito,069,59416,6022,6024,113,6137,63
2021-04-30,San Bernardino,071,2135413,291954,290704,8931,299635,4640
2021-04-30,San Diego,073,3302833,277836,276157,14527,290684,3702
2021-04-30,San Francisco,075,870044,36313,36453,1272,37725,538
2021-04-30,San Joaquin,077,732212,72087,71311,3476,74787,1306
2021-04-30,San Luis Obispo,079,281455,21188,20884,718,21602,255
2021-04-30,San Mateo,081,765935,41953,41583,460,42043,380
2021-04-30,Santa Barbara,083,443738,34260,34061,1194,35255,451
2021-04-30,Santa Clara,085,1922200,117658,118170,741,118911,1988
2021-04-30,Santa Cruz,087,273765,16115,15975,812,16787,207
2021-04-30,Shasta,089,179085,11901,11848,1477,13325,197
2021-04-30,Sierra,091,2930,56,53,12,65,0
2021-04-30,Siskiyou,093,43540,1769,1628,305,1933,11
2021-04-30,Solano,095,438530,32204,32050,505,32555,249
2021-04-30,Sonoma,097,501317,29672,29816,322,30138,318
2021-04-30,Stanislaus,099,539301,55282,54938,5830,60768,774
2021-04-30,Sutter,101,95872,9380,9353,82,9435,110
2021-04-30,Tehama,103,63373,4976,4944,558,5502,53
2021-04-30,Trinity,105,12862,482,326,86,412,3
2021-04-30,Tulare,107,460477,49821,48797,8894,57691,836
2021-04-30,Tuolumne,109,53932,3971,4033,38,4071,61
2021-04-30,Ventura,111,848112,80871,80232,2962,83194,1004
2021-04-30,Yolo,113,214977,13805,13756,287,14043,208
2021-04-30,Yuba,115,75493,5906,5870,121,5991,44
2021-04-29,Alameda,001,1643700,86798,86490,1918,88408,1263
2021-04-29,Alpine,003,1148,87,88,0,88,0
2021-04-29,Amador,005,37829,3649,3649,33,3682,46
2021-04-29,Butte,007,227075,12187,11787,1768,13555,196
2021-04-29,Calaveras,009,45235,2094,2082,14,2096,50
2021-04-29,Colusa,011,21464,1929,1929,294,2223,14
2021-04-29,Contra Costa,013,1133247,68262,67606,1222,68828,795
2021-04-29,Del Norte,015,27424,1328,1271,11,1282,6
2021-04-29,El Dorado,017,186661,10016,9884,698,10582,107
2021-04-29,Fresno,019,978130,101762,101189,8583,109772,1667
2021-04-29,Glenn,021,27897,2388,2369,542,2911,17
2021-04-29,Humboldt,023,135768,3854,3815,31,3846,36
2021-04-29,Imperial,025,180216,28301,28235,2797,31032,720
2021-04-29,Inyo,027,18085,1398,1396,11,1407,36
2021-04-29,Kern,029,883053,96584,95547,10658,106205,1295
2021-04-29,Kings,031,150075,23031,22777,1073,23850,245
2021-04-29,Lake,033,64148,3457,3438,9,3447,43
2021-04-29,Lassen,035,31185,5175,5140,105,5245,1
2021-04-29,Los Angeles,037,10098052,1199453,1192068,41381,1233449,23899
2021-04-29,Madera,039,155013,16488,16383,920,17303,235
2021-04-29,Marin,041,260295,13957,13884,240,14124,228
2021-04-29,Mariposa,043,17540,421,416,11,427,5
2021-04-29,Mendocino,045,87422,3840,3774,78,3852,46
2021-04-29,Merced,047,269075,30698,30706,978,31684,444
2021-04-29,Modoc,049,8938,369,360,122,482,3
2021-04-29,Mono,051,14174,1245,1259,16,1275,3
2021-04-29,Monterey,053,433212,42977,42797,1859,44656,379
2021-04-29,Napa,055,140530,9791,9789,36,9825,81
2021-04-29,Nevada,057,99092,4692,4590,187,4777,70
2021-04-29,Orange,059,3164182,254206,252823,11189,264012,4934
2021-04-29,Placer,061,380077,22701,22161,1423,23584,286
2021-04-29,Plumas,063,18699,688,676,10,686,4
2021-04-29,Riverside,065,2383286,292604,286947,13923,300870,4409
2021-04-29,Sacramento,067,1510023,103545,102686,1684,104370,1593
2021-04-29,San Benito,069,59416,6021,6023,113,6136,63
2021-04-29,San Bernardino,071,2135413,291882,290606,8926,299532,4609
2021-04-29,San Diego,073,3302833,277686,275961,14510,290471,3700
2021-04-29,San Francisco,075,870044,36287,36412,1272,37684,537
2021-04-29,San Joaquin,077,732212,72021,71225,3471,74696,1301
2021-04-29,San Luis Obispo,079,281455,21177,20876,718,21594,255
2021-04-29,San Mateo,081,765935,41925,41538,459,41997,358
2021-04-29,Santa Barbara,083,443738,34244,34039,1192,35231,448
2021-04-29,Santa Clara,085,1922200,117603,118082,738,118820,1984
2021-04-29,Santa Cruz,087,273765,16109,15961,812,16773,205
2021-04-29,Shasta,089,179085,11870,11836,1469,13305,193
2021-04-29,Sierra,091,2930,56,53,12,65,0
2021-04-29,Siskiyou,093,43540,1760,1615,302,1917,11
2021-04-29,Solano,095,438530,32163,32002,501,32503,248
2021-04-29,Sonoma,097,501317,29657,29785,319,30104,318
2021-04-29,Stanislaus,099,539301,55215,54836,5825,60661,774
2021-04-29,Sutter,101,95872,9373,9346,82,9428,110
2021-04-29,Tehama,103,63373,4968,4939,558,5497,53
2021-04-29,Trinity,105,12862,482,326,86,412,3
2021-04-29,Tulare,107,460477,49803,48785,8882,57667,832
2021-04-29,Tuolumne,109,53932,3970,4030,38,4068,58
2021-04-29,Ventura,111,848112,80837,80188,2960,83148,1002
2021-04-29,Yolo,113,214977,13785,13745,286,14031,205
2021-04-29,Yuba,115,75493,5896,5865,121,5986,44
2021-04-28,Alameda,001,1643700,86726,86390,1914,88304,1260
2021-04-28,Alpine,003,1148,87,88,0,88,0
2021-04-28,Amador,005,37829,3649,3646,33,3679,46
2021-04-28,Butte,007,227075,12167,11762,1763,13525,196
2021-04-28,Calaveras,009,45235,2090,2078,13,2091,50
2021-04-28,Colusa,011,21464,1926,1927,293,2220,14
2021-04-28,Contra Costa,013,1133247,68202,67539,1221,68760,795
2021-04-28,Del Norte,015,27424,1320,1267,11,1278,6
2021-04-28,El Dorado,017,186661,9992,9873,698,10571,107
2021-04-28,Fresno,019,978130,101715,101161,8573,109734,1666
2021-04-28,Glenn,021,27897,2385,2368,542,2910,17
2021-04-28,Humboldt,023,135768,3838,3796,31,3827,36
2021-04-28,Imperial,025,180216,28287,28177,2795,30972,720
2021-04-28,Inyo,027,18085,1398,1396,10,1406,36
2021-04-28,Kern,029,883053,96554,95494,10649,106143,1295
2021-04-28,Kings,031,150075,23019,22767,1071,23838,245
2021-04-28,Lake,033,64148,3454,3433,9,3442,43
2021-04-28,Lassen,035,31185,5175,5138,105,5243,1
2021-04-28,Los Angeles,037,10098052,1199157,1191729,41355,1233084,23858
2021-04-28,Madera,039,155013,16484,16372,920,17292,235
2021-04-28,Marin,041,260295,13946,13866,240,14106,227
2021-04-28,Mariposa,043,17540,418,415,11,426,5
2021-04-28,Mendocino,045,87422,3834,3770,76,3846,46
2021-04-28,Merced,047,269075,30679,30649,978,31627,443
2021-04-28,Modoc,049,8938,369,360,122,482,3
2021-04-28,Mono,051,14174,1245,1258,16,1274,3
2021-04-28,Monterey,053,433212,42972,42776,1859,44635,379
2021-04-28,Napa,055,140530,9780,9777,36,9813,81
2021-04-28,Nevada,057,99092,4672,4570,187,4757,70
2021-04-28,Orange,059,3164182,254126,252747,11176,263923,4931
2021-04-28,Placer,061,380077,22674,22115,1422,23537,285
2021-04-28,Plumas,063,18699,688,676,10,686,4
2021-04-28,Riverside,065,2383286,292548,286868,13917,300785,4407
2021-04-28,Sacramento,067,1510023,103423,102613,1680,104293,1591
2021-04-28,San Benito,069,59416,6019,6021,113,6134,63
2021-04-28,San Bernardino,071,2135413,291803,290548,8916,299464,4582
2021-04-28,San Diego,073,3302833,277531,275821,14496,290317,3698
2021-04-28,San Francisco,075,870044,36257,36382,1271,37653,534
2021-04-28,San Joaquin,077,732212,71941,71171,3463,74634,1301
2021-04-28,San Luis Obispo,079,281455,21169,20851,718,21569,255
2021-04-28,San Mateo,081,765935,41900,41498,457,41955,358
2021-04-28,Santa Barbara,083,443738,34230,34003,1192,35195,448
2021-04-28,Santa Clara,085,1922200,117534,117997,736,118733,1969
2021-04-28,Santa Cruz,087,273765,16105,15943,811,16754,205
2021-04-28,Shasta,089,179085,11854,11815,1462,13277,192
2021-04-28,Sierra,091,2930,56,51,12,63,0
2021-04-28,Siskiyou,093,43540,1747,1603,300,1903,11
2021-04-28,Solano,095,438530,32131,31982,496,32478,248
2021-04-28,Sonoma,097,501317,29643,29773,315,30088,318
2021-04-28,Stanislaus,099,539301,55160,54745,5822,60567,774
2021-04-28,Sutter,101,95872,9368,9343,82,9425,110
2021-04-28,Tehama,103,63373,4962,4930,557,5487,53
2021-04-28,Trinity,105,12862,482,326,86,412,3
2021-04-28,Tulare,107,460477,49785,48754,8867,57621,832
2021-04-28,Tuolumne,109,53932,3967,4029,38,4067,58
2021-04-28,Ventura,111,848112,80802,80172,2958,83130,1000
2021-04-28,Yolo,113,214977,13770,13721,285,14006,205
2021-04-28,Yuba,115,75493,5890,5857,121,5978,44
2021-04-27,Alameda,001,1643700,86635,86301,1908,88209,1260
2021-04-27,Alpine,003,1148,87,88,0,88,0
2021-04-27,Amador,005,37829,3649,3645,33,3678,46
2021-04-27,Butte,007,227075,12142,11738,1757,13495,196
2021-04-27,Calaveras,009,45235,2089,2076,13,2089,50
2021-04-27,Colusa,011,21464,1925,1926,293,2219,14
2021-04-27,Contra Costa,013,1133247,68133,67470,1217,68687,791
2021-04-27,Del Norte,015,27424,1308,1266,11,1277,6
2021-04-27,El Dorado,017,186661,9963,9866,695,10561,106
2021-04-27,Fresno,019,978130,101650,101138,8563,109701,1663
2021-04-27,Glenn,021,27897,2385,2368,542,2910,17
2021-04-27,Humboldt,023,135768,3826,3780,31,3811,35
2021-04-27,Imperial,025,180216,28271,28149,2788,30937,720
2021-04-27,Inyo,027,18085,1398,1396,10,1406,36
2021-04-27,Kern,029,883053,96497,95466,10638,106104,1295
2021-04-27,Kings,031,150075,23004,22759,1069,23828,244
2021-04-27,Lake,033,64148,3453,3431,9,3440,43
2021-04-27,Lassen,035,31185,5175,5137,105,5242,1
2021-04-27,Los Angeles,037,10098052,1198834,1191504,41325,1232829,23825
2021-04-27,Madera,039,155013,16477,16365,920,17285,235
2021-04-27,Marin,041,260295,13924,13855,240,14095,227
2021-04-27,Mariposa,043,17540,417,413,11,424,5
2021-04-27,Mendocino,045,87422,3830,3765,76,3841,46
2021-04-27,Merced,047,269075,30639,30620,978,31598,443
2021-04-27,Modoc,049,8938,368,360,122,482,3
2021-04-27,Mono,051,14174,1245,1257,16,1273,3
2021-04-27,Monterey,053,433212,42954,42752,1856,44608,379
2021-04-27,Napa,055,140530,9773,9774,34,9808,81
2021-04-27,Nevada,057,99092,4657,4557,187,4744,70
2021-04-27,Orange,059,3164182,254057,252667,11171,263838,4925
2021-04-27,Placer,061,380077,22643,22050,1419,23469,285
2021-04-27,Plumas,063,18699,687,675,10,685,4
2021-04-27,Riverside,065,2383286,292472,286820,13913,300733,4405
2021-04-27,Sacramento,067,1510023,103294,102595,1670,104265,1589
2021-04-27,San Benito,069,59416,6014,6016,113,6129,63
2021-04-27,San Bernardino,071,2135413,291735,290461,8911,299372,4575
2021-04-27,San Diego,073,3302833,277374,275685,14476,290161,3692
2021-04-27,San Francisco,075,870044,36229,36358,1270,37628,533
2021-04-27,San Joaquin,077,732212,71888,71104,3457,74561,1301
2021-04-27,San Luis Obispo,079,281455,21162,20841,718,21559,255
2021-04-27,San Mateo,081,765935,41865,41474,456,41930,358
2021-04-27,Santa Barbara,083,443738,34207,33973,1191,35164,448
2021-04-27,Santa Clara,085,1922200,117484,117945,735,118680,1969
2021-04-27,Santa Cruz,087,273765,16098,15905,810,16715,205
2021-04-27,Shasta,089,179085,11826,11802,1455,13257,192
2021-04-27,Sierra,091,2930,56,51,12,63,0
2021-04-27,Siskiyou,093,43540,1732,1597,299,1896,11
2021-04-27,Solano,095,438530,32083,31964,495,32459,248
2021-04-27,Sonoma,097,501317,29625,29761,314,30075,318
2021-04-27,Stanislaus,099,539301,55090,54695,5814,60509,752
2021-04-27,Sutter,101,95872,9363,9342,82,9424,110
2021-04-27,Tehama,103,63373,4959,4922,553,5475,53
2021-04-27,Trinity,105,12862,482,326,86,412,3
2021-04-27,Tulare,107,460477,49769,48744,8858,57602,832
2021-04-27,Tuolumne,109,53932,3964,4028,38,4066,58
2021-04-27,Ventura,111,848112,80773,80152,2956,83108,1000
2021-04-27,Yolo,113,214977,13757,13697,283,13980,205
2021-04-27,Yuba,115,75493,5890,5853,121,5974,44
2021-04-26,Alameda,001,1643700,86543,86230,1905,88135,1256
2021-04-26,Alpine,003,1148,87,88,0,88,0
2021-04-26,Amador,005,37829,3648,3645,33,3678,46
2021-04-26,Butte,007,227075,12118,11720,1753,13473,196
2021-04-26,Calaveras,009,45235,2084,2074,13,2087,50
2021-04-26,Colusa,011,21464,1925,1925,292,2217,14
2021-04-26,Contra Costa,013,1133247,68065,67392,1213,68605,789
2021-04-26,Del Norte,015,27424,1299,1263,11,1274,6
2021-04-26,El Dorado,017,186661,9942,9849,694,10543,106
2021-04-26,Fresno,019,978130,101595,101099,8549,109648,1662
2021-04-26,Glenn,021,27897,2383,2367,542,2909,17
2021-04-26,Humboldt,023,135768,3816,3764,30,3794,35
2021-04-26,Imperial,025,180216,28258,28148,2783,30931,720
2021-04-26,Inyo,027,18085,1397,1396,10,1406,36
2021-04-26,Kern,029,883053,96470,95429,10632,106061,1295
2021-04-26,Kings,031,150075,23001,22756,1066,23822,244
2021-04-26,Lake,033,64148,3448,3428,9,3437,43
2021-04-26,Lassen,035,31185,5175,5138,105,5243,1
2021-04-26,Los Angeles,037,10098052,1198507,1191253,41306,1232559,23802
2021-04-26,Madera,039,155013,16465,16353,919,17272,231
2021-04-26,Marin,041,260295,13909,13849,240,14089,227
2021-04-26,Mariposa,043,17540,416,410,11,421,5
2021-04-26,Mendocino,045,87422,3828,3757,75,3832,46
2021-04-26,Merced,047,269075,30622,30611,975,31586,443
2021-04-26,Modoc,049,8938,368,360,122,482,3
2021-04-26,Mono,051,14174,1245,1258,16,1274,3
2021-04-26,Monterey,053,433212,42938,42740,1855,44595,379
2021-04-26,Napa,055,140530,9761,9769,34,9803,79
2021-04-26,Nevada,057,99092,4636,4548,187,4735,70
2021-04-26,Orange,059,3164182,253973,252592,11160,263752,4919
2021-04-26,Placer,061,380077,22614,22032,1414,23446,285
2021-04-26,Plumas,063,18699,687,670,10,680,4
2021-04-26,Riverside,065,2383286,292410,286724,13905,300629,4401
2021-04-26,Sacramento,067,1510023,103122,102459,1657,104116,1587
2021-04-26,San Benito,069,59416,6012,6013,113,6126,63
2021-04-26,San Bernardino,071,2135413,291684,290394,8910,299304,4572
2021-04-26,San Diego,073,3302833,277200,275541,14448,289989,3692
2021-04-26,San Francisco,075,870044,36201,36330,1269,37599,532
2021-04-26,San Joaquin,077,732212,71822,71050,3449,74499,1301
2021-04-26,San Luis Obispo,079,281455,21154,20830,717,21547,255
2021-04-26,San Mateo,081,765935,41835,41457,456,41913,357
2021-04-26,Santa Barbara,083,443738,34176,33948,1191,35139,448
2021-04-26,Santa Clara,085,1922200,117384,117874,732,118606,1968
2021-04-26,Santa Cruz,087,273765,16089,15877,810,16687,205
2021-04-26,Shasta,089,179085,11809,11787,1449,13236,192
2021-04-26,Sierra,091,2930,55,51,12,63,0
2021-04-26,Siskiyou,093,43540,1722,1592,296,1888,11
2021-04-26,Solano,095,438530,32038,31913,493,32406,247
2021-04-26,Sonoma,097,501317,29602,29755,312,30067,318
2021-04-26,Stanislaus,099,539301,55000,54638,5808,60446,744
2021-04-26,Sutter,101,95872,9358,9328,82,9410,110
2021-04-26,Tehama,103,63373,4954,4920,550,5470,53
2021-04-26,Trinity,105,12862,482,326,86,412,3
2021-04-26,Tulare,107,460477,49749,48735,8849,57584,831
2021-04-26,Tuolumne,109,53932,3963,4024,38,4062,58
2021-04-26,Ventura,111,848112,80748,80137,2953,83090,999
2021-04-26,Yolo,113,214977,13737,13684,280,13964,205
2021-04-26,Yuba,115,75493,5888,5851,121,5972,44
2021-04-25,Alameda,001,1643700,86439,86162,1898,88060,1256
2021-04-25,Alpine,003,1148,87,87,0,87,0
2021-04-25,Amador,005,37829,3647,3643,33,3676,46
2021-04-25,Butte,007,227075,12089,11709,1746,13455,196
2021-04-25,Calaveras,009,45235,2078,2072,12,2084,50
2021-04-25,Colusa,011,21464,1924,1924,292,2216,14
2021-04-25,Contra Costa,013,1133247,67972,67316,1212,68528,789
2021-04-25,Del Norte,015,27424,1293,1259,11,1270,6
2021-04-25,El Dorado,017,186661,9926,9837,692,10529,106
2021-04-25,Fresno,019,978130,101536,101061,8537,109598,1662
2021-04-25,Glenn,021,27897,2383,2366,542,2908,17
2021-04-25,Humboldt,023,135768,3803,3751,30,3781,35
2021-04-25,Imperial,025,180216,28232,28136,2780,30916,720
2021-04-25,Inyo,027,18085,1397,1396,10,1406,36
2021-04-25,Kern,029,883053,96404,95398,10619,106017,1295
2021-04-25,Kings,031,150075,22987,22755,1064,23819,244
2021-04-25,Lake,033,64148,3446,3427,9,3436,43
2021-04-25,Lassen,035,31185,5173,5138,105,5243,1
2021-04-25,Los Angeles,037,10098052,1198173,1190970,41286,1232256,23799
2021-04-25,Madera,039,155013,16453,16346,919,17265,231
2021-04-25,Marin,041,260295,13900,13852,240,14092,227
2021-04-25,Mariposa,043,17540,416,410,11,421,5
2021-04-25,Mendocino,045,87422,3821,3757,75,3832,46
2021-04-25,Merced,047,269075,30587,30586,975,31561,443
2021-04-25,Modoc,049,8938,368,360,122,482,3
2021-04-25,Mono,051,14174,1245,1257,16,1273,3
2021-04-25,Monterey,053,433212,42925,42737,1853,44590,379
2021-04-25,Napa,055,140530,9756,9762,34,9796,79
2021-04-25,Nevada,057,99092,4624,4536,187,4723,70
2021-04-25,Orange,059,3164182,253897,252531,11153,263684,4919
2021-04-25,Placer,061,380077,22567,22011,1406,23417,285
2021-04-25,Plumas,063,18699,686,670,10,680,4
2021-04-25,Riverside,065,2383286,292316,286651,13899,300550,4401
2021-04-25,Sacramento,067,1510023,102954,102319,1647,103966,1587
2021-04-25,San Benito,069,59416,6010,6014,112,6126,63
2021-04-25,San Bernardino,071,2135413,291609,290357,8902,299259,4571
2021-04-25,San Diego,073,3302833,276987,275412,14415,289827,3692
2021-04-25,San Francisco,075,870044,36170,36310,1269,37579,532
2021-04-25,San Joaquin,077,732212,71727,70987,3439,74426,1301
2021-04-25,San Luis Obispo,079,281455,21135,20820,715,21535,255
2021-04-25,San Mateo,081,765935,41800,41465,455,41920,356
2021-04-25,Santa Barbara,083,443738,34150,33931,1191,35122,448
2021-04-25,Santa Clara,085,1922200,117305,117778,730,118508,1968
2021-04-25,Santa Cruz,087,273765,16083,15868,808,16676,205
2021-04-25,Shasta,089,179085,11786,11784,1444,13228,192
2021-04-25,Sierra,091,2930,55,51,12,63,0
2021-04-25,Siskiyou,093,43540,1711,1580,294,1874,11
2021-04-25,Solano,095,438530,31991,31864,485,32349,247
2021-04-25,Sonoma,097,501317,29584,29756,312,30068,318
2021-04-25,Stanislaus,099,539301,54904,54543,5800,60343,744
2021-04-25,Sutter,101,95872,9352,9326,82,9408,110
2021-04-25,Tehama,103,63373,4950,4916,548,5464,53
2021-04-25,Trinity,105,12862,482,326,86,412,3
2021-04-25,Tulare,107,460477,49733,48728,8835,57563,831
2021-04-25,Tuolumne,109,53932,3961,4022,38,4060,58
2021-04-25,Ventura,111,848112,80724,80110,2953,83063,999
2021-04-25,Yolo,113,214977,13714,13667,278,13945,205
2021-04-25,Yuba,115,75493,5885,5849,120,5969,44
2021-04-24,Alameda,001,1643700,86385,86016,1896,87912,1257
2021-04-24,Alpine,003,1148,87,86,0,86,0
2021-04-24,Amador,005,37829,3646,3640,33,3673,46
2021-04-24,Butte,007,227075,12073,11678,1744,13422,196
2021-04-24,Calaveras,009,45235,2074,2067,12,2079,50
2021-04-24,Colusa,011,21464,1923,1921,292,2213,14
2021-04-24,Contra Costa,013,1133247,67902,67222,1210,68432,789
2021-04-24,Del Norte,015,27424,1288,1255,11,1266,6
2021-04-24,El Dorado,017,186661,9915,9814,691,10505,106
2021-04-24,Fresno,019,978130,101505,100991,8531,109522,1662
2021-04-24,Glenn,021,27897,2383,2363,542,2905,17
2021-04-24,Humboldt,023,135768,3789,3722,30,3752,35
2021-04-24,Imperial,025,180216,28225,28124,2779,30903,720
2021-04-24,Inyo,027,18085,1396,1396,10,1406,36
2021-04-24,Kern,029,883053,96385,95365,10609,105974,1295
2021-04-24,Kings,031,150075,22984,22749,1064,23813,244
2021-04-24,Lake,033,64148,3445,3426,9,3435,43
2021-04-24,Lassen,035,31185,5172,5137,105,5242,1
2021-04-24,Los Angeles,037,10098052,1197946,1190603,41270,1231873,23802
2021-04-24,Madera,039,155013,16450,16338,919,17257,231
2021-04-24,Marin,041,260295,13892,13847,240,14087,227
2021-04-24,Mariposa,043,17540,416,409,11,420,5
2021-04-24,Mendocino,045,87422,3819,3754,73,3827,46
2021-04-24,Merced,047,269075,30567,30559,975,31534,443
2021-04-24,Modoc,049,8938,368,360,122,482,3
2021-04-24,Mono,051,14174,1245,1256,16,1272,3
2021-04-24,Monterey,053,433212,42913,42727,1852,44579,379
2021-04-24,Napa,055,140530,9750,9756,34,9790,79
2021-04-24,Nevada,057,99092,4617,4522,187,4709,70
2021-04-24,Orange,059,3164182,253853,252441,11147,263588,4910
2021-04-24,Placer,061,380077,22555,21983,1405,23388,285
2021-04-24,Plumas,063,18699,685,670,10,680,4
2021-04-24,Riverside,065,2383286,292248,286552,13895,300447,4400
2021-04-24,Sacramento,067,1510023,102871,102179,1640,103819,1587
2021-04-24,San Benito,069,59416,6008,6007,112,6119,63
2021-04-24,San Bernardino,071,2135413,291560,290264,8901,299165,4568
2021-04-24,San Diego,073,3302833,276883,275252,14395,289647,3688
2021-04-24,San Francisco,075,870044,36141,36285,1265,37550,532
2021-04-24,San Joaquin,077,732212,71683,70911,3436,74347,1301
2021-04-24,San Luis Obispo,079,281455,21125,20797,714,21511,255
2021-04-24,San Mateo,081,765935,41787,41424,453,41877,355
2021-04-24,Santa Barbara,083,443738,34135,33911,1190,35101,448
2021-04-24,Santa Clara,085,1922200,117250,117674,728,118402,1968
2021-04-24,Santa Cruz,087,273765,16075,15840,808,16648,205
2021-04-24,Shasta,089,179085,11768,11770,1441,13211,192
2021-04-24,Sierra,091,2930,55,51,12,63,0
2021-04-24,Siskiyou,093,43540,1701,1574,293,1867,11
2021-04-24,Solano,095,438530,31968,31821,482,32303,247
2021-04-24,Sonoma,097,501317,29582,29739,312,30051,318
2021-04-24,Stanislaus,099,539301,54855,54455,5797,60252,744
2021-04-24,Sutter,101,95872,9349,9316,82,9398,110
2021-04-24,Tehama,103,63373,4945,4907,548,5455,53
2021-04-24,Trinity,105,12862,482,326,86,412,3
2021-04-24,Tulare,107,460477,49722,48705,8825,57530,830
2021-04-24,Tuolumne,109,53932,3957,4020,38,4058,58
2021-04-24,Ventura,111,848112,80711,80097,2951,83048,999
2021-04-24,Yolo,113,214977,13703,13653,278,13931,205
2021-04-24,Yuba,115,75493,5883,5837,120,5957,44
2021-04-23,Alameda,001,1643700,86311,85935,1893,87828,1256
2021-04-23,Alpine,003,1148,86,86,0,86,0
2021-04-23,Amador,005,37829,3645,3637,33,3670,46
2021-04-23,Butte,007,227075,12052,11672,1739,13411,196
2021-04-23,Calaveras,009,45235,2072,2064,12,2076,50
2021-04-23,Colusa,011,21464,1922,1921,292,2213,14
2021-04-23,Contra Costa,013,1133247,67847,67164,1208,68372,785
2021-04-23,Del Norte,015,27424,1287,1254,11,1265,6
2021-04-23,El Dorado,017,186661,9898,9788,688,10476,106
2021-04-23,Fresno,019,978130,101464,100928,8525,109453,1662
2021-04-23,Glenn,021,27897,2383,2361,541,2902,17
2021-04-23,Humboldt,023,135768,3779,3698,30,3728,35
2021-04-23,Imperial,025,180216,28210,28108,2777,30885,720
2021-04-23,Inyo,027,18085,1396,1395,10,1405,36
2021-04-23,Kern,029,883053,96360,95330,10603,105933,1295
2021-04-23,Kings,031,150075,22981,22735,1064,23799,244
2021-04-23,Lake,033,64148,3443,3425,9,3434,43
2021-04-23,Lassen,035,31185,5172,5141,105,5246,1
2021-04-23,Los Angeles,037,10098052,1197683,1190264,41244,1231508,23785
2021-04-23,Madera,039,155013,16441,16328,919,17247,231
2021-04-23,Marin,041,260295,13887,13838,240,14078,227
2021-04-23,Mariposa,043,17540,415,405,11,416,5
2021-04-23,Mendocino,045,87422,3817,3745,72,3817,46
2021-04-23,Merced,047,269075,30549,30530,975,31505,443
2021-04-23,Modoc,049,8938,368,360,122,482,3
2021-04-23,Mono,051,14174,1243,1256,16,1272,3
2021-04-23,Monterey,053,433212,42907,42722,1852,44574,377
2021-04-23,Napa,055,140530,9745,9752,34,9786,79
2021-04-23,Nevada,057,99092,4608,4510,187,4697,70
2021-04-23,Orange,059,3164182,253809,252399,11140,263539,4904
2021-04-23,Placer,061,380077,22532,21959,1404,23363,282
2021-04-23,Plumas,063,18699,684,670,10,680,4
2021-04-23,Riverside,065,2383286,292189,286456,13890,300346,4399
2021-04-23,Sacramento,067,1510023,102784,102041,1637,103678,1586
2021-04-23,San Benito,069,59416,6006,6005,112,6117,63
2021-04-23,San Bernardino,071,2135413,291509,290189,8900,299089,4568
2021-04-23,San Diego,073,3302833,276745,275097,14372,289469,3684
2021-04-23,San Francisco,075,870044,36124,36252,1264,37516,532
2021-04-23,San Joaquin,077,732212,71627,70840,3433,74273,1295
2021-04-23,San Luis Obispo,079,281455,21116,20781,713,21494,255
2021-04-23,San Mateo,081,765935,41760,41386,453,41839,355
2021-04-23,Santa Barbara,083,443738,34125,33895,1188,35083,447
2021-04-23,Santa Clara,085,1922200,117188,117593,727,118320,1965
2021-04-23,Santa Cruz,087,273765,16068,15802,808,16610,205
2021-04-23,Shasta,089,179085,11761,11759,1440,13199,192
2021-04-23,Sierra,091,2930,55,51,12,63,0
2021-04-23,Siskiyou,093,43540,1689,1567,292,1859,11
2021-04-23,Solano,095,438530,31936,31784,478,32262,247
2021-04-23,Sonoma,097,501317,29568,29727,312,30039,318
2021-04-23,Stanislaus,099,539301,54792,54391,5789,60180,744
2021-04-23,Sutter,101,95872,9347,9312,82,9394,110
2021-04-23,Tehama,103,63373,4942,4906,548,5454,53
2021-04-23,Trinity,105,12862,482,326,86,412,3
2021-04-23,Tulare,107,460477,49705,48694,8817,57511,829
2021-04-23,Tuolumne,109,53932,3956,4020,38,4058,58
2021-04-23,Ventura,111,848112,80692,80095,2951,83046,996
2021-04-23,Yolo,113,214977,13692,13647,277,13924,205
2021-04-23,Yuba,115,75493,5880,5828,120,5948,44
2021-04-22,Alameda,001,1643700,86221,85829,1892,87721,1253
2021-04-22,Alpine,003,1148,86,86,0,86,0
2021-04-22,Amador,005,37829,3644,3633,33,3666,46
2021-04-22,Butte,007,227075,12038,11656,1736,13392,196
2021-04-22,Calaveras,009,45235,2071,2059,12,2071,50
2021-04-22,Colusa,011,21464,1920,1920,290,2210,14
2021-04-22,Contra Costa,013,1133247,67775,67029,1203,68232,782
2021-04-22,Del Norte,015,27424,1282,1252,11,1263,6
2021-04-22,El Dorado,017,186661,9887,9773,685,10458,106
2021-04-22,Fresno,019,978130,101419,100864,8514,109378,1657
2021-04-22,Glenn,021,27897,2382,2361,541,2902,17
2021-04-22,Humboldt,023,135768,3770,3680,30,3710,35
2021-04-22,Imperial,025,180216,28189,28096,2774,30870,720
2021-04-22,Inyo,027,18085,1395,1394,10,1404,36
2021-04-22,Kern,029,883053,96317,95292,10588,105880,1299
2021-04-22,Kings,031,150075,22971,22725,1064,23789,243
2021-04-22,Lake,033,64148,3441,3423,9,3432,43
2021-04-22,Lassen,035,31185,5172,5155,105,5260,1
2021-04-22,Los Angeles,037,10098052,1197364,1189878,41222,1231100,23762
2021-04-22,Madera,039,155013,16422,16316,919,17235,231
2021-04-22,Marin,041,260295,13879,13832,240,14072,227
2021-04-22,Mariposa,043,17540,414,403,11,414,5
2021-04-22,Mendocino,045,87422,3811,3729,72,3801,46
2021-04-22,Merced,047,269075,30514,30490,974,31464,443
2021-04-22,Modoc,049,8938,368,360,122,482,3
2021-04-22,Mono,051,14174,1243,1254,16,1270,3
2021-04-22,Monterey,053,433212,42900,42708,1850,44558,377
2021-04-22,Napa,055,140530,9735,9734,34,9768,79
2021-04-22,Nevada,057,99092,4599,4504,185,4689,70
2021-04-22,Orange,059,3164182,253736,252307,11128,263435,4898
2021-04-22,Placer,061,380077,22502,21916,1400,23316,282
2021-04-22,Plumas,063,18699,683,670,10,680,4
2021-04-22,Riverside,065,2383286,292090,286362,13881,300243,4398
2021-04-22,Sacramento,067,1510023,102635,101870,1628,103498,1585
2021-04-22,San Benito,069,59416,6002,5998,112,6110,63
2021-04-22,San Bernardino,071,2135413,291438,290125,8891,299016,4571
2021-04-22,San Diego,073,3302833,276579,275913,14350,290263,3684
2021-04-22,San Francisco,075,870044,36102,36218,1261,37479,532
2021-04-22,San Joaquin,077,732212,71568,70751,3426,74177,1295
2021-04-22,San Luis Obispo,079,281455,21102,20761,713,21474,255
2021-04-22,San Mateo,081,765935,41733,41345,451,41796,355
2021-04-22,Santa Barbara,083,443738,34102,33870,1187,35057,446
2021-04-22,Santa Clara,085,1922200,117100,117457,723,118180,1954
2021-04-22,Santa Cruz,087,273765,16065,15737,807,16544,205
2021-04-22,Shasta,089,179085,11746,11738,1437,13175,192
2021-04-22,Sierra,091,2930,55,51,12,63,0
2021-04-22,Siskiyou,093,43540,1685,1564,291,1855,11
2021-04-22,Solano,095,438530,31890,31731,475,32206,247
2021-04-22,Sonoma,097,501317,29553,29705,308,30013,318
2021-04-22,Stanislaus,099,539301,54718,54313,5783,60096,744
2021-04-22,Sutter,101,95872,9343,9302,82,9384,110
2021-04-22,Tehama,103,63373,4936,4896,544,5440,53
2021-04-22,Trinity,105,12862,482,326,86,412,3
2021-04-22,Tulare,107,460477,49685,48669,8808,57477,828
2021-04-22,Tuolumne,109,53932,3952,4020,38,4058,58
2021-04-22,Ventura,111,848112,80666,80073,2949,83022,996
2021-04-22,Yolo,113,214977,13671,13616,277,13893,205
2021-04-22,Yuba,115,75493,5870,5825,120,5945,44
2021-04-21,Alameda,001,1643700,86142,85762,1890,87652,1249
2021-04-21,Alpine,003,1148,86,86,0,86,0
2021-04-21,Amador,005,37829,3641,3632,33,3665,46
2021-04-21,Butte,007,227075,12018,11643,1734,13377,196
2021-04-21,Calaveras,009,45235,2064,2057,12,2069,50
2021-04-21,Colusa,011,21464,1918,1920,289,2209,14
2021-04-21,Contra Costa,013,1133247,67709,66981,1202,68183,782
2021-04-21,Del Norte,015,27424,1278,1252,11,1263,6
2021-04-21,El Dorado,017,186661,9870,9760,683,10443,106
2021-04-21,Fresno,019,978130,101363,100838,8508,109346,1654
2021-04-21,Glenn,021,27897,2381,2361,541,2902,17
2021-04-21,Humboldt,023,135768,3750,3642,30,3672,35
2021-04-21,Imperial,025,180216,28177,28052,2772,30824,719
2021-04-21,Inyo,027,18085,1395,1392,10,1402,36
2021-04-21,Kern,029,883053,96271,95257,10578,105835,1297
2021-04-21,Kings,031,150075,22964,22713,1063,23776,243
2021-04-21,Lake,033,64148,3438,3421,9,3430,43
2021-04-21,Lassen,035,31185,5171,5156,105,5261,1
2021-04-21,Los Angeles,037,10098052,1197025,1189530,41201,1230731,23729
2021-04-21,Madera,039,155013,16417,16309,919,17228,231
2021-04-21,Marin,041,260295,13864,13822,240,14062,227
2021-04-21,Mariposa,043,17540,413,402,11,413,5
2021-04-21,Mendocino,045,87422,3809,3729,72,3801,46
2021-04-21,Merced,047,269075,30493,30471,973,31444,442
2021-04-21,Modoc,049,8938,368,360,122,482,3
2021-04-21,Mono,051,14174,1243,1254,16,1270,3
2021-04-21,Monterey,053,433212,42885,42699,1848,44547,377
2021-04-21,Napa,055,140530,9729,9727,34,9761,79
2021-04-21,Nevada,057,99092,4585,4499,185,4684,70
2021-04-21,Orange,059,3164182,253660,252243,11115,263358,4889
2021-04-21,Placer,061,380077,22471,21896,1395,23291,282
2021-04-21,Plumas,063,18699,683,670,10,680,4
2021-04-21,Riverside,065,2383286,291996,286299,13874,300173,4388
2021-04-21,Sacramento,067,1510023,102506,101803,1622,103425,1579
2021-04-21,San Benito,069,59416,5999,5998,112,6110,63
2021-04-21,San Bernardino,071,2135413,291363,290049,8889,298938,4572
2021-04-21,San Diego,073,3302833,276370,275632,14312,289944,3681
2021-04-21,San Francisco,075,870044,36082,36194,1260,37454,529
2021-04-21,San Joaquin,077,732212,71513,70687,3416,74103,1295
2021-04-21,San Luis Obispo,079,281455,21087,20724,712,21436,255
2021-04-21,San Mateo,081,765935,41701,41318,450,41768,355
2021-04-21,Santa Barbara,083,443738,34083,33830,1186,35016,445
2021-04-21,Santa Clara,085,1922200,117022,117318,717,118035,1946
2021-04-21,Santa Cruz,087,273765,16056,15698,807,16505,204
2021-04-21,Shasta,089,179085,11727,11722,1435,13157,192
2021-04-21,Sierra,091,2930,55,51,12,63,0
2021-04-21,Siskiyou,093,43540,1678,1557,291,1848,11
2021-04-21,Solano,095,438530,31851,31712,474,32186,244
2021-04-21,Sonoma,097,501317,29541,29697,306,30003,318
2021-04-21,Stanislaus,099,539301,54657,54290,5777,60067,742
2021-04-21,Sutter,101,95872,9335,9297,82,9379,110
2021-04-21,Tehama,103,63373,4929,4893,543,5436,53
2021-04-21,Trinity,105,12862,482,326,86,412,3
2021-04-21,Tulare,107,460477,49670,48653,8795,57448,828
2021-04-21,Tuolumne,109,53932,3949,4019,38,4057,58
2021-04-21,Ventura,111,848112,80634,80039,2946,82985,996
2021-04-21,Yolo,113,214977,13651,13606,276,13882,200
2021-04-21,Yuba,115,75493,5863,5822,119,5941,44
2021-04-20,Alameda,001,1643700,86048,85652,1888,87540,1248
2021-04-20,Alpine,003,1148,85,85,0,85,0
2021-04-20,Amador,005,37829,3640,3631,33,3664,46
2021-04-20,Butte,007,227075,11999,11619,1732,13351,196
2021-04-20,Calaveras,009,45235,2063,2053,12,2065,50
2021-04-20,Colusa,011,21464,1918,1915,288,2203,14
2021-04-20,Contra Costa,013,1133247,67625,66889,1199,68088,782
2021-04-20,Del Norte,015,27424,1277,1250,11,1261,6
2021-04-20,El Dorado,017,186661,9842,9743,681,10424,106
2021-04-20,Fresno,019,978130,101305,100768,8498,109266,1650
2021-04-20,Glenn,021,27897,2379,2359,540,2899,17
2021-04-20,Humboldt,023,135768,3731,3612,30,3642,35
2021-04-20,Imperial,025,180216,28158,28024,2768,30792,719
2021-04-20,Inyo,027,18085,1395,1393,10,1403,36
2021-04-20,Kern,029,883053,96235,95223,10561,105784,1295
2021-04-20,Kings,031,150075,22958,22693,1060,23753,243
2021-04-20,Lake,033,64148,3436,3418,9,3427,43
2021-04-20,Lassen,035,31185,5171,5155,105,5260,1
2021-04-20,Los Angeles,037,10098052,1196678,1189256,41172,1230428,23694
2021-04-20,Madera,039,155013,16411,16301,919,17220,231
2021-04-20,Marin,041,260295,13850,13807,240,14047,227
2021-04-20,Mariposa,043,17540,412,402,11,413,5
2021-04-20,Mendocino,045,87422,3808,3726,72,3798,46
2021-04-20,Merced,047,269075,30465,30439,973,31412,441
2021-04-20,Modoc,049,8938,368,359,122,481,3
2021-04-20,Mono,051,14174,1242,1254,16,1270,3
2021-04-20,Monterey,053,433212,42874,42663,1845,44508,363
2021-04-20,Napa,055,140530,9725,9711,34,9745,79
2021-04-20,Nevada,057,99092,4567,4485,185,4670,70
2021-04-20,Orange,059,3164182,253570,252134,11103,263237,4887
2021-04-20,Placer,061,380077,22437,21846,1391,23237,282
2021-04-20,Plumas,063,18699,682,670,10,680,4
2021-04-20,Riverside,065,2383286,291899,286194,13869,300063,4388
2021-04-20,Sacramento,067,1510023,102368,101629,1614,103243,1574
2021-04-20,San Benito,069,59416,5996,5988,112,6100,63
2021-04-20,San Bernardino,071,2135413,291283,289905,8887,298792,4569
2021-04-20,San Diego,073,3302833,276139,275369,14279,289648,3674
2021-04-20,San Francisco,075,870044,36063,36117,1259,37376,529
2021-04-20,San Joaquin,077,732212,71440,70590,3407,73997,1289
2021-04-20,San Luis Obispo,079,281455,21064,20691,704,21395,254
2021-04-20,San Mateo,081,765935,41670,41251,450,41701,355
2021-04-20,Santa Barbara,083,443738,34064,33803,1186,34989,445
2021-04-20,Santa Clara,085,1922200,116923,117228,713,117941,1944
2021-04-20,Santa Cruz,087,273765,16044,15647,807,16454,204
2021-04-20,Shasta,089,179085,11711,11677,1432,13109,189
2021-04-20,Sierra,091,2930,55,51,12,63,0
2021-04-20,Siskiyou,093,43540,1670,1551,290,1841,10
2021-04-20,Solano,095,438530,31796,31673,470,32143,243
2021-04-20,Sonoma,097,501317,29532,29676,304,29980,311
2021-04-20,Stanislaus,099,539301,54592,54236,5764,60000,735
2021-04-20,Sutter,101,95872,9331,9279,82,9361,109
2021-04-20,Tehama,103,63373,4924,4887,542,5429,52
2021-04-20,Trinity,105,12862,482,326,86,412,3
2021-04-20,Tulare,107,460477,49647,48650,8787,57437,831
2021-04-20,Tuolumne,109,53932,3949,4014,38,4052,58
2021-04-20,Ventura,111,848112,80606,80018,2944,82962,995
2021-04-20,Yolo,113,214977,13631,13581,275,13856,200
2021-04-20,Yuba,115,75493,5853,5814,119,5933,44
2021-04-19,Alameda,001,1643700,85928,85583,1885,87468,1247
2021-04-19,Alpine,003,1148,85,85,0,85,0
2021-04-19,Amador,005,37829,3639,3629,33,3662,46
2021-04-19,Butte,007,227075,11980,11601,1727,13328,196
2021-04-19,Calaveras,009,45235,2061,2050,12,2062,50
2021-04-19,Colusa,011,21464,1918,1913,287,2200,14
2021-04-19,Contra Costa,013,1133247,67547,66833,1197,68030,782
2021-04-19,Del Norte,015,27424,1275,1247,11,1258,6
2021-04-19,El Dorado,017,186661,9826,9726,676,10402,106
2021-04-19,Fresno,019,978130,101237,100702,8486,109188,1646
2021-04-19,Glenn,021,27897,2379,2358,539,2897,17
2021-04-19,Humboldt,023,135768,3711,3602,28,3630,35
2021-04-19,Imperial,025,180216,28137,27995,2768,30763,719
2021-04-19,Inyo,027,18085,1395,1392,10,1402,36
2021-04-19,Kern,029,883053,96205,95162,10546,105708,1290
2021-04-19,Kings,031,150075,22942,22688,1060,23748,243
2021-04-19,Lake,033,64148,3435,3416,9,3425,43
2021-04-19,Lassen,035,31185,5170,5156,105,5261,1
2021-04-19,Los Angeles,037,10098052,1196301,1188945,41147,1230092,23666
2021-04-19,Madera,039,155013,16400,16289,918,17207,231
2021-04-19,Marin,041,260295,13839,13804,239,14043,226
2021-04-19,Mariposa,043,17540,411,401,11,412,5
2021-04-19,Mendocino,045,87422,3806,3722,72,3794,46
2021-04-19,Merced,047,269075,30436,30422,972,31394,441
2021-04-19,Modoc,049,8938,368,359,122,481,3
2021-04-19,Mono,051,14174,1241,1254,16,1270,3
2021-04-19,Monterey,053,433212,42861,42642,1840,44482,356
2021-04-19,Napa,055,140530,9717,9680,34,9714,79
2021-04-19,Nevada,057,99092,4551,4477,185,4662,70
2021-04-19,Orange,059,3164182,253452,252013,11089,263102,4883
2021-04-19,Placer,061,380077,22414,21814,1387,23201,282
2021-04-19,Plumas,063,18699,682,665,10,675,4
2021-04-19,Riverside,065,2383286,291803,286087,13859,299946,4371
2021-04-19,Sacramento,067,1510023,102233,101482,1604,103086,1572
2021-04-19,San Benito,069,59416,5988,5989,112,6101,63
2021-04-19,San Bernardino,071,2135413,291197,289738,8881,298619,4561
2021-04-19,San Diego,073,3302833,275891,275113,14246,289359,3674
2021-04-19,San Francisco,075,870044,36028,36094,1256,37350,529
2021-04-19,San Joaquin,077,732212,71361,70514,3400,73914,1289
2021-04-19,San Luis Obispo,079,281455,21038,20669,698,21367,254
2021-04-19,San Mateo,081,765935,41637,41226,449,41675,355
2021-04-19,Santa Barbara,083,443738,34050,33786,1186,34972,446
2021-04-19,Santa Clara,085,1922200,116812,117099,709,117808,1944
2021-04-19,Santa Cruz,087,273765,16032,15600,807,16407,204
2021-04-19,Shasta,089,179085,11696,11662,1424,13086,189
2021-04-19,Sierra,091,2930,55,51,12,63,0
2021-04-19,Siskiyou,093,43540,1660,1544,290,1834,10
2021-04-19,Solano,095,438530,31757,31643,465,32108,239
2021-04-19,Sonoma,097,501317,29513,29667,304,29971,311
2021-04-19,Stanislaus,099,539301,54516,54179,5760,59939,728
2021-04-19,Sutter,101,95872,9320,9269,82,9351,109
2021-04-19,Tehama,103,63373,4919,4878,542,5420,52
2021-04-19,Trinity,105,12862,482,326,85,411,3
2021-04-19,Tulare,107,460477,49631,48630,8774,57404,831
2021-04-19,Tuolumne,109,53932,3948,4010,38,4048,58
2021-04-19,Ventura,111,848112,80580,80000,2942,82942,996
2021-04-19,Yolo,113,214977,13619,13572,272,13844,200
2021-04-19,Yuba,115,75493,5846,5804,118,5922,44
2021-04-18,Alameda,001,1643700,85814,85481,1877,87358,1247
2021-04-18,Alpine,003,1148,85,85,0,85,0
2021-04-18,Amador,005,37829,3636,3627,33,3660,46
2021-04-18,Butte,007,227075,11962,11591,1722,13313,196
2021-04-18,Calaveras,009,45235,2053,2047,12,2059,50
2021-04-18,Colusa,011,21464,1914,1912,286,2198,14
2021-04-18,Contra Costa,013,1133247,67444,66750,1193,67943,782
2021-04-18,Del Norte,015,27424,1275,1240,11,1251,6
2021-04-18,El Dorado,017,186661,9803,9710,674,10384,106
2021-04-18,Fresno,019,978130,101179,100621,8480,109101,1646
2021-04-18,Glenn,021,27897,2374,2358,539,2897,17
2021-04-18,Humboldt,023,135768,3683,3590,28,3618,35
2021-04-18,Imperial,025,180216,28122,27991,2761,30752,719
2021-04-18,Inyo,027,18085,1394,1392,10,1402,36
2021-04-18,Kern,029,883053,96169,95129,10530,105659,1290
2021-04-18,Kings,031,150075,22933,22685,1060,23745,243
2021-04-18,Lake,033,64148,3434,3413,9,3422,43
2021-04-18,Lassen,035,31185,5167,5156,105,5261,1
2021-04-18,Los Angeles,037,10098052,1195842,1188620,41124,1229744,23648
2021-04-18,Madera,039,155013,16389,16277,917,17194,231
2021-04-18,Marin,041,260295,13832,13801,238,14039,226
2021-04-18,Mariposa,043,17540,410,400,10,410,5
2021-04-18,Mendocino,045,87422,3803,3722,72,3794,46
2021-04-18,Merced,047,269075,30399,30405,970,31375,441
2021-04-18,Modoc,049,8938,368,359,122,481,3
2021-04-18,Mono,051,14174,1241,1254,16,1270,3
2021-04-18,Monterey,053,433212,42849,42638,1839,44477,356
2021-04-18,Napa,055,140530,9701,9674,34,9708,79
2021-04-18,Nevada,057,99092,4536,4464,185,4649,70
2021-04-18,Orange,059,3164182,253338,251940,11081,263021,4883
2021-04-18,Placer,061,380077,22370,21783,1381,23164,282
2021-04-18,Plumas,063,18699,681,665,10,675,4
2021-04-18,Riverside,065,2383286,291713,286043,13855,299898,4371
2021-04-18,Sacramento,067,1510023,102057,101354,1598,102952,1572
2021-04-18,San Benito,069,59416,5986,5989,112,6101,63
2021-04-18,San Bernardino,071,2135413,291103,289691,8872,298563,4556
2021-04-18,San Diego,073,3302833,275612,274961,14211,289172,3674
2021-04-18,San Francisco,075,870044,35991,36073,1252,37325,525
2021-04-18,San Joaquin,077,732212,71280,70466,3391,73857,1289
2021-04-18,San Luis Obispo,079,281455,21016,20656,692,21348,254
2021-04-18,San Mateo,081,765935,41608,41201,448,41649,352
2021-04-18,Santa Barbara,083,443738,34015,33769,1185,34954,446
2021-04-18,Santa Clara,085,1922200,116644,116996,703,117699,1944
2021-04-18,Santa Cruz,087,273765,16022,15580,806,16386,204
2021-04-18,Shasta,089,179085,11675,11658,1421,13079,189
2021-04-18,Sierra,091,2930,55,51,12,63,0
2021-04-18,Siskiyou,093,43540,1649,1538,288,1826,10
2021-04-18,Solano,095,438530,31707,31606,464,32070,239
2021-04-18,Sonoma,097,501317,29497,29660,302,29962,311
2021-04-18,Stanislaus,099,539301,54434,54132,5753,59885,728
2021-04-18,Sutter,101,95872,9306,9261,82,9343,109
2021-04-18,Tehama,103,63373,4910,4877,541,5418,52
2021-04-18,Trinity,105,12862,482,326,85,411,3
2021-04-18,Tulare,107,460477,49619,48618,8768,57386,829
2021-04-18,Tuolumne,109,53932,3947,4008,37,4045,58
2021-04-18,Ventura,111,848112,80550,79984,2938,82922,996
2021-04-18,Yolo,113,214977,13606,13562,270,13832,200
2021-04-18,Yuba,115,75493,5839,5804,118,5922,44
2021-04-17,Alameda,001,1643700,85741,85367,1873,87240,1247
2021-04-17,Alpine,003,1148,85,85,0,85,0
2021-04-17,Amador,005,37829,3634,3625,33,3658,46
2021-04-17,Butte,007,227075,11942,11573,1718,13291,196
2021-04-17,Calaveras,009,45235,2051,2045,12,2057,50
2021-04-17,Colusa,011,21464,1914,1912,286,2198,14
2021-04-17,Contra Costa,013,1133247,67395,66657,1185,67842,782
2021-04-17,Del Norte,015,27424,1275,1238,11,1249,6
2021-04-17,El Dorado,017,186661,9788,9692,671,10363,106
2021-04-17,Fresno,019,978130,101146,100562,8475,109037,1646
2021-04-17,Glenn,021,27897,2374,2357,539,2896,17
2021-04-17,Humboldt,023,135768,3659,3579,28,3607,35
2021-04-17,Imperial,025,180216,28111,27987,2759,30746,719
2021-04-17,Inyo,027,18085,1391,1392,10,1402,36
2021-04-17,Kern,029,883053,96151,95102,10526,105628,1290
2021-04-17,Kings,031,150075,22928,22678,1059,23737,243
2021-04-17,Lake,033,64148,3433,3409,9,3418,43
2021-04-17,Lassen,035,31185,5167,5154,105,5259,1
2021-04-17,Los Angeles,037,10098052,1195586,1188262,41091,1229353,23653
2021-04-17,Madera,039,155013,16385,16260,916,17176,231
2021-04-17,Marin,041,260295,13828,13797,238,14035,226
2021-04-17,Mariposa,043,17540,409,398,10,408,5
2021-04-17,Mendocino,045,87422,3800,3721,72,3793,46
2021-04-17,Merced,047,269075,30383,30392,969,31361,441
2021-04-17,Modoc,049,8938,368,357,122,479,3
2021-04-17,Mono,051,14174,1241,1253,16,1269,3
2021-04-17,Monterey,053,433212,42840,42630,1837,44467,356
2021-04-17,Napa,055,140530,9697,9666,34,9700,79
2021-04-17,Nevada,057,99092,4528,4457,185,4642,70
2021-04-17,Orange,059,3164182,253269,251873,11069,262942,4878
2021-04-17,Placer,061,380077,22347,21736,1376,23112,282
2021-04-17,Plumas,063,18699,680,666,10,676,4
2021-04-17,Riverside,065,2383286,291644,285963,13847,299810,4371
2021-04-17,Sacramento,067,1510023,101947,101172,1587,102759,1572
2021-04-17,San Benito,069,59416,5980,5986,112,6098,63
2021-04-17,San Bernardino,071,2135413,291048,289624,8869,298493,4555
2021-04-17,San Diego,073,3302833,275465,274812,14177,288989,3674
2021-04-17,San Francisco,075,870044,35970,36032,1249,37281,523
2021-04-17,San Joaquin,077,732212,71240,70372,3381,73753,1288
2021-04-17,San Luis Obispo,079,281455,21003,20642,689,21331,254
2021-04-17,San Mateo,081,765935,41585,41157,448,41605,352
2021-04-17,Santa Barbara,083,443738,33984,33738,1183,34921,446
2021-04-17,Santa Clara,085,1922200,116552,116887,701,117588,1944
2021-04-17,Santa Cruz,087,273765,16016,15571,806,16377,204
2021-04-17,Shasta,089,179085,11660,11647,1420,13067,189
2021-04-17,Sierra,091,2930,55,51,12,63,0
2021-04-17,Siskiyou,093,43540,1644,1539,287,1826,10
2021-04-17,Solano,095,438530,31676,31541,461,32002,239
2021-04-17,Sonoma,097,501317,29490,29637,302,29939,311
2021-04-17,Stanislaus,099,539301,54397,54058,5748,59806,728
2021-04-17,Sutter,101,95872,9300,9252,82,9334,109
2021-04-17,Tehama,103,63373,4904,4875,540,5415,52
2021-04-17,Trinity,105,12862,482,326,85,411,3
2021-04-17,Tulare,107,460477,49607,48603,8764,57367,829
2021-04-17,Tuolumne,109,53932,3945,4005,37,4042,58
2021-04-17,Ventura,111,848112,80529,79964,2938,82902,996
2021-04-17,Yolo,113,214977,13596,13580,270,13850,200
2021-04-17,Yuba,115,75493,5834,5802,117,5919,44
2021-04-16,Alameda,001,1643700,85662,85243,1871,87114,1245
2021-04-16,Alpine,003,1148,85,85,0,85,0
2021-04-16,Amador,005,37829,3629,3621,33,3654,46
2021-04-16,Butte,007,227075,11930,11549,1716,13265,196
2021-04-16,Calaveras,009,45235,2049,2042,12,2054,50
2021-04-16,Colusa,011,21464,1912,1911,286,2197,14
2021-04-16,Contra Costa,013,1133247,67341,66569,1182,67751,782
2021-04-16,Del Norte,015,27424,1274,1237,11,1248,6
2021-04-16,El Dorado,017,186661,9768,9665,667,10332,106
2021-04-16,Fresno,019,978130,101096,100500,8469,108969,1643
2021-04-16,Glenn,021,27897,2374,2355,539,2894,17
2021-04-16,Humboldt,023,135768,3638,3570,27,3597,35
2021-04-16,Imperial,025,180216,28101,27962,2758,30720,719
2021-04-16,Inyo,027,18085,1391,1392,10,1402,36
2021-04-16,Kern,029,883053,96122,95066,10523,105589,1288
2021-04-16,Kings,031,150075,22924,22667,1058,23725,243
2021-04-16,Lake,033,64148,3427,3406,9,3415,43
2021-04-16,Lassen,035,31185,5166,5155,105,5260,1
2021-04-16,Los Angeles,037,10098052,1195285,1187818,41055,1228873,23627
2021-04-16,Madera,039,155013,16379,16250,915,17165,231
2021-04-16,Marin,041,260295,13825,13788,238,14026,226
2021-04-16,Mariposa,043,17540,408,396,9,405,5
2021-04-16,Mendocino,045,87422,3798,3719,72,3791,46
2021-04-16,Merced,047,269075,30368,30355,969,31324,438
2021-04-16,Modoc,049,8938,368,355,122,477,3
2021-04-16,Mono,051,14174,1241,1253,16,1269,3
2021-04-16,Monterey,053,433212,42829,42620,1835,44455,351
2021-04-16,Napa,055,140530,9689,9653,34,9687,79
2021-04-16,Nevada,057,99092,4519,4443,185,4628,70
2021-04-16,Orange,059,3164182,253205,251770,11060,262830,4873
2021-04-16,Placer,061,380077,22320,21680,1371,23051,282
2021-04-16,Plumas,063,18699,679,665,10,675,4
2021-04-16,Riverside,065,2383286,291567,285818,13845,299663,4369
2021-04-16,Sacramento,067,1510023,101850,100993,1582,102575,1572
2021-04-16,San Benito,069,59416,5978,5982,112,6094,63
2021-04-16,San Bernardino,071,2135413,291001,289424,8868,298292,4550
2021-04-16,San Diego,073,3302833,275311,274567,14159,288726,3662
2021-04-16,San Francisco,075,870044,35944,35993,1245,37238,517
2021-04-16,San Joaquin,077,732212,71173,70280,3373,73653,1288
2021-04-16,San Luis Obispo,079,281455,20991,20623,688,21311,253
2021-04-16,San Mateo,081,765935,41556,41107,447,41554,352
2021-04-16,Santa Barbara,083,443738,33966,33703,1183,34886,446
2021-04-16,Santa Clara,085,1922200,116452,116693,698,117391,1941
2021-04-16,Santa Cruz,087,273765,16014,15539,806,16345,204
2021-04-16,Shasta,089,179085,11648,11623,1418,13041,189
2021-04-16,Sierra,091,2930,55,51,12,63,0
2021-04-16,Siskiyou,093,43540,1640,1530,285,1815,10
2021-04-16,Solano,095,438530,31637,31470,458,31928,239
2021-04-16,Sonoma,097,501317,29479,29617,302,29919,311
2021-04-16,Stanislaus,099,539301,54349,53983,5746,59729,728
2021-04-16,Sutter,101,95872,9294,9247,82,9329,109
2021-04-16,Tehama,103,63373,4903,4866,540,5406,52
2021-04-16,Trinity,105,12862,482,326,85,411,3
2021-04-16,Tulare,107,460477,49595,48583,8760,57343,830
2021-04-16,Tuolumne,109,53932,3942,4005,37,4042,58
2021-04-16,Ventura,111,848112,80504,79942,2933,82875,994
2021-04-16,Yolo,113,214977,13583,13559,268,13827,198
2021-04-16,Yuba,115,75493,5831,5795,116,5911,44
2021-04-15,Alameda,001,1643700,85555,85089,1869,86958,1246
2021-04-15,Alpine,003,1148,85,85,0,85,0
2021-04-15,Amador,005,37829,3628,3616,33,3649,46
2021-04-15,Butte,007,227075,11915,11529,1712,13241,196
2021-04-15,Calaveras,009,45235,2048,2039,12,2051,50
2021-04-15,Colusa,011,21464,1910,1909,285,2194,14
2021-04-15,Contra Costa,013,1133247,67267,66480,1178,67658,781
2021-04-15,Del Norte,015,27424,1267,1235,11,1246,6
2021-04-15,El Dorado,017,186661,9755,9639,665,10304,106
2021-04-15,Fresno,019,978130,101035,100431,8463,108894,1642
2021-04-15,Glenn,021,27897,2374,2354,539,2893,17
2021-04-15,Humboldt,023,135768,3616,3561,27,3588,35
2021-04-15,Imperial,025,180216,28073,27920,2755,30675,718
2021-04-15,Inyo,027,18085,1391,1393,10,1403,36
2021-04-15,Kern,029,883053,96089,94989,10509,105498,1289
2021-04-15,Kings,031,150075,22910,22648,1058,23706,242
2021-04-15,Lake,033,64148,3426,3399,9,3408,43
2021-04-15,Lassen,035,31185,5165,5152,105,5257,1
2021-04-15,Los Angeles,037,10098052,1194884,1187274,41019,1228293,23598
2021-04-15,Madera,039,155013,16364,16234,915,17149,231
2021-04-15,Marin,041,260295,13821,13783,237,14020,226
2021-04-15,Mariposa,043,17540,406,395,9,404,5
2021-04-15,Mendocino,045,87422,3797,3714,72,3786,46
2021-04-15,Merced,047,269075,30342,30325,968,31293,437
2021-04-15,Modoc,049,8938,368,355,122,477,3
2021-04-15,Mono,051,14174,1240,1253,16,1269,3
2021-04-15,Monterey,053,433212,42819,42604,1833,44437,347
2021-04-15,Napa,055,140530,9681,9645,34,9679,79
2021-04-15,Nevada,057,99092,4507,4434,184,4618,70
2021-04-15,Orange,059,3164182,253110,251679,11047,262726,4857
2021-04-15,Placer,061,380077,22290,21614,1364,22978,281
2021-04-15,Plumas,063,18699,677,665,10,675,4
2021-04-15,Riverside,065,2383286,291463,285698,13838,299536,4363
2021-04-15,Sacramento,067,1510023,101720,100782,1568,102350,1570
2021-04-15,San Benito,069,59416,5975,5969,111,6080,63
2021-04-15,San Bernardino,071,2135413,290912,289288,8861,298149,4544
2021-04-15,San Diego,073,3302833,275065,274250,14100,288350,3653
2021-04-15,San Francisco,075,870044,35925,35947,1243,37190,510
2021-04-15,San Joaquin,077,732212,71092,70189,3365,73554,1288
2021-04-15,San Luis Obispo,079,281455,20975,20591,685,21276,253
2021-04-15,San Mateo,081,765935,41517,41050,446,41496,352
2021-04-15,Santa Barbara,083,443738,33948,33672,1179,34851,446
2021-04-15,Santa Clara,085,1922200,116346,116602,694,117296,1927
2021-04-15,Santa Cruz,087,273765,16004,15509,806,16315,203
2021-04-15,Shasta,089,179085,11634,11597,1414,13011,191
2021-04-15,Sierra,091,2930,55,51,12,63,0
2021-04-15,Siskiyou,093,43540,1634,1524,285,1809,10
2021-04-15,Solano,095,438530,31599,31394,457,31851,239
2021-04-15,Sonoma,097,501317,29465,29587,302,29889,311
2021-04-15,Stanislaus,099,539301,54295,53918,5737,59655,728
2021-04-15,Sutter,101,95872,9287,9237,82,9319,109
2021-04-15,Tehama,103,63373,4901,4854,539,5393,52
2021-04-15,Trinity,105,12862,482,326,85,411,3
2021-04-15,Tulare,107,460477,49574,48556,8760,57316,829
2021-04-15,Tuolumne,109,53932,3942,4003,37,4040,57
2021-04-15,Ventura,111,848112,80485,79917,2931,82848,989
2021-04-15,Yolo,113,214977,13564,13547,266,13813,198
2021-04-15,Yuba,115,75493,5828,5788,116,5904,44
2021-04-14,Alameda,001,1643700,85458,85009,1868,86877,1247
2021-04-14,Alpine,003,1148,85,85,0,85,0
2021-04-14,Amador,005,37829,3627,3613,33,3646,46
2021-04-14,Butte,007,227075,11902,11513,1711,13224,196
2021-04-14,Calaveras,009,45235,2046,2037,12,2049,50
2021-04-14,Colusa,011,21464,1910,1905,285,2190,14
2021-04-14,Contra Costa,013,1133247,67181,66400,1172,67572,781
2021-04-14,Del Norte,015,27424,1267,1228,11,1239,6
2021-04-14,El Dorado,017,186661,9740,9625,660,10285,106
2021-04-14,Fresno,019,978130,100978,100376,8450,108826,1640
2021-04-14,Glenn,021,27897,2374,2353,539,2892,17
2021-04-14,Humboldt,023,135768,3594,3551,26,3577,35
2021-04-14,Imperial,025,180216,28051,27907,2753,30660,718
2021-04-14,Inyo,027,18085,1391,1392,10,1402,36
2021-04-14,Kern,029,883053,96064,94947,10502,105449,1287
2021-04-14,Kings,031,150075,22901,22641,1056,23697,243
2021-04-14,Lake,033,64148,3421,3396,9,3405,43
2021-04-14,Lassen,035,31185,5164,5151,105,5256,1
2021-04-14,Los Angeles,037,10098052,1194487,1186821,40973,1227794,23579
2021-04-14,Madera,039,155013,16355,16218,915,17133,231
2021-04-14,Marin,041,260295,13819,13768,236,14004,226
2021-04-14,Mariposa,043,17540,405,394,9,403,5
2021-04-14,Mendocino,045,87422,3792,3711,72,3783,46
2021-04-14,Merced,047,269075,30324,30296,968,31264,436
2021-04-14,Modoc,049,8938,368,355,122,477,3
2021-04-14,Mono,051,14174,1240,1252,16,1268,3
2021-04-14,Monterey,053,433212,42803,42595,1829,44424,347
2021-04-14,Napa,055,140530,9670,9643,34,9677,79
2021-04-14,Nevada,057,99092,4500,4421,184,4605,70
2021-04-14,Orange,059,3164182,253005,251568,11027,262595,4849
2021-04-14,Placer,061,380077,22257,21575,1363,22938,280
2021-04-14,Plumas,063,18699,677,665,10,675,4
2021-04-14,Riverside,065,2383286,291353,285583,13832,299415,4358
2021-04-14,Sacramento,067,1510023,101545,100645,1554,102199,1570
2021-04-14,San Benito,069,59416,5973,5960,111,6071,62
2021-04-14,San Bernardino,071,2135413,290845,289078,8858,297936,4523
2021-04-14,San Diego,073,3302833,274854,273969,14071,288040,3648
2021-04-14,San Francisco,075,870044,35887,35898,1242,37140,510
2021-04-14,San Joaquin,077,732212,71022,70095,3359,73454,1288
2021-04-14,San Luis Obispo,079,281455,20952,20561,675,21236,253
2021-04-14,San Mateo,081,765935,41477,40982,443,41425,352
2021-04-14,Santa Barbara,083,443738,33919,33650,1179,34829,445
2021-04-14,Santa Clara,085,1922200,116228,116488,691,117179,1922
2021-04-14,Santa Cruz,087,273765,15994,15481,806,16287,203
2021-04-14,Shasta,089,179085,11608,11581,1412,12993,190
2021-04-14,Sierra,091,2930,55,51,12,63,0
2021-04-14,Siskiyou,093,43540,1626,1518,284,1802,10
2021-04-14,Solano,095,438530,31546,31357,450,31807,239
2021-04-14,Sonoma,097,501317,29457,29572,300,29872,311
2021-04-14,Stanislaus,099,539301,54224,53836,5728,59564,727
2021-04-14,Sutter,101,95872,9279,9230,82,9312,106
2021-04-14,Tehama,103,63373,4895,4853,538,5391,52
2021-04-14,Trinity,105,12862,482,326,85,411,3
2021-04-14,Tulare,107,460477,49548,48527,8757,57284,827
2021-04-14,Tuolumne,109,53932,3941,3997,37,4034,57
2021-04-14,Ventura,111,848112,80449,79891,2929,82820,986
2021-04-14,Yolo,113,214977,13548,13530,264,13794,198
2021-04-14,Yuba,115,75493,5826,5778,116,5894,44
2021-04-13,Alameda,001,1643700,85352,84921,1864,86785,1239
2021-04-13,Alpine,003,1148,85,85,0,85,0
2021-04-13,Amador,005,37829,3624,3609,33,3642,46
2021-04-13,Butte,007,227075,11884,11497,1708,13205,196
2021-04-13,Calaveras,009,45235,2044,2035,12,2047,50
2021-04-13,Colusa,011,21464,1908,1905,283,2188,14
2021-04-13,Contra Costa,013,1133247,67091,66304,1172,67476,778
2021-04-13,Del Norte,015,27424,1262,1221,11,1232,6
2021-04-13,El Dorado,017,186661,9714,9609,658,10267,106
2021-04-13,Fresno,019,978130,100896,100357,8444,108801,1636
2021-04-13,Glenn,021,27897,2373,2351,539,2890,17
2021-04-13,Humboldt,023,135768,3577,3540,26,3566,35
2021-04-13,Imperial,025,180216,28032,27887,2745,30632,718
2021-04-13,Inyo,027,18085,1391,1391,10,1401,36
2021-04-13,Kern,029,883053,96020,94908,10490,105398,1285
2021-04-13,Kings,031,150075,22885,22636,1055,23691,243
2021-04-13,Lake,033,64148,3418,3390,9,3399,43
2021-04-13,Lassen,035,31185,5163,5147,105,5252,1
2021-04-13,Los Angeles,037,10098052,1194031,1186482,40931,1227413,23526
2021-04-13,Madera,039,155013,16345,16207,913,17120,231
2021-04-13,Marin,041,260295,13811,13760,235,13995,224
2021-04-13,Mariposa,043,17540,404,394,6,400,5
2021-04-13,Mendocino,045,87422,3786,3702,72,3774,46
2021-04-13,Merced,047,269075,30293,30276,966,31242,435
2021-04-13,Modoc,049,8938,368,355,122,477,3
2021-04-13,Mono,051,14174,1240,1251,16,1267,3
2021-04-13,Monterey,053,433212,42792,42577,1829,44406,347
2021-04-13,Napa,055,140530,9660,9627,34,9661,79
2021-04-13,Nevada,057,99092,4488,4415,184,4599,69
2021-04-13,Orange,059,3164182,252910,251491,11008,262499,4836
2021-04-13,Placer,061,380077,22220,21534,1360,22894,280
2021-04-13,Plumas,063,18699,676,665,10,675,4
2021-04-13,Riverside,065,2383286,291234,285505,13826,299331,4348
2021-04-13,Sacramento,067,1510023,101370,100551,1549,102100,1569
2021-04-13,San Benito,069,59416,5970,5946,111,6057,62
2021-04-13,San Bernardino,071,2135413,290729,288929,8852,297781,4521
2021-04-13,San Diego,073,3302833,274600,273709,14036,287745,3623
2021-04-13,San Francisco,075,870044,35851,35869,1238,37107,506
2021-04-13,San Joaquin,077,732212,70914,70034,3351,73385,1288
2021-04-13,San Luis Obispo,079,281455,20925,20536,665,21201,253
2021-04-13,San Mateo,081,765935,41432,40955,443,41398,353
2021-04-13,Santa Barbara,083,443738,33897,33613,1176,34789,444
2021-04-13,Santa Clara,085,1922200,116099,116363,690,117053,1923
2021-04-13,Santa Cruz,087,273765,15987,15449,806,16255,203
2021-04-13,Shasta,089,179085,11588,11536,1409,12945,189
2021-04-13,Sierra,091,2930,55,51,12,63,0
2021-04-13,Siskiyou,093,43540,1618,1511,280,1791,10
2021-04-13,Solano,095,438530,31497,31335,446,31781,239
2021-04-13,Sonoma,097,501317,29449,29544,299,29843,311
2021-04-13,Stanislaus,099,539301,54151,53797,5719,59516,722
2021-04-13,Sutter,101,95872,9275,9226,82,9308,106
2021-04-13,Tehama,103,63373,4888,4850,535,5385,52
2021-04-13,Trinity,105,12862,482,326,85,411,3
2021-04-13,Tulare,107,460477,49535,48511,8754,57265,825
2021-04-13,Tuolumne,109,53932,3939,3995,37,4032,57
2021-04-13,Ventura,111,848112,80417,79854,2927,82781,986
2021-04-13,Yolo,113,214977,13536,13516,263,13779,198
2021-04-13,Yuba,115,75493,5817,5776,116,5892,44
2021-04-12,Alameda,001,1643700,85250,84817,1863,86680,1238
2021-04-12,Alpine,003,1148,85,85,0,85,0
2021-04-12,Amador,005,37829,3623,3607,33,3640,46
2021-04-12,Butte,007,227075,11869,11488,1704,13192,193
2021-04-12,Calaveras,009,45235,2043,2033,12,2045,50
2021-04-12,Colusa,011,21464,1906,1904,281,2185,14
2021-04-12,Contra Costa,013,1133247,67009,66176,1172,67348,777
2021-04-12,Del Norte,015,27424,1259,1216,11,1227,6
2021-04-12,El Dorado,017,186661,9697,9588,656,10244,106
2021-04-12,Fresno,019,978130,100835,100277,8420,108697,1633
2021-04-12,Glenn,021,27897,2372,2349,539,2888,17
2021-04-12,Humboldt,023,135768,3563,3533,25,3558,35
2021-04-12,Imperial,025,180216,28002,27851,2739,30590,717
2021-04-12,Inyo,027,18085,1391,1390,10,1400,36
2021-04-12,Kern,029,883053,95983,94861,10479,105340,1283
2021-04-12,Kings,031,150075,22877,22621,1054,23675,241
2021-04-12,Lake,033,64148,3414,3380,9,3389,43
2021-04-12,Lassen,035,31185,5162,5147,105,5252,1
2021-04-12,Los Angeles,037,10098052,1193530,1186145,40891,1227036,23505
2021-04-12,Madera,039,155013,16333,16174,911,17085,231
2021-04-12,Marin,041,260295,13798,13751,233,13984,224
2021-04-12,Mariposa,043,17540,403,394,6,400,5
2021-04-12,Mendocino,045,87422,3785,3699,72,3771,46
2021-04-12,Merced,047,269075,30261,30261,964,31225,435
2021-04-12,Modoc,049,8938,366,352,122,474,3
2021-04-12,Mono,051,14174,1240,1251,16,1267,3
2021-04-12,Monterey,053,433212,42778,42555,1827,44382,346
2021-04-12,Napa,055,140530,9646,9603,34,9637,80
2021-04-12,Nevada,057,99092,4477,4408,184,4592,69
2021-04-12,Orange,059,3164182,252824,251350,10987,262337,4826
2021-04-12,Placer,061,380077,22170,21475,1357,22832,278
2021-04-12,Plumas,063,18699,674,666,10,676,4
2021-04-12,Riverside,065,2383286,291123,285361,13820,299181,4336
2021-04-12,Sacramento,067,1510023,101196,100394,1544,101938,1566
2021-04-12,San Benito,069,59416,5962,5942,110,6052,62
2021-04-12,San Bernardino,071,2135413,290622,288736,8840,297576,4493
2021-04-12,San Diego,073,3302833,274340,273431,14007,287438,3621
2021-04-12,San Francisco,075,870044,35817,35841,1237,37078,506
2021-04-12,San Joaquin,077,732212,70842,69968,3344,73312,1288
2021-04-12,San Luis Obispo,079,281455,20880,20515,652,21167,253
2021-04-12,San Mateo,081,765935,41390,40920,439,41359,353
2021-04-12,Santa Barbara,083,443738,33866,33606,1176,34782,444
2021-04-12,Santa Clara,085,1922200,115971,116252,688,116940,1923
2021-04-12,Santa Cruz,087,273765,15967,15406,806,16212,203
2021-04-12,Shasta,089,179085,11571,11509,1405,12914,189
2021-04-12,Sierra,091,2930,55,51,12,63,0
2021-04-12,Siskiyou,093,43540,1607,1511,278,1789,7
2021-04-12,Solano,095,438530,31455,31305,443,31748,238
2021-04-12,Sonoma,097,501317,29421,29500,299,29799,310
2021-04-12,Stanislaus,099,539301,54085,53722,5712,59434,707
2021-04-12,Sutter,101,95872,9264,9221,82,9303,106
2021-04-12,Tehama,103,63373,4879,4834,531,5365,52
2021-04-12,Trinity,105,12862,482,324,85,409,3
2021-04-12,Tulare,107,460477,49515,48495,8744,57239,824
2021-04-12,Tuolumne,109,53932,3935,3993,37,4030,57
2021-04-12,Ventura,111,848112,80384,79818,2925,82743,985
2021-04-12,Yolo,113,214977,13522,13510,262,13772,198
2021-04-12,Yuba,115,75493,5811,5773,116,5889,43
2021-04-11,Alameda,001,1643700,85113,84756,1857,86613,1238
2021-04-11,Alpine,003,1148,85,85,0,85,0
2021-04-11,Amador,005,37829,3621,3605,33,3638,46
2021-04-11,Butte,007,227075,11834,11487,1700,13187,193
2021-04-11,Calaveras,009,45235,2040,2036,12,2048,50
2021-04-11,Colusa,011,21464,1905,1904,280,2184,14
2021-04-11,Contra Costa,013,1133247,66900,66107,1170,67277,777
2021-04-11,Del Norte,015,27424,1253,1214,11,1225,6
2021-04-11,El Dorado,017,186661,9683,9575,653,10228,106
2021-04-11,Fresno,019,978130,100767,100230,8410,108640,1633
2021-04-11,Glenn,021,27897,2368,2348,539,2887,17
2021-04-11,Humboldt,023,135768,3553,3523,25,3548,35
2021-04-11,Imperial,025,180216,27978,27841,2737,30578,717
2021-04-11,Inyo,027,18085,1391,1390,10,1400,36
2021-04-11,Kern,029,883053,95922,94830,10471,105301,1283
2021-04-11,Kings,031,150075,22868,22618,1051,23669,241
2021-04-11,Lake,033,64148,3410,3377,9,3386,43
2021-04-11,Lassen,035,31185,5158,5147,105,5252,1
2021-04-11,Los Angeles,037,10098052,1193018,1185757,40849,1226606,23503
2021-04-11,Madera,039,155013,16314,16166,910,17076,231
2021-04-11,Marin,041,260295,13791,13741,232,13973,226
2021-04-11,Mariposa,043,17540,403,394,6,400,5
2021-04-11,Mendocino,045,87422,3783,3696,72,3768,46
2021-04-11,Merced,047,269075,30223,30249,963,31212,435
2021-04-11,Modoc,049,8938,365,352,120,472,3
2021-04-11,Mono,051,14174,1239,1250,16,1266,3
2021-04-11,Monterey,053,433212,42771,42547,1820,44367,346
2021-04-11,Napa,055,140530,9635,9592,34,9626,80
2021-04-11,Nevada,057,99092,4463,4394,184,4578,69
2021-04-11,Orange,059,3164182,252697,251233,10976,262209,4826
2021-04-11,Placer,061,380077,22112,21458,1352,22810,278
2021-04-11,Plumas,063,18699,674,666,10,676,4
2021-04-11,Riverside,065,2383286,290990,285269,13810,299079,4336
2021-04-11,Sacramento,067,1510023,101026,100296,1531,101827,1566
2021-04-11,San Benito,069,59416,5954,5941,109,6050,62
2021-04-11,San Bernardino,071,2135413,290513,288686,8834,297520,4492
2021-04-11,San Diego,073,3302833,274042,273287,13948,287235,3621
2021-04-11,San Francisco,075,870044,35781,35815,1234,37049,498
2021-04-11,San Joaquin,077,732212,70756,69939,3333,73272,1288
2021-04-11,San Luis Obispo,079,281455,20854,20501,649,21150,253
2021-04-11,San Mateo,081,765935,41332,40901,438,41339,353
2021-04-11,Santa Barbara,083,443738,33831,33591,1175,34766,444
2021-04-11,Santa Clara,085,1922200,115835,116161,685,116846,1923
2021-04-11,Santa Cruz,087,273765,15955,15382,806,16188,203
2021-04-11,Shasta,089,179085,11527,11504,1404,12908,189
2021-04-11,Sierra,091,2930,55,51,12,63,0
2021-04-11,Siskiyou,093,43540,1600,1509,275,1784,7
2021-04-11,Solano,095,438530,31403,31268,439,31707,238
2021-04-11,Sonoma,097,501317,29395,29496,295,29791,310
2021-04-11,Stanislaus,099,539301,54003,53683,5703,59386,707
2021-04-11,Sutter,101,95872,9255,9222,82,9304,106
2021-04-11,Tehama,103,63373,4876,4832,529,5361,52
2021-04-11,Trinity,105,12862,482,324,85,409,3
2021-04-11,Tulare,107,460477,49501,48479,8737,57216,824
2021-04-11,Tuolumne,109,53932,3933,3993,37,4030,57
2021-04-11,Ventura,111,848112,80336,79800,2919,82719,985
2021-04-11,Yolo,113,214977,13501,13496,260,13756,198
2021-04-11,Yuba,115,75493,5801,5768,116,5884,43
2021-04-10,Alameda,001,1643700,85049,84626,1857,86483,1238
2021-04-10,Alpine,003,1148,85,85,0,85,0
2021-04-10,Amador,005,37829,3619,3603,33,3636,46
2021-04-10,Butte,007,227075,11823,11482,1699,13181,193
2021-04-10,Calaveras,009,45235,2038,2032,12,2044,50
2021-04-10,Colusa,011,21464,1905,1902,280,2182,14
2021-04-10,Contra Costa,013,1133247,66839,66001,1167,67168,778
2021-04-10,Del Norte,015,27424,1250,1212,11,1223,6
2021-04-10,El Dorado,017,186661,9671,9549,650,10199,106
2021-04-10,Fresno,019,978130,100734,100135,8403,108538,1633
2021-04-10,Glenn,021,27897,2368,2343,539,2882,17
2021-04-10,Humboldt,023,135768,3543,3508,25,3533,35
2021-04-10,Imperial,025,180216,27964,27816,2737,30553,717
2021-04-10,Inyo,027,18085,1391,1387,10,1397,36
2021-04-10,Kern,029,883053,95908,94802,10465,105267,1284
2021-04-10,Kings,031,150075,22864,22614,1049,23663,241
2021-04-10,Lake,033,64148,3405,3368,9,3377,43
2021-04-10,Lassen,035,31185,5158,5146,104,5250,1
2021-04-10,Los Angeles,037,10098052,1192745,1185246,40831,1226077,23493
2021-04-10,Madera,039,155013,16306,16143,909,17052,231
2021-04-10,Marin,041,260295,13786,13731,232,13963,226
2021-04-10,Mariposa,043,17540,400,393,6,399,5
2021-04-10,Mendocino,045,87422,3781,3696,72,3768,46
2021-04-10,Merced,047,269075,30203,30225,962,31187,435
2021-04-10,Modoc,049,8938,365,352,120,472,3
2021-04-10,Mono,051,14174,1239,1249,16,1265,3
2021-04-10,Monterey,053,433212,42760,42527,1819,44346,346
2021-04-10,Napa,055,140530,9628,9569,34,9603,79
2021-04-10,Nevada,057,99092,4456,4379,184,4563,69
2021-04-10,Orange,059,3164182,252604,251139,10969,262108,4818
2021-04-10,Placer,061,380077,22081,21402,1346,22748,278
2021-04-10,Plumas,063,18699,674,666,10,676,4
2021-04-10,Riverside,065,2383286,290910,285082,13802,298884,4336
2021-04-10,Sacramento,067,1510023,100923,100048,1529,101577,1566
2021-04-10,San Benito,069,59416,5943,5932,108,6040,62
2021-04-10,San Bernardino,071,2135413,290449,288590,8827,297417,4489
2021-04-10,San Diego,073,3302833,273826,273058,13929,286987,3613
2021-04-10,San Francisco,075,870044,35751,35774,1231,37005,498
2021-04-10,San Joaquin,077,732212,70721,69852,3323,73175,1288
2021-04-10,San Luis Obispo,079,281455,20838,20461,648,21109,253
2021-04-10,San Mateo,081,765935,41299,40878,438,41316,350
2021-04-10,Santa Barbara,083,443738,33803,33541,1173,34714,444
2021-04-10,Santa Clara,085,1922200,115739,116015,684,116699,1923
2021-04-10,Santa Cruz,087,273765,15949,15360,806,16166,203
2021-04-10,Shasta,089,179085,11518,11492,1401,12893,189
2021-04-10,Sierra,091,2930,55,51,12,63,0
2021-04-10,Siskiyou,093,43540,1597,1512,275,1787,7
2021-04-10,Solano,095,438530,31369,31218,435,31653,238
2021-04-10,Sonoma,097,501317,29380,29469,295,29764,310
2021-04-10,Stanislaus,099,539301,53968,53596,5697,59293,707
2021-04-10,Sutter,101,95872,9253,9214,82,9296,106
2021-04-10,Tehama,103,63373,4874,4820,527,5347,52
2021-04-10,Trinity,105,12862,482,324,85,409,3
2021-04-10,Tulare,107,460477,49492,48470,8731,57201,824
2021-04-10,Tuolumne,109,53932,3930,3991,37,4028,57
2021-04-10,Ventura,111,848112,80308,79758,2917,82675,985
2021-04-10,Yolo,113,214977,13493,13494,259,13753,198
2021-04-10,Yuba,115,75493,5798,5757,115,5872,43
2021-04-09,Alameda,001,1643700,84981,84404,1849,86253,1237
2021-04-09,Alpine,003,1148,85,85,0,85,0
2021-04-09,Amador,005,37829,3618,3600,33,3633,46
2021-04-09,Butte,007,227075,11813,11454,1698,13152,193
2021-04-09,Calaveras,009,45235,2037,2028,12,2040,50
2021-04-09,Colusa,011,21464,1905,1898,280,2178,14
2021-04-09,Contra Costa,013,1133247,66746,65857,1161,67018,777
2021-04-09,Del Norte,015,27424,1249,1207,11,1218,6
2021-04-09,El Dorado,017,186661,9648,9528,646,10174,106
2021-04-09,Fresno,019,978130,100700,100027,8398,108425,1630
2021-04-09,Glenn,021,27897,2368,2337,539,2876,17
2021-04-09,Humboldt,023,135768,3534,3496,25,3521,35
2021-04-09,Imperial,025,180216,27949,27764,2735,30499,717
2021-04-09,Inyo,027,18085,1390,1386,10,1396,36
2021-04-09,Kern,029,883053,95870,94675,10463,105138,1282
2021-04-09,Kings,031,150075,22855,22595,1046,23641,242
2021-04-09,Lake,033,64148,3401,3362,9,3371,43
2021-04-09,Lassen,035,31185,5158,5140,104,5244,1
2021-04-09,Los Angeles,037,10098052,1192375,1184501,40802,1225303,23458
2021-04-09,Madera,039,155013,16303,16118,909,17027,231
2021-04-09,Marin,041,260295,13779,13721,232,13953,226
2021-04-09,Mariposa,043,17540,400,393,6,399,5
2021-04-09,Mendocino,045,87422,3779,3693,72,3765,46
2021-04-09,Merced,047,269075,30174,30179,961,31140,435
2021-04-09,Modoc,049,8938,364,352,120,472,3
2021-04-09,Mono,051,14174,1239,1247,16,1263,3
2021-04-09,Monterey,053,433212,42751,42481,1815,44296,344
2021-04-09,Napa,055,140530,9609,9574,34,9608,80
2021-04-09,Nevada,057,99092,4448,4373,184,4557,69
2021-04-09,Orange,059,3164182,252530,250852,10964,261816,4813
2021-04-09,Placer,061,380077,22050,21327,1338,22665,278
2021-04-09,Plumas,063,18699,673,666,10,676,4
2021-04-09,Riverside,065,2383286,290827,284562,13796,298358,4325
2021-04-09,Sacramento,067,1510023,100768,99722,1523,101245,1564
2021-04-09,San Benito,069,59416,5938,5925,107,6032,62
2021-04-09,San Bernardino,071,2135413,290380,288000,8824,296824,4467
2021-04-09,San Diego,073,3302833,273628,272697,13887,286584,3600
2021-04-09,San Francisco,075,870044,35710,35716,1226,36942,497
2021-04-09,San Joaquin,077,732212,70657,69675,3311,72986,1281
2021-04-09,San Luis Obispo,079,281455,20824,20427,648,21075,252
2021-04-09,San Mateo,081,765935,41263,40800,437,41237,350
2021-04-09,Santa Barbara,083,443738,33780,33424,1170,34594,444
2021-04-09,Santa Clara,085,1922200,115655,115749,682,116431,1923
2021-04-09,Santa Cruz,087,273765,15944,15331,806,16137,203
2021-04-09,Shasta,089,179085,11508,11478,1398,12876,188
2021-04-09,Sierra,091,2930,55,51,12,63,0
2021-04-09,Siskiyou,093,43540,1594,1510,274,1784,7
2021-04-09,Solano,095,438530,31336,31166,430,31596,238
2021-04-09,Sonoma,097,501317,29367,29433,295,29728,310
2021-04-09,Stanislaus,099,539301,53913,53504,5688,59192,705
2021-04-09,Sutter,101,95872,9246,9201,82,9283,106
2021-04-09,Tehama,103,63373,4868,4806,527,5333,52
2021-04-09,Trinity,105,12862,481,324,85,409,3
2021-04-09,Tulare,107,460477,49488,48430,8725,57155,824
2021-04-09,Tuolumne,109,53932,3929,3986,37,4023,57
2021-04-09,Ventura,111,848112,80280,79698,2917,82615,987
2021-04-09,Yolo,113,214977,13482,13478,257,13735,198
2021-04-09,Yuba,115,75493,5791,5754,115,5869,43
2021-04-08,Alameda,001,1643700,84875,84213,1846,86059,1232
2021-04-08,Alpine,003,1148,85,85,0,85,0
2021-04-08,Amador,005,37829,3614,3595,33,3628,46
2021-04-08,Butte,007,227075,11802,11414,1697,13111,193
2021-04-08,Calaveras,009,45235,2035,2027,12,2039,50
2021-04-08,Colusa,011,21464,1904,1897,280,2177,14
2021-04-08,Contra Costa,013,1133247,66636,65706,1158,66864,775
2021-04-08,Del Norte,015,27424,1243,1201,11,1212,6
2021-04-08,El Dorado,017,186661,9632,9513,641,10154,106
2021-04-08,Fresno,019,978130,100636,99935,8391,108326,1627
2021-04-08,Glenn,021,27897,2367,2337,539,2876,17
2021-04-08,Humboldt,023,135768,3524,3486,25,3511,35
2021-04-08,Imperial,025,180216,27921,27744,2731,30475,713
2021-04-08,Inyo,027,18085,1389,1386,10,1396,36
2021-04-08,Kern,029,883053,95824,94493,10450,104943,1281
2021-04-08,Kings,031,150075,22848,22589,1044,23633,243
2021-04-08,Lake,033,64148,3394,3360,9,3369,43
2021-04-08,Lassen,035,31185,5157,5136,104,5240,1
2021-04-08,Los Angeles,037,10098052,1191877,1184443,40764,1225207,23416
2021-04-08,Madera,039,155013,16291,16103,909,17012,231
2021-04-08,Marin,041,260295,13772,13704,232,13936,226
2021-04-08,Mariposa,043,17540,399,393,6,399,5
2021-04-08,Mendocino,045,87422,3777,3690,72,3762,45
2021-04-08,Merced,047,269075,30152,30163,961,31124,430
2021-04-08,Modoc,049,8938,364,352,120,472,3
2021-04-08,Mono,051,14174,1237,1247,16,1263,3
2021-04-08,Monterey,053,433212,42729,42437,1810,44247,342
2021-04-08,Napa,055,140530,9592,9569,34,9603,80
2021-04-08,Nevada,057,99092,4437,4367,184,4551,69
2021-04-08,Orange,059,3164182,252420,250529,10949,261478,4797
2021-04-08,Placer,061,380077,22009,21258,1329,22587,277
2021-04-08,Plumas,063,18699,673,665,10,675,4
2021-04-08,Riverside,065,2383286,290713,283853,13791,297644,4296
2021-04-08,Sacramento,067,1510023,100628,99319,1512,100831,1561
2021-04-08,San Benito,069,59416,5935,5914,105,6019,62
2021-04-08,San Bernardino,071,2135413,290282,287190,8821,296011,4445
2021-04-08,San Diego,073,3302833,273398,272495,13851,286346,3592
2021-04-08,San Francisco,075,870044,35687,35657,1225,36882,494
2021-04-08,San Joaquin,077,732212,70585,69479,3305,72784,1279
2021-04-08,San Luis Obispo,079,281455,20804,20402,646,21048,252
2021-04-08,San Mateo,081,765935,41223,40749,437,41186,350
2021-04-08,Santa Barbara,083,443738,33756,33309,1169,34478,444
2021-04-08,Santa Clara,085,1922200,115549,115487,681,116168,1905
2021-04-08,Santa Cruz,087,273765,15938,15296,806,16102,203
2021-04-08,Shasta,089,179085,11498,11466,1394,12860,186
2021-04-08,Sierra,091,2930,55,51,12,63,0
2021-04-08,Siskiyou,093,43540,1591,1511,274,1785,7
2021-04-08,Solano,095,438530,31287,31120,430,31550,238
2021-04-08,Sonoma,097,501317,29347,29410,294,29704,310
2021-04-08,Stanislaus,099,539301,53835,53401,5678,59079,706
2021-04-08,Sutter,101,95872,9242,9195,82,9277,106
2021-04-08,Tehama,103,63373,4864,4802,527,5329,52
2021-04-08,Trinity,105,12862,481,324,85,409,3
2021-04-08,Tulare,107,460477,49475,48409,8715,57124,821
2021-04-08,Tuolumne,109,53932,3929,3986,37,4023,57
2021-04-08,Ventura,111,848112,80243,79626,2913,82539,986
2021-04-08,Yolo,113,214977,13473,13468,256,13724,198
2021-04-08,Yuba,115,75493,5787,5743,115,5858,43
2021-04-07,Alameda,001,1643700,84792,84130,1844,85974,1224
2021-04-07,Alpine,003,1148,85,85,0,85,0
2021-04-07,Amador,005,37829,3611,3590,33,3623,46
2021-04-07,Butte,007,227075,11798,11405,1694,13099,193
2021-04-07,Calaveras,009,45235,2031,2022,12,2034,50
2021-04-07,Colusa,011,21464,1900,1894,279,2173,14
2021-04-07,Contra Costa,013,1133247,66550,65619,1157,66776,775
2021-04-07,Del Norte,015,27424,1241,1198,11,1209,6
2021-04-07,El Dorado,017,186661,9611,9500,636,10136,106
2021-04-07,Fresno,019,978130,100571,99865,8380,108245,1627
2021-04-07,Glenn,021,27897,2365,2337,538,2875,17
2021-04-07,Humboldt,023,135768,3511,3484,25,3509,35
2021-04-07,Imperial,025,180216,27897,27704,2725,30429,713
2021-04-07,Inyo,027,18085,1388,1386,10,1396,36
2021-04-07,Kern,029,883053,95788,94456,10435,104891,1275
2021-04-07,Kings,031,150075,22846,22589,1044,23633,243
2021-04-07,Lake,033,64148,3392,3358,9,3367,43
2021-04-07,Lassen,035,31185,5157,5137,104,5241,1
2021-04-07,Los Angeles,037,10098052,1191442,1183862,40742,1224604,23372
2021-04-07,Madera,039,155013,16272,16090,908,16998,231
2021-04-07,Marin,041,260295,13761,13688,230,13918,225
2021-04-07,Mariposa,043,17540,398,391,6,397,5
2021-04-07,Mendocino,045,87422,3776,3691,72,3763,45
2021-04-07,Merced,047,269075,30128,30132,957,31089,430
2021-04-07,Modoc,049,8938,364,351,120,471,3
2021-04-07,Mono,051,14174,1237,1246,16,1262,3
2021-04-07,Monterey,053,433212,42711,42427,1809,44236,341
2021-04-07,Napa,055,140530,9578,9556,34,9590,80
2021-04-07,Nevada,057,99092,4431,4364,184,4548,69
2021-04-07,Orange,059,3164182,252296,250378,10926,261304,4778
2021-04-07,Placer,061,380077,21964,21227,1321,22548,276
2021-04-07,Plumas,063,18699,673,665,10,675,4
2021-04-07,Riverside,065,2383286,290593,283749,13781,297530,4285
2021-04-07,Sacramento,067,1510023,100460,99202,1506,100708,1544
2021-04-07,San Benito,069,59416,5930,5912,104,6016,62
2021-04-07,San Bernardino,071,2135413,290164,286978,8816,295794,4433
2021-04-07,San Diego,073,3302833,273173,272195,13822,286017,3588
2021-04-07,San Francisco,075,870044,35647,35618,1221,36839,493
2021-04-07,San Joaquin,077,732212,70516,69375,3300,72675,1278
2021-04-07,San Luis Obispo,079,281455,20778,20373,643,21016,252
2021-04-07,San Mateo,081,765935,41179,40693,437,41130,350
2021-04-07,Santa Barbara,083,443738,33730,33289,1166,34455,444
2021-04-07,Santa Clara,085,1922200,115417,115311,679,115990,1900
2021-04-07,Santa Cruz,087,273765,15927,15275,806,16081,203
2021-04-07,Shasta,089,179085,11486,11456,1389,12845,184
2021-04-07,Sierra,091,2930,55,51,12,63,0
2021-04-07,Siskiyou,093,43540,1585,1512,273,1785,7
2021-04-07,Solano,095,438530,31236,31097,429,31526,238
2021-04-07,Sonoma,097,501317,29329,29394,293,29687,310
2021-04-07,Stanislaus,099,539301,53766,53344,5668,59012,686
2021-04-07,Sutter,101,95872,9239,9188,82,9270,106
2021-04-07,Tehama,103,63373,4856,4802,525,5327,52
2021-04-07,Trinity,105,12862,481,322,85,407,3
2021-04-07,Tulare,107,460477,49460,48386,8704,57090,820
2021-04-07,Tuolumne,109,53932,3927,3982,37,4019,57
2021-04-07,Ventura,111,848112,80209,79595,2911,82506,986
2021-04-07,Yolo,113,214977,13458,13450,254,13704,198
2021-04-07,Yuba,115,75493,5783,5737,115,5852,43
2021-04-06,Alameda,001,1643700,84678,84091,1840,85931,1223
2021-04-06,Alpine,003,1148,85,85,0,85,0
2021-04-06,Amador,005,37829,3610,3587,33,3620,45
2021-04-06,Butte,007,227075,11783,11396,1692,13088,193
2021-04-06,Calaveras,009,45235,2028,2021,12,2033,50
2021-04-06,Colusa,011,21464,1898,1894,277,2171,14
2021-04-06,Contra Costa,013,1133247,66472,65575,1156,66731,774
2021-04-06,Del Norte,015,27424,1236,1197,11,1208,6
2021-04-06,El Dorado,017,186661,9581,9489,634,10123,106
2021-04-06,Fresno,019,978130,100507,99814,8374,108188,1626
2021-04-06,Glenn,021,27897,2364,2335,537,2872,17
2021-04-06,Humboldt,023,135768,3502,3477,25,3502,35
2021-04-06,Imperial,025,180216,27863,27661,2715,30376,713
2021-04-06,Inyo,027,18085,1388,1379,10,1389,36
2021-04-06,Kern,029,883053,95744,94422,10429,104851,1259
2021-04-06,Kings,031,150075,22840,22587,1044,23631,240
2021-04-06,Lake,033,64148,3389,3358,9,3367,43
2021-04-06,Lassen,035,31185,5155,5137,104,5241,1
2021-04-06,Los Angeles,037,10098052,1190931,1183499,40702,1224201,23323
2021-04-06,Madera,039,155013,16252,16085,903,16988,230
2021-04-06,Marin,041,260295,13752,13675,227,13902,224
2021-04-06,Mariposa,043,17540,398,390,6,396,5
2021-04-06,Mendocino,045,87422,3774,3686,72,3758,45
2021-04-06,Merced,047,269075,30099,30100,952,31052,430
2021-04-06,Modoc,049,8938,363,351,120,471,3
2021-04-06,Mono,051,14174,1237,1246,16,1262,3
2021-04-06,Monterey,053,433212,42702,42412,1808,44220,341
2021-04-06,Napa,055,140530,9559,9509,34,9543,78
2021-04-06,Nevada,057,99092,4421,4356,182,4538,69
2021-04-06,Orange,059,3164182,252187,250304,10912,261216,4771
2021-04-06,Placer,061,380077,21916,21184,1319,22503,276
2021-04-06,Plumas,063,18699,673,665,10,675,4
2021-04-06,Riverside,065,2383286,290412,283622,13770,297392,4264
2021-04-06,Sacramento,067,1510023,100251,99110,1498,100608,1537
2021-04-06,San Benito,069,59416,5921,5907,104,6011,62
2021-04-06,San Bernardino,071,2135413,290050,286792,8806,295598,4428
2021-04-06,San Diego,073,3302833,272911,271867,13794,285661,3585
2021-04-06,San Francisco,075,870044,35604,35572,1221,36793,488
2021-04-06,San Joaquin,077,732212,70433,69316,3288,72604,1278
2021-04-06,San Luis Obispo,079,281455,20756,20350,640,20990,252
2021-04-06,San Mateo,081,765935,41131,40649,436,41085,350
2021-04-06,Santa Barbara,083,443738,33712,33257,1165,34422,443
2021-04-06,Santa Clara,085,1922200,115246,115184,678,115862,1900
2021-04-06,Santa Cruz,087,273765,15917,15252,806,16058,203
2021-04-06,Shasta,089,179085,11465,11443,1387,12830,184
2021-04-06,Sierra,091,2930,55,51,12,63,0
2021-04-06,Siskiyou,093,43540,1581,1510,272,1782,7
2021-04-06,Solano,095,438530,31189,31078,428,31506,237
2021-04-06,Sonoma,097,501317,29304,29386,291,29677,311
2021-04-06,Stanislaus,099,539301,53709,53304,5662,58966,686
2021-04-06,Sutter,101,95872,9229,9179,82,9261,106
2021-04-06,Tehama,103,63373,4847,4798,525,5323,52
2021-04-06,Trinity,105,12862,481,321,85,406,3
2021-04-06,Tulare,107,460477,49417,48372,8700,57072,819
2021-04-06,Tuolumne,109,53932,3927,3981,37,4018,57
2021-04-06,Ventura,111,848112,80172,79556,2909,82465,983
2021-04-06,Yolo,113,214977,13445,13443,253,13696,198
2021-04-06,Yuba,115,75493,5779,5733,114,5847,43
2021-04-05,Alameda,001,1643700,84562,84007,1836,85843,1219
2021-04-05,Alpine,003,1148,85,85,0,85,0
2021-04-05,Amador,005,37829,3607,3584,33,3617,45
2021-04-05,Butte,007,227075,11768,11384,1691,13075,193
2021-04-05,Calaveras,009,45235,2026,2019,12,2031,50
2021-04-05,Colusa,011,21464,1898,1894,276,2170,14
2021-04-05,Contra Costa,013,1133247,66406,65457,1154,66611,774
2021-04-05,Del Norte,015,27424,1234,1189,11,1200,6
2021-04-05,El Dorado,017,186661,9566,9463,634,10097,106
2021-04-05,Fresno,019,978130,100419,99755,8366,108121,1622
2021-04-05,Glenn,021,27897,2362,2335,537,2872,17
2021-04-05,Humboldt,023,135768,3493,3475,25,3500,35
2021-04-05,Imperial,025,180216,27831,27604,2709,30313,710
2021-04-05,Inyo,027,18085,1385,1377,10,1387,36
2021-04-05,Kern,029,883053,95689,94401,10404,104805,1249
2021-04-05,Kings,031,150075,22836,22580,1044,23624,239
2021-04-05,Lake,033,64148,3381,3359,9,3368,43
2021-04-05,Lassen,035,31185,5155,5138,103,5241,1
2021-04-05,Los Angeles,037,10098052,1190397,1183200,40651,1223851,23302
2021-04-05,Madera,039,155013,16238,16065,902,16967,230
2021-04-05,Marin,041,260295,13738,13666,223,13889,221
2021-04-05,Mariposa,043,17540,398,390,6,396,5
2021-04-05,Mendocino,045,87422,3772,3687,72,3759,45
2021-04-05,Merced,047,269075,30073,30068,951,31019,427
2021-04-05,Modoc,049,8938,361,346,120,466,3
2021-04-05,Mono,051,14174,1237,1246,16,1262,3
2021-04-05,Monterey,053,433212,42689,42396,1804,44200,341
2021-04-05,Napa,055,140530,9536,9492,34,9526,78
2021-04-05,Nevada,057,99092,4410,4346,182,4528,69
2021-04-05,Orange,059,3164182,252072,250177,10888,261065,4759
2021-04-05,Placer,061,380077,21870,21133,1312,22445,276
2021-04-05,Plumas,063,18699,673,666,10,676,4
2021-04-05,Riverside,065,2383286,290275,283549,13758,297307,4237
2021-04-05,Sacramento,067,1510023,100089,98908,1489,100397,1533
2021-04-05,San Benito,069,59416,5915,5904,104,6008,61
2021-04-05,San Bernardino,071,2135413,289940,286597,8803,295400,4425
2021-04-05,San Diego,073,3302833,272662,271655,13753,285408,3583
2021-04-05,San Francisco,075,870044,35573,35538,1221,36759,488
2021-04-05,San Joaquin,077,732212,70344,69214,3279,72493,1268
2021-04-05,San Luis Obispo,079,281455,20719,20333,640,20973,252
2021-04-05,San Mateo,081,765935,41087,40609,435,41044,350
2021-04-05,Santa Barbara,083,443738,33677,33235,1165,34400,443
2021-04-05,Santa Clara,085,1922200,115079,115091,675,115766,1893
2021-04-05,Santa Cruz,087,273765,15910,15228,806,16034,201
2021-04-05,Shasta,089,179085,11444,11435,1384,12819,184
2021-04-05,Sierra,091,2930,55,50,12,62,0
2021-04-05,Siskiyou,093,43540,1578,1509,270,1779,7
2021-04-05,Solano,095,438530,31148,31026,426,31452,237
2021-04-05,Sonoma,097,501317,29272,29361,289,29650,311
2021-04-05,Stanislaus,099,539301,53629,53238,5660,58898,686
2021-04-05,Sutter,101,95872,9222,9169,82,9251,106
2021-04-05,Tehama,103,63373,4841,4794,525,5319,52
2021-04-05,Trinity,105,12862,480,321,85,406,3
2021-04-05,Tulare,107,460477,49405,48356,8693,57049,818
2021-04-05,Tuolumne,109,53932,3926,3980,37,4017,57
2021-04-05,Ventura,111,848112,80141,79549,2906,82455,983
2021-04-05,Yolo,113,214977,13431,13427,252,13679,198
2021-04-05,Yuba,115,75493,5774,5728,113,5841,43
2021-04-04,Alameda,001,1643700,84444,83951,1832,85783,1219
2021-04-04,Alpine,003,1148,85,85,0,85,0
2021-04-04,Amador,005,37829,3601,3582,33,3615,45
2021-04-04,Butte,007,227075,11753,11375,1690,13065,193
2021-04-04,Calaveras,009,45235,2022,2020,12,2032,50
2021-04-04,Colusa,011,21464,1897,1893,276,2169,14
2021-04-04,Contra Costa,013,1133247,66300,65408,1149,66557,774
2021-04-04,Del Norte,015,27424,1226,1186,11,1197,6
2021-04-04,El Dorado,017,186661,9547,9455,630,10085,106
2021-04-04,Fresno,019,978130,100345,99702,8353,108055,1622
2021-04-04,Glenn,021,27897,2359,2335,536,2871,17
2021-04-04,Humboldt,023,135768,3482,3472,25,3497,35
2021-04-04,Imperial,025,180216,27775,27588,2706,30294,710
2021-04-04,Inyo,027,18085,1381,1377,10,1387,36
2021-04-04,Kern,029,883053,95645,94388,10383,104771,1247
2021-04-04,Kings,031,150075,22834,22580,1043,23623,239
2021-04-04,Lake,033,64148,3375,3355,8,3363,43
2021-04-04,Lassen,035,31185,5153,5138,103,5241,1
2021-04-04,Los Angeles,037,10098052,1189855,1182872,40607,1223479,23301
2021-04-04,Madera,039,155013,16212,16052,898,16950,230
2021-04-04,Marin,041,260295,13725,13663,222,13885,221
2021-04-04,Mariposa,043,17540,398,390,6,396,5
2021-04-04,Mendocino,045,87422,3769,3684,72,3756,45
2021-04-04,Merced,047,269075,30030,30048,948,30996,427
2021-04-04,Modoc,049,8938,361,346,120,466,3
2021-04-04,Mono,051,14174,1236,1245,16,1261,3
2021-04-04,Monterey,053,433212,42672,42391,1803,44194,341
2021-04-04,Napa,055,140530,9524,9486,34,9520,78
2021-04-04,Nevada,057,99092,4398,4337,182,4519,69
2021-04-04,Orange,059,3164182,251938,250117,10872,260989,4759
2021-04-04,Placer,061,380077,21825,21104,1294,22398,276
2021-04-04,Plumas,063,18699,673,666,10,676,4
2021-04-04,Riverside,065,2383286,290149,283537,13754,297291,4237
2021-04-04,Sacramento,067,1510023,99890,98821,1479,100300,1531
2021-04-04,San Benito,069,59416,5905,5901,100,6001,61
2021-04-04,San Bernardino,071,2135413,289800,286561,8795,295356,4423
2021-04-04,San Diego,073,3302833,272350,271528,13712,285240,3583
2021-04-04,San Francisco,075,870044,35519,35525,1218,36743,488
2021-04-04,San Joaquin,077,732212,70243,69147,3267,72414,1268
2021-04-04,San Luis Obispo,079,281455,20687,20328,632,20960,252
2021-04-04,San Mateo,081,765935,41044,40587,432,41019,350
2021-04-04,Santa Barbara,083,443738,33641,33213,1165,34378,443
2021-04-04,Santa Clara,085,1922200,114913,114976,668,115644,1893
2021-04-04,Santa Cruz,087,273765,15901,15219,806,16025,201
2021-04-04,Shasta,089,179085,11418,11433,1383,12816,184
2021-04-04,Sierra,091,2930,55,50,12,62,0
2021-04-04,Siskiyou,093,43540,1575,1509,266,1775,7
2021-04-04,Solano,095,438530,31101,31002,424,31426,237
2021-04-04,Sonoma,097,501317,29240,29340,287,29627,311
2021-04-04,Stanislaus,099,539301,53536,53181,5652,58833,686
2021-04-04,Sutter,101,95872,9215,9164,82,9246,106
2021-04-04,Tehama,103,63373,4829,4792,524,5316,52
2021-04-04,Trinity,105,12862,478,321,85,406,3
2021-04-04,Tulare,107,460477,49389,48343,8685,57028,818
2021-04-04,Tuolumne,109,53932,3918,3980,37,4017,57
2021-04-04,Ventura,111,848112,80098,79526,2904,82430,983
2021-04-04,Yolo,113,214977,13410,13425,251,13676,198
2021-04-04,Yuba,115,75493,5767,5722,113,5835,43
2021-04-03,Alameda,001,1643700,84377,83861,1830,85691,1218
2021-04-03,Alpine,003,1148,85,85,0,85,0
2021-04-03,Amador,005,37829,3598,3577,33,3610,45
2021-04-03,Butte,007,227075,11749,11359,1686,13045,193
2021-04-03,Calaveras,009,45235,2019,2019,12,2031,50
2021-04-03,Colusa,011,21464,1897,1891,276,2167,14
2021-04-03,Contra Costa,013,1133247,66228,65338,1149,66487,774
2021-04-03,Del Norte,015,27424,1221,1183,11,1194,6
2021-04-03,El Dorado,017,186661,9538,9448,629,10077,106
2021-04-03,Fresno,019,978130,100288,99602,8347,107949,1622
2021-04-03,Glenn,021,27897,2359,2334,535,2869,17
2021-04-03,Humboldt,023,135768,3480,3467,25,3492,35
2021-04-03,Imperial,025,180216,27759,27572,2702,30274,710
2021-04-03,Inyo,027,18085,1380,1376,10,1386,36
2021-04-03,Kern,029,883053,95619,94369,10367,104736,1243
2021-04-03,Kings,031,150075,22832,22580,1043,23623,239
2021-04-03,Lake,033,64148,3374,3350,8,3358,43
2021-04-03,Lassen,035,31185,5152,5136,103,5239,1
2021-04-03,Los Angeles,037,10098052,1189554,1182402,40589,1222991,23301
2021-04-03,Madera,039,155013,16203,16051,896,16947,230
2021-04-03,Marin,041,260295,13717,13658,221,13879,221
2021-04-03,Mariposa,043,17540,398,390,5,395,5
2021-04-03,Mendocino,045,87422,3768,3684,72,3756,45
2021-04-03,Merced,047,269075,30015,30031,948,30979,427
2021-04-03,Modoc,049,8938,361,346,120,466,3
2021-04-03,Mono,051,14174,1236,1245,16,1261,3
2021-04-03,Monterey,053,433212,42659,42376,1801,44177,341
2021-04-03,Napa,055,140530,9515,9473,34,9507,78
2021-04-03,Nevada,057,99092,4394,4323,182,4505,69
2021-04-03,Orange,059,3164182,251858,249982,10854,260836,4755
2021-04-03,Placer,061,380077,21794,21060,1290,22350,276
2021-04-03,Plumas,063,18699,673,666,10,676,4
2021-04-03,Riverside,065,2383286,290071,283423,13751,297174,4237
2021-04-03,Sacramento,067,1510023,99782,98660,1473,100133,1531
2021-04-03,San Benito,069,59416,5902,5893,99,5992,61
2021-04-03,San Bernardino,071,2135413,289735,286473,8789,295262,4422
2021-04-03,San Diego,073,3302833,272181,271335,13695,285030,3571
2021-04-03,San Francisco,075,870044,35500,35488,1216,36704,489
2021-04-03,San Joaquin,077,732212,70202,69100,3251,72351,1268
2021-04-03,San Luis Obispo,079,281455,20668,20301,632,20933,252
2021-04-03,San Mateo,081,765935,41019,40560,432,40992,350
2021-04-03,Santa Barbara,083,443738,33615,33172,1164,34336,443
2021-04-03,Santa Clara,085,1922200,114805,114865,666,115531,1893
2021-04-03,Santa Cruz,087,273765,15894,15205,806,16011,201
2021-04-03,Shasta,089,179085,11410,11418,1383,12801,184
2021-04-03,Sierra,091,2930,55,50,12,62,0
2021-04-03,Siskiyou,093,43540,1574,1509,266,1775,7
2021-04-03,Solano,095,438530,31080,30970,421,31391,237
2021-04-03,Sonoma,097,501317,29224,29315,286,29601,311
2021-04-03,Stanislaus,099,539301,53501,53137,5646,58783,686
2021-04-03,Sutter,101,95872,9209,9158,82,9240,106
2021-04-03,Tehama,103,63373,4822,4788,524,5312,52
2021-04-03,Trinity,105,12862,478,321,85,406,3
2021-04-03,Tulare,107,460477,49379,48327,8681,57008,818
2021-04-03,Tuolumne,109,53932,3918,3980,37,4017,57
2021-04-03,Ventura,111,848112,80077,79489,2902,82391,983
2021-04-03,Yolo,113,214977,13404,13414,251,13665,198
2021-04-03,Yuba,115,75493,5761,5716,113,5829,43
2021-04-02,Alameda,001,1643700,84303,83776,1827,85603,1217
2021-04-02,Alpine,003,1148,85,85,0,85,0
2021-04-02,Amador,005,37829,3594,3573,32,3605,45
2021-04-02,Butte,007,227075,11741,11350,1686,13036,193
2021-04-02,Calaveras,009,45235,2015,2010,12,2022,50
2021-04-02,Colusa,011,21464,1897,1891,276,2167,14
2021-04-02,Contra Costa,013,1133247,66164,65299,1148,66447,774
2021-04-02,Del Norte,015,27424,1218,1174,11,1185,6
2021-04-02,El Dorado,017,186661,9525,9437,626,10063,106
2021-04-02,Fresno,019,978130,100234,99551,8336,107887,1620
2021-04-02,Glenn,021,27897,2359,2331,535,2866,17
2021-04-02,Humboldt,023,135768,3476,3465,25,3490,35
2021-04-02,Imperial,025,180216,27746,27553,2695,30248,710
2021-04-02,Inyo,027,18085,1380,1377,10,1387,36
2021-04-02,Kern,029,883053,95601,94348,10364,104712,1233
2021-04-02,Kings,031,150075,22832,22571,1040,23611,239
2021-04-02,Lake,033,64148,3372,3348,8,3356,43
2021-04-02,Lassen,035,31185,5152,5134,103,5237,1
2021-04-02,Los Angeles,037,10098052,1189245,1181682,40566,1222248,23264
2021-04-02,Madera,039,155013,16194,16036,895,16931,230
2021-04-02,Marin,041,260295,13709,13649,221,13870,221
2021-04-02,Mariposa,043,17540,396,390,5,395,5
2021-04-02,Mendocino,045,87422,3765,3682,72,3754,45
2021-04-02,Merced,047,269075,29991,29998,948,30946,426
2021-04-02,Modoc,049,8938,358,346,120,466,3
2021-04-02,Mono,051,14174,1236,1246,16,1262,3
2021-04-02,Monterey,053,433212,42649,42359,1798,44157,341
2021-04-02,Napa,055,140530,9500,9453,34,9487,78
2021-04-02,Nevada,057,99092,4390,4323,182,4505,69
2021-04-02,Orange,059,3164182,251762,249891,10841,260732,4748
2021-04-02,Placer,061,380077,21758,21035,1284,22319,275
2021-04-02,Plumas,063,18699,673,666,10,676,4
2021-04-02,Riverside,065,2383286,289985,283328,13742,297070,4213
2021-04-02,Sacramento,067,1510023,99675,98648,1466,100114,1527
2021-04-02,San Benito,069,59416,5900,5888,97,5985,61
2021-04-02,San Bernardino,071,2135413,289662,286308,8785,295093,4417
2021-04-02,San Diego,073,3302833,271995,271036,13669,284705,3568
2021-04-02,San Francisco,075,870044,35465,35451,1214,36665,488
2021-04-02,San Joaquin,077,732212,70137,68996,3236,72232,1268
2021-04-02,San Luis Obispo,079,281455,20651,20271,631,20902,252
2021-04-02,San Mateo,081,765935,40977,40514,432,40946,350
2021-04-02,Santa Barbara,083,443738,33587,33145,1164,34309,443
2021-04-02,Santa Clara,085,1922200,114694,114777,664,115441,1882
2021-04-02,Santa Cruz,087,273765,15886,15216,806,16022,202
2021-04-02,Shasta,089,179085,11405,11377,1375,12752,181
2021-04-02,Sierra,091,2930,55,50,12,62,0
2021-04-02,Siskiyou,093,43540,1574,1508,265,1773,7
2021-04-02,Solano,095,438530,31051,30951,418,31369,237
2021-04-02,Sonoma,097,501317,29203,29288,285,29573,311
2021-04-02,Stanislaus,099,539301,53456,53073,5640,58713,687
2021-04-02,Sutter,101,95872,9201,9131,82,9213,106
2021-04-02,Tehama,103,63373,4815,4775,523,5298,52
2021-04-02,Trinity,105,12862,478,320,85,405,3
2021-04-02,Tulare,107,460477,49373,48306,8675,56981,818
2021-04-02,Tuolumne,109,53932,3915,3980,37,4017,57
2021-04-02,Ventura,111,848112,80049,79434,2900,82334,982
2021-04-02,Yolo,113,214977,13394,13381,251,13632,197
2021-04-02,Yuba,115,75493,5757,5709,113,5822,44
2021-04-01,Alameda,001,1643700,84224,83574,1822,85396,1216
2021-04-01,Alpine,003,1148,85,85,0,85,0
2021-04-01,Amador,005,37829,3590,3558,32,3590,45
2021-04-01,Butte,007,227075,11723,11328,1684,13012,193
2021-04-01,Calaveras,009,45235,2011,2006,12,2018,50
2021-04-01,Colusa,011,21464,1894,1890,276,2166,14
2021-04-01,Contra Costa,013,1133247,66104,65176,1146,66322,771
2021-04-01,Del Norte,015,27424,1213,1138,11,1149,6
2021-04-01,El Dorado,017,186661,9516,9393,622,10015,106
2021-04-01,Fresno,019,978130,100180,99317,8328,107645,1616
2021-04-01,Glenn,021,27897,2359,2322,534,2856,17
2021-04-01,Humboldt,023,135768,3472,3464,25,3489,35
2021-04-01,Imperial,025,180216,27716,27520,2689,30209,710
2021-04-01,Inyo,027,18085,1379,1374,10,1384,36
2021-04-01,Kern,029,883053,95565,94244,10352,104596,1233
2021-04-01,Kings,031,150075,22825,22560,1039,23599,239
2021-04-01,Lake,033,64148,3367,3337,8,3345,43
2021-04-01,Lassen,035,31185,5151,5132,103,5235,1
2021-04-01,Los Angeles,037,10098052,1188757,1181101,40540,1221641,23220
2021-04-01,Madera,039,155013,16178,16023,895,16918,230
2021-04-01,Marin,041,260295,13699,13635,221,13856,221
2021-04-01,Mariposa,043,17540,394,389,5,394,5
2021-04-01,Mendocino,045,87422,3765,3680,72,3752,45
2021-04-01,Merced,047,269075,29957,29820,948,30768,425
2021-04-01,Modoc,049,8938,357,346,120,466,3
2021-04-01,Mono,051,14174,1236,1245,16,1261,3
2021-04-01,Monterey,053,433212,42641,42324,1796,44120,339
2021-04-01,Napa,055,140530,9488,9410,34,9444,78
2021-04-01,Nevada,057,99092,4380,4288,181,4469,68
2021-04-01,Orange,059,3164182,251642,249617,10824,260441,4742
2021-04-01,Placer,061,380077,21719,20909,1272,22181,274
2021-04-01,Plumas,063,18699,673,664,10,674,4
2021-04-01,Riverside,065,2383286,289880,283128,13739,296867,4193
2021-04-01,Sacramento,067,1510023,99530,97952,1452,99404,1521
2021-04-01,San Benito,069,59416,5892,5878,96,5974,61
2021-04-01,San Bernardino,071,2135413,289545,286086,8776,294862,4404
2021-04-01,San Diego,073,3302833,271771,270540,13639,284179,3555
2021-04-01,San Francisco,075,870044,35444,35386,1211,36597,488
2021-04-01,San Joaquin,077,732212,70055,68802,3228,72030,1262
2021-04-01,San Luis Obispo,079,281455,20622,20235,630,20865,252
2021-04-01,San Mateo,081,765935,40936,40454,432,40886,350
2021-04-01,Santa Barbara,083,443738,33541,33096,1159,34255,443
2021-04-01,Santa Clara,085,1922200,114581,114606,663,115269,1874
2021-04-01,Santa Cruz,087,273765,15871,15271,806,16077,202
2021-04-01,Shasta,089,179085,11390,11355,1369,12724,181
2021-04-01,Sierra,091,2930,55,50,12,62,0
2021-04-01,Siskiyou,093,43540,1572,1507,264,1771,7
2021-04-01,Solano,095,438530,31018,30850,415,31265,237
2021-04-01,Sonoma,097,501317,29172,29241,278,29519,311
2021-04-01,Stanislaus,099,539301,53393,52825,5634,58459,687
2021-04-01,Sutter,101,95872,9189,9105,82,9187,106
2021-04-01,Tehama,103,63373,4809,4764,520,5284,52
2021-04-01,Trinity,105,12862,478,319,85,404,3
2021-04-01,Tulare,107,460477,49350,48279,8665,56944,817
2021-04-01,Tuolumne,109,53932,3913,3978,37,4015,57
2021-04-01,Ventura,111,848112,80025,79369,2899,82268,977
2021-04-01,Yolo,113,214977,13381,13342,251,13593,197
2021-04-01,Yuba,115,75493,5752,5694,113,5807,44
2021-03-31,Alameda,001,1643700,84142,83475,1817,85292,1215
2021-03-31,Alpine,003,1148,85,85,0,85,0
2021-03-31,Amador,005,37829,3587,3556,32,3588,45
2021-03-31,Butte,007,227075,11713,11321,1681,13002,193
2021-03-31,Calaveras,009,45235,2009,2005,12,2017,50
2021-03-31,Colusa,011,21464,1894,1890,276,2166,14
2021-03-31,Contra Costa,013,1133247,66019,65109,1145,66254,769
2021-03-31,Del Norte,015,27424,1204,1129,11,1140,6
2021-03-31,El Dorado,017,186661,9499,9390,622,10012,106
2021-03-31,Fresno,019,978130,100088,99240,8311,107551,1616
2021-03-31,Glenn,021,27897,2355,2318,532,2850,17
2021-03-31,Humboldt,023,135768,3466,3460,25,3485,35
2021-03-31,Imperial,025,180216,27696,27506,2686,30192,710
2021-03-31,Inyo,027,18085,1376,1373,9,1382,35
2021-03-31,Kern,029,883053,95522,94205,10343,104548,1229
2021-03-31,Kings,031,150075,22822,22540,1039,23579,239
2021-03-31,Lake,033,64148,3363,3332,8,3340,43
2021-03-31,Lassen,035,31185,5147,5132,103,5235,1
2021-03-31,Los Angeles,037,10098052,1188291,1180538,40500,1221038,23171
2021-03-31,Madera,039,155013,16164,16015,894,16909,229
2021-03-31,Marin,041,260295,13688,13624,221,13845,221
2021-03-31,Mariposa,043,17540,394,389,5,394,5
2021-03-31,Mendocino,045,87422,3759,3675,72,3747,45
2021-03-31,Merced,047,269075,29928,29780,948,30728,423
2021-03-31,Modoc,049,8938,357,346,120,466,3
2021-03-31,Mono,051,14174,1236,1245,16,1261,3
2021-03-31,Monterey,053,433212,42624,42309,1794,44103,338
2021-03-31,Napa,055,140530,9470,9401,34,9435,78
2021-03-31,Nevada,057,99092,4374,4283,181,4464,68
2021-03-31,Orange,059,3164182,251531,249518,10809,260327,4731
2021-03-31,Placer,061,380077,21669,20885,1265,22150,271
2021-03-31,Plumas,063,18699,672,663,10,673,4
2021-03-31,Riverside,065,2383286,289778,283006,13729,296735,4171
2021-03-31,Sacramento,067,1510023,99354,97760,1445,99205,1519
2021-03-31,San Benito,069,59416,5882,5875,96,5971,61
2021-03-31,San Bernardino,071,2135413,289451,285916,8773,294689,4356
2021-03-31,San Diego,073,3302833,271540,270288,13604,283892,3555
2021-03-31,San Francisco,075,870044,35400,35347,1210,36557,474
2021-03-31,San Joaquin,077,732212,69966,68685,3212,71897,1259
2021-03-31,San Luis Obispo,079,281455,20601,20215,629,20844,251
2021-03-31,San Mateo,081,765935,40906,40423,432,40855,350
2021-03-31,Santa Barbara,083,443738,33509,33052,1157,34209,443
2021-03-31,Santa Clara,085,1922200,114454,114499,663,115162,1874
2021-03-31,Santa Cruz,087,273765,15858,15295,805,16100,201
2021-03-31,Shasta,089,179085,11378,11327,1361,12688,179
2021-03-31,Sierra,091,2930,55,50,12,62,0
2021-03-31,Siskiyou,093,43540,1571,1505,264,1769,7
2021-03-31,Solano,095,438530,30972,30824,414,31238,235
2021-03-31,Sonoma,097,501317,29145,29216,278,29494,311
2021-03-31,Stanislaus,099,539301,53324,52782,5622,58404,687
2021-03-31,Sutter,101,95872,9178,9111,82,9193,106
2021-03-31,Tehama,103,63373,4804,4762,517,5279,52
2021-03-31,Trinity,105,12862,478,319,85,404,3
2021-03-31,Tulare,107,460477,49330,48261,8649,56910,816
2021-03-31,Tuolumne,109,53932,3912,3976,37,4013,57
2021-03-31,Ventura,111,848112,79993,79326,2895,82221,969
2021-03-31,Yolo,113,214977,13364,13359,250,13609,197
2021-03-31,Yuba,115,75493,5745,5686,113,5799,44
2021-03-30,Alameda,001,1643700,84042,83395,1814,85209,1211
2021-03-30,Alpine,003,1148,85,85,0,85,0
2021-03-30,Amador,005,37829,3584,3551,32,3583,45
2021-03-30,Butte,007,227075,11701,11296,1678,12974,193
2021-03-30,Calaveras,009,45235,2003,1997,12,2009,50
2021-03-30,Colusa,011,21464,1893,1890,275,2165,14
2021-03-30,Contra Costa,013,1133247,65930,65041,1143,66184,767
2021-03-30,Del Norte,015,27424,1196,1118,10,1128,6
2021-03-30,El Dorado,017,186661,9480,9381,619,10000,105
2021-03-30,Fresno,019,978130,100023,99156,8298,107454,1609
2021-03-30,Glenn,021,27897,2355,2310,531,2841,17
2021-03-30,Humboldt,023,135768,3464,3461,25,3486,35
2021-03-30,Imperial,025,180216,27667,27471,2684,30155,706
2021-03-30,Inyo,027,18085,1376,1374,9,1383,35
2021-03-30,Kern,029,883053,95480,94151,10334,104485,1221
2021-03-30,Kings,031,150075,22818,22530,1037,23567,238
2021-03-30,Lake,033,64148,3357,3330,8,3338,43
2021-03-30,Lassen,035,31185,5147,5132,103,5235,1
2021-03-30,Los Angeles,037,10098052,1187798,1180044,40478,1220522,23136
2021-03-30,Madera,039,155013,16154,16003,890,16893,229
2021-03-30,Marin,041,260295,13679,13611,213,13824,221
2021-03-30,Mariposa,043,17540,394,388,5,393,5
2021-03-30,Mendocino,045,87422,3757,3670,72,3742,45
2021-03-30,Merced,047,269075,29892,29731,948,30679,423
2021-03-30,Modoc,049,8938,356,346,120,466,3
2021-03-30,Mono,051,14174,1235,1245,16,1261,3
2021-03-30,Monterey,053,433212,42598,42308,1791,44099,338
2021-03-30,Napa,055,140530,9455,9391,34,9425,78
2021-03-30,Nevada,057,99092,4362,4266,180,4446,68
2021-03-30,Orange,059,3164182,251402,249412,10782,260194,4727
2021-03-30,Placer,061,380077,21629,20866,1259,22125,271
2021-03-30,Plumas,063,18699,672,661,10,671,4
2021-03-30,Riverside,065,2383286,289653,282930,13720,296650,4154
2021-03-30,Sacramento,067,1510023,99217,97718,1441,99159,1516
2021-03-30,San Benito,069,59416,5876,5870,96,5966,61
2021-03-30,San Bernardino,071,2135413,289342,285758,8764,294522,4343
2021-03-30,San Diego,073,3302833,271302,269998,13566,283564,3555
2021-03-30,San Francisco,075,870044,35350,35325,1209,36534,474
2021-03-30,San Joaquin,077,732212,69878,68613,3202,71815,1232
2021-03-30,San Luis Obispo,079,281455,20581,20194,629,20823,251
2021-03-30,San Mateo,081,765935,40861,40377,432,40809,349
2021-03-30,Santa Barbara,083,443738,33483,33016,1157,34173,441
2021-03-30,Santa Clara,085,1922200,114331,114413,662,115075,1873
2021-03-30,Santa Cruz,087,273765,15852,15278,805,16083,201
2021-03-30,Shasta,089,179085,11370,11316,1360,12676,184
2021-03-30,Sierra,091,2930,55,50,12,62,0
2021-03-30,Siskiyou,093,43540,1570,1501,264,1765,7
2021-03-30,Solano,095,438530,30942,30802,413,31215,232
2021-03-30,Sonoma,097,501317,29113,29198,278,29476,311
2021-03-30,Stanislaus,099,539301,53246,52690,5614,58304,677
2021-03-30,Sutter,101,95872,9174,9107,81,9188,106
2021-03-30,Tehama,103,63373,4795,4748,516,5264,52
2021-03-30,Trinity,105,12862,478,316,85,401,3
2021-03-30,Tulare,107,460477,49315,48249,8640,56889,815
2021-03-30,Tuolumne,109,53932,3907,3972,37,4009,57
2021-03-30,Ventura,111,848112,79949,79282,2892,82174,958
2021-03-30,Yolo,113,214977,13352,13353,250,13603,195
2021-03-30,Yuba,115,75493,5734,5679,107,5786,42
2021-03-29,Alameda,001,1643700,83941,83338,1812,85150,1211
2021-03-29,Alpine,003,1148,85,85,0,85,0
2021-03-29,Amador,005,37829,3578,3549,32,3581,45
2021-03-29,Butte,007,227075,11692,11291,1675,12966,191
2021-03-29,Calaveras,009,45235,2002,1998,12,2010,50
2021-03-29,Colusa,011,21464,1893,1889,274,2163,14
2021-03-29,Contra Costa,013,1133247,65861,64971,1142,66113,767
2021-03-29,Del Norte,015,27424,1191,1116,9,1125,6
2021-03-29,El Dorado,017,186661,9460,9374,613,9987,105
2021-03-29,Fresno,019,978130,99940,99085,8283,107368,1606
2021-03-29,Glenn,021,27897,2348,2310,531,2841,17
2021-03-29,Humboldt,023,135768,3459,3459,25,3484,34
2021-03-29,Imperial,025,180216,27647,27442,2681,30123,704
2021-03-29,Inyo,027,18085,1376,1372,9,1381,35
2021-03-29,Kern,029,883053,95433,94098,10314,104412,1220
2021-03-29,Kings,031,150075,22806,22522,1036,23558,238
2021-03-29,Lake,033,64148,3354,3325,8,3333,43
2021-03-29,Lassen,035,31185,5147,5131,103,5234,1
2021-03-29,Los Angeles,037,10098052,1187304,1179736,40438,1220174,23108
2021-03-29,Madera,039,155013,16134,15987,888,16875,210
2021-03-29,Marin,041,260295,13667,13600,209,13809,220
2021-03-29,Mariposa,043,17540,393,388,5,393,5
2021-03-29,Mendocino,045,87422,3754,3667,72,3739,45
2021-03-29,Merced,047,269075,29868,29699,948,30647,422
2021-03-29,Modoc,049,8938,355,344,120,464,3
2021-03-29,Mono,051,14174,1234,1243,16,1259,3
2021-03-29,Monterey,053,433212,42582,42305,1786,44091,337
2021-03-29,Napa,055,140530,9439,9379,34,9413,78
2021-03-29,Nevada,057,99092,4355,4258,180,4438,68
2021-03-29,Orange,059,3164182,251290,249295,10770,260065,4713
2021-03-29,Placer,061,380077,21594,20827,1252,22079,267
2021-03-29,Plumas,063,18699,671,660,10,670,4
2021-03-29,Riverside,065,2383286,289550,282867,13719,296586,4133
2021-03-29,Sacramento,067,1510023,99023,97577,1433,99010,1514
2021-03-29,San Benito,069,59416,5869,5865,96,5961,61
2021-03-29,San Bernardino,071,2135413,289245,285615,8760,294375,4335
2021-03-29,San Diego,073,3302833,271036,269771,13540,283311,3547
2021-03-29,San Francisco,075,870044,35315,35291,1206,36497,474
2021-03-29,San Joaquin,077,732212,69792,68537,3189,71726,1211
2021-03-29,San Luis Obispo,079,281455,20546,20176,628,20804,250
2021-03-29,San Mateo,081,765935,40819,40357,431,40788,348
2021-03-29,Santa Barbara,083,443738,33449,32983,1156,34139,439
2021-03-29,Santa Clara,085,1922200,114223,114335,657,114992,1871
2021-03-29,Santa Cruz,087,273765,15841,15249,804,16053,201
2021-03-29,Shasta,089,179085,11352,11313,1358,12671,183
2021-03-29,Sierra,091,2930,55,50,12,62,0
2021-03-29,Siskiyou,093,43540,1568,1497,263,1760,6
2021-03-29,Solano,095,438530,30903,30762,411,31173,232
2021-03-29,Sonoma,097,501317,29090,29184,275,29459,310
2021-03-29,Stanislaus,099,539301,53162,52614,5606,58220,677
2021-03-29,Sutter,101,95872,9167,9105,81,9186,106
2021-03-29,Tehama,103,63373,4787,4742,515,5257,52
2021-03-29,Trinity,105,12862,478,314,85,399,3
2021-03-29,Tulare,107,460477,49287,48226,8629,56855,815
2021-03-29,Tuolumne,109,53932,3905,3969,37,4006,57
2021-03-29,Ventura,111,848112,79907,79252,2892,82144,956
2021-03-29,Yolo,113,214977,13334,13346,250,13596,195
2021-03-29,Yuba,115,75493,5727,5671,106,5777,42
2021-03-28,Alameda,001,1643700,83820,83239,1810,85049,1212
2021-03-28,Alpine,003,1148,85,85,0,85,0
2021-03-28,Amador,005,37829,3574,3541,32,3573,45
2021-03-28,Butte,007,227075,11679,11285,1673,12958,191
2021-03-28,Calaveras,009,45235,2000,1995,12,2007,50
2021-03-28,Colusa,011,21464,1892,1889,274,2163,14
2021-03-28,Contra Costa,013,1133247,65787,64878,1138,66016,767
2021-03-28,Del Norte,015,27424,1184,1107,7,1114,6
2021-03-28,El Dorado,017,186661,9445,9371,611,9982,105
2021-03-28,Fresno,019,978130,99858,99004,8271,107275,1606
2021-03-28,Glenn,021,27897,2344,2309,529,2838,17
2021-03-28,Humboldt,023,135768,3456,3452,24,3476,34
2021-03-28,Imperial,025,180216,27620,27426,2678,30104,704
2021-03-28,Inyo,027,18085,1375,1372,9,1381,35
2021-03-28,Kern,029,883053,95388,94084,10303,104387,1219
2021-03-28,Kings,031,150075,22801,22514,1033,23547,238
2021-03-28,Lake,033,64148,3349,3320,8,3328,43
2021-03-28,Lassen,035,31185,5147,5131,102,5233,1
2021-03-28,Los Angeles,037,10098052,1186754,1179316,40379,1219695,23101
2021-03-28,Madera,039,155013,16119,15973,887,16860,210
2021-03-28,Marin,041,260295,13654,13594,207,13801,221
2021-03-28,Mariposa,043,17540,393,388,5,393,5
2021-03-28,Mendocino,045,87422,3752,3666,72,3738,45
2021-03-28,Merced,047,269075,29811,29679,948,30627,422
2021-03-28,Modoc,049,8938,355,344,120,464,3
2021-03-28,Mono,051,14174,1233,1242,16,1258,3
2021-03-28,Monterey,053,433212,42559,42294,1782,44076,337
2021-03-28,Napa,055,140530,9425,9368,34,9402,78
2021-03-28,Nevada,057,99092,4341,4239,180,4419,68
2021-03-28,Orange,059,3164182,251135,249238,10760,259998,4713
2021-03-28,Placer,061,380077,21550,20796,1246,22042,267
2021-03-28,Plumas,063,18699,669,657,10,667,4
2021-03-28,Riverside,065,2383286,289436,282811,13711,296522,4132
2021-03-28,Sacramento,067,1510023,98848,97425,1427,98852,1514
2021-03-28,San Benito,069,59416,5864,5862,96,5958,61
2021-03-28,San Bernardino,071,2135413,289126,285570,8751,294321,4332
2021-03-28,San Diego,073,3302833,270762,269476,13512,282988,3547
2021-03-28,San Francisco,075,870044,35269,35286,1202,36488,474
2021-03-28,San Joaquin,077,732212,69667,68459,3170,71629,1211
2021-03-28,San Luis Obispo,079,281455,20511,20172,625,20797,250
2021-03-28,San Mateo,081,765935,40774,40305,431,40736,348
2021-03-28,Santa Barbara,083,443738,33409,32953,1155,34108,439
2021-03-28,Santa Clara,085,1922200,114123,114232,653,114885,1871
2021-03-28,Santa Cruz,087,273765,15827,15238,803,16041,201
2021-03-28,Shasta,089,179085,11326,11308,1347,12655,183
2021-03-28,Sierra,091,2930,55,50,12,62,0
2021-03-28,Siskiyou,093,43540,1568,1497,262,1759,6
2021-03-28,Solano,095,438530,30866,30719,409,31128,232
2021-03-28,Sonoma,097,501317,29054,29161,273,29434,310
2021-03-28,Stanislaus,099,539301,53074,52567,5591,58158,678
2021-03-28,Sutter,101,95872,9158,9094,81,9175,106
2021-03-28,Tehama,103,63373,4777,4740,513,5253,52
2021-03-28,Trinity,105,12862,476,314,84,398,3
2021-03-28,Tulare,107,460477,49258,48218,8623,56841,815
2021-03-28,Tuolumne,109,53932,3902,3969,36,4005,57
2021-03-28,Ventura,111,848112,79856,79222,2887,82109,956
2021-03-28,Yolo,113,214977,13317,13325,249,13574,194
2021-03-28,Yuba,115,75493,5723,5662,106,5768,42
2021-03-27,Alameda,001,1643700,83749,83169,1806,84975,1211
2021-03-27,Alpine,003,1148,85,85,0,85,0
2021-03-27,Amador,005,37829,3569,3538,32,3570,45
2021-03-27,Butte,007,227075,11672,11278,1672,12950,191
2021-03-27,Calaveras,009,45235,1997,1992,12,2004,50
2021-03-27,Colusa,011,21464,1892,1889,274,2163,14
2021-03-27,Contra Costa,013,1133247,65717,64804,1135,65939,767
2021-03-27,Del Norte,015,27424,1174,1104,7,1111,6
2021-03-27,El Dorado,017,186661,9431,9367,611,9978,105
2021-03-27,Fresno,019,978130,99805,98901,8265,107166,1606
2021-03-27,Glenn,021,27897,2343,2308,529,2837,17
2021-03-27,Humboldt,023,135768,3451,3442,24,3466,34
2021-03-27,Imperial,025,180216,27608,27406,2675,30081,704
2021-03-27,Inyo,027,18085,1373,1372,9,1381,35
2021-03-27,Kern,029,883053,95368,94041,10291,104332,1217
2021-03-27,Kings,031,150075,22798,22502,1033,23535,238
2021-03-27,Lake,033,64148,3347,3317,8,3325,43
2021-03-27,Lassen,035,31185,5147,5129,102,5231,1
2021-03-27,Los Angeles,037,10098052,1186440,1178831,40352,1219183,23103
2021-03-27,Madera,039,155013,16112,15968,885,16853,210
2021-03-27,Marin,041,260295,13649,13579,207,13786,222
2021-03-27,Mariposa,043,17540,393,386,5,391,5
2021-03-27,Mendocino,045,87422,3750,3666,72,3738,45
2021-03-27,Merced,047,269075,29778,29647,946,30593,422
2021-03-27,Modoc,049,8938,355,344,120,464,3
2021-03-27,Mono,051,14174,1231,1241,16,1257,3
2021-03-27,Monterey,053,433212,42549,42271,1782,44053,337
2021-03-27,Napa,055,140530,9413,9360,34,9394,78
2021-03-27,Nevada,057,99092,4331,4231,180,4411,68
2021-03-27,Orange,059,3164182,251042,249160,10744,259904,4698
2021-03-27,Placer,061,380077,21530,20717,1239,21956,267
2021-03-27,Plumas,063,18699,668,655,10,665,4
2021-03-27,Riverside,065,2383286,289374,282707,13703,296410,4132
2021-03-27,Sacramento,067,1510023,98758,97247,1425,98672,1513
2021-03-27,San Benito,069,59416,5862,5862,94,5956,61
2021-03-27,San Bernardino,071,2135413,289064,285480,8749,294229,4325
2021-03-27,San Diego,073,3302833,270592,269271,13490,282761,3540
2021-03-27,San Francisco,075,870044,35245,35244,1200,36444,474
2021-03-27,San Joaquin,077,732212,69607,68365,3162,71527,1211
2021-03-27,San Luis Obispo,079,281455,20500,20153,622,20775,250
2021-03-27,San Mateo,081,765935,40751,40264,431,40695,348
2021-03-27,Santa Barbara,083,443738,33385,32921,1155,34076,439
2021-03-27,Santa Clara,085,1922200,114027,114124,651,114775,1871
2021-03-27,Santa Cruz,087,273765,15821,15215,803,16018,201
2021-03-27,Shasta,089,179085,11315,11288,1345,12633,183
2021-03-27,Sierra,091,2930,55,50,12,62,0
2021-03-27,Siskiyou,093,43540,1568,1497,262,1759,6
2021-03-27,Solano,095,438530,30838,30669,408,31077,232
2021-03-27,Sonoma,097,501317,29039,29133,271,29404,310
2021-03-27,Stanislaus,099,539301,53009,52497,5583,58080,678
2021-03-27,Sutter,101,95872,9150,9093,81,9174,106
2021-03-27,Tehama,103,63373,4771,4738,511,5249,52
2021-03-27,Trinity,105,12862,476,313,84,397,3
2021-03-27,Tulare,107,460477,49242,48203,8615,56818,813
2021-03-27,Tuolumne,109,53932,3899,3968,36,4004,57
2021-03-27,Ventura,111,848112,79829,79184,2885,82069,956
2021-03-27,Yolo,113,214977,13312,13317,248,13565,194
2021-03-27,Yuba,115,75493,5721,5657,106,5763,42
2021-03-26,Alameda,001,1643700,83687,83043,1804,84847,1208
2021-03-26,Alpine,003,1148,85,85,0,85,0
2021-03-26,Amador,005,37829,3564,3532,32,3564,45
2021-03-26,Butte,007,227075,11662,11278,1672,12950,191
2021-03-26,Calaveras,009,45235,1996,1989,12,2001,50
2021-03-26,Colusa,011,21464,1892,1889,274,2163,14
2021-03-26,Contra Costa,013,1133247,65657,64699,1133,65832,761
2021-03-26,Del Norte,015,27424,1171,1101,7,1108,6
2021-03-26,El Dorado,017,186661,9426,9353,611,9964,105
2021-03-26,Fresno,019,978130,99743,98731,8255,106986,1601
2021-03-26,Glenn,021,27897,2343,2307,528,2835,17
2021-03-26,Humboldt,023,135768,3449,3431,24,3455,34
2021-03-26,Imperial,025,180216,27584,27374,2675,30049,701
2021-03-26,Inyo,027,18085,1372,1369,9,1378,35
2021-03-26,Kern,029,883053,95342,93949,10285,104234,1211
2021-03-26,Kings,031,150075,22790,22493,1031,23524,239
2021-03-26,Lake,033,64148,3346,3314,8,3322,43
2021-03-26,Lassen,035,31185,5146,5131,102,5233,1
2021-03-26,Los Angeles,037,10098052,1186104,1178213,40338,1218551,23080
2021-03-26,Madera,039,155013,16102,15952,885,16837,210
2021-03-26,Marin,041,260295,13643,13553,202,13755,221
2021-03-26,Mariposa,043,17540,393,386,5,391,5
2021-03-26,Mendocino,045,87422,3749,3664,72,3736,45
2021-03-26,Merced,047,269075,29755,29613,944,30557,419
2021-03-26,Modoc,049,8938,355,344,120,464,3
2021-03-26,Mono,051,14174,1230,1236,16,1252,3
2021-03-26,Monterey,053,433212,42536,42241,1778,44019,338
2021-03-26,Napa,055,140530,9403,9349,34,9383,78
2021-03-26,Nevada,057,99092,4311,4222,180,4402,83
2021-03-26,Orange,059,3164182,250979,248995,10730,259725,4671
2021-03-26,Placer,061,380077,21504,20679,1238,21917,259
2021-03-26,Plumas,063,18699,667,654,10,664,4
2021-03-26,Riverside,065,2383286,289296,282602,13697,296299,4109
2021-03-26,Sacramento,067,1510023,98658,97040,1420,98460,1509
2021-03-26,San Benito,069,59416,5859,5855,94,5949,61
2021-03-26,San Bernardino,071,2135413,289008,285313,8747,294060,4288
2021-03-26,San Diego,073,3302833,270414,269045,13464,282509,3525
2021-03-26,San Francisco,075,870044,35219,35186,1200,36386,472
2021-03-26,San Joaquin,077,732212,69544,68249,3158,71407,1202
2021-03-26,San Luis Obispo,079,281455,20487,20118,622,20740,250
2021-03-26,San Mateo,081,765935,40716,40199,431,40630,348
2021-03-26,Santa Barbara,083,443738,33355,32895,1154,34049,439
2021-03-26,Santa Clara,085,1922200,113929,113959,650,114609,1868
2021-03-26,Santa Cruz,087,273765,15806,15199,802,16001,201
2021-03-26,Shasta,089,179085,11306,11276,1339,12615,182
2021-03-26,Sierra,091,2930,55,50,12,62,0
2021-03-26,Siskiyou,093,43540,1568,1493,261,1754,6
2021-03-26,Solano,095,438530,30813,30640,408,31048,205
2021-03-26,Sonoma,097,501317,29023,29101,268,29369,310
2021-03-26,Stanislaus,099,539301,52941,52420,5579,57999,678
2021-03-26,Sutter,101,95872,9147,9082,81,9163,104
2021-03-26,Tehama,103,63373,4770,4722,510,5232,51
2021-03-26,Trinity,105,12862,476,311,84,395,3
2021-03-26,Tulare,107,460477,49227,48179,8607,56786,813
2021-03-26,Tuolumne,109,53932,3898,3965,36,4001,57
2021-03-26,Ventura,111,848112,79795,79122,2883,82005,953
2021-03-26,Yolo,113,214977,13305,13299,246,13545,194
2021-03-26,Yuba,115,75493,5711,5653,106,5759,42
2021-03-25,Alameda,001,1643700,83591,82945,1802,84747,1206
2021-03-25,Alpine,003,1148,85,84,0,84,0
2021-03-25,Amador,005,37829,3562,3530,32,3562,45
2021-03-25,Butte,007,227075,11652,11270,1672,12942,188
2021-03-25,Calaveras,009,45235,1995,1982,12,1994,50
2021-03-25,Colusa,011,21464,1892,1888,274,2162,14
2021-03-25,Contra Costa,013,1133247,65590,64606,1129,65735,757
2021-03-25,Del Norte,015,27424,1165,1095,7,1102,6
2021-03-25,El Dorado,017,186661,9416,9331,611,9942,105
2021-03-25,Fresno,019,978130,99625,98602,8242,106844,1593
2021-03-25,Glenn,021,27897,2342,2302,527,2829,17
2021-03-25,Humboldt,023,135768,3444,3423,24,3447,34
2021-03-25,Imperial,025,180216,27567,27352,2673,30025,699
2021-03-25,Inyo,027,18085,1372,1369,9,1378,35
2021-03-25,Kern,029,883053,95310,93857,10280,104137,1206
2021-03-25,Kings,031,150075,22780,22472,1031,23503,237
2021-03-25,Lake,033,64148,3341,3312,8,3320,43
2021-03-25,Lassen,035,31185,5146,5129,102,5231,1
2021-03-25,Los Angeles,037,10098052,1185673,1177490,40303,1217793,23051
2021-03-25,Madera,039,155013,16083,15937,883,16820,210
2021-03-25,Marin,041,260295,13634,13538,199,13737,219
2021-03-25,Mariposa,043,17540,393,386,5,391,5
2021-03-25,Mendocino,045,87422,3748,3664,72,3736,45
2021-03-25,Merced,047,269075,29721,29576,936,30512,416
2021-03-25,Modoc,049,8938,355,343,120,463,3
2021-03-25,Mono,051,14174,1230,1235,16,1251,3
2021-03-25,Monterey,053,433212,42515,42220,1773,43993,336
2021-03-25,Napa,055,140530,9384,9321,34,9355,78
2021-03-25,Nevada,057,99092,4293,4202,178,4380,84
2021-03-25,Orange,059,3164182,250863,248871,10710,259581,4655
2021-03-25,Placer,061,380077,21463,20639,1231,21870,252
2021-03-25,Plumas,063,18699,667,654,10,664,4
2021-03-25,Riverside,065,2383286,289199,282492,13686,296178,4078
2021-03-25,Sacramento,067,1510023,98513,96823,1417,98240,1505
2021-03-25,San Benito,069,59416,5856,5850,94,5944,61
2021-03-25,San Bernardino,071,2135413,288926,285134,8742,293876,4222
2021-03-25,San Diego,073,3302833,270187,268623,13433,282056,3520
2021-03-25,San Francisco,075,870044,35180,35154,1198,36352,468
2021-03-25,San Joaquin,077,732212,69447,68089,3119,71208,1196
2021-03-25,San Luis Obispo,079,281455,20469,20076,622,20698,250
2021-03-25,San Mateo,081,765935,40676,40147,431,40578,348
2021-03-25,Santa Barbara,083,443738,33328,32857,1154,34011,439
2021-03-25,Santa Clara,085,1922200,113825,113877,648,114525,1868
2021-03-25,Santa Cruz,087,273765,15785,15170,802,15972,201
2021-03-25,Shasta,089,179085,11289,11262,1336,12598,181
2021-03-25,Sierra,091,2930,55,50,12,62,0
2021-03-25,Siskiyou,093,43540,1566,1491,260,1751,6
2021-03-25,Solano,095,438530,30752,30583,406,30989,193
2021-03-25,Sonoma,097,501317,28988,29060,264,29324,310
2021-03-25,Stanislaus,099,539301,52874,52321,5572,57893,678
2021-03-25,Sutter,101,95872,9138,9069,81,9150,104
2021-03-25,Tehama,103,63373,4768,4719,509,5228,52
2021-03-25,Trinity,105,12862,476,310,84,394,3
2021-03-25,Tulare,107,460477,49200,48148,8594,56742,811
2021-03-25,Tuolumne,109,53932,3897,3962,36,3998,57
2021-03-25,Ventura,111,848112,79754,79045,2879,81924,952
2021-03-25,Yolo,113,214977,13299,13287,246,13533,194
2021-03-25,Yuba,115,75493,5705,5647,100,5747,42
2021-03-24,Alameda,001,1643700,83497,82871,1799,84670,1199
2021-03-24,Alpine,003,1148,85,84,0,84,0
2021-03-24,Amador,005,37829,3556,3529,32,3561,45
2021-03-24,Butte,007,227075,11642,11252,1668,12920,187
2021-03-24,Calaveras,009,45235,1992,1975,12,1987,50
2021-03-24,Colusa,011,21464,1892,1886,274,2160,14
2021-03-24,Contra Costa,013,1133247,65510,64539,1128,65667,755
2021-03-24,Del Norte,015,27424,1160,1087,7,1094,6
2021-03-24,El Dorado,017,186661,9410,9319,610,9929,105
2021-03-24,Fresno,019,978130,99535,98437,8227,106664,1585
2021-03-24,Glenn,021,27897,2341,2297,526,2823,17
2021-03-24,Humboldt,023,135768,3441,3414,24,3438,34
2021-03-24,Imperial,025,180216,27558,27325,2672,29997,699
2021-03-24,Inyo,027,18085,1372,1368,9,1377,35
2021-03-24,Kern,029,883053,95262,93800,10271,104071,1198
2021-03-24,Kings,031,150075,22765,22456,1029,23485,237
2021-03-24,Lake,033,64148,3337,3307,8,3315,43
2021-03-24,Lassen,035,31185,5144,5130,101,5231,1
2021-03-24,Los Angeles,037,10098052,1185198,1177015,40267,1217282,22993
2021-03-24,Madera,039,155013,16074,15918,882,16800,210
2021-03-24,Marin,041,260295,13620,13526,197,13723,219
2021-03-24,Mariposa,043,17540,393,384,5,389,5
2021-03-24,Mendocino,045,87422,3745,3660,72,3732,45
2021-03-24,Merced,047,269075,29679,29525,936,30461,415
2021-03-24,Modoc,049,8938,354,341,120,461,3
2021-03-24,Mono,051,14174,1229,1243,16,1259,3
2021-03-24,Monterey,053,433212,42493,42201,1770,43971,335
2021-03-24,Napa,055,140530,9364,9310,34,9344,78
2021-03-24,Nevada,057,99092,4279,4191,177,4368,85
2021-03-24,Orange,059,3164182,250748,248775,10692,259467,4638
2021-03-24,Placer,061,380077,21432,20606,1223,21829,250
2021-03-24,Plumas,063,18699,665,652,10,662,4
2021-03-24,Riverside,065,2383286,289115,282410,13683,296093,4058
2021-03-24,Sacramento,067,1510023,98338,96628,1405,98033,1500
2021-03-24,San Benito,069,59416,5855,5847,94,5941,61
2021-03-24,San Bernardino,071,2135413,288841,284983,8740,293723,4170
2021-03-24,San Diego,073,3302833,269972,268413,13405,281818,3509
2021-03-24,San Francisco,075,870044,35152,35103,1195,36298,462
2021-03-24,San Joaquin,077,732212,69376,67978,3107,71085,1196
2021-03-24,San Luis Obispo,079,281455,20439,20021,621,20642,250
2021-03-24,San Mateo,081,765935,40626,40083,431,40514,348
2021-03-24,Santa Barbara,083,443738,33301,32810,1154,33964,438
2021-03-24,Santa Clara,085,1922200,113709,113757,645,114402,1851
2021-03-24,Santa Cruz,087,273765,15771,15138,801,15939,202
2021-03-24,Shasta,089,179085,11270,11243,1334,12577,181
2021-03-24,Sierra,091,2930,55,50,12,62,0
2021-03-24,Siskiyou,093,43540,1564,1490,260,1750,6
2021-03-24,Solano,095,438530,30715,30552,405,30957,178
2021-03-24,Sonoma,097,501317,28968,29034,260,29294,310
2021-03-24,Stanislaus,099,539301,52798,52259,5563,57822,677
2021-03-24,Sutter,101,95872,9122,9049,81,9130,104
2021-03-24,Tehama,103,63373,4762,4719,508,5227,49
2021-03-24,Trinity,105,12862,475,310,84,394,3
2021-03-24,Tulare,107,460477,49189,48109,8581,56690,808
2021-03-24,Tuolumne,109,53932,3896,3961,36,3997,57
2021-03-24,Ventura,111,848112,79702,78993,2872,81865,944
2021-03-24,Yolo,113,214977,13288,13269,246,13515,194
2021-03-24,Yuba,115,75493,5699,5634,97,5731,42
2021-03-23,Alameda,001,1643700,83395,82799,1795,84594,1190
2021-03-23,Alpine,003,1148,85,84,0,84,0
2021-03-23,Amador,005,37829,3550,3524,32,3556,45
2021-03-23,Butte,007,227075,11630,11227,1667,12894,187
2021-03-23,Calaveras,009,45235,1990,1971,12,1983,50
2021-03-23,Colusa,011,21464,1890,1885,273,2158,14
2021-03-23,Contra Costa,013,1133247,65411,64491,1127,65618,750
2021-03-23,Del Norte,015,27424,1155,1082,7,1089,6
2021-03-23,El Dorado,017,186661,9400,9318,608,9926,105
2021-03-23,Fresno,019,978130,99422,98362,8201,106563,1575
2021-03-23,Glenn,021,27897,2336,2293,524,2817,17
2021-03-23,Humboldt,023,135768,3432,3405,24,3429,34
2021-03-23,Imperial,025,180216,27550,27320,2671,29991,699
2021-03-23,Inyo,027,18085,1370,1364,9,1373,35
2021-03-23,Kern,029,883053,95155,93728,10264,103992,1191
2021-03-23,Kings,031,150075,22754,22439,1027,23466,237
2021-03-23,Lake,033,64148,3335,3294,8,3302,43
2021-03-23,Lassen,035,31185,5144,5130,101,5231,1
2021-03-23,Los Angeles,037,10098052,1184679,1176572,40229,1216801,22904
2021-03-23,Madera,039,155013,16058,15908,881,16789,210
2021-03-23,Marin,041,260295,13597,13514,195,13709,221
2021-03-23,Mariposa,043,17540,392,384,5,389,5
2021-03-23,Mendocino,045,87422,3743,3652,72,3724,45
2021-03-23,Merced,047,269075,29646,29485,936,30421,415
2021-03-23,Modoc,049,8938,353,342,120,462,3
2021-03-23,Mono,051,14174,1228,1263,16,1279,3
2021-03-23,Monterey,053,433212,42482,42180,1768,43948,335
2021-03-23,Napa,055,140530,9339,9299,34,9333,78
2021-03-23,Nevada,057,99092,4260,4179,176,4355,89
2021-03-23,Orange,059,3164182,250622,248661,10674,259335,4626
2021-03-23,Placer,061,380077,21397,20567,1219,21786,248
2021-03-23,Plumas,063,18699,665,652,10,662,4
2021-03-23,Riverside,065,2383286,289015,282317,13676,295993,4035
2021-03-23,Sacramento,067,1510023,98146,96521,1399,97920,1496
2021-03-23,San Benito,069,59416,5850,5845,93,5938,61
2021-03-23,San Bernardino,071,2135413,288757,284875,8732,293607,4134
2021-03-23,San Diego,073,3302833,269727,268156,13373,281529,3498
2021-03-23,San Francisco,075,870044,35094,35071,1189,36260,462
2021-03-23,San Joaquin,077,732212,69280,67903,3089,70992,1182
2021-03-23,San Luis Obispo,079,281455,20398,20009,620,20629,250
2021-03-23,San Mateo,081,765935,40570,40032,430,40462,348
2021-03-23,Santa Barbara,083,443738,33263,32771,1153,33924,438
2021-03-23,Santa Clara,085,1922200,113593,113645,642,114287,1848
2021-03-23,Santa Cruz,087,273765,15756,15106,801,15907,201
2021-03-23,Shasta,089,179085,11257,11234,1333,12567,175
2021-03-23,Sierra,091,2930,55,50,12,62,0
2021-03-23,Siskiyou,093,43540,1559,1485,258,1743,6
2021-03-23,Solano,095,438530,30674,30524,404,30928,178
2021-03-23,Sonoma,097,501317,28931,29020,259,29279,310
2021-03-23,Stanislaus,099,539301,52699,52148,5555,57703,677
2021-03-23,Sutter,101,95872,9114,9039,81,9120,104
2021-03-23,Tehama,103,63373,4751,4707,507,5214,46
2021-03-23,Trinity,105,12862,475,310,84,394,3
2021-03-23,Tulare,107,460477,49162,48095,8564,56659,808
2021-03-23,Tuolumne,109,53932,3893,3957,36,3993,57
2021-03-23,Ventura,111,848112,79641,78930,2869,81799,932
2021-03-23,Yolo,113,214977,13277,13255,246,13501,194
2021-03-23,Yuba,115,75493,5694,5628,97,5725,42
2021-03-22,Alameda,001,1643700,83302,82748,1789,84537,1189
2021-03-22,Alpine,003,1148,84,83,0,83,0
2021-03-22,Amador,005,37829,3542,3522,32,3554,44
2021-03-22,Butte,007,227075,11621,11211,1665,12876,185
2021-03-22,Calaveras,009,45235,1986,1963,12,1975,49
2021-03-22,Colusa,011,21464,1888,1885,273,2158,13
2021-03-22,Contra Costa,013,1133247,65316,64432,1125,65557,740
2021-03-22,Del Norte,015,27424,1149,1082,7,1089,6
2021-03-22,El Dorado,017,186661,9384,9310,605,9915,105
2021-03-22,Fresno,019,978130,99324,98276,8188,106464,1556
2021-03-22,Glenn,021,27897,2328,2291,524,2815,17
2021-03-22,Humboldt,023,135768,3427,3403,24,3427,34
2021-03-22,Imperial,025,180216,27535,27302,2667,29969,699
2021-03-22,Inyo,027,18085,1367,1363,9,1372,35
2021-03-22,Kern,029,883053,95084,93675,10247,103922,1178
2021-03-22,Kings,031,150075,22741,22433,1022,23455,236
2021-03-22,Lake,033,64148,3334,3290,8,3298,43
2021-03-22,Lassen,035,31185,5142,5129,101,5230,1
2021-03-22,Los Angeles,037,10098052,1184168,1176205,40196,1216401,22843
2021-03-22,Madera,039,155013,16043,15904,881,16785,210
2021-03-22,Marin,041,260295,13588,13501,194,13695,221
2021-03-22,Mariposa,043,17540,391,381,5,386,5
2021-03-22,Mendocino,045,87422,3741,3653,72,3725,45
2021-03-22,Merced,047,269075,29603,29468,933,30401,413
2021-03-22,Modoc,049,8938,351,342,120,462,3
2021-03-22,Mono,051,14174,1223,1263,16,1279,3
2021-03-22,Monterey,053,433212,42466,42161,1766,43927,335
2021-03-22,Napa,055,140530,9328,9288,34,9322,77
2021-03-22,Nevada,057,99092,4249,4174,172,4346,89
2021-03-22,Orange,059,3164182,250471,248517,10640,259157,4599
2021-03-22,Placer,061,380077,21362,20543,1214,21757,242
2021-03-22,Plumas,063,18699,665,652,10,662,4
2021-03-22,Riverside,065,2383286,288915,282242,13665,295907,4009
2021-03-22,Sacramento,067,1510023,97968,96385,1389,97774,1493
2021-03-22,San Benito,069,59416,5847,5844,92,5936,61
2021-03-22,San Bernardino,071,2135413,288670,284771,8720,293491,4107
2021-03-22,San Diego,073,3302833,269515,267913,13353,281266,3494
2021-03-22,San Francisco,075,870044,35052,35040,1185,36225,462
2021-03-22,San Joaquin,077,732212,69188,67815,3071,70886,1182
2021-03-22,San Luis Obispo,079,281455,20374,20000,619,20619,250
2021-03-22,San Mateo,081,765935,40519,40024,429,40453,348
2021-03-22,Santa Barbara,083,443738,33217,32756,1151,33907,437
2021-03-22,Santa Clara,085,1922200,113473,113575,642,114217,1845
2021-03-22,Santa Cruz,087,273765,15744,15077,800,15877,201
2021-03-22,Shasta,089,179085,11243,11218,1332,12550,150
2021-03-22,Sierra,091,2930,55,50,12,62,0
2021-03-22,Siskiyou,093,43540,1558,1487,257,1744,5
2021-03-22,Solano,095,438530,30634,30490,400,30890,171
2021-03-22,Sonoma,097,501317,28902,29010,255,29265,310
2021-03-22,Stanislaus,099,539301,52615,52083,5550,57633,677
2021-03-22,Sutter,101,95872,9101,9024,81,9105,104
2021-03-22,Tehama,103,63373,4743,4704,507,5211,45
2021-03-22,Trinity,105,12862,475,310,84,394,3
2021-03-22,Tulare,107,460477,49147,48074,8544,56618,807
2021-03-22,Tuolumne,109,53932,3890,3954,36,3990,57
2021-03-22,Ventura,111,848112,79593,78890,2866,81756,927
2021-03-22,Yolo,113,214977,13265,13243,245,13488,190
2021-03-22,Yuba,115,75493,5683,5627,95,5722,42
2021-03-21,Alameda,001,1643700,83211,82684,1786,84470,1187
2021-03-21,Alpine,003,1148,84,83,0,83,0
2021-03-21,Amador,005,37829,3538,3519,32,3551,44
2021-03-21,Butte,007,227075,11605,11208,1660,12868,185
2021-03-21,Calaveras,009,45235,1981,1962,12,1974,49
2021-03-21,Colusa,011,21464,1888,1885,273,2158,13
2021-03-21,Contra Costa,013,1133247,65233,64382,1122,65504,740
2021-03-21,Del Norte,015,27424,1134,1076,7,1083,6
2021-03-21,El Dorado,017,186661,9374,9302,600,9902,105
2021-03-21,Fresno,019,978130,99210,98211,8164,106375,1556
2021-03-21,Glenn,021,27897,2325,2288,523,2811,17
2021-03-21,Humboldt,023,135768,3422,3402,24,3426,34
2021-03-21,Imperial,025,180216,27517,27267,2659,29926,699
2021-03-21,Inyo,027,18085,1367,1363,9,1372,35
2021-03-21,Kern,029,883053,95018,93649,10238,103887,1170
2021-03-21,Kings,031,150075,22724,22422,1021,23443,236
2021-03-21,Lake,033,64148,3330,3286,8,3294,43
2021-03-21,Lassen,035,31185,5142,5129,101,5230,1
2021-03-21,Los Angeles,037,10098052,1183637,1175684,40148,1215832,22834
2021-03-21,Madera,039,155013,16023,15895,879,16774,210
2021-03-21,Marin,041,260295,13572,13495,193,13688,220
2021-03-21,Mariposa,043,17540,391,381,5,386,5
2021-03-21,Mendocino,045,87422,3738,3651,72,3723,45
2021-03-21,Merced,047,269075,29543,29446,927,30373,413
2021-03-21,Modoc,049,8938,351,341,120,461,3
2021-03-21,Mono,051,14174,1218,1263,16,1279,3
2021-03-21,Monterey,053,433212,42441,42153,1763,43916,335
2021-03-21,Napa,055,140530,9308,9282,34,9316,77
2021-03-21,Nevada,057,99092,4236,4169,172,4341,89
2021-03-21,Orange,059,3164182,250337,248442,10614,259056,4598
2021-03-21,Placer,061,380077,21326,20520,1206,21726,242
2021-03-21,Plumas,063,18699,665,653,10,663,4
2021-03-21,Riverside,065,2383286,288808,282187,13654,295841,4009
2021-03-21,Sacramento,067,1510023,97773,96269,1382,97651,1489
2021-03-21,San Benito,069,59416,5841,5842,92,5934,61
2021-03-21,San Bernardino,071,2135413,288582,284732,8714,293446,4094
2021-03-21,San Diego,073,3302833,269255,267724,13327,281051,3494
2021-03-21,San Francisco,075,870044,35006,35012,1178,36190,460
2021-03-21,San Joaquin,077,732212,69066,67729,3053,70782,1182
2021-03-21,San Luis Obispo,079,281455,20342,19979,617,20596,250
2021-03-21,San Mateo,081,765935,40474,39988,428,40416,344
2021-03-21,Santa Barbara,083,443738,33176,32743,1150,33893,437
2021-03-21,Santa Clara,085,1922200,113344,113487,639,114126,1840
2021-03-21,Santa Cruz,087,273765,15737,15064,800,15864,199
2021-03-21,Shasta,089,179085,11223,11215,1331,12546,150
2021-03-21,Sierra,091,2930,55,50,12,62,0
2021-03-21,Siskiyou,093,43540,1558,1486,256,1742,5
2021-03-21,Solano,095,438530,30594,30474,397,30871,171
2021-03-21,Sonoma,097,501317,28873,28986,254,29240,310
2021-03-21,Stanislaus,099,539301,52525,52014,5548,57562,677
2021-03-21,Sutter,101,95872,9088,9021,81,9102,104
2021-03-21,Tehama,103,63373,4739,4701,507,5208,45
2021-03-21,Trinity,105,12862,473,310,84,394,3
2021-03-21,Tulare,107,460477,49131,48060,8532,56592,807
2021-03-21,Tuolumne,109,53932,3888,3953,36,3989,57
2021-03-21,Ventura,111,848112,79529,78863,2861,81724,927
2021-03-21,Yolo,113,214977,13244,13235,245,13480,190
2021-03-21,Yuba,115,75493,5673,5624,95,5719,42
2021-03-20,Alameda,001,1643700,83143,82614,1784,84398,1178
2021-03-20,Alpine,003,1148,84,83,0,83,0
2021-03-20,Amador,005,37829,3536,3518,32,3550,44
2021-03-20,Butte,007,227075,11599,11199,1658,12857,185
2021-03-20,Calaveras,009,45235,1977,1961,12,1973,49
2021-03-20,Colusa,011,21464,1888,1883,273,2156,12
2021-03-20,Contra Costa,013,1133247,65173,64313,1122,65435,713
2021-03-20,Del Norte,015,27424,1133,1075,7,1082,6
2021-03-20,El Dorado,017,186661,9368,9290,600,9890,105
2021-03-20,Fresno,019,978130,99149,98112,8157,106269,1532
2021-03-20,Glenn,021,27897,2324,2288,521,2809,17
2021-03-20,Humboldt,023,135768,3415,3399,24,3423,33
2021-03-20,Imperial,025,180216,27511,27239,2657,29896,695
2021-03-20,Inyo,027,18085,1367,1362,9,1371,35
2021-03-20,Kern,029,883053,94989,93606,10234,103840,1155
2021-03-20,Kings,031,150075,22719,22415,1020,23435,236
2021-03-20,Lake,033,64148,3326,3280,8,3288,43
2021-03-20,Lassen,035,31185,5142,5128,101,5229,1
2021-03-20,Los Angeles,037,10098052,1183336,1175290,40123,1215413,22810
2021-03-20,Madera,039,155013,16015,15891,878,16769,210
2021-03-20,Marin,041,260295,13560,13470,189,13659,220
2021-03-20,Mariposa,043,17540,390,381,5,386,5
2021-03-20,Mendocino,045,87422,3737,3639,72,3711,43
2021-03-20,Merced,047,269075,29512,29411,924,30335,412
2021-03-20,Modoc,049,8938,350,341,120,461,3
2021-03-20,Mono,051,14174,1218,1256,16,1272,3
2021-03-20,Monterey,053,433212,42432,42146,1762,43908,334
2021-03-20,Napa,055,140530,9300,9274,34,9308,77
2021-03-20,Nevada,057,99092,4225,4164,171,4335,89
2021-03-20,Orange,059,3164182,250256,248348,10602,258950,4522
2021-03-20,Placer,061,380077,21304,20505,1204,21709,242
2021-03-20,Plumas,063,18699,662,652,10,662,4
2021-03-20,Riverside,065,2383286,288733,282081,13650,295731,4000
2021-03-20,Sacramento,067,1510023,97662,96126,1379,97505,1488
2021-03-20,San Benito,069,59416,5837,5840,92,5932,61
2021-03-20,San Bernardino,071,2135413,288517,284690,8710,293400,3965
2021-03-20,San Diego,073,3302833,269084,267532,13320,280852,3493
2021-03-20,San Francisco,075,870044,34983,34968,1171,36139,453
2021-03-20,San Joaquin,077,732212,69025,67662,3046,70708,1161
2021-03-20,San Luis Obispo,079,281455,20326,19951,611,20562,250
2021-03-20,San Mateo,081,765935,40440,39958,427,40385,344
2021-03-20,Santa Barbara,083,443738,33152,32723,1149,33872,434
2021-03-20,Santa Clara,085,1922200,113252,113384,638,114022,1799
2021-03-20,Santa Cruz,087,273765,15721,15053,800,15853,199
2021-03-20,Shasta,089,179085,11217,11211,1331,12542,147
2021-03-20,Sierra,091,2930,55,50,12,62,0
2021-03-20,Siskiyou,093,43540,1558,1483,256,1739,5
2021-03-20,Solano,095,438530,30564,30439,397,30836,170
2021-03-20,Sonoma,097,501317,28858,28962,254,29216,309
2021-03-20,Stanislaus,099,539301,52469,51925,5541,57466,673
2021-03-20,Sutter,101,95872,9080,9014,81,9095,103
2021-03-20,Tehama,103,63373,4734,4696,505,5201,33
2021-03-20,Trinity,105,12862,472,310,84,394,3
2021-03-20,Tulare,107,460477,49116,48030,8516,56546,804
2021-03-20,Tuolumne,109,53932,3885,3950,36,3986,57
2021-03-20,Ventura,111,848112,79492,78818,2859,81677,922
2021-03-20,Yolo,113,214977,13240,13226,245,13471,190
2021-03-20,Yuba,115,75493,5670,5621,94,5715,42
2021-03-19,Alameda,001,1643700,83071,82499,1783,84282,1187
2021-03-19,Alpine,003,1148,83,82,0,82,0
2021-03-19,Amador,005,37829,3533,3515,32,3547,44
2021-03-19,Butte,007,227075,11591,11191,1655,12846,185
2021-03-19,Calaveras,009,45235,1976,1957,12,1969,49
2021-03-19,Colusa,011,21464,1887,1883,273,2156,12
2021-03-19,Contra Costa,013,1133247,65114,64195,1119,65314,737
2021-03-19,Del Norte,015,27424,1127,1071,5,1076,6
2021-03-19,El Dorado,017,186661,9359,9274,600,9874,105
2021-03-19,Fresno,019,978130,99065,97969,8143,106112,1527
2021-03-19,Glenn,021,27897,2324,2282,521,2803,17
2021-03-19,Humboldt,023,135768,3406,3388,24,3412,33
2021-03-19,Imperial,025,180216,27499,27218,2653,29871,695
2021-03-19,Inyo,027,18085,1365,1356,9,1365,35
2021-03-19,Kern,029,883053,94956,93534,10221,103755,1152
2021-03-19,Kings,031,150075,22710,22369,1017,23386,235
2021-03-19,Lake,033,64148,3320,3262,8,3270,43
2021-03-19,Lassen,035,31185,5142,5126,101,5227,1
2021-03-19,Los Angeles,037,10098052,1183001,1174818,40106,1214924,22752
2021-03-19,Madera,039,155013,16008,15877,877,16754,210
2021-03-19,Marin,041,260295,13548,13441,189,13630,220
2021-03-19,Mariposa,043,17540,389,380,5,385,5
2021-03-19,Mendocino,045,87422,3736,3639,72,3711,45
2021-03-19,Merced,047,269075,29483,29376,923,30299,412
2021-03-19,Modoc,049,8938,350,341,120,461,3
2021-03-19,Mono,051,14174,1216,1244,16,1260,3
2021-03-19,Monterey,053,433212,42423,42125,1760,43885,335
2021-03-19,Napa,055,140530,9288,9256,34,9290,77
2021-03-19,Nevada,057,99092,4214,4156,171,4327,88
2021-03-19,Orange,059,3164182,250156,248146,10591,258737,4501
2021-03-19,Placer,061,380077,21286,20451,1202,21653,242
2021-03-19,Plumas,063,18699,662,650,10,660,4
2021-03-19,Riverside,065,2383286,288650,281937,13645,295582,3989
2021-03-19,Sacramento,067,1510023,97559,95934,1376,97310,1486
2021-03-19,San Benito,069,59416,5837,5845,92,5937,61
2021-03-19,San Bernardino,071,2135413,288445,284501,8708,293209,4017
2021-03-19,San Diego,073,3302833,268949,267173,13310,280483,3491
2021-03-19,San Francisco,075,870044,34938,34936,1168,36104,461
2021-03-19,San Joaquin,077,732212,68955,67515,3032,70547,1180
2021-03-19,San Luis Obispo,079,281455,20306,19913,609,20522,249
2021-03-19,San Mateo,081,765935,40416,39893,427,40320,344
2021-03-19,Santa Barbara,083,443738,33123,32685,1148,33833,435
2021-03-19,Santa Clara,085,1922200,113177,113232,637,113869,1797
2021-03-19,Santa Cruz,087,273765,15714,15026,800,15826,199
2021-03-19,Shasta,089,179085,11210,11104,1329,12433,103
2021-03-19,Sierra,091,2930,54,49,12,61,0
2021-03-19,Siskiyou,093,43540,1558,1480,255,1735,5
2021-03-19,Solano,095,438530,30534,30395,395,30790,172
2021-03-19,Sonoma,097,501317,28837,28932,252,29184,292
2021-03-19,Stanislaus,099,539301,52411,51755,5538,57293,679
2021-03-19,Sutter,101,95872,9078,9005,81,9086,103
2021-03-19,Tehama,103,63373,4726,4685,505,5190,33
2021-03-19,Trinity,105,12862,472,310,84,394,3
2021-03-19,Tulare,107,460477,49093,47989,8493,56482,805
2021-03-19,Tuolumne,109,53932,3882,3946,36,3982,57
2021-03-19,Ventura,111,848112,79454,78753,2855,81608,920
2021-03-19,Yolo,113,214977,13232,13197,245,13442,189
2021-03-19,Yuba,115,75493,5667,5615,93,5708,42
2021-03-18,Alameda,001,1643700,82990,82419,1780,84199,1189
2021-03-18,Alpine,003,1148,83,82,0,82,0
2021-03-18,Amador,005,37829,3529,3513,32,3545,44
2021-03-18,Butte,007,227075,11580,11179,1653,12832,185
2021-03-18,Calaveras,009,45235,1974,1954,12,1966,49
2021-03-18,Colusa,011,21464,1887,1882,273,2155,12
2021-03-18,Contra Costa,013,1133247,65041,64103,1116,65219,739
2021-03-18,Del Norte,015,27424,1118,1059,5,1064,6
2021-03-18,El Dorado,017,186661,9346,9261,599,9860,105
2021-03-18,Fresno,019,978130,98968,97856,8128,105984,1527
2021-03-18,Glenn,021,27897,2320,2275,520,2795,17
2021-03-18,Humboldt,023,135768,3398,3381,24,3405,34
2021-03-18,Imperial,025,180216,27483,27190,2647,29837,695
2021-03-18,Inyo,027,18085,1362,1354,9,1363,35
2021-03-18,Kern,029,883053,94899,93458,10207,103665,1158
2021-03-18,Kings,031,150075,22703,22354,1016,23370,235
2021-03-18,Lake,033,64148,3317,3260,8,3268,43
2021-03-18,Lassen,035,31185,5141,5126,101,5227,1
2021-03-18,Los Angeles,037,10098052,1182570,1174205,40077,1214282,22689
2021-03-18,Madera,039,155013,15996,15860,874,16734,211
2021-03-18,Marin,041,260295,13530,13435,188,13623,219
2021-03-18,Mariposa,043,17540,387,380,5,385,5
2021-03-18,Mendocino,045,87422,3726,3630,72,3702,45
2021-03-18,Merced,047,269075,29448,29317,923,30240,410
2021-03-18,Modoc,049,8938,350,341,120,461,3
2021-03-18,Mono,051,14174,1212,1215,16,1231,3
2021-03-18,Monterey,053,433212,42411,42105,1760,43865,335
2021-03-18,Napa,055,140530,9279,9243,34,9277,77
2021-03-18,Nevada,057,99092,4207,4154,171,4325,74
2021-03-18,Orange,059,3164182,250052,248050,10579,258629,4514
2021-03-18,Placer,061,380077,21254,20421,1199,21620,243
2021-03-18,Plumas,063,18699,660,648,10,658,4
2021-03-18,Riverside,065,2383286,288569,281789,13638,295427,3957
2021-03-18,Sacramento,067,1510023,97411,95819,1372,97191,1481
2021-03-18,San Benito,069,59416,5835,5842,92,5934,61
2021-03-18,San Bernardino,071,2135413,288364,284294,8678,292972,4076
2021-03-18,San Diego,073,3302833,268797,266752,13300,280052,3478
2021-03-18,San Francisco,075,870044,34899,34904,1167,36071,461
2021-03-18,San Joaquin,077,732212,68855,67301,3020,70321,1169
2021-03-18,San Luis Obispo,079,281455,20277,19894,608,20502,249
2021-03-18,San Mateo,081,765935,40375,39874,427,40301,344
2021-03-18,Santa Barbara,083,443738,33081,32640,1148,33788,434
2021-03-18,Santa Clara,085,1922200,113060,113119,633,113752,1808
2021-03-18,Santa Cruz,087,273765,15704,14998,800,15798,198
2021-03-18,Shasta,089,179085,11196,11059,1327,12386,100
2021-03-18,Sierra,091,2930,54,49,12,61,0
2021-03-18,Siskiyou,093,43540,1555,1480,254,1734,5
2021-03-18,Solano,095,438530,30492,30352,392,30744,172
2021-03-18,Sonoma,097,501317,28815,28915,250,29165,292
2021-03-18,Stanislaus,099,539301,52339,51615,5534,57149,682
2021-03-18,Sutter,101,95872,9066,8999,81,9080,103
2021-03-18,Tehama,103,63373,4720,4683,504,5187,35
2021-03-18,Trinity,105,12862,472,310,84,394,3
2021-03-18,Tulare,107,460477,49074,47964,8478,56442,805
2021-03-18,Tuolumne,109,53932,3882,3942,36,3978,57
2021-03-18,Ventura,111,848112,79397,78697,2855,81552,918
2021-03-18,Yolo,113,214977,13219,13183,244,13427,191
2021-03-18,Yuba,115,75493,5663,5612,93,5705,42
2021-03-17,Alameda,001,1643700,82914,82353,1775,84128,1185
2021-03-17,Alpine,003,1148,83,82,0,82,0
2021-03-17,Amador,005,37829,3527,3511,32,3543,44
2021-03-17,Butte,007,227075,11571,11170,1651,12821,185
2021-03-17,Calaveras,009,45235,1971,1946,12,1958,49
2021-03-17,Colusa,011,21464,1886,1882,273,2155,12
2021-03-17,Contra Costa,013,1133247,64972,64026,1115,65141,737
2021-03-17,Del Norte,015,27424,1114,1053,5,1058,6
2021-03-17,El Dorado,017,186661,9336,9252,599,9851,105
2021-03-17,Fresno,019,978130,98857,97727,8110,105837,1507
2021-03-17,Glenn,021,27897,2313,2269,519,2788,17
2021-03-17,Humboldt,023,135768,3390,3365,24,3389,33
2021-03-17,Imperial,025,180216,27467,27168,2645,29813,691
2021-03-17,Inyo,027,18085,1360,1351,9,1360,35
2021-03-17,Kern,029,883053,94843,93392,10194,103586,1149
2021-03-17,Kings,031,150075,22687,22336,1015,23351,233
2021-03-17,Lake,033,64148,3310,3251,8,3259,43
2021-03-17,Lassen,035,31185,5140,5125,101,5226,1
2021-03-17,Los Angeles,037,10098052,1182117,1173416,40044,1213460,22602
2021-03-17,Madera,039,155013,15989,15835,874,16709,214
2021-03-17,Marin,041,260295,13512,13428,187,13615,218
2021-03-17,Mariposa,043,17540,387,379,5,384,5
2021-03-17,Mendocino,045,87422,3722,3625,72,3697,44
2021-03-17,Merced,047,269075,29420,29250,919,30169,408
2021-03-17,Modoc,049,8938,350,341,120,461,3
2021-03-17,Mono,051,14174,1210,1212,16,1228,3
2021-03-17,Monterey,053,433212,42392,42061,1757,43818,334
2021-03-17,Napa,055,140530,9264,9219,34,9253,76
2021-03-17,Nevada,057,99092,4197,4145,171,4316,74
2021-03-17,Orange,059,3164182,249932,247943,10551,258494,4502
2021-03-17,Placer,061,380077,21227,20369,1197,21566,243
2021-03-17,Plumas,063,18699,659,645,10,655,4
2021-03-17,Riverside,065,2383286,288454,281649,13630,295279,3925
2021-03-17,Sacramento,067,1510023,97283,95650,1367,97017,1477
2021-03-17,San Benito,069,59416,5832,5841,92,5933,61
2021-03-17,San Bernardino,071,2135413,288247,284170,8673,292843,4049
2021-03-17,San Diego,073,3302833,268586,266313,13282,279595,3470
2021-03-17,San Francisco,075,870044,34864,34873,1166,36039,457
2021-03-17,San Joaquin,077,732212,68770,67093,3004,70097,1164
2021-03-17,San Luis Obispo,079,281455,20254,19858,604,20462,249
2021-03-17,San Mateo,081,765935,40345,39838,426,40264,344
2021-03-17,Santa Barbara,083,443738,33061,32585,1147,33732,433
2021-03-17,Santa Clara,085,1922200,112967,112983,632,113615,1805
2021-03-17,Santa Cruz,087,273765,15696,14967,800,15767,199
2021-03-17,Shasta,089,179085,11191,11045,1324,12369,100
2021-03-17,Sierra,091,2930,54,49,12,61,0
2021-03-17,Siskiyou,093,43540,1554,1479,252,1731,5
2021-03-17,Solano,095,438530,30466,30320,390,30710,171
2021-03-17,Sonoma,097,501317,28791,28877,249,29126,292
2021-03-17,Stanislaus,099,539301,52264,51524,5527,57051,682
2021-03-17,Sutter,101,95872,9056,8982,81,9063,103
2021-03-17,Tehama,103,63373,4714,4670,504,5174,34
2021-03-17,Trinity,105,12862,472,308,84,392,3
2021-03-17,Tulare,107,460477,49054,47929,8468,56397,805
2021-03-17,Tuolumne,109,53932,3879,3938,36,3974,57
2021-03-17,Ventura,111,848112,79342,78648,2852,81500,916
2021-03-17,Yolo,113,214977,13202,13169,244,13413,190
2021-03-17,Yuba,115,75493,5660,5603,93,5696,42
2021-03-16,Alameda,001,1643700,82802,82259,1773,84032,1177
2021-03-16,Alpine,003,1148,83,82,0,82,0
2021-03-16,Amador,005,37829,3525,3510,32,3542,44
2021-03-16,Butte,007,227075,11559,11154,1650,12804,184
2021-03-16,Calaveras,009,45235,1966,1945,12,1957,49
2021-03-16,Colusa,011,21464,1885,1882,273,2155,12
2021-03-16,Contra Costa,013,1133247,64889,63951,1112,65063,736
2021-03-16,Del Norte,015,27424,1106,1048,5,1053,6
2021-03-16,El Dorado,017,186661,9320,9249,599,9848,105
2021-03-16,Fresno,019,978130,98719,97638,8088,105726,1498
2021-03-16,Glenn,021,27897,2305,2267,515,2782,17
2021-03-16,Humboldt,023,135768,3386,3351,24,3375,33
2021-03-16,Imperial,025,180216,27456,27143,2643,29786,689
2021-03-16,Inyo,027,18085,1359,1346,9,1355,35
2021-03-16,Kern,029,883053,94777,93340,10179,103519,1144
2021-03-16,Kings,031,150075,22651,22320,1014,23334,233
2021-03-16,Lake,033,64148,3302,3246,8,3254,43
2021-03-16,Lassen,035,31185,5139,5126,101,5227,1
2021-03-16,Los Angeles,037,10098052,1181585,1172676,40006,1212682,22527
2021-03-16,Madera,039,155013,15973,15822,872,16694,214
2021-03-16,Marin,041,260295,13494,13419,187,13606,218
2021-03-16,Mariposa,043,17540,384,379,5,384,5
2021-03-16,Mendocino,045,87422,3717,3623,72,3695,44
2021-03-16,Merced,047,269075,29367,29198,918,30116,407
2021-03-16,Modoc,049,8938,350,341,120,461,3
2021-03-16,Mono,051,14174,1209,1207,16,1223,3
2021-03-16,Monterey,053,433212,42373,42023,1757,43780,334
2021-03-16,Napa,055,140530,9254,9209,34,9243,75
2021-03-16,Nevada,057,99092,4188,4132,170,4302,67
2021-03-16,Orange,059,3164182,249794,247843,10532,258375,4479
2021-03-16,Placer,061,380077,21193,20339,1193,21532,240
2021-03-16,Plumas,063,18699,658,643,10,653,4
2021-03-16,Riverside,065,2383286,288340,281540,13617,295157,3893
2021-03-16,Sacramento,067,1510023,97140,95522,1363,96885,1466
2021-03-16,San Benito,069,59416,5827,5831,92,5923,61
2021-03-16,San Bernardino,071,2135413,288117,283980,8666,292646,4032
2021-03-16,San Diego,073,3302833,268354,265903,13269,279172,3462
2021-03-16,San Francisco,075,870044,34835,34833,1161,35994,456
2021-03-16,San Joaquin,077,732212,68668,66856,2991,69847,1163
2021-03-16,San Luis Obispo,079,281455,20224,19832,602,20434,248
2021-03-16,San Mateo,081,765935,40311,39806,424,40230,344
2021-03-16,Santa Barbara,083,443738,33029,32556,1146,33702,433
2021-03-16,Santa Clara,085,1922200,112849,112845,629,113474,1797
2021-03-16,Santa Cruz,087,273765,15690,14926,800,15726,199
2021-03-16,Shasta,089,179085,11175,11035,1321,12356,100
2021-03-16,Sierra,091,2930,53,49,12,61,0
2021-03-16,Siskiyou,093,43540,1550,1477,252,1729,5
2021-03-16,Solano,095,438530,30432,30298,388,30686,171
2021-03-16,Sonoma,097,501317,28759,28850,247,29097,291
2021-03-16,Stanislaus,099,539301,52184,51410,5520,56930,683
2021-03-16,Sutter,101,95872,9048,8970,81,9051,102
2021-03-16,Tehama,103,63373,4710,4660,503,5163,34
2021-03-16,Trinity,105,12862,472,308,83,391,3
2021-03-16,Tulare,107,460477,49007,47895,8460,56355,803
2021-03-16,Tuolumne,109,53932,3876,3938,36,3974,57
2021-03-16,Ventura,111,848112,79275,78671,2845,81516,916
2021-03-16,Yolo,113,214977,13187,13162,244,13406,190
2021-03-16,Yuba,115,75493,5657,5596,92,5688,42
2021-03-15,Alameda,001,1643700,82714,82159,1773,83932,1167
2021-03-15,Alpine,003,1148,83,82,0,82,0
2021-03-15,Amador,005,37829,3524,3506,32,3538,44
2021-03-15,Butte,007,227075,11546,11141,1646,12787,185
2021-03-15,Calaveras,009,45235,1965,1941,12,1953,49
2021-03-15,Colusa,011,21464,1885,1883,273,2156,12
2021-03-15,Contra Costa,013,1133247,64827,63847,1111,64958,732
2021-03-15,Del Norte,015,27424,1103,1048,5,1053,6
2021-03-15,El Dorado,017,186661,9314,9235,598,9833,103
2021-03-15,Fresno,019,978130,98592,97520,8073,105593,1496
2021-03-15,Glenn,021,27897,2300,2261,512,2773,15
2021-03-15,Humboldt,023,135768,3380,3337,24,3361,32
2021-03-15,Imperial,025,180216,27435,27122,2641,29763,684
2021-03-15,Inyo,027,18085,1359,1346,9,1355,35
2021-03-15,Kern,029,883053,94717,93266,10172,103438,1141
2021-03-15,Kings,031,150075,22634,22294,1009,23303,233
2021-03-15,Lake,033,64148,3290,3237,8,3245,43
2021-03-15,Lassen,035,31185,5139,5125,101,5226,1
2021-03-15,Los Angeles,037,10098052,1181016,1172445,39971,1212416,22477
2021-03-15,Madera,039,155013,15962,15806,870,16676,214
2021-03-15,Marin,041,260295,13488,13408,186,13594,218
2021-03-15,Mariposa,043,17540,384,376,5,381,5
2021-03-15,Mendocino,045,87422,3713,3615,72,3687,44
2021-03-15,Merced,047,269075,29328,29169,917,30086,407
2021-03-15,Modoc,049,8938,350,340,120,460,3
2021-03-15,Mono,051,14174,1208,1206,16,1222,3
2021-03-15,Monterey,053,433212,42345,42011,1754,43765,333
2021-03-15,Napa,055,140530,9243,9196,34,9230,75
2021-03-15,Nevada,057,99092,4183,4123,169,4292,66
2021-03-15,Orange,059,3164182,249681,247697,10511,258208,4481
2021-03-15,Placer,061,380077,21170,20308,1193,21501,238
2021-03-15,Plumas,063,18699,658,642,10,652,4
2021-03-15,Riverside,065,2383286,288187,281367,13607,294974,3856
2021-03-15,Sacramento,067,1510023,96987,95414,1357,96771,1463
2021-03-15,San Benito,069,59416,5824,5831,92,5923,61
2021-03-15,San Bernardino,071,2135413,288024,283815,8658,292473,4004
2021-03-15,San Diego,073,3302833,268105,265646,13253,278899,3452
2021-03-15,San Francisco,075,870044,34800,34820,1157,35977,456
2021-03-15,San Joaquin,077,732212,68564,66622,2978,69600,1140
2021-03-15,San Luis Obispo,079,281455,20193,19813,598,20411,247
2021-03-15,San Mateo,081,765935,40257,39765,424,40189,344
2021-03-15,Santa Barbara,083,443738,33006,32529,1143,33672,431
2021-03-15,Santa Clara,085,1922200,112746,112729,627,113356,1798
2021-03-15,Santa Cruz,087,273765,15684,14899,798,15697,200
2021-03-15,Shasta,089,179085,11159,11019,1316,12335,92
2021-03-15,Sierra,091,2930,53,49,12,61,0
2021-03-15,Siskiyou,093,43540,1550,1475,252,1727,5
2021-03-15,Solano,095,438530,30403,30258,387,30645,171
2021-03-15,Sonoma,097,501317,28741,28814,244,29058,285
2021-03-15,Stanislaus,099,539301,52106,51357,5513,56870,683
2021-03-15,Sutter,101,95872,9042,8962,81,9043,102
2021-03-15,Tehama,103,63373,4700,4650,502,5152,34
2021-03-15,Trinity,105,12862,472,308,83,391,3
2021-03-15,Tulare,107,460477,48977,47857,8445,56302,800
2021-03-15,Tuolumne,109,53932,3874,3937,35,3972,57
2021-03-15,Ventura,111,848112,79221,78626,2844,81470,910
2021-03-15,Yolo,113,214977,13167,13131,242,13373,190
2021-03-15,Yuba,115,75493,5652,5585,91,5676,42
2021-03-14,Alameda,001,1643700,82628,82116,1770,83886,1168
2021-03-14,Alpine,003,1148,83,82,0,82,0
2021-03-14,Amador,005,37829,3519,3504,32,3536,44
2021-03-14,Butte,007,227075,11533,11140,1642,12782,185
2021-03-14,Calaveras,009,45235,1961,1939,12,1951,49
2021-03-14,Colusa,011,21464,1885,1883,273,2156,12
2021-03-14,Contra Costa,013,1133247,64722,63808,1110,64918,731
2021-03-14,Del Norte,015,27424,1089,1048,5,1053,6
2021-03-14,El Dorado,017,186661,9304,9231,598,9829,103
2021-03-14,Fresno,019,978130,98484,97461,8055,105516,1496
2021-03-14,Glenn,021,27897,2295,2260,509,2769,15
2021-03-14,Humboldt,023,135768,3366,3335,24,3359,32
2021-03-14,Imperial,025,180216,27417,27122,2637,29759,685
2021-03-14,Inyo,027,18085,1355,1346,9,1355,35
2021-03-14,Kern,029,883053,94634,93252,10154,103406,1141
2021-03-14,Kings,031,150075,22615,22292,1007,23299,232
2021-03-14,Lake,033,64148,3285,3237,8,3245,43
2021-03-14,Lassen,035,31185,5137,5125,101,5226,1
2021-03-14,Los Angeles,037,10098052,1180446,1172100,39935,1212035,22476
2021-03-14,Madera,039,155013,15937,15804,870,16674,214
2021-03-14,Marin,041,260295,13472,13405,184,13589,218
2021-03-14,Mariposa,043,17540,382,376,5,381,5
2021-03-14,Mendocino,045,87422,3708,3613,72,3685,44
2021-03-14,Merced,047,269075,29260,29149,913,30062,407
2021-03-14,Modoc,049,8938,350,340,120,460,3
2021-03-14,Mono,051,14174,1202,1206,16,1222,3
2021-03-14,Monterey,053,433212,42321,42007,1750,43757,333
2021-03-14,Napa,055,140530,9225,9194,34,9228,75
2021-03-14,Nevada,057,99092,4177,4122,167,4289,66
2021-03-14,Orange,059,3164182,249550,247656,10491,258147,4460
2021-03-14,Placer,061,380077,21136,20288,1185,21473,238
2021-03-14,Plumas,063,18699,656,642,10,652,4
2021-03-14,Riverside,065,2383286,288029,281332,13599,294931,3845
2021-03-14,Sacramento,067,1510023,96809,95343,1352,96695,1462
2021-03-14,San Benito,069,59416,5815,5829,92,5921,61
2021-03-14,San Bernardino,071,2135413,287900,283791,8647,292438,3996
2021-03-14,San Diego,073,3302833,267870,265468,13240,278708,3452
2021-03-14,San Francisco,075,870044,34761,34810,1154,35964,455
2021-03-14,San Joaquin,077,732212,68436,66563,2961,69524,1140
2021-03-14,San Luis Obispo,079,281455,20164,19806,596,20402,247
2021-03-14,San Mateo,081,765935,40218,39744,424,40168,342
2021-03-14,Santa Barbara,083,443738,32962,32514,1141,33655,431
2021-03-14,Santa Clara,085,1922200,112618,112648,626,113274,1796
2021-03-14,Santa Cruz,087,273765,15667,14887,796,15683,200
2021-03-14,Shasta,089,179085,11143,11019,1309,12328,92
2021-03-14,Sierra,091,2930,53,49,12,61,0
2021-03-14,Siskiyou,093,43540,1546,1473,251,1724,5
2021-03-14,Solano,095,438530,30371,30230,382,30612,171
2021-03-14,Sonoma,097,501317,28706,28798,240,29038,284
2021-03-14,Stanislaus,099,539301,51985,51306,5505,56811,690
2021-03-14,Sutter,101,95872,9026,8958,81,9039,102
2021-03-14,Tehama,103,63373,4688,4650,501,5151,34
2021-03-14,Trinity,105,12862,471,308,82,390,3
2021-03-14,Tulare,107,460477,48944,47845,8424,56269,800
2021-03-14,Tuolumne,109,53932,3872,3937,35,3972,57
2021-03-14,Ventura,111,848112,79168,78611,2838,81449,910
2021-03-14,Yolo,113,214977,13145,13128,238,13366,189
2021-03-14,Yuba,115,75493,5642,5583,91,5674,42
2021-03-13,Alameda,001,1643700,82568,82010,1770,83780,1168
2021-03-13,Alpine,003,1148,83,82,0,82,0
2021-03-13,Amador,005,37829,3516,3504,32,3536,44
2021-03-13,Butte,007,227075,11524,11131,1641,12772,185
2021-03-13,Calaveras,009,45235,1961,1939,12,1951,49
2021-03-13,Colusa,011,21464,1885,1882,273,2155,12
2021-03-13,Contra Costa,013,1133247,64661,63689,1110,64799,731
2021-03-13,Del Norte,015,27424,1085,1041,5,1046,6
2021-03-13,El Dorado,017,186661,9296,9221,598,9819,103
2021-03-13,Fresno,019,978130,98425,97324,8035,105359,1495
2021-03-13,Glenn,021,27897,2294,2260,508,2768,15
2021-03-13,Humboldt,023,135768,3359,3325,24,3349,32
2021-03-13,Imperial,025,180216,27412,27099,2632,29731,677
2021-03-13,Inyo,027,18085,1354,1344,9,1353,35
2021-03-13,Kern,029,883053,94595,93197,10148,103345,1140
2021-03-13,Kings,031,150075,22599,22265,1006,23271,232
2021-03-13,Lake,033,64148,3278,3234,7,3241,43
2021-03-13,Lassen,035,31185,5137,5125,101,5226,1
2021-03-13,Los Angeles,037,10098052,1180130,1171505,39892,1211397,22451
2021-03-13,Madera,039,155013,15925,15780,870,16650,214
2021-03-13,Marin,041,260295,13466,13391,182,13573,218
2021-03-13,Mariposa,043,17540,381,376,5,381,5
2021-03-13,Mendocino,045,87422,3704,3611,72,3683,44
2021-03-13,Merced,047,269075,29229,29106,913,30019,406
2021-03-13,Modoc,049,8938,350,340,119,459,3
2021-03-13,Mono,051,14174,1202,1207,16,1223,3
2021-03-13,Monterey,053,433212,42311,41989,1748,43737,332
2021-03-13,Napa,055,140530,9219,9190,34,9224,75
2021-03-13,Nevada,057,99092,4170,4111,166,4277,66
2021-03-13,Orange,059,3164182,249469,247514,10475,257989,4423
2021-03-13,Placer,061,380077,21115,20238,1182,21420,239
2021-03-13,Plumas,063,18699,654,642,10,652,4
2021-03-13,Riverside,065,2383286,287937,281191,13591,294782,3848
2021-03-13,Sacramento,067,1510023,96723,95192,1350,96542,1461
2021-03-13,San Benito,069,59416,5812,5823,92,5915,61
2021-03-13,San Bernardino,071,2135413,287847,283727,8641,292368,3972
2021-03-13,San Diego,073,3302833,267715,265270,13226,278496,3444
2021-03-13,San Francisco,075,870044,34744,34784,1145,35929,455
2021-03-13,San Joaquin,077,732212,68380,66480,2939,69419,1141
2021-03-13,San Luis Obispo,079,281455,20146,19789,595,20384,247
2021-03-13,San Mateo,081,765935,40191,39689,423,40112,341
2021-03-13,Santa Barbara,083,443738,32937,32486,1140,33626,431
2021-03-13,Santa Clara,085,1922200,112533,112531,625,113156,1790
2021-03-13,Santa Cruz,087,273765,15660,14875,796,15671,199
2021-03-13,Shasta,089,179085,11135,11021,1306,12327,108
2021-03-13,Sierra,091,2930,52,49,12,61,0
2021-03-13,Siskiyou,093,43540,1545,1470,251,1721,5
2021-03-13,Solano,095,438530,30354,30198,382,30580,171
2021-03-13,Sonoma,097,501317,28686,28762,236,28998,285
2021-03-13,Stanislaus,099,539301,51934,51257,5500,56757,695
2021-03-13,Sutter,101,95872,9019,8948,81,9029,102
2021-03-13,Tehama,103,63373,4686,4647,501,5148,33
2021-03-13,Trinity,105,12862,471,306,82,388,3
2021-03-13,Tulare,107,460477,48918,47818,8416,56234,798
2021-03-13,Tuolumne,109,53932,3869,3937,35,3972,57
2021-03-13,Ventura,111,848112,79119,78693,2838,81531,906
2021-03-13,Yolo,113,214977,13137,13087,237,13324,189
2021-03-13,Yuba,115,75493,5641,5577,91,5668,42
2021-03-12,Alameda,001,1643700,82492,81898,1769,83667,1164
2021-03-12,Alpine,003,1148,83,82,0,82,0
2021-03-12,Amador,005,37829,3513,3503,32,3535,44
2021-03-12,Butte,007,227075,11514,11126,1639,12765,184
2021-03-12,Calaveras,009,45235,1959,1916,12,1928,49
2021-03-12,Colusa,011,21464,1885,1883,273,2156,12
2021-03-12,Contra Costa,013,1133247,64585,63583,1110,64693,728
2021-03-12,Del Norte,015,27424,1079,1033,5,1038,6
2021-03-12,El Dorado,017,186661,9287,9219,598,9817,103
2021-03-12,Fresno,019,978130,98328,97185,8024,105209,1489
2021-03-12,Glenn,021,27897,2293,2258,507,2765,15
2021-03-12,Humboldt,023,135768,3354,3315,24,3339,32
2021-03-12,Imperial,025,180216,27401,27071,2630,29701,677
2021-03-12,Inyo,027,18085,1352,1339,9,1348,35
2021-03-12,Kern,029,883053,94561,93142,10132,103274,1132
2021-03-12,Kings,031,150075,22580,22233,1006,23239,232
2021-03-12,Lake,033,64148,3272,3226,6,3232,43
2021-03-12,Lassen,035,31185,5137,5125,100,5225,1
2021-03-12,Los Angeles,037,10098052,1179731,1170860,39875,1210735,22409
2021-03-12,Madera,039,155013,15913,15761,867,16628,214
2021-03-12,Marin,041,260295,13459,13375,182,13557,218
2021-03-12,Mariposa,043,17540,379,376,5,381,5
2021-03-12,Mendocino,045,87422,3701,3605,72,3677,43
2021-03-12,Merced,047,269075,29198,29064,913,29977,403
2021-03-12,Modoc,049,8938,350,340,119,459,3
2021-03-12,Mono,051,14174,1201,1206,16,1222,3
2021-03-12,Monterey,053,433212,42297,41964,1743,43707,329
2021-03-12,Napa,055,140530,9210,9180,34,9214,75
2021-03-12,Nevada,057,99092,4160,4101,166,4267,66
2021-03-12,Orange,059,3164182,249376,247388,10464,257852,4401
2021-03-12,Placer,061,380077,21082,20210,1177,21387,239
2021-03-12,Plumas,063,18699,653,641,10,651,4
2021-03-12,Riverside,065,2383286,287838,281037,13583,294620,3854
2021-03-12,Sacramento,067,1510023,96599,95061,1343,96404,1460
2021-03-12,San Benito,069,59416,5809,5817,92,5909,61
2021-03-12,San Bernardino,071,2135413,287790,283558,8636,292194,3917
2021-03-12,San Diego,073,3302833,267552,264886,13218,278104,3434
2021-03-12,San Francisco,075,870044,34723,34758,1142,35900,452
2021-03-12,San Joaquin,077,732212,68309,66482,2930,69412,1144
2021-03-12,San Luis Obispo,079,281455,20132,19769,593,20362,247
2021-03-12,San Mateo,081,765935,40155,39638,421,40059,341
2021-03-12,Santa Barbara,083,443738,32914,32457,1137,33594,429
2021-03-12,Santa Clara,085,1922200,112438,112396,624,113020,1766
2021-03-12,Santa Cruz,087,273765,15648,14846,794,15640,195
2021-03-12,Shasta,089,179085,11126,11143,1304,12447,153
2021-03-12,Sierra,091,2930,52,49,12,61,0
2021-03-12,Siskiyou,093,43540,1545,1468,250,1718,5
2021-03-12,Solano,095,438530,30335,30180,381,30561,171
2021-03-12,Sonoma,097,501317,28659,28714,236,28950,285
2021-03-12,Stanislaus,099,539301,51876,51146,5493,56639,701
2021-03-12,Sutter,101,95872,9013,8940,81,9021,101
2021-03-12,Tehama,103,63373,4682,4638,500,5138,33
2021-03-12,Trinity,105,12862,470,306,81,387,3
2021-03-12,Tulare,107,460477,48893,47772,8410,56182,798
2021-03-12,Tuolumne,109,53932,3868,3936,35,3971,57
2021-03-12,Ventura,111,848112,79076,78698,2834,81532,899
2021-03-12,Yolo,113,214977,13127,13061,230,13291,189
2021-03-12,Yuba,115,75493,5634,5563,90,5653,42
2021-03-11,Alameda,001,1643700,82399,81809,1764,83573,1164
2021-03-11,Alpine,003,1148,83,78,0,78,0
2021-03-11,Amador,005,37829,3512,3498,32,3530,42
2021-03-11,Butte,007,227075,11503,11110,1637,12747,185
2021-03-11,Calaveras,009,45235,1956,1915,12,1927,49
2021-03-11,Colusa,011,21464,1885,1883,273,2156,12
2021-03-11,Contra Costa,013,1133247,64512,63469,1108,64577,728
2021-03-11,Del Norte,015,27424,1074,1027,5,1032,6
2021-03-11,El Dorado,017,186661,9273,9211,598,9809,101
2021-03-11,Fresno,019,978130,98212,97026,7995,105021,1481
2021-03-11,Glenn,021,27897,2290,2255,507,2762,15
2021-03-11,Humboldt,023,135768,3337,3302,24,3326,32
2021-03-11,Imperial,025,180216,27394,27045,2627,29672,675
2021-03-11,Inyo,027,18085,1347,1335,9,1344,35
2021-03-11,Kern,029,883053,94505,93052,10093,103145,1121
2021-03-11,Kings,031,150075,22565,22183,1003,23186,230
2021-03-11,Lake,033,64148,3268,3214,6,3220,42
2021-03-11,Lassen,035,31185,5136,5124,100,5224,1
2021-03-11,Los Angeles,037,10098052,1179199,1170111,39843,1209954,22316
2021-03-11,Madera,039,155013,15902,15725,865,16590,214
2021-03-11,Marin,041,260295,13447,13356,181,13537,217
2021-03-11,Mariposa,043,17540,379,376,5,381,5
2021-03-11,Mendocino,045,87422,3694,3604,72,3676,42
2021-03-11,Merced,047,269075,29149,29001,912,29913,401
2021-03-11,Modoc,049,8938,350,340,119,459,3
2021-03-11,Mono,051,14174,1200,1206,16,1222,3
2021-03-11,Monterey,053,433212,42274,41936,1737,43673,329
2021-03-11,Napa,055,140530,9197,9173,34,9207,75
2021-03-11,Nevada,057,99092,4148,4085,164,4249,66
2021-03-11,Orange,059,3164182,249238,247217,10446,257663,4373
2021-03-11,Placer,061,380077,21039,20178,1173,21351,239
2021-03-11,Plumas,063,18699,652,640,10,650,4
2021-03-11,Riverside,065,2383286,287668,280881,13570,294451,3842
2021-03-11,Sacramento,067,1510023,96458,94912,1340,96252,1455
2021-03-11,San Benito,069,59416,5806,5816,92,5908,61
2021-03-11,San Bernardino,071,2135413,287693,283312,8630,291942,3869
2021-03-11,San Diego,073,3302833,267388,264524,13202,277726,3422
2021-03-11,San Francisco,075,870044,34687,34722,1136,35858,452
2021-03-11,San Joaquin,077,732212,68197,66522,2922,69444,1157
2021-03-11,San Luis Obispo,079,281455,20107,19748,592,20340,247
2021-03-11,San Mateo,081,765935,40118,39590,420,40010,341
2021-03-11,Santa Barbara,083,443738,32887,32408,1132,33540,430
2021-03-11,Santa Clara,085,1922200,112307,112246,621,112867,1765
2021-03-11,Santa Cruz,087,273765,15636,14812,793,15605,193
2021-03-11,Shasta,089,179085,11116,11139,1299,12438,158
2021-03-11,Sierra,091,2930,52,48,12,60,0
2021-03-11,Siskiyou,093,43540,1542,1466,250,1716,5
2021-03-11,Solano,095,438530,30307,30138,380,30518,171
2021-03-11,Sonoma,097,501317,28630,28677,236,28913,285
2021-03-11,Stanislaus,099,539301,51791,51038,5485,56523,707
2021-03-11,Sutter,101,95872,9007,8933,81,9014,101
2021-03-11,Tehama,103,63373,4673,4632,499,5131,33
2021-03-11,Trinity,105,12862,469,304,80,384,3
2021-03-11,Tulare,107,460477,48856,47709,8399,56108,797
2021-03-11,Tuolumne,109,53932,3866,3934,35,3969,57
2021-03-11,Ventura,111,848112,79026,78697,2830,81527,889
2021-03-11,Yolo,113,214977,13110,13041,228,13269,190
2021-03-11,Yuba,115,75493,5630,5553,90,5643,42
2021-03-10,Alameda,001,1643700,82292,81701,1759,83460,1160
2021-03-10,Alpine,003,1148,82,78,0,78,0
2021-03-10,Amador,005,37829,3510,3496,32,3528,42
2021-03-10,Butte,007,227075,11493,11096,1637,12733,185
2021-03-10,Calaveras,009,45235,1950,1913,12,1925,48
2021-03-10,Colusa,011,21464,1885,1882,273,2155,12
2021-03-10,Contra Costa,013,1133247,64413,63372,1104,64476,725
2021-03-10,Del Norte,015,27424,1072,1020,5,1025,5
2021-03-10,El Dorado,017,186661,9260,9203,598,9801,100
2021-03-10,Fresno,019,978130,98105,96866,7979,104845,1471
2021-03-10,Glenn,021,27897,2287,2253,505,2758,15
2021-03-10,Humboldt,023,135768,3327,3296,23,3319,32
2021-03-10,Imperial,025,180216,27379,27051,2627,29678,675
2021-03-10,Inyo,027,18085,1347,1328,9,1337,35
2021-03-10,Kern,029,883053,94439,92965,10072,103037,1102
2021-03-10,Kings,031,150075,22546,22166,1001,23167,226
2021-03-10,Lake,033,64148,3258,3207,6,3213,42
2021-03-10,Lassen,035,31185,5136,5120,100,5220,1
2021-03-10,Los Angeles,037,10098052,1178654,1169079,39816,1208895,22199
2021-03-10,Madera,039,155013,15881,15705,862,16567,212
2021-03-10,Marin,041,260295,13437,13348,180,13528,216
2021-03-10,Mariposa,043,17540,379,376,5,381,5
2021-03-10,Mendocino,045,87422,3689,3602,72,3674,42
2021-03-10,Merced,047,269075,29112,28927,909,29836,401
2021-03-10,Modoc,049,8938,349,338,119,457,3
2021-03-10,Mono,051,14174,1196,1204,16,1220,3
2021-03-10,Monterey,053,433212,42252,41920,1733,43653,329
2021-03-10,Napa,055,140530,9188,9165,34,9199,75
2021-03-10,Nevada,057,99092,4144,4074,164,4238,66
2021-03-10,Orange,059,3164182,249089,247075,10430,257505,4342
2021-03-10,Placer,061,380077,21004,20144,1167,21311,239
2021-03-10,Plumas,063,18699,651,639,10,649,4
2021-03-10,Riverside,065,2383286,287527,280708,13556,294264,3822
2021-03-10,Sacramento,067,1510023,96328,94796,1334,96130,1452
2021-03-10,San Benito,069,59416,5797,5811,92,5903,61
2021-03-10,San Bernardino,071,2135413,287600,283140,8624,291764,3841
2021-03-10,San Diego,073,3302833,267166,264094,13190,277284,3413
2021-03-10,San Francisco,075,870044,34652,34688,1128,35816,450
2021-03-10,San Joaquin,077,732212,68095,66483,2905,69388,1156
2021-03-10,San Luis Obispo,079,281455,20083,19710,588,20298,247
2021-03-10,San Mateo,081,765935,40094,39571,420,39991,338
2021-03-10,Santa Barbara,083,443738,32860,32356,1129,33485,429
2021-03-10,Santa Clara,085,1922200,112200,112103,617,112720,1759
2021-03-10,Santa Cruz,087,273765,15621,14790,792,15582,192
2021-03-10,Shasta,089,179085,11106,11125,1296,12421,155
2021-03-10,Sierra,091,2930,52,48,12,60,0
2021-03-10,Siskiyou,093,43540,1540,1458,250,1708,5
2021-03-10,Solano,095,438530,30277,30111,379,30490,170
2021-03-10,Sonoma,097,501317,28595,28638,235,28873,286
2021-03-10,Stanislaus,099,539301,51702,50968,5465,56433,706
2021-03-10,Sutter,101,95872,8996,8918,81,8999,101
2021-03-10,Tehama,103,63373,4663,4623,499,5122,33
2021-03-10,Trinity,105,12862,469,304,80,384,3
2021-03-10,Tulare,107,460477,48808,47659,8381,56040,793
2021-03-10,Tuolumne,109,53932,3865,3931,35,3966,57
2021-03-10,Ventura,111,848112,78949,78609,2828,81437,878
2021-03-10,Yolo,113,214977,13087,13021,227,13248,189
2021-03-10,Yuba,115,75493,5616,5545,89,5634,42
2021-03-09,Alameda,001,1643700,82205,81618,1759,83377,1151
2021-03-09,Alpine,003,1148,82,78,0,78,0
2021-03-09,Amador,005,37829,3508,3494,32,3526,42
2021-03-09,Butte,007,227075,11480,11092,1635,12727,185
2021-03-09,Calaveras,009,45235,1948,1913,12,1925,48
2021-03-09,Colusa,011,21464,1885,1880,273,2153,11
2021-03-09,Contra Costa,013,1133247,64320,63314,1102,64416,723
2021-03-09,Del Norte,015,27424,1064,1017,5,1022,5
2021-03-09,El Dorado,017,186661,9253,9198,598,9796,98
2021-03-09,Fresno,019,978130,97986,96744,7952,104696,1463
2021-03-09,Glenn,021,27897,2283,2251,503,2754,15
2021-03-09,Humboldt,023,135768,3315,3288,22,3310,32
2021-03-09,Imperial,025,180216,27370,27045,2623,29668,675
2021-03-09,Inyo,027,18085,1345,1324,9,1333,35
2021-03-09,Kern,029,883053,94360,92924,10054,102978,1088
2021-03-09,Kings,031,150075,22521,22143,999,23142,226
2021-03-09,Lake,033,64148,3252,3202,6,3208,42
2021-03-09,Lassen,035,31185,5136,5120,100,5220,1
2021-03-09,Los Angeles,037,10098052,1178058,1167967,39782,1207749,22080
2021-03-09,Madera,039,155013,15870,15701,860,16561,211
2021-03-09,Marin,041,260295,13419,13335,178,13513,214
2021-03-09,Mariposa,043,17540,379,376,5,381,5
2021-03-09,Mendocino,045,87422,3685,3595,72,3667,42
2021-03-09,Merced,047,269075,29050,28876,908,29784,399
2021-03-09,Modoc,049,8938,349,338,118,456,3
2021-03-09,Mono,051,14174,1195,1203,16,1219,3
2021-03-09,Monterey,053,433212,42233,41894,1725,43619,329
2021-03-09,Napa,055,140530,9174,9155,34,9189,75
2021-03-09,Nevada,057,99092,4136,4062,164,4226,66
2021-03-09,Orange,059,3164182,248946,246989,10410,257399,4310
2021-03-09,Placer,061,380077,20962,20122,1162,21284,239
2021-03-09,Plumas,063,18699,648,639,10,649,4
2021-03-09,Riverside,065,2383286,287392,280562,13552,294114,3821
2021-03-09,Sacramento,067,1510023,96160,94720,1328,96048,1442
2021-03-09,San Benito,069,59416,5793,5800,92,5892,61
2021-03-09,San Bernardino,071,2135413,287487,282971,8617,291588,3823
2021-03-09,San Diego,073,3302833,266934,263745,13169,276914,3405
2021-03-09,San Francisco,075,870044,34621,34654,1124,35778,450
2021-03-09,San Joaquin,077,732212,67967,66383,2895,69278,1150
2021-03-09,San Luis Obispo,079,281455,20065,19672,581,20253,245
2021-03-09,San Mateo,081,765935,40047,39535,418,39953,336
2021-03-09,Santa Barbara,083,443738,32819,32314,1127,33441,428
2021-03-09,Santa Clara,085,1922200,112089,111963,612,112575,1756
2021-03-09,Santa Cruz,087,273765,15599,14764,791,15555,188
2021-03-09,Shasta,089,179085,11099,11113,1291,12404,155
2021-03-09,Sierra,091,2930,52,48,12,60,0
2021-03-09,Siskiyou,093,43540,1536,1447,248,1695,5
2021-03-09,Solano,095,438530,30241,30090,377,30467,169
2021-03-09,Sonoma,097,501317,28545,28601,232,28833,284
2021-03-09,Stanislaus,099,539301,51605,50884,5456,56340,703
2021-03-09,Sutter,101,95872,8983,8914,81,8995,101
2021-03-09,Tehama,103,63373,4655,4620,498,5118,33
2021-03-09,Trinity,105,12862,469,304,80,384,3
2021-03-09,Tulare,107,460477,48781,47637,8360,55997,792
2021-03-09,Tuolumne,109,53932,3863,3929,35,3964,56
2021-03-09,Ventura,111,848112,78879,78526,2826,81352,863
2021-03-09,Yolo,113,214977,13076,13015,226,13241,189
2021-03-09,Yuba,115,75493,5609,5539,89,5628,42
2021-03-08,Alameda,001,1643700,82092,81543,1758,83301,1142
2021-03-08,Alpine,003,1148,82,78,0,78,0
2021-03-08,Amador,005,37829,3505,3490,32,3522,42
2021-03-08,Butte,007,227075,11465,11082,1634,12716,185
2021-03-08,Calaveras,009,45235,1944,1909,12,1921,48
2021-03-08,Colusa,011,21464,1885,1877,273,2150,11
2021-03-08,Contra Costa,013,1133247,64225,63240,1102,64342,719
2021-03-08,Del Norte,015,27424,1059,1012,5,1017,5
2021-03-08,El Dorado,017,186661,9250,9188,597,9785,97
2021-03-08,Fresno,019,978130,97887,96665,7931,104596,1442
2021-03-08,Glenn,021,27897,2282,2249,503,2752,15
2021-03-08,Humboldt,023,135768,3301,3278,22,3300,31
2021-03-08,Imperial,025,180216,27363,27033,2619,29652,663
2021-03-08,Inyo,027,18085,1343,1320,9,1329,35
2021-03-08,Kern,029,883053,94293,92857,10034,102891,1087
2021-03-08,Kings,031,150075,22500,22130,997,23127,226
2021-03-08,Lake,033,64148,3240,3195,6,3201,42
2021-03-08,Lassen,035,31185,5136,5119,100,5219,1
2021-03-08,Los Angeles,037,10098052,1177441,1163409,39750,1203159,21868
2021-03-08,Madera,039,155013,15860,15691,858,16549,211
2021-03-08,Marin,041,260295,13399,13328,176,13504,214
2021-03-08,Mariposa,043,17540,379,376,5,381,5
2021-03-08,Mendocino,045,87422,3683,3590,71,3661,42
2021-03-08,Merced,047,269075,28991,28841,907,29748,398
2021-03-08,Modoc,049,8938,349,338,118,456,3
2021-03-08,Mono,051,14174,1194,1200,16,1216,3
2021-03-08,Monterey,053,433212,42212,41863,1724,43587,328
2021-03-08,Napa,055,140530,9171,9146,34,9180,75
2021-03-08,Nevada,057,99092,4128,4059,164,4223,66
2021-03-08,Orange,059,3164182,248772,246900,10378,257278,4243
2021-03-08,Placer,061,380077,20927,20102,1151,21253,239
2021-03-08,Plumas,063,18699,647,635,10,645,4
2021-03-08,Riverside,065,2383286,287240,280463,13542,294005,3783
2021-03-08,Sacramento,067,1510023,95990,94654,1323,95977,1438
2021-03-08,San Benito,069,59416,5790,5797,92,5889,61
2021-03-08,San Bernardino,071,2135413,287378,282894,8610,291504,3811
2021-03-08,San Diego,073,3302833,266693,263272,13154,276426,3390
2021-03-08,San Francisco,075,870044,34594,34634,1120,35754,446
2021-03-08,San Joaquin,077,732212,67850,66307,2886,69193,1139
2021-03-08,San Luis Obispo,079,281455,20022,19656,578,20234,245
2021-03-08,San Mateo,081,765935,39998,39492,416,39908,335
2021-03-08,Santa Barbara,083,443738,32787,32293,1127,33420,427
2021-03-08,Santa Clara,085,1922200,111961,111882,610,112492,1756
2021-03-08,Santa Cruz,087,273765,15579,14729,791,15520,188
2021-03-08,Shasta,089,179085,11091,11088,1286,12374,155
2021-03-08,Sierra,091,2930,52,48,12,60,0
2021-03-08,Siskiyou,093,43540,1535,1440,248,1688,5
2021-03-08,Solano,095,438530,30201,30068,375,30443,169
2021-03-08,Sonoma,097,501317,28501,28571,231,28802,284
2021-03-08,Stanislaus,099,539301,51525,50825,5451,56276,690
2021-03-08,Sutter,101,95872,8980,8905,81,8986,100
2021-03-08,Tehama,103,63373,4652,4615,497,5112,33
2021-03-08,Trinity,105,12862,468,302,80,382,3
2021-03-08,Tulare,107,460477,48740,47587,8335,55922,791
2021-03-08,Tuolumne,109,53932,3862,3921,35,3956,56
2021-03-08,Ventura,111,848112,78808,78526,2818,81344,852
2021-03-08,Yolo,113,214977,13053,13000,225,13225,189
2021-03-08,Yuba,115,75493,5599,5530,89,5619,42
2021-03-07,Alameda,001,1643700,81974,81413,1757,83170,1145
2021-03-07,Alpine,003,1148,82,78,0,78,0
2021-03-07,Amador,005,37829,3502,3489,32,3521,42
2021-03-07,Butte,007,227075,11450,11075,1633,12708,185
2021-03-07,Calaveras,009,45235,1940,1906,12,1918,48
2021-03-07,Colusa,011,21464,1884,1876,273,2149,11
2021-03-07,Contra Costa,013,1133247,64126,63148,1100,64248,719
2021-03-07,Del Norte,015,27424,1054,1010,5,1015,5
2021-03-07,El Dorado,017,186661,9247,9184,596,9780,97
2021-03-07,Fresno,019,978130,97709,96549,7909,104458,1442
2021-03-07,Glenn,021,27897,2280,2244,503,2747,15
2021-03-07,Humboldt,023,135768,3291,3274,22,3296,31
2021-03-07,Imperial,025,180216,27354,27019,2616,29635,658
2021-03-07,Inyo,027,18085,1340,1320,9,1329,35
2021-03-07,Kern,029,883053,94206,92746,10004,102750,1086
2021-03-07,Kings,031,150075,22478,22103,996,23099,224
2021-03-07,Lake,033,64148,3234,3192,6,3198,42
2021-03-07,Lassen,035,31185,5135,5119,100,5219,1
2021-03-07,Los Angeles,037,10098052,1176717,1162749,39713,1202462,21857
2021-03-07,Madera,039,155013,15841,15675,858,16533,211
2021-03-07,Marin,041,260295,13391,13313,174,13487,214
2021-03-07,Mariposa,043,17540,378,376,5,381,5
2021-03-07,Mendocino,045,87422,3679,3581,71,3652,42
2021-03-07,Merced,047,269075,28918,28829,903,29732,399
2021-03-07,Modoc,049,8938,349,338,118,456,3
2021-03-07,Mono,051,14174,1192,1199,16,1215,3
2021-03-07,Monterey,053,433212,42190,41858,1721,43579,328
2021-03-07,Napa,055,140530,9161,9137,34,9171,75
2021-03-07,Nevada,057,99092,4114,4052,163,4215,66
2021-03-07,Orange,059,3164182,248580,246771,10350,257121,4218
2021-03-07,Placer,061,380077,20887,20070,1147,21217,239
2021-03-07,Plumas,063,18699,646,635,10,645,4
2021-03-07,Riverside,065,2383286,287091,280379,13533,293912,3779
2021-03-07,Sacramento,067,1510023,95813,94513,1316,95829,1437
2021-03-07,San Benito,069,59416,5783,5795,92,5887,61
2021-03-07,San Bernardino,071,2135413,287227,282860,8605,291465,3810
2021-03-07,San Diego,073,3302833,266412,262965,13130,276095,3390
2021-03-07,San Francisco,075,870044,34560,34594,1115,35709,445
2021-03-07,San Joaquin,077,732212,67715,66252,2872,69124,1139
2021-03-07,San Luis Obispo,079,281455,19985,19614,576,20190,245
2021-03-07,San Mateo,081,765935,39958,39436,413,39849,329
2021-03-07,Santa Barbara,083,443738,32740,32218,1126,33344,425
2021-03-07,Santa Clara,085,1922200,111815,111745,606,112351,1752
2021-03-07,Santa Cruz,087,273765,15557,14715,790,15505,189
2021-03-07,Shasta,089,179085,11078,11083,1278,12361,156
2021-03-07,Sierra,091,2930,51,48,12,60,0
2021-03-07,Siskiyou,093,43540,1532,1435,244,1679,5
2021-03-07,Solano,095,438530,30164,30027,375,30402,169
2021-03-07,Sonoma,097,501317,28452,28533,229,28762,284
2021-03-07,Stanislaus,099,539301,51393,50783,5434,56217,699
2021-03-07,Sutter,101,95872,8970,8900,81,8981,100
2021-03-07,Tehama,103,63373,4642,4614,494,5108,33
2021-03-07,Trinity,105,12862,468,302,80,382,3
2021-03-07,Tulare,107,460477,48681,47569,8304,55873,790
2021-03-07,Tuolumne,109,53932,3861,3922,34,3956,56
2021-03-07,Ventura,111,848112,78710,78487,2814,81301,851
2021-03-07,Yolo,113,214977,13034,12988,225,13213,189
2021-03-07,Yuba,115,75493,5594,5516,89,5605,42
2021-03-06,Alameda,001,1643700,81919,81310,1756,83066,1143
2021-03-06,Alpine,003,1148,82,78,0,78,0
2021-03-06,Amador,005,37829,3498,3487,32,3519,42
2021-03-06,Butte,007,227075,11447,11065,1632,12697,185
2021-03-06,Calaveras,009,45235,1937,1904,12,1916,48
2021-03-06,Colusa,011,21464,1882,1874,273,2147,11
2021-03-06,Contra Costa,013,1133247,64065,63040,1096,64136,719
2021-03-06,Del Norte,015,27424,1049,1000,5,1005,5
2021-03-06,El Dorado,017,186661,9243,9166,596,9762,97
2021-03-06,Fresno,019,978130,97614,96366,7898,104264,1440
2021-03-06,Glenn,021,27897,2280,2241,503,2744,15
2021-03-06,Humboldt,023,135768,3281,3260,22,3282,31
2021-03-06,Imperial,025,180216,27350,27009,2611,29620,658
2021-03-06,Inyo,027,18085,1337,1312,9,1321,35
2021-03-06,Kern,029,883053,94160,92684,9984,102668,1082
2021-03-06,Kings,031,150075,22463,22094,996,23090,224
2021-03-06,Lake,033,64148,3232,3189,6,3195,42
2021-03-06,Lassen,035,31185,5135,5119,100,5219,1
2021-03-06,Los Angeles,037,10098052,1176281,1161745,39683,1201428,21843
2021-03-06,Madera,039,155013,15832,15646,856,16502,211
2021-03-06,Marin,041,260295,13382,13289,174,13463,213
2021-03-06,Mariposa,043,17540,378,376,5,381,5
2021-03-06,Mendocino,045,87422,3677,3579,71,3650,42
2021-03-06,Merced,047,269075,28876,28771,903,29674,399
2021-03-06,Modoc,049,8938,348,338,118,456,3
2021-03-06,Mono,051,14174,1191,1198,16,1214,3
2021-03-06,Monterey,053,433212,42185,41838,1718,43556,327
2021-03-06,Napa,055,140530,9153,9129,34,9163,75
2021-03-06,Nevada,057,99092,4108,4044,163,4207,66
2021-03-06,Orange,059,3164182,248489,246634,10336,256970,4165
2021-03-06,Placer,061,380077,20864,20030,1145,21175,239
2021-03-06,Plumas,063,18699,646,634,10,644,4
2021-03-06,Riverside,065,2383286,286998,280225,13525,293750,3781
2021-03-06,Sacramento,067,1510023,95725,94332,1307,95639,1436
2021-03-06,San Benito,069,59416,5778,5793,92,5885,61
2021-03-06,San Bernardino,071,2135413,287143,282737,8603,291340,3791
2021-03-06,San Diego,073,3302833,266225,262778,13113,275891,3385
2021-03-06,San Francisco,075,870044,34529,34560,1111,35671,435
2021-03-06,San Joaquin,077,732212,67641,66162,2862,69024,1138
2021-03-06,San Luis Obispo,079,281455,19965,19592,574,20166,245
2021-03-06,San Mateo,081,765935,39933,39384,413,39797,329
2021-03-06,Santa Barbara,083,443738,32709,32176,1125,33301,424
2021-03-06,Santa Clara,085,1922200,111719,111570,604,112174,1749
2021-03-06,Santa Cruz,087,273765,15546,14701,790,15491,188
2021-03-06,Shasta,089,179085,11069,11076,1276,12352,158
2021-03-06,Sierra,091,2930,51,48,12,60,0
2021-03-06,Siskiyou,093,43540,1530,1432,244,1676,5
2021-03-06,Solano,095,438530,30135,30000,374,30374,169
2021-03-06,Sonoma,097,501317,28429,28484,227,28711,284
2021-03-06,Stanislaus,099,539301,51323,50691,5428,56119,711
2021-03-06,Sutter,101,95872,8964,8887,81,8968,100
2021-03-06,Tehama,103,63373,4642,4610,492,5102,33
2021-03-06,Trinity,105,12862,468,302,80,382,3
2021-03-06,Tulare,107,460477,48649,47515,8275,55790,789
2021-03-06,Tuolumne,109,53932,3859,3920,34,3954,56
2021-03-06,Ventura,111,848112,78655,78439,2813,81252,848
2021-03-06,Yolo,113,214977,13028,12951,225,13176,189
2021-03-06,Yuba,115,75493,5585,5504,89,5593,42
2021-03-05,Alameda,001,1643700,81829,81215,1754,82969,1141
2021-03-05,Alpine,003,1148,82,78,0,78,0
2021-03-05,Amador,005,37829,3497,3484,32,3516,42
2021-03-05,Butte,007,227075,11436,11050,1631,12681,185
2021-03-05,Calaveras,009,45235,1933,1902,12,1914,48
2021-03-05,Colusa,011,21464,1882,1874,273,2147,11
2021-03-05,Contra Costa,013,1133247,63985,62886,1093,63979,711
2021-03-05,Del Norte,015,27424,1045,995,5,1000,5
2021-03-05,El Dorado,017,186661,9238,9150,595,9745,97
2021-03-05,Fresno,019,978130,97506,96184,7879,104063,1432
2021-03-05,Glenn,021,27897,2277,2241,502,2743,15
2021-03-05,Humboldt,023,135768,3274,3234,22,3256,31
2021-03-05,Imperial,025,180216,27340,26970,2602,29572,651
2021-03-05,Inyo,027,18085,1333,1309,9,1318,35
2021-03-05,Kern,029,883053,94120,92601,9971,102572,1076
2021-03-05,Kings,031,150075,22445,22063,995,23058,224
2021-03-05,Lake,033,64148,3230,3185,6,3191,42
2021-03-05,Lassen,035,31185,5135,5117,98,5215,1
2021-03-05,Los Angeles,037,10098052,1175793,1160688,39652,1200340,21745
2021-03-05,Madera,039,155013,15822,15624,854,16478,211
2021-03-05,Marin,041,260295,13369,13275,173,13448,215
2021-03-05,Mariposa,043,17540,378,375,5,380,4
2021-03-05,Mendocino,045,87422,3674,3577,71,3648,42
2021-03-05,Merced,047,269075,28843,28734,902,29636,399
2021-03-05,Modoc,049,8938,348,337,118,455,3
2021-03-05,Mono,051,14174,1190,1197,16,1213,3
2021-03-05,Monterey,053,433212,42172,41802,1718,43520,325
2021-03-05,Napa,055,140530,9145,9109,34,9143,75
2021-03-05,Nevada,057,99092,4104,4033,163,4196,66
2021-03-05,Orange,059,3164182,248376,246489,10323,256812,4108
2021-03-05,Placer,061,380077,20838,19973,1141,21114,239
2021-03-05,Plumas,063,18699,646,635,10,645,4
2021-03-05,Riverside,065,2383286,286886,280075,13520,293595,3781
2021-03-05,Sacramento,067,1510023,95629,94182,1300,95482,1430
2021-03-05,San Benito,069,59416,5775,5790,92,5882,61
2021-03-05,San Bernardino,071,2135413,287050,282640,8599,291239,3774
2021-03-05,San Diego,073,3302833,265992,262357,13096,275453,3371
2021-03-05,San Francisco,075,870044,34489,34526,1107,35633,430
2021-03-05,San Joaquin,077,732212,67561,66041,2853,68894,1133
2021-03-05,San Luis Obispo,079,281455,19944,19557,572,20129,244
2021-03-05,San Mateo,081,765935,39901,39305,413,39718,326
2021-03-05,Santa Barbara,083,443738,32672,32139,1120,33259,424
2021-03-05,Santa Clara,085,1922200,111623,111384,604,111988,1745
2021-03-05,Santa Cruz,087,273765,15535,14694,790,15484,188
2021-03-05,Shasta,089,179085,11057,11062,1270,12332,148
2021-03-05,Sierra,091,2930,51,48,12,60,0
2021-03-05,Siskiyou,093,43540,1526,1429,243,1672,5
2021-03-05,Solano,095,438530,30118,29951,372,30323,168
2021-03-05,Sonoma,097,501317,28403,28417,227,28644,279
2021-03-05,Stanislaus,099,539301,51272,50606,5418,56024,721
2021-03-05,Sutter,101,95872,8957,8876,81,8957,100
2021-03-05,Tehama,103,63373,4633,4606,492,5098,33
2021-03-05,Trinity,105,12862,468,302,80,382,3
2021-03-05,Tulare,107,460477,48620,47469,8256,55725,789
2021-03-05,Tuolumne,109,53932,3857,3917,34,3951,56
2021-03-05,Ventura,111,848112,78588,78368,2812,81180,839
2021-03-05,Yolo,113,214977,13016,12920,224,13144,188
2021-03-05,Yuba,115,75493,5573,5496,89,5585,42
2021-03-04,Alameda,001,1643700,81720,81115,1754,82869,1136
2021-03-04,Alpine,003,1148,82,78,0,78,0
2021-03-04,Amador,005,37829,3496,3480,32,3512,42
2021-03-04,Butte,007,227075,11429,11033,1630,12663,185
2021-03-04,Calaveras,009,45235,1932,1896,12,1908,48
2021-03-04,Colusa,011,21464,1880,1873,268,2141,11
2021-03-04,Contra Costa,013,1133247,63886,62789,1091,63880,708
2021-03-04,Del Norte,015,27424,1037,989,5,994,5
2021-03-04,El Dorado,017,186661,9223,9133,595,9728,97
2021-03-04,Fresno,019,978130,97342,96023,7859,103882,1422
2021-03-04,Glenn,021,27897,2270,2236,501,2737,15
2021-03-04,Humboldt,023,135768,3260,3212,22,3234,31
2021-03-04,Imperial,025,180216,27328,26946,2599,29545,646
2021-03-04,Inyo,027,18085,1330,1300,9,1309,35
2021-03-04,Kern,029,883053,94031,92525,9952,102477,1070
2021-03-04,Kings,031,150075,22419,22025,992,23017,224
2021-03-04,Lake,033,64148,3222,3181,6,3187,42
2021-03-04,Lassen,035,31185,5135,5116,98,5214,1
2021-03-04,Los Angeles,037,10098052,1175184,1159405,39604,1199009,21610
2021-03-04,Madera,039,155013,15787,15596,851,16447,208
2021-03-04,Marin,041,260295,13352,13240,170,13410,215
2021-03-04,Mariposa,043,17540,378,376,5,381,4
2021-03-04,Mendocino,045,87422,3671,3569,71,3640,42
2021-03-04,Merced,047,269075,28792,28671,899,29570,396
2021-03-04,Modoc,049,8938,347,336,118,454,3
2021-03-04,Mono,051,14174,1190,1197,16,1213,3
2021-03-04,Monterey,053,433212,42152,41771,1716,43487,325
2021-03-04,Napa,055,140530,9137,9094,34,9128,74
2021-03-04,Nevada,057,99092,4094,4020,163,4183,66
2021-03-04,Orange,059,3164182,248219,246354,10306,256660,4096
2021-03-04,Placer,061,380077,20806,19900,1135,21035,239
2021-03-04,Plumas,063,18699,646,634,10,644,4
2021-03-04,Riverside,065,2383286,286756,279871,13507,293378,3766
2021-03-04,Sacramento,067,1510023,95494,93982,1297,95279,1426
2021-03-04,San Benito,069,59416,5775,5781,92,5873,61
2021-03-04,San Bernardino,071,2135413,286920,282407,8595,291002,3757
2021-03-04,San Diego,073,3302833,265733,261858,13052,274910,3359
2021-03-04,San Francisco,075,870044,34455,34480,1104,35584,426
2021-03-04,San Joaquin,077,732212,67468,65931,2843,68774,1129
2021-03-04,San Luis Obispo,079,281455,19906,19520,570,20090,243
2021-03-04,San Mateo,081,765935,39857,39225,412,39637,322
2021-03-04,Santa Barbara,083,443738,32635,32090,1119,33209,423
2021-03-04,Santa Clara,085,1922200,111489,111194,602,111796,1723
2021-03-04,Santa Cruz,087,273765,15516,14669,790,15459,186
2021-03-04,Shasta,089,179085,11054,11050,1261,12311,150
2021-03-04,Sierra,091,2930,51,48,12,60,0
2021-03-04,Siskiyou,093,43540,1520,1427,243,1670,5
2021-03-04,Solano,095,438530,30091,29905,371,30276,168
2021-03-04,Sonoma,097,501317,28348,28379,226,28605,279
2021-03-04,Stanislaus,099,539301,51182,50521,5410,55931,731
2021-03-04,Sutter,101,95872,8945,8849,81,8930,100
2021-03-04,Tehama,103,63373,4627,4604,492,5096,33
2021-03-04,Trinity,105,12862,468,302,80,382,3
2021-03-04,Tulare,107,460477,48575,47398,8231,55629,784
2021-03-04,Tuolumne,109,53932,3851,3916,34,3950,56
2021-03-04,Ventura,111,848112,78501,78184,2810,80994,831
2021-03-04,Yolo,113,214977,12996,12895,224,13119,189
2021-03-04,Yuba,115,75493,5561,5483,89,5572,41
2021-03-03,Alameda,001,1643700,81599,80972,1753,82725,1127
2021-03-03,Alpine,003,1148,82,77,0,77,0
2021-03-03,Amador,005,37829,3494,3478,31,3509,42
2021-03-03,Butte,007,227075,11422,11014,1629,12643,184
2021-03-03,Calaveras,009,45235,1931,1893,12,1905,48
2021-03-03,Colusa,011,21464,1879,1873,268,2141,11
2021-03-03,Contra Costa,013,1133247,63788,62668,1088,63756,708
2021-03-03,Del Norte,015,27424,1034,988,5,993,5
2021-03-03,El Dorado,017,186661,9213,9121,595,9716,97
2021-03-03,Fresno,019,978130,97198,95893,7841,103734,1415
2021-03-03,Glenn,021,27897,2270,2233,501,2734,15
2021-03-03,Humboldt,023,135768,3249,3196,22,3218,30
2021-03-03,Imperial,025,180216,27311,26939,2594,29533,640
2021-03-03,Inyo,027,18085,1322,1294,9,1303,35
2021-03-03,Kern,029,883053,93955,92434,9935,102369,1063
2021-03-03,Kings,031,150075,22403,22009,991,23000,223
2021-03-03,Lake,033,64148,3215,3175,6,3181,40
2021-03-03,Lassen,035,31185,5135,5115,98,5213,1
2021-03-03,Los Angeles,037,10098052,1174544,1157911,39563,1197474,21500
2021-03-03,Madera,039,155013,15768,15553,845,16398,203
2021-03-03,Marin,041,260295,13339,13216,170,13386,214
2021-03-03,Mariposa,043,17540,377,376,5,381,4
2021-03-03,Mendocino,045,87422,3663,3564,71,3635,42
2021-03-03,Merced,047,269075,28740,28625,899,29524,393
2021-03-03,Modoc,049,8938,347,333,117,450,3
2021-03-03,Mono,051,14174,1190,1191,16,1207,3
2021-03-03,Monterey,053,433212,42119,41731,1713,43444,325
2021-03-03,Napa,055,140530,9129,9090,34,9124,72
2021-03-03,Nevada,057,99092,4084,4009,163,4172,66
2021-03-03,Orange,059,3164182,248074,246120,10291,256411,4072
2021-03-03,Placer,061,380077,20780,19851,1132,20983,239
2021-03-03,Plumas,063,18699,645,631,10,641,4
2021-03-03,Riverside,065,2383286,286623,279626,13501,293127,3735
2021-03-03,Sacramento,067,1510023,95333,93819,1289,95108,1419
2021-03-03,San Benito,069,59416,5774,5774,92,5866,61
2021-03-03,San Bernardino,071,2135413,286778,282138,8588,290726,3664
2021-03-03,San Diego,073,3302833,265470,261350,13021,274371,3342
2021-03-03,San Francisco,075,870044,34423,34443,1101,35544,426
2021-03-03,San Joaquin,077,732212,67356,65855,2836,68691,1115
2021-03-03,San Luis Obispo,079,281455,19880,19479,567,20046,241
2021-03-03,San Mateo,081,765935,39811,39189,411,39600,319
2021-03-03,Santa Barbara,083,443738,32597,32027,1119,33146,421
2021-03-03,Santa Clara,085,1922200,111334,110991,600,111591,1720
2021-03-03,Santa Cruz,087,273765,15505,14645,790,15435,185
2021-03-03,Shasta,089,179085,11044,11023,1254,12277,150
2021-03-03,Sierra,091,2930,51,48,12,60,0
2021-03-03,Siskiyou,093,43540,1518,1424,243,1667,5
2021-03-03,Solano,095,438530,30055,29866,370,30236,167
2021-03-03,Sonoma,097,501317,28309,28307,225,28532,279
2021-03-03,Stanislaus,099,539301,51104,50438,5403,55841,730
2021-03-03,Sutter,101,95872,8936,8840,81,8921,99
2021-03-03,Tehama,103,63373,4624,4601,492,5093,32
2021-03-03,Trinity,105,12862,468,302,80,382,3
2021-03-03,Tulare,107,460477,48524,47348,8200,55548,778
2021-03-03,Tuolumne,109,53932,3849,3914,33,3947,56
2021-03-03,Ventura,111,848112,78418,78057,2804,80861,822
2021-03-03,Yolo,113,214977,12983,12890,224,13114,189
2021-03-03,Yuba,115,75493,5548,5479,89,5568,41
2021-03-02,Alameda,001,1643700,81480,80904,1751,82655,1116
2021-03-02,Alpine,003,1148,82,77,0,77,0
2021-03-02,Amador,005,37829,3492,3474,31,3505,42
2021-03-02,Butte,007,227075,11412,11007,1627,12634,182
2021-03-02,Calaveras,009,45235,1923,1890,12,1902,48
2021-03-02,Colusa,011,21464,1879,1872,267,2139,11
2021-03-02,Contra Costa,013,1133247,63677,62557,1084,63641,694
2021-03-02,Del Norte,015,27424,1027,983,5,988,5
2021-03-02,El Dorado,017,186661,9205,9116,595,9711,98
2021-03-02,Fresno,019,978130,97052,95785,7815,103600,1410
2021-03-02,Glenn,021,27897,2264,2232,500,2732,15
2021-03-02,Humboldt,023,135768,3230,3184,22,3206,30
2021-03-02,Imperial,025,180216,27301,26926,2592,29518,637
2021-03-02,Inyo,027,18085,1318,1292,9,1301,35
2021-03-02,Kern,029,883053,93849,92313,9908,102221,1046
2021-03-02,Kings,031,150075,22351,21999,989,22988,217
2021-03-02,Lake,033,64148,3209,3169,6,3175,40
2021-03-02,Lassen,035,31185,5130,5115,97,5212,1
2021-03-02,Los Angeles,037,10098052,1173907,1156826,39517,1196343,21395
2021-03-02,Madera,039,155013,15748,15523,842,16365,194
2021-03-02,Marin,041,260295,13316,13186,169,13355,214
2021-03-02,Mariposa,043,17540,377,376,5,381,4
2021-03-02,Mendocino,045,87422,3660,3562,70,3632,41
2021-03-02,Merced,047,269075,28683,28598,899,29497,389
2021-03-02,Modoc,049,8938,347,332,117,449,3
2021-03-02,Mono,051,14174,1189,1191,16,1207,3
2021-03-02,Monterey,053,433212,42092,41716,1711,43427,325
2021-03-02,Napa,055,140530,9117,9080,34,9114,71
2021-03-02,Nevada,057,99092,4075,3983,162,4145,66
2021-03-02,Orange,059,3164182,247928,246004,10274,256278,4037
2021-03-02,Placer,061,380077,20726,19828,1129,20957,239
2021-03-02,Plumas,063,18699,642,628,10,638,4
2021-03-02,Riverside,065,2383286,286450,279486,13493,292979,3721
2021-03-02,Sacramento,067,1510023,95166,93690,1287,94977,1411
2021-03-02,San Benito,069,59416,5767,5770,92,5862,60
2021-03-02,San Bernardino,071,2135413,286645,281919,8582,290501,3604
2021-03-02,San Diego,073,3302833,265226,260998,12999,273997,3317
2021-03-02,San Francisco,075,870044,34383,34387,1097,35484,424
2021-03-02,San Joaquin,077,732212,67248,65769,2818,68587,1111
2021-03-02,San Luis Obispo,079,281455,19847,19452,567,20019,241
2021-03-02,San Mateo,081,765935,39759,39148,410,39558,317
2021-03-02,Santa Barbara,083,443738,32548,31964,1115,33079,416
2021-03-02,Santa Clara,085,1922200,111155,110832,599,111431,1706
2021-03-02,Santa Cruz,087,273765,15491,14611,788,15399,185
2021-03-02,Shasta,089,179085,11030,11012,1243,12255,149
2021-03-02,Sierra,091,2930,51,48,12,60,0
2021-03-02,Siskiyou,093,43540,1514,1412,241,1653,5
2021-03-02,Solano,095,438530,30022,29827,368,30195,167
2021-03-02,Sonoma,097,501317,28254,28261,225,28486,279
2021-03-02,Stanislaus,099,539301,51017,50359,5390,55749,724
2021-03-02,Sutter,101,95872,8927,8832,81,8913,99
2021-03-02,Tehama,103,63373,4622,4597,492,5089,32
2021-03-02,Trinity,105,12862,468,301,80,381,3
2021-03-02,Tulare,107,460477,48461,47326,8180,55506,783
2021-03-02,Tuolumne,109,53932,3845,3908,33,3941,53
2021-03-02,Ventura,111,848112,78326,77952,2800,80752,780
2021-03-02,Yolo,113,214977,12966,12867,224,13091,189
2021-03-02,Yuba,115,75493,5540,5475,89,5564,41
2021-03-01,Alameda,001,1643700,81354,80805,1749,82554,1105
2021-03-01,Alpine,003,1148,80,77,0,77,0
2021-03-01,Amador,005,37829,3489,3469,31,3500,42
2021-03-01,Butte,007,227075,11396,10981,1622,12603,180
2021-03-01,Calaveras,009,45235,1919,1885,12,1897,46
2021-03-01,Colusa,011,21464,1878,1871,267,2138,11
2021-03-01,Contra Costa,013,1133247,63567,62458,1083,63541,694
2021-03-01,Del Norte,015,27424,1022,982,5,987,5
2021-03-01,El Dorado,017,186661,9181,9085,595,9680,98
2021-03-01,Fresno,019,978130,96914,95677,7793,103470,1405
2021-03-01,Glenn,021,27897,2259,2232,499,2731,15
2021-03-01,Humboldt,023,135768,3211,3179,22,3201,30
2021-03-01,Imperial,025,180216,27291,26913,2584,29497,636
2021-03-01,Inyo,027,18085,1315,1285,9,1294,35
2021-03-01,Kern,029,883053,93760,92219,9882,102101,1041
2021-03-01,Kings,031,150075,22334,21988,983,22971,217
2021-03-01,Lake,033,64148,3204,3164,6,3170,40
2021-03-01,Lassen,035,31185,5128,5111,97,5208,1
2021-03-01,Los Angeles,037,10098052,1173249,1155984,39475,1195459,21293
2021-03-01,Madera,039,155013,15719,15505,831,16336,194
2021-03-01,Marin,041,260295,13289,13161,168,13329,214
2021-03-01,Mariposa,043,17540,377,375,5,380,4
2021-03-01,Mendocino,045,87422,3653,3561,70,3631,41
2021-03-01,Merced,047,269075,28638,28575,895,29470,385
2021-03-01,Modoc,049,8938,344,331,116,447,3
2021-03-01,Mono,051,14174,1188,1192,16,1208,3
2021-03-01,Monterey,053,433212,42067,41697,1709,43406,324
2021-03-01,Napa,055,140530,9108,9056,34,9090,70
2021-03-01,Nevada,057,99092,4056,3979,162,4141,66
2021-03-01,Orange,059,3164182,247733,245852,10259,256111,3976
2021-03-01,Placer,061,380077,20688,19803,1126,20929,239
2021-03-01,Plumas,063,18699,642,628,10,638,4
2021-03-01,Riverside,065,2383286,286233,279323,13486,292809,3680
2021-03-01,Sacramento,067,1510023,95021,93546,1285,94831,1401
2021-03-01,San Benito,069,59416,5762,5772,92,5864,57
2021-03-01,San Bernardino,071,2135413,286502,281685,8578,290263,3603
2021-03-01,San Diego,073,3302833,264908,260622,12966,273588,3303
2021-03-01,San Francisco,075,870044,34339,34318,1089,35407,424
2021-03-01,San Joaquin,077,732212,67139,65699,2807,68506,1097
2021-03-01,San Luis Obispo,079,281455,19825,19429,565,19994,239
2021-03-01,San Mateo,081,765935,39707,39096,409,39505,314
2021-03-01,Santa Barbara,083,443738,32505,31909,1114,33023,413
2021-03-01,Santa Clara,085,1922200,110997,110684,596,111280,1704
2021-03-01,Santa Cruz,087,273765,15472,14575,787,15362,185
2021-03-01,Shasta,089,179085,11018,10990,1240,12230,149
2021-03-01,Sierra,091,2930,51,48,12,60,0
2021-03-01,Siskiyou,093,43540,1510,1408,239,1647,5
2021-03-01,Solano,095,438530,29979,29779,367,30146,166
2021-03-01,Sonoma,097,501317,28206,28222,223,28445,278
2021-03-01,Stanislaus,099,539301,50941,50293,5384,55677,722
2021-03-01,Sutter,101,95872,8915,8825,81,8906,99
2021-03-01,Tehama,103,63373,4618,4595,492,5087,32
2021-03-01,Trinity,105,12862,468,298,79,377,3
2021-03-01,Tulare,107,460477,48423,47275,8147,55422,781
2021-03-01,Tuolumne,109,53932,3842,3907,33,3940,53
2021-03-01,Ventura,111,848112,78244,77849,2798,80647,775
2021-03-01,Yolo,113,214977,12949,12854,222,13076,188
2021-03-01,Yuba,115,75493,5528,5466,89,5555,41
2021-02-28,Alameda,001,1643700,81233,80727,1747,82474,1105
2021-02-28,Alpine,003,1148,80,77,0,77,0
2021-02-28,Amador,005,37829,3484,3466,30,3496,42
2021-02-28,Butte,007,227075,11381,10970,1622,12592,180
2021-02-28,Calaveras,009,45235,1914,1881,12,1893,46
2021-02-28,Colusa,011,21464,1878,1871,266,2137,11
2021-02-28,Contra Costa,013,1133247,63440,62386,1078,63464,694
2021-02-28,Del Norte,015,27424,1020,981,5,986,5
2021-02-28,El Dorado,017,186661,9170,9082,595,9677,98
2021-02-28,Fresno,019,978130,96732,95548,7759,103307,1405
2021-02-28,Glenn,021,27897,2257,2230,497,2727,15
2021-02-28,Humboldt,023,135768,3188,3179,22,3201,30
2021-02-28,Imperial,025,180216,27264,26909,2577,29486,636
2021-02-28,Inyo,027,18085,1310,1282,9,1291,35
2021-02-28,Kern,029,883053,93645,92169,9861,102030,1012
2021-02-28,Kings,031,150075,22313,21967,982,22949,217
2021-02-28,Lake,033,64148,3199,3164,6,3170,40
2021-02-28,Lassen,035,31185,5127,5106,97,5203,1
2021-02-28,Los Angeles,037,10098052,1172463,1155141,39414,1194555,21261
2021-02-28,Madera,039,155013,15677,15496,828,16324,199
2021-02-28,Marin,041,260295,13266,13152,166,13318,214
2021-02-28,Mariposa,043,17540,377,374,5,379,4
2021-02-28,Mendocino,045,87422,3647,3558,70,3628,41
2021-02-28,Merced,047,269075,28574,28546,894,29440,384
2021-02-28,Modoc,049,8938,344,331,116,447,3
2021-02-28,Mono,051,14174,1185,1192,16,1208,3
2021-02-28,Monterey,053,433212,42035,41683,1708,43391,323
2021-02-28,Napa,055,140530,9089,9053,34,9087,70
2021-02-28,Nevada,057,99092,4043,3972,162,4134,66
2021-02-28,Orange,059,3164182,247534,245706,10252,255958,3970
2021-02-28,Placer,061,380077,20642,19775,1124,20899,239
2021-02-28,Plumas,063,18699,642,628,10,638,4
2021-02-28,Riverside,065,2383286,286000,279214,13475,292689,3661
2021-02-28,Sacramento,067,1510023,94837,93463,1280,94743,1398
2021-02-28,San Benito,069,59416,5751,5772,92,5864,57
2021-02-28,San Bernardino,071,2135413,286362,281620,8566,290186,3595
2021-02-28,San Diego,073,3302833,264612,260353,12932,273285,3303
2021-02-28,San Francisco,075,870044,34297,34291,1083,35374,417
2021-02-28,San Joaquin,077,732212,67031,65662,2798,68460,1097
2021-02-28,San Luis Obispo,079,281455,19789,19422,563,19985,237
2021-02-28,San Mateo,081,765935,39654,39059,408,39467,314
2021-02-28,Santa Barbara,083,443738,32452,31877,1114,32991,413
2021-02-28,Santa Clara,085,1922200,110798,110556,593,111149,1704
2021-02-28,Santa Cruz,087,273765,15443,14571,784,15355,185
2021-02-28,Shasta,089,179085,10997,10990,1236,12226,149
2021-02-28,Sierra,091,2930,51,48,12,60,0
2021-02-28,Siskiyou,093,43540,1502,1408,238,1646,5
2021-02-28,Solano,095,438530,29923,29758,361,30119,166
2021-02-28,Sonoma,097,501317,28143,28193,222,28415,279
2021-02-28,Stanislaus,099,539301,50851,50228,5371,55599,728
2021-02-28,Sutter,101,95872,8900,8825,81,8906,99
2021-02-28,Tehama,103,63373,4611,4590,492,5082,32
2021-02-28,Trinity,105,12862,468,298,79,377,3
2021-02-28,Tulare,107,460477,48361,47258,8116,55374,780
2021-02-28,Tuolumne,109,53932,3837,3905,33,3938,53
2021-02-28,Ventura,111,848112,78133,77749,2795,80544,775
2021-02-28,Yolo,113,214977,12927,12851,222,13073,188
2021-02-28,Yuba,115,75493,5518,5461,89,5550,41
2021-02-27,Alameda,001,1643700,81161,80565,1745,82310,1108
2021-02-27,Alpine,003,1148,80,77,0,77,0
2021-02-27,Amador,005,37829,3482,3463,30,3493,42
2021-02-27,Butte,007,227075,11369,10962,1622,12584,180
2021-02-27,Calaveras,009,45235,1909,1875,12,1887,46
2021-02-27,Colusa,011,21464,1877,1869,266,2135,11
2021-02-27,Contra Costa,013,1133247,63369,62248,1075,63323,693
2021-02-27,Del Norte,015,27424,1018,978,5,983,5
2021-02-27,El Dorado,017,186661,9166,9072,595,9667,98
2021-02-27,Fresno,019,978130,96655,95393,7748,103141,1400
2021-02-27,Glenn,021,27897,2256,2225,496,2721,15
2021-02-27,Humboldt,023,135768,3182,3167,22,3189,30
2021-02-27,Imperial,025,180216,27256,26903,2576,29479,633
2021-02-27,Inyo,027,18085,1307,1275,9,1284,35
2021-02-27,Kern,029,883053,93584,92053,9846,101899,996
2021-02-27,Kings,031,150075,22303,21955,979,22934,216
2021-02-27,Lake,033,64148,3196,3156,6,3162,40
2021-02-27,Lassen,035,31185,5127,5106,97,5203,1
2021-02-27,Los Angeles,037,10098052,1171969,1154275,39387,1193662,21158
2021-02-27,Madera,039,155013,15660,15467,827,16294,199
2021-02-27,Marin,041,260295,13242,13134,166,13300,214
2021-02-27,Mariposa,043,17540,377,374,5,379,4
2021-02-27,Mendocino,045,87422,3644,3555,70,3625,41
2021-02-27,Merced,047,269075,28532,28501,886,29387,384
2021-02-27,Modoc,049,8938,344,331,115,446,3
2021-02-27,Mono,051,14174,1183,1191,16,1207,3
2021-02-27,Monterey,053,433212,42026,41665,1708,43373,322
2021-02-27,Napa,055,140530,9078,9038,34,9072,71
2021-02-27,Nevada,057,99092,4037,3960,162,4122,66
2021-02-27,Orange,059,3164182,247407,245542,10241,255783,3960
2021-02-27,Placer,061,380077,20606,19726,1121,20847,239
2021-02-27,Plumas,063,18699,642,628,10,638,4
2021-02-27,Riverside,065,2383286,285889,279048,13465,292513,3663
2021-02-27,Sacramento,067,1510023,94754,93281,1270,94551,1396
2021-02-27,San Benito,069,59416,5750,5767,91,5858,57
2021-02-27,San Bernardino,071,2135413,286283,281471,8559,290030,3527
2021-02-27,San Diego,073,3302833,264422,260091,12894,272985,3284
2021-02-27,San Francisco,075,870044,34263,34260,1080,35340,413
2021-02-27,San Joaquin,077,732212,66985,65578,2796,68374,1100
2021-02-27,San Luis Obispo,079,281455,19768,19411,562,19973,237
2021-02-27,San Mateo,081,765935,39613,38998,407,39405,313
2021-02-27,Santa Barbara,083,443738,32418,31805,1113,32918,411
2021-02-27,Santa Clara,085,1922200,110650,110361,591,110952,1703
2021-02-27,Santa Cruz,087,273765,15434,14552,783,15335,185
2021-02-27,Shasta,089,179085,10991,10985,1232,12217,149
2021-02-27,Sierra,091,2930,51,48,12,60,0
2021-02-27,Siskiyou,093,43540,1500,1407,237,1644,5
2021-02-27,Solano,095,438530,29895,29718,360,30078,165
2021-02-27,Sonoma,097,501317,28099,28141,216,28357,281
2021-02-27,Stanislaus,099,539301,50796,50147,5361,55508,733
2021-02-27,Sutter,101,95872,8895,8820,81,8901,99
2021-02-27,Tehama,103,63373,4608,4584,492,5076,32
2021-02-27,Trinity,105,12862,468,298,79,377,3
2021-02-27,Tulare,107,460477,48324,47209,8090,55299,770
2021-02-27,Tuolumne,109,53932,3834,3899,33,3932,53
2021-02-27,Ventura,111,848112,78061,77623,2792,80415,771
2021-02-27,Yolo,113,214977,12915,12834,222,13056,188
2021-02-27,Yuba,115,75493,5515,5450,89,5539,39
2021-02-26,Alameda,001,1643700,81066,80387,1740,82127,1106
2021-02-26,Alpine,003,1148,80,77,0,77,0
2021-02-26,Amador,005,37829,3476,3457,30,3487,42
2021-02-26,Butte,007,227075,11358,10941,1622,12563,180
2021-02-26,Calaveras,009,45235,1906,1873,12,1885,46
2021-02-26,Colusa,011,21464,1877,1865,266,2131,11
2021-02-26,Contra Costa,013,1133247,63287,62114,1075,63189,685
2021-02-26,Del Norte,015,27424,1014,968,5,973,5
2021-02-26,El Dorado,017,186661,9161,9038,593,9631,98
2021-02-26,Fresno,019,978130,96552,95202,7740,102942,1391
2021-02-26,Glenn,021,27897,2253,2220,496,2716,15
2021-02-26,Humboldt,023,135768,3176,3152,22,3174,30
2021-02-26,Imperial,025,180216,27248,26888,2574,29462,631
2021-02-26,Inyo,027,18085,1305,1271,9,1280,34
2021-02-26,Kern,029,883053,93505,91884,9830,101714,997
2021-02-26,Kings,031,150075,22287,21917,976,22893,216
2021-02-26,Lake,033,64148,3191,3153,6,3159,40
2021-02-26,Lassen,035,31185,5127,5102,97,5199,1
2021-02-26,Los Angeles,037,10098052,1171395,1153131,39324,1192455,21070
2021-02-26,Madera,039,155013,15644,15436,825,16261,199
2021-02-26,Marin,041,260295,13228,13091,166,13257,214
2021-02-26,Mariposa,043,17540,377,375,5,380,4
2021-02-26,Mendocino,045,87422,3639,3549,70,3619,41
2021-02-26,Merced,047,269075,28497,28455,886,29341,382
2021-02-26,Modoc,049,8938,343,330,115,445,3
2021-02-26,Mono,051,14174,1181,1191,16,1207,3
2021-02-26,Monterey,053,433212,42000,41607,1707,43314,322
2021-02-26,Napa,055,140530,9072,9014,34,9048,70
2021-02-26,Nevada,057,99092,4026,3952,162,4114,66
2021-02-26,Orange,059,3164182,247267,245278,10231,255509,3918
2021-02-26,Placer,061,380077,20580,19712,1115,20827,239
2021-02-26,Plumas,063,18699,642,628,10,638,4
2021-02-26,Riverside,065,2383286,285745,278772,13459,292231,3653
2021-02-26,Sacramento,067,1510023,94631,93180,1267,94447,1390
2021-02-26,San Benito,069,59416,5749,5759,91,5850,57
2021-02-26,San Bernardino,071,2135413,286184,281132,8557,289689,3461
2021-02-26,San Diego,073,3302833,264195,259641,12873,272514,3271
2021-02-26,San Francisco,075,870044,34233,34213,1076,35289,413
2021-02-26,San Joaquin,077,732212,66904,65492,2790,68282,1070
2021-02-26,San Luis Obispo,079,281455,19752,19359,560,19919,234
2021-02-26,San Mateo,081,765935,39567,38922,407,39329,313
2021-02-26,Santa Barbara,083,443738,32374,31724,1112,32836,410
2021-02-26,Santa Clara,085,1922200,110518,110168,589,110757,1700
2021-02-26,Santa Cruz,087,273765,15422,14528,782,15310,185
2021-02-26,Shasta,089,179085,10984,10972,1223,12195,149
2021-02-26,Sierra,091,2930,51,47,12,59,0
2021-02-26,Siskiyou,093,43540,1500,1401,237,1638,5
2021-02-26,Solano,095,438530,29861,29651,359,30010,165
2021-02-26,Sonoma,097,501317,28070,28063,215,28278,280
2021-02-26,Stanislaus,099,539301,50739,50054,5353,55407,737
2021-02-26,Sutter,101,95872,8886,8806,81,8887,99
2021-02-26,Tehama,103,63373,4606,4581,492,5073,32
2021-02-26,Trinity,105,12862,467,298,79,377,3
2021-02-26,Tulare,107,460477,48289,47135,8059,55194,770
2021-02-26,Tuolumne,109,53932,3833,3896,33,3929,53
2021-02-26,Ventura,111,848112,77961,77534,2790,80324,765
2021-02-26,Yolo,113,214977,12908,12816,222,13038,188
2021-02-26,Yuba,115,75493,5510,5438,89,5527,39
2021-02-25,Alameda,001,1643700,80944,80181,1739,81920,1093
2021-02-25,Alpine,003,1148,80,77,0,77,0
2021-02-25,Amador,005,37829,3473,3448,30,3478,41
2021-02-25,Butte,007,227075,11337,10922,1617,12539,178
2021-02-25,Calaveras,009,45235,1898,1868,12,1880,46
2021-02-25,Colusa,011,21464,1874,1863,265,2128,11
2021-02-25,Contra Costa,013,1133247,63185,61910,1075,62985,686
2021-02-25,Del Norte,015,27424,1004,966,5,971,5
2021-02-25,El Dorado,017,186661,9145,9012,593,9605,98
2021-02-25,Fresno,019,978130,96408,95015,7717,102732,1377
2021-02-25,Glenn,021,27897,2250,2219,495,2714,15
2021-02-25,Humboldt,023,135768,3169,3129,22,3151,30
2021-02-25,Imperial,025,180216,27242,26855,2570,29425,628
2021-02-25,Inyo,027,18085,1299,1264,9,1273,33
2021-02-25,Kern,029,883053,93389,91735,9805,101540,992
2021-02-25,Kings,031,150075,22278,21900,973,22873,216
2021-02-25,Lake,033,64148,3182,3141,6,3147,40
2021-02-25,Lassen,035,31185,5126,5097,96,5193,1
2021-02-25,Los Angeles,037,10098052,1170654,1151846,39266,1191112,20931
2021-02-25,Madera,039,155013,15609,15414,821,16235,194
2021-02-25,Marin,041,260295,13204,13067,166,13233,214
2021-02-25,Mariposa,043,17540,377,375,5,380,4
2021-02-25,Mendocino,045,87422,3634,3542,70,3612,41
2021-02-25,Merced,047,269075,28447,28383,885,29268,382
2021-02-25,Modoc,049,8938,343,329,115,444,3
2021-02-25,Mono,051,14174,1180,1190,16,1206,3
2021-02-25,Monterey,053,433212,41975,41564,1702,43266,321
2021-02-25,Napa,055,140530,9046,8998,34,9032,70
2021-02-25,Nevada,057,99092,4009,3940,161,4101,66
2021-02-25,Orange,059,3164182,247095,245000,10221,255221,3882
2021-02-25,Placer,061,380077,20540,19661,1113,20774,239
2021-02-25,Plumas,063,18699,642,626,10,636,4
2021-02-25,Riverside,065,2383286,285557,278544,13438,291982,3646
2021-02-25,Sacramento,067,1510023,94473,92961,1255,94216,1386
2021-02-25,San Benito,069,59416,5744,5752,91,5843,58
2021-02-25,San Bernardino,071,2135413,286050,280946,8549,289495,3409
2021-02-25,San Diego,073,3302833,263901,258979,12843,271822,3260
2021-02-25,San Francisco,075,870044,34190,34138,1073,35211,408
2021-02-25,San Joaquin,077,732212,66820,65389,2778,68167,1047
2021-02-25,San Luis Obispo,079,281455,19731,19335,558,19893,234
2021-02-25,San Mateo,081,765935,39520,38872,407,39279,300
2021-02-25,Santa Barbara,083,443738,32297,31631,1111,32742,408
2021-02-25,Santa Clara,085,1922200,110354,109923,588,110511,1677
2021-02-25,Santa Cruz,087,273765,15403,14492,781,15273,185
2021-02-25,Shasta,089,179085,10972,10947,1218,12165,148
2021-02-25,Sierra,091,2930,51,47,12,59,0
2021-02-25,Siskiyou,093,43540,1496,1390,234,1624,4
2021-02-25,Solano,095,438530,29829,29616,359,29975,161
2021-02-25,Sonoma,097,501317,28016,28004,212,28216,278
2021-02-25,Stanislaus,099,539301,50649,49964,5343,55307,738
2021-02-25,Sutter,101,95872,8872,8789,80,8869,99
2021-02-25,Tehama,103,63373,4602,4578,490,5068,32
2021-02-25,Trinity,105,12862,467,297,79,376,3
2021-02-25,Tulare,107,460477,48239,47052,8033,55085,765
2021-02-25,Tuolumne,109,53932,3830,3894,33,3927,53
2021-02-25,Ventura,111,848112,77856,77395,2784,80179,751
2021-02-25,Yolo,113,214977,12891,12787,222,13009,188
2021-02-25,Yuba,115,75493,5503,5429,89,5518,39
2021-02-24,Alameda,001,1643700,80822,80070,1735,81805,1082
2021-02-24,Alpine,003,1148,79,77,0,77,0
2021-02-24,Amador,005,37829,3468,3444,30,3474,41
2021-02-24,Butte,007,227075,11325,10915,1613,12528,178
2021-02-24,Calaveras,009,45235,1896,1864,12,1876,31
2021-02-24,Colusa,011,21464,1872,1863,265,2128,11
2021-02-24,Contra Costa,013,1133247,63077,61776,1075,62851,663
2021-02-24,Del Norte,015,27424,1003,960,4,964,5
2021-02-24,El Dorado,017,186661,9133,8993,593,9586,98
2021-02-24,Fresno,019,978130,96261,94794,7701,102495,1369
2021-02-24,Glenn,021,27897,2249,2210,495,2705,14
2021-02-24,Humboldt,023,135768,3157,3123,22,3145,29
2021-02-24,Imperial,025,180216,27227,26843,2566,29409,596
2021-02-24,Inyo,027,18085,1294,1253,9,1262,32
2021-02-24,Kern,029,883053,93256,91525,9789,101314,992
2021-02-24,Kings,031,150075,22253,21871,971,22842,216
2021-02-24,Lake,033,64148,3175,3134,6,3140,40
2021-02-24,Lassen,035,31185,5122,5095,95,5190,1
2021-02-24,Los Angeles,037,10098052,1169892,1150322,39222,1189544,20817
2021-02-24,Madera,039,155013,15582,15390,821,16211,194
2021-02-24,Marin,041,260295,13181,13044,165,13209,214
2021-02-24,Mariposa,043,17540,377,374,5,379,4
2021-02-24,Mendocino,045,87422,3627,3540,70,3610,41
2021-02-24,Merced,047,269075,28408,28295,881,29176,383
2021-02-24,Modoc,049,8938,342,329,115,444,3
2021-02-24,Mono,051,14174,1178,1189,16,1205,3
2021-02-24,Monterey,053,433212,41950,41495,1700,43195,320
2021-02-24,Napa,055,140530,9029,8976,33,9009,70
2021-02-24,Nevada,057,99092,3999,3927,161,4088,66
2021-02-24,Orange,059,3164182,246878,244743,10208,254951,3835
2021-02-24,Placer,061,380077,20501,19648,1107,20755,239
2021-02-24,Plumas,063,18699,640,626,10,636,4
2021-02-24,Riverside,065,2383286,285329,278293,13429,291722,3603
2021-02-24,Sacramento,067,1510023,94319,92742,1250,93992,1375
2021-02-24,San Benito,069,59416,5743,5743,91,5834,57
2021-02-24,San Bernardino,071,2135413,285899,280583,8545,289128,3360
2021-02-24,San Diego,073,3302833,263607,258460,12827,271287,3230
2021-02-24,San Francisco,075,870044,34144,34061,1070,35131,406
2021-02-24,San Joaquin,077,732212,66709,65274,2776,68050,1019
2021-02-24,San Luis Obispo,079,281455,19708,19309,556,19865,233
2021-02-24,San Mateo,081,765935,39483,38763,407,39170,300
2021-02-24,Santa Barbara,083,443738,32245,31563,1108,32671,405
2021-02-24,Santa Clara,085,1922200,110203,109671,587,110258,1674
2021-02-24,Santa Cruz,087,273765,15382,14458,781,15239,185
2021-02-24,Shasta,089,179085,10958,10922,1215,12137,148
2021-02-24,Sierra,091,2930,51,47,12,59,0
2021-02-24,Siskiyou,093,43540,1489,1385,230,1615,4
2021-02-24,Solano,095,438530,29790,29577,357,29934,158
2021-02-24,Sonoma,097,501317,27952,27954,208,28162,278
2021-02-24,Stanislaus,099,539301,50578,49851,5335,55186,732
2021-02-24,Sutter,101,95872,8862,8778,80,8858,99
2021-02-24,Tehama,103,63373,4598,4566,490,5056,31
2021-02-24,Trinity,105,12862,467,294,78,372,3
2021-02-24,Tulare,107,460477,48183,46976,8005,54981,759
2021-02-24,Tuolumne,109,53932,3827,3887,33,3920,53
2021-02-24,Ventura,111,848112,77748,77238,2783,80021,718
2021-02-24,Yolo,113,214977,12878,12760,218,12978,188
2021-02-24,Yuba,115,75493,5492,5425,87,5512,39
2021-02-23,Alameda,001,1643700,80683,79948,1732,81680,1070
2021-02-23,Alpine,003,1148,78,77,0,77,0
2021-02-23,Amador,005,37829,3466,3440,30,3470,41
2021-02-23,Butte,007,227075,11310,10887,1609,12496,176
2021-02-23,Calaveras,009,45235,1895,1863,12,1875,21
2021-02-23,Colusa,011,21464,1869,1862,265,2127,11
2021-02-23,Contra Costa,013,1133247,62943,61613,1072,62685,661
2021-02-23,Del Norte,015,27424,1001,953,4,957,3
2021-02-23,El Dorado,017,186661,9120,8969,593,9562,96
2021-02-23,Fresno,019,978130,96100,94741,7687,102428,1356
2021-02-23,Glenn,021,27897,2247,2209,495,2704,14
2021-02-23,Humboldt,023,135768,3140,3108,22,3130,29
2021-02-23,Imperial,025,180216,27207,26816,2561,29377,591
2021-02-23,Inyo,027,18085,1290,1250,9,1259,32
2021-02-23,Kern,029,883053,93117,91390,9761,101151,982
2021-02-23,Kings,031,150075,22238,21839,967,22806,216
2021-02-23,Lake,033,64148,3167,3121,6,3127,40
2021-02-23,Lassen,035,31185,5119,5092,95,5187,1
2021-02-23,Los Angeles,037,10098052,1169025,1148965,39167,1188132,19887
2021-02-23,Madera,039,155013,15568,15352,815,16167,193
2021-02-23,Marin,041,260295,13161,13015,164,13179,214
2021-02-23,Mariposa,043,17540,377,374,5,379,4
2021-02-23,Mendocino,045,87422,3625,3540,69,3609,41
2021-02-23,Merced,047,269075,28323,28209,880,29089,381
2021-02-23,Modoc,049,8938,341,328,114,442,3
2021-02-23,Mono,051,14174,1178,1189,16,1205,3
2021-02-23,Monterey,053,433212,41909,41439,1694,43133,317
2021-02-23,Napa,055,140530,9017,8967,33,9000,70
2021-02-23,Nevada,057,99092,3991,3912,161,4073,66
2021-02-23,Orange,059,3164182,246680,244566,10189,254755,3843
2021-02-23,Placer,061,380077,20476,19608,1103,20711,238
2021-02-23,Plumas,063,18699,639,626,10,636,4
2021-02-23,Riverside,065,2383286,285092,278075,13414,291489,3599
2021-02-23,Sacramento,067,1510023,94162,92632,1244,93876,1370
2021-02-23,San Benito,069,59416,5737,5731,90,5821,57
2021-02-23,San Bernardino,071,2135413,285710,280279,8540,288819,3283
2021-02-23,San Diego,073,3302833,263231,257802,12797,270599,3218
2021-02-23,San Francisco,075,870044,34095,33994,1069,35063,405
2021-02-23,San Joaquin,077,732212,66610,65141,2769,67910,1004
2021-02-23,San Luis Obispo,079,281455,19679,19233,555,19788,230
2021-02-23,San Mateo,081,765935,39422,38662,407,39069,299
2021-02-23,Santa Barbara,083,443738,32190,31483,1106,32589,402
2021-02-23,Santa Clara,085,1922200,110006,109449,584,110033,1661
2021-02-23,Santa Cruz,087,273765,15353,14435,779,15214,178
2021-02-23,Shasta,089,179085,10946,10903,1211,12114,146
2021-02-23,Sierra,091,2930,51,47,12,59,0
2021-02-23,Siskiyou,093,43540,1484,1380,228,1608,4
2021-02-23,Solano,095,438530,29750,29545,354,29899,154
2021-02-23,Sonoma,097,501317,27909,27882,205,28087,278
2021-02-23,Stanislaus,099,539301,50500,49749,5319,55068,722
2021-02-23,Sutter,101,95872,8849,8766,80,8846,98
2021-02-23,Tehama,103,63373,4594,4556,489,5045,30
2021-02-23,Trinity,105,12862,467,292,77,369,3
2021-02-23,Tulare,107,460477,48105,46937,7971,54908,757
2021-02-23,Tuolumne,109,53932,3823,3864,33,3897,53
2021-02-23,Ventura,111,848112,77632,77093,2774,79867,689
2021-02-23,Yolo,113,214977,12849,12729,218,12947,188
2021-02-23,Yuba,115,75493,5479,5417,86,5503,38
2021-02-22,Alameda,001,1643700,80532,79796,1728,81524,1062
2021-02-22,Alpine,003,1148,78,77,0,77,0
2021-02-22,Amador,005,37829,3461,3438,30,3468,39
2021-02-22,Butte,007,227075,11297,10855,1604,12459,176
2021-02-22,Calaveras,009,45235,1893,1862,12,1874,21
2021-02-22,Colusa,011,21464,1869,1860,265,2125,11
2021-02-22,Contra Costa,013,1133247,62808,61478,1070,62548,661
2021-02-22,Del Norte,015,27424,1000,948,4,952,3
2021-02-22,El Dorado,017,186661,9103,8940,593,9533,96
2021-02-22,Fresno,019,978130,95938,94584,7670,102254,1351
2021-02-22,Glenn,021,27897,2242,2207,493,2700,14
2021-02-22,Humboldt,023,135768,3128,3095,22,3117,29
2021-02-22,Imperial,025,180216,27184,26778,2553,29331,590
2021-02-22,Inyo,027,18085,1285,1248,9,1257,32
2021-02-22,Kern,029,883053,93000,91201,9739,100940,982
2021-02-22,Kings,031,150075,22215,21801,964,22765,214
2021-02-22,Lake,033,64148,3161,3107,6,3113,40
2021-02-22,Lassen,035,31185,5119,5088,94,5182,1
2021-02-22,Los Angeles,037,10098052,1168152,1147541,39111,1186652,19730
2021-02-22,Madera,039,155013,15543,15325,811,16136,193
2021-02-22,Marin,041,260295,13137,12991,161,13152,213
2021-02-22,Mariposa,043,17540,376,374,5,379,4
2021-02-22,Mendocino,045,87422,3619,3535,69,3604,41
2021-02-22,Merced,047,269075,28259,28166,878,29044,379
2021-02-22,Modoc,049,8938,341,329,114,443,3
2021-02-22,Mono,051,14174,1174,1189,16,1205,3
2021-02-22,Monterey,053,433212,41859,41397,1688,43085,311
2021-02-22,Napa,055,140530,8990,8950,33,8983,69
2021-02-22,Nevada,057,99092,3982,3900,159,4059,66
2021-02-22,Orange,059,3164182,246444,244118,10171,254289,3843
2021-02-22,Placer,061,380077,20440,19587,1095,20682,238
2021-02-22,Plumas,063,18699,639,625,10,635,4
2021-02-22,Riverside,065,2383286,284828,277730,13406,291136,3567
2021-02-22,Sacramento,067,1510023,93995,92476,1233,93709,1359
2021-02-22,San Benito,069,59416,5735,5723,90,5813,57
2021-02-22,San Bernardino,071,2135413,285528,279984,8527,288511,3259
2021-02-22,San Diego,073,3302833,262821,257348,12764,270112,3189
2021-02-22,San Francisco,075,870044,34035,33947,1064,35011,405
2021-02-22,San Joaquin,077,732212,66511,65060,2756,67816,1001
2021-02-22,San Luis Obispo,079,281455,19642,19198,553,19751,229
2021-02-22,San Mateo,081,765935,39365,38542,404,38946,282
2021-02-22,Santa Barbara,083,443738,32124,31421,1103,32524,399
2021-02-22,Santa Clara,085,1922200,109794,109213,573,109786,1655
2021-02-22,Santa Cruz,087,273765,15327,14417,779,15196,176
2021-02-22,Shasta,089,179085,10931,10872,1206,12078,145
2021-02-22,Sierra,091,2930,51,47,12,59,0
2021-02-22,Siskiyou,093,43540,1478,1373,227,1600,4
2021-02-22,Solano,095,438530,29711,29508,353,29861,150
2021-02-22,Sonoma,097,501317,27864,27845,204,28049,278
2021-02-22,Stanislaus,099,539301,50395,49630,5300,54930,722
2021-02-22,Sutter,101,95872,8841,8698,80,8778,98
2021-02-22,Tehama,103,63373,4585,4550,489,5039,30
2021-02-22,Trinity,105,12862,467,287,76,363,3
2021-02-22,Tulare,107,460477,48043,46879,7939,54818,751
2021-02-22,Tuolumne,109,53932,3819,3856,33,3889,53
2021-02-22,Ventura,111,848112,77504,76947,2769,79716,677
2021-02-22,Yolo,113,214977,12822,12689,218,12907,183
2021-02-22,Yuba,115,75493,5476,5404,85,5489,38
2021-02-21,Alameda,001,1643700,80338,79649,1723,81372,1061
2021-02-21,Alpine,003,1148,78,77,0,77,0
2021-02-21,Amador,005,37829,3453,3435,30,3465,39
2021-02-21,Butte,007,227075,11274,10855,1602,12457,176
2021-02-21,Calaveras,009,45235,1892,1860,12,1872,21
2021-02-21,Colusa,011,21464,1868,1860,261,2121,11
2021-02-21,Contra Costa,013,1133247,62642,61364,1067,62431,661
2021-02-21,Del Norte,015,27424,994,942,4,946,3
2021-02-21,El Dorado,017,186661,9085,8927,592,9519,96
2021-02-21,Fresno,019,978130,95795,94374,7653,102027,1349
2021-02-21,Glenn,021,27897,2239,2201,491,2692,14
2021-02-21,Humboldt,023,135768,3116,3096,22,3118,29
2021-02-21,Imperial,025,180216,27165,26779,2549,29328,590
2021-02-21,Inyo,027,18085,1279,1232,9,1241,32
2021-02-21,Kern,029,883053,92875,91141,9700,100841,980
2021-02-21,Kings,031,150075,22179,21784,962,22746,213
2021-02-21,Lake,033,64148,3153,3100,6,3106,40
2021-02-21,Lassen,035,31185,5111,5077,94,5171,1
2021-02-21,Los Angeles,037,10098052,1167117,1146756,39063,1185819,19711
2021-02-21,Madera,039,155013,15510,15298,808,16106,192
2021-02-21,Marin,041,260295,13107,12968,161,13129,212
2021-02-21,Mariposa,043,17540,376,373,5,378,4
2021-02-21,Mendocino,045,87422,3614,3535,69,3604,41
2021-02-21,Merced,047,269075,28179,28106,866,28972,379
2021-02-21,Modoc,049,8938,338,329,114,443,3
2021-02-21,Mono,051,14174,1174,1189,16,1205,3
2021-02-21,Monterey,053,433212,41802,41373,1680,43053,309
2021-02-21,Napa,055,140530,8976,8929,33,8962,69
2021-02-21,Nevada,057,99092,3969,3895,159,4054,66
2021-02-21,Orange,059,3164182,246143,243985,10154,254139,3801
2021-02-21,Placer,061,380077,20404,19553,1091,20644,238
2021-02-21,Plumas,063,18699,639,625,10,635,4
2021-02-21,Riverside,065,2383286,284592,277555,13393,290948,3564
2021-02-21,Sacramento,067,1510023,93785,92288,1220,93508,1354
2021-02-21,San Benito,069,59416,5725,5716,87,5803,57
2021-02-21,San Bernardino,071,2135413,285281,279870,8513,288383,3247
2021-02-21,San Diego,073,3302833,262387,257027,12718,269745,3190
2021-02-21,San Francisco,075,870044,33971,33891,1060,34951,405
2021-02-21,San Joaquin,077,732212,66362,64997,2744,67741,1001
2021-02-21,San Luis Obispo,079,281455,19609,19178,551,19729,229
2021-02-21,San Mateo,081,765935,39306,38448,400,38848,282
2021-02-21,Santa Barbara,083,443738,32062,31374,1100,32474,399
2021-02-21,Santa Clara,085,1922200,109568,108992,564,109556,1654
2021-02-21,Santa Cruz,087,273765,15304,14401,778,15179,176
2021-02-21,Shasta,089,179085,10916,10867,1201,12068,145
2021-02-21,Sierra,091,2930,51,47,12,59,0
2021-02-21,Siskiyou,093,43540,1472,1371,227,1598,4
2021-02-21,Solano,095,438530,29654,29471,352,29823,150
2021-02-21,Sonoma,097,501317,27798,27793,197,27990,278
2021-02-21,Stanislaus,099,539301,50269,49527,5284,54811,726
2021-02-21,Sutter,101,95872,8823,8687,79,8766,97
2021-02-21,Tehama,103,63373,4573,4547,489,5036,30
2021-02-21,Trinity,105,12862,465,286,76,362,3
2021-02-21,Tulare,107,460477,47975,46830,7904,54734,749
2021-02-21,Tuolumne,109,53932,3805,3828,33,3861,53
2021-02-21,Ventura,111,848112,77356,76862,2755,79617,677
2021-02-21,Yolo,113,214977,12791,12670,218,12888,183
2021-02-21,Yuba,115,75493,5468,5396,84,5480,38
2021-02-20,Alameda,001,1643700,80248,79496,1719,81215,1055
2021-02-20,Alpine,003,1148,78,77,0,77,0
2021-02-20,Amador,005,37829,3451,3432,30,3462,39
2021-02-20,Butte,007,227075,11266,10838,1600,12438,176
2021-02-20,Calaveras,009,45235,1891,1858,12,1870,21
2021-02-20,Colusa,011,21464,1867,1858,261,2119,11
2021-02-20,Contra Costa,013,1133247,62553,61205,1065,62270,663
2021-02-20,Del Norte,015,27424,990,937,4,941,3
2021-02-20,El Dorado,017,186661,9075,8911,592,9503,96
2021-02-20,Fresno,019,978130,95711,94234,7633,101867,1341
2021-02-20,Glenn,021,27897,2235,2199,490,2689,14
2021-02-20,Humboldt,023,135768,3108,3073,22,3095,29
2021-02-20,Imperial,025,180216,27157,26771,2549,29320,590
2021-02-20,Inyo,027,18085,1275,1226,9,1235,32
2021-02-20,Kern,029,883053,92803,91025,9668,100693,968
2021-02-20,Kings,031,150075,22161,21773,961,22734,212
2021-02-20,Lake,033,64148,3146,3089,6,3095,40
2021-02-20,Lassen,035,31185,5109,5067,94,5161,1
2021-02-20,Los Angeles,037,10098052,1166551,1145594,39019,1184613,19630
2021-02-20,Madera,039,155013,15490,15274,807,16081,191
2021-02-20,Marin,041,260295,13086,12945,159,13104,211
2021-02-20,Mariposa,043,17540,376,372,5,377,4
2021-02-20,Mendocino,045,87422,3612,3533,69,3602,40
2021-02-20,Merced,047,269075,28135,28066,864,28930,379
2021-02-20,Modoc,049,8938,338,328,114,442,3
2021-02-20,Mono,051,14174,1173,1187,16,1203,3
2021-02-20,Monterey,053,433212,41782,41313,1678,42991,309
2021-02-20,Napa,055,140530,8967,8910,33,8943,69
2021-02-20,Nevada,057,99092,3959,3887,158,4045,66
2021-02-20,Orange,059,3164182,245974,243761,10141,253902,3755
2021-02-20,Placer,061,380077,20363,19509,1087,20596,236
2021-02-20,Plumas,063,18699,639,626,10,636,4
2021-02-20,Riverside,065,2383286,284437,277267,13383,290650,3559
2021-02-20,Sacramento,067,1510023,93661,92057,1218,93275,1352
2021-02-20,San Benito,069,59416,5713,5709,87,5796,57
2021-02-20,San Bernardino,071,2135413,285180,279608,8508,288116,3203
2021-02-20,San Diego,073,3302833,262145,256510,12689,269199,3188
2021-02-20,San Francisco,075,870044,33929,33820,1051,34871,399
2021-02-20,San Joaquin,077,732212,66289,64916,2739,67655,1001
2021-02-20,San Luis Obispo,079,281455,19585,19138,550,19688,229
2021-02-20,San Mateo,081,765935,39262,38371,399,38770,282
2021-02-20,Santa Barbara,083,443738,32028,31289,1099,32388,396
2021-02-20,Santa Clara,085,1922200,109392,108728,561,109289,1649
2021-02-20,Santa Cruz,087,273765,15293,14378,776,15154,176
2021-02-20,Shasta,089,179085,10902,10850,1196,12046,146
2021-02-20,Sierra,091,2930,51,47,12,59,0
2021-02-20,Siskiyou,093,43540,1469,1366,227,1593,4
2021-02-20,Solano,095,438530,29639,29440,350,29790,150
2021-02-20,Sonoma,097,501317,27769,27703,195,27898,278
2021-02-20,Stanislaus,099,539301,50214,49445,5271,54716,733
2021-02-20,Sutter,101,95872,8817,8681,79,8760,97
2021-02-20,Tehama,103,63373,4572,4545,489,5034,30
2021-02-20,Trinity,105,12862,464,285,75,360,3
2021-02-20,Tulare,107,460477,47939,46769,7882,54651,739
2021-02-20,Tuolumne,109,53932,3800,3823,33,3856,53
2021-02-20,Ventura,111,848112,77260,76757,2752,79509,671
2021-02-20,Yolo,113,214977,12777,12639,217,12856,183
2021-02-20,Yuba,115,75493,5465,5386,84,5470,38
2021-02-19,Alameda,001,1643700,80145,79318,1715,81033,1047
2021-02-19,Alpine,003,1148,78,77,0,77,0
2021-02-19,Amador,005,37829,3447,3427,30,3457,39
2021-02-19,Butte,007,227075,11256,10823,1595,12418,176
2021-02-19,Calaveras,009,45235,1890,1856,12,1868,21
2021-02-19,Colusa,011,21464,1867,1858,261,2119,11
2021-02-19,Contra Costa,013,1133247,62445,61017,1063,62080,651
2021-02-19,Del Norte,015,27424,985,932,4,936,2
2021-02-19,El Dorado,017,186661,9066,8882,591,9473,96
2021-02-19,Fresno,019,978130,95580,93973,7617,101590,1330
2021-02-19,Glenn,021,27897,2230,2199,489,2688,14
2021-02-19,Humboldt,023,135768,3096,3037,22,3059,29
2021-02-19,Imperial,025,180216,27152,26751,2546,29297,589
2021-02-19,Inyo,027,18085,1270,1212,9,1221,32
2021-02-19,Kern,029,883053,92733,90807,9627,100434,963
2021-02-19,Kings,031,150075,22147,21724,959,22683,211
2021-02-19,Lake,033,64148,3140,3078,6,3084,40
2021-02-19,Lassen,035,31185,5108,5057,94,5151,1
2021-02-19,Los Angeles,037,10098052,1165803,1143828,38978,1182806,19498
2021-02-19,Madera,039,155013,15473,15222,805,16027,188
2021-02-19,Marin,041,260295,13062,12919,157,13076,210
2021-02-19,Mariposa,043,17540,376,371,5,376,4
2021-02-19,Mendocino,045,87422,3610,3526,69,3595,39
2021-02-19,Merced,047,269075,28105,27985,861,28846,376
2021-02-19,Modoc,049,8938,338,328,114,442,3
2021-02-19,Mono,051,14174,1173,1186,16,1202,3
2021-02-19,Monterey,053,433212,41754,41209,1674,42883,309
2021-02-19,Napa,055,140530,8954,8899,33,8932,69
2021-02-19,Nevada,057,99092,3953,3863,158,4021,66
2021-02-19,Orange,059,3164182,245793,243397,10128,253525,3715
2021-02-19,Placer,061,380077,20341,19457,1087,20544,236
2021-02-19,Plumas,063,18699,637,624,10,634,4
2021-02-19,Riverside,065,2383286,284266,276941,13366,290307,3541
2021-02-19,Sacramento,067,1510023,93540,91815,1214,93029,1351
2021-02-19,San Benito,069,59416,5708,5699,87,5786,57
2021-02-19,San Bernardino,071,2135413,285053,279209,8503,287712,3117
2021-02-19,San Diego,073,3302833,261854,255799,12666,268465,3169
2021-02-19,San Francisco,075,870044,33881,33746,1045,34791,387
2021-02-19,San Joaquin,077,732212,66217,64774,2730,67504,988
2021-02-19,San Luis Obispo,079,281455,19554,19061,548,19609,230
2021-02-19,San Mateo,081,765935,39204,38256,397,38653,282
2021-02-19,Santa Barbara,083,443738,31964,31204,1098,32302,392
2021-02-19,Santa Clara,085,1922200,109179,108400,559,108959,1634
2021-02-19,Santa Cruz,087,273765,15278,14354,776,15130,176
2021-02-19,Shasta,089,179085,10890,10833,1193,12026,140
2021-02-19,Sierra,091,2930,51,47,12,59,0
2021-02-19,Siskiyou,093,43540,1465,1363,225,1588,4
2021-02-19,Solano,095,438530,29608,29383,349,29732,150
2021-02-19,Sonoma,097,501317,27722,27595,193,27788,280
2021-02-19,Stanislaus,099,539301,50153,49282,5255,54537,739
2021-02-19,Sutter,101,95872,8807,8665,79,8744,96
2021-02-19,Tehama,103,63373,4570,4535,489,5024,30
2021-02-19,Trinity,105,12862,462,282,73,355,3
2021-02-19,Tulare,107,460477,47894,46662,7857,54519,736
2021-02-19,Tuolumne,109,53932,3793,3817,33,3850,52
2021-02-19,Ventura,111,848112,77180,76582,2749,79331,667
2021-02-19,Yolo,113,214977,12761,12606,217,12823,183
2021-02-19,Yuba,115,75493,5455,5376,84,5460,38
2021-02-18,Alameda,001,1643700,79999,79111,1707,80818,1012
2021-02-18,Alpine,003,1148,78,77,0,77,0
2021-02-18,Amador,005,37829,3443,3417,29,3446,38
2021-02-18,Butte,007,227075,11238,10791,1592,12383,175
2021-02-18,Calaveras,009,45235,1885,1873,12,1885,21
2021-02-18,Colusa,011,21464,1865,1856,259,2115,11
2021-02-18,Contra Costa,013,1133247,62334,60868,1062,61930,640
2021-02-18,Del Norte,015,27424,980,929,4,933,2
2021-02-18,El Dorado,017,186661,9051,8850,590,9440,94
2021-02-18,Fresno,019,978130,95410,93734,7592,101326,1323
2021-02-18,Glenn,021,27897,2224,2195,489,2684,14
2021-02-18,Humboldt,023,135768,3084,3023,22,3045,29
2021-02-18,Imperial,025,180216,27126,26731,2541,29272,591
2021-02-18,Inyo,027,18085,1266,1213,8,1221,32
2021-02-18,Kern,029,883053,92575,90655,9596,100251,961
2021-02-18,Kings,031,150075,22123,21648,958,22606,211
2021-02-18,Lake,033,64148,3132,3066,6,3072,40
2021-02-18,Lassen,035,31185,5099,5052,94,5146,1
2021-02-18,Los Angeles,037,10098052,1164843,1141930,38913,1180843,19358
2021-02-18,Madera,039,155013,15451,15175,800,15975,188
2021-02-18,Marin,041,260295,13048,12895,157,13052,209
2021-02-18,Mariposa,043,17540,375,369,5,374,4
2021-02-18,Mendocino,045,87422,3607,3519,68,3587,39
2021-02-18,Merced,047,269075,28056,27870,855,28725,372
2021-02-18,Modoc,049,8938,336,327,113,440,3
2021-02-18,Mono,051,14174,1173,1182,16,1198,3
2021-02-18,Monterey,053,433212,41689,41091,1667,42758,307
2021-02-18,Napa,055,140530,8937,8877,33,8910,68
2021-02-18,Nevada,057,99092,3944,3836,157,3993,66
2021-02-18,Orange,059,3164182,245574,243098,10111,253209,3673
2021-02-18,Placer,061,380077,20314,19429,1086,20515,232
2021-02-18,Plumas,063,18699,637,624,10,634,4
2021-02-18,Riverside,065,2383286,283977,276595,13345,289940,3510
2021-02-18,Sacramento,067,1510023,93378,91476,1208,92684,1334
2021-02-18,San Benito,069,59416,5705,5697,86,5783,58
2021-02-18,San Bernardino,071,2135413,284843,278887,8489,287376,3066
2021-02-18,San Diego,073,3302833,261500,254987,12643,267630,3135
2021-02-18,San Francisco,075,870044,33823,33650,1042,34692,386
2021-02-18,San Joaquin,077,732212,66131,64634,2720,67354,982
2021-02-18,San Luis Obispo,079,281455,19512,18987,545,19532,230
2021-02-18,San Mateo,081,765935,39142,38185,393,38578,282
2021-02-18,Santa Barbara,083,443738,31885,31054,1091,32145,387
2021-02-18,Santa Clara,085,1922200,108952,108210,556,108766,1605
2021-02-18,Santa Cruz,087,273765,15252,14314,776,15090,176
2021-02-18,Shasta,089,179085,10871,10811,1190,12001,139
2021-02-18,Sierra,091,2930,50,47,12,59,0
2021-02-18,Siskiyou,093,43540,1460,1359,224,1583,4
2021-02-18,Solano,095,438530,29581,29349,348,29697,150
2021-02-18,Sonoma,097,501317,27654,27512,192,27704,281
2021-02-18,Stanislaus,099,539301,50055,49150,5240,54390,738
2021-02-18,Sutter,101,95872,8799,8654,79,8733,96
2021-02-18,Tehama,103,63373,4567,4528,488,5016,30
2021-02-18,Trinity,105,12862,461,282,73,355,3
2021-02-18,Tulare,107,460477,47831,46591,7817,54408,728
2021-02-18,Tuolumne,109,53932,3756,3811,33,3844,52
2021-02-18,Ventura,111,848112,77048,76442,2741,79183,659
2021-02-18,Yolo,113,214977,12734,12549,214,12763,183
2021-02-18,Yuba,115,75493,5438,5358,84,5442,38
2021-02-17,Alameda,001,1643700,79837,78895,1705,80600,1002
2021-02-17,Alpine,003,1148,78,77,0,77,0
2021-02-17,Amador,005,37829,3439,3415,29,3444,38
2021-02-17,Butte,007,227075,11220,10770,1589,12359,174
2021-02-17,Calaveras,009,45235,1885,1876,12,1888,21
2021-02-17,Colusa,011,21464,1862,1854,259,2113,10
2021-02-17,Contra Costa,013,1133247,62193,60723,1059,61782,635
2021-02-17,Del Norte,015,27424,973,920,4,924,2
2021-02-17,El Dorado,017,186661,9039,8847,590,9437,94
2021-02-17,Fresno,019,978130,95271,93555,7565,101120,1307
2021-02-17,Glenn,021,27897,2224,2189,488,2677,14
2021-02-17,Humboldt,023,135768,3069,3006,22,3028,29
2021-02-17,Imperial,025,180216,27111,26726,2539,29265,580
2021-02-17,Inyo,027,18085,1258,1197,8,1205,32
2021-02-17,Kern,029,883053,92456,90454,9551,100005,962
2021-02-17,Kings,031,150075,22085,21617,954,22571,211
2021-02-17,Lake,033,64148,3121,3057,2,3059,38
2021-02-17,Lassen,035,31185,5094,5052,93,5145,1
2021-02-17,Los Angeles,037,10098052,1163791,1139786,38850,1178636,19213
2021-02-17,Madera,039,155013,15425,15135,791,15926,177
2021-02-17,Marin,041,260295,13022,12881,157,13038,207
2021-02-17,Mariposa,043,17540,375,368,4,372,4
2021-02-17,Mendocino,045,87422,3605,3494,67,3561,39
2021-02-17,Merced,047,269075,28000,27824,846,28670,372
2021-02-17,Modoc,049,8938,336,327,113,440,3
2021-02-17,Mono,051,14174,1173,1180,16,1196,3
2021-02-17,Monterey,053,433212,41635,41014,1655,42669,304
2021-02-17,Napa,055,140530,8923,8865,33,8898,68
2021-02-17,Nevada,057,99092,3925,3822,154,3976,52
2021-02-17,Orange,059,3164182,245306,242716,10077,252793,3626
2021-02-17,Placer,061,380077,20281,19405,1082,20487,230
2021-02-17,Plumas,063,18699,636,623,10,633,4
2021-02-17,Riverside,065,2383286,283691,276289,13324,289613,3491
2021-02-17,Sacramento,067,1510023,93219,91309,1201,92510,1326
2021-02-17,San Benito,069,59416,5699,5661,86,5747,57
2021-02-17,San Bernardino,071,2135413,284635,278461,8470,286931,3020
2021-02-17,San Diego,073,3302833,261122,254177,12622,266799,3099
2021-02-17,San Francisco,075,870044,33747,33558,1037,34595,379
2021-02-17,San Joaquin,077,732212,66029,64556,2714,67270,979
2021-02-17,San Luis Obispo,079,281455,19466,18964,545,19509,230
2021-02-17,San Mateo,081,765935,39076,38124,392,38516,282
2021-02-17,Santa Barbara,083,443738,31817,30927,1090,32017,384
2021-02-17,Santa Clara,085,1922200,108720,107949,554,108503,1592
2021-02-17,Santa Cruz,087,273765,15219,14268,773,15041,174
2021-02-17,Shasta,089,179085,10851,10770,1189,11959,139
2021-02-17,Sierra,091,2930,50,47,12,59,0
2021-02-17,Siskiyou,093,43540,1454,1352,221,1573,4
2021-02-17,Solano,095,438530,29525,29288,348,29636,149
2021-02-17,Sonoma,097,501317,27580,27408,187,27595,281
2021-02-17,Stanislaus,099,539301,49946,49050,5224,54274,730
2021-02-17,Sutter,101,95872,8789,8681,79,8760,95
2021-02-17,Tehama,103,63373,4563,4511,487,4998,30
2021-02-17,Trinity,105,12862,461,277,71,348,3
2021-02-17,Tulare,107,460477,47766,46495,7790,54285,726
2021-02-17,Tuolumne,109,53932,3747,3806,33,3839,49
2021-02-17,Ventura,111,848112,76923,76234,2735,78969,646
2021-02-17,Yolo,113,214977,12717,12506,212,12718,182
2021-02-17,Yuba,115,75493,5429,5345,84,5429,38
2021-02-16,Alameda,001,1643700,79664,78756,1702,80458,997
2021-02-16,Alpine,003,1148,78,76,0,76,0
2021-02-16,Amador,005,37829,3432,3413,29,3442,39
2021-02-16,Butte,007,227075,11193,10748,1586,12334,164
2021-02-16,Calaveras,009,45235,1883,1872,12,1884,21
2021-02-16,Colusa,011,21464,1859,1852,257,2109,10
2021-02-16,Contra Costa,013,1133247,62045,60564,1054,61618,631
2021-02-16,Del Norte,015,27424,965,913,4,917,2
2021-02-16,El Dorado,017,186661,9029,8836,589,9425,94
2021-02-16,Fresno,019,978130,95107,93363,7535,100898,1293
2021-02-16,Glenn,021,27897,2216,2189,483,2672,14
2021-02-16,Humboldt,023,135768,3046,2994,21,3015,29
2021-02-16,Imperial,025,180216,27098,26711,2535,29246,580
2021-02-16,Inyo,027,18085,1250,1191,8,1199,32
2021-02-16,Kern,029,883053,92321,90267,9522,99789,959
2021-02-16,Kings,031,150075,22039,21583,950,22533,206
2021-02-16,Lake,033,64148,3112,3041,2,3043,38
2021-02-16,Lassen,035,31185,5082,5047,93,5140,1
2021-02-16,Los Angeles,037,10098052,1162539,1138262,38789,1177051,19044
2021-02-16,Madera,039,155013,15386,15120,786,15906,172
2021-02-16,Marin,041,260295,12998,12832,157,12989,205
2021-02-16,Mariposa,043,17540,375,367,4,371,4
2021-02-16,Mendocino,045,87422,3601,3489,67,3556,39
2021-02-16,Merced,047,269075,27920,27724,840,28564,368
2021-02-16,Modoc,049,8938,336,326,113,439,3
2021-02-16,Mono,051,14174,1173,1180,16,1196,3
2021-02-16,Monterey,053,433212,41561,40962,1646,42608,303
2021-02-16,Napa,055,140530,8910,8854,33,8887,66
2021-02-16,Nevada,057,99092,3912,3774,153,3927,47
2021-02-16,Orange,059,3164182,244984,242382,10061,252443,3612
2021-02-16,Placer,061,380077,20248,19367,1079,20446,230
2021-02-16,Plumas,063,18699,636,619,10,629,4
2021-02-16,Riverside,065,2383286,283385,275954,13300,289254,3471
2021-02-16,Sacramento,067,1510023,92964,91246,1195,92441,1305
2021-02-16,San Benito,069,59416,5691,5659,85,5744,56
2021-02-16,San Bernardino,071,2135413,284413,277947,8459,286406,2978
2021-02-16,San Diego,073,3302833,260658,253638,12583,266221,3042
2021-02-16,San Francisco,075,870044,33676,33491,1032,34523,373
2021-02-16,San Joaquin,077,732212,65906,64448,2711,67159,979
2021-02-16,San Luis Obispo,079,281455,19421,18925,542,19467,229
2021-02-16,San Mateo,081,765935,39017,38041,390,38431,277
2021-02-16,Santa Barbara,083,443738,31743,30865,1087,31952,378
2021-02-16,Santa Clara,085,1922200,108468,107754,551,108305,1591
2021-02-16,Santa Cruz,087,273765,15199,14256,772,15028,174
2021-02-16,Shasta,089,179085,10835,10736,1187,11923,139
2021-02-16,Sierra,091,2930,50,47,12,59,0
2021-02-16,Siskiyou,093,43540,1450,1351,221,1572,4
2021-02-16,Solano,095,438530,29485,29246,347,29593,148
2021-02-16,Sonoma,097,501317,27518,27380,181,27561,279
2021-02-16,Stanislaus,099,539301,49825,48927,5210,54137,716
2021-02-16,Sutter,101,95872,8766,8671,79,8750,95
2021-02-16,Tehama,103,63373,4554,4501,486,4987,30
2021-02-16,Trinity,105,12862,457,275,71,346,3
2021-02-16,Tulare,107,460477,47702,46444,7746,54190,716
2021-02-16,Tuolumne,109,53932,3745,3796,33,3829,49
2021-02-16,Ventura,111,848112,76778,76043,2731,78774,631
2021-02-16,Yolo,113,214977,12686,12457,212,12669,175
2021-02-16,Yuba,115,75493,5422,5332,83,5415,38
2021-02-15,Alameda,001,1643700,79466,78647,1691,80338,996
2021-02-15,Alpine,003,1148,78,76,0,76,0
2021-02-15,Amador,005,37829,3428,3409,29,3438,39
2021-02-15,Butte,007,227075,11175,10723,1582,12305,155
2021-02-15,Calaveras,009,45235,1879,1871,12,1883,21
2021-02-15,Colusa,011,21464,1859,1849,253,2102,10
2021-02-15,Contra Costa,013,1133247,61869,60444,1048,61492,631
2021-02-15,Del Norte,015,27424,961,913,4,917,2
2021-02-15,El Dorado,017,186661,9012,8816,589,9405,94
2021-02-15,Fresno,019,978130,94907,93231,7496,100727,1288
2021-02-15,Glenn,021,27897,2213,2185,480,2665,14
2021-02-15,Humboldt,023,135768,3039,2997,21,3018,29
2021-02-15,Imperial,025,180216,27078,26700,2531,29231,580
2021-02-15,Inyo,027,18085,1231,1184,8,1192,32
2021-02-15,Kern,029,883053,92177,90181,9490,99671,959
2021-02-15,Kings,031,150075,21994,21574,946,22520,205
2021-02-15,Lake,033,64148,3098,3030,1,3031,38
2021-02-15,Lassen,035,31185,5080,5047,92,5139,1
2021-02-15,Los Angeles,037,10098052,1161149,1137164,38725,1175889,18925
2021-02-15,Madera,039,155013,15355,15108,784,15892,106
2021-02-15,Marin,041,260295,12978,12810,154,12964,203
2021-02-15,Mariposa,043,17540,373,367,4,371,4
2021-02-15,Mendocino,045,87422,3589,3481,67,3548,39
2021-02-15,Merced,047,269075,27845,27656,833,28489,368
2021-02-15,Modoc,049,8938,336,326,113,439,3
2021-02-15,Mono,051,14174,1170,1178,16,1194,3
2021-02-15,Monterey,053,433212,41500,40911,1633,42544,302
2021-02-15,Napa,055,140530,8896,8837,33,8870,57
2021-02-15,Nevada,057,99092,3895,3767,152,3919,47
2021-02-15,Orange,059,3164182,244665,242176,10033,252209,3586
2021-02-15,Placer,061,380077,20222,19361,1078,20439,230
2021-02-15,Plumas,063,18699,636,620,10,630,4
2021-02-15,Riverside,065,2383286,283028,275771,13282,289053,3468
2021-02-15,Sacramento,067,1510023,92637,91091,1190,92281,1304
2021-02-15,San Benito,069,59416,5682,5649,85,5734,56
2021-02-15,San Bernardino,071,2135413,284156,277869,8451,286320,2945
2021-02-15,San Diego,073,3302833,260143,252940,12552,265492,3037
2021-02-15,San Francisco,075,870044,33602,33454,1026,34480,373
2021-02-15,San Joaquin,077,732212,65742,64382,2704,67086,979
2021-02-15,San Luis Obispo,079,281455,19368,18891,540,19431,227
2021-02-15,San Mateo,081,765935,38939,37969,387,38356,277
2021-02-15,Santa Barbara,083,443738,31640,30810,1084,31894,378
2021-02-15,Santa Clara,085,1922200,108233,107630,549,108179,1588
2021-02-15,Santa Cruz,087,273765,15167,14239,769,15008,175
2021-02-15,Shasta,089,179085,10815,10730,1182,11912,139
2021-02-15,Sierra,091,2930,50,47,12,59,0
2021-02-15,Siskiyou,093,43540,1442,1345,220,1565,4
2021-02-15,Solano,095,438530,29430,29225,347,29572,148
2021-02-15,Sonoma,097,501317,27433,27359,177,27536,276
2021-02-15,Stanislaus,099,539301,49700,48808,5197,54005,716
2021-02-15,Sutter,101,95872,8751,8652,79,8731,95
2021-02-15,Tehama,103,63373,4543,4492,484,4976,30
2021-02-15,Trinity,105,12862,456,274,71,345,3
2021-02-15,Tulare,107,460477,47631,46344,7707,54051,715
2021-02-15,Tuolumne,109,53932,3735,3794,33,3827,49
2021-02-15,Ventura,111,848112,76622,75889,2728,78617,629
2021-02-15,Yolo,113,214977,12649,12412,206,12618,175
2021-02-15,Yuba,115,75493,5405,5320,82,5402,38
2021-02-14,Alameda,001,1643700,79309,78442,1690,80132,995
2021-02-14,Alpine,003,1148,78,76,0,76,0
2021-02-14,Amador,005,37829,3423,3398,29,3427,39
2021-02-14,Butte,007,227075,11151,10717,1577,12294,155
2021-02-14,Calaveras,009,45235,1876,1866,12,1878,21
2021-02-14,Colusa,011,21464,1855,1845,250,2095,10
2021-02-14,Contra Costa,013,1133247,61721,60272,1045,61317,631
2021-02-14,Del Norte,015,27424,957,911,4,915,2
2021-02-14,El Dorado,017,186661,8981,8790,588,9378,94
2021-02-14,Fresno,019,978130,94736,93065,7473,100538,1287
2021-02-14,Glenn,021,27897,2211,2184,480,2664,14
2021-02-14,Humboldt,023,135768,3026,2992,21,3013,29
2021-02-14,Imperial,025,180216,27070,26696,2530,29226,580
2021-02-14,Inyo,027,18085,1225,1177,8,1185,32
2021-02-14,Kern,029,883053,92017,90038,9437,99475,959
2021-02-14,Kings,031,150075,21968,21538,944,22482,205
2021-02-14,Lake,033,64148,3089,3030,1,3031,38
2021-02-14,Lassen,035,31185,5076,5037,92,5129,1
2021-02-14,Los Angeles,037,10098052,1159809,1135450,38639,1174089,18898
2021-02-14,Madera,039,155013,15323,15089,780,15869,106
2021-02-14,Marin,041,260295,12954,12784,154,12938,201
2021-02-14,Mariposa,043,17540,373,365,4,369,4
2021-02-14,Mendocino,045,87422,3583,3475,67,3542,39
2021-02-14,Merced,047,269075,27763,27601,828,28429,368
2021-02-14,Modoc,049,8938,336,326,113,439,3
2021-02-14,Mono,051,14174,1169,1180,16,1196,3
2021-02-14,Monterey,053,433212,41450,40842,1628,42470,302
2021-02-14,Napa,055,140530,8876,8826,33,8859,57
2021-02-14,Nevada,057,99092,3879,3761,152,3913,47
2021-02-14,Orange,059,3164182,244353,241859,10014,251873,3564
2021-02-14,Placer,061,380077,20183,19313,1073,20386,230
2021-02-14,Plumas,063,18699,635,620,10,630,4
2021-02-14,Riverside,065,2383286,282694,275518,13263,288781,3471
2021-02-14,Sacramento,067,1510023,92430,90856,1186,92042,1304
2021-02-14,San Benito,069,59416,5674,5641,84,5725,56
2021-02-14,San Bernardino,071,2135413,283840,277664,8431,286095,2929
2021-02-14,San Diego,073,3302833,259651,252247,12504,264751,3037
2021-02-14,San Francisco,075,870044,33528,33374,1018,34392,372
2021-02-14,San Joaquin,077,732212,65643,64243,2690,66933,979
2021-02-14,San Luis Obispo,079,281455,19330,18868,537,19405,225
2021-02-14,San Mateo,081,765935,38855,37859,387,38246,277
2021-02-14,Santa Barbara,083,443738,31548,30744,1080,31824,377
2021-02-14,Santa Clara,085,1922200,108032,107412,545,107957,1582
2021-02-14,Santa Cruz,087,273765,15139,14225,764,14989,175
2021-02-14,Shasta,089,179085,10784,10720,1177,11897,139
2021-02-14,Sierra,091,2930,50,47,12,59,0
2021-02-14,Siskiyou,093,43540,1438,1340,220,1560,4
2021-02-14,Solano,095,438530,29392,29150,344,29494,148
2021-02-14,Sonoma,097,501317,27359,27266,175,27441,276
2021-02-14,Stanislaus,099,539301,49593,48672,5182,53854,716
2021-02-14,Sutter,101,95872,8728,8642,79,8721,95
2021-02-14,Tehama,103,63373,4535,4490,482,4972,30
2021-02-14,Trinity,105,12862,456,272,71,343,3
2021-02-14,Tulare,107,460477,47546,46263,7658,53921,715
2021-02-14,Tuolumne,109,53932,3734,3764,33,3797,49
2021-02-14,Ventura,111,848112,76447,75742,2717,78459,629
2021-02-14,Yolo,113,214977,12620,12399,205,12604,175
2021-02-14,Yuba,115,75493,5395,5314,82,5396,38
2021-02-13,Alameda,001,1643700,79194,78246,1687,79933,995
2021-02-13,Alpine,003,1148,78,76,0,76,0
2021-02-13,Amador,005,37829,3420,3387,29,3416,38
2021-02-13,Butte,007,227075,11135,10699,1576,12275,155
2021-02-13,Calaveras,009,45235,1872,1863,12,1875,21
2021-02-13,Colusa,011,21464,1855,1837,250,2087,10
2021-02-13,Contra Costa,013,1133247,61601,60100,1045,61145,629
2021-02-13,Del Norte,015,27424,955,908,4,912,2
2021-02-13,El Dorado,017,186661,8970,8758,587,9345,93
2021-02-13,Fresno,019,978130,94622,92807,7451,100258,1287
2021-02-13,Glenn,021,27897,2210,2182,480,2662,14
2021-02-13,Humboldt,023,135768,3013,2974,20,2994,29
2021-02-13,Imperial,025,180216,27063,26680,2528,29208,580
2021-02-13,Inyo,027,18085,1221,1168,8,1176,32
2021-02-13,Kern,029,883053,91928,89915,9411,99326,957
2021-02-13,Kings,031,150075,21953,21513,942,22455,205
2021-02-13,Lake,033,64148,3083,3025,1,3026,37
2021-02-13,Lassen,035,31185,5073,5028,92,5120,1
2021-02-13,Los Angeles,037,10098052,1158950,1133752,38592,1172344,18822
2021-02-13,Madera,039,155013,15314,15053,776,15829,106
2021-02-13,Marin,041,260295,12933,12757,154,12911,201
2021-02-13,Mariposa,043,17540,373,365,4,369,4
2021-02-13,Mendocino,045,87422,3573,3466,67,3533,38
2021-02-13,Merced,047,269075,27719,27541,825,28366,368
2021-02-13,Modoc,049,8938,336,325,113,438,3
2021-02-13,Mono,051,14174,1169,1176,16,1192,3
2021-02-13,Monterey,053,433212,41418,40731,1626,42357,301
2021-02-13,Napa,055,140530,8867,8809,33,8842,57
2021-02-13,Nevada,057,99092,3870,3742,151,3893,47
2021-02-13,Orange,059,3164182,244148,241545,9995,251540,3520
2021-02-13,Placer,061,380077,20163,19214,1073,20287,230
2021-02-13,Plumas,063,18699,635,616,10,626,4
2021-02-13,Riverside,065,2383286,282460,275276,13254,288530,3462
2021-02-13,Sacramento,067,1510023,92263,90401,1183,91584,1302
2021-02-13,San Benito,069,59416,5660,5633,84,5717,56
2021-02-13,San Bernardino,071,2135413,283688,277405,8419,285824,2899
2021-02-13,San Diego,073,3302833,259319,251679,12492,264171,3009
2021-02-13,San Francisco,075,870044,33478,33291,1008,34299,364
2021-02-13,San Joaquin,077,732212,65576,64105,2680,66785,977
2021-02-13,San Luis Obispo,079,281455,19302,18803,531,19334,225
2021-02-13,San Mateo,081,765935,38802,37745,387,38132,277
2021-02-13,Santa Barbara,083,443738,31496,30594,1078,31672,374
2021-02-13,Santa Clara,085,1922200,107847,107125,541,107666,1570
2021-02-13,Santa Cruz,087,273765,15112,14198,763,14961,173
2021-02-13,Shasta,089,179085,10772,10713,1172,11885,139
2021-02-13,Sierra,091,2930,50,47,12,59,0
2021-02-13,Siskiyou,093,43540,1435,1336,220,1556,4
2021-02-13,Solano,095,438530,29355,29084,344,29428,148
2021-02-13,Sonoma,097,501317,27312,27157,173,27330,276
2021-02-13,Stanislaus,099,539301,49524,48568,5176,53744,697
2021-02-13,Sutter,101,95872,8716,8626,79,8705,94
2021-02-13,Tehama,103,63373,4526,4484,481,4965,30
2021-02-13,Trinity,105,12862,455,272,70,342,3
2021-02-13,Tulare,107,460477,47495,46162,7627,53789,709
2021-02-13,Tuolumne,109,53932,3733,3752,33,3785,49
2021-02-13,Ventura,111,848112,76309,75481,2711,78192,618
2021-02-13,Yolo,113,214977,12608,12374,204,12578,175
2021-02-13,Yuba,115,75493,5387,5289,82,5371,38
2021-02-12,Alameda,001,1643700,79058,77958,1681,79639,974
2021-02-12,Alpine,003,1148,78,76,0,76,0
2021-02-12,Amador,005,37829,3416,3381,29,3410,38
2021-02-12,Butte,007,227075,11120,10655,1569,12224,155
2021-02-12,Calaveras,009,45235,1869,1860,12,1872,21
2021-02-12,Colusa,011,21464,1855,1836,250,2086,10
2021-02-12,Contra Costa,013,1133247,61451,59878,1041,60919,620
2021-02-12,Del Norte,015,27424,945,901,4,905,2
2021-02-12,El Dorado,017,186661,8954,8725,584,9309,92
2021-02-12,Fresno,019,978130,94468,92520,7431,99951,1273
2021-02-12,Glenn,021,27897,2207,2175,480,2655,14
2021-02-12,Humboldt,023,135768,3005,2961,20,2981,29
2021-02-12,Imperial,025,180216,27054,26646,2526,29172,585
2021-02-12,Inyo,027,18085,1215,1156,8,1164,32
2021-02-12,Kern,029,883053,91817,89532,9376,98908,949
2021-02-12,Kings,031,150075,21921,21462,937,22399,202
2021-02-12,Lake,033,64148,3079,3012,1,3013,36
2021-02-12,Lassen,035,31185,5071,5015,92,5107,1
2021-02-12,Los Angeles,037,10098052,1157745,1131185,38523,1169708,18637
2021-02-12,Madera,039,155013,15287,15022,773,15795,106
2021-02-12,Marin,041,260295,12907,12720,154,12874,200
2021-02-12,Mariposa,043,17540,372,365,4,369,4
2021-02-12,Mendocino,045,87422,3571,3447,67,3514,38
2021-02-12,Merced,047,269075,27668,27453,822,28275,367
2021-02-12,Modoc,049,8938,336,324,113,437,3
2021-02-12,Mono,051,14174,1168,1172,16,1188,3
2021-02-12,Monterey,053,433212,41371,40633,1617,42250,297
2021-02-12,Napa,055,140530,8855,8785,33,8818,55
2021-02-12,Nevada,057,99092,3865,3728,151,3879,47
2021-02-12,Orange,059,3164182,243910,241075,9981,251056,3505
2021-02-12,Placer,061,380077,20121,19174,1068,20242,230
2021-02-12,Plumas,063,18699,634,614,10,624,4
2021-02-12,Riverside,065,2383286,282183,274792,13236,288028,3438
2021-02-12,Sacramento,067,1510023,92060,90252,1182,91434,1295
2021-02-12,San Benito,069,59416,5644,5622,83,5705,56
2021-02-12,San Bernardino,071,2135413,283495,276890,8408,285298,2827
2021-02-12,San Diego,073,3302833,258937,250788,12466,263254,2979
2021-02-12,San Francisco,075,870044,33419,33179,1004,34183,359
2021-02-12,San Joaquin,077,732212,65482,63966,2672,66638,975
2021-02-12,San Luis Obispo,079,281455,19261,18687,530,19217,224
2021-02-12,San Mateo,081,765935,38730,37560,387,37947,254
2021-02-12,Santa Barbara,083,443738,31425,30454,1073,31527,372
2021-02-12,Santa Clara,085,1922200,107678,106759,538,107297,1543
2021-02-12,Santa Cruz,087,273765,15092,14147,763,14910,170
2021-02-12,Shasta,089,179085,10753,10693,1162,11855,142
2021-02-12,Sierra,091,2930,49,45,12,57,0
2021-02-12,Siskiyou,093,43540,1431,1324,217,1541,4
2021-02-12,Solano,095,438530,29323,28996,341,29337,147
2021-02-12,Sonoma,097,501317,27258,27064,169,27233,275
2021-02-12,Stanislaus,099,539301,49439,48418,5153,53571,697
2021-02-12,Sutter,101,95872,8702,8609,79,8688,93
2021-02-12,Tehama,103,63373,4518,4470,480,4950,27
2021-02-12,Trinity,105,12862,455,269,70,339,3
2021-02-12,Tulare,107,460477,47417,46016,7600,53616,710
2021-02-12,Tuolumne,109,53932,3730,3736,32,3768,49
2021-02-12,Ventura,111,848112,76141,75210,2704,77914,605
2021-02-12,Yolo,113,214977,12588,12340,204,12544,175
2021-02-12,Yuba,115,75493,5379,5274,82,5356,38
2021-02-11,Alameda,001,1643700,78831,77564,1676,79240,960
2021-02-11,Alpine,003,1148,77,76,0,76,0
2021-02-11,Amador,005,37829,3412,3368,29,3397,35
2021-02-11,Butte,007,227075,11096,10624,1567,12191,155
2021-02-11,Calaveras,009,45235,1866,1856,12,1868,21
2021-02-11,Colusa,011,21464,1850,1823,248,2071,10
2021-02-11,Contra Costa,013,1133247,61284,59633,1037,60670,605
2021-02-11,Del Norte,015,27424,940,894,4,898,2
2021-02-11,El Dorado,017,186661,8933,8698,584,9282,92
2021-02-11,Fresno,019,978130,94312,92168,7406,99574,1255
2021-02-11,Glenn,021,27897,2203,2166,479,2645,14
2021-02-11,Humboldt,023,135768,2992,2954,19,2973,29
2021-02-11,Imperial,025,180216,27031,26545,2524,29069,578
2021-02-11,Inyo,027,18085,1206,1144,8,1152,32
2021-02-11,Kern,029,883053,91626,89224,9332,98556,941
2021-02-11,Kings,031,150075,21891,21373,934,22307,202
2021-02-11,Lake,033,64148,3069,3002,1,3003,36
2021-02-11,Lassen,035,31185,5060,5004,89,5093,1
2021-02-11,Los Angeles,037,10098052,1156113,1128437,38454,1166891,18500
2021-02-11,Madera,039,155013,15266,14984,771,15755,106
2021-02-11,Marin,041,260295,12870,12682,154,12836,200
2021-02-11,Mariposa,043,17540,372,361,4,365,4
2021-02-11,Mendocino,045,87422,3564,3420,67,3487,38
2021-02-11,Merced,047,269075,27602,27325,818,28143,363
2021-02-11,Modoc,049,8938,335,317,113,430,3
2021-02-11,Mono,051,14174,1164,1173,16,1189,3
2021-02-11,Monterey,053,433212,41263,40469,1611,42080,295
2021-02-11,Napa,055,140530,8834,8777,33,8810,55
2021-02-11,Nevada,057,99092,3849,3720,151,3871,47
2021-02-11,Orange,059,3164182,243545,240590,9958,250548,3476
2021-02-11,Placer,061,380077,20081,19118,1067,20185,224
2021-02-11,Plumas,063,18699,633,592,10,602,4
2021-02-11,Riverside,065,2383286,281814,274313,13221,287534,3394
2021-02-11,Sacramento,067,1510023,91817,89988,1176,91164,1286
2021-02-11,San Benito,069,59416,5635,5609,83,5692,56
2021-02-11,San Bernardino,071,2135413,283179,276349,8394,284743,2774
2021-02-11,San Diego,073,3302833,258385,249971,12432,262403,2955
2021-02-11,San Francisco,075,870044,33334,33076,995,34071,356
2021-02-11,San Joaquin,077,732212,65312,63719,2662,66381,971
2021-02-11,San Luis Obispo,079,281455,19196,18615,526,19141,219
2021-02-11,San Mateo,081,765935,38639,37439,385,37824,253
2021-02-11,Santa Barbara,083,443738,31329,30375,1068,31443,370
2021-02-11,Santa Clara,085,1922200,107421,106392,532,106924,1507
2021-02-11,Santa Cruz,087,273765,15069,14088,758,14846,165
2021-02-11,Shasta,089,179085,10729,10672,1158,11830,140
2021-02-11,Sierra,091,2930,49,45,12,57,0
2021-02-11,Siskiyou,093,43540,1416,1320,217,1537,4
2021-02-11,Solano,095,438530,29271,28885,341,29226,138
2021-02-11,Sonoma,097,501317,27175,26971,166,27137,272
2021-02-11,Stanislaus,099,539301,49295,48205,5142,53347,697
2021-02-11,Sutter,101,95872,8688,8590,78,8668,93
2021-02-11,Tehama,103,63373,4512,4463,480,4943,26
2021-02-11,Trinity,105,12862,455,269,70,339,3
2021-02-11,Tulare,107,460477,47322,45897,7559,53456,706
2021-02-11,Tuolumne,109,53932,3693,3716,32,3748,48
2021-02-11,Ventura,111,848112,75940,74959,2695,77654,590
2021-02-11,Yolo,113,214977,12565,12303,202,12505,173
2021-02-11,Yuba,115,75493,5365,5261,80,5341,38
2021-02-10,Alameda,001,1643700,78628,77344,1675,79019,944
2021-02-10,Alpine,003,1148,77,76,0,76,0
2021-02-10,Amador,005,37829,3400,3348,29,3377,35
2021-02-10,Butte,007,227075,11070,10594,1566,12160,155
2021-02-10,Calaveras,009,45235,1864,1850,12,1862,21
2021-02-10,Colusa,011,21464,1843,1815,246,2061,10
2021-02-10,Contra Costa,013,1133247,61112,59488,1035,60523,590
2021-02-10,Del Norte,015,27424,934,888,4,892,2
2021-02-10,El Dorado,017,186661,8902,8682,580,9262,87
2021-02-10,Fresno,019,978130,94137,91876,7380,99256,1247
2021-02-10,Glenn,021,27897,2201,2160,476,2636,14
2021-02-10,Humboldt,023,135768,2984,2924,19,2943,29
2021-02-10,Imperial,025,180216,26992,26522,2521,29043,578
2021-02-10,Inyo,027,18085,1194,1138,8,1146,30
2021-02-10,Kern,029,883053,91419,88933,9278,98211,926
2021-02-10,Kings,031,150075,21848,21294,932,22226,197
2021-02-10,Lake,033,64148,3056,2975,1,2976,36
2021-02-10,Lassen,035,31185,5056,4993,89,5082,1
2021-02-10,Los Angeles,037,10098052,1154369,1125437,38325,1163762,18338
2021-02-10,Madera,039,155013,15228,14925,769,15694,105
2021-02-10,Marin,041,260295,12833,12651,154,12805,199
2021-02-10,Mariposa,043,17540,370,360,4,364,4
2021-02-10,Mendocino,045,87422,3549,3395,67,3462,38
2021-02-10,Merced,047,269075,27519,27246,807,28053,359
2021-02-10,Modoc,049,8938,334,315,111,426,3
2021-02-10,Mono,051,14174,1159,1170,16,1186,3
2021-02-10,Monterey,053,433212,41184,40366,1596,41962,288
2021-02-10,Napa,055,140530,8815,8769,33,8802,55
2021-02-10,Nevada,057,99092,3834,3693,149,3842,47
2021-02-10,Orange,059,3164182,243125,239974,9927,249901,3439
2021-02-10,Placer,061,380077,20042,19062,1062,20124,220
2021-02-10,Plumas,063,18699,630,589,10,599,2
2021-02-10,Riverside,065,2383286,281388,273721,13211,286932,3374
2021-02-10,Sacramento,067,1510023,91566,89653,1172,90825,1275
2021-02-10,San Benito,069,59416,5621,5591,83,5674,55
2021-02-10,San Bernardino,071,2135413,282816,275616,8378,283994,2696
2021-02-10,San Diego,073,3302833,257803,248858,12394,261252,2904
2021-02-10,San Francisco,075,870044,33252,32955,992,33947,351
2021-02-10,San Joaquin,077,732212,65171,63484,2648,66132,954
2021-02-10,San Luis Obispo,079,281455,19117,18549,524,19073,216
2021-02-10,San Mateo,081,765935,38549,37323,385,37708,245
2021-02-10,Santa Barbara,083,443738,31238,30216,1063,31279,359
2021-02-10,Santa Clara,085,1922200,107182,106048,529,106577,1489
2021-02-10,Santa Cruz,087,273765,15033,14007,756,14763,165
2021-02-10,Shasta,089,179085,10706,10645,1155,11800,142
2021-02-10,Sierra,091,2930,49,45,12,57,0
2021-02-10,Siskiyou,093,43540,1411,1314,216,1530,4
2021-02-10,Solano,095,438530,29196,28835,339,29174,137
2021-02-10,Sonoma,097,501317,27083,26881,164,27045,271
2021-02-10,Stanislaus,099,539301,49179,48016,5125,53141,696
2021-02-10,Sutter,101,95872,8671,8571,78,8649,93
2021-02-10,Tehama,103,63373,4504,4445,480,4925,23
2021-02-10,Trinity,105,12862,452,268,70,338,3
2021-02-10,Tulare,107,460477,47205,45782,7520,53302,696
2021-02-10,Tuolumne,109,53932,3685,3691,32,3723,48
2021-02-10,Ventura,111,848112,75713,74651,2678,77329,580
2021-02-10,Yolo,113,214977,12541,12276,201,12477,174
2021-02-10,Yuba,115,75493,5347,5241,80,5321,38
2021-02-09,Alameda,001,1643700,78365,77018,1672,78690,936
2021-02-09,Alpine,003,1148,77,76,0,76,0
2021-02-09,Amador,005,37829,3392,3347,29,3376,35
2021-02-09,Butte,007,227075,11043,10563,1564,12127,153
2021-02-09,Calaveras,009,45235,1860,1847,12,1859,21
2021-02-09,Colusa,011,21464,1834,1812,241,2053,10
2021-02-09,Contra Costa,013,1133247,60924,59307,1029,60336,583
2021-02-09,Del Norte,015,27424,928,886,4,890,2
2021-02-09,El Dorado,017,186661,8875,8663,579,9242,87
2021-02-09,Fresno,019,978130,93895,91730,7352,99082,1211
2021-02-09,Glenn,021,27897,2197,2156,475,2631,14
2021-02-09,Humboldt,023,135768,2976,2904,19,2923,29
2021-02-09,Imperial,025,180216,26965,26509,2518,29027,568
2021-02-09,Inyo,027,18085,1186,1137,8,1145,30
2021-02-09,Kern,029,883053,91170,88684,9232,97916,920
2021-02-09,Kings,031,150075,21806,21275,930,22205,196
2021-02-09,Lake,033,64148,3045,2955,1,2956,36
2021-02-09,Lassen,035,31185,5049,4983,89,5072,1
2021-02-09,Los Angeles,037,10098052,1152399,1122745,38239,1160984,18198
2021-02-09,Madera,039,155013,15208,14912,766,15678,105
2021-02-09,Marin,041,260295,12800,12623,153,12776,197
2021-02-09,Mariposa,043,17540,368,355,4,359,4
2021-02-09,Mendocino,045,87422,3531,3369,67,3436,38
2021-02-09,Merced,047,269075,27421,27166,802,27968,354
2021-02-09,Modoc,049,8938,333,316,111,427,3
2021-02-09,Mono,051,14174,1158,1167,16,1183,3
2021-02-09,Monterey,053,433212,41077,40279,1584,41863,285
2021-02-09,Napa,055,140530,8802,8749,33,8782,55
2021-02-09,Nevada,057,99092,3818,3687,149,3836,44
2021-02-09,Orange,059,3164182,242710,239169,9896,249065,3406
2021-02-09,Placer,061,380077,19977,19008,1055,20063,220
2021-02-09,Plumas,063,18699,630,584,10,594,2
2021-02-09,Riverside,065,2383286,280894,273465,13195,286660,3334
2021-02-09,Sacramento,067,1510023,91255,89378,1171,90549,1265
2021-02-09,San Benito,069,59416,5609,5566,82,5648,54
2021-02-09,San Bernardino,071,2135413,282443,274998,8365,283363,2613
2021-02-09,San Diego,073,3302833,257146,248048,12351,260399,2853
2021-02-09,San Francisco,075,870044,33173,32782,982,33764,349
2021-02-09,San Joaquin,077,732212,64997,63341,2643,65984,937
2021-02-09,San Luis Obispo,079,281455,19058,18489,523,19012,216
2021-02-09,San Mateo,081,765935,38418,37227,384,37611,235
2021-02-09,Santa Barbara,083,443738,31127,30118,1057,31175,351
2021-02-09,Santa Clara,085,1922200,106875,105762,526,106288,1463
2021-02-09,Santa Cruz,087,273765,14983,13958,751,14709,162
2021-02-09,Shasta,089,179085,10679,10595,1153,11748,139
2021-02-09,Sierra,091,2930,49,44,12,56,0
2021-02-09,Siskiyou,093,43540,1403,1306,214,1520,4
2021-02-09,Solano,095,438530,29119,28769,336,29105,131
2021-02-09,Sonoma,097,501317,26993,26826,162,26988,267
2021-02-09,Stanislaus,099,539301,49018,47906,5109,53015,679
2021-02-09,Sutter,101,95872,8654,8541,78,8619,92
2021-02-09,Tehama,103,63373,4497,4416,478,4894,22
2021-02-09,Trinity,105,12862,452,266,70,336,3
2021-02-09,Tulare,107,460477,47071,45704,7466,53170,686
2021-02-09,Tuolumne,109,53932,3666,3673,32,3705,48
2021-02-09,Ventura,111,848112,75463,74333,2670,77003,567
2021-02-09,Yolo,113,214977,12500,12220,201,12421,174
2021-02-09,Yuba,115,75493,5338,5235,80,5315,35
2021-02-08,Alameda,001,1643700,78102,76735,1667,78402,924
2021-02-08,Alpine,003,1148,77,73,0,73,0
2021-02-08,Amador,005,37829,3385,3344,28,3372,33
2021-02-08,Butte,007,227075,11021,10524,1561,12085,152
2021-02-08,Calaveras,009,45235,1859,1840,12,1852,21
2021-02-08,Colusa,011,21464,1826,1802,237,2039,10
2021-02-08,Contra Costa,013,1133247,60716,59039,1027,60066,567
2021-02-08,Del Norte,015,27424,925,885,4,889,2
2021-02-08,El Dorado,017,186661,8844,8627,577,9204,86
2021-02-08,Fresno,019,978130,93682,91430,7326,98756,1207
2021-02-08,Glenn,021,27897,2190,2148,473,2621,14
2021-02-08,Humboldt,023,135768,2968,2902,19,2921,29
2021-02-08,Imperial,025,180216,26945,26526,2516,29042,567
2021-02-08,Inyo,027,18085,1173,1126,8,1134,30
2021-02-08,Kern,029,883053,90955,88380,9174,97554,920
2021-02-08,Kings,031,150075,21744,21232,927,22159,195
2021-02-08,Lake,033,64148,3026,2949,1,2950,36
2021-02-08,Lassen,035,31185,5036,4976,89,5065,1
2021-02-08,Los Angeles,037,10098052,1150304,1120179,38120,1158299,17977
2021-02-08,Madera,039,155013,15172,14887,759,15646,93
2021-02-08,Marin,041,260295,12771,12591,153,12744,194
2021-02-08,Mariposa,043,17540,368,355,4,359,4
2021-02-08,Mendocino,045,87422,3517,3355,67,3422,38
2021-02-08,Merced,047,269075,27336,27082,797,27879,346
2021-02-08,Modoc,049,8938,331,318,111,429,3
2021-02-08,Mono,051,14174,1158,1165,16,1181,3
2021-02-08,Monterey,053,433212,40954,40186,1565,41751,283
2021-02-08,Napa,055,140530,8787,8719,33,8752,55
2021-02-08,Nevada,057,99092,3806,3671,149,3820,44
2021-02-08,Orange,059,3164182,242241,238715,9872,248587,3361
2021-02-08,Placer,061,380077,19935,18944,1049,19993,211
2021-02-08,Plumas,063,18699,629,584,10,594,2
2021-02-08,Riverside,065,2383286,280325,272904,13169,286073,3301
2021-02-08,Sacramento,067,1510023,90968,89267,1168,90435,1247
2021-02-08,San Benito,069,59416,5604,5553,81,5634,52
2021-02-08,San Bernardino,071,2135413,282039,274661,8359,283020,2587
2021-02-08,San Diego,073,3302833,256404,247259,12310,259569,2821
2021-02-08,San Francisco,075,870044,33079,32679,974,33653,348
2021-02-08,San Joaquin,077,732212,64836,63148,2633,65781,929
2021-02-08,San Luis Obispo,079,281455,19001,18421,518,18939,214
2021-02-08,San Mateo,081,765935,38309,37084,384,37468,232
2021-02-08,Santa Barbara,083,443738,31012,29978,1050,31028,340
2021-02-08,Santa Clara,085,1922200,106550,105413,518,105931,1456
2021-02-08,Santa Cruz,087,273765,14944,13921,745,14666,161
2021-02-08,Shasta,089,179085,10653,10574,1147,11721,137
2021-02-08,Sierra,091,2930,49,44,12,56,0
2021-02-08,Siskiyou,093,43540,1400,1303,214,1517,4
2021-02-08,Solano,095,438530,29055,28644,334,28978,130
2021-02-08,Sonoma,097,501317,26902,26760,161,26921,259
2021-02-08,Stanislaus,099,539301,48865,47704,5081,52785,679
2021-02-08,Sutter,101,95872,8635,8526,78,8604,92
2021-02-08,Tehama,103,63373,4482,4403,476,4879,22
2021-02-08,Trinity,105,12862,450,266,70,336,3
2021-02-08,Tulare,107,460477,46963,45617,7426,53043,673
2021-02-08,Tuolumne,109,53932,3658,3647,32,3679,48
2021-02-08,Ventura,111,848112,75206,74068,2664,76732,565
2021-02-08,Yolo,113,214977,12468,12169,200,12369,162
2021-02-08,Yuba,115,75493,5322,5215,80,5295,35
2021-02-07,Alameda,001,1643700,77799,76500,1659,78159,924
2021-02-07,Alpine,003,1148,74,72,0,72,0
2021-02-07,Amador,005,37829,3364,3343,28,3371,33
2021-02-07,Butte,007,227075,10988,10513,1551,12064,152
2021-02-07,Calaveras,009,45235,1854,1837,12,1849,21
2021-02-07,Colusa,011,21464,1815,1795,235,2030,10
2021-02-07,Contra Costa,013,1133247,60477,58836,1022,59858,566
2021-02-07,Del Norte,015,27424,921,881,4,885,2
2021-02-07,El Dorado,017,186661,8815,8596,575,9171,86
2021-02-07,Fresno,019,978130,93452,91184,7288,98472,1207
2021-02-07,Glenn,021,27897,2187,2141,470,2611,14
2021-02-07,Humboldt,023,135768,2947,2895,19,2914,28
2021-02-07,Imperial,025,180216,26916,26518,2510,29028,567
2021-02-07,Inyo,027,18085,1162,1124,8,1132,27
2021-02-07,Kern,029,883053,90710,88146,9117,97263,920
2021-02-07,Kings,031,150075,21683,21180,924,22104,192
2021-02-07,Lake,033,64148,3010,2940,1,2941,36
2021-02-07,Lassen,035,31185,5025,4973,89,5062,1
2021-02-07,Los Angeles,037,10098052,1147548,1117551,37992,1155543,17889
2021-02-07,Madera,039,155013,15138,14850,755,15605,93
2021-02-07,Marin,041,260295,12737,12571,151,12722,194
2021-02-07,Mariposa,043,17540,367,355,4,359,4
2021-02-07,Mendocino,045,87422,3500,3348,67,3415,38
2021-02-07,Merced,047,269075,27224,26977,785,27762,346
2021-02-07,Modoc,049,8938,331,317,107,424,3
2021-02-07,Mono,051,14174,1155,1165,16,1181,3
2021-02-07,Monterey,053,433212,40819,40113,1545,41658,283
2021-02-07,Napa,055,140530,8764,8701,33,8734,55
2021-02-07,Nevada,057,99092,3795,3643,149,3792,44
2021-02-07,Orange,059,3164182,241643,238155,9840,247995,3336
2021-02-07,Placer,061,380077,19888,18903,1036,19939,211
2021-02-07,Plumas,063,18699,629,584,10,594,2
2021-02-07,Riverside,065,2383286,279797,272301,13148,285449,3267
2021-02-07,Sacramento,067,1510023,90636,88919,1161,90080,1246
2021-02-07,San Benito,069,59416,5585,5548,80,5628,52
2021-02-07,San Bernardino,071,2135413,281457,274316,8334,282650,2587
2021-02-07,San Diego,073,3302833,255618,246561,12246,258807,2821
2021-02-07,San Francisco,075,870044,32959,32609,962,33571,348
2021-02-07,San Joaquin,077,732212,64563,63051,2618,65669,929
2021-02-07,San Luis Obispo,079,281455,18929,18349,511,18860,214
2021-02-07,San Mateo,081,765935,38175,36984,382,37366,232
2021-02-07,Santa Barbara,083,443738,30871,29815,1039,30854,340
2021-02-07,Santa Clara,085,1922200,106210,105118,508,105626,1450
2021-02-07,Santa Cruz,087,273765,14890,13887,741,14628,161
2021-02-07,Shasta,089,179085,10633,10570,1139,11709,137
2021-02-07,Sierra,091,2930,49,43,12,55,0
2021-02-07,Siskiyou,093,43540,1393,1295,212,1507,4
2021-02-07,Solano,095,438530,28945,28567,333,28900,130
2021-02-07,Sonoma,097,501317,26795,26684,157,26841,257
2021-02-07,Stanislaus,099,539301,48675,47551,5049,52600,679
2021-02-07,Sutter,101,95872,8607,8515,78,8593,92
2021-02-07,Tehama,103,63373,4468,4396,474,4870,22
2021-02-07,Trinity,105,12862,447,264,68,332,3
2021-02-07,Tulare,107,460477,46841,45520,7348,52868,671
2021-02-07,Tuolumne,109,53932,3634,3619,31,3650,48
2021-02-07,Ventura,111,848112,74897,73759,2652,76411,561
2021-02-07,Yolo,113,214977,12423,12135,200,12335,162
2021-02-07,Yuba,115,75493,5307,5198,78,5276,35
2021-02-06,Alameda,001,1643700,77645,76170,1648,77818,922
2021-02-06,Alpine,003,1148,74,72,0,72,0
2021-02-06,Amador,005,37829,3358,3306,28,3334,33
2021-02-06,Butte,007,227075,10971,10480,1547,12027,150
2021-02-06,Calaveras,009,45235,1852,1832,12,1844,21
2021-02-06,Colusa,011,21464,1813,1791,234,2025,10
2021-02-06,Contra Costa,013,1133247,60331,58567,1016,59583,566
2021-02-06,Del Norte,015,27424,917,879,4,883,2
2021-02-06,El Dorado,017,186661,8808,8575,571,9146,86
2021-02-06,Fresno,019,978130,93339,90944,7268,98212,1207
2021-02-06,Glenn,021,27897,2186,2136,469,2605,14
2021-02-06,Humboldt,023,135768,2936,2880,19,2899,28
2021-02-06,Imperial,025,180216,26906,26514,2509,29023,567
2021-02-06,Inyo,027,18085,1159,1113,8,1121,27
2021-02-06,Kern,029,883053,90558,87919,9071,96990,912
2021-02-06,Kings,031,150075,21653,21156,924,22080,190
2021-02-06,Lake,033,64148,3005,2920,1,2921,34
2021-02-06,Lassen,035,31185,5021,4964,88,5052,1
2021-02-06,Los Angeles,037,10098052,1146194,1114718,37894,1152612,17793
2021-02-06,Madera,039,155013,15117,14807,753,15560,93
2021-02-06,Marin,041,260295,12717,12531,151,12682,194
2021-02-06,Mariposa,043,17540,366,355,3,358,4
2021-02-06,Mendocino,045,87422,3482,3316,66,3382,38
2021-02-06,Merced,047,269075,27137,26881,778,27659,346
2021-02-06,Modoc,049,8938,331,313,107,420,3
2021-02-06,Mono,051,14174,1154,1159,16,1175,3
2021-02-06,Monterey,053,433212,40763,39995,1537,41532,282
2021-02-06,Napa,055,140530,8751,8639,33,8672,55
2021-02-06,Nevada,057,99092,3783,3624,149,3773,43
2021-02-06,Orange,059,3164182,241279,237391,9806,247197,3293
2021-02-06,Placer,061,380077,19851,18836,1033,19869,211
2021-02-06,Plumas,063,18699,629,584,10,594,2
2021-02-06,Riverside,065,2383286,279430,271741,13129,284870,3243
2021-02-06,Sacramento,067,1510023,90419,88532,1151,89683,1237
2021-02-06,San Benito,069,59416,5567,5516,80,5596,52
2021-02-06,San Bernardino,071,2135413,281151,273718,8311,282029,2564
2021-02-06,San Diego,073,3302833,255122,245331,12211,257542,2812
2021-02-06,San Francisco,075,870044,32885,32437,952,33389,346
2021-02-06,San Joaquin,077,732212,64484,62840,2607,65447,906
2021-02-06,San Luis Obispo,079,281455,18887,18284,507,18791,214
2021-02-06,San Mateo,081,765935,38107,36824,379,37203,232
2021-02-06,Santa Barbara,083,443738,30795,29645,1037,30682,337
2021-02-06,Santa Clara,085,1922200,105989,104639,503,105142,1439
2021-02-06,Santa Cruz,087,273765,14859,13845,737,14582,161
2021-02-06,Shasta,089,179085,10622,10561,1137,11698,137
2021-02-06,Sierra,091,2930,49,43,12,55,0
2021-02-06,Siskiyou,093,43540,1390,1289,211,1500,4
2021-02-06,Solano,095,438530,28909,28446,332,28778,129
2021-02-06,Sonoma,097,501317,26758,26564,155,26719,257
2021-02-06,Stanislaus,099,539301,48577,47325,5033,52358,679
2021-02-06,Sutter,101,95872,8599,8485,78,8563,92
2021-02-06,Tehama,103,63373,4461,4380,472,4852,22
2021-02-06,Trinity,105,12862,447,263,68,331,3
2021-02-06,Tulare,107,460477,46773,45349,7301,52650,664
2021-02-06,Tuolumne,109,53932,3627,3612,31,3643,48
2021-02-06,Ventura,111,848112,74717,73431,2646,76077,552
2021-02-06,Yolo,113,214977,12400,12061,200,12261,161
2021-02-06,Yuba,115,75493,5297,5177,77,5254,35
2021-02-05,Alameda,001,1643700,77420,75716,1646,77362,916
2021-02-05,Alpine,003,1148,74,72,0,72,0
2021-02-05,Amador,005,37829,3353,3299,27,3326,33
2021-02-05,Butte,007,227075,10953,10421,1541,11962,150
2021-02-05,Calaveras,009,45235,1848,1818,12,1830,21
2021-02-05,Colusa,011,21464,1809,1785,234,2019,10
2021-02-05,Contra Costa,013,1133247,60170,58195,1014,59209,560
2021-02-05,Del Norte,015,27424,916,874,4,878,2
2021-02-05,El Dorado,017,186661,8788,8527,569,9096,86
2021-02-05,Fresno,019,978130,93137,90513,7247,97760,1194
2021-02-05,Glenn,021,27897,2182,2122,463,2585,14
2021-02-05,Humboldt,023,135768,2926,2857,19,2876,28
2021-02-05,Imperial,025,180216,26887,26474,2508,28982,557
2021-02-05,Inyo,027,18085,1155,1104,8,1112,27
2021-02-05,Kern,029,883053,90389,87470,9004,96474,906
2021-02-05,Kings,031,150075,21615,21021,921,21942,190
2021-02-05,Lake,033,64148,2993,2906,1,2907,33
2021-02-05,Lassen,035,31185,5017,4936,88,5024,1
2021-02-05,Los Angeles,037,10098052,1144098,1110384,37758,1148142,17608
2021-02-05,Madera,039,155013,15083,14752,748,15500,95
2021-02-05,Marin,041,260295,12682,12479,151,12630,193
2021-02-05,Mariposa,043,17540,366,352,3,355,4
2021-02-05,Mendocino,045,87422,3468,3272,66,3338,38
2021-02-05,Merced,047,269075,27077,26760,777,27537,345
2021-02-05,Modoc,049,8938,331,312,107,419,3
2021-02-05,Mono,051,14174,1153,1157,16,1173,3
2021-02-05,Monterey,053,433212,40696,39840,1526,41366,281
2021-02-05,Napa,055,140530,8737,8598,33,8631,55
2021-02-05,Nevada,057,99092,3780,3607,149,3756,43
2021-02-05,Orange,059,3164182,240852,236335,9779,246114,3260
2021-02-05,Placer,061,380077,19815,18756,1031,19787,211
2021-02-05,Plumas,063,18699,627,578,10,588,2
2021-02-05,Riverside,065,2383286,279016,270666,13110,283776,3235
2021-02-05,Sacramento,067,1510023,90239,87992,1144,89136,1231
2021-02-05,San Benito,069,59416,5556,5502,80,5582,51
2021-02-05,San Bernardino,071,2135413,280813,272938,8293,281231,2495
2021-02-05,San Diego,073,3302833,254546,244066,12176,256242,2777
2021-02-05,San Francisco,075,870044,32795,32229,941,33170,337
2021-02-05,San Joaquin,077,732212,64334,62565,2599,65164,902
2021-02-05,San Luis Obispo,079,281455,18826,18152,503,18655,213
2021-02-05,San Mateo,081,765935,38023,36582,378,36960,227
2021-02-05,Santa Barbara,083,443738,30698,29455,1024,30479,334
2021-02-05,Santa Clara,085,1922200,105741,104112,501,104613,1421
2021-02-05,Santa Cruz,087,273765,14838,13776,735,14511,161
2021-02-05,Shasta,089,179085,10606,10507,1130,11637,136
2021-02-05,Sierra,091,2930,49,42,12,54,0
2021-02-05,Siskiyou,093,43540,1383,1276,209,1485,4
2021-02-05,Solano,095,438530,28859,28283,332,28615,127
2021-02-05,Sonoma,097,501317,26689,26423,152,26575,252
2021-02-05,Stanislaus,099,539301,48435,47024,5015,52039,678
2021-02-05,Sutter,101,95872,8579,8443,78,8521,92
2021-02-05,Tehama,103,63373,4453,4355,472,4827,22
2021-02-05,Trinity,105,12862,446,260,68,328,3
2021-02-05,Tulare,107,460477,46697,45138,7251,52389,663
2021-02-05,Tuolumne,109,53932,3601,3595,31,3626,45
2021-02-05,Ventura,111,848112,74472,72953,2634,75587,546
2021-02-05,Yolo,113,214977,12381,12025,195,12220,162
2021-02-05,Yuba,115,75493,5280,5145,77,5222,35
2021-02-04,Alameda,001,1643700,77135,75422,1640,77062,899
2021-02-04,Alpine,003,1148,73,72,0,72,0
2021-02-04,Amador,005,37829,3350,3288,27,3315,33
2021-02-04,Butte,007,227075,10920,10386,1533,11919,147
2021-02-04,Calaveras,009,45235,1846,1808,12,1820,21
2021-02-04,Colusa,011,21464,1805,1777,232,2009,10
2021-02-04,Contra Costa,013,1133247,59981,57991,1010,59001,550
2021-02-04,Del Norte,015,27424,910,870,4,874,2
2021-02-04,El Dorado,017,186661,8762,8490,566,9056,86
2021-02-04,Fresno,019,978130,92922,90126,7220,97346,1114
2021-02-04,Glenn,021,27897,2178,2102,462,2564,14
2021-02-04,Humboldt,023,135768,2916,2827,19,2846,28
2021-02-04,Imperial,025,180216,26840,26411,2505,28916,556
2021-02-04,Inyo,027,18085,1143,1084,8,1092,27
2021-02-04,Kern,029,883053,90116,87156,8926,96082,898
2021-02-04,Kings,031,150075,21564,20918,914,21832,187
2021-02-04,Lake,033,64148,2981,2882,1,2883,34
2021-02-04,Lassen,035,31185,5014,4927,88,5015,1
2021-02-04,Los Angeles,037,10098052,1141302,1106323,37631,1143954,17396
2021-02-04,Madera,039,155013,15053,14706,745,15451,95
2021-02-04,Marin,041,260295,12646,12431,151,12582,192
2021-02-04,Mariposa,043,17540,366,348,3,351,4
2021-02-04,Mendocino,045,87422,3450,3240,64,3304,38
2021-02-04,Merced,047,269075,26983,26629,774,27403,345
2021-02-04,Modoc,049,8938,331,309,107,416,3
2021-02-04,Mono,051,14174,1151,1153,16,1169,3
2021-02-04,Monterey,053,433212,40586,39619,1509,41128,279
2021-02-04,Napa,055,140530,8708,8573,33,8606,55
2021-02-04,Nevada,057,99092,3760,3590,148,3738,37
2021-02-04,Orange,059,3164182,240210,235677,9737,245414,3238
2021-02-04,Placer,061,380077,19755,18711,1022,19733,210
2021-02-04,Plumas,063,18699,624,562,10,572,2
2021-02-04,Riverside,065,2383286,278254,269851,13071,282922,3230
2021-02-04,Sacramento,067,1510023,89939,87658,1134,88792,1222
2021-02-04,San Benito,069,59416,5542,5488,79,5567,51
2021-02-04,San Bernardino,071,2135413,280263,272223,8274,280497,2409
2021-02-04,San Diego,073,3302833,253758,242613,12110,254723,2738
2021-02-04,San Francisco,075,870044,32681,32116,932,33048,326
2021-02-04,San Joaquin,077,732212,64109,62374,2591,64965,883
2021-02-04,San Luis Obispo,079,281455,18759,18058,501,18559,211
2021-02-04,San Mateo,081,765935,37903,36437,375,36812,226
2021-02-04,Santa Barbara,083,443738,30563,29344,1007,30351,322
2021-02-04,Santa Clara,085,1922200,105394,103781,498,104279,1404
2021-02-04,Santa Cruz,087,273765,14805,13713,727,14440,156
2021-02-04,Shasta,089,179085,10580,10466,1125,11591,131
2021-02-04,Sierra,091,2930,49,42,12,54,0
2021-02-04,Siskiyou,093,43540,1374,1273,209,1482,4
2021-02-04,Solano,095,438530,28756,28192,331,28523,120
2021-02-04,Sonoma,097,501317,26607,26276,148,26424,249
2021-02-04,Stanislaus,099,539301,48272,46822,4996,51818,678
2021-02-04,Sutter,101,95872,8559,8401,78,8479,92
2021-02-04,Tehama,103,63373,4437,4327,472,4799,21
2021-02-04,Trinity,105,12862,445,260,67,327,3
2021-02-04,Tulare,107,460477,46570,44983,7189,52172,656
2021-02-04,Tuolumne,109,53932,3561,3585,31,3616,45
2021-02-04,Ventura,111,848112,74140,72595,2621,75216,537
2021-02-04,Yolo,113,214977,12347,11982,194,12176,161
2021-02-04,Yuba,115,75493,5254,5135,77,5212,34
2021-02-03,Alameda,001,1643700,76807,74968,1636,76604,880
2021-02-03,Alpine,003,1148,73,72,0,72,0
2021-02-03,Amador,005,37829,3346,3281,27,3308,33
2021-02-03,Butte,007,227075,10883,10355,1526,11881,144
2021-02-03,Calaveras,009,45235,1832,1799,11,1810,21
2021-02-03,Colusa,011,21464,1800,1773,231,2004,10
2021-02-03,Contra Costa,013,1133247,59742,57762,998,58760,537
2021-02-03,Del Norte,015,27424,905,869,4,873,2
2021-02-03,El Dorado,017,186661,8742,8428,565,8993,86
2021-02-03,Fresno,019,978130,92701,89748,7181,96929,1015
2021-02-03,Glenn,021,27897,2168,2098,460,2558,14
2021-02-03,Humboldt,023,135768,2906,2800,19,2819,27
2021-02-03,Imperial,025,180216,26806,26363,2499,28862,547
2021-02-03,Inyo,027,18085,1133,1071,8,1079,27
2021-02-03,Kern,029,883053,89874,86771,8885,95656,877
2021-02-03,Kings,031,150075,21503,20831,912,21743,172
2021-02-03,Lake,033,64148,2964,2869,1,2870,33
2021-02-03,Lassen,035,31185,5002,4910,88,4998,1
2021-02-03,Los Angeles,037,10098052,1138224,1101890,37506,1139396,17163
2021-02-03,Madera,039,155013,15014,14605,743,15348,94
2021-02-03,Marin,041,260295,12612,12406,151,12557,190
2021-02-03,Mariposa,043,17540,365,347,3,350,4
2021-02-03,Mendocino,045,87422,3424,3236,63,3299,38
2021-02-03,Merced,047,269075,26867,26520,769,27289,343
2021-02-03,Modoc,049,8938,330,308,107,415,3
2021-02-03,Mono,051,14174,1144,1146,16,1162,3
2021-02-03,Monterey,053,433212,40459,39500,1491,40991,279
2021-02-03,Napa,055,140530,8673,8534,33,8567,54
2021-02-03,Nevada,057,99092,3746,3572,148,3720,35
2021-02-03,Orange,059,3164182,239468,234738,9705,244443,3189
2021-02-03,Placer,061,380077,19700,18646,1020,19666,210
2021-02-03,Plumas,063,18699,624,559,10,569,2
2021-02-03,Riverside,065,2383286,277515,269019,13040,282059,3195
2021-02-03,Sacramento,067,1510023,89616,87415,1130,88545,1212
2021-02-03,San Benito,069,59416,5524,5463,76,5539,51
2021-02-03,San Bernardino,071,2135413,279781,271477,8251,279728,2308
2021-02-03,San Diego,073,3302833,252857,241015,12063,253078,2683
2021-02-03,San Francisco,075,870044,32551,31983,927,32910,325
2021-02-03,San Joaquin,077,732212,63881,61976,2581,64557,880
2021-02-03,San Luis Obispo,079,281455,18681,17922,498,18420,206
2021-02-03,San Mateo,081,765935,37765,36227,371,36598,225
2021-02-03,Santa Barbara,083,443738,30414,29121,997,30118,315
2021-02-03,Santa Clara,085,1922200,105076,103278,496,103774,1364
2021-02-03,Santa Cruz,087,273765,14750,13611,721,14332,154
2021-02-03,Shasta,089,179085,10537,10422,1120,11542,130
2021-02-03,Sierra,091,2930,49,42,12,54,0
2021-02-03,Siskiyou,093,43540,1363,1268,208,1476,4
2021-02-03,Solano,095,438530,28634,28057,331,28388,119
2021-02-03,Sonoma,097,501317,26523,26155,147,26302,248
2021-02-03,Stanislaus,099,539301,48096,46598,4977,51575,662
2021-02-03,Sutter,101,95872,8534,8379,78,8457,90
2021-02-03,Tehama,103,63373,4415,4309,469,4778,21
2021-02-03,Trinity,105,12862,445,260,66,326,3
2021-02-03,Tulare,107,460477,46399,44838,7133,51971,640
2021-02-03,Tuolumne,109,53932,3550,3568,31,3599,45
2021-02-03,Ventura,111,848112,73804,72124,2610,74734,526
2021-02-03,Yolo,113,214977,12323,11933,193,12126,161
2021-02-03,Yuba,115,75493,5236,5124,77,5201,34
2021-02-02,Alameda,001,1643700,76462,74642,1624,76266,869
2021-02-02,Alpine,003,1148,73,72,0,72,0
2021-02-02,Amador,005,37829,3315,3275,27,3302,33
2021-02-02,Butte,007,227075,10856,10307,1518,11825,141
2021-02-02,Calaveras,009,45235,1823,1786,11,1797,21
2021-02-02,Colusa,011,21464,1792,1769,226,1995,9
2021-02-02,Contra Costa,013,1133247,59462,57551,994,58545,536
2021-02-02,Del Norte,015,27424,899,868,4,872,2
2021-02-02,El Dorado,017,186661,8702,8405,565,8970,84
2021-02-02,Fresno,019,978130,92400,89542,7145,96687,1009
2021-02-02,Glenn,021,27897,2156,2090,457,2547,14
2021-02-02,Humboldt,023,135768,2894,2784,19,2803,25
2021-02-02,Imperial,025,180216,26754,26317,2493,28810,535
2021-02-02,Inyo,027,18085,1130,1074,8,1082,27
2021-02-02,Kern,029,883053,89572,86485,8809,95294,867
2021-02-02,Kings,031,150075,21425,20785,904,21689,172
2021-02-02,Lake,033,64148,2944,2857,1,2858,33
2021-02-02,Lassen,035,31185,4995,4908,88,4996,1
2021-02-02,Los Angeles,037,10098052,1134842,1097573,37341,1134914,16913
2021-02-02,Madera,039,155013,14963,14595,738,15333,94
2021-02-02,Marin,041,260295,12583,12367,151,12518,189
2021-02-02,Mariposa,043,17540,362,345,3,348,4
2021-02-02,Mendocino,045,87422,3391,3210,63,3273,38
2021-02-02,Merced,047,269075,26770,26427,762,27189,340
2021-02-02,Modoc,049,8938,325,306,107,413,3
2021-02-02,Mono,051,14174,1142,1147,16,1163,3
2021-02-02,Monterey,053,433212,40323,39371,1477,40848,278
2021-02-02,Napa,055,140530,8644,8505,33,8538,53
2021-02-02,Nevada,057,99092,3731,3548,148,3696,20
2021-02-02,Orange,059,3164182,238666,233783,9670,243453,3152
2021-02-02,Placer,061,380077,19642,18615,1016,19631,205
2021-02-02,Plumas,063,18699,624,560,10,570,2
2021-02-02,Riverside,065,2383286,276653,267901,13006,280907,3169
2021-02-02,Sacramento,067,1510023,89326,87107,1119,88226,1202
2021-02-02,San Benito,069,59416,5510,5444,75,5519,50
2021-02-02,San Bernardino,071,2135413,279104,270486,8221,278707,2244
2021-02-02,San Diego,073,3302833,251818,240047,11976,252023,2629
2021-02-02,San Francisco,075,870044,32397,31788,917,32705,324
2021-02-02,San Joaquin,077,732212,63661,61708,2567,64275,878
2021-02-02,San Luis Obispo,079,281455,18587,17811,496,18307,201
2021-02-02,San Mateo,081,765935,37601,36004,365,36369,225
2021-02-02,Santa Barbara,083,443738,30243,28951,990,29941,304
2021-02-02,Santa Clara,085,1922200,104612,102872,491,103363,1349
2021-02-02,Santa Cruz,087,273765,14691,13572,717,14289,150
2021-02-02,Shasta,089,179085,10511,10371,1110,11481,128
2021-02-02,Sierra,091,2930,49,42,12,54,0
2021-02-02,Siskiyou,093,43540,1356,1252,205,1457,4
2021-02-02,Solano,095,438530,28538,27963,327,28290,118
2021-02-02,Sonoma,097,501317,26407,26054,147,26201,247
2021-02-02,Stanislaus,099,539301,47876,46306,4945,51251,641
2021-02-02,Sutter,101,95872,8511,8340,78,8418,89
2021-02-02,Tehama,103,63373,4402,4289,468,4757,21
2021-02-02,Trinity,105,12862,445,260,66,326,3
2021-02-02,Tulare,107,460477,46243,44720,7067,51787,625
2021-02-02,Tuolumne,109,53932,3538,3548,31,3579,39
2021-02-02,Ventura,111,848112,73386,71557,2600,74157,514
2021-02-02,Yolo,113,214977,12277,11886,186,12072,158
2021-02-02,Yuba,115,75493,5218,5111,77,5188,34
2021-02-01,Alameda,001,1643700,76107,74374,1619,75993,858
2021-02-01,Alpine,003,1148,73,72,0,72,0
2021-02-01,Amador,005,37829,3304,3234,27,3261,32
2021-02-01,Butte,007,227075,10814,10263,1514,11777,141
2021-02-01,Calaveras,009,45235,1815,1785,11,1796,21
2021-02-01,Colusa,011,21464,1787,1763,217,1980,9
2021-02-01,Contra Costa,013,1133247,59217,57324,993,58317,531
2021-02-01,Del Norte,015,27424,896,865,4,869,2
2021-02-01,El Dorado,017,186661,8663,8337,565,8902,83
2021-02-01,Fresno,019,978130,92068,89272,7110,96382,994
2021-02-01,Glenn,021,27897,2140,2086,449,2535,14
2021-02-01,Humboldt,023,135768,2872,2773,18,2791,25
2021-02-01,Imperial,025,180216,26711,26224,2491,28715,530
2021-02-01,Inyo,027,18085,1120,1072,8,1080,27
2021-02-01,Kern,029,883053,89175,86170,8740,94910,862
2021-02-01,Kings,031,150075,21334,20746,896,21642,172
2021-02-01,Lake,033,64148,2928,2843,1,2844,33
2021-02-01,Lassen,035,31185,4975,4907,88,4995,1
2021-02-01,Los Angeles,037,10098052,1131023,1094341,37171,1131512,16695
2021-02-01,Madera,039,155013,14928,14572,735,15307,94
2021-02-01,Marin,041,260295,12543,12341,150,12491,188
2021-02-01,Mariposa,043,17540,360,344,3,347,4
2021-02-01,Mendocino,045,87422,3358,3192,63,3255,37
2021-02-01,Merced,047,269075,26644,26282,753,27035,337
2021-02-01,Modoc,049,8938,319,303,103,406,1
2021-02-01,Mono,051,14174,1139,1145,16,1161,3
2021-02-01,Monterey,053,433212,40142,39196,1455,40651,278
2021-02-01,Napa,055,140530,8612,8449,33,8482,52
2021-02-01,Nevada,057,99092,3714,3535,147,3682,20
2021-02-01,Orange,059,3164182,237755,233155,9624,242779,3100
2021-02-01,Placer,061,380077,19576,18574,1009,19583,204
2021-02-01,Plumas,063,18699,622,554,10,564,2
2021-02-01,Riverside,065,2383286,275714,267025,12969,279994,3092
2021-02-01,Sacramento,067,1510023,88925,86856,1108,87964,1193
2021-02-01,San Benito,069,59416,5492,5432,75,5507,48
2021-02-01,San Bernardino,071,2135413,278409,270012,8181,278193,2172
2021-02-01,San Diego,073,3302833,250594,239121,11900,251021,2619
2021-02-01,San Francisco,075,870044,32263,31703,905,32608,324
2021-02-01,San Joaquin,077,732212,63456,61542,2556,64098,877
2021-02-01,San Luis Obispo,079,281455,18466,17690,489,18179,199
2021-02-01,San Mateo,081,765935,37452,35843,365,36208,220
2021-02-01,Santa Barbara,083,443738,30073,28837,982,29819,297
2021-02-01,Santa Clara,085,1922200,104197,102462,490,102952,1343
2021-02-01,Santa Cruz,087,273765,14638,13524,715,14239,149
2021-02-01,Shasta,089,179085,10486,10329,1104,11433,112
2021-02-01,Sierra,091,2930,49,42,12,54,0
2021-02-01,Siskiyou,093,43540,1349,1238,202,1440,4
2021-02-01,Solano,095,438530,28433,27844,326,28170,117
2021-02-01,Sonoma,097,501317,26319,26011,146,26157,243
2021-02-01,Stanislaus,099,539301,47617,46112,4917,51029,642
2021-02-01,Sutter,101,95872,8472,8313,78,8391,89
2021-02-01,Tehama,103,63373,4378,4263,468,4731,21
2021-02-01,Trinity,105,12862,443,260,66,326,3
2021-02-01,Tulare,107,460477,46099,44569,6986,51555,618
2021-02-01,Tuolumne,109,53932,3530,3534,31,3565,39
2021-02-01,Ventura,111,848112,72980,71104,2584,73688,502
2021-02-01,Yolo,113,214977,12232,11824,178,12002,151
2021-02-01,Yuba,115,75493,5204,5084,76,5160,33
2021-01-31,Alameda,001,1643700,75682,73979,1611,75590,857
2021-01-31,Alpine,003,1148,73,72,0,72,0
2021-01-31,Amador,005,37829,3294,3212,25,3237,32
2021-01-31,Butte,007,227075,10772,10215,1503,11718,140
2021-01-31,Calaveras,009,45235,1795,1778,11,1789,21
2021-01-31,Colusa,011,21464,1780,1754,212,1966,9
2021-01-31,Contra Costa,013,1133247,58886,57079,993,58072,531
2021-01-31,Del Norte,015,27424,894,865,4,869,2
2021-01-31,El Dorado,017,186661,8627,8317,563,8880,83
2021-01-31,Fresno,019,978130,91756,88852,7056,95908,994
2021-01-31,Glenn,021,27897,2129,2083,448,2531,14
2021-01-31,Humboldt,023,135768,2856,2767,18,2785,25
2021-01-31,Imperial,025,180216,26639,26206,2482,28688,530
2021-01-31,Inyo,027,18085,1107,1072,8,1080,27
2021-01-31,Kern,029,883053,88679,85872,8654,94526,861
2021-01-31,Kings,031,150075,21249,20709,884,21593,172
2021-01-31,Lake,033,64148,2907,2826,1,2827,33
2021-01-31,Lassen,035,31185,4959,4900,88,4988,1
2021-01-31,Los Angeles,037,10098052,1126404,1090304,36967,1127271,16609
2021-01-31,Madera,039,155013,14874,14496,727,15223,94
2021-01-31,Marin,041,260295,12496,12297,146,12443,185
2021-01-31,Mariposa,043,17540,358,344,3,347,4
2021-01-31,Mendocino,045,87422,3335,3181,62,3243,37
2021-01-31,Merced,047,269075,26500,26222,748,26970,337
2021-01-31,Modoc,049,8938,316,304,101,405,1
2021-01-31,Mono,051,14174,1136,1146,16,1162,3
2021-01-31,Monterey,053,433212,39961,39035,1428,40463,278
2021-01-31,Napa,055,140530,8570,8404,33,8437,52
2021-01-31,Nevada,057,99092,3692,3518,145,3663,20
2021-01-31,Orange,059,3164182,236737,232347,9583,241930,3053
2021-01-31,Placer,061,380077,19499,18506,998,19504,204
2021-01-31,Plumas,063,18699,621,554,10,564,2
2021-01-31,Riverside,065,2383286,274702,266145,12922,279067,3074
2021-01-31,Sacramento,067,1510023,88482,86560,1094,87654,1186
2021-01-31,San Benito,069,59416,5470,5425,73,5498,48
2021-01-31,San Bernardino,071,2135413,277380,269533,8150,277683,2156
2021-01-31,San Diego,073,3302833,249281,238039,11786,249825,2619
2021-01-31,San Francisco,075,870044,32072,31563,894,32457,323
2021-01-31,San Joaquin,077,732212,63053,61379,2546,63925,877
2021-01-31,San Luis Obispo,079,281455,18332,17615,484,18099,199
2021-01-31,San Mateo,081,765935,37262,35659,362,36021,219
2021-01-31,Santa Barbara,083,443738,29828,28570,973,29543,297
2021-01-31,Santa Clara,085,1922200,103649,101986,481,102467,1330
2021-01-31,Santa Cruz,087,273765,14543,13469,701,14170,149
2021-01-31,Shasta,089,179085,10441,10313,1095,11408,112
2021-01-31,Sierra,091,2930,48,43,12,55,0
2021-01-31,Siskiyou,093,43540,1339,1238,202,1440,4
2021-01-31,Solano,095,438530,28303,27678,326,28004,118
2021-01-31,Sonoma,097,501317,26216,25925,145,26070,243
2021-01-31,Stanislaus,099,539301,47331,45971,4880,50851,642
2021-01-31,Sutter,101,95872,8427,8289,78,8367,89
2021-01-31,Tehama,103,63373,4358,4256,467,4723,21
2021-01-31,Trinity,105,12862,441,260,66,326,3
2021-01-31,Tulare,107,460477,45932,44440,6905,51345,618
2021-01-31,Tuolumne,109,53932,3492,3519,31,3550,39
2021-01-31,Ventura,111,848112,72385,70635,2571,73206,502
2021-01-31,Yolo,113,214977,12171,11771,172,11943,151
2021-01-31,Yuba,115,75493,5184,5071,75,5146,33
2021-01-30,Alameda,001,1643700,75477,73622,1606,75228,850
2021-01-30,Alpine,003,1148,73,72,0,72,0
2021-01-30,Amador,005,37829,3290,3181,25,3206,32
2021-01-30,Butte,007,227075,10737,10177,1494,11671,139
2021-01-30,Calaveras,009,45235,1781,1763,11,1774,21
2021-01-30,Colusa,011,21464,1778,1748,212,1960,9
2021-01-30,Contra Costa,013,1133247,58702,56763,989,57752,531
2021-01-30,Del Norte,015,27424,893,865,4,869,2
2021-01-30,El Dorado,017,186661,8607,8299,562,8861,83
2021-01-30,Fresno,019,978130,91576,88476,7036,95512,964
2021-01-30,Glenn,021,27897,2126,2074,446,2520,14
2021-01-30,Humboldt,023,135768,2845,2742,18,2760,24
2021-01-30,Imperial,025,180216,26617,26160,2480,28640,530
2021-01-30,Inyo,027,18085,1103,1068,8,1076,27
2021-01-30,Kern,029,883053,88478,85572,8588,94160,848
2021-01-30,Kings,031,150075,21178,20605,879,21484,169
2021-01-30,Lake,033,64148,2901,2809,1,2810,33
2021-01-30,Lassen,035,31185,4955,4890,88,4978,1
2021-01-30,Los Angeles,037,10098052,1124015,1084763,36825,1121588,16484
2021-01-30,Madera,039,155013,14832,14443,722,15165,94
2021-01-30,Marin,041,260295,12468,12225,145,12370,185
2021-01-30,Mariposa,043,17540,356,344,3,347,4
2021-01-30,Mendocino,045,87422,3321,3153,61,3214,36
2021-01-30,Merced,047,269075,26425,26078,747,26825,335
2021-01-30,Modoc,049,8938,316,303,101,404,1
2021-01-30,Mono,051,14174,1136,1143,16,1159,3
2021-01-30,Monterey,053,433212,39901,38847,1425,40272,277
2021-01-30,Napa,055,140530,8554,8342,33,8375,52
2021-01-30,Nevada,057,99092,3673,3499,145,3644,20
2021-01-30,Orange,059,3164182,236193,231358,9546,240904,3013
2021-01-30,Placer,061,380077,19447,18430,992,19422,205
2021-01-30,Plumas,063,18699,619,554,10,564,2
2021-01-30,Riverside,065,2383286,274103,265137,12891,278028,3061
2021-01-30,Sacramento,067,1510023,88289,86388,1089,87477,1184
2021-01-30,San Benito,069,59416,5452,5401,72,5473,48
2021-01-30,San Bernardino,071,2135413,276960,268660,8131,276791,2122
2021-01-30,San Diego,073,3302833,248516,236765,11741,248506,2603
2021-01-30,San Francisco,075,870044,31971,31427,891,32318,316
2021-01-30,San Joaquin,077,732212,62921,61120,2537,63657,864
2021-01-30,San Luis Obispo,079,281455,18252,17522,482,18004,198
2021-01-30,San Mateo,081,765935,37123,35451,361,35812,219
2021-01-30,Santa Barbara,083,443738,29685,28342,971,29313,296
2021-01-30,Santa Clara,085,1922200,103303,101471,478,101949,1307
2021-01-30,Santa Cruz,087,273765,14503,13383,700,14083,149
2021-01-30,Shasta,089,179085,10422,10283,1092,11375,112
2021-01-30,Sierra,091,2930,48,43,12,55,0
2021-01-30,Siskiyou,093,43540,1336,1236,201,1437,4
2021-01-30,Solano,095,438530,28220,27511,324,27835,118
2021-01-30,Sonoma,097,501317,26168,25810,142,25952,243
2021-01-30,Stanislaus,099,539301,47202,45697,4856,50553,642
2021-01-30,Sutter,101,95872,8411,8226,78,8304,87
2021-01-30,Tehama,103,63373,4344,4229,466,4695,21
2021-01-30,Trinity,105,12862,441,259,66,325,3
2021-01-30,Tulare,107,460477,45797,44203,6868,51071,615
2021-01-30,Tuolumne,109,53932,3488,3508,31,3539,36
2021-01-30,Ventura,111,848112,72072,69931,2557,72488,493
2021-01-30,Yolo,113,214977,12157,11698,171,11869,151
2021-01-30,Yuba,115,75493,5174,5042,74,5116,33
2021-01-29,Alameda,001,1643700,75209,73210,1599,74809,841
2021-01-29,Alpine,003,1148,73,72,0,72,0
2021-01-29,Amador,005,37829,3278,3134,24,3158,32
2021-01-29,Butte,007,227075,10706,10122,1484,11606,138
2021-01-29,Calaveras,009,45235,1771,1757,11,1768,21
2021-01-29,Colusa,011,21464,1774,1734,211,1945,8
2021-01-29,Contra Costa,013,1133247,58530,56318,987,57305,529
2021-01-29,Del Norte,015,27424,892,865,4,869,2
2021-01-29,El Dorado,017,186661,8590,8231,561,8792,83
2021-01-29,Fresno,019,978130,91361,87936,6998,94934,962
2021-01-29,Glenn,021,27897,2121,2061,445,2506,14
2021-01-29,Humboldt,023,135768,2832,2707,18,2725,24
2021-01-29,Imperial,025,180216,26602,26045,2477,28522,521
2021-01-29,Inyo,027,18085,1091,1048,8,1056,27
2021-01-29,Kern,029,883053,88251,85044,8536,93580,836
2021-01-29,Kings,031,150075,21139,20466,874,21340,169
2021-01-29,Lake,033,64148,2892,2792,1,2793,32
2021-01-29,Lassen,035,31185,4952,4874,88,4962,1
2021-01-29,Los Angeles,037,10098052,1120533,1078329,36671,1115000,16190
2021-01-29,Madera,039,155013,14781,14377,722,15099,94
2021-01-29,Marin,041,260295,12425,12145,144,12289,185
2021-01-29,Mariposa,043,17540,355,342,3,345,4
2021-01-29,Mendocino,045,87422,3312,3131,60,3191,36
2021-01-29,Merced,047,269075,26350,25865,743,26608,334
2021-01-29,Modoc,049,8938,315,297,101,398,1
2021-01-29,Mono,051,14174,1134,1139,16,1155,3
2021-01-29,Monterey,053,433212,39781,38539,1417,39956,277
2021-01-29,Napa,055,140530,8523,8276,33,8309,52
2021-01-29,Nevada,057,99092,3664,3487,144,3631,20
2021-01-29,Orange,059,3164182,235515,229917,9508,239425,2967
2021-01-29,Placer,061,380077,19394,18367,988,19355,203
2021-01-29,Plumas,063,18699,618,548,10,558,2
2021-01-29,Riverside,065,2383286,273300,263504,12858,276362,3008
2021-01-29,Sacramento,067,1510023,88034,86320,1085,87405,1169
2021-01-29,San Benito,069,59416,5444,5386,72,5458,48
2021-01-29,San Bernardino,071,2135413,276444,267490,8091,275581,2095
2021-01-29,San Diego,073,3302833,247574,234637,11663,246300,2571
2021-01-29,San Francisco,075,870044,31832,31294,883,32177,307
2021-01-29,San Joaquin,077,732212,62776,60899,2522,63421,858
2021-01-29,San Luis Obispo,079,281455,18192,17440,477,17917,193
2021-01-29,San Mateo,081,765935,36989,35223,358,35581,218
2021-01-29,Santa Barbara,083,443738,29551,28105,965,29070,291
2021-01-29,Santa Clara,085,1922200,102940,101010,476,101486,1273
2021-01-29,Santa Cruz,087,273765,14450,13311,697,14008,148
2021-01-29,Shasta,089,179085,10405,10220,1088,11308,112
2021-01-29,Sierra,091,2930,48,43,12,55,0
2021-01-29,Siskiyou,093,43540,1335,1227,201,1428,4
2021-01-29,Solano,095,438530,28135,27352,322,27674,116
2021-01-29,Sonoma,097,501317,26111,25710,141,25851,243
2021-01-29,Stanislaus,099,539301,47054,45466,4837,50303,642
2021-01-29,Sutter,101,95872,8392,8181,78,8259,87
2021-01-29,Tehama,103,63373,4331,4191,464,4655,20
2021-01-29,Trinity,105,12862,441,260,66,326,3
2021-01-29,Tulare,107,460477,45690,43925,6829,50754,606
2021-01-29,Tuolumne,109,53932,3478,3483,31,3514,36
2021-01-29,Ventura,111,848112,71648,69511,2543,72054,484
2021-01-29,Yolo,113,214977,12119,11612,170,11782,151
2021-01-29,Yuba,115,75493,5158,5018,74,5092,32
2021-01-28,Alameda,001,1643700,74783,72758,1591,74349,833
2021-01-28,Alpine,003,1148,73,72,0,72,0
2021-01-28,Amador,005,37829,3241,3124,24,3148,31
2021-01-28,Butte,007,227075,10666,10037,1473,11510,138
2021-01-28,Calaveras,009,45235,1757,1747,10,1757,21
2021-01-28,Colusa,011,21464,1767,1731,207,1938,8
2021-01-28,Contra Costa,013,1133247,58286,55999,977,56976,525
2021-01-28,Del Norte,015,27424,891,862,4,866,2
2021-01-28,El Dorado,017,186661,8576,8198,556,8754,79
2021-01-28,Fresno,019,978130,91073,87401,6949,94350,949
2021-01-28,Glenn,021,27897,2116,2043,439,2482,14
2021-01-28,Humboldt,023,135768,2815,2686,18,2704,24
2021-01-28,Imperial,025,180216,26557,25984,2470,28454,517
2021-01-28,Inyo,027,18085,1086,1039,8,1047,27
2021-01-28,Kern,029,883053,87920,84708,8452,93160,817
2021-01-28,Kings,031,150075,21079,20328,870,21198,167
2021-01-28,Lake,033,64148,2877,2772,1,2773,32
2021-01-28,Lassen,035,31185,4946,4865,88,4953,1
2021-01-28,Los Angeles,037,10098052,1116631,1072412,36483,1108895,15967
2021-01-28,Madera,039,155013,14725,14301,718,15019,94
2021-01-28,Marin,041,260295,12372,12079,143,12222,183
2021-01-28,Mariposa,043,17540,355,334,3,337,4
2021-01-28,Mendocino,045,87422,3295,3110,60,3170,36
2021-01-28,Merced,047,269075,26225,25620,735,26355,328
2021-01-28,Modoc,049,8938,314,297,101,398,0
2021-01-28,Mono,051,14174,1132,1131,16,1147,3
2021-01-28,Monterey,053,433212,39580,38312,1399,39711,274
2021-01-28,Napa,055,140530,8476,8233,33,8266,50
2021-01-28,Nevada,057,99092,3649,3452,143,3595,19
2021-01-28,Orange,059,3164182,234536,228636,9478,238114,2860
2021-01-28,Placer,061,380077,19333,18246,985,19231,198
2021-01-28,Plumas,063,18699,617,547,10,557,2
2021-01-28,Riverside,065,2383286,272519,262342,12810,275152,2981
2021-01-28,Sacramento,067,1510023,87671,85698,1074,86772,1149
2021-01-28,San Benito,069,59416,5426,5344,71,5415,47
2021-01-28,San Bernardino,071,2135413,275748,266456,8070,274526,2057
2021-01-28,San Diego,073,3302833,246422,232967,11574,244541,2534
2021-01-28,San Francisco,075,870044,31695,31193,867,32060,290
2021-01-28,San Joaquin,077,732212,62511,60627,2507,63134,854
2021-01-28,San Luis Obispo,079,281455,18092,17279,475,17754,189
2021-01-28,San Mateo,081,765935,36820,34931,342,35273,218
2021-01-28,Santa Barbara,083,443738,29327,27674,952,28626,284
2021-01-28,Santa Clara,085,1922200,102472,100470,474,100944,1219
2021-01-28,Santa Cruz,087,273765,14361,13188,691,13879,145
2021-01-28,Shasta,089,179085,10371,10176,1080,11256,110
2021-01-28,Sierra,091,2930,48,43,12,55,0
2021-01-28,Siskiyou,093,43540,1328,1218,199,1417,4
2021-01-28,Solano,095,438530,27975,27163,321,27484,114
2021-01-28,Sonoma,097,501317,26020,25564,141,25705,236
2021-01-28,Stanislaus,099,539301,46837,45162,4815,49977,640
2021-01-28,Sutter,101,95872,8344,8136,78,8214,85
2021-01-28,Tehama,103,63373,4311,4163,461,4624,20
2021-01-28,Trinity,105,12862,439,260,66,326,3
2021-01-28,Tulare,107,460477,45533,43742,6751,50493,595
2021-01-28,Tuolumne,109,53932,3464,3472,31,3503,32
2021-01-28,Ventura,111,848112,71135,68896,2526,71422,475
2021-01-28,Yolo,113,214977,12077,11500,165,11665,151
2021-01-28,Yuba,115,75493,5142,4994,73,5067,32
2021-01-27,Alameda,001,1643700,74359,72188,1583,73771,815
2021-01-27,Alpine,003,1148,73,72,0,72,0
2021-01-27,Amador,005,37829,3225,3116,24,3140,31
2021-01-27,Butte,007,227075,10627,9988,1461,11449,138
2021-01-27,Calaveras,009,45235,1748,1737,10,1747,21
2021-01-27,Colusa,011,21464,1761,1724,205,1929,8
2021-01-27,Contra Costa,013,1133247,57988,55578,974,56552,507
2021-01-27,Del Norte,015,27424,890,859,4,863,2
2021-01-27,El Dorado,017,186661,8550,8141,555,8696,76
2021-01-27,Fresno,019,978130,90782,86886,6906,93792,938
2021-01-27,Glenn,021,27897,2112,2042,438,2480,14
2021-01-27,Humboldt,023,135768,2793,2630,18,2648,24
2021-01-27,Imperial,025,180216,26503,25861,2455,28316,504
2021-01-27,Inyo,027,18085,1082,1023,8,1031,27
2021-01-27,Kern,029,883053,87607,84244,8382,92626,809
2021-01-27,Kings,031,150075,20973,20211,862,21073,167
2021-01-27,Lake,033,64148,2857,2750,1,2751,32
2021-01-27,Lassen,035,31185,4940,4851,88,4939,1
2021-01-27,Los Angeles,037,10098052,1111839,1066569,36272,1102841,15757
2021-01-27,Madera,039,155013,14684,14194,713,14907,86
2021-01-27,Marin,041,260295,12335,12028,142,12170,180
2021-01-27,Mariposa,043,17540,355,333,3,336,4
2021-01-27,Mendocino,045,87422,3275,3095,60,3155,36
2021-01-27,Merced,047,269075,26066,25439,724,26163,315
2021-01-27,Modoc,049,8938,314,297,98,395,0
2021-01-27,Mono,051,14174,1130,1131,16,1147,3
2021-01-27,Monterey,053,433212,39375,38139,1380,39519,268
2021-01-27,Napa,055,140530,8403,8187,33,8220,46
2021-01-27,Nevada,057,99092,3627,3431,143,3574,18
2021-01-27,Orange,059,3164182,233416,227110,9424,236534,2832
2021-01-27,Placer,061,380077,19261,18106,974,19080,198
2021-01-27,Plumas,063,18699,617,544,10,554,2
2021-01-27,Riverside,065,2383286,271319,260796,12758,273554,2931
2021-01-27,Sacramento,067,1510023,87310,85428,1063,86491,1142
2021-01-27,San Benito,069,59416,5411,5284,71,5355,47
2021-01-27,San Bernardino,071,2135413,274895,265153,8039,273192,2019
2021-01-27,San Diego,073,3302833,245093,231478,11469,242947,2465
2021-01-27,San Francisco,075,870044,31551,31082,860,31942,287
2021-01-27,San Joaquin,077,732212,62242,60131,2484,62615,853
2021-01-27,San Luis Obispo,079,281455,17985,17119,471,17590,188
2021-01-27,San Mateo,081,765935,36665,34619,339,34958,216
2021-01-27,Santa Barbara,083,443738,29150,27435,946,28381,282
2021-01-27,Santa Clara,085,1922200,102068,99732,470,100202,1184
2021-01-27,Santa Cruz,087,273765,14291,13111,688,13799,143
2021-01-27,Shasta,089,179085,10337,10106,1074,11180,105
2021-01-27,Sierra,091,2930,48,44,12,56,0
2021-01-27,Siskiyou,093,43540,1322,1214,196,1410,4
2021-01-27,Solano,095,438530,27798,26982,314,27296,112
2021-01-27,Sonoma,097,501317,25921,25361,136,25497,237
2021-01-27,Stanislaus,099,539301,46651,44874,4788,49662,624
2021-01-27,Sutter,101,95872,8299,8093,77,8170,83
2021-01-27,Tehama,103,63373,4286,4133,457,4590,20
2021-01-27,Trinity,105,12862,439,260,66,326,3
2021-01-27,Tulare,107,460477,45345,43462,6680,50142,583
2021-01-27,Tuolumne,109,53932,3453,3464,31,3495,32
2021-01-27,Ventura,111,848112,70661,68291,2501,70792,468
2021-01-27,Yolo,113,214977,12030,11427,161,11588,151
2021-01-27,Yuba,115,75493,5126,4968,73,5041,32
2021-01-26,Alameda,001,1643700,73985,71851,1566,73417,789
2021-01-26,Alpine,003,1148,73,72,0,72,0
2021-01-26,Amador,005,37829,3214,3113,24,3137,31
2021-01-26,Butte,007,227075,10585,9943,1455,11398,136
2021-01-26,Calaveras,009,45235,1739,1723,10,1733,21
2021-01-26,Colusa,011,21464,1754,1719,202,1921,8
2021-01-26,Contra Costa,013,1133247,57707,55337,966,56303,491
2021-01-26,Del Norte,015,27424,889,856,4,860,2
2021-01-26,El Dorado,017,186661,8524,8115,552,8667,71
2021-01-26,Fresno,019,978130,90424,86673,6862,93535,923
2021-01-26,Glenn,021,27897,2102,2034,433,2467,13
2021-01-26,Humboldt,023,135768,2772,2612,17,2629,24
2021-01-26,Imperial,025,180216,26431,25812,2441,28253,498
2021-01-26,Inyo,027,18085,1075,1018,8,1026,27
2021-01-26,Kern,029,883053,87182,83868,8304,92172,790
2021-01-26,Kings,031,150075,20915,20156,857,21013,159
2021-01-26,Lake,033,64148,2848,2748,1,2749,32
2021-01-26,Lassen,035,31185,4934,4844,88,4932,1
2021-01-26,Los Angeles,037,10098052,1106562,1060492,36066,1096558,15458
2021-01-26,Madera,039,155013,14627,14130,707,14837,86
2021-01-26,Marin,041,260295,12290,11993,140,12133,179
2021-01-26,Mariposa,043,17540,353,332,3,335,3
2021-01-26,Mendocino,045,87422,3249,3076,59,3135,36
2021-01-26,Merced,047,269075,25926,25359,717,26076,309
2021-01-26,Modoc,049,8938,307,291,97,388,0
2021-01-26,Mono,051,14174,1128,1120,16,1136,3
2021-01-26,Monterey,053,433212,39181,37963,1359,39322,255
2021-01-26,Napa,055,140530,8346,8145,33,8178,43
2021-01-26,Nevada,057,99092,3620,3410,142,3552,18
2021-01-26,Orange,059,3164182,232293,225987,9379,235366,2760
2021-01-26,Placer,061,380077,19185,18016,972,18988,193
2021-01-26,Plumas,063,18699,615,536,10,546,2
2021-01-26,Riverside,065,2383286,269950,259399,12695,272094,2898
2021-01-26,Sacramento,067,1510023,86952,85062,1056,86118,1127
2021-01-26,San Benito,069,59416,5397,5251,70,5321,45
2021-01-26,San Bernardino,071,2135413,273894,263736,7995,271731,1970
2021-01-26,San Diego,073,3302833,243598,230063,11367,241430,2421
2021-01-26,San Francisco,075,870044,31418,30874,841,31715,286
2021-01-26,San Joaquin,077,732212,61989,59889,2468,62357,847
2021-01-26,San Luis Obispo,079,281455,17904,17016,468,17484,186
2021-01-26,San Mateo,081,765935,36471,34441,328,34769,213
2021-01-26,Santa Barbara,083,443738,28976,27321,934,28255,273
2021-01-26,Santa Clara,085,1922200,101590,99215,466,99681,1171
2021-01-26,Santa Cruz,087,273765,14225,13045,682,13727,134
2021-01-26,Shasta,089,179085,10302,10036,1066,11102,103
2021-01-26,Sierra,091,2930,48,43,12,55,0
2021-01-26,Siskiyou,093,43540,1308,1208,194,1402,4
2021-01-26,Solano,095,438530,27642,26858,308,27166,110
2021-01-26,Sonoma,097,501317,25803,25273,134,25407,236
2021-01-26,Stanislaus,099,539301,46466,44703,4747,49450,599
2021-01-26,Sutter,101,95872,8256,8067,77,8144,83
2021-01-26,Tehama,103,63373,4255,4115,457,4572,20
2021-01-26,Trinity,105,12862,439,260,66,326,3
2021-01-26,Tulare,107,460477,45142,43394,6610,50004,579
2021-01-26,Tuolumne,109,53932,3443,3451,31,3482,30
2021-01-26,Ventura,111,848112,70129,67526,2475,70001,448
2021-01-26,Yolo,113,214977,11985,11361,158,11519,148
2021-01-26,Yuba,115,75493,5101,4944,71,5015,31
2021-01-25,Alameda,001,1643700,73554,71255,1556,72811,780
2021-01-25,Alpine,003,1148,73,72,0,72,0
2021-01-25,Amador,005,37829,3174,3074,24,3098,30
2021-01-25,Butte,007,227075,10519,9865,1447,11312,133
2021-01-25,Calaveras,009,45235,1724,1713,10,1723,21
2021-01-25,Colusa,011,21464,1742,1709,198,1907,8
2021-01-25,Contra Costa,013,1133247,57349,54989,959,55948,488
2021-01-25,Del Norte,015,27424,888,855,4,859,2
2021-01-25,El Dorado,017,186661,8499,8060,552,8612,66
2021-01-25,Fresno,019,978130,90053,86336,6830,93166,913
2021-01-25,Glenn,021,27897,2094,2028,433,2461,13
2021-01-25,Humboldt,023,135768,2738,2587,17,2604,24
2021-01-25,Imperial,025,180216,26381,25745,2433,28178,491
2021-01-25,Inyo,027,18085,1069,1015,8,1023,27
2021-01-25,Kern,029,883053,86786,83401,8217,91618,787
2021-01-25,Kings,031,150075,20795,20067,853,20920,159
2021-01-25,Lake,033,64148,2829,2729,1,2730,32
2021-01-25,Lassen,035,31185,4907,4835,88,4923,1
2021-01-25,Los Angeles,037,10098052,1100617,1055181,35837,1091018,15163
2021-01-25,Madera,039,155013,14573,14068,702,14770,86
2021-01-25,Marin,041,260295,12238,11923,136,12059,177
2021-01-25,Mariposa,043,17540,350,331,3,334,3
2021-01-25,Mendocino,045,87422,3238,3054,59,3113,35
2021-01-25,Merced,047,269075,25787,25181,708,25889,305
2021-01-25,Modoc,049,8938,306,288,93,381,0
2021-01-25,Mono,051,14174,1125,1114,15,1129,3
2021-01-25,Monterey,053,433212,38927,37726,1340,39066,255
2021-01-25,Napa,055,140530,8312,8057,32,8089,43
2021-01-25,Nevada,057,99092,3606,3365,142,3507,18
2021-01-25,Orange,059,3164182,231084,225105,9338,234443,2696
2021-01-25,Placer,061,380077,19098,17936,957,18893,193
2021-01-25,Plumas,063,18699,612,533,10,543,2
2021-01-25,Riverside,065,2383286,268204,258082,12639,270721,2789
2021-01-25,Sacramento,067,1510023,86508,84653,1048,85701,1118
2021-01-25,San Benito,069,59416,5360,5238,69,5307,43
2021-01-25,San Bernardino,071,2135413,272945,263174,7959,271133,1947
2021-01-25,San Diego,073,3302833,241984,228630,11295,239925,2375
2021-01-25,San Francisco,075,870044,31269,30734,818,31552,288
2021-01-25,San Joaquin,077,732212,61694,59291,2443,61734,838
2021-01-25,San Luis Obispo,079,281455,17770,16868,463,17331,179
2021-01-25,San Mateo,081,765935,36237,34187,322,34509,213
2021-01-25,Santa Barbara,083,443738,28741,27065,924,27989,269
2021-01-25,Santa Clara,085,1922200,101020,98647,459,99106,1143
2021-01-25,Santa Cruz,087,273765,14138,12973,677,13650,133
2021-01-25,Shasta,089,179085,10261,9991,1055,11046,103
2021-01-25,Sierra,091,2930,48,42,12,54,0
2021-01-25,Siskiyou,093,43540,1300,1205,191,1396,4
2021-01-25,Solano,095,438530,27473,26648,307,26955,109
2021-01-25,Sonoma,097,501317,25696,25160,132,25292,233
2021-01-25,Stanislaus,099,539301,46220,44293,4703,48996,599
2021-01-25,Sutter,101,95872,8212,8023,77,8100,83
2021-01-25,Tehama,103,63373,4228,4082,453,4535,20
2021-01-25,Trinity,105,12862,439,262,66,328,3
2021-01-25,Tulare,107,460477,44927,43124,6505,49629,578
2021-01-25,Tuolumne,109,53932,3434,3422,31,3453,29
2021-01-25,Ventura,111,848112,69486,66910,2458,69368,439
2021-01-25,Yolo,113,214977,11898,11276,157,11433,140
2021-01-25,Yuba,115,75493,5077,4900,69,4969,31
2021-01-24,Alameda,001,1643700,73047,70823,1545,72368,780
2021-01-24,Alpine,003,1148,73,72,0,72,0
2021-01-24,Amador,005,37829,3141,3054,24,3078,30
2021-01-24,Butte,007,227075,10435,9820,1429,11249,133
2021-01-24,Calaveras,009,45235,1711,1704,10,1714,21
2021-01-24,Colusa,011,21464,1731,1689,192,1881,8
2021-01-24,Contra Costa,013,1133247,56958,54694,946,55640,488
2021-01-24,Del Norte,015,27424,884,855,4,859,2
2021-01-24,El Dorado,017,186661,8464,8003,548,8551,66
2021-01-24,Fresno,019,978130,89616,85808,6791,92599,911
2021-01-24,Glenn,021,27897,2086,2026,431,2457,13
2021-01-24,Humboldt,023,135768,2699,2562,17,2579,24
2021-01-24,Imperial,025,180216,26285,25707,2407,28114,488
2021-01-24,Inyo,027,18085,1053,1007,8,1015,27
2021-01-24,Kern,029,883053,86344,83125,8109,91234,785
2021-01-24,Kings,031,150075,20667,19988,837,20825,159
2021-01-24,Lake,033,64148,2811,2724,0,2724,32
2021-01-24,Lassen,035,31185,4896,4828,85,4913,1
2021-01-24,Los Angeles,037,10098052,1094228,1048757,35527,1084284,15119
2021-01-24,Madera,039,155013,14483,14000,696,14696,86
2021-01-24,Marin,041,260295,12171,11872,134,12006,177
2021-01-24,Mariposa,043,17540,346,322,3,325,3
2021-01-24,Mendocino,045,87422,3217,3037,58,3095,33
2021-01-24,Merced,047,269075,25574,25047,700,25747,305
2021-01-24,Modoc,049,8938,306,285,93,378,0
2021-01-24,Mono,051,14174,1118,1113,15,1128,3
2021-01-24,Monterey,053,433212,38649,37527,1308,38835,254
2021-01-24,Napa,055,140530,8270,8005,32,8037,43
2021-01-24,Nevada,057,99092,3564,3349,140,3489,18
2021-01-24,Orange,059,3164182,229653,223853,9268,233121,2632
2021-01-24,Placer,061,380077,18983,17839,937,18776,193
2021-01-24,Plumas,063,18699,609,532,10,542,2
2021-01-24,Riverside,065,2383286,266563,256767,12562,269329,2761
2021-01-24,Sacramento,067,1510023,85938,84110,1040,85150,1112
2021-01-24,San Benito,069,59416,5318,5223,66,5289,43
2021-01-24,San Bernardino,071,2135413,271620,262370,7905,270275,1935
2021-01-24,San Diego,073,3302833,240290,227193,11164,238357,2375
2021-01-24,San Francisco,075,870044,31082,30559,796,31355,275
2021-01-24,San Joaquin,077,732212,61266,59021,2427,61448,838
2021-01-24,San Luis Obispo,079,281455,17647,16758,461,17219,179
2021-01-24,San Mateo,081,765935,35992,33956,317,34273,213
2021-01-24,Santa Barbara,083,443738,28424,26735,914,27649,269
2021-01-24,Santa Clara,085,1922200,100373,98103,454,98557,1109
2021-01-24,Santa Cruz,087,273765,14052,12905,669,13574,133
2021-01-24,Shasta,089,179085,10190,9978,1046,11024,103
2021-01-24,Sierra,091,2930,47,42,12,54,0
2021-01-24,Siskiyou,093,43540,1293,1195,191,1386,4
2021-01-24,Solano,095,438530,27284,26515,303,26818,109
2021-01-24,Sonoma,097,501317,25533,25045,131,25176,233
2021-01-24,Stanislaus,099,539301,45909,44031,4643,48674,599
2021-01-24,Sutter,101,95872,8143,7980,77,8057,83
2021-01-24,Tehama,103,63373,4189,4062,446,4508,20
2021-01-24,Trinity,105,12862,439,262,66,328,3
2021-01-24,Tulare,107,460477,44708,43006,6412,49418,577
2021-01-24,Tuolumne,109,53932,3424,3416,31,3447,29
2021-01-24,Ventura,111,848112,68772,66347,2433,68780,439
2021-01-24,Yolo,113,214977,11813,11210,153,11363,140
2021-01-24,Yuba,115,75493,5037,4875,68,4943,31
2021-01-23,Alameda,001,1643700,72798,70080,1538,71618,780
2021-01-23,Alpine,003,1148,73,72,0,72,0
2021-01-23,Amador,005,37829,3138,3049,24,3073,30
2021-01-23,Butte,007,227075,10405,9757,1424,11181,133
2021-01-23,Calaveras,009,45235,1708,1695,10,1705,21
2021-01-23,Colusa,011,21464,1727,1672,191,1863,8
2021-01-23,Contra Costa,013,1133247,56744,54162,938,55100,487
2021-01-23,Del Norte,015,27424,883,855,4,859,2
2021-01-23,El Dorado,017,186661,8448,7984,546,8530,66
2021-01-23,Fresno,019,978130,89430,85274,6762,92036,910
2021-01-23,Glenn,021,27897,2083,2015,427,2442,13
2021-01-23,Humboldt,023,135768,2680,2493,16,2509,23
2021-01-23,Imperial,025,180216,26252,25581,2398,27979,487
2021-01-23,Inyo,027,18085,1044,987,8,995,27
2021-01-23,Kern,029,883053,86098,82602,8037,90639,783
2021-01-23,Kings,031,150075,20623,19904,835,20739,159
2021-01-23,Lake,033,64148,2803,2673,0,2673,32
2021-01-23,Lassen,035,31185,4895,4816,82,4898,1
2021-01-23,Los Angeles,037,10098052,1091004,1040961,35371,1076332,15034
2021-01-23,Madera,039,155013,14447,13858,693,14551,86
2021-01-23,Marin,041,260295,12115,11796,132,11928,177
2021-01-23,Mariposa,043,17540,346,323,3,326,3
2021-01-23,Mendocino,045,87422,3203,2991,58,3049,32
2021-01-23,Merced,047,269075,25481,24787,687,25474,303
2021-01-23,Modoc,049,8938,306,285,93,378,0
2021-01-23,Mono,051,14174,1116,1111,15,1126,3
2021-01-23,Monterey,053,433212,38566,37165,1303,38468,253
2021-01-23,Napa,055,140530,8245,7893,32,7925,43
2021-01-23,Nevada,057,99092,3553,3332,139,3471,18
2021-01-23,Orange,059,3164182,228884,221722,9228,230950,2618
2021-01-23,Placer,061,380077,18932,17617,932,18549,193
2021-01-23,Plumas,063,18699,608,528,10,538,2
2021-01-23,Riverside,065,2383286,265662,253636,12509,266145,2733
2021-01-23,Sacramento,067,1510023,85709,83408,1037,84445,1108
2021-01-23,San Benito,069,59416,5294,5166,65,5231,43
2021-01-23,San Bernardino,071,2135413,271075,260381,7873,268254,1922
2021-01-23,San Diego,073,3302833,239229,225556,11092,236648,2344
2021-01-23,San Francisco,075,870044,30977,30308,767,31075,268
2021-01-23,San Joaquin,077,732212,61140,58164,2417,60581,836
2021-01-23,San Luis Obispo,079,281455,17583,16652,458,17110,176
2021-01-23,San Mateo,081,765935,35816,33696,306,34002,213
2021-01-23,Santa Barbara,083,443738,28240,26234,905,27139,264
2021-01-23,Santa Clara,085,1922200,100018,97189,453,97642,1086
2021-01-23,Santa Cruz,087,273765,13994,12771,666,13437,127
2021-01-23,Shasta,089,179085,10160,9951,1045,10996,103
2021-01-23,Sierra,091,2930,47,41,12,53,0
2021-01-23,Siskiyou,093,43540,1283,1190,190,1380,4
2021-01-23,Solano,095,438530,27192,26261,301,26562,107
2021-01-23,Sonoma,097,501317,25453,24790,131,24921,232
2021-01-23,Stanislaus,099,539301,45745,43723,4614,48337,599
2021-01-23,Sutter,101,95872,8125,7943,76,8019,80
2021-01-23,Tehama,103,63373,4170,4006,445,4451,20
2021-01-23,Trinity,105,12862,439,262,66,328,3
2021-01-23,Tulare,107,460477,44555,42661,6352,49013,575
2021-01-23,Tuolumne,109,53932,3417,3407,31,3438,29
2021-01-23,Ventura,111,848112,68324,65581,2410,67991,438
2021-01-23,Yolo,113,214977,11771,11087,149,11236,141
2021-01-23,Yuba,115,75493,5025,4831,67,4898,30
2021-01-22,Alameda,001,1643700,72476,69693,1532,71225,751
2021-01-22,Alpine,003,1148,73,71,0,71,0
2021-01-22,Amador,005,37829,3133,3042,24,3066,30
2021-01-22,Butte,007,227075,10356,9711,1411,11122,133
2021-01-22,Calaveras,009,45235,1701,1672,10,1682,21
2021-01-22,Colusa,011,21464,1725,1668,191,1859,7
2021-01-22,Contra Costa,013,1133247,56506,53887,932,54819,485
2021-01-22,Del Norte,015,27424,882,852,4,856,2
2021-01-22,El Dorado,017,186661,8414,7877,543,8420,64
2021-01-22,Fresno,019,978130,89089,84744,6734,91478,892
2021-01-22,Glenn,021,27897,2078,1985,421,2406,13
2021-01-22,Humboldt,023,135768,2656,2452,16,2468,23
2021-01-22,Imperial,025,180216,26217,25562,2383,27945,474
2021-01-22,Inyo,027,18085,1033,961,8,969,26
2021-01-22,Kern,029,883053,85798,82101,7964,90065,771
2021-01-22,Kings,031,150075,20547,19760,831,20591,159
2021-01-22,Lake,033,64148,2791,2681,0,2681,32
2021-01-22,Lassen,035,31185,4886,4765,81,4846,1
2021-01-22,Los Angeles,037,10098052,1086549,1031177,35181,1066358,14777
2021-01-22,Madera,039,155013,14386,13781,692,14473,86
2021-01-22,Marin,041,260295,12078,11769,130,11899,177
2021-01-22,Mariposa,043,17540,346,323,3,326,3
2021-01-22,Mendocino,045,87422,3178,2994,57,3051,32
2021-01-22,Merced,047,269075,25358,24616,679,25295,290
2021-01-22,Modoc,049,8938,306,285,93,378,0
2021-01-22,Mono,051,14174,1116,1108,15,1123,3
2021-01-22,Monterey,053,433212,38412,36909,1298,38207,253
2021-01-22,Napa,055,140530,8199,7828,32,7860,40
2021-01-22,Nevada,057,99092,3528,3296,138,3434,18
2021-01-22,Orange,059,3164182,227931,220384,9181,229565,2542
2021-01-22,Placer,061,380077,18875,17636,917,18553,193
2021-01-22,Plumas,063,18699,606,522,10,532,2
2021-01-22,Riverside,065,2383286,264511,252440,12443,264883,2710
2021-01-22,Sacramento,067,1510023,85383,82861,1029,83890,1094
2021-01-22,San Benito,069,59416,5269,5143,65,5208,43
2021-01-22,San Bernardino,071,2135413,270253,259121,7840,266961,1849
2021-01-22,San Diego,073,3302833,237989,222576,11027,233603,2301
2021-01-22,San Francisco,075,870044,30864,30027,750,30777,266
2021-01-22,San Joaquin,077,732212,60958,58485,2404,60889,812
2021-01-22,San Luis Obispo,079,281455,17494,16336,455,16791,172
2021-01-22,San Mateo,081,765935,35594,33401,303,33704,211
2021-01-22,Santa Barbara,083,443738,28039,25989,894,26883,256
2021-01-22,Santa Clara,085,1922200,99578,96435,450,96885,1062
2021-01-22,Santa Cruz,087,273765,13936,12687,662,13349,123
2021-01-22,Shasta,089,179085,10141,9866,1043,10909,103
2021-01-22,Sierra,091,2930,47,40,12,52,0
2021-01-22,Siskiyou,093,43540,1279,1182,188,1370,4
2021-01-22,Solano,095,438530,27102,26048,299,26347,107
2021-01-22,Sonoma,097,501317,25368,24659,131,24790,232
2021-01-22,Stanislaus,099,539301,45588,43489,4581,48070,599
2021-01-22,Sutter,101,95872,8100,7878,76,7954,80
2021-01-22,Tehama,103,63373,4151,3993,444,4437,19
2021-01-22,Trinity,105,12862,438,263,66,329,3
2021-01-22,Tulare,107,460477,44375,42307,6282,48589,573
2021-01-22,Tuolumne,109,53932,3389,3379,31,3410,29
2021-01-22,Ventura,111,848112,67817,64404,2392,66796,426
2021-01-22,Yolo,113,214977,11737,11014,141,11155,141
2021-01-22,Yuba,115,75493,5001,4789,65,4854,29
2021-01-21,Alameda,001,1643700,72043,69314,1515,70829,739
2021-01-21,Alpine,003,1148,73,71,0,71,0
2021-01-21,Amador,005,37829,3111,3038,24,3062,29
2021-01-21,Butte,007,227075,10286,9643,1404,11047,130
2021-01-21,Calaveras,009,45235,1692,1647,10,1657,21
2021-01-21,Colusa,011,21464,1718,1662,188,1850,7
2021-01-21,Contra Costa,013,1133247,56088,53595,919,54514,478
2021-01-21,Del Norte,015,27424,880,850,3,853,2
2021-01-21,El Dorado,017,186661,8365,7823,540,8363,58
2021-01-21,Fresno,019,978130,88683,84137,6694,90831,889
2021-01-21,Glenn,021,27897,2071,1964,416,2380,13
2021-01-21,Humboldt,023,135768,2633,2423,16,2439,23
2021-01-21,Imperial,025,180216,26125,25509,2369,27878,463
2021-01-21,Inyo,027,18085,1024,946,8,954,26
2021-01-21,Kern,029,883053,85385,81328,7846,89174,769
2021-01-21,Kings,031,150075,20476,19633,813,20446,158
2021-01-21,Lake,033,64148,2775,2669,0,2669,32
2021-01-21,Lassen,035,31185,4879,4763,81,4844,1
2021-01-21,Los Angeles,037,10098052,1079895,1023055,34861,1057916,14537
2021-01-21,Madera,039,155013,14318,13664,684,14348,86
2021-01-21,Marin,041,260295,12022,11732,128,11860,173
2021-01-21,Mariposa,043,17540,342,322,3,325,3
2021-01-21,Mendocino,045,87422,3155,2967,55,3022,32
2021-01-21,Merced,047,269075,25203,24426,673,25099,245
2021-01-21,Modoc,049,8938,303,284,92,376,0
2021-01-21,Mono,051,14174,1111,1104,15,1119,3
2021-01-21,Monterey,053,433212,38135,36149,1288,37437,253
2021-01-21,Napa,055,140530,8135,7774,32,7806,40
2021-01-21,Nevada,057,99092,3499,3274,137,3411,18
2021-01-21,Orange,059,3164182,226554,218867,9126,227993,2540
2021-01-21,Placer,061,380077,18796,17553,913,18466,190
2021-01-21,Plumas,063,18699,602,518,10,528,2
2021-01-21,Riverside,065,2383286,262785,251007,12363,263370,2676
2021-01-21,Sacramento,067,1510023,84904,82303,1008,83311,1084
2021-01-21,San Benito,069,59416,5238,5100,60,5160,43
2021-01-21,San Bernardino,071,2135413,268904,257754,7775,265529,1832
2021-01-21,San Diego,073,3302833,236214,219729,10921,230650,2222
2021-01-21,San Francisco,075,870044,30687,29801,716,30517,266
2021-01-21,San Joaquin,077,732212,60649,58270,2384,60654,806
2021-01-21,San Luis Obispo,079,281455,17408,16153,447,16600,169
2021-01-21,San Mateo,081,765935,35348,33156,290,33446,210
2021-01-21,Santa Barbara,083,443738,27753,25654,881,26535,253
2021-01-21,Santa Clara,085,1922200,98951,96028,443,96471,1062
2021-01-21,Santa Cruz,087,273765,13852,12548,652,13200,119
2021-01-21,Shasta,089,179085,10098,9795,1027,10822,98
2021-01-21,Sierra,091,2930,47,40,12,52,0
2021-01-21,Siskiyou,093,43540,1276,1178,185,1363,4
2021-01-21,Solano,095,438530,26922,25885,295,26180,106
2021-01-21,Sonoma,097,501317,25229,24440,129,24569,230
2021-01-21,Stanislaus,099,539301,45284,43223,4537,47760,599
2021-01-21,Sutter,101,95872,8066,7822,76,7898,80
2021-01-21,Tehama,103,63373,4115,3938,444,4382,19
2021-01-21,Trinity,105,12862,438,261,66,327,3
2021-01-21,Tulare,107,460477,44164,42082,6206,48288,569
2021-01-21,Tuolumne,109,53932,3379,3365,30,3395,29
2021-01-21,Ventura,111,848112,67125,63995,2371,66366,420
2021-01-21,Yolo,113,214977,11649,10940,133,11073,141
2021-01-21,Yuba,115,75493,4970,4757,64,4821,29
2021-01-20,Alameda,001,1643700,71557,68785,1501,70286,702
2021-01-20,Alpine,003,1148,73,71,0,71,0
2021-01-20,Amador,005,37829,3080,3036,24,3060,29
2021-01-20,Butte,007,227075,10230,9582,1394,10976,130
2021-01-20,Calaveras,009,45235,1672,1637,9,1646,21
2021-01-20,Colusa,011,21464,1701,1630,183,1813,7
2021-01-20,Contra Costa,013,1133247,55636,53108,913,54021,461
2021-01-20,Del Norte,015,27424,879,848,3,851,2
2021-01-20,El Dorado,017,186661,8315,7785,537,8322,53
2021-01-20,Fresno,019,978130,88263,83591,6641,90232,872
2021-01-20,Glenn,021,27897,2053,1955,413,2368,13
2021-01-20,Humboldt,023,135768,2590,2390,16,2406,22
2021-01-20,Imperial,025,180216,26053,25380,2334,27714,461
2021-01-20,Inyo,027,18085,1014,901,8,909,26
2021-01-20,Kern,029,883053,84934,80701,7739,88440,754
2021-01-20,Kings,031,150075,20386,19522,805,20327,146
2021-01-20,Lake,033,64148,2753,2646,0,2646,31
2021-01-20,Lassen,035,31185,4871,4758,79,4837,1
2021-01-20,Los Angeles,037,10098052,1072405,1015608,34573,1050181,14299
2021-01-20,Madera,039,155013,14254,13585,679,14264,86
2021-01-20,Marin,041,260295,11968,11684,126,11810,171
2021-01-20,Mariposa,043,17540,340,322,3,325,3
2021-01-20,Mendocino,045,87422,3140,2957,55,3012,32
2021-01-20,Merced,047,269075,25029,24220,653,24873,243
2021-01-20,Modoc,049,8938,302,282,92,374,0
2021-01-20,Mono,051,14174,1104,1105,14,1119,3
2021-01-20,Monterey,053,433212,37817,35960,1266,37226,249
2021-01-20,Napa,055,140530,8066,7731,31,7762,40
2021-01-20,Nevada,057,99092,3467,3238,137,3375,18
2021-01-20,Orange,059,3164182,225015,216893,9065,225958,2500
2021-01-20,Placer,061,380077,18702,17455,895,18350,186
2021-01-20,Plumas,063,18699,600,512,10,522,2
2021-01-20,Riverside,065,2383286,260739,248686,12276,260962,2615
2021-01-20,Sacramento,067,1510023,84341,81687,997,82684,1072
2021-01-20,San Benito,069,59416,5207,5036,59,5095,35
2021-01-20,San Bernardino,071,2135413,267547,255921,7728,263649,1801
2021-01-20,San Diego,073,3302833,234359,218553,10817,229370,2174
2021-01-20,San Francisco,075,870044,30498,29665,696,30361,262
2021-01-20,San Joaquin,077,732212,60246,58025,2375,60400,783
2021-01-20,San Luis Obispo,079,281455,17227,15936,438,16374,164
2021-01-20,San Mateo,081,765935,35121,32929,289,33218,210
2021-01-20,Santa Barbara,083,443738,27436,25312,869,26181,248
2021-01-20,Santa Clara,085,1922200,98271,94995,441,95436,1040
2021-01-20,Santa Cruz,087,273765,13745,12460,639,13099,107
2021-01-20,Shasta,089,179085,10046,9697,1017,10714,98
2021-01-20,Sierra,091,2930,47,40,12,52,0
2021-01-20,Siskiyou,093,43540,1270,1163,184,1347,4
2021-01-20,Solano,095,438530,26729,25659,291,25950,106
2021-01-20,Sonoma,097,501317,25092,24262,127,24389,223
2021-01-20,Stanislaus,099,539301,44995,42955,4491,47446,585
2021-01-20,Sutter,101,95872,8014,7772,74,7846,80
2021-01-20,Tehama,103,63373,4090,3892,443,4335,19
2021-01-20,Trinity,105,12862,438,260,66,326,3
2021-01-20,Tulare,107,460477,43906,41799,6113,47912,559
2021-01-20,Tuolumne,109,53932,3365,3355,29,3384,29
2021-01-20,Ventura,111,848112,66169,63413,2342,65755,395
2021-01-20,Yolo,113,214977,11578,10852,130,10982,141
2021-01-20,Yuba,115,75493,4943,4729,64,4793,29
2021-01-19,Alameda,001,1643700,70901,68434,1491,69925,680
2021-01-19,Alpine,003,1148,73,71,0,71,0
2021-01-19,Amador,005,37829,3071,3024,24,3048,28
2021-01-19,Butte,007,227075,10164,9528,1380,10908,129
2021-01-19,Calaveras,009,45235,1656,1621,8,1629,21
2021-01-19,Colusa,011,21464,1679,1617,175,1792,7
2021-01-19,Contra Costa,013,1133247,55140,52730,902,53632,448
2021-01-19,Del Norte,015,27424,877,843,3,846,2
2021-01-19,El Dorado,017,186661,8255,7743,529,8272,47
2021-01-19,Fresno,019,978130,87741,83200,6589,89789,857
2021-01-19,Glenn,021,27897,2041,1948,408,2356,13
2021-01-19,Humboldt,023,135768,2566,2359,13,2372,22
2021-01-19,Imperial,025,180216,25971,25333,2316,27649,452
2021-01-19,Inyo,027,18085,1007,891,8,899,26
2021-01-19,Kern,029,883053,84347,80272,7632,87904,742
2021-01-19,Kings,031,150075,20247,19375,794,20169,143
2021-01-19,Lake,033,64148,2738,2625,0,2625,31
2021-01-19,Lassen,035,31185,4864,4753,79,4832,1
2021-01-19,Los Angeles,037,10098052,1063733,1010375,34301,1044676,14014
2021-01-19,Madera,039,155013,14138,13528,672,14200,86
2021-01-19,Marin,041,260295,11910,11654,122,11776,169
2021-01-19,Mariposa,043,17540,340,322,3,325,3
2021-01-19,Mendocino,045,87422,3123,2930,55,2985,32
2021-01-19,Merced,047,269075,24815,24108,647,24755,242
2021-01-19,Modoc,049,8938,301,281,92,373,0
2021-01-19,Mono,051,14174,1103,1106,14,1120,3
2021-01-19,Monterey,053,433212,37498,35840,1245,37085,248
2021-01-19,Napa,055,140530,8007,7672,31,7703,38
2021-01-19,Nevada,057,99092,3449,3216,135,3351,18
2021-01-19,Orange,059,3164182,223279,215244,8996,224240,2468
2021-01-19,Placer,061,380077,18604,17348,885,18233,182
2021-01-19,Plumas,063,18699,593,509,10,519,2
2021-01-19,Riverside,065,2383286,258655,246248,12197,258445,2585
2021-01-19,Sacramento,067,1510023,83803,81183,977,82160,1053
2021-01-19,San Benito,069,59416,5161,4988,58,5046,35
2021-01-19,San Bernardino,071,2135413,265804,253651,7670,261321,1777
2021-01-19,San Diego,073,3302833,231939,216833,10719,227552,2109
2021-01-19,San Francisco,075,870044,30280,29502,665,30167,261
2021-01-19,San Joaquin,077,732212,59862,57655,2362,60017,782
2021-01-19,San Luis Obispo,079,281455,16963,15855,435,16290,161
2021-01-19,San Mateo,081,765935,34836,32730,278,33008,208
2021-01-19,Santa Barbara,083,443738,27052,24991,853,25844,236
2021-01-19,Santa Clara,085,1922200,97493,94483,439,94922,1010
2021-01-19,Santa Cruz,087,273765,13628,12410,631,13041,106
2021-01-19,Shasta,089,179085,10010,9614,1007,10621,93
2021-01-19,Sierra,091,2930,47,40,10,50,0
2021-01-19,Siskiyou,093,43540,1262,1149,183,1332,4
2021-01-19,Solano,095,438530,26483,25520,290,25810,106
2021-01-19,Sonoma,097,501317,24912,24133,125,24258,223
2021-01-19,Stanislaus,099,539301,44644,42723,4434,47157,561
2021-01-19,Sutter,101,95872,7963,7709,68,7777,80
2021-01-19,Tehama,103,63373,4055,3876,441,4317,19
2021-01-19,Trinity,105,12862,437,260,66,326,3
2021-01-19,Tulare,107,460477,43628,41559,6017,47576,549
2021-01-19,Tuolumne,109,53932,3337,3328,29,3357,29
2021-01-19,Ventura,111,848112,65491,62656,2315,64971,383
2021-01-19,Yolo,113,214977,11492,10789,130,10919,134
2021-01-19,Yuba,115,75493,4910,4695,63,4758,29
2021-01-18,Alameda,001,1643700,70257,67938,1473,69411,680
2021-01-18,Alpine,003,1148,73,71,0,71,0
2021-01-18,Amador,005,37829,3057,3016,24,3040,28
2021-01-18,Butte,007,227075,10077,9474,1367,10841,129
2021-01-18,Calaveras,009,45235,1634,1617,7,1624,21
2021-01-18,Colusa,011,21464,1662,1608,170,1778,7
2021-01-18,Contra Costa,013,1133247,54624,52323,894,53217,448
2021-01-18,Del Norte,015,27424,876,840,3,843,2
2021-01-18,El Dorado,017,186661,8186,7707,527,8234,47
2021-01-18,Fresno,019,978130,87130,82485,6522,89007,857
2021-01-18,Glenn,021,27897,2024,1935,404,2339,13
2021-01-18,Humboldt,023,135768,2528,2343,13,2356,22
2021-01-18,Imperial,025,180216,25902,25317,2291,27608,452
2021-01-18,Inyo,027,18085,995,872,8,880,26
2021-01-18,Kern,029,883053,83707,79930,7541,87471,740
2021-01-18,Kings,031,150075,20077,19267,782,20049,141
2021-01-18,Lake,033,64148,2721,2591,0,2591,30
2021-01-18,Lassen,035,31185,4828,4749,78,4827,1
2021-01-18,Los Angeles,037,10098052,1054244,1002614,34010,1036624,13828
2021-01-18,Madera,039,155013,14024,13443,664,14107,85
2021-01-18,Marin,041,260295,11862,11607,120,11727,165
2021-01-18,Mariposa,043,17540,337,320,2,322,3
2021-01-18,Mendocino,045,87422,3100,2919,55,2974,31
2021-01-18,Merced,047,269075,24570,23927,631,24558,242
2021-01-18,Modoc,049,8938,298,281,89,370,0
2021-01-18,Mono,051,14174,1100,1101,14,1115,3
2021-01-18,Monterey,053,433212,37044,35549,1228,36777,247
2021-01-18,Napa,055,140530,7933,7601,31,7632,38
2021-01-18,Nevada,057,99092,3411,3199,134,3333,17
2021-01-18,Orange,059,3164182,221377,213866,8940,222806,2405
2021-01-18,Placer,061,380077,18488,17263,876,18139,182
2021-01-18,Plumas,063,18699,589,506,10,516,2
2021-01-18,Riverside,065,2383286,256336,244151,12103,256254,2568
2021-01-18,Sacramento,067,1510023,83124,80546,961,81507,1046
2021-01-18,San Benito,069,59416,5110,4963,56,5019,35
2021-01-18,San Bernardino,071,2135413,264031,252808,7611,260419,1775
2021-01-18,San Diego,073,3302833,229292,214335,10590,224925,2103
2021-01-18,San Francisco,075,870044,30074,29321,641,29962,259
2021-01-18,San Joaquin,077,732212,59344,57405,2340,59745,782
2021-01-18,San Luis Obispo,079,281455,16776,15742,425,16167,158
2021-01-18,San Mateo,081,765935,34522,32515,259,32774,208
2021-01-18,Santa Barbara,083,443738,26675,24638,839,25477,235
2021-01-18,Santa Clara,085,1922200,96600,93688,435,94123,992
2021-01-18,Santa Cruz,087,273765,13495,12298,618,12916,106
2021-01-18,Shasta,089,179085,9971,9600,997,10597,92
2021-01-18,Sierra,091,2930,46,40,10,50,0
2021-01-18,Siskiyou,093,43540,1250,1144,181,1325,4
2021-01-18,Solano,095,438530,26205,25344,285,25629,105
2021-01-18,Sonoma,097,501317,24643,24068,124,24192,223
2021-01-18,Stanislaus,099,539301,44286,42413,4384,46797,562
2021-01-18,Sutter,101,95872,7905,7680,66,7746,78
2021-01-18,Tehama,103,63373,4011,3854,434,4288,19
2021-01-18,Trinity,105,12862,437,260,66,326,3
2021-01-18,Tulare,107,460477,43339,41196,5905,47101,549
2021-01-18,Tuolumne,109,53932,3314,3318,28,3346,28
2021-01-18,Ventura,111,848112,65061,61859,2292,64151,379
2021-01-18,Yolo,113,214977,11362,10620,127,10747,134
2021-01-18,Yuba,115,75493,4882,4671,61,4732,29
2021-01-17,Alameda,001,1643700,69680,67375,1454,68829,676
2021-01-17,Alpine,003,1148,73,71,0,71,0
2021-01-17,Amador,005,37829,3050,3001,24,3025,28
2021-01-17,Butte,007,227075,10005,9411,1345,10756,129
2021-01-17,Calaveras,009,45235,1621,1608,7,1615,21
2021-01-17,Colusa,011,21464,1648,1588,165,1753,7
2021-01-17,Contra Costa,013,1133247,54135,51932,884,52816,447
2021-01-17,Del Norte,015,27424,876,838,3,841,2
2021-01-17,El Dorado,017,186661,8130,7659,515,8174,47
2021-01-17,Fresno,019,978130,86577,82039,6446,88485,857
2021-01-17,Glenn,021,27897,2014,1924,399,2323,9
2021-01-17,Humboldt,023,135768,2490,2322,11,2333,22
2021-01-17,Imperial,025,180216,25832,25253,2247,27500,451
2021-01-17,Inyo,027,18085,989,864,8,872,26
2021-01-17,Kern,029,883053,83159,79489,7455,86944,738
2021-01-17,Kings,031,150075,19941,19201,768,19969,131
2021-01-17,Lake,033,64148,2705,2572,0,2572,30
2021-01-17,Lassen,035,31185,4820,4740,77,4817,1
2021-01-17,Los Angeles,037,10098052,1047604,993028,33609,1026637,13741
2021-01-17,Madera,039,155013,13932,13328,659,13987,85
2021-01-17,Marin,041,260295,11809,11552,118,11670,164
2021-01-17,Mariposa,043,17540,337,319,2,321,3
2021-01-17,Mendocino,045,87422,3072,2912,54,2966,31
2021-01-17,Merced,047,269075,24355,23800,614,24414,242
2021-01-17,Modoc,049,8938,297,279,89,368,0
2021-01-17,Mono,051,14174,1093,1091,13,1104,3
2021-01-17,Monterey,053,433212,36807,35340,1203,36543,244
2021-01-17,Napa,055,140530,7877,7521,31,7552,38
2021-01-17,Nevada,057,99092,3386,3176,132,3308,17
2021-01-17,Orange,059,3164182,219371,212389,8865,221254,2359
2021-01-17,Placer,061,380077,18383,17194,861,18055,181
2021-01-17,Plumas,063,18699,588,505,9,514,2
2021-01-17,Riverside,065,2383286,254225,242206,11984,254190,2534
2021-01-17,Sacramento,067,1510023,82520,80154,948,81102,1045
2021-01-17,San Benito,069,59416,5071,4941,56,4997,35
2021-01-17,San Bernardino,071,2135413,261907,251487,7521,259008,1775
2021-01-17,San Diego,073,3302833,227098,211785,10483,222268,2103
2021-01-17,San Francisco,075,870044,29889,29139,602,29741,255
2021-01-17,San Joaquin,077,732212,58984,57094,2325,59419,780
2021-01-17,San Luis Obispo,079,281455,16654,15658,416,16074,157
2021-01-17,San Mateo,081,765935,34269,32186,236,32422,208
2021-01-17,Santa Barbara,083,443738,26218,24401,823,25224,235
2021-01-17,Santa Clara,085,1922200,95850,92752,432,93184,976
2021-01-17,Santa Cruz,087,273765,13383,12196,615,12811,106
2021-01-17,Shasta,089,179085,9913,9588,989,10577,92
2021-01-17,Sierra,091,2930,46,38,9,47,0
2021-01-17,Siskiyou,093,43540,1243,1136,178,1314,4
2021-01-17,Solano,095,438530,25975,25216,283,25499,105
2021-01-17,Sonoma,097,501317,24468,23871,124,23995,223
2021-01-17,Stanislaus,099,539301,43966,42221,4327,46548,562
2021-01-17,Sutter,101,95872,7841,7604,65,7669,77
2021-01-17,Tehama,103,63373,3981,3837,429,4266,18
2021-01-17,Trinity,105,12862,437,261,66,327,3
2021-01-17,Tulare,107,460477,43047,41016,5789,46805,549
2021-01-17,Tuolumne,109,53932,3297,3287,28,3315,27
2021-01-17,Ventura,111,848112,64217,61257,2245,63502,376
2021-01-17,Yolo,113,214977,11261,10519,125,10644,134
2021-01-17,Yuba,115,75493,4831,4640,59,4699,28
2021-01-16,Alameda,001,1643700,69355,66583,1441,68024,673
2021-01-16,Alpine,003,1148,73,71,0,71,0
2021-01-16,Amador,005,37829,3047,2986,24,3010,28
2021-01-16,Butte,007,227075,9975,9359,1325,10684,129
2021-01-16,Calaveras,009,45235,1607,1596,7,1603,21
2021-01-16,Colusa,011,21464,1636,1578,165,1743,7
2021-01-16,Contra Costa,013,1133247,53870,51363,877,52240,443
2021-01-16,Del Norte,015,27424,871,833,3,836,2
2021-01-16,El Dorado,017,186661,8108,7575,514,8089,47
2021-01-16,Fresno,019,978130,86303,81294,6393,87687,846
2021-01-16,Glenn,021,27897,2010,1894,395,2289,9
2021-01-16,Humboldt,023,135768,2470,2294,9,2303,22
2021-01-16,Imperial,025,180216,25798,25140,2240,27380,451
2021-01-16,Inyo,027,18085,985,845,8,853,25
2021-01-16,Kern,029,883053,82792,78865,7402,86267,733
2021-01-16,Kings,031,150075,19885,19072,765,19837,131
2021-01-16,Lake,033,64148,2695,2504,0,2504,30
2021-01-16,Lassen,035,31185,4808,4719,77,4796,1
2021-01-16,Los Angeles,037,10098052,1043525,982684,33368,1016052,13654
2021-01-16,Madera,039,155013,13866,13193,655,13848,85
2021-01-16,Marin,041,260295,11767,11482,118,11600,164
2021-01-16,Mariposa,043,17540,336,317,2,319,3
2021-01-16,Mendocino,045,87422,3058,2890,51,2941,31
2021-01-16,Merced,047,269075,24268,23478,600,24078,242
2021-01-16,Modoc,049,8938,297,278,89,367,0
2021-01-16,Mono,051,14174,1091,1079,13,1092,3
2021-01-16,Monterey,053,433212,36698,34972,1185,36157,243
2021-01-16,Napa,055,140530,7838,7356,31,7387,39
2021-01-16,Nevada,057,99092,3353,3144,132,3276,17
2021-01-16,Orange,059,3164182,218332,210111,8808,218919,2312
2021-01-16,Placer,061,380077,18318,16995,859,17854,177
2021-01-16,Plumas,063,18699,586,502,9,511,2
2021-01-16,Riverside,065,2383286,252867,239412,11867,251279,2506
2021-01-16,Sacramento,067,1510023,82143,79122,931,80053,1033
2021-01-16,San Benito,069,59416,5039,4875,56,4931,35
2021-01-16,San Bernardino,071,2135413,261126,249401,7455,256856,1755
2021-01-16,San Diego,073,3302833,225800,209895,10387,220282,2065
2021-01-16,San Francisco,075,870044,29762,28853,571,29424,244
2021-01-16,San Joaquin,077,732212,58737,56642,2294,58936,776
2021-01-16,San Luis Obispo,079,281455,16553,15466,414,15880,152
2021-01-16,San Mateo,081,765935,34105,31805,230,32035,208
2021-01-16,Santa Barbara,083,443738,26021,24088,816,24904,229
2021-01-16,Santa Clara,085,1922200,95383,91584,425,92009,954
2021-01-16,Santa Cruz,087,273765,13324,12026,613,12639,106
2021-01-16,Shasta,089,179085,9880,9547,985,10532,92
2021-01-16,Sierra,091,2930,45,38,9,47,0
2021-01-16,Siskiyou,093,43540,1238,1124,178,1302,4
2021-01-16,Solano,095,438530,25866,24732,277,25009,103
2021-01-16,Sonoma,097,501317,24377,23607,123,23730,223
2021-01-16,Stanislaus,099,539301,43776,41809,4276,46085,562
2021-01-16,Sutter,101,95872,7809,7560,65,7625,76
2021-01-16,Tehama,103,63373,3967,3783,429,4212,18
2021-01-16,Trinity,105,12862,437,261,66,327,3
2021-01-16,Tulare,107,460477,42866,40655,5716,46371,542
2021-01-16,Tuolumne,109,53932,3289,3269,28,3297,27
2021-01-16,Ventura,111,848112,63664,60368,2215,62583,369
2021-01-16,Yolo,113,214977,11212,10406,124,10530,134
2021-01-16,Yuba,115,75493,4800,4602,59,4661,27
2021-01-15,Alameda,001,1643700,68915,65416,1431,66847,672
2021-01-15,Alpine,003,1148,73,71,0,71,0
2021-01-15,Amador,005,37829,3040,2953,24,2977,28
2021-01-15,Butte,007,227075,9937,9233,1308,10541,129
2021-01-15,Calaveras,009,45235,1600,1538,7,1545,21
2021-01-15,Colusa,011,21464,1625,1541,161,1702,7
2021-01-15,Contra Costa,013,1133247,53540,50408,870,51278,428
2021-01-15,Del Norte,015,27424,867,828,2,830,2
2021-01-15,El Dorado,017,186661,8059,7439,505,7944,47
2021-01-15,Fresno,019,978130,85765,79950,6360,86310,832
2021-01-15,Glenn,021,27897,2005,1824,393,2217,9
2021-01-15,Humboldt,023,135768,2443,2218,8,2226,22
2021-01-15,Imperial,025,180216,25764,24944,2234,27178,446
2021-01-15,Inyo,027,18085,967,814,8,822,25
2021-01-15,Kern,029,883053,82380,77873,7337,85210,719
2021-01-15,Kings,031,150075,19776,18661,759,19420,131
2021-01-15,Lake,033,64148,2669,2434,0,2434,28
2021-01-15,Lassen,035,31185,4797,4693,75,4768,1
2021-01-15,Los Angeles,037,10098052,1036479,968979,33077,1002056,13404
2021-01-15,Madera,039,155013,13781,12883,652,13535,85
2021-01-15,Marin,041,260295,11716,11310,118,11428,160
2021-01-15,Mariposa,043,17540,334,307,2,309,3
2021-01-15,Mendocino,045,87422,3047,2835,51,2886,31
2021-01-15,Merced,047,269075,24155,23060,596,23656,239
2021-01-15,Modoc,049,8938,297,278,87,365,0
2021-01-15,Mono,051,14174,1088,1057,13,1070,3
2021-01-15,Monterey,053,433212,36486,34460,1126,35586,243
2021-01-15,Napa,055,140530,7776,7231,31,7262,38
2021-01-15,Nevada,057,99092,3340,3099,129,3228,17
2021-01-15,Orange,059,3164182,216974,207129,8756,215885,2254
2021-01-15,Placer,061,380077,18216,16712,850,17562,173
2021-01-15,Plumas,063,18699,583,499,9,508,2
2021-01-15,Riverside,065,2383286,251012,235235,11789,247024,2458
2021-01-15,Sacramento,067,1510023,81725,80279,923,81202,1023
2021-01-15,San Benito,069,59416,5000,4766,54,4820,35
2021-01-15,San Bernardino,071,2135413,259966,246182,7397,253579,1726
2021-01-15,San Diego,073,3302833,224051,206868,10322,217190,2037
2021-01-15,San Francisco,075,870044,29588,28574,551,29125,242
2021-01-15,San Joaquin,077,732212,58503,55885,2280,58165,748
2021-01-15,San Luis Obispo,079,281455,16420,15129,409,15538,148
2021-01-15,San Mateo,081,765935,33860,31291,226,31517,208
2021-01-15,Santa Barbara,083,443738,25741,23487,806,24293,226
2021-01-15,Santa Clara,085,1922200,94733,90103,420,90523,942
2021-01-15,Santa Cruz,087,273765,13215,11776,599,12375,105
2021-01-15,Shasta,089,179085,9841,9459,977,10436,91
2021-01-15,Sierra,091,2930,44,36,8,44,0
2021-01-15,Siskiyou,093,43540,1234,1119,177,1296,4
2021-01-15,Solano,095,438530,25717,24222,274,24496,103
2021-01-15,Sonoma,097,501317,24245,23204,122,23326,222
2021-01-15,Stanislaus,099,539301,43533,41178,4240,45418,562
2021-01-15,Sutter,101,95872,7762,7484,64,7548,75
2021-01-15,Tehama,103,63373,3946,3714,428,4142,17
2021-01-15,Trinity,105,12862,437,262,66,328,3
2021-01-15,Tulare,107,460477,42622,39951,5632,45583,535
2021-01-15,Tuolumne,109,53932,3273,3231,28,3259,27
2021-01-15,Ventura,111,848112,62919,59061,2182,61243,353
2021-01-15,Yolo,113,214977,11157,10240,123,10363,134
2021-01-15,Yuba,115,75493,4779,4549,59,4608,27
2021-01-14,Alameda,001,1643700,68263,64364,1415,65779,686
2021-01-14,Alpine,003,1148,73,71,0,71,0
2021-01-14,Amador,005,37829,3034,2940,24,2964,28
2021-01-14,Butte,007,227075,9852,9127,1287,10414,129
2021-01-14,Calaveras,009,45235,1583,1513,7,1520,21
2021-01-14,Colusa,011,21464,1610,1535,158,1693,7
2021-01-14,Contra Costa,013,1133247,52986,49545,856,50401,415
2021-01-14,Del Norte,015,27424,861,821,2,823,2
2021-01-14,El Dorado,017,186661,7985,7321,497,7818,45
2021-01-14,Fresno,019,978130,85132,79033,6284,85317,814
2021-01-14,Glenn,021,27897,1992,1798,388,2186,9
2021-01-14,Humboldt,023,135768,2400,2169,8,2177,22
2021-01-14,Imperial,025,180216,25654,24882,2198,27080,447
2021-01-14,Inyo,027,18085,960,790,8,798,25
2021-01-14,Kern,029,883053,81713,77070,7236,84306,705
2021-01-14,Kings,031,150075,19646,18405,755,19160,108
2021-01-14,Lake,033,64148,2626,2378,0,2378,27
2021-01-14,Lassen,035,31185,4787,4673,73,4746,1
2021-01-14,Los Angeles,037,10098052,1026474,954652,32697,987349,13147
2021-01-14,Madera,039,155013,13668,12742,641,13383,85
2021-01-14,Marin,041,260295,11642,11155,117,11272,159
2021-01-14,Mariposa,043,17540,331,302,2,304,3
2021-01-14,Mendocino,045,87422,3033,2801,49,2850,31
2021-01-14,Merced,047,269075,23926,22780,587,23367,239
2021-01-14,Modoc,049,8938,297,273,87,360,0
2021-01-14,Mono,051,14174,1080,1020,13,1033,3
2021-01-14,Monterey,053,433212,36071,34105,1106,35211,242
2021-01-14,Napa,055,140530,7691,7117,31,7148,38
2021-01-14,Nevada,057,99092,3313,3075,127,3202,17
2021-01-14,Orange,059,3164182,215044,204442,8670,213112,2162
2021-01-14,Placer,061,380077,18055,16488,843,17331,169
2021-01-14,Plumas,063,18699,575,496,9,505,2
2021-01-14,Riverside,065,2383286,248364,231684,11690,243374,2357
2021-01-14,Sacramento,067,1510023,81087,79137,899,80036,1007
2021-01-14,San Benito,069,59416,4964,4678,53,4731,35
2021-01-14,San Bernardino,071,2135413,257999,243379,7327,250706,1750
2021-01-14,San Diego,073,3302833,221657,204173,10202,214375,2005
2021-01-14,San Francisco,075,870044,29344,28200,503,28703,238
2021-01-14,San Joaquin,077,732212,57989,55058,2266,57324,739
2021-01-14,San Luis Obispo,079,281455,16259,14851,400,15251,146
2021-01-14,San Mateo,081,765935,33491,30694,217,30911,208
2021-01-14,Santa Barbara,083,443738,25329,23126,780,23906,219
2021-01-14,Santa Clara,085,1922200,93794,88505,413,88918,910
2021-01-14,Santa Cruz,087,273765,13068,11583,583,12166,109
2021-01-14,Shasta,089,179085,9791,9334,961,10295,90
2021-01-14,Sierra,091,2930,44,35,7,42,0
2021-01-14,Siskiyou,093,43540,1222,1108,174,1282,3
2021-01-14,Solano,095,438530,25458,23782,270,24052,103
2021-01-14,Sonoma,097,501317,24004,22910,122,23032,202
2021-01-14,Stanislaus,099,539301,43208,40597,4202,44799,574
2021-01-14,Sutter,101,95872,7703,7416,61,7477,74
2021-01-14,Tehama,103,63373,3917,3664,424,4088,17
2021-01-14,Trinity,105,12862,437,261,65,326,3
2021-01-14,Tulare,107,460477,42238,39565,5523,45088,533
2021-01-14,Tuolumne,109,53932,3252,3215,28,3243,28
2021-01-14,Ventura,111,848112,62047,57941,2144,60085,347
2021-01-14,Yolo,113,214977,11046,10097,117,10214,135
2021-01-14,Yuba,115,75493,4747,4496,59,4555,27
2021-01-13,Alameda,001,1643700,67509,63568,1398,64966,690
2021-01-13,Alpine,003,1148,73,71,0,71,0
2021-01-13,Amador,005,37829,3020,2914,24,2938,26
2021-01-13,Butte,007,227075,9773,9013,1273,10286,126
2021-01-13,Calaveras,009,45235,1561,1493,7,1500,21
2021-01-13,Colusa,011,21464,1598,1524,153,1677,7
2021-01-13,Contra Costa,013,1133247,52406,48877,844,49721,403
2021-01-13,Del Norte,015,27424,857,820,2,822,2
2021-01-13,El Dorado,017,186661,7892,7247,489,7736,43
2021-01-13,Fresno,019,978130,84413,78278,6242,84520,804
2021-01-13,Glenn,021,27897,1977,1792,380,2172,9
2021-01-13,Humboldt,023,135768,2367,2114,8,2122,22
2021-01-13,Imperial,025,180216,25530,24717,2165,26882,463
2021-01-13,Inyo,027,18085,948,785,8,793,25
2021-01-13,Kern,029,883053,81052,76049,7146,83195,704
2021-01-13,Kings,031,150075,19479,18121,733,18854,108
2021-01-13,Lake,033,64148,2582,2305,0,2305,27
2021-01-13,Lassen,035,31185,4780,4663,72,4735,1
2021-01-13,Los Angeles,037,10098052,1015698,937985,32287,970272,12873
2021-01-13,Madera,039,155013,13542,12570,636,13206,85
2021-01-13,Marin,041,260295,11586,11039,117,11156,161
2021-01-13,Mariposa,043,17540,329,304,2,306,3
2021-01-13,Mendocino,045,87422,3013,2790,49,2839,31
2021-01-13,Merced,047,269075,23686,22497,572,23069,241
2021-01-13,Modoc,049,8938,296,274,84,358,0
2021-01-13,Mono,051,14174,1076,1017,13,1030,3
2021-01-13,Monterey,053,433212,35651,33748,1082,34830,241
2021-01-13,Napa,055,140530,7577,7028,31,7059,36
2021-01-13,Nevada,057,99092,3289,3037,124,3161,17
2021-01-13,Orange,059,3164182,212956,201158,8601,209759,2172
2021-01-13,Placer,061,380077,17927,16272,829,17101,172
2021-01-13,Plumas,063,18699,573,490,9,499,2
2021-01-13,Riverside,065,2383286,245211,228192,11573,239765,2278
2021-01-13,Sacramento,067,1510023,80425,78268,892,79160,996
2021-01-13,San Benito,069,59416,4908,4583,52,4635,35
2021-01-13,San Bernardino,071,2135413,255625,240191,7255,247446,1759
2021-01-13,San Diego,073,3302833,219043,201578,10099,211677,1952
2021-01-13,San Francisco,075,870044,29104,27863,481,28344,238
2021-01-13,San Joaquin,077,732212,57365,54373,2236,56609,738
2021-01-13,San Luis Obispo,079,281455,16104,14625,389,15014,140
2021-01-13,San Mateo,081,765935,33150,30195,215,30410,207
2021-01-13,Santa Barbara,083,443738,24894,22714,756,23470,216
2021-01-13,Santa Clara,085,1922200,92818,87187,410,87597,911
2021-01-13,Santa Cruz,087,273765,12895,11423,569,11992,110
2021-01-13,Shasta,089,179085,9727,9180,947,10127,93
2021-01-13,Sierra,091,2930,44,33,7,40,0
2021-01-13,Siskiyou,093,43540,1216,1102,170,1272,3
2021-01-13,Solano,095,438530,25173,23503,269,23772,105
2021-01-13,Sonoma,097,501317,23756,22610,121,22731,206
2021-01-13,Stanislaus,099,539301,42806,40167,4148,44315,574
2021-01-13,Sutter,101,95872,7657,7350,60,7410,73
2021-01-13,Tehama,103,63373,3867,3589,419,4008,17
2021-01-13,Trinity,105,12862,437,260,65,325,3
2021-01-13,Tulare,107,460477,41830,39129,5419,44548,522
2021-01-13,Tuolumne,109,53932,3238,3196,28,3224,28
2021-01-13,Ventura,111,848112,61034,56453,2105,58558,338
2021-01-13,Yolo,113,214977,10946,9933,113,10046,135
2021-01-13,Yuba,115,75493,4705,4448,56,4504,27
2021-01-12,Alameda,001,1643700,66686,62642,1378,64020,677
2021-01-12,Alpine,003,1148,73,71,0,71,0
2021-01-12,Amador,005,37829,3003,2897,24,2921,26
2021-01-12,Butte,007,227075,9687,8883,1256,10139,124
2021-01-12,Calaveras,009,45235,1524,1475,7,1482,21
2021-01-12,Colusa,011,21464,1586,1510,149,1659,7
2021-01-12,Contra Costa,013,1133247,51764,48242,830,49072,399
2021-01-12,Del Norte,015,27424,852,816,2,818,2
2021-01-12,El Dorado,017,186661,7809,7156,478,7634,41
2021-01-12,Fresno,019,978130,83541,77651,6173,83824,796
2021-01-12,Glenn,021,27897,1951,1781,375,2156,9
2021-01-12,Humboldt,023,135768,2313,2077,7,2084,22
2021-01-12,Imperial,025,180216,25440,24566,2124,26690,457
2021-01-12,Inyo,027,18085,931,773,8,781,25
2021-01-12,Kern,029,883053,80347,75320,7048,82368,689
2021-01-12,Kings,031,150075,19267,18072,723,18795,108
2021-01-12,Lake,033,64148,2535,2260,0,2260,27
2021-01-12,Lassen,035,31185,4758,4659,70,4729,1
2021-01-12,Los Angeles,037,10098052,1004056,926295,31873,958168,12610
2021-01-12,Madera,039,155013,13401,12485,627,13112,85
2021-01-12,Marin,041,260295,11477,10960,117,11077,157
2021-01-12,Mariposa,043,17540,326,302,2,304,3
2021-01-12,Mendocino,045,87422,2993,2762,45,2807,31
2021-01-12,Merced,047,269075,23435,22172,550,22722,239
2021-01-12,Modoc,049,8938,294,274,84,358,0
2021-01-12,Mono,051,14174,1066,1008,13,1021,3
2021-01-12,Monterey,053,433212,35151,33381,1062,34443,240
2021-01-12,Napa,055,140530,7494,6936,31,6967,36
2021-01-12,Nevada,057,99092,3261,3014,122,3136,17
2021-01-12,Orange,059,3164182,210665,198260,8514,206774,2142
2021-01-12,Placer,061,380077,17757,16087,823,16910,163
2021-01-12,Plumas,063,18699,567,483,9,492,2
2021-01-12,Riverside,065,2383286,242080,225580,11433,237013,2266
2021-01-12,Sacramento,067,1510023,79685,77201,884,78085,985
2021-01-12,San Benito,069,59416,4840,4515,52,4567,35
2021-01-12,San Bernardino,071,2135413,253054,237008,7186,244194,1739
2021-01-12,San Diego,073,3302833,216129,198317,9982,208299,1898
2021-01-12,San Francisco,075,870044,28827,27531,448,27979,238
2021-01-12,San Joaquin,077,732212,56723,53630,2209,55839,725
2021-01-12,San Luis Obispo,079,281455,15856,14367,380,14747,132
2021-01-12,San Mateo,081,765935,32759,29747,203,29950,206
2021-01-12,Santa Barbara,083,443738,24479,22182,728,22910,209
2021-01-12,Santa Clara,085,1922200,91746,86075,402,86477,904
2021-01-12,Santa Cruz,087,273765,12680,11267,553,11820,110
2021-01-12,Shasta,089,179085,9654,9086,934,10020,84
2021-01-12,Sierra,091,2930,42,33,6,39,0
2021-01-12,Siskiyou,093,43540,1206,1091,164,1255,3
2021-01-12,Solano,095,438530,24870,23160,264,23424,102
2021-01-12,Sonoma,097,501317,23448,22403,121,22524,205
2021-01-12,Stanislaus,099,539301,42356,39615,4114,43729,571
2021-01-12,Sutter,101,95872,7594,7276,59,7335,73
2021-01-12,Tehama,103,63373,3831,3567,415,3982,17
2021-01-12,Trinity,105,12862,437,258,65,323,3
2021-01-12,Tulare,107,460477,41371,38797,5303,44100,509
2021-01-12,Tuolumne,109,53932,3205,3178,28,3206,28
2021-01-12,Ventura,111,848112,60062,55342,2072,57414,324
2021-01-12,Yolo,113,214977,10812,9857,103,9960,133
2021-01-12,Yuba,115,75493,4663,4389,56,4445,27
2021-01-11,Alameda,001,1643700,65824,61949,1361,63310,652
2021-01-11,Alpine,003,1148,73,70,0,70,0
2021-01-11,Amador,005,37829,2989,2867,24,2891,24
2021-01-11,Butte,007,227075,9574,8757,1238,9995,119
2021-01-11,Calaveras,009,45235,1506,1460,7,1467,21
2021-01-11,Colusa,011,21464,1568,1494,145,1639,7
2021-01-11,Contra Costa,013,1133247,51086,47728,821,48549,398
2021-01-11,Del Norte,015,27424,848,810,2,812,2
2021-01-11,El Dorado,017,186661,7715,6987,470,7457,36
2021-01-11,Fresno,019,978130,82661,76581,6096,82677,775
2021-01-11,Glenn,021,27897,1922,1763,369,2132,9
2021-01-11,Humboldt,023,135768,2274,2069,7,2076,22
2021-01-11,Imperial,025,180216,25325,24418,2089,26507,453
2021-01-11,Inyo,027,18085,913,763,8,771,25
2021-01-11,Kern,029,883053,79491,74489,6946,81435,682
2021-01-11,Kings,031,150075,19004,17909,715,18624,108
2021-01-11,Lake,033,64148,2483,2205,0,2205,26
2021-01-11,Lassen,035,31185,4735,4647,69,4716,1
2021-01-11,Los Angeles,037,10098052,990849,914434,31401,945835,12304
2021-01-11,Madera,039,155013,13268,12366,616,12982,85
2021-01-11,Marin,041,260295,11381,10814,114,10928,156
2021-01-11,Mariposa,043,17540,319,296,2,298,3
2021-01-11,Mendocino,045,87422,2965,2728,45,2773,31
2021-01-11,Merced,047,269075,23112,21884,536,22420,238
2021-01-11,Modoc,049,8938,293,271,83,354,0
2021-01-11,Mono,051,14174,1060,1006,13,1019,3
2021-01-11,Monterey,053,433212,34611,32858,999,33857,239
2021-01-11,Napa,055,140530,7392,6822,31,6853,36
2021-01-11,Nevada,057,99092,3233,2980,122,3102,17
2021-01-11,Orange,059,3164182,208083,196340,8413,204753,2113
2021-01-11,Placer,061,380077,17577,15919,813,16732,163
2021-01-11,Plumas,063,18699,563,477,9,486,2
2021-01-11,Riverside,065,2383286,238558,222907,11286,234193,2222
2021-01-11,Sacramento,067,1510023,78756,76009,868,76877,974
2021-01-11,San Benito,069,59416,4763,4482,45,4527,34
2021-01-11,San Bernardino,071,2135413,250219,235543,7087,242630,1739
2021-01-11,San Diego,073,3302833,212860,194793,9822,204615,1857
2021-01-11,San Francisco,075,870044,28552,27264,427,27691,238
2021-01-11,San Joaquin,077,732212,56112,53002,2179,55181,725
2021-01-11,San Luis Obispo,079,281455,15486,14213,372,14585,126
2021-01-11,San Mateo,081,765935,32314,29355,191,29546,206
2021-01-11,Santa Barbara,083,443738,24035,21740,711,22451,200
2021-01-11,Santa Clara,085,1922200,90543,84851,393,85244,877
2021-01-11,Santa Cruz,087,273765,12500,11093,529,11622,106
2021-01-11,Shasta,089,179085,9556,8977,921,9898,81
2021-01-11,Sierra,091,2930,41,33,6,39,0
2021-01-11,Siskiyou,093,43540,1197,1087,162,1249,3
2021-01-11,Solano,095,438530,24548,22893,259,23152,101
2021-01-11,Sonoma,097,501317,23201,22191,121,22312,205
2021-01-11,Stanislaus,099,539301,41864,39149,4063,43212,571
2021-01-11,Sutter,101,95872,7535,7204,58,7262,71
2021-01-11,Tehama,103,63373,3767,3524,394,3918,17
2021-01-11,Trinity,105,12862,437,256,65,321,2
2021-01-11,Tulare,107,460477,40956,38380,5224,43604,497
2021-01-11,Tuolumne,109,53932,3194,3165,28,3193,27
2021-01-11,Ventura,111,848112,58925,54202,2049,56251,320
2021-01-11,Yolo,113,214977,10601,9699,101,9800,129
2021-01-11,Yuba,115,75493,4625,4349,49,4398,27
2021-01-10,Alameda,001,1643700,64833,61111,1332,62443,650
2021-01-10,Alpine,003,1148,73,70,0,70,0
2021-01-10,Amador,005,37829,2965,2861,24,2885,24
2021-01-10,Butte,007,227075,9455,8665,1212,9877,119
2021-01-10,Calaveras,009,45235,1482,1449,7,1456,21
2021-01-10,Colusa,011,21464,1544,1478,144,1622,7
2021-01-10,Contra Costa,013,1133247,50299,47109,803,47912,398
2021-01-10,Del Norte,015,27424,845,809,2,811,2
2021-01-10,El Dorado,017,186661,7628,6904,452,7356,36
2021-01-10,Fresno,019,978130,81850,75621,5973,81594,775
2021-01-10,Glenn,021,27897,1901,1746,362,2108,9
2021-01-10,Humboldt,023,135768,2213,2049,7,2056,22
2021-01-10,Imperial,025,180216,25162,24233,2038,26271,453
2021-01-10,Inyo,027,18085,885,748,8,756,25
2021-01-10,Kern,029,883053,78664,73712,6814,80526,679
2021-01-10,Kings,031,150075,18785,17812,708,18520,108
2021-01-10,Lake,033,64148,2430,2174,0,2174,26
2021-01-10,Lassen,035,31185,4713,4642,69,4711,1
2021-01-10,Los Angeles,037,10098052,976267,901783,30773,932556,12170
2021-01-10,Madera,039,155013,13079,12179,601,12780,85
2021-01-10,Marin,041,260295,11260,10737,112,10849,155
2021-01-10,Mariposa,043,17540,319,291,2,293,3
2021-01-10,Mendocino,045,87422,2934,2706,42,2748,31
2021-01-10,Merced,047,269075,22838,21691,526,22217,238
2021-01-10,Modoc,049,8938,293,271,81,352,0
2021-01-10,Mono,051,14174,1042,965,13,978,3
2021-01-10,Monterey,053,433212,34171,32571,967,33538,237
2021-01-10,Napa,055,140530,7288,6687,29,6716,36
2021-01-10,Nevada,057,99092,3214,2959,118,3077,17
2021-01-10,Orange,059,3164182,205318,193766,8289,202055,2104
2021-01-10,Placer,061,380077,17391,15779,793,16572,163
2021-01-10,Plumas,063,18699,553,477,9,486,2
2021-01-10,Riverside,065,2383286,235180,219486,11096,230582,2216
2021-01-10,Sacramento,067,1510023,77794,75394,840,76234,965
2021-01-10,San Benito,069,59416,4665,4434,44,4478,34
2021-01-10,San Bernardino,071,2135413,246633,232171,6983,239154,1736
2021-01-10,San Diego,073,3302833,209194,191886,9655,201541,1857
2021-01-10,San Francisco,075,870044,28168,27054,396,27450,238
2021-01-10,San Joaquin,077,732212,55253,52535,2145,54680,725
2021-01-10,San Luis Obispo,079,281455,15156,13968,360,14328,122
2021-01-10,San Mateo,081,765935,31822,28972,177,29149,206
2021-01-10,Santa Barbara,083,443738,23484,21290,690,21980,200
2021-01-10,Santa Clara,085,1922200,89368,83779,384,84163,858
2021-01-10,Santa Cruz,087,273765,12287,10951,508,11459,106
2021-01-10,Shasta,089,179085,9444,8936,906,9842,81
2021-01-10,Sierra,091,2930,40,32,6,38,0
2021-01-10,Siskiyou,093,43540,1191,1075,159,1234,3
2021-01-10,Solano,095,438530,24147,22621,256,22877,101
2021-01-10,Sonoma,097,501317,22927,21925,120,22045,204
2021-01-10,Stanislaus,099,539301,41300,38809,3983,42792,571
2021-01-10,Sutter,101,95872,7474,7133,55,7188,71
2021-01-10,Tehama,103,63373,3694,3504,381,3885,17
2021-01-10,Trinity,105,12862,437,253,63,316,2
2021-01-10,Tulare,107,460477,40538,38012,5102,43114,497
2021-01-10,Tuolumne,109,53932,3160,3143,27,3170,27
2021-01-10,Ventura,111,848112,57656,53095,2005,55100,319
2021-01-10,Yolo,113,214977,10449,9610,100,9710,129
2021-01-10,Yuba,115,75493,4573,4300,46,4346,27
2021-01-09,Alameda,001,1643700,64309,60125,1316,61441,649
2021-01-09,Alpine,003,1148,73,70,0,70,0
2021-01-09,Amador,005,37829,2958,2809,24,2833,24
2021-01-09,Butte,007,227075,9374,8552,1188,9740,118
2021-01-09,Calaveras,009,45235,1472,1425,7,1432,21
2021-01-09,Colusa,011,21464,1538,1468,143,1611,7
2021-01-09,Contra Costa,013,1133247,49947,46406,788,47194,393
2021-01-09,Del Norte,015,27424,843,802,2,804,2
2021-01-09,El Dorado,017,186661,7596,6800,449,7249,36
2021-01-09,Fresno,019,978130,81441,74816,5933,80749,773
2021-01-09,Glenn,021,27897,1885,1707,358,2065,9
2021-01-09,Humboldt,023,135768,2195,2026,7,2033,22
2021-01-09,Imperial,025,180216,25094,24028,2024,26052,448
2021-01-09,Inyo,027,18085,875,734,8,742,25
2021-01-09,Kern,029,883053,78200,73015,6738,79753,677
2021-01-09,Kings,031,150075,18690,17679,704,18383,108
2021-01-09,Lake,033,64148,2395,2144,0,2144,26
2021-01-09,Lassen,035,31185,4701,4613,68,4681,1
2021-01-09,Los Angeles,037,10098052,970701,887949,30331,918280,12011
2021-01-09,Madera,039,155013,12988,12063,596,12659,85
2021-01-09,Marin,041,260295,11197,10634,111,10745,154
2021-01-09,Mariposa,043,17540,316,287,2,289,3
2021-01-09,Mendocino,045,87422,2916,2664,42,2706,31
2021-01-09,Merced,047,269075,22697,21357,516,21873,237
2021-01-09,Modoc,049,8938,293,271,80,351,0
2021-01-09,Mono,051,14174,1037,964,13,977,3
2021-01-09,Monterey,053,433212,34023,31948,958,32906,235
2021-01-09,Napa,055,140530,7218,6594,26,6620,36
2021-01-09,Nevada,057,99092,3192,2932,115,3047,17
2021-01-09,Orange,059,3164182,203811,191004,8196,199200,2034
2021-01-09,Placer,061,380077,17283,15609,791,16400,162
2021-01-09,Plumas,063,18699,551,477,9,486,2
2021-01-09,Riverside,065,2383286,233429,216076,10959,227035,2201
2021-01-09,Sacramento,067,1510023,77269,74482,835,75317,953
2021-01-09,San Benito,069,59416,4616,4335,44,4379,34
2021-01-09,San Bernardino,071,2135413,245446,228857,6914,235771,1714
2021-01-09,San Diego,073,3302833,207501,188598,9535,198133,1824
2021-01-09,San Francisco,075,870044,27993,26708,353,27061,235
2021-01-09,San Joaquin,077,732212,54904,51927,2125,54052,724
2021-01-09,San Luis Obispo,079,281455,15032,13647,349,13996,121
2021-01-09,San Mateo,081,765935,31525,28512,170,28682,205
2021-01-09,Santa Barbara,083,443738,23276,20971,681,21652,197
2021-01-09,Santa Clara,085,1922200,88526,82269,372,82641,808
2021-01-09,Santa Cruz,087,273765,12191,10717,503,11220,107
2021-01-09,Shasta,089,179085,9411,8893,902,9795,81
2021-01-09,Sierra,091,2930,38,32,6,38,0
2021-01-09,Siskiyou,093,43540,1187,1062,155,1217,3
2021-01-09,Solano,095,438530,23989,22226,255,22481,101
2021-01-09,Sonoma,097,501317,22805,21393,120,21513,202
2021-01-09,Stanislaus,099,539301,41004,38403,3945,42348,567
2021-01-09,Sutter,101,95872,7438,7072,54,7126,69
2021-01-09,Tehama,103,63373,3664,3451,370,3821,15
2021-01-09,Trinity,105,12862,437,252,63,315,2
2021-01-09,Tulare,107,460477,40283,37684,5036,42720,496
2021-01-09,Tuolumne,109,53932,3152,3117,26,3143,26
2021-01-09,Ventura,111,848112,56827,51988,1979,53967,306
2021-01-09,Yolo,113,214977,10377,9524,97,9621,129
2021-01-09,Yuba,115,75493,4545,4265,46,4311,27
2021-01-08,Alameda,001,1643700,63755,59172,1306,60478,646
2021-01-08,Alpine,003,1148,73,70,0,70,0
2021-01-08,Amador,005,37829,2951,2792,24,2816,24
2021-01-08,Butte,007,227075,9314,8430,1173,9603,115
2021-01-08,Calaveras,009,45235,1458,1385,7,1392,21
2021-01-08,Colusa,011,21464,1525,1448,142,1590,7
2021-01-08,Contra Costa,013,1133247,49421,45667,784,46451,381
2021-01-08,Del Norte,015,27424,841,795,2,797,2
2021-01-08,El Dorado,017,186661,7526,6690,437,7127,36
2021-01-08,Fresno,019,978130,80626,73689,5872,79561,771
2021-01-08,Glenn,021,27897,1870,1680,354,2034,9
2021-01-08,Humboldt,023,135768,2171,1988,7,1995,22
2021-01-08,Imperial,025,180216,25028,23751,2009,25760,446
2021-01-08,Inyo,027,18085,861,682,8,690,24
2021-01-08,Kern,029,883053,77637,71978,6665,78643,674
2021-01-08,Kings,031,150075,18562,17441,699,18140,108
2021-01-08,Lake,033,64148,2370,2098,0,2098,26
2021-01-08,Lassen,035,31185,4693,4598,66,4664,1
2021-01-08,Los Angeles,037,10098052,959907,871188,29900,901088,11796
2021-01-08,Madera,039,155013,12837,11846,587,12433,85
2021-01-08,Marin,041,260295,11103,10531,110,10641,153
2021-01-08,Mariposa,043,17540,315,273,2,275,3
2021-01-08,Mendocino,045,87422,2897,2634,39,2673,31
2021-01-08,Merced,047,269075,22502,20862,510,21372,236
2021-01-08,Modoc,049,8938,293,266,80,346,0
2021-01-08,Mono,051,14174,1027,951,13,964,3
2021-01-08,Monterey,053,433212,33764,31543,947,32490,224
2021-01-08,Napa,055,140530,7148,6544,26,6570,32
2021-01-08,Nevada,057,99092,3170,2888,115,3003,17
2021-01-08,Orange,059,3164182,201820,186608,8109,194717,1991
2021-01-08,Placer,061,380077,17152,15401,784,16185,161
2021-01-08,Plumas,063,18699,545,465,9,474,2
2021-01-08,Riverside,065,2383286,231032,212122,10828,222950,2184
2021-01-08,Sacramento,067,1510023,76687,73245,829,74074,939
2021-01-08,San Benito,069,59416,4579,4225,43,4268,33
2021-01-08,San Bernardino,071,2135413,243561,224267,6843,231110,1703
2021-01-08,San Diego,073,3302833,204965,185060,9441,194501,1771
2021-01-08,San Francisco,075,870044,27744,26378,329,26707,207
2021-01-08,San Joaquin,077,732212,54568,50990,2096,53086,710
2021-01-08,San Luis Obispo,079,281455,14898,13286,337,13623,119
2021-01-08,San Mateo,081,765935,31176,28072,167,28239,204
2021-01-08,Santa Barbara,083,443738,22993,20461,672,21133,189
2021-01-08,Santa Clara,085,1922200,87505,80561,369,80930,789
2021-01-08,Santa Cruz,087,273765,12051,10486,494,10980,106
2021-01-08,Shasta,089,179085,9361,8772,887,9659,81
2021-01-08,Sierra,091,2930,38,31,6,37,0
2021-01-08,Siskiyou,093,43540,1184,1027,154,1181,3
2021-01-08,Solano,095,438530,23818,21832,252,22084,100
2021-01-08,Sonoma,097,501317,22664,21178,120,21298,201
2021-01-08,Stanislaus,099,539301,40709,37858,3908,41766,566
2021-01-08,Sutter,101,95872,7388,6982,54,7036,68
2021-01-08,Tehama,103,63373,3641,3406,365,3771,15
2021-01-08,Trinity,105,12862,437,247,63,310,2
2021-01-08,Tulare,107,460477,40011,36946,4935,41881,491
2021-01-08,Tuolumne,109,53932,3144,3099,26,3125,19
2021-01-08,Ventura,111,848112,55961,50553,1955,52508,294
2021-01-08,Yolo,113,214977,10288,9391,93,9484,129
2021-01-08,Yuba,115,75493,4503,4195,45,4240,26
2021-01-07,Alameda,001,1643700,62883,57921,1279,59200,632
2021-01-07,Alpine,003,1148,71,70,0,70,0
2021-01-07,Amador,005,37829,2938,2740,23,2763,24
2021-01-07,Butte,007,227075,9217,8278,1146,9424,112
2021-01-07,Calaveras,009,45235,1441,1342,6,1348,21
2021-01-07,Colusa,011,21464,1513,1420,135,1555,7
2021-01-07,Contra Costa,013,1133247,48639,44756,767,45523,376
2021-01-07,Del Norte,015,27424,839,791,2,793,2
2021-01-07,El Dorado,017,186661,7425,6545,425,6970,36
2021-01-07,Fresno,019,978130,79669,72557,5773,78330,765
2021-01-07,Glenn,021,27897,1850,1639,342,1981,9
2021-01-07,Humboldt,023,135768,2144,1954,7,1961,22
2021-01-07,Imperial,025,180216,24836,23608,1957,25565,431
2021-01-07,Inyo,027,18085,848,656,8,664,20
2021-01-07,Kern,029,883053,76780,70953,6514,77467,660
2021-01-07,Kings,031,150075,18434,17238,690,17928,108
2021-01-07,Lake,033,64148,2315,2054,0,2054,26
2021-01-07,Lassen,035,31185,4688,4581,64,4645,1
2021-01-07,Los Angeles,037,10098052,945025,853187,29355,882542,11480
2021-01-07,Madera,039,155013,12680,11644,576,12220,76
2021-01-07,Marin,041,260295,11013,10364,108,10472,153
2021-01-07,Mariposa,043,17540,313,264,2,266,3
2021-01-07,Mendocino,045,87422,2842,2585,34,2619,30
2021-01-07,Merced,047,269075,22181,20510,495,21005,234
2021-01-07,Modoc,049,8938,293,265,80,345,0
2021-01-07,Mono,051,14174,1016,905,13,918,3
2021-01-07,Monterey,053,433212,33240,30903,922,31825,222
2021-01-07,Napa,055,140530,7038,6408,26,6434,32
2021-01-07,Nevada,057,99092,3136,2847,110,2957,17
2021-01-07,Orange,059,3164182,198978,181922,8011,189933,1974
2021-01-07,Placer,061,380077,16973,15155,755,15910,144
2021-01-07,Plumas,063,18699,543,454,9,463,2
2021-01-07,Riverside,065,2383286,227578,208177,10673,218850,2156
2021-01-07,Sacramento,067,1510023,75783,72342,808,73150,919
2021-01-07,San Benito,069,59416,4517,4112,39,4151,33
2021-01-07,San Bernardino,071,2135413,240022,219691,6761,226452,1666
2021-01-07,San Diego,073,3302833,201659,180510,9262,189772,1738
2021-01-07,San Francisco,075,870044,27411,25885,314,26199,202
2021-01-07,San Joaquin,077,732212,53884,50156,2065,52221,689
2021-01-07,San Luis Obispo,079,281455,14659,12810,324,13134,118
2021-01-07,San Mateo,081,765935,30666,27494,163,27657,201
2021-01-07,Santa Barbara,083,443738,22570,19931,659,20590,187
2021-01-07,Santa Clara,085,1922200,86290,78808,366,79174,775
2021-01-07,Santa Cruz,087,273765,11842,10228,487,10715,104
2021-01-07,Shasta,089,179085,9274,8612,879,9491,81
2021-01-07,Sierra,091,2930,38,31,6,37,0
2021-01-07,Siskiyou,093,43540,1179,1010,152,1162,3
2021-01-07,Solano,095,438530,23426,21384,248,21632,100
2021-01-07,Sonoma,097,501317,22400,20857,119,20976,200
2021-01-07,Stanislaus,099,539301,40283,37296,3857,41153,553
2021-01-07,Sutter,101,95872,7328,6890,53,6943,65
2021-01-07,Tehama,103,63373,3618,3330,358,3688,15
2021-01-07,Trinity,105,12862,437,247,63,310,2
2021-01-07,Tulare,107,460477,39610,36397,4800,41197,482
2021-01-07,Tuolumne,109,53932,3124,3068,25,3093,14
2021-01-07,Ventura,111,848112,54800,49083,1927,51010,288
2021-01-07,Yolo,113,214977,10150,9207,91,9298,128
2021-01-07,Yuba,115,75493,4461,4128,45,4173,25
2021-01-06,Alameda,001,1643700,62028,57081,1248,58329,616
2021-01-06,Alpine,003,1148,71,70,0,70,0
2021-01-06,Amador,005,37829,2917,2717,22,2739,24
2021-01-06,Butte,007,227075,9104,8147,1128,9275,110
2021-01-06,Calaveras,009,45235,1417,1321,6,1327,21
2021-01-06,Colusa,011,21464,1492,1385,130,1515,7
2021-01-06,Contra Costa,013,1133247,47834,44054,751,44805,358
2021-01-06,Del Norte,015,27424,833,780,2,782,2
2021-01-06,El Dorado,017,186661,7313,6397,412,6809,35
2021-01-06,Fresno,019,978130,78826,71404,5669,77073,752
2021-01-06,Glenn,021,27897,1825,1622,337,1959,9
2021-01-06,Humboldt,023,135768,2118,1912,7,1919,22
2021-01-06,Imperial,025,180216,24584,23400,1914,25314,431
2021-01-06,Inyo,027,18085,832,630,8,638,20
2021-01-06,Kern,029,883053,75837,69893,6383,76276,646
2021-01-06,Kings,031,150075,18236,17019,670,17689,108
2021-01-06,Lake,033,64148,2278,2033,0,2033,26
2021-01-06,Lassen,035,31185,4676,4560,60,4620,1
2021-01-06,Los Angeles,037,10098052,929090,835052,28656,863708,11285
2021-01-06,Madera,039,155013,12544,11407,570,11977,67
2021-01-06,Marin,041,260295,10885,10282,107,10389,153
2021-01-06,Mariposa,043,17540,310,259,2,261,3
2021-01-06,Mendocino,045,87422,2812,2561,34,2595,30
2021-01-06,Merced,047,269075,21843,20258,480,20738,232
2021-01-06,Modoc,049,8938,293,263,80,343,0
2021-01-06,Mono,051,14174,985,905,13,918,3
2021-01-06,Monterey,053,433212,32643,30387,889,31276,222
2021-01-06,Napa,055,140530,6908,6342,26,6368,32
2021-01-06,Nevada,057,99092,3116,2805,109,2914,15
2021-01-06,Orange,059,3164182,195522,177686,7869,185555,1935
2021-01-06,Placer,061,380077,16785,14940,737,15677,134
2021-01-06,Plumas,063,18699,535,445,9,454,2
2021-01-06,Riverside,065,2383286,223554,203714,10486,214200,2121
2021-01-06,Sacramento,067,1510023,74760,71572,791,72363,909
2021-01-06,San Benito,069,59416,4440,4031,38,4069,32
2021-01-06,San Bernardino,071,2135413,236297,215286,6654,221940,1634
2021-01-06,San Diego,073,3302833,198161,176660,9092,185752,1691
2021-01-06,San Francisco,075,870044,27040,25424,306,25730,199
2021-01-06,San Joaquin,077,732212,53125,49286,2023,51309,673
2021-01-06,San Luis Obispo,079,281455,14266,12305,317,12622,115
2021-01-06,San Mateo,081,765935,30242,27050,160,27210,200
2021-01-06,Santa Barbara,083,443738,22083,19453,649,20102,177
2021-01-06,Santa Clara,085,1922200,84883,77485,359,77844,746
2021-01-06,Santa Cruz,087,273765,11622,9954,469,10423,97
2021-01-06,Shasta,089,179085,9203,8482,872,9354,78
2021-01-06,Sierra,091,2930,37,31,6,37,0
2021-01-06,Siskiyou,093,43540,1167,998,148,1146,3
2021-01-06,Solano,095,438530,23040,21102,245,21347,99
2021-01-06,Sonoma,097,501317,22094,20558,119,20677,196
2021-01-06,Stanislaus,099,539301,39687,36751,3795,40546,553
2021-01-06,Sutter,101,95872,7246,6839,52,6891,59
2021-01-06,Tehama,103,63373,3590,3306,352,3658,15
2021-01-06,Trinity,105,12862,437,246,63,309,2
2021-01-06,Tulare,107,460477,39054,35882,4703,40585,465
2021-01-06,Tuolumne,109,53932,3104,3008,25,3033,14
2021-01-06,Ventura,111,848112,53556,47428,1903,49331,280
2021-01-06,Yolo,113,214977,9988,9083,88,9171,127
2021-01-06,Yuba,115,75493,4412,4097,45,4142,25
2021-01-05,Alameda,001,1643700,60908,56432,1213,57645,602
2021-01-05,Alpine,003,1148,71,70,0,70,0
2021-01-05,Amador,005,37829,2877,2695,22,2717,24
2021-01-05,Butte,007,227075,8964,8008,1102,9110,107
2021-01-05,Calaveras,009,45235,1371,1292,6,1298,21
2021-01-05,Colusa,011,21464,1467,1376,124,1500,7
2021-01-05,Contra Costa,013,1133247,46948,43442,740,44182,353
2021-01-05,Del Norte,015,27424,826,770,2,772,2
2021-01-05,El Dorado,017,186661,7195,6270,391,6661,32
2021-01-05,Fresno,019,978130,77603,70971,5576,76547,741
2021-01-05,Glenn,021,27897,1801,1608,324,1932,9
2021-01-05,Humboldt,023,135768,2082,1884,7,1891,22
2021-01-05,Imperial,025,180216,24411,23165,1869,25034,421
2021-01-05,Inyo,027,18085,818,627,8,635,20
2021-01-05,Kern,029,883053,74760,68257,6244,74501,624
2021-01-05,Kings,031,150075,18037,16860,647,17507,108
2021-01-05,Lake,033,64148,2231,2015,0,2015,25
2021-01-05,Lassen,035,31185,4661,4554,56,4610,1
2021-01-05,Los Angeles,037,10098052,910375,823783,27981,851764,11028
2021-01-05,Madera,039,155013,12368,11359,557,11916,67
2021-01-05,Marin,041,260295,10731,10214,105,10319,151
2021-01-05,Mariposa,043,17540,304,257,2,259,3
2021-01-05,Mendocino,045,87422,2776,2501,34,2535,30
2021-01-05,Merced,047,269075,21491,20051,469,20520,230
2021-01-05,Modoc,049,8938,293,254,80,334,0
2021-01-05,Mono,051,14174,979,896,13,909,3
2021-01-05,Monterey,053,433212,32071,30045,855,30900,213
2021-01-05,Napa,055,140530,6821,6264,26,6290,29
2021-01-05,Nevada,057,99092,3088,2781,107,2888,15
2021-01-05,Orange,059,3164182,191884,174869,7673,182542,1918
2021-01-05,Placer,061,380077,16562,14723,714,15437,133
2021-01-05,Plumas,063,18699,528,428,9,437,2
2021-01-05,Riverside,065,2383286,219422,200439,10313,210752,2069
2021-01-05,Sacramento,067,1510023,73833,70677,765,71442,888
2021-01-05,San Benito,069,59416,4338,3961,36,3997,28
2021-01-05,San Bernardino,071,2135413,232358,212522,6540,219062,1615
2021-01-05,San Diego,073,3302833,194022,172845,8878,181723,1654
2021-01-05,San Francisco,075,870044,26676,24989,288,25277,196
2021-01-05,San Joaquin,077,732212,52250,48969,1974,50943,663
2021-01-05,San Luis Obispo,079,281455,13866,12027,307,12334,106
2021-01-05,San Mateo,081,765935,29758,26486,158,26644,198
2021-01-05,Santa Barbara,083,443738,21640,19063,639,19702,172
2021-01-05,Santa Clara,085,1922200,83348,76355,346,76701,729
2021-01-05,Santa Cruz,087,273765,11349,9753,445,10198,93
2021-01-05,Shasta,089,179085,9096,8345,854,9199,73
2021-01-05,Sierra,091,2930,37,31,6,37,0
2021-01-05,Siskiyou,093,43540,1155,985,146,1131,3
2021-01-05,Solano,095,438530,22633,20860,240,21100,97
2021-01-05,Sonoma,097,501317,21732,20247,118,20365,194
2021-01-05,Stanislaus,099,539301,39141,36363,3747,40110,553
2021-01-05,Sutter,101,95872,7148,6769,51,6820,59
2021-01-05,Tehama,103,63373,3533,3255,347,3602,9
2021-01-05,Trinity,105,12862,437,246,63,309,2
2021-01-05,Tulare,107,460477,38432,35585,4556,40141,455
2021-01-05,Tuolumne,109,53932,3080,2996,20,3016,13
2021-01-05,Ventura,111,848112,52309,46456,1881,48337,264
2021-01-05,Yolo,113,214977,9812,8980,87,9067,127
2021-01-05,Yuba,115,75493,4353,4053,44,4097,21
2021-01-04,Alameda,001,1643700,59667,55899,1180,57079,583
2021-01-04,Alpine,003,1148,71,68,0,68,0
2021-01-04,Amador,005,37829,2837,2596,22,2618,24
2021-01-04,Butte,007,227075,8805,7893,1078,8971,105
2021-01-04,Calaveras,009,45235,1330,1276,5,1281,21
2021-01-04,Colusa,011,21464,1442,1368,110,1478,7
2021-01-04,Contra Costa,013,1133247,46097,43019,714,43733,353
2021-01-04,Del Norte,015,27424,817,770,2,772,2
2021-01-04,El Dorado,017,186661,7061,6152,375,6527,27
2021-01-04,Fresno,019,978130,76334,69871,5479,75350,726
2021-01-04,Glenn,021,27897,1771,1590,318,1908,9
2021-01-04,Humboldt,023,135768,2046,1845,7,1852,22
2021-01-04,Imperial,025,180216,24257,23035,1816,24851,420
2021-01-04,Inyo,027,18085,791,623,8,631,20
2021-01-04,Kern,029,883053,73675,67418,6047,73465,623
2021-01-04,Kings,031,150075,17760,16801,622,17423,108
2021-01-04,Lake,033,64148,2191,1984,0,1984,25
2021-01-04,Lassen,035,31185,4639,4550,55,4605,1
2021-01-04,Los Angeles,037,10098052,890279,813022,27107,840129,10790
2021-01-04,Madera,039,155013,12148,11204,535,11739,67
2021-01-04,Marin,041,260295,10595,10115,102,10217,151
2021-01-04,Mariposa,043,17540,298,253,2,255,3
2021-01-04,Mendocino,045,87422,2736,2460,30,2490,28
2021-01-04,Merced,047,269075,21076,19804,450,20254,230
2021-01-04,Modoc,049,8938,277,250,78,328,0
2021-01-04,Mono,051,14174,968,895,13,908,3
2021-01-04,Monterey,053,433212,31429,29659,832,30491,212
2021-01-04,Napa,055,140530,6680,6187,26,6213,29
2021-01-04,Nevada,057,99092,3050,2765,104,2869,15
2021-01-04,Orange,059,3164182,187993,172458,7546,180004,1918
2021-01-04,Placer,061,380077,16303,14622,701,15323,133
2021-01-04,Plumas,063,18699,518,419,9,428,1
2021-01-04,Riverside,065,2383286,214876,196809,10122,206931,2066
2021-01-04,Sacramento,067,1510023,72773,70164,755,70919,870
2021-01-04,San Benito,069,59416,4226,3914,36,3950,28
2021-01-04,San Bernardino,071,2135413,228128,210868,6389,217257,1615
2021-01-04,San Diego,073,3302833,189448,171031,8682,179713,1598
2021-01-04,San Francisco,075,870044,26290,24753,282,25035,191
2021-01-04,San Joaquin,077,732212,51349,48644,1933,50577,661
2021-01-04,San Luis Obispo,079,281455,13380,11945,299,12244,96
2021-01-04,San Mateo,081,765935,29194,26150,153,26303,198
2021-01-04,Santa Barbara,083,443738,21117,18735,608,19343,165
2021-01-04,Santa Clara,085,1922200,81601,75297,338,75635,727
2021-01-04,Santa Cruz,087,273765,11061,9680,428,10108,85
2021-01-04,Shasta,089,179085,8991,8224,837,9061,72
2021-01-04,Sierra,091,2930,36,30,6,36,0
2021-01-04,Siskiyou,093,43540,1138,980,143,1123,3
2021-01-04,Solano,095,438530,22130,20588,233,20821,97
2021-01-04,Sonoma,097,501317,21392,20210,117,20327,194
2021-01-04,Stanislaus,099,539301,38578,36141,3692,39833,553
2021-01-04,Sutter,101,95872,7050,6712,50,6762,56
2021-01-04,Tehama,103,63373,3459,3190,342,3532,9
2021-01-04,Trinity,105,12862,434,245,63,308,2
2021-01-04,Tulare,107,460477,37873,35060,4453,39513,455
2021-01-04,Tuolumne,109,53932,3055,2987,20,3007,13
2021-01-04,Ventura,111,848112,50808,45014,1861,46875,255
2021-01-04,Yolo,113,214977,9615,8834,81,8915,121
2021-01-04,Yuba,115,75493,4295,4023,44,4067,21
2021-01-03,Alameda,001,1643700,58415,55082,1150,56232,580
2021-01-03,Alpine,003,1148,69,68,0,68,0
2021-01-03,Amador,005,37829,2773,2565,22,2587,24
2021-01-03,Butte,007,227075,8613,7837,1025,8862,105
2021-01-03,Calaveras,009,45235,1293,1249,3,1252,21
2021-01-03,Colusa,011,21464,1413,1337,104,1441,7
2021-01-03,Contra Costa,013,1133247,45209,42432,689,43121,352
2021-01-03,Del Norte,015,27424,804,768,2,770,2
2021-01-03,El Dorado,017,186661,6934,6034,358,6392,27
2021-01-03,Fresno,019,978130,75183,69326,5359,74685,719
2021-01-03,Glenn,021,27897,1746,1581,310,1891,9
2021-01-03,Humboldt,023,135768,2009,1833,7,1840,21
2021-01-03,Imperial,025,180216,23997,22951,1738,24689,419
2021-01-03,Inyo,027,18085,774,615,8,623,20
2021-01-03,Kern,029,883053,72417,66895,5870,72765,609
2021-01-03,Kings,031,150075,17484,16593,592,17185,108
2021-01-03,Lake,033,64148,2138,1976,0,1976,24
2021-01-03,Lassen,035,31185,4606,4531,54,4585,1
2021-01-03,Los Angeles,037,10098052,868296,792168,26040,818208,10633
2021-01-03,Madera,039,155013,11926,11152,512,11664,67
2021-01-03,Marin,041,260295,10446,10034,97,10131,150
2021-01-03,Mariposa,043,17540,291,248,2,250,3
2021-01-03,Mendocino,045,87422,2696,2445,29,2474,24
2021-01-03,Merced,047,269075,20609,19600,424,20024,230
2021-01-03,Modoc,049,8938,273,245,77,322,0
2021-01-03,Mono,051,14174,943,893,13,906,3
2021-01-03,Monterey,053,433212,30835,29357,798,30155,191
2021-01-03,Napa,055,140530,6579,6094,26,6120,29
2021-01-03,Nevada,057,99092,2989,2742,101,2843,15
2021-01-03,Orange,059,3164182,183803,169881,7353,177234,1919
2021-01-03,Placer,061,380077,16054,14319,677,14996,133
2021-01-03,Plumas,063,18699,505,416,9,425,1
2021-01-03,Riverside,065,2383286,210007,195048,9875,204923,2005
2021-01-03,Sacramento,067,1510023,71565,68558,734,69292,859
2021-01-03,San Benito,069,59416,4129,3882,35,3917,28
2021-01-03,San Bernardino,071,2135413,222862,208294,6216,214510,1592
2021-01-03,San Diego,073,3302833,184188,168018,8453,176471,1592
2021-01-03,San Francisco,075,870044,25793,24588,265,24853,193
2021-01-03,San Joaquin,077,732212,50223,47899,1875,49774,661
2021-01-03,San Luis Obispo,079,281455,12910,11636,290,11926,95
2021-01-03,San Mateo,081,765935,28601,25770,146,25916,196
2021-01-03,Santa Barbara,083,443738,20387,18267,591,18858,164
2021-01-03,Santa Clara,085,1922200,80049,74534,332,74866,720
2021-01-03,Santa Cruz,087,273765,10757,9528,412,9940,84
2021-01-03,Shasta,089,179085,8865,8192,797,8989,72
2021-01-03,Sierra,091,2930,36,30,6,36,0
2021-01-03,Siskiyou,093,43540,1105,976,134,1110,3
2021-01-03,Solano,095,438530,21598,20105,227,20332,97
2021-01-03,Sonoma,097,501317,21004,19982,113,20095,193
2021-01-03,Stanislaus,099,539301,37889,35762,3610,39372,553
2021-01-03,Sutter,101,95872,6953,6664,49,6713,53
2021-01-03,Tehama,103,63373,3403,3176,334,3510,9
2021-01-03,Trinity,105,12862,429,243,61,304,2
2021-01-03,Tulare,107,460477,37311,34747,4305,39052,455
2021-01-03,Tuolumne,109,53932,2995,2978,17,2995,13
2021-01-03,Ventura,111,848112,48985,43748,1843,45591,254
2021-01-03,Yolo,113,214977,9457,8674,77,8751,121
2021-01-03,Yuba,115,75493,4241,3966,43,4009,20
2021-01-02,Alameda,001,1643700,57786,54518,1121,55639,581
2021-01-02,Alpine,003,1148,69,68,0,68,0
2021-01-02,Amador,005,37829,2754,2540,22,2562,24
2021-01-02,Butte,007,227075,8506,7750,1006,8756,105
2021-01-02,Calaveras,009,45235,1273,1230,3,1233,21
2021-01-02,Colusa,011,21464,1403,1332,103,1435,7
2021-01-02,Contra Costa,013,1133247,44687,41993,678,42671,352
2021-01-02,Del Norte,015,27424,802,764,2,766,2
2021-01-02,El Dorado,017,186661,6879,5959,354,6313,27
2021-01-02,Fresno,019,978130,74640,68740,5249,73989,717
2021-01-02,Glenn,021,27897,1729,1546,309,1855,9
2021-01-02,Humboldt,023,135768,1982,1815,7,1822,21
2021-01-02,Imperial,025,180216,23916,22867,1701,24568,420
2021-01-02,Inyo,027,18085,761,609,8,617,20
2021-01-02,Kern,029,883053,71697,66457,5758,72215,610
2021-01-02,Kings,031,150075,17390,16515,588,17103,108
2021-01-02,Lake,033,64148,2100,1925,0,1925,24
2021-01-02,Lassen,035,31185,4595,4457,53,4510,1
2021-01-02,Los Angeles,037,10098052,859936,791892,25340,817232,10633
2021-01-02,Madera,039,155013,11815,11039,501,11540,67
2021-01-02,Marin,041,260295,10400,9924,94,10018,151
2021-01-02,Mariposa,043,17540,284,243,2,245,3
2021-01-02,Mendocino,045,87422,2653,2428,28,2456,24
2021-01-02,Merced,047,269075,20467,19395,408,19803,230
2021-01-02,Modoc,049,8938,272,245,77,322,0
2021-01-02,Mono,051,14174,932,884,13,897,3
2021-01-02,Monterey,053,433212,30628,28991,787,29778,191
2021-01-02,Napa,055,140530,6520,5994,26,6020,29
2021-01-02,Nevada,057,99092,2960,2706,97,2803,15
2021-01-02,Orange,059,3164182,181600,168457,7204,175661,1918
2021-01-02,Placer,061,380077,15881,14182,668,14850,133
2021-01-02,Plumas,063,18699,502,413,9,422,1
2021-01-02,Riverside,065,2383286,207370,192069,9650,201719,2008
2021-01-02,Sacramento,067,1510023,70925,67810,717,68527,858
2021-01-02,San Benito,069,59416,4047,3829,35,3864,28
2021-01-02,San Bernardino,071,2135413,221241,206939,6091,213030,1597
2021-01-02,San Diego,073,3302833,181589,164498,8256,172754,1592
2021-01-02,San Francisco,075,870044,25534,24414,258,24672,194
2021-01-02,San Joaquin,077,732212,49845,47310,1845,49155,662
2021-01-02,San Luis Obispo,079,281455,12774,11467,284,11751,95
2021-01-02,San Mateo,081,765935,28265,25483,138,25621,196
2021-01-02,Santa Barbara,083,443738,20098,18135,588,18723,164
2021-01-02,Santa Clara,085,1922200,78885,73662,325,73987,720
2021-01-02,Santa Cruz,087,273765,10602,9340,403,9743,85
2021-01-02,Shasta,089,179085,8799,8154,786,8940,72
2021-01-02,Sierra,091,2930,36,28,6,34,0
2021-01-02,Siskiyou,093,43540,1094,949,132,1081,3
2021-01-02,Solano,095,438530,21402,19805,217,20022,97
2021-01-02,Sonoma,097,501317,20837,19761,113,19874,194
2021-01-02,Stanislaus,099,539301,37572,35431,3545,38976,553
2021-01-02,Sutter,101,95872,6900,6621,49,6670,53
2021-01-02,Tehama,103,63373,3377,3146,330,3476,9
2021-01-02,Trinity,105,12862,426,243,61,304,2
2021-01-02,Tulare,107,460477,36994,34479,4230,38709,455
2021-01-02,Tuolumne,109,53932,2981,2942,15,2957,13
2021-01-02,Ventura,111,848112,47832,43397,1808,45205,254
2021-01-02,Yolo,113,214977,9362,8571,75,8646,122
2021-01-02,Yuba,115,75493,4202,3930,42,3972,21
2021-01-01,Alameda,001,1643700,57125,53518,1105,54623,579
2021-01-01,Alpine,003,1148,69,68,0,68,0
2021-01-01,Amador,005,37829,2728,2513,20,2533,24
2021-01-01,Butte,007,227075,8405,7589,981,8570,105
2021-01-01,Calaveras,009,45235,1258,1186,3,1189,21
2021-01-01,Colusa,011,21464,1394,1314,101,1415,7
2021-01-01,Contra Costa,013,1133247,44205,41412,659,42071,351
2021-01-01,Del Norte,015,27424,796,758,2,760,2
2021-01-01,El Dorado,017,186661,6787,5832,346,6178,27
2021-01-01,Fresno,019,978130,73567,67484,5163,72647,717
2021-01-01,Glenn,021,27897,1713,1520,303,1823,9
2021-01-01,Humboldt,023,135768,1943,1783,7,1790,21
2021-01-01,Imperial,025,180216,23830,22715,1650,24365,418
2021-01-01,Inyo,027,18085,737,606,8,614,20
2021-01-01,Kern,029,883053,70871,65571,5650,71221,609
2021-01-01,Kings,031,150075,17207,16358,581,16939,108
2021-01-01,Lake,033,64148,2068,1888,0,1888,24
2021-01-01,Lassen,035,31185,4589,4377,53,4430,1
2021-01-01,Los Angeles,037,10098052,845762,775578,24636,800214,10515
2021-01-01,Madera,039,155013,11655,10752,492,11244,66
2021-01-01,Marin,041,260295,10294,9821,94,9915,148
2021-01-01,Mariposa,043,17540,276,236,2,238,3
2021-01-01,Mendocino,045,87422,2599,2400,28,2428,24
2021-01-01,Merced,047,269075,20283,19118,392,19510,229
2021-01-01,Modoc,049,8938,272,241,77,318,0
2021-01-01,Mono,051,14174,914,884,12,896,3
2021-01-01,Monterey,053,433212,30396,28465,779,29244,191
2021-01-01,Napa,055,140530,6434,5899,26,5925,28
2021-01-01,Nevada,057,99092,2936,2663,97,2760,15
2021-01-01,Orange,059,3164182,178802,165440,7060,172500,1893
2021-01-01,Placer,061,380077,15691,13987,652,14639,133
2021-01-01,Plumas,063,18699,497,412,9,421,1
2021-01-01,Riverside,065,2383286,204194,188674,9394,198068,1990
2021-01-01,Sacramento,067,1510023,70327,66956,700,67656,848
2021-01-01,San Benito,069,59416,4009,3773,35,3808,28
2021-01-01,San Bernardino,071,2135413,218435,203651,5959,209610,1590
2021-01-01,San Diego,073,3302833,178516,160071,8077,168148,1592
2021-01-01,San Francisco,075,870044,25259,24145,247,24392,187
2021-01-01,San Joaquin,077,732212,49558,46640,1799,48439,657
2021-01-01,San Luis Obispo,079,281455,12546,11160,276,11436,94
2021-01-01,San Mateo,081,765935,27817,25041,134,25175,194
2021-01-01,Santa Barbara,083,443738,19778,17759,578,18337,164
2021-01-01,Santa Clara,085,1922200,77622,71904,320,72224,680
2021-01-01,Santa Cruz,087,273765,10421,9146,393,9539,84
2021-01-01,Shasta,089,179085,8718,8102,769,8871,72
2021-01-01,Sierra,091,2930,36,26,6,32,0
2021-01-01,Siskiyou,093,43540,1080,944,127,1071,3
2021-01-01,Solano,095,438530,21190,19393,215,19608,97
2021-01-01,Sonoma,097,501317,20646,19513,113,19626,189
2021-01-01,Stanislaus,099,539301,37293,34978,3479,38457,553
2021-01-01,Sutter,101,95872,6843,6553,48,6601,52
2021-01-01,Tehama,103,63373,3319,3079,324,3403,9
2021-01-01,Trinity,105,12862,426,243,61,304,2
2021-01-01,Tulare,107,460477,36590,33994,4135,38129,454
2021-01-01,Tuolumne,109,53932,2965,2909,15,2924,13
2021-01-01,Ventura,111,848112,46339,42026,1781,43807,253
2021-01-01,Yolo,113,214977,9252,8461,72,8533,120
2021-01-01,Yuba,115,75493,4148,3845,41,3886,19
2020-12-31,Alameda,001,1643700,56584,52475,1074,53549,579
2020-12-31,Alpine,003,1148,69,66,0,66,0
2020-12-31,Amador,005,37829,2714,2493,20,2513,24
2020-12-31,Butte,007,227075,8331,7405,962,8367,105
2020-12-31,Calaveras,009,45235,1247,1161,3,1164,21
2020-12-31,Colusa,011,21464,1386,1301,98,1399,7
2020-12-31,Contra Costa,013,1133247,43826,40512,644,41156,336
2020-12-31,Del Norte,015,27424,795,748,2,750,2
2020-12-31,El Dorado,017,186661,6735,5662,337,5999,26
2020-12-31,Fresno,019,978130,73134,66442,5101,71543,711
2020-12-31,Glenn,021,27897,1688,1484,295,1779,9
2020-12-31,Humboldt,023,135768,1926,1713,7,1720,21
2020-12-31,Imperial,025,180216,23765,22494,1634,24128,417
2020-12-31,Inyo,027,18085,729,591,8,599,20
2020-12-31,Kern,029,883053,70401,64904,5558,70462,609
2020-12-31,Kings,031,150075,17132,16077,573,16650,108
2020-12-31,Lake,033,64148,2055,1848,0,1848,23
2020-12-31,Lassen,035,31185,4583,4340,52,4392,1
2020-12-31,Los Angeles,037,10098052,840439,755844,24168,780012,10320
2020-12-31,Madera,039,155013,11582,10609,484,11093,64
2020-12-31,Marin,041,260295,10251,9731,93,9824,148
2020-12-31,Mariposa,043,17540,274,217,2,219,3
2020-12-31,Mendocino,045,87422,2584,2367,24,2391,24
2020-12-31,Merced,047,269075,20193,18808,383,19191,226
2020-12-31,Modoc,049,8938,272,238,77,315,0
2020-12-31,Mono,051,14174,906,868,12,880,3
2020-12-31,Monterey,053,433212,30193,27720,767,28487,188
2020-12-31,Napa,055,140530,6371,5801,26,5827,28
2020-12-31,Nevada,057,99092,2913,2619,95,2714,15
2020-12-31,Orange,059,3164182,176921,161586,6927,168513,1866
2020-12-31,Placer,061,380077,15535,13708,649,14357,126
2020-12-31,Plumas,063,18699,492,401,8,409,1
2020-12-31,Riverside,065,2383286,202535,184193,9261,193454,1958
2020-12-31,Sacramento,067,1510023,69807,65817,689,66506,830
2020-12-31,San Benito,069,59416,3986,3673,35,3708,28
2020-12-31,San Bernardino,071,2135413,216847,199115,5889,205004,1586
2020-12-31,San Diego,073,3302833,176753,155593,7978,163571,1534
2020-12-31,San Francisco,075,870044,25031,23740,240,23980,183
2020-12-31,San Joaquin,077,732212,49246,45764,1761,47525,646
2020-12-31,San Luis Obispo,079,281455,12432,10846,276,11122,89
2020-12-31,San Mateo,081,765935,27488,24570,128,24698,192
2020-12-31,Santa Barbara,083,443738,19534,17434,571,18005,161
2020-12-31,Santa Clara,085,1922200,76840,70032,315,70347,665
2020-12-31,Santa Cruz,087,273765,10303,8909,381,9290,84
2020-12-31,Shasta,089,179085,8652,7996,759,8755,69
2020-12-31,Sierra,091,2930,36,26,6,32,0
2020-12-31,Siskiyou,093,43540,1064,940,124,1064,3
2020-12-31,Solano,095,438530,20961,18942,214,19156,97
2020-12-31,Sonoma,097,501317,20526,19129,112,19241,188
2020-12-31,Stanislaus,099,539301,36994,34398,3426,37824,552
2020-12-31,Sutter,101,95872,6812,6432,48,6480,51
2020-12-31,Tehama,103,63373,3287,3036,323,3359,9
2020-12-31,Trinity,105,12862,425,241,61,302,2
2020-12-31,Tulare,107,460477,36422,33412,4072,37484,446
2020-12-31,Tuolumne,109,53932,2956,2902,15,2917,12
2020-12-31,Ventura,111,848112,45829,40854,1764,42618,251
2020-12-31,Yolo,113,214977,9167,8295,71,8366,117
2020-12-31,Yuba,115,75493,4107,3799,40,3839,18
2020-12-30,Alameda,001,1643700,55821,50158,1023,51181,573
2020-12-30,Alpine,003,1148,69,66,0,66,0
2020-12-30,Amador,005,37829,2694,2418,19,2437,24
2020-12-30,Butte,007,227075,8170,7140,945,8085,103
2020-12-30,Calaveras,009,45235,1222,1135,3,1138,21
2020-12-30,Colusa,011,21464,1370,1289,92,1381,7
2020-12-30,Contra Costa,013,1133247,43241,39601,632,40233,337
2020-12-30,Del Norte,015,27424,790,726,2,728,2
2020-12-30,El Dorado,017,186661,6634,5595,327,5922,27
2020-12-30,Fresno,019,978130,72287,65566,4947,70513,711
2020-12-30,Glenn,021,27897,1657,1471,282,1753,9
2020-12-30,Humboldt,023,135768,1892,1654,7,1661,22
2020-12-30,Imperial,025,180216,23598,22098,1558,23656,412
2020-12-30,Inyo,027,18085,722,572,8,580,20
2020-12-30,Kern,029,883053,69673,63292,5414,68706,604
2020-12-30,Kings,031,150075,17013,15862,565,16427,108
2020-12-30,Lake,033,64148,2032,1731,0,1731,23
2020-12-30,Lassen,035,31185,4574,4300,52,4352,1
2020-12-30,Los Angeles,037,10098052,829550,741907,23470,765377,10046
2020-12-30,Madera,039,155013,11472,10249,473,10722,65
2020-12-30,Marin,041,260295,10161,9569,86,9655,148
2020-12-30,Mariposa,043,17540,270,214,2,216,3
2020-12-30,Mendocino,045,87422,2566,2291,21,2312,24
2020-12-30,Merced,047,269075,19902,18519,373,18892,225
2020-12-30,Modoc,049,8938,269,234,77,311,0
2020-12-30,Mono,051,14174,903,868,12,880,3
2020-12-30,Monterey,053,433212,29576,26977,745,27722,186
2020-12-30,Napa,055,140530,6265,5754,26,5780,28
2020-12-30,Nevada,057,99092,2878,2595,93,2688,15
2020-12-30,Orange,059,3164182,174265,153951,6737,160688,1863
2020-12-30,Placer,061,380077,15305,13540,637,14177,127
2020-12-30,Plumas,063,18699,487,397,8,405,1
2020-12-30,Riverside,065,2383286,199586,176402,9076,185478,1919
2020-12-30,Sacramento,067,1510023,68943,64119,671,64790,847
2020-12-30,San Benito,069,59416,3905,3464,31,3495,29
2020-12-30,San Bernardino,071,2135413,214281,192648,5803,198451,1591
2020-12-30,San Diego,073,3302833,173120,152510,7803,160313,1472
2020-12-30,San Francisco,075,870044,24738,23099,235,23334,182
2020-12-30,San Joaquin,077,732212,48554,44465,1719,46184,634
2020-12-30,San Luis Obispo,079,281455,12164,10542,268,10810,89
2020-12-30,San Mateo,081,765935,27059,24150,124,24274,190
2020-12-30,Santa Barbara,083,443738,19134,16895,548,17443,161
2020-12-30,Santa Clara,085,1922200,75583,67218,311,67529,661
2020-12-30,Santa Cruz,087,273765,10107,8787,372,9159,86
2020-12-30,Shasta,089,179085,8538,7818,745,8563,69
2020-12-30,Sierra,091,2930,36,25,6,31,0
2020-12-30,Siskiyou,093,43540,1057,913,115,1028,3
2020-12-30,Solano,095,438530,20569,18300,211,18511,96
2020-12-30,Sonoma,097,501317,20268,18947,112,19059,191
2020-12-30,Stanislaus,099,539301,36516,33730,3352,37082,526
2020-12-30,Sutter,101,95872,6749,6328,46,6374,51
2020-12-30,Tehama,103,63373,3243,2969,319,3288,9
2020-12-30,Trinity,105,12862,424,231,60,291,2
2020-12-30,Tulare,107,460477,35872,32413,4007,36420,430
2020-12-30,Tuolumne,109,53932,2945,2772,13,2785,12
2020-12-30,Ventura,111,848112,44541,39039,1740,40779,251
2020-12-30,Yolo,113,214977,9059,8067,69,8136,117
2020-12-30,Yuba,115,75493,4036,3612,40,3652,18
2020-12-29,Alameda,001,1643700,54760,50946,988,51934,552
2020-12-29,Alpine,003,1148,69,65,0,65,0
2020-12-29,Amador,005,37829,2642,2388,18,2406,23
2020-12-29,Butte,007,227075,7997,7178,923,8101,98
2020-12-29,Calaveras,009,45235,1177,1111,2,1113,21
2020-12-29,Colusa,011,21464,1349,1272,87,1359,7
2020-12-29,Contra Costa,013,1133247,42436,39225,601,39826,325
2020-12-29,Del Norte,015,27424,783,724,2,726,2
2020-12-29,El Dorado,017,186661,6505,5551,314,5865,22
2020-12-29,Fresno,019,978130,70911,65149,4791,69940,688
2020-12-29,Glenn,021,27897,1623,1454,275,1729,9
2020-12-29,Humboldt,023,135768,1845,1616,7,1623,19
2020-12-29,Imperial,025,180216,23387,22105,1472,23577,407
2020-12-29,Inyo,027,18085,705,571,8,579,19
2020-12-29,Kern,029,883053,68505,63096,5243,68339,589
2020-12-29,Kings,031,150075,16844,15777,553,16330,108
2020-12-29,Lake,033,64148,2000,1805,0,1805,22
2020-12-29,Lassen,035,31185,4559,4288,52,4340,1
2020-12-29,Los Angeles,037,10098052,809369,731907,22605,754512,9786
2020-12-29,Madera,039,155013,11159,10251,458,10709,64
2020-12-29,Marin,041,260295,10010,9595,83,9678,146
2020-12-29,Mariposa,043,17540,262,212,2,214,3
2020-12-29,Mendocino,045,87422,2523,2249,20,2269,24
2020-12-29,Merced,047,269075,19552,18464,358,18822,221
2020-12-29,Modoc,049,8938,266,232,77,309,0
2020-12-29,Mono,051,14174,894,868,12,880,3
2020-12-29,Monterey,053,433212,28934,26894,718,27612,185
2020-12-29,Napa,055,140530,6147,5663,26,5689,28
2020-12-29,Nevada,057,99092,2830,2550,92,2642,15
2020-12-29,Orange,059,3164182,170470,154411,6569,160980,1839
2020-12-29,Placer,061,380077,15094,13392,615,14007,126
2020-12-29,Plumas,063,18699,478,395,8,403,1
2020-12-29,Riverside,065,2383286,194983,177624,8822,186446,1904
2020-12-29,Sacramento,067,1510023,67897,65078,657,65735,820
2020-12-29,San Benito,069,59416,3786,3474,30,3504,25
2020-12-29,San Bernardino,071,2135413,209460,190476,5666,196142,1557
2020-12-29,San Diego,073,3302833,168897,150062,7572,157634,1435
2020-12-29,San Francisco,075,870044,24399,22996,227,23223,178
2020-12-29,San Joaquin,077,732212,47632,44699,1664,46363,622
2020-12-29,San Luis Obispo,079,281455,11868,10387,260,10647,80
2020-12-29,San Mateo,081,765935,26517,23773,112,23885,189
2020-12-29,Santa Barbara,083,443738,18665,16797,522,17319,155
2020-12-29,Santa Clara,085,1922200,74032,67581,308,67889,621
2020-12-29,Santa Cruz,087,273765,9837,8492,363,8855,84
2020-12-29,Shasta,089,179085,8433,7782,730,8512,65
2020-12-29,Sierra,091,2930,34,24,5,29,0
2020-12-29,Siskiyou,093,43540,1042,926,113,1039,3
2020-12-29,Solano,095,438530,20187,18412,206,18618,96
2020-12-29,Sonoma,097,501317,19932,18790,110,18900,187
2020-12-29,Stanislaus,099,539301,36014,33775,3289,37064,508
2020-12-29,Sutter,101,95872,6681,6302,46,6348,50
2020-12-29,Tehama,103,63373,3174,2962,305,3267,9
2020-12-29,Trinity,105,12862,423,241,60,301,2
2020-12-29,Tulare,107,460477,35212,32545,3874,36419,419
2020-12-29,Tuolumne,109,53932,2904,2797,13,2810,12
2020-12-29,Ventura,111,848112,43287,38669,1714,40383,235
2020-12-29,Yolo,113,214977,8930,8124,67,8191,111
2020-12-29,Yuba,115,75493,3954,3723,40,3763,18
2020-12-28,Alameda,001,1643700,53727,50405,967,51372,551
2020-12-28,Alpine,003,1148,68,65,0,65,0
2020-12-28,Amador,005,37829,2572,2255,18,2273,23
2020-12-28,Butte,007,227075,7830,7053,893,7946,86
2020-12-28,Calaveras,009,45235,1154,1102,2,1104,21
2020-12-28,Colusa,011,21464,1324,1255,73,1328,7
2020-12-28,Contra Costa,013,1133247,41500,38872,574,39446,324
2020-12-28,Del Norte,015,27424,773,718,2,720,2
2020-12-28,El Dorado,017,186661,6349,5441,302,5743,18
2020-12-28,Fresno,019,978130,69638,64274,4640,68914,679
2020-12-28,Glenn,021,27897,1589,1435,263,1698,9
2020-12-28,Humboldt,023,135768,1810,1579,7,1586,19
2020-12-28,Imperial,025,180216,23128,22003,1398,23401,405
2020-12-28,Inyo,027,18085,698,569,8,577,19
2020-12-28,Kern,029,883053,67437,62392,5039,67431,579
2020-12-28,Kings,031,150075,16627,15733,536,16269,108
2020-12-28,Lake,033,64148,1959,1785,0,1785,22
2020-12-28,Lassen,035,31185,4452,4284,51,4335,1
2020-12-28,Los Angeles,037,10098052,787031,720699,21791,742490,9544
2020-12-28,Madera,039,155013,10985,10123,435,10558,64
2020-12-28,Marin,041,260295,9902,9546,77,9623,145
2020-12-28,Mariposa,043,17540,238,211,2,213,3
2020-12-28,Mendocino,045,87422,2488,2214,20,2234,23
2020-12-28,Merced,047,269075,19232,18245,340,18585,213
2020-12-28,Modoc,049,8938,261,220,76,296,0
2020-12-28,Mono,051,14174,890,848,12,860,3
2020-12-28,Monterey,053,433212,28094,26529,707,27236,182
2020-12-28,Napa,055,140530,6038,5576,26,5602,26
2020-12-28,Nevada,057,99092,2782,2532,88,2620,15
2020-12-28,Orange,059,3164182,166365,152089,6391,158480,1839
2020-12-28,Placer,061,380077,14755,13234,588,13822,126
2020-12-28,Plumas,063,18699,474,391,8,399,0
2020-12-28,Riverside,065,2383286,190084,174029,8531,182560,1855
2020-12-28,Sacramento,067,1510023,66664,64322,632,64954,813
2020-12-28,San Benito,069,59416,3717,3429,29,3458,24
2020-12-28,San Bernardino,071,2135413,204365,188919,5549,194468,1552
2020-12-28,San Diego,073,3302833,164153,147528,7390,154918,1404
2020-12-28,San Francisco,075,870044,24039,22726,222,22948,178
2020-12-28,San Joaquin,077,732212,46698,44172,1632,45804,618
2020-12-28,San Luis Obispo,079,281455,11517,10260,256,10516,76
2020-12-28,San Mateo,081,765935,26042,23467,108,23575,189
2020-12-28,Santa Barbara,083,443738,18197,16579,510,17089,155
2020-12-28,Santa Clara,085,1922200,72545,66418,301,66719,619
2020-12-28,Santa Cruz,087,273765,9569,8310,353,8663,81
2020-12-28,Shasta,089,179085,8314,7688,717,8405,65
2020-12-28,Sierra,091,2930,31,24,5,29,0
2020-12-28,Siskiyou,093,43540,1026,915,108,1023,3
2020-12-28,Solano,095,438530,19615,18171,200,18371,96
2020-12-28,Sonoma,097,501317,19584,18667,108,18775,185
2020-12-28,Stanislaus,099,539301,35467,33473,3225,36698,507
2020-12-28,Sutter,101,95872,6598,6253,46,6299,49
2020-12-28,Tehama,103,63373,3121,2934,295,3229,9
2020-12-28,Trinity,105,12862,421,240,60,300,2
2020-12-28,Tulare,107,460477,34526,32010,3766,35776,404
2020-12-28,Tuolumne,109,53932,2887,2777,13,2790,12
2020-12-28,Ventura,111,848112,41618,37151,1667,38818,230
2020-12-28,Yolo,113,214977,8775,8031,66,8097,111
2020-12-28,Yuba,115,75493,3893,3679,39,3718,18
2020-12-27,Alameda,001,1643700,52487,49764,941,50705,551
2020-12-27,Alpine,003,1148,66,65,0,65,0
2020-12-27,Amador,005,37829,2451,2218,18,2236,23
2020-12-27,Butte,007,227075,7675,7016,857,7873,86
2020-12-27,Calaveras,009,45235,1107,1097,2,1099,21
2020-12-27,Colusa,011,21464,1299,1253,70,1323,7
2020-12-27,Contra Costa,013,1133247,40571,38428,545,38973,324
2020-12-27,Del Norte,015,27424,750,712,2,714,2
2020-12-27,El Dorado,017,186661,6135,5388,279,5667,18
2020-12-27,Fresno,019,978130,68390,63811,4433,68244,679
2020-12-27,Glenn,021,27897,1561,1434,249,1683,9
2020-12-27,Humboldt,023,135768,1766,1575,7,1582,17
2020-12-27,Imperial,025,180216,22832,21934,1285,23219,405
2020-12-27,Inyo,027,18085,676,565,7,572,18
2020-12-27,Kern,029,883053,66158,61914,4866,66780,568
2020-12-27,Kings,031,150075,16391,15593,502,16095,108
2020-12-27,Lake,033,64148,1903,1769,0,1769,22
2020-12-27,Lassen,035,31185,4375,4230,44,4274,1
2020-12-27,Los Angeles,037,10098052,765555,707260,20897,728157,9476
2020-12-27,Madera,039,155013,10727,10005,425,10430,64
2020-12-27,Marin,041,260295,9779,9477,71,9548,144
2020-12-27,Mariposa,043,17540,231,208,2,210,3
2020-12-27,Mendocino,045,87422,2441,2209,20,2229,23
2020-12-27,Merced,047,269075,18864,18075,324,18399,213
2020-12-27,Modoc,049,8938,252,221,72,293,0
2020-12-27,Mono,051,14174,877,849,12,861,3
2020-12-27,Monterey,053,433212,27545,26322,690,27012,181
2020-12-27,Napa,055,140530,5904,5496,26,5522,26
2020-12-27,Nevada,057,99092,2746,2519,88,2607,15
2020-12-27,Orange,059,3164182,161966,149276,6203,155479,1839
2020-12-27,Placer,061,380077,14459,13017,556,13573,126
2020-12-27,Plumas,063,18699,468,390,8,398,0
2020-12-27,Riverside,065,2383286,185169,171995,8225,180220,1836
2020-12-27,Sacramento,067,1510023,65459,63416,609,64025,811
2020-12-27,San Benito,069,59416,3631,3394,29,3423,24
2020-12-27,San Bernardino,071,2135413,199292,186776,5412,192188,1551
2020-12-27,San Diego,073,3302833,159746,145777,7203,152980,1402
2020-12-27,San Francisco,075,870044,23692,22514,213,22727,178
2020-12-27,San Joaquin,077,732212,45662,43529,1582,45111,618
2020-12-27,San Luis Obispo,079,281455,11109,10154,251,10405,76
2020-12-27,San Mateo,081,765935,25478,23136,104,23240,187
2020-12-27,Santa Barbara,083,443738,17672,16364,482,16846,155
2020-12-27,Santa Clara,085,1922200,70922,65288,296,65584,619
2020-12-27,Santa Cruz,087,273765,9303,8234,344,8578,81
2020-12-27,Shasta,089,179085,8190,7671,695,8366,65
2020-12-27,Sierra,091,2930,31,24,4,28,0
2020-12-27,Siskiyou,093,43540,1016,914,103,1017,3
2020-12-27,Solano,095,438530,19120,17840,194,18034,96
2020-12-27,Sonoma,097,501317,19292,18487,107,18594,185
2020-12-27,Stanislaus,099,539301,34864,33076,3132,36208,506
2020-12-27,Sutter,101,95872,6516,6218,44,6262,48
2020-12-27,Tehama,103,63373,3052,2922,278,3200,9
2020-12-27,Trinity,105,12862,414,240,58,298,2
2020-12-27,Tulare,107,460477,33929,31864,3647,35511,400
2020-12-27,Tuolumne,109,53932,2781,2750,11,2761,12
2020-12-27,Ventura,111,848112,40555,36661,1614,38275,230
2020-12-27,Yolo,113,214977,8584,7919,61,7980,111
2020-12-27,Yuba,115,75493,3829,3665,37,3702,18
2020-12-26,Alameda,001,1643700,51877,49084,928,50012,551
2020-12-26,Alpine,003,1148,66,65,0,65,0
2020-12-26,Amador,005,37829,2437,2189,18,2207,23
2020-12-26,Butte,007,227075,7580,6968,834,7802,86
2020-12-26,Calaveras,009,45235,1101,1084,2,1086,21
2020-12-26,Colusa,011,21464,1289,1240,70,1310,7
2020-12-26,Contra Costa,013,1133247,40107,38008,531,38539,324
2020-12-26,Del Norte,015,27424,744,709,2,711,2
2020-12-26,El Dorado,017,186661,6080,5279,275,5554,18
2020-12-26,Fresno,019,978130,67920,63080,4369,67449,679
2020-12-26,Glenn,021,27897,1540,1413,243,1656,9
2020-12-26,Humboldt,023,135768,1728,1545,7,1552,17
2020-12-26,Imperial,025,180216,22741,21734,1233,22967,405
2020-12-26,Inyo,027,18085,663,554,7,561,18
2020-12-26,Kern,029,883053,65486,61174,4717,65891,564
2020-12-26,Kings,031,150075,16273,15517,498,16015,108
2020-12-26,Lake,033,64148,1861,1710,0,1710,22
2020-12-26,Lassen,035,31185,4354,3981,44,4025,1
2020-12-26,Los Angeles,037,10098052,757005,694149,20393,714542,9424
2020-12-26,Madera,039,155013,10650,9908,413,10321,64
2020-12-26,Marin,041,260295,9744,9413,70,9483,143
2020-12-26,Mariposa,043,17540,230,206,2,208,3
2020-12-26,Mendocino,045,87422,2395,2194,20,2214,23
2020-12-26,Merced,047,269075,18705,17890,319,18209,213
2020-12-26,Modoc,049,8938,249,222,72,294,0
2020-12-26,Mono,051,14174,871,850,12,862,3
2020-12-26,Monterey,053,433212,27411,26010,681,26691,182
2020-12-26,Napa,055,140530,5846,5427,26,5453,26
2020-12-26,Nevada,057,99092,2718,2480,88,2568,15
2020-12-26,Orange,059,3164182,159761,147304,6110,153414,1838
2020-12-26,Placer,061,380077,14289,12816,541,13357,122
2020-12-26,Plumas,063,18699,465,381,8,389,0
2020-12-26,Riverside,065,2383286,182683,169360,8064,177424,1834
2020-12-26,Sacramento,067,1510023,64836,62435,599,63034,807
2020-12-26,San Benito,069,59416,3558,3330,29,3359,24
2020-12-26,San Bernardino,071,2135413,197626,185111,5330,190441,1551
2020-12-26,San Diego,073,3302833,157221,142644,7056,149700,1402
2020-12-26,San Francisco,075,870044,23457,22319,213,22532,177
2020-12-26,San Joaquin,077,732212,45275,42887,1533,44420,618
2020-12-26,San Luis Obispo,079,281455,11022,9945,246,10191,76
2020-12-26,San Mateo,081,765935,25139,22908,99,23007,187
2020-12-26,Santa Barbara,083,443738,17433,16159,476,16635,155
2020-12-26,Santa Clara,085,1922200,69852,64185,294,64479,618
2020-12-26,Santa Cruz,087,273765,9177,8113,335,8448,81
2020-12-26,Shasta,089,179085,8131,7641,682,8323,65
2020-12-26,Sierra,091,2930,31,24,4,28,0
2020-12-26,Siskiyou,093,43540,1009,909,99,1008,2
2020-12-26,Solano,095,438530,18875,17528,194,17722,96
2020-12-26,Sonoma,097,501317,19090,18261,105,18366,184
2020-12-26,Stanislaus,099,539301,34574,32678,3081,35759,505
2020-12-26,Sutter,101,95872,6457,6121,44,6165,48
2020-12-26,Tehama,103,63373,3024,2884,273,3157,9
2020-12-26,Trinity,105,12862,412,237,57,294,2
2020-12-26,Tulare,107,460477,33628,31665,3592,35257,398
2020-12-26,Tuolumne,109,53932,2770,2703,11,2714,12
2020-12-26,Ventura,111,848112,39590,36064,1583,37647,230
2020-12-26,Yolo,113,214977,8482,7785,59,7844,111
2020-12-26,Yuba,115,75493,3801,3599,37,3636,18
2020-12-25,Alameda,001,1643700,51312,48365,913,49278,542
2020-12-25,Alpine,003,1148,66,64,0,64,0
2020-12-25,Amador,005,37829,2394,2172,18,2190,23
2020-12-25,Butte,007,227075,7480,6873,816,7689,85
2020-12-25,Calaveras,009,45235,1098,1062,2,1064,21
2020-12-25,Colusa,011,21464,1277,1219,69,1288,7
2020-12-25,Contra Costa,013,1133247,39640,37480,505,37985,324
2020-12-25,Del Norte,015,27424,741,692,2,694,2
2020-12-25,El Dorado,017,186661,6015,5170,262,5432,16
2020-12-25,Fresno,019,978130,67055,62251,4287,66538,679
2020-12-25,Glenn,021,27897,1524,1390,236,1626,9
2020-12-25,Humboldt,023,135768,1688,1532,7,1539,16
2020-12-25,Imperial,025,180216,22646,21646,1222,22868,405
2020-12-25,Inyo,027,18085,654,546,7,553,18
2020-12-25,Kern,029,883053,64757,60417,4570,64987,562
2020-12-25,Kings,031,150075,16162,15460,494,15954,108
2020-12-25,Lake,033,64148,1842,1669,0,1669,20
2020-12-25,Lassen,035,31185,4339,3926,44,3970,1
2020-12-25,Los Angeles,037,10098052,743365,665600,19712,685312,9292
2020-12-25,Madera,039,155013,10482,9770,406,10176,64
2020-12-25,Marin,041,260295,9695,9375,67,9442,143
2020-12-25,Mariposa,043,17540,224,203,2,205,3
2020-12-25,Mendocino,045,87422,2352,2176,20,2196,23
2020-12-25,Merced,047,269075,18544,17726,312,18038,213
2020-12-25,Modoc,049,8938,248,221,72,293,0
2020-12-25,Mono,051,14174,869,843,12,855,3
2020-12-25,Monterey,053,433212,27136,25788,672,26460,182
2020-12-25,Napa,055,140530,5769,5351,26,5377,26
2020-12-25,Nevada,057,99092,2692,2458,86,2544,15
2020-12-25,Orange,059,3164182,157082,144542,5918,150460,1814
2020-12-25,Placer,061,380077,14104,12660,519,13179,122
2020-12-25,Plumas,063,18699,458,381,8,389,0
2020-12-25,Riverside,065,2383286,179398,166690,7748,174438,1825
2020-12-25,Sacramento,067,1510023,64145,61630,572,62202,796
2020-12-25,San Benito,069,59416,3518,3281,27,3308,24
2020-12-25,San Bernardino,071,2135413,194992,181812,5214,187026,1546
2020-12-25,San Diego,073,3302833,154741,139958,6878,146836,1402
2020-12-25,San Francisco,075,870044,23181,22130,208,22338,175
2020-12-25,San Joaquin,077,732212,44968,42089,1478,43567,614
2020-12-25,San Luis Obispo,079,281455,10839,9749,239,9988,76
2020-12-25,San Mateo,081,765935,24817,22568,97,22665,187
2020-12-25,Santa Barbara,083,443738,17209,15936,469,16405,155
2020-12-25,Santa Clara,085,1922200,68742,63173,285,63458,612
2020-12-25,Santa Cruz,087,273765,9034,8018,313,8331,81
2020-12-25,Shasta,089,179085,8058,7612,659,8271,65
2020-12-25,Sierra,091,2930,31,24,3,27,0
2020-12-25,Siskiyou,093,43540,1003,905,96,1001,2
2020-12-25,Solano,095,438530,18703,17280,192,17472,96
2020-12-25,Sonoma,097,501317,18914,18035,103,18138,184
2020-12-25,Stanislaus,099,539301,34280,32290,3033,35323,498
2020-12-25,Sutter,101,95872,6398,6051,43,6094,47
2020-12-25,Tehama,103,63373,2975,2839,260,3099,9
2020-12-25,Trinity,105,12862,408,236,57,293,2
2020-12-25,Tulare,107,460477,33240,31323,3527,34850,398
2020-12-25,Tuolumne,109,53932,2751,2674,11,2685,12
2020-12-25,Ventura,111,848112,38435,35514,1535,37049,230
2020-12-25,Yolo,113,214977,8385,7700,57,7757,111
2020-12-25,Yuba,115,75493,3765,3549,36,3585,17
2020-12-24,Alameda,001,1643700,50971,47527,894,48421,541
2020-12-24,Alpine,003,1148,66,64,0,64,0
2020-12-24,Amador,005,37829,2382,2145,18,2163,23
2020-12-24,Butte,007,227075,7441,6716,802,7518,84
2020-12-24,Calaveras,009,45235,1095,1032,2,1034,21
2020-12-24,Colusa,011,21464,1272,1188,68,1256,7
2020-12-24,Contra Costa,013,1133247,39395,36623,494,37117,311
2020-12-24,Del Norte,015,27424,741,678,2,680,2
2020-12-24,El Dorado,017,186661,5989,5042,254,5296,16
2020-12-24,Fresno,019,978130,66832,61435,4273,65708,663
2020-12-24,Glenn,021,27897,1513,1363,228,1591,9
2020-12-24,Humboldt,023,135768,1665,1516,7,1523,16
2020-12-24,Imperial,025,180216,22597,21545,1213,22758,402
2020-12-24,Inyo,027,18085,652,532,7,539,17
2020-12-24,Kern,029,883053,64470,59601,4557,64158,556
2020-12-24,Kings,031,150075,16122,15211,493,15704,108
2020-12-24,Lake,033,64148,1827,1629,0,1629,20
2020-12-24,Lassen,035,31185,4326,3894,44,3938,1
2020-12-24,Los Angeles,037,10098052,739198,664840,19453,684293,9288
2020-12-24,Madera,039,155013,10442,9547,399,9946,63
2020-12-24,Marin,041,260295,9661,9287,67,9354,143
2020-12-24,Mariposa,043,17540,220,197,2,199,3
2020-12-24,Mendocino,045,87422,2341,2150,20,2170,23
2020-12-24,Merced,047,269075,18473,17485,308,17793,212
2020-12-24,Modoc,049,8938,248,220,71,291,0
2020-12-24,Mono,051,14174,867,817,12,829,3
2020-12-24,Monterey,053,433212,27027,25131,665,25796,180
2020-12-24,Napa,055,140530,5714,5265,26,5291,26
2020-12-24,Nevada,057,99092,2668,2429,86,2515,15
2020-12-24,Orange,059,3164182,155601,141205,5867,147072,1775
2020-12-24,Placer,061,380077,14015,12457,512,12969,121
2020-12-24,Plumas,063,18699,455,376,8,384,0
2020-12-24,Riverside,065,2383286,178467,162435,7708,170143,1816
2020-12-24,Sacramento,067,1510023,63871,60596,570,61166,788
2020-12-24,San Benito,069,59416,3487,3183,27,3210,24
2020-12-24,San Bernardino,071,2135413,193954,176866,5180,182046,1533
2020-12-24,San Diego,073,3302833,153657,136952,6846,143798,1382
2020-12-24,San Francisco,075,870044,23013,21830,205,22035,175
2020-12-24,San Joaquin,077,732212,44804,41324,1460,42784,611
2020-12-24,San Luis Obispo,079,281455,10770,9504,237,9741,77
2020-12-24,San Mateo,081,765935,24621,22093,97,22190,186
2020-12-24,Santa Barbara,083,443738,17104,15644,461,16105,153
2020-12-24,Santa Clara,085,1922200,68137,61742,278,62020,591
2020-12-24,Santa Cruz,087,273765,8963,7856,301,8157,82
2020-12-24,Shasta,089,179085,8017,7540,642,8182,65
2020-12-24,Sierra,091,2930,28,23,1,24,0
2020-12-24,Siskiyou,093,43540,998,900,90,990,2
2020-12-24,Solano,095,438530,18562,16872,187,17059,96
2020-12-24,Sonoma,097,501317,18816,17710,103,17813,183
2020-12-24,Stanislaus,099,539301,34084,31848,3008,34856,498
2020-12-24,Sutter,101,95872,6357,5960,42,6002,47
2020-12-24,Tehama,103,63373,2959,2779,259,3038,9
2020-12-24,Trinity,105,12862,407,235,57,292,2
2020-12-24,Tulare,107,460477,33121,30827,3501,34328,390
2020-12-24,Tuolumne,109,53932,2743,2653,11,2664,12
2020-12-24,Ventura,111,848112,38155,34400,1528,35928,224
2020-12-24,Yolo,113,214977,8343,7566,57,7623,113
2020-12-24,Yuba,115,75493,3740,3483,36,3519,16
2020-12-23,Alameda,001,1643700,50399,46753,868,47621,537
2020-12-23,Alpine,003,1148,66,64,0,64,0
2020-12-23,Amador,005,37829,2313,2108,17,2125,23
2020-12-23,Butte,007,227075,7353,6588,776,7364,84
2020-12-23,Calaveras,009,45235,1087,1002,1,1003,21
2020-12-23,Colusa,011,21464,1261,1167,68,1235,7
2020-12-23,Contra Costa,013,1133247,38996,36190,481,36671,311
2020-12-23,Del Norte,015,27424,734,670,2,672,2
2020-12-23,El Dorado,017,186661,5914,4967,246,5213,14
2020-12-23,Fresno,019,978130,66224,60488,4207,64695,654
2020-12-23,Glenn,021,27897,1499,1349,224,1573,9
2020-12-23,Humboldt,023,135768,1640,1458,7,1465,16
2020-12-23,Imperial,025,180216,22502,21323,1184,22507,399
2020-12-23,Inyo,027,18085,640,517,7,524,17
2020-12-23,Kern,029,883053,63953,58656,4463,63119,549
2020-12-23,Kings,031,150075,16044,14923,490,15413,105
2020-12-23,Lake,033,64148,1813,1595,0,1595,20
2020-12-23,Lassen,035,31185,4316,3865,41,3906,1
2020-12-23,Los Angeles,037,10098052,730150,651958,18921,670879,9146
2020-12-23,Madera,039,155013,10283,9371,385,9756,63
2020-12-23,Marin,041,260295,9603,9199,64,9263,142
2020-12-23,Mariposa,043,17540,218,194,2,196,3
2020-12-23,Mendocino,045,87422,2329,2121,20,2141,23
2020-12-23,Merced,047,269075,18317,17250,301,17551,203
2020-12-23,Modoc,049,8938,244,197,70,267,0
2020-12-23,Mono,051,14174,864,814,12,826,3
2020-12-23,Monterey,053,433212,26728,24856,659,25515,176
2020-12-23,Napa,055,140530,5646,5172,26,5198,25
2020-12-23,Nevada,057,99092,2623,2406,85,2491,15
2020-12-23,Orange,059,3164182,153150,138050,5700,143750,1771
2020-12-23,Placer,061,380077,13805,12213,504,12717,111
2020-12-23,Plumas,063,18699,448,369,8,377,0
2020-12-23,Riverside,065,2383286,176195,158110,7550,165660,1790
2020-12-23,Sacramento,067,1510023,63223,59661,556,60217,779
2020-12-23,San Benito,069,59416,3433,3073,25,3098,24
2020-12-23,San Bernardino,071,2135413,191916,172888,5111,177999,1509
2020-12-23,San Diego,073,3302833,151231,134695,6709,141404,1350
2020-12-23,San Francisco,075,870044,22791,21498,202,21700,174
2020-12-23,San Joaquin,077,732212,44279,35664,1418,37082,602
2020-12-23,San Luis Obispo,079,281455,10628,9267,232,9499,74
2020-12-23,San Mateo,081,765935,24319,21780,95,21875,186
2020-12-23,Santa Barbara,083,443738,16894,15399,435,15834,152
2020-12-23,Santa Clara,085,1922200,67227,60455,273,60728,579
2020-12-23,Santa Cruz,087,273765,8803,7637,283,7920,75
2020-12-23,Shasta,089,179085,7944,7487,636,8123,66
2020-12-23,Sierra,091,2930,27,23,0,23,0
2020-12-23,Siskiyou,093,43540,977,891,89,980,2
2020-12-23,Solano,095,438530,18354,16626,182,16808,95
2020-12-23,Sonoma,097,501317,18612,17397,103,17500,182
2020-12-23,Stanislaus,099,539301,33741,31492,2955,34447,499
2020-12-23,Sutter,101,95872,6291,5871,42,5913,46
2020-12-23,Tehama,103,63373,2942,2737,255,2992,9
2020-12-23,Trinity,105,12862,407,234,56,290,2
2020-12-23,Tulare,107,460477,32829,30315,3462,33777,385
2020-12-23,Tuolumne,109,53932,2704,2540,11,2551,12
2020-12-23,Ventura,111,848112,37758,33377,1499,34876,216
2020-12-23,Yolo,113,214977,8265,7508,56,7564,112
2020-12-23,Yuba,115,75493,3687,3438,36,3474,14
2020-12-22,Alameda,001,1643700,49513,45751,838,46589,534
2020-12-22,Alpine,003,1148,66,64,0,64,0
2020-12-22,Amador,005,37829,2302,1839,17,1856,23
2020-12-22,Butte,007,227075,7225,6467,761,7228,85
2020-12-22,Calaveras,009,45235,1060,988,0,988,21
2020-12-22,Colusa,011,21464,1238,1150,64,1214,7
2020-12-22,Contra Costa,013,1133247,38369,35681,469,36150,301
2020-12-22,Del Norte,015,27424,727,666,2,668,2
2020-12-22,El Dorado,017,186661,5791,4885,234,5119,12
2020-12-22,Fresno,019,978130,65190,59640,4101,63741,640
2020-12-22,Glenn,021,27897,1476,1337,213,1550,9
2020-12-22,Humboldt,023,135768,1607,1440,7,1447,16
2020-12-22,Imperial,025,180216,22313,21128,1141,22269,398
2020-12-22,Inyo,027,18085,620,506,7,513,17
2020-12-22,Kern,029,883053,63001,57816,4326,62142,547
2020-12-22,Kings,031,150075,15902,14855,484,15339,102
2020-12-22,Lake,033,64148,1789,1569,0,1569,20
2020-12-22,Lassen,035,31185,4174,3848,39,3887,1
2020-12-22,Los Angeles,037,10098052,712906,635931,18233,654164,9013
2020-12-22,Madera,039,155013,10165,9187,369,9556,63
2020-12-22,Marin,041,260295,9539,9115,63,9178,142
2020-12-22,Mariposa,043,17540,215,194,2,196,3
2020-12-22,Mendocino,045,87422,2296,2092,20,2112,23
2020-12-22,Merced,047,269075,18071,17012,296,17308,201
2020-12-22,Modoc,049,8938,236,182,69,251,0
2020-12-22,Mono,051,14174,858,786,12,798,3
2020-12-22,Monterey,053,433212,26062,24152,638,24790,176
2020-12-22,Napa,055,140530,5557,5059,26,5085,23
2020-12-22,Nevada,057,99092,2595,2367,84,2451,14
2020-12-22,Orange,059,3164182,149809,134850,5528,140378,1774
2020-12-22,Placer,061,380077,13561,11943,484,12427,105
2020-12-22,Plumas,063,18699,442,360,8,368,0
2020-12-22,Riverside,065,2383286,172384,155059,7281,162340,1777
2020-12-22,Sacramento,067,1510023,62294,57966,537,58503,772
2020-12-22,San Benito,069,59416,3355,2998,25,3023,24
2020-12-22,San Bernardino,071,2135413,187338,169266,4963,174229,1500
2020-12-22,San Diego,073,3302833,147872,132097,6547,138644,1311
2020-12-22,San Francisco,075,870044,22522,21232,198,21430,174
2020-12-22,San Joaquin,077,732212,43522,39423,1369,40792,592
2020-12-22,San Luis Obispo,079,281455,10283,9174,227,9401,69
2020-12-22,San Mateo,081,765935,23992,21382,79,21461,186
2020-12-22,Santa Barbara,083,443738,16629,15189,425,15614,150
2020-12-22,Santa Clara,085,1922200,66060,59192,265,59457,569
2020-12-22,Santa Cruz,087,273765,8624,7471,257,7728,72
2020-12-22,Shasta,089,179085,7866,7371,619,7990,64
2020-12-22,Sierra,091,2930,27,23,0,23,0
2020-12-22,Siskiyou,093,43540,971,880,88,968,2
2020-12-22,Solano,095,438530,17951,16229,179,16408,95
2020-12-22,Sonoma,097,501317,18294,17216,103,17319,180
2020-12-22,Stanislaus,099,539301,33360,30914,2883,33797,499
2020-12-22,Sutter,101,95872,6230,5791,41,5832,46
2020-12-22,Tehama,103,63373,2892,2688,248,2936,9
2020-12-22,Trinity,105,12862,406,231,56,287,2
2020-12-22,Tulare,107,460477,32364,30025,3394,33419,377
2020-12-22,Tuolumne,109,53932,2652,2526,11,2537,12
2020-12-22,Ventura,111,848112,36993,32488,1456,33944,213
2020-12-22,Yolo,113,214977,8152,7388,55,7443,113
2020-12-22,Yuba,115,75493,3636,3379,36,3415,14
2020-12-21,Alameda,001,1643700,48610,44756,811,45567,518
2020-12-21,Alpine,003,1148,65,64,0,64,0
2020-12-21,Amador,005,37829,2225,1815,17,1832,23
2020-12-21,Butte,007,227075,7070,6335,737,7072,81
2020-12-21,Calaveras,009,45235,1030,963,0,963,21
2020-12-21,Colusa,011,21464,1211,1135,59,1194,7
2020-12-21,Contra Costa,013,1133247,37618,35207,432,35639,300
2020-12-21,Del Norte,015,27424,712,660,2,662,2
2020-12-21,El Dorado,017,186661,5644,4805,221,5026,10
2020-12-21,Fresno,019,978130,64038,58568,3957,62525,634
2020-12-21,Glenn,021,27897,1444,1323,205,1528,9
2020-12-21,Humboldt,023,135768,1584,1419,7,1426,16
2020-12-21,Imperial,025,180216,22044,20994,1096,22090,395
2020-12-21,Inyo,027,18085,599,482,7,489,17
2020-12-21,Kern,029,883053,62111,56836,4189,61025,541
2020-12-21,Kings,031,150075,15652,14760,469,15229,100
2020-12-21,Lake,033,64148,1734,1538,0,1538,20
2020-12-21,Lassen,035,31185,4014,3798,37,3835,1
2020-12-21,Los Angeles,037,10098052,693830,624129,17552,641681,8918
2020-12-21,Madera,039,155013,9971,9069,349,9418,63
2020-12-21,Marin,041,260295,9470,9035,63,9098,142
2020-12-21,Mariposa,043,17540,210,186,2,188,3
2020-12-21,Mendocino,045,87422,2265,2066,20,2086,23
2020-12-21,Merced,047,269075,17822,16710,280,16990,198
2020-12-21,Modoc,049,8938,222,181,68,249,0
2020-12-21,Mono,051,14174,846,781,12,793,3
2020-12-21,Monterey,053,433212,25530,23673,624,24297,174
2020-12-21,Napa,055,140530,5470,4952,26,4978,23
2020-12-21,Nevada,057,99092,2562,2337,84,2421,13
2020-12-21,Orange,059,3164182,146397,130444,5374,135818,1772
2020-12-21,Placer,061,380077,13329,11715,465,12180,105
2020-12-21,Plumas,063,18699,438,353,8,361,0
2020-12-21,Riverside,065,2383286,168159,151713,6955,158668,1743
2020-12-21,Sacramento,067,1510023,61274,57064,519,57583,759
2020-12-21,San Benito,069,59416,3287,2921,25,2946,22
2020-12-21,San Bernardino,071,2135413,182546,165086,4798,169884,1476
2020-12-21,San Diego,073,3302833,144421,129716,6383,136099,1284
2020-12-21,San Francisco,075,870044,22236,21086,196,21282,174
2020-12-21,San Joaquin,077,732212,42726,38811,1318,40129,586
2020-12-21,San Luis Obispo,079,281455,10094,9006,222,9228,64
2020-12-21,San Mateo,081,765935,23587,21035,76,21111,185
2020-12-21,Santa Barbara,083,443738,16355,14988,420,15408,149
2020-12-21,Santa Clara,085,1922200,64867,57699,253,57952,570
2020-12-21,Santa Cruz,087,273765,8412,7315,244,7559,69
2020-12-21,Shasta,089,179085,7801,7299,609,7908,64
2020-12-21,Sierra,091,2930,24,23,0,23,0
2020-12-21,Siskiyou,093,43540,963,878,87,965,2
2020-12-21,Solano,095,438530,17481,15878,174,16052,95
2020-12-21,Sonoma,097,501317,18021,17075,99,17174,176
2020-12-21,Stanislaus,099,539301,32902,30437,2809,33246,499
2020-12-21,Sutter,101,95872,6134,5708,41,5749,46
2020-12-21,Tehama,103,63373,2824,2656,240,2896,9
2020-12-21,Trinity,105,12862,404,226,54,280,2
2020-12-21,Tulare,107,460477,31864,29482,3305,32787,373
2020-12-21,Tuolumne,109,53932,2627,2423,9,2432,12
2020-12-21,Ventura,111,848112,35912,31759,1419,33178,212
2020-12-21,Yolo,113,214977,8007,7266,51,7317,109
2020-12-21,Yuba,115,75493,3577,3329,36,3365,14
2020-12-20,Alameda,001,1643700,47730,44004,788,44792,516
2020-12-20,Alpine,003,1148,65,64,0,64,0
2020-12-20,Amador,005,37829,2167,1771,17,1788,23
2020-12-20,Butte,007,227075,6925,6228,701,6929,81
2020-12-20,Calaveras,009,45235,1006,926,0,926,21
2020-12-20,Colusa,011,21464,1183,1121,52,1173,7
2020-12-20,Contra Costa,013,1133247,37032,34798,415,35213,301
2020-12-20,Del Norte,015,27424,690,652,2,654,2
2020-12-20,El Dorado,017,186661,5519,4697,212,4909,10
2020-12-20,Fresno,019,978130,63046,57616,3820,61436,634
2020-12-20,Glenn,021,27897,1435,1295,198,1493,9
2020-12-20,Humboldt,023,135768,1547,1386,6,1392,15
2020-12-20,Imperial,025,180216,21802,20882,991,21873,395
2020-12-20,Inyo,027,18085,584,476,7,483,17
2020-12-20,Kern,029,883053,61013,55983,4034,60017,540
2020-12-20,Kings,031,150075,15432,14629,452,15081,100
2020-12-20,Lake,033,64148,1688,1463,0,1463,20
2020-12-20,Lassen,035,31185,3960,3669,35,3704,1
2020-12-20,Los Angeles,037,10098052,675755,612975,16812,629787,8862
2020-12-20,Madera,039,155013,9761,8871,340,9211,63
2020-12-20,Marin,041,260295,9372,8948,59,9007,142
2020-12-20,Mariposa,043,17540,209,179,2,181,3
2020-12-20,Mendocino,045,87422,2240,2033,20,2053,23
2020-12-20,Merced,047,269075,17506,16435,273,16708,198
2020-12-20,Modoc,049,8938,222,181,66,247,0
2020-12-20,Mono,051,14174,828,774,12,786,3
2020-12-20,Monterey,053,433212,25047,23250,583,23833,173
2020-12-20,Napa,055,140530,5349,4865,24,4889,23
2020-12-20,Nevada,057,99092,2516,2289,78,2367,13
2020-12-20,Orange,059,3164182,142893,128780,5225,134005,1763
2020-12-20,Placer,061,380077,13103,11496,446,11942,105
2020-12-20,Plumas,063,18699,430,347,8,355,0
2020-12-20,Riverside,065,2383286,163952,148714,6663,155377,1742
2020-12-20,Sacramento,067,1510023,60274,56017,499,56516,755
2020-12-20,San Benito,069,59416,3215,2885,24,2909,21
2020-12-20,San Bernardino,071,2135413,177562,162810,4640,167450,1458
2020-12-20,San Diego,073,3302833,140703,126465,6213,132678,1280
2020-12-20,San Francisco,075,870044,21921,20937,193,21130,174
2020-12-20,San Joaquin,077,732212,41884,38268,1257,39525,587
2020-12-20,San Luis Obispo,079,281455,9801,8881,216,9097,63
2020-12-20,San Mateo,081,765935,23153,20764,72,20836,185
2020-12-20,Santa Barbara,083,443738,16033,14817,400,15217,148
2020-12-20,Santa Clara,085,1922200,63460,56860,247,57107,566
2020-12-20,Santa Cruz,087,273765,8204,7178,231,7409,69
2020-12-20,Shasta,089,179085,7686,7256,595,7851,64
2020-12-20,Sierra,091,2930,24,22,0,22,0
2020-12-20,Siskiyou,093,43540,953,870,86,956,2
2020-12-20,Solano,095,438530,17103,15533,163,15696,95
2020-12-20,Sonoma,097,501317,17746,16802,98,16900,175
2020-12-20,Stanislaus,099,539301,32379,29995,2707,32702,498
2020-12-20,Sutter,101,95872,6047,5601,41,5642,43
2020-12-20,Tehama,103,63373,2774,2602,222,2824,9
2020-12-20,Trinity,105,12862,396,221,53,274,2
2020-12-20,Tulare,107,460477,31347,29078,3209,32287,373
2020-12-20,Tuolumne,109,53932,2517,2152,8,2160,12
2020-12-20,Ventura,111,848112,35209,31335,1386,32721,210
2020-12-20,Yolo,113,214977,7856,7121,48,7169,109
2020-12-20,Yuba,115,75493,3530,3254,34,3288,12
2020-12-19,Alameda,001,1643700,47286,43109,781,43890,516
2020-12-19,Alpine,003,1148,65,64,0,64,0
2020-12-19,Amador,005,37829,2143,1754,17,1771,23
2020-12-19,Butte,007,227075,6825,6118,677,6795,81
2020-12-19,Calaveras,009,45235,989,900,0,900,21
2020-12-19,Colusa,011,21464,1175,1096,50,1146,7
2020-12-19,Contra Costa,013,1133247,36717,34321,401,34722,301
2020-12-19,Del Norte,015,27424,688,641,1,642,2
2020-12-19,El Dorado,017,186661,5452,4588,204,4792,10
2020-12-19,Fresno,019,978130,62721,55428,3752,59180,634
2020-12-19,Glenn,021,27897,1400,1286,197,1483,9
2020-12-19,Humboldt,023,135768,1530,1357,6,1363,15
2020-12-19,Imperial,025,180216,21712,20711,945,21656,395
2020-12-19,Inyo,027,18085,577,475,7,482,17
2020-12-19,Kern,029,883053,60528,55118,3926,59044,540
2020-12-19,Kings,031,150075,15353,14474,450,14924,100
2020-12-19,Lake,033,64148,1653,1438,0,1438,20
2020-12-19,Lassen,035,31185,3932,3595,35,3630,1
2020-12-19,Los Angeles,037,10098052,668659,599888,16276,616164,8804
2020-12-19,Madera,039,155013,9669,8717,328,9045,63
2020-12-19,Marin,041,260295,9333,8864,59,8923,142
2020-12-19,Mariposa,043,17540,207,177,2,179,3
2020-12-19,Mendocino,045,87422,2215,2008,20,2028,23
2020-12-19,Merced,047,269075,17367,16230,265,16495,198
2020-12-19,Modoc,049,8938,219,181,66,247,0
2020-12-19,Mono,051,14174,821,766,12,778,3
2020-12-19,Monterey,053,433212,24933,22799,577,23376,172
2020-12-19,Napa,055,140530,5287,4772,24,4796,23
2020-12-19,Nevada,057,99092,2494,2260,78,2338,13
2020-12-19,Orange,059,3164182,140971,125574,5074,130648,1733
2020-12-19,Placer,061,380077,12948,11246,440,11686,105
2020-12-19,Plumas,063,18699,427,343,8,351,0
2020-12-19,Riverside,065,2383286,161964,146703,6427,153130,1737
2020-12-19,Sacramento,067,1510023,59742,55169,485,55654,746
2020-12-19,San Benito,069,59416,3169,2820,23,2843,21
2020-12-19,San Bernardino,071,2135413,175994,159883,4533,164416,1433
2020-12-19,San Diego,073,3302833,138936,122972,6074,129046,1280
2020-12-19,San Francisco,075,870044,21770,20643,193,20836,174
2020-12-19,San Joaquin,077,732212,41481,37340,1207,38547,586
2020-12-19,San Luis Obispo,079,281455,9730,8788,213,9001,63
2020-12-19,San Mateo,081,765935,22943,20393,65,20458,182
2020-12-19,Santa Barbara,083,443738,15876,14667,394,15061,148
2020-12-19,Santa Clara,085,1922200,62649,55540,243,55783,558
2020-12-19,Santa Cruz,087,273765,8100,7054,226,7280,68
2020-12-19,Shasta,089,179085,7633,7221,583,7804,63
2020-12-19,Sierra,091,2930,24,23,0,23,0
2020-12-19,Siskiyou,093,43540,949,853,85,938,2
2020-12-19,Solano,095,438530,16937,15204,159,15363,95
2020-12-19,Sonoma,097,501317,17638,16553,98,16651,175
2020-12-19,Stanislaus,099,539301,32060,29555,2635,32190,498
2020-12-19,Sutter,101,95872,5990,5506,41,5547,41
2020-12-19,Tehama,103,63373,2723,2574,220,2794,9
2020-12-19,Trinity,105,12862,395,219,53,272,2
2020-12-19,Tulare,107,460477,31125,28734,3143,31877,375
2020-12-19,Tuolumne,109,53932,2504,2107,8,2115,12
2020-12-19,Ventura,111,848112,34928,30843,1356,32199,209
2020-12-19,Yolo,113,214977,7787,7025,47,7072,109
2020-12-19,Yuba,115,75493,3498,3168,34,3202,11
2020-12-18,Alameda,001,1643700,46751,42196,765,42961,515
2020-12-18,Alpine,003,1148,65,64,0,64,0
2020-12-18,Amador,005,37829,2126,1727,15,1742,20
2020-12-18,Butte,007,227075,6740,5891,651,6542,81
2020-12-18,Calaveras,009,45235,979,870,0,870,21
2020-12-18,Colusa,011,21464,1166,1068,50,1118,7
2020-12-18,Contra Costa,013,1133247,36432,33610,389,33999,300
2020-12-18,Del Norte,015,27424,683,627,0,627,2
2020-12-18,El Dorado,017,186661,5390,4494,195,4689,10
2020-12-18,Fresno,019,978130,61894,52643,3688,56331,613
2020-12-18,Glenn,021,27897,1383,1264,192,1456,9
2020-12-18,Humboldt,023,135768,1515,1331,6,1337,15
2020-12-18,Imperial,025,180216,21634,20430,898,21328,393
2020-12-18,Inyo,027,18085,557,454,7,461,17
2020-12-18,Kern,029,883053,59868,54220,3841,58061,533
2020-12-18,Kings,031,150075,15227,14284,444,14728,98
2020-12-18,Lake,033,64148,1642,1397,0,1397,20
2020-12-18,Lassen,035,31185,3924,3486,35,3521,1
2020-12-18,Los Angeles,037,10098052,656523,586413,15774,602187,8744
2020-12-18,Madera,039,155013,9567,8609,323,8932,63
2020-12-18,Marin,041,260295,9249,8799,59,8858,142
2020-12-18,Mariposa,043,17540,204,176,2,178,3
2020-12-18,Mendocino,045,87422,2197,1977,20,1997,24
2020-12-18,Merced,047,269075,17286,15956,262,16218,195
2020-12-18,Modoc,049,8938,219,179,66,245,0
2020-12-18,Mono,051,14174,813,731,12,743,3
2020-12-18,Monterey,053,433212,24639,22336,571,22907,165
2020-12-18,Napa,055,140530,5238,4688,24,4712,23
2020-12-18,Nevada,057,99092,2477,2220,77,2297,13
2020-12-18,Orange,059,3164182,138535,121681,4925,126606,1725
2020-12-18,Placer,061,380077,12777,10995,431,11426,104
2020-12-18,Plumas,063,18699,421,336,8,344,0
2020-12-18,Riverside,065,2383286,159122,142375,6158,148533,1733
2020-12-18,Sacramento,067,1510023,59116,53980,469,54449,736
2020-12-18,San Benito,069,59416,3120,2744,23,2767,21
2020-12-18,San Bernardino,071,2135413,173697,154272,4399,158671,1430
2020-12-18,San Diego,073,3302833,136758,120463,5935,126398,1253
2020-12-18,San Francisco,075,870044,21603,20315,187,20502,173
2020-12-18,San Joaquin,077,732212,41123,36484,1176,37660,559
2020-12-18,San Luis Obispo,079,281455,9631,8598,208,8806,62
2020-12-18,San Mateo,081,765935,22629,19971,61,20032,182
2020-12-18,Santa Barbara,083,443738,15735,14361,381,14742,148
2020-12-18,Santa Clara,085,1922200,61776,53992,234,54226,539
2020-12-18,Santa Cruz,087,273765,7985,6838,218,7056,68
2020-12-18,Shasta,089,179085,7596,7114,572,7686,62
2020-12-18,Sierra,091,2930,24,23,0,23,0
2020-12-18,Siskiyou,093,43540,947,840,85,925,2
2020-12-18,Solano,095,438530,16784,14667,155,14822,95
2020-12-18,Sonoma,097,501317,17518,16261,98,16359,173
2020-12-18,Stanislaus,099,539301,31787,28967,2599,31566,490
2020-12-18,Sutter,101,95872,5906,5399,41,5440,39
2020-12-18,Tehama,103,63373,2707,2523,210,2733,9
2020-12-18,Trinity,105,12862,394,215,53,268,2
2020-12-18,Tulare,107,460477,30848,28322,3064,31386,370
2020-12-18,Tuolumne,109,53932,2493,2067,8,2075,12
2020-12-18,Ventura,111,848112,34424,29907,1313,31220,209
2020-12-18,Yolo,113,214977,7719,6901,46,6947,109
2020-12-18,Yuba,115,75493,3440,3097,34,3131,11
2020-12-17,Alameda,001,1643700,45943,41548,732,42280,508
2020-12-17,Alpine,003,1148,65,64,0,64,0
2020-12-17,Amador,005,37829,2078,1703,13,1716,19
2020-12-17,Butte,007,227075,6614,5746,633,6379,78
2020-12-17,Calaveras,009,45235,956,848,0,848,21
2020-12-17,Colusa,011,21464,1155,1053,48,1101,7
2020-12-17,Contra Costa,013,1133247,35908,33006,355,33361,293
2020-12-17,Del Norte,015,27424,678,583,0,583,1
2020-12-17,El Dorado,017,186661,5245,4327,183,4510,9
2020-12-17,Fresno,019,978130,61031,49918,3562,53480,597
2020-12-17,Glenn,021,27897,1359,1244,185,1429,9
2020-12-17,Humboldt,023,135768,1482,1322,6,1328,14
2020-12-17,Imperial,025,180216,21469,20208,828,21036,391
2020-12-17,Inyo,027,18085,539,450,6,456,16
2020-12-17,Kern,029,883053,58911,53683,3708,57391,526
2020-12-17,Kings,031,150075,15124,14057,429,14486,98
2020-12-17,Lake,033,64148,1617,1374,0,1374,20
2020-12-17,Lassen,035,31185,3888,3417,35,3452,1
2020-12-17,Los Angeles,037,10098052,640874,571093,15222,586315,8657
2020-12-17,Madera,039,155013,9450,8465,319,8784,62
2020-12-17,Marin,041,260295,9185,8721,57,8778,142
2020-12-17,Mariposa,043,17540,200,172,2,174,3
2020-12-17,Mendocino,045,87422,2163,1942,20,1962,23
2020-12-17,Merced,047,269075,17023,15648,254,15902,192
2020-12-17,Modoc,049,8938,216,179,66,245,0
2020-12-17,Mono,051,14174,800,718,12,730,3
2020-12-17,Monterey,053,433212,24120,21951,556,22507,163
2020-12-17,Napa,055,140530,5126,4612,24,4636,23
2020-12-17,Nevada,057,99092,2436,2173,74,2247,13
2020-12-17,Orange,059,3164182,135154,118367,4789,123156,1725
2020-12-17,Placer,061,380077,12503,10756,417,11173,99
2020-12-17,Plumas,063,18699,412,324,8,332,0
2020-12-17,Riverside,065,2383286,155238,139325,5942,145267,1696
2020-12-17,Sacramento,067,1510023,58210,53189,446,53635,721
2020-12-17,San Benito,069,59416,3051,2645,22,2667,20
2020-12-17,San Bernardino,071,2135413,169762,149838,4282,154120,1425
2020-12-17,San Diego,073,3302833,133957,116852,5779,122631,1239
2020-12-17,San Francisco,075,870044,21316,19939,182,20121,170
2020-12-17,San Joaquin,077,732212,40396,35894,1139,37033,554
2020-12-17,San Luis Obispo,079,281455,9511,8365,206,8571,59
2020-12-17,San Mateo,081,765935,22258,19647,61,19708,181
2020-12-17,Santa Barbara,083,443738,15501,14207,374,14581,147
2020-12-17,Santa Clara,085,1922200,60608,52559,228,52787,527
2020-12-17,Santa Cruz,087,273765,7830,6687,204,6891,64
2020-12-17,Shasta,089,179085,7519,7000,553,7553,62
2020-12-17,Sierra,091,2930,23,23,0,23,0
2020-12-17,Siskiyou,093,43540,940,827,84,911,2
2020-12-17,Solano,095,438530,16478,14361,153,14514,96
2020-12-17,Sonoma,097,501317,17246,15993,97,16090,171
2020-12-17,Stanislaus,099,539301,31361,28582,2540,31122,489
2020-12-17,Sutter,101,95872,5807,5309,40,5349,39
2020-12-17,Tehama,103,63373,2659,2480,204,2684,9
2020-12-17,Trinity,105,12862,389,213,53,266,2
2020-12-17,Tulare,107,460477,30454,27852,2986,30838,358
2020-12-17,Tuolumne,109,53932,2202,1992,8,2000,11
2020-12-17,Ventura,111,848112,33814,29404,1276,30680,208
2020-12-17,Yolo,113,214977,7594,6800,45,6845,105
2020-12-17,Yuba,115,75493,3381,3035,32,3067,12
2020-12-16,Alameda,001,1643700,45089,40751,705,41456,497
2020-12-16,Alpine,003,1148,65,64,0,64,0
2020-12-16,Amador,005,37829,2031,1693,12,1705,19
2020-12-16,Butte,007,227075,6425,5659,604,6263,76
2020-12-16,Calaveras,009,45235,921,821,0,821,21
2020-12-16,Colusa,011,21464,1142,1038,43,1081,7
2020-12-16,Contra Costa,013,1133247,35351,32429,335,32764,293
2020-12-16,Del Norte,015,27424,676,575,0,575,1
2020-12-16,El Dorado,017,186661,5124,4237,174,4411,9
2020-12-16,Fresno,019,978130,60073,49173,3466,52639,584
2020-12-16,Glenn,021,27897,1341,1236,174,1410,9
2020-12-16,Humboldt,023,135768,1450,1308,5,1313,12
2020-12-16,Imperial,025,180216,21286,19980,762,20742,388
2020-12-16,Inyo,027,18085,526,444,6,450,16
2020-12-16,Kern,029,883053,58034,52896,3575,56471,522
2020-12-16,Kings,031,150075,14944,13734,412,14146,99
2020-12-16,Lake,033,64148,1577,1363,0,1363,20
2020-12-16,Lassen,035,31185,3855,3396,34,3430,1
2020-12-16,Los Angeles,037,10098052,624351,557907,14537,572444,8561
2020-12-16,Madera,039,155013,9325,8278,311,8589,62
2020-12-16,Marin,041,260295,9114,8641,57,8698,142
2020-12-16,Mariposa,043,17540,197,175,2,177,3
2020-12-16,Mendocino,045,87422,2128,1929,20,1949,23
2020-12-16,Merced,047,269075,16737,15443,250,15693,190
2020-12-16,Modoc,049,8938,213,178,66,244,0
2020-12-16,Mono,051,14174,781,702,12,714,3
2020-12-16,Monterey,053,433212,23562,21107,545,21652,163
2020-12-16,Napa,055,140530,5029,4544,24,4568,23
2020-12-16,Nevada,057,99092,2400,2149,72,2221,13
2020-12-16,Orange,059,3164182,131676,115260,4622,119882,1712
2020-12-16,Placer,061,380077,12266,10554,396,10950,96
2020-12-16,Plumas,063,18699,403,319,8,327,0
2020-12-16,Riverside,065,2383286,151113,135751,5694,141445,1664
2020-12-16,Sacramento,067,1510023,57237,52166,421,52587,715
2020-12-16,San Benito,069,59416,2960,2582,22,2604,20
2020-12-16,San Bernardino,071,2135413,165155,143565,4147,147712,1403
2020-12-16,San Diego,073,3302833,130853,114248,5625,119873,1217
2020-12-16,San Francisco,075,870044,21057,19624,182,19806,170
2020-12-16,San Joaquin,077,732212,39571,35010,1099,36109,547
2020-12-16,San Luis Obispo,079,281455,9315,8252,197,8449,58
2020-12-16,San Mateo,081,765935,21932,19292,57,19349,179
2020-12-16,Santa Barbara,083,443738,15252,13966,362,14328,144
2020-12-16,Santa Clara,085,1922200,59366,51502,225,51727,523
2020-12-16,Santa Cruz,087,273765,7646,6536,193,6729,63
2020-12-16,Shasta,089,179085,7446,6914,531,7445,62
2020-12-16,Sierra,091,2930,23,23,0,23,0
2020-12-16,Siskiyou,093,43540,932,818,84,902,2
2020-12-16,Solano,095,438530,16012,14157,149,14306,96
2020-12-16,Sonoma,097,501317,16990,15768,97,15865,170
2020-12-16,Stanislaus,099,539301,30857,28279,2467,30746,489
2020-12-16,Sutter,101,95872,5727,5223,40,5263,39
2020-12-16,Tehama,103,63373,2628,2441,178,2619,9
2020-12-16,Trinity,105,12862,383,212,53,265,2
2020-12-16,Tulare,107,460477,30031,27500,2886,30386,352
2020-12-16,Tuolumne,109,53932,2160,1941,8,1949,11
2020-12-16,Ventura,111,848112,33040,28566,1233,29799,203
2020-12-16,Yolo,113,214977,7465,6649,44,6693,103
2020-12-16,Yuba,115,75493,3295,2980,31,3011,11
2020-12-15,Alameda,001,1643700,44233,40026,683,40709,492
2020-12-15,Alpine,003,1148,65,64,0,64,0
2020-12-15,Amador,005,37829,1918,1669,10,1679,19
2020-12-15,Butte,007,227075,6287,5565,575,6140,75
2020-12-15,Calaveras,009,45235,889,799,0,799,21
2020-12-15,Colusa,011,21464,1129,1026,42,1068,7
2020-12-15,Contra Costa,013,1133247,34696,31423,321,31744,281
2020-12-15,Del Norte,015,27424,665,564,0,564,1
2020-12-15,El Dorado,017,186661,5016,4113,160,4273,9
2020-12-15,Fresno,019,978130,58698,47316,3332,50648,574
2020-12-15,Glenn,021,27897,1328,1207,158,1365,9
2020-12-15,Humboldt,023,135768,1430,1276,5,1281,12
2020-12-15,Imperial,025,180216,21067,19756,682,20438,380
2020-12-15,Inyo,027,18085,513,394,6,400,16
2020-12-15,Kern,029,883053,57022,52002,3472,55474,511
2020-12-15,Kings,031,150075,14780,13652,393,14045,97
2020-12-15,Lake,033,64148,1552,1341,0,1341,21
2020-12-15,Lassen,035,31185,3683,3378,33,3411,1
2020-12-15,Los Angeles,037,10098052,607985,536258,13901,550159,8429
2020-12-15,Madera,039,155013,9171,8118,304,8422,60
2020-12-15,Marin,041,260295,9007,8528,55,8583,141
2020-12-15,Mariposa,043,17540,193,171,2,173,3
2020-12-15,Mendocino,045,87422,2101,1883,20,1903,24
2020-12-15,Merced,047,269075,16442,15120,247,15367,190
2020-12-15,Modoc,049,8938,211,179,66,245,0
2020-12-15,Mono,051,14174,765,702,12,714,3
2020-12-15,Monterey,053,433212,22963,19905,484,20389,161
2020-12-15,Napa,055,140530,4926,4440,24,4464,23
2020-12-15,Nevada,057,99092,2367,2117,70,2187,11
2020-12-15,Orange,059,3164182,128019,112893,4468,117361,1689
2020-12-15,Placer,061,380077,12032,10301,374,10675,95
2020-12-15,Plumas,063,18699,398,313,8,321,0
2020-12-15,Riverside,065,2383286,147054,131822,5415,137237,1624
2020-12-15,Sacramento,067,1510023,56220,51076,408,51484,703
2020-12-15,San Benito,069,59416,2880,2520,21,2541,19
2020-12-15,San Bernardino,071,2135413,160698,137548,3996,141544,1351
2020-12-15,San Diego,073,3302833,127287,111441,5462,116903,1194
2020-12-15,San Francisco,075,870044,20748,19283,179,19462,171
2020-12-15,San Joaquin,077,732212,38647,33849,1062,34911,537
2020-12-15,San Luis Obispo,079,281455,9206,8074,194,8268,55
2020-12-15,San Mateo,081,765935,21522,18907,55,18962,178
2020-12-15,Santa Barbara,083,443738,15025,13782,354,14136,144
2020-12-15,Santa Clara,085,1922200,57931,50311,222,50533,505
2020-12-15,Santa Cruz,087,273765,7462,6361,178,6539,59
2020-12-15,Shasta,089,179085,7388,6794,506,7300,54
2020-12-15,Sierra,091,2930,23,23,0,23,0
2020-12-15,Siskiyou,093,43540,923,812,83,895,2
2020-12-15,Solano,095,438530,15662,13796,149,13945,95
2020-12-15,Sonoma,097,501317,16769,15406,97,15503,167
2020-12-15,Stanislaus,099,539301,30344,27823,2386,30209,485
2020-12-15,Sutter,101,95872,5629,5080,39,5119,36
2020-12-15,Tehama,103,63373,2591,2392,173,2565,9
2020-12-15,Trinity,105,12862,375,213,51,264,1
2020-12-15,Tulare,107,460477,29542,27026,2796,29822,342
2020-12-15,Tuolumne,109,53932,2130,1874,8,1882,8
2020-12-15,Ventura,111,848112,32418,27936,1186,29122,201
2020-12-15,Yolo,113,214977,7342,6531,42,6573,104
2020-12-15,Yuba,115,75493,3201,2891,30,2921,11
2020-12-14,Alameda,001,1643700,43338,39252,664,39916,487
2020-12-14,Alpine,003,1148,65,63,0,63,0
2020-12-14,Amador,005,37829,1846,1609,10,1619,19
2020-12-14,Butte,007,227075,6119,5202,558,5760,75
2020-12-14,Calaveras,009,45235,851,718,0,718,21
2020-12-14,Colusa,011,21464,1105,949,41,990,7
2020-12-14,Contra Costa,013,1133247,33998,30594,307,30901,281
2020-12-14,Del Norte,015,27424,659,560,0,560,1
2020-12-14,El Dorado,017,186661,4860,4018,144,4162,9
2020-12-14,Fresno,019,978130,57673,44726,3152,47878,560
2020-12-14,Glenn,021,27897,1302,1186,150,1336,9
2020-12-14,Humboldt,023,135768,1417,1256,5,1261,9
2020-12-14,Imperial,025,180216,20829,19608,604,20212,379
2020-12-14,Inyo,027,18085,499,382,6,388,16
2020-12-14,Kern,029,883053,55985,50538,3351,53889,510
2020-12-14,Kings,031,150075,14595,13491,366,13857,97
2020-12-14,Lake,033,64148,1503,1301,0,1301,21
2020-12-14,Lassen,035,31185,3584,2905,30,2935,1
2020-12-14,Los Angeles,037,10098052,590369,524668,13258,537926,8340
2020-12-14,Madera,039,155013,8904,8011,295,8306,60
2020-12-14,Marin,041,260295,8924,8475,53,8528,141
2020-12-14,Mariposa,043,17540,192,171,2,173,3
2020-12-14,Mendocino,045,87422,2080,1845,20,1865,24
2020-12-14,Merced,047,269075,16036,14572,233,14805,189
2020-12-14,Modoc,049,8938,205,180,64,244,0
2020-12-14,Mono,051,14174,757,685,12,697,3
2020-12-14,Monterey,053,433212,22442,19154,478,19632,155
2020-12-14,Napa,055,140530,4833,4289,24,4313,22
2020-12-14,Nevada,057,99092,2328,2070,67,2137,11
2020-12-14,Orange,059,3164182,124128,108602,4332,112934,1688
2020-12-14,Placer,061,380077,11751,9551,363,9914,95
2020-12-14,Plumas,063,18699,386,309,8,317,0
2020-12-14,Riverside,065,2383286,142924,123715,5153,128868,1588
2020-12-14,Sacramento,067,1510023,55113,50304,383,50687,691
2020-12-14,San Benito,069,59416,2814,2467,20,2487,19
2020-12-14,San Bernardino,071,2135413,156253,129151,3868,133019,1347
2020-12-14,San Diego,073,3302833,123551,109578,5277,114855,1162
2020-12-14,San Francisco,075,870044,20372,18904,177,19081,171
2020-12-14,San Joaquin,077,732212,37803,32522,1016,33538,534
2020-12-14,San Luis Obispo,079,281455,8958,7791,190,7981,52
2020-12-14,San Mateo,081,765935,21023,18361,52,18413,178
2020-12-14,Santa Barbara,083,443738,14753,13587,346,13933,144
2020-12-14,Santa Clara,085,1922200,56369,49180,210,49390,502
2020-12-14,Santa Cruz,087,273765,7276,6049,163,6212,54
2020-12-14,Shasta,089,179085,7299,6665,487,7152,54
2020-12-14,Sierra,091,2930,23,21,0,21,0
2020-12-14,Siskiyou,093,43540,900,764,77,841,2
2020-12-14,Solano,095,438530,15300,13352,148,13500,93
2020-12-14,Sonoma,097,501317,16462,14807,96,14903,167
2020-12-14,Stanislaus,099,539301,29811,27311,2337,29648,485
2020-12-14,Sutter,101,95872,5524,5001,32,5033,35
2020-12-14,Tehama,103,63373,2547,2344,170,2514,9
2020-12-14,Trinity,105,12862,371,205,49,254,1
2020-12-14,Tulare,107,460477,29069,25735,2705,28440,341
2020-12-14,Tuolumne,109,53932,2077,1647,8,1655,8
2020-12-14,Ventura,111,848112,31495,27436,1127,28563,202
2020-12-14,Yolo,113,214977,7182,6389,41,6430,95
2020-12-14,Yuba,115,75493,3139,2851,30,2881,11
2020-12-13,Alameda,001,1643700,42144,38064,638,38702,486
2020-12-13,Alpine,003,1148,65,63,0,63,0
2020-12-13,Amador,005,37829,1790,1457,9,1466,19
2020-12-13,Butte,007,227075,5970,5103,516,5619,75
2020-12-13,Calaveras,009,45235,815,710,0,710,21
2020-12-13,Colusa,011,21464,1089,945,37,982,7
2020-12-13,Contra Costa,013,1133247,33270,29667,301,29968,281
2020-12-13,Del Norte,015,27424,606,542,0,542,1
2020-12-13,El Dorado,017,186661,4759,3770,133,3903,9
2020-12-13,Fresno,019,978130,56567,44114,2993,47107,559
2020-12-13,Glenn,021,27897,1289,1171,139,1310,9
2020-12-13,Humboldt,023,135768,1394,1238,4,1242,9
2020-12-13,Imperial,025,180216,20536,19472,476,19948,379
2020-12-13,Inyo,027,18085,478,380,6,386,16
2020-12-13,Kern,029,883053,54954,49051,3197,52248,510
2020-12-13,Kings,031,150075,14315,13357,348,13705,97
2020-12-13,Lake,033,64148,1460,1271,0,1271,21
2020-12-13,Lassen,035,31185,3477,2867,25,2892,1
2020-12-13,Los Angeles,037,10098052,572763,517472,12553,530025,8294
2020-12-13,Madera,039,155013,8722,7909,281,8190,60
2020-12-13,Marin,041,260295,8804,8409,53,8462,141
2020-12-13,Mariposa,043,17540,188,167,2,169,3
2020-12-13,Mendocino,045,87422,2046,1793,20,1813,24
2020-12-13,Merced,047,269075,15686,14384,230,14614,189
2020-12-13,Modoc,049,8938,192,179,58,237,0
2020-12-13,Mono,051,14174,741,675,12,687,3
2020-12-13,Monterey,053,433212,22019,18913,464,19377,153
2020-12-13,Napa,055,140530,4727,4194,24,4218,22
2020-12-13,Nevada,057,99092,2280,2030,65,2095,11
2020-12-13,Orange,059,3164182,120195,104768,4158,108926,1688
2020-12-13,Placer,061,380077,11437,9405,345,9750,95
2020-12-13,Plumas,063,18699,380,291,8,299,0
2020-12-13,Riverside,065,2383286,138794,119691,4890,124581,1581
2020-12-13,Sacramento,067,1510023,53844,49480,353,49833,682
2020-12-13,San Benito,069,59416,2744,2408,19,2427,19
2020-12-13,San Bernardino,071,2135413,151357,126718,3705,130423,1333
2020-12-13,San Diego,073,3302833,119951,107372,5108,112480,1162
2020-12-13,San Francisco,075,870044,20027,18686,168,18854,167
2020-12-13,San Joaquin,077,732212,36999,32170,976,33146,534
2020-12-13,San Luis Obispo,079,281455,8766,7625,182,7807,52
2020-12-13,San Mateo,081,765935,20532,18090,46,18136,177
2020-12-13,Santa Barbara,083,443738,14485,13249,331,13580,144
2020-12-13,Santa Clara,085,1922200,54943,47920,201,48121,499
2020-12-13,Santa Cruz,087,273765,7027,5986,152,6138,54
2020-12-13,Shasta,089,179085,7225,6647,461,7108,54
2020-12-13,Sierra,091,2930,23,21,0,21,0
2020-12-13,Siskiyou,093,43540,888,762,72,834,2
2020-12-13,Solano,095,438530,14861,13276,145,13421,93
2020-12-13,Sonoma,097,501317,16147,14495,95,14590,167
2020-12-13,Stanislaus,099,539301,29248,26569,2272,28841,485
2020-12-13,Sutter,101,95872,5396,4798,28,4826,34
2020-12-13,Tehama,103,63373,2501,2325,155,2480,9
2020-12-13,Trinity,105,12862,365,204,49,253,1
2020-12-13,Tulare,107,460477,28578,25496,2618,28114,340
2020-12-13,Tuolumne,109,53932,2015,1611,8,1619,8
2020-12-13,Ventura,111,848112,30492,26588,1064,27652,202
2020-12-13,Yolo,113,214977,6998,6265,35,6300,95
2020-12-13,Yuba,115,75493,3074,2754,27,2781,11
2020-12-12,Alameda,001,1643700,41701,37027,618,37645,486
2020-12-12,Alpine,003,1148,65,63,0,63,0
2020-12-12,Amador,005,37829,1762,1236,8,1244,19
2020-12-12,Butte,007,227075,5897,4972,504,5476,73
2020-12-12,Calaveras,009,45235,805,708,0,708,21
2020-12-12,Colusa,011,21464,1069,945,35,980,7
2020-12-12,Contra Costa,013,1133247,32927,29506,292,29798,281
2020-12-12,Del Norte,015,27424,598,529,0,529,1
2020-12-12,El Dorado,017,186661,4684,3706,116,3822,9
2020-12-12,Fresno,019,978130,56215,43756,2933,46689,559
2020-12-12,Glenn,021,27897,1281,1143,135,1278,8
2020-12-12,Humboldt,023,135768,1375,1208,4,1212,9
2020-12-12,Imperial,025,180216,20452,18947,418,19365,379
2020-12-12,Inyo,027,18085,474,380,6,386,16
2020-12-12,Kern,029,883053,54434,48194,3109,51303,507
2020-12-12,Kings,031,150075,14226,13205,344,13549,96
2020-12-12,Lake,033,64148,1444,1232,0,1232,21
2020-12-12,Lassen,035,31185,3454,2866,22,2888,1
2020-12-12,Los Angeles,037,10098052,565965,504317,12046,516363,8269
2020-12-12,Madera,039,155013,8595,7765,278,8043,59
2020-12-12,Marin,041,260295,8750,8363,52,8415,141
2020-12-12,Mariposa,043,17540,187,164,2,166,3
2020-12-12,Mendocino,045,87422,2010,1771,20,1791,24
2020-12-12,Merced,047,269075,15595,14181,226,14407,188
2020-12-12,Modoc,049,8938,191,169,55,224,0
2020-12-12,Mono,051,14174,734,640,12,652,3
2020-12-12,Monterey,053,433212,21908,18596,435,19031,151
2020-12-12,Napa,055,140530,4682,4113,24,4137,22
2020-12-12,Nevada,057,99092,2262,1981,63,2044,10
2020-12-12,Orange,059,3164182,118312,100468,4010,104478,1674
2020-12-12,Placer,061,380077,11272,9390,340,9730,95
2020-12-12,Plumas,063,18699,374,291,8,299,0
2020-12-12,Riverside,065,2383286,136737,118335,4684,123019,1579
2020-12-12,Sacramento,067,1510023,53259,48319,340,48659,673
2020-12-12,San Benito,069,59416,2688,2355,19,2374,19
2020-12-12,San Bernardino,071,2135413,149726,125741,3603,129344,1321
2020-12-12,San Diego,073,3302833,118330,104958,5011,109969,1151
2020-12-12,San Francisco,075,870044,19837,18413,164,18577,167
2020-12-12,San Joaquin,077,732212,36672,32200,945,33145,534
2020-12-12,San Luis Obispo,079,281455,8667,7462,176,7638,50
2020-12-12,San Mateo,081,765935,20311,17574,45,17619,177
2020-12-12,Santa Barbara,083,443738,14333,13174,323,13497,144
2020-12-12,Santa Clara,085,1922200,53993,45892,198,46090,498
2020-12-12,Santa Cruz,087,273765,6929,5905,143,6048,54
2020-12-12,Shasta,089,179085,7190,6551,443,6994,54
2020-12-12,Sierra,091,2930,23,21,0,21,0
2020-12-12,Siskiyou,093,43540,886,762,69,831,2
2020-12-12,Solano,095,438530,14663,12748,138,12886,93
2020-12-12,Sonoma,097,501317,16027,14466,95,14561,166
2020-12-12,Stanislaus,099,539301,28947,26246,2220,28466,483
2020-12-12,Sutter,101,95872,5334,4717,28,4745,32
2020-12-12,Tehama,103,63373,2483,2252,150,2402,9
2020-12-12,Trinity,105,12862,363,204,47,251,1
2020-12-12,Tulare,107,460477,28319,25333,2560,27893,341
2020-12-12,Tuolumne,109,53932,1972,1536,8,1544,8
2020-12-12,Ventura,111,848112,30048,25955,1031,26986,202
2020-12-12,Yolo,113,214977,6916,6116,33,6149,95
2020-12-12,Yuba,115,75493,3047,2692,26,2718,10
2020-12-11,Alameda,001,1643700,41135,36281,606,36887,482
2020-12-11,Alpine,003,1148,65,63,0,63,0
2020-12-11,Amador,005,37829,1746,1213,8,1221,19
2020-12-11,Butte,007,227075,5824,4941,486,5427,73
2020-12-11,Calaveras,009,45235,789,697,0,697,21
2020-12-11,Colusa,011,21464,1059,923,33,956,7
2020-12-11,Contra Costa,013,1133247,32503,29036,288,29324,282
2020-12-11,Del Norte,015,27424,592,505,0,505,1
2020-12-11,El Dorado,017,186661,4603,3669,101,3770,9
2020-12-11,Fresno,019,978130,55203,43071,2867,45938,550
2020-12-11,Glenn,021,27897,1265,1135,130,1265,8
2020-12-11,Humboldt,023,135768,1357,1190,4,1194,9
2020-12-11,Imperial,025,180216,20362,18599,374,18973,377
2020-12-11,Inyo,027,18085,462,372,6,378,16
2020-12-11,Kern,029,883053,53756,47664,3047,50711,502
2020-12-11,Kings,031,150075,14082,13118,340,13458,94
2020-12-11,Lake,033,64148,1431,1205,0,1205,21
2020-12-11,Lassen,035,31185,3442,2790,21,2811,1
2020-12-11,Los Angeles,037,10098052,554165,493592,11635,505227,8198
2020-12-11,Madera,039,155013,8504,7648,268,7916,59
2020-12-11,Marin,041,260295,8657,8317,51,8368,141
2020-12-11,Mariposa,043,17540,186,164,2,166,3
2020-12-11,Mendocino,045,87422,1987,1769,20,1789,24
2020-12-11,Merced,047,269075,15475,14038,218,14256,186
2020-12-11,Modoc,049,8938,191,168,54,222,0
2020-12-11,Mono,051,14174,724,631,12,643,3
2020-12-11,Monterey,053,433212,21607,18421,430,18851,150
2020-12-11,Napa,055,140530,4627,4054,24,4078,22
2020-12-11,Nevada,057,99092,2245,1959,60,2019,10
2020-12-11,Orange,059,3164182,116004,98357,3907,102264,1656
2020-12-11,Placer,061,380077,11110,8904,324,9228,93
2020-12-11,Plumas,063,18699,366,286,8,294,0
2020-12-11,Riverside,065,2383286,133669,115329,4464,119793,1573
2020-12-11,Sacramento,067,1510023,52598,47468,332,47800,669
2020-12-11,San Benito,069,59416,2637,2319,19,2338,19
2020-12-11,San Bernardino,071,2135413,147037,123092,3487,126579,1313
2020-12-11,San Diego,073,3302833,116370,102468,4928,107396,1137
2020-12-11,San Francisco,075,870044,19607,18246,163,18409,165
2020-12-11,San Joaquin,077,732212,36326,32044,917,32961,534
2020-12-11,San Luis Obispo,079,281455,8506,7415,174,7589,49
2020-12-11,San Mateo,081,765935,20040,17240,34,17274,177
2020-12-11,Santa Barbara,083,443738,14189,12997,315,13312,144
2020-12-11,Santa Clara,085,1922200,52987,45101,189,45290,494
2020-12-11,Santa Cruz,087,273765,6816,5764,134,5898,50
2020-12-11,Shasta,089,179085,7145,6459,436,6895,54
2020-12-11,Sierra,091,2930,23,19,0,19,0
2020-12-11,Siskiyou,093,43540,879,753,66,819,2
2020-12-11,Solano,095,438530,14477,12554,134,12688,92
2020-12-11,Sonoma,097,501317,15860,14298,93,14391,166
2020-12-11,Stanislaus,099,539301,28680,25928,2178,28106,464
2020-12-11,Sutter,101,95872,5271,4600,27,4627,30
2020-12-11,Tehama,103,63373,2453,2232,146,2378,9
2020-12-11,Trinity,105,12862,360,204,47,251,1
2020-12-11,Tulare,107,460477,27959,24953,2513,27466,338
2020-12-11,Tuolumne,109,53932,1958,1510,8,1518,8
2020-12-11,Ventura,111,848112,29442,24999,1009,26008,202
2020-12-11,Yolo,113,214977,6810,6006,32,6038,95
2020-12-11,Yuba,115,75493,2987,2649,25,2674,10
2020-12-10,Alameda,001,1643700,40364,35686,584,36270,477
2020-12-10,Alpine,003,1148,65,63,0,63,0
2020-12-10,Amador,005,37829,1689,1191,8,1199,18
2020-12-10,Butte,007,227075,5708,4863,459,5322,72
2020-12-10,Calaveras,009,45235,771,684,0,684,21
2020-12-10,Colusa,011,21464,1036,909,28,937,7
2020-12-10,Contra Costa,013,1133247,31822,28413,282,28695,276
2020-12-10,Del Norte,015,27424,582,501,0,501,1
2020-12-10,El Dorado,017,186661,4485,3557,96,3653,9
2020-12-10,Fresno,019,978130,54223,42461,2724,45185,540
2020-12-10,Glenn,021,27897,1245,1126,121,1247,8
2020-12-10,Humboldt,023,135768,1337,1140,4,1144,9
2020-12-10,Imperial,025,180216,20146,18333,296,18629,370
2020-12-10,Inyo,027,18085,441,365,6,371,15
2020-12-10,Kern,029,883053,52772,47176,2881,50057,499
2020-12-10,Kings,031,150075,13924,12993,334,13327,92
2020-12-10,Lake,033,64148,1390,1167,0,1167,21
2020-12-10,Lassen,035,31185,3420,2764,17,2781,0
2020-12-10,Los Angeles,037,10098052,540206,480354,11108,491462,8149
2020-12-10,Madera,039,155013,8398,7445,253,7698,59
2020-12-10,Marin,041,260295,8604,8245,50,8295,140
2020-12-10,Mariposa,043,17540,185,160,2,162,3
2020-12-10,Mendocino,045,87422,1961,1748,17,1765,24
2020-12-10,Merced,047,269075,15229,13756,215,13971,186
2020-12-10,Modoc,049,8938,186,165,52,217,0
2020-12-10,Mono,051,14174,719,601,12,613,3
2020-12-10,Monterey,053,433212,21126,18266,420,18686,145
2020-12-10,Napa,055,140530,4541,3974,23,3997,22
2020-12-10,Nevada,057,99092,2209,1919,60,1979,10
2020-12-10,Orange,059,3164182,112907,95297,3745,99042,1651
2020-12-10,Placer,061,380077,10857,8906,306,9212,90
2020-12-10,Plumas,063,18699,355,281,8,289,0
2020-12-10,Riverside,065,2383286,129983,112794,4195,116989,1552
2020-12-10,Sacramento,067,1510023,51700,46471,311,46782,664
2020-12-10,San Benito,069,59416,2577,2268,18,2286,19
2020-12-10,San Bernardino,071,2135413,142806,120186,3313,123499,1306
2020-12-10,San Diego,073,3302833,113845,99601,4779,104380,1114
2020-12-10,San Francisco,075,870044,19295,17945,155,18100,164
2020-12-10,San Joaquin,077,732212,35691,31228,887,32115,534
2020-12-10,San Luis Obispo,079,281455,8342,7245,163,7408,49
2020-12-10,San Mateo,081,765935,19595,16701,24,16725,177
2020-12-10,Santa Barbara,083,443738,14012,12788,306,13094,143
2020-12-10,Santa Clara,085,1922200,51849,43939,174,44113,491
2020-12-10,Santa Cruz,087,273765,6648,5645,121,5766,48
2020-12-10,Shasta,089,179085,7077,6312,411,6723,53
2020-12-10,Sierra,091,2930,23,18,0,18,0
2020-12-10,Siskiyou,093,43540,869,712,65,777,2
2020-12-10,Solano,095,438530,14110,12017,128,12145,90
2020-12-10,Sonoma,097,501317,15605,14282,91,14373,167
2020-12-10,Stanislaus,099,539301,28216,25582,2109,27691,464
2020-12-10,Sutter,101,95872,5141,4528,25,4553,27
2020-12-10,Tehama,103,63373,2410,2190,136,2326,9
2020-12-10,Trinity,105,12862,356,202,45,247,1
2020-12-10,Tulare,107,460477,27505,24506,2447,26953,337
2020-12-10,Tuolumne,109,53932,1717,1451,8,1459,8
2020-12-10,Ventura,111,848112,28591,24075,965,25040,202
2020-12-10,Yolo,113,214977,6690,5896,31,5927,95
2020-12-10,Yuba,115,75493,2923,2604,24,2628,10
2020-12-09,Alameda,001,1643700,39520,35047,562,35609,470
2020-12-09,Alpine,003,1148,65,58,0,58,0
2020-12-09,Amador,005,37829,1646,1121,8,1129,19
2020-12-09,Butte,007,227075,5565,4733,439,5172,70
2020-12-09,Calaveras,009,45235,744,670,0,670,21
2020-12-09,Colusa,011,21464,1021,896,27,923,7
2020-12-09,Contra Costa,013,1133247,31116,28308,271,28579,273
2020-12-09,Del Norte,015,27424,569,481,0,481,2
2020-12-09,El Dorado,017,186661,4350,3449,88,3537,8
2020-12-09,Fresno,019,978130,53221,41954,2570,44524,533
2020-12-09,Glenn,021,27897,1231,1107,115,1222,8
2020-12-09,Humboldt,023,135768,1305,1086,4,1090,10
2020-12-09,Imperial,025,180216,19891,17757,259,18016,368
2020-12-09,Inyo,027,18085,428,356,6,362,15
2020-12-09,Kern,029,883053,51613,46379,2739,49118,494
2020-12-09,Kings,031,150075,13779,12716,326,13042,92
2020-12-09,Lake,033,64148,1363,1158,0,1158,20
2020-12-09,Lassen,035,31185,3351,2331,15,2346,0
2020-12-09,Los Angeles,037,10098052,526733,467971,10558,478529,8075
2020-12-09,Madera,039,155013,8285,7216,250,7466,59
2020-12-09,Marin,041,260295,8542,8182,49,8231,138
2020-12-09,Mariposa,043,17540,183,154,2,156,3
2020-12-09,Mendocino,045,87422,1935,1703,16,1719,24
2020-12-09,Merced,047,269075,14989,13588,208,13796,183
2020-12-09,Modoc,049,8938,181,146,43,189,0
2020-12-09,Mono,051,14174,707,601,12,613,3
2020-12-09,Monterey,053,433212,20726,17891,412,18303,143
2020-12-09,Napa,055,140530,4455,3858,22,3880,21
2020-12-09,Nevada,057,99092,2156,1864,60,1924,10
2020-12-09,Orange,059,3164182,109816,93763,3573,97336,1629
2020-12-09,Placer,061,380077,10595,8588,292,8880,85
2020-12-09,Plumas,063,18699,347,271,8,279,0
2020-12-09,Riverside,065,2383286,126285,110376,3988,114364,1543
2020-12-09,Sacramento,067,1510023,50637,45284,284,45568,659
2020-12-09,San Benito,069,59416,2504,2217,16,2233,19
2020-12-09,San Bernardino,071,2135413,138527,114516,3120,117636,1305
2020-12-09,San Diego,073,3302833,110865,97551,4640,102191,1103
2020-12-09,San Francisco,075,870044,18994,17628,154,17782,163
2020-12-09,San Joaquin,077,732212,34873,30539,862,31401,531
2020-12-09,San Luis Obispo,079,281455,8123,7105,155,7260,47
2020-12-09,San Mateo,081,765935,19144,16422,23,16445,175
2020-12-09,Santa Barbara,083,443738,13811,12630,296,12926,142
2020-12-09,Santa Clara,085,1922200,50701,42912,158,43070,489
2020-12-09,Santa Cruz,087,273765,6489,5527,106,5633,47
2020-12-09,Shasta,089,179085,7012,6105,396,6501,52
2020-12-09,Sierra,091,2930,23,18,0,18,0
2020-12-09,Siskiyou,093,43540,858,713,64,777,2
2020-12-09,Solano,095,438530,13762,11862,120,11982,90
2020-12-09,Sonoma,097,501317,15349,13994,88,14082,164
2020-12-09,Stanislaus,099,539301,27719,25157,2049,27206,463
2020-12-09,Sutter,101,95872,5023,4418,21,4439,24
2020-12-09,Tehama,103,63373,2374,2102,132,2234,9
2020-12-09,Trinity,105,12862,348,199,42,241,0
2020-12-09,Tulare,107,460477,26909,24124,2369,26493,334
2020-12-09,Tuolumne,109,53932,1684,1319,8,1327,8
2020-12-09,Ventura,111,848112,27728,23830,923,24753,201
2020-12-09,Yolo,113,214977,6566,5760,29,5789,95
2020-12-09,Yuba,115,75493,2855,2513,23,2536,10
2020-12-08,Alameda,001,1643700,38620,34373,546,34919,469
2020-12-08,Alpine,003,1148,64,53,0,53,0
2020-12-08,Amador,005,37829,1360,1043,8,1051,17
2020-12-08,Butte,007,227075,5406,4651,398,5049,70
2020-12-08,Calaveras,009,45235,720,657,0,657,21
2020-12-08,Colusa,011,21464,1005,875,26,901,6
2020-12-08,Contra Costa,013,1133247,30413,27926,254,28180,270
2020-12-08,Del Norte,015,27424,553,465,0,465,2
2020-12-08,El Dorado,017,186661,4226,3296,75,3371,8
2020-12-08,Fresno,019,978130,51958,41574,2412,43986,529
2020-12-08,Glenn,021,27897,1211,1094,107,1201,8
2020-12-08,Humboldt,023,135768,1279,1059,4,1063,10
2020-12-08,Imperial,025,180216,19374,17568,250,17818,363
2020-12-08,Inyo,027,18085,405,333,6,339,15
2020-12-08,Kern,029,883053,50319,45116,2582,47698,487
2020-12-08,Kings,031,150075,13625,12623,317,12940,90
2020-12-08,Lake,033,64148,1322,1127,0,1127,20
2020-12-08,Lassen,035,31185,3195,2165,15,2180,0
2020-12-08,Los Angeles,037,10098052,514049,459738,10074,469812,8004
2020-12-08,Madera,039,155013,8154,7082,237,7319,59
2020-12-08,Marin,041,260295,8462,8099,48,8147,137
2020-12-08,Mariposa,043,17540,179,150,2,152,2
2020-12-08,Mendocino,045,87422,1894,1666,16,1682,23
2020-12-08,Merced,047,269075,14679,13380,207,13587,181
2020-12-08,Modoc,049,8938,173,138,40,178,0
2020-12-08,Mono,051,14174,693,597,12,609,3
2020-12-08,Monterey,053,433212,20153,17752,405,18157,134
2020-12-08,Napa,055,140530,4368,3778,21,3799,22
2020-12-08,Nevada,057,99092,2102,1809,57,1866,11
2020-12-08,Orange,059,3164182,106595,91406,3408,94814,1629
2020-12-08,Placer,061,380077,10327,8224,287,8511,82
2020-12-08,Plumas,063,18699,337,258,8,266,0
2020-12-08,Riverside,065,2383286,122923,107620,3808,111428,1514
2020-12-08,Sacramento,067,1510023,49573,44635,268,44903,649
2020-12-08,San Benito,069,59416,2451,2180,16,2196,18
2020-12-08,San Bernardino,071,2135413,134179,110676,2994,113670,1301
2020-12-08,San Diego,073,3302833,107494,95447,4483,99930,1088
2020-12-08,San Francisco,075,870044,18684,17384,152,17536,162
2020-12-08,San Joaquin,077,732212,33978,30225,829,31054,530
2020-12-08,San Luis Obispo,079,281455,7994,6903,144,7047,45
2020-12-08,San Mateo,081,765935,18744,16305,23,16328,175
2020-12-08,Santa Barbara,083,443738,13626,12516,287,12803,141
2020-12-08,Santa Clara,085,1922200,49394,41309,149,41458,484
2020-12-08,Santa Cruz,087,273765,6311,5374,104,5478,45
2020-12-08,Shasta,089,179085,6903,5946,388,6334,50
2020-12-08,Sierra,091,2930,22,18,0,18,0
2020-12-08,Siskiyou,093,43540,844,704,62,766,2
2020-12-08,Solano,095,438530,13360,11669,118,11787,89
2020-12-08,Sonoma,097,501317,15090,13601,87,13688,164
2020-12-08,Stanislaus,099,539301,27228,24793,1986,26779,461
2020-12-08,Sutter,101,95872,4927,4342,20,4362,24
2020-12-08,Tehama,103,63373,2294,2057,124,2181,9
2020-12-08,Trinity,105,12862,339,198,41,239,0
2020-12-08,Tulare,107,460477,26305,23607,2307,25914,330
2020-12-08,Tuolumne,109,53932,1660,1264,8,1272,7
2020-12-08,Ventura,111,848112,27065,23665,880,24545,195
2020-12-08,Yolo,113,214977,6435,5560,29,5589,90
2020-12-08,Yuba,115,75493,2778,2477,23,2500,10
2020-12-07,Alameda,001,1643700,37754,33887,511,34398,466
2020-12-07,Alpine,003,1148,63,53,0,53,0
2020-12-07,Amador,005,37829,1285,993,7,1000,17
2020-12-07,Butte,007,227075,5271,4604,376,4980,67
2020-12-07,Calaveras,009,45235,688,606,0,606,21
2020-12-07,Colusa,011,21464,980,825,24,849,6
2020-12-07,Contra Costa,013,1133247,29799,27307,241,27548,270
2020-12-07,Del Norte,015,27424,541,424,0,424,2
2020-12-07,El Dorado,017,186661,4047,3275,68,3343,8
2020-12-07,Fresno,019,978130,50484,41098,2290,43388,526
2020-12-07,Glenn,021,27897,1192,1085,101,1186,8
2020-12-07,Humboldt,023,135768,1244,1023,4,1027,9
2020-12-07,Imperial,025,180216,18952,17234,236,17470,364
2020-12-07,Inyo,027,18085,390,333,6,339,15
2020-12-07,Kern,029,883053,49294,44409,2446,46855,486
2020-12-07,Kings,031,150075,13482,12412,307,12719,90
2020-12-07,Lake,033,64148,1293,1090,0,1090,20
2020-12-07,Lassen,035,31185,3098,2167,15,2182,0
2020-12-07,Los Angeles,037,10098052,500394,451052,9631,460683,7937
2020-12-07,Madera,039,155013,7889,6935,232,7167,59
2020-12-07,Marin,041,260295,8404,8049,47,8096,136
2020-12-07,Mariposa,043,17540,176,146,2,148,2
2020-12-07,Mendocino,045,87422,1858,1638,14,1652,23
2020-12-07,Merced,047,269075,14320,13250,197,13447,179
2020-12-07,Modoc,049,8938,166,128,37,165,0
2020-12-07,Mono,051,14174,680,590,12,602,3
2020-12-07,Monterey,053,433212,19672,17746,393,18139,132
2020-12-07,Napa,055,140530,4277,3684,21,3705,21
2020-12-07,Nevada,057,99092,2053,1777,56,1833,11
2020-12-07,Orange,059,3164182,103333,89793,3289,93082,1628
2020-12-07,Placer,061,380077,10000,7911,273,8184,82
2020-12-07,Plumas,063,18699,325,256,5,261,0
2020-12-07,Riverside,065,2383286,119724,102363,3625,105988,1491
2020-12-07,Sacramento,067,1510023,48478,43419,250,43669,638
2020-12-07,San Benito,069,59416,2400,2165,15,2180,18
2020-12-07,San Bernardino,071,2135413,130230,108161,2875,111036,1295
2020-12-07,San Diego,073,3302833,104705,94171,4302,98473,1062
2020-12-07,San Francisco,075,870044,18393,17220,145,17365,161
2020-12-07,San Joaquin,077,732212,33103,28188,802,28990,530
2020-12-07,San Luis Obispo,079,281455,7812,6782,137,6919,45
2020-12-07,San Mateo,081,765935,18303,16029,22,16051,175
2020-12-07,Santa Barbara,083,443738,13385,12362,277,12639,141
2020-12-07,Santa Clara,085,1922200,48006,40621,140,40761,484
2020-12-07,Santa Cruz,087,273765,6144,5152,99,5251,41
2020-12-07,Shasta,089,179085,6779,5742,373,6115,50
2020-12-07,Sierra,091,2930,20,18,0,18,0
2020-12-07,Siskiyou,093,43540,817,652,62,714,2
2020-12-07,Solano,095,438530,13020,11354,114,11468,89
2020-12-07,Sonoma,097,501317,14805,13376,87,13463,164
2020-12-07,Stanislaus,099,539301,26670,24479,1934,26413,454
2020-12-07,Sutter,101,95872,4786,4106,20,4126,24
2020-12-07,Tehama,103,63373,2240,2030,119,2149,9
2020-12-07,Trinity,105,12862,335,194,41,235,0
2020-12-07,Tulare,107,460477,25770,22760,2250,25010,328
2020-12-07,Tuolumne,109,53932,1575,1256,7,1263,7
2020-12-07,Ventura,111,848112,26478,23354,844,24198,191
2020-12-07,Yolo,113,214977,6271,5537,28,5565,90
2020-12-07,Yuba,115,75493,2710,2428,21,2449,10
2020-12-06,Alameda,001,1643700,36767,33477,491,33968,465
2020-12-06,Alpine,003,1148,59,53,0,53,0
2020-12-06,Amador,005,37829,1222,952,6,958,17
2020-12-06,Butte,007,227075,5118,4527,342,4869,67
2020-12-06,Calaveras,009,45235,669,606,0,606,21
2020-12-06,Colusa,011,21464,963,824,21,845,6
2020-12-06,Contra Costa,013,1133247,29193,26566,234,26800,270
2020-12-06,Del Norte,015,27424,486,414,0,414,2
2020-12-06,El Dorado,017,186661,3910,3086,63,3149,8
2020-12-06,Fresno,019,978130,49529,40869,2173,43042,526
2020-12-06,Glenn,021,27897,1182,1067,97,1164,8
2020-12-06,Humboldt,023,135768,1219,1004,4,1008,9
2020-12-06,Imperial,025,180216,18641,16922,226,17148,364
2020-12-06,Inyo,027,18085,377,333,6,339,15
2020-12-06,Kern,029,883053,48305,43899,2276,46175,486
2020-12-06,Kings,031,150075,13210,12056,290,12346,90
2020-12-06,Lake,033,64148,1255,1075,0,1075,20
2020-12-06,Lassen,035,31185,2993,2168,13,2181,0
2020-12-06,Los Angeles,037,10098052,486812,443230,9184,452414,7910
2020-12-06,Madera,039,155013,7718,6826,224,7050,59
2020-12-06,Marin,041,260295,8323,8013,45,8058,136
2020-12-06,Mariposa,043,17540,175,144,2,146,2
2020-12-06,Mendocino,045,87422,1818,1614,14,1628,23
2020-12-06,Merced,047,269075,13985,12928,188,13116,179
2020-12-06,Modoc,049,8938,153,125,29,154,0
2020-12-06,Mono,051,14174,658,586,10,596,3
2020-12-06,Monterey,053,433212,19053,17426,383,17809,130
2020-12-06,Napa,055,140530,4165,3644,21,3665,21
2020-12-06,Nevada,057,99092,1994,1710,53,1763,10
2020-12-06,Orange,059,3164182,100267,87737,3159,90896,1627
2020-12-06,Placer,061,380077,9719,7837,252,8089,82
2020-12-06,Plumas,063,18699,312,254,4,258,0
2020-12-06,Riverside,065,2383286,116630,100088,3401,103489,1482
2020-12-06,Sacramento,067,1510023,47238,42808,234,43042,638
2020-12-06,San Benito,069,59416,2363,2135,15,2150,18
2020-12-06,San Bernardino,071,2135413,126087,106927,2718,109645,1286
2020-12-06,San Diego,073,3302833,101673,92173,4148,96321,1062
2020-12-06,San Francisco,075,870044,18071,17107,137,17244,161
2020-12-06,San Joaquin,077,732212,32269,28188,773,28961,530
2020-12-06,San Luis Obispo,079,281455,7646,6723,132,6855,45
2020-12-06,San Mateo,081,765935,17798,15855,19,15874,175
2020-12-06,Santa Barbara,083,443738,13154,12252,268,12520,141
2020-12-06,Santa Clara,085,1922200,46630,39112,134,39246,482
2020-12-06,Santa Cruz,087,273765,5970,5069,93,5162,40
2020-12-06,Shasta,089,179085,6638,5743,351,6094,49
2020-12-06,Sierra,091,2930,20,17,0,17,0
2020-12-06,Siskiyou,093,43540,799,652,60,712,2
2020-12-06,Solano,095,438530,12733,11354,104,11458,88
2020-12-06,Sonoma,097,501317,14516,13238,86,13324,164
2020-12-06,Stanislaus,099,539301,26119,24036,1870,25906,454
2020-12-06,Sutter,101,95872,4670,4009,19,4028,21
2020-12-06,Tehama,103,63373,2181,1982,111,2093,9
2020-12-06,Trinity,105,12862,328,181,39,220,0
2020-12-06,Tulare,107,460477,25243,22756,2182,24938,327
2020-12-06,Tuolumne,109,53932,1479,1210,7,1217,7
2020-12-06,Ventura,111,848112,25936,23035,817,23852,191
2020-12-06,Yolo,113,214977,6110,5465,23,5488,90
2020-12-06,Yuba,115,75493,2666,2340,20,2360,10
2020-12-05,Alameda,001,1643700,36407,32781,480,33261,465
2020-12-05,Alpine,003,1148,58,53,0,53,0
2020-12-05,Amador,005,37829,1198,847,6,853,17
2020-12-05,Butte,007,227075,5050,4455,323,4778,66
2020-12-05,Calaveras,009,45235,657,606,0,606,21
2020-12-05,Colusa,011,21464,945,825,18,843,6
2020-12-05,Contra Costa,013,1133247,28901,26217,227,26444,270
2020-12-05,Del Norte,015,27424,480,408,0,408,2
2020-12-05,El Dorado,017,186661,3845,3061,58,3119,8
2020-12-05,Fresno,019,978130,49210,40568,2118,42686,525
2020-12-05,Glenn,021,27897,1169,1056,91,1147,8
2020-12-05,Humboldt,023,135768,1186,979,4,983,9
2020-12-05,Imperial,025,180216,18475,16544,224,16768,362
2020-12-05,Inyo,027,18085,372,332,6,338,15
2020-12-05,Kern,029,883053,47841,43332,2190,45522,484
2020-12-05,Kings,031,150075,13129,11898,287,12185,90
2020-12-05,Lake,033,64148,1230,1069,0,1069,20
2020-12-05,Lassen,035,31185,2802,2168,11,2179,0
2020-12-05,Los Angeles,037,10098052,481015,433120,8864,441984,7888
2020-12-05,Madera,039,155013,7625,6619,217,6836,59
2020-12-05,Marin,041,260295,8296,7961,45,8006,136
2020-12-05,Mariposa,043,17540,170,143,2,145,2
2020-12-05,Mendocino,045,87422,1779,1585,14,1599,23
2020-12-05,Merced,047,269075,13878,12747,177,12924,180
2020-12-05,Modoc,049,8938,153,118,28,146,0
2020-12-05,Mono,051,14174,653,554,10,564,3
2020-12-05,Monterey,053,433212,18907,17077,379,17456,127
2020-12-05,Napa,055,140530,4094,3565,21,3586,21
2020-12-05,Nevada,057,99092,1979,1642,51,1693,10
2020-12-05,Orange,059,3164182,98809,85735,3063,88798,1612
2020-12-05,Placer,061,380077,9599,7811,243,8054,78
2020-12-05,Plumas,063,18699,305,246,1,247,0
2020-12-05,Riverside,065,2383286,115018,98612,3223,101835,1477
2020-12-05,Sacramento,067,1510023,46570,41878,219,42097,625
2020-12-05,San Benito,069,59416,2319,2073,15,2088,18
2020-12-05,San Bernardino,071,2135413,124564,105382,2588,107970,1283
2020-12-05,San Diego,073,3302833,100322,90470,4067,94537,1055
2020-12-05,San Francisco,075,870044,17887,16786,133,16919,161
2020-12-05,San Joaquin,077,732212,32005,28105,740,28845,523
2020-12-05,San Luis Obispo,079,281455,7579,6623,129,6752,44
2020-12-05,San Mateo,081,765935,17541,15512,19,15531,175
2020-12-05,Santa Barbara,083,443738,13054,12107,262,12369,141
2020-12-05,Santa Clara,085,1922200,45892,38339,129,38468,474
2020-12-05,Santa Cruz,087,273765,5896,4997,91,5088,40
2020-12-05,Shasta,089,179085,6577,5653,340,5993,49
2020-12-05,Sierra,091,2930,20,17,0,17,0
2020-12-05,Siskiyou,093,43540,791,649,59,708,2
2020-12-05,Solano,095,438530,12564,11351,102,11453,87
2020-12-05,Sonoma,097,501317,14420,13137,86,13223,164
2020-12-05,Stanislaus,099,539301,25807,23662,1835,25497,454
2020-12-05,Sutter,101,95872,4603,3937,19,3956,20
2020-12-05,Tehama,103,63373,2165,1926,109,2035,9
2020-12-05,Trinity,105,12862,327,177,39,216,0
2020-12-05,Tulare,107,460477,25027,22660,2124,24784,324
2020-12-05,Tuolumne,109,53932,1422,1180,7,1187,7
2020-12-05,Ventura,111,848112,25565,22710,803,23513,191
2020-12-05,Yolo,113,214977,6033,5351,22,5373,90
2020-12-05,Yuba,115,75493,2629,2275,20,2295,10
2020-12-04,Alameda,001,1643700,35858,31871,467,32338,465
2020-12-04,Alpine,003,1148,58,53,0,53,0
2020-12-04,Amador,005,37829,1184,766,3,769,16
2020-12-04,Butte,007,227075,4978,4336,303,4639,65
2020-12-04,Calaveras,009,45235,652,585,0,585,21
2020-12-04,Colusa,011,21464,931,790,17,807,6
2020-12-04,Contra Costa,013,1133247,28556,25705,215,25920,264
2020-12-04,Del Norte,015,27424,469,401,0,401,2
2020-12-04,El Dorado,017,186661,3757,2933,55,2988,7
2020-12-04,Fresno,019,978130,48501,40108,2050,42158,522
2020-12-04,Glenn,021,27897,1163,1017,83,1100,8
2020-12-04,Humboldt,023,135768,1168,960,4,964,9
2020-12-04,Imperial,025,180216,18233,16484,224,16708,362
2020-12-04,Inyo,027,18085,364,324,6,330,15
2020-12-04,Kern,029,883053,47290,42497,2087,44584,485
2020-12-04,Kings,031,150075,13036,11767,281,12048,88
2020-12-04,Lake,033,64148,1202,1018,0,1018,20
2020-12-04,Lassen,035,31185,2795,2167,10,2177,0
2020-12-04,Los Angeles,037,10098052,472404,424164,8565,432729,7845
2020-12-04,Madera,039,155013,7534,6479,214,6693,58
2020-12-04,Marin,041,260295,8245,7896,43,7939,136
2020-12-04,Mariposa,043,17540,170,136,2,138,2
2020-12-04,Mendocino,045,87422,1760,1563,13,1576,23
2020-12-04,Merced,047,269075,13763,12474,169,12643,177
2020-12-04,Modoc,049,8938,153,115,28,143,0
2020-12-04,Mono,051,14174,648,549,10,559,3
2020-12-04,Monterey,053,433212,18697,16737,370,17107,127
2020-12-04,Napa,055,140530,4040,3432,21,3453,19
2020-12-04,Nevada,057,99092,1954,1560,48,1608,10
2020-12-04,Orange,059,3164182,96888,83738,2998,86736,1597
2020-12-04,Placer,061,380077,9474,7461,229,7690,76
2020-12-04,Plumas,063,18699,298,232,0,232,0
2020-12-04,Riverside,065,2383286,112819,95255,3066,98321,1475
2020-12-04,Sacramento,067,1510023,45805,41061,202,41263,618
2020-12-04,San Benito,069,59416,2286,2006,15,2021,17
2020-12-04,San Bernardino,071,2135413,122294,102418,2480,104898,1290
2020-12-04,San Diego,073,3302833,98838,88183,3980,92163,1047
2020-12-04,San Francisco,075,870044,17696,16499,133,16632,161
2020-12-04,San Joaquin,077,732212,31568,27806,703,28509,522
2020-12-04,San Luis Obispo,079,281455,7494,6473,126,6599,42
2020-12-04,San Mateo,081,765935,17253,15112,18,15130,173
2020-12-04,Santa Barbara,083,443738,12947,11947,255,12202,141
2020-12-04,Santa Clara,085,1922200,44972,37465,123,37588,468
2020-12-04,Santa Cruz,087,273765,5809,4985,89,5074,32
2020-12-04,Shasta,089,179085,6489,5439,330,5769,49
2020-12-04,Sierra,091,2930,19,17,0,17,0
2020-12-04,Siskiyou,093,43540,784,639,56,695,2
2020-12-04,Solano,095,438530,12418,11037,99,11136,87
2020-12-04,Sonoma,097,501317,14272,12962,85,13047,164
2020-12-04,Stanislaus,099,539301,25537,23206,1790,24996,448
2020-12-04,Sutter,101,95872,4530,3791,14,3805,20
2020-12-04,Tehama,103,63373,2125,1876,104,1980,9
2020-12-04,Trinity,105,12862,325,172,39,211,0
2020-12-04,Tulare,107,460477,24744,22273,2052,24325,322
2020-12-04,Tuolumne,109,53932,1391,1134,7,1141,7
2020-12-04,Ventura,111,848112,25188,22024,786,22810,189
2020-12-04,Yolo,113,214977,5959,5294,21,5315,87
2020-12-04,Yuba,115,75493,2586,2225,19,2244,10
2020-12-03,Alameda,001,1643700,35096,31184,448,31632,465
2020-12-03,Alpine,003,1148,57,53,0,53,0
2020-12-03,Amador,005,37829,1133,653,3,656,16
2020-12-03,Butte,007,227075,4882,4305,284,4589,65
2020-12-03,Calaveras,009,45235,633,572,0,572,21
2020-12-03,Colusa,011,21464,918,774,17,791,6
2020-12-03,Contra Costa,013,1133247,28056,25464,208,25672,265
2020-12-03,Del Norte,015,27424,465,388,0,388,2
2020-12-03,El Dorado,017,186661,3631,2740,53,2793,6
2020-12-03,Fresno,019,978130,47748,39680,1978,41658,516
2020-12-03,Glenn,021,27897,1145,997,75,1072,8
2020-12-03,Humboldt,023,135768,1138,923,4,927,9
2020-12-03,Imperial,025,180216,18027,16436,213,16649,359
2020-12-03,Inyo,027,18085,361,321,6,327,15
2020-12-03,Kern,029,883053,46443,42062,1986,44048,483
2020-12-03,Kings,031,150075,12936,11658,269,11927,87
2020-12-03,Lake,033,64148,1187,991,0,991,20
2020-12-03,Lassen,035,31185,2755,2128,9,2137,0
2020-12-03,Los Angeles,037,10098052,462311,415805,8201,424006,7787
2020-12-03,Madera,039,155013,7411,6398,209,6607,58
2020-12-03,Marin,041,260295,8185,7861,39,7900,136
2020-12-03,Mariposa,043,17540,166,132,2,134,2
2020-12-03,Mendocino,045,87422,1743,1547,10,1557,23
2020-12-03,Merced,047,269075,13518,12310,161,12471,177
2020-12-03,Modoc,049,8938,151,114,28,142,0
2020-12-03,Mono,051,14174,626,527,10,537,3
2020-12-03,Monterey,053,433212,18235,16218,359,16577,125
2020-12-03,Napa,055,140530,3926,3360,21,3381,19
2020-12-03,Nevada,057,99092,1876,1472,47,1519,10
2020-12-03,Orange,059,3164182,94355,82187,2928,85115,1591
2020-12-03,Placer,061,380077,9272,7270,213,7483,73
2020-12-03,Plumas,063,18699,284,223,0,223,0
2020-12-03,Riverside,065,2383286,110056,92489,2904,95393,1461
2020-12-03,Sacramento,067,1510023,44745,40280,187,40467,614
2020-12-03,San Benito,069,59416,2240,1967,15,1982,16
2020-12-03,San Bernardino,071,2135413,118971,100787,2396,103183,1283
2020-12-03,San Diego,073,3302833,97023,86144,3862,90006,1040
2020-12-03,San Francisco,075,870044,17474,16236,132,16368,161
2020-12-03,San Joaquin,077,732212,30845,27239,656,27895,522
2020-12-03,San Luis Obispo,079,281455,7326,6388,125,6513,42
2020-12-03,San Mateo,081,765935,16900,14909,18,14927,173
2020-12-03,Santa Barbara,083,443738,12818,11829,249,12078,141
2020-12-03,Santa Clara,085,1922200,43776,36621,117,36738,465
2020-12-03,Santa Cruz,087,273765,5666,4850,85,4935,28
2020-12-03,Shasta,089,179085,6380,5330,323,5653,48
2020-12-03,Sierra,091,2930,19,17,0,17,0
2020-12-03,Siskiyou,093,43540,769,629,53,682,2
2020-12-03,Solano,095,438530,12204,10857,96,10953,87
2020-12-03,Sonoma,097,501317,14029,12772,84,12856,164
2020-12-03,Stanislaus,099,539301,25128,22821,1742,24563,447
2020-12-03,Sutter,101,95872,4447,3727,14,3741,20
2020-12-03,Tehama,103,63373,2072,1832,95,1927,9
2020-12-03,Trinity,105,12862,322,166,39,205,0
2020-12-03,Tulare,107,460477,24345,21993,1959,23952,321
2020-12-03,Tuolumne,109,53932,1349,1105,7,1112,7
2020-12-03,Ventura,111,848112,24485,21555,773,22328,187
2020-12-03,Yolo,113,214977,5821,5069,21,5090,87
2020-12-03,Yuba,115,75493,2516,2182,18,2200,10
2020-12-02,Alameda,001,1643700,34470,30697,438,31135,463
2020-12-02,Alpine,003,1148,56,52,0,52,0
2020-12-02,Amador,005,37829,1061,585,3,588,16
2020-12-02,Butte,007,227075,4759,4243,274,4517,65
2020-12-02,Calaveras,009,45235,617,553,0,553,21
2020-12-02,Colusa,011,21464,902,756,16,772,6
2020-12-02,Contra Costa,013,1133247,27596,25147,196,25343,264
2020-12-02,Del Norte,015,27424,451,384,0,384,2
2020-12-02,El Dorado,017,186661,3529,2638,49,2687,5
2020-12-02,Fresno,019,978130,46992,39324,1877,41201,507
2020-12-02,Glenn,021,27897,1128,995,67,1062,7
2020-12-02,Humboldt,023,135768,1112,899,4,903,9
2020-12-02,Imperial,025,180216,17603,16360,205,16565,356
2020-12-02,Inyo,027,18085,354,314,6,320,15
2020-12-02,Kern,029,883053,45546,41660,1889,43549,479
2020-12-02,Kings,031,150075,12583,11531,255,11786,86
2020-12-02,Lake,033,64148,1157,971,0,971,20
2020-12-02,Lassen,035,31185,2696,2115,9,2124,0
2020-12-02,Los Angeles,037,10098052,452266,408289,7864,416153,7739
2020-12-02,Madera,039,155013,7287,6370,203,6573,57
2020-12-02,Marin,041,260295,8138,7819,37,7856,136
2020-12-02,Mariposa,043,17540,163,131,2,133,2
2020-12-02,Mendocino,045,87422,1710,1524,10,1534,23
2020-12-02,Merced,047,269075,13275,12168,154,12322,173
2020-12-02,Modoc,049,8938,148,113,28,141,0
2020-12-02,Mono,051,14174,617,520,10,530,3
2020-12-02,Monterey,053,433212,17755,16064,320,16384,121
2020-12-02,Napa,055,140530,3823,3298,20,3318,19
2020-12-02,Nevada,057,99092,1814,1430,46,1476,9
2020-12-02,Orange,059,3164182,92158,81046,2848,83894,1569
2020-12-02,Placer,061,380077,9040,6941,199,7140,73
2020-12-02,Plumas,063,18699,271,218,0,218,0
2020-12-02,Riverside,065,2383286,107336,90089,2723,92812,1451
2020-12-02,Sacramento,067,1510023,43705,39334,176,39510,597
2020-12-02,San Benito,069,59416,2175,1921,15,1936,16
2020-12-02,San Bernardino,071,2135413,115403,98567,2288,100855,1240
2020-12-02,San Diego,073,3302833,95107,84640,3747,88387,1035
2020-12-02,San Francisco,075,870044,17238,16058,130,16188,157
2020-12-02,San Joaquin,077,732212,30224,26740,632,27372,519
2020-12-02,San Luis Obispo,079,281455,7228,6324,123,6447,42
2020-12-02,San Mateo,081,765935,16537,14757,17,14774,170
2020-12-02,Santa Barbara,083,443738,12667,11705,237,11942,140
2020-12-02,Santa Clara,085,1922200,42662,35878,117,35995,458
2020-12-02,Santa Cruz,087,273765,5534,4766,82,4848,27
2020-12-02,Shasta,089,179085,6256,5188,306,5494,47
2020-12-02,Sierra,091,2930,19,17,0,17,0
2020-12-02,Siskiyou,093,43540,753,624,51,675,1
2020-12-02,Solano,095,438530,11958,10701,92,10793,87
2020-12-02,Sonoma,097,501317,13789,12635,83,12718,163
2020-12-02,Stanislaus,099,539301,24626,22615,1687,24302,448
2020-12-02,Sutter,101,95872,4286,3604,14,3618,18
2020-12-02,Tehama,103,63373,2028,1800,80,1880,9
2020-12-02,Trinity,105,12862,312,165,38,203,0
2020-12-02,Tulare,107,460477,23965,21789,1878,23667,321
2020-12-02,Tuolumne,109,53932,1308,1076,7,1083,7
2020-12-02,Ventura,111,848112,24074,21208,755,21963,186
2020-12-02,Yolo,113,214977,5710,5053,20,5073,87
2020-12-02,Yuba,115,75493,2439,2119,17,2136,10
2020-12-01,Alameda,001,1643700,33782,30252,428,30680,460
2020-12-01,Alpine,003,1148,56,41,0,41,0
2020-12-01,Amador,005,37829,914,575,2,577,16
2020-12-01,Butte,007,227075,4653,4177,260,4437,65
2020-12-01,Calaveras,009,45235,599,544,0,544,21
2020-12-01,Colusa,011,21464,885,747,16,763,6
2020-12-01,Contra Costa,013,1133247,27023,24788,188,24976,264
2020-12-01,Del Norte,015,27424,423,357,0,357,2
2020-12-01,El Dorado,017,186661,3384,2542,44,2586,4
2020-12-01,Fresno,019,978130,46090,39004,1799,40803,505
2020-12-01,Glenn,021,27897,1107,989,62,1051,7
2020-12-01,Humboldt,023,135768,1081,886,4,890,9
2020-12-01,Imperial,025,180216,17290,16278,201,16479,356
2020-12-01,Inyo,027,18085,347,304,6,310,15
2020-12-01,Kern,029,883053,44743,41345,1758,43103,478
2020-12-01,Kings,031,150075,12268,11415,241,11656,86
2020-12-01,Lake,033,64148,1139,969,0,969,19
2020-12-01,Lassen,035,31185,2530,2047,8,2055,0
2020-12-01,Los Angeles,037,10098052,441906,403266,7536,410802,7704
2020-12-01,Madera,039,155013,7170,6270,193,6463,57
2020-12-01,Marin,041,260295,8068,7787,36,7823,136
2020-12-01,Mariposa,043,17540,158,128,2,130,2
2020-12-01,Mendocino,045,87422,1676,1497,10,1507,23
2020-12-01,Merced,047,269075,13032,12032,145,12177,172
2020-12-01,Modoc,049,8938,143,113,24,137,0
2020-12-01,Mono,051,14174,604,520,10,530,3
2020-12-01,Monterey,053,433212,17248,15835,309,16144,121
2020-12-01,Napa,055,140530,3739,3124,19,3143,19
2020-12-01,Nevada,057,99092,1752,1411,45,1456,9
2020-12-01,Orange,059,3164182,90060,79468,2760,82228,1567
2020-12-01,Placer,061,380077,8716,6794,192,6986,72
2020-12-01,Plumas,063,18699,259,201,0,201,0
2020-12-01,Riverside,065,2383286,104528,88530,2561,91091,1448
2020-12-01,Sacramento,067,1510023,42657,38966,171,39137,589
2020-12-01,San Benito,069,59416,2120,1888,15,1903,15
2020-12-01,San Bernardino,071,2135413,111931,95854,2164,98018,1220
2020-12-01,San Diego,073,3302833,92850,83423,3637,87060,1019
2020-12-01,San Francisco,075,870044,16957,15797,126,15923,157
2020-12-01,San Joaquin,077,732212,29424,26432,610,27042,514
2020-12-01,San Luis Obispo,079,281455,7086,6264,118,6382,40
2020-12-01,San Mateo,081,765935,16212,14495,17,14512,170
2020-12-01,Santa Barbara,083,443738,12528,11611,227,11838,140
2020-12-01,Santa Clara,085,1922200,41405,35397,111,35508,452
2020-12-01,Santa Cruz,087,273765,5376,4638,74,4712,27
2020-12-01,Shasta,089,179085,6129,5077,286,5363,47
2020-12-01,Sierra,091,2930,19,17,0,17,0
2020-12-01,Siskiyou,093,43540,739,608,47,655,1
2020-12-01,Solano,095,438530,11698,10604,87,10691,87
2020-12-01,Sonoma,097,501317,13584,12491,80,12571,163
2020-12-01,Stanislaus,099,539301,24169,22351,1630,23981,447
2020-12-01,Sutter,101,95872,4145,3538,14,3552,17
2020-12-01,Tehama,103,63373,1965,1773,70,1843,9
2020-12-01,Trinity,105,12862,298,165,32,197,0
2020-12-01,Tulare,107,460477,23510,21645,1808,23453,319
2020-12-01,Tuolumne,109,53932,1272,1052,5,1057,7
2020-12-01,Ventura,111,848112,23461,20604,733,21337,186
2020-12-01,Yolo,113,214977,5569,4928,20,4948,86
2020-12-01,Yuba,115,75493,2373,2088,16,2104,10
2020-11-30,Alameda,001,1643700,32966,29972,411,30383,457
2020-11-30,Alpine,003,1148,54,41,0,41,0
2020-11-30,Amador,005,37829,873,559,2,561,16
2020-11-30,Butte,007,227075,4535,4148,244,4392,65
2020-11-30,Calaveras,009,45235,577,478,0,478,21
2020-11-30,Colusa,011,21464,858,737,12,749,6
2020-11-30,Contra Costa,013,1133247,26442,24365,184,24549,264
2020-11-30,Del Norte,015,27424,400,339,0,339,2
2020-11-30,El Dorado,017,186661,3210,2488,39,2527,4
2020-11-30,Fresno,019,978130,44979,38712,1685,40397,500
2020-11-30,Glenn,021,27897,1084,954,57,1011,5
2020-11-30,Humboldt,023,135768,1034,870,4,874,9
2020-11-30,Imperial,025,180216,17037,16212,180,16392,356
2020-11-30,Inyo,027,18085,342,304,5,309,15
2020-11-30,Kern,029,883053,43980,40941,1622,42563,473
2020-11-30,Kings,031,150075,12120,11346,226,11572,85
2020-11-30,Lake,033,64148,1108,939,0,939,18
2020-11-30,Lassen,035,31185,2437,1793,8,1801,0
2020-11-30,Los Angeles,037,10098052,431246,396202,7204,403406,7658
2020-11-30,Madera,039,155013,7004,6210,179,6389,57
2020-11-30,Marin,041,260295,8025,7764,35,7799,136
2020-11-30,Mariposa,043,17540,151,123,2,125,2
2020-11-30,Mendocino,045,87422,1648,1482,10,1492,23
2020-11-30,Merced,047,269075,12757,11913,134,12047,172
2020-11-30,Modoc,049,8938,133,113,24,137,0
2020-11-30,Mono,051,14174,582,519,10,529,3
2020-11-30,Monterey,053,433212,16817,15837,301,16138,119
2020-11-30,Napa,055,140530,3639,3091,19,3110,18
2020-11-30,Nevada,057,99092,1666,1347,42,1389,9
2020-11-30,Orange,059,3164182,87948,78711,2664,81375,1568
2020-11-30,Placer,061,380077,8421,6575,179,6754,72
2020-11-30,Plumas,063,18699,248,192,0,192,0
2020-11-30,Riverside,065,2383286,101534,87722,2414,90136,1446
2020-11-30,Sacramento,067,1510023,41577,37834,162,37996,586
2020-11-30,San Benito,069,59416,2073,1875,14,1889,15
2020-11-30,San Bernardino,071,2135413,108203,92704,2052,94756,1220
2020-11-30,San Diego,073,3302833,90487,82045,3510,85555,997
2020-11-30,San Francisco,075,870044,16657,15638,123,15761,157
2020-11-30,San Joaquin,077,732212,28718,25742,584,26326,509
2020-11-30,San Luis Obispo,079,281455,6951,6224,116,6340,36
2020-11-30,San Mateo,081,765935,15852,14276,17,14293,170
2020-11-30,Santa Barbara,083,443738,12350,11572,219,11791,140
2020-11-30,Santa Clara,085,1922200,40197,35019,110,35129,451
2020-11-30,Santa Cruz,087,273765,5238,4558,70,4628,26
2020-11-30,Shasta,089,179085,5984,4933,257,5190,44
2020-11-30,Sierra,091,2930,19,16,0,16,0
2020-11-30,Siskiyou,093,43540,730,605,43,648,1
2020-11-30,Solano,095,438530,11436,10392,82,10474,87
2020-11-30,Sonoma,097,501317,13339,12232,76,12308,163
2020-11-30,Stanislaus,099,539301,23707,22110,1586,23696,446
2020-11-30,Sutter,101,95872,3988,3430,13,3443,16
2020-11-30,Tehama,103,63373,1917,1724,64,1788,9
2020-11-30,Trinity,105,12862,292,162,32,194,0
2020-11-30,Tulare,107,460477,23123,20833,1713,22546,319
2020-11-30,Tuolumne,109,53932,1228,1027,5,1032,7
2020-11-30,Ventura,111,848112,22705,20308,717,21025,180
2020-11-30,Yolo,113,214977,5457,4894,20,4914,81
2020-11-30,Yuba,115,75493,2312,2028,14,2042,10
2020-11-29,Alameda,001,1643700,32181,29918,389,30307,457
2020-11-29,Alpine,003,1148,51,41,0,41,0
2020-11-29,Amador,005,37829,722,548,2,550,16
2020-11-29,Butte,007,227075,4433,4008,227,4235,65
2020-11-29,Calaveras,009,45235,545,478,0,478,21
2020-11-29,Colusa,011,21464,829,723,8,731,6
2020-11-29,Contra Costa,013,1133247,25939,24165,178,24343,264
2020-11-29,Del Norte,015,27424,394,339,0,339,2
2020-11-29,El Dorado,017,186661,3079,2447,38,2485,4
2020-11-29,Fresno,019,978130,44026,38568,1613,40181,500
2020-11-29,Glenn,021,27897,1061,951,55,1006,4
2020-11-29,Humboldt,023,135768,1005,856,4,860,9
2020-11-29,Imperial,025,180216,16808,16138,152,16290,356
2020-11-29,Inyo,027,18085,327,289,5,294,15
2020-11-29,Kern,029,883053,43217,40596,1474,42070,473
2020-11-29,Kings,031,150075,11970,11247,208,11455,85
2020-11-29,Lake,033,64148,1084,927,0,927,18
2020-11-29,Lassen,035,31185,2334,1793,8,1801,0
2020-11-29,Los Angeles,037,10098052,420855,391162,6905,398067,7642
2020-11-29,Madera,039,155013,6861,6184,173,6357,57
2020-11-29,Marin,041,260295,7959,7739,33,7772,135
2020-11-29,Mariposa,043,17540,147,123,2,125,2
2020-11-29,Mendocino,045,87422,1614,1473,10,1483,23
2020-11-29,Merced,047,269075,12518,11773,125,11898,172
2020-11-29,Modoc,049,8938,129,105,22,127,0
2020-11-29,Mono,051,14174,559,515,9,524,3
2020-11-29,Monterey,053,433212,16505,15621,294,15915,119
2020-11-29,Napa,055,140530,3534,3090,18,3108,18
2020-11-29,Nevada,057,99092,1585,1311,40,1351,9
2020-11-29,Orange,059,3164182,85928,78057,2617,80674,1567
2020-11-29,Placer,061,380077,8123,6535,167,6702,72
2020-11-29,Plumas,063,18699,243,191,0,191,0
2020-11-29,Riverside,065,2383286,99141,87383,2261,89644,1442
2020-11-29,Sacramento,067,1510023,40498,37415,153,37568,585
2020-11-29,San Benito,069,59416,2029,1860,14,1874,15
2020-11-29,San Bernardino,071,2135413,104854,92052,1936,93988,1223
2020-11-29,San Diego,073,3302833,88076,81086,3357,84443,997
2020-11-29,San Francisco,075,870044,16376,15571,116,15687,153
2020-11-29,San Joaquin,077,732212,27976,25740,578,26318,509
2020-11-29,San Luis Obispo,079,281455,6828,6145,116,6261,36
2020-11-29,San Mateo,081,765935,15519,14177,17,14194,169
2020-11-29,Santa Barbara,083,443738,12195,11520,215,11735,140
2020-11-29,Santa Clara,085,1922200,38991,34234,104,34338,451
2020-11-29,Santa Cruz,087,273765,5079,4490,68,4558,26
2020-11-29,Shasta,089,179085,5810,4935,229,5164,43
2020-11-29,Sierra,091,2930,19,16,0,16,0
2020-11-29,Siskiyou,093,43540,707,590,41,631,1
2020-11-29,Solano,095,438530,11204,10393,78,10471,87
2020-11-29,Sonoma,097,501317,13087,12052,72,12124,163
2020-11-29,Stanislaus,099,539301,23211,21701,1552,23253,446
2020-11-29,Sutter,101,95872,3870,3297,13,3310,16
2020-11-29,Tehama,103,63373,1867,1710,48,1758,9
2020-11-29,Trinity,105,12862,289,159,30,189,0
2020-11-29,Tulare,107,460477,22754,20793,1637,22430,319
2020-11-29,Tuolumne,109,53932,1191,988,5,993,7
2020-11-29,Ventura,111,848112,22020,19952,704,20656,179
2020-11-29,Yolo,113,214977,5319,4830,19,4849,80
2020-11-29,Yuba,115,75493,2256,1959,14,1973,10
2020-11-28,Alameda,001,1643700,31871,29368,384,29752,456
2020-11-28,Alpine,003,1148,51,41,0,41,0
2020-11-28,Amador,005,37829,645,536,2,538,16
2020-11-28,Butte,007,227075,4375,3894,223,4117,65
2020-11-28,Calaveras,009,45235,541,478,0,478,21
2020-11-28,Colusa,011,21464,820,711,6,717,6
2020-11-28,Contra Costa,013,1133247,25606,23798,174,23972,264
2020-11-28,Del Norte,015,27424,384,328,0,328,2
2020-11-28,El Dorado,017,186661,3011,2415,32,2447,4
2020-11-28,Fresno,019,978130,43678,38288,1574,39862,500
2020-11-28,Glenn,021,27897,1050,925,51,976,4
2020-11-28,Humboldt,023,135768,970,844,4,848,9
2020-11-28,Imperial,025,180216,16743,16019,150,16169,356
2020-11-28,Inyo,027,18085,319,289,5,294,15
2020-11-28,Kern,029,883053,42854,40255,1386,41641,473
2020-11-28,Kings,031,150075,11905,11070,201,11271,85
2020-11-28,Lake,033,64148,1069,920,0,920,18
2020-11-28,Lassen,035,31185,2267,1714,8,1722,0
2020-11-28,Los Angeles,037,10098052,415939,386194,6749,392943,7625
2020-11-28,Madera,039,155013,6759,6119,166,6285,57
2020-11-28,Marin,041,260295,7929,7696,29,7725,135
2020-11-28,Mariposa,043,17540,144,120,2,122,2
2020-11-28,Mendocino,045,87422,1583,1458,10,1468,22
2020-11-28,Merced,047,269075,12420,11688,119,11807,172
2020-11-28,Modoc,049,8938,126,103,22,125,0
2020-11-28,Mono,051,14174,553,505,9,514,3
2020-11-28,Monterey,053,433212,16339,15328,290,15618,118
2020-11-28,Napa,055,140530,3482,3033,18,3051,18
2020-11-28,Nevada,057,99092,1557,1272,38,1310,9
2020-11-28,Orange,059,3164182,84831,76882,2570,79452,1568
2020-11-28,Placer,061,380077,7962,6497,164,6661,70
2020-11-28,Plumas,063,18699,236,188,0,188,0
2020-11-28,Riverside,065,2383286,97731,86854,2159,89013,1440
2020-11-28,Sacramento,067,1510023,39919,36905,149,37054,580
2020-11-28,San Benito,069,59416,1982,1835,14,1849,15
2020-11-28,San Bernardino,071,2135413,103455,91183,1838,93021,1224
2020-11-28,San Diego,073,3302833,86822,80020,3273,83293,997
2020-11-28,San Francisco,075,870044,16200,15450,108,15558,153
2020-11-28,San Joaquin,077,732212,27777,25742,563,26305,509
2020-11-28,San Luis Obispo,079,281455,6758,6106,112,6218,36
2020-11-28,San Mateo,081,765935,15328,14040,17,14057,169
2020-11-28,Santa Barbara,083,443738,12093,11481,210,11691,140
2020-11-28,Santa Clara,085,1922200,38247,33701,102,33803,449
2020-11-28,Santa Cruz,087,273765,5002,4426,68,4494,26
2020-11-28,Shasta,089,179085,5733,4882,222,5104,43
2020-11-28,Sierra,091,2930,19,16,0,16,0
2020-11-28,Siskiyou,093,43540,697,558,38,596,1
2020-11-28,Solano,095,438530,11085,10252,76,10328,87
2020-11-28,Sonoma,097,501317,12984,12008,63,12071,162
2020-11-28,Stanislaus,099,539301,22972,21574,1517,23091,446
2020-11-28,Sutter,101,95872,3786,3244,13,3257,15
2020-11-28,Tehama,103,63373,1851,1678,44,1722,9
2020-11-28,Trinity,105,12862,286,157,28,185,0
2020-11-28,Tulare,107,460477,22558,20701,1595,22296,319
2020-11-28,Tuolumne,109,53932,1169,976,5,981,7
2020-11-28,Ventura,111,848112,21722,19510,694,20204,179
2020-11-28,Yolo,113,214977,5245,4739,17,4756,80
2020-11-28,Yuba,115,75493,2203,1912,14,1926,10
2020-11-27,Alameda,001,1643700,31432,29064,373,29437,450
2020-11-27,Alpine,003,1148,51,41,0,41,0
2020-11-27,Amador,005,37829,598,498,1,499,16
2020-11-27,Butte,007,227075,4334,3894,217,4111,65
2020-11-27,Calaveras,009,45235,532,478,0,478,21
2020-11-27,Colusa,011,21464,803,694,4,698,6
2020-11-27,Contra Costa,013,1133247,25346,23463,168,23631,264
2020-11-27,Del Norte,015,27424,378,307,0,307,2
2020-11-27,El Dorado,017,186661,2940,2238,29,2267,4
2020-11-27,Fresno,019,978130,43272,37994,1516,39510,500
2020-11-27,Glenn,021,27897,1037,891,46,937,4
2020-11-27,Humboldt,023,135768,951,795,3,798,9
2020-11-27,Imperial,025,180216,16675,15960,141,16101,356
2020-11-27,Inyo,027,18085,313,289,5,294,15
2020-11-27,Kern,029,883053,42430,39707,1316,41023,473
2020-11-27,Kings,031,150075,11819,10667,183,10850,85
2020-11-27,Lake,033,64148,1033,909,0,909,18
2020-11-27,Lassen,035,31185,2255,1714,8,1722,0
2020-11-27,Los Angeles,037,10098052,409432,382740,6593,389333,7606
2020-11-27,Madera,039,155013,6687,6050,160,6210,57
2020-11-27,Marin,041,260295,7886,7660,29,7689,135
2020-11-27,Mariposa,043,17540,142,118,2,120,2
2020-11-27,Mendocino,045,87422,1569,1387,9,1396,22
2020-11-27,Merced,047,269075,12314,11550,112,11662,172
2020-11-27,Modoc,049,8938,125,100,22,122,0
2020-11-27,Mono,051,14174,549,498,9,507,3
2020-11-27,Monterey,053,433212,16171,14753,290,15043,113
2020-11-27,Napa,055,140530,3442,2988,18,3006,18
2020-11-27,Nevada,057,99092,1527,1184,36,1220,9
2020-11-27,Orange,059,3164182,83541,75151,2531,77682,1568
2020-11-27,Placer,061,380077,7801,6283,154,6437,68
2020-11-27,Plumas,063,18699,233,188,0,188,0
2020-11-27,Riverside,065,2383286,96120,85769,2006,87775,1440
2020-11-27,Sacramento,067,1510023,39297,36579,144,36723,579
2020-11-27,San Benito,069,59416,1948,1805,13,1818,15
2020-11-27,San Bernardino,071,2135413,101944,90254,1757,92011,1224
2020-11-27,San Diego,073,3302833,85628,78161,3184,81345,996
2020-11-27,San Francisco,075,870044,16045,15377,106,15483,153
2020-11-27,San Joaquin,077,732212,27556,25741,543,26284,509
2020-11-27,San Luis Obispo,079,281455,6675,6039,109,6148,36
2020-11-27,San Mateo,081,765935,15125,13872,16,13888,169
2020-11-27,Santa Barbara,083,443738,12000,11340,207,11547,140
2020-11-27,Santa Clara,085,1922200,37572,32935,95,33030,449
2020-11-27,Santa Cruz,087,273765,4931,4358,66,4424,26
2020-11-27,Shasta,089,179085,5656,4710,209,4919,43
2020-11-27,Sierra,091,2930,18,16,0,16,0
2020-11-27,Siskiyou,093,43540,682,554,35,589,1
2020-11-27,Solano,095,438530,10966,10044,73,10117,87
2020-11-27,Sonoma,097,501317,12852,11924,61,11985,162
2020-11-27,Stanislaus,099,539301,22744,21185,1487,22672,446
2020-11-27,Sutter,101,95872,3719,3101,13,3114,15
2020-11-27,Tehama,103,63373,1823,1649,40,1689,9
2020-11-27,Trinity,105,12862,282,151,28,179,0
2020-11-27,Tulare,107,460477,22370,20634,1538,22172,319
2020-11-27,Tuolumne,109,53932,1137,881,5,886,7
2020-11-27,Ventura,111,848112,21398,19379,672,20051,179
2020-11-27,Yolo,113,214977,5196,4737,17,4754,79
2020-11-27,Yuba,115,75493,2174,1864,13,1877,10
2020-11-26,Alameda,001,1643700,31021,28797,354,29151,447
2020-11-26,Alpine,003,1148,51,41,0,41,0
2020-11-26,Amador,005,37829,590,488,1,489,16
2020-11-26,Butte,007,227075,4271,3894,211,4105,65
2020-11-26,Calaveras,009,45235,504,478,0,478,21
2020-11-26,Colusa,011,21464,789,694,4,698,6
2020-11-26,Contra Costa,013,1133247,25012,23468,162,23630,264
2020-11-26,Del Norte,015,27424,367,307,0,307,2
2020-11-26,El Dorado,017,186661,2859,2217,27,2244,4
2020-11-26,Fresno,019,978130,42866,37724,1471,39195,500
2020-11-26,Glenn,021,27897,1021,892,44,936,4
2020-11-26,Humboldt,023,135768,929,795,2,797,9
2020-11-26,Imperial,025,180216,16566,15722,137,15859,355
2020-11-26,Inyo,027,18085,312,289,5,294,15
2020-11-26,Kern,029,883053,41980,39123,1254,40377,471
2020-11-26,Kings,031,150075,11764,10475,171,10646,85
2020-11-26,Lake,033,64148,1020,890,0,890,18
2020-11-26,Lassen,035,31185,2240,1714,8,1722,0
2020-11-26,Los Angeles,037,10098052,404283,378340,6356,384696,7581
2020-11-26,Madera,039,155013,6612,6003,154,6157,57
2020-11-26,Marin,041,260295,7849,7610,29,7639,135
2020-11-26,Mariposa,043,17540,137,116,2,118,2
2020-11-26,Mendocino,045,87422,1555,1387,7,1394,22
2020-11-26,Merced,047,269075,12166,11440,110,11550,172
2020-11-26,Modoc,049,8938,123,100,22,122,0
2020-11-26,Mono,051,14174,541,485,9,494,2
2020-11-26,Monterey,053,433212,15934,14750,282,15032,113
2020-11-26,Napa,055,140530,3378,2988,18,3006,18
2020-11-26,Nevada,057,99092,1481,1184,36,1220,9
2020-11-26,Orange,059,3164182,82153,74264,2469,76733,1563
2020-11-26,Placer,061,380077,7639,6278,145,6423,68
2020-11-26,Plumas,063,18699,225,188,0,188,0
2020-11-26,Riverside,065,2383286,94516,85774,1882,87656,1440
2020-11-26,Sacramento,067,1510023,38655,35854,136,35990,580
2020-11-26,San Benito,069,59416,1921,1769,13,1782,15
2020-11-26,San Bernardino,071,2135413,100294,89727,1665,91392,1223
2020-11-26,San Diego,073,3302833,84018,76359,3080,79439,996
2020-11-26,San Francisco,075,870044,15908,15156,103,15259,153
2020-11-26,San Joaquin,077,732212,27300,25738,531,26269,509
2020-11-26,San Luis Obispo,079,281455,6582,5964,106,6070,36
2020-11-26,San Mateo,081,765935,14936,13715,15,13730,169
2020-11-26,Santa Barbara,083,443738,11919,11277,206,11483,139
2020-11-26,Santa Clara,085,1922200,36930,32411,87,32498,446
2020-11-26,Santa Cruz,087,273765,4800,4269,60,4329,26
2020-11-26,Shasta,089,179085,5573,4712,198,4910,43
2020-11-26,Sierra,091,2930,18,15,0,15,0
2020-11-26,Siskiyou,093,43540,672,526,34,560,1
2020-11-26,Solano,095,438530,10823,9941,71,10012,87
2020-11-26,Sonoma,097,501317,12704,11922,59,11981,162
2020-11-26,Stanislaus,099,539301,22512,21186,1446,22632,445
2020-11-26,Sutter,101,95872,3625,3101,12,3113,15
2020-11-26,Tehama,103,63373,1781,1612,37,1649,9
2020-11-26,Trinity,105,12862,278,139,28,167,0
2020-11-26,Tulare,107,460477,22131,20649,1474,22123,319
2020-11-26,Tuolumne,109,53932,1109,871,5,876,7
2020-11-26,Ventura,111,848112,20902,19058,658,19716,179
2020-11-26,Yolo,113,214977,5107,4566,17,4583,76
2020-11-26,Yuba,115,75493,2114,1865,11,1876,10
2020-11-25,Alameda,001,1643700,30806,28378,346,28724,447
2020-11-25,Alpine,003,1148,51,41,0,41,0
2020-11-25,Amador,005,37829,580,484,1,485,16
2020-11-25,Butte,007,227075,4240,3848,208,4056,64
2020-11-25,Calaveras,009,45235,501,475,0,475,21
2020-11-25,Colusa,011,21464,772,693,4,697,6
2020-11-25,Contra Costa,013,1133247,24857,23307,161,23468,263
2020-11-25,Del Norte,015,27424,366,304,0,304,2
2020-11-25,El Dorado,017,186661,2823,2154,27,2181,4
2020-11-25,Fresno,019,978130,42633,37349,1449,38798,494
2020-11-25,Glenn,021,27897,1004,891,42,933,4
2020-11-25,Humboldt,023,135768,921,777,2,779,9
2020-11-25,Imperial,025,180216,16496,15640,135,15775,355
2020-11-25,Inyo,027,18085,310,289,5,294,15
2020-11-25,Kern,029,883053,41824,38878,1235,40113,467
2020-11-25,Kings,031,150075,11729,10417,167,10584,85
2020-11-25,Lake,033,64148,1003,878,0,878,18
2020-11-25,Lassen,035,31185,2197,1701,8,1709,0
2020-11-25,Los Angeles,037,10098052,401255,373919,6252,380171,7545
2020-11-25,Madera,039,155013,6590,5989,151,6140,57
2020-11-25,Marin,041,260295,7822,7601,28,7629,135
2020-11-25,Mariposa,043,17540,136,114,2,116,2
2020-11-25,Mendocino,045,87422,1536,1373,7,1380,22
2020-11-25,Merced,047,269075,12108,11346,110,11456,172
2020-11-25,Modoc,049,8938,123,96,22,118,0
2020-11-25,Mono,051,14174,536,487,9,496,2
2020-11-25,Monterey,053,433212,15817,14695,280,14975,113
2020-11-25,Napa,055,140530,3345,2945,18,2963,17
2020-11-25,Nevada,057,99092,1463,1170,34,1204,9
2020-11-25,Orange,059,3164182,81399,73014,2449,75463,1551
2020-11-25,Placer,061,380077,7563,6221,144,6365,68
2020-11-25,Plumas,063,18699,220,183,0,183,0
2020-11-25,Riverside,065,2383286,93972,85077,1864,86941,1438
2020-11-25,Sacramento,067,1510023,38319,35687,133,35820,574
2020-11-25,San Benito,069,59416,1898,1764,13,1777,15
2020-11-25,San Bernardino,071,2135413,99454,88469,1637,90106,1225
2020-11-25,San Diego,073,3302833,83361,75307,3044,78351,988
2020-11-25,San Francisco,075,870044,15803,15053,101,15154,153
2020-11-25,San Joaquin,077,732212,27173,25556,519,26075,515
2020-11-25,San Luis Obispo,079,281455,6539,5913,105,6018,34
2020-11-25,San Mateo,081,765935,14821,13614,15,13629,170
2020-11-25,Santa Barbara,083,443738,11869,11183,206,11389,138
2020-11-25,Santa Clara,085,1922200,36483,32032,86,32118,442
2020-11-25,Santa Cruz,087,273765,4748,4202,59,4261,25
2020-11-25,Shasta,089,179085,5527,4588,191,4779,43
2020-11-25,Sierra,091,2930,18,15,0,15,0
2020-11-25,Siskiyou,093,43540,665,499,34,533,1
2020-11-25,Solano,095,438530,10718,9832,70,9902,87
2020-11-25,Sonoma,097,501317,12641,11775,58,11833,162
2020-11-25,Stanislaus,099,539301,22381,21022,1419,22441,445
2020-11-25,Sutter,101,95872,3581,3064,12,3076,14
2020-11-25,Tehama,103,63373,1769,1587,32,1619,9
2020-11-25,Trinity,105,12862,276,135,28,163,0
2020-11-25,Tulare,107,460477,22041,20528,1443,21971,318
2020-11-25,Tuolumne,109,53932,1092,842,5,847,7
2020-11-25,Ventura,111,848112,20807,18914,652,19566,179
2020-11-25,Yolo,113,214977,5071,4527,17,4544,76
2020-11-25,Yuba,115,75493,2088,1840,11,1851,10
2020-11-24,Alameda,001,1643700,30328,28030,335,28365,444
2020-11-24,Alpine,003,1148,51,41,0,41,0
2020-11-24,Amador,005,37829,555,470,1,471,16
2020-11-24,Butte,007,227075,4155,3798,200,3998,63
2020-11-24,Calaveras,009,45235,494,466,0,466,21
2020-11-24,Colusa,011,21464,754,682,4,686,6
2020-11-24,Contra Costa,013,1133247,24504,23072,155,23227,259
2020-11-24,Del Norte,015,27424,357,298,0,298,2
2020-11-24,El Dorado,017,186661,2718,2005,26,2031,4
2020-11-24,Fresno,019,978130,42230,37021,1372,38393,493
2020-11-24,Glenn,021,27897,986,883,38,921,4
2020-11-24,Humboldt,023,135768,902,774,2,776,9
2020-11-24,Imperial,025,180216,16393,15600,129,15729,355
2020-11-24,Inyo,027,18085,309,282,5,287,15
2020-11-24,Kern,029,883053,41350,38551,1157,39708,465
2020-11-24,Kings,031,150075,11462,10338,154,10492,85
2020-11-24,Lake,033,64148,987,872,0,872,18
2020-11-24,Lassen,035,31185,2174,1657,8,1665,0
2020-11-24,Los Angeles,037,10098052,394946,370008,6015,376023,7501
2020-11-24,Madera,039,155013,6505,5881,145,6026,57
2020-11-24,Marin,041,260295,7775,7591,28,7619,135
2020-11-24,Mariposa,043,17540,126,114,1,115,2
2020-11-24,Mendocino,045,87422,1514,1346,6,1352,22
2020-11-24,Merced,047,269075,11919,11268,105,11373,171
2020-11-24,Modoc,049,8938,119,91,22,113,0
2020-11-24,Mono,051,14174,532,483,9,492,2
2020-11-24,Monterey,053,433212,15556,14354,268,14622,113
2020-11-24,Napa,055,140530,3279,2904,18,2922,17
2020-11-24,Nevada,057,99092,1399,1156,32,1188,9
2020-11-24,Orange,059,3164182,79955,71975,2368,74343,1547
2020-11-24,Placer,061,380077,7382,6147,137,6284,67
2020-11-24,Plumas,063,18699,217,180,0,180,0
2020-11-24,Riverside,065,2383286,92213,83685,1735,85420,1420
2020-11-24,Sacramento,067,1510023,37639,35097,126,35223,568
2020-11-24,San Benito,069,59416,1866,1740,12,1752,15
2020-11-24,San Bernardino,071,2135413,97118,86645,1536,88181,1226
2020-11-24,San Diego,073,3302833,81951,74363,2973,77336,984
2020-11-24,San Francisco,075,870044,15608,14874,97,14971,153
2020-11-24,San Joaquin,077,732212,26857,25318,491,25809,517
2020-11-24,San Luis Obispo,079,281455,6476,5805,104,5909,34
2020-11-24,San Mateo,081,765935,14612,13558,14,13572,170
2020-11-24,Santa Barbara,083,443738,11763,11154,204,11358,138
2020-11-24,Santa Clara,085,1922200,35693,31564,82,31646,438
2020-11-24,Santa Cruz,087,273765,4635,4132,58,4190,25
2020-11-24,Shasta,089,179085,5426,4410,172,4582,43
2020-11-24,Sierra,091,2930,18,15,0,15,0
2020-11-24,Siskiyou,093,43540,647,473,31,504,1
2020-11-24,Solano,095,438530,10547,9716,69,9785,86
2020-11-24,Sonoma,097,501317,12461,11644,55,11699,162
2020-11-24,Stanislaus,099,539301,22139,20830,1376,22206,438
2020-11-24,Sutter,101,95872,3475,2974,12,2986,14
2020-11-24,Tehama,103,63373,1719,1565,27,1592,9
2020-11-24,Trinity,105,12862,269,129,27,156,0
2020-11-24,Tulare,107,460477,21792,20319,1378,21697,315
2020-11-24,Tuolumne,109,53932,1063,832,5,837,7
2020-11-24,Ventura,111,848112,20425,18637,642,19279,179
2020-11-24,Yolo,113,214977,4987,4420,17,4437,76
2020-11-24,Yuba,115,75493,2037,1804,9,1813,10
2020-11-23,Alameda,001,1643700,29913,27718,323,28041,444
2020-11-23,Alpine,003,1148,49,41,0,41,0
2020-11-23,Amador,005,37829,514,457,1,458,16
2020-11-23,Butte,007,227075,4091,3765,194,3959,61
2020-11-23,Calaveras,009,45235,477,434,0,434,21
2020-11-23,Colusa,011,21464,740,662,4,666,6
2020-11-23,Contra Costa,013,1133247,24232,22674,150,22824,260
2020-11-23,Del Norte,015,27424,335,296,0,296,2
2020-11-23,El Dorado,017,186661,2598,2005,25,2030,4
2020-11-23,Fresno,019,978130,41781,36688,1309,37997,488
2020-11-23,Glenn,021,27897,960,853,38,891,4
2020-11-23,Humboldt,023,135768,889,746,2,748,9
2020-11-23,Imperial,025,180216,16222,15104,123,15227,355
2020-11-23,Inyo,027,18085,301,279,5,284,15
2020-11-23,Kern,029,883053,40837,38245,1094,39339,463
2020-11-23,Kings,031,150075,11042,10204,147,10351,85
2020-11-23,Lake,033,64148,964,840,0,840,18
2020-11-23,Lassen,035,31185,2094,1271,7,1278,0
2020-11-23,Los Angeles,037,10098052,388855,366374,5766,372140,7447
2020-11-23,Madera,039,155013,6379,5787,141,5928,56
2020-11-23,Marin,041,260295,7733,7543,28,7571,135
2020-11-23,Mariposa,043,17540,125,97,1,98,2
2020-11-23,Mendocino,045,87422,1484,1330,6,1336,22
2020-11-23,Merced,047,269075,11731,11148,102,11250,169
2020-11-23,Modoc,049,8938,105,91,21,112,0
2020-11-23,Mono,051,14174,519,480,9,489,2
2020-11-23,Monterey,053,433212,15277,14265,262,14527,112
2020-11-23,Napa,055,140530,3213,2811,17,2828,17
2020-11-23,Nevada,057,99092,1310,1087,32,1119,9
2020-11-23,Orange,059,3164182,78553,71074,2322,73396,1546
2020-11-23,Placer,061,380077,7180,5999,136,6135,66
2020-11-23,Plumas,063,18699,213,172,0,172,0
2020-11-23,Riverside,065,2383286,90434,82175,1670,83845,1415
2020-11-23,Sacramento,067,1510023,37070,34141,119,34260,556
2020-11-23,San Benito,069,59416,1838,1729,11,1740,15
2020-11-23,San Bernardino,071,2135413,95012,84387,1473,85860,1224
2020-11-23,San Diego,073,3302833,80489,72817,2885,75702,968
2020-11-23,San Francisco,075,870044,15450,14646,95,14741,153
2020-11-23,San Joaquin,077,732212,26508,24622,487,25109,517
2020-11-23,San Luis Obispo,079,281455,6394,5772,102,5874,34
2020-11-23,San Mateo,081,765935,14420,13364,14,13378,170
2020-11-23,Santa Barbara,083,443738,11656,10944,200,11144,137
2020-11-23,Santa Clara,085,1922200,35043,31064,79,31143,435
2020-11-23,Santa Cruz,087,273765,4524,4003,54,4057,25
2020-11-23,Shasta,089,179085,5308,4100,160,4260,43
2020-11-23,Sierra,091,2930,17,15,0,15,0
2020-11-23,Siskiyou,093,43540,620,460,30,490,0
2020-11-23,Solano,095,438530,10390,9394,66,9460,86
2020-11-23,Sonoma,097,501317,12288,11507,51,11558,160
2020-11-23,Stanislaus,099,539301,21846,20487,1343,21830,436
2020-11-23,Sutter,101,95872,3338,2840,11,2851,14
2020-11-23,Tehama,103,63373,1671,1526,24,1550,9
2020-11-23,Trinity,105,12862,260,120,25,145,0
2020-11-23,Tulare,107,460477,21497,19818,1312,21130,315
2020-11-23,Tuolumne,109,53932,1023,774,5,779,7
2020-11-23,Ventura,111,848112,20049,18480,629,19109,179
2020-11-23,Yolo,113,214977,4907,4265,16,4281,75
2020-11-23,Yuba,115,75493,1970,1702,9,1711,10
2020-11-22,Alameda,001,1643700,29478,27472,312,27784,444
2020-11-22,Alpine,003,1148,46,41,0,41,0
2020-11-22,Amador,005,37829,502,450,1,451,16
2020-11-22,Butte,007,227075,4040,3712,187,3899,61
2020-11-22,Calaveras,009,45235,465,434,0,434,21
2020-11-22,Colusa,011,21464,722,642,3,645,6
2020-11-22,Contra Costa,013,1133247,23927,22407,145,22552,260
2020-11-22,Del Norte,015,27424,311,271,0,271,2
2020-11-22,El Dorado,017,186661,2488,1917,22,1939,4
2020-11-22,Fresno,019,978130,41299,36315,1254,37569,488
2020-11-22,Glenn,021,27897,938,832,34,866,4
2020-11-22,Humboldt,023,135768,873,729,2,731,9
2020-11-22,Imperial,025,180216,16017,15109,78,15187,355
2020-11-22,Inyo,027,18085,295,279,5,284,15
2020-11-22,Kern,029,883053,40258,37904,1060,38964,463
2020-11-22,Kings,031,150075,10941,10035,138,10173,85
2020-11-22,Lake,033,64148,942,834,0,834,18
2020-11-22,Lassen,035,31185,1929,1211,6,1217,0
2020-11-22,Los Angeles,037,10098052,382576,360341,5515,365856,7438
2020-11-22,Madera,039,155013,6299,5745,130,5875,56
2020-11-22,Marin,041,260295,7698,7506,27,7533,135
2020-11-22,Mariposa,043,17540,124,95,1,96,2
2020-11-22,Mendocino,045,87422,1460,1285,5,1290,22
2020-11-22,Merced,047,269075,11582,10939,102,11041,169
2020-11-22,Modoc,049,8938,104,87,19,106,0
2020-11-22,Mono,051,14174,504,481,9,490,2
2020-11-22,Monterey,053,433212,15035,13887,256,14143,111
2020-11-22,Napa,055,140530,3132,2778,17,2795,17
2020-11-22,Nevada,057,99092,1252,1052,32,1084,9
2020-11-22,Orange,059,3164182,77140,69913,2283,72196,1546
2020-11-22,Placer,061,380077,6953,5880,126,6006,66
2020-11-22,Plumas,063,18699,200,172,0,172,0
2020-11-22,Riverside,065,2383286,88839,81565,1609,83174,1409
2020-11-22,Sacramento,067,1510023,36338,33421,106,33527,555
2020-11-22,San Benito,069,59416,1809,1704,11,1715,15
2020-11-22,San Bernardino,071,2135413,92668,83505,1403,84908,1224
2020-11-22,San Diego,073,3302833,78752,71649,2810,74459,968
2020-11-22,San Francisco,075,870044,15279,14515,94,14609,153
2020-11-22,San Joaquin,077,732212,26209,24619,475,25094,517
2020-11-22,San Luis Obispo,079,281455,6285,5664,101,5765,34
2020-11-22,San Mateo,081,765935,14215,13228,14,13242,170
2020-11-22,Santa Barbara,083,443738,11521,10946,195,11141,137
2020-11-22,Santa Clara,085,1922200,34365,30633,77,30710,434
2020-11-22,Santa Cruz,087,273765,4442,3896,47,3943,25
2020-11-22,Shasta,089,179085,5151,4100,142,4242,43
2020-11-22,Sierra,091,2930,17,13,0,13,0
2020-11-22,Siskiyou,093,43540,588,411,30,441,0
2020-11-22,Solano,095,438530,10219,9363,62,9425,86
2020-11-22,Sonoma,097,501317,12130,11415,49,11464,159
2020-11-22,Stanislaus,099,539301,21519,20223,1313,21536,436
2020-11-22,Sutter,101,95872,3220,2677,11,2688,13
2020-11-22,Tehama,103,63373,1637,1457,19,1476,9
2020-11-22,Trinity,105,12862,254,114,25,139,0
2020-11-22,Tulare,107,460477,21246,19818,1242,21060,314
2020-11-22,Tuolumne,109,53932,997,689,5,694,7
2020-11-22,Ventura,111,848112,19688,18105,615,18720,179
2020-11-22,Yolo,113,214977,4806,4206,16,4222,75
2020-11-22,Yuba,115,75493,1917,1672,9,1681,10
2020-11-21,Alameda,001,1643700,29291,27424,310,27734,444
2020-11-21,Alpine,003,1148,46,41,0,41,0
2020-11-21,Amador,005,37829,488,450,1,451,16
2020-11-21,Butte,007,227075,3992,3664,184,3848,61
2020-11-21,Calaveras,009,45235,459,434,0,434,21
2020-11-21,Colusa,011,21464,713,642,3,645,6
2020-11-21,Contra Costa,013,1133247,23774,22338,143,22481,260
2020-11-21,Del Norte,015,27424,306,271,0,271,2
2020-11-21,El Dorado,017,186661,2439,1900,21,1921,4
2020-11-21,Fresno,019,978130,41043,35973,1220,37193,482
2020-11-21,Glenn,021,27897,933,829,32,861,4
2020-11-21,Humboldt,023,135768,863,728,2,730,9
2020-11-21,Imperial,025,180216,15940,15053,78,15131,355
2020-11-21,Inyo,027,18085,293,283,5,288,15
2020-11-21,Kern,029,883053,40002,37403,1025,38428,463
2020-11-21,Kings,031,150075,10893,10019,134,10153,85
2020-11-21,Lake,033,64148,929,832,0,832,18
2020-11-21,Lassen,035,31185,1862,1211,6,1217,0
2020-11-21,Los Angeles,037,10098052,379397,357754,5370,363124,7428
2020-11-21,Madera,039,155013,6262,5706,130,5836,56
2020-11-21,Marin,041,260295,7675,7488,26,7514,134
2020-11-21,Mariposa,043,17540,124,92,1,93,2
2020-11-21,Mendocino,045,87422,1429,1282,5,1287,22
2020-11-21,Merced,047,269075,11521,10849,101,10950,169
2020-11-21,Modoc,049,8938,100,87,18,105,0
2020-11-21,Mono,051,14174,499,469,9,478,2
2020-11-21,Monterey,053,433212,14937,13886,251,14137,110
2020-11-21,Napa,055,140530,3098,2757,17,2774,17
2020-11-21,Nevada,057,99092,1240,1018,31,1049,9
2020-11-21,Orange,059,3164182,76337,69021,2253,71274,1543
2020-11-21,Placer,061,380077,6840,5778,123,5901,65
2020-11-21,Plumas,063,18699,195,172,0,172,0
2020-11-21,Riverside,065,2383286,88062,80676,1563,82239,1407
2020-11-21,Sacramento,067,1510023,35943,33133,98,33231,548
2020-11-21,San Benito,069,59416,1790,1691,11,1702,15
2020-11-21,San Bernardino,071,2135413,91791,83206,1327,84533,1222
2020-11-21,San Diego,073,3302833,77973,70711,2755,73466,966
2020-11-21,San Francisco,075,870044,15176,14445,93,14538,153
2020-11-21,San Joaquin,077,732212,26076,24620,460,25080,517
2020-11-21,San Luis Obispo,079,281455,6232,5618,98,5716,34
2020-11-21,San Mateo,081,765935,14113,13138,14,13152,170
2020-11-21,Santa Barbara,083,443738,11470,10922,192,11114,137
2020-11-21,Santa Clara,085,1922200,33981,30377,74,30451,433
2020-11-21,Santa Cruz,087,273765,4385,3898,47,3945,25
2020-11-21,Shasta,089,179085,5077,4095,139,4234,42
2020-11-21,Sierra,091,2930,17,13,0,13,0
2020-11-21,Siskiyou,093,43540,572,403,30,433,0
2020-11-21,Solano,095,438530,10129,9290,59,9349,86
2020-11-21,Sonoma,097,501317,12055,11394,47,11441,158
2020-11-21,Stanislaus,099,539301,21376,20111,1288,21399,435
2020-11-21,Sutter,101,95872,3160,2615,10,2625,13
2020-11-21,Tehama,103,63373,1617,1435,18,1453,9
2020-11-21,Trinity,105,12862,251,110,24,134,0
2020-11-21,Tulare,107,460477,21120,19752,1208,20960,313
2020-11-21,Tuolumne,109,53932,978,690,5,695,7
2020-11-21,Ventura,111,848112,19524,18040,605,18645,177
2020-11-21,Yolo,113,214977,4731,4147,15,4162,75
2020-11-21,Yuba,115,75493,1885,1643,9,1652,10
2020-11-20,Alameda,001,1643700,29076,27221,303,27524,444
2020-11-20,Alpine,003,1148,46,20,0,20,0
2020-11-20,Amador,005,37829,484,446,1,447,16
2020-11-20,Butte,007,227075,3960,3618,180,3798,60
2020-11-20,Calaveras,009,45235,447,424,0,424,21
2020-11-20,Colusa,011,21464,705,631,2,633,6
2020-11-20,Contra Costa,013,1133247,23588,22116,139,22255,260
2020-11-20,Del Norte,015,27424,302,264,0,264,2
2020-11-20,El Dorado,017,186661,2343,1868,19,1887,4
2020-11-20,Fresno,019,978130,40749,35635,1190,36825,480
2020-11-20,Glenn,021,27897,921,826,30,856,4
2020-11-20,Humboldt,023,135768,854,714,1,715,9
2020-11-20,Imperial,025,180216,15878,14864,73,14937,353
2020-11-20,Inyo,027,18085,291,262,5,267,15
2020-11-20,Kern,029,883053,39709,37143,999,38142,462
2020-11-20,Kings,031,150075,10845,9903,133,10036,85
2020-11-20,Lake,033,64148,920,820,0,820,18
2020-11-20,Lassen,035,31185,1777,1212,5,1217,0
2020-11-20,Los Angeles,037,10098052,375515,353554,5206,358760,7398
2020-11-20,Madera,039,155013,6169,5635,129,5764,54
2020-11-20,Marin,041,260295,7651,7467,25,7492,134
2020-11-20,Mariposa,043,17540,116,89,1,90,2
2020-11-20,Mendocino,045,87422,1409,1269,5,1274,22
2020-11-20,Merced,047,269075,11435,10729,101,10830,167
2020-11-20,Modoc,049,8938,100,83,18,101,0
2020-11-20,Mono,051,14174,497,469,9,478,2
2020-11-20,Monterey,053,433212,14812,13738,242,13980,110
2020-11-20,Napa,055,140530,3068,2718,17,2735,17
2020-11-20,Nevada,057,99092,1222,990,30,1020,9
2020-11-20,Orange,059,3164182,75500,68212,2215,70427,1532
2020-11-20,Placer,061,380077,6705,5687,108,5795,66
2020-11-20,Plumas,063,18699,193,163,0,163,0
2020-11-20,Riverside,065,2383286,87051,79613,1500,81113,1405
2020-11-20,Sacramento,067,1510023,35567,32832,89,32921,549
2020-11-20,San Benito,069,59416,1778,1668,11,1679,15
2020-11-20,San Bernardino,071,2135413,90425,81203,1246,82449,1220
2020-11-20,San Diego,073,3302833,76975,69233,2673,71906,960
2020-11-20,San Francisco,075,870044,15072,14327,92,14419,153
2020-11-20,San Joaquin,077,732212,25923,24460,447,24907,515
2020-11-20,San Luis Obispo,079,281455,6176,5524,95,5619,34
2020-11-20,San Mateo,081,765935,13980,12980,13,12993,169
2020-11-20,Santa Barbara,083,443738,11414,10825,186,11011,136
2020-11-20,Santa Clara,085,1922200,33559,30002,69,30071,431
2020-11-20,Santa Cruz,087,273765,4319,3815,47,3862,25
2020-11-20,Shasta,089,179085,5003,3861,134,3995,42
2020-11-20,Sierra,091,2930,17,12,0,12,0
2020-11-20,Siskiyou,093,43540,559,387,29,416,0
2020-11-20,Solano,095,438530,10037,9216,57,9273,85
2020-11-20,Sonoma,097,501317,11971,11316,46,11362,158
2020-11-20,Stanislaus,099,539301,21221,19889,1262,21151,433
2020-11-20,Sutter,101,95872,3110,2580,10,2590,13
2020-11-20,Tehama,103,63373,1602,1410,15,1425,9
2020-11-20,Trinity,105,12862,250,102,24,126,0
2020-11-20,Tulare,107,460477,20987,19568,1169,20737,311
2020-11-20,Tuolumne,109,53932,939,662,5,667,7
2020-11-20,Ventura,111,848112,19356,17741,577,18318,175
2020-11-20,Yolo,113,214977,4653,4081,14,4095,74
2020-11-20,Yuba,115,75493,1857,1611,9,1620,10
2020-11-19,Alameda,001,1643700,28730,26971,295,27266,441
2020-11-19,Alpine,003,1148,43,20,0,20,0
2020-11-19,Amador,005,37829,480,436,1,437,16
2020-11-19,Butte,007,227075,3911,3576,173,3749,60
2020-11-19,Calaveras,009,45235,437,417,0,417,21
2020-11-19,Colusa,011,21464,687,621,2,623,6
2020-11-19,Contra Costa,013,1133247,23315,21886,136,22022,259
2020-11-19,Del Norte,015,27424,294,251,0,251,2
2020-11-19,El Dorado,017,186661,2269,1825,18,1843,4
2020-11-19,Fresno,019,978130,40299,35278,1133,36411,478
2020-11-19,Glenn,021,27897,899,806,29,835,4
2020-11-19,Humboldt,023,135768,834,693,1,694,9
2020-11-19,Imperial,025,180216,15669,14507,72,14579,349
2020-11-19,Inyo,027,18085,289,262,5,267,15
2020-11-19,Kern,029,883053,39288,36779,957,37736,459
2020-11-19,Kings,031,150075,10697,9763,125,9888,85
2020-11-19,Lake,033,64148,906,809,0,809,18
2020-11-19,Lassen,035,31185,1660,1201,3,1204,0
2020-11-19,Los Angeles,037,10098052,370495,349493,5036,354529,7365
2020-11-19,Madera,039,155013,6097,5540,121,5661,54
2020-11-19,Marin,041,260295,7620,7451,25,7476,134
2020-11-19,Mariposa,043,17540,109,88,0,88,2
2020-11-19,Mendocino,045,87422,1388,1237,5,1242,23
2020-11-19,Merced,047,269075,11294,10634,95,10729,167
2020-11-19,Modoc,049,8938,97,82,18,100,0
2020-11-19,Mono,051,14174,489,468,9,477,2
2020-11-19,Monterey,053,433212,14597,13369,230,13599,108
2020-11-19,Napa,055,140530,3014,2641,17,2658,17
2020-11-19,Nevada,057,99092,1181,945,29,974,9
2020-11-19,Orange,059,3164182,74237,66998,2170,69168,1530
2020-11-19,Placer,061,380077,6514,5612,107,5719,65
2020-11-19,Plumas,063,18699,188,158,0,158,0
2020-11-19,Riverside,065,2383286,85566,78535,1429,79964,1402
2020-11-19,Sacramento,067,1510023,35054,32367,87,32454,546
2020-11-19,San Benito,069,59416,1755,1643,11,1654,15
2020-11-19,San Bernardino,071,2135413,88530,79244,1166,80410,1215
2020-11-19,San Diego,073,3302833,75725,68142,2569,70711,952
2020-11-19,San Francisco,075,870044,14915,14178,86,14264,153
2020-11-19,San Joaquin,077,732212,25603,24270,436,24706,516
2020-11-19,San Luis Obispo,079,281455,6099,5410,91,5501,34
2020-11-19,San Mateo,081,765935,13842,12714,13,12727,169
2020-11-19,Santa Barbara,083,443738,11334,10741,183,10924,136
2020-11-19,Santa Clara,085,1922200,33001,29630,68,29698,424
2020-11-19,Santa Cruz,087,273765,4228,3679,45,3724,25
2020-11-19,Shasta,089,179085,4865,3685,124,3809,42
2020-11-19,Sierra,091,2930,17,11,0,11,0
2020-11-19,Siskiyou,093,43540,534,360,28,388,0
2020-11-19,Solano,095,438530,9900,9093,53,9146,84
2020-11-19,Sonoma,097,501317,11801,11205,44,11249,156
2020-11-19,Stanislaus,099,539301,20981,19736,1220,20956,433
2020-11-19,Sutter,101,95872,3011,2509,10,2519,13
2020-11-19,Tehama,103,63373,1569,1373,12,1385,9
2020-11-19,Trinity,105,12862,244,97,24,121,0
2020-11-19,Tulare,107,460477,20765,19384,1104,20488,304
2020-11-19,Tuolumne,109,53932,906,602,5,607,7
2020-11-19,Ventura,111,848112,19003,17300,564,17864,174
2020-11-19,Yolo,113,214977,4557,3973,14,3987,72
2020-11-19,Yuba,115,75493,1817,1568,9,1577,10
2020-11-18,Alameda,001,1643700,28468,26610,290,26900,440
2020-11-18,Alpine,003,1148,42,16,0,16,0
2020-11-18,Amador,005,37829,475,430,1,431,16
2020-11-18,Butte,007,227075,3858,3537,160,3697,59
2020-11-18,Calaveras,009,45235,433,409,0,409,21
2020-11-18,Colusa,011,21464,674,611,2,613,6
2020-11-18,Contra Costa,013,1133247,23048,21685,132,21817,258
2020-11-18,Del Norte,015,27424,281,240,0,240,2
2020-11-18,El Dorado,017,186661,2181,1799,17,1816,4
2020-11-18,Fresno,019,978130,39859,34997,1082,36079,474
2020-11-18,Glenn,021,27897,883,803,27,830,4
2020-11-18,Humboldt,023,135768,820,690,1,691,9
2020-11-18,Imperial,025,180216,15447,14428,71,14499,348
2020-11-18,Inyo,027,18085,287,262,5,267,15
2020-11-18,Kern,029,883053,38899,36537,907,37444,456
2020-11-18,Kings,031,150075,10549,9696,122,9818,85
2020-11-18,Lake,033,64148,893,802,0,802,18
2020-11-18,Lassen,035,31185,1560,1124,3,1127,0
2020-11-18,Los Angeles,037,10098052,365628,344675,4850,349525,7338
2020-11-18,Madera,039,155013,6010,5519,109,5628,54
2020-11-18,Marin,041,260295,7596,7435,25,7460,134
2020-11-18,Mariposa,043,17540,106,88,0,88,2
2020-11-18,Mendocino,045,87422,1368,1237,5,1242,23
2020-11-18,Merced,047,269075,11178,10536,94,10630,166
2020-11-18,Modoc,049,8938,94,77,18,95,0
2020-11-18,Mono,051,14174,484,468,9,477,2
2020-11-18,Monterey,053,433212,14402,13340,216,13556,108
2020-11-18,Napa,055,140530,2967,2607,17,2624,17
2020-11-18,Nevada,057,99092,1141,933,27,960,9
2020-11-18,Orange,059,3164182,73140,66381,2145,68526,1521
2020-11-18,Placer,061,380077,6336,5543,102,5645,64
2020-11-18,Plumas,063,18699,183,143,0,143,0
2020-11-18,Riverside,065,2383286,84101,77739,1326,79065,1387
2020-11-18,Sacramento,067,1510023,34429,31816,79,31895,541
2020-11-18,San Benito,069,59416,1730,1632,10,1642,15
2020-11-18,San Bernardino,071,2135413,86769,77400,1086,78486,1206
2020-11-18,San Diego,073,3302833,74431,67243,2509,69752,945
2020-11-18,San Francisco,075,870044,14771,14057,84,14141,153
2020-11-18,San Joaquin,077,732212,25337,24146,421,24567,517
2020-11-18,San Luis Obispo,079,281455,6023,5322,90,5412,34
2020-11-18,San Mateo,081,765935,13689,12631,12,12643,169
2020-11-18,Santa Barbara,083,443738,11255,10684,176,10860,136
2020-11-18,Santa Clara,085,1922200,32536,29285,63,29348,421
2020-11-18,Santa Cruz,087,273765,4136,3618,43,3661,25
2020-11-18,Shasta,089,179085,4729,3547,120,3667,42
2020-11-18,Sierra,091,2930,17,11,0,11,0
2020-11-18,Siskiyou,093,43540,502,351,27,378,0
2020-11-18,Solano,095,438530,9768,8994,51,9045,84
2020-11-18,Sonoma,097,501317,11694,11129,41,11170,155
2020-11-18,Stanislaus,099,539301,20738,19609,1195,20804,431
2020-11-18,Sutter,101,95872,2893,2442,10,2452,13
2020-11-18,Tehama,103,63373,1530,1338,12,1350,8
2020-11-18,Trinity,105,12862,230,95,23,118,0
2020-11-18,Tulare,107,460477,20555,19286,1053,20339,306
2020-11-18,Tuolumne,109,53932,871,590,5,595,7
2020-11-18,Ventura,111,848112,18678,17169,549,17718,173
2020-11-18,Yolo,113,214977,4483,3929,14,3943,71
2020-11-18,Yuba,115,75493,1763,1540,9,1549,10
2020-11-17,Alameda,001,1643700,28141,26425,280,26705,439
2020-11-17,Alpine,003,1148,40,12,0,12,0
2020-11-17,Amador,005,37829,464,423,1,424,16
2020-11-17,Butte,007,227075,3816,3500,150,3650,59
2020-11-17,Calaveras,009,45235,418,405,0,405,21
2020-11-17,Colusa,011,21464,663,606,1,607,6
2020-11-17,Contra Costa,013,1133247,22775,21557,127,21684,256
2020-11-17,Del Norte,015,27424,275,233,0,233,2
2020-11-17,El Dorado,017,186661,2122,1758,17,1775,4
2020-11-17,Fresno,019,978130,39261,34765,1023,35788,472
2020-11-17,Glenn,021,27897,872,795,26,821,4
2020-11-17,Humboldt,023,135768,798,685,1,686,9
2020-11-17,Imperial,025,180216,15211,14204,69,14273,346
2020-11-17,Inyo,027,18085,286,263,5,268,15
2020-11-17,Kern,029,883053,38449,36164,854,37018,455
2020-11-17,Kings,031,150075,10476,9653,115,9768,85
2020-11-17,Lake,033,64148,873,792,0,792,18
2020-11-17,Lassen,035,31185,1481,1124,3,1127,0
2020-11-17,Los Angeles,037,10098052,360676,340933,4687,345620,7302
2020-11-17,Madera,039,155013,5921,5485,102,5587,54
2020-11-17,Marin,041,260295,7564,7404,24,7428,134
2020-11-17,Mariposa,043,17540,103,87,0,87,2
2020-11-17,Mendocino,045,87422,1347,1216,5,1221,23
2020-11-17,Merced,047,269075,11034,10457,87,10544,162
2020-11-17,Modoc,049,8938,88,71,17,88,0
2020-11-17,Mono,051,14174,479,459,9,468,2
2020-11-17,Monterey,053,433212,14173,13220,206,13426,108
2020-11-17,Napa,055,140530,2913,2568,17,2585,17
2020-11-17,Nevada,057,99092,1100,918,26,944,9
2020-11-17,Orange,059,3164182,71990,65757,2117,67874,1519
2020-11-17,Placer,061,380077,6174,5435,96,5531,63
2020-11-17,Plumas,063,18699,175,142,0,142,0
2020-11-17,Riverside,065,2383286,82714,77079,1235,78314,1379
2020-11-17,Sacramento,067,1510023,33830,31341,75,31416,538
2020-11-17,San Benito,069,59416,1714,1611,4,1615,15
2020-11-17,San Bernardino,071,2135413,84954,76134,997,77131,1188
2020-11-17,San Diego,073,3302833,73178,66321,2453,68774,933
2020-11-17,San Francisco,075,870044,14605,13952,83,14035,153
2020-11-17,San Joaquin,077,732212,25065,23997,401,24398,516
2020-11-17,San Luis Obispo,079,281455,5927,5235,90,5325,34
2020-11-17,San Mateo,081,765935,13527,12491,11,12502,169
2020-11-17,Santa Barbara,083,443738,11169,10597,171,10768,136
2020-11-17,Santa Clara,085,1922200,31989,29013,62,29075,419
2020-11-17,Santa Cruz,087,273765,4052,3548,40,3588,25
2020-11-17,Shasta,089,179085,4569,3457,108,3565,40
2020-11-17,Sierra,091,2930,15,11,0,11,0
2020-11-17,Siskiyou,093,43540,454,333,26,359,0
2020-11-17,Solano,095,438530,9623,8905,50,8955,84
2020-11-17,Sonoma,097,501317,11560,11084,39,11123,155
2020-11-17,Stanislaus,099,539301,20514,19466,1167,20633,425
2020-11-17,Sutter,101,95872,2810,2370,9,2379,12
2020-11-17,Tehama,103,63373,1479,1290,12,1302,7
2020-11-17,Trinity,105,12862,213,83,23,106,0
2020-11-17,Tulare,107,460477,20324,19176,991,20167,305
2020-11-17,Tuolumne,109,53932,833,568,5,573,7
2020-11-17,Ventura,111,848112,18406,16797,531,17328,173
2020-11-17,Yolo,113,214977,4305,3887,13,3900,70
2020-11-17,Yuba,115,75493,1715,1519,9,1528,10
2020-11-16,Alameda,001,1643700,27794,26063,275,26338,436
2020-11-16,Alpine,003,1148,37,12,0,12,0
2020-11-16,Amador,005,37829,456,414,1,415,16
2020-11-16,Butte,007,227075,3777,3490,142,3632,58
2020-11-16,Calaveras,009,45235,410,402,0,402,21
2020-11-16,Colusa,011,21464,654,601,1,602,6
2020-11-16,Contra Costa,013,1133247,22509,21386,122,21508,256
2020-11-16,Del Norte,015,27424,268,225,0,225,2
2020-11-16,El Dorado,017,186661,2062,1694,15,1709,4
2020-11-16,Fresno,019,978130,38771,34593,969,35562,471
2020-11-16,Glenn,021,27897,860,786,25,811,4
2020-11-16,Humboldt,023,135768,782,660,1,661,9
2020-11-16,Imperial,025,180216,14963,14111,69,14180,346
2020-11-16,Inyo,027,18085,283,263,5,268,15
2020-11-16,Kern,029,883053,38055,36049,811,36860,455
2020-11-16,Kings,031,150075,10209,9569,111,9680,85
2020-11-16,Lake,033,64148,861,784,0,784,18
2020-11-16,Lassen,035,31185,1300,1124,3,1127,0
2020-11-16,Los Angeles,037,10098052,355933,338778,4512,343290,7277
2020-11-16,Madera,039,155013,5834,5433,96,5529,54
2020-11-16,Marin,041,260295,7535,7359,24,7383,134
2020-11-16,Mariposa,043,17540,100,86,0,86,2
2020-11-16,Mendocino,045,87422,1322,1209,5,1214,23
2020-11-16,Merced,047,269075,10896,10399,84,10483,162
2020-11-16,Modoc,049,8938,86,71,17,88,0
2020-11-16,Mono,051,14174,477,453,9,462,2
2020-11-16,Monterey,053,433212,13927,13089,196,13285,107
2020-11-16,Napa,055,140530,2837,2536,17,2553,17
2020-11-16,Nevada,057,99092,1057,889,24,913,9
2020-11-16,Orange,059,3164182,70893,65396,2103,67499,1519
2020-11-16,Placer,061,380077,6054,5387,87,5474,63
2020-11-16,Plumas,063,18699,168,127,0,127,0
2020-11-16,Riverside,065,2383286,81339,76449,1170,77619,1379
2020-11-16,Sacramento,067,1510023,33192,30954,69,31023,534
2020-11-16,San Benito,069,59416,1696,1603,3,1606,15
2020-11-16,San Bernardino,071,2135413,83126,74401,928,75329,1186
2020-11-16,San Diego,073,3302833,71867,65603,2381,67984,926
2020-11-16,San Francisco,075,870044,14446,13847,80,13927,153
2020-11-16,San Joaquin,077,732212,24777,23515,392,23907,513
2020-11-16,San Luis Obispo,079,281455,5823,5161,85,5246,34
2020-11-16,San Mateo,081,765935,13367,12398,11,12409,169
2020-11-16,Santa Barbara,083,443738,11105,10565,167,10732,135
2020-11-16,Santa Clara,085,1922200,31424,28673,61,28734,419
2020-11-16,Santa Cruz,087,273765,3979,3520,40,3560,25
2020-11-16,Shasta,089,179085,4420,3284,103,3387,37
2020-11-16,Sierra,091,2930,15,11,0,11,0
2020-11-16,Siskiyou,093,43540,427,294,26,320,0
2020-11-16,Solano,095,438530,9424,8827,50,8877,84
2020-11-16,Sonoma,097,501317,11469,10961,38,10999,155
2020-11-16,Stanislaus,099,539301,20277,19333,1140,20473,425
2020-11-16,Sutter,101,95872,2704,2322,9,2331,12
2020-11-16,Tehama,103,63373,1434,1261,8,1269,7
2020-11-16,Trinity,105,12862,201,67,23,90,0
2020-11-16,Tulare,107,460477,20145,18891,938,19829,305
2020-11-16,Tuolumne,109,53932,797,543,5,548,7
2020-11-16,Ventura,111,848112,18068,16691,523,17214,172
2020-11-16,Yolo,113,214977,4209,3858,13,3871,70
2020-11-16,Yuba,115,75493,1679,1500,8,1508,10
2020-11-15,Alameda,001,1643700,27476,25879,269,26148,436
2020-11-15,Alpine,003,1148,35,12,0,12,0
2020-11-15,Amador,005,37829,444,409,1,410,16
2020-11-15,Butte,007,227075,3723,3452,133,3585,58
2020-11-15,Calaveras,009,45235,396,386,0,386,21
2020-11-15,Colusa,011,21464,645,601,1,602,6
2020-11-15,Contra Costa,013,1133247,22210,21179,121,21300,256
2020-11-15,Del Norte,015,27424,253,224,0,224,2
2020-11-15,El Dorado,017,186661,2000,1683,14,1697,4
2020-11-15,Fresno,019,978130,38258,34297,931,35228,471
2020-11-15,Glenn,021,27897,848,783,24,807,4
2020-11-15,Humboldt,023,135768,753,653,1,654,9
2020-11-15,Imperial,025,180216,14726,13940,69,14009,346
2020-11-15,Inyo,027,18085,273,263,5,268,15
2020-11-15,Kern,029,883053,37650,35911,776,36687,455
2020-11-15,Kings,031,150075,10016,9533,107,9640,85
2020-11-15,Lake,033,64148,852,777,0,777,17
2020-11-15,Lassen,035,31185,1253,1124,3,1127,0
2020-11-15,Los Angeles,037,10098052,350893,336035,4340,340375,7271
2020-11-15,Madera,039,155013,5737,5391,90,5481,54
2020-11-15,Marin,041,260295,7509,7347,24,7371,133
2020-11-15,Mariposa,043,17540,97,86,0,86,2
2020-11-15,Mendocino,045,87422,1303,1197,5,1202,22
2020-11-15,Merced,047,269075,10763,10350,84,10434,162
2020-11-15,Modoc,049,8938,85,68,17,85,0
2020-11-15,Mono,051,14174,475,453,9,462,2
2020-11-15,Monterey,053,433212,13730,12999,183,13182,107
2020-11-15,Napa,055,140530,2778,2509,15,2524,17
2020-11-15,Nevada,057,99092,1002,859,24,883,9
2020-11-15,Orange,059,3164182,69852,65008,2087,67095,1519
2020-11-15,Placer,061,380077,5899,5330,79,5409,63
2020-11-15,Plumas,063,18699,162,127,0,127,0
2020-11-15,Riverside,065,2383286,80015,75531,1111,76642,1374
2020-11-15,Sacramento,067,1510023,32566,30601,65,30666,534
2020-11-15,San Benito,069,59416,1671,1589,2,1591,15
2020-11-15,San Bernardino,071,2135413,80973,73769,853,74622,1185
2020-11-15,San Diego,073,3302833,70366,64770,2324,67094,926
2020-11-15,San Francisco,075,870044,14270,13757,79,13836,153
2020-11-15,San Joaquin,077,732212,24568,23516,376,23892,513
2020-11-15,San Luis Obispo,079,281455,5698,5120,83,5203,34
2020-11-15,San Mateo,081,765935,13190,12348,11,12359,169
2020-11-15,Santa Barbara,083,443738,11010,10516,165,10681,135
2020-11-15,Santa Clara,085,1922200,30970,28289,60,28349,418
2020-11-15,Santa Cruz,087,273765,3841,3439,39,3478,25
2020-11-15,Shasta,089,179085,4246,3290,94,3384,37
2020-11-15,Sierra,091,2930,15,11,0,11,0
2020-11-15,Siskiyou,093,43540,408,294,26,320,0
2020-11-15,Solano,095,438530,9263,8713,47,8760,84
2020-11-15,Sonoma,097,501317,11349,10833,37,10870,154
2020-11-15,Stanislaus,099,539301,20005,19228,1115,20343,425
2020-11-15,Sutter,101,95872,2614,2230,9,2239,12
2020-11-15,Tehama,103,63373,1383,1222,7,1229,7
2020-11-15,Trinity,105,12862,191,67,21,88,0
2020-11-15,Tulare,107,460477,19928,18891,885,19776,305
2020-11-15,Tuolumne,109,53932,755,486,5,491,7
2020-11-15,Ventura,111,848112,17794,16564,515,17079,172
2020-11-15,Yolo,113,214977,4106,3819,12,3831,67
2020-11-15,Yuba,115,75493,1638,1470,7,1477,10
2020-11-14,Alameda,001,1643700,27209,25714,267,25981,435
2020-11-14,Alpine,003,1148,35,12,0,12,0
2020-11-14,Amador,005,37829,435,404,0,404,16
2020-11-14,Butte,007,227075,3687,3434,119,3553,58
2020-11-14,Calaveras,009,45235,395,386,0,386,21
2020-11-14,Colusa,011,21464,633,601,1,602,6
2020-11-14,Contra Costa,013,1133247,22071,20975,114,21089,256
2020-11-14,Del Norte,015,27424,247,219,0,219,2
2020-11-14,El Dorado,017,186661,1956,1648,14,1662,4
2020-11-14,Fresno,019,978130,38008,33969,894,34863,471
2020-11-14,Glenn,021,27897,839,772,21,793,3
2020-11-14,Humboldt,023,135768,738,643,1,644,9
2020-11-14,Imperial,025,180216,14633,13932,68,14000,346
2020-11-14,Inyo,027,18085,272,263,5,268,15
2020-11-14,Kern,029,883053,37441,35626,757,36383,454
2020-11-14,Kings,031,150075,9981,9490,104,9594,85
2020-11-14,Lake,033,64148,843,773,0,773,17
2020-11-14,Lassen,035,31185,1239,833,3,836,0
2020-11-14,Los Angeles,037,10098052,348186,333021,4231,337252,7269
2020-11-14,Madera,039,155013,5707,5371,88,5459,54
2020-11-14,Marin,041,260295,7493,7325,24,7349,133
2020-11-14,Mariposa,043,17540,96,86,0,86,2
2020-11-14,Mendocino,045,87422,1287,1181,5,1186,22
2020-11-14,Merced,047,269075,10707,10286,82,10368,161
2020-11-14,Modoc,049,8938,84,64,16,80,0
2020-11-14,Mono,051,14174,475,453,9,462,2
2020-11-14,Monterey,053,433212,13634,12854,173,13027,105
2020-11-14,Napa,055,140530,2744,2473,15,2488,17
2020-11-14,Nevada,057,99092,986,835,24,859,9
2020-11-14,Orange,059,3164182,69231,64340,2076,66416,1517
2020-11-14,Placer,061,380077,5823,5215,73,5288,63
2020-11-14,Plumas,063,18699,157,128,0,128,0
2020-11-14,Riverside,065,2383286,79274,74910,1071,75981,1373
2020-11-14,Sacramento,067,1510023,32240,30298,65,30363,532
2020-11-14,San Benito,069,59416,1656,1573,2,1575,15
2020-11-14,San Bernardino,071,2135413,80039,72868,821,73689,1184
2020-11-14,San Diego,073,3302833,69601,63715,2272,65987,926
2020-11-14,San Francisco,075,870044,14182,13661,78,13739,153
2020-11-14,San Joaquin,077,732212,24477,23516,368,23884,511
2020-11-14,San Luis Obispo,079,281455,5634,5073,78,5151,34
2020-11-14,San Mateo,081,765935,13082,12293,11,12304,169
2020-11-14,Santa Barbara,083,443738,10956,10482,163,10645,135
2020-11-14,Santa Clara,085,1922200,30685,27962,58,28020,416
2020-11-14,Santa Cruz,087,273765,3786,3402,39,3441,25
2020-11-14,Shasta,089,179085,4162,3195,92,3287,37
2020-11-14,Sierra,091,2930,15,11,0,11,0
2020-11-14,Siskiyou,093,43540,395,292,26,318,0
2020-11-14,Solano,095,438530,9183,8655,46,8701,84
2020-11-14,Sonoma,097,501317,11296,10769,37,10806,154
2020-11-14,Stanislaus,099,539301,19863,19068,1093,20161,424
2020-11-14,Sutter,101,95872,2569,2182,9,2191,12
2020-11-14,Tehama,103,63373,1362,1206,6,1212,7
2020-11-14,Trinity,105,12862,186,67,21,88,0
2020-11-14,Tulare,107,460477,19833,18853,857,19710,305
2020-11-14,Tuolumne,109,53932,727,448,5,453,7
2020-11-14,Ventura,111,848112,17648,16297,504,16801,172
2020-11-14,Yolo,113,214977,4063,3765,10,3775,65
2020-11-14,Yuba,115,75493,1609,1453,7,1460,10
2020-11-13,Alameda,001,1643700,26993,25515,262,25777,434
2020-11-13,Alpine,003,1148,35,12,0,12,0
2020-11-13,Amador,005,37829,432,397,0,397,16
2020-11-13,Butte,007,227075,3663,3402,110,3512,58
2020-11-13,Calaveras,009,45235,391,378,0,378,21
2020-11-13,Colusa,011,21464,625,598,1,599,6
2020-11-13,Contra Costa,013,1133247,21898,20799,114,20913,256
2020-11-13,Del Norte,015,27424,244,208,0,208,2
2020-11-13,El Dorado,017,186661,1911,1611,13,1624,4
2020-11-13,Fresno,019,978130,37761,33693,880,34573,470
2020-11-13,Glenn,021,27897,825,755,17,772,3
2020-11-13,Humboldt,023,135768,723,638,1,639,9
2020-11-13,Imperial,025,180216,14563,13790,67,13857,341
2020-11-13,Inyo,027,18085,271,262,5,267,15
2020-11-13,Kern,029,883053,37239,35431,740,36171,453
2020-11-13,Kings,031,150075,9922,9428,103,9531,85
2020-11-13,Lake,033,64148,837,770,0,770,17
2020-11-13,Lassen,035,31185,1230,832,3,835,0
2020-11-13,Los Angeles,037,10098052,345061,329364,4124,333488,7248
2020-11-13,Madera,039,155013,5667,5340,87,5427,54
2020-11-13,Marin,041,260295,7480,7307,23,7330,133
2020-11-13,Mariposa,043,17540,94,86,0,86,2
2020-11-13,Mendocino,045,87422,1275,1173,5,1178,22
2020-11-13,Merced,047,269075,10651,10185,79,10264,159
2020-11-13,Modoc,049,8938,84,63,14,77,0
2020-11-13,Mono,051,14174,475,448,8,456,2
2020-11-13,Monterey,053,433212,13438,12681,161,12842,104
2020-11-13,Napa,055,140530,2705,2440,15,2455,17
2020-11-13,Nevada,057,99092,967,798,24,822,9
2020-11-13,Orange,059,3164182,68632,63804,2056,65860,1514
2020-11-13,Placer,061,380077,5718,5122,67,5189,63
2020-11-13,Plumas,063,18699,151,125,0,125,0
2020-11-13,Riverside,065,2383286,78535,74138,1042,75180,1372
2020-11-13,Sacramento,067,1510023,31922,29787,60,29847,524
2020-11-13,San Benito,069,59416,1644,1553,1,1554,15
2020-11-13,San Bernardino,071,2135413,78991,71895,800,72695,1184
2020-11-13,San Diego,073,3302833,68754,62978,2234,65212,921
2020-11-13,San Francisco,075,870044,14089,13516,76,13592,146
2020-11-13,San Joaquin,077,732212,24382,23314,362,23676,510
2020-11-13,San Luis Obispo,079,281455,5567,4960,75,5035,34
2020-11-13,San Mateo,081,765935,12988,12182,11,12193,169
2020-11-13,Santa Barbara,083,443738,10904,10405,161,10566,134
2020-11-13,Santa Clara,085,1922200,30358,27609,56,27665,415
2020-11-13,Santa Cruz,087,273765,3713,3343,39,3382,25
2020-11-13,Shasta,089,179085,4079,2983,88,3071,37
2020-11-13,Sierra,091,2930,15,11,0,11,0
2020-11-13,Siskiyou,093,43540,390,280,25,305,0
2020-11-13,Solano,095,438530,9092,8525,46,8571,84
2020-11-13,Sonoma,097,501317,11235,10685,35,10720,151
2020-11-13,Stanislaus,099,539301,19738,18936,1065,20001,422
2020-11-13,Sutter,101,95872,2523,2121,8,2129,12
2020-11-13,Tehama,103,63373,1334,1167,6,1173,7
2020-11-13,Trinity,105,12862,184,64,21,85,0
2020-11-13,Tulare,107,460477,19709,18714,816,19530,305
2020-11-13,Tuolumne,109,53932,694,427,5,432,7
2020-11-13,Ventura,111,848112,17502,16172,490,16662,171
2020-11-13,Yolo,113,214977,4012,3716,10,3726,65
2020-11-13,Yuba,115,75493,1582,1435,7,1442,10
2020-11-12,Alameda,001,1643700,26726,25345,262,25607,432
2020-11-12,Alpine,003,1148,34,12,0,12,0
2020-11-12,Amador,005,37829,431,392,0,392,16
2020-11-12,Butte,007,227075,3614,3347,107,3454,58
2020-11-12,Calaveras,009,45235,386,373,0,373,21
2020-11-12,Colusa,011,21464,620,591,1,592,6
2020-11-12,Contra Costa,013,1133247,21691,20619,112,20731,255
2020-11-12,Del Norte,015,27424,237,203,0,203,2
2020-11-12,El Dorado,017,186661,1865,1573,9,1582,4
2020-11-12,Fresno,019,978130,37413,33459,838,34297,468
2020-11-12,Glenn,021,27897,806,727,17,744,3
2020-11-12,Humboldt,023,135768,710,625,1,626,9
2020-11-12,Imperial,025,180216,14398,13619,67,13686,341
2020-11-12,Inyo,027,18085,270,255,5,260,15
2020-11-12,Kern,029,883053,36974,35207,725,35932,451
2020-11-12,Kings,031,150075,9855,9335,102,9437,85
2020-11-12,Lake,033,64148,828,764,0,764,17
2020-11-12,Lassen,035,31185,1161,832,2,834,0
2020-11-12,Los Angeles,037,10098052,341320,327001,4023,331024,7223
2020-11-12,Madera,039,155013,5632,5273,82,5355,54
2020-11-12,Marin,041,260295,7451,7268,23,7291,133
2020-11-12,Mariposa,043,17540,92,84,0,84,2
2020-11-12,Mendocino,045,87422,1256,1142,5,1147,22
2020-11-12,Merced,047,269075,10537,10107,76,10183,158
2020-11-12,Modoc,049,8938,84,63,14,77,0
2020-11-12,Mono,051,14174,474,442,8,450,2
2020-11-12,Monterey,053,433212,13317,12489,147,12636,100
2020-11-12,Napa,055,140530,2643,2398,15,2413,16
2020-11-12,Nevada,057,99092,944,780,23,803,9
2020-11-12,Orange,059,3164182,67887,63232,2037,65269,1514
2020-11-12,Placer,061,380077,5608,5044,58,5102,62
2020-11-12,Plumas,063,18699,147,121,0,121,0
2020-11-12,Riverside,065,2383286,77602,73381,999,74380,1362
2020-11-12,Sacramento,067,1510023,31431,29459,53,29512,520
2020-11-12,San Benito,069,59416,1624,1525,1,1526,15
2020-11-12,San Bernardino,071,2135413,77625,70758,761,71519,1183
2020-11-12,San Diego,073,3302833,67774,62336,2183,64519,918
2020-11-12,San Francisco,075,870044,13990,13289,75,13364,146
2020-11-12,San Joaquin,077,732212,24189,23002,341,23343,509
2020-11-12,San Luis Obispo,079,281455,5503,4898,74,4972,33
2020-11-12,San Mateo,081,765935,12864,12086,10,12096,169
2020-11-12,Santa Barbara,083,443738,10842,10325,156,10481,134
2020-11-12,Santa Clara,085,1922200,29982,27261,55,27316,414
2020-11-12,Santa Cruz,087,273765,3630,3317,37,3354,25
2020-11-12,Shasta,089,179085,3941,2825,77,2902,37
2020-11-12,Sierra,091,2930,15,11,0,11,0
2020-11-12,Siskiyou,093,43540,373,275,20,295,0
2020-11-12,Solano,095,438530,8992,8417,45,8462,85
2020-11-12,Sonoma,097,501317,11133,10602,34,10636,151
2020-11-12,Stanislaus,099,539301,19569,18787,1036,19823,422
2020-11-12,Sutter,101,95872,2439,2075,7,2082,12
2020-11-12,Tehama,103,63373,1307,1117,6,1123,7
2020-11-12,Trinity,105,12862,176,62,20,82,0
2020-11-12,Tulare,107,460477,19597,18545,778,19323,305
2020-11-12,Tuolumne,109,53932,655,353,5,358,7
2020-11-12,Ventura,111,848112,17252,16013,484,16497,158
2020-11-12,Yolo,113,214977,3968,3646,10,3656,63
2020-11-12,Yuba,115,75493,1547,1410,7,1417,10
2020-11-11,Alameda,001,1643700,26483,25140,260,25400,429
2020-11-11,Alpine,003,1148,29,12,0,12,0
2020-11-11,Amador,005,37829,424,389,0,389,16
2020-11-11,Butte,007,227075,3588,3348,94,3442,58
2020-11-11,Calaveras,009,45235,376,373,0,373,21
2020-11-11,Colusa,011,21464,614,591,1,592,6
2020-11-11,Contra Costa,013,1133247,21473,20452,110,20562,255
2020-11-11,Del Norte,015,27424,230,203,0,203,2
2020-11-11,El Dorado,017,186661,1819,1564,8,1572,4
2020-11-11,Fresno,019,978130,37093,33287,803,34090,468
2020-11-11,Glenn,021,27897,790,722,16,738,3
2020-11-11,Humboldt,023,135768,696,623,1,624,9
2020-11-11,Imperial,025,180216,14227,13623,65,13688,340
2020-11-11,Inyo,027,18085,268,255,5,260,15
2020-11-11,Kern,029,883053,36699,35014,708,35722,449
2020-11-11,Kings,031,150075,9749,9263,99,9362,85
2020-11-11,Lake,033,64148,818,763,0,763,17
2020-11-11,Lassen,035,31185,1136,831,2,833,0
2020-11-11,Los Angeles,037,10098052,337957,324567,3937,328504,7220
2020-11-11,Madera,039,155013,5597,5248,80,5328,54
2020-11-11,Marin,041,260295,7428,7268,23,7291,133
2020-11-11,Mariposa,043,17540,92,84,0,84,2
2020-11-11,Mendocino,045,87422,1244,1142,5,1147,22
2020-11-11,Merced,047,269075,10466,10074,74,10148,157
2020-11-11,Modoc,049,8938,80,62,13,75,0
2020-11-11,Mono,051,14174,472,443,8,451,2
2020-11-11,Monterey,053,433212,13173,12417,143,12560,100
2020-11-11,Napa,055,140530,2594,2365,12,2377,15
2020-11-11,Nevada,057,99092,902,741,23,764,9
2020-11-11,Orange,059,3164182,67249,62929,2014,64943,1506
2020-11-11,Placer,061,380077,5524,4981,50,5031,60
2020-11-11,Plumas,063,18699,145,111,0,111,0
2020-11-11,Riverside,065,2383286,76698,72953,953,73906,1361
2020-11-11,Sacramento,067,1510023,30974,28968,51,29019,520
2020-11-11,San Benito,069,59416,1610,1512,1,1513,15
2020-11-11,San Bernardino,071,2135413,76338,70374,734,71108,1182
2020-11-11,San Diego,073,3302833,66839,61746,2122,63868,918
2020-11-11,San Francisco,075,870044,13882,13287,74,13361,146
2020-11-11,San Joaquin,077,732212,24029,23001,335,23336,509
2020-11-11,San Luis Obispo,079,281455,5427,4832,71,4903,33
2020-11-11,San Mateo,081,765935,12749,12008,10,12018,169
2020-11-11,Santa Barbara,083,443738,10777,10278,156,10434,134
2020-11-11,Santa Clara,085,1922200,29629,27075,54,27129,413
2020-11-11,Santa Cruz,087,273765,3562,3247,37,3284,25
2020-11-11,Shasta,089,179085,3817,2766,67,2833,36
2020-11-11,Sierra,091,2930,13,11,0,11,0
2020-11-11,Siskiyou,093,43540,342,261,17,278,0
2020-11-11,Solano,095,438530,8874,8353,43,8396,85
2020-11-11,Sonoma,097,501317,11059,10498,34,10532,150
2020-11-11,Stanislaus,099,539301,19432,18671,1006,19677,422
2020-11-11,Sutter,101,95872,2391,2049,6,2055,12
2020-11-11,Tehama,103,63373,1265,1105,5,1110,7
2020-11-11,Trinity,105,12862,165,62,20,82,0
2020-11-11,Tulare,107,460477,19466,18500,747,19247,305
2020-11-11,Tuolumne,109,53932,599,354,4,358,7
2020-11-11,Ventura,111,848112,17037,15801,470,16271,158
2020-11-11,Yolo,113,214977,3917,3606,10,3616,63
2020-11-11,Yuba,115,75493,1532,1400,7,1407,10
2020-11-10,Alameda,001,1643700,26253,25008,257,25265,424
2020-11-10,Alpine,003,1148,29,9,0,9,0
2020-11-10,Amador,005,37829,418,384,0,384,16
2020-11-10,Butte,007,227075,3552,3327,90,3417,58
2020-11-10,Calaveras,009,45235,371,367,0,367,21
2020-11-10,Colusa,011,21464,606,590,1,591,6
2020-11-10,Contra Costa,013,1133247,21266,20326,108,20434,255
2020-11-10,Del Norte,015,27424,224,196,0,196,2
2020-11-10,El Dorado,017,186661,1758,1551,8,1559,4
2020-11-10,Fresno,019,978130,36823,33024,765,33789,465
2020-11-10,Glenn,021,27897,782,719,12,731,3
2020-11-10,Humboldt,023,135768,679,610,1,611,9
2020-11-10,Imperial,025,180216,14098,13570,65,13635,338
2020-11-10,Inyo,027,18085,267,252,5,257,14
2020-11-10,Kern,029,883053,36422,34858,689,35547,448
2020-11-10,Kings,031,150075,9702,9236,92,9328,85
2020-11-10,Lake,033,64148,808,762,0,762,16
2020-11-10,Lassen,035,31185,1121,830,2,832,0
2020-11-10,Los Angeles,037,10098052,334705,322569,3822,326391,7205
2020-11-10,Madera,039,155013,5555,5229,74,5303,54
2020-11-10,Marin,041,260295,7409,7259,23,7282,133
2020-11-10,Mariposa,043,17540,90,84,0,84,2
2020-11-10,Mendocino,045,87422,1236,1137,5,1142,22
2020-11-10,Merced,047,269075,10404,9992,68,10060,157
2020-11-10,Modoc,049,8938,78,61,13,74,0
2020-11-10,Mono,051,14174,470,443,8,451,2
2020-11-10,Monterey,053,433212,13035,12335,135,12470,100
2020-11-10,Napa,055,140530,2556,2341,10,2351,15
2020-11-10,Nevada,057,99092,886,734,23,757,9
2020-11-10,Orange,059,3164182,66698,62597,2004,64601,1504
2020-11-10,Placer,061,380077,5444,4902,49,4951,60
2020-11-10,Plumas,063,18699,141,108,0,108,0
2020-11-10,Riverside,065,2383286,76056,72316,926,73242,1359
2020-11-10,Sacramento,067,1510023,30567,28677,48,28725,519
2020-11-10,San Benito,069,59416,1595,1508,1,1509,15
2020-11-10,San Bernardino,071,2135413,75168,69666,701,70367,1182
2020-11-10,San Diego,073,3302833,65948,61085,2085,63170,915
2020-11-10,San Francisco,075,870044,13765,13210,74,13284,146
2020-11-10,San Joaquin,077,732212,23864,22865,328,23193,508
2020-11-10,San Luis Obispo,079,281455,5363,4780,68,4848,33
2020-11-10,San Mateo,081,765935,12648,11939,10,11949,169
2020-11-10,Santa Barbara,083,443738,10710,10252,152,10404,134
2020-11-10,Santa Clara,085,1922200,29285,26917,53,26970,409
2020-11-10,Santa Cruz,087,273765,3498,3221,37,3258,25
2020-11-10,Shasta,089,179085,3674,2686,59,2745,36
2020-11-10,Sierra,091,2930,12,10,0,10,0
2020-11-10,Siskiyou,093,43540,326,263,16,279,0
2020-11-10,Solano,095,438530,8776,8299,43,8342,85
2020-11-10,Sonoma,097,501317,10972,10414,34,10448,150
2020-11-10,Stanislaus,099,539301,19298,18592,982,19574,420
2020-11-10,Sutter,101,95872,2296,2035,5,2040,12
2020-11-10,Tehama,103,63373,1239,1099,4,1103,7
2020-11-10,Trinity,105,12862,156,62,18,80,0
2020-11-10,Tulare,107,460477,19352,18430,723,19153,305
2020-11-10,Tuolumne,109,53932,551,353,4,357,7
2020-11-10,Ventura,111,848112,16854,15625,468,16093,158
2020-11-10,Yolo,113,214977,3856,3573,10,3583,63
2020-11-10,Yuba,115,75493,1509,1392,7,1399,10
2020-11-09,Alameda,001,1643700,26004,24899,253,25152,424
2020-11-09,Alpine,003,1148,27,6,0,6,0
2020-11-09,Amador,005,37829,409,380,0,380,16
2020-11-09,Butte,007,227075,3507,3301,81,3382,57
2020-11-09,Calaveras,009,45235,367,360,0,360,21
2020-11-09,Colusa,011,21464,600,583,1,584,6
2020-11-09,Contra Costa,013,1133247,21093,20193,106,20299,255
2020-11-09,Del Norte,015,27424,218,195,0,195,2
2020-11-09,El Dorado,017,186661,1717,1515,8,1523,4
2020-11-09,Fresno,019,978130,36512,32755,725,33480,465
2020-11-09,Glenn,021,27897,776,714,9,723,3
2020-11-09,Humboldt,023,135768,666,607,1,608,9
2020-11-09,Imperial,025,180216,13981,13508,63,13571,338
2020-11-09,Inyo,027,18085,267,252,5,257,14
2020-11-09,Kern,029,883053,36191,34764,653,35417,448
2020-11-09,Kings,031,150075,9632,9141,90,9231,84
2020-11-09,Lake,033,64148,799,755,0,755,16
2020-11-09,Lassen,035,31185,1025,799,2,801,0
2020-11-09,Los Angeles,037,10098052,331608,320370,3746,324116,7180
2020-11-09,Madera,039,155013,5509,5209,71,5280,54
2020-11-09,Marin,041,260295,7383,7237,22,7259,131
2020-11-09,Mariposa,043,17540,90,84,0,84,2
2020-11-09,Mendocino,045,87422,1224,1132,5,1137,22
2020-11-09,Merced,047,269075,10301,9922,65,9987,157
2020-11-09,Modoc,049,8938,74,54,12,66,0
2020-11-09,Mono,051,14174,467,352,8,360,2
2020-11-09,Monterey,053,433212,12888,12148,126,12274,98
2020-11-09,Napa,055,140530,2513,2309,10,2319,15
2020-11-09,Nevada,057,99092,849,729,22,751,9
2020-11-09,Orange,059,3164182,66057,62335,1992,64327,1501
2020-11-09,Placer,061,380077,5359,4843,37,4880,60
2020-11-09,Plumas,063,18699,134,102,0,102,0
2020-11-09,Riverside,065,2383286,75273,72059,892,72951,1346
2020-11-09,Sacramento,067,1510023,30095,28200,48,28248,516
2020-11-09,San Benito,069,59416,1586,1506,1,1507,15
2020-11-09,San Bernardino,071,2135413,74113,69015,659,69674,1182
2020-11-09,San Diego,073,3302833,65093,60572,2045,62617,908
2020-11-09,San Francisco,075,870044,13646,12984,71,13055,146
2020-11-09,San Joaquin,077,732212,23699,22512,323,22835,505
2020-11-09,San Luis Obispo,079,281455,5276,4746,66,4812,32
2020-11-09,San Mateo,081,765935,12541,11857,10,11867,169
2020-11-09,Santa Barbara,083,443738,10653,10214,146,10360,134
2020-11-09,Santa Clara,085,1922200,28890,26693,53,26746,409
2020-11-09,Santa Cruz,087,273765,3440,3194,37,3231,25
2020-11-09,Shasta,089,179085,3520,2581,50,2631,36
2020-11-09,Sierra,091,2930,10,10,0,10,0
2020-11-09,Siskiyou,093,43540,315,257,14,271,0
2020-11-09,Solano,095,438530,8660,8254,42,8296,85
2020-11-09,Sonoma,097,501317,10864,10310,34,10344,150
2020-11-09,Stanislaus,099,539301,19145,18482,965,19447,418
2020-11-09,Sutter,101,95872,2229,2010,4,2014,12
2020-11-09,Tehama,103,63373,1203,1071,3,1074,7
2020-11-09,Trinity,105,12862,149,46,18,64,0
2020-11-09,Tulare,107,460477,19232,18272,691,18963,304
2020-11-09,Tuolumne,109,53932,497,346,4,350,7
2020-11-09,Ventura,111,848112,16652,15568,465,16033,156
2020-11-09,Yolo,113,214977,3796,3522,9,3531,62
2020-11-09,Yuba,115,75493,1476,1380,7,1387,10
2020-11-08,Alameda,001,1643700,25774,24731,253,24984,424
2020-11-08,Alpine,003,1148,24,6,0,6,0
2020-11-08,Amador,005,37829,402,376,0,376,16
2020-11-08,Butte,007,227075,3469,3285,74,3359,57
2020-11-08,Calaveras,009,45235,365,360,0,360,21
2020-11-08,Colusa,011,21464,597,583,1,584,6
2020-11-08,Contra Costa,013,1133247,20923,20031,104,20135,254
2020-11-08,Del Norte,015,27424,210,195,0,195,2
2020-11-08,El Dorado,017,186661,1679,1502,8,1510,4
2020-11-08,Fresno,019,978130,36175,32619,687,33306,465
2020-11-08,Glenn,021,27897,770,707,8,715,3
2020-11-08,Humboldt,023,135768,650,605,1,606,9
2020-11-08,Imperial,025,180216,13865,13428,63,13491,338
2020-11-08,Inyo,027,18085,263,252,5,257,14
2020-11-08,Kern,029,883053,35972,34644,636,35280,448
2020-11-08,Kings,031,150075,9498,9026,87,9113,84
2020-11-08,Lake,033,64148,791,754,0,754,16
2020-11-08,Lassen,035,31185,877,799,2,801,0
2020-11-08,Los Angeles,037,10098052,328482,318960,3678,322638,7176
2020-11-08,Madera,039,155013,5440,5196,68,5264,54
2020-11-08,Marin,041,260295,7363,7227,22,7249,131
2020-11-08,Mariposa,043,17540,90,83,0,83,2
2020-11-08,Mendocino,045,87422,1215,1129,5,1134,22
2020-11-08,Merced,047,269075,10226,9885,63,9948,157
2020-11-08,Modoc,049,8938,70,54,12,66,0
2020-11-08,Mono,051,14174,461,352,8,360,2
2020-11-08,Monterey,053,433212,12743,12122,115,12237,98
2020-11-08,Napa,055,140530,2473,2274,10,2284,15
2020-11-08,Nevada,057,99092,833,715,22,737,9
2020-11-08,Orange,059,3164182,65468,62034,1978,64012,1501
2020-11-08,Placer,061,380077,5256,4800,32,4832,60
2020-11-08,Plumas,063,18699,129,102,0,102,0
2020-11-08,Riverside,065,2383286,74618,71442,850,72292,1345
2020-11-08,Sacramento,067,1510023,29535,28059,45,28104,515
2020-11-08,San Benito,069,59416,1571,1496,1,1497,15
2020-11-08,San Bernardino,071,2135413,72862,68412,620,69032,1182
2020-11-08,San Diego,073,3302833,64248,60199,2001,62200,908
2020-11-08,San Francisco,075,870044,13515,12985,66,13051,146
2020-11-08,San Joaquin,077,732212,23505,22514,319,22833,505
2020-11-08,San Luis Obispo,079,281455,5210,4698,61,4759,32
2020-11-08,San Mateo,081,765935,12422,11783,10,11793,169
2020-11-08,Santa Barbara,083,443738,10583,10180,144,10324,134
2020-11-08,Santa Clara,085,1922200,28516,26442,52,26494,410
2020-11-08,Santa Cruz,087,273765,3383,3134,37,3171,25
2020-11-08,Shasta,089,179085,3383,2582,44,2626,36
2020-11-08,Sierra,091,2930,10,7,0,7,0
2020-11-08,Siskiyou,093,43540,303,246,13,259,0
2020-11-08,Solano,095,438530,8539,8132,41,8173,85
2020-11-08,Sonoma,097,501317,10757,10229,34,10263,149
2020-11-08,Stanislaus,099,539301,18969,18413,944,19357,418
2020-11-08,Sutter,101,95872,2171,1980,4,1984,12
2020-11-08,Tehama,103,63373,1179,1054,3,1057,7
2020-11-08,Trinity,105,12862,146,46,17,63,0
2020-11-08,Tulare,107,460477,19089,18272,661,18933,304
2020-11-08,Tuolumne,109,53932,470,341,4,345,7
2020-11-08,Ventura,111,848112,16457,15504,457,15961,156
2020-11-08,Yolo,113,214977,3735,3492,9,3501,61
2020-11-08,Yuba,115,75493,1455,1369,7,1376,10
2020-11-07,Alameda,001,1643700,25664,24578,251,24829,424
2020-11-07,Alpine,003,1148,24,6,0,6,0
2020-11-07,Amador,005,37829,399,375,0,375,16
2020-11-07,Butte,007,227075,3457,3277,69,3346,57
2020-11-07,Calaveras,009,45235,363,360,0,360,21
2020-11-07,Colusa,011,21464,597,583,1,584,6
2020-11-07,Contra Costa,013,1133247,20822,19943,103,20046,254
2020-11-07,Del Norte,015,27424,206,194,0,194,2
2020-11-07,El Dorado,017,186661,1654,1495,7,1502,4
2020-11-07,Fresno,019,978130,36021,32497,664,33161,465
2020-11-07,Glenn,021,27897,762,707,8,715,3
2020-11-07,Humboldt,023,135768,639,590,1,591,9
2020-11-07,Imperial,025,180216,13807,13388,62,13450,338
2020-11-07,Inyo,027,18085,261,252,5,257,14
2020-11-07,Kern,029,883053,35817,34513,626,35139,448
2020-11-07,Kings,031,150075,9465,9005,81,9086,84
2020-11-07,Lake,033,64148,787,751,0,751,16
2020-11-07,Lassen,035,31185,861,799,2,801,0
2020-11-07,Los Angeles,037,10098052,326974,316756,3610,320366,7174
2020-11-07,Madera,039,155013,5418,5177,66,5243,54
2020-11-07,Marin,041,260295,7352,7215,22,7237,131
2020-11-07,Mariposa,043,17540,90,81,0,81,2
2020-11-07,Mendocino,045,87422,1204,1118,5,1123,22
2020-11-07,Merced,047,269075,10194,9855,59,9914,157
2020-11-07,Modoc,049,8938,70,51,12,63,0
2020-11-07,Mono,051,14174,458,352,8,360,2
2020-11-07,Monterey,053,433212,12674,12030,111,12141,98
2020-11-07,Napa,055,140530,2443,2260,9,2269,15
2020-11-07,Nevada,057,99092,816,710,22,732,9
2020-11-07,Orange,059,3164182,65182,62038,1972,64010,1505
2020-11-07,Placer,061,380077,5193,4745,32,4777,60
2020-11-07,Plumas,063,18699,127,94,0,94,0
2020-11-07,Riverside,065,2383286,74223,71153,822,71975,1345
2020-11-07,Sacramento,067,1510023,29284,27773,45,27818,515
2020-11-07,San Benito,069,59416,1559,1489,1,1490,15
2020-11-07,San Bernardino,071,2135413,72347,67935,609,68544,1182
2020-11-07,San Diego,073,3302833,63736,59682,1969,61651,909
2020-11-07,San Francisco,075,870044,13454,12980,65,13045,146
2020-11-07,San Joaquin,077,732212,23396,22517,313,22830,505
2020-11-07,San Luis Obispo,079,281455,5161,4668,58,4726,32
2020-11-07,San Mateo,081,765935,12359,11711,10,11721,169
2020-11-07,Santa Barbara,083,443738,10541,10157,142,10299,134
2020-11-07,Santa Clara,085,1922200,28311,26244,51,26295,410
2020-11-07,Santa Cruz,087,273765,3345,3130,37,3167,25
2020-11-07,Shasta,089,179085,3314,2547,42,2589,36
2020-11-07,Sierra,091,2930,10,7,0,7,0
2020-11-07,Siskiyou,093,43540,299,241,13,254,0
2020-11-07,Solano,095,438530,8487,8066,41,8107,85
2020-11-07,Sonoma,097,501317,10711,10200,34,10234,149
2020-11-07,Stanislaus,099,539301,18860,18386,927,19313,418
2020-11-07,Sutter,101,95872,2131,1973,4,1977,12
2020-11-07,Tehama,103,63373,1155,1043,3,1046,7
2020-11-07,Trinity,105,12862,146,42,16,58,0
2020-11-07,Tulare,107,460477,19033,18229,644,18873,304
2020-11-07,Tuolumne,109,53932,459,327,4,331,7
2020-11-07,Ventura,111,848112,16397,15364,452,15816,156
2020-11-07,Yolo,113,214977,3704,3486,9,3495,61
2020-11-07,Yuba,115,75493,1440,1349,7,1356,10
2020-11-06,Alameda,001,1643700,25532,24389,249,24638,420
2020-11-06,Alpine,003,1148,24,6,0,6,0
2020-11-06,Amador,005,37829,397,369,0,369,16
2020-11-06,Butte,007,227075,3432,3254,61,3315,57
2020-11-06,Calaveras,009,45235,362,359,0,359,21
2020-11-06,Colusa,011,21464,595,580,1,581,6
2020-11-06,Contra Costa,013,1133247,20673,19744,103,19847,252
2020-11-06,Del Norte,015,27424,203,194,0,194,2
2020-11-06,El Dorado,017,186661,1628,1475,7,1482,4
2020-11-06,Fresno,019,978130,35833,32278,647,32925,460
2020-11-06,Glenn,021,27897,756,707,7,714,3
2020-11-06,Humboldt,023,135768,636,587,1,588,9
2020-11-06,Imperial,025,180216,13754,13230,62,13292,338
2020-11-06,Inyo,027,18085,259,246,5,251,14
2020-11-06,Kern,029,883053,35652,34360,608,34968,443
2020-11-06,Kings,031,150075,9441,8883,79,8962,83
2020-11-06,Lake,033,64148,786,741,0,741,16
2020-11-06,Lassen,035,31185,853,794,2,796,0
2020-11-06,Los Angeles,037,10098052,325001,314356,3557,317913,7160
2020-11-06,Madera,039,155013,5402,5136,65,5201,54
2020-11-06,Marin,041,260295,7331,7184,22,7206,131
2020-11-06,Mariposa,043,17540,89,79,0,79,2
2020-11-06,Mendocino,045,87422,1199,1113,5,1118,22
2020-11-06,Merced,047,269075,10154,9778,56,9834,157
2020-11-06,Modoc,049,8938,70,48,12,60,0
2020-11-06,Mono,051,14174,452,308,8,316,1
2020-11-06,Monterey,053,433212,12557,11914,110,12024,96
2020-11-06,Napa,055,140530,2418,2189,9,2198,15
2020-11-06,Nevada,057,99092,803,692,21,713,9
2020-11-06,Orange,059,3164182,64879,61049,1962,63011,1494
2020-11-06,Placer,061,380077,5120,4680,32,4712,60
2020-11-06,Plumas,063,18699,122,90,0,90,0
2020-11-06,Riverside,065,2383286,73773,70409,781,71190,1341
2020-11-06,Sacramento,067,1510023,28992,27489,43,27532,514
2020-11-06,San Benito,069,59416,1550,1479,1,1480,15
2020-11-06,San Bernardino,071,2135413,71751,66740,588,67328,1179
2020-11-06,San Diego,073,3302833,63212,59143,1937,61080,907
2020-11-06,San Francisco,075,870044,13384,12825,64,12889,146
2020-11-06,San Joaquin,077,732212,23311,22424,303,22727,502
2020-11-06,San Luis Obispo,079,281455,5096,4531,52,4583,32
2020-11-06,San Mateo,081,765935,12284,11587,10,11597,168
2020-11-06,Santa Barbara,083,443738,10505,10118,137,10255,133
2020-11-06,Santa Clara,085,1922200,28069,25831,51,25882,402
2020-11-06,Santa Cruz,087,273765,3308,3063,37,3100,25
2020-11-06,Shasta,089,179085,3241,2475,41,2516,35
2020-11-06,Sierra,091,2930,9,7,0,7,0
2020-11-06,Siskiyou,093,43540,286,237,12,249,0
2020-11-06,Solano,095,438530,8422,7959,41,8000,85
2020-11-06,Sonoma,097,501317,10661,10142,34,10176,149
2020-11-06,Stanislaus,099,539301,18772,18250,918,19168,417
2020-11-06,Sutter,101,95872,2104,1937,2,1939,12
2020-11-06,Tehama,103,63373,1134,1024,3,1027,6
2020-11-06,Trinity,105,12862,143,41,16,57,0
2020-11-06,Tulare,107,460477,18969,18136,619,18755,300
2020-11-06,Tuolumne,109,53932,438,316,4,320,5
2020-11-06,Ventura,111,848112,16311,15222,449,15671,154
2020-11-06,Yolo,113,214977,3675,3420,9,3429,62
2020-11-06,Yuba,115,75493,1427,1335,7,1342,10
2020-11-05,Alameda,001,1643700,25354,24270,249,24519,420
2020-11-05,Alpine,003,1148,24,6,0,6,0
2020-11-05,Amador,005,37829,394,363,0,363,16
2020-11-05,Butte,007,227075,3409,3239,55,3294,57
2020-11-05,Calaveras,009,45235,355,333,0,333,19
2020-11-05,Colusa,011,21464,591,574,1,575,6
2020-11-05,Contra Costa,013,1133247,20491,19656,101,19757,252
2020-11-05,Del Norte,015,27424,201,192,0,192,2
2020-11-05,El Dorado,017,186661,1604,1466,7,1473,4
2020-11-05,Fresno,019,978130,35589,32056,622,32678,460
2020-11-05,Glenn,021,27897,736,702,7,709,3
2020-11-05,Humboldt,023,135768,625,581,1,582,9
2020-11-05,Imperial,025,180216,13662,13178,60,13238,337
2020-11-05,Inyo,027,18085,259,247,5,252,14
2020-11-05,Kern,029,883053,35450,34232,594,34826,443
2020-11-05,Kings,031,150075,9286,8846,76,8922,83
2020-11-05,Lake,033,64148,782,739,0,739,16
2020-11-05,Lassen,035,31185,822,782,2,784,0
2020-11-05,Los Angeles,037,10098052,322645,312381,3504,315885,7146
2020-11-05,Madera,039,155013,5363,5129,62,5191,54
2020-11-05,Marin,041,260295,7309,7171,22,7193,131
2020-11-05,Mariposa,043,17540,88,79,0,79,2
2020-11-05,Mendocino,045,87422,1187,1112,5,1117,22
2020-11-05,Merced,047,269075,10095,9753,51,9804,155
2020-11-05,Modoc,049,8938,69,47,11,58,0
2020-11-05,Mono,051,14174,450,307,8,315,1
2020-11-05,Monterey,053,433212,12449,11784,106,11890,96
2020-11-05,Napa,055,140530,2391,2158,9,2167,15
2020-11-05,Nevada,057,99092,781,687,20,707,9
2020-11-05,Orange,059,3164182,64432,60740,1952,62692,1484
2020-11-05,Placer,061,380077,5051,4627,27,4654,60
2020-11-05,Plumas,063,18699,114,90,0,90,0
2020-11-05,Riverside,065,2383286,73062,70094,723,70817,1338
2020-11-05,Sacramento,067,1510023,28611,27232,42,27274,512
2020-11-05,San Benito,069,59416,1535,1477,1,1478,15
2020-11-05,San Bernardino,071,2135413,70924,66407,575,66982,1174
2020-11-05,San Diego,073,3302833,62586,58659,1911,60570,904
2020-11-05,San Francisco,075,870044,13272,12726,63,12789,146
2020-11-05,San Joaquin,077,732212,23147,22318,299,22617,502
2020-11-05,San Luis Obispo,079,281455,5029,4459,50,4509,32
2020-11-05,San Mateo,081,765935,12190,11535,10,11545,168
2020-11-05,Santa Barbara,083,443738,10461,10080,134,10214,133
2020-11-05,Santa Clara,085,1922200,27802,25651,51,25702,402
2020-11-05,Santa Cruz,087,273765,3270,3023,37,3060,25
2020-11-05,Shasta,089,179085,3151,2401,40,2441,34
2020-11-05,Sierra,091,2930,9,6,0,6,0
2020-11-05,Siskiyou,093,43540,275,228,12,240,0
2020-11-05,Solano,095,438530,8339,7842,41,7883,85
2020-11-05,Sonoma,097,501317,10549,10064,33,10097,145
2020-11-05,Stanislaus,099,539301,18658,18194,905,19099,417
2020-11-05,Sutter,101,95872,2072,1925,2,1927,12
2020-11-05,Tehama,103,63373,1112,1015,2,1017,6
2020-11-05,Trinity,105,12862,127,41,15,56,0
2020-11-05,Tulare,107,460477,18881,18049,592,18641,301
2020-11-05,Tuolumne,109,53932,409,312,4,316,5
2020-11-05,Ventura,111,848112,16145,15113,438,15551,155
2020-11-05,Yolo,113,214977,3625,3391,9,3400,61
2020-11-05,Yuba,115,75493,1409,1322,7,1329,10
2020-11-04,Alameda,001,1643700,25177,24172,247,24419,418
2020-11-04,Alpine,003,1148,20,5,0,5,0
2020-11-04,Amador,005,37829,391,362,0,362,16
2020-11-04,Butte,007,227075,3383,3218,52,3270,57
2020-11-04,Calaveras,009,45235,352,290,0,290,19
2020-11-04,Colusa,011,21464,589,571,1,572,6
2020-11-04,Contra Costa,013,1133247,20324,19472,98,19570,251
2020-11-04,Del Norte,015,27424,197,188,0,188,2
2020-11-04,El Dorado,017,186661,1589,1448,4,1452,4
2020-11-04,Fresno,019,978130,35356,31952,594,32546,457
2020-11-04,Glenn,021,27897,732,701,6,707,3
2020-11-04,Humboldt,023,135768,616,571,1,572,9
2020-11-04,Imperial,025,180216,13564,13087,60,13147,335
2020-11-04,Inyo,027,18085,258,247,5,252,14
2020-11-04,Kern,029,883053,35295,34027,583,34610,439
2020-11-04,Kings,031,150075,9252,8817,74,8891,83
2020-11-04,Lake,033,64148,775,735,0,735,16
2020-11-04,Lassen,035,31185,817,781,2,783,0
2020-11-04,Los Angeles,037,10098052,320335,310456,3424,313880,7124
2020-11-04,Madera,039,155013,5343,5083,58,5141,54
2020-11-04,Marin,041,260295,7297,7157,22,7179,131
2020-11-04,Mariposa,043,17540,88,79,0,79,2
2020-11-04,Mendocino,045,87422,1169,1089,5,1094,22
2020-11-04,Merced,047,269075,10045,9717,49,9766,153
2020-11-04,Modoc,049,8938,59,47,11,58,0
2020-11-04,Mono,051,14174,447,237,7,244,1
2020-11-04,Monterey,053,433212,12244,11743,100,11843,96
2020-11-04,Napa,055,140530,2337,2133,9,2142,15
2020-11-04,Nevada,057,99092,762,675,20,695,9
2020-11-04,Orange,059,3164182,63998,60463,1929,62392,1483
2020-11-04,Placer,061,380077,4972,4526,24,4550,60
2020-11-04,Plumas,063,18699,112,88,0,88,0
2020-11-04,Riverside,065,2383286,72445,69562,664,70226,1335
2020-11-04,Sacramento,067,1510023,28260,27005,41,27046,510
2020-11-04,San Benito,069,59416,1520,1464,1,1465,15
2020-11-04,San Bernardino,071,2135413,70127,65891,552,66443,1169
2020-11-04,San Diego,073,3302833,61940,58126,1885,60011,904
2020-11-04,San Francisco,075,870044,13188,12649,60,12709,146
2020-11-04,San Joaquin,077,732212,23010,22197,286,22483,500
2020-11-04,San Luis Obispo,079,281455,4962,4389,48,4437,32
2020-11-04,San Mateo,081,765935,12095,11456,10,11466,168
2020-11-04,Santa Barbara,083,443738,10423,10026,133,10159,132
2020-11-04,Santa Clara,085,1922200,27539,25487,51,25538,393
2020-11-04,Santa Cruz,087,273765,3233,2997,37,3034,25
2020-11-04,Shasta,089,179085,3020,2321,35,2356,34
2020-11-04,Sierra,091,2930,9,6,0,6,0
2020-11-04,Siskiyou,093,43540,266,222,12,234,0
2020-11-04,Solano,095,438530,8240,7733,41,7774,85
2020-11-04,Sonoma,097,501317,10455,9965,33,9998,142
2020-11-04,Stanislaus,099,539301,18541,18114,890,19004,416
2020-11-04,Sutter,101,95872,2038,1916,2,1918,12
2020-11-04,Tehama,103,63373,1088,997,2,999,6
2020-11-04,Trinity,105,12862,123,37,15,52,0
2020-11-04,Tulare,107,460477,18772,17952,564,18516,298
2020-11-04,Tuolumne,109,53932,387,310,4,314,5
2020-11-04,Ventura,111,848112,16004,14936,435,15371,155
2020-11-04,Yolo,113,214977,3584,3361,9,3370,62
2020-11-04,Yuba,115,75493,1388,1312,7,1319,10
2020-11-03,Alameda,001,1643700,24993,24055,245,24300,418
2020-11-03,Alpine,003,1148,19,4,0,4,0
2020-11-03,Amador,005,37829,386,361,0,361,16
2020-11-03,Butte,007,227075,3359,3211,47,3258,57
2020-11-03,Calaveras,009,45235,348,287,0,287,19
2020-11-03,Colusa,011,21464,584,572,1,573,6
2020-11-03,Contra Costa,013,1133247,20169,19416,98,19514,250
2020-11-03,Del Norte,015,27424,196,187,0,187,2
2020-11-03,El Dorado,017,186661,1567,1445,3,1448,4
2020-11-03,Fresno,019,978130,35086,31856,572,32428,457
2020-11-03,Glenn,021,27897,726,698,6,704,3
2020-11-03,Humboldt,023,135768,610,570,1,571,8
2020-11-03,Imperial,025,180216,13475,13044,58,13102,335
2020-11-03,Inyo,027,18085,257,244,5,249,14
2020-11-03,Kern,029,883053,35104,33957,572,34529,439
2020-11-03,Kings,031,150075,9089,8783,69,8852,83
2020-11-03,Lake,033,64148,765,732,0,732,16
2020-11-03,Lassen,035,31185,808,782,2,784,0
2020-11-03,Los Angeles,037,10098052,317879,308812,3356,312168,7104
2020-11-03,Madera,039,155013,5306,5058,57,5115,54
2020-11-03,Marin,041,260295,7277,7147,21,7168,131
2020-11-03,Mariposa,043,17540,87,79,0,79,2
2020-11-03,Mendocino,045,87422,1154,1084,5,1089,22
2020-11-03,Merced,047,269075,9992,9713,48,9761,153
2020-11-03,Modoc,049,8938,57,47,9,56,0
2020-11-03,Mono,051,14174,443,210,7,217,1
2020-11-03,Monterey,053,433212,12175,11703,93,11796,94
2020-11-03,Napa,055,140530,2301,2130,9,2139,15
2020-11-03,Nevada,057,99092,742,670,19,689,9
2020-11-03,Orange,059,3164182,63569,60283,1918,62201,1477
2020-11-03,Placer,061,380077,4898,4514,24,4538,60
2020-11-03,Plumas,063,18699,109,86,0,86,0
2020-11-03,Riverside,065,2383286,71826,69300,639,69939,1325
2020-11-03,Sacramento,067,1510023,27880,26841,40,26881,510
2020-11-03,San Benito,069,59416,1510,1463,1,1464,15
2020-11-03,San Bernardino,071,2135413,69316,65320,544,65864,1159
2020-11-03,San Diego,073,3302833,61264,57722,1841,59563,901
2020-11-03,San Francisco,075,870044,13065,12585,60,12645,146
2020-11-03,San Joaquin,077,732212,22875,22109,280,22389,500
2020-11-03,San Luis Obispo,079,281455,4877,4371,46,4417,32
2020-11-03,San Mateo,081,765935,12000,11406,10,11416,162
2020-11-03,Santa Barbara,083,443738,10369,10008,128,10136,132
2020-11-03,Santa Clara,085,1922200,27267,25386,50,25436,393
2020-11-03,Santa Cruz,087,273765,3183,2980,36,3016,25
2020-11-03,Shasta,089,179085,2926,2288,28,2316,33
2020-11-03,Sierra,091,2930,7,6,0,6,0
2020-11-03,Siskiyou,093,43540,262,219,11,230,0
2020-11-03,Solano,095,438530,8157,7691,41,7732,85
2020-11-03,Sonoma,097,501317,10353,9906,33,9939,142
2020-11-03,Stanislaus,099,539301,18420,18080,879,18959,416
2020-11-03,Sutter,101,95872,2005,1914,2,1916,12
2020-11-03,Tehama,103,63373,1067,988,2,990,6
2020-11-03,Trinity,105,12862,116,36,14,50,0
2020-11-03,Tulare,107,460477,18666,17890,539,18429,297
2020-11-03,Tuolumne,109,53932,364,302,4,306,5
2020-11-03,Ventura,111,848112,15877,14816,428,15244,155
2020-11-03,Yolo,113,214977,3533,3343,9,3352,61
2020-11-03,Yuba,115,75493,1375,1295,7,1302,10
2020-11-02,Alameda,001,1643700,24797,23991,242,24233,419
2020-11-02,Alpine,003,1148,16,4,0,4,0
2020-11-02,Amador,005,37829,378,357,0,357,16
2020-11-02,Butte,007,227075,3339,3198,44,3242,57
2020-11-02,Calaveras,009,45235,348,282,0,282,18
2020-11-02,Colusa,011,21464,579,571,1,572,6
2020-11-02,Contra Costa,013,1133247,20015,19339,97,19436,250
2020-11-02,Del Norte,015,27424,193,175,0,175,2
2020-11-02,El Dorado,017,186661,1543,1405,3,1408,4
2020-11-02,Fresno,019,978130,34816,31738,555,32293,451
2020-11-02,Glenn,021,27897,720,692,5,697,3
2020-11-02,Humboldt,023,135768,601,569,1,570,8
2020-11-02,Imperial,025,180216,13395,13004,57,13061,334
2020-11-02,Inyo,027,18085,254,243,5,248,14
2020-11-02,Kern,029,883053,34946,33834,562,34396,437
2020-11-02,Kings,031,150075,9059,8654,66,8720,82
2020-11-02,Lake,033,64148,759,728,0,728,17
2020-11-02,Lassen,035,31185,800,782,2,784,0
2020-11-02,Los Angeles,037,10098052,315536,307620,3278,310898,7079
2020-11-02,Madera,039,155013,5276,5033,56,5089,54
2020-11-02,Marin,041,260295,7259,7132,20,7152,125
2020-11-02,Mariposa,043,17540,87,79,0,79,2
2020-11-02,Mendocino,045,87422,1140,1076,5,1081,21
2020-11-02,Merced,047,269075,9930,9664,42,9706,152
2020-11-02,Modoc,049,8938,54,45,5,50,0
2020-11-02,Mono,051,14174,441,211,7,218,1
2020-11-02,Monterey,053,433212,12068,11602,90,11692,93
2020-11-02,Napa,055,140530,2259,2081,9,2090,15
2020-11-02,Nevada,057,99092,726,656,19,675,9
2020-11-02,Orange,059,3164182,63164,59996,1902,61898,1474
2020-11-02,Placer,061,380077,4830,4461,22,4483,60
2020-11-02,Plumas,063,18699,101,86,0,86,0
2020-11-02,Riverside,065,2383286,71195,68833,598,69431,1321
2020-11-02,Sacramento,067,1510023,27538,26676,38,26714,508
2020-11-02,San Benito,069,59416,1498,1459,1,1460,15
2020-11-02,San Bernardino,071,2135413,68462,64629,533,65162,1157
2020-11-02,San Diego,073,3302833,60541,57429,1796,59225,891
2020-11-02,San Francisco,075,870044,12968,12436,59,12495,145
2020-11-02,San Joaquin,077,732212,22735,21919,272,22191,500
2020-11-02,San Luis Obispo,079,281455,4777,4303,43,4346,31
2020-11-02,San Mateo,081,765935,11891,11328,10,11338,161
2020-11-02,Santa Barbara,083,443738,10328,9985,123,10108,130
2020-11-02,Santa Clara,085,1922200,26977,25222,50,25272,387
2020-11-02,Santa Cruz,087,273765,3141,2943,36,2979,25
2020-11-02,Shasta,089,179085,2823,2174,24,2198,33
2020-11-02,Sierra,091,2930,7,6,0,6,0
2020-11-02,Siskiyou,093,43540,252,216,11,227,0
2020-11-02,Solano,095,438530,8039,7665,41,7706,84
2020-11-02,Sonoma,097,501317,10270,9796,32,9828,140
2020-11-02,Stanislaus,099,539301,18324,18005,870,18875,412
2020-11-02,Sutter,101,95872,1981,1895,2,1897,12
2020-11-02,Tehama,103,63373,1044,971,2,973,6
2020-11-02,Trinity,105,12862,110,30,14,44,0
2020-11-02,Tulare,107,460477,18573,17774,518,18292,299
2020-11-02,Tuolumne,109,53932,343,302,4,306,5
2020-11-02,Ventura,111,848112,15736,14767,414,15181,156
2020-11-02,Yolo,113,214977,3484,3318,9,3327,61
2020-11-02,Yuba,115,75493,1362,1280,7,1287,10
2020-11-01,Alameda,001,1643700,24634,23892,240,24132,419
2020-11-01,Alpine,003,1148,10,4,0,4,0
2020-11-01,Amador,005,37829,375,352,0,352,16
2020-11-01,Butte,007,227075,3315,3185,43,3228,57
2020-11-01,Calaveras,009,45235,347,282,0,282,18
2020-11-01,Colusa,011,21464,577,567,1,568,6
2020-11-01,Contra Costa,013,1133247,19841,19246,96,19342,250
2020-11-01,Del Norte,015,27424,189,175,0,175,2
2020-11-01,El Dorado,017,186661,1527,1394,3,1397,4
2020-11-01,Fresno,019,978130,34558,31613,535,32148,451
2020-11-01,Glenn,021,27897,711,688,3,691,3
2020-11-01,Humboldt,023,135768,593,568,1,569,8
2020-11-01,Imperial,025,180216,13304,12969,55,13024,334
2020-11-01,Inyo,027,18085,252,241,5,246,14
2020-11-01,Kern,029,883053,34765,33760,467,34227,437
2020-11-01,Kings,031,150075,9021,8641,65,8706,82
2020-11-01,Lake,033,64148,753,727,0,727,17
2020-11-01,Lassen,035,31185,800,782,2,784,0
2020-11-01,Los Angeles,037,10098052,312969,306217,3185,309402,7077
2020-11-01,Madera,039,155013,5228,5019,54,5073,54
2020-11-01,Marin,041,260295,7242,7124,20,7144,125
2020-11-01,Mariposa,043,17540,83,79,0,79,2
2020-11-01,Mendocino,045,87422,1127,1074,5,1079,21
2020-11-01,Merced,047,269075,9869,9626,42,9668,152
2020-11-01,Modoc,049,8938,53,45,5,50,0
2020-11-01,Mono,051,14174,412,211,6,217,1
2020-11-01,Monterey,053,433212,11960,11587,87,11674,93
2020-11-01,Napa,055,140530,2225,2067,9,2076,15
2020-11-01,Nevada,057,99092,710,646,18,664,9
2020-11-01,Orange,059,3164182,62762,59733,1875,61608,1475
2020-11-01,Placer,061,380077,4764,4422,21,4443,58
2020-11-01,Plumas,063,18699,96,86,0,86,0
2020-11-01,Riverside,065,2383286,70565,68493,562,69055,1319
2020-11-01,Sacramento,067,1510023,27217,26442,38,26480,508
2020-11-01,San Benito,069,59416,1483,1451,1,1452,15
2020-11-01,San Bernardino,071,2135413,67619,64339,512,64851,1157
2020-11-01,San Diego,073,3302833,59853,57122,1756,58878,891
2020-11-01,San Francisco,075,870044,12845,12436,54,12490,145
2020-11-01,San Joaquin,077,732212,22607,21919,266,22185,500
2020-11-01,San Luis Obispo,079,281455,4697,4303,42,4345,31
2020-11-01,San Mateo,081,765935,11810,11280,10,11290,160
2020-11-01,Santa Barbara,083,443738,10277,9969,107,10076,130
2020-11-01,Santa Clara,085,1922200,26697,25090,50,25140,386
2020-11-01,Santa Cruz,087,273765,3088,2921,36,2957,25
2020-11-01,Shasta,089,179085,2688,2172,23,2195,33
2020-11-01,Sierra,091,2930,7,6,0,6,0
2020-11-01,Siskiyou,093,43540,247,205,11,216,0
2020-11-01,Solano,095,438530,7949,7591,41,7632,84
2020-11-01,Sonoma,097,501317,10178,9688,32,9720,140
2020-11-01,Stanislaus,099,539301,18223,17961,850,18811,412
2020-11-01,Sutter,101,95872,1955,1888,1,1889,12
2020-11-01,Tehama,103,63373,1027,965,2,967,5
2020-11-01,Trinity,105,12862,108,30,13,43,0
2020-11-01,Tulare,107,460477,18461,17774,487,18261,299
2020-11-01,Tuolumne,109,53932,321,295,4,299,5
2020-11-01,Ventura,111,848112,15587,14686,383,15069,156
2020-11-01,Yolo,113,214977,3436,3303,9,3312,60
2020-11-01,Yuba,115,75493,1345,1273,7,1280,10
2020-10-31,Alameda,001,1643700,24519,23780,236,24016,416
2020-10-31,Alpine,003,1148,10,4,0,4,0
2020-10-31,Amador,005,37829,371,347,0,347,16
2020-10-31,Butte,007,227075,3302,3172,41,3213,57
2020-10-31,Calaveras,009,45235,347,280,0,280,18
2020-10-31,Colusa,011,21464,575,555,1,556,6
2020-10-31,Contra Costa,013,1133247,19735,19161,96,19257,249
2020-10-31,Del Norte,015,27424,188,175,0,175,2
2020-10-31,El Dorado,017,186661,1518,1390,3,1393,4
2020-10-31,Fresno,019,978130,34422,31558,532,32090,451
2020-10-31,Glenn,021,27897,709,678,3,681,3
2020-10-31,Humboldt,023,135768,590,561,1,562,8
2020-10-31,Imperial,025,180216,13262,12912,55,12967,334
2020-10-31,Inyo,027,18085,251,241,5,246,14
2020-10-31,Kern,029,883053,34662,33666,457,34123,437
2020-10-31,Kings,031,150075,9000,8612,64,8676,82
2020-10-31,Lake,033,64148,749,724,0,724,16
2020-10-31,Lassen,035,31185,795,782,2,784,0
2020-10-31,Los Angeles,037,10098052,311597,304704,3141,307845,7073
2020-10-31,Madera,039,155013,5210,5013,51,5064,54
2020-10-31,Marin,041,260295,7226,7112,20,7132,125
2020-10-31,Mariposa,043,17540,83,79,0,79,2
2020-10-31,Mendocino,045,87422,1119,1066,5,1071,21
2020-10-31,Merced,047,269075,9836,9597,41,9638,151
2020-10-31,Modoc,049,8938,52,34,4,38,0
2020-10-31,Mono,051,14174,263,194,5,199,1
2020-10-31,Monterey,053,433212,11892,11539,83,11622,93
2020-10-31,Napa,055,140530,2206,2040,9,2049,15
2020-10-31,Nevada,057,99092,692,644,18,662,9
2020-10-31,Orange,059,3164182,62503,59488,1857,61345,1473
2020-10-31,Placer,061,380077,4714,4374,20,4394,58
2020-10-31,Plumas,063,18699,95,85,0,85,0
2020-10-31,Riverside,065,2383286,70208,68178,539,68717,1319
2020-10-31,Sacramento,067,1510023,27018,26316,36,26352,507
2020-10-31,San Benito,069,59416,1476,1448,1,1449,15
2020-10-31,San Bernardino,071,2135413,67194,64016,502,64518,1157
2020-10-31,San Diego,073,3302833,59400,56769,1728,58497,891
2020-10-31,San Francisco,075,870044,12771,12438,53,12491,145
2020-10-31,San Joaquin,077,732212,22532,21918,257,22175,500
2020-10-31,San Luis Obispo,079,281455,4628,4285,39,4324,31
2020-10-31,San Mateo,081,765935,11758,11253,10,11263,160
2020-10-31,Santa Barbara,083,443738,10249,9957,99,10056,130
2020-10-31,Santa Clara,085,1922200,26529,24957,50,25007,379
2020-10-31,Santa Cruz,087,273765,3053,2895,35,2930,25
2020-10-31,Shasta,089,179085,2634,2122,22,2144,33
2020-10-31,Sierra,091,2930,7,6,0,6,0
2020-10-31,Siskiyou,093,43540,245,200,11,211,0
2020-10-31,Solano,095,438530,7885,7545,41,7586,84
2020-10-31,Sonoma,097,501317,10125,9648,32,9680,140
2020-10-31,Stanislaus,099,539301,18160,17920,834,18754,412
2020-10-31,Sutter,101,95872,1946,1876,1,1877,12
2020-10-31,Tehama,103,63373,1017,953,2,955,5
2020-10-31,Trinity,105,12862,105,30,13,43,0
2020-10-31,Tulare,107,460477,18412,17758,479,18237,299
2020-10-31,Tuolumne,109,53932,314,290,4,294,5
2020-10-31,Ventura,111,848112,15503,14635,365,15000,155
2020-10-31,Yolo,113,214977,3401,3290,9,3299,60
2020-10-31,Yuba,115,75493,1329,1260,6,1266,10
2020-10-30,Alameda,001,1643700,24439,23676,234,23910,401
2020-10-30,Alpine,003,1148,10,4,0,4,0
2020-10-30,Amador,005,37829,371,344,0,344,16
2020-10-30,Butte,007,227075,3297,3160,41,3201,57
2020-10-30,Calaveras,009,45235,346,279,0,279,18
2020-10-30,Colusa,011,21464,573,554,1,555,6
2020-10-30,Contra Costa,013,1133247,19663,19074,96,19170,249
2020-10-30,Del Norte,015,27424,187,175,0,175,2
2020-10-30,El Dorado,017,186661,1505,1386,3,1389,4
2020-10-30,Fresno,019,978130,34300,31409,523,31932,446
2020-10-30,Glenn,021,27897,703,674,2,676,3
2020-10-30,Humboldt,023,135768,589,561,1,562,7
2020-10-30,Imperial,025,180216,13221,12853,55,12908,334
2020-10-30,Inyo,027,18085,250,241,5,246,14
2020-10-30,Kern,029,883053,34569,33583,456,34039,437
2020-10-30,Kings,031,150075,8990,8564,62,8626,82
2020-10-30,Lake,033,64148,749,720,0,720,16
2020-10-30,Lassen,035,31185,789,777,2,779,0
2020-10-30,Los Angeles,037,10098052,310161,303425,3106,306531,7060
2020-10-30,Madera,039,155013,5198,4991,49,5040,54
2020-10-30,Marin,041,260295,7206,7097,20,7117,125
2020-10-30,Mariposa,043,17540,83,78,0,78,2
2020-10-30,Mendocino,045,87422,1117,1062,5,1067,21
2020-10-30,Merced,047,269075,9804,9539,41,9580,150
2020-10-30,Modoc,049,8938,51,34,3,37,0
2020-10-30,Mono,051,14174,262,193,5,198,1
2020-10-30,Monterey,053,433212,11829,11491,78,11569,92
2020-10-30,Napa,055,140530,2188,2028,9,2037,15
2020-10-30,Nevada,057,99092,686,634,18,652,9
2020-10-30,Orange,059,3164182,62261,59334,1845,61179,1469
2020-10-30,Placer,061,380077,4667,4335,20,4355,58
2020-10-30,Plumas,063,18699,92,80,0,80,0
2020-10-30,Riverside,065,2383286,69868,67752,519,68271,1317
2020-10-30,Sacramento,067,1510023,26870,26147,36,26183,505
2020-10-30,San Benito,069,59416,1470,1440,1,1441,15
2020-10-30,San Bernardino,071,2135413,66779,63512,499,64011,1156
2020-10-30,San Diego,073,3302833,58995,56387,1706,58093,888
2020-10-30,San Francisco,075,870044,12716,12384,53,12437,145
2020-10-30,San Joaquin,077,732212,22465,21849,251,22100,500
2020-10-30,San Luis Obispo,079,281455,4585,4256,39,4295,31
2020-10-30,San Mateo,081,765935,11699,11207,10,11217,159
2020-10-30,Santa Barbara,083,443738,10226,9937,99,10036,128
2020-10-30,Santa Clara,085,1922200,26380,24811,50,24861,378
2020-10-30,Santa Cruz,087,273765,3035,2874,35,2909,25
2020-10-30,Shasta,089,179085,2590,2048,21,2069,32
2020-10-30,Sierra,091,2930,7,6,0,6,0
2020-10-30,Siskiyou,093,43540,245,192,11,203,0
2020-10-30,Solano,095,438530,7824,7497,41,7538,84
2020-10-30,Sonoma,097,501317,10050,9602,32,9634,140
2020-10-30,Stanislaus,099,539301,18112,17861,818,18679,410
2020-10-30,Sutter,101,95872,1933,1860,1,1861,12
2020-10-30,Tehama,103,63373,1013,932,2,934,5
2020-10-30,Trinity,105,12862,105,29,13,42,0
2020-10-30,Tulare,107,460477,18367,17682,464,18146,299
2020-10-30,Tuolumne,109,53932,307,286,4,290,4
2020-10-30,Ventura,111,848112,15430,14578,353,14931,154
2020-10-30,Yolo,113,214977,3384,3263,9,3272,60
2020-10-30,Yuba,115,75493,1321,1256,6,1262,10
2020-10-29,Alameda,001,1643700,24275,23530,233,23763,401
2020-10-29,Alpine,003,1148,7,4,0,4,0
2020-10-29,Amador,005,37829,367,338,0,338,16
2020-10-29,Butte,007,227075,3279,3143,40,3183,57
2020-10-29,Calaveras,009,45235,344,278,0,278,13
2020-10-29,Colusa,011,21464,569,552,1,553,6
2020-10-29,Contra Costa,013,1133247,19564,18933,95,19028,249
2020-10-29,Del Norte,015,27424,185,174,0,174,2
2020-10-29,El Dorado,017,186661,1483,1370,3,1373,4
2020-10-29,Fresno,019,978130,34143,31321,516,31837,445
2020-10-29,Glenn,021,27897,701,673,2,675,3
2020-10-29,Humboldt,023,135768,584,559,1,560,7
2020-10-29,Imperial,025,180216,13177,12769,55,12824,334
2020-10-29,Inyo,027,18085,248,238,5,243,14
2020-10-29,Kern,029,883053,34468,33460,452,33912,437
2020-10-29,Kings,031,150075,8836,8502,61,8563,82
2020-10-29,Lake,033,64148,746,702,0,702,16
2020-10-29,Lassen,035,31185,788,772,2,774,0
2020-10-29,Los Angeles,037,10098052,308533,302246,3059,305305,7046
2020-10-29,Madera,039,155013,5168,4970,47,5017,53
2020-10-29,Marin,041,260295,7192,7083,20,7103,125
2020-10-29,Mariposa,043,17540,81,78,0,78,2
2020-10-29,Mendocino,045,87422,1111,1058,5,1063,21
2020-10-29,Merced,047,269075,9751,9496,41,9537,150
2020-10-29,Modoc,049,8938,49,31,3,34,0
2020-10-29,Mono,051,14174,255,176,5,181,1
2020-10-29,Monterey,053,433212,11748,11425,76,11501,92
2020-10-29,Napa,055,140530,2164,2009,9,2018,15
2020-10-29,Nevada,057,99092,679,632,18,650,9
2020-10-29,Orange,059,3164182,61993,59046,1825,60871,1464
2020-10-29,Placer,061,380077,4622,4270,18,4288,58
2020-10-29,Plumas,063,18699,90,69,0,69,0
2020-10-29,Riverside,065,2383286,69491,67268,489,67757,1304
2020-10-29,Sacramento,067,1510023,26658,25978,35,26013,507
2020-10-29,San Benito,069,59416,1465,1431,1,1432,15
2020-10-29,San Bernardino,071,2135413,66211,62968,489,63457,1150
2020-10-29,San Diego,073,3302833,58529,55916,1677,57593,885
2020-10-29,San Francisco,075,870044,12637,12312,53,12365,145
2020-10-29,San Joaquin,077,732212,22381,21736,239,21975,498
2020-10-29,San Luis Obispo,079,281455,4555,4223,38,4261,31
2020-10-29,San Mateo,081,765935,11653,11145,10,11155,157
2020-10-29,Santa Barbara,083,443738,10193,9902,97,9999,128
2020-10-29,Santa Clara,085,1922200,26228,24614,50,24664,377
2020-10-29,Santa Cruz,087,273765,3010,2850,35,2885,24
2020-10-29,Shasta,089,179085,2527,2008,21,2029,32
2020-10-29,Sierra,091,2930,6,6,0,6,0
2020-10-29,Siskiyou,093,43540,229,185,11,196,0
2020-10-29,Solano,095,438530,7762,7453,41,7494,78
2020-10-29,Sonoma,097,501317,9986,9533,32,9565,140
2020-10-29,Stanislaus,099,539301,18059,17790,797,18587,410
2020-10-29,Sutter,101,95872,1925,1852,1,1853,12
2020-10-29,Tehama,103,63373,995,925,2,927,5
2020-10-29,Trinity,105,12862,100,28,12,40,0
2020-10-29,Tulare,107,460477,18289,17627,445,18072,299
2020-10-29,Tuolumne,109,53932,302,279,4,283,4
2020-10-29,Ventura,111,848112,15339,14486,349,14835,154
2020-10-29,Yolo,113,214977,3355,3246,9,3255,60
2020-10-29,Yuba,115,75493,1310,1248,6,1254,10
2020-10-28,Alameda,001,1643700,24175,23468,232,23700,400
2020-10-28,Alpine,003,1148,6,4,0,4,0
2020-10-28,Amador,005,37829,364,337,0,337,16
2020-10-28,Butte,007,227075,3263,3134,37,3171,56
2020-10-28,Calaveras,009,45235,343,278,0,278,13
2020-10-28,Colusa,011,21464,566,551,1,552,6
2020-10-28,Contra Costa,013,1133247,19477,18828,94,18922,246
2020-10-28,Del Norte,015,27424,182,173,0,173,2
2020-10-28,El Dorado,017,186661,1471,1363,3,1366,4
2020-10-28,Fresno,019,978130,34021,31195,510,31705,444
2020-10-28,Glenn,021,27897,697,673,2,675,3
2020-10-28,Humboldt,023,135768,580,559,1,560,7
2020-10-28,Imperial,025,180216,13128,12730,54,12784,333
2020-10-28,Inyo,027,18085,248,238,5,243,14
2020-10-28,Kern,029,883053,34366,33424,433,33857,436
2020-10-28,Kings,031,150075,8814,8486,60,8546,82
2020-10-28,Lake,033,64148,743,700,0,700,15
2020-10-28,Lassen,035,31185,784,771,2,773,0
2020-10-28,Los Angeles,037,10098052,307074,300726,3017,303743,7031
2020-10-28,Madera,039,155013,5151,4954,46,5000,53
2020-10-28,Marin,041,260295,7181,7079,20,7099,126
2020-10-28,Mariposa,043,17540,81,78,0,78,2
2020-10-28,Mendocino,045,87422,1110,1037,5,1042,20
2020-10-28,Merced,047,269075,9725,9480,40,9520,150
2020-10-28,Modoc,049,8938,48,31,2,33,0
2020-10-28,Mono,051,14174,237,176,5,181,1
2020-10-28,Monterey,053,433212,11690,11330,74,11404,89
2020-10-28,Napa,055,140530,2138,1998,8,2006,15
2020-10-28,Nevada,057,99092,671,629,18,647,9
2020-10-28,Orange,059,3164182,61729,58801,1809,60610,1459
2020-10-28,Placer,061,380077,4566,4236,18,4254,57
2020-10-28,Plumas,063,18699,89,67,0,67,0
2020-10-28,Riverside,065,2383286,69093,67003,465,67468,1302
2020-10-28,Sacramento,067,1510023,26462,25838,34,25872,506
2020-10-28,San Benito,069,59416,1457,1429,1,1430,15
2020-10-28,San Bernardino,071,2135413,65751,62778,480,63258,1154
2020-10-28,San Diego,073,3302833,58146,55556,1648,57204,881
2020-10-28,San Francisco,075,870044,12579,12261,52,12313,145
2020-10-28,San Joaquin,077,732212,22297,21707,228,21935,498
2020-10-28,San Luis Obispo,079,281455,4511,4197,35,4232,31
2020-10-28,San Mateo,081,765935,11586,11101,10,11111,157
2020-10-28,Santa Barbara,083,443738,10169,9872,95,9967,127
2020-10-28,Santa Clara,085,1922200,26084,24503,50,24553,375
2020-10-28,Santa Cruz,087,273765,2979,2836,35,2871,24
2020-10-28,Shasta,089,179085,2447,1996,20,2016,31
2020-10-28,Sierra,091,2930,6,6,0,6,0
2020-10-28,Siskiyou,093,43540,226,182,10,192,0
2020-10-28,Solano,095,438530,7703,7362,41,7403,77
2020-10-28,Sonoma,097,501317,9896,9457,27,9484,140
2020-10-28,Stanislaus,099,539301,17994,17765,787,18552,409
2020-10-28,Sutter,101,95872,1916,1840,1,1841,12
2020-10-28,Tehama,103,63373,984,921,2,923,5
2020-10-28,Trinity,105,12862,93,28,11,39,0
2020-10-28,Tulare,107,460477,18232,17569,429,17998,297
2020-10-28,Tuolumne,109,53932,299,277,4,281,4
2020-10-28,Ventura,111,848112,15266,14409,340,14749,153
2020-10-28,Yolo,113,214977,3331,3230,9,3239,60
2020-10-28,Yuba,115,75493,1298,1245,6,1251,10
2020-10-27,Alameda,001,1643700,24060,23365,230,23595,400
2020-10-27,Alpine,003,1148,6,3,0,3,0
2020-10-27,Amador,005,37829,361,335,0,335,16
2020-10-27,Butte,007,227075,3247,3107,34,3141,56
2020-10-27,Calaveras,009,45235,341,277,0,277,13
2020-10-27,Colusa,011,21464,561,549,1,550,6
2020-10-27,Contra Costa,013,1133247,19372,18766,94,18860,246
2020-10-27,Del Norte,015,27424,179,173,0,173,2
2020-10-27,El Dorado,017,186661,1458,1351,3,1354,4
2020-10-27,Fresno,019,978130,33902,31096,505,31601,442
2020-10-27,Glenn,021,27897,695,667,1,668,3
2020-10-27,Humboldt,023,135768,577,559,1,560,7
2020-10-27,Imperial,025,180216,13079,12680,53,12733,333
2020-10-27,Inyo,027,18085,248,231,5,236,14
2020-10-27,Kern,029,883053,34249,33328,429,33757,436
2020-10-27,Kings,031,150075,8783,8411,60,8471,83
2020-10-27,Lake,033,64148,740,700,0,700,15
2020-10-27,Lassen,035,31185,782,764,2,766,0
2020-10-27,Los Angeles,037,10098052,305690,299438,2988,302426,7008
2020-10-27,Madera,039,155013,5121,4942,45,4987,53
2020-10-27,Marin,041,260295,7165,7070,20,7090,126
2020-10-27,Mariposa,043,17540,80,78,0,78,2
2020-10-27,Mendocino,045,87422,1104,1033,4,1037,20
2020-10-27,Merced,047,269075,9685,9449,40,9489,150
2020-10-27,Modoc,049,8938,46,31,2,33,0
2020-10-27,Mono,051,14174,223,169,5,174,1
2020-10-27,Monterey,053,433212,11634,11261,72,11333,88
2020-10-27,Napa,055,140530,2122,1979,8,1987,15
2020-10-27,Nevada,057,99092,665,622,18,640,8
2020-10-27,Orange,059,3164182,61458,58550,1793,60343,1448
2020-10-27,Placer,061,380077,4517,4197,16,4213,57
2020-10-27,Plumas,063,18699,86,63,0,63,0
2020-10-27,Riverside,065,2383286,68740,66699,420,67119,1299
2020-10-27,Sacramento,067,1510023,26275,25701,33,25734,501
2020-10-27,San Benito,069,59416,1452,1428,1,1429,15
2020-10-27,San Bernardino,071,2135413,65288,62357,467,62824,1154
2020-10-27,San Diego,073,3302833,57673,55226,1625,56851,877
2020-10-27,San Francisco,075,870044,12504,12218,51,12269,140
2020-10-27,San Joaquin,077,732212,22206,21637,219,21856,496
2020-10-27,San Luis Obispo,079,281455,4483,4148,31,4179,31
2020-10-27,San Mateo,081,765935,11537,11074,10,11084,156
2020-10-27,Santa Barbara,083,443738,10139,9874,94,9968,125
2020-10-27,Santa Clara,085,1922200,25942,24368,50,24418,367
2020-10-27,Santa Cruz,087,273765,2949,2815,34,2849,24
2020-10-27,Shasta,089,179085,2360,1962,20,1982,29
2020-10-27,Sierra,091,2930,6,6,0,6,0
2020-10-27,Siskiyou,093,43540,217,181,10,191,0
2020-10-27,Solano,095,438530,7634,7298,41,7339,77
2020-10-27,Sonoma,097,501317,9829,9389,27,9416,140
2020-10-27,Stanislaus,099,539301,17926,17720,780,18500,408
2020-10-27,Sutter,101,95872,1903,1832,1,1833,12
2020-10-27,Tehama,103,63373,970,913,2,915,5
2020-10-27,Trinity,105,12862,90,28,11,39,0
2020-10-27,Tulare,107,460477,18169,17520,406,17926,296
2020-10-27,Tuolumne,109,53932,295,275,4,279,4
2020-10-27,Ventura,111,848112,15183,14347,333,14680,153
2020-10-27,Yolo,113,214977,3317,3216,9,3225,58
2020-10-27,Yuba,115,75493,1285,1235,6,1241,10
2020-10-26,Alameda,001,1643700,23947,23284,229,23513,398
2020-10-26,Alpine,003,1148,4,3,0,3,0
2020-10-26,Amador,005,37829,357,331,0,331,16
2020-10-26,Butte,007,227075,3235,3095,32,3127,56
2020-10-26,Calaveras,009,45235,337,274,0,274,13
2020-10-26,Colusa,011,21464,559,548,1,549,6
2020-10-26,Contra Costa,013,1133247,19276,18718,93,18811,245
2020-10-26,Del Norte,015,27424,179,171,0,171,2
2020-10-26,El Dorado,017,186661,1444,1336,3,1339,4
2020-10-26,Fresno,019,978130,33789,30969,498,31467,441
2020-10-26,Glenn,021,27897,688,660,1,661,3
2020-10-26,Humboldt,023,135768,569,554,1,555,7
2020-10-26,Imperial,025,180216,13025,12654,49,12703,333
2020-10-26,Inyo,027,18085,248,226,5,231,14
2020-10-26,Kern,029,883053,34165,33233,424,33657,432
2020-10-26,Kings,031,150075,8761,8264,58,8322,82
2020-10-26,Lake,033,64148,738,697,0,697,15
2020-10-26,Lassen,035,31185,779,764,2,766,0
2020-10-26,Los Angeles,037,10098052,304262,297961,2946,300907,6979
2020-10-26,Madera,039,155013,5100,4922,44,4966,53
2020-10-26,Marin,041,260295,7159,7064,19,7083,104
2020-10-26,Mariposa,043,17540,80,77,0,77,2
2020-10-26,Mendocino,045,87422,1096,1026,4,1030,20
2020-10-26,Merced,047,269075,9638,9375,39,9414,150
2020-10-26,Modoc,049,8938,44,28,0,28,0
2020-10-26,Mono,051,14174,217,167,5,172,1
2020-10-26,Monterey,053,433212,11584,11207,68,11275,87
2020-10-26,Napa,055,140530,2090,1966,8,1974,14
2020-10-26,Nevada,057,99092,658,618,18,636,8
2020-10-26,Orange,059,3164182,61255,58377,1774,60151,1442
2020-10-26,Placer,061,380077,4475,4161,15,4176,57
2020-10-26,Plumas,063,18699,84,63,0,63,0
2020-10-26,Riverside,065,2383286,68288,66475,394,66869,1294
2020-10-26,Sacramento,067,1510023,26092,25555,31,25586,496
2020-10-26,San Benito,069,59416,1444,1424,1,1425,15
2020-10-26,San Bernardino,071,2135413,64818,61871,464,62335,1153
2020-10-26,San Diego,073,3302833,57280,54957,1587,56544,870
2020-10-26,San Francisco,075,870044,12444,12072,51,12123,138
2020-10-26,San Joaquin,077,732212,22123,21459,213,21672,495
2020-10-26,San Luis Obispo,079,281455,4458,4133,31,4164,31
2020-10-26,San Mateo,081,765935,11493,11037,10,11047,156
2020-10-26,Santa Barbara,083,443738,10115,9827,94,9921,122
2020-10-26,Santa Clara,085,1922200,25752,24258,49,24307,365
2020-10-26,Santa Cruz,087,273765,2923,2808,34,2842,24
2020-10-26,Shasta,089,179085,2306,1889,20,1909,29
2020-10-26,Sierra,091,2930,6,6,0,6,0
2020-10-26,Siskiyou,093,43540,209,179,10,189,0
2020-10-26,Solano,095,438530,7554,7271,41,7312,62
2020-10-26,Sonoma,097,501317,9749,9315,27,9342,140
2020-10-26,Stanislaus,099,539301,17876,17666,770,18436,400
2020-10-26,Sutter,101,95872,1895,1817,1,1818,12
2020-10-26,Tehama,103,63373,950,892,2,894,5
2020-10-26,Trinity,105,12862,89,26,11,37,0
2020-10-26,Tulare,107,460477,18092,17432,383,17815,296
2020-10-26,Tuolumne,109,53932,286,271,4,275,4
2020-10-26,Ventura,111,848112,15113,14330,330,14660,154
2020-10-26,Yolo,113,214977,3298,3206,9,3215,58
2020-10-26,Yuba,115,75493,1269,1226,6,1232,10
2020-10-25,Alameda,001,1643700,23841,23192,229,23421,398
2020-10-25,Alpine,003,1148,3,3,0,3,0
2020-10-25,Amador,005,37829,346,330,0,330,16
2020-10-25,Butte,007,227075,3216,3087,32,3119,56
2020-10-25,Calaveras,009,45235,336,274,0,274,13
2020-10-25,Colusa,011,21464,555,548,1,549,6
2020-10-25,Contra Costa,013,1133247,19175,18640,93,18733,245
2020-10-25,Del Norte,015,27424,175,171,0,171,2
2020-10-25,El Dorado,017,186661,1429,1328,3,1331,4
2020-10-25,Fresno,019,978130,33655,30858,485,31343,441
2020-10-25,Glenn,021,27897,685,652,1,653,3
2020-10-25,Humboldt,023,135768,566,554,1,555,7
2020-10-25,Imperial,025,180216,12975,12572,49,12621,333
2020-10-25,Inyo,027,18085,245,226,5,231,14
2020-10-25,Kern,029,883053,34058,33185,420,33605,432
2020-10-25,Kings,031,150075,8728,8246,56,8302,82
2020-10-25,Lake,033,64148,721,695,0,695,15
2020-10-25,Lassen,035,31185,776,764,2,766,0
2020-10-25,Los Angeles,037,10098052,302700,297110,2909,300019,6973
2020-10-25,Madera,039,155013,5070,4909,39,4948,53
2020-10-25,Marin,041,260295,7149,7052,19,7071,102
2020-10-25,Mariposa,043,17540,80,77,0,77,2
2020-10-25,Mendocino,045,87422,1089,1024,4,1028,20
2020-10-25,Merced,047,269075,9573,9352,37,9389,150
2020-10-25,Modoc,049,8938,39,28,0,28,0
2020-10-25,Mono,051,14174,209,167,5,172,1
2020-10-25,Monterey,053,433212,11501,11182,63,11245,87
2020-10-25,Napa,055,140530,2060,1962,8,1970,14
2020-10-25,Nevada,057,99092,650,616,18,634,8
2020-10-25,Orange,059,3164182,60967,58185,1765,59950,1443
2020-10-25,Placer,061,380077,4423,4140,15,4155,57
2020-10-25,Plumas,063,18699,84,63,0,63,0
2020-10-25,Riverside,065,2383286,67836,66192,378,66570,1289
2020-10-25,Sacramento,067,1510023,25876,25445,28,25473,496
2020-10-25,San Benito,069,59416,1437,1423,1,1424,15
2020-10-25,San Bernardino,071,2135413,64277,61551,452,62003,1153
2020-10-25,San Diego,073,3302833,56817,54599,1555,56154,870
2020-10-25,San Francisco,075,870044,12371,12072,51,12123,137
2020-10-25,San Joaquin,077,732212,22015,21459,205,21664,495
2020-10-25,San Luis Obispo,079,281455,4416,4126,29,4155,31
2020-10-25,San Mateo,081,765935,11448,10987,10,10997,156
2020-10-25,Santa Barbara,083,443738,10095,9814,94,9908,122
2020-10-25,Santa Clara,085,1922200,25564,24087,49,24136,365
2020-10-25,Santa Cruz,087,273765,2896,2789,34,2823,24
2020-10-25,Shasta,089,179085,2242,1889,20,1909,29
2020-10-25,Sierra,091,2930,6,6,0,6,0
2020-10-25,Siskiyou,093,43540,206,176,10,186,0
2020-10-25,Solano,095,438530,7476,7197,41,7238,60
2020-10-25,Sonoma,097,501317,9656,9235,26,9261,140
2020-10-25,Stanislaus,099,539301,17819,17641,760,18401,400
2020-10-25,Sutter,101,95872,1877,1811,1,1812,12
2020-10-25,Tehama,103,63373,933,880,2,882,5
2020-10-25,Trinity,105,12862,85,26,11,37,0
2020-10-25,Tulare,107,460477,18019,17431,373,17804,296
2020-10-25,Tuolumne,109,53932,281,271,4,275,4
2020-10-25,Ventura,111,848112,15020,14300,324,14624,154
2020-10-25,Yolo,113,214977,3277,3190,9,3199,58
2020-10-25,Yuba,115,75493,1261,1219,6,1225,10
2020-10-24,Alameda,001,1643700,23770,23099,226,23325,398
2020-10-24,Alpine,003,1148,3,3,0,3,0
2020-10-24,Amador,005,37829,345,328,0,328,16
2020-10-24,Butte,007,227075,3207,3078,32,3110,56
2020-10-24,Calaveras,009,45235,334,274,0,274,13
2020-10-24,Colusa,011,21464,550,548,1,549,6
2020-10-24,Contra Costa,013,1133247,19108,18567,93,18660,244
2020-10-24,Del Norte,015,27424,174,171,0,171,2
2020-10-24,El Dorado,017,186661,1413,1317,3,1320,4
2020-10-24,Fresno,019,978130,33594,30752,480,31232,441
2020-10-24,Glenn,021,27897,682,650,1,651,3
2020-10-24,Humboldt,023,135768,564,553,1,554,7
2020-10-24,Imperial,025,180216,12948,12469,49,12518,333
2020-10-24,Inyo,027,18085,245,226,5,231,14
2020-10-24,Kern,029,883053,34000,33105,414,33519,432
2020-10-24,Kings,031,150075,8718,8228,55,8283,82
2020-10-24,Lake,033,64148,716,696,0,696,15
2020-10-24,Lassen,035,31185,775,764,2,766,0
2020-10-24,Los Angeles,037,10098052,301881,296323,2887,299210,6969
2020-10-24,Madera,039,155013,5057,4898,38,4936,53
2020-10-24,Marin,041,260295,7140,7042,19,7061,102
2020-10-24,Mariposa,043,17540,80,77,0,77,2
2020-10-24,Mendocino,045,87422,1077,1022,4,1026,20
2020-10-24,Merced,047,269075,9549,9351,37,9388,150
2020-10-24,Modoc,049,8938,38,28,0,28,0
2020-10-24,Mono,051,14174,195,167,5,172,1
2020-10-24,Monterey,053,433212,11432,11153,62,11215,87
2020-10-24,Napa,055,140530,2043,1957,8,1965,14
2020-10-24,Nevada,057,99092,646,608,18,626,8
2020-10-24,Orange,059,3164182,60812,57928,1755,59683,1441
2020-10-24,Placer,061,380077,4392,4093,15,4108,57
2020-10-24,Plumas,063,18699,78,63,0,63,0
2020-10-24,Riverside,065,2383286,67628,65902,363,66265,1288
2020-10-24,Sacramento,067,1510023,25795,25372,28,25400,496
2020-10-24,San Benito,069,59416,1432,1417,1,1418,15
2020-10-24,San Bernardino,071,2135413,64037,61351,443,61794,1153
2020-10-24,San Diego,073,3302833,56540,54330,1542,55872,868
2020-10-24,San Francisco,075,870044,12313,12073,50,12123,137
2020-10-24,San Joaquin,077,732212,21963,21458,200,21658,495
2020-10-24,San Luis Obispo,079,281455,4391,4119,28,4147,31
2020-10-24,San Mateo,081,765935,11409,10942,10,10952,155
2020-10-24,Santa Barbara,083,443738,10078,9781,94,9875,122
2020-10-24,Santa Clara,085,1922200,25477,23978,49,24027,365
2020-10-24,Santa Cruz,087,273765,2877,2775,34,2809,24
2020-10-24,Shasta,089,179085,2197,1878,20,1898,29
2020-10-24,Sierra,091,2930,6,6,0,6,0
2020-10-24,Siskiyou,093,43540,205,174,10,184,0
2020-10-24,Solano,095,438530,7423,7189,41,7230,60
2020-10-24,Sonoma,097,501317,9622,9179,26,9205,140
2020-10-24,Stanislaus,099,539301,17775,17574,744,18318,400
2020-10-24,Sutter,101,95872,1868,1804,1,1805,12
2020-10-24,Tehama,103,63373,925,872,2,874,5
2020-10-24,Trinity,105,12862,85,25,11,36,0
2020-10-24,Tulare,107,460477,17996,17406,362,17768,295
2020-10-24,Tuolumne,109,53932,278,269,4,273,4
2020-10-24,Ventura,111,848112,14967,14240,323,14563,154
2020-10-24,Yolo,113,214977,3265,3164,9,3173,57
2020-10-24,Yuba,115,75493,1258,1210,6,1216,10
2020-10-23,Alameda,001,1643700,23698,23047,224,23271,393
2020-10-23,Alpine,003,1148,3,3,0,3,0
2020-10-23,Amador,005,37829,344,324,0,324,16
2020-10-23,Butte,007,227075,3198,3059,32,3091,55
2020-10-23,Calaveras,009,45235,333,273,0,273,13
2020-10-23,Colusa,011,21464,550,547,1,548,6
2020-10-23,Contra Costa,013,1133247,19038,18483,92,18575,244
2020-10-23,Del Norte,015,27424,174,171,0,171,2
2020-10-23,El Dorado,017,186661,1404,1310,3,1313,4
2020-10-23,Fresno,019,978130,33527,30590,476,31066,441
2020-10-23,Glenn,021,27897,679,644,1,645,3
2020-10-23,Humboldt,023,135768,562,553,1,554,7
2020-10-23,Imperial,025,180216,12917,12398,48,12446,333
2020-10-23,Inyo,027,18085,244,226,5,231,14
2020-10-23,Kern,029,883053,33932,33077,409,33486,431
2020-10-23,Kings,031,150075,8709,8218,55,8273,82
2020-10-23,Lake,033,64148,714,689,0,689,15
2020-10-23,Lassen,035,31185,774,764,2,766,0
2020-10-23,Los Angeles,037,10098052,300799,294287,2859,297146,6956
2020-10-23,Madera,039,155013,5052,4888,38,4926,53
2020-10-23,Marin,041,260295,7127,7029,19,7048,102
2020-10-23,Mariposa,043,17540,80,77,0,77,2
2020-10-23,Mendocino,045,87422,1074,1019,4,1023,20
2020-10-23,Merced,047,269075,9535,9327,37,9364,149
2020-10-23,Modoc,049,8938,38,28,0,28,0
2020-10-23,Mono,051,14174,194,159,5,164,1
2020-10-23,Monterey,053,433212,11385,11099,58,11157,86
2020-10-23,Napa,055,140530,2035,1942,8,1950,14
2020-10-23,Nevada,057,99092,642,604,18,622,8
2020-10-23,Orange,059,3164182,60641,57595,1740,59335,1430
2020-10-23,Placer,061,380077,4346,4073,15,4088,57
2020-10-23,Plumas,063,18699,75,63,0,63,0
2020-10-23,Riverside,065,2383286,67389,65512,355,65867,1279
2020-10-23,Sacramento,067,1510023,25689,25224,28,25252,496
2020-10-23,San Benito,069,59416,1430,1412,1,1413,15
2020-10-23,San Bernardino,071,2135413,63750,60854,429,61283,1150
2020-10-23,San Diego,073,3302833,56234,53944,1515,55459,867
2020-10-23,San Francisco,075,870044,12282,12015,50,12065,137
2020-10-23,San Joaquin,077,732212,21907,21361,194,21555,495
2020-10-23,San Luis Obispo,079,281455,4365,4102,28,4130,31
2020-10-23,San Mateo,081,765935,11360,10872,10,10882,155
2020-10-23,Santa Barbara,083,443738,10062,9751,94,9845,121
2020-10-23,Santa Clara,085,1922200,25375,23822,49,23871,364
2020-10-23,Santa Cruz,087,273765,2863,2757,34,2791,24
2020-10-23,Shasta,089,179085,2160,1846,19,1865,29
2020-10-23,Sierra,091,2930,6,6,0,6,0
2020-10-23,Siskiyou,093,43540,201,172,10,182,0
2020-10-23,Solano,095,438530,7393,7174,41,7215,59
2020-10-23,Sonoma,097,501317,9566,9112,26,9138,139
2020-10-23,Stanislaus,099,539301,17738,17496,737,18233,395
2020-10-23,Sutter,101,95872,1861,1797,1,1798,12
2020-10-23,Tehama,103,63373,916,862,2,864,5
2020-10-23,Trinity,105,12862,85,26,11,37,0
2020-10-23,Tulare,107,460477,17951,17334,350,17684,295
2020-10-23,Tuolumne,109,53932,276,254,4,258,4
2020-10-23,Ventura,111,848112,14938,14192,323,14515,155
2020-10-23,Yolo,113,214977,3253,3140,9,3149,57
2020-10-23,Yuba,115,75493,1254,1206,6,1212,10
2020-10-22,Alameda,001,1643700,23595,22915,224,23139,393
2020-10-22,Alpine,003,1148,3,3,0,3,0
2020-10-22,Amador,005,37829,340,317,0,317,16
2020-10-22,Butte,007,227075,3188,3046,30,3076,55
2020-10-22,Calaveras,009,45235,330,273,0,273,13
2020-10-22,Colusa,011,21464,550,547,1,548,6
2020-10-22,Contra Costa,013,1133247,18966,18393,92,18485,243
2020-10-22,Del Norte,015,27424,173,168,0,168,2
2020-10-22,El Dorado,017,186661,1394,1308,3,1311,4
2020-10-22,Fresno,019,978130,33417,30471,468,30939,438
2020-10-22,Glenn,021,27897,672,643,1,644,3
2020-10-22,Humboldt,023,135768,561,548,1,549,7
2020-10-22,Imperial,025,180216,12864,12311,47,12358,333
2020-10-22,Inyo,027,18085,241,220,5,225,14
2020-10-22,Kern,029,883053,33851,32991,406,33397,431
2020-10-22,Kings,031,150075,8458,8201,55,8256,82
2020-10-22,Lake,033,64148,710,678,0,678,15
2020-10-22,Lassen,035,31185,771,764,2,766,0
2020-10-22,Los Angeles,037,10098052,299424,291599,2800,294399,6935
2020-10-22,Madera,039,155013,5031,4847,38,4885,52
2020-10-22,Marin,041,260295,7120,7014,19,7033,102
2020-10-22,Mariposa,043,17540,80,77,0,77,2
2020-10-22,Mendocino,045,87422,1069,1016,4,1020,20
2020-10-22,Merced,047,269075,9507,9323,37,9360,149
2020-10-22,Modoc,049,8938,34,26,0,26,0
2020-10-22,Mono,051,14174,189,156,5,161,1
2020-10-22,Monterey,053,433212,11326,11059,55,11114,84
2020-10-22,Napa,055,140530,2020,1928,8,1936,14
2020-10-22,Nevada,057,99092,636,600,18,618,8
2020-10-22,Orange,059,3164182,60426,57418,1723,59141,1422
2020-10-22,Placer,061,380077,4297,4036,15,4051,57
2020-10-22,Plumas,063,18699,72,62,0,62,0
2020-10-22,Riverside,065,2383286,67055,65104,335,65439,1279
2020-10-22,Sacramento,067,1510023,25549,25054,28,25082,492
2020-10-22,San Benito,069,59416,1426,1403,1,1404,15
2020-10-22,San Bernardino,071,2135413,63348,60402,414,60816,1149
2020-10-22,San Diego,073,3302833,55847,53514,1496,55010,866
2020-10-22,San Francisco,075,870044,12224,11991,48,12039,137
2020-10-22,San Joaquin,077,732212,21834,21282,188,21470,495
2020-10-22,San Luis Obispo,079,281455,4349,4081,28,4109,31
2020-10-22,San Mateo,081,765935,11304,10796,10,10806,155
2020-10-22,Santa Barbara,083,443738,10028,9710,92,9802,120
2020-10-22,Santa Clara,085,1922200,25221,23621,49,23670,363
2020-10-22,Santa Cruz,087,273765,2845,2738,33,2771,24
2020-10-22,Shasta,089,179085,2114,1799,19,1818,29
2020-10-22,Sierra,091,2930,6,6,0,6,0
2020-10-22,Siskiyou,093,43540,201,169,10,179,0
2020-10-22,Solano,095,438530,7347,7116,41,7157,59
2020-10-22,Sonoma,097,501317,9500,9052,25,9077,139
2020-10-22,Stanislaus,099,539301,17684,17440,725,18165,395
2020-10-22,Sutter,101,95872,1847,1794,1,1795,12
2020-10-22,Tehama,103,63373,905,852,2,854,5
2020-10-22,Trinity,105,12862,84,26,11,37,0
2020-10-22,Tulare,107,460477,17885,17265,337,17602,293
2020-10-22,Tuolumne,109,53932,274,252,4,256,4
2020-10-22,Ventura,111,848112,14891,14124,321,14445,154
2020-10-22,Yolo,113,214977,3241,3116,9,3125,58
2020-10-22,Yuba,115,75493,1247,1199,5,1204,10
2020-10-21,Alameda,001,1643700,23507,22853,222,23075,392
2020-10-21,Alpine,003,1148,3,3,0,3,0
2020-10-21,Amador,005,37829,335,313,0,313,16
2020-10-21,Butte,007,227075,3176,3041,30,3071,55
2020-10-21,Calaveras,009,45235,329,272,0,272,13
2020-10-21,Colusa,011,21464,550,546,1,547,6
2020-10-21,Contra Costa,013,1133247,18892,18299,92,18391,243
2020-10-21,Del Norte,015,27424,173,169,0,169,2
2020-10-21,El Dorado,017,186661,1382,1305,2,1307,4
2020-10-21,Fresno,019,978130,33321,30328,463,30791,433
2020-10-21,Glenn,021,27897,667,640,1,641,3
2020-10-21,Humboldt,023,135768,560,548,1,549,7
2020-10-21,Imperial,025,180216,12807,12210,47,12257,331
2020-10-21,Inyo,027,18085,237,220,5,225,14
2020-10-21,Kern,029,883053,33776,32956,405,33361,430
2020-10-21,Kings,031,150075,8431,8186,55,8241,80
2020-10-21,Lake,033,64148,709,676,0,676,15
2020-10-21,Lassen,035,31185,770,764,2,766,0
2020-10-21,Los Angeles,037,10098052,298084,288096,2758,290854,6923
2020-10-21,Madera,039,155013,5006,4831,38,4869,52
2020-10-21,Marin,041,260295,7111,7002,19,7021,102
2020-10-21,Mariposa,043,17540,80,77,0,77,2
2020-10-21,Mendocino,045,87422,1067,1011,4,1015,21
2020-10-21,Merced,047,269075,9483,9319,35,9354,149
2020-10-21,Modoc,049,8938,33,26,0,26,0
2020-10-21,Mono,051,14174,187,156,5,161,1
2020-10-21,Monterey,053,433212,11288,11005,54,11059,83
2020-10-21,Napa,055,140530,2005,1918,8,1926,13
2020-10-21,Nevada,057,99092,630,597,18,615,8
2020-10-21,Orange,059,3164182,60213,57189,1714,58903,1409
2020-10-21,Placer,061,380077,4260,4007,15,4022,56
2020-10-21,Plumas,063,18699,69,58,0,58,0
2020-10-21,Riverside,065,2383286,66759,64778,311,65089,1278
2020-10-21,Sacramento,067,1510023,25355,24908,28,24936,490
2020-10-21,San Benito,069,59416,1425,1401,1,1402,14
2020-10-21,San Bernardino,071,2135413,62940,59948,407,60355,1141
2020-10-21,San Diego,073,3302833,55495,53279,1468,54747,863
2020-10-21,San Francisco,075,870044,12175,11976,47,12023,137
2020-10-21,San Joaquin,077,732212,21758,21201,182,21383,495
2020-10-21,San Luis Obispo,079,281455,4334,4055,26,4081,31
2020-10-21,San Mateo,081,765935,11255,10730,10,10740,155
2020-10-21,Santa Barbara,083,443738,10010,9681,91,9772,121
2020-10-21,Santa Clara,085,1922200,25095,23537,49,23586,361
2020-10-21,Santa Cruz,087,273765,2822,2729,33,2762,24
2020-10-21,Shasta,089,179085,2077,1777,19,1796,27
2020-10-21,Sierra,091,2930,6,6,0,6,0
2020-10-21,Siskiyou,093,43540,197,169,10,179,0
2020-10-21,Solano,095,438530,7301,7088,41,7129,59
2020-10-21,Sonoma,097,501317,9420,8987,25,9012,138
2020-10-21,Stanislaus,099,539301,17634,17419,717,18136,392
2020-10-21,Sutter,101,95872,1832,1786,1,1787,12
2020-10-21,Tehama,103,63373,889,824,2,826,5
2020-10-21,Trinity,105,12862,78,25,10,35,0
2020-10-21,Tulare,107,460477,17847,17204,323,17527,292
2020-10-21,Tuolumne,109,53932,273,251,4,255,4
2020-10-21,Ventura,111,848112,14828,14050,318,14368,153
2020-10-21,Yolo,113,214977,3222,3095,9,3104,58
2020-10-21,Yuba,115,75493,1238,1194,5,1199,10
2020-10-20,Alameda,001,1643700,23404,22750,218,22968,391
2020-10-20,Alpine,003,1148,3,3,0,3,0
2020-10-20,Amador,005,37829,334,313,0,313,16
2020-10-20,Butte,007,227075,3164,3027,30,3057,56
2020-10-20,Calaveras,009,45235,328,273,0,273,13
2020-10-20,Colusa,011,21464,547,546,1,547,6
2020-10-20,Contra Costa,013,1133247,18800,18246,92,18338,241
2020-10-20,Del Norte,015,27424,172,169,0,169,2
2020-10-20,El Dorado,017,186661,1376,1295,2,1297,4
2020-10-20,Fresno,019,978130,33218,30220,457,30677,431
2020-10-20,Glenn,021,27897,662,638,1,639,3
2020-10-20,Humboldt,023,135768,556,545,1,546,7
2020-10-20,Imperial,025,180216,12738,12114,47,12161,330
2020-10-20,Inyo,027,18085,237,218,5,223,14
2020-10-20,Kern,029,883053,33701,32889,392,33281,429
2020-10-20,Kings,031,150075,8413,8178,54,8232,80
2020-10-20,Lake,033,64148,707,675,0,675,15
2020-10-20,Lassen,035,31185,769,757,2,759,0
2020-10-20,Los Angeles,037,10098052,296592,287727,2708,290435,6891
2020-10-20,Madera,039,155013,4989,4823,38,4861,52
2020-10-20,Marin,041,260295,7096,6994,19,7013,101
2020-10-20,Mariposa,043,17540,79,77,0,77,2
2020-10-20,Mendocino,045,87422,1065,1004,4,1008,21
2020-10-20,Merced,047,269075,9461,9323,35,9358,149
2020-10-20,Modoc,049,8938,32,26,0,26,0
2020-10-20,Mono,051,14174,187,156,5,161,1
2020-10-20,Monterey,053,433212,11245,10942,51,10993,81
2020-10-20,Napa,055,140530,1986,1912,8,1920,13
2020-10-20,Nevada,057,99092,620,596,18,614,8
2020-10-20,Orange,059,3164182,59949,56914,1704,58618,1397
2020-10-20,Placer,061,380077,4222,3997,15,4012,56
2020-10-20,Plumas,063,18699,66,53,0,53,0
2020-10-20,Riverside,065,2383286,66379,64452,299,64751,1275
2020-10-20,Sacramento,067,1510023,25228,24767,27,24794,485
2020-10-20,San Benito,069,59416,1422,1398,1,1399,14
2020-10-20,San Bernardino,071,2135413,62558,59571,405,59976,1109
2020-10-20,San Diego,073,3302833,55159,53004,1448,54452,857
2020-10-20,San Francisco,075,870044,12128,12013,46,12059,126
2020-10-20,San Joaquin,077,732212,21679,21173,172,21345,490
2020-10-20,San Luis Obispo,079,281455,4316,4043,25,4068,31
2020-10-20,San Mateo,081,765935,11208,10659,10,10669,155
2020-10-20,Santa Barbara,083,443738,9981,9664,89,9753,121
2020-10-20,Santa Clara,085,1922200,24958,23406,49,23455,358
2020-10-20,Santa Cruz,087,273765,2799,2710,33,2743,23
2020-10-20,Shasta,089,179085,2054,1747,19,1766,20
2020-10-20,Sierra,091,2930,6,6,0,6,0
2020-10-20,Siskiyou,093,43540,189,168,10,178,0
2020-10-20,Solano,095,438530,7252,7044,41,7085,57
2020-10-20,Sonoma,097,501317,9357,8904,23,8927,135
2020-10-20,Stanislaus,099,539301,17580,17367,713,18080,393
2020-10-20,Sutter,101,95872,1823,1783,1,1784,12
2020-10-20,Tehama,103,63373,874,813,2,815,5
2020-10-20,Trinity,105,12862,77,25,10,35,0
2020-10-20,Tulare,107,460477,17780,17156,318,17474,289
2020-10-20,Tuolumne,109,53932,271,250,4,254,4
2020-10-20,Ventura,111,848112,14764,13980,316,14296,152
2020-10-20,Yolo,113,214977,3199,3083,9,3092,56
2020-10-20,Yuba,115,75493,1228,1191,5,1196,10
2020-10-19,Alameda,001,1643700,23292,22647,217,22864,392
2020-10-19,Alpine,003,1148,3,3,0,3,0
2020-10-19,Amador,005,37829,328,313,0,313,16
2020-10-19,Butte,007,227075,3153,3026,30,3056,55
2020-10-19,Calaveras,009,45235,327,268,0,268,13
2020-10-19,Colusa,011,21464,547,544,1,545,6
2020-10-19,Contra Costa,013,1133247,18702,18173,92,18265,239
2020-10-19,Del Norte,015,27424,169,167,0,167,2
2020-10-19,El Dorado,017,186661,1355,1287,2,1289,4
2020-10-19,Fresno,019,978130,33109,30152,451,30603,431
2020-10-19,Glenn,021,27897,657,635,0,635,3
2020-10-19,Humboldt,023,135768,556,543,1,544,7
2020-10-19,Imperial,025,180216,12684,12036,45,12081,330
2020-10-19,Inyo,027,18085,236,218,5,223,14
2020-10-19,Kern,029,883053,33625,32840,389,33229,428
2020-10-19,Kings,031,150075,8395,8173,54,8227,80
2020-10-19,Lake,033,64148,704,673,0,673,15
2020-10-19,Lassen,035,31185,768,757,2,759,0
2020-10-19,Los Angeles,037,10098052,295105,287119,2670,289789,6858
2020-10-19,Madera,039,155013,4974,4787,38,4825,52
2020-10-19,Marin,041,260295,7078,6981,19,7000,100
2020-10-19,Mariposa,043,17540,79,77,0,77,2
2020-10-19,Mendocino,045,87422,1060,1001,4,1005,21
2020-10-19,Merced,047,269075,9436,9305,31,9336,148
2020-10-19,Modoc,049,8938,31,26,0,26,0
2020-10-19,Mono,051,14174,182,156,5,161,1
2020-10-19,Monterey,053,433212,11184,10907,51,10958,80
2020-10-19,Napa,055,140530,1974,1892,8,1900,12
2020-10-19,Nevada,057,99092,617,590,18,608,8
2020-10-19,Orange,059,3164182,59664,56652,1689,58341,1396
2020-10-19,Placer,061,380077,4173,3962,15,3977,49
2020-10-19,Plumas,063,18699,64,52,0,52,0
2020-10-19,Riverside,065,2383286,65948,64016,283,64299,1272
2020-10-19,Sacramento,067,1510023,25089,24542,27,24569,483
2020-10-19,San Benito,069,59416,1415,1395,1,1396,14
2020-10-19,San Bernardino,071,2135413,62108,59265,394,59659,1100
2020-10-19,San Diego,073,3302833,54773,52739,1423,54162,853
2020-10-19,San Francisco,075,870044,12084,11879,46,11925,126
2020-10-19,San Joaquin,077,732212,21604,20930,164,21094,489
2020-10-19,San Luis Obispo,079,281455,4300,4016,25,4041,31
2020-10-19,San Mateo,081,765935,11162,10568,10,10578,154
2020-10-19,Santa Barbara,083,443738,9946,9632,89,9721,121
2020-10-19,Santa Clara,085,1922200,24808,23301,49,23350,352
2020-10-19,Santa Cruz,087,273765,2782,2705,33,2738,19
2020-10-19,Shasta,089,179085,2010,1709,18,1727,20
2020-10-19,Sierra,091,2930,6,6,0,6,0
2020-10-19,Siskiyou,093,43540,182,167,10,177,0
2020-10-19,Solano,095,438530,7211,7003,41,7044,57
2020-10-19,Sonoma,097,501317,9270,8830,23,8853,135
2020-10-19,Stanislaus,099,539301,17529,17342,703,18045,390
2020-10-19,Sutter,101,95872,1818,1773,1,1774,12
2020-10-19,Tehama,103,63373,871,793,2,795,5
2020-10-19,Trinity,105,12862,75,23,10,33,0
2020-10-19,Tulare,107,460477,17730,17047,311,17358,291
2020-10-19,Tuolumne,109,53932,269,247,4,251,4
2020-10-19,Ventura,111,848112,14698,13930,313,14243,152
2020-10-19,Yolo,113,214977,3186,3069,9,3078,56
2020-10-19,Yuba,115,75493,1221,1183,5,1188,10
2020-10-18,Alameda,001,1643700,23188,22546,216,22762,392
2020-10-18,Alpine,003,1148,3,3,0,3,0
2020-10-18,Amador,005,37829,316,313,0,313,16
2020-10-18,Butte,007,227075,3140,3019,30,3049,55
2020-10-18,Calaveras,009,45235,326,267,0,267,13
2020-10-18,Colusa,011,21464,545,544,1,545,6
2020-10-18,Contra Costa,013,1133247,18603,18120,92,18212,237
2020-10-18,Del Norte,015,27424,169,167,0,167,2
2020-10-18,El Dorado,017,186661,1346,1283,2,1285,4
2020-10-18,Fresno,019,978130,32980,30051,443,30494,430
2020-10-18,Glenn,021,27897,655,634,0,634,3
2020-10-18,Humboldt,023,135768,553,540,1,541,7
2020-10-18,Imperial,025,180216,12622,11987,42,12029,330
2020-10-18,Inyo,027,18085,233,215,5,220,14
2020-10-18,Kern,029,883053,33552,32799,382,33181,428
2020-10-18,Kings,031,150075,8380,8159,54,8213,80
2020-10-18,Lake,033,64148,697,670,0,670,15
2020-10-18,Lassen,035,31185,768,757,2,759,0
2020-10-18,Los Angeles,037,10098052,293398,286187,2627,288814,6857
2020-10-18,Madera,039,155013,4949,4770,37,4807,52
2020-10-18,Marin,041,260295,7057,6969,19,6988,99
2020-10-18,Mariposa,043,17540,79,77,0,77,2
2020-10-18,Mendocino,045,87422,1058,988,4,992,21
2020-10-18,Merced,047,269075,9401,9292,31,9323,148
2020-10-18,Modoc,049,8938,30,26,0,26,0
2020-10-18,Mono,051,14174,177,155,5,160,1
2020-10-18,Monterey,053,433212,11131,10872,51,10923,80
2020-10-18,Napa,055,140530,1961,1882,8,1890,12
2020-10-18,Nevada,057,99092,611,582,18,600,8
2020-10-18,Orange,059,3164182,59366,56394,1673,58067,1396
2020-10-18,Placer,061,380077,4125,3938,15,3953,49
2020-10-18,Plumas,063,18699,62,52,0,52,0
2020-10-18,Riverside,065,2383286,65635,63765,262,64027,1270
2020-10-18,Sacramento,067,1510023,24934,24425,27,24452,482
2020-10-18,San Benito,069,59416,1408,1395,1,1396,14
2020-10-18,San Bernardino,071,2135413,61608,58893,386,59279,1098
2020-10-18,San Diego,073,3302833,54384,52359,1402,53761,853
2020-10-18,San Francisco,075,870044,12045,11878,46,11924,126
2020-10-18,San Joaquin,077,732212,21521,20931,151,21082,489
2020-10-18,San Luis Obispo,079,281455,4269,4009,23,4032,31
2020-10-18,San Mateo,081,765935,11103,10503,10,10513,154
2020-10-18,Santa Barbara,083,443738,9907,9608,88,9696,121
2020-10-18,Santa Clara,085,1922200,24635,23169,49,23218,352
2020-10-18,Santa Cruz,087,273765,2768,2692,33,2725,19
2020-10-18,Shasta,089,179085,1985,1708,18,1726,20
2020-10-18,Sierra,091,2930,6,6,0,6,0
2020-10-18,Siskiyou,093,43540,182,167,10,177,0
2020-10-18,Solano,095,438530,7164,6962,41,7003,57
2020-10-18,Sonoma,097,501317,9193,8781,22,8803,134
2020-10-18,Stanislaus,099,539301,17473,17290,694,17984,390
2020-10-18,Sutter,101,95872,1809,1764,1,1765,12
2020-10-18,Tehama,103,63373,839,774,2,776,5
2020-10-18,Trinity,105,12862,75,20,10,30,0
2020-10-18,Tulare,107,460477,17636,17048,302,17350,290
2020-10-18,Tuolumne,109,53932,264,245,4,249,4
2020-10-18,Ventura,111,848112,14619,13901,312,14213,151
2020-10-18,Yolo,113,214977,3147,3059,9,3068,55
2020-10-18,Yuba,115,75493,1210,1176,5,1181,10
2020-10-17,Alameda,001,1643700,23142,22394,214,22608,398
2020-10-17,Alpine,003,1148,3,3,0,3,0
2020-10-17,Amador,005,37829,314,309,0,309,16
2020-10-17,Butte,007,227075,3132,3012,28,3040,55
2020-10-17,Calaveras,009,45235,326,267,0,267,13
2020-10-17,Colusa,011,21464,544,544,1,545,6
2020-10-17,Contra Costa,013,1133247,18550,18005,92,18097,237
2020-10-17,Del Norte,015,27424,169,167,0,167,2
2020-10-17,El Dorado,017,186661,1342,1277,2,1279,4
2020-10-17,Fresno,019,978130,32926,29911,441,30352,430
2020-10-17,Glenn,021,27897,652,633,0,633,3
2020-10-17,Humboldt,023,135768,550,535,1,536,7
2020-10-17,Imperial,025,180216,12594,11962,42,12004,330
2020-10-17,Inyo,027,18085,228,212,5,217,14
2020-10-17,Kern,029,883053,33501,32710,379,33089,428
2020-10-17,Kings,031,150075,8374,8151,53,8204,80
2020-10-17,Lake,033,64148,694,663,0,663,15
2020-10-17,Lassen,035,31185,768,757,2,759,0
2020-10-17,Los Angeles,037,10098052,292645,285858,2600,288458,6844
2020-10-17,Madera,039,155013,4943,4759,37,4796,53
2020-10-17,Marin,041,260295,7054,6958,19,6977,99
2020-10-17,Mariposa,043,17540,78,77,0,77,2
2020-10-17,Mendocino,045,87422,1051,977,4,981,21
2020-10-17,Merced,047,269075,9387,9275,31,9306,148
2020-10-17,Modoc,049,8938,30,26,0,26,0
2020-10-17,Mono,051,14174,176,155,5,160,1
2020-10-17,Monterey,053,433212,11091,10807,50,10857,80
2020-10-17,Napa,055,140530,1952,1866,8,1874,12
2020-10-17,Nevada,057,99092,610,580,18,598,8
2020-10-17,Orange,059,3164182,59224,56197,1666,57863,1396
2020-10-17,Placer,061,380077,4098,3898,15,3913,49
2020-10-17,Plumas,063,18699,62,52,0,52,0
2020-10-17,Riverside,065,2383286,65437,63171,252,63423,1270
2020-10-17,Sacramento,067,1510023,24850,24304,27,24331,482
2020-10-17,San Benito,069,59416,1404,1389,1,1390,14
2020-10-17,San Bernardino,071,2135413,61338,58415,379,58794,1097
2020-10-17,San Diego,073,3302833,54159,51986,1391,53377,853
2020-10-17,San Francisco,075,870044,12017,11877,45,11922,126
2020-10-17,San Joaquin,077,732212,21467,20932,145,21077,489
2020-10-17,San Luis Obispo,079,281455,4254,3979,23,4002,31
2020-10-17,San Mateo,081,765935,11075,10423,10,10433,153
2020-10-17,Santa Barbara,083,443738,9888,9588,86,9674,121
2020-10-17,Santa Clara,085,1922200,24546,22997,49,23046,349
2020-10-17,Santa Cruz,087,273765,2754,2680,33,2713,19
2020-10-17,Shasta,089,179085,1959,1679,18,1697,20
2020-10-17,Sierra,091,2930,6,6,0,6,0
2020-10-17,Siskiyou,093,43540,181,167,10,177,0
2020-10-17,Solano,095,438530,7138,6929,41,6970,57
2020-10-17,Sonoma,097,501317,9150,8725,22,8747,134
2020-10-17,Stanislaus,099,539301,17433,17232,685,17917,390
2020-10-17,Sutter,101,95872,1807,1762,1,1763,12
2020-10-17,Tehama,103,63373,823,764,2,766,5
2020-10-17,Trinity,105,12862,75,20,10,30,0
2020-10-17,Tulare,107,460477,17606,16995,293,17288,290
2020-10-17,Tuolumne,109,53932,264,241,4,245,4
2020-10-17,Ventura,111,848112,14574,13845,309,14154,151
2020-10-17,Yolo,113,214977,3132,3045,7,3052,55
2020-10-17,Yuba,115,75493,1205,1164,5,1169,10
2020-10-16,Alameda,001,1643700,23088,22315,214,22529,397
2020-10-16,Alpine,003,1148,3,3,0,3,0
2020-10-16,Amador,005,37829,314,309,0,309,16
2020-10-16,Butte,007,227075,3121,3004,28,3032,54
2020-10-16,Calaveras,009,45235,326,267,0,267,13
2020-10-16,Colusa,011,21464,543,544,1,545,6
2020-10-16,Contra Costa,013,1133247,18497,17956,92,18048,237
2020-10-16,Del Norte,015,27424,169,166,0,166,2
2020-10-16,El Dorado,017,186661,1336,1273,2,1275,4
2020-10-16,Fresno,019,978130,32850,29796,440,30236,427
2020-10-16,Glenn,021,27897,647,632,0,632,3
2020-10-16,Humboldt,023,135768,550,533,1,534,7
2020-10-16,Imperial,025,180216,12554,11885,42,11927,330
2020-10-16,Inyo,027,18085,224,212,5,217,14
2020-10-16,Kern,029,883053,33458,32660,377,33037,428
2020-10-16,Kings,031,150075,8365,8146,52,8198,80
2020-10-16,Lake,033,64148,692,644,0,644,14
2020-10-16,Lassen,035,31185,768,757,2,759,0
2020-10-16,Los Angeles,037,10098052,291583,284988,2579,287567,6835
2020-10-16,Madera,039,155013,4931,4736,36,4772,53
2020-10-16,Marin,041,260295,7044,6933,19,6952,99
2020-10-16,Mariposa,043,17540,78,76,0,76,2
2020-10-16,Mendocino,045,87422,1044,974,4,978,21
2020-10-16,Merced,047,269075,9370,9246,31,9277,148
2020-10-16,Modoc,049,8938,30,26,0,26,0
2020-10-16,Mono,051,14174,174,155,5,160,1
2020-10-16,Monterey,053,433212,11056,10727,50,10777,79
2020-10-16,Napa,055,140530,1943,1855,8,1863,12
2020-10-16,Nevada,057,99092,608,579,18,597,8
2020-10-16,Orange,059,3164182,59046,56091,1660,57751,1388
2020-10-16,Placer,061,380077,4078,3864,15,3879,49
2020-10-16,Plumas,063,18699,61,52,0,52,0
2020-10-16,Riverside,065,2383286,65212,62986,251,63237,1267
2020-10-16,Sacramento,067,1510023,24756,24144,27,24171,479
2020-10-16,San Benito,069,59416,1401,1388,1,1389,14
2020-10-16,San Bernardino,071,2135413,61068,58233,379,58612,1069
2020-10-16,San Diego,073,3302833,53917,51785,1377,53162,850
2020-10-16,San Francisco,075,870044,11995,11840,44,11884,126
2020-10-16,San Joaquin,077,732212,21422,20910,144,21054,489
2020-10-16,San Luis Obispo,079,281455,4238,3952,23,3975,32
2020-10-16,San Mateo,081,765935,11050,10405,10,10415,153
2020-10-16,Santa Barbara,083,443738,9870,9549,86,9635,119
2020-10-16,Santa Clara,085,1922200,24459,22920,49,22969,345
2020-10-16,Santa Cruz,087,273765,2741,2666,33,2699,20
2020-10-16,Shasta,089,179085,1937,1660,18,1678,20
2020-10-16,Sierra,091,2930,6,6,0,6,0
2020-10-16,Siskiyou,093,43540,179,167,10,177,0
2020-10-16,Solano,095,438530,7115,6879,41,6920,55
2020-10-16,Sonoma,097,501317,9094,8652,22,8674,133
2020-10-16,Stanislaus,099,539301,17399,17201,677,17878,366
2020-10-16,Sutter,101,95872,1799,1756,1,1757,12
2020-10-16,Tehama,103,63373,822,737,2,739,3
2020-10-16,Trinity,105,12862,75,20,10,30,0
2020-10-16,Tulare,107,460477,17574,16965,285,17250,290
2020-10-16,Tuolumne,109,53932,262,237,4,241,4
2020-10-16,Ventura,111,848112,14531,13805,304,14109,152
2020-10-16,Yolo,113,214977,3123,3030,7,3037,55
2020-10-16,Yuba,115,75493,1205,1155,5,1160,10
2020-10-15,Alameda,001,1643700,23020,22267,213,22480,390
2020-10-15,Alpine,003,1148,3,3,0,3,0
2020-10-15,Amador,005,37829,314,309,0,309,16
2020-10-15,Butte,007,227075,3109,3000,27,3027,54
2020-10-15,Calaveras,009,45235,325,267,0,267,13
2020-10-15,Colusa,011,21464,542,543,1,544,6
2020-10-15,Contra Costa,013,1133247,18430,17893,91,17984,237
2020-10-15,Del Norte,015,27424,169,164,0,164,2
2020-10-15,El Dorado,017,186661,1331,1265,2,1267,4
2020-10-15,Fresno,019,978130,32753,29727,437,30164,425
2020-10-15,Glenn,021,27897,642,632,0,632,3
2020-10-15,Humboldt,023,135768,546,531,1,532,7
2020-10-15,Imperial,025,180216,12513,11820,40,11860,330
2020-10-15,Inyo,027,18085,224,210,5,215,14
2020-10-15,Kern,029,883053,33377,32593,374,32967,427
2020-10-15,Kings,031,150075,8350,8134,52,8186,80
2020-10-15,Lake,033,64148,690,642,0,642,14
2020-10-15,Lassen,035,31185,767,752,2,754,0
2020-10-15,Los Angeles,037,10098052,290298,284019,2545,286564,6807
2020-10-15,Madera,039,155013,4919,4723,35,4758,50
2020-10-15,Marin,041,260295,7036,6912,19,6931,99
2020-10-15,Mariposa,043,17540,78,76,0,76,2
2020-10-15,Mendocino,045,87422,1038,963,4,967,21
2020-10-15,Merced,047,269075,9343,9213,31,9244,147
2020-10-15,Modoc,049,8938,30,26,0,26,0
2020-10-15,Mono,051,14174,174,155,5,160,1
2020-10-15,Monterey,053,433212,10989,10677,49,10726,79
2020-10-15,Napa,055,140530,1930,1842,8,1850,12
2020-10-15,Nevada,057,99092,604,575,18,593,8
2020-10-15,Orange,059,3164182,58829,55952,1648,57600,1379
2020-10-15,Placer,061,380077,4049,3848,15,3863,48
2020-10-15,Plumas,063,18699,58,52,0,52,0
2020-10-15,Riverside,065,2383286,64881,62819,248,63067,1266
2020-10-15,Sacramento,067,1510023,24640,24068,27,24095,474
2020-10-15,San Benito,069,59416,1398,1384,1,1385,14
2020-10-15,San Bernardino,071,2135413,60729,58068,376,58444,1067
2020-10-15,San Diego,073,3302833,53633,51472,1361,52833,847
2020-10-15,San Francisco,075,870044,11967,11808,41,11849,126
2020-10-15,San Joaquin,077,732212,21349,20880,138,21018,487
2020-10-15,San Luis Obispo,079,281455,4221,3934,23,3957,32
2020-10-15,San Mateo,081,765935,11010,10340,10,10350,152
2020-10-15,Santa Barbara,083,443738,9846,9526,85,9611,117
2020-10-15,Santa Clara,085,1922200,24343,22808,49,22857,343
2020-10-15,Santa Cruz,087,273765,2727,2656,33,2689,13
2020-10-15,Shasta,089,179085,1926,1635,18,1653,20
2020-10-15,Sierra,091,2930,6,6,0,6,0
2020-10-15,Siskiyou,093,43540,175,166,10,176,0
2020-10-15,Solano,095,438530,7076,6830,41,6871,55
2020-10-15,Sonoma,097,501317,9002,8571,22,8593,133
2020-10-15,Stanislaus,099,539301,17361,17151,663,17814,366
2020-10-15,Sutter,101,95872,1796,1752,1,1753,12
2020-10-15,Tehama,103,63373,795,726,2,728,3
2020-10-15,Trinity,105,12862,75,20,10,30,0
2020-10-15,Tulare,107,460477,17514,16918,270,17188,289
2020-10-15,Tuolumne,109,53932,260,236,4,240,4
2020-10-15,Ventura,111,848112,14475,13750,299,14049,152
2020-10-15,Yolo,113,214977,3103,3014,7,3021,55
2020-10-15,Yuba,115,75493,1198,1151,5,1156,10
2020-10-14,Alameda,001,1643700,22921,22227,212,22439,398
2020-10-14,Alpine,003,1148,3,3,0,3,0
2020-10-14,Amador,005,37829,312,308,0,308,16
2020-10-14,Butte,007,227075,3101,2995,27,3022,54
2020-10-14,Calaveras,009,45235,325,266,0,266,12
2020-10-14,Colusa,011,21464,542,543,1,544,6
2020-10-14,Contra Costa,013,1133247,18373,17820,89,17909,236
2020-10-14,Del Norte,015,27424,168,163,0,163,2
2020-10-14,El Dorado,017,186661,1325,1264,2,1266,4
2020-10-14,Fresno,019,978130,32638,29650,431,30081,424
2020-10-14,Glenn,021,27897,641,629,0,629,3
2020-10-14,Humboldt,023,135768,543,531,1,532,7
2020-10-14,Imperial,025,180216,12476,11765,37,11802,330
2020-10-14,Inyo,027,18085,223,209,4,213,14
2020-10-14,Kern,029,883053,33302,32528,372,32900,425
2020-10-14,Kings,031,150075,8332,8118,52,8170,80
2020-10-14,Lake,033,64148,689,642,0,642,14
2020-10-14,Lassen,035,31185,765,752,2,754,0
2020-10-14,Los Angeles,037,10098052,288985,282918,2501,285419,6786
2020-10-14,Madera,039,155013,4904,4713,34,4747,50
2020-10-14,Marin,041,260295,7030,6907,19,6926,99
2020-10-14,Mariposa,043,17540,77,76,0,76,2
2020-10-14,Mendocino,045,87422,1032,955,4,959,21
2020-10-14,Merced,047,269075,9318,9201,29,9230,147
2020-10-14,Modoc,049,8938,30,27,0,27,0
2020-10-14,Mono,051,14174,174,155,5,160,1
2020-10-14,Monterey,053,433212,10938,10616,49,10665,78
2020-10-14,Napa,055,140530,1913,1837,8,1845,12
2020-10-14,Nevada,057,99092,602,573,18,591,7
2020-10-14,Orange,059,3164182,58615,55756,1639,57395,1348
2020-10-14,Placer,061,380077,4026,3829,15,3844,48
2020-10-14,Plumas,063,18699,54,52,0,52,0
2020-10-14,Riverside,065,2383286,64598,62607,247,62854,1261
2020-10-14,Sacramento,067,1510023,24496,24013,27,24040,472
2020-10-14,San Benito,069,59416,1396,1381,0,1381,14
2020-10-14,San Bernardino,071,2135413,60402,57774,373,58147,1063
2020-10-14,San Diego,073,3302833,53314,51329,1337,52666,844
2020-10-14,San Francisco,075,870044,11935,11783,40,11823,123
2020-10-14,San Joaquin,077,732212,21270,20845,124,20969,487
2020-10-14,San Luis Obispo,079,281455,4198,3901,22,3923,32
2020-10-14,San Mateo,081,765935,10959,10309,10,10319,132
2020-10-14,Santa Barbara,083,443738,9811,9509,85,9594,117
2020-10-14,Santa Clara,085,1922200,24194,22735,49,22784,343
2020-10-14,Santa Cruz,087,273765,2717,2618,33,2651,13
2020-10-14,Shasta,089,179085,1888,1553,18,1571,20
2020-10-14,Sierra,091,2930,6,6,0,6,0
2020-10-14,Siskiyou,093,43540,175,166,10,176,0
2020-10-14,Solano,095,438530,7020,6786,41,6827,55
2020-10-14,Sonoma,097,501317,8949,8514,22,8536,133
2020-10-14,Stanislaus,099,539301,17316,17105,660,17765,365
2020-10-14,Sutter,101,95872,1787,1747,1,1748,12
2020-10-14,Tehama,103,63373,784,721,2,723,3
2020-10-14,Trinity,105,12862,74,20,10,30,0
2020-10-14,Tulare,107,460477,17451,16863,257,17120,287
2020-10-14,Tuolumne,109,53932,259,236,4,240,4
2020-10-14,Ventura,111,848112,14422,13697,295,13992,152
2020-10-14,Yolo,113,214977,3085,3007,7,3014,55
2020-10-14,Yuba,115,75493,1190,1147,5,1152,10
2020-10-13,Alameda,001,1643700,22817,22185,210,22395,389
2020-10-13,Alpine,003,1148,3,3,0,3,0
2020-10-13,Amador,005,37829,310,306,0,306,16
2020-10-13,Butte,007,227075,3092,2992,27,3019,54
2020-10-13,Calaveras,009,45235,321,262,0,262,12
2020-10-13,Colusa,011,21464,542,541,1,542,6
2020-10-13,Contra Costa,013,1133247,18315,17783,89,17872,234
2020-10-13,Del Norte,015,27424,168,163,0,163,2
2020-10-13,El Dorado,017,186661,1316,1262,2,1264,4
2020-10-13,Fresno,019,978130,32516,29579,427,30006,424
2020-10-13,Glenn,021,27897,640,629,0,629,3
2020-10-13,Humboldt,023,135768,541,523,1,524,7
2020-10-13,Imperial,025,180216,12441,11727,36,11763,327
2020-10-13,Inyo,027,18085,220,207,4,211,14
2020-10-13,Kern,029,883053,33227,32497,370,32867,419
2020-10-13,Kings,031,150075,8323,8111,52,8163,80
2020-10-13,Lake,033,64148,686,639,0,639,12
2020-10-13,Lassen,035,31185,763,752,2,754,0
2020-10-13,Los Angeles,037,10098052,287708,281716,2458,284174,6767
2020-10-13,Madera,039,155013,4886,4700,34,4734,50
2020-10-13,Marin,041,260295,7008,6900,18,6918,97
2020-10-13,Mariposa,043,17540,77,76,0,76,2
2020-10-13,Mendocino,045,87422,1023,950,4,954,21
2020-10-13,Merced,047,269075,9301,9181,29,9210,146
2020-10-13,Modoc,049,8938,29,28,0,28,0
2020-10-13,Mono,051,14174,174,155,4,159,1
2020-10-13,Monterey,053,433212,10877,10574,48,10622,78
2020-10-13,Napa,055,140530,1904,1825,8,1833,12
2020-10-13,Nevada,057,99092,595,572,18,590,7
2020-10-13,Orange,059,3164182,58402,55515,1626,57141,1326
2020-10-13,Placer,061,380077,3988,3825,15,3840,48
2020-10-13,Plumas,063,18699,52,51,0,51,0
2020-10-13,Riverside,065,2383286,64278,62279,245,62524,1254
2020-10-13,Sacramento,067,1510023,24419,23930,27,23957,466
2020-10-13,San Benito,069,59416,1388,1380,0,1380,14
2020-10-13,San Bernardino,071,2135413,60062,57411,371,57782,1061
2020-10-13,San Diego,073,3302833,53021,51026,1320,52346,840
2020-10-13,San Francisco,075,870044,11900,11659,40,11699,122
2020-10-13,San Joaquin,077,732212,21209,20822,120,20942,481
2020-10-13,San Luis Obispo,079,281455,4182,3892,21,3913,32
2020-10-13,San Mateo,081,765935,10916,10286,10,10296,130
2020-10-13,Santa Barbara,083,443738,9780,9489,85,9574,117
2020-10-13,Santa Clara,085,1922200,24067,22678,49,22727,343
2020-10-13,Santa Cruz,087,273765,2699,2603,33,2636,13
2020-10-13,Shasta,089,179085,1864,1606,18,1624,20
2020-10-13,Sierra,091,2930,6,6,0,6,0
2020-10-13,Siskiyou,093,43540,174,163,10,173,0
2020-10-13,Solano,095,438530,6985,6761,41,6802,55
2020-10-13,Sonoma,097,501317,8866,8456,22,8478,133
2020-10-13,Stanislaus,099,539301,17271,17082,655,17737,362
2020-10-13,Sutter,101,95872,1778,1748,1,1749,12
2020-10-13,Tehama,103,63373,776,717,2,719,3
2020-10-13,Trinity,105,12862,70,19,9,28,0
2020-10-13,Tulare,107,460477,17392,16822,249,17071,286
2020-10-13,Tuolumne,109,53932,257,235,4,239,4
2020-10-13,Ventura,111,848112,14368,13645,291,13936,151
2020-10-13,Yolo,113,214977,3077,2983,6,2989,55
2020-10-13,Yuba,115,75493,1185,1143,5,1148,10
2020-10-12,Alameda,001,1643700,22737,22126,209,22335,389
2020-10-12,Alpine,003,1148,3,3,0,3,0
2020-10-12,Amador,005,37829,309,305,0,305,16
2020-10-12,Butte,007,227075,3086,2975,27,3002,54
2020-10-12,Calaveras,009,45235,321,262,0,262,12
2020-10-12,Colusa,011,21464,542,541,1,542,6
2020-10-12,Contra Costa,013,1133247,18240,17728,89,17817,233
2020-10-12,Del Norte,015,27424,168,161,0,161,2
2020-10-12,El Dorado,017,186661,1313,1254,2,1256,4
2020-10-12,Fresno,019,978130,32383,29523,423,29946,421
2020-10-12,Glenn,021,27897,639,626,0,626,3
2020-10-12,Humboldt,023,135768,538,522,1,523,7
2020-10-12,Imperial,025,180216,12402,11689,35,11724,328
2020-10-12,Inyo,027,18085,217,201,4,205,14
2020-10-12,Kern,029,883053,33134,32425,367,32792,419
2020-10-12,Kings,031,150075,8317,8106,51,8157,80
2020-10-12,Lake,033,64148,680,633,0,633,12
2020-10-12,Lassen,035,31185,763,752,2,754,0
2020-10-12,Los Angeles,037,10098052,286491,280961,2430,283391,6747
2020-10-12,Madera,039,155013,4867,4689,34,4723,50
2020-10-12,Marin,041,260295,6991,6886,18,6904,97
2020-10-12,Mariposa,043,17540,77,76,0,76,2
2020-10-12,Mendocino,045,87422,1017,947,4,951,21
2020-10-12,Merced,047,269075,9280,9141,29,9170,146
2020-10-12,Modoc,049,8938,29,27,0,27,0
2020-10-12,Mono,051,14174,174,154,4,158,1
2020-10-12,Monterey,053,433212,10811,10473,48,10521,77
2020-10-12,Napa,055,140530,1896,1819,8,1827,11
2020-10-12,Nevada,057,99092,591,570,18,588,7
2020-10-12,Orange,059,3164182,58172,55373,1616,56989,1326
2020-10-12,Placer,061,380077,3956,3808,14,3822,48
2020-10-12,Plumas,063,18699,52,51,0,51,0
2020-10-12,Riverside,065,2383286,63967,62279,241,62520,1254
2020-10-12,Sacramento,067,1510023,24313,23807,27,23834,466
2020-10-12,San Benito,069,59416,1385,1376,0,1376,13
2020-10-12,San Bernardino,071,2135413,59688,57235,370,57605,1061
2020-10-12,San Diego,073,3302833,52731,50748,1293,52041,826
2020-10-12,San Francisco,075,870044,11868,11659,40,11699,122
2020-10-12,San Joaquin,077,732212,21146,20701,114,20815,480
2020-10-12,San Luis Obispo,079,281455,4154,3874,21,3895,32
2020-10-12,San Mateo,081,765935,10868,10262,10,10272,130
2020-10-12,Santa Barbara,083,443738,9742,9462,85,9547,117
2020-10-12,Santa Clara,085,1922200,23952,22578,49,22627,343
2020-10-12,Santa Cruz,087,273765,2682,2590,33,2623,13
2020-10-12,Shasta,089,179085,1839,1515,18,1533,20
2020-10-12,Sierra,091,2930,6,6,0,6,0
2020-10-12,Siskiyou,093,43540,173,162,10,172,0
2020-10-12,Solano,095,438530,6946,6742,41,6783,55
2020-10-12,Sonoma,097,501317,8795,8377,22,8399,133
2020-10-12,Stanislaus,099,539301,17222,17051,646,17697,361
2020-10-12,Sutter,101,95872,1770,1741,1,1742,12
2020-10-12,Tehama,103,63373,760,708,2,710,3
2020-10-12,Trinity,105,12862,69,19,9,28,0
2020-10-12,Tulare,107,460477,17340,16742,242,16984,286
2020-10-12,Tuolumne,109,53932,252,234,4,238,4
2020-10-12,Ventura,111,848112,14306,13617,287,13904,151
2020-10-12,Yolo,113,214977,3062,2964,6,2970,55
2020-10-12,Yuba,115,75493,1174,1141,5,1146,10
2020-10-11,Alameda,001,1643700,22647,22057,205,22262,392
2020-10-11,Alpine,003,1148,3,3,0,3,0
2020-10-11,Amador,005,37829,307,305,0,305,16
2020-10-11,Butte,007,227075,3078,2967,26,2993,54
2020-10-11,Calaveras,009,45235,319,262,0,262,12
2020-10-11,Colusa,011,21464,540,541,1,542,6
2020-10-11,Contra Costa,013,1133247,18156,17678,89,17767,233
2020-10-11,Del Norte,015,27424,166,161,0,161,2
2020-10-11,El Dorado,017,186661,1304,1242,2,1244,4
2020-10-11,Fresno,019,978130,32245,29419,415,29834,421
2020-10-11,Glenn,021,27897,637,625,0,625,3
2020-10-11,Humboldt,023,135768,537,521,1,522,7
2020-10-11,Imperial,025,180216,12342,11614,33,11647,328
2020-10-11,Inyo,027,18085,213,201,4,205,14
2020-10-11,Kern,029,883053,33047,32399,360,32759,418
2020-10-11,Kings,031,150075,8300,8094,50,8144,80
2020-10-11,Lake,033,64148,667,631,0,631,12
2020-10-11,Lassen,035,31185,762,752,2,754,0
2020-10-11,Los Angeles,037,10098052,285053,280190,2388,282578,6745
2020-10-11,Madera,039,155013,4839,4680,33,4713,50
2020-10-11,Marin,041,260295,6982,6870,18,6888,97
2020-10-11,Mariposa,043,17540,77,76,0,76,2
2020-10-11,Mendocino,045,87422,1010,944,4,948,21
2020-10-11,Merced,047,269075,9262,9124,29,9153,146
2020-10-11,Modoc,049,8938,29,27,0,27,0
2020-10-11,Mono,051,14174,174,154,4,158,1
2020-10-11,Monterey,053,433212,10760,10445,46,10491,77
2020-10-11,Napa,055,140530,1880,1811,8,1819,11
2020-10-11,Nevada,057,99092,589,569,18,587,7
2020-10-11,Orange,059,3164182,57942,55202,1610,56812,1326
2020-10-11,Placer,061,380077,3935,3787,14,3801,48
2020-10-11,Plumas,063,18699,52,51,0,51,0
2020-10-11,Riverside,065,2383286,63678,62112,237,62349,1254
2020-10-11,Sacramento,067,1510023,24171,23778,27,23805,466
2020-10-11,San Benito,069,59416,1384,1374,0,1374,13
2020-10-11,San Bernardino,071,2135413,59233,56997,368,57365,1061
2020-10-11,San Diego,073,3302833,52381,50553,1271,51824,826
2020-10-11,San Francisco,075,870044,11825,11659,40,11699,122
2020-10-11,San Joaquin,077,732212,21071,20700,104,20804,480
2020-10-11,San Luis Obispo,079,281455,4137,3874,20,3894,32
2020-10-11,San Mateo,081,765935,10837,10240,10,10250,130
2020-10-11,Santa Barbara,083,443738,9711,9440,84,9524,117
2020-10-11,Santa Clara,085,1922200,23809,22487,48,22535,336
2020-10-11,Santa Cruz,087,273765,2668,2578,33,2611,13
2020-10-11,Shasta,089,179085,1809,1515,17,1532,20
2020-10-11,Sierra,091,2930,6,6,0,6,0
2020-10-11,Siskiyou,093,43540,172,162,10,172,0
2020-10-11,Solano,095,438530,6892,6685,41,6726,53
2020-10-11,Sonoma,097,501317,8738,8319,22,8341,133
2020-10-11,Stanislaus,099,539301,17158,17007,630,17637,360
2020-10-11,Sutter,101,95872,1767,1742,1,1743,12
2020-10-11,Tehama,103,63373,736,702,2,704,3
2020-10-11,Trinity,105,12862,69,19,9,28,0
2020-10-11,Tulare,107,460477,17276,16741,234,16975,286
2020-10-11,Tuolumne,109,53932,247,234,4,238,4
2020-10-11,Ventura,111,848112,14245,13604,282,13886,151
2020-10-11,Yolo,113,214977,3032,2952,6,2958,55
2020-10-11,Yuba,115,75493,1162,1137,5,1142,10
2020-10-10,Alameda,001,1643700,22597,21979,204,22183,398
2020-10-10,Alpine,003,1148,3,3,0,3,0
2020-10-10,Amador,005,37829,306,304,0,304,16
2020-10-10,Butte,007,227075,3073,2962,25,2987,54
2020-10-10,Calaveras,009,45235,318,262,0,262,12
2020-10-10,Colusa,011,21464,540,541,1,542,6
2020-10-10,Contra Costa,013,1133247,18120,17566,88,17654,233
2020-10-10,Del Norte,015,27424,166,161,0,161,2
2020-10-10,El Dorado,017,186661,1302,1240,2,1242,4
2020-10-10,Fresno,019,978130,32181,29286,413,29699,421
2020-10-10,Glenn,021,27897,637,623,0,623,3
2020-10-10,Humboldt,023,135768,534,518,1,519,7
2020-10-10,Imperial,025,180216,12327,11591,33,11624,327
2020-10-10,Inyo,027,18085,210,201,4,205,14
2020-10-10,Kern,029,883053,33010,32338,360,32698,418
2020-10-10,Kings,031,150075,8296,8078,50,8128,80
2020-10-10,Lake,033,64148,666,630,0,630,11
2020-10-10,Lassen,035,31185,762,752,2,754,0
2020-10-10,Los Angeles,037,10098052,284333,279213,2354,281567,6743
2020-10-10,Madera,039,155013,4826,4662,33,4695,50
2020-10-10,Marin,041,260295,6973,6852,18,6870,97
2020-10-10,Mariposa,043,17540,77,76,0,76,2
2020-10-10,Mendocino,045,87422,1003,935,4,939,21
2020-10-10,Merced,047,269075,9256,9105,28,9133,146
2020-10-10,Modoc,049,8938,29,27,0,27,0
2020-10-10,Mono,051,14174,174,154,4,158,1
2020-10-10,Monterey,053,433212,10727,10410,46,10456,75
2020-10-10,Napa,055,140530,1873,1804,8,1812,11
2020-10-10,Nevada,057,99092,586,564,18,582,6
2020-10-10,Orange,059,3164182,57821,54965,1605,56570,1324
2020-10-10,Placer,061,380077,3918,3757,14,3771,48
2020-10-10,Plumas,063,18699,52,51,0,51,0
2020-10-10,Riverside,065,2383286,63474,61845,235,62080,1254
2020-10-10,Sacramento,067,1510023,24104,23689,27,23716,466
2020-10-10,San Benito,069,59416,1382,1370,0,1370,13
2020-10-10,San Bernardino,071,2135413,59071,56683,366,57049,1061
2020-10-10,San Diego,073,3302833,52151,50145,1253,51398,825
2020-10-10,San Francisco,075,870044,11804,11663,40,11703,122
2020-10-10,San Joaquin,077,732212,21043,20700,100,20800,481
2020-10-10,San Luis Obispo,079,281455,4117,3832,20,3852,32
2020-10-10,San Mateo,081,765935,10800,10218,10,10228,130
2020-10-10,Santa Barbara,083,443738,9700,9417,84,9501,116
2020-10-10,Santa Clara,085,1922200,23717,22354,48,22402,330
2020-10-10,Santa Cruz,087,273765,2654,2572,33,2605,13
2020-10-10,Shasta,089,179085,1792,1473,17,1490,20
2020-10-10,Sierra,091,2930,6,6,0,6,0
2020-10-10,Siskiyou,093,43540,172,161,10,171,0
2020-10-10,Solano,095,438530,6866,6655,41,6696,53
2020-10-10,Sonoma,097,501317,8718,8235,22,8257,133
2020-10-10,Stanislaus,099,539301,17123,16960,622,17582,360
2020-10-10,Sutter,101,95872,1764,1735,1,1736,12
2020-10-10,Tehama,103,63373,729,693,2,695,3
2020-10-10,Trinity,105,12862,69,19,9,28,0
2020-10-10,Tulare,107,460477,17241,16709,229,16938,286
2020-10-10,Tuolumne,109,53932,247,233,4,237,4
2020-10-10,Ventura,111,848112,14220,13520,282,13802,151
2020-10-10,Yolo,113,214977,3023,2939,6,2945,55
2020-10-10,Yuba,115,75493,1160,1134,5,1139,10
2020-10-09,Alameda,001,1643700,22549,21924,204,22128,399
2020-10-09,Alpine,003,1148,3,3,0,3,0
2020-10-09,Amador,005,37829,306,303,0,303,16
2020-10-09,Butte,007,227075,3070,2956,25,2981,51
2020-10-09,Calaveras,009,45235,316,262,0,262,11
2020-10-09,Colusa,011,21464,540,541,1,542,6
2020-10-09,Contra Costa,013,1133247,18070,17487,88,17575,229
2020-10-09,Del Norte,015,27424,165,161,0,161,2
2020-10-09,El Dorado,017,186661,1298,1234,2,1236,4
2020-10-09,Fresno,019,978130,32108,29208,411,29619,417
2020-10-09,Glenn,021,27897,632,617,0,617,3
2020-10-09,Humboldt,023,135768,532,516,1,517,7
2020-10-09,Imperial,025,180216,12300,11516,33,11549,330
2020-10-09,Inyo,027,18085,207,200,4,204,14
2020-10-09,Kern,029,883053,32967,32237,358,32595,417
2020-10-09,Kings,031,150075,8289,7993,48,8041,80
2020-10-09,Lake,033,64148,656,610,0,610,11
2020-10-09,Lassen,035,31185,762,751,2,753,0
2020-10-09,Los Angeles,037,10098052,283199,278039,2329,280368,6715
2020-10-09,Madera,039,155013,4816,4646,33,4679,50
2020-10-09,Marin,041,260295,6959,6838,18,6856,96
2020-10-09,Mariposa,043,17540,77,76,0,76,2
2020-10-09,Mendocino,045,87422,993,933,4,937,20
2020-10-09,Merced,047,269075,9242,9095,28,9123,145
2020-10-09,Modoc,049,8938,29,27,0,27,0
2020-10-09,Mono,051,14174,174,154,4,158,1
2020-10-09,Monterey,053,433212,10693,10369,46,10415,75
2020-10-09,Napa,055,140530,1864,1795,8,1803,11
2020-10-09,Nevada,057,99092,581,561,18,579,6
2020-10-09,Orange,059,3164182,57649,54746,1600,56346,1305
2020-10-09,Placer,061,380077,3904,3737,14,3751,48
2020-10-09,Plumas,063,18699,52,50,0,50,0
2020-10-09,Riverside,065,2383286,63238,61529,234,61763,1252
2020-10-09,Sacramento,067,1510023,24034,23606,27,23633,457
2020-10-09,San Benito,069,59416,1377,1367,0,1367,13
2020-10-09,San Bernardino,071,2135413,58831,56434,364,56798,1057
2020-10-09,San Diego,073,3302833,51875,49825,1242,51067,821
2020-10-09,San Francisco,075,870044,11774,11620,40,11660,120
2020-10-09,San Joaquin,077,732212,21013,20648,91,20739,481
2020-10-09,San Luis Obispo,079,281455,4098,3810,20,3830,32
2020-10-09,San Mateo,081,765935,10772,10140,10,10150,130
2020-10-09,Santa Barbara,083,443738,9672,9396,84,9480,116
2020-10-09,Santa Clara,085,1922200,23615,22251,47,22298,328
2020-10-09,Santa Cruz,087,273765,2645,2555,33,2588,13
2020-10-09,Shasta,089,179085,1765,1353,16,1369,20
2020-10-09,Sierra,091,2930,6,6,0,6,0
2020-10-09,Siskiyou,093,43540,170,156,10,166,0
2020-10-09,Solano,095,438530,6827,6614,41,6655,53
2020-10-09,Sonoma,097,501317,8664,8133,22,8155,133
2020-10-09,Stanislaus,099,539301,17099,16904,613,17517,362
2020-10-09,Sutter,101,95872,1760,1732,1,1733,12
2020-10-09,Tehama,103,63373,723,682,2,684,3
2020-10-09,Trinity,105,12862,69,25,9,34,0
2020-10-09,Tulare,107,460477,17201,16644,220,16864,286
2020-10-09,Tuolumne,109,53932,244,230,4,234,4
2020-10-09,Ventura,111,848112,14184,13469,279,13748,151
2020-10-09,Yolo,113,214977,3016,2928,6,2934,55
2020-10-09,Yuba,115,75493,1159,1129,5,1134,10
2020-10-08,Alameda,001,1643700,22468,21826,203,22029,395
2020-10-08,Alpine,003,1148,3,3,0,3,0
2020-10-08,Amador,005,37829,305,302,0,302,16
2020-10-08,Butte,007,227075,3060,2935,25,2960,51
2020-10-08,Calaveras,009,45235,315,262,0,262,11
2020-10-08,Colusa,011,21464,540,539,1,540,6
2020-10-08,Contra Costa,013,1133247,18010,17418,87,17505,228
2020-10-08,Del Norte,015,27424,165,151,0,151,2
2020-10-08,El Dorado,017,186661,1297,1230,2,1232,4
2020-10-08,Fresno,019,978130,32003,29111,411,29522,416
2020-10-08,Glenn,021,27897,629,616,0,616,3
2020-10-08,Humboldt,023,135768,528,515,1,516,7
2020-10-08,Imperial,025,180216,12261,11405,33,11438,330
2020-10-08,Inyo,027,18085,204,199,4,203,14
2020-10-08,Kern,029,883053,32909,32169,353,32522,411
2020-10-08,Kings,031,150075,8283,7968,48,8016,80
2020-10-08,Lake,033,64148,651,604,0,604,11
2020-10-08,Lassen,035,31185,757,751,2,753,0
2020-10-08,Los Angeles,037,10098052,281999,276763,2289,279052,6699
2020-10-08,Madera,039,155013,4797,4637,33,4670,50
2020-10-08,Marin,041,260295,6945,6810,18,6828,96
2020-10-08,Mariposa,043,17540,77,76,0,76,2
2020-10-08,Mendocino,045,87422,988,930,4,934,20
2020-10-08,Merced,047,269075,9222,9069,28,9097,144
2020-10-08,Modoc,049,8938,29,27,0,27,0
2020-10-08,Mono,051,14174,174,153,4,157,1
2020-10-08,Monterey,053,433212,10626,10343,46,10389,75
2020-10-08,Napa,055,140530,1849,1779,8,1787,11
2020-10-08,Nevada,057,99092,578,556,18,574,6
2020-10-08,Orange,059,3164182,57456,54523,1589,56112,1293
2020-10-08,Placer,061,380077,3886,3715,14,3729,48
2020-10-08,Plumas,063,18699,52,50,0,50,0
2020-10-08,Riverside,065,2383286,62969,61105,232,61337,1244
2020-10-08,Sacramento,067,1510023,23926,23482,27,23509,454
2020-10-08,San Benito,069,59416,1372,1367,0,1367,13
2020-10-08,San Bernardino,071,2135413,58466,56152,363,56515,1048
2020-10-08,San Diego,073,3302833,51595,49468,1210,50678,819
2020-10-08,San Francisco,075,870044,11736,11608,40,11648,115
2020-10-08,San Joaquin,077,732212,20961,20576,86,20662,478
2020-10-08,San Luis Obispo,079,281455,4082,3785,20,3805,32
2020-10-08,San Mateo,081,765935,10740,10044,10,10054,130
2020-10-08,Santa Barbara,083,443738,9643,9374,84,9458,116
2020-10-08,Santa Clara,085,1922200,23513,22095,47,22142,323
2020-10-08,Santa Cruz,087,273765,2633,2535,33,2568,13
2020-10-08,Shasta,089,179085,1731,1305,16,1321,20
2020-10-08,Sierra,091,2930,6,6,0,6,0
2020-10-08,Siskiyou,093,43540,170,156,10,166,0
2020-10-08,Solano,095,438530,6803,6556,41,6597,53
2020-10-08,Sonoma,097,501317,8598,8063,22,8085,132
2020-10-08,Stanislaus,099,539301,17053,16821,605,17426,360
2020-10-08,Sutter,101,95872,1760,1725,1,1726,12
2020-10-08,Tehama,103,63373,714,676,2,678,3
2020-10-08,Trinity,105,12862,68,25,9,34,0
2020-10-08,Tulare,107,460477,17140,16573,211,16784,283
2020-10-08,Tuolumne,109,53932,243,230,4,234,4
2020-10-08,Ventura,111,848112,14136,13399,277,13676,151
2020-10-08,Yolo,113,214977,2999,2914,6,2920,55
2020-10-08,Yuba,115,75493,1154,1126,5,1131,10
2020-10-07,Alameda,001,1643700,22391,21736,203,21939,395
2020-10-07,Alpine,003,1148,3,3,0,3,0
2020-10-07,Amador,005,37829,305,302,0,302,16
2020-10-07,Butte,007,227075,3048,2927,25,2952,47
2020-10-07,Calaveras,009,45235,313,262,0,262,11
2020-10-07,Colusa,011,21464,539,539,0,539,6
2020-10-07,Contra Costa,013,1133247,17940,17346,86,17432,225
2020-10-07,Del Norte,015,27424,164,149,0,149,2
2020-10-07,El Dorado,017,186661,1289,1219,2,1221,4
2020-10-07,Fresno,019,978130,31882,29069,406,29475,413
2020-10-07,Glenn,021,27897,629,615,0,615,3
2020-10-07,Humboldt,023,135768,525,512,1,513,7
2020-10-07,Imperial,025,180216,12224,11289,31,11320,330
2020-10-07,Inyo,027,18085,204,199,4,203,14
2020-10-07,Kern,029,883053,32836,32068,352,32420,410
2020-10-07,Kings,031,150075,8268,7948,48,7996,80
2020-10-07,Lake,033,64148,650,599,0,599,11
2020-10-07,Lassen,035,31185,757,751,2,753,0
2020-10-07,Los Angeles,037,10098052,280819,275559,2255,277814,6681
2020-10-07,Madera,039,155013,4777,4618,33,4651,50
2020-10-07,Marin,041,260295,6918,6790,18,6808,95
2020-10-07,Mariposa,043,17540,77,75,0,75,2
2020-10-07,Mendocino,045,87422,982,927,4,931,19
2020-10-07,Merced,047,269075,9185,9045,27,9072,144
2020-10-07,Modoc,049,8938,29,27,0,27,0
2020-10-07,Mono,051,14174,173,153,3,156,1
2020-10-07,Monterey,053,433212,10567,10272,46,10318,75
2020-10-07,Napa,055,140530,1836,1774,8,1782,11
2020-10-07,Nevada,057,99092,574,552,18,570,6
2020-10-07,Orange,059,3164182,57238,54332,1579,55911,1277
2020-10-07,Placer,061,380077,3870,3693,14,3707,48
2020-10-07,Plumas,063,18699,52,50,0,50,0
2020-10-07,Riverside,065,2383286,62622,60857,228,61085,1241
2020-10-07,Sacramento,067,1510023,23829,23380,27,23407,452
2020-10-07,San Benito,069,59416,1369,1363,0,1363,13
2020-10-07,San Bernardino,071,2135413,58118,55738,362,56100,1043
2020-10-07,San Diego,073,3302833,51279,49177,1186,50363,813
2020-10-07,San Francisco,075,870044,11701,11551,40,11591,115
2020-10-07,San Joaquin,077,732212,20909,20527,79,20606,478
2020-10-07,San Luis Obispo,079,281455,4052,3749,20,3769,32
2020-10-07,San Mateo,081,765935,10697,9980,10,9990,130
2020-10-07,Santa Barbara,083,443738,9617,9350,83,9433,116
2020-10-07,Santa Clara,085,1922200,23385,21993,47,22040,320
2020-10-07,Santa Cruz,087,273765,2621,2518,33,2551,14
2020-10-07,Shasta,089,179085,1688,1268,16,1284,20
2020-10-07,Sierra,091,2930,6,6,0,6,0
2020-10-07,Siskiyou,093,43540,168,154,10,164,0
2020-10-07,Solano,095,438530,6768,6526,41,6567,53
2020-10-07,Sonoma,097,501317,8523,7993,21,8014,130
2020-10-07,Stanislaus,099,539301,17018,16786,599,17385,357
2020-10-07,Sutter,101,95872,1756,1723,1,1724,12
2020-10-07,Tehama,103,63373,705,666,2,668,3
2020-10-07,Trinity,105,12862,64,25,8,33,0
2020-10-07,Tulare,107,460477,17097,16483,202,16685,282
2020-10-07,Tuolumne,109,53932,243,227,4,231,3
2020-10-07,Ventura,111,848112,14086,13333,271,13604,150
2020-10-07,Yolo,113,214977,2973,2904,6,2910,55
2020-10-07,Yuba,115,75493,1148,1120,5,1125,10
2020-10-06,Alameda,001,1643700,22300,21698,201,21899,385
2020-10-06,Alpine,003,1148,3,3,0,3,0
2020-10-06,Amador,005,37829,303,301,0,301,16
2020-10-06,Butte,007,227075,3041,2925,25,2950,47
2020-10-06,Calaveras,009,45235,313,261,0,261,11
2020-10-06,Colusa,011,21464,538,538,0,538,6
2020-10-06,Contra Costa,013,1133247,17861,17295,86,17381,219
2020-10-06,Del Norte,015,27424,164,144,0,144,2
2020-10-06,El Dorado,017,186661,1285,1211,2,1213,4
2020-10-06,Fresno,019,978130,31738,29022,403,29425,412
2020-10-06,Glenn,021,27897,626,604,0,604,3
2020-10-06,Humboldt,023,135768,522,508,1,509,7
2020-10-06,Imperial,025,180216,12186,11196,30,11226,327
2020-10-06,Inyo,027,18085,202,198,4,202,14
2020-10-06,Kern,029,883053,32759,32006,350,32356,407
2020-10-06,Kings,031,150075,8252,7943,48,7991,81
2020-10-06,Lake,033,64148,644,596,0,596,11
2020-10-06,Lassen,035,31185,757,743,2,745,0
2020-10-06,Los Angeles,037,10098052,279583,274115,2205,276320,6657
2020-10-06,Madera,039,155013,4765,4608,33,4641,50
2020-10-06,Marin,041,260295,6904,6766,18,6784,91
2020-10-06,Mariposa,043,17540,77,75,0,75,2
2020-10-06,Mendocino,045,87422,975,920,4,924,19
2020-10-06,Merced,047,269075,9149,9034,26,9060,143
2020-10-06,Modoc,049,8938,29,26,0,26,0
2020-10-06,Mono,051,14174,173,153,3,156,1
2020-10-06,Monterey,053,433212,10511,10235,44,10279,72
2020-10-06,Napa,055,140530,1830,1770,8,1778,11
2020-10-06,Nevada,057,99092,572,551,18,569,6
2020-10-06,Orange,059,3164182,57023,54203,1570,55773,1273
2020-10-06,Placer,061,380077,3848,3680,14,3694,48
2020-10-06,Plumas,063,18699,52,49,0,49,0
2020-10-06,Riverside,065,2383286,62357,60593,225,60818,1238
2020-10-06,Sacramento,067,1510023,23742,23322,27,23349,442
2020-10-06,San Benito,069,59416,1368,1358,0,1358,12
2020-10-06,San Bernardino,071,2135413,57803,55416,358,55774,1040
2020-10-06,San Diego,073,3302833,50942,48823,1169,49992,806
2020-10-06,San Francisco,075,870044,11675,11513,39,11552,115
2020-10-06,San Joaquin,077,732212,20869,20481,76,20557,477
2020-10-06,San Luis Obispo,079,281455,4017,3723,20,3743,32
2020-10-06,San Mateo,081,765935,10664,9934,10,9944,129
2020-10-06,Santa Barbara,083,443738,9588,9331,82,9413,116
2020-10-06,Santa Clara,085,1922200,23290,21914,47,21961,320
2020-10-06,Santa Cruz,087,273765,2599,2510,33,2543,12
2020-10-06,Shasta,089,179085,1648,1242,16,1258,18
2020-10-06,Sierra,091,2930,6,6,0,6,0
2020-10-06,Siskiyou,093,43540,168,154,10,164,0
2020-10-06,Solano,095,438530,6722,6506,41,6547,52
2020-10-06,Sonoma,097,501317,8430,7895,21,7916,130
2020-10-06,Stanislaus,099,539301,16973,16759,593,17352,354
2020-10-06,Sutter,101,95872,1754,1722,1,1723,12
2020-10-06,Tehama,103,63373,696,660,2,662,3
2020-10-06,Trinity,105,12862,64,25,8,33,0
2020-10-06,Tulare,107,460477,17055,16456,194,16650,280
2020-10-06,Tuolumne,109,53932,242,227,4,231,2
2020-10-06,Ventura,111,848112,14019,13242,266,13508,150
2020-10-06,Yolo,113,214977,2959,2899,6,2905,56
2020-10-06,Yuba,115,75493,1147,1114,5,1119,10
2020-10-05,Alameda,001,1643700,22212,21637,198,21835,383
2020-10-05,Alpine,003,1148,3,2,0,2,0
2020-10-05,Amador,005,37829,303,299,0,299,16
2020-10-05,Butte,007,227075,3031,2910,25,2935,46
2020-10-05,Calaveras,009,45235,313,259,0,259,11
2020-10-05,Colusa,011,21464,538,537,0,537,6
2020-10-05,Contra Costa,013,1133247,17784,17250,86,17336,216
2020-10-05,Del Norte,015,27424,161,142,0,142,2
2020-10-05,El Dorado,017,186661,1281,1202,2,1204,4
2020-10-05,Fresno,019,978130,31621,29136,403,29539,408
2020-10-05,Glenn,021,27897,624,603,0,603,3
2020-10-05,Humboldt,023,135768,521,506,1,507,6
2020-10-05,Imperial,025,180216,12146,11169,28,11197,327
2020-10-05,Inyo,027,18085,202,197,4,201,14
2020-10-05,Kern,029,883053,32680,31933,346,32279,404
2020-10-05,Kings,031,150075,8155,7932,48,7980,80
2020-10-05,Lake,033,64148,640,592,0,592,10
2020-10-05,Lassen,035,31185,756,743,2,745,0
2020-10-05,Los Angeles,037,10098052,278497,273200,2163,275363,6632
2020-10-05,Madera,039,155013,4757,4598,31,4629,50
2020-10-05,Marin,041,260295,6887,6751,18,6769,91
2020-10-05,Mariposa,043,17540,77,75,0,75,2
2020-10-05,Mendocino,045,87422,967,913,4,917,19
2020-10-05,Merced,047,269075,9130,9021,25,9046,143
2020-10-05,Modoc,049,8938,29,26,0,26,0
2020-10-05,Mono,051,14174,173,152,3,155,1
2020-10-05,Monterey,053,433212,10464,10187,44,10231,72
2020-10-05,Napa,055,140530,1819,1760,8,1768,11
2020-10-05,Nevada,057,99092,569,550,17,567,6
2020-10-05,Orange,059,3164182,56807,54103,1557,55660,1271
2020-10-05,Placer,061,380077,3822,3670,14,3684,46
2020-10-05,Plumas,063,18699,51,49,0,49,0
2020-10-05,Riverside,065,2383286,62037,60454,221,60675,1232
2020-10-05,Sacramento,067,1510023,23638,23207,27,23234,438
2020-10-05,San Benito,069,59416,1365,1356,0,1356,12
2020-10-05,San Bernardino,071,2135413,57495,55100,357,55457,1031
2020-10-05,San Diego,073,3302833,50606,48662,1145,49807,803
2020-10-05,San Francisco,075,870044,11636,11476,36,11512,110
2020-10-05,San Joaquin,077,732212,20798,20319,73,20392,476
2020-10-05,San Luis Obispo,079,281455,3990,3710,20,3730,32
2020-10-05,San Mateo,081,765935,10637,9896,10,9906,128
2020-10-05,Santa Barbara,083,443738,9566,9309,82,9391,116
2020-10-05,Santa Clara,085,1922200,23173,21861,47,21908,319
2020-10-05,Santa Cruz,087,273765,2587,2492,33,2525,9
2020-10-05,Shasta,089,179085,1615,1158,16,1174,18
2020-10-05,Sierra,091,2930,6,6,0,6,0
2020-10-05,Siskiyou,093,43540,168,153,10,163,0
2020-10-05,Solano,095,438530,6683,6475,41,6516,52
2020-10-05,Sonoma,097,501317,8338,7817,21,7838,130
2020-10-05,Stanislaus,099,539301,16938,16730,586,17316,351
2020-10-05,Sutter,101,95872,1746,1719,1,1720,12
2020-10-05,Tehama,103,63373,688,642,2,644,3
2020-10-05,Trinity,105,12862,62,22,8,30,0
2020-10-05,Tulare,107,460477,16996,16343,190,16533,278
2020-10-05,Tuolumne,109,53932,239,226,4,230,2
2020-10-05,Ventura,111,848112,13950,13224,246,13470,149
2020-10-05,Yolo,113,214977,2940,2889,6,2895,56
2020-10-05,Yuba,115,75493,1134,1108,5,1113,9
2020-10-04,Alameda,001,1643700,22116,21597,198,21795,383
2020-10-04,Alpine,003,1148,3,2,0,2,0
2020-10-04,Amador,005,37829,301,297,0,297,16
2020-10-04,Butte,007,227075,3017,2903,25,2928,46
2020-10-04,Calaveras,009,45235,313,259,0,259,11
2020-10-04,Colusa,011,21464,537,537,0,537,6
2020-10-04,Contra Costa,013,1133247,17719,17192,86,17278,214
2020-10-04,Del Norte,015,27424,157,142,0,142,2
2020-10-04,El Dorado,017,186661,1277,1196,2,1198,4
2020-10-04,Fresno,019,978130,31498,29065,403,29468,408
2020-10-04,Glenn,021,27897,622,601,0,601,3
2020-10-04,Humboldt,023,135768,520,506,1,507,6
2020-10-04,Imperial,025,180216,12107,11127,28,11155,327
2020-10-04,Inyo,027,18085,199,195,4,199,14
2020-10-04,Kern,029,883053,32606,31906,343,32249,404
2020-10-04,Kings,031,150075,8140,7919,48,7967,80
2020-10-04,Lake,033,64148,626,589,0,589,10
2020-10-04,Lassen,035,31185,756,743,2,745,0
2020-10-04,Los Angeles,037,10098052,277108,272822,2117,274939,6625
2020-10-04,Madera,039,155013,4741,4587,31,4618,50
2020-10-04,Marin,041,260295,6867,6741,18,6759,91
2020-10-04,Mariposa,043,17540,77,75,0,75,2
2020-10-04,Mendocino,045,87422,954,905,4,909,18
2020-10-04,Merced,047,269075,9105,9006,25,9031,140
2020-10-04,Modoc,049,8938,29,26,0,26,0
2020-10-04,Mono,051,14174,172,152,2,154,1
2020-10-04,Monterey,053,433212,10423,10141,43,10184,72
2020-10-04,Napa,055,140530,1807,1759,8,1767,11
2020-10-04,Nevada,057,99092,565,547,16,563,6
2020-10-04,Orange,059,3164182,56571,53966,1548,55514,1270
2020-10-04,Placer,061,380077,3801,3664,14,3678,46
2020-10-04,Plumas,063,18699,51,49,0,49,0
2020-10-04,Riverside,065,2383286,61751,60251,217,60468,1226
2020-10-04,Sacramento,067,1510023,23525,23162,27,23189,438
2020-10-04,San Benito,069,59416,1365,1355,0,1355,12
2020-10-04,San Bernardino,071,2135413,57049,55100,355,55455,1031
2020-10-04,San Diego,073,3302833,50239,48438,1120,49558,803
2020-10-04,San Francisco,075,870044,11604,11474,34,11508,110
2020-10-04,San Joaquin,077,732212,20721,20320,67,20387,476
2020-10-04,San Luis Obispo,079,281455,3965,3688,20,3708,31
2020-10-04,San Mateo,081,765935,10576,9858,10,9868,128
2020-10-04,Santa Barbara,083,443738,9540,9276,80,9356,116
2020-10-04,Santa Clara,085,1922200,23036,21780,47,21827,316
2020-10-04,Santa Cruz,087,273765,2571,2483,33,2516,9
2020-10-04,Shasta,089,179085,1517,1158,15,1173,18
2020-10-04,Sierra,091,2930,6,6,0,6,0
2020-10-04,Siskiyou,093,43540,168,153,10,163,0
2020-10-04,Solano,095,438530,6632,6445,41,6486,52
2020-10-04,Sonoma,097,501317,8250,7794,21,7815,129
2020-10-04,Stanislaus,099,539301,16888,16711,577,17288,351
2020-10-04,Sutter,101,95872,1742,1711,1,1712,11
2020-10-04,Tehama,103,63373,673,637,2,639,3
2020-10-04,Trinity,105,12862,61,21,8,29,0
2020-10-04,Tulare,107,460477,16919,16343,178,16521,278
2020-10-04,Tuolumne,109,53932,237,226,4,230,2
2020-10-04,Ventura,111,848112,13868,13197,229,13426,149
2020-10-04,Yolo,113,214977,2929,2875,6,2881,56
2020-10-04,Yuba,115,75493,1130,1103,5,1108,9
2020-10-03,Alameda,001,1643700,22070,21510,197,21707,386
2020-10-03,Alpine,003,1148,3,2,0,2,0
2020-10-03,Amador,005,37829,300,296,0,296,16
2020-10-03,Butte,007,227075,3011,2894,25,2919,46
2020-10-03,Calaveras,009,45235,313,259,0,259,11
2020-10-03,Colusa,011,21464,536,537,0,537,6
2020-10-03,Contra Costa,013,1133247,17669,17087,84,17171,213
2020-10-03,Del Norte,015,27424,153,142,0,142,2
2020-10-03,El Dorado,017,186661,1270,1188,2,1190,4
2020-10-03,Fresno,019,978130,31438,28975,402,29377,408
2020-10-03,Glenn,021,27897,620,601,0,601,3
2020-10-03,Humboldt,023,135768,519,504,1,505,6
2020-10-03,Imperial,025,180216,12084,11090,28,11118,327
2020-10-03,Inyo,027,18085,199,194,4,198,14
2020-10-03,Kern,029,883053,32556,31864,340,32204,403
2020-10-03,Kings,031,150075,8136,7887,48,7935,80
2020-10-03,Lake,033,64148,616,588,0,588,10
2020-10-03,Lassen,035,31185,756,743,2,745,0
2020-10-03,Los Angeles,037,10098052,276403,271869,2088,273957,6620
2020-10-03,Madera,039,155013,4724,4565,31,4596,50
2020-10-03,Marin,041,260295,6861,6728,18,6746,91
2020-10-03,Mariposa,043,17540,77,75,0,75,2
2020-10-03,Mendocino,045,87422,952,898,4,902,18
2020-10-03,Merced,047,269075,9092,8986,25,9011,139
2020-10-03,Modoc,049,8938,29,26,0,26,0
2020-10-03,Mono,051,14174,171,152,2,154,1
2020-10-03,Monterey,053,433212,10389,10092,40,10132,72
2020-10-03,Napa,055,140530,1803,1752,8,1760,11
2020-10-03,Nevada,057,99092,564,544,16,560,6
2020-10-03,Orange,059,3164182,56454,53573,1543,55116,1268
2020-10-03,Placer,061,380077,3790,3648,14,3662,47
2020-10-03,Plumas,063,18699,51,48,0,48,0
2020-10-03,Riverside,065,2383286,61599,59991,215,60206,1226
2020-10-03,Sacramento,067,1510023,23474,23076,27,23103,437
2020-10-03,San Benito,069,59416,1365,1351,0,1351,12
2020-10-03,San Bernardino,071,2135413,56876,55004,352,55356,1031
2020-10-03,San Diego,073,3302833,50008,48202,1103,49305,798
2020-10-03,San Francisco,075,870044,11579,11475,32,11507,110
2020-10-03,San Joaquin,077,732212,20695,20322,67,20389,476
2020-10-03,San Luis Obispo,079,281455,3941,3670,20,3690,31
2020-10-03,San Mateo,081,765935,10550,9822,9,9831,128
2020-10-03,Santa Barbara,083,443738,9527,9256,80,9336,116
2020-10-03,Santa Clara,085,1922200,22956,21672,47,21719,309
2020-10-03,Santa Cruz,087,273765,2563,2476,33,2509,9
2020-10-03,Shasta,089,179085,1489,1117,14,1131,18
2020-10-03,Sierra,091,2930,6,6,0,6,0
2020-10-03,Siskiyou,093,43540,168,152,10,162,0
2020-10-03,Solano,095,438530,6606,6419,41,6460,52
2020-10-03,Sonoma,097,501317,8207,7747,21,7768,129
2020-10-03,Stanislaus,099,539301,16855,16645,573,17218,351
2020-10-03,Sutter,101,95872,1738,1705,1,1706,11
2020-10-03,Tehama,103,63373,667,630,2,632,3
2020-10-03,Trinity,105,12862,61,15,8,23,0
2020-10-03,Tulare,107,460477,16875,16322,174,16496,278
2020-10-03,Tuolumne,109,53932,236,224,4,228,2
2020-10-03,Ventura,111,848112,13829,13150,225,13375,148
2020-10-03,Yolo,113,214977,2922,2863,6,2869,56
2020-10-03,Yuba,115,75493,1122,1097,5,1102,8
2020-10-02,Alameda,001,1643700,22015,21404,196,21600,382
2020-10-02,Alpine,003,1148,3,2,0,2,0
2020-10-02,Amador,005,37829,299,296,0,296,16
2020-10-02,Butte,007,227075,3001,2879,25,2904,46
2020-10-02,Calaveras,009,45235,312,259,0,259,11
2020-10-02,Colusa,011,21464,535,537,0,537,6
2020-10-02,Contra Costa,013,1133247,17626,17002,83,17085,213
2020-10-02,Del Norte,015,27424,152,141,0,141,2
2020-10-02,El Dorado,017,186661,1263,1168,2,1170,4
2020-10-02,Fresno,019,978130,31355,28855,402,29257,403
2020-10-02,Glenn,021,27897,615,594,0,594,3
2020-10-02,Humboldt,023,135768,518,503,1,504,6
2020-10-02,Imperial,025,180216,12062,11024,28,11052,327
2020-10-02,Inyo,027,18085,197,191,4,195,14
2020-10-02,Kern,029,883053,32504,31790,338,32128,399
2020-10-02,Kings,031,150075,8127,7716,48,7764,79
2020-10-02,Lake,033,64148,610,579,0,579,10
2020-10-02,Lassen,035,31185,756,742,2,744,0
2020-10-02,Los Angeles,037,10098052,275502,270935,2060,272995,6602
2020-10-02,Madera,039,155013,4715,4537,31,4568,49
2020-10-02,Marin,041,260295,6844,6717,18,6735,91
2020-10-02,Mariposa,043,17540,77,75,0,75,2
2020-10-02,Mendocino,045,87422,947,883,4,887,18
2020-10-02,Merced,047,269075,9082,8961,25,8986,139
2020-10-02,Modoc,049,8938,29,26,0,26,0
2020-10-02,Mono,051,14174,171,150,2,152,1
2020-10-02,Monterey,053,433212,10355,9997,40,10037,71
2020-10-02,Napa,055,140530,1797,1737,8,1745,11
2020-10-02,Nevada,057,99092,561,543,16,559,6
2020-10-02,Orange,059,3164182,56323,53299,1536,54835,1262
2020-10-02,Placer,061,380077,3770,3612,14,3626,46
2020-10-02,Plumas,063,18699,51,48,0,48,0
2020-10-02,Riverside,065,2383286,61378,59673,212,59885,1223
2020-10-02,Sacramento,067,1510023,23409,22818,27,22845,436
2020-10-02,San Benito,069,59416,1361,1347,0,1347,12
2020-10-02,San Bernardino,071,2135413,56689,54613,352,54965,1028
2020-10-02,San Diego,073,3302833,49755,47793,1088,48881,794
2020-10-02,San Francisco,075,870044,11556,11398,32,11430,110
2020-10-02,San Joaquin,077,732212,20661,20235,66,20301,474
2020-10-02,San Luis Obispo,079,281455,3918,3654,20,3674,31
2020-10-02,San Mateo,081,765935,10509,9745,9,9754,128
2020-10-02,Santa Barbara,083,443738,9504,9234,80,9314,116
2020-10-02,Santa Clara,085,1922200,22870,21545,46,21591,305
2020-10-02,Santa Cruz,087,273765,2546,2463,33,2496,9
2020-10-02,Shasta,089,179085,1454,1046,14,1060,18
2020-10-02,Sierra,091,2930,6,6,0,6,0
2020-10-02,Siskiyou,093,43540,168,151,10,161,0
2020-10-02,Solano,095,438530,6576,6385,41,6426,52
2020-10-02,Sonoma,097,501317,8150,7662,21,7683,125
2020-10-02,Stanislaus,099,539301,16814,16609,564,17173,349
2020-10-02,Sutter,101,95872,1737,1693,1,1694,11
2020-10-02,Tehama,103,63373,662,619,2,621,3
2020-10-02,Trinity,105,12862,61,15,8,23,0
2020-10-02,Tulare,107,460477,16834,16245,167,16412,278
2020-10-02,Tuolumne,109,53932,234,225,4,229,2
2020-10-02,Ventura,111,848112,13790,13120,221,13341,146
2020-10-02,Yolo,113,214977,2917,2845,6,2851,55
2020-10-02,Yuba,115,75493,1120,1090,5,1095,8
2020-10-01,Alameda,001,1643700,21954,21349,192,21541,383
2020-10-01,Alpine,003,1148,3,2,0,2,0
2020-10-01,Amador,005,37829,299,294,0,294,16
2020-10-01,Butte,007,227075,2993,2865,25,2890,45
2020-10-01,Calaveras,009,45235,312,257,0,257,11
2020-10-01,Colusa,011,21464,535,536,0,536,6
2020-10-01,Contra Costa,013,1133247,17564,16898,83,16981,211
2020-10-01,Del Norte,015,27424,147,140,0,140,2
2020-10-01,El Dorado,017,186661,1259,1162,1,1163,4
2020-10-01,Fresno,019,978130,31275,28796,400,29196,397
2020-10-01,Glenn,021,27897,611,593,0,593,3
2020-10-01,Humboldt,023,135768,518,499,1,500,6
2020-10-01,Imperial,025,180216,12019,10928,26,10954,325
2020-10-01,Inyo,027,18085,197,191,4,195,14
2020-10-01,Kern,029,883053,32441,31678,333,32011,399
2020-10-01,Kings,031,150075,8116,7688,45,7733,79
2020-10-01,Lake,033,64148,604,572,0,572,11
2020-10-01,Lassen,035,31185,753,742,2,744,0
2020-10-01,Los Angeles,037,10098052,274460,271513,2026,273539,6621
2020-10-01,Madera,039,155013,4692,4508,31,4539,48
2020-10-01,Marin,041,260295,6830,6710,18,6728,92
2020-10-01,Mariposa,043,17540,77,76,0,76,2
2020-10-01,Mendocino,045,87422,942,874,4,878,19
2020-10-01,Merced,047,269075,9054,8942,25,8967,138
2020-10-01,Modoc,049,8938,29,26,0,26,0
2020-10-01,Mono,051,14174,169,150,2,152,1
2020-10-01,Monterey,053,433212,10279,9958,40,9998,71
2020-10-01,Napa,055,140530,1789,1729,8,1737,11
2020-10-01,Nevada,057,99092,560,543,16,559,6
2020-10-01,Orange,059,3164182,56158,53088,1523,54611,1257
2020-10-01,Placer,061,380077,3743,3599,14,3613,45
2020-10-01,Plumas,063,18699,51,48,0,48,0
2020-10-01,Riverside,065,2383286,61126,59293,206,59499,1223
2020-10-01,Sacramento,067,1510023,23297,22714,26,22740,433
2020-10-01,San Benito,069,59416,1359,1346,0,1346,12
2020-10-01,San Bernardino,071,2135413,56395,54350,349,54699,1021
2020-10-01,San Diego,073,3302833,49473,47487,1068,48555,792
2020-10-01,San Francisco,075,870044,11525,11284,30,11314,110
2020-10-01,San Joaquin,077,732212,20614,20204,63,20267,471
2020-10-01,San Luis Obispo,079,281455,3891,3625,20,3645,31
2020-10-01,San Mateo,081,765935,10464,9681,9,9690,128
2020-10-01,Santa Barbara,083,443738,9463,9215,80,9295,118
2020-10-01,Santa Clara,085,1922200,22769,21398,46,21444,305
2020-10-01,Santa Cruz,087,273765,2531,2418,33,2451,10
2020-10-01,Shasta,089,179085,1403,991,14,1005,18
2020-10-01,Sierra,091,2930,6,6,0,6,0
2020-10-01,Siskiyou,093,43540,165,150,10,160,0
2020-10-01,Solano,095,438530,6538,6352,41,6393,52
2020-10-01,Sonoma,097,501317,8083,7569,21,7590,125
2020-10-01,Stanislaus,099,539301,16781,16555,558,17113,346
2020-10-01,Sutter,101,95872,1732,1684,1,1685,11
2020-10-01,Tehama,103,63373,652,606,2,608,3
2020-10-01,Trinity,105,12862,61,15,8,23,0
2020-10-01,Tulare,107,460477,16759,16182,164,16346,275
2020-10-01,Tuolumne,109,53932,234,223,4,227,2
2020-10-01,Ventura,111,848112,13738,13057,207,13264,146
2020-10-01,Yolo,113,214977,2899,2833,6,2839,55
2020-10-01,Yuba,115,75493,1116,1082,5,1087,8
2020-09-30,Alameda,001,1643700,21875,21271,189,21460,380
2020-09-30,Alpine,003,1148,3,2,0,2,0
2020-09-30,Amador,005,37829,299,294,0,294,16
2020-09-30,Butte,007,227075,2985,2858,25,2883,44
2020-09-30,Calaveras,009,45235,311,258,0,258,11
2020-09-30,Colusa,011,21464,534,534,0,534,6
2020-09-30,Contra Costa,013,1133247,17495,16819,83,16902,211
2020-09-30,Del Norte,015,27424,146,140,0,140,2
2020-09-30,El Dorado,017,186661,1247,1157,1,1158,4
2020-09-30,Fresno,019,978130,31184,28706,397,29103,395
2020-09-30,Glenn,021,27897,606,592,0,592,3
2020-09-30,Humboldt,023,135768,516,497,1,498,6
2020-09-30,Imperial,025,180216,11994,10868,26,10894,287
2020-09-30,Inyo,027,18085,196,189,4,193,14
2020-09-30,Kern,029,883053,32366,31601,332,31933,398
2020-09-30,Kings,031,150075,8087,7685,45,7730,79
2020-09-30,Lake,033,64148,598,567,0,567,10
2020-09-30,Lassen,035,31185,750,742,2,744,0
2020-09-30,Los Angeles,037,10098052,273235,270260,1993,272253,6568
2020-09-30,Madera,039,155013,4683,4477,31,4508,47
2020-09-30,Marin,041,260295,6806,6700,17,6717,91
2020-09-30,Mariposa,043,17540,77,76,0,76,2
2020-09-30,Mendocino,045,87422,936,867,4,871,17
2020-09-30,Merced,047,269075,9034,8926,25,8951,136
2020-09-30,Modoc,049,8938,29,26,0,26,0
2020-09-30,Mono,051,14174,169,150,2,152,1
2020-09-30,Monterey,053,433212,10229,9898,39,9937,70
2020-09-30,Napa,055,140530,1775,1728,8,1736,11
2020-09-30,Nevada,057,99092,558,540,16,556,6
2020-09-30,Orange,059,3164182,55967,52916,1507,54423,1251
2020-09-30,Placer,061,380077,3722,3585,14,3599,43
2020-09-30,Plumas,063,18699,51,48,0,48,0
2020-09-30,Riverside,065,2383286,60771,59074,202,59276,1220
2020-09-30,Sacramento,067,1510023,23193,22613,26,22639,429
2020-09-30,San Benito,069,59416,1356,1342,0,1342,12
2020-09-30,San Bernardino,071,2135413,56117,53988,347,54335,1018
2020-09-30,San Diego,073,3302833,49169,47182,1047,48229,783
2020-09-30,San Francisco,075,870044,11495,11247,30,11277,106
2020-09-30,San Joaquin,077,732212,20531,20150,61,20211,461
2020-09-30,San Luis Obispo,079,281455,3866,3597,20,3617,31
2020-09-30,San Mateo,081,765935,10422,9634,9,9643,128
2020-09-30,Santa Barbara,083,443738,9437,9186,80,9266,115
2020-09-30,Santa Clara,085,1922200,22664,21318,46,21364,302
2020-09-30,Santa Cruz,087,273765,2518,2405,33,2438,10
2020-09-30,Shasta,089,179085,1347,976,13,989,17
2020-09-30,Sierra,091,2930,6,6,0,6,0
2020-09-30,Siskiyou,093,43540,163,150,10,160,0
2020-09-30,Solano,095,438530,6496,6315,41,6356,51
2020-09-30,Sonoma,097,501317,7994,7494,21,7515,125
2020-09-30,Stanislaus,099,539301,16734,16531,552,17083,343
2020-09-30,Sutter,101,95872,1716,1680,1,1681,10
2020-09-30,Tehama,103,63373,646,594,2,596,3
2020-09-30,Trinity,105,12862,58,15,8,23,0
2020-09-30,Tulare,107,460477,16693,16117,157,16274,274
2020-09-30,Tuolumne,109,53932,232,224,4,228,2
2020-09-30,Ventura,111,848112,13703,12968,191,13159,145
2020-09-30,Yolo,113,214977,2886,2822,6,2828,55
2020-09-30,Yuba,115,75493,1113,1075,5,1080,8
2020-09-29,Alameda,001,1643700,21798,21241,185,21426,374
2020-09-29,Alpine,003,1148,3,2,0,2,0
2020-09-29,Amador,005,37829,297,294,0,294,16
2020-09-29,Butte,007,227075,2971,2848,25,2873,44
2020-09-29,Calaveras,009,45235,309,261,0,261,11
2020-09-29,Colusa,011,21464,534,534,0,534,6
2020-09-29,Contra Costa,013,1133247,17440,16716,81,16797,209
2020-09-29,Del Norte,015,27424,142,142,0,142,2
2020-09-29,El Dorado,017,186661,1238,1151,1,1152,4
2020-09-29,Fresno,019,978130,31089,28621,396,29017,394
2020-09-29,Glenn,021,27897,602,589,0,589,3
2020-09-29,Humboldt,023,135768,514,497,1,498,6
2020-09-29,Imperial,025,180216,11960,10811,26,10837,283
2020-09-29,Inyo,027,18085,195,188,4,192,14
2020-09-29,Kern,029,883053,32311,31534,331,31865,397
2020-09-29,Kings,031,150075,8031,7681,45,7726,78
2020-09-29,Lake,033,64148,596,566,0,566,11
2020-09-29,Lassen,035,31185,750,741,2,743,0
2020-09-29,Los Angeles,037,10098052,272019,269246,1964,271210,6545
2020-09-29,Madera,039,155013,4659,4453,31,4484,47
2020-09-29,Marin,041,260295,6785,6692,17,6709,91
2020-09-29,Mariposa,043,17540,77,74,0,74,2
2020-09-29,Mendocino,045,87422,926,854,4,858,17
2020-09-29,Merced,047,269075,9021,8892,23,8915,136
2020-09-29,Modoc,049,8938,29,26,0,26,0
2020-09-29,Mono,051,14174,169,149,2,151,1
2020-09-29,Monterey,053,433212,10174,9826,37,9863,70
2020-09-29,Napa,055,140530,1772,1727,8,1735,11
2020-09-29,Nevada,057,99092,553,539,16,555,6
2020-09-29,Orange,059,3164182,55781,52755,1496,54251,1231
2020-09-29,Placer,061,380077,3700,3570,14,3584,42
2020-09-29,Plumas,063,18699,51,48,0,48,0
2020-09-29,Riverside,065,2383286,60441,58863,195,59058,1208
2020-09-29,Sacramento,067,1510023,23072,22547,26,22573,425
2020-09-29,San Benito,069,59416,1351,1341,0,1341,12
2020-09-29,San Bernardino,071,2135413,55808,53753,346,54099,1012
2020-09-29,San Diego,073,3302833,48892,46987,1024,48011,781
2020-09-29,San Francisco,075,870044,11459,11142,30,11172,104
2020-09-29,San Joaquin,077,732212,20465,20094,59,20153,454
2020-09-29,San Luis Obispo,079,281455,3844,3581,20,3601,31
2020-09-29,San Mateo,081,765935,10375,9619,9,9628,127
2020-09-29,Santa Barbara,083,443738,9417,9149,79,9228,114
2020-09-29,Santa Clara,085,1922200,22528,21233,45,21278,302
2020-09-29,Santa Cruz,087,273765,2503,2383,32,2415,10
2020-09-29,Shasta,089,179085,1286,943,13,956,17
2020-09-29,Sierra,091,2930,6,6,0,6,0
2020-09-29,Siskiyou,093,43540,157,150,10,160,0
2020-09-29,Solano,095,438530,6462,6303,41,6344,51
2020-09-29,Sonoma,097,501317,7922,7426,21,7447,125
2020-09-29,Stanislaus,099,539301,16704,16505,546,17051,341
2020-09-29,Sutter,101,95872,1710,1677,1,1678,10
2020-09-29,Tehama,103,63373,628,585,2,587,2
2020-09-29,Trinity,105,12862,56,16,8,24,0
2020-09-29,Tulare,107,460477,16629,16055,150,16205,270
2020-09-29,Tuolumne,109,53932,232,224,4,228,2
2020-09-29,Ventura,111,848112,13646,12875,188,13063,145
2020-09-29,Yolo,113,214977,2873,2818,6,2824,55
2020-09-29,Yuba,115,75493,1111,1071,5,1076,8
2020-09-28,Alameda,001,1643700,21711,21133,185,21318,370
2020-09-28,Alpine,003,1148,3,2,0,2,0
2020-09-28,Amador,005,37829,295,294,0,294,16
2020-09-28,Butte,007,227075,2956,2837,25,2862,44
2020-09-28,Calaveras,009,45235,309,257,0,257,11
2020-09-28,Colusa,011,21464,533,531,0,531,6
2020-09-28,Contra Costa,013,1133247,17375,16653,81,16734,195
2020-09-28,Del Norte,015,27424,142,138,0,138,2
2020-09-28,El Dorado,017,186661,1231,1144,1,1145,4
2020-09-28,Fresno,019,978130,31007,28517,388,28905,389
2020-09-28,Glenn,021,27897,600,585,0,585,3
2020-09-28,Humboldt,023,135768,508,495,1,496,6
2020-09-28,Imperial,025,180216,11925,10777,26,10803,283
2020-09-28,Inyo,027,18085,194,188,4,192,14
2020-09-28,Kern,029,883053,32246,31481,327,31808,395
2020-09-28,Kings,031,150075,7890,7661,43,7704,78
2020-09-28,Lake,033,64148,592,559,0,559,10
2020-09-28,Lassen,035,31185,749,737,2,739,0
2020-09-28,Los Angeles,037,10098052,270913,268404,1934,270338,6508
2020-09-28,Madera,039,155013,4638,4438,31,4469,47
2020-09-28,Marin,041,260295,6769,6676,17,6693,91
2020-09-28,Mariposa,043,17540,77,74,0,74,2
2020-09-28,Mendocino,045,87422,911,850,4,854,17
2020-09-28,Merced,047,269075,8993,8869,23,8892,136
2020-09-28,Modoc,049,8938,29,26,0,26,0
2020-09-28,Mono,051,14174,169,148,2,150,1
2020-09-28,Monterey,053,433212,10109,9780,35,9815,69
2020-09-28,Napa,055,140530,1760,1705,8,1713,11
2020-09-28,Nevada,057,99092,545,538,16,554,6
2020-09-28,Orange,059,3164182,55575,52633,1487,54120,1196
2020-09-28,Placer,061,380077,3679,3572,14,3586,42
2020-09-28,Plumas,063,18699,50,48,0,48,0
2020-09-28,Riverside,065,2383286,60143,58570,186,58756,1198
2020-09-28,Sacramento,067,1510023,22925,22392,26,22418,423
2020-09-28,San Benito,069,59416,1348,1336,0,1336,11
2020-09-28,San Bernardino,071,2135413,55461,53501,346,53847,988
2020-09-28,San Diego,073,3302833,48574,46736,1004,47740,776
2020-09-28,San Francisco,075,870044,11425,11114,30,11144,100
2020-09-28,San Joaquin,077,732212,20416,19982,58,20040,448
2020-09-28,San Luis Obispo,079,281455,3823,3567,20,3587,31
2020-09-28,San Mateo,081,765935,10324,9582,9,9591,127
2020-09-28,Santa Barbara,083,443738,9399,9121,79,9200,114
2020-09-28,Santa Clara,085,1922200,22411,21180,45,21225,271
2020-09-28,Santa Cruz,087,273765,2493,2359,32,2391,9
2020-09-28,Shasta,089,179085,1232,883,10,893,17
2020-09-28,Sierra,091,2930,6,6,0,6,0
2020-09-28,Siskiyou,093,43540,157,149,10,159,0
2020-09-28,Solano,095,438530,6426,6254,41,6295,51
2020-09-28,Sonoma,097,501317,7846,7369,21,7390,125
2020-09-28,Stanislaus,099,539301,16664,16467,539,17006,336
2020-09-28,Sutter,101,95872,1703,1676,1,1677,10
2020-09-28,Tehama,103,63373,620,579,2,581,2
2020-09-28,Trinity,105,12862,56,16,8,24,0
2020-09-28,Tulare,107,460477,16576,15918,145,16063,270
2020-09-28,Tuolumne,109,53932,232,225,4,229,2
2020-09-28,Ventura,111,848112,13568,12812,181,12993,139
2020-09-28,Yolo,113,214977,2856,2809,6,2815,55
2020-09-28,Yuba,115,75493,1108,1062,5,1067,7
2020-09-27,Alameda,001,1643700,21630,21077,181,21258,370
2020-09-27,Alpine,003,1148,3,2,0,2,0
2020-09-27,Amador,005,37829,295,291,0,291,16
2020-09-27,Butte,007,227075,2944,2833,25,2858,44
2020-09-27,Calaveras,009,45235,308,257,0,257,11
2020-09-27,Colusa,011,21464,532,531,0,531,6
2020-09-27,Contra Costa,013,1133247,17273,16596,80,16676,195
2020-09-27,Del Norte,015,27424,142,138,0,138,2
2020-09-27,El Dorado,017,186661,1216,1130,1,1131,4
2020-09-27,Fresno,019,978130,30901,28441,388,28829,389
2020-09-27,Glenn,021,27897,596,576,0,576,3
2020-09-27,Humboldt,023,135768,506,492,1,493,6
2020-09-27,Imperial,025,180216,11891,10743,25,10768,283
2020-09-27,Inyo,027,18085,192,188,4,192,14
2020-09-27,Kern,029,883053,32127,31462,324,31786,395
2020-09-27,Kings,031,150075,7870,7641,43,7684,78
2020-09-27,Lake,033,64148,588,555,0,555,10
2020-09-27,Lassen,035,31185,749,737,2,739,0
2020-09-27,Los Angeles,037,10098052,269738,267754,1913,269667,6507
2020-09-27,Madera,039,155013,4609,4416,31,4447,47
2020-09-27,Marin,041,260295,6759,6663,17,6680,91
2020-09-27,Mariposa,043,17540,77,74,0,74,2
2020-09-27,Mendocino,045,87422,905,846,4,850,17
2020-09-27,Merced,047,269075,8959,8853,23,8876,136
2020-09-27,Modoc,049,8938,29,26,0,26,0
2020-09-27,Mono,051,14174,169,148,2,150,1
2020-09-27,Monterey,053,433212,10049,9724,34,9758,69
2020-09-27,Napa,055,140530,1755,1690,8,1698,11
2020-09-27,Nevada,057,99092,544,537,16,553,6
2020-09-27,Orange,059,3164182,55300,52458,1478,53936,1195
2020-09-27,Placer,061,380077,3666,3562,14,3576,42
2020-09-27,Plumas,063,18699,50,48,0,48,0
2020-09-27,Riverside,065,2383286,59847,58509,178,58687,1191
2020-09-27,Sacramento,067,1510023,22827,22356,26,22382,422
2020-09-27,San Benito,069,59416,1348,1331,0,1331,11
2020-09-27,San Bernardino,071,2135413,55025,53127,346,53473,988
2020-09-27,San Diego,073,3302833,48230,46612,987,47599,776
2020-09-27,San Francisco,075,870044,11373,11114,30,11144,100
2020-09-27,San Joaquin,077,732212,20356,19981,58,20039,448
2020-09-27,San Luis Obispo,079,281455,3802,3562,20,3582,31
2020-09-27,San Mateo,081,765935,10256,9566,9,9575,127
2020-09-27,Santa Barbara,083,443738,9378,9090,78,9168,114
2020-09-27,Santa Clara,085,1922200,22302,21091,45,21136,271
2020-09-27,Santa Cruz,087,273765,2471,2359,32,2391,9
2020-09-27,Shasta,089,179085,1189,883,9,892,17
2020-09-27,Sierra,091,2930,6,6,0,6,0
2020-09-27,Siskiyou,093,43540,156,149,10,159,0
2020-09-27,Solano,095,438530,6391,6211,41,6252,51
2020-09-27,Sonoma,097,501317,7765,7336,21,7357,124
2020-09-27,Stanislaus,099,539301,16613,16448,533,16981,336
2020-09-27,Sutter,101,95872,1696,1672,1,1673,10
2020-09-27,Tehama,103,63373,603,573,2,575,2
2020-09-27,Trinity,105,12862,56,16,8,24,0
2020-09-27,Tulare,107,460477,16498,15918,136,16054,270
2020-09-27,Tuolumne,109,53932,231,224,4,228,2
2020-09-27,Ventura,111,848112,13479,12775,172,12947,139
2020-09-27,Yolo,113,214977,2842,2796,6,2802,55
2020-09-27,Yuba,115,75493,1098,1059,5,1064,7
2020-09-26,Alameda,001,1643700,21572,21019,180,21199,370
2020-09-26,Alpine,003,1148,3,2,0,2,0
2020-09-26,Amador,005,37829,294,291,0,291,16
2020-09-26,Butte,007,227075,2936,2827,25,2852,44
2020-09-26,Calaveras,009,45235,308,257,0,257,11
2020-09-26,Colusa,011,21464,532,529,0,529,6
2020-09-26,Contra Costa,013,1133247,17231,16508,80,16588,194
2020-09-26,Del Norte,015,27424,142,138,0,138,2
2020-09-26,El Dorado,017,186661,1211,1127,1,1128,4
2020-09-26,Fresno,019,978130,30834,28336,388,28724,389
2020-09-26,Glenn,021,27897,596,576,0,576,3
2020-09-26,Humboldt,023,135768,506,491,1,492,6
2020-09-26,Imperial,025,180216,11874,10721,25,10746,283
2020-09-26,Inyo,027,18085,191,187,4,191,14
2020-09-26,Kern,029,883053,32076,31410,324,31734,394
2020-09-26,Kings,031,150075,7858,7537,43,7580,78
2020-09-26,Lake,033,64148,585,549,0,549,10
2020-09-26,Lassen,035,31185,749,737,2,739,0
2020-09-26,Los Angeles,037,10098052,269104,266931,1898,268829,6497
2020-09-26,Madera,039,155013,4593,4410,31,4441,47
2020-09-26,Marin,041,260295,6746,6641,17,6658,91
2020-09-26,Mariposa,043,17540,76,74,0,74,2
2020-09-26,Mendocino,045,87422,900,836,4,840,17
2020-09-26,Merced,047,269075,8947,8841,22,8863,136
2020-09-26,Modoc,049,8938,29,26,0,26,0
2020-09-26,Mono,051,14174,169,148,2,150,1
2020-09-26,Monterey,053,433212,10022,9651,34,9685,68
2020-09-26,Napa,055,140530,1753,1681,8,1689,11
2020-09-26,Nevada,057,99092,544,534,16,550,6
2020-09-26,Orange,059,3164182,55160,52203,1472,53675,1194
2020-09-26,Placer,061,380077,3653,3551,14,3565,42
2020-09-26,Plumas,063,18699,49,48,0,48,0
2020-09-26,Riverside,065,2383286,59712,58076,176,58252,1190
2020-09-26,Sacramento,067,1510023,22771,22269,26,22295,421
2020-09-26,San Benito,069,59416,1346,1325,0,1325,11
2020-09-26,San Bernardino,071,2135413,54891,53122,346,53468,988
2020-09-26,San Diego,073,3302833,48025,46333,973,47306,775
2020-09-26,San Francisco,075,870044,11345,11113,30,11143,100
2020-09-26,San Joaquin,077,732212,20321,19982,56,20038,449
2020-09-26,San Luis Obispo,079,281455,3785,3546,20,3566,31
2020-09-26,San Mateo,081,765935,10222,9509,9,9518,127
2020-09-26,Santa Barbara,083,443738,9367,9061,78,9139,114
2020-09-26,Santa Clara,085,1922200,22231,20967,44,21011,270
2020-09-26,Santa Cruz,087,273765,2463,2336,32,2368,9
2020-09-26,Shasta,089,179085,1139,856,8,864,17
2020-09-26,Sierra,091,2930,6,6,0,6,0
2020-09-26,Siskiyou,093,43540,155,149,10,159,0
2020-09-26,Solano,095,438530,6372,6209,41,6250,51
2020-09-26,Sonoma,097,501317,7740,7285,20,7305,124
2020-09-26,Stanislaus,099,539301,16588,16421,524,16945,336
2020-09-26,Sutter,101,95872,1691,1662,1,1663,10
2020-09-26,Tehama,103,63373,591,560,2,562,2
2020-09-26,Trinity,105,12862,54,16,8,24,0
2020-09-26,Tulare,107,460477,16472,15881,134,16015,270
2020-09-26,Tuolumne,109,53932,231,223,4,227,2
2020-09-26,Ventura,111,848112,13444,12729,171,12900,137
2020-09-26,Yolo,113,214977,2840,2789,6,2795,55
2020-09-26,Yuba,115,75493,1094,1056,5,1061,7
2020-09-25,Alameda,001,1643700,21518,20911,180,21091,367
2020-09-25,Alpine,003,1148,3,2,0,2,0
2020-09-25,Amador,005,37829,294,289,0,289,16
2020-09-25,Butte,007,227075,2931,2819,25,2844,43
2020-09-25,Calaveras,009,45235,308,257,0,257,11
2020-09-25,Colusa,011,21464,532,528,0,528,6
2020-09-25,Contra Costa,013,1133247,17172,16401,80,16481,194
2020-09-25,Del Norte,015,27424,142,138,0,138,2
2020-09-25,El Dorado,017,186661,1207,1104,1,1105,4
2020-09-25,Fresno,019,978130,30774,28199,387,28586,385
2020-09-25,Glenn,021,27897,594,570,0,570,3
2020-09-25,Humboldt,023,135768,505,489,1,490,5
2020-09-25,Imperial,025,180216,11856,10681,25,10706,283
2020-09-25,Inyo,027,18085,189,187,4,191,14
2020-09-25,Kern,029,883053,32023,31333,322,31655,393
2020-09-25,Kings,031,150075,7853,7450,43,7493,77
2020-09-25,Lake,033,64148,584,539,0,539,9
2020-09-25,Lassen,035,31185,749,737,2,739,0
2020-09-25,Los Angeles,037,10098052,268315,265713,1884,267597,6483
2020-09-25,Madera,039,155013,4574,4369,31,4400,48
2020-09-25,Marin,041,260295,6743,6622,17,6639,90
2020-09-25,Mariposa,043,17540,76,74,0,74,2
2020-09-25,Mendocino,045,87422,885,819,3,822,17
2020-09-25,Merced,047,269075,8931,8830,22,8852,135
2020-09-25,Modoc,049,8938,29,26,0,26,0
2020-09-25,Mono,051,14174,169,149,2,151,1
2020-09-25,Monterey,053,433212,9970,9581,34,9615,68
2020-09-25,Napa,055,140530,1751,1669,8,1677,11
2020-09-25,Nevada,057,99092,542,529,16,545,6
2020-09-25,Orange,059,3164182,55033,52031,1464,53495,1184
2020-09-25,Placer,061,380077,3642,3527,14,3541,41
2020-09-25,Plumas,063,18699,49,48,0,48,0
2020-09-25,Riverside,065,2383286,59536,57783,171,57954,1183
2020-09-25,Sacramento,067,1510023,22694,22132,26,22158,418
2020-09-25,San Benito,069,59416,1345,1318,0,1318,11
2020-09-25,San Bernardino,071,2135413,54737,52814,346,53160,987
2020-09-25,San Diego,073,3302833,47823,46003,957,46960,775
2020-09-25,San Francisco,075,870044,11311,11066,29,11095,100
2020-09-25,San Joaquin,077,732212,20269,19909,56,19965,449
2020-09-25,San Luis Obispo,079,281455,3773,3512,20,3532,31
2020-09-25,San Mateo,081,765935,10186,9447,9,9456,127
2020-09-25,Santa Barbara,083,443738,9343,9026,78,9104,114
2020-09-25,Santa Clara,085,1922200,22167,20812,43,20855,265
2020-09-25,Santa Cruz,087,273765,2451,2309,31,2340,9
2020-09-25,Shasta,089,179085,1105,806,8,814,16
2020-09-25,Sierra,091,2930,6,6,0,6,0
2020-09-25,Siskiyou,093,43540,155,149,10,159,0
2020-09-25,Solano,095,438530,6356,6179,41,6220,50
2020-09-25,Sonoma,097,501317,7700,7202,20,7222,124
2020-09-25,Stanislaus,099,539301,16570,16381,522,16903,326
2020-09-25,Sutter,101,95872,1688,1655,1,1656,10
2020-09-25,Tehama,103,63373,583,546,2,548,2
2020-09-25,Trinity,105,12862,54,15,8,23,0
2020-09-25,Tulare,107,460477,16432,15815,132,15947,267
2020-09-25,Tuolumne,109,53932,231,223,4,227,2
2020-09-25,Ventura,111,848112,13401,12664,168,12832,137
2020-09-25,Yolo,113,214977,2832,2784,6,2790,55
2020-09-25,Yuba,115,75493,1089,1049,5,1054,5
2020-09-24,Alameda,001,1643700,21443,20838,177,21015,364
2020-09-24,Alpine,003,1148,3,2,0,2,0
2020-09-24,Amador,005,37829,294,288,0,288,16
2020-09-24,Butte,007,227075,2920,2803,25,2828,43
2020-09-24,Calaveras,009,45235,308,258,0,258,11
2020-09-24,Colusa,011,21464,532,523,0,523,6
2020-09-24,Contra Costa,013,1133247,17090,16252,80,16332,192
2020-09-24,Del Norte,015,27424,138,137,0,137,2
2020-09-24,El Dorado,017,186661,1198,1093,1,1094,4
2020-09-24,Fresno,019,978130,30668,28106,383,28489,375
2020-09-24,Glenn,021,27897,590,567,0,567,3
2020-09-24,Humboldt,023,135768,502,482,1,483,5
2020-09-24,Imperial,025,180216,11832,10622,24,10646,283
2020-09-24,Inyo,027,18085,189,187,4,191,13
2020-09-24,Kern,029,883053,31960,31273,320,31593,388
2020-09-24,Kings,031,150075,7837,7428,43,7471,76
2020-09-24,Lake,033,64148,575,531,0,531,9
2020-09-24,Lassen,035,31185,748,737,2,739,0
2020-09-24,Los Angeles,037,10098052,267274,264374,1866,266240,6452
2020-09-24,Madera,039,155013,4555,4344,31,4375,48
2020-09-24,Marin,041,260295,6715,6588,17,6605,85
2020-09-24,Mariposa,043,17540,76,74,0,74,2
2020-09-24,Mendocino,045,87422,881,810,3,813,17
2020-09-24,Merced,047,269075,8902,8813,21,8834,135
2020-09-24,Modoc,049,8938,29,24,0,24,0
2020-09-24,Mono,051,14174,169,149,2,151,1
2020-09-24,Monterey,053,433212,9904,9544,31,9575,67
2020-09-24,Napa,055,140530,1739,1661,8,1669,11
2020-09-24,Nevada,057,99092,541,527,16,543,6
2020-09-24,Orange,059,3164182,54825,51749,1446,53195,1164
2020-09-24,Placer,061,380077,3627,3514,14,3528,41
2020-09-24,Plumas,063,18699,49,48,0,48,0
2020-09-24,Riverside,065,2383286,59271,57491,165,57656,1172
2020-09-24,Sacramento,067,1510023,22568,21985,25,22010,417
2020-09-24,San Benito,069,59416,1343,1308,0,1308,11
2020-09-24,San Bernardino,071,2135413,54401,52455,345,52800,988
2020-09-24,San Diego,073,3302833,47554,45598,942,46540,773
2020-09-24,San Francisco,075,870044,11264,10992,29,11021,99
2020-09-24,San Joaquin,077,732212,20231,19851,55,19906,444
2020-09-24,San Luis Obispo,079,281455,3757,3480,20,3500,31
2020-09-24,San Mateo,081,765935,10138,9376,9,9385,127
2020-09-24,Santa Barbara,083,443738,9291,8988,77,9065,114
2020-09-24,Santa Clara,085,1922200,22079,20689,43,20732,262
2020-09-24,Santa Cruz,087,273765,2431,2300,29,2329,9
2020-09-24,Shasta,089,179085,1068,773,5,778,14
2020-09-24,Sierra,091,2930,6,6,0,6,0
2020-09-24,Siskiyou,093,43540,155,149,10,159,0
2020-09-24,Solano,095,438530,6323,6137,41,6178,49
2020-09-24,Sonoma,097,501317,7619,7163,20,7183,122
2020-09-24,Stanislaus,099,539301,16533,16326,517,16843,326
2020-09-24,Sutter,101,95872,1685,1646,1,1647,10
2020-09-24,Tehama,103,63373,580,540,2,542,2
2020-09-24,Trinity,105,12862,54,15,8,23,0
2020-09-24,Tulare,107,460477,16367,15754,131,15885,267
2020-09-24,Tuolumne,109,53932,231,224,4,228,2
2020-09-24,Ventura,111,848112,13319,12617,167,12784,138
2020-09-24,Yolo,113,214977,2825,2776,6,2782,55
2020-09-24,Yuba,115,75493,1084,1042,5,1047,5
2020-09-23,Alameda,001,1643700,21375,20718,175,20893,361
2020-09-23,Alpine,003,1148,3,2,0,2,0
2020-09-23,Amador,005,37829,293,288,0,288,16
2020-09-23,Butte,007,227075,2912,2790,25,2815,43
2020-09-23,Calaveras,009,45235,307,258,0,258,11
2020-09-23,Colusa,011,21464,531,521,0,521,6
2020-09-23,Contra Costa,013,1133247,17026,16167,79,16246,192
2020-09-23,Del Norte,015,27424,136,137,0,137,2
2020-09-23,El Dorado,017,186661,1184,1088,1,1089,4
2020-09-23,Fresno,019,978130,30573,28019,381,28400,371
2020-09-23,Glenn,021,27897,583,561,0,561,3
2020-09-23,Humboldt,023,135768,498,477,1,478,5
2020-09-23,Imperial,025,180216,11806,10587,24,10611,284
2020-09-23,Inyo,027,18085,188,177,4,181,13
2020-09-23,Kern,029,883053,31916,31172,318,31490,387
2020-09-23,Kings,031,150075,7815,7406,43,7449,76
2020-09-23,Lake,033,64148,570,519,0,519,9
2020-09-23,Lassen,035,31185,748,736,2,738,0
2020-09-23,Los Angeles,037,10098052,266257,263318,1837,265155,6421
2020-09-23,Madera,039,155013,4540,4311,31,4342,48
2020-09-23,Marin,041,260295,6696,6567,17,6584,85
2020-09-23,Mariposa,043,17540,76,74,0,74,2
2020-09-23,Mendocino,045,87422,880,801,2,803,17
2020-09-23,Merced,047,269075,8881,8785,20,8805,134
2020-09-23,Modoc,049,8938,29,24,0,24,0
2020-09-23,Mono,051,14174,169,149,2,151,1
2020-09-23,Monterey,053,433212,9835,9452,30,9482,67
2020-09-23,Napa,055,140530,1730,1653,8,1661,11
2020-09-23,Nevada,057,99092,540,523,16,539,6
2020-09-23,Orange,059,3164182,54598,51658,1438,53096,1155
2020-09-23,Placer,061,380077,3615,3506,14,3520,41
2020-09-23,Plumas,063,18699,49,48,0,48,0
2020-09-23,Riverside,065,2383286,58964,57257,162,57419,1165
2020-09-23,Sacramento,067,1510023,22491,21821,25,21846,415
2020-09-23,San Benito,069,59416,1337,1305,0,1305,10
2020-09-23,San Bernardino,071,2135413,54106,52132,344,52476,973
2020-09-23,San Diego,073,3302833,47278,45427,923,46350,767
2020-09-23,San Francisco,075,870044,11215,10926,29,10955,95
2020-09-23,San Joaquin,077,732212,20178,19785,55,19840,439
2020-09-23,San Luis Obispo,079,281455,3739,3447,20,3467,31
2020-09-23,San Mateo,081,765935,10098,9351,9,9360,127
2020-09-23,Santa Barbara,083,443738,9262,8952,77,9029,112
2020-09-23,Santa Clara,085,1922200,21968,20575,40,20615,260
2020-09-23,Santa Cruz,087,273765,2412,2283,29,2312,9
2020-09-23,Shasta,089,179085,1029,756,4,760,14
2020-09-23,Sierra,091,2930,6,6,0,6,0
2020-09-23,Siskiyou,093,43540,155,149,10,159,0
2020-09-23,Solano,095,438530,6298,6123,41,6164,50
2020-09-23,Sonoma,097,501317,7543,7091,20,7111,122
2020-09-23,Stanislaus,099,539301,16503,16271,514,16785,317
2020-09-23,Sutter,101,95872,1681,1646,1,1647,10
2020-09-23,Tehama,103,63373,574,533,2,535,2
2020-09-23,Trinity,105,12862,53,15,8,23,0
2020-09-23,Tulare,107,460477,16302,15664,130,15794,266
2020-09-23,Tuolumne,109,53932,231,223,4,227,2
2020-09-23,Ventura,111,848112,13263,12591,164,12755,137
2020-09-23,Yolo,113,214977,2807,2766,6,2772,55
2020-09-23,Yuba,115,75493,1082,1038,5,1043,5
2020-09-22,Alameda,001,1643700,21295,20607,173,20780,355
2020-09-22,Alpine,003,1148,2,2,0,2,0
2020-09-22,Amador,005,37829,292,287,0,287,16
2020-09-22,Butte,007,227075,2907,2776,25,2801,43
2020-09-22,Calaveras,009,45235,307,258,0,258,11
2020-09-22,Colusa,011,21464,529,518,0,518,6
2020-09-22,Contra Costa,013,1133247,16936,16090,79,16169,190
2020-09-22,Del Norte,015,27424,136,137,0,137,2
2020-09-22,El Dorado,017,186661,1165,1076,1,1077,4
2020-09-22,Fresno,019,978130,30478,27944,378,28322,369
2020-09-22,Glenn,021,27897,580,560,0,560,3
2020-09-22,Humboldt,023,135768,497,476,1,477,5
2020-09-22,Imperial,025,180216,11777,10529,24,10553,284
2020-09-22,Inyo,027,18085,188,177,4,181,13
2020-09-22,Kern,029,883053,31848,31110,311,31421,383
2020-09-22,Kings,031,150075,7758,7395,42,7437,76
2020-09-22,Lake,033,64148,562,516,0,516,9
2020-09-22,Lassen,035,31185,747,736,2,738,0
2020-09-22,Los Angeles,037,10098052,265191,262117,1811,263928,6394
2020-09-22,Madera,039,155013,4524,4303,31,4334,47
2020-09-22,Marin,041,260295,6682,6561,17,6578,84
2020-09-22,Mariposa,043,17540,76,74,0,74,2
2020-09-22,Mendocino,045,87422,860,794,1,795,18
2020-09-22,Merced,047,269075,8851,8769,20,8789,132
2020-09-22,Modoc,049,8938,29,24,0,24,0
2020-09-22,Mono,051,14174,168,149,2,151,1
2020-09-22,Monterey,053,433212,9777,9393,30,9423,67
2020-09-22,Napa,055,140530,1713,1652,8,1660,11
2020-09-22,Nevada,057,99092,540,523,16,539,6
2020-09-22,Orange,059,3164182,54348,51528,1430,52958,1132
2020-09-22,Placer,061,380077,3603,3492,14,3506,40
2020-09-22,Plumas,063,18699,49,48,0,48,0
2020-09-22,Riverside,065,2383286,58480,57066,158,57224,1162
2020-09-22,Sacramento,067,1510023,22371,21745,25,21770,410
2020-09-22,San Benito,069,59416,1332,1305,0,1305,10
2020-09-22,San Bernardino,071,2135413,53832,51899,344,52243,971
2020-09-22,San Diego,073,3302833,46971,45149,904,46053,765
2020-09-22,San Francisco,075,870044,11171,10893,28,10921,95
2020-09-22,San Joaquin,077,732212,20131,19755,54,19809,426
2020-09-22,San Luis Obispo,079,281455,3716,3420,20,3440,31
2020-09-22,San Mateo,081,765935,10060,9291,9,9300,127
2020-09-22,Santa Barbara,083,443738,9232,8927,76,9003,111
2020-09-22,Santa Clara,085,1922200,21849,20514,40,20554,253
2020-09-22,Santa Cruz,087,273765,2389,2264,29,2293,8
2020-09-22,Shasta,089,179085,994,723,4,727,14
2020-09-22,Sierra,091,2930,6,6,0,6,0
2020-09-22,Siskiyou,093,43540,155,149,10,159,0
2020-09-22,Solano,095,438530,6267,6107,41,6148,48
2020-09-22,Sonoma,097,501317,7464,7068,19,7087,117
2020-09-22,Stanislaus,099,539301,16480,16231,507,16738,316
2020-09-22,Sutter,101,95872,1675,1638,1,1639,10
2020-09-22,Tehama,103,63373,566,529,2,531,2
2020-09-22,Trinity,105,12862,53,15,8,23,0
2020-09-22,Tulare,107,460477,16235,15616,126,15742,263
2020-09-22,Tuolumne,109,53932,230,224,4,228,1
2020-09-22,Ventura,111,848112,13211,12507,160,12667,136
2020-09-22,Yolo,113,214977,2800,2763,6,2769,54
2020-09-22,Yuba,115,75493,1073,1035,5,1040,5
2020-09-21,Alameda,001,1643700,21216,20501,172,20673,343
2020-09-21,Alpine,003,1148,2,2,0,2,0
2020-09-21,Amador,005,37829,290,286,0,286,16
2020-09-21,Butte,007,227075,2893,2769,25,2794,41
2020-09-21,Calaveras,009,45235,305,256,0,256,10
2020-09-21,Colusa,011,21464,528,517,0,517,6
2020-09-21,Contra Costa,013,1133247,16849,16008,79,16087,189
2020-09-21,Del Norte,015,27424,136,132,0,132,2
2020-09-21,El Dorado,017,186661,1156,1074,1,1075,4
2020-09-21,Fresno,019,978130,30376,27843,371,28214,362
2020-09-21,Glenn,021,27897,576,556,0,556,3
2020-09-21,Humboldt,023,135768,493,473,1,474,5
2020-09-21,Imperial,025,180216,11746,10521,23,10544,284
2020-09-21,Inyo,027,18085,187,177,4,181,12
2020-09-21,Kern,029,883053,31776,31031,309,31340,379
2020-09-21,Kings,031,150075,7645,7297,41,7338,76
2020-09-21,Lake,033,64148,557,508,0,508,8
2020-09-21,Lassen,035,31185,745,735,2,737,0
2020-09-21,Los Angeles,037,10098052,264104,261418,1766,263184,6360
2020-09-21,Madera,039,155013,4513,4275,30,4305,47
2020-09-21,Marin,041,260295,6671,6538,16,6554,84
2020-09-21,Mariposa,043,17540,75,74,0,74,2
2020-09-21,Mendocino,045,87422,845,778,0,778,18
2020-09-21,Merced,047,269075,8832,8749,18,8767,128
2020-09-21,Modoc,049,8938,29,22,0,22,0
2020-09-21,Mono,051,14174,168,147,2,149,1
2020-09-21,Monterey,053,433212,9713,9331,27,9358,66
2020-09-21,Napa,055,140530,1702,1641,8,1649,11
2020-09-21,Nevada,057,99092,538,515,16,531,6
2020-09-21,Orange,059,3164182,54126,51363,1423,52786,1110
2020-09-21,Placer,061,380077,3593,3473,14,3487,40
2020-09-21,Plumas,063,18699,49,47,0,47,0
2020-09-21,Riverside,065,2383286,58206,57001,151,57152,1153
2020-09-21,Sacramento,067,1510023,22190,21568,25,21593,404
2020-09-21,San Benito,069,59416,1330,1298,0,1298,10
2020-09-21,San Bernardino,071,2135413,53546,51654,344,51998,970
2020-09-21,San Diego,073,3302833,46687,44927,883,45810,760
2020-09-21,San Francisco,075,870044,11123,10743,28,10771,95
2020-09-21,San Joaquin,077,732212,20073,19579,54,19633,423
2020-09-21,San Luis Obispo,079,281455,3690,3406,20,3426,27
2020-09-21,San Mateo,081,765935,10008,9239,9,9248,127
2020-09-21,Santa Barbara,083,443738,9204,8911,76,8987,110
2020-09-21,Santa Clara,085,1922200,21748,20432,40,20472,252
2020-09-21,Santa Cruz,087,273765,2372,2257,27,2284,8
2020-09-21,Shasta,089,179085,944,696,4,700,14
2020-09-21,Sierra,091,2930,6,6,0,6,0
2020-09-21,Siskiyou,093,43540,155,146,10,156,0
2020-09-21,Solano,095,438530,6243,6019,41,6060,46
2020-09-21,Sonoma,097,501317,7388,7017,19,7036,117
2020-09-21,Stanislaus,099,539301,16450,16186,507,16693,310
2020-09-21,Sutter,101,95872,1668,1634,1,1635,10
2020-09-21,Tehama,103,63373,547,513,2,515,2
2020-09-21,Trinity,105,12862,53,15,8,23,0
2020-09-21,Tulare,107,460477,16161,15528,117,15645,260
2020-09-21,Tuolumne,109,53932,230,221,4,225,1
2020-09-21,Ventura,111,848112,13127,12477,154,12631,133
2020-09-21,Yolo,113,214977,2794,2752,6,2758,54
2020-09-21,Yuba,115,75493,1069,1033,5,1038,1
2020-09-20,Alameda,001,1643700,21116,20425,169,20594,343
2020-09-20,Alpine,003,1148,2,2,0,2,0
2020-09-20,Amador,005,37829,289,286,0,286,16
2020-09-20,Butte,007,227075,2881,2764,25,2789,39
2020-09-20,Calaveras,009,45235,301,256,0,256,10
2020-09-20,Colusa,011,21464,526,510,0,510,6
2020-09-20,Contra Costa,013,1133247,16715,15917,78,15995,189
2020-09-20,Del Norte,015,27424,134,132,0,132,2
2020-09-20,El Dorado,017,186661,1141,1073,1,1074,4
2020-09-20,Fresno,019,978130,30262,27769,366,28135,362
2020-09-20,Glenn,021,27897,572,550,0,550,3
2020-09-20,Humboldt,023,135768,493,472,1,473,5
2020-09-20,Imperial,025,180216,11719,10496,21,10517,284
2020-09-20,Inyo,027,18085,187,177,4,181,12
2020-09-20,Kern,029,883053,31693,30992,306,31298,379
2020-09-20,Kings,031,150075,7598,7159,40,7199,76
2020-09-20,Lake,033,64148,545,492,0,492,8
2020-09-20,Lassen,035,31185,745,735,2,737,0
2020-09-20,Los Angeles,037,10098052,262875,260770,1740,262510,6347
2020-09-20,Madera,039,155013,4493,4257,30,4287,47
2020-09-20,Marin,041,260295,6645,6533,16,6549,83
2020-09-20,Mariposa,043,17540,75,74,0,74,2
2020-09-20,Mendocino,045,87422,833,765,0,765,18
2020-09-20,Merced,047,269075,8805,8745,18,8763,128
2020-09-20,Modoc,049,8938,27,22,0,22,0
2020-09-20,Mono,051,14174,167,147,2,149,1
2020-09-20,Monterey,053,433212,9635,9312,27,9339,65
2020-09-20,Napa,055,140530,1693,1626,8,1634,11
2020-09-20,Nevada,057,99092,535,511,16,527,6
2020-09-20,Orange,059,3164182,53885,51233,1413,52646,1110
2020-09-20,Placer,061,380077,3578,3452,14,3466,40
2020-09-20,Plumas,063,18699,49,47,0,47,0
2020-09-20,Riverside,065,2383286,58005,56783,145,56928,1147
2020-09-20,Sacramento,067,1510023,22003,21394,24,21418,401
2020-09-20,San Benito,069,59416,1319,1291,0,1291,9
2020-09-20,San Bernardino,071,2135413,53225,51559,342,51901,970
2020-09-20,San Diego,073,3302833,46314,44579,854,45433,760
2020-09-20,San Francisco,075,870044,11069,10743,28,10771,95
2020-09-20,San Joaquin,077,732212,20008,19578,47,19625,423
2020-09-20,San Luis Obispo,079,281455,3662,3393,20,3413,27
2020-09-20,San Mateo,081,765935,9941,9198,9,9207,127
2020-09-20,Santa Barbara,083,443738,9168,8880,75,8955,110
2020-09-20,Santa Clara,085,1922200,21627,20330,39,20369,252
2020-09-20,Santa Cruz,087,273765,2352,2199,27,2226,8
2020-09-20,Shasta,089,179085,903,696,3,699,14
2020-09-20,Sierra,091,2930,6,6,0,6,0
2020-09-20,Siskiyou,093,43540,155,146,10,156,0
2020-09-20,Solano,095,438530,6199,6020,41,6061,46
2020-09-20,Sonoma,097,501317,7284,6954,19,6973,117
2020-09-20,Stanislaus,099,539301,16419,16159,500,16659,310
2020-09-20,Sutter,101,95872,1662,1624,1,1625,10
2020-09-20,Tehama,103,63373,534,509,2,511,2
2020-09-20,Trinity,105,12862,53,15,8,23,0
2020-09-20,Tulare,107,460477,16075,15528,111,15639,260
2020-09-20,Tuolumne,109,53932,230,221,4,225,1
2020-09-20,Ventura,111,848112,13061,12406,150,12556,133
2020-09-20,Yolo,113,214977,2786,2745,6,2751,54
2020-09-20,Yuba,115,75493,1062,1029,5,1034,1
2020-09-19,Alameda,001,1643700,21065,20349,166,20515,343
2020-09-19,Alpine,003,1148,2,2,0,2,0
2020-09-19,Amador,005,37829,289,285,0,285,16
2020-09-19,Butte,007,227075,2875,2748,25,2773,38
2020-09-19,Calaveras,009,45235,301,256,0,256,10
2020-09-19,Colusa,011,21464,526,507,0,507,6
2020-09-19,Contra Costa,013,1133247,16652,15783,78,15861,186
2020-09-19,Del Norte,015,27424,133,132,0,132,2
2020-09-19,El Dorado,017,186661,1135,1068,0,1068,4
2020-09-19,Fresno,019,978130,30189,27668,366,28034,362
2020-09-19,Glenn,021,27897,569,547,0,547,3
2020-09-19,Humboldt,023,135768,492,471,1,472,5
2020-09-19,Imperial,025,180216,11704,10496,21,10517,284
2020-09-19,Inyo,027,18085,187,177,4,181,12
2020-09-19,Kern,029,883053,31639,30886,303,31189,379
2020-09-19,Kings,031,150075,7592,7130,40,7170,76
2020-09-19,Lake,033,64148,545,465,0,465,8
2020-09-19,Lassen,035,31185,745,731,2,733,0
2020-09-19,Los Angeles,037,10098052,262249,259801,1726,261527,6325
2020-09-19,Madera,039,155013,4470,4237,30,4267,47
2020-09-19,Marin,041,260295,6638,6513,15,6528,81
2020-09-19,Mariposa,043,17540,75,74,0,74,2
2020-09-19,Mendocino,045,87422,830,750,0,750,18
2020-09-19,Merced,047,269075,8794,8717,17,8734,128
2020-09-19,Modoc,049,8938,27,22,0,22,0
2020-09-19,Mono,051,14174,167,147,2,149,1
2020-09-19,Monterey,053,433212,9593,9237,27,9264,65
2020-09-19,Napa,055,140530,1685,1614,8,1622,11
2020-09-19,Nevada,057,99092,533,505,16,521,6
2020-09-19,Orange,059,3164182,53756,50999,1406,52405,1105
2020-09-19,Placer,061,380077,3569,3412,14,3426,40
2020-09-19,Plumas,063,18699,49,47,0,47,0
2020-09-19,Riverside,065,2383286,57878,56562,144,56706,1147
2020-09-19,Sacramento,067,1510023,21949,21297,24,21321,396
2020-09-19,San Benito,069,59416,1315,1276,0,1276,9
2020-09-19,San Bernardino,071,2135413,53069,51353,339,51692,971
2020-09-19,San Diego,073,3302833,46086,44295,831,45126,773
2020-09-19,San Francisco,075,870044,11036,10741,28,10769,95
2020-09-19,San Joaquin,077,732212,19971,19580,47,19627,424
2020-09-19,San Luis Obispo,079,281455,3641,3369,20,3389,27
2020-09-19,San Mateo,081,765935,9910,9158,9,9167,127
2020-09-19,Santa Barbara,083,443738,9148,8862,75,8937,106
2020-09-19,Santa Clara,085,1922200,21538,20170,39,20209,251
2020-09-19,Santa Cruz,087,273765,2338,2198,26,2224,8
2020-09-19,Shasta,089,179085,876,687,3,690,14
2020-09-19,Sierra,091,2930,6,6,0,6,0
2020-09-19,Siskiyou,093,43540,155,146,10,156,0
2020-09-19,Solano,095,438530,6183,5998,41,6039,46
2020-09-19,Sonoma,097,501317,7251,6905,19,6924,117
2020-09-19,Stanislaus,099,539301,16379,16109,493,16602,313
2020-09-19,Sutter,101,95872,1661,1602,1,1603,10
2020-09-19,Tehama,103,63373,529,498,2,500,2
2020-09-19,Trinity,105,12862,53,15,8,23,0
2020-09-19,Tulare,107,460477,16026,15485,108,15593,260
2020-09-19,Tuolumne,109,53932,230,217,4,221,1
2020-09-19,Ventura,111,848112,13029,12328,150,12478,133
2020-09-19,Yolo,113,214977,2778,2739,6,2745,54
2020-09-19,Yuba,115,75493,1055,1023,5,1028,1
2020-09-18,Alameda,001,1643700,21000,20222,160,20382,341
2020-09-18,Alpine,003,1148,2,2,0,2,0
2020-09-18,Amador,005,37829,289,285,0,285,16
2020-09-18,Butte,007,227075,2873,2738,25,2763,37
2020-09-18,Calaveras,009,45235,301,255,0,255,9
2020-09-18,Colusa,011,21464,526,504,0,504,6
2020-09-18,Contra Costa,013,1133247,16567,15667,78,15745,185
2020-09-18,Del Norte,015,27424,133,131,0,131,2
2020-09-18,El Dorado,017,186661,1122,1063,0,1063,4
2020-09-18,Fresno,019,978130,30124,27560,366,27926,359
2020-09-18,Glenn,021,27897,566,541,0,541,3
2020-09-18,Humboldt,023,135768,489,470,1,471,5
2020-09-18,Imperial,025,180216,11689,10460,21,10481,283
2020-09-18,Inyo,027,18085,187,177,4,181,12
2020-09-18,Kern,029,883053,31581,30742,300,31042,373
2020-09-18,Kings,031,150075,7582,7062,40,7102,74
2020-09-18,Lake,033,64148,539,458,0,458,8
2020-09-18,Lassen,035,31185,744,731,2,733,0
2020-09-18,Los Angeles,037,10098052,261488,258488,1708,260196,6324
2020-09-18,Madera,039,155013,4458,4211,30,4241,45
2020-09-18,Marin,041,260295,6623,6475,15,6490,81
2020-09-18,Mariposa,043,17540,75,74,0,74,2
2020-09-18,Mendocino,045,87422,822,739,0,739,18
2020-09-18,Merced,047,269075,8782,8691,16,8707,127
2020-09-18,Modoc,049,8938,27,22,0,22,0
2020-09-18,Mono,051,14174,165,147,2,149,1
2020-09-18,Monterey,053,433212,9551,9183,27,9210,64
2020-09-18,Napa,055,140530,1679,1604,8,1612,11
2020-09-18,Nevada,057,99092,530,504,16,520,6
2020-09-18,Orange,059,3164182,53609,50733,1394,52127,1107
2020-09-18,Placer,061,380077,3558,3389,14,3403,40
2020-09-18,Plumas,063,18699,49,45,0,45,0
2020-09-18,Riverside,065,2383286,57757,56248,140,56388,1143
2020-09-18,Sacramento,067,1510023,21866,21105,24,21129,391
2020-09-18,San Benito,069,59416,1307,1257,0,1257,8
2020-09-18,San Bernardino,071,2135413,52925,51106,336,51442,970
2020-09-18,San Diego,073,3302833,45836,44009,826,44835,757
2020-09-18,San Francisco,075,870044,10998,10644,27,10671,95
2020-09-18,San Joaquin,077,732212,19927,19531,46,19577,423
2020-09-18,San Luis Obispo,079,281455,3617,3328,20,3348,27
2020-09-18,San Mateo,081,765935,9870,9062,9,9071,127
2020-09-18,Santa Barbara,083,443738,9127,8824,75,8899,107
2020-09-18,Santa Clara,085,1922200,21440,20058,39,20097,252
2020-09-18,Santa Cruz,087,273765,2317,2180,25,2205,8
2020-09-18,Shasta,089,179085,841,668,3,671,14
2020-09-18,Sierra,091,2930,6,6,0,6,0
2020-09-18,Siskiyou,093,43540,154,146,10,156,0
2020-09-18,Solano,095,438530,6167,5961,41,6002,46
2020-09-18,Sonoma,097,501317,7203,6856,19,6875,114
2020-09-18,Stanislaus,099,539301,16351,16042,487,16529,277
2020-09-18,Sutter,101,95872,1653,1586,1,1587,10
2020-09-18,Tehama,103,63373,529,490,2,492,2
2020-09-18,Trinity,105,12862,53,15,7,22,0
2020-09-18,Tulare,107,460477,15993,15435,104,15539,259
2020-09-18,Tuolumne,109,53932,229,216,4,220,1
2020-09-18,Ventura,111,848112,12968,12236,146,12382,133
2020-09-18,Yolo,113,214977,2772,2732,6,2738,54
2020-09-18,Yuba,115,75493,1051,1020,5,1025,1
2020-09-17,Alameda,001,1643700,20901,20146,160,20306,339
2020-09-17,Alpine,003,1148,2,2,0,2,0
2020-09-17,Amador,005,37829,287,284,0,284,16
2020-09-17,Butte,007,227075,2855,2720,25,2745,38
2020-09-17,Calaveras,009,45235,301,254,0,254,9
2020-09-17,Colusa,011,21464,524,499,0,499,6
2020-09-17,Contra Costa,013,1133247,16477,15576,78,15654,184
2020-09-17,Del Norte,015,27424,133,131,0,131,2
2020-09-17,El Dorado,017,186661,1113,1057,0,1057,4
2020-09-17,Fresno,019,978130,30014,27487,361,27848,355
2020-09-17,Glenn,021,27897,565,541,0,541,3
2020-09-17,Humboldt,023,135768,483,466,1,467,5
2020-09-17,Imperial,025,180216,11672,10436,21,10457,281
2020-09-17,Inyo,027,18085,187,176,4,180,12
2020-09-17,Kern,029,883053,31520,30627,293,30920,372
2020-09-17,Kings,031,150075,7511,7015,40,7055,72
2020-09-17,Lake,033,64148,529,433,0,433,8
2020-09-17,Lassen,035,31185,742,731,2,733,0
2020-09-17,Los Angeles,037,10098052,260548,257246,1694,258940,6318
2020-09-17,Madera,039,155013,4424,4152,30,4182,45
2020-09-17,Marin,041,260295,6602,6457,15,6472,81
2020-09-17,Mariposa,043,17540,75,74,0,74,2
2020-09-17,Mendocino,045,87422,811,737,0,737,18
2020-09-17,Merced,047,269075,8763,8671,16,8687,119
2020-09-17,Modoc,049,8938,27,22,0,22,0
2020-09-17,Mono,051,14174,165,147,2,149,1
2020-09-17,Monterey,053,433212,9489,9113,25,9138,62
2020-09-17,Napa,055,140530,1668,1592,8,1600,11
2020-09-17,Nevada,057,99092,528,494,16,510,6
2020-09-17,Orange,059,3164182,53429,50537,1382,51919,1098
2020-09-17,Placer,061,380077,3537,3368,14,3382,40
2020-09-17,Plumas,063,18699,49,45,0,45,0
2020-09-17,Riverside,065,2383286,57531,56007,139,56146,1134
2020-09-17,Sacramento,067,1510023,21631,20895,24,20919,385
2020-09-17,San Benito,069,59416,1304,1252,0,1252,8
2020-09-17,San Bernardino,071,2135413,52724,50770,336,51106,904
2020-09-17,San Diego,073,3302833,45556,43621,814,44435,754
2020-09-17,San Francisco,075,870044,10903,10564,27,10591,95
2020-09-17,San Joaquin,077,732212,19868,19439,46,19485,416
2020-09-17,San Luis Obispo,079,281455,3587,3299,20,3319,27
2020-09-17,San Mateo,081,765935,9828,8984,9,8993,127
2020-09-17,Santa Barbara,083,443738,9103,8779,75,8854,107
2020-09-17,Santa Clara,085,1922200,21323,19825,39,19864,254
2020-09-17,Santa Cruz,087,273765,2301,2155,25,2180,7
2020-09-17,Shasta,089,179085,802,660,3,663,12
2020-09-17,Sierra,091,2930,6,6,0,6,0
2020-09-17,Siskiyou,093,43540,154,146,10,156,0
2020-09-17,Solano,095,438530,6144,5915,41,5956,44
2020-09-17,Sonoma,097,501317,7139,6754,19,6773,114
2020-09-17,Stanislaus,099,539301,16318,15984,483,16467,277
2020-09-17,Sutter,101,95872,1648,1572,1,1573,10
2020-09-17,Tehama,103,63373,515,487,2,489,2
2020-09-17,Trinity,105,12862,53,15,7,22,0
2020-09-17,Tulare,107,460477,15940,15344,102,15446,258
2020-09-17,Tuolumne,109,53932,228,214,4,218,1
2020-09-17,Ventura,111,848112,12881,12167,142,12309,130
2020-09-17,Yolo,113,214977,2763,2724,6,2730,53
2020-09-17,Yuba,115,75493,1047,1015,5,1020,1
2020-09-16,Alameda,001,1643700,20803,20009,158,20167,333
2020-09-16,Alpine,003,1148,2,2,0,2,0
2020-09-16,Amador,005,37829,287,284,0,284,16
2020-09-16,Butte,007,227075,2845,2704,25,2729,38
2020-09-16,Calaveras,009,45235,301,254,0,254,9
2020-09-16,Colusa,011,21464,522,497,0,497,6
2020-09-16,Contra Costa,013,1133247,16391,15473,78,15551,183
2020-09-16,Del Norte,015,27424,133,131,0,131,2
2020-09-16,El Dorado,017,186661,1105,1049,0,1049,4
2020-09-16,Fresno,019,978130,29907,27381,359,27740,343
2020-09-16,Glenn,021,27897,563,539,0,539,3
2020-09-16,Humboldt,023,135768,482,455,1,456,4
2020-09-16,Imperial,025,180216,11649,10401,21,10422,277
2020-09-16,Inyo,027,18085,186,176,4,180,12
2020-09-16,Kern,029,883053,31460,30570,292,30862,371
2020-09-16,Kings,031,150075,7486,7002,37,7039,71
2020-09-16,Lake,033,64148,518,417,0,417,6
2020-09-16,Lassen,035,31185,741,730,2,732,0
2020-09-16,Los Angeles,037,10098052,259570,256101,1676,257777,6299
2020-09-16,Madera,039,155013,4401,4138,30,4168,45
2020-09-16,Marin,041,260295,6574,6430,15,6445,77
2020-09-16,Mariposa,043,17540,75,74,0,74,2
2020-09-16,Mendocino,045,87422,802,727,0,727,18
2020-09-16,Merced,047,269075,8742,8646,16,8662,118
2020-09-16,Modoc,049,8938,27,22,0,22,0
2020-09-16,Mono,051,14174,165,147,2,149,1
2020-09-16,Monterey,053,433212,9435,8997,25,9022,62
2020-09-16,Napa,055,140530,1654,1587,8,1595,11
2020-09-16,Nevada,057,99092,523,495,15,510,6
2020-09-16,Orange,059,3164182,53229,50414,1373,51787,1096
2020-09-16,Placer,061,380077,3519,3351,14,3365,39
2020-09-16,Plumas,063,18699,49,45,0,45,0
2020-09-16,Riverside,065,2383286,57337,55811,131,55942,1127
2020-09-16,Sacramento,067,1510023,21536,20610,24,20634,377
2020-09-16,San Benito,069,59416,1296,1244,0,1244,8
2020-09-16,San Bernardino,071,2135413,52498,50509,335,50844,907
2020-09-16,San Diego,073,3302833,45264,43447,793,44240,748
2020-09-16,San Francisco,075,870044,10856,10502,27,10529,90
2020-09-16,San Joaquin,077,732212,19814,19377,45,19422,409
2020-09-16,San Luis Obispo,079,281455,3556,3285,20,3305,28
2020-09-16,San Mateo,081,765935,9763,8944,9,8953,127
2020-09-16,Santa Barbara,083,443738,9070,8764,75,8839,107
2020-09-16,Santa Clara,085,1922200,21204,19684,39,19723,253
2020-09-16,Santa Cruz,087,273765,2260,2089,24,2113,7
2020-09-16,Shasta,089,179085,776,635,3,638,11
2020-09-16,Sierra,091,2930,6,6,0,6,0
2020-09-16,Siskiyou,093,43540,153,145,10,155,0
2020-09-16,Solano,095,438530,6114,5899,41,5940,44
2020-09-16,Sonoma,097,501317,7078,6731,19,6750,104
2020-09-16,Stanislaus,099,539301,16270,15897,475,16372,263
2020-09-16,Sutter,101,95872,1635,1567,1,1568,10
2020-09-16,Tehama,103,63373,507,485,2,487,2
2020-09-16,Trinity,105,12862,53,15,7,22,0
2020-09-16,Tulare,107,460477,15896,15314,95,15409,258
2020-09-16,Tuolumne,109,53932,227,210,4,214,1
2020-09-16,Ventura,111,848112,12810,12073,140,12213,130
2020-09-16,Yolo,113,214977,2756,2709,6,2715,53
2020-09-16,Yuba,115,75493,1045,1000,5,1005,1
2020-09-15,Alameda,001,1643700,20696,19931,155,20086,327
2020-09-15,Alpine,003,1148,2,2,0,2,0
2020-09-15,Amador,005,37829,286,282,0,282,16
2020-09-15,Butte,007,227075,2832,2695,23,2718,38
2020-09-15,Calaveras,009,45235,301,248,0,248,5
2020-09-15,Colusa,011,21464,516,497,0,497,6
2020-09-15,Contra Costa,013,1133247,16288,15423,77,15500,180
2020-09-15,Del Norte,015,27424,133,129,0,129,2
2020-09-15,El Dorado,017,186661,1100,1046,0,1046,4
2020-09-15,Fresno,019,978130,29800,27312,354,27666,343
2020-09-15,Glenn,021,27897,562,531,0,531,3
2020-09-15,Humboldt,023,135768,480,456,1,457,4
2020-09-15,Imperial,025,180216,11624,10376,21,10397,277
2020-09-15,Inyo,027,18085,186,176,4,180,12
2020-09-15,Kern,029,883053,31347,30429,289,30718,368
2020-09-15,Kings,031,150075,7328,6977,37,7014,70
2020-09-15,Lake,033,64148,504,416,0,416,4
2020-09-15,Lassen,035,31185,737,719,2,721,0
2020-09-15,Los Angeles,037,10098052,258463,255048,1654,256702,6269
2020-09-15,Madera,039,155013,4382,4122,30,4152,45
2020-09-15,Marin,041,260295,6543,6423,15,6438,77
2020-09-15,Mariposa,043,17540,75,74,0,74,2
2020-09-15,Mendocino,045,87422,784,724,0,724,18
2020-09-15,Merced,047,269075,8712,8633,16,8649,114
2020-09-15,Modoc,049,8938,26,21,0,21,0
2020-09-15,Mono,051,14174,165,147,2,149,1
2020-09-15,Monterey,053,433212,9386,8943,25,8968,62
2020-09-15,Napa,055,140530,1640,1580,8,1588,11
2020-09-15,Nevada,057,99092,518,494,15,509,6
2020-09-15,Orange,059,3164182,53047,50294,1358,51652,1088
2020-09-15,Placer,061,380077,3495,3331,14,3345,38
2020-09-15,Plumas,063,18699,49,44,0,44,0
2020-09-15,Riverside,065,2383286,57043,55569,121,55690,1118
2020-09-15,Sacramento,067,1510023,21393,20487,24,20511,372
2020-09-15,San Benito,069,59416,1289,1237,0,1237,7
2020-09-15,San Bernardino,071,2135413,52282,50333,334,50667,904
2020-09-15,San Diego,073,3302833,44945,43183,773,43956,742
2020-09-15,San Francisco,075,870044,10798,10414,27,10441,90
2020-09-15,San Joaquin,077,732212,19762,19313,45,19358,401
2020-09-15,San Luis Obispo,079,281455,3536,3262,20,3282,28
2020-09-15,San Mateo,081,765935,9693,8895,9,8904,127
2020-09-15,Santa Barbara,083,443738,9045,8724,74,8798,104
2020-09-15,Santa Clara,085,1922200,21068,19610,39,19649,252
2020-09-15,Santa Cruz,087,273765,2234,2079,23,2102,7
2020-09-15,Shasta,089,179085,764,627,3,630,11
2020-09-15,Sierra,091,2930,6,6,0,6,0
2020-09-15,Siskiyou,093,43540,153,143,10,153,0
2020-09-15,Solano,095,438530,6080,5878,41,5919,45
2020-09-15,Sonoma,097,501317,7039,6701,19,6720,104
2020-09-15,Stanislaus,099,539301,16222,15880,473,16353,260
2020-09-15,Sutter,101,95872,1623,1556,1,1557,10
2020-09-15,Tehama,103,63373,495,484,2,486,2
2020-09-15,Trinity,105,12862,53,15,7,22,0
2020-09-15,Tulare,107,460477,15819,15203,93,15296,254
2020-09-15,Tuolumne,109,53932,227,209,4,213,1
2020-09-15,Ventura,111,848112,12757,11932,139,12071,128
2020-09-15,Yolo,113,214977,2752,2708,6,2714,53
2020-09-15,Yuba,115,75493,1039,991,4,995,1
2020-09-14,Alameda,001,1643700,20569,19851,154,20005,306
2020-09-14,Alpine,003,1148,2,2,0,2,0
2020-09-14,Amador,005,37829,284,281,0,281,16
2020-09-14,Butte,007,227075,2815,2642,23,2665,37
2020-09-14,Calaveras,009,45235,301,244,0,244,3
2020-09-14,Colusa,011,21464,515,486,0,486,6
2020-09-14,Contra Costa,013,1133247,16164,15354,76,15430,174
2020-09-14,Del Norte,015,27424,130,116,0,116,2
2020-09-14,El Dorado,017,186661,1096,1039,0,1039,3
2020-09-14,Fresno,019,978130,29715,27232,351,27583,344
2020-09-14,Glenn,021,27897,554,521,0,521,3
2020-09-14,Humboldt,023,135768,477,437,1,438,4
2020-09-14,Imperial,025,180216,11604,10340,21,10361,273
2020-09-14,Inyo,027,18085,186,176,4,180,12
2020-09-14,Kern,029,883053,31259,30344,288,30632,368
2020-09-14,Kings,031,150075,7246,6950,37,6987,70
2020-09-14,Lake,033,64148,484,407,0,407,4
2020-09-14,Lassen,035,31185,737,719,2,721,0
2020-09-14,Los Angeles,037,10098052,257436,254622,1629,256251,6226
2020-09-14,Madera,039,155013,4368,4104,30,4134,45
2020-09-14,Marin,041,260295,6522,6409,15,6424,70
2020-09-14,Mariposa,043,17540,75,74,0,74,2
2020-09-14,Mendocino,045,87422,767,710,0,710,17
2020-09-14,Merced,047,269075,8693,8593,16,8609,112
2020-09-14,Modoc,049,8938,26,21,0,21,0
2020-09-14,Mono,051,14174,165,147,2,149,1
2020-09-14,Monterey,053,433212,9315,8845,24,8869,61
2020-09-14,Napa,055,140530,1623,1576,8,1584,11
2020-09-14,Nevada,057,99092,513,489,15,504,6
2020-09-14,Orange,059,3164182,52886,50149,1342,51491,1079
2020-09-14,Placer,061,380077,3474,3302,14,3316,38
2020-09-14,Plumas,063,18699,48,42,0,42,0
2020-09-14,Riverside,065,2383286,56824,55488,116,55604,1113
2020-09-14,Sacramento,067,1510023,21198,20377,23,20400,367
2020-09-14,San Benito,069,59416,1274,1233,0,1233,7
2020-09-14,San Bernardino,071,2135413,52058,50163,333,50496,895
2020-09-14,San Diego,073,3302833,44634,42889,753,43642,734
2020-09-14,San Francisco,075,870044,10731,10255,25,10280,90
2020-09-14,San Joaquin,077,732212,19688,19111,44,19155,397
2020-09-14,San Luis Obispo,079,281455,3511,3248,20,3268,25
2020-09-14,San Mateo,081,765935,9631,8847,9,8856,127
2020-09-14,Santa Barbara,083,443738,9020,8692,74,8766,104
2020-09-14,Santa Clara,085,1922200,20879,19545,39,19584,247
2020-09-14,Santa Cruz,087,273765,2213,2016,22,2038,7
2020-09-14,Shasta,089,179085,741,584,3,587,10
2020-09-14,Sierra,091,2930,6,6,0,6,0
2020-09-14,Siskiyou,093,43540,152,143,10,153,0
2020-09-14,Solano,095,438530,6045,5834,41,5875,44
2020-09-14,Sonoma,097,501317,6976,6630,19,6649,102
2020-09-14,Stanislaus,099,539301,16177,15812,470,16282,253
2020-09-14,Sutter,101,95872,1612,1549,1,1550,10
2020-09-14,Tehama,103,63373,493,475,2,477,1
2020-09-14,Trinity,105,12862,52,14,7,21,0
2020-09-14,Tulare,107,460477,15749,15096,87,15183,254
2020-09-14,Tuolumne,109,53932,226,208,4,212,1
2020-09-14,Ventura,111,848112,12655,11903,136,12039,125
2020-09-14,Yolo,113,214977,2741,2687,6,2693,53
2020-09-14,Yuba,115,75493,1031,977,4,981,1
2020-09-13,Alameda,001,1643700,20463,19815,151,19966,306
2020-09-13,Alpine,003,1148,2,2,0,2,0
2020-09-13,Amador,005,37829,281,279,0,279,16
2020-09-13,Butte,007,227075,2793,2640,23,2663,37
2020-09-13,Calaveras,009,45235,300,246,0,246,3
2020-09-13,Colusa,011,21464,511,486,0,486,6
2020-09-13,Contra Costa,013,1133247,16056,15284,76,15360,172
2020-09-13,Del Norte,015,27424,127,116,0,116,1
2020-09-13,El Dorado,017,186661,1091,1035,0,1035,2
2020-09-13,Fresno,019,978130,29607,27196,342,27538,345
2020-09-13,Glenn,021,27897,550,517,0,517,3
2020-09-13,Humboldt,023,135768,477,434,1,435,4
2020-09-13,Imperial,025,180216,11567,10304,20,10324,273
2020-09-13,Inyo,027,18085,186,176,4,180,12
2020-09-13,Kern,029,883053,31166,30277,281,30558,368
2020-09-13,Kings,031,150075,7227,6937,37,6974,70
2020-09-13,Lake,033,64148,465,397,0,397,4
2020-09-13,Lassen,035,31185,734,719,2,721,0
2020-09-13,Los Angeles,037,10098052,256289,253950,1613,255563,6203
2020-09-13,Madera,039,155013,4311,4090,30,4120,45
2020-09-13,Marin,041,260295,6501,6395,15,6410,70
2020-09-13,Mariposa,043,17540,75,74,0,74,2
2020-09-13,Mendocino,045,87422,760,707,0,707,17
2020-09-13,Merced,047,269075,8659,8575,15,8590,112
2020-09-13,Modoc,049,8938,26,21,0,21,0
2020-09-13,Mono,051,14174,165,147,2,149,1
2020-09-13,Monterey,053,433212,9233,8826,23,8849,61
2020-09-13,Napa,055,140530,1616,1563,8,1571,11
2020-09-13,Nevada,057,99092,505,486,15,501,6
2020-09-13,Orange,059,3164182,52670,50061,1335,51396,1075
2020-09-13,Placer,061,380077,3444,3291,14,3305,38
2020-09-13,Plumas,063,18699,48,42,0,42,0
2020-09-13,Riverside,065,2383286,56617,55235,105,55340,1108
2020-09-13,Sacramento,067,1510023,20852,20279,23,20302,367
2020-09-13,San Benito,069,59416,1266,1217,0,1217,7
2020-09-13,San Bernardino,071,2135413,51773,49968,331,50299,895
2020-09-13,San Diego,073,3302833,44308,42681,719,43400,734
2020-09-13,San Francisco,075,870044,10653,10254,25,10279,90
2020-09-13,San Joaquin,077,732212,19616,19110,43,19153,396
2020-09-13,San Luis Obispo,079,281455,3474,3240,20,3260,24
2020-09-13,San Mateo,081,765935,9570,8811,9,8820,127
2020-09-13,Santa Barbara,083,443738,8983,8690,74,8764,104
2020-09-13,Santa Clara,085,1922200,20743,19456,38,19494,245
2020-09-13,Santa Cruz,087,273765,2180,2016,20,2036,7
2020-09-13,Shasta,089,179085,729,583,3,586,10
2020-09-13,Sierra,091,2930,6,6,0,6,0
2020-09-13,Siskiyou,093,43540,152,143,9,152,0
2020-09-13,Solano,095,438530,5999,5810,41,5851,43
2020-09-13,Sonoma,097,501317,6911,6592,19,6611,95
2020-09-13,Stanislaus,099,539301,16114,15759,458,16217,253
2020-09-13,Sutter,101,95872,1599,1539,1,1540,10
2020-09-13,Tehama,103,63373,489,476,2,478,1
2020-09-13,Trinity,105,12862,52,14,7,21,0
2020-09-13,Tulare,107,460477,15678,15098,86,15184,254
2020-09-13,Tuolumne,109,53932,223,208,4,212,1
2020-09-13,Ventura,111,848112,12547,11855,135,11990,123
2020-09-13,Yolo,113,214977,2729,2675,6,2681,53
2020-09-13,Yuba,115,75493,1026,967,4,971,1
2020-09-12,Alameda,001,1643700,20404,19758,151,19909,307
2020-09-12,Alpine,003,1148,2,2,0,2,0
2020-09-12,Amador,005,37829,280,278,0,278,16
2020-09-12,Butte,007,227075,2786,2629,22,2651,37
2020-09-12,Calaveras,009,45235,298,246,0,246,3
2020-09-12,Colusa,011,21464,507,486,0,486,6
2020-09-12,Contra Costa,013,1133247,15981,15135,75,15210,174
2020-09-12,Del Norte,015,27424,126,116,0,116,1
2020-09-12,El Dorado,017,186661,1084,1034,0,1034,2
2020-09-12,Fresno,019,978130,29536,27076,342,27418,345
2020-09-12,Glenn,021,27897,549,517,0,517,3
2020-09-12,Humboldt,023,135768,476,430,1,431,4
2020-09-12,Imperial,025,180216,11555,10305,19,10324,273
2020-09-12,Inyo,027,18085,186,177,4,181,12
2020-09-12,Kern,029,883053,31100,30202,281,30483,368
2020-09-12,Kings,031,150075,7217,6895,37,6932,70
2020-09-12,Lake,033,64148,459,393,0,393,4
2020-09-12,Lassen,035,31185,734,719,2,721,0
2020-09-12,Los Angeles,037,10098052,255730,253156,1592,254748,6193
2020-09-12,Madera,039,155013,4300,4058,30,4088,43
2020-09-12,Marin,041,260295,6492,6393,15,6408,69
2020-09-12,Mariposa,043,17540,75,72,0,72,2
2020-09-12,Mendocino,045,87422,757,700,0,700,17
2020-09-12,Merced,047,269075,8650,8533,15,8548,112
2020-09-12,Modoc,049,8938,25,21,0,21,0
2020-09-12,Mono,051,14174,165,147,2,149,1
2020-09-12,Monterey,053,433212,9197,8743,23,8766,61
2020-09-12,Napa,055,140530,1613,1556,8,1564,11
2020-09-12,Nevada,057,99092,504,482,15,497,6
2020-09-12,Orange,059,3164182,52555,49895,1332,51227,1078
2020-09-12,Placer,061,380077,3427,3280,14,3294,38
2020-09-12,Plumas,063,18699,48,42,0,42,0
2020-09-12,Riverside,065,2383286,56488,55058,101,55159,1108
2020-09-12,Sacramento,067,1510023,20783,20184,23,20207,367
2020-09-12,San Benito,069,59416,1263,1208,0,1208,7
2020-09-12,San Bernardino,071,2135413,51682,49945,329,50274,896
2020-09-12,San Diego,073,3302833,44113,42416,710,43126,747
2020-09-12,San Francisco,075,870044,10608,10257,25,10282,90
2020-09-12,San Joaquin,077,732212,19588,19108,43,19151,396
2020-09-12,San Luis Obispo,079,281455,3447,3220,20,3240,24
2020-09-12,San Mateo,081,765935,9525,8759,9,8768,127
2020-09-12,Santa Barbara,083,443738,8969,8642,74,8716,104
2020-09-12,Santa Clara,085,1922200,20659,19330,38,19368,237
2020-09-12,Santa Cruz,087,273765,2168,2016,20,2036,7
2020-09-12,Shasta,089,179085,717,569,3,572,10
2020-09-12,Sierra,091,2930,6,6,0,6,0
2020-09-12,Siskiyou,093,43540,152,141,9,150,0
2020-09-12,Solano,095,438530,5975,5772,41,5813,43
2020-09-12,Sonoma,097,501317,6887,6531,19,6550,95
2020-09-12,Stanislaus,099,539301,16082,15675,455,16130,253
2020-09-12,Sutter,101,95872,1593,1529,1,1530,10
2020-09-12,Tehama,103,63373,486,471,2,473,1
2020-09-12,Trinity,105,12862,52,15,7,22,0
2020-09-12,Tulare,107,460477,15632,15018,85,15103,254
2020-09-12,Tuolumne,109,53932,223,208,4,212,1
2020-09-12,Ventura,111,848112,12496,11759,133,11892,123
2020-09-12,Yolo,113,214977,2722,2646,6,2652,53
2020-09-12,Yuba,115,75493,1022,963,4,967,1
2020-09-11,Alameda,001,1643700,20349,19625,150,19775,298
2020-09-11,Alpine,003,1148,2,2,0,2,0
2020-09-11,Amador,005,37829,280,277,0,277,16
2020-09-11,Butte,007,227075,2775,2605,22,2627,37
2020-09-11,Calaveras,009,45235,297,242,0,242,1
2020-09-11,Colusa,011,21464,506,484,0,484,6
2020-09-11,Contra Costa,013,1133247,15929,15001,72,15073,173
2020-09-11,Del Norte,015,27424,126,115,0,115,1
2020-09-11,El Dorado,017,186661,1081,1024,0,1024,2
2020-09-11,Fresno,019,978130,29456,26917,341,27258,344
2020-09-11,Glenn,021,27897,544,515,0,515,3
2020-09-11,Humboldt,023,135768,474,426,1,427,4
2020-09-11,Imperial,025,180216,11537,10286,19,10305,273
2020-09-11,Inyo,027,18085,186,176,4,180,12
2020-09-11,Kern,029,883053,31032,30059,280,30339,365
2020-09-11,Kings,031,150075,7200,6770,37,6807,70
2020-09-11,Lake,033,64148,452,382,0,382,4
2020-09-11,Lassen,035,31185,734,719,2,721,0
2020-09-11,Los Angeles,037,10098052,255049,252057,1581,253638,6172
2020-09-11,Madera,039,155013,4281,4018,30,4048,43
2020-09-11,Marin,041,260295,6489,6364,15,6379,69
2020-09-11,Mariposa,043,17540,75,72,0,72,2
2020-09-11,Mendocino,045,87422,746,700,0,700,17
2020-09-11,Merced,047,269075,8629,8489,15,8504,109
2020-09-11,Modoc,049,8938,25,21,0,21,0
2020-09-11,Mono,051,14174,165,145,2,147,1
2020-09-11,Monterey,053,433212,9149,8595,23,8618,61
2020-09-11,Napa,055,140530,1602,1543,8,1551,11
2020-09-11,Nevada,057,99092,497,483,15,498,6
2020-09-11,Orange,059,3164182,52426,49755,1320,51075,1068
2020-09-11,Placer,061,380077,3412,3254,14,3268,37
2020-09-11,Plumas,063,18699,48,42,0,42,0
2020-09-11,Riverside,065,2383286,56353,54717,98,54815,1099
2020-09-11,Sacramento,067,1510023,20698,20012,23,20035,358
2020-09-11,San Benito,069,59416,1253,1202,0,1202,7
2020-09-11,San Bernardino,071,2135413,51582,49682,329,50011,871
2020-09-11,San Diego,073,3302833,43893,41971,704,42675,730
2020-09-11,San Francisco,075,870044,10560,10133,24,10157,89
2020-09-11,San Joaquin,077,732212,19540,19019,43,19062,391
2020-09-11,San Luis Obispo,079,281455,3429,3190,20,3210,24
2020-09-11,San Mateo,081,765935,9483,8611,9,8620,127
2020-09-11,Santa Barbara,083,443738,8936,8592,73,8665,103
2020-09-11,Santa Clara,085,1922200,20570,19065,38,19103,234
2020-09-11,Santa Cruz,087,273765,2151,1997,20,2017,7
2020-09-11,Shasta,089,179085,707,568,3,571,10
2020-09-11,Sierra,091,2930,6,6,0,6,0
2020-09-11,Siskiyou,093,43540,151,139,9,148,0
2020-09-11,Solano,095,438530,5958,5742,41,5783,42
2020-09-11,Sonoma,097,501317,6842,6469,19,6488,91
2020-09-11,Stanislaus,099,539301,16044,15613,452,16065,253
2020-09-11,Sutter,101,95872,1583,1505,1,1506,11
2020-09-11,Tehama,103,63373,483,466,2,468,1
2020-09-11,Trinity,105,12862,52,16,7,23,0
2020-09-11,Tulare,107,460477,15601,14932,83,15015,251
2020-09-11,Tuolumne,109,53932,223,208,4,212,1
2020-09-11,Ventura,111,848112,12442,11700,131,11831,123
2020-09-11,Yolo,113,214977,2711,2632,6,2638,53
2020-09-11,Yuba,115,75493,1014,946,4,950,1
2020-09-10,Alameda,001,1643700,20275,19509,150,19659,292
2020-09-10,Alpine,003,1148,2,2,0,2,0
2020-09-10,Amador,005,37829,279,277,0,277,16
2020-09-10,Butte,007,227075,2758,2590,22,2612,37
2020-09-10,Calaveras,009,45235,297,244,0,244,1
2020-09-10,Colusa,011,21464,504,482,0,482,6
2020-09-10,Contra Costa,013,1133247,15859,14909,72,14981,172
2020-09-10,Del Norte,015,27424,125,112,0,112,1
2020-09-10,El Dorado,017,186661,1078,1020,0,1020,2
2020-09-10,Fresno,019,978130,29334,26783,341,27124,338
2020-09-10,Glenn,021,27897,534,511,0,511,3
2020-09-10,Humboldt,023,135768,463,422,1,423,4
2020-09-10,Imperial,025,180216,11521,10251,19,10270,270
2020-09-10,Inyo,027,18085,185,176,4,180,11
2020-09-10,Kern,029,883053,30950,29988,276,30264,363
2020-09-10,Kings,031,150075,7170,6739,37,6776,70
2020-09-10,Lake,033,64148,445,377,0,377,4
2020-09-10,Lassen,035,31185,733,716,2,718,0
2020-09-10,Los Angeles,037,10098052,254078,251003,1559,252562,6132
2020-09-10,Madera,039,155013,4263,3979,30,4009,43
2020-09-10,Marin,041,260295,6477,6344,15,6359,68
2020-09-10,Mariposa,043,17540,75,72,0,72,2
2020-09-10,Mendocino,045,87422,736,697,0,697,16
2020-09-10,Merced,047,269075,8583,8461,15,8476,109
2020-09-10,Modoc,049,8938,25,21,0,21,0
2020-09-10,Mono,051,14174,165,145,2,147,1
2020-09-10,Monterey,053,433212,9079,8570,23,8593,59
2020-09-10,Napa,055,140530,1596,1536,8,1544,11
2020-09-10,Nevada,057,99092,493,478,15,493,6
2020-09-10,Orange,059,3164182,52263,49617,1314,50931,1057
2020-09-10,Placer,061,380077,3393,3233,14,3247,37
2020-09-10,Plumas,063,18699,48,42,0,42,0
2020-09-10,Riverside,065,2383286,56035,54417,95,54512,1091
2020-09-10,Sacramento,067,1510023,20576,19618,22,19640,354
2020-09-10,San Benito,069,59416,1247,1201,0,1201,5
2020-09-10,San Bernardino,071,2135413,51393,49467,327,49794,867
2020-09-10,San Diego,073,3302833,43627,41610,677,42287,725
2020-09-10,San Francisco,075,870044,10483,10082,24,10106,89
2020-09-10,San Joaquin,077,732212,19487,18854,43,18897,389
2020-09-10,San Luis Obispo,079,281455,3415,3161,20,3181,24
2020-09-10,San Mateo,081,765935,9437,8529,9,8538,125
2020-09-10,Santa Barbara,083,443738,8892,8552,73,8625,100
2020-09-10,Santa Clara,085,1922200,20456,18870,38,18908,231
2020-09-10,Santa Cruz,087,273765,2136,1986,18,2004,7
2020-09-10,Shasta,089,179085,696,566,3,569,10
2020-09-10,Sierra,091,2930,6,6,0,6,0
2020-09-10,Siskiyou,093,43540,151,137,9,146,0
2020-09-10,Solano,095,438530,5918,5696,41,5737,42
2020-09-10,Sonoma,097,501317,6793,6424,19,6443,91
2020-09-10,Stanislaus,099,539301,15990,15509,447,15956,243
2020-09-10,Sutter,101,95872,1571,1494,1,1495,11
2020-09-10,Tehama,103,63373,476,466,2,468,1
2020-09-10,Trinity,105,12862,52,15,7,22,0
2020-09-10,Tulare,107,460477,15546,14860,80,14940,250
2020-09-10,Tuolumne,109,53932,222,205,4,209,1
2020-09-10,Ventura,111,848112,12348,11600,124,11724,122
2020-09-10,Yolo,113,214977,2706,2612,6,2618,53
2020-09-10,Yuba,115,75493,1008,941,4,945,1
2020-09-09,Alameda,001,1643700,20196,19399,149,19548,289
2020-09-09,Alpine,003,1148,2,2,0,2,0
2020-09-09,Amador,005,37829,278,276,0,276,16
2020-09-09,Butte,007,227075,2741,2561,22,2583,37
2020-09-09,Calaveras,009,45235,297,242,0,242,1
2020-09-09,Colusa,011,21464,499,479,0,479,6
2020-09-09,Contra Costa,013,1133247,15773,14816,72,14888,171
2020-09-09,Del Norte,015,27424,121,109,0,109,1
2020-09-09,El Dorado,017,186661,1075,1020,0,1020,2
2020-09-09,Fresno,019,978130,29231,26724,336,27060,329
2020-09-09,Glenn,021,27897,531,508,0,508,3
2020-09-09,Humboldt,023,135768,461,420,1,421,4
2020-09-09,Imperial,025,180216,11500,10233,19,10252,268
2020-09-09,Inyo,027,18085,184,173,4,177,2
2020-09-09,Kern,029,883053,30852,29925,273,30198,355
2020-09-09,Kings,031,150075,7152,6721,37,6758,72
2020-09-09,Lake,033,64148,437,371,0,371,4
2020-09-09,Lassen,035,31185,732,714,2,716,0
2020-09-09,Los Angeles,037,10098052,253209,249876,1540,251416,6091
2020-09-09,Madera,039,155013,4237,3926,30,3956,43
2020-09-09,Marin,041,260295,6458,6321,15,6336,68
2020-09-09,Mariposa,043,17540,74,72,0,72,2
2020-09-09,Mendocino,045,87422,728,695,0,695,16
2020-09-09,Merced,047,269075,8557,8441,15,8456,107
2020-09-09,Modoc,049,8938,24,20,0,20,0
2020-09-09,Mono,051,14174,165,145,2,147,1
2020-09-09,Monterey,053,433212,9007,8527,23,8550,59
2020-09-09,Napa,055,140530,1586,1531,8,1539,11
2020-09-09,Nevada,057,99092,489,476,15,491,6
2020-09-09,Orange,059,3164182,52083,49394,1306,50700,1054
2020-09-09,Placer,061,380077,3373,3222,14,3236,36
2020-09-09,Plumas,063,18699,46,42,0,42,0
2020-09-09,Riverside,065,2383286,55805,54320,92,54412,1081
2020-09-09,Sacramento,067,1510023,20470,19474,21,19495,347
2020-09-09,San Benito,069,59416,1243,1199,0,1199,5
2020-09-09,San Bernardino,071,2135413,51195,49264,326,49590,866
2020-09-09,San Diego,073,3302833,43338,41326,665,41991,721
2020-09-09,San Francisco,075,870044,10433,9996,23,10019,86
2020-09-09,San Joaquin,077,732212,19423,18799,42,18841,388
2020-09-09,San Luis Obispo,079,281455,3397,3131,20,3151,24
2020-09-09,San Mateo,081,765935,9376,8478,9,8487,125
2020-09-09,Santa Barbara,083,443738,8849,8528,73,8601,97
2020-09-09,Santa Clara,085,1922200,20324,18759,38,18797,228
2020-09-09,Santa Cruz,087,273765,2113,1967,18,1985,7
2020-09-09,Shasta,089,179085,684,562,3,565,10
2020-09-09,Sierra,091,2930,6,6,0,6,0
2020-09-09,Siskiyou,093,43540,149,137,9,146,0
2020-09-09,Solano,095,438530,5886,5680,41,5721,36
2020-09-09,Sonoma,097,501317,6726,6397,19,6416,92
2020-09-09,Stanislaus,099,539301,15951,15469,436,15905,243
2020-09-09,Sutter,101,95872,1563,1487,1,1488,11
2020-09-09,Tehama,103,63373,473,462,2,464,1
2020-09-09,Trinity,105,12862,52,14,7,21,0
2020-09-09,Tulare,107,460477,15497,14787,75,14862,249
2020-09-09,Tuolumne,109,53932,221,204,3,207,1
2020-09-09,Ventura,111,848112,12257,11497,121,11618,121
2020-09-09,Yolo,113,214977,2695,2604,6,2610,53
2020-09-09,Yuba,115,75493,1003,936,4,940,1
2020-09-08,Alameda,001,1643700,20088,19293,149,19442,288
2020-09-08,Alpine,003,1148,2,2,0,2,0
2020-09-08,Amador,005,37829,278,276,0,276,16
2020-09-08,Butte,007,227075,2723,2453,22,2475,36
2020-09-08,Calaveras,009,45235,295,233,0,233,1
2020-09-08,Colusa,011,21464,497,475,0,475,6
2020-09-08,Contra Costa,013,1133247,15645,14740,69,14809,171
2020-09-08,Del Norte,015,27424,121,109,0,109,2
2020-09-08,El Dorado,017,186661,1072,1011,0,1011,2
2020-09-08,Fresno,019,978130,29111,26640,332,26972,329
2020-09-08,Glenn,021,27897,527,492,0,492,3
2020-09-08,Humboldt,023,135768,459,420,1,421,4
2020-09-08,Imperial,025,180216,11484,10198,19,10217,267
2020-09-08,Inyo,027,18085,184,169,4,173,2
2020-09-08,Kern,029,883053,30766,29850,271,30121,351
2020-09-08,Kings,031,150075,7114,6658,37,6695,72
2020-09-08,Lake,033,64148,427,370,0,370,4
2020-09-08,Lassen,035,31185,732,710,2,712,0
2020-09-08,Los Angeles,037,10098052,252282,249217,1512,250729,6034
2020-09-08,Madera,039,155013,4213,3904,30,3934,43
2020-09-08,Marin,041,260295,6427,6313,15,6328,68
2020-09-08,Mariposa,043,17540,74,72,0,72,2
2020-09-08,Mendocino,045,87422,721,690,0,690,16
2020-09-08,Merced,047,269075,8534,8381,15,8396,104
2020-09-08,Modoc,049,8938,24,20,0,20,0
2020-09-08,Mono,051,14174,165,145,2,147,1
2020-09-08,Monterey,053,433212,8922,8491,23,8514,59
2020-09-08,Napa,055,140530,1582,1518,8,1526,11
2020-09-08,Nevada,057,99092,489,470,15,485,6
2020-09-08,Orange,059,3164182,51942,49214,1302,50516,1044
2020-09-08,Placer,061,380077,3359,3205,14,3219,36
2020-09-08,Plumas,063,18699,46,42,0,42,0
2020-09-08,Riverside,065,2383286,55591,54168,89,54257,1069
2020-09-08,Sacramento,067,1510023,20235,19411,20,19431,347
2020-09-08,San Benito,069,59416,1236,1188,0,1188,5
2020-09-08,San Bernardino,071,2135413,51006,49034,325,49359,856
2020-09-08,San Diego,073,3302833,43022,41079,653,41732,709
2020-09-08,San Francisco,075,870044,10360,9821,23,9844,86
2020-09-08,San Joaquin,077,732212,19345,18550,42,18592,388
2020-09-08,San Luis Obispo,079,281455,3382,3120,20,3140,23
2020-09-08,San Mateo,081,765935,9300,8460,9,8469,125
2020-09-08,Santa Barbara,083,443738,8815,8488,72,8560,96
2020-09-08,Santa Clara,085,1922200,20148,18645,38,18683,228
2020-09-08,Santa Cruz,087,273765,2085,1903,18,1921,7
2020-09-08,Shasta,089,179085,676,556,3,559,10
2020-09-08,Sierra,091,2930,6,6,0,6,0
2020-09-08,Siskiyou,093,43540,147,136,9,145,0
2020-09-08,Solano,095,438530,5849,5654,41,5695,36
2020-09-08,Sonoma,097,501317,6657,6356,19,6375,92
2020-09-08,Stanislaus,099,539301,15887,15415,424,15839,238
2020-09-08,Sutter,101,95872,1548,1473,1,1474,11
2020-09-08,Tehama,103,63373,469,458,2,460,1
2020-09-08,Trinity,105,12862,51,13,7,20,0
2020-09-08,Tulare,107,460477,15417,14635,74,14709,249
2020-09-08,Tuolumne,109,53932,220,197,3,200,1
2020-09-08,Ventura,111,848112,12188,11475,118,11593,118
2020-09-08,Yolo,113,214977,2685,2580,6,2586,53
2020-09-08,Yuba,115,75493,991,923,4,927,1
2020-09-07,Alameda,001,1643700,19966,19188,143,19331,281
2020-09-07,Alpine,003,1148,2,2,0,2,0
2020-09-07,Amador,005,37829,278,276,0,276,16
2020-09-07,Butte,007,227075,2690,2450,21,2471,30
2020-09-07,Calaveras,009,45235,285,234,0,234,1
2020-09-07,Colusa,011,21464,496,475,0,475,6
2020-09-07,Contra Costa,013,1133247,15532,14637,66,14703,172
2020-09-07,Del Norte,015,27424,121,109,0,109,2
2020-09-07,El Dorado,017,186661,1061,1011,0,1011,2
2020-09-07,Fresno,019,978130,29017,26565,329,26894,329
2020-09-07,Glenn,021,27897,522,488,0,488,3
2020-09-07,Humboldt,023,135768,450,416,1,417,4
2020-09-07,Imperial,025,180216,11453,10199,17,10216,267
2020-09-07,Inyo,027,18085,184,169,4,173,2
2020-09-07,Kern,029,883053,30645,29790,266,30056,348
2020-09-07,Kings,031,150075,6989,6630,37,6667,72
2020-09-07,Lake,033,64148,404,367,0,367,2
2020-09-07,Lassen,035,31185,732,709,2,711,0
2020-09-07,Los Angeles,037,10098052,251238,248804,1490,250294,6030
2020-09-07,Madera,039,155013,4182,3889,29,3918,43
2020-09-07,Marin,041,260295,6397,6296,15,6311,67
2020-09-07,Mariposa,043,17540,74,72,0,72,2
2020-09-07,Mendocino,045,87422,713,687,0,687,16
2020-09-07,Merced,047,269075,8487,8381,15,8396,104
2020-09-07,Modoc,049,8938,23,20,0,20,0
2020-09-07,Mono,051,14174,165,145,2,147,1
2020-09-07,Monterey,053,433212,8843,8463,23,8486,57
2020-09-07,Napa,055,140530,1570,1514,8,1522,11
2020-09-07,Nevada,057,99092,487,469,15,484,6
2020-09-07,Orange,059,3164182,51771,49132,1298,50430,1042
2020-09-07,Placer,061,380077,3328,3188,13,3201,36
2020-09-07,Plumas,063,18699,45,42,0,42,0
2020-09-07,Riverside,065,2383286,55316,54178,83,54261,1069
2020-09-07,Sacramento,067,1510023,19992,19292,19,19311,345
2020-09-07,San Benito,069,59416,1230,1180,0,1180,4
2020-09-07,San Bernardino,071,2135413,50778,49043,323,49366,821
2020-09-07,San Diego,073,3302833,42622,40868,626,41494,708
2020-09-07,San Francisco,075,870044,10309,9813,22,9835,85
2020-09-07,San Joaquin,077,732212,19264,18552,40,18592,386
2020-09-07,San Luis Obispo,079,281455,3345,3116,20,3136,23
2020-09-07,San Mateo,081,765935,9218,8409,9,8418,125
2020-09-07,Santa Barbara,083,443738,8771,8479,72,8551,95
2020-09-07,Santa Clara,085,1922200,19990,18596,37,18633,226
2020-09-07,Santa Cruz,087,273765,2057,1902,18,1920,7
2020-09-07,Shasta,089,179085,666,556,3,559,10
2020-09-07,Sierra,091,2930,6,6,0,6,0
2020-09-07,Siskiyou,093,43540,146,133,9,142,0
2020-09-07,Solano,095,438530,5784,5640,41,5681,36
2020-09-07,Sonoma,097,501317,6590,6268,19,6287,85
2020-09-07,Stanislaus,099,539301,15822,15343,412,15755,236
2020-09-07,Sutter,101,95872,1531,1468,1,1469,11
2020-09-07,Tehama,103,63373,466,453,2,455,1
2020-09-07,Trinity,105,12862,51,13,7,20,0
2020-09-07,Tulare,107,460477,15311,14637,72,14709,249
2020-09-07,Tuolumne,109,53932,219,196,3,199,1
2020-09-07,Ventura,111,848112,12093,11463,115,11578,118
2020-09-07,Yolo,113,214977,2668,2565,5,2570,53
2020-09-07,Yuba,115,75493,975,923,3,926,1
2020-09-06,Alameda,001,1643700,19908,19029,141,19170,281
2020-09-06,Alpine,003,1148,2,2,0,2,0
2020-09-06,Amador,005,37829,276,275,0,275,16
2020-09-06,Butte,007,227075,2681,2446,21,2467,30
2020-09-06,Calaveras,009,45235,285,235,0,235,1
2020-09-06,Colusa,011,21464,492,475,0,475,6
2020-09-06,Contra Costa,013,1133247,15452,14565,65,14630,171
2020-09-06,Del Norte,015,27424,121,109,0,109,2
2020-09-06,El Dorado,017,186661,1059,1008,0,1008,2
2020-09-06,Fresno,019,978130,28953,26471,327,26798,329
2020-09-06,Glenn,021,27897,516,474,0,474,3
2020-09-06,Humboldt,023,135768,447,404,1,405,4
2020-09-06,Imperial,025,180216,11436,10152,17,10169,267
2020-09-06,Inyo,027,18085,184,169,4,173,2
2020-09-06,Kern,029,883053,30589,29699,262,29961,348
2020-09-06,Kings,031,150075,6969,6561,36,6597,72
2020-09-06,Lake,033,64148,401,362,0,362,2
2020-09-06,Lassen,035,31185,732,709,2,711,0
2020-09-06,Los Angeles,037,10098052,250608,248316,1476,249792,6004
2020-09-06,Madera,039,155013,4138,3867,29,3896,42
2020-09-06,Marin,041,260295,6385,6276,15,6291,67
2020-09-06,Mariposa,043,17540,74,72,0,72,2
2020-09-06,Mendocino,045,87422,712,672,0,672,16
2020-09-06,Merced,047,269075,8467,8327,15,8342,104
2020-09-06,Modoc,049,8938,23,20,0,20,0
2020-09-06,Mono,051,14174,164,145,2,147,1
2020-09-06,Monterey,053,433212,8803,8403,22,8425,56
2020-09-06,Napa,055,140530,1566,1501,6,1507,11
2020-09-06,Nevada,057,99092,487,467,14,481,6
2020-09-06,Orange,059,3164182,51658,48931,1294,50225,1042
2020-09-06,Placer,061,380077,3311,3169,13,3182,36
2020-09-06,Plumas,063,18699,44,42,0,42,0
2020-09-06,Riverside,065,2383286,55200,53970,81,54051,1069
2020-09-06,Sacramento,067,1510023,19897,19128,19,19147,340
2020-09-06,San Benito,069,59416,1228,1178,0,1178,4
2020-09-06,San Bernardino,071,2135413,50669,48923,323,49246,823
2020-09-06,San Diego,073,3302833,42374,40652,620,41272,707
2020-09-06,San Francisco,075,870044,10235,9813,22,9835,85
2020-09-06,San Joaquin,077,732212,19215,18558,40,18598,386
2020-09-06,San Luis Obispo,079,281455,3334,3101,20,3121,23
2020-09-06,San Mateo,081,765935,9165,8387,9,8396,125
2020-09-06,Santa Barbara,083,443738,8741,8434,72,8506,95
2020-09-06,Santa Clara,085,1922200,19889,18495,37,18532,207
2020-09-06,Santa Cruz,087,273765,2050,1902,18,1920,7
2020-09-06,Shasta,089,179085,660,550,3,553,10
2020-09-06,Sierra,091,2930,6,6,0,6,0
2020-09-06,Siskiyou,093,43540,146,132,9,141,0
2020-09-06,Solano,095,438530,5758,5619,41,5660,37
2020-09-06,Sonoma,097,501317,6561,6212,19,6231,85
2020-09-06,Stanislaus,099,539301,15778,15288,408,15696,236
2020-09-06,Sutter,101,95872,1518,1451,1,1452,11
2020-09-06,Tehama,103,63373,465,455,2,457,1
2020-09-06,Trinity,105,12862,50,13,7,20,0
2020-09-06,Tulare,107,460477,15268,14636,71,14707,249
2020-09-06,Tuolumne,109,53932,216,194,3,197,1
2020-09-06,Ventura,111,848112,12048,11315,115,11430,118
2020-09-06,Yolo,113,214977,2654,2556,5,2561,53
2020-09-06,Yuba,115,75493,966,913,3,916,1
2020-09-05,Alameda,001,1643700,19861,18973,139,19112,279
2020-09-05,Alpine,003,1148,2,2,0,2,0
2020-09-05,Amador,005,37829,276,274,0,274,16
2020-09-05,Butte,007,227075,2665,2406,20,2426,30
2020-09-05,Calaveras,009,45235,285,237,0,237,1
2020-09-05,Colusa,011,21464,488,472,0,472,6
2020-09-05,Contra Costa,013,1133247,15375,14456,63,14519,173
2020-09-05,Del Norte,015,27424,121,109,0,109,2
2020-09-05,El Dorado,017,186661,1059,1007,0,1007,2
2020-09-05,Fresno,019,978130,28885,26325,327,26652,331
2020-09-05,Glenn,021,27897,515,474,0,474,3
2020-09-05,Humboldt,023,135768,445,402,1,403,4
2020-09-05,Imperial,025,180216,11419,10151,17,10168,268
2020-09-05,Inyo,027,18085,184,169,4,173,2
2020-09-05,Kern,029,883053,30529,29645,258,29903,347
2020-09-05,Kings,031,150075,6960,6518,36,6554,66
2020-09-05,Lake,033,64148,398,359,0,359,2
2020-09-05,Lassen,035,31185,732,709,2,711,0
2020-09-05,Los Angeles,037,10098052,250073,247572,1464,249036,6001
2020-09-05,Madera,039,155013,4097,3851,29,3880,42
2020-09-05,Marin,041,260295,6378,6259,15,6274,66
2020-09-05,Mariposa,043,17540,74,72,0,72,2
2020-09-05,Mendocino,045,87422,711,658,0,658,16
2020-09-05,Merced,047,269075,8435,8297,13,8310,104
2020-09-05,Modoc,049,8938,23,19,0,19,0
2020-09-05,Mono,051,14174,164,145,2,147,1
2020-09-05,Monterey,053,433212,8773,8301,22,8323,56
2020-09-05,Napa,055,140530,1560,1484,6,1490,11
2020-09-05,Nevada,057,99092,484,461,14,475,6
2020-09-05,Orange,059,3164182,51556,48726,1289,50015,1039
2020-09-05,Placer,061,380077,3301,3141,13,3154,35
2020-09-05,Plumas,063,18699,44,42,0,42,0
2020-09-05,Riverside,065,2383286,55094,53780,81,53861,1066
2020-09-05,Sacramento,067,1510023,19806,18955,19,18974,339
2020-09-05,San Benito,069,59416,1226,1153,0,1153,4
2020-09-05,San Bernardino,071,2135413,50594,48800,322,49122,825
2020-09-05,San Diego,073,3302833,42181,40344,608,40952,717
2020-09-05,San Francisco,075,870044,10202,9812,21,9833,85
2020-09-05,San Joaquin,077,732212,19187,18557,40,18597,386
2020-09-05,San Luis Obispo,079,281455,3324,3083,20,3103,23
2020-09-05,San Mateo,081,765935,9120,8352,9,8361,124
2020-09-05,Santa Barbara,083,443738,8725,8404,72,8476,96
2020-09-05,Santa Clara,085,1922200,19805,18311,37,18348,207
2020-09-05,Santa Cruz,087,273765,2042,1904,18,1922,7
2020-09-05,Shasta,089,179085,659,544,3,547,10
2020-09-05,Sierra,091,2930,6,6,0,6,0
2020-09-05,Siskiyou,093,43540,145,131,9,140,0
2020-09-05,Solano,095,438530,5746,5579,41,5620,37
2020-09-05,Sonoma,097,501317,6528,6149,19,6168,85
2020-09-05,Stanislaus,099,539301,15730,15198,404,15602,236
2020-09-05,Sutter,101,95872,1511,1445,1,1446,11
2020-09-05,Tehama,103,63373,464,447,2,449,1
2020-09-05,Trinity,105,12862,50,13,7,20,0
2020-09-05,Tulare,107,460477,15211,14576,69,14645,249
2020-09-05,Tuolumne,109,53932,216,194,3,197,1
2020-09-05,Ventura,111,848112,12005,11254,115,11369,118
2020-09-05,Yolo,113,214977,2644,2534,5,2539,53
2020-09-05,Yuba,115,75493,960,902,3,905,1
2020-09-04,Alameda,001,1643700,19793,18843,137,18980,276
2020-09-04,Alpine,003,1148,2,2,0,2,0
2020-09-04,Amador,005,37829,275,274,0,274,16
2020-09-04,Butte,007,227075,2642,2325,20,2345,28
2020-09-04,Calaveras,009,45235,283,237,0,237,1
2020-09-04,Colusa,011,21464,486,467,0,467,6
2020-09-04,Contra Costa,013,1133247,15295,14355,62,14417,164
2020-09-04,Del Norte,015,27424,121,109,0,109,2
2020-09-04,El Dorado,017,186661,1055,992,0,992,2
2020-09-04,Fresno,019,978130,28780,26147,326,26473,321
2020-09-04,Glenn,021,27897,507,463,0,463,3
2020-09-04,Humboldt,023,135768,440,390,1,391,4
2020-09-04,Imperial,025,180216,11410,10136,16,10152,267
2020-09-04,Inyo,027,18085,184,169,4,173,2
2020-09-04,Kern,029,883053,30461,29526,255,29781,345
2020-09-04,Kings,031,150075,6947,6259,36,6295,66
2020-09-04,Lake,033,64148,398,347,0,347,2
2020-09-04,Lassen,035,31185,732,708,2,710,0
2020-09-04,Los Angeles,037,10098052,249507,246396,1444,247840,5977
2020-09-04,Madera,039,155013,4084,3838,29,3867,42
2020-09-04,Marin,041,260295,6366,6251,15,6266,66
2020-09-04,Mariposa,043,17540,74,72,0,72,2
2020-09-04,Mendocino,045,87422,709,646,0,646,16
2020-09-04,Merced,047,269075,8415,8214,13,8227,104
2020-09-04,Modoc,049,8938,23,15,0,15,0
2020-09-04,Mono,051,14174,164,145,2,147,1
2020-09-04,Monterey,053,433212,8728,8208,22,8230,56
2020-09-04,Napa,055,140530,1551,1475,6,1481,11
2020-09-04,Nevada,057,99092,481,455,14,469,6
2020-09-04,Orange,059,3164182,51432,48488,1282,49770,1031
2020-09-04,Placer,061,380077,3289,3101,13,3114,35
2020-09-04,Plumas,063,18699,44,42,0,42,0
2020-09-04,Riverside,065,2383286,54981,53606,76,53682,1066
2020-09-04,Sacramento,067,1510023,19718,18765,19,18784,337
2020-09-04,San Benito,069,59416,1217,1137,0,1137,4
2020-09-04,San Bernardino,071,2135413,50501,48497,320,48817,800
2020-09-04,San Diego,073,3302833,41951,39901,599,40500,701
2020-09-04,San Francisco,075,870044,10162,9694,20,9714,85
2020-09-04,San Joaquin,077,732212,19133,18438,40,18478,376
2020-09-04,San Luis Obispo,079,281455,3309,3049,19,3068,21
2020-09-04,San Mateo,081,765935,9076,8275,9,8284,122
2020-09-04,Santa Barbara,083,443738,8695,8340,72,8412,96
2020-09-04,Santa Clara,085,1922200,19697,18074,37,18111,209
2020-09-04,Santa Cruz,087,273765,2025,1896,17,1913,7
2020-09-04,Shasta,089,179085,656,536,3,539,10
2020-09-04,Sierra,091,2930,6,6,0,6,0
2020-09-04,Siskiyou,093,43540,145,129,9,138,0
2020-09-04,Solano,095,438530,5733,5552,41,5593,37
2020-09-04,Sonoma,097,501317,6463,6050,19,6069,85
2020-09-04,Stanislaus,099,539301,15696,15074,395,15469,233
2020-09-04,Sutter,101,95872,1495,1425,1,1426,11
2020-09-04,Tehama,103,63373,460,442,2,444,1
2020-09-04,Trinity,105,12862,50,13,7,20,0
2020-09-04,Tulare,107,460477,15183,14501,65,14566,247
2020-09-04,Tuolumne,109,53932,216,193,3,196,1
2020-09-04,Ventura,111,848112,11963,11171,115,11286,114
2020-09-04,Yolo,113,214977,2630,2495,5,2500,53
2020-09-04,Yuba,115,75493,955,884,3,887,1
2020-09-03,Alameda,001,1643700,19690,18687,137,18824,275
2020-09-03,Alpine,003,1148,2,2,0,2,0
2020-09-03,Amador,005,37829,275,274,0,274,16
2020-09-03,Butte,007,227075,2597,2274,20,2294,27
2020-09-03,Calaveras,009,45235,282,238,0,238,1
2020-09-03,Colusa,011,21464,484,464,0,464,6
2020-09-03,Contra Costa,013,1133247,15188,14206,59,14265,159
2020-09-03,Del Norte,015,27424,118,109,0,109,2
2020-09-03,El Dorado,017,186661,1051,983,0,983,2
2020-09-03,Fresno,019,978130,28661,25978,321,26299,313
2020-09-03,Glenn,021,27897,503,460,0,460,3
2020-09-03,Humboldt,023,135768,435,390,1,391,4
2020-09-03,Imperial,025,180216,11390,10083,14,10097,255
2020-09-03,Inyo,027,18085,182,171,4,175,3
2020-09-03,Kern,029,883053,30369,29426,241,29667,340
2020-09-03,Kings,031,150075,6867,6200,36,6236,64
2020-09-03,Lake,033,64148,389,347,0,347,2
2020-09-03,Lassen,035,31185,732,707,2,709,0
2020-09-03,Los Angeles,037,10098052,248648,245026,1423,246449,5931
2020-09-03,Madera,039,155013,4065,3780,29,3809,43
2020-09-03,Marin,041,260295,6347,6175,15,6190,66
2020-09-03,Mariposa,043,17540,74,71,0,71,2
2020-09-03,Mendocino,045,87422,700,638,0,638,16
2020-09-03,Merced,047,269075,8373,8136,13,8149,105
2020-09-03,Modoc,049,8938,23,14,0,14,0
2020-09-03,Mono,051,14174,163,144,2,146,1
2020-09-03,Monterey,053,433212,8674,8128,22,8150,56
2020-09-03,Napa,055,140530,1544,1466,6,1472,10
2020-09-03,Nevada,057,99092,478,453,14,467,6
2020-09-03,Orange,059,3164182,51245,48226,1267,49493,1009
2020-09-03,Placer,061,380077,3271,3069,13,3082,34
2020-09-03,Plumas,063,18699,44,39,0,39,0
2020-09-03,Riverside,065,2383286,54801,53341,72,53413,1052
2020-09-03,Sacramento,067,1510023,19590,18553,18,18571,328
2020-09-03,San Benito,069,59416,1206,1121,0,1121,4
2020-09-03,San Bernardino,071,2135413,50335,48165,319,48484,800
2020-09-03,San Diego,073,3302833,41637,39448,583,40031,700
2020-09-03,San Francisco,075,870044,10096,9636,18,9654,84
2020-09-03,San Joaquin,077,732212,19056,18331,40,18371,371
2020-09-03,San Luis Obispo,079,281455,3292,3023,19,3042,21
2020-09-03,San Mateo,081,765935,9002,8211,9,8220,122
2020-09-03,Santa Barbara,083,443738,8647,8277,72,8349,96
2020-09-03,Santa Clara,085,1922200,19517,17879,37,17916,208
2020-09-03,Santa Cruz,087,273765,2010,1870,17,1887,7
2020-09-03,Shasta,089,179085,651,535,3,538,10
2020-09-03,Sierra,091,2930,6,6,0,6,0
2020-09-03,Siskiyou,093,43540,145,128,9,137,0
2020-09-03,Solano,095,438530,5713,5499,40,5539,36
2020-09-03,Sonoma,097,501317,6401,5997,19,6016,62
2020-09-03,Stanislaus,099,539301,15644,14985,391,15376,217
2020-09-03,Sutter,101,95872,1485,1412,1,1413,11
2020-09-03,Tehama,103,63373,456,436,2,438,1
2020-09-03,Trinity,105,12862,48,13,7,20,0
2020-09-03,Tulare,107,460477,15117,14408,64,14472,244
2020-09-03,Tuolumne,109,53932,216,193,3,196,1
2020-09-03,Ventura,111,848112,11845,11109,112,11221,112
2020-09-03,Yolo,113,214977,2614,2475,5,2480,53
2020-09-03,Yuba,115,75493,948,867,3,870,1
2020-09-02,Alameda,001,1643700,19570,18522,134,18656,260
2020-09-02,Alpine,003,1148,2,2,0,2,0
2020-09-02,Amador,005,37829,275,245,0,245,14
2020-09-02,Butte,007,227075,2551,2241,20,2261,27
2020-09-02,Calaveras,009,45235,281,235,0,235,1
2020-09-02,Colusa,011,21464,480,460,0,460,6
2020-09-02,Contra Costa,013,1133247,15099,14097,57,14154,159
2020-09-02,Del Norte,015,27424,117,109,0,109,2
2020-09-02,El Dorado,017,186661,1047,975,0,975,2
2020-09-02,Fresno,019,978130,28513,25785,318,26103,292
2020-09-02,Glenn,021,27897,498,457,0,457,3
2020-09-02,Humboldt,023,135768,432,381,1,382,4
2020-09-02,Imperial,025,180216,11374,9832,14,9846,255
2020-09-02,Inyo,027,18085,182,171,4,175,3
2020-09-02,Kern,029,883053,30277,29288,235,29523,335
2020-09-02,Kings,031,150075,6782,6142,36,6178,64
2020-09-02,Lake,033,64148,385,342,0,342,2
2020-09-02,Lassen,035,31185,730,706,2,708,0
2020-09-02,Los Angeles,037,10098052,247718,243999,1395,245394,5887
2020-09-02,Madera,039,155013,4045,3735,29,3764,41
2020-09-02,Marin,041,260295,6332,6131,15,6146,66
2020-09-02,Mariposa,043,17540,74,71,0,71,2
2020-09-02,Mendocino,045,87422,690,636,0,636,15
2020-09-02,Merced,047,269075,8342,8097,12,8109,103
2020-09-02,Modoc,049,8938,22,11,0,11,0
2020-09-02,Mono,051,14174,163,145,2,147,1
2020-09-02,Monterey,053,433212,8610,8070,22,8092,56
2020-09-02,Napa,055,140530,1532,1454,6,1460,10
2020-09-02,Nevada,057,99092,472,452,13,465,6
2020-09-02,Orange,059,3164182,51064,47871,1257,49128,994
2020-09-02,Placer,061,380077,3246,3047,12,3059,33
2020-09-02,Plumas,063,18699,44,39,0,39,0
2020-09-02,Riverside,065,2383286,54599,52923,69,52992,1032
2020-09-02,Sacramento,067,1510023,19357,18355,17,18372,316
2020-09-02,San Benito,069,59416,1193,1107,0,1107,4
2020-09-02,San Bernardino,071,2135413,50172,47766,316,48082,794
2020-09-02,San Diego,073,3302833,41317,39123,569,39692,695
2020-09-02,San Francisco,075,870044,10027,9587,18,9605,84
2020-09-02,San Joaquin,077,732212,18975,18194,39,18233,352
2020-09-02,San Luis Obispo,079,281455,3266,3002,18,3020,21
2020-09-02,San Mateo,081,765935,8945,8148,9,8157,122
2020-09-02,Santa Barbara,083,443738,8592,8206,71,8277,94
2020-09-02,Santa Clara,085,1922200,19363,17673,37,17710,206
2020-09-02,Santa Cruz,087,273765,1987,1850,17,1867,7
2020-09-02,Shasta,089,179085,650,531,3,534,10
2020-09-02,Sierra,091,2930,6,6,0,6,0
2020-09-02,Siskiyou,093,43540,144,127,9,136,0
2020-09-02,Solano,095,438530,5685,5463,40,5503,36
2020-09-02,Sonoma,097,501317,6339,5846,19,5865,62
2020-09-02,Stanislaus,099,539301,15574,14854,384,15238,220
2020-09-02,Sutter,101,95872,1470,1401,1,1402,10
2020-09-02,Tehama,103,63373,453,429,2,431,1
2020-09-02,Trinity,105,12862,48,13,7,20,0
2020-09-02,Tulare,107,460477,15050,14298,63,14361,244
2020-09-02,Tuolumne,109,53932,216,190,3,193,1
2020-09-02,Ventura,111,848112,11758,11031,111,11142,111
2020-09-02,Yolo,113,214977,2593,2449,5,2454,54
2020-09-02,Yuba,115,75493,941,856,3,859,1
2020-09-01,Alameda,001,1643700,19430,18382,131,18513,248
2020-09-01,Alpine,003,1148,2,2,0,2,0
2020-09-01,Amador,005,37829,274,244,0,244,13
2020-09-01,Butte,007,227075,2494,2146,20,2166,26
2020-09-01,Calaveras,009,45235,273,228,0,228,1
2020-09-01,Colusa,011,21464,476,454,0,454,6
2020-09-01,Contra Costa,013,1133247,15005,13998,55,14053,158
2020-09-01,Del Norte,015,27424,116,108,0,108,2
2020-09-01,El Dorado,017,186661,1039,972,0,972,2
2020-09-01,Fresno,019,978130,28366,25542,315,25857,290
2020-09-01,Glenn,021,27897,491,449,0,449,3
2020-09-01,Humboldt,023,135768,426,378,1,379,4
2020-09-01,Imperial,025,180216,11348,9782,14,9796,250
2020-09-01,Inyo,027,18085,182,171,4,175,3
2020-09-01,Kern,029,883053,30186,29162,230,29392,332
2020-09-01,Kings,031,150075,6751,6088,36,6124,62
2020-09-01,Lake,033,64148,382,341,0,341,2
2020-09-01,Lassen,035,31185,727,706,2,708,0
2020-09-01,Los Angeles,037,10098052,246629,242633,1371,244004,5832
2020-09-01,Madera,039,155013,4016,3703,28,3731,41
2020-09-01,Marin,041,260295,6317,6102,15,6117,67
2020-09-01,Mariposa,043,17540,73,72,0,72,2
2020-09-01,Mendocino,045,87422,675,626,0,626,15
2020-09-01,Merced,047,269075,8289,8046,11,8057,103
2020-09-01,Modoc,049,8938,20,10,0,10,0
2020-09-01,Mono,051,14174,163,145,2,147,1
2020-09-01,Monterey,053,433212,8503,7926,22,7948,56
2020-09-01,Napa,055,140530,1517,1446,6,1452,10
2020-09-01,Nevada,057,99092,466,450,13,463,6
2020-09-01,Orange,059,3164182,50900,47671,1238,48909,976
2020-09-01,Placer,061,380077,3224,3013,12,3025,33
2020-09-01,Plumas,063,18699,44,39,0,39,0
2020-09-01,Riverside,065,2383286,54381,52785,68,52853,1027
2020-09-01,Sacramento,067,1510023,19173,18217,16,18233,305
2020-09-01,San Benito,069,59416,1181,1089,0,1089,4
2020-09-01,San Bernardino,071,2135413,49965,47371,315,47686,786
2020-09-01,San Diego,073,3302833,40959,38873,531,39404,688
2020-09-01,San Francisco,075,870044,9958,9492,18,9510,83
2020-09-01,San Joaquin,077,732212,18893,17915,38,17953,341
2020-09-01,San Luis Obispo,079,281455,3240,2970,18,2988,21
2020-09-01,San Mateo,081,765935,8865,8132,9,8141,122
2020-09-01,Santa Barbara,083,443738,8542,8142,70,8212,93
2020-09-01,Santa Clara,085,1922200,19184,17319,37,17356,204
2020-09-01,Santa Cruz,087,273765,1963,1752,17,1769,7
2020-09-01,Shasta,089,179085,642,527,3,530,9
2020-09-01,Sierra,091,2930,6,6,0,6,0
2020-09-01,Siskiyou,093,43540,141,128,8,136,0
2020-09-01,Solano,095,438530,5659,5438,40,5478,34
2020-09-01,Sonoma,097,501317,6249,5733,19,5752,60
2020-09-01,Stanislaus,099,539301,15498,14784,374,15158,212
2020-09-01,Sutter,101,95872,1459,1389,1,1390,10
2020-09-01,Tehama,103,63373,449,422,2,424,1
2020-09-01,Trinity,105,12862,47,13,6,19,0
2020-09-01,Tulare,107,460477,14967,14156,63,14219,241
2020-09-01,Tuolumne,109,53932,210,183,3,186,1
2020-09-01,Ventura,111,848112,11680,10899,106,11005,108
2020-09-01,Yolo,113,214977,2577,2440,5,2445,51
2020-09-01,Yuba,115,75493,932,841,3,844,1
2020-08-31,Alameda,001,1643700,19285,18148,131,18279,248
2020-08-31,Alpine,003,1148,2,2,0,2,0
2020-08-31,Amador,005,37829,274,243,0,243,13
2020-08-31,Butte,007,227075,2430,2069,20,2089,26
2020-08-31,Calaveras,009,45235,268,212,0,212,1
2020-08-31,Colusa,011,21464,475,443,0,443,6
2020-08-31,Contra Costa,013,1133247,14878,13902,52,13954,153
2020-08-31,Del Norte,015,27424,116,108,0,108,2
2020-08-31,El Dorado,017,186661,1032,965,0,965,2
2020-08-31,Fresno,019,978130,28145,25185,309,25494,290
2020-08-31,Glenn,021,27897,479,437,0,437,3
2020-08-31,Humboldt,023,135768,424,374,1,375,4
2020-08-31,Imperial,025,180216,11317,9759,14,9773,250
2020-08-31,Inyo,027,18085,181,160,4,164,3
2020-08-31,Kern,029,883053,30088,29067,229,29296,318
2020-08-31,Kings,031,150075,6483,6037,36,6073,62
2020-08-31,Lake,033,64148,366,341,0,341,2
2020-08-31,Lassen,035,31185,724,706,2,708,0
2020-08-31,Los Angeles,037,10098052,245526,241793,1343,243136,5787
2020-08-31,Madera,039,155013,3993,3662,27,3689,35
2020-08-31,Marin,041,260295,6281,6074,15,6089,67
2020-08-31,Mariposa,043,17540,73,69,0,69,2
2020-08-31,Mendocino,045,87422,663,618,0,618,15
2020-08-31,Merced,047,269075,8227,7991,11,8002,79
2020-08-31,Modoc,049,8938,18,10,0,10,0
2020-08-31,Mono,051,14174,163,145,2,147,1
2020-08-31,Monterey,053,433212,8396,7839,22,7861,56
2020-08-31,Napa,055,140530,1509,1434,6,1440,10
2020-08-31,Nevada,057,99092,464,447,13,460,6
2020-08-31,Orange,059,3164182,50700,47392,1210,48602,965
2020-08-31,Placer,061,380077,3175,2989,12,3001,33
2020-08-31,Plumas,063,18699,43,39,0,39,0
2020-08-31,Riverside,065,2383286,54159,52508,66,52574,1020
2020-08-31,Sacramento,067,1510023,18936,17999,16,18015,303
2020-08-31,San Benito,069,59416,1165,1080,0,1080,4
2020-08-31,San Bernardino,071,2135413,49754,47370,314,47684,755
2020-08-31,San Diego,073,3302833,40592,38606,498,39104,682
2020-08-31,San Francisco,075,870044,9879,9293,15,9308,83
2020-08-31,San Joaquin,077,732212,18806,17807,37,17844,338
2020-08-31,San Luis Obispo,079,281455,3217,2951,17,2968,21
2020-08-31,San Mateo,081,765935,8795,8065,9,8074,122
2020-08-31,Santa Barbara,083,443738,8496,8124,70,8194,94
2020-08-31,Santa Clara,085,1922200,18995,17211,37,17248,202
2020-08-31,Santa Cruz,087,273765,1938,1742,17,1759,7
2020-08-31,Shasta,089,179085,637,528,3,531,9
2020-08-31,Sierra,091,2930,6,6,0,6,0
2020-08-31,Siskiyou,093,43540,140,127,8,135,0
2020-08-31,Solano,095,438530,5627,5302,39,5341,34
2020-08-31,Sonoma,097,501317,6174,5650,19,5669,60
2020-08-31,Stanislaus,099,539301,15423,14685,365,15050,213
2020-08-31,Sutter,101,95872,1444,1365,1,1366,10
2020-08-31,Tehama,103,63373,446,421,2,423,1
2020-08-31,Trinity,105,12862,47,13,6,19,0
2020-08-31,Tulare,107,460477,14880,13985,61,14046,237
2020-08-31,Tuolumne,109,53932,210,178,3,181,1
2020-08-31,Ventura,111,848112,11592,10866,105,10971,108
2020-08-31,Yolo,113,214977,2559,2423,5,2428,51
2020-08-31,Yuba,115,75493,918,830,3,833,1
2020-08-30,Alameda,001,1643700,19161,18099,129,18228,248
2020-08-30,Alpine,003,1148,2,2,0,2,0
2020-08-30,Amador,005,37829,273,240,0,240,13
2020-08-30,Butte,007,227075,2349,1988,20,2008,26
2020-08-30,Calaveras,009,45235,259,211,0,211,1
2020-08-30,Colusa,011,21464,474,440,0,440,6
2020-08-30,Contra Costa,013,1133247,14740,13780,52,13832,150
2020-08-30,Del Norte,015,27424,115,108,0,108,2
2020-08-30,El Dorado,017,186661,1022,962,0,962,2
2020-08-30,Fresno,019,978130,28018,24963,308,25271,291
2020-08-30,Glenn,021,27897,472,437,0,437,3
2020-08-30,Humboldt,023,135768,413,362,1,363,4
2020-08-30,Imperial,025,180216,11298,9703,13,9716,250
2020-08-30,Inyo,027,18085,181,160,4,164,3
2020-08-30,Kern,029,883053,29995,28987,229,29216,317
2020-08-30,Kings,031,150075,6437,6000,36,6036,62
2020-08-30,Lake,033,64148,361,334,0,334,2
2020-08-30,Lassen,035,31185,722,706,2,708,0
2020-08-30,Los Angeles,037,10098052,244390,240775,1310,242085,5772
2020-08-30,Madera,039,155013,3964,3626,27,3653,33
2020-08-30,Marin,041,260295,6251,6060,15,6075,66
2020-08-30,Mariposa,043,17540,73,69,0,69,2
2020-08-30,Mendocino,045,87422,657,611,0,611,13
2020-08-30,Merced,047,269075,8152,7960,11,7971,79
2020-08-30,Modoc,049,8938,13,10,0,10,0
2020-08-30,Mono,051,14174,163,145,2,147,1
2020-08-30,Monterey,053,433212,8312,7816,22,7838,54
2020-08-30,Napa,055,140530,1497,1423,6,1429,10
2020-08-30,Nevada,057,99092,461,445,13,458,6
2020-08-30,Orange,059,3164182,50505,47283,1196,48479,965
2020-08-30,Placer,061,380077,3142,2961,12,2973,32
2020-08-30,Plumas,063,18699,42,39,0,39,0
2020-08-30,Riverside,065,2383286,53979,52227,64,52291,1017
2020-08-30,Sacramento,067,1510023,18758,17751,16,17767,300
2020-08-30,San Benito,069,59416,1155,1071,0,1071,4
2020-08-30,San Bernardino,071,2135413,49497,47201,314,47515,755
2020-08-30,San Diego,073,3302833,40194,38302,477,38779,682
2020-08-30,San Francisco,075,870044,9781,9294,12,9306,83
2020-08-30,San Joaquin,077,732212,18689,17637,36,17673,338
2020-08-30,San Luis Obispo,079,281455,3192,2934,17,2951,21
2020-08-30,San Mateo,081,765935,8718,8013,8,8021,122
2020-08-30,Santa Barbara,083,443738,8436,8088,70,8158,93
2020-08-30,Santa Clara,085,1922200,18819,17045,37,17082,202
2020-08-30,Santa Cruz,087,273765,1912,1743,17,1760,7
2020-08-30,Shasta,089,179085,634,525,3,528,9
2020-08-30,Sierra,091,2930,6,6,0,6,0
2020-08-30,Siskiyou,093,43540,138,125,8,133,0
2020-08-30,Solano,095,438530,5583,5303,39,5342,34
2020-08-30,Sonoma,097,501317,6116,5590,19,5609,60
2020-08-30,Stanislaus,099,539301,15352,14580,356,14936,209
2020-08-30,Sutter,101,95872,1422,1351,1,1352,10
2020-08-30,Tehama,103,63373,437,419,2,421,1
2020-08-30,Trinity,105,12862,47,13,6,19,0
2020-08-30,Tulare,107,460477,14785,13985,60,14045,236
2020-08-30,Tuolumne,109,53932,206,178,3,181,1
2020-08-30,Ventura,111,848112,11479,10775,100,10875,108
2020-08-30,Yolo,113,214977,2531,2391,4,2395,51
2020-08-30,Yuba,115,75493,904,832,3,835,1
2020-08-29,Alameda,001,1643700,19094,17888,129,18017,250
2020-08-29,Alpine,003,1148,2,2,0,2,0
2020-08-29,Amador,005,37829,273,239,0,239,13
2020-08-29,Butte,007,227075,2318,1948,20,1968,26
2020-08-29,Calaveras,009,45235,255,211,0,211,1
2020-08-29,Colusa,011,21464,471,440,0,440,6
2020-08-29,Contra Costa,013,1133247,14667,13663,51,13714,159
2020-08-29,Del Norte,015,27424,115,108,0,108,1
2020-08-29,El Dorado,017,186661,1019,958,0,958,2
2020-08-29,Fresno,019,978130,27963,24821,308,25129,291
2020-08-29,Glenn,021,27897,466,437,0,437,3
2020-08-29,Humboldt,023,135768,410,363,1,364,4
2020-08-29,Imperial,025,180216,11283,9698,13,9711,250
2020-08-29,Inyo,027,18085,181,160,4,164,3
2020-08-29,Kern,029,883053,29954,28947,228,29175,317
2020-08-29,Kings,031,150075,6422,5906,36,5942,62
2020-08-29,Lake,033,64148,360,329,0,329,2
2020-08-29,Lassen,035,31185,722,706,2,708,0
2020-08-29,Los Angeles,037,10098052,243760,239815,1297,241112,5762
2020-08-29,Madera,039,155013,3955,3605,26,3631,33
2020-08-29,Marin,041,260295,6239,6007,15,6022,64
2020-08-29,Mariposa,043,17540,73,69,0,69,2
2020-08-29,Mendocino,045,87422,652,596,0,596,13
2020-08-29,Merced,047,269075,8122,7867,11,7878,79
2020-08-29,Modoc,049,8938,13,9,0,9,0
2020-08-29,Mono,051,14174,163,145,2,147,1
2020-08-29,Monterey,053,433212,8267,7680,22,7702,53
2020-08-29,Napa,055,140530,1494,1413,6,1419,10
2020-08-29,Nevada,057,99092,461,442,13,455,5
2020-08-29,Orange,059,3164182,50395,47007,1186,48193,960
2020-08-29,Placer,061,380077,3125,2935,12,2947,32
2020-08-29,Plumas,063,18699,41,39,0,39,0
2020-08-29,Riverside,065,2383286,53867,51918,62,51980,1016
2020-08-29,Sacramento,067,1510023,18686,17588,16,17604,291
2020-08-29,San Benito,069,59416,1146,1045,0,1045,4
2020-08-29,San Bernardino,071,2135413,49382,46849,314,47163,755
2020-08-29,San Diego,073,3302833,39928,38049,459,38508,694
2020-08-29,San Francisco,075,870044,9753,9291,11,9302,83
2020-08-29,San Joaquin,077,732212,18645,17493,36,17529,335
2020-08-29,San Luis Obispo,079,281455,3167,2917,17,2934,21
2020-08-29,San Mateo,081,765935,8676,7928,8,7936,122
2020-08-29,Santa Barbara,083,443738,8410,8052,69,8121,93
2020-08-29,Santa Clara,085,1922200,18722,16898,36,16934,202
2020-08-29,Santa Cruz,087,273765,1900,1746,17,1763,7
2020-08-29,Shasta,089,179085,626,522,3,525,9
2020-08-29,Sierra,091,2930,6,6,0,6,0
2020-08-29,Siskiyou,093,43540,138,121,8,129,0
2020-08-29,Solano,095,438530,5562,5303,39,5342,34
2020-08-29,Sonoma,097,501317,6082,5537,19,5556,60
2020-08-29,Stanislaus,099,539301,15303,14479,346,14825,208
2020-08-29,Sutter,101,95872,1417,1333,1,1334,9
2020-08-29,Tehama,103,63373,436,417,2,419,1
2020-08-29,Trinity,105,12862,46,11,6,17,0
2020-08-29,Tulare,107,460477,14747,13890,59,13949,236
2020-08-29,Tuolumne,109,53932,206,178,3,181,1
2020-08-29,Ventura,111,848112,11437,10705,100,10805,108
2020-08-29,Yolo,113,214977,2513,2357,4,2361,51
2020-08-29,Yuba,115,75493,895,822,3,825,1
2020-08-28,Alameda,001,1643700,19011,17729,128,17857,237
2020-08-28,Alpine,003,1148,2,2,0,2,0
2020-08-28,Amador,005,37829,273,234,0,234,13
2020-08-28,Butte,007,227075,2288,1886,20,1906,25
2020-08-28,Calaveras,009,45235,253,207,0,207,1
2020-08-28,Colusa,011,21464,470,441,0,441,6
2020-08-28,Contra Costa,013,1133247,14596,13522,50,13572,158
2020-08-28,Del Norte,015,27424,115,107,0,107,1
2020-08-28,El Dorado,017,186661,1013,949,0,949,2
2020-08-28,Fresno,019,978130,27829,24612,308,24920,282
2020-08-28,Glenn,021,27897,459,429,0,429,3
2020-08-28,Humboldt,023,135768,406,362,1,363,4
2020-08-28,Imperial,025,180216,11269,9656,13,9669,241
2020-08-28,Inyo,027,18085,180,160,4,164,2
2020-08-28,Kern,029,883053,29906,28744,228,28972,306
2020-08-28,Kings,031,150075,6415,5829,35,5864,62
2020-08-28,Lake,033,64148,355,320,0,320,2
2020-08-28,Lassen,035,31185,722,704,2,706,0
2020-08-28,Los Angeles,037,10098052,242950,238544,1273,239817,5740
2020-08-28,Madera,039,155013,3936,3552,26,3578,33
2020-08-28,Marin,041,260295,6217,5991,15,6006,63
2020-08-28,Mariposa,043,17540,73,67,0,67,2
2020-08-28,Mendocino,045,87422,647,588,0,588,11
2020-08-28,Merced,047,269075,8092,7803,11,7814,77
2020-08-28,Modoc,049,8938,13,6,0,6,0
2020-08-28,Mono,051,14174,163,145,2,147,1
2020-08-28,Monterey,053,433212,8210,7591,22,7613,53
2020-08-28,Napa,055,140530,1486,1403,5,1408,10
2020-08-28,Nevada,057,99092,460,438,13,451,5
2020-08-28,Orange,059,3164182,50295,46696,1171,47867,942
2020-08-28,Placer,061,380077,3114,2891,12,2903,32
2020-08-28,Plumas,063,18699,41,39,0,39,0
2020-08-28,Riverside,065,2383286,53735,51510,59,51569,1008
2020-08-28,Sacramento,067,1510023,18589,17119,16,17135,283
2020-08-28,San Benito,069,59416,1130,1016,0,1016,3
2020-08-28,San Bernardino,071,2135413,49264,46553,310,46863,754
2020-08-28,San Diego,073,3302833,39698,37786,444,38230,676
2020-08-28,San Francisco,075,870044,9700,9135,11,9146,83
2020-08-28,San Joaquin,077,732212,18592,17114,35,17149,314
2020-08-28,San Luis Obispo,079,281455,3150,2849,17,2866,20
2020-08-28,San Mateo,081,765935,8629,7783,8,7791,121
2020-08-28,Santa Barbara,083,443738,8378,8001,69,8070,92
2020-08-28,Santa Clara,085,1922200,18591,16696,36,16732,201
2020-08-28,Santa Cruz,087,273765,1888,1747,17,1764,7
2020-08-28,Shasta,089,179085,622,516,3,519,9
2020-08-28,Sierra,091,2930,6,6,0,6,0
2020-08-28,Siskiyou,093,43540,136,119,8,127,0
2020-08-28,Solano,095,438530,5543,5219,39,5258,34
2020-08-28,Sonoma,097,501317,6047,5425,18,5443,58
2020-08-28,Stanislaus,099,539301,15261,14176,342,14518,190
2020-08-28,Sutter,101,95872,1407,1308,1,1309,9
2020-08-28,Tehama,103,63373,431,410,2,412,1
2020-08-28,Trinity,105,12862,46,11,6,17,0
2020-08-28,Tulare,107,460477,14701,13776,59,13835,236
2020-08-28,Tuolumne,109,53932,206,176,3,179,1
2020-08-28,Ventura,111,848112,11401,10606,98,10704,103
2020-08-28,Yolo,113,214977,2504,2323,4,2327,51
2020-08-28,Yuba,115,75493,886,810,3,813,1
2020-08-27,Alameda,001,1643700,18866,17584,125,17709,234
2020-08-27,Alpine,003,1148,2,2,0,2,0
2020-08-27,Amador,005,37829,272,233,0,233,13
2020-08-27,Butte,007,227075,2222,1803,19,1822,25
2020-08-27,Calaveras,009,45235,247,204,0,204,1
2020-08-27,Colusa,011,21464,468,438,0,438,6
2020-08-27,Contra Costa,013,1133247,14495,13379,49,13428,158
2020-08-27,Del Norte,015,27424,115,107,0,107,1
2020-08-27,El Dorado,017,186661,1009,942,0,942,2
2020-08-27,Fresno,019,978130,27646,24367,303,24670,272
2020-08-27,Glenn,021,27897,451,429,0,429,3
2020-08-27,Humboldt,023,135768,398,358,1,359,4
2020-08-27,Imperial,025,180216,11242,9608,13,9621,235
2020-08-27,Inyo,027,18085,180,157,3,160,2
2020-08-27,Kern,029,883053,29834,28635,219,28854,294
2020-08-27,Kings,031,150075,6393,5759,35,5794,62
2020-08-27,Lake,033,64148,353,314,0,314,2
2020-08-27,Lassen,035,31185,722,703,2,705,0
2020-08-27,Los Angeles,037,10098052,241949,237103,1257,238360,5704
2020-08-27,Madera,039,155013,3910,3465,26,3491,33
2020-08-27,Marin,041,260295,6193,5929,15,5944,62
2020-08-27,Mariposa,043,17540,73,67,0,67,2
2020-08-27,Mendocino,045,87422,638,581,0,581,10
2020-08-27,Merced,047,269075,8047,7765,11,7776,75
2020-08-27,Modoc,049,8938,11,5,0,5,0
2020-08-27,Mono,051,14174,163,145,2,147,1
2020-08-27,Monterey,053,433212,8116,7501,22,7523,52
2020-08-27,Napa,055,140530,1480,1397,5,1402,10
2020-08-27,Nevada,057,99092,457,435,13,448,5
2020-08-27,Orange,059,3164182,50138,46449,1160,47609,935
2020-08-27,Placer,061,380077,3083,2869,12,2881,32
2020-08-27,Plumas,063,18699,40,39,0,39,0
2020-08-27,Riverside,065,2383286,53527,51306,56,51362,999
2020-08-27,Sacramento,067,1510023,18391,16875,16,16891,281
2020-08-27,San Benito,069,59416,1114,987,0,987,3
2020-08-27,San Bernardino,071,2135413,49038,46345,303,46648,751
2020-08-27,San Diego,073,3302833,39427,37501,424,37925,673
2020-08-27,San Francisco,075,870044,9634,9014,11,9025,83
2020-08-27,San Joaquin,077,732212,18512,16989,35,17024,314
2020-08-27,San Luis Obispo,079,281455,3125,2808,17,2825,20
2020-08-27,San Mateo,081,765935,8520,7728,8,7736,121
2020-08-27,Santa Barbara,083,443738,8340,7934,69,8003,92
2020-08-27,Santa Clara,085,1922200,18408,16495,36,16531,199
2020-08-27,Santa Cruz,087,273765,1871,1734,17,1751,7
2020-08-27,Shasta,089,179085,616,512,3,515,9
2020-08-27,Sierra,091,2930,6,6,0,6,0
2020-08-27,Siskiyou,093,43540,136,118,8,126,0
2020-08-27,Solano,095,438530,5505,5167,39,5206,34
2020-08-27,Sonoma,097,501317,5935,5357,18,5375,58
2020-08-27,Stanislaus,099,539301,15180,14080,339,14419,186
2020-08-27,Sutter,101,95872,1387,1296,1,1297,9
2020-08-27,Tehama,103,63373,427,398,2,400,1
2020-08-27,Trinity,105,12862,46,11,6,17,0
2020-08-27,Tulare,107,460477,14609,13666,58,13724,231
2020-08-27,Tuolumne,109,53932,201,174,3,177,1
2020-08-27,Ventura,111,848112,11338,10483,94,10577,102
2020-08-27,Yolo,113,214977,2480,2293,4,2297,51
2020-08-27,Yuba,115,75493,875,807,3,810,1
2020-08-26,Alameda,001,1643700,18704,17373,125,17498,233
2020-08-26,Alpine,003,1148,2,2,0,2,0
2020-08-26,Amador,005,37829,272,229,0,229,13
2020-08-26,Butte,007,227075,2155,1765,17,1782,25
2020-08-26,Calaveras,009,45235,240,201,0,201,1
2020-08-26,Colusa,011,21464,462,433,0,433,5
2020-08-26,Contra Costa,013,1133247,14358,13248,49,13297,157
2020-08-26,Del Norte,015,27424,114,86,0,86,1
2020-08-26,El Dorado,017,186661,1007,938,0,938,2
2020-08-26,Fresno,019,978130,27498,24071,301,24372,255
2020-08-26,Glenn,021,27897,449,429,0,429,3
2020-08-26,Humboldt,023,135768,386,357,1,358,4
2020-08-26,Imperial,025,180216,11220,9453,13,9466,227
2020-08-26,Inyo,027,18085,177,157,3,160,2
2020-08-26,Kern,029,883053,29695,28507,216,28723,286
2020-08-26,Kings,031,150075,6372,5720,35,5755,62
2020-08-26,Lake,033,64148,348,308,0,308,2
2020-08-26,Lassen,035,31185,722,702,2,704,0
2020-08-26,Los Angeles,037,10098052,240939,235499,1225,236724,5665
2020-08-26,Madera,039,155013,3881,3458,26,3484,32
2020-08-26,Marin,041,260295,6176,5887,15,5902,56
2020-08-26,Mariposa,043,17540,73,68,0,68,2
2020-08-26,Mendocino,045,87422,627,581,0,581,10
2020-08-26,Merced,047,269075,8014,7720,11,7731,74
2020-08-26,Modoc,049,8938,8,5,0,5,0
2020-08-26,Mono,051,14174,163,141,2,143,1
2020-08-26,Monterey,053,433212,8023,7439,22,7461,51
2020-08-26,Napa,055,140530,1467,1382,5,1387,10
2020-08-26,Nevada,057,99092,454,432,13,445,2
2020-08-26,Orange,059,3164182,49954,46157,1145,47302,905
2020-08-26,Placer,061,380077,3061,2846,10,2856,32
2020-08-26,Plumas,063,18699,39,39,0,39,0
2020-08-26,Riverside,065,2383286,53285,51138,56,51194,987
2020-08-26,Sacramento,067,1510023,18228,16708,16,16724,271
2020-08-26,San Benito,069,59416,1099,978,0,978,3
2020-08-26,San Bernardino,071,2135413,48829,45840,299,46139,743
2020-08-26,San Diego,073,3302833,39089,37224,397,37621,668
2020-08-26,San Francisco,075,870044,9558,8938,11,8949,81
2020-08-26,San Joaquin,077,732212,18423,16845,34,16879,309
2020-08-26,San Luis Obispo,079,281455,3097,2761,17,2778,20
2020-08-26,San Mateo,081,765935,8453,7655,8,7663,121
2020-08-26,Santa Barbara,083,443738,8306,7904,69,7973,90
2020-08-26,Santa Clara,085,1922200,18231,16283,36,16319,198
2020-08-26,Santa Cruz,087,273765,1860,1726,17,1743,7
2020-08-26,Shasta,089,179085,611,511,3,514,9
2020-08-26,Sierra,091,2930,6,6,0,6,0
2020-08-26,Siskiyou,093,43540,133,109,8,117,0
2020-08-26,Solano,095,438530,5481,5131,38,5169,34
2020-08-26,Sonoma,097,501317,5861,5283,18,5301,58
2020-08-26,Stanislaus,099,539301,15103,13964,333,14297,186
2020-08-26,Sutter,101,95872,1369,1275,1,1276,9
2020-08-26,Tehama,103,63373,424,396,2,398,1
2020-08-26,Trinity,105,12862,45,10,6,16,0
2020-08-26,Tulare,107,460477,14542,13568,58,13626,232
2020-08-26,Tuolumne,109,53932,200,172,3,175,1
2020-08-26,Ventura,111,848112,11266,10412,87,10499,100
2020-08-26,Yolo,113,214977,2458,2279,4,2283,49
2020-08-26,Yuba,115,75493,860,779,3,782,1
2020-08-25,Alameda,001,1643700,18547,17278,125,17403,232
2020-08-25,Alpine,003,1148,2,2,0,2,0
2020-08-25,Amador,005,37829,272,227,0,227,13
2020-08-25,Butte,007,227075,2088,1718,17,1735,24
2020-08-25,Calaveras,009,45235,238,196,0,196,1
2020-08-25,Colusa,011,21464,455,430,0,430,5
2020-08-25,Contra Costa,013,1133247,14220,13181,48,13229,156
2020-08-25,Del Norte,015,27424,113,83,0,83,1
2020-08-25,El Dorado,017,186661,1004,928,0,928,2
2020-08-25,Fresno,019,978130,27309,23932,300,24232,250
2020-08-25,Glenn,021,27897,446,429,0,429,3
2020-08-25,Humboldt,023,135768,381,342,1,343,4
2020-08-25,Imperial,025,180216,11192,9381,13,9394,217
2020-08-25,Inyo,027,18085,175,144,3,147,1
2020-08-25,Kern,029,883053,29558,28416,216,28632,285
2020-08-25,Kings,031,150075,6215,5702,35,5737,59
2020-08-25,Lake,033,64148,343,304,0,304,2
2020-08-25,Lassen,035,31185,721,692,2,694,0
2020-08-25,Los Angeles,037,10098052,239645,233961,1175,235136,5612
2020-08-25,Madera,039,155013,3866,3446,25,3471,32
2020-08-25,Marin,041,260295,6138,5860,15,5875,56
2020-08-25,Mariposa,043,17540,73,67,0,67,2
2020-08-25,Mendocino,045,87422,619,571,0,571,10
2020-08-25,Merced,047,269075,7947,7693,10,7703,69
2020-08-25,Modoc,049,8938,8,5,0,5,0
2020-08-25,Mono,051,14174,163,129,2,131,1
2020-08-25,Monterey,053,433212,7943,7333,22,7355,51
2020-08-25,Napa,055,140530,1460,1374,5,1379,10
2020-08-25,Nevada,057,99092,450,430,13,443,2
2020-08-25,Orange,059,3164182,49760,45737,1129,46866,902
2020-08-25,Placer,061,380077,3042,2829,7,2836,31
2020-08-25,Plumas,063,18699,39,39,0,39,0
2020-08-25,Riverside,065,2383286,53054,50889,56,50945,981
2020-08-25,Sacramento,067,1510023,18075,16601,16,16617,265
2020-08-25,San Benito,069,59416,1083,973,0,973,3
2020-08-25,San Bernardino,071,2135413,48594,45544,296,45840,727
2020-08-25,San Diego,073,3302833,38810,36996,375,37371,665
2020-08-25,San Francisco,075,870044,9480,8848,11,8859,81
2020-08-25,San Joaquin,077,732212,18296,16795,34,16829,306
2020-08-25,San Luis Obispo,079,281455,3037,2731,16,2747,20
2020-08-25,San Mateo,081,765935,8393,7636,8,7644,120
2020-08-25,Santa Barbara,083,443738,8254,7854,69,7923,90
2020-08-25,Santa Clara,085,1922200,18058,16199,36,16235,194
2020-08-25,Santa Cruz,087,273765,1841,1708,17,1725,7
2020-08-25,Shasta,089,179085,607,511,3,514,9
2020-08-25,Sierra,091,2930,6,6,0,6,0
2020-08-25,Siskiyou,093,43540,132,109,8,117,0
2020-08-25,Solano,095,438530,5420,5114,38,5152,34
2020-08-25,Sonoma,097,501317,5776,5148,18,5166,56
2020-08-25,Stanislaus,099,539301,14995,13886,322,14208,182
2020-08-25,Sutter,101,95872,1352,1259,1,1260,9
2020-08-25,Tehama,103,63373,421,394,2,396,1
2020-08-25,Trinity,105,12862,44,10,6,16,0
2020-08-25,Tulare,107,460477,14439,13514,57,13571,224
2020-08-25,Tuolumne,109,53932,198,172,3,175,1
2020-08-25,Ventura,111,848112,11181,10313,82,10395,99
2020-08-25,Yolo,113,214977,2445,2254,4,2258,50
2020-08-25,Yuba,115,75493,850,775,3,778,1
2020-08-24,Alameda,001,1643700,18353,16913,124,17037,231
2020-08-24,Alpine,003,1148,2,2,0,2,0
2020-08-24,Amador,005,37829,270,227,0,227,13
2020-08-24,Butte,007,227075,2004,1649,17,1666,23
2020-08-24,Calaveras,009,45235,228,187,0,187,1
2020-08-24,Colusa,011,21464,451,425,0,425,5
2020-08-24,Contra Costa,013,1133247,14105,12906,46,12952,153
2020-08-24,Del Norte,015,27424,113,80,0,80,1
2020-08-24,El Dorado,017,186661,996,908,0,908,2
2020-08-24,Fresno,019,978130,27121,23618,293,23911,235
2020-08-24,Glenn,021,27897,444,421,0,421,2
2020-08-24,Humboldt,023,135768,377,340,1,341,4
2020-08-24,Imperial,025,180216,11158,9323,12,9335,210
2020-08-24,Inyo,027,18085,171,144,3,147,2
2020-08-24,Kern,029,883053,29461,28157,210,28367,277
2020-08-24,Kings,031,150075,6127,5652,35,5687,60
2020-08-24,Lake,033,64148,329,302,0,302,2
2020-08-24,Lassen,035,31185,721,693,2,695,0
2020-08-24,Los Angeles,037,10098052,238284,233036,1156,234192,5562
2020-08-24,Madera,039,155013,3839,3418,25,3443,32
2020-08-24,Marin,041,260295,6075,5834,15,5849,56
2020-08-24,Mariposa,043,17540,71,66,0,66,2
2020-08-24,Mendocino,045,87422,604,550,0,550,10
2020-08-24,Merced,047,269075,7869,7605,10,7615,69
2020-08-24,Modoc,049,8938,8,5,0,5,0
2020-08-24,Mono,051,14174,163,129,2,131,1
2020-08-24,Monterey,053,433212,7834,7212,21,7233,50
2020-08-24,Napa,055,140530,1447,1358,5,1363,10
2020-08-24,Nevada,057,99092,445,423,13,436,2
2020-08-24,Orange,059,3164182,49567,45536,1119,46655,887
2020-08-24,Placer,061,380077,2996,2793,7,2800,31
2020-08-24,Plumas,063,18699,39,37,0,37,0
2020-08-24,Riverside,065,2383286,52776,50496,56,50552,975
2020-08-24,Sacramento,067,1510023,17878,16318,16,16334,249
2020-08-24,San Benito,069,59416,1062,961,0,961,3
2020-08-24,San Bernardino,071,2135413,48331,45199,294,45493,720
2020-08-24,San Diego,073,3302833,38522,36729,347,37076,660
2020-08-24,San Francisco,075,870044,9397,8621,10,8631,81
2020-08-24,San Joaquin,077,732212,18155,16565,33,16598,305
2020-08-24,San Luis Obispo,079,281455,3009,2705,16,2721,20
2020-08-24,San Mateo,081,765935,8326,7502,8,7510,120
2020-08-24,Santa Barbara,083,443738,8213,7784,69,7853,90
2020-08-24,Santa Clara,085,1922200,17854,16049,36,16085,192
2020-08-24,Santa Cruz,087,273765,1821,1627,16,1643,6
2020-08-24,Shasta,089,179085,605,505,3,508,9
2020-08-24,Sierra,091,2930,6,6,0,6,0
2020-08-24,Siskiyou,093,43540,128,107,8,115,0
2020-08-24,Solano,095,438530,5371,4979,36,5015,32
2020-08-24,Sonoma,097,501317,5674,5071,18,5089,56
2020-08-24,Stanislaus,099,539301,14896,13521,308,13829,171
2020-08-24,Sutter,101,95872,1333,1219,1,1220,9
2020-08-24,Tehama,103,63373,416,388,2,390,1
2020-08-24,Trinity,105,12862,44,10,6,16,0
2020-08-24,Tulare,107,460477,14332,13360,56,13416,223
2020-08-24,Tuolumne,109,53932,197,170,3,173,1
2020-08-24,Ventura,111,848112,11101,10261,78,10339,99
2020-08-24,Yolo,113,214977,2411,2239,4,2243,47
2020-08-24,Yuba,115,75493,833,750,3,753,1
2020-08-23,Alameda,001,1643700,18130,16786,123,16909,231
2020-08-23,Alpine,003,1148,2,2,0,2,0
2020-08-23,Amador,005,37829,267,227,0,227,13
2020-08-23,Butte,007,227075,1890,1637,17,1654,23
2020-08-23,Calaveras,009,45235,218,187,0,187,1
2020-08-23,Colusa,011,21464,444,424,0,424,5
2020-08-23,Contra Costa,013,1133247,13945,12642,46,12688,153
2020-08-23,Del Norte,015,27424,113,80,0,80,1
2020-08-23,El Dorado,017,186661,983,901,0,901,2
2020-08-23,Fresno,019,978130,26917,23414,289,23703,235
2020-08-23,Glenn,021,27897,437,421,0,421,2
2020-08-23,Humboldt,023,135768,375,341,1,342,4
2020-08-23,Imperial,025,180216,11130,9243,12,9255,210
2020-08-23,Inyo,027,18085,168,144,3,147,2
2020-08-23,Kern,029,883053,29312,28028,205,28233,277
2020-08-23,Kings,031,150075,6084,5628,35,5663,60
2020-08-23,Lake,033,64148,325,299,0,299,2
2020-08-23,Lassen,035,31185,720,693,2,695,0
2020-08-23,Los Angeles,037,10098052,236691,231833,1086,232919,5549
2020-08-23,Madera,039,155013,3807,3401,24,3425,32
2020-08-23,Marin,041,260295,6036,5807,14,5821,50
2020-08-23,Mariposa,043,17540,71,66,0,66,2
2020-08-23,Mendocino,045,87422,600,550,0,550,10
2020-08-23,Merced,047,269075,7800,7574,9,7583,69
2020-08-23,Modoc,049,8938,7,5,0,5,0
2020-08-23,Mono,051,14174,163,129,2,131,1
2020-08-23,Monterey,053,433212,7744,7173,21,7194,50
2020-08-23,Napa,055,140530,1435,1348,5,1353,10
2020-08-23,Nevada,057,99092,440,421,13,434,2
2020-08-23,Orange,059,3164182,49330,45267,1108,46375,887
2020-08-23,Placer,061,380077,2957,2772,7,2779,31
2020-08-23,Plumas,063,18699,39,37,0,37,0
2020-08-23,Riverside,065,2383286,52506,50293,54,50347,955
2020-08-23,Sacramento,067,1510023,17654,16084,15,16099,243
2020-08-23,San Benito,069,59416,1049,938,0,938,3
2020-08-23,San Bernardino,071,2135413,48062,45010,284,45294,719
2020-08-23,San Diego,073,3302833,38201,36542,320,36862,660
2020-08-23,San Francisco,075,870044,9302,8564,9,8573,80
2020-08-23,San Joaquin,077,732212,18022,16069,32,16101,305
2020-08-23,San Luis Obispo,079,281455,2967,2679,16,2695,20
2020-08-23,San Mateo,081,765935,8231,7450,8,7458,120
2020-08-23,Santa Barbara,083,443738,8145,7725,69,7794,90
2020-08-23,Santa Clara,085,1922200,17659,15912,34,15946,191
2020-08-23,Santa Cruz,087,273765,1795,1627,16,1643,6
2020-08-23,Shasta,089,179085,600,501,3,504,9
2020-08-23,Sierra,091,2930,6,6,0,6,0
2020-08-23,Siskiyou,093,43540,123,107,8,115,0
2020-08-23,Solano,095,438530,5313,4977,34,5011,32
2020-08-23,Sonoma,097,501317,5586,5018,18,5036,56
2020-08-23,Stanislaus,099,539301,14761,13483,285,13768,171
2020-08-23,Sutter,101,95872,1311,1203,1,1204,9
2020-08-23,Tehama,103,63373,406,381,2,383,1
2020-08-23,Trinity,105,12862,44,10,6,16,0
2020-08-23,Tulare,107,460477,14200,13303,53,13356,223
2020-08-23,Tuolumne,109,53932,194,164,3,167,1
2020-08-23,Ventura,111,848112,11000,10126,74,10200,99
2020-08-23,Yolo,113,214977,2383,2210,4,2214,47
2020-08-23,Yuba,115,75493,812,750,3,753,1
2020-08-22,Alameda,001,1643700,18036,16648,122,16770,231
2020-08-22,Alpine,003,1148,2,2,0,2,0
2020-08-22,Amador,005,37829,266,224,0,224,13
2020-08-22,Butte,007,227075,1839,1618,17,1635,22
2020-08-22,Calaveras,009,45235,215,187,0,187,1
2020-08-22,Colusa,011,21464,440,419,0,419,5
2020-08-22,Contra Costa,013,1133247,13858,12522,46,12568,153
2020-08-22,Del Norte,015,27424,112,80,0,80,1
2020-08-22,El Dorado,017,186661,981,900,0,900,2
2020-08-22,Fresno,019,978130,26820,23197,288,23485,235
2020-08-22,Glenn,021,27897,436,421,0,421,2
2020-08-22,Humboldt,023,135768,365,334,1,335,4
2020-08-22,Imperial,025,180216,11122,9244,12,9256,210
2020-08-22,Inyo,027,18085,168,144,3,147,1
2020-08-22,Kern,029,883053,29258,27807,205,28012,277
2020-08-22,Kings,031,150075,6075,5447,35,5482,60
2020-08-22,Lake,033,64148,323,291,0,291,2
2020-08-22,Lassen,035,31185,720,693,2,695,0
2020-08-22,Los Angeles,037,10098052,236034,230858,1068,231926,5540
2020-08-22,Madera,039,155013,3788,3330,24,3354,32
2020-08-22,Marin,041,260295,6024,5789,14,5803,49
2020-08-22,Mariposa,043,17540,71,66,0,66,2
2020-08-22,Mendocino,045,87422,597,529,0,529,10
2020-08-22,Merced,047,269075,7772,7493,9,7502,69
2020-08-22,Modoc,049,8938,7,5,0,5,0
2020-08-22,Mono,051,14174,163,129,2,131,1
2020-08-22,Monterey,053,433212,7696,7081,21,7102,50
2020-08-22,Napa,055,140530,1430,1328,5,1333,11
2020-08-22,Nevada,057,99092,440,411,13,424,2
2020-08-22,Orange,059,3164182,49189,45131,1102,46233,885
2020-08-22,Placer,061,380077,2943,2734,7,2741,30
2020-08-22,Plumas,063,18699,39,37,0,37,0
2020-08-22,Riverside,065,2383286,52358,49944,53,49997,953
2020-08-22,Sacramento,067,1510023,17542,15516,15,15531,239
2020-08-22,San Benito,069,59416,1033,912,0,912,3
2020-08-22,San Bernardino,071,2135413,47933,44803,280,45083,719
2020-08-22,San Diego,073,3302833,38019,36205,309,36514,673
2020-08-22,San Francisco,075,870044,9242,8568,9,8577,80
2020-08-22,San Joaquin,077,732212,17966,16068,32,16100,305
2020-08-22,San Luis Obispo,079,281455,2941,2660,16,2676,20
2020-08-22,San Mateo,081,765935,8184,7361,8,7369,120
2020-08-22,Santa Barbara,083,443738,8119,7685,69,7754,90
2020-08-22,Santa Clara,085,1922200,17551,15590,34,15624,190
2020-08-22,Santa Cruz,087,273765,1779,1628,15,1643,6
2020-08-22,Shasta,089,179085,598,493,3,496,9
2020-08-22,Sierra,091,2930,6,6,0,6,0
2020-08-22,Siskiyou,093,43540,123,106,8,114,0
2020-08-22,Solano,095,438530,5283,4944,33,4977,32
2020-08-22,Sonoma,097,501317,5540,4891,18,4909,57
2020-08-22,Stanislaus,099,539301,14711,13380,268,13648,170
2020-08-22,Sutter,101,95872,1304,1189,1,1190,8
2020-08-22,Tehama,103,63373,405,368,2,370,1
2020-08-22,Trinity,105,12862,44,8,6,14,0
2020-08-22,Tulare,107,460477,14133,13196,53,13249,222
2020-08-22,Tuolumne,109,53932,192,162,3,165,1
2020-08-22,Ventura,111,848112,10945,9959,72,10031,99
2020-08-22,Yolo,113,214977,2367,2188,4,2192,47
2020-08-22,Yuba,115,75493,800,738,3,741,1
2020-08-21,Alameda,001,1643700,17944,16413,122,16535,232
2020-08-21,Alpine,003,1148,2,2,0,2,0
2020-08-21,Amador,005,37829,265,223,0,223,11
2020-08-21,Butte,007,227075,1800,1582,17,1599,19
2020-08-21,Calaveras,009,45235,215,182,0,182,1
2020-08-21,Colusa,011,21464,438,418,0,418,5
2020-08-21,Contra Costa,013,1133247,13769,12333,45,12378,149
2020-08-21,Del Norte,015,27424,112,78,0,78,1
2020-08-21,El Dorado,017,186661,977,885,0,885,2
2020-08-21,Fresno,019,978130,26650,22840,287,23127,232
2020-08-21,Glenn,021,27897,432,418,0,418,2
2020-08-21,Humboldt,023,135768,362,331,1,332,4
2020-08-21,Imperial,025,180216,11106,9166,11,9177,204
2020-08-21,Inyo,027,18085,168,144,3,147,1
2020-08-21,Kern,029,883053,29199,27567,203,27770,269
2020-08-21,Kings,031,150075,6053,5391,35,5426,60
2020-08-21,Lake,033,64148,321,281,0,281,2
2020-08-21,Lassen,035,31185,720,693,2,695,0
2020-08-21,Los Angeles,037,10098052,235161,229235,1048,230283,5494
2020-08-21,Madera,039,155013,3758,3271,24,3295,31
2020-08-21,Marin,041,260295,6004,5762,14,5776,49
2020-08-21,Mariposa,043,17540,71,66,0,66,2
2020-08-21,Mendocino,045,87422,587,505,0,505,10
2020-08-21,Merced,047,269075,7743,7357,9,7366,69
2020-08-21,Modoc,049,8938,7,5,0,5,0
2020-08-21,Mono,051,14174,163,128,2,130,1
2020-08-21,Monterey,053,433212,7624,6974,21,6995,49
2020-08-21,Napa,055,140530,1421,1317,5,1322,10
2020-08-21,Nevada,057,99092,439,406,13,419,2
2020-08-21,Orange,059,3164182,49048,44625,1093,45718,875
2020-08-21,Placer,061,380077,2927,2698,6,2704,30
2020-08-21,Plumas,063,18699,39,36,0,36,0
2020-08-21,Riverside,065,2383286,52163,49409,53,49462,932
2020-08-21,Sacramento,067,1510023,17419,15247,15,15262,237
2020-08-21,San Benito,069,59416,1023,891,0,891,3
2020-08-21,San Bernardino,071,2135413,47813,44249,276,44525,668
2020-08-21,San Diego,073,3302833,37815,35914,292,36206,652
2020-08-21,San Francisco,075,870044,9192,8375,9,8384,80
2020-08-21,San Joaquin,077,732212,17883,15888,30,15918,301
2020-08-21,San Luis Obispo,079,281455,2918,2640,16,2656,19
2020-08-21,San Mateo,081,765935,8126,7253,8,7261,120
2020-08-21,Santa Barbara,083,443738,8078,7645,69,7714,86
2020-08-21,Santa Clara,085,1922200,17399,15399,34,15433,190
2020-08-21,Santa Cruz,087,273765,1767,1617,15,1632,6
2020-08-21,Shasta,089,179085,598,486,3,489,9
2020-08-21,Sierra,091,2930,6,6,0,6,0
2020-08-21,Siskiyou,093,43540,123,103,6,109,0
2020-08-21,Solano,095,438530,5260,4891,32,4923,32
2020-08-21,Sonoma,097,501317,5470,4816,18,4834,57
2020-08-21,Stanislaus,099,539301,14642,13282,253,13535,161
2020-08-21,Sutter,101,95872,1291,1173,1,1174,8
2020-08-21,Tehama,103,63373,403,357,2,359,1
2020-08-21,Trinity,105,12862,44,8,6,14,0
2020-08-21,Tulare,107,460477,14061,13002,52,13054,217
2020-08-21,Tuolumne,109,53932,184,161,3,164,1
2020-08-21,Ventura,111,848112,10880,9865,70,9935,98
2020-08-21,Yolo,113,214977,2351,2164,4,2168,46
2020-08-21,Yuba,115,75493,796,717,3,720,1
2020-08-20,Alameda,001,1643700,17785,16174,122,16296,229
2020-08-20,Alpine,003,1148,2,2,0,2,0
2020-08-20,Amador,005,37829,263,222,0,222,11
2020-08-20,Butte,007,227075,1749,1549,17,1566,18
2020-08-20,Calaveras,009,45235,212,179,0,179,1
2020-08-20,Colusa,011,21464,436,415,0,415,5
2020-08-20,Contra Costa,013,1133247,13641,12108,44,12152,144
2020-08-20,Del Norte,015,27424,112,78,0,78,1
2020-08-20,El Dorado,017,186661,973,881,0,881,2
2020-08-20,Fresno,019,978130,26468,22535,282,22817,228
2020-08-20,Glenn,021,27897,427,414,0,414,2
2020-08-20,Humboldt,023,135768,357,318,1,319,4
2020-08-20,Imperial,025,180216,11087,9086,11,9097,196
2020-08-20,Inyo,027,18085,167,144,3,147,1
2020-08-20,Kern,029,883053,29031,27337,192,27529,267
2020-08-20,Kings,031,150075,6013,5347,34,5381,59
2020-08-20,Lake,033,64148,316,280,0,280,2
2020-08-20,Lassen,035,31185,719,693,2,695,0
2020-08-20,Los Angeles,037,10098052,233938,227492,1029,228521,5445
2020-08-20,Madera,039,155013,3732,3197,24,3221,31
2020-08-20,Marin,041,260295,5986,5745,14,5759,47
2020-08-20,Mariposa,043,17540,71,67,0,67,2
2020-08-20,Mendocino,045,87422,576,497,0,497,10
2020-08-20,Merced,047,269075,7668,7173,9,7182,68
2020-08-20,Modoc,049,8938,7,5,0,5,0
2020-08-20,Mono,051,14174,163,128,2,130,1
2020-08-20,Monterey,053,433212,7553,6892,21,6913,47
2020-08-20,Napa,055,140530,1413,1306,5,1311,10
2020-08-20,Nevada,057,99092,438,401,13,414,2
2020-08-20,Orange,059,3164182,48821,44299,1082,45381,849
2020-08-20,Placer,061,380077,2911,2681,6,2687,30
2020-08-20,Plumas,063,18699,39,36,0,36,0
2020-08-20,Riverside,065,2383286,51944,48953,52,49005,927
2020-08-20,Sacramento,067,1510023,17177,14992,15,15007,231
2020-08-20,San Benito,069,59416,1010,866,0,866,3
2020-08-20,San Bernardino,071,2135413,47557,43627,272,43899,665
2020-08-20,San Diego,073,3302833,37595,35610,274,35884,644
2020-08-20,San Francisco,075,870044,9106,8262,9,8271,72
2020-08-20,San Joaquin,077,732212,17790,15778,30,15808,297
2020-08-20,San Luis Obispo,079,281455,2898,2590,16,2606,19
2020-08-20,San Mateo,081,765935,8060,7188,8,7196,120
2020-08-20,Santa Barbara,083,443738,8040,7571,69,7640,81
2020-08-20,Santa Clara,085,1922200,17227,15162,34,15196,190
2020-08-20,Santa Cruz,087,273765,1754,1581,15,1596,6
2020-08-20,Shasta,089,179085,597,478,3,481,9
2020-08-20,Sierra,091,2930,6,6,0,6,0
2020-08-20,Siskiyou,093,43540,122,102,1,103,0
2020-08-20,Solano,095,438530,5216,4843,32,4875,31
2020-08-20,Sonoma,097,501317,5398,4737,18,4755,54
2020-08-20,Stanislaus,099,539301,14546,13120,244,13364,161
2020-08-20,Sutter,101,95872,1267,1158,1,1159,8
2020-08-20,Tehama,103,63373,397,350,2,352,1
2020-08-20,Trinity,105,12862,44,8,6,14,0
2020-08-20,Tulare,107,460477,13953,12907,51,12958,217
2020-08-20,Tuolumne,109,53932,180,159,3,162,1
2020-08-20,Ventura,111,848112,10767,9744,69,9813,93
2020-08-20,Yolo,113,214977,2329,2150,4,2154,47
2020-08-20,Yuba,115,75493,779,709,3,712,1
2020-08-19,Alameda,001,1643700,17626,15874,121,15995,226
2020-08-19,Alpine,003,1148,2,2,0,2,0
2020-08-19,Amador,005,37829,262,219,0,219,9
2020-08-19,Butte,007,227075,1706,1517,17,1534,16
2020-08-19,Calaveras,009,45235,209,177,0,177,1
2020-08-19,Colusa,011,21464,435,415,0,415,5
2020-08-19,Contra Costa,013,1133247,13529,11895,42,11937,142
2020-08-19,Del Norte,015,27424,112,78,0,78,1
2020-08-19,El Dorado,017,186661,967,870,0,870,2
2020-08-19,Fresno,019,978130,26279,22167,273,22440,221
2020-08-19,Glenn,021,27897,425,414,0,414,2
2020-08-19,Humboldt,023,135768,354,316,1,317,4
2020-08-19,Imperial,025,180216,11059,9041,10,9051,192
2020-08-19,Inyo,027,18085,165,140,3,143,1
2020-08-19,Kern,029,883053,28914,27142,188,27330,263
2020-08-19,Kings,031,150075,5840,5301,32,5333,59
2020-08-19,Lake,033,64148,313,277,0,277,2
2020-08-19,Lassen,035,31185,711,693,2,695,0
2020-08-19,Los Angeles,037,10098052,232666,226006,989,226995,5399
2020-08-19,Madera,039,155013,3698,3158,22,3180,30
2020-08-19,Marin,041,260295,5962,5723,13,5736,46
2020-08-19,Mariposa,043,17540,71,64,0,64,2
2020-08-19,Mendocino,045,87422,560,495,0,495,8
2020-08-19,Merced,047,269075,7541,7082,6,7088,66
2020-08-19,Modoc,049,8938,7,5,0,5,0
2020-08-19,Mono,051,14174,163,128,2,130,1
2020-08-19,Monterey,053,433212,7451,6693,21,6714,45
2020-08-19,Napa,055,140530,1408,1293,5,1298,10
2020-08-19,Nevada,057,99092,431,398,13,411,2
2020-08-19,Orange,059,3164182,48616,43938,1079,45017,829
2020-08-19,Placer,061,380077,2889,2659,6,2665,28
2020-08-19,Plumas,063,18699,39,36,0,36,0
2020-08-19,Riverside,065,2383286,51695,48741,52,48793,922
2020-08-19,Sacramento,067,1510023,16996,14764,15,14779,229
2020-08-19,San Benito,069,59416,993,853,0,853,3
2020-08-19,San Bernardino,071,2135413,47258,43224,266,43490,661
2020-08-19,San Diego,073,3302833,37346,35378,259,35637,638
2020-08-19,San Francisco,075,870044,9041,8236,9,8245,72
2020-08-19,San Joaquin,077,732212,17664,15677,29,15706,296
2020-08-19,San Luis Obispo,079,281455,2858,2553,16,2569,19
2020-08-19,San Mateo,081,765935,7992,7146,8,7154,119
2020-08-19,Santa Barbara,083,443738,7991,7499,69,7568,80
2020-08-19,Santa Clara,085,1922200,17081,14994,34,15028,189
2020-08-19,Santa Cruz,087,273765,1728,1554,15,1569,6
2020-08-19,Shasta,089,179085,593,475,3,478,9
2020-08-19,Sierra,091,2930,6,6,0,6,0
2020-08-19,Siskiyou,093,43540,121,103,1,104,0
2020-08-19,Solano,095,438530,5175,4807,32,4839,31
2020-08-19,Sonoma,097,501317,5319,4614,18,4632,54
2020-08-19,Stanislaus,099,539301,14443,13084,222,13306,160
2020-08-19,Sutter,101,95872,1233,1146,1,1147,8
2020-08-19,Tehama,103,63373,391,342,2,344,1
2020-08-19,Trinity,105,12862,43,8,6,14,0
2020-08-19,Tulare,107,460477,13855,12756,51,12807,217
2020-08-19,Tuolumne,109,53932,177,159,3,162,1
2020-08-19,Ventura,111,848112,10675,9587,67,9654,91
2020-08-19,Yolo,113,214977,2306,2126,4,2130,47
2020-08-19,Yuba,115,75493,767,701,3,704,1
2020-08-18,Alameda,001,1643700,17449,15627,119,15746,223
2020-08-18,Alpine,003,1148,2,2,0,2,0
2020-08-18,Amador,005,37829,261,215,0,215,9
2020-08-18,Butte,007,227075,1673,1491,17,1508,16
2020-08-18,Calaveras,009,45235,205,174,0,174,1
2020-08-18,Colusa,011,21464,434,415,0,415,5
2020-08-18,Contra Costa,013,1133247,13409,11689,40,11729,141
2020-08-18,Del Norte,015,27424,111,78,0,78,0
2020-08-18,El Dorado,017,186661,962,866,0,866,2
2020-08-18,Fresno,019,978130,26058,21798,267,22065,212
2020-08-18,Glenn,021,27897,425,407,0,407,2
2020-08-18,Humboldt,023,135768,352,315,1,316,4
2020-08-18,Imperial,025,180216,11025,8968,10,8978,189
2020-08-18,Inyo,027,18085,164,140,3,143,1
2020-08-18,Kern,029,883053,28761,26978,184,27162,263
2020-08-18,Kings,031,150075,5805,5269,31,5300,58
2020-08-18,Lake,033,64148,310,274,0,274,2
2020-08-18,Lassen,035,31185,711,693,2,695,0
2020-08-18,Los Angeles,037,10098052,231407,224218,952,225170,5339
2020-08-18,Madera,039,155013,3670,3125,22,3147,28
2020-08-18,Marin,041,260295,5932,5708,13,5721,47
2020-08-18,Mariposa,043,17540,71,61,0,61,2
2020-08-18,Mendocino,045,87422,551,468,0,468,8
2020-08-18,Merced,047,269075,7493,6940,6,6946,66
2020-08-18,Modoc,049,8938,7,5,0,5,0
2020-08-18,Mono,051,14174,162,129,2,131,1
2020-08-18,Monterey,053,433212,7359,6691,20,6711,44
2020-08-18,Napa,055,140530,1405,1274,5,1279,10
2020-08-18,Nevada,057,99092,424,389,13,402,2
2020-08-18,Orange,059,3164182,48391,43659,1064,44723,809
2020-08-18,Placer,061,380077,2863,2644,5,2649,28
2020-08-18,Plumas,063,18699,39,34,0,34,0
2020-08-18,Riverside,065,2383286,51364,48447,52,48499,917
2020-08-18,Sacramento,067,1510023,16767,14610,14,14624,222
2020-08-18,San Benito,069,59416,973,836,0,836,3
2020-08-18,San Bernardino,071,2135413,46976,42827,260,43087,648
2020-08-18,San Diego,073,3302833,37053,35164,227,35391,633
2020-08-18,San Francisco,075,870044,8955,8016,9,8025,72
2020-08-18,San Joaquin,077,732212,17548,15509,28,15537,290
2020-08-18,San Luis Obispo,079,281455,2833,2535,15,2550,18
2020-08-18,San Mateo,081,765935,7930,7074,8,7082,119
2020-08-18,Santa Barbara,083,443738,7949,7472,69,7541,81
2020-08-18,Santa Clara,085,1922200,16908,14786,33,14819,184
2020-08-18,Santa Cruz,087,273765,1715,1509,15,1524,6
2020-08-18,Shasta,089,179085,589,468,3,471,9
2020-08-18,Sierra,091,2930,6,6,0,6,0
2020-08-18,Siskiyou,093,43540,120,103,1,104,0
2020-08-18,Solano,095,438530,5148,4700,32,4732,31
2020-08-18,Sonoma,097,501317,5250,4506,18,4524,48
2020-08-18,Stanislaus,099,539301,14345,12935,206,13141,149
2020-08-18,Sutter,101,95872,1214,1126,1,1127,8
2020-08-18,Tehama,103,63373,381,333,2,335,1
2020-08-18,Trinity,105,12862,41,8,6,14,0
2020-08-18,Tulare,107,460477,13724,12637,48,12685,212
2020-08-18,Tuolumne,109,53932,174,159,3,162,1
2020-08-18,Ventura,111,848112,10585,9536,62,9598,89
2020-08-18,Yolo,113,214977,2283,2102,4,2106,47
2020-08-18,Yuba,115,75493,759,679,3,682,1
2020-08-17,Alameda,001,1643700,17255,15454,118,15572,221
2020-08-17,Alpine,003,1148,2,2,0,2,0
2020-08-17,Amador,005,37829,261,215,0,215,9
2020-08-17,Butte,007,227075,1628,1463,17,1480,15
2020-08-17,Calaveras,009,45235,201,167,0,167,1
2020-08-17,Colusa,011,21464,431,408,0,408,5
2020-08-17,Contra Costa,013,1133247,13272,11442,40,11482,141
2020-08-17,Del Norte,015,27424,107,77,0,77,0
2020-08-17,El Dorado,017,186661,959,846,0,846,2
2020-08-17,Fresno,019,978130,25850,21316,260,21576,211
2020-08-17,Glenn,021,27897,424,402,0,402,2
2020-08-17,Humboldt,023,135768,348,302,1,303,4
2020-08-17,Imperial,025,180216,10984,8897,10,8907,188
2020-08-17,Inyo,027,18085,156,124,3,127,1
2020-08-17,Kern,029,883053,28614,26773,173,26946,249
2020-08-17,Kings,031,150075,5767,5249,31,5280,58
2020-08-17,Lake,033,64148,305,270,0,270,2
2020-08-17,Lassen,035,31185,711,666,2,668,0
2020-08-17,Los Angeles,037,10098052,229895,223418,904,224322,5282
2020-08-17,Madera,039,155013,3627,3050,21,3071,26
2020-08-17,Marin,041,260295,5909,5683,12,5695,46
2020-08-17,Mariposa,043,17540,71,61,0,61,2
2020-08-17,Mendocino,045,87422,533,454,0,454,8
2020-08-17,Merced,047,269075,7398,6814,6,6820,66
2020-08-17,Modoc,049,8938,7,5,0,5,0
2020-08-17,Mono,051,14174,162,126,2,128,1
2020-08-17,Monterey,053,433212,7259,6553,20,6573,44
2020-08-17,Napa,055,140530,1384,1255,5,1260,10
2020-08-17,Nevada,057,99092,419,383,13,396,2
2020-08-17,Orange,059,3164182,48181,43621,1051,44672,804
2020-08-17,Placer,061,380077,2838,2609,5,2614,28
2020-08-17,Plumas,063,18699,39,33,0,33,0
2020-08-17,Riverside,065,2383286,51032,48062,50,48112,916
2020-08-17,Sacramento,067,1510023,16547,14333,14,14347,219
2020-08-17,San Benito,069,59416,958,822,0,822,2
2020-08-17,San Bernardino,071,2135413,46631,42005,252,42257,604
2020-08-17,San Diego,073,3302833,36787,34962,213,35175,626
2020-08-17,San Francisco,075,870044,8884,7600,9,7609,72
2020-08-17,San Joaquin,077,732212,17385,15323,27,15350,280
2020-08-17,San Luis Obispo,079,281455,2800,2527,15,2542,18
2020-08-17,San Mateo,081,765935,7873,6987,7,6994,118
2020-08-17,Santa Barbara,083,443738,7907,7438,69,7507,80
2020-08-17,Santa Clara,085,1922200,16687,14546,33,14579,183
2020-08-17,Santa Cruz,087,273765,1699,1453,14,1467,6
2020-08-17,Shasta,089,179085,583,467,3,470,9
2020-08-17,Sierra,091,2930,6,6,0,6,0
2020-08-17,Siskiyou,093,43540,119,103,0,103,0
2020-08-17,Solano,095,438530,5091,4479,32,4511,31
2020-08-17,Sonoma,097,501317,5161,4402,16,4418,48
2020-08-17,Stanislaus,099,539301,14220,12745,199,12944,148
2020-08-17,Sutter,101,95872,1198,1071,1,1072,8
2020-08-17,Tehama,103,63373,372,324,2,326,1
2020-08-17,Trinity,105,12862,41,8,6,14,0
2020-08-17,Tulare,107,460477,13611,12487,47,12534,210
2020-08-17,Tuolumne,109,53932,171,157,3,160,1
2020-08-17,Ventura,111,848112,10462,9490,57,9547,89
2020-08-17,Yolo,113,214977,2256,2083,4,2087,47
2020-08-17,Yuba,115,75493,744,647,3,650,1
2020-08-16,Alameda,001,1643700,16964,15338,118,15456,221
2020-08-16,Alpine,003,1148,2,2,0,2,0
2020-08-16,Amador,005,37829,258,215,0,215,9
2020-08-16,Butte,007,227075,1590,1432,17,1449,15
2020-08-16,Calaveras,009,45235,194,167,0,167,1
2020-08-16,Colusa,011,21464,429,407,0,407,5
2020-08-16,Contra Costa,013,1133247,13086,11255,40,11295,140
2020-08-16,Del Norte,015,27424,103,77,0,77,0
2020-08-16,El Dorado,017,186661,947,843,0,843,2
2020-08-16,Fresno,019,978130,25629,21010,255,21265,211
2020-08-16,Glenn,021,27897,422,400,0,400,2
2020-08-16,Humboldt,023,135768,346,301,1,302,4
2020-08-16,Imperial,025,180216,10940,8883,10,8893,188
2020-08-16,Inyo,027,18085,149,125,2,127,1
2020-08-16,Kern,029,883053,28413,26520,165,26685,249
2020-08-16,Kings,031,150075,5736,5146,31,5177,58
2020-08-16,Lake,033,64148,301,269,0,269,2
2020-08-16,Lassen,035,31185,711,666,2,668,0
2020-08-16,Los Angeles,037,10098052,228331,222236,874,223110,5263
2020-08-16,Madera,039,155013,3582,3013,21,3034,26
2020-08-16,Marin,041,260295,5883,5664,12,5676,46
2020-08-16,Mariposa,043,17540,71,61,0,61,2
2020-08-16,Mendocino,045,87422,525,451,0,451,8
2020-08-16,Merced,047,269075,7316,6744,6,6750,66
2020-08-16,Modoc,049,8938,7,5,0,5,0
2020-08-16,Mono,051,14174,162,126,2,128,1
2020-08-16,Monterey,053,433212,7161,6516,19,6535,44
2020-08-16,Napa,055,140530,1366,1241,3,1244,10
2020-08-16,Nevada,057,99092,409,379,13,392,2
2020-08-16,Orange,059,3164182,47932,43303,1040,44343,803
2020-08-16,Placer,061,380077,2810,2583,4,2587,28
2020-08-16,Plumas,063,18699,39,33,0,33,0
2020-08-16,Riverside,065,2383286,50701,47669,49,47718,910
2020-08-16,Sacramento,067,1510023,16307,14210,14,14224,219
2020-08-16,San Benito,069,59416,929,815,0,815,2
2020-08-16,San Bernardino,071,2135413,46207,41724,244,41968,603
2020-08-16,San Diego,073,3302833,36523,34680,198,34878,626
2020-08-16,San Francisco,075,870044,8796,7602,9,7611,72
2020-08-16,San Joaquin,077,732212,17182,15288,27,15315,280
2020-08-16,San Luis Obispo,079,281455,2771,2494,15,2509,17
2020-08-16,San Mateo,081,765935,7798,6942,7,6949,118
2020-08-16,Santa Barbara,083,443738,7858,7368,69,7437,79
2020-08-16,Santa Clara,085,1922200,16489,14329,33,14362,183
2020-08-16,Santa Cruz,087,273765,1672,1449,13,1462,6
2020-08-16,Shasta,089,179085,576,465,3,468,9
2020-08-16,Sierra,091,2930,6,6,0,6,0
2020-08-16,Siskiyou,093,43540,118,102,0,102,0
2020-08-16,Solano,095,438530,5031,4479,32,4511,31
2020-08-16,Sonoma,097,501317,5057,4329,16,4345,46
2020-08-16,Stanislaus,099,539301,14062,12668,189,12857,148
2020-08-16,Sutter,101,95872,1180,1071,1,1072,8
2020-08-16,Tehama,103,63373,362,318,2,320,1
2020-08-16,Trinity,105,12862,38,8,6,14,0
2020-08-16,Tulare,107,460477,13479,12334,44,12378,211
2020-08-16,Tuolumne,109,53932,171,156,3,159,1
2020-08-16,Ventura,111,848112,10353,9408,52,9460,89
2020-08-16,Yolo,113,214977,2237,2057,4,2061,47
2020-08-16,Yuba,115,75493,735,647,2,649,1
2020-08-15,Alameda,001,1643700,16887,15165,118,15283,221
2020-08-15,Alpine,003,1148,2,2,0,2,0
2020-08-15,Amador,005,37829,258,210,0,210,9
2020-08-15,Butte,007,227075,1568,1409,17,1426,15
2020-08-15,Calaveras,009,45235,192,167,0,167,1
2020-08-15,Colusa,011,21464,428,401,0,401,5
2020-08-15,Contra Costa,013,1133247,12990,11106,40,11146,138
2020-08-15,Del Norte,015,27424,103,77,0,77,0
2020-08-15,El Dorado,017,186661,942,838,0,838,2
2020-08-15,Fresno,019,978130,25513,20603,253,20856,211
2020-08-15,Glenn,021,27897,422,398,0,398,2
2020-08-15,Humboldt,023,135768,345,301,1,302,4
2020-08-15,Imperial,025,180216,10920,8794,10,8804,188
2020-08-15,Inyo,027,18085,149,123,2,125,1
2020-08-15,Kern,029,883053,28325,26338,165,26503,249
2020-08-15,Kings,031,150075,5718,5039,31,5070,56
2020-08-15,Lake,033,64148,299,268,0,268,2
2020-08-15,Lassen,035,31185,711,666,2,668,0
2020-08-15,Los Angeles,037,10098052,227579,221043,865,221908,5252
2020-08-15,Madera,039,155013,3532,2950,21,2971,26
2020-08-15,Marin,041,260295,5876,5628,12,5640,46
2020-08-15,Mariposa,043,17540,71,61,0,61,2
2020-08-15,Mendocino,045,87422,521,444,0,444,8
2020-08-15,Merced,047,269075,7282,6656,6,6662,66
2020-08-15,Modoc,049,8938,7,5,0,5,0
2020-08-15,Mono,051,14174,162,126,2,128,1
2020-08-15,Monterey,053,433212,7116,6162,19,6181,44
2020-08-15,Napa,055,140530,1356,1232,3,1235,10
2020-08-15,Nevada,057,99092,409,376,13,389,2
2020-08-15,Orange,059,3164182,47819,42811,1029,43840,801
2020-08-15,Placer,061,380077,2789,2551,4,2555,27
2020-08-15,Plumas,063,18699,39,33,0,33,0
2020-08-15,Riverside,065,2383286,50550,46720,49,46769,910
2020-08-15,Sacramento,067,1510023,16197,14018,14,14032,219
2020-08-15,San Benito,069,59416,916,805,0,805,2
2020-08-15,San Bernardino,071,2135413,46055,41231,242,41473,602
2020-08-15,San Diego,073,3302833,36357,34346,184,34530,639
2020-08-15,San Francisco,075,870044,8732,7601,9,7610,69
2020-08-15,San Joaquin,077,732212,17109,15113,27,15140,280
2020-08-15,San Luis Obispo,079,281455,2754,2461,15,2476,17
2020-08-15,San Mateo,081,765935,7761,6860,7,6867,118
2020-08-15,Santa Barbara,083,443738,7830,7338,69,7407,79
2020-08-15,Santa Clara,085,1922200,16393,14105,33,14138,183
2020-08-15,Santa Cruz,087,273765,1651,1449,13,1462,6
2020-08-15,Shasta,089,179085,573,458,3,461,9
2020-08-15,Sierra,091,2930,6,6,0,6,0
2020-08-15,Siskiyou,093,43540,117,100,0,100,0
2020-08-15,Solano,095,438530,5009,4477,32,4509,31
2020-08-15,Sonoma,097,501317,5002,4134,16,4150,45
2020-08-15,Stanislaus,099,539301,13998,12541,188,12729,149
2020-08-15,Sutter,101,95872,1169,1046,1,1047,8
2020-08-15,Tehama,103,63373,361,312,2,314,1
2020-08-15,Trinity,105,12862,36,6,6,12,0
2020-08-15,Tulare,107,460477,13441,12262,44,12306,211
2020-08-15,Tuolumne,109,53932,171,155,3,158,1
2020-08-15,Ventura,111,848112,10294,9379,50,9429,89
2020-08-15,Yolo,113,214977,2225,2031,4,2035,46
2020-08-15,Yuba,115,75493,731,623,2,625,1
2020-08-14,Alameda,001,1643700,16748,14909,118,15027,221
2020-08-14,Alpine,003,1148,2,2,0,2,0
2020-08-14,Amador,005,37829,258,209,0,209,9
2020-08-14,Butte,007,227075,1559,1384,17,1401,15
2020-08-14,Calaveras,009,45235,188,165,0,165,1
2020-08-14,Colusa,011,21464,426,399,0,399,5
2020-08-14,Contra Costa,013,1133247,12878,10893,40,10933,137
2020-08-14,Del Norte,015,27424,103,76,0,76,0
2020-08-14,El Dorado,017,186661,934,827,0,827,2
2020-08-14,Fresno,019,978130,25379,19900,253,20153,208
2020-08-14,Glenn,021,27897,420,395,0,395,2
2020-08-14,Humboldt,023,135768,339,294,1,295,4
2020-08-14,Imperial,025,180216,10896,8756,10,8766,185
2020-08-14,Inyo,027,18085,148,115,2,117,1
2020-08-14,Kern,029,883053,28221,25893,164,26057,249
2020-08-14,Kings,031,150075,5704,4953,31,4984,56
2020-08-14,Lake,033,64148,290,267,0,267,2
2020-08-14,Lassen,035,31185,711,665,2,667,0
2020-08-14,Los Angeles,037,10098052,226412,219083,848,219931,5222
2020-08-14,Madera,039,155013,3502,2876,21,2897,26
2020-08-14,Marin,041,260295,5865,5601,12,5613,46
2020-08-14,Mariposa,043,17540,70,61,0,61,2
2020-08-14,Mendocino,045,87422,512,432,0,432,8
2020-08-14,Merced,047,269075,7252,6466,6,6472,67
2020-08-14,Modoc,049,8938,7,5,0,5,0
2020-08-14,Mono,051,14174,162,126,2,128,1
2020-08-14,Monterey,053,433212,7065,6121,19,6140,41
2020-08-14,Napa,055,140530,1346,1230,3,1233,10
2020-08-14,Nevada,057,99092,405,377,13,390,2
2020-08-14,Orange,059,3164182,47669,42399,1016,43415,798
2020-08-14,Placer,061,380077,2770,2546,4,2550,26
2020-08-14,Plumas,063,18699,38,33,0,33,0
2020-08-14,Riverside,065,2383286,50321,46456,49,46505,891
2020-08-14,Sacramento,067,1510023,16047,13645,14,13659,212
2020-08-14,San Benito,069,59416,899,783,0,783,2
2020-08-14,San Bernardino,071,2135413,45868,40442,239,40681,594
2020-08-14,San Diego,073,3302833,36163,34067,177,34244,622
2020-08-14,San Francisco,075,870044,8673,7467,9,7476,69
2020-08-14,San Joaquin,077,732212,17009,14925,27,14952,276
2020-08-14,San Luis Obispo,079,281455,2739,2422,15,2437,17
2020-08-14,San Mateo,081,765935,7702,6655,7,6662,118
2020-08-14,Santa Barbara,083,443738,7780,7302,69,7371,77
2020-08-14,Santa Clara,085,1922200,16227,13785,32,13817,183
2020-08-14,Santa Cruz,087,273765,1629,1418,12,1430,6
2020-08-14,Shasta,089,179085,568,446,3,449,9
2020-08-14,Sierra,091,2930,6,5,0,5,0
2020-08-14,Siskiyou,093,43540,117,98,0,98,0
2020-08-14,Solano,095,438530,4988,4421,32,4453,31
2020-08-14,Sonoma,097,501317,4943,4087,13,4100,45
2020-08-14,Stanislaus,099,539301,13921,12379,184,12563,140
2020-08-14,Sutter,101,95872,1161,1039,1,1040,8
2020-08-14,Tehama,103,63373,357,305,2,307,1
2020-08-14,Trinity,105,12862,36,6,6,12,0
2020-08-14,Tulare,107,460477,13364,12009,44,12053,211
2020-08-14,Tuolumne,109,53932,170,155,3,158,1
2020-08-14,Ventura,111,848112,10219,9313,50,9363,89
2020-08-14,Yolo,113,214977,2211,1991,4,1995,45
2020-08-14,Yuba,115,75493,715,606,2,608,1
2020-08-13,Alameda,001,1643700,16471,14385,118,14503,218
2020-08-13,Alpine,003,1148,2,2,0,2,0
2020-08-13,Amador,005,37829,258,198,0,198,8
2020-08-13,Butte,007,227075,1534,1345,17,1362,15
2020-08-13,Calaveras,009,45235,186,162,0,162,1
2020-08-13,Colusa,011,21464,426,395,0,395,5
2020-08-13,Contra Costa,013,1133247,12724,10545,39,10584,136
2020-08-13,Del Norte,015,27424,102,74,0,74,0
2020-08-13,El Dorado,017,186661,929,803,0,803,2
2020-08-13,Fresno,019,978130,25152,19157,247,19404,201
2020-08-13,Glenn,021,27897,416,392,0,392,1
2020-08-13,Humboldt,023,135768,331,281,1,282,4
2020-08-13,Imperial,025,180216,10865,8640,10,8650,170
2020-08-13,Inyo,027,18085,144,97,2,99,1
2020-08-13,Kern,029,883053,28054,25472,161,25633,242
2020-08-13,Kings,031,150075,5669,4824,31,4855,52
2020-08-13,Lake,033,64148,285,263,0,263,2
2020-08-13,Lassen,035,31185,711,652,2,654,0
2020-08-13,Los Angeles,037,10098052,225035,216497,827,217324,5179
2020-08-13,Madera,039,155013,3458,2675,20,2695,25
2020-08-13,Marin,041,260295,5849,5503,12,5515,44
2020-08-13,Mariposa,043,17540,69,61,0,61,2
2020-08-13,Mendocino,045,87422,507,401,0,401,8
2020-08-13,Merced,047,269075,7135,5945,6,5951,63
2020-08-13,Modoc,049,8938,7,5,0,5,0
2020-08-13,Mono,051,14174,162,124,2,126,1
2020-08-13,Monterey,053,433212,6982,5925,19,5944,38
2020-08-13,Napa,055,140530,1337,1179,3,1182,10
2020-08-13,Nevada,057,99092,401,362,13,375,1
2020-08-13,Orange,059,3164182,47430,42019,1004,43023,773
2020-08-13,Placer,061,380077,2747,2460,4,2464,26
2020-08-13,Plumas,063,18699,38,32,0,32,0
2020-08-13,Riverside,065,2383286,50025,45327,49,45376,885
2020-08-13,Sacramento,067,1510023,15845,13237,14,13251,197
2020-08-13,San Benito,069,59416,870,757,0,757,2
2020-08-13,San Bernardino,071,2135413,45473,39395,233,39628,591
2020-08-13,San Diego,073,3302833,35927,33661,159,33820,627
2020-08-13,San Francisco,075,870044,8579,7277,9,7286,69
2020-08-13,San Joaquin,077,732212,16854,14537,26,14563,261
2020-08-13,San Luis Obispo,079,281455,2716,2283,15,2298,16
2020-08-13,San Mateo,081,765935,7640,6503,7,6510,117
2020-08-13,Santa Barbara,083,443738,7735,7129,68,7197,74
2020-08-13,Santa Clara,085,1922200,16004,13257,32,13289,182
2020-08-13,Santa Cruz,087,273765,1604,1383,12,1395,6
2020-08-13,Shasta,089,179085,563,428,3,431,9
2020-08-13,Sierra,091,2930,6,5,0,5,0
2020-08-13,Siskiyou,093,43540,117,95,0,95,0
2020-08-13,Solano,095,438530,4951,4305,32,4337,31
2020-08-13,Sonoma,097,501317,4869,3902,13,3915,45
2020-08-13,Stanislaus,099,539301,13791,11953,168,12121,136
2020-08-13,Sutter,101,95872,1139,992,1,993,8
2020-08-13,Tehama,103,63373,348,302,2,304,1
2020-08-13,Trinity,105,12862,35,6,6,12,0
2020-08-13,Tulare,107,460477,13220,11692,41,11733,210
2020-08-13,Tuolumne,109,53932,169,152,3,155,1
2020-08-13,Ventura,111,848112,10130,9114,50,9164,90
2020-08-13,Yolo,113,214977,2184,1938,4,1942,44
2020-08-13,Yuba,115,75493,699,568,2,570,1
2020-08-12,Alameda,001,1643700,16259,14214,118,14332,215
2020-08-12,Alpine,003,1148,2,2,0,2,0
2020-08-12,Amador,005,37829,255,197,0,197,8
2020-08-12,Butte,007,227075,1506,1317,17,1334,15
2020-08-12,Calaveras,009,45235,183,157,0,157,1
2020-08-12,Colusa,011,21464,421,394,0,394,5
2020-08-12,Contra Costa,013,1133247,12579,10304,38,10342,134
2020-08-12,Del Norte,015,27424,101,74,0,74,0
2020-08-12,El Dorado,017,186661,911,794,0,794,2
2020-08-12,Fresno,019,978130,24922,18690,241,18931,194
2020-08-12,Glenn,021,27897,413,388,0,388,1
2020-08-12,Humboldt,023,135768,324,281,1,282,4
2020-08-12,Imperial,025,180216,10842,8566,10,8576,167
2020-08-12,Inyo,027,18085,127,97,2,99,1
2020-08-12,Kern,029,883053,27862,25191,159,25350,232
2020-08-12,Kings,031,150075,5630,4736,31,4767,50
2020-08-12,Lake,033,64148,283,253,0,253,2
2020-08-12,Lassen,035,31185,710,651,2,653,0
2020-08-12,Los Angeles,037,10098052,223644,214542,811,215353,5119
2020-08-12,Madera,039,155013,3424,2681,18,2699,23
2020-08-12,Marin,041,260295,5827,5423,12,5435,44
2020-08-12,Mariposa,043,17540,69,61,0,61,2
2020-08-12,Mendocino,045,87422,488,386,0,386,9
2020-08-12,Merced,047,269075,7073,5777,6,5783,66
2020-08-12,Modoc,049,8938,7,5,0,5,0
2020-08-12,Mono,051,14174,161,124,2,126,1
2020-08-12,Monterey,053,433212,6878,5919,19,5938,38
2020-08-12,Napa,055,140530,1327,1161,3,1164,10
2020-08-12,Nevada,057,99092,396,357,13,370,1
2020-08-12,Orange,059,3164182,47179,41576,980,42556,754
2020-08-12,Placer,061,380077,2715,2417,4,2421,25
2020-08-12,Plumas,063,18699,38,31,0,31,0
2020-08-12,Riverside,065,2383286,49677,44747,49,44796,867
2020-08-12,Sacramento,067,1510023,15633,12528,14,12542,189
2020-08-12,San Benito,069,59416,857,751,0,751,2
2020-08-12,San Bernardino,071,2135413,45130,38811,224,39035,589
2020-08-12,San Diego,073,3302833,35718,33395,139,33534,608
2020-08-12,San Francisco,075,870044,8496,7194,9,7203,66
2020-08-12,San Joaquin,077,732212,16707,14154,26,14180,253
2020-08-12,San Luis Obispo,079,281455,2691,2263,15,2278,15
2020-08-12,San Mateo,081,765935,7561,6427,7,6434,117
2020-08-12,Santa Barbara,083,443738,7675,7049,66,7115,74
2020-08-12,Santa Clara,085,1922200,15828,13002,32,13034,182
2020-08-12,Santa Cruz,087,273765,1575,1382,11,1393,6
2020-08-12,Shasta,089,179085,559,417,3,420,9
2020-08-12,Sierra,091,2930,5,4,0,4,0
2020-08-12,Siskiyou,093,43540,116,90,0,90,0
2020-08-12,Solano,095,438530,4906,4258,32,4290,31
2020-08-12,Sonoma,097,501317,4795,3847,13,3860,47
2020-08-12,Stanislaus,099,539301,13652,11682,160,11842,136
2020-08-12,Sutter,101,95872,1115,987,1,988,7
2020-08-12,Tehama,103,63373,338,289,2,291,1
2020-08-12,Trinity,105,12862,34,6,6,12,0
2020-08-12,Tulare,107,460477,13092,11460,41,11501,211
2020-08-12,Tuolumne,109,53932,168,150,3,153,1
2020-08-12,Ventura,111,848112,10043,9005,50,9055,87
2020-08-12,Yolo,113,214977,2160,1921,4,1925,44
2020-08-12,Yuba,115,75493,677,549,1,550,1
2020-08-11,Alameda,001,1643700,15999,13960,115,14075,204
2020-08-11,Alpine,003,1148,2,2,0,2,0
2020-08-11,Amador,005,37829,249,187,0,187,3
2020-08-11,Butte,007,227075,1479,1296,17,1313,15
2020-08-11,Calaveras,009,45235,181,161,0,161,1
2020-08-11,Colusa,011,21464,416,390,0,390,5
2020-08-11,Contra Costa,013,1133247,12390,10012,36,10048,131
2020-08-11,Del Norte,015,27424,100,73,0,73,0
2020-08-11,El Dorado,017,186661,904,786,0,786,2
2020-08-11,Fresno,019,978130,24600,18344,238,18582,187
2020-08-11,Glenn,021,27897,411,380,0,380,1
2020-08-11,Humboldt,023,135768,319,283,1,284,4
2020-08-11,Imperial,025,180216,10787,8518,10,8528,165
2020-08-11,Inyo,027,18085,122,97,2,99,1
2020-08-11,Kern,029,883053,27527,25042,157,25199,230
2020-08-11,Kings,031,150075,5439,4696,31,4727,50
2020-08-11,Lake,033,64148,280,243,0,243,2
2020-08-11,Lassen,035,31185,704,605,2,607,0
2020-08-11,Los Angeles,037,10098052,222149,212421,787,213208,5065
2020-08-11,Madera,039,155013,3370,2673,18,2691,22
2020-08-11,Marin,041,260295,5799,5287,11,5298,44
2020-08-11,Mariposa,043,17540,68,60,0,60,2
2020-08-11,Mendocino,045,87422,478,385,0,385,9
2020-08-11,Merced,047,269075,6978,5322,5,5327,65
2020-08-11,Modoc,049,8938,7,5,0,5,0
2020-08-11,Mono,051,14174,161,124,2,126,1
2020-08-11,Monterey,053,433212,6770,5624,19,5643,36
2020-08-11,Napa,055,140530,1316,1143,2,1145,11
2020-08-11,Nevada,057,99092,393,358,13,371,1
2020-08-11,Orange,059,3164182,46959,41205,958,42163,742
2020-08-11,Placer,061,380077,2683,2393,4,2397,24
2020-08-11,Plumas,063,18699,38,31,0,31,0
2020-08-11,Riverside,065,2383286,49320,44237,49,44286,836
2020-08-11,Sacramento,067,1510023,15342,12298,14,12312,182
2020-08-11,San Benito,069,59416,845,750,0,750,2
2020-08-11,San Bernardino,071,2135413,44789,38467,217,38684,584
2020-08-11,San Diego,073,3302833,35451,33159,120,33279,602
2020-08-11,San Francisco,075,870044,8400,6988,9,6997,66
2020-08-11,San Joaquin,077,732212,16530,13997,21,14018,251
2020-08-11,San Luis Obispo,079,281455,2634,2234,15,2249,15
2020-08-11,San Mateo,081,765935,7487,6339,7,6346,117
2020-08-11,Santa Barbara,083,443738,7625,6942,66,7008,70
2020-08-11,Santa Clara,085,1922200,15606,12920,32,12952,183
2020-08-11,Santa Cruz,087,273765,1552,1352,11,1363,4
2020-08-11,Shasta,089,179085,555,416,3,419,9
2020-08-11,Sierra,091,2930,5,4,0,4,0
2020-08-11,Siskiyou,093,43540,116,90,0,90,0
2020-08-11,Solano,095,438530,4858,4206,31,4237,31
2020-08-11,Sonoma,097,501317,4701,3752,13,3765,45
2020-08-11,Stanislaus,099,539301,13548,11592,148,11740,128
2020-08-11,Sutter,101,95872,1093,964,1,965,7
2020-08-11,Tehama,103,63373,334,289,2,291,1
2020-08-11,Trinity,105,12862,34,5,6,11,0
2020-08-11,Tulare,107,460477,12967,11392,40,11432,201
2020-08-11,Tuolumne,109,53932,163,146,3,149,1
2020-08-11,Ventura,111,848112,9975,8953,49,9002,88
2020-08-11,Yolo,113,214977,2138,1912,4,1916,44
2020-08-11,Yuba,115,75493,666,540,1,541,1
2020-08-10,Alameda,001,1643700,15759,13420,114,13534,203
2020-08-10,Alpine,003,1148,2,2,0,2,0
2020-08-10,Amador,005,37829,248,172,0,172,2
2020-08-10,Butte,007,227075,1455,1174,15,1189,15
2020-08-10,Calaveras,009,45235,171,121,0,121,1
2020-08-10,Colusa,011,21464,414,387,0,387,4
2020-08-10,Contra Costa,013,1133247,12237,9454,34,9488,130
2020-08-10,Del Norte,015,27424,98,69,0,69,0
2020-08-10,El Dorado,017,186661,892,771,0,771,2
2020-08-10,Fresno,019,978130,24318,17978,237,18215,183
2020-08-10,Glenn,021,27897,408,381,0,381,1
2020-08-10,Humboldt,023,135768,313,277,1,278,4
2020-08-10,Imperial,025,180216,10743,8465,10,8475,165
2020-08-10,Inyo,027,18085,122,97,2,99,1
2020-08-10,Kern,029,883053,27301,24499,156,24655,215
2020-08-10,Kings,031,150075,5333,4588,31,4619,50
2020-08-10,Lake,033,64148,273,239,0,239,2
2020-08-10,Lassen,035,31185,704,588,2,590,0
2020-08-10,Los Angeles,037,10098052,220579,211035,769,211804,5003
2020-08-10,Madera,039,155013,3337,2365,17,2382,22
2020-08-10,Marin,041,260295,5754,5242,10,5252,44
2020-08-10,Mariposa,043,17540,68,57,0,57,2
2020-08-10,Mendocino,045,87422,454,364,0,364,1
2020-08-10,Merced,047,269075,6897,4913,5,4918,51
2020-08-10,Modoc,049,8938,7,5,0,5,0
2020-08-10,Mono,051,14174,161,123,2,125,1
2020-08-10,Monterey,053,433212,6660,5358,19,5377,34
2020-08-10,Napa,055,140530,1298,1084,2,1086,8
2020-08-10,Nevada,057,99092,385,356,13,369,1
2020-08-10,Orange,059,3164182,46689,40445,940,41385,721
2020-08-10,Placer,061,380077,2644,2298,4,2302,21
2020-08-10,Plumas,063,18699,38,27,0,27,0
2020-08-10,Riverside,065,2383286,48935,43296,48,43344,830
2020-08-10,Sacramento,067,1510023,15031,12059,14,12073,168
2020-08-10,San Benito,069,59416,832,743,0,743,2
2020-08-10,San Bernardino,071,2135413,44412,37367,208,37575,579
2020-08-10,San Diego,073,3302833,35185,32977,104,33081,594
2020-08-10,San Francisco,075,870044,8310,6816,8,6824,66
2020-08-10,San Joaquin,077,732212,16348,13308,21,13329,240
2020-08-10,San Luis Obispo,079,281455,2535,2208,14,2222,15
2020-08-10,San Mateo,081,765935,7410,6222,7,6229,117
2020-08-10,Santa Barbara,083,443738,7570,6869,66,6935,66
2020-08-10,Santa Clara,085,1922200,15346,12615,31,12646,182
2020-08-10,Santa Cruz,087,273765,1532,1239,10,1249,4
2020-08-10,Shasta,089,179085,551,384,3,387,9
2020-08-10,Sierra,091,2930,5,3,0,3,0
2020-08-10,Siskiyou,093,43540,113,88,0,88,0
2020-08-10,Solano,095,438530,4798,4101,31,4132,31
2020-08-10,Sonoma,097,501317,4532,3640,9,3649,42
2020-08-10,Stanislaus,099,539301,13366,10855,131,10986,106
2020-08-10,Sutter,101,95872,1068,865,1,866,7
2020-08-10,Tehama,103,63373,327,282,2,284,1
2020-08-10,Trinity,105,12862,31,5,6,11,0
2020-08-10,Tulare,107,460477,12794,10750,38,10788,194
2020-08-10,Tuolumne,109,53932,163,143,2,145,1
2020-08-10,Ventura,111,848112,9891,8851,48,8899,85
2020-08-10,Yolo,113,214977,2115,1840,4,1844,45
2020-08-10,Yuba,115,75493,649,527,1,528,1
2020-08-09,Alameda,001,1643700,15479,13241,112,13353,203
2020-08-09,Alpine,003,1148,2,2,0,2,0
2020-08-09,Amador,005,37829,243,153,0,153,2
2020-08-09,Butte,007,227075,1411,1155,15,1170,15
2020-08-09,Calaveras,009,45235,166,122,0,122,1
2020-08-09,Colusa,011,21464,410,371,0,371,4
2020-08-09,Contra Costa,013,1133247,12009,9214,33,9247,130
2020-08-09,Del Norte,015,27424,98,69,0,69,0
2020-08-09,El Dorado,017,186661,884,748,0,748,2
2020-08-09,Fresno,019,978130,24009,17846,233,18079,183
2020-08-09,Glenn,021,27897,406,354,0,354,1
2020-08-09,Humboldt,023,135768,307,279,1,280,4
2020-08-09,Imperial,025,180216,10700,8310,9,8319,165
2020-08-09,Inyo,027,18085,117,86,1,87,1
2020-08-09,Kern,029,883053,27045,23680,156,23836,215
2020-08-09,Kings,031,150075,5290,4446,30,4476,50
2020-08-09,Lake,033,64148,266,225,0,225,2
2020-08-09,Lassen,035,31185,698,589,2,591,0
2020-08-09,Los Angeles,037,10098052,218522,208810,747,209557,4984
2020-08-09,Madera,039,155013,3278,2322,13,2335,22
2020-08-09,Marin,041,260295,5711,5204,10,5214,44
2020-08-09,Mariposa,043,17540,66,56,0,56,2
2020-08-09,Mendocino,045,87422,444,283,0,283,1
2020-08-09,Merced,047,269075,6799,4735,4,4739,51
2020-08-09,Modoc,049,8938,7,4,0,4,0
2020-08-09,Mono,051,14174,160,113,2,115,1
2020-08-09,Monterey,053,433212,6536,5199,19,5218,34
2020-08-09,Napa,055,140530,1279,1062,2,1064,8
2020-08-09,Nevada,057,99092,377,332,13,345,1
2020-08-09,Orange,059,3164182,46390,39244,925,40169,722
2020-08-09,Placer,061,380077,2615,2211,4,2215,20
2020-08-09,Plumas,063,18699,38,27,0,27,0
2020-08-09,Riverside,065,2383286,48589,41894,48,41942,828
2020-08-09,Sacramento,067,1510023,14751,11301,14,11315,167
2020-08-09,San Benito,069,59416,813,687,0,687,2
2020-08-09,San Bernardino,071,2135413,43937,36092,208,36300,579
2020-08-09,San Diego,073,3302833,34894,32749,93,32842,594
2020-08-09,San Francisco,075,870044,8195,6820,8,6828,66
2020-08-09,San Joaquin,077,732212,16143,12933,20,12953,240
2020-08-09,San Luis Obispo,079,281455,2499,2124,14,2138,15
2020-08-09,San Mateo,081,765935,7315,6094,7,6101,117
2020-08-09,Santa Barbara,083,443738,7482,6669,66,6735,66
2020-08-09,Santa Clara,085,1922200,15076,11878,31,11909,181
2020-08-09,Santa Cruz,087,273765,1508,1246,10,1256,4
2020-08-09,Shasta,089,179085,547,361,3,364,9
2020-08-09,Sierra,091,2930,5,3,0,3,0
2020-08-09,Siskiyou,093,43540,112,74,0,74,0
2020-08-09,Solano,095,438530,4745,3954,30,3984,31
2020-08-09,Sonoma,097,501317,4396,3531,7,3538,41
2020-08-09,Stanislaus,099,539301,13158,10264,118,10382,106
2020-08-09,Sutter,101,95872,1034,857,1,858,7
2020-08-09,Tehama,103,63373,319,265,2,267,1
2020-08-09,Trinity,105,12862,31,5,6,11,0
2020-08-09,Tulare,107,460477,12602,10630,35,10665,194
2020-08-09,Tuolumne,109,53932,160,143,2,145,1
2020-08-09,Ventura,111,848112,9743,8633,47,8680,85
2020-08-09,Yolo,113,214977,2084,1765,4,1769,44
2020-08-09,Yuba,115,75493,629,442,1,443,1
2020-08-08,Alameda,001,1643700,15369,13087,112,13199,204
2020-08-08,Alpine,003,1148,2,2,0,2,0
2020-08-08,Amador,005,37829,243,139,0,139,2
2020-08-08,Butte,007,227075,1393,1140,15,1155,15
2020-08-08,Calaveras,009,45235,165,122,0,122,1
2020-08-08,Colusa,011,21464,409,368,0,368,4
2020-08-08,Contra Costa,013,1133247,11900,9104,33,9137,129
2020-08-08,Del Norte,015,27424,97,69,0,69,0
2020-08-08,El Dorado,017,186661,877,734,0,734,2
2020-08-08,Fresno,019,978130,23872,17538,231,17769,183
2020-08-08,Glenn,021,27897,406,344,0,344,1
2020-08-08,Humboldt,023,135768,304,277,1,278,4
2020-08-08,Imperial,025,180216,10685,8213,9,8222,165
2020-08-08,Inyo,027,18085,113,86,1,87,1
2020-08-08,Kern,029,883053,26931,22803,156,22959,215
2020-08-08,Kings,031,150075,5276,4367,30,4397,49
2020-08-08,Lake,033,64148,264,221,0,221,2
2020-08-08,Lassen,035,31185,698,589,2,591,0
2020-08-08,Los Angeles,037,10098052,217636,206971,736,207707,4974
2020-08-08,Madera,039,155013,3247,2275,13,2288,22
2020-08-08,Marin,041,260295,5691,5118,10,5128,44
2020-08-08,Mariposa,043,17540,65,55,0,55,2
2020-08-08,Mendocino,045,87422,442,264,0,264,1
2020-08-08,Merced,047,269075,6759,4570,4,4574,51
2020-08-08,Modoc,049,8938,7,4,0,4,0
2020-08-08,Mono,051,14174,160,113,2,115,1
2020-08-08,Monterey,053,433212,6478,5101,19,5120,33
2020-08-08,Napa,055,140530,1271,1062,2,1064,8
2020-08-08,Nevada,057,99092,375,325,13,338,1
2020-08-08,Orange,059,3164182,46260,38688,916,39604,718
2020-08-08,Placer,061,380077,2598,2153,4,2157,20
2020-08-08,Plumas,063,18699,38,27,0,27,0
2020-08-08,Riverside,065,2383286,48385,41412,48,41460,823
2020-08-08,Sacramento,067,1510023,14622,11144,14,11158,166
2020-08-08,San Benito,069,59416,805,684,0,684,2
2020-08-08,San Bernardino,071,2135413,43741,35691,207,35898,531
2020-08-08,San Diego,073,3302833,34705,32332,84,32416,593
2020-08-08,San Francisco,075,870044,8129,6820,8,6828,66
2020-08-08,San Joaquin,077,732212,16062,12559,19,12578,240
2020-08-08,San Luis Obispo,079,281455,2476,2081,14,2095,15
2020-08-08,San Mateo,081,765935,7257,6021,7,6028,117
2020-08-08,Santa Barbara,083,443738,7444,6598,66,6664,66
2020-08-08,Santa Clara,085,1922200,14924,11615,31,11646,181
2020-08-08,Santa Cruz,087,273765,1494,1247,10,1257,4
2020-08-08,Shasta,089,179085,545,343,3,346,9
2020-08-08,Sierra,091,2930,5,3,0,3,0
2020-08-08,Siskiyou,093,43540,112,73,0,73,0
2020-08-08,Solano,095,438530,4724,3889,29,3918,31
2020-08-08,Sonoma,097,501317,4364,3399,7,3406,41
2020-08-08,Stanislaus,099,539301,13083,9963,113,10076,105
2020-08-08,Sutter,101,95872,1024,830,1,831,7
2020-08-08,Tehama,103,63373,318,251,2,253,1
2020-08-08,Trinity,105,12862,31,5,6,11,0
2020-08-08,Tulare,107,460477,12526,10505,35,10540,192
2020-08-08,Tuolumne,109,53932,160,143,2,145,1
2020-08-08,Ventura,111,848112,9688,8462,46,8508,85
2020-08-08,Yolo,113,214977,2071,1725,4,1729,44
2020-08-08,Yuba,115,75493,620,430,1,431,1
2020-08-07,Alameda,001,1643700,15259,12805,112,12917,204
2020-08-07,Alpine,003,1148,2,2,0,2,0
2020-08-07,Amador,005,37829,241,125,0,125,2
2020-08-07,Butte,007,227075,1375,1092,15,1107,13
2020-08-07,Calaveras,009,45235,165,119,0,119,1
2020-08-07,Colusa,011,21464,408,358,0,358,4
2020-08-07,Contra Costa,013,1133247,11751,8810,33,8843,126
2020-08-07,Del Norte,015,27424,97,69,0,69,0
2020-08-07,El Dorado,017,186661,872,724,0,724,2
2020-08-07,Fresno,019,978130,23712,17290,231,17521,171
2020-08-07,Glenn,021,27897,405,339,0,339,1
2020-08-07,Humboldt,023,135768,300,274,1,275,4
2020-08-07,Imperial,025,180216,10660,8085,9,8094,164
2020-08-07,Inyo,027,18085,112,81,1,82,1
2020-08-07,Kern,029,883053,26805,22143,153,22296,206
2020-08-07,Kings,031,150075,5259,4315,30,4345,48
2020-08-07,Lake,033,64148,262,215,0,215,1
2020-08-07,Lassen,035,31185,697,588,2,590,0
2020-08-07,Los Angeles,037,10098052,216184,204406,724,205130,4924
2020-08-07,Madera,039,155013,3215,2245,13,2258,20
2020-08-07,Marin,041,260295,5662,5094,10,5104,43
2020-08-07,Mariposa,043,17540,65,53,0,53,2
2020-08-07,Mendocino,045,87422,428,262,0,262,1
2020-08-07,Merced,047,269075,6716,4358,4,4362,30
2020-08-07,Modoc,049,8938,7,4,0,4,0
2020-08-07,Mono,051,14174,160,112,2,114,1
2020-08-07,Monterey,053,433212,6403,5041,19,5060,33
2020-08-07,Napa,055,140530,1266,1055,2,1057,8
2020-08-07,Nevada,057,99092,372,324,13,337,1
2020-08-07,Orange,059,3164182,46048,38459,899,39358,701
2020-08-07,Placer,061,380077,2580,2078,4,2082,20
2020-08-07,Plumas,063,18699,38,25,0,25,0
2020-08-07,Riverside,065,2383286,48122,40902,47,40949,810
2020-08-07,Sacramento,067,1510023,14477,10798,14,10812,160
2020-08-07,San Benito,069,59416,799,647,0,647,2
2020-08-07,San Bernardino,071,2135413,43494,35200,206,35406,524
2020-08-07,San Diego,073,3302833,34520,31781,81,31862,586
2020-08-07,San Francisco,075,870044,8051,6765,8,6773,66
2020-08-07,San Joaquin,077,732212,15977,12392,19,12411,223
2020-08-07,San Luis Obispo,079,281455,2445,2050,14,2064,14
2020-08-07,San Mateo,081,765935,7198,5948,7,5955,117
2020-08-07,Santa Barbara,083,443738,7393,6509,66,6575,66
2020-08-07,Santa Clara,085,1922200,14725,11409,31,11440,180
2020-08-07,Santa Cruz,087,273765,1476,1234,10,1244,5
2020-08-07,Shasta,089,179085,540,342,3,345,9
2020-08-07,Sierra,091,2930,5,3,0,3,0
2020-08-07,Siskiyou,093,43540,109,73,0,73,0
2020-08-07,Solano,095,438530,4692,3844,28,3872,31
2020-08-07,Sonoma,097,501317,4300,3329,7,3336,34
2020-08-07,Stanislaus,099,539301,12961,9665,103,9768,98
2020-08-07,Sutter,101,95872,1020,807,1,808,6
2020-08-07,Tehama,103,63373,314,246,2,248,1
2020-08-07,Trinity,105,12862,30,5,6,11,0
2020-08-07,Tulare,107,460477,12449,10292,35,10327,195
2020-08-07,Tuolumne,109,53932,159,136,2,138,1
2020-08-07,Ventura,111,848112,9628,8356,44,8400,84
2020-08-07,Yolo,113,214977,2044,1689,4,1693,37
2020-08-07,Yuba,115,75493,615,413,1,414,1
2020-08-06,Alameda,001,1643700,15036,12474,111,12585,200
2020-08-06,Alpine,003,1148,2,2,0,2,0
2020-08-06,Amador,005,37829,227,125,0,125,0
2020-08-06,Butte,007,227075,1356,1060,15,1075,13
2020-08-06,Calaveras,009,45235,163,117,0,117,1
2020-08-06,Colusa,011,21464,405,358,0,358,3
2020-08-06,Contra Costa,013,1133247,11557,8583,32,8615,124
2020-08-06,Del Norte,015,27424,97,69,0,69,0
2020-08-06,El Dorado,017,186661,861,703,0,703,1
2020-08-06,Fresno,019,978130,23414,17031,224,17255,161
2020-08-06,Glenn,021,27897,400,332,0,332,1
2020-08-06,Humboldt,023,135768,295,266,1,267,4
2020-08-06,Imperial,025,180216,10617,8064,9,8073,163
2020-08-06,Inyo,027,18085,104,83,1,84,1
2020-08-06,Kern,029,883053,26569,21843,152,21995,197
2020-08-06,Kings,031,150075,5197,4264,29,4293,47
2020-08-06,Lake,033,64148,259,209,0,209,1
2020-08-06,Lassen,035,31185,695,588,2,590,0
2020-08-06,Los Angeles,037,10098052,214119,201372,708,202080,4874
2020-08-06,Madera,039,155013,3167,2240,12,2252,19
2020-08-06,Marin,041,260295,5630,5058,10,5068,43
2020-08-06,Mariposa,043,17540,64,52,0,52,2
2020-08-06,Mendocino,045,87422,414,260,0,260,1
2020-08-06,Merced,047,269075,6615,4235,4,4239,30
2020-08-06,Modoc,049,8938,7,4,0,4,0
2020-08-06,Mono,051,14174,159,111,2,113,1
2020-08-06,Monterey,053,433212,6294,5001,18,5019,33
2020-08-06,Napa,055,140530,1252,1032,2,1034,8
2020-08-06,Nevada,057,99092,367,321,13,334,1
2020-08-06,Orange,059,3164182,45756,38399,894,39293,694
2020-08-06,Placer,061,380077,2554,2045,4,2049,20
2020-08-06,Plumas,063,18699,37,25,0,25,0
2020-08-06,Riverside,065,2383286,47727,40269,47,40316,781
2020-08-06,Sacramento,067,1510023,14248,10548,14,10562,153
2020-08-06,San Benito,069,59416,791,626,0,626,2
2020-08-06,San Bernardino,071,2135413,43090,34819,204,35023,516
2020-08-06,San Diego,073,3302833,34253,31129,74,31203,583
2020-08-06,San Francisco,075,870044,7958,6737,7,6744,60
2020-08-06,San Joaquin,077,732212,15818,12269,19,12288,203
2020-08-06,San Luis Obispo,079,281455,2421,2000,13,2013,13
2020-08-06,San Mateo,081,765935,7098,5885,7,5892,117
2020-08-06,Santa Barbara,083,443738,7333,6620,66,6686,65
2020-08-06,Santa Clara,085,1922200,14496,11280,31,11311,178
2020-08-06,Santa Cruz,087,273765,1455,1215,10,1225,4
2020-08-06,Shasta,089,179085,531,343,3,346,9
2020-08-06,Sierra,091,2930,5,3,0,3,0
2020-08-06,Siskiyou,093,43540,109,73,0,73,0
2020-08-06,Solano,095,438530,4649,3784,28,3812,29
2020-08-06,Sonoma,097,501317,4236,3259,7,3266,33
2020-08-06,Stanislaus,099,539301,12811,9566,87,9653,98
2020-08-06,Sutter,101,95872,989,797,1,798,6
2020-08-06,Tehama,103,63373,311,242,2,244,1
2020-08-06,Trinity,105,12862,27,5,6,11,0
2020-08-06,Tulare,107,460477,12290,10169,35,10204,195
2020-08-06,Tuolumne,109,53932,158,136,2,138,1
2020-08-06,Ventura,111,848112,9513,8245,41,8286,80
2020-08-06,Yolo,113,214977,2020,1662,4,1666,36
2020-08-06,Yuba,115,75493,606,407,0,407,1
2020-08-05,Alameda,001,1643700,14822,12140,111,12251,193
2020-08-05,Alpine,003,1148,2,2,0,2,0
2020-08-05,Amador,005,37829,217,123,0,123,0
2020-08-05,Butte,007,227075,1322,1038,14,1052,13
2020-08-05,Calaveras,009,45235,160,116,0,116,1
2020-08-05,Colusa,011,21464,401,354,0,354,3
2020-08-05,Contra Costa,013,1133247,11393,8362,32,8394,122
2020-08-05,Del Norte,015,27424,96,69,0,69,0
2020-08-05,El Dorado,017,186661,853,692,0,692,1
2020-08-05,Fresno,019,978130,23170,16625,219,16844,159
2020-08-05,Glenn,021,27897,397,330,0,330,1
2020-08-05,Humboldt,023,135768,293,249,1,250,4
2020-08-05,Imperial,025,180216,10582,8036,9,8045,163
2020-08-05,Inyo,027,18085,102,62,1,63,1
2020-08-05,Kern,029,883053,26381,21540,147,21687,194
2020-08-05,Kings,031,150075,5152,4192,27,4219,47
2020-08-05,Lake,033,64148,252,209,0,209,1
2020-08-05,Lassen,035,31185,648,557,2,559,0
2020-08-05,Los Angeles,037,10098052,212206,198355,689,199044,4832
2020-08-05,Madera,039,155013,3125,2172,12,2184,19
2020-08-05,Marin,041,260295,5598,5036,10,5046,43
2020-08-05,Mariposa,043,17540,64,52,0,52,2
2020-08-05,Mendocino,045,87422,402,248,0,248,1
2020-08-05,Merced,047,269075,6480,4119,4,4123,30
2020-08-05,Modoc,049,8938,7,3,0,3,0
2020-08-05,Mono,051,14174,159,104,2,106,1
2020-08-05,Monterey,053,433212,6179,4936,18,4954,32
2020-08-05,Napa,055,140530,1240,1020,2,1022,8
2020-08-05,Nevada,057,99092,358,327,13,340,2
2020-08-05,Orange,059,3164182,45447,37907,886,38793,663
2020-08-05,Placer,061,380077,2513,1989,4,1993,18
2020-08-05,Plumas,063,18699,36,25,0,25,0
2020-08-05,Riverside,065,2383286,47335,39454,45,39499,761
2020-08-05,Sacramento,067,1510023,14029,10261,13,10274,151
2020-08-05,San Benito,069,59416,782,613,0,613,2
2020-08-05,San Bernardino,071,2135413,42628,34442,199,34641,504
2020-08-05,San Diego,073,3302833,34029,30866,58,30924,578
2020-08-05,San Francisco,075,870044,7865,6701,7,6708,60
2020-08-05,San Joaquin,077,732212,15655,12148,19,12167,199
2020-08-05,San Luis Obispo,079,281455,2397,1928,13,1941,13
2020-08-05,San Mateo,081,765935,7002,5695,7,5702,116
2020-08-05,Santa Barbara,083,443738,7272,6597,66,6663,63
2020-08-05,Santa Clara,085,1922200,14262,11074,31,11105,176
2020-08-05,Santa Cruz,087,273765,1435,1192,8,1200,4
2020-08-05,Shasta,089,179085,525,338,3,341,9
2020-08-05,Sierra,091,2930,5,3,0,3,0
2020-08-05,Siskiyou,093,43540,105,72,0,72,0
2020-08-05,Solano,095,438530,4598,3750,27,3777,29
2020-08-05,Sonoma,097,501317,4154,3173,7,3180,33
2020-08-05,Stanislaus,099,539301,12652,9408,82,9490,97
2020-08-05,Sutter,101,95872,978,780,1,781,6
2020-08-05,Tehama,103,63373,308,231,2,233,1
2020-08-05,Trinity,105,12862,27,5,6,11,0
2020-08-05,Tulare,107,460477,12150,9924,35,9959,192
2020-08-05,Tuolumne,109,53932,158,137,2,139,0
2020-08-05,Ventura,111,848112,9397,8162,37,8199,75
2020-08-05,Yolo,113,214977,1992,1634,4,1638,36
2020-08-05,Yuba,115,75493,589,400,0,400,1
2020-08-04,Alameda,001,1643700,14605,11983,110,12093,192
2020-08-04,Alpine,003,1148,2,2,0,2,0
2020-08-04,Amador,005,37829,202,123,0,123,0
2020-08-04,Butte,007,227075,1298,1011,14,1025,10
2020-08-04,Calaveras,009,45235,156,116,0,116,1
2020-08-04,Colusa,011,21464,396,354,0,354,3
2020-08-04,Contra Costa,013,1133247,11226,8210,32,8242,122
2020-08-04,Del Norte,015,27424,94,69,0,69,0
2020-08-04,El Dorado,017,186661,843,668,0,668,1
2020-08-04,Fresno,019,978130,22886,16272,211,16483,154
2020-08-04,Glenn,021,27897,396,325,0,325,1
2020-08-04,Humboldt,023,135768,283,241,1,242,4
2020-08-04,Imperial,025,180216,10545,7974,9,7983,163
2020-08-04,Inyo,027,18085,88,59,1,60,1
2020-08-04,Kern,029,883053,26098,21403,147,21550,190
2020-08-04,Kings,031,150075,5087,4163,27,4190,47
2020-08-04,Lake,033,64148,252,206,0,206,1
2020-08-04,Lassen,035,31185,645,556,2,558,0
2020-08-04,Los Angeles,037,10098052,210281,196014,658,196672,4764
2020-08-04,Madera,039,155013,3081,2161,8,2169,19
2020-08-04,Marin,041,260295,5567,5020,9,5029,43
2020-08-04,Mariposa,043,17540,64,51,0,51,2
2020-08-04,Mendocino,045,87422,377,248,0,248,1
2020-08-04,Merced,047,269075,6366,4085,4,4089,30
2020-08-04,Modoc,049,8938,7,3,0,3,0
2020-08-04,Mono,051,14174,158,104,1,105,1
2020-08-04,Monterey,053,433212,6065,4892,18,4910,32
2020-08-04,Napa,055,140530,1227,994,0,994,8
2020-08-04,Nevada,057,99092,357,322,13,335,2
2020-08-04,Orange,059,3164182,45071,37844,880,38724,659
2020-08-04,Placer,061,380077,2476,1964,4,1968,17
2020-08-04,Plumas,063,18699,36,25,0,25,0
2020-08-04,Riverside,065,2383286,46950,38991,44,39035,743
2020-08-04,Sacramento,067,1510023,13811,10205,13,10218,146
2020-08-04,San Benito,069,59416,766,608,0,608,2
2020-08-04,San Bernardino,071,2135413,42079,34215,194,34409,495
2020-08-04,San Diego,073,3302833,33736,30518,46,30564,568
2020-08-04,San Francisco,075,870044,7777,6568,7,6575,60
2020-08-04,San Joaquin,077,732212,15526,12087,16,12103,189
2020-08-04,San Luis Obispo,079,281455,2367,1886,13,1899,13
2020-08-04,San Mateo,081,765935,6896,5690,7,5697,116
2020-08-04,Santa Barbara,083,443738,7212,6591,66,6657,61
2020-08-04,Santa Clara,085,1922200,13961,10986,30,11016,175
2020-08-04,Santa Cruz,087,273765,1416,1202,8,1210,4
2020-08-04,Shasta,089,179085,519,335,3,338,9
2020-08-04,Sierra,091,2930,5,1,0,1,0
2020-08-04,Siskiyou,093,43540,103,71,0,71,0
2020-08-04,Solano,095,438530,4527,3690,27,3717,29
2020-08-04,Sonoma,097,501317,4087,3108,7,3115,33
2020-08-04,Stanislaus,099,539301,12484,9359,74,9433,97
2020-08-04,Sutter,101,95872,964,761,1,762,6
2020-08-04,Tehama,103,63373,301,226,2,228,1
2020-08-04,Trinity,105,12862,27,5,6,11,0
2020-08-04,Tulare,107,460477,11970,9866,35,9901,192
2020-08-04,Tuolumne,109,53932,157,127,2,129,0
2020-08-04,Ventura,111,848112,9283,8134,35,8169,75
2020-08-04,Yolo,113,214977,1966,1626,4,1630,37
2020-08-04,Yuba,115,75493,574,398,0,398,1
2020-08-03,Alameda,001,1643700,14421,11817,106,11923,189
2020-08-03,Alpine,003,1148,2,2,0,2,0
2020-08-03,Amador,005,37829,198,119,0,119,0
2020-08-03,Butte,007,227075,1252,989,13,1002,9
2020-08-03,Calaveras,009,45235,153,117,0,117,1
2020-08-03,Colusa,011,21464,392,336,0,336,2
2020-08-03,Contra Costa,013,1133247,11029,8069,29,8098,120
2020-08-03,Del Norte,015,27424,90,68,0,68,0
2020-08-03,El Dorado,017,186661,832,645,0,645,1
2020-08-03,Fresno,019,978130,22592,15945,205,16150,151
2020-08-03,Glenn,021,27897,389,316,0,316,1
2020-08-03,Humboldt,023,135768,276,234,1,235,4
2020-08-03,Imperial,025,180216,10491,7953,9,7962,161
2020-08-03,Inyo,027,18085,85,57,1,58,1
2020-08-03,Kern,029,883053,25731,21285,140,21425,176
2020-08-03,Kings,031,150075,4975,4107,26,4133,47
2020-08-03,Lake,033,64148,245,201,0,201,1
2020-08-03,Lassen,035,31185,645,555,2,557,0
2020-08-03,Los Angeles,037,10098052,208254,194103,627,194730,4706
2020-08-03,Madera,039,155013,3032,2143,7,2150,18
2020-08-03,Marin,041,260295,5520,5001,9,5010,43
2020-08-03,Mariposa,043,17540,63,52,0,52,2
2020-08-03,Mendocino,045,87422,354,248,0,248,1
2020-08-03,Merced,047,269075,6244,4028,4,4032,29
2020-08-03,Modoc,049,8938,7,2,0,2,0
2020-08-03,Mono,051,14174,158,104,1,105,1
2020-08-03,Monterey,053,433212,5914,4806,15,4821,28
2020-08-03,Napa,055,140530,1213,973,0,973,8
2020-08-03,Nevada,057,99092,352,315,13,328,2
2020-08-03,Orange,059,3164182,44677,37705,870,38575,651
2020-08-03,Placer,061,380077,2421,1947,3,1950,16
2020-08-03,Plumas,063,18699,36,25,0,25,0
2020-08-03,Riverside,065,2383286,46482,38642,44,38686,740
2020-08-03,Sacramento,067,1510023,13616,10143,13,10156,142
2020-08-03,San Benito,069,59416,754,603,0,603,2
2020-08-03,San Bernardino,071,2135413,41552,33979,188,34167,444
2020-08-03,San Diego,073,3302833,33422,30228,36,30264,565
2020-08-03,San Francisco,075,870044,7683,6319,7,6326,60
2020-08-03,San Joaquin,077,732212,15329,12007,15,12022,189
2020-08-03,San Luis Obispo,079,281455,2325,1863,10,1873,14
2020-08-03,San Mateo,081,765935,6815,5661,7,5668,115
2020-08-03,Santa Barbara,083,443738,7168,6580,66,6646,59
2020-08-03,Santa Clara,085,1922200,13685,10747,30,10777,172
2020-08-03,Santa Cruz,087,273765,1396,1154,8,1162,4
2020-08-03,Shasta,089,179085,512,322,3,325,9
2020-08-03,Sierra,091,2930,5,1,0,1,0
2020-08-03,Siskiyou,093,43540,99,67,0,67,0
2020-08-03,Solano,095,438530,4458,3610,26,3636,29
2020-08-03,Sonoma,097,501317,3986,3079,6,3085,33
2020-08-03,Stanislaus,099,539301,12275,9308,66,9374,96
2020-08-03,Sutter,101,95872,940,713,1,714,6
2020-08-03,Tehama,103,63373,293,225,2,227,1
2020-08-03,Trinity,105,12862,27,5,6,11,0
2020-08-03,Tulare,107,460477,11786,9703,35,9738,188
2020-08-03,Tuolumne,109,53932,157,123,2,125,0
2020-08-03,Ventura,111,848112,9192,8084,32,8116,74
2020-08-03,Yolo,113,214977,1931,1598,3,1601,37
2020-08-03,Yuba,115,75493,550,393,0,393,1
2020-08-02,Alameda,001,1643700,14174,11696,94,11790,188
2020-08-02,Alpine,003,1148,2,2,0,2,0
2020-08-02,Amador,005,37829,193,117,0,117,0
2020-08-02,Butte,007,227075,1217,987,13,1000,9
2020-08-02,Calaveras,009,45235,150,116,0,116,1
2020-08-02,Colusa,011,21464,387,335,0,335,2
2020-08-02,Contra Costa,013,1133247,10790,7995,29,8024,118
2020-08-02,Del Norte,015,27424,89,68,0,68,0
2020-08-02,El Dorado,017,186661,822,643,0,643,1
2020-08-02,Fresno,019,978130,22317,15759,199,15958,151
2020-08-02,Glenn,021,27897,388,315,0,315,1
2020-08-02,Humboldt,023,135768,271,232,1,233,4
2020-08-02,Imperial,025,180216,10428,7919,8,7927,157
2020-08-02,Inyo,027,18085,84,45,1,46,1
2020-08-02,Kern,029,883053,25433,21162,138,21300,176
2020-08-02,Kings,031,150075,4913,3964,25,3989,47
2020-08-02,Lake,033,64148,240,201,0,201,1
2020-08-02,Lassen,035,31185,645,555,2,557,0
2020-08-02,Los Angeles,037,10098052,206175,192480,609,193089,4698
2020-08-02,Madera,039,155013,2966,2123,5,2128,18
2020-08-02,Marin,041,260295,5485,4985,9,4994,43
2020-08-02,Mariposa,043,17540,61,52,0,52,2
2020-08-02,Mendocino,045,87422,344,247,0,247,1
2020-08-02,Merced,047,269075,6103,4011,4,4015,29
2020-08-02,Modoc,049,8938,7,2,0,2,0
2020-08-02,Mono,051,14174,151,104,1,105,1
2020-08-02,Monterey,053,433212,5788,4698,15,4713,28
2020-08-02,Napa,055,140530,1198,956,0,956,8
2020-08-02,Nevada,057,99092,349,314,13,327,2
2020-08-02,Orange,059,3164182,44296,37266,859,38125,651
2020-08-02,Placer,061,380077,2382,1920,3,1923,15
2020-08-02,Plumas,063,18699,36,25,0,25,0
2020-08-02,Riverside,065,2383286,46049,38507,43,38550,735
2020-08-02,Sacramento,067,1510023,13337,10099,13,10112,142
2020-08-02,San Benito,069,59416,740,599,0,599,2
2020-08-02,San Bernardino,071,2135413,40951,33643,184,33827,443
2020-08-02,San Diego,073,3302833,33082,29885,27,29912,565
2020-08-02,San Francisco,075,870044,7565,6297,7,6304,60
2020-08-02,San Joaquin,077,732212,15043,11937,13,11950,189
2020-08-02,San Luis Obispo,079,281455,2262,1821,10,1831,14
2020-08-02,San Mateo,081,765935,6700,5618,7,5625,115
2020-08-02,Santa Barbara,083,443738,7077,6532,66,6598,59
2020-08-02,Santa Clara,085,1922200,13467,10577,30,10607,172
2020-08-02,Santa Cruz,087,273765,1376,1162,8,1170,4
2020-08-02,Shasta,089,179085,508,318,3,321,9
2020-08-02,Sierra,091,2930,4,1,0,1,0
2020-08-02,Siskiyou,093,43540,99,65,0,65,0
2020-08-02,Solano,095,438530,4399,3609,26,3635,29
2020-08-02,Sonoma,097,501317,3902,3005,6,3011,33
2020-08-02,Stanislaus,099,539301,12060,9277,61,9338,96
2020-08-02,Sutter,101,95872,905,714,1,715,6
2020-08-02,Tehama,103,63373,287,222,2,224,1
2020-08-02,Trinity,105,12862,27,5,6,11,0
2020-08-02,Tulare,107,460477,11577,9593,35,9628,188
2020-08-02,Tuolumne,109,53932,154,123,2,125,0
2020-08-02,Ventura,111,848112,9045,8014,32,8046,73
2020-08-02,Yolo,113,214977,1906,1588,3,1591,37
2020-08-02,Yuba,115,75493,530,393,0,393,1
2020-08-01,Alameda,001,1643700,14062,11590,94,11684,188
2020-08-01,Alpine,003,1148,2,2,0,2,0
2020-08-01,Amador,005,37829,189,109,0,109,0
2020-08-01,Butte,007,227075,1203,976,13,989,9
2020-08-01,Calaveras,009,45235,146,116,0,116,1
2020-08-01,Colusa,011,21464,386,327,0,327,2
2020-08-01,Contra Costa,013,1133247,10657,7867,28,7895,116
2020-08-01,Del Norte,015,27424,89,68,0,68,0
2020-08-01,El Dorado,017,186661,819,637,0,637,1
2020-08-01,Fresno,019,978130,22180,15448,199,15647,149
2020-08-01,Glenn,021,27897,387,311,0,311,1
2020-08-01,Humboldt,023,135768,270,232,1,233,4
2020-08-01,Imperial,025,180216,10392,7919,8,7927,156
2020-08-01,Inyo,027,18085,82,45,1,46,1
2020-08-01,Kern,029,883053,25275,20796,134,20930,176
2020-08-01,Kings,031,150075,4887,3948,25,3973,47
2020-08-01,Lake,033,64148,238,194,0,194,1
2020-08-01,Lassen,035,31185,644,555,2,557,0
2020-08-01,Los Angeles,037,10098052,205282,191023,582,191605,4674
2020-08-01,Madera,039,155013,2927,2103,5,2108,18
2020-08-01,Marin,041,260295,5470,4945,9,4954,43
2020-08-01,Mariposa,043,17540,61,50,0,50,2
2020-08-01,Mendocino,045,87422,337,243,0,243,1
2020-08-01,Merced,047,269075,6055,3972,4,3976,29
2020-08-01,Modoc,049,8938,7,2,0,2,0
2020-08-01,Mono,051,14174,150,104,1,105,1
2020-08-01,Monterey,053,433212,5721,4611,14,4625,28
2020-08-01,Napa,055,140530,1189,923,0,923,8
2020-08-01,Nevada,057,99092,345,305,13,318,2
2020-08-01,Orange,059,3164182,44069,36703,853,37556,648
2020-08-01,Placer,061,380077,2348,1891,3,1894,14
2020-08-01,Plumas,063,18699,35,25,0,25,0
2020-08-01,Riverside,065,2383286,45837,38216,41,38257,704
2020-08-01,Sacramento,067,1510023,13186,10044,13,10057,141
2020-08-01,San Benito,069,59416,729,579,0,579,2
2020-08-01,San Bernardino,071,2135413,40715,32947,183,33130,440
2020-08-01,San Diego,073,3302833,32865,29579,19,29598,565
2020-08-01,San Francisco,075,870044,7503,6296,7,6303,60
2020-08-01,San Joaquin,077,732212,14970,11807,12,11819,189
2020-08-01,San Luis Obispo,079,281455,2233,1798,10,1808,13
2020-08-01,San Mateo,081,765935,6646,5520,7,5527,115
2020-08-01,Santa Barbara,083,443738,7037,6465,66,6531,59
2020-08-01,Santa Clara,085,1922200,13316,10281,29,10310,171
2020-08-01,Santa Cruz,087,273765,1360,1164,8,1172,4
2020-08-01,Shasta,089,179085,503,312,3,315,9
2020-08-01,Sierra,091,2930,3,1,0,1,0
2020-08-01,Siskiyou,093,43540,99,64,0,64,0
2020-08-01,Solano,095,438530,4365,3591,25,3616,29
2020-08-01,Sonoma,097,501317,3856,2890,6,2896,29
2020-08-01,Stanislaus,099,539301,11942,9221,53,9274,96
2020-08-01,Sutter,101,95872,901,714,1,715,6
2020-08-01,Tehama,103,63373,284,220,2,222,1
2020-08-01,Trinity,105,12862,27,5,6,11,0
2020-08-01,Tulare,107,460477,11509,9520,35,9555,188
2020-08-01,Tuolumne,109,53932,154,123,2,125,0
2020-08-01,Ventura,111,848112,8999,7819,32,7851,73
2020-08-01,Yolo,113,214977,1896,1557,3,1560,37
2020-08-01,Yuba,115,75493,525,387,0,387,1
2020-07-31,Alameda,001,1643700,13931,11441,94,11535,187
2020-07-31,Alpine,003,1148,2,2,0,2,0
2020-07-31,Amador,005,37829,188,98,0,98,0
2020-07-31,Butte,007,227075,1180,925,13,938,7
2020-07-31,Calaveras,009,45235,146,112,0,112,1
2020-07-31,Colusa,011,21464,376,319,0,319,2
2020-07-31,Contra Costa,013,1133247,10509,7697,27,7724,113
2020-07-31,Del Norte,015,27424,88,68,0,68,0
2020-07-31,El Dorado,017,186661,808,616,0,616,1
2020-07-31,Fresno,019,978130,21959,15083,199,15282,133
2020-07-31,Glenn,021,27897,380,304,0,304,1
2020-07-31,Humboldt,023,135768,263,229,1,230,4
2020-07-31,Imperial,025,180216,10360,7886,8,7894,155
2020-07-31,Inyo,027,18085,72,45,1,46,1
2020-07-31,Kern,029,883053,25034,20061,130,20191,173
2020-07-31,Kings,031,150075,4859,3807,25,3832,45
2020-07-31,Lake,033,64148,237,191,0,191,1
2020-07-31,Lassen,035,31185,639,544,2,546,0
2020-07-31,Los Angeles,037,10098052,203681,188688,569,189257,4628
2020-07-31,Madera,039,155013,2880,2036,5,2041,19
2020-07-31,Marin,041,260295,5426,4885,6,4891,43
2020-07-31,Mariposa,043,17540,61,49,0,49,2
2020-07-31,Mendocino,045,87422,322,232,0,232,1
2020-07-31,Merced,047,269075,5972,3789,4,3793,30
2020-07-31,Modoc,049,8938,6,0,0,0,0
2020-07-31,Mono,051,14174,149,104,1,105,1
2020-07-31,Monterey,053,433212,5629,4493,14,4507,24
2020-07-31,Napa,055,140530,1177,897,0,897,7
2020-07-31,Nevada,057,99092,343,302,13,315,2
2020-07-31,Orange,059,3164182,43770,36196,838,37034,620
2020-07-31,Placer,061,380077,2323,1853,3,1856,14
2020-07-31,Plumas,063,18699,34,25,0,25,0
2020-07-31,Riverside,065,2383286,45447,37612,40,37652,694
2020-07-31,Sacramento,067,1510023,13008,9872,13,9885,132
2020-07-31,San Benito,069,59416,721,567,0,567,2
2020-07-31,San Bernardino,071,2135413,40385,32332,182,32514,434
2020-07-31,San Diego,073,3302833,32631,29050,11,29061,561
2020-07-31,San Francisco,075,870044,7404,6126,7,6133,60
2020-07-31,San Joaquin,077,732212,14830,11561,12,11573,177
2020-07-31,San Luis Obispo,079,281455,2164,1746,10,1756,12
2020-07-31,San Mateo,081,765935,6574,5416,7,5423,115
2020-07-31,Santa Barbara,083,443738,6970,6375,66,6441,58
2020-07-31,Santa Clara,085,1922200,13095,9863,29,9892,171
2020-07-31,Santa Cruz,087,273765,1337,1118,8,1126,4
2020-07-31,Shasta,089,179085,493,305,3,308,9
2020-07-31,Sierra,091,2930,3,1,0,1,0
2020-07-31,Siskiyou,093,43540,97,61,0,61,0
2020-07-31,Solano,095,438530,4318,3510,24,3534,29
2020-07-31,Sonoma,097,501317,3798,2745,6,2751,27
2020-07-31,Stanislaus,099,539301,11835,9061,48,9109,94
2020-07-31,Sutter,101,95872,896,714,1,715,6
2020-07-31,Tehama,103,63373,281,213,2,215,1
2020-07-31,Trinity,105,12862,27,5,6,11,0
2020-07-31,Tulare,107,460477,11388,9365,35,9400,184
2020-07-31,Tuolumne,109,53932,154,120,2,122,0
2020-07-31,Ventura,111,848112,8924,7521,32,7553,71
2020-07-31,Yolo,113,214977,1870,1522,3,1525,38
2020-07-31,Yuba,115,75493,516,369,0,369,1
2020-07-30,Alameda,001,1643700,13728,11303,54,11357,185
2020-07-30,Alpine,003,1148,2,2,0,2,0
2020-07-30,Amador,005,37829,170,97,0,97,0
2020-07-30,Butte,007,227075,1164,915,13,928,7
2020-07-30,Calaveras,009,45235,142,111,0,111,1
2020-07-30,Colusa,011,21464,373,315,0,315,2
2020-07-30,Contra Costa,013,1133247,10324,7615,26,7641,112
2020-07-30,Del Norte,015,27424,88,68,0,68,0
2020-07-30,El Dorado,017,186661,801,608,0,608,1
2020-07-30,Fresno,019,978130,21623,14793,193,14986,133
2020-07-30,Glenn,021,27897,373,297,0,297,1
2020-07-30,Humboldt,023,135768,261,228,1,229,4
2020-07-30,Imperial,025,180216,10301,7849,8,7857,151
2020-07-30,Inyo,027,18085,68,44,1,45,1
2020-07-30,Kern,029,883053,24741,19552,126,19678,171
2020-07-30,Kings,031,150075,4755,3785,25,3810,43
2020-07-30,Lake,033,64148,231,181,0,181,1
2020-07-30,Lassen,035,31185,636,544,2,546,0
2020-07-30,Los Angeles,037,10098052,201652,186177,538,186715,4564
2020-07-30,Madera,039,155013,2810,2007,5,2012,18
2020-07-30,Marin,041,260295,5384,4835,5,4840,39
2020-07-30,Mariposa,043,17540,61,49,0,49,1
2020-07-30,Mendocino,045,87422,315,232,0,232,1
2020-07-30,Merced,047,269075,5807,3695,4,3699,30
2020-07-30,Modoc,049,8938,6,0,0,0,0
2020-07-30,Mono,051,14174,148,104,1,105,1
2020-07-30,Monterey,053,433212,5517,4352,14,4366,24
2020-07-30,Napa,055,140530,1160,874,0,874,7
2020-07-30,Nevada,057,99092,338,292,13,305,2
2020-07-30,Orange,059,3164182,43355,36105,813,36918,607
2020-07-30,Placer,061,380077,2272,1821,3,1824,14
2020-07-30,Plumas,063,18699,33,25,0,25,0
2020-07-30,Riverside,065,2383286,44906,37308,40,37348,685
2020-07-30,Sacramento,067,1510023,12789,9704,13,9717,126
2020-07-30,San Benito,069,59416,708,558,0,558,2
2020-07-30,San Bernardino,071,2135413,39861,32010,182,32192,427
2020-07-30,San Diego,073,3302833,32284,28670,9,28679,558
2020-07-30,San Francisco,075,870044,7304,6107,7,6114,59
2020-07-30,San Joaquin,077,732212,14636,11435,12,11447,161
2020-07-30,San Luis Obispo,079,281455,2129,1703,10,1713,12
2020-07-30,San Mateo,081,765935,6479,5369,7,5376,115
2020-07-30,Santa Barbara,083,443738,6890,6273,66,6339,52
2020-07-30,Santa Clara,085,1922200,12859,9708,28,9736,170
2020-07-30,Santa Cruz,087,273765,1309,1087,8,1095,4
2020-07-30,Shasta,089,179085,489,306,3,309,8
2020-07-30,Sierra,091,2930,3,1,0,1,0
2020-07-30,Siskiyou,093,43540,96,60,0,60,0
2020-07-30,Solano,095,438530,4267,3463,24,3487,29
2020-07-30,Sonoma,097,501317,3726,2684,6,2690,25
2020-07-30,Stanislaus,099,539301,11622,8890,40,8930,94
2020-07-30,Sutter,101,95872,877,698,1,699,6
2020-07-30,Tehama,103,63373,278,208,2,210,1
2020-07-30,Trinity,105,12862,26,4,6,10,0
2020-07-30,Tulare,107,460477,11259,9167,35,9202,177
2020-07-30,Tuolumne,109,53932,153,119,2,121,0
2020-07-30,Ventura,111,848112,8812,7304,30,7334,69
2020-07-30,Yolo,113,214977,1850,1511,3,1514,37
2020-07-30,Yuba,115,75493,503,362,0,362,1
2020-07-29,Alameda,001,1643700,13509,11177,49,11226,180
2020-07-29,Alpine,003,1148,2,2,0,2,0
2020-07-29,Amador,005,37829,162,80,0,80,0
2020-07-29,Butte,007,227075,1138,889,11,900,7
2020-07-29,Calaveras,009,45235,136,107,0,107,1
2020-07-29,Colusa,011,21464,369,302,0,302,2
2020-07-29,Contra Costa,013,1133247,10120,7520,26,7546,108
2020-07-29,Del Norte,015,27424,88,68,0,68,0
2020-07-29,El Dorado,017,186661,791,588,0,588,1
2020-07-29,Fresno,019,978130,21331,14312,193,14505,125
2020-07-29,Glenn,021,27897,366,294,0,294,1
2020-07-29,Humboldt,023,135768,258,221,1,222,4
2020-07-29,Imperial,025,180216,10253,7825,8,7833,147
2020-07-29,Inyo,027,18085,63,44,1,45,1
2020-07-29,Kern,029,883053,24403,19073,123,19196,162
2020-07-29,Kings,031,150075,4707,3755,25,3780,43
2020-07-29,Lake,033,64148,229,179,0,179,1
2020-07-29,Lassen,035,31185,621,513,2,515,0
2020-07-29,Los Angeles,037,10098052,199626,183600,521,184121,4523
2020-07-29,Madera,039,155013,2756,1941,5,1946,18
2020-07-29,Marin,041,260295,5346,4747,5,4752,34
2020-07-29,Mariposa,043,17540,60,47,0,47,1
2020-07-29,Mendocino,045,87422,307,228,0,228,0
2020-07-29,Merced,047,269075,5667,3605,4,3609,25
2020-07-29,Modoc,049,8938,5,0,0,0,0
2020-07-29,Mono,051,14174,145,102,1,103,1
2020-07-29,Monterey,053,433212,5418,4252,14,4266,24
2020-07-29,Napa,055,140530,1132,866,0,866,7
2020-07-29,Nevada,057,99092,334,288,13,301,1
2020-07-29,Orange,059,3164182,42921,35339,801,36140,589
2020-07-29,Placer,061,380077,2240,1798,3,1801,14
2020-07-29,Plumas,063,18699,33,25,0,25,0
2020-07-29,Riverside,065,2383286,44314,36968,40,37008,678
2020-07-29,Sacramento,067,1510023,12543,9538,13,9551,122
2020-07-29,San Benito,069,59416,693,537,0,537,2
2020-07-29,San Bernardino,071,2135413,39372,31168,171,31339,417
2020-07-29,San Diego,073,3302833,31959,28289,8,28297,552
2020-07-29,San Francisco,075,870044,7210,6041,7,6048,56
2020-07-29,San Joaquin,077,732212,14388,11249,9,11258,154
2020-07-29,San Luis Obispo,079,281455,2108,1673,10,1683,11
2020-07-29,San Mateo,081,765935,6391,5305,7,5312,114
2020-07-29,Santa Barbara,083,443738,6822,6215,66,6281,31
2020-07-29,Santa Clara,085,1922200,12652,9567,28,9595,165
2020-07-29,Santa Cruz,087,273765,1285,1051,8,1059,4
2020-07-29,Shasta,089,179085,477,297,3,300,8
2020-07-29,Sierra,091,2930,2,1,0,1,0
2020-07-29,Siskiyou,093,43540,94,58,0,58,0
2020-07-29,Solano,095,438530,4213,3380,24,3404,29
2020-07-29,Sonoma,097,501317,3649,2598,6,2604,26
2020-07-29,Stanislaus,099,539301,11401,8745,34,8779,94
2020-07-29,Sutter,101,95872,849,678,1,679,6
2020-07-29,Tehama,103,63373,274,206,2,208,1
2020-07-29,Trinity,105,12862,26,4,6,10,0
2020-07-29,Tulare,107,460477,11088,9028,35,9063,156
2020-07-29,Tuolumne,109,53932,153,118,2,120,0
2020-07-29,Ventura,111,848112,8707,7161,30,7191,68
2020-07-29,Yolo,113,214977,1824,1488,3,1491,36
2020-07-29,Yuba,115,75493,487,350,0,350,1
2020-07-28,Alameda,001,1643700,13281,10875,48,10923,180
2020-07-28,Alpine,003,1148,2,2,0,2,0
2020-07-28,Amador,005,37829,152,77,0,77,0
2020-07-28,Butte,007,227075,1103,857,11,868,7
2020-07-28,Calaveras,009,45235,135,105,0,105,1
2020-07-28,Colusa,011,21464,363,290,0,290,2
2020-07-28,Contra Costa,013,1133247,9898,7426,26,7452,107
2020-07-28,Del Norte,015,27424,87,68,0,68,0
2020-07-28,El Dorado,017,186661,776,558,0,558,1
2020-07-28,Fresno,019,978130,20995,13933,187,14120,125
2020-07-28,Glenn,021,27897,364,289,0,289,1
2020-07-28,Humboldt,023,135768,257,218,1,219,4
2020-07-28,Imperial,025,180216,10217,7804,8,7812,145
2020-07-28,Inyo,027,18085,61,43,1,44,1
2020-07-28,Kern,029,883053,24040,18834,117,18951,155
2020-07-28,Kings,031,150075,4661,3721,25,3746,41
2020-07-28,Lake,033,64148,225,179,0,179,1
2020-07-28,Lassen,035,31185,615,508,2,510,0
2020-07-28,Los Angeles,037,10098052,197397,179107,498,179605,4435
2020-07-28,Madera,039,155013,2690,1889,5,1894,18
2020-07-28,Marin,041,260295,5277,4698,5,4703,23
2020-07-28,Mariposa,043,17540,58,45,0,45,1
2020-07-28,Mendocino,045,87422,296,222,0,222,0
2020-07-28,Merced,047,269075,5522,3446,4,3450,23
2020-07-28,Modoc,049,8938,4,0,0,0,0
2020-07-28,Mono,051,14174,144,102,1,103,1
2020-07-28,Monterey,053,433212,5297,4047,14,4061,22
2020-07-28,Napa,055,140530,1110,824,0,824,6
2020-07-28,Nevada,057,99092,329,278,13,291,1
2020-07-28,Orange,059,3164182,42463,34832,788,35620,582
2020-07-28,Placer,061,380077,2205,1759,3,1762,14
2020-07-28,Plumas,063,18699,33,22,0,22,0
2020-07-28,Riverside,065,2383286,43712,36458,40,36498,668
2020-07-28,Sacramento,067,1510023,12284,9429,12,9441,117
2020-07-28,San Benito,069,59416,683,503,0,503,2
2020-07-28,San Bernardino,071,2135413,38848,30493,167,30660,412
2020-07-28,San Diego,073,3302833,31609,28007,6,28013,547
2020-07-28,San Francisco,075,870044,7097,5888,7,5895,56
2020-07-28,San Joaquin,077,732212,14105,10958,7,10965,141
2020-07-28,San Luis Obispo,079,281455,2075,1636,10,1646,9
2020-07-28,San Mateo,081,765935,6317,5171,7,5178,114
2020-07-28,Santa Barbara,083,443738,6759,6110,64,6174,31
2020-07-28,Santa Clara,085,1922200,12417,9307,28,9335,165
2020-07-28,Santa Cruz,087,273765,1258,1018,8,1026,4
2020-07-28,Shasta,089,179085,465,275,3,278,8
2020-07-28,Sierra,091,2930,2,1,0,1,0
2020-07-28,Siskiyou,093,43540,90,57,0,57,0
2020-07-28,Solano,095,438530,4166,3292,23,3315,29
2020-07-28,Sonoma,097,501317,3576,2553,6,2559,20
2020-07-28,Stanislaus,099,539301,11179,8492,26,8518,92
2020-07-28,Sutter,101,95872,812,653,0,653,2
2020-07-28,Tehama,103,63373,269,199,2,201,1
2020-07-28,Trinity,105,12862,26,3,6,9,0
2020-07-28,Tulare,107,460477,10901,8787,35,8822,96
2020-07-28,Tuolumne,109,53932,152,116,2,118,0
2020-07-28,Ventura,111,848112,8581,7045,29,7074,68
2020-07-28,Yolo,113,214977,1796,1459,3,1462,36
2020-07-28,Yuba,115,75493,470,333,0,333,1
2020-07-27,Alameda,001,1643700,13054,10645,45,10690,176
2020-07-27,Alpine,003,1148,2,2,0,2,0
2020-07-27,Amador,005,37829,147,72,0,72,0
2020-07-27,Butte,007,227075,1076,843,11,854,7
2020-07-27,Calaveras,009,45235,131,103,0,103,1
2020-07-27,Colusa,011,21464,356,271,0,271,2
2020-07-27,Contra Costa,013,1133247,9676,7256,26,7282,104
2020-07-27,Del Norte,015,27424,86,67,0,67,0
2020-07-27,El Dorado,017,186661,764,548,0,548,1
2020-07-27,Fresno,019,978130,20648,13485,181,13666,117
2020-07-27,Glenn,021,27897,362,277,0,277,1
2020-07-27,Humboldt,023,135768,252,218,1,219,4
2020-07-27,Imperial,025,180216,10167,7789,8,7797,144
2020-07-27,Inyo,027,18085,61,43,1,44,1
2020-07-27,Kern,029,883053,23538,17994,111,18105,148
2020-07-27,Kings,031,150075,4412,3685,25,3710,39
2020-07-27,Lake,033,64148,221,176,0,176,1
2020-07-27,Lassen,035,31185,615,503,2,505,0
2020-07-27,Los Angeles,037,10098052,194977,176351,480,176831,4379
2020-07-27,Madera,039,155013,2625,1793,5,1798,17
2020-07-27,Marin,041,260295,5189,4669,5,4674,22
2020-07-27,Mariposa,043,17540,58,43,0,43,1
2020-07-27,Mendocino,045,87422,283,209,0,209,0
2020-07-27,Merced,047,269075,5382,3292,4,3296,23
2020-07-27,Modoc,049,8938,3,0,0,0,0
2020-07-27,Mono,051,14174,140,99,1,100,1
2020-07-27,Monterey,053,433212,5107,3960,14,3974,21
2020-07-27,Napa,055,140530,1095,769,0,769,6
2020-07-27,Nevada,057,99092,325,268,13,281,1
2020-07-27,Orange,059,3164182,42023,34649,772,35421,566
2020-07-27,Placer,061,380077,2155,1679,3,1682,12
2020-07-27,Plumas,063,18699,33,22,0,22,0
2020-07-27,Riverside,065,2383286,43033,35822,40,35862,667
2020-07-27,Sacramento,067,1510023,11991,9091,12,9103,114
2020-07-27,San Benito,069,59416,668,498,0,498,2
2020-07-27,San Bernardino,071,2135413,38255,29928,157,30085,401
2020-07-27,San Diego,073,3302833,31235,27509,5,27514,533
2020-07-27,San Francisco,075,870044,7010,5825,7,5832,55
2020-07-27,San Joaquin,077,732212,13816,10728,7,10735,129
2020-07-27,San Luis Obispo,079,281455,2030,1612,10,1622,9
2020-07-27,San Mateo,081,765935,6208,5108,7,5115,113
2020-07-27,Santa Barbara,083,443738,6678,6026,62,6088,30
2020-07-27,Santa Clara,085,1922200,12148,9157,27,9184,166
2020-07-27,Santa Cruz,087,273765,1235,984,8,992,4
2020-07-27,Shasta,089,179085,458,275,3,278,8
2020-07-27,Sierra,091,2930,2,1,0,1,0
2020-07-27,Siskiyou,093,43540,88,54,0,54,0
2020-07-27,Solano,095,438530,4099,3198,22,3220,29
2020-07-27,Sonoma,097,501317,3485,2504,6,2510,20
2020-07-27,Stanislaus,099,539301,10952,8288,18,8306,84
2020-07-27,Sutter,101,95872,786,620,0,620,2
2020-07-27,Tehama,103,63373,261,192,2,194,1
2020-07-27,Trinity,105,12862,26,3,6,9,0
2020-07-27,Tulare,107,460477,10683,8462,35,8497,172
2020-07-27,Tuolumne,109,53932,149,115,2,117,0
2020-07-27,Ventura,111,848112,8453,6998,28,7026,68
2020-07-27,Yolo,113,214977,1751,1439,3,1442,33
2020-07-27,Yuba,115,75493,450,328,0,328,1
2020-07-26,Alameda,001,1643700,12816,10489,44,10533,176
2020-07-26,Alpine,003,1148,2,2,0,2,0
2020-07-26,Amador,005,37829,141,67,0,67,0
2020-07-26,Butte,007,227075,1039,822,11,833,5
2020-07-26,Calaveras,009,45235,128,103,0,103,1
2020-07-26,Colusa,011,21464,347,270,0,270,2
2020-07-26,Contra Costa,013,1133247,9439,7095,26,7121,104
2020-07-26,Del Norte,015,27424,84,67,0,67,0
2020-07-26,El Dorado,017,186661,746,539,0,539,1
2020-07-26,Fresno,019,978130,20257,13209,173,13382,117
2020-07-26,Glenn,021,27897,354,265,0,265,1
2020-07-26,Humboldt,023,135768,246,214,1,215,4
2020-07-26,Imperial,025,180216,10094,7781,8,7789,144
2020-07-26,Inyo,027,18085,56,43,1,44,1
2020-07-26,Kern,029,883053,23014,17394,108,17502,148
2020-07-26,Kings,031,150075,4353,3591,25,3616,39
2020-07-26,Lake,033,64148,213,174,0,174,1
2020-07-26,Lassen,035,31185,574,503,2,505,0
2020-07-26,Los Angeles,037,10098052,192410,174322,462,174784,4364
2020-07-26,Madera,039,155013,2538,1744,5,1749,17
2020-07-26,Marin,041,260295,5143,4595,5,4600,22
2020-07-26,Mariposa,043,17540,56,43,0,43,1
2020-07-26,Mendocino,045,87422,274,206,0,206,0
2020-07-26,Merced,047,269075,5202,3251,3,3254,23
2020-07-26,Modoc,049,8938,3,0,0,0,0
2020-07-26,Mono,051,14174,136,82,1,83,1
2020-07-26,Monterey,053,433212,4941,3901,14,3915,21
2020-07-26,Napa,055,140530,1076,769,0,769,6
2020-07-26,Nevada,057,99092,322,261,13,274,1
2020-07-26,Orange,059,3164182,41498,34352,741,35093,564
2020-07-26,Placer,061,380077,2091,1628,3,1631,12
2020-07-26,Plumas,063,18699,33,22,0,22,0
2020-07-26,Riverside,065,2383286,42473,35636,40,35676,665
2020-07-26,Sacramento,067,1510023,11686,8972,12,8984,114
2020-07-26,San Benito,069,59416,656,495,0,495,2
2020-07-26,San Bernardino,071,2135413,37614,29545,148,29693,400
2020-07-26,San Diego,073,3302833,30839,26986,4,26990,533
2020-07-26,San Francisco,075,870044,6902,5823,7,5830,55
2020-07-26,San Joaquin,077,732212,13523,10637,7,10644,129
2020-07-26,San Luis Obispo,079,281455,1987,1565,10,1575,8
2020-07-26,San Mateo,081,765935,6102,5078,7,5085,113
2020-07-26,Santa Barbara,083,443738,6576,5939,62,6001,30
2020-07-26,Santa Clara,085,1922200,11919,8986,27,9013,166
2020-07-26,Santa Cruz,087,273765,1208,970,8,978,4
2020-07-26,Shasta,089,179085,451,265,3,268,8
2020-07-26,Sierra,091,2930,2,1,0,1,0
2020-07-26,Siskiyou,093,43540,86,54,0,54,0
2020-07-26,Solano,095,438530,4019,3197,20,3217,29
2020-07-26,Sonoma,097,501317,3396,2503,5,2508,20
2020-07-26,Stanislaus,099,539301,10691,8228,17,8245,84
2020-07-26,Sutter,101,95872,772,612,0,612,2
2020-07-26,Tehama,103,63373,254,175,2,177,1
2020-07-26,Trinity,105,12862,26,3,6,9,0
2020-07-26,Tulare,107,460477,10476,8392,35,8427,172
2020-07-26,Tuolumne,109,53932,144,113,2,115,0
2020-07-26,Ventura,111,848112,8246,6844,28,6872,67
2020-07-26,Yolo,113,214977,1720,1408,3,1411,33
2020-07-26,Yuba,115,75493,431,313,0,313,1
2020-07-25,Alameda,001,1643700,12719,10361,42,10403,176
2020-07-25,Alpine,003,1148,2,2,0,2,0
2020-07-25,Amador,005,37829,138,67,0,67,0
2020-07-25,Butte,007,227075,1030,810,11,821,5
2020-07-25,Calaveras,009,45235,124,103,0,103,1
2020-07-25,Colusa,011,21464,340,265,0,265,2
2020-07-25,Contra Costa,013,1133247,9294,6920,26,6946,104
2020-07-25,Del Norte,015,27424,84,67,0,67,0
2020-07-25,El Dorado,017,186661,735,528,0,528,1
2020-07-25,Fresno,019,978130,20071,12866,173,13039,117
2020-07-25,Glenn,021,27897,352,260,0,260,1
2020-07-25,Humboldt,023,135768,243,212,1,213,4
2020-07-25,Imperial,025,180216,10068,7727,8,7735,144
2020-07-25,Inyo,027,18085,55,43,1,44,1
2020-07-25,Kern,029,883053,22796,16910,107,17017,148
2020-07-25,Kings,031,150075,4336,3516,25,3541,39
2020-07-25,Lake,033,64148,211,173,0,173,1
2020-07-25,Lassen,035,31185,574,503,2,505,0
2020-07-25,Los Angeles,037,10098052,191279,172611,455,173066,4357
2020-07-25,Madera,039,155013,2506,1724,5,1729,17
2020-07-25,Marin,041,260295,5127,4562,5,4567,22
2020-07-25,Mariposa,043,17540,55,43,0,43,1
2020-07-25,Mendocino,045,87422,268,190,0,190,0
2020-07-25,Merced,047,269075,5123,3176,3,3179,23
2020-07-25,Modoc,049,8938,3,0,0,0,0
2020-07-25,Mono,051,14174,136,82,1,83,1
2020-07-25,Monterey,053,433212,4864,3805,14,3819,21
2020-07-25,Napa,055,140530,1063,746,0,746,6
2020-07-25,Nevada,057,99092,320,257,13,270,1
2020-07-25,Orange,059,3164182,41278,33978,720,34698,561
2020-07-25,Placer,061,380077,2075,1596,3,1599,12
2020-07-25,Plumas,063,18699,33,22,0,22,0
2020-07-25,Riverside,065,2383286,42204,34921,40,34961,655
2020-07-25,Sacramento,067,1510023,11540,8674,12,8686,113
2020-07-25,San Benito,069,59416,640,492,0,492,2
2020-07-25,San Bernardino,071,2135413,37335,29265,145,29410,394
2020-07-25,San Diego,073,3302833,30578,26703,3,26706,533
2020-07-25,San Francisco,075,870044,6844,5644,7,5651,55
2020-07-25,San Joaquin,077,732212,13397,10347,6,10353,129
2020-07-25,San Luis Obispo,079,281455,1967,1530,9,1539,8
2020-07-25,San Mateo,081,765935,6039,5023,7,5030,113
2020-07-25,Santa Barbara,083,443738,6541,5880,62,5942,30
2020-07-25,Santa Clara,085,1922200,11785,8767,27,8794,166
2020-07-25,Santa Cruz,087,273765,1191,939,8,947,4
2020-07-25,Shasta,089,179085,446,263,1,264,8
2020-07-25,Sierra,091,2930,2,1,0,1,0
2020-07-25,Siskiyou,093,43540,84,54,0,54,0
2020-07-25,Solano,095,438530,3979,3107,18,3125,29
2020-07-25,Sonoma,097,501317,3357,2412,5,2417,20
2020-07-25,Stanislaus,099,539301,10587,7994,14,8008,84
2020-07-25,Sutter,101,95872,753,603,0,603,2
2020-07-25,Tehama,103,63373,253,169,2,171,1
2020-07-25,Trinity,105,12862,26,3,6,9,0
2020-07-25,Tulare,107,460477,10376,8310,35,8345,172
2020-07-25,Tuolumne,109,53932,143,99,2,101,0
2020-07-25,Ventura,111,848112,8173,6662,28,6690,62
2020-07-25,Yolo,113,214977,1705,1357,3,1360,35
2020-07-25,Yuba,115,75493,425,312,0,312,1
2020-07-24,Alameda,001,1643700,12577,10216,39,10255,176
2020-07-24,Alpine,003,1148,2,2,0,2,0
2020-07-24,Amador,005,37829,136,66,0,66,0
2020-07-24,Butte,007,227075,1018,751,11,762,5
2020-07-24,Calaveras,009,45235,120,102,0,102,0
2020-07-24,Colusa,011,21464,337,255,0,255,2
2020-07-24,Contra Costa,013,1133247,9148,6814,26,6840,100
2020-07-24,Del Norte,015,27424,84,66,0,66,0
2020-07-24,El Dorado,017,186661,713,516,0,516,1
2020-07-24,Fresno,019,978130,19845,12564,173,12737,115
2020-07-24,Glenn,021,27897,349,251,0,251,1
2020-07-24,Humboldt,023,135768,240,210,1,211,4
2020-07-24,Imperial,025,180216,10046,7686,8,7694,141
2020-07-24,Inyo,027,18085,55,41,1,42,1
2020-07-24,Kern,029,883053,22555,16124,107,16231,143
2020-07-24,Kings,031,150075,4306,3471,25,3496,39
2020-07-24,Lake,033,64148,209,167,0,167,1
2020-07-24,Lassen,035,31185,574,503,2,505,0
2020-07-24,Los Angeles,037,10098052,189260,169078,444,169522,4302
2020-07-24,Madera,039,155013,2473,1679,5,1684,16
2020-07-24,Marin,041,260295,5100,4517,5,4522,22
2020-07-24,Mariposa,043,17540,55,41,0,41,1
2020-07-24,Mendocino,045,87422,261,188,0,188,0
2020-07-24,Merced,047,269075,5038,3100,3,3103,23
2020-07-24,Modoc,049,8938,3,0,0,0,0
2020-07-24,Mono,051,14174,135,82,1,83,1
2020-07-24,Monterey,053,433212,4792,3748,14,3762,21
2020-07-24,Napa,055,140530,1050,741,0,741,6
2020-07-24,Nevada,057,99092,317,255,13,268,1
2020-07-24,Orange,059,3164182,40990,33530,704,34234,557
2020-07-24,Placer,061,380077,2044,1551,3,1554,12
2020-07-24,Plumas,063,18699,33,22,0,22,0
2020-07-24,Riverside,065,2383286,41781,34513,39,34552,631
2020-07-24,Sacramento,067,1510023,11352,8570,12,8582,110
2020-07-24,San Benito,069,59416,633,485,0,485,2
2020-07-24,San Bernardino,071,2135413,36961,28990,140,29130,386
2020-07-24,San Diego,073,3302833,30278,26100,3,26103,524
2020-07-24,San Francisco,075,870044,6750,5611,7,5618,55
2020-07-24,San Joaquin,077,732212,13248,10190,6,10196,118
2020-07-24,San Luis Obispo,079,281455,1943,1476,9,1485,8
2020-07-24,San Mateo,081,765935,5976,4954,7,4961,112
2020-07-24,Santa Barbara,083,443738,6487,5776,60,5836,30
2020-07-24,Santa Clara,085,1922200,11620,8658,27,8685,165
2020-07-24,Santa Cruz,087,273765,1171,930,8,938,4
2020-07-24,Shasta,089,179085,438,262,1,263,8
2020-07-24,Sierra,091,2930,2,1,0,1,0
2020-07-24,Siskiyou,093,43540,84,53,0,53,0
2020-07-24,Solano,095,438530,3943,3062,15,3077,29
2020-07-24,Sonoma,097,501317,3305,2345,5,2350,20
2020-07-24,Stanislaus,099,539301,10415,7861,11,7872,82
2020-07-24,Sutter,101,95872,742,593,0,593,2
2020-07-24,Tehama,103,63373,245,170,2,172,1
2020-07-24,Trinity,105,12862,25,3,6,9,0
2020-07-24,Tulare,107,460477,10282,8167,33,8200,167
2020-07-24,Tuolumne,109,53932,137,99,2,101,0
2020-07-24,Ventura,111,848112,8088,6553,28,6581,60
2020-07-24,Yolo,113,214977,1691,1329,3,1332,35
2020-07-24,Yuba,115,75493,410,307,0,307,1
2020-07-23,Alameda,001,1643700,12336,9924,39,9963,171
2020-07-23,Alpine,003,1148,2,2,0,2,0
2020-07-23,Amador,005,37829,119,61,0,61,0
2020-07-23,Butte,007,227075,1003,726,10,736,5
2020-07-23,Calaveras,009,45235,113,102,0,102,0
2020-07-23,Colusa,011,21464,329,242,0,242,2
2020-07-23,Contra Costa,013,1133247,8948,6619,24,6643,98
2020-07-23,Del Norte,015,27424,84,66,0,66,0
2020-07-23,El Dorado,017,186661,702,491,0,491,1
2020-07-23,Fresno,019,978130,19489,12164,170,12334,112
2020-07-23,Glenn,021,27897,344,246,0,246,1
2020-07-23,Humboldt,023,135768,239,208,1,209,4
2020-07-23,Imperial,025,180216,9996,7604,8,7612,138
2020-07-23,Inyo,027,18085,53,38,1,39,1
2020-07-23,Kern,029,883053,22148,14491,103,14594,128
2020-07-23,Kings,031,150075,4194,3371,25,3396,39
2020-07-23,Lake,033,64148,200,160,0,160,1
2020-07-23,Lassen,035,31185,571,503,2,505,0
2020-07-23,Los Angeles,037,10098052,186716,167198,418,167616,4265
2020-07-23,Madera,039,155013,2407,1659,4,1663,13
2020-07-23,Marin,041,260295,5048,4423,5,4428,22
2020-07-23,Mariposa,043,17540,55,40,0,40,1
2020-07-23,Mendocino,045,87422,251,178,0,178,0
2020-07-23,Merced,047,269075,4882,2972,3,2975,22
2020-07-23,Modoc,049,8938,3,0,0,0,0
2020-07-23,Mono,051,14174,131,82,1,83,1
2020-07-23,Monterey,053,433212,4674,3655,14,3669,21
2020-07-23,Napa,055,140530,1026,713,0,713,5
2020-07-23,Nevada,057,99092,314,247,13,260,1
2020-07-23,Orange,059,3164182,40494,32863,674,33537,544
2020-07-23,Placer,061,380077,2001,1519,3,1522,12
2020-07-23,Plumas,063,18699,32,21,0,21,0
2020-07-23,Riverside,065,2383286,41175,33833,39,33872,630
2020-07-23,Sacramento,067,1510023,11121,8222,12,8234,108
2020-07-23,San Benito,069,59416,618,478,0,478,2
2020-07-23,San Bernardino,071,2135413,36441,28121,134,28255,369
2020-07-23,San Diego,073,3302833,29904,25109,3,25112,505
2020-07-23,San Francisco,075,870044,6649,5543,7,5550,55
2020-07-23,San Joaquin,077,732212,13029,9861,6,9867,111
2020-07-23,San Luis Obispo,079,281455,1914,1438,9,1447,7
2020-07-23,San Mateo,081,765935,5871,4895,7,4902,113
2020-07-23,Santa Barbara,083,443738,6412,5628,60,5688,30
2020-07-23,Santa Clara,085,1922200,11402,8458,27,8485,165
2020-07-23,Santa Cruz,087,273765,1135,887,8,895,3
2020-07-23,Shasta,089,179085,427,254,1,255,9
2020-07-23,Sierra,091,2930,2,1,0,1,0
2020-07-23,Siskiyou,093,43540,82,53,0,53,0
2020-07-23,Solano,095,438530,3879,2962,13,2975,29
2020-07-23,Sonoma,097,501317,3229,2289,5,2294,18
2020-07-23,Stanislaus,099,539301,10173,7603,11,7614,71
2020-07-23,Sutter,101,95872,709,570,0,570,2
2020-07-23,Tehama,103,63373,239,158,2,160,1
2020-07-23,Trinity,105,12862,24,3,6,9,0
2020-07-23,Tulare,107,460477,10093,7898,33,7931,168
2020-07-23,Tuolumne,109,53932,137,93,2,95,0
2020-07-23,Ventura,111,848112,7964,6303,28,6331,56
2020-07-23,Yolo,113,214977,1673,1279,3,1282,35
2020-07-23,Yuba,115,75493,390,297,0,297,1
2020-07-22,Alameda,001,1643700,12117,9678,38,9716,169
2020-07-22,Alpine,003,1148,2,2,0,2,0
2020-07-22,Amador,005,37829,117,58,0,58,0
2020-07-22,Butte,007,227075,967,694,10,704,5
2020-07-22,Calaveras,009,45235,113,98,0,98,0
2020-07-22,Colusa,011,21464,322,236,0,236,0
2020-07-22,Contra Costa,013,1133247,8722,6401,24,6425,98
2020-07-22,Del Norte,015,27424,84,66,0,66,0
2020-07-22,El Dorado,017,186661,689,466,0,466,1
2020-07-22,Fresno,019,978130,19126,11756,164,11920,110
2020-07-22,Glenn,021,27897,338,236,0,236,1
2020-07-22,Humboldt,023,135768,237,201,1,202,4
2020-07-22,Imperial,025,180216,9936,7533,8,7541,134
2020-07-22,Inyo,027,18085,49,38,1,39,1
2020-07-22,Kern,029,883053,21715,13513,96,13609,127
2020-07-22,Kings,031,150075,4138,3271,25,3296,38
2020-07-22,Lake,033,64148,197,160,0,160,1
2020-07-22,Lassen,035,31185,568,500,2,502,0
2020-07-22,Los Angeles,037,10098052,184068,165242,395,165637,4218
2020-07-22,Madera,039,155013,2332,1578,4,1582,10
2020-07-22,Marin,041,260295,4992,4373,5,4378,23
2020-07-22,Mariposa,043,17540,55,38,0,38,1
2020-07-22,Mendocino,045,87422,244,166,0,166,0
2020-07-22,Merced,047,269075,4755,2828,3,2831,15
2020-07-22,Modoc,049,8938,3,0,0,0,0
2020-07-22,Mono,051,14174,128,82,1,83,1
2020-07-22,Monterey,053,433212,4573,3533,14,3547,20
2020-07-22,Napa,055,140530,1004,687,0,687,5
2020-07-22,Nevada,057,99092,308,239,12,251,1
2020-07-22,Orange,059,3164182,39995,32047,665,32712,522
2020-07-22,Placer,061,380077,1945,1469,3,1472,12
2020-07-22,Plumas,063,18699,31,20,0,20,0
2020-07-22,Riverside,065,2383286,40539,33093,39,33132,612
2020-07-22,Sacramento,067,1510023,10857,8028,11,8039,106
2020-07-22,San Benito,069,59416,604,465,0,465,2
2020-07-22,San Bernardino,071,2135413,35919,26820,123,26943,348
2020-07-22,San Diego,073,3302833,29516,25109,2,25111,505
2020-07-22,San Francisco,075,870044,6545,5473,6,5479,53
2020-07-22,San Joaquin,077,732212,12753,9628,6,9634,102
2020-07-22,San Luis Obispo,079,281455,1868,1373,9,1382,7
2020-07-22,San Mateo,081,765935,5782,4796,7,4803,112
2020-07-22,Santa Barbara,083,443738,6327,5508,58,5566,29
2020-07-22,Santa Clara,085,1922200,11156,8266,27,8293,166
2020-07-22,Santa Cruz,087,273765,1112,866,8,874,3
2020-07-22,Shasta,089,179085,417,246,1,247,9
2020-07-22,Sierra,091,2930,1,1,0,1,0
2020-07-22,Siskiyou,093,43540,81,52,0,52,0
2020-07-22,Solano,095,438530,3818,2839,12,2851,29
2020-07-22,Sonoma,097,501317,3152,2255,5,2260,17
2020-07-22,Stanislaus,099,539301,10002,7401,11,7412,71
2020-07-22,Sutter,101,95872,685,551,0,551,2
2020-07-22,Tehama,103,63373,231,155,2,157,1
2020-07-22,Trinity,105,12862,23,3,6,9,0
2020-07-22,Tulare,107,460477,9860,7640,33,7673,167
2020-07-22,Tuolumne,109,53932,133,91,2,93,0
2020-07-22,Ventura,111,848112,7836,6223,26,6249,56
2020-07-22,Yolo,113,214977,1630,1233,3,1236,34
2020-07-22,Yuba,115,75493,375,288,0,288,1
2020-07-21,Alameda,001,1643700,11903,9390,38,9428,166
2020-07-21,Alpine,003,1148,2,2,0,2,0
2020-07-21,Amador,005,37829,112,55,0,55,0
2020-07-21,Butte,007,227075,922,659,9,668,5
2020-07-21,Calaveras,009,45235,107,96,0,96,0
2020-07-21,Colusa,011,21464,298,227,0,227,0
2020-07-21,Contra Costa,013,1133247,8480,6210,24,6234,98
2020-07-21,Del Norte,015,27424,84,66,0,66,0
2020-07-21,El Dorado,017,186661,681,440,0,440,1
2020-07-21,Fresno,019,978130,18727,11412,158,11570,107
2020-07-21,Glenn,021,27897,331,229,0,229,1
2020-07-21,Humboldt,023,135768,235,198,1,199,4
2020-07-21,Imperial,025,180216,9887,7458,8,7466,128
2020-07-21,Inyo,027,18085,48,38,1,39,1
2020-07-21,Kern,029,883053,21293,11998,90,12088,119
2020-07-21,Kings,031,150075,4073,3187,24,3211,38
2020-07-21,Lake,033,64148,197,157,0,157,1
2020-07-21,Lassen,035,31185,566,474,2,476,0
2020-07-21,Los Angeles,037,10098052,181086,162205,372,162577,4159
2020-07-21,Madera,039,155013,2267,1508,3,1511,10
2020-07-21,Marin,041,260295,4920,4318,5,4323,21
2020-07-21,Mariposa,043,17540,54,37,0,37,1
2020-07-21,Mendocino,045,87422,233,160,0,160,0
2020-07-21,Merced,047,269075,4576,2725,3,2728,15
2020-07-21,Modoc,049,8938,3,0,0,0,0
2020-07-21,Mono,051,14174,124,79,1,80,1
2020-07-21,Monterey,053,433212,4441,3404,13,3417,20
2020-07-21,Napa,055,140530,977,660,0,660,5
2020-07-21,Nevada,057,99092,306,228,10,238,1
2020-07-21,Orange,059,3164182,39498,31356,633,31989,515
2020-07-21,Placer,061,380077,1904,1413,3,1416,11
2020-07-21,Plumas,063,18699,31,19,0,19,0
2020-07-21,Riverside,065,2383286,39838,32231,39,32270,583
2020-07-21,Sacramento,067,1510023,10585,7789,10,7799,102
2020-07-21,San Benito,069,59416,593,444,0,444,2
2020-07-21,San Bernardino,071,2135413,35270,25323,116,25439,343
2020-07-21,San Diego,073,3302833,29067,24522,2,24524,487
2020-07-21,San Francisco,075,870044,6436,5377,6,5383,53
2020-07-21,San Joaquin,077,732212,12424,9150,6,9156,99
2020-07-21,San Luis Obispo,079,281455,1818,1338,9,1347,7
2020-07-21,San Mateo,081,765935,5690,4733,7,4740,111
2020-07-21,Santa Barbara,083,443738,6246,5422,57,5479,29
2020-07-21,Santa Clara,085,1922200,10893,7989,27,8016,164
2020-07-21,Santa Cruz,087,273765,1079,835,8,843,3
2020-07-21,Shasta,089,179085,409,241,1,242,9
2020-07-21,Sierra,091,2930,1,1,0,1,0
2020-07-21,Siskiyou,093,43540,81,48,0,48,0
2020-07-21,Solano,095,438530,3745,2727,12,2739,27
2020-07-21,Sonoma,097,501317,3095,2200,5,2205,17
2020-07-21,Stanislaus,099,539301,9739,6984,11,6995,69
2020-07-21,Sutter,101,95872,669,533,0,533,2
2020-07-21,Tehama,103,63373,221,150,2,152,1
2020-07-21,Trinity,105,12862,23,2,6,8,0
2020-07-21,Tulare,107,460477,9658,7447,33,7480,167
2020-07-21,Tuolumne,109,53932,131,75,2,77,0
2020-07-21,Ventura,111,848112,7704,6131,26,6157,55
2020-07-21,Yolo,113,214977,1576,1204,3,1207,34
2020-07-21,Yuba,115,75493,369,269,0,269,1
2020-07-20,Alameda,001,1643700,11649,9244,37,9281,162
2020-07-20,Alpine,003,1148,2,2,0,2,0
2020-07-20,Amador,005,37829,109,53,0,53,0
2020-07-20,Butte,007,227075,884,586,9,595,4
2020-07-20,Calaveras,009,45235,104,90,0,90,0
2020-07-20,Colusa,011,21464,287,217,0,217,0
2020-07-20,Contra Costa,013,1133247,8272,5823,24,5847,97
2020-07-20,Del Norte,015,27424,84,61,0,61,0
2020-07-20,El Dorado,017,186661,658,407,0,407,0
2020-07-20,Fresno,019,978130,18286,10891,157,11048,106
2020-07-20,Glenn,021,27897,323,225,0,225,1
2020-07-20,Humboldt,023,135768,228,194,1,195,4
2020-07-20,Imperial,025,180216,9847,7337,8,7345,124
2020-07-20,Inyo,027,18085,46,38,1,39,1
2020-07-20,Kern,029,883053,20783,10908,86,10994,118
2020-07-20,Kings,031,150075,4023,3093,24,3117,37
2020-07-20,Lake,033,64148,194,147,0,147,1
2020-07-20,Lassen,035,31185,564,474,2,476,0
2020-07-20,Los Angeles,037,10098052,178128,159202,345,159547,4108
2020-07-20,Madera,039,155013,2192,1433,3,1436,10
2020-07-20,Marin,041,260295,4838,4255,5,4260,21
2020-07-20,Mariposa,043,17540,53,36,0,36,1
2020-07-20,Mendocino,045,87422,220,153,0,153,0
2020-07-20,Merced,047,269075,4406,2584,3,2587,15
2020-07-20,Modoc,049,8938,3,0,0,0,0
2020-07-20,Mono,051,14174,118,78,1,79,1
2020-07-20,Monterey,053,433212,4335,3205,13,3218,19
2020-07-20,Napa,055,140530,942,632,0,632,5
2020-07-20,Nevada,057,99092,298,218,10,228,1
2020-07-20,Orange,059,3164182,38889,30337,603,30940,507
2020-07-20,Placer,061,380077,1852,1364,3,1367,11
2020-07-20,Plumas,063,18699,30,17,0,17,0
2020-07-20,Riverside,065,2383286,39008,31163,39,31202,581
2020-07-20,Sacramento,067,1510023,10257,7369,10,7379,99
2020-07-20,San Benito,069,59416,575,433,0,433,2
2020-07-20,San Bernardino,071,2135413,34459,24226,112,24338,338
2020-07-20,San Diego,073,3302833,28625,24137,2,24139,478
2020-07-20,San Francisco,075,870044,6315,5090,6,5096,53
2020-07-20,San Joaquin,077,732212,12068,8583,6,8589,97
2020-07-20,San Luis Obispo,079,281455,1776,1282,9,1291,6
2020-07-20,San Mateo,081,765935,5589,4609,7,4616,111
2020-07-20,Santa Barbara,083,443738,6130,5266,55,5321,29
2020-07-20,Santa Clara,085,1922200,10664,7711,26,7737,164
2020-07-20,Santa Cruz,087,273765,1047,758,8,766,3
2020-07-20,Shasta,089,179085,394,233,1,234,9
2020-07-20,Sierra,091,2930,1,1,0,1,0
2020-07-20,Siskiyou,093,43540,77,42,0,42,0
2020-07-20,Solano,095,438530,3662,2537,12,2549,26
2020-07-20,Sonoma,097,501317,2987,2148,5,2153,17
2020-07-20,Stanislaus,099,539301,9456,6835,11,6846,58
2020-07-20,Sutter,101,95872,636,507,0,507,2
2020-07-20,Tehama,103,63373,211,146,2,148,1
2020-07-20,Trinity,105,12862,23,2,6,8,0
2020-07-20,Tulare,107,460477,9424,6974,33,7007,166
2020-07-20,Tuolumne,109,53932,130,75,2,77,0
2020-07-20,Ventura,111,848112,7570,5912,26,5938,52
2020-07-20,Yolo,113,214977,1536,1155,3,1158,30
2020-07-20,Yuba,115,75493,349,258,0,258,1
2020-07-19,Alameda,001,1643700,11410,9227,31,9258,162
2020-07-19,Alpine,003,1148,2,2,0,2,0
2020-07-19,Amador,005,37829,102,51,0,51,0
2020-07-19,Butte,007,227075,859,555,9,564,4
2020-07-19,Calaveras,009,45235,102,89,0,89,0
2020-07-19,Colusa,011,21464,279,187,0,187,0
2020-07-19,Contra Costa,013,1133247,7981,5691,22,5713,95
2020-07-19,Del Norte,015,27424,83,61,0,61,0
2020-07-19,El Dorado,017,186661,640,385,0,385,0
2020-07-19,Fresno,019,978130,17762,10639,145,10784,106
2020-07-19,Glenn,021,27897,309,215,0,215,0
2020-07-19,Humboldt,023,135768,220,195,1,196,4
2020-07-19,Imperial,025,180216,9756,7280,8,7288,124
2020-07-19,Inyo,027,18085,42,38,1,39,1
2020-07-19,Kern,029,883053,20166,10094,79,10173,115
2020-07-19,Kings,031,150075,3937,3035,24,3059,37
2020-07-19,Lake,033,64148,189,144,0,144,1
2020-07-19,Lassen,035,31185,545,474,2,476,0
2020-07-19,Los Angeles,037,10098052,174687,156039,322,156361,4100
2020-07-19,Madera,039,155013,2115,1301,3,1304,10
2020-07-19,Marin,041,260295,4783,4172,5,4177,21
2020-07-19,Mariposa,043,17540,49,35,0,35,1
2020-07-19,Mendocino,045,87422,215,137,0,137,0
2020-07-19,Merced,047,269075,4199,2460,3,2463,15
2020-07-19,Modoc,049,8938,3,0,0,0,0
2020-07-19,Mono,051,14174,107,63,1,64,1
2020-07-19,Monterey,053,433212,4215,3079,13,3092,18
2020-07-19,Napa,055,140530,913,612,0,612,5
2020-07-19,Nevada,057,99092,292,210,10,220,1
2020-07-19,Orange,059,3164182,38325,29941,590,30531,505
2020-07-19,Placer,061,380077,1804,1246,3,1249,11
2020-07-19,Plumas,063,18699,30,17,0,17,0
2020-07-19,Riverside,065,2383286,38303,30340,39,30379,581
2020-07-19,Sacramento,067,1510023,9865,6985,10,6995,97
2020-07-19,San Benito,069,59416,559,412,0,412,2
2020-07-19,San Bernardino,071,2135413,33687,23928,100,24028,337
2020-07-19,San Diego,073,3302833,28124,23684,2,23686,478
2020-07-19,San Francisco,075,870044,6168,5094,6,5100,52
2020-07-19,San Joaquin,077,732212,11661,8308,6,8314,93
2020-07-19,San Luis Obispo,079,281455,1732,1262,8,1270,6
2020-07-19,San Mateo,081,765935,5482,4522,7,4529,110
2020-07-19,Santa Barbara,083,443738,6027,5145,52,5197,29
2020-07-19,Santa Clara,085,1922200,10420,7403,26,7429,164
2020-07-19,Santa Cruz,087,273765,1003,753,8,761,3
2020-07-19,Shasta,089,179085,381,218,1,219,9
2020-07-19,Sierra,091,2930,1,1,0,1,0
2020-07-19,Siskiyou,093,43540,75,42,0,42,0
2020-07-19,Solano,095,438530,3556,2551,12,2563,26
2020-07-19,Sonoma,097,501317,2887,2074,5,2079,17
2020-07-19,Stanislaus,099,539301,9160,6508,11,6519,58
2020-07-19,Sutter,101,95872,605,480,0,480,2
2020-07-19,Tehama,103,63373,207,138,2,140,1
2020-07-19,Trinity,105,12862,23,2,6,8,0
2020-07-19,Tulare,107,460477,9176,6856,33,6889,166
2020-07-19,Tuolumne,109,53932,125,75,2,77,0
2020-07-19,Ventura,111,848112,7380,5706,26,5732,52
2020-07-19,Yolo,113,214977,1496,1127,3,1130,30
2020-07-19,Yuba,115,75493,329,240,0,240,1
2020-07-18,Alameda,001,1643700,11274,9089,30,9119,162
2020-07-18,Alpine,003,1148,2,2,0,2,0
2020-07-18,Amador,005,37829,98,49,0,49,0
2020-07-18,Butte,007,227075,850,551,9,560,4
2020-07-18,Calaveras,009,45235,98,89,0,89,0
2020-07-18,Colusa,011,21464,274,182,0,182,0
2020-07-18,Contra Costa,013,1133247,7846,5617,22,5639,95
2020-07-18,Del Norte,015,27424,83,61,0,61,0
2020-07-18,El Dorado,017,186661,637,385,0,385,0
2020-07-18,Fresno,019,978130,17513,10381,143,10524,106
2020-07-18,Glenn,021,27897,303,212,0,212,0
2020-07-18,Humboldt,023,135768,217,189,1,190,4
2020-07-18,Imperial,025,180216,9725,7268,8,7276,124
2020-07-18,Inyo,027,18085,42,38,1,39,1
2020-07-18,Kern,029,883053,19863,9250,76,9326,114
2020-07-18,Kings,031,150075,3897,2996,23,3019,37
2020-07-18,Lake,033,64148,186,142,0,142,1
2020-07-18,Lassen,035,31185,544,474,2,476,0
2020-07-18,Los Angeles,037,10098052,173243,153265,311,153576,4088
2020-07-18,Madera,039,155013,2069,1260,3,1263,9
2020-07-18,Marin,041,260295,4754,4089,5,4094,21
2020-07-18,Mariposa,043,17540,49,35,0,35,1
2020-07-18,Mendocino,045,87422,209,137,0,137,0
2020-07-18,Merced,047,269075,4080,2424,3,2427,15
2020-07-18,Modoc,049,8938,3,0,0,0,0
2020-07-18,Mono,051,14174,105,54,1,55,1
2020-07-18,Monterey,053,433212,4147,3020,13,3033,17
2020-07-18,Napa,055,140530,902,609,0,609,5
2020-07-18,Nevada,057,99092,288,204,9,213,1
2020-07-18,Orange,059,3164182,38006,29603,569,30172,493
2020-07-18,Placer,061,380077,1781,1233,3,1236,11
2020-07-18,Plumas,063,18699,30,17,0,17,0
2020-07-18,Riverside,065,2383286,37950,30245,38,30283,581
2020-07-18,Sacramento,067,1510023,9620,6739,10,6749,95
2020-07-18,San Benito,069,59416,544,407,0,407,2
2020-07-18,San Bernardino,071,2135413,33226,23680,93,23773,336
2020-07-18,San Diego,073,3302833,27821,23116,2,23118,478
2020-07-18,San Francisco,075,870044,6066,5051,6,5057,52
2020-07-18,San Joaquin,077,732212,11448,8118,6,8124,93
2020-07-18,San Luis Obispo,079,281455,1697,1234,8,1242,6
2020-07-18,San Mateo,081,765935,5422,4488,7,4495,110
2020-07-18,Santa Barbara,083,443738,5967,5110,50,5160,29
2020-07-18,Santa Clara,085,1922200,10270,7255,25,7280,164
2020-07-18,Santa Cruz,087,273765,986,751,8,759,3
2020-07-18,Shasta,089,179085,372,216,1,217,9
2020-07-18,Sierra,091,2930,1,1,0,1,0
2020-07-18,Siskiyou,093,43540,71,42,0,42,0
2020-07-18,Solano,095,438530,3515,2503,12,2515,26
2020-07-18,Sonoma,097,501317,2836,2019,5,2024,15
2020-07-18,Stanislaus,099,539301,9025,6344,11,6355,58
2020-07-18,Sutter,101,95872,599,473,0,473,2
2020-07-18,Tehama,103,63373,202,136,2,138,1
2020-07-18,Trinity,105,12862,23,2,6,8,0
2020-07-18,Tulare,107,460477,9085,6810,32,6842,167
2020-07-18,Tuolumne,109,53932,122,75,2,77,0
2020-07-18,Ventura,111,848112,7298,5630,26,5656,52
2020-07-18,Yolo,113,214977,1468,1077,3,1080,30
2020-07-18,Yuba,115,75493,318,237,0,237,1
2020-07-17,Alameda,001,1643700,11133,8893,29,8922,160
2020-07-17,Alpine,003,1148,2,1,0,1,0
2020-07-17,Amador,005,37829,96,48,0,48,0
2020-07-17,Butte,007,227075,836,497,9,506,4
2020-07-17,Calaveras,009,45235,96,86,0,86,0
2020-07-17,Colusa,011,21464,272,146,0,146,0
2020-07-17,Contra Costa,013,1133247,7698,5483,22,5505,93
2020-07-17,Del Norte,015,27424,82,60,0,60,0
2020-07-17,El Dorado,017,186661,621,368,0,368,0
2020-07-17,Fresno,019,978130,17214,9954,143,10097,104
2020-07-17,Glenn,021,27897,296,203,0,203,0
2020-07-17,Humboldt,023,135768,216,185,1,186,4
2020-07-17,Imperial,025,180216,9703,7193,8,7201,120
2020-07-17,Inyo,027,18085,42,38,1,39,1
2020-07-17,Kern,029,883053,19543,8291,75,8366,113
2020-07-17,Kings,031,150075,3858,2978,23,3001,37
2020-07-17,Lake,033,64148,184,139,0,139,1
2020-07-17,Lassen,035,31185,525,391,2,393,0
2020-07-17,Los Angeles,037,10098052,170870,150481,299,150780,4052
2020-07-17,Madera,039,155013,2025,1214,3,1217,9
2020-07-17,Marin,041,260295,4717,3839,5,3844,21
2020-07-17,Mariposa,043,17540,47,35,0,35,1
2020-07-17,Mendocino,045,87422,201,126,0,126,0
2020-07-17,Merced,047,269075,4004,2328,3,2331,12
2020-07-17,Modoc,049,8938,2,0,0,0,0
2020-07-17,Mono,051,14174,100,54,1,55,1
2020-07-17,Monterey,053,433212,4018,2922,13,2935,18
2020-07-17,Napa,055,140530,888,598,0,598,5
2020-07-17,Nevada,057,99092,281,200,9,209,1
2020-07-17,Orange,059,3164182,37543,28962,536,29498,485
2020-07-17,Placer,061,380077,1752,1207,3,1210,11
2020-07-17,Plumas,063,18699,27,16,0,16,0
2020-07-17,Riverside,065,2383286,37352,29639,38,29677,580
2020-07-17,Sacramento,067,1510023,9376,6563,10,6573,95
2020-07-17,San Benito,069,59416,529,399,0,399,2
2020-07-17,San Bernardino,071,2135413,32706,23057,90,23147,322
2020-07-17,San Diego,073,3302833,27432,22491,2,22493,472
2020-07-17,San Francisco,075,870044,5972,4967,6,4973,52
2020-07-17,San Joaquin,077,732212,11204,7925,6,7931,86
2020-07-17,San Luis Obispo,079,281455,1660,1190,8,1198,6
2020-07-17,San Mateo,081,765935,5326,4407,7,4414,110
2020-07-17,Santa Barbara,083,443738,5895,5001,49,5050,29
2020-07-17,Santa Clara,085,1922200,10052,7080,25,7105,164
2020-07-17,Santa Cruz,087,273765,964,716,8,724,3
2020-07-17,Shasta,089,179085,360,213,1,214,8
2020-07-17,Sierra,091,2930,1,1,0,1,0
2020-07-17,Siskiyou,093,43540,70,40,0,40,0
2020-07-17,Solano,095,438530,3466,2452,12,2464,26
2020-07-17,Sonoma,097,501317,2788,1982,5,1987,15
2020-07-17,Stanislaus,099,539301,8851,6220,11,6231,56
2020-07-17,Sutter,101,95872,586,458,0,458,2
2020-07-17,Tehama,103,63373,198,128,2,130,1
2020-07-17,Trinity,105,12862,23,2,6,8,0
2020-07-17,Tulare,107,460477,8949,6671,32,6703,166
2020-07-17,Tuolumne,109,53932,121,73,2,75,0
2020-07-17,Ventura,111,848112,7214,5451,26,5477,51
2020-07-17,Yolo,113,214977,1444,1055,3,1058,30
2020-07-17,Yuba,115,75493,308,231,0,231,1
2020-07-16,Alameda,001,1643700,10899,8719,24,8743,153
2020-07-16,Alpine,003,1148,2,1,0,1,0
2020-07-16,Amador,005,37829,93,46,0,46,0
2020-07-16,Butte,007,227075,799,465,8,473,4
2020-07-16,Calaveras,009,45235,94,82,0,82,0
2020-07-16,Colusa,011,21464,263,140,0,140,0
2020-07-16,Contra Costa,013,1133247,7486,5338,16,5354,91
2020-07-16,Del Norte,015,27424,82,60,0,60,0
2020-07-16,El Dorado,017,186661,604,357,0,357,0
2020-07-16,Fresno,019,978130,16703,9481,134,9615,101
2020-07-16,Glenn,021,27897,287,190,0,190,0
2020-07-16,Humboldt,023,135768,214,184,1,185,4
2020-07-16,Imperial,025,180216,9608,7148,8,7156,113
2020-07-16,Inyo,027,18085,42,38,1,39,1
2020-07-16,Kern,029,883053,19021,7435,73,7508,112
2020-07-16,Kings,031,150075,3691,2937,23,2960,37
2020-07-16,Lake,033,64148,179,128,0,128,1
2020-07-16,Lassen,035,31185,524,355,2,357,0
2020-07-16,Los Angeles,037,10098052,167652,147759,276,148035,3994
2020-07-16,Madera,039,155013,1961,1192,3,1195,8
2020-07-16,Marin,041,260295,4645,3546,5,3551,21
2020-07-16,Mariposa,043,17540,45,34,0,34,1
2020-07-16,Mendocino,045,87422,196,121,0,121,0
2020-07-16,Merced,047,269075,3842,2228,3,2231,12
2020-07-16,Modoc,049,8938,1,0,0,0,0
2020-07-16,Mono,051,14174,97,53,1,54,1
2020-07-16,Monterey,053,433212,3914,2857,12,2869,18
2020-07-16,Napa,055,140530,859,581,0,581,5
2020-07-16,Nevada,057,99092,278,191,9,200,1
2020-07-16,Orange,059,3164182,36842,28525,500,29025,471
2020-07-16,Placer,061,380077,1704,1168,3,1171,11
2020-07-16,Plumas,063,18699,25,16,0,16,0
2020-07-16,Riverside,065,2383286,36607,28904,36,28940,577
2020-07-16,Sacramento,067,1510023,9063,6440,9,6449,91
2020-07-16,San Benito,069,59416,512,389,0,389,2
2020-07-16,San Bernardino,071,2135413,31845,22355,72,22427,321
2020-07-16,San Diego,073,3302833,26945,21857,2,21859,465
2020-07-16,San Francisco,075,870044,5831,4838,6,4844,52
2020-07-16,San Joaquin,077,732212,10841,7713,6,7719,82
2020-07-16,San Luis Obispo,079,281455,1616,1146,8,1154,6
2020-07-16,San Mateo,081,765935,5222,4336,7,4343,110
2020-07-16,Santa Barbara,083,443738,5800,4872,48,4920,28
2020-07-16,Santa Clara,085,1922200,9772,6990,23,7013,164
2020-07-16,Santa Cruz,087,273765,923,698,8,706,3
2020-07-16,Shasta,089,179085,345,208,1,209,7
2020-07-16,Sierra,091,2930,1,1,0,1,0
2020-07-16,Siskiyou,093,43540,67,39,0,39,0
2020-07-16,Solano,095,438530,3372,2372,12,2384,25
2020-07-16,Sonoma,097,501317,2698,1954,5,1959,14
2020-07-16,Stanislaus,099,539301,8569,6077,10,6087,56
2020-07-16,Sutter,101,95872,570,444,0,444,2
2020-07-16,Tehama,103,63373,188,126,2,128,1
2020-07-16,Trinity,105,12862,23,2,5,7,0
2020-07-16,Tulare,107,460477,8733,6467,31,6498,163
2020-07-16,Tuolumne,109,53932,116,71,2,73,0
2020-07-16,Ventura,111,848112,7052,5231,26,5257,50
2020-07-16,Yolo,113,214977,1403,1034,3,1037,29
2020-07-16,Yuba,115,75493,290,221,0,221,1
2020-07-15,Alameda,001,1643700,10694,8615,19,8634,153
2020-07-15,Alpine,003,1148,2,1,0,1,0
2020-07-15,Amador,005,37829,72,44,0,44,0
2020-07-15,Butte,007,227075,757,420,8,428,4
2020-07-15,Calaveras,009,45235,94,75,0,75,0
2020-07-15,Colusa,011,21464,258,135,0,135,0
2020-07-15,Contra Costa,013,1133247,7255,5246,16,5262,90
2020-07-15,Del Norte,015,27424,81,60,0,60,0
2020-07-15,El Dorado,017,186661,580,339,0,339,0
2020-07-15,Fresno,019,978130,16229,9124,127,9251,101
2020-07-15,Glenn,021,27897,278,184,0,184,0
2020-07-15,Humboldt,023,135768,212,181,1,182,4
2020-07-15,Imperial,025,180216,9541,7110,8,7118,110
2020-07-15,Inyo,027,18085,42,36,1,37,1
2020-07-15,Kern,029,883053,18401,7155,70,7225,108
2020-07-15,Kings,031,150075,3630,2906,23,2929,37
2020-07-15,Lake,033,64148,177,122,0,122,1
2020-07-15,Lassen,035,31185,520,319,2,321,0
2020-07-15,Los Angeles,037,10098052,164189,143343,261,143604,3946
2020-07-15,Madera,039,155013,1892,1147,3,1150,4
2020-07-15,Marin,041,260295,4590,3458,5,3463,21
2020-07-15,Mariposa,043,17540,45,34,0,34,1
2020-07-15,Mendocino,045,87422,193,119,0,119,0
2020-07-15,Merced,047,269075,3692,2156,3,2159,12
2020-07-15,Modoc,049,8938,1,0,0,0,0
2020-07-15,Mono,051,14174,95,52,1,53,1
2020-07-15,Monterey,053,433212,3802,2780,12,2792,18
2020-07-15,Napa,055,140530,833,573,0,573,5
2020-07-15,Nevada,057,99092,274,185,7,192,1
2020-07-15,Orange,059,3164182,36042,27718,466,28184,454
2020-07-15,Placer,061,380077,1646,1145,3,1148,11
2020-07-15,Plumas,063,18699,25,16,0,16,0
2020-07-15,Riverside,065,2383286,35825,28492,34,28526,568
2020-07-15,Sacramento,067,1510023,8682,6217,9,6226,91
2020-07-15,San Benito,069,59416,503,388,0,388,2
2020-07-15,San Bernardino,071,2135413,31055,21508,56,21564,317
2020-07-15,San Diego,073,3302833,26478,21448,2,21450,448
2020-07-15,San Francisco,075,870044,5717,4757,6,4763,50
2020-07-15,San Joaquin,077,732212,10409,7381,5,7386,75
2020-07-15,San Luis Obispo,079,281455,1573,1097,8,1105,6
2020-07-15,San Mateo,081,765935,5109,4258,7,4265,109
2020-07-15,Santa Barbara,083,443738,5684,4733,48,4781,28
2020-07-15,Santa Clara,085,1922200,9468,6900,23,6923,164
2020-07-15,Santa Cruz,087,273765,887,660,7,667,3
2020-07-15,Shasta,089,179085,336,193,1,194,7
2020-07-15,Sierra,091,2930,1,1,0,1,0
2020-07-15,Siskiyou,093,43540,66,38,0,38,0
2020-07-15,Solano,095,438530,3277,2343,12,2355,25
2020-07-15,Sonoma,097,501317,2600,1920,5,1925,14
2020-07-15,Stanislaus,099,539301,8272,5777,10,5787,56
2020-07-15,Sutter,101,95872,544,433,0,433,2
2020-07-15,Tehama,103,63373,180,126,2,128,1
2020-07-15,Trinity,105,12862,22,2,5,7,0
2020-07-15,Tulare,107,460477,8522,6320,30,6350,156
2020-07-15,Tuolumne,109,53932,109,68,2,70,0
2020-07-15,Ventura,111,848112,6875,5087,26,5113,50
2020-07-15,Yolo,113,214977,1371,1002,3,1005,27
2020-07-15,Yuba,115,75493,278,221,0,221,1
2020-07-14,Alameda,001,1643700,10352,8388,13,8401,151
2020-07-14,Alpine,003,1148,2,1,0,1,0
2020-07-14,Amador,005,37829,68,44,0,44,0
2020-07-14,Butte,007,227075,711,382,8,390,4
2020-07-14,Calaveras,009,45235,92,74,0,74,0
2020-07-14,Colusa,011,21464,248,128,0,128,0
2020-07-14,Contra Costa,013,1133247,7018,5110,14,5124,90
2020-07-14,Del Norte,015,27424,80,60,0,60,0
2020-07-14,El Dorado,017,186661,565,324,0,324,0
2020-07-14,Fresno,019,978130,15809,8941,122,9063,98
2020-07-14,Glenn,021,27897,268,177,0,177,0
2020-07-14,Humboldt,023,135768,209,175,1,176,4
2020-07-14,Imperial,025,180216,9412,7095,8,7103,109
2020-07-14,Inyo,027,18085,42,35,1,36,1
2020-07-14,Kern,029,883053,17642,6979,57,7036,107
2020-07-14,Kings,031,150075,3563,2867,22,2889,37
2020-07-14,Lake,033,64148,171,120,0,120,1
2020-07-14,Lassen,035,31185,503,263,2,265,0
2020-07-14,Los Angeles,037,10098052,161056,140632,231,140863,3900
2020-07-14,Madera,039,155013,1818,1118,3,1121,4
2020-07-14,Marin,041,260295,4476,3451,5,3456,21
2020-07-14,Mariposa,043,17540,41,32,0,32,1
2020-07-14,Mendocino,045,87422,185,110,0,110,0
2020-07-14,Merced,047,269075,3513,2084,3,2087,12
2020-07-14,Modoc,049,8938,1,0,0,0,0
2020-07-14,Mono,051,14174,85,48,1,49,1
2020-07-14,Monterey,053,433212,3688,2724,12,2736,18
2020-07-14,Napa,055,140530,777,557,0,557,4
2020-07-14,Nevada,057,99092,257,180,6,186,1
2020-07-14,Orange,059,3164182,35162,26915,419,27334,432
2020-07-14,Placer,061,380077,1588,1122,3,1125,11
2020-07-14,Plumas,063,18699,24,14,0,14,0
2020-07-14,Riverside,065,2383286,35068,27850,33,27883,547
2020-07-14,Sacramento,067,1510023,8328,5978,9,5987,87
2020-07-14,San Benito,069,59416,484,360,0,360,2
2020-07-14,San Bernardino,071,2135413,30204,20489,46,20535,316
2020-07-14,San Diego,073,3302833,25858,20887,2,20889,436
2020-07-14,San Francisco,075,870044,5567,4659,5,4664,50
2020-07-14,San Joaquin,077,732212,9981,7143,5,7148,75
2020-07-14,San Luis Obispo,079,281455,1535,1060,8,1068,5
2020-07-14,San Mateo,081,765935,5016,4173,7,4180,108
2020-07-14,Santa Barbara,083,443738,5560,4641,46,4687,28
2020-07-14,Santa Clara,085,1922200,9140,6686,20,6706,164
2020-07-14,Santa Cruz,087,273765,848,639,7,646,3
2020-07-14,Shasta,089,179085,327,190,1,191,7
2020-07-14,Sierra,091,2930,1,1,0,1,0
2020-07-14,Siskiyou,093,43540,65,38,0,38,0
2020-07-14,Solano,095,438530,3177,2266,10,2276,25
2020-07-14,Sonoma,097,501317,2507,1866,5,1871,14
2020-07-14,Stanislaus,099,539301,7898,5631,9,5640,53
2020-07-14,Sutter,101,95872,525,405,0,405,2
2020-07-14,Tehama,103,63373,168,123,2,125,1
2020-07-14,Trinity,105,12862,21,2,5,7,0
2020-07-14,Tulare,107,460477,8276,6199,30,6229,156
2020-07-14,Tuolumne,109,53932,104,68,2,70,0
2020-07-14,Ventura,111,848112,6714,4950,26,4976,50
2020-07-14,Yolo,113,214977,1323,966,3,969,27
2020-07-14,Yuba,115,75493,261,210,0,210,1
2020-07-13,Alameda,001,1643700,10043,8115,13,8128,148
2020-07-13,Alpine,003,1148,2,1,0,1,0
2020-07-13,Amador,005,37829,64,42,0,42,0
2020-07-13,Butte,007,227075,675,354,8,362,4
2020-07-13,Calaveras,009,45235,84,63,0,63,0
2020-07-13,Colusa,011,21464,242,116,0,116,0
2020-07-13,Contra Costa,013,1133247,6745,4882,12,4894,88
2020-07-13,Del Norte,015,27424,74,59,0,59,0
2020-07-13,El Dorado,017,186661,534,298,0,298,0
2020-07-13,Fresno,019,978130,15378,8666,117,8783,95
2020-07-13,Glenn,021,27897,261,168,0,168,0
2020-07-13,Humboldt,023,135768,204,174,1,175,4
2020-07-13,Imperial,025,180216,9327,7052,8,7060,109
2020-07-13,Inyo,027,18085,41,35,1,36,1
2020-07-13,Kern,029,883053,16957,6808,52,6860,107
2020-07-13,Kings,031,150075,3512,2824,22,2846,37
2020-07-13,Lake,033,64148,166,118,0,118,1
2020-07-13,Lassen,035,31185,498,237,2,239,0
2020-07-13,Los Angeles,037,10098052,157825,136368,217,136585,3829
2020-07-13,Madera,039,155013,1749,1059,3,1062,4
2020-07-13,Marin,041,260295,4373,3402,5,3407,21
2020-07-13,Mariposa,043,17540,40,31,0,31,1
2020-07-13,Mendocino,045,87422,181,87,0,87,0
2020-07-13,Merced,047,269075,3364,2007,3,2010,12
2020-07-13,Modoc,049,8938,1,0,0,0,0
2020-07-13,Mono,051,14174,81,47,0,47,1
2020-07-13,Monterey,053,433212,3565,2613,9,2622,18
2020-07-13,Napa,055,140530,741,534,0,534,4
2020-07-13,Nevada,057,99092,243,172,6,178,1
2020-07-13,Orange,059,3164182,34298,25978,388,26366,423
2020-07-13,Placer,061,380077,1543,1096,3,1099,11
2020-07-13,Plumas,063,18699,22,14,0,14,0
2020-07-13,Riverside,065,2383286,34143,27136,31,27167,545
2020-07-13,Sacramento,067,1510023,8031,5747,9,5756,85
2020-07-13,San Benito,069,59416,471,343,0,343,2
2020-07-13,San Bernardino,071,2135413,29326,19610,40,19650,313
2020-07-13,San Diego,073,3302833,25291,20348,2,20350,422
2020-07-13,San Francisco,075,870044,5439,4534,4,4538,50
2020-07-13,San Joaquin,077,732212,9564,6927,5,6932,71
2020-07-13,San Luis Obispo,079,281455,1504,989,8,997,5
2020-07-13,San Mateo,081,765935,4885,4057,7,4064,108
2020-07-13,Santa Barbara,083,443738,5446,4441,45,4486,28
2020-07-13,Santa Clara,085,1922200,8817,6488,19,6507,164
2020-07-13,Santa Cruz,087,273765,810,574,7,581,3
2020-07-13,Shasta,089,179085,316,185,1,186,6
2020-07-13,Sierra,091,2930,1,1,0,1,0
2020-07-13,Siskiyou,093,43540,61,37,0,37,0
2020-07-13,Solano,095,438530,3065,2046,10,2056,23
2020-07-13,Sonoma,097,501317,2396,1818,5,1823,14
2020-07-13,Stanislaus,099,539301,7595,5324,8,5332,53
2020-07-13,Sutter,101,95872,487,379,0,379,2
2020-07-13,Tehama,103,63373,155,112,2,114,1
2020-07-13,Trinity,105,12862,21,2,5,7,0
2020-07-13,Tulare,107,460477,8015,5930,28,5958,147
2020-07-13,Tuolumne,109,53932,96,56,2,58,0
2020-07-13,Ventura,111,848112,6524,4800,23,4823,50
2020-07-13,Yolo,113,214977,1277,941,3,944,27
2020-07-13,Yuba,115,75493,246,194,0,194,1
2020-07-12,Alameda,001,1643700,9772,8056,13,8069,148
2020-07-12,Alpine,003,1148,2,1,0,1,0
2020-07-12,Amador,005,37829,54,40,0,40,0
2020-07-12,Butte,007,227075,625,341,7,348,4
2020-07-12,Calaveras,009,45235,84,62,0,62,0
2020-07-12,Colusa,011,21464,208,116,0,116,0
2020-07-12,Contra Costa,013,1133247,6474,4708,10,4718,88
2020-07-12,Del Norte,015,27424,63,59,0,59,0
2020-07-12,El Dorado,017,186661,512,290,0,290,0
2020-07-12,Fresno,019,978130,14951,8407,112,8519,95
2020-07-12,Glenn,021,27897,248,166,0,166,0
2020-07-12,Humboldt,023,135768,200,174,1,175,4
2020-07-12,Imperial,025,180216,9208,6999,6,7005,109
2020-07-12,Inyo,027,18085,39,35,1,36,1
2020-07-12,Kern,029,883053,16213,6662,49,6711,105
2020-07-12,Kings,031,150075,3450,2779,22,2801,34
2020-07-12,Lake,033,64148,157,114,0,114,1
2020-07-12,Lassen,035,31185,491,237,2,239,0
2020-07-12,Los Angeles,037,10098052,154409,133830,188,134018,3816
2020-07-12,Madera,039,155013,1694,1025,3,1028,4
2020-07-12,Marin,041,260295,4296,3358,5,3363,21
2020-07-12,Mariposa,043,17540,39,31,0,31,1
2020-07-12,Mendocino,045,87422,162,88,0,88,0
2020-07-12,Merced,047,269075,3234,1908,3,1911,12
2020-07-12,Modoc,049,8938,1,0,0,0,0
2020-07-12,Mono,051,14174,71,45,0,45,1
2020-07-12,Monterey,053,433212,3450,2521,9,2530,18
2020-07-12,Napa,055,140530,709,519,0,519,4
2020-07-12,Nevada,057,99092,233,166,6,172,1
2020-07-12,Orange,059,3164182,33423,25399,379,25778,422
2020-07-12,Placer,061,380077,1487,1058,3,1061,11
2020-07-12,Plumas,063,18699,21,14,0,14,0
2020-07-12,Riverside,065,2383286,33383,26404,31,26435,542
2020-07-12,Sacramento,067,1510023,7719,5515,7,5522,85
2020-07-12,San Benito,069,59416,456,324,0,324,2
2020-07-12,San Bernardino,071,2135413,28413,19042,35,19077,312
2020-07-12,San Diego,073,3302833,24662,19929,2,19931,422
2020-07-12,San Francisco,075,870044,5289,4535,4,4539,50
2020-07-12,San Joaquin,077,732212,9202,6703,5,6708,71
2020-07-12,San Luis Obispo,079,281455,1457,972,7,979,5
2020-07-12,San Mateo,081,765935,4767,3988,7,3995,108
2020-07-12,Santa Barbara,083,443738,5316,4353,44,4397,28
2020-07-12,Santa Clara,085,1922200,8579,6252,18,6270,164
2020-07-12,Santa Cruz,087,273765,768,573,5,578,3
2020-07-12,Shasta,089,179085,310,173,1,174,6
2020-07-12,Sierra,091,2930,1,1,0,1,0
2020-07-12,Siskiyou,093,43540,59,36,0,36,0
2020-07-12,Solano,095,438530,2940,2037,10,2047,23
2020-07-12,Sonoma,097,501317,2302,1743,5,1748,13
2020-07-12,Stanislaus,099,539301,7291,5177,8,5185,53
2020-07-12,Sutter,101,95872,469,362,0,362,2
2020-07-12,Tehama,103,63373,148,111,2,113,1
2020-07-12,Trinity,105,12862,21,2,5,7,0
2020-07-12,Tulare,107,460477,7760,5864,27,5891,146
2020-07-12,Tuolumne,109,53932,88,52,2,54,0
2020-07-12,Ventura,111,848112,6308,4724,22,4746,50
2020-07-12,Yolo,113,214977,1236,889,3,892,27
2020-07-12,Yuba,115,75493,235,188,0,188,1
2020-07-11,Alameda,001,1643700,9670,7845,13,7858,148
2020-07-11,Alpine,003,1148,2,1,0,1,0
2020-07-11,Amador,005,37829,50,37,0,37,0
2020-07-11,Butte,007,227075,609,325,7,332,4
2020-07-11,Calaveras,009,45235,81,62,0,62,0
2020-07-11,Colusa,011,21464,203,110,0,110,0
2020-07-11,Contra Costa,013,1133247,6357,4650,10,4660,87
2020-07-11,Del Norte,015,27424,63,59,0,59,0
2020-07-11,El Dorado,017,186661,501,283,0,283,0
2020-07-11,Fresno,019,978130,14691,8086,110,8196,95
2020-07-11,Glenn,021,27897,240,161,0,161,0
2020-07-11,Humboldt,023,135768,199,174,1,175,4
2020-07-11,Imperial,025,180216,9169,6884,6,6890,109
2020-07-11,Inyo,027,18085,39,35,1,36,1
2020-07-11,Kern,029,883053,15856,6509,48,6557,103
2020-07-11,Kings,031,150075,3423,2753,22,2775,33
2020-07-11,Lake,033,64148,156,110,0,110,1
2020-07-11,Lassen,035,31185,490,237,2,239,0
2020-07-11,Los Angeles,037,10098052,152692,130479,178,130657,3802
2020-07-11,Madera,039,155013,1653,988,3,991,4
2020-07-11,Marin,041,260295,4268,3191,5,3196,21
2020-07-11,Mariposa,043,17540,39,31,0,31,1
2020-07-11,Mendocino,045,87422,158,88,0,88,0
2020-07-11,Merced,047,269075,3153,1851,3,1854,12
2020-07-11,Modoc,049,8938,1,0,0,0,0
2020-07-11,Mono,051,14174,68,45,0,45,1
2020-07-11,Monterey,053,433212,3361,2376,8,2384,18
2020-07-11,Napa,055,140530,697,509,0,509,4
2020-07-11,Nevada,057,99092,224,163,5,168,1
2020-07-11,Orange,059,3164182,33046,24430,365,24795,422
2020-07-11,Placer,061,380077,1452,1029,3,1032,11
2020-07-11,Plumas,063,18699,21,12,0,12,0
2020-07-11,Riverside,065,2383286,32992,25994,31,26025,538
2020-07-11,Sacramento,067,1510023,7545,5367,7,5374,84
2020-07-11,San Benito,069,59416,441,314,0,314,2
2020-07-11,San Bernardino,071,2135413,27976,18907,33,18940,310
2020-07-11,San Diego,073,3302833,24277,19371,2,19373,422
2020-07-11,San Francisco,075,870044,5193,4430,3,4433,50
2020-07-11,San Joaquin,077,732212,9024,6518,5,6523,72
2020-07-11,San Luis Obispo,079,281455,1409,930,7,937,4
2020-07-11,San Mateo,081,765935,4699,3956,7,3963,108
2020-07-11,Santa Barbara,083,443738,5247,4283,43,4326,28
2020-07-11,Santa Clara,085,1922200,8420,5959,18,5977,164
2020-07-11,Santa Cruz,087,273765,737,571,5,576,3
2020-07-11,Shasta,089,179085,303,168,1,169,6
2020-07-11,Sierra,091,2930,1,1,0,1,0
2020-07-11,Siskiyou,093,43540,59,36,0,36,0
2020-07-11,Solano,095,438530,2899,2034,10,2044,23
2020-07-11,Sonoma,097,501317,2265,1690,5,1695,13
2020-07-11,Stanislaus,099,539301,7150,4911,8,4919,51
2020-07-11,Sutter,101,95872,453,352,0,352,2
2020-07-11,Tehama,103,63373,146,111,2,113,1
2020-07-11,Trinity,105,12862,21,2,5,7,0
2020-07-11,Tulare,107,460477,7654,5780,27,5807,149
2020-07-11,Tuolumne,109,53932,86,50,2,52,0
2020-07-11,Ventura,111,848112,6212,4545,21,4566,49
2020-07-11,Yolo,113,214977,1207,833,3,836,27
2020-07-11,Yuba,115,75493,225,175,0,175,1
2020-07-10,Alameda,001,1643700,9513,7551,13,7564,147
2020-07-10,Alpine,003,1148,2,1,0,1,0
2020-07-10,Amador,005,37829,46,37,0,37,0
2020-07-10,Butte,007,227075,598,318,7,325,4
2020-07-10,Calaveras,009,45235,81,61,0,61,0
2020-07-10,Colusa,011,21464,197,103,0,103,0
2020-07-10,Contra Costa,013,1133247,6214,4482,10,4492,86
2020-07-10,Del Norte,015,27424,63,57,0,57,0
2020-07-10,El Dorado,017,186661,483,266,0,266,0
2020-07-10,Fresno,019,978130,14359,7760,107,7867,93
2020-07-10,Glenn,021,27897,235,157,0,157,0
2020-07-10,Humboldt,023,135768,198,168,1,169,4
2020-07-10,Imperial,025,180216,9124,6878,5,6883,98
2020-07-10,Inyo,027,18085,39,35,1,36,1
2020-07-10,Kern,029,883053,15423,6344,47,6391,102
2020-07-10,Kings,031,150075,3387,2707,22,2729,33
2020-07-10,Lake,033,64148,149,104,0,104,1
2020-07-10,Lassen,035,31185,489,235,2,237,0
2020-07-10,Los Angeles,037,10098052,150273,127503,172,127675,3750
2020-07-10,Madera,039,155013,1607,914,3,917,4
2020-07-10,Marin,041,260295,4205,3101,5,3106,21
2020-07-10,Mariposa,043,17540,38,31,0,31,1
2020-07-10,Mendocino,045,87422,150,88,0,88,0
2020-07-10,Merced,047,269075,3074,1802,3,1805,12
2020-07-10,Modoc,049,8938,1,0,0,0,0
2020-07-10,Mono,051,14174,67,45,0,45,1
2020-07-10,Monterey,053,433212,3282,2285,8,2293,18
2020-07-10,Napa,055,140530,686,496,0,496,4
2020-07-10,Nevada,057,99092,219,161,5,166,1
2020-07-10,Orange,059,3164182,32458,23692,362,24054,416
2020-07-10,Placer,061,380077,1411,1002,3,1005,11
2020-07-10,Plumas,063,18699,19,12,0,12,0
2020-07-10,Riverside,065,2383286,32475,25481,31,25512,533
2020-07-10,Sacramento,067,1510023,7290,5181,7,5188,81
2020-07-10,San Benito,069,59416,432,302,0,302,2
2020-07-10,San Bernardino,071,2135413,27450,18242,30,18272,308
2020-07-10,San Diego,073,3302833,23896,18862,2,18864,420
2020-07-10,San Francisco,075,870044,5102,4305,3,4308,50
2020-07-10,San Joaquin,077,732212,8791,6225,5,6230,67
2020-07-10,San Luis Obispo,079,281455,1371,891,7,898,4
2020-07-10,San Mateo,081,765935,4634,3844,7,3851,107
2020-07-10,Santa Barbara,083,443738,5150,4177,42,4219,28
2020-07-10,Santa Clara,085,1922200,8196,5819,18,5837,164
2020-07-10,Santa Cruz,087,273765,710,540,5,545,3
2020-07-10,Shasta,089,179085,299,158,1,159,6
2020-07-10,Sierra,091,2930,1,1,0,1,0
2020-07-10,Siskiyou,093,43540,59,31,0,31,0
2020-07-10,Solano,095,438530,2852,1950,10,1960,23
2020-07-10,Sonoma,097,501317,2218,1606,4,1610,13
2020-07-10,Stanislaus,099,539301,6980,4781,8,4789,46
2020-07-10,Sutter,101,95872,446,338,0,338,2
2020-07-10,Tehama,103,63373,145,107,2,109,1
2020-07-10,Trinity,105,12862,21,2,5,7,0
2020-07-10,Tulare,107,460477,7517,5677,27,5704,150
2020-07-10,Tuolumne,109,53932,85,49,2,51,0
2020-07-10,Ventura,111,848112,6098,4416,21,4437,48
2020-07-10,Yolo,113,214977,1183,794,3,797,27
2020-07-10,Yuba,115,75493,211,164,0,164,1
2020-07-09,Alameda,001,1643700,9277,7433,13,7446,146
2020-07-09,Alpine,003,1148,2,1,0,1,0
2020-07-09,Amador,005,37829,43,36,0,36,0
2020-07-09,Butte,007,227075,566,295,7,302,4
2020-07-09,Calaveras,009,45235,80,59,0,59,0
2020-07-09,Colusa,011,21464,189,97,0,97,0
2020-07-09,Contra Costa,013,1133247,5971,4388,10,4398,86
2020-07-09,Del Norte,015,27424,63,57,0,57,0
2020-07-09,El Dorado,017,186661,458,255,0,255,0
2020-07-09,Fresno,019,978130,13904,7385,104,7489,90
2020-07-09,Glenn,021,27897,225,150,0,150,0
2020-07-09,Humboldt,023,135768,195,166,1,167,4
2020-07-09,Imperial,025,180216,9029,6778,5,6783,87
2020-07-09,Inyo,027,18085,37,35,1,36,1
2020-07-09,Kern,029,883053,14778,6100,45,6145,95
2020-07-09,Kings,031,150075,3323,2686,21,2707,33
2020-07-09,Lake,033,64148,146,99,0,99,1
2020-07-09,Lassen,035,31185,433,221,2,223,0
2020-07-09,Los Angeles,037,10098052,147015,125062,148,125210,3698
2020-07-09,Madera,039,155013,1530,850,3,853,4
2020-07-09,Marin,041,260295,4054,2975,4,2979,20
2020-07-09,Mariposa,043,17540,38,32,0,32,1
2020-07-09,Mendocino,045,87422,146,88,0,88,0
2020-07-09,Merced,047,269075,2941,1728,3,1731,11
2020-07-09,Modoc,049,8938,1,0,0,0,0
2020-07-09,Mono,051,14174,63,45,0,45,1
2020-07-09,Monterey,053,433212,3157,2223,8,2231,17
2020-07-09,Napa,055,140530,669,468,0,468,4
2020-07-09,Nevada,057,99092,213,156,5,161,1
2020-07-09,Orange,059,3164182,31487,22960,344,23304,407
2020-07-09,Placer,061,380077,1368,982,3,985,11
2020-07-09,Plumas,063,18699,19,12,0,12,0
2020-07-09,Riverside,065,2383286,31582,24980,30,25010,529
2020-07-09,Sacramento,067,1510023,6963,4950,7,4957,81
2020-07-09,San Benito,069,59416,416,295,0,295,2
2020-07-09,San Bernardino,071,2135413,26577,17339,24,17363,307
2020-07-09,San Diego,073,3302833,23304,18404,2,18406,415
2020-07-09,San Francisco,075,870044,4970,4143,3,4146,50
2020-07-09,San Joaquin,077,732212,8432,6004,5,6009,66
2020-07-09,San Luis Obispo,079,281455,1331,869,7,876,3
2020-07-09,San Mateo,081,765935,4507,3792,7,3799,106
2020-07-09,Santa Barbara,083,443738,5017,4068,42,4110,28
2020-07-09,Santa Clara,085,1922200,7939,5638,18,5656,164
2020-07-09,Santa Cruz,087,273765,683,526,5,531,3
2020-07-09,Shasta,089,179085,293,155,1,156,5
2020-07-09,Sierra,091,2930,1,1,0,1,0
2020-07-09,Siskiyou,093,43540,55,31,0,31,0
2020-07-09,Solano,095,438530,2754,1892,10,1902,23
2020-07-09,Sonoma,097,501317,2132,1584,4,1588,13
2020-07-09,Stanislaus,099,539301,6664,4633,7,4640,46
2020-07-09,Sutter,101,95872,429,321,0,321,2
2020-07-09,Tehama,103,63373,140,102,2,104,1
2020-07-09,Trinity,105,12862,21,2,5,7,0
2020-07-09,Tulare,107,460477,7298,5501,26,5527,146
2020-07-09,Tuolumne,109,53932,84,47,2,49,0
2020-07-09,Ventura,111,848112,5930,4278,21,4299,47
2020-07-09,Yolo,113,214977,1136,764,3,767,27
2020-07-09,Yuba,115,75493,194,152,0,152,1
2020-07-08,Alameda,001,1643700,8985,7335,13,7348,142
2020-07-08,Alpine,003,1148,2,1,0,1,0
2020-07-08,Amador,005,37829,40,35,0,35,0
2020-07-08,Butte,007,227075,529,281,7,288,3
2020-07-08,Calaveras,009,45235,75,58,0,58,0
2020-07-08,Colusa,011,21464,176,90,0,90,0
2020-07-08,Contra Costa,013,1133247,5725,4268,8,4276,84
2020-07-08,Del Norte,015,27424,61,57,0,57,0
2020-07-08,El Dorado,017,186661,437,248,0,248,0
2020-07-08,Fresno,019,978130,13487,7102,96,7198,86
2020-07-08,Glenn,021,27897,214,146,0,146,0
2020-07-08,Humboldt,023,135768,192,162,1,163,4
2020-07-08,Imperial,025,180216,8942,6727,5,6732,76
2020-07-08,Inyo,027,18085,37,35,1,36,1
2020-07-08,Kern,029,883053,14200,5873,43,5916,91
2020-07-08,Kings,031,150075,3263,2629,18,2647,33
2020-07-08,Lake,033,64148,139,97,0,97,1
2020-07-08,Lassen,035,31185,337,221,2,223,0
2020-07-08,Los Angeles,037,10098052,143815,123462,121,123583,3650
2020-07-08,Madera,039,155013,1460,828,3,831,4
2020-07-08,Marin,041,260295,3955,2756,4,2760,17
2020-07-08,Mariposa,043,17540,38,31,0,31,1
2020-07-08,Mendocino,045,87422,133,84,0,84,0
2020-07-08,Merced,047,269075,2822,1578,3,1581,11
2020-07-08,Modoc,049,8938,1,0,0,0,0
2020-07-08,Mono,051,14174,60,45,0,45,1
2020-07-08,Monterey,053,433212,3039,2182,7,2189,17
2020-07-08,Napa,055,140530,647,468,0,468,4
2020-07-08,Nevada,057,99092,204,156,5,161,1
2020-07-08,Orange,059,3164182,30535,22088,339,22427,378
2020-07-08,Placer,061,380077,1321,948,3,951,11
2020-07-08,Plumas,063,18699,19,12,0,12,0
2020-07-08,Riverside,065,2383286,30617,24042,29,24071,508
2020-07-08,Sacramento,067,1510023,6675,4799,7,4806,80
2020-07-08,San Benito,069,59416,400,282,0,282,2
2020-07-08,San Bernardino,071,2135413,25722,16510,20,16530,296
2020-07-08,San Diego,073,3302833,22737,17844,2,17846,406
2020-07-08,San Francisco,075,870044,4881,4093,3,4096,50
2020-07-08,San Joaquin,077,732212,8089,5759,5,5764,61
2020-07-08,San Luis Obispo,079,281455,1279,825,7,832,2
2020-07-08,San Mateo,081,765935,4386,3733,7,3740,106
2020-07-08,Santa Barbara,083,443738,4898,3985,42,4027,28
2020-07-08,Santa Clara,085,1922200,7706,5510,18,5528,164
2020-07-08,Santa Cruz,087,273765,650,509,4,513,3
2020-07-08,Shasta,089,179085,284,148,1,149,6
2020-07-08,Sierra,091,2930,1,1,0,1,0
2020-07-08,Siskiyou,093,43540,55,31,0,31,0
2020-07-08,Solano,095,438530,2638,1821,10,1831,23
2020-07-08,Sonoma,097,501317,2057,1495,4,1499,9
2020-07-08,Stanislaus,099,539301,6364,4344,7,4351,46
2020-07-08,Sutter,101,95872,404,298,0,298,2
2020-07-08,Tehama,103,63373,134,100,2,102,1
2020-07-08,Trinity,105,12862,20,2,5,7,0
2020-07-08,Tulare,107,460477,7106,5307,21,5328,138
2020-07-08,Tuolumne,109,53932,80,42,2,44,0
2020-07-08,Ventura,111,848112,5765,4139,21,4160,47
2020-07-08,Yolo,113,214977,1093,727,3,730,26
2020-07-08,Yuba,115,75493,181,145,0,145,1
2020-07-07,Alameda,001,1643700,8665,7097,12,7109,141
2020-07-07,Alpine,003,1148,2,1,0,1,0
2020-07-07,Amador,005,37829,40,33,0,33,0
2020-07-07,Butte,007,227075,486,269,7,276,3
2020-07-07,Calaveras,009,45235,73,58,0,58,0
2020-07-07,Colusa,011,21464,143,84,0,84,0
2020-07-07,Contra Costa,013,1133247,5489,4131,7,4138,84
2020-07-07,Del Norte,015,27424,61,57,0,57,0
2020-07-07,El Dorado,017,186661,417,244,0,244,0
2020-07-07,Fresno,019,978130,13034,6738,96,6834,84
2020-07-07,Glenn,021,27897,205,145,0,145,0
2020-07-07,Humboldt,023,135768,189,150,1,151,4
2020-07-07,Imperial,025,180216,8843,6678,5,6683,51
2020-07-07,Inyo,027,18085,36,32,1,33,1
2020-07-07,Kern,029,883053,13501,5645,39,5684,88
2020-07-07,Kings,031,150075,3200,2623,16,2639,33
2020-07-07,Lake,033,64148,129,94,0,94,1
2020-07-07,Lassen,035,31185,266,219,2,221,0
2020-07-07,Los Angeles,037,10098052,140248,121026,113,121139,3588
2020-07-07,Madera,039,155013,1416,794,3,797,4
2020-07-07,Marin,041,260295,3866,2627,4,2631,17
2020-07-07,Mariposa,043,17540,38,31,0,31,1
2020-07-07,Mendocino,045,87422,125,82,0,82,0
2020-07-07,Merced,047,269075,2648,1531,3,1534,10
2020-07-07,Modoc,049,8938,1,0,0,0,0
2020-07-07,Mono,051,14174,59,42,0,42,1
2020-07-07,Monterey,053,433212,2896,2166,7,2173,17
2020-07-07,Napa,055,140530,628,459,0,459,4
2020-07-07,Nevada,057,99092,198,150,5,155,1
2020-07-07,Orange,059,3164182,29524,21741,325,22066,373
2020-07-07,Placer,061,380077,1280,930,3,933,11
2020-07-07,Plumas,063,18699,17,12,0,12,0
2020-07-07,Riverside,065,2383286,29602,23279,29,23308,499
2020-07-07,Sacramento,067,1510023,6331,4592,7,4599,76
2020-07-07,San Benito,069,59416,382,274,0,274,2
2020-07-07,San Bernardino,071,2135413,24851,16004,18,16022,277
2020-07-07,San Diego,073,3302833,22022,17580,2,17582,399
2020-07-07,San Francisco,075,870044,4788,4045,2,4047,50
2020-07-07,San Joaquin,077,732212,7747,5547,5,5552,59
2020-07-07,San Luis Obispo,079,281455,1218,795,7,802,2
2020-07-07,San Mateo,081,765935,4271,3691,7,3698,106
2020-07-07,Santa Barbara,083,443738,4770,3866,41,3907,27
2020-07-07,Santa Clara,085,1922200,7437,5438,18,5456,164
2020-07-07,Santa Cruz,087,273765,616,502,3,505,2
2020-07-07,Shasta,089,179085,271,144,1,145,6
2020-07-07,Sierra,091,2930,1,1,0,1,0
2020-07-07,Siskiyou,093,43540,54,30,0,30,0
2020-07-07,Solano,095,438530,2527,1776,9,1785,22
2020-07-07,Sonoma,097,501317,1986,1473,4,1477,8
2020-07-07,Stanislaus,099,539301,6025,4101,7,4108,46
2020-07-07,Sutter,101,95872,378,273,0,273,2
2020-07-07,Tehama,103,63373,125,95,2,97,1
2020-07-07,Trinity,105,12862,20,2,5,7,0
2020-07-07,Tulare,107,460477,6926,5189,19,5208,137
2020-07-07,Tuolumne,109,53932,74,40,2,42,0
2020-07-07,Ventura,111,848112,5596,3992,19,4011,46
2020-07-07,Yolo,113,214977,1025,706,3,709,26
2020-07-07,Yuba,115,75493,161,138,0,138,1
2020-07-06,Alameda,001,1643700,8427,6970,12,6982,141
2020-07-06,Alpine,003,1148,1,1,0,1,0
2020-07-06,Amador,005,37829,38,33,0,33,0
2020-07-06,Butte,007,227075,430,257,7,264,2
2020-07-06,Calaveras,009,45235,70,45,0,45,0
2020-07-06,Colusa,011,21464,134,80,0,80,0
2020-07-06,Contra Costa,013,1133247,5259,3901,6,3907,83
2020-07-06,Del Norte,015,27424,60,57,0,57,0
2020-07-06,El Dorado,017,186661,402,232,0,232,0
2020-07-06,Fresno,019,978130,12566,6364,90,6454,82
2020-07-06,Glenn,021,27897,197,129,0,129,0
2020-07-06,Humboldt,023,135768,187,148,1,149,3
2020-07-06,Imperial,025,180216,8724,6443,5,6448,47
2020-07-06,Inyo,027,18085,36,32,1,33,1
2020-07-06,Kern,029,883053,12695,5491,37,5528,82
2020-07-06,Kings,031,150075,3149,2583,11,2594,33
2020-07-06,Lake,033,64148,122,93,0,93,1
2020-07-06,Lassen,035,31185,264,219,2,221,0
2020-07-06,Los Angeles,037,10098052,136648,116707,99,116806,3541
2020-07-06,Madera,039,155013,1346,734,3,737,4
2020-07-06,Marin,041,260295,3626,2136,4,2140,17
2020-07-06,Mariposa,043,17540,36,31,0,31,1
2020-07-06,Mendocino,045,87422,108,72,0,72,0
2020-07-06,Merced,047,269075,2497,1396,3,1399,10
2020-07-06,Modoc,049,8938,1,0,0,0,0
2020-07-06,Mono,051,14174,58,40,0,40,1
2020-07-06,Monterey,053,433212,2806,2078,7,2085,15
2020-07-06,Napa,055,140530,610,454,0,454,4
2020-07-06,Nevada,057,99092,192,146,5,151,1
2020-07-06,Orange,059,3164182,28462,20167,288,20455,372
2020-07-06,Placer,061,380077,1218,904,3,907,11
2020-07-06,Plumas,063,18699,17,11,0,11,0
2020-07-06,Riverside,065,2383286,28549,22485,28,22513,477
2020-07-06,Sacramento,067,1510023,5981,4420,7,4427,71
2020-07-06,San Benito,069,59416,367,264,0,264,2
2020-07-06,San Bernardino,071,2135413,23995,15346,15,15361,272
2020-07-06,San Diego,073,3302833,21308,17002,2,17004,387
2020-07-06,San Francisco,075,870044,4667,3861,2,3863,50
2020-07-06,San Joaquin,077,732212,7377,5104,5,5109,57
2020-07-06,San Luis Obispo,079,281455,1160,751,7,758,2
2020-07-06,San Mateo,081,765935,4179,3650,6,3656,106
2020-07-06,Santa Barbara,083,443738,4633,3763,40,3803,27
2020-07-06,Santa Clara,085,1922200,7166,5369,18,5387,165
2020-07-06,Santa Cruz,087,273765,594,466,2,468,2
2020-07-06,Shasta,089,179085,261,143,1,144,6
2020-07-06,Sierra,091,2930,1,1,0,1,0
2020-07-06,Siskiyou,093,43540,50,30,0,30,0
2020-07-06,Solano,095,438530,2394,1668,9,1677,22
2020-07-06,Sonoma,097,501317,1922,1369,4,1373,8
2020-07-06,Stanislaus,099,539301,5623,3983,7,3990,46
2020-07-06,Sutter,101,95872,351,250,0,250,2
2020-07-06,Tehama,103,63373,122,95,2,97,1
2020-07-06,Trinity,105,12862,19,2,5,7,0
2020-07-06,Tulare,107,460477,6721,5039,17,5056,136
2020-07-06,Tuolumne,109,53932,71,30,2,32,0
2020-07-06,Ventura,111,848112,5403,3912,19,3931,44
2020-07-06,Yolo,113,214977,969,685,3,688,26
2020-07-06,Yuba,115,75493,147,124,0,124,1
2020-07-05,Alameda,001,1643700,8175,6861,12,6873,141
2020-07-05,Alpine,003,1148,1,1,0,1,0
2020-07-05,Amador,005,37829,36,31,0,31,0
2020-07-05,Butte,007,227075,395,248,7,255,2
2020-07-05,Calaveras,009,45235,66,45,0,45,0
2020-07-05,Colusa,011,21464,124,79,0,79,0
2020-07-05,Contra Costa,013,1133247,5019,3665,5,3670,80
2020-07-05,Del Norte,015,27424,60,57,0,57,0
2020-07-05,El Dorado,017,186661,384,227,0,227,0
2020-07-05,Fresno,019,978130,11999,6186,88,6274,82
2020-07-05,Glenn,021,27897,194,129,0,129,0
2020-07-05,Humboldt,023,135768,183,147,1,148,3
2020-07-05,Imperial,025,180216,8590,6441,5,6446,47
2020-07-05,Inyo,027,18085,35,32,1,33,1
2020-07-05,Kern,029,883053,11986,5351,37,5388,82
2020-07-05,Kings,031,150075,3066,2546,10,2556,31
2020-07-05,Lake,033,64148,122,92,0,92,1
2020-07-05,Lassen,035,31185,258,219,2,221,0
2020-07-05,Los Angeles,037,10098052,133428,115133,93,115226,3495
2020-07-05,Madera,039,155013,1268,564,3,567,4
2020-07-05,Marin,041,260295,3443,2080,4,2084,17
2020-07-05,Mariposa,043,17540,36,31,0,31,1
2020-07-05,Mendocino,045,87422,105,72,0,72,0
2020-07-05,Merced,047,269075,2352,1340,3,1343,10
2020-07-05,Modoc,049,8938,1,0,0,0,0
2020-07-05,Mono,051,14174,54,39,0,39,1
2020-07-05,Monterey,053,433212,2703,1994,7,2001,15
2020-07-05,Napa,055,140530,580,450,0,450,4
2020-07-05,Nevada,057,99092,186,141,5,146,1
2020-07-05,Orange,059,3164182,27521,19430,275,19705,372
2020-07-05,Placer,061,380077,1161,855,3,858,11
2020-07-05,Plumas,063,18699,16,11,0,11,0
2020-07-05,Riverside,065,2383286,27692,21511,28,21539,474
2020-07-05,Sacramento,067,1510023,5666,4265,6,4271,71
2020-07-05,San Benito,069,59416,348,258,0,258,2
2020-07-05,San Bernardino,071,2135413,23117,15026,15,15041,270
2020-07-05,San Diego,073,3302833,20620,16728,2,16730,387
2020-07-05,San Francisco,075,870044,4549,3861,2,3863,50
2020-07-05,San Joaquin,077,732212,7058,5015,5,5020,57
2020-07-05,San Luis Obispo,079,281455,1081,730,7,737,2
2020-07-05,San Mateo,081,765935,4068,3575,6,3581,106
2020-07-05,Santa Barbara,083,443738,4485,3671,37,3708,27
2020-07-05,Santa Clara,085,1922200,6874,5237,18,5255,162
2020-07-05,Santa Cruz,087,273765,576,467,0,467,2
2020-07-05,Shasta,089,179085,255,138,1,139,6
2020-07-05,Sierra,091,2930,1,1,0,1,0
2020-07-05,Siskiyou,093,43540,46,30,0,30,0
2020-07-05,Solano,095,438530,2274,1547,9,1556,22
2020-07-05,Sonoma,097,501317,1841,1369,4,1373,8
2020-07-05,Stanislaus,099,539301,5292,3777,6,3783,45
2020-07-05,Sutter,101,95872,323,241,0,241,2
2020-07-05,Tehama,103,63373,120,95,2,97,1
2020-07-05,Trinity,105,12862,19,2,5,7,0
2020-07-05,Tulare,107,460477,6462,4981,15,4996,135
2020-07-05,Tuolumne,109,53932,66,30,2,32,0
2020-07-05,Ventura,111,848112,5200,3866,19,3885,44
2020-07-05,Yolo,113,214977,929,644,3,647,26
2020-07-05,Yuba,115,75493,137,115,0,115,1
2020-07-04,Alameda,001,1643700,8063,6737,12,6749,141
2020-07-04,Alpine,003,1148,1,1,0,1,0
2020-07-04,Amador,005,37829,35,31,0,31,0
2020-07-04,Butte,007,227075,377,224,7,231,2
2020-07-04,Calaveras,009,45235,66,45,0,45,0
2020-07-04,Colusa,011,21464,123,76,0,76,0
2020-07-04,Contra Costa,013,1133247,4871,3583,5,3588,80
2020-07-04,Del Norte,015,27424,60,50,0,50,0
2020-07-04,El Dorado,017,186661,365,211,0,211,0
2020-07-04,Fresno,019,978130,11682,5999,86,6085,82
2020-07-04,Glenn,021,27897,187,128,0,128,0
2020-07-04,Humboldt,023,135768,176,144,1,145,3
2020-07-04,Imperial,025,180216,8542,6441,5,6446,47
2020-07-04,Inyo,027,18085,35,32,1,33,1
2020-07-04,Kern,029,883053,11682,5231,37,5268,81
2020-07-04,Kings,031,150075,3023,2509,10,2519,31
2020-07-04,Lake,033,64148,115,86,0,86,1
2020-07-04,Lassen,035,31185,258,219,2,221,0
2020-07-04,Los Angeles,037,10098052,131612,107256,82,107338,3462
2020-07-04,Madera,039,155013,1222,568,3,571,4
2020-07-04,Marin,041,260295,3414,1962,4,1966,17
2020-07-04,Mariposa,043,17540,36,28,0,28,1
2020-07-04,Mendocino,045,87422,105,72,0,72,0
2020-07-04,Merced,047,269075,2249,1252,2,1254,10
2020-07-04,Modoc,049,8938,1,0,0,0,0
2020-07-04,Mono,051,14174,54,37,0,37,1
2020-07-04,Monterey,053,433212,2623,1878,7,1885,15
2020-07-04,Napa,055,140530,571,426,0,426,4
2020-07-04,Nevada,057,99092,183,125,5,130,1
2020-07-04,Orange,059,3164182,27088,19247,262,19509,372
2020-07-04,Placer,061,380077,1126,796,3,799,11
2020-07-04,Plumas,063,18699,16,11,0,11,0
2020-07-04,Riverside,065,2383286,27325,21508,28,21536,474
2020-07-04,Sacramento,067,1510023,5495,4039,6,4045,71
2020-07-04,San Benito,069,59416,335,255,0,255,2
2020-07-04,San Bernardino,071,2135413,22690,14636,13,14649,270
2020-07-04,San Diego,073,3302833,20160,16166,2,16168,387
2020-07-04,San Francisco,075,870044,4457,3861,2,3863,50
2020-07-04,San Joaquin,077,732212,6845,4807,5,4812,57
2020-07-04,San Luis Obispo,079,281455,1041,699,7,706,2
2020-07-04,San Mateo,081,765935,4005,3532,6,3538,106
2020-07-04,Santa Barbara,083,443738,4410,3520,35,3555,27
2020-07-04,Santa Clara,085,1922200,6682,5045,17,5062,161
2020-07-04,Santa Cruz,087,273765,566,466,0,466,2
2020-07-04,Shasta,089,179085,252,135,1,136,6
2020-07-04,Sierra,091,2930,1,1,0,1,0
2020-07-04,Siskiyou,093,43540,39,30,0,30,0
2020-07-04,Solano,095,438530,2238,1548,9,1557,22
2020-07-04,Sonoma,097,501317,1815,1370,4,1374,8
2020-07-04,Stanislaus,099,539301,5134,3572,6,3578,44
2020-07-04,Sutter,101,95872,304,225,0,225,2
2020-07-04,Tehama,103,63373,117,92,2,94,1
2020-07-04,Trinity,105,12862,19,2,5,7,0
2020-07-04,Tulare,107,460477,6350,4802,14,4816,135
2020-07-04,Tuolumne,109,53932,62,30,2,32,0
2020-07-04,Ventura,111,848112,5076,3687,19,3706,44
2020-07-04,Yolo,113,214977,904,615,3,618,26
2020-07-04,Yuba,115,75493,130,102,0,102,1
2020-07-03,Alameda,001,1643700,7942,6486,12,6498,141
2020-07-03,Alpine,003,1148,1,1,0,1,0
2020-07-03,Amador,005,37829,35,25,0,25,0
2020-07-03,Butte,007,227075,365,212,7,219,2
2020-07-03,Calaveras,009,45235,66,44,0,44,0
2020-07-03,Colusa,011,21464,117,70,0,70,0
2020-07-03,Contra Costa,013,1133247,4737,3447,5,3452,78
2020-07-03,Del Norte,015,27424,60,50,0,50,0
2020-07-03,El Dorado,017,186661,353,201,0,201,0
2020-07-03,Fresno,019,978130,11377,5783,84,5867,81
2020-07-03,Glenn,021,27897,182,122,0,122,0
2020-07-03,Humboldt,023,135768,172,143,1,144,3
2020-07-03,Imperial,025,180216,8494,6345,5,6350,47
2020-07-03,Inyo,027,18085,35,32,1,33,1
2020-07-03,Kern,029,883053,11421,5213,37,5250,81
2020-07-03,Kings,031,150075,2987,2492,10,2502,31
2020-07-03,Lake,033,64148,108,83,0,83,0
2020-07-03,Lassen,035,31185,258,219,2,221,0
2020-07-03,Los Angeles,037,10098052,130096,107236,78,107314,3461
2020-07-03,Madera,039,155013,1177,565,3,568,4
2020-07-03,Marin,041,260295,3385,1776,4,1780,17
2020-07-03,Mariposa,043,17540,36,28,0,28,1
2020-07-03,Mendocino,045,87422,104,72,0,72,0
2020-07-03,Merced,047,269075,2183,1188,2,1190,10
2020-07-03,Modoc,049,8938,1,0,0,0,0
2020-07-03,Mono,051,14174,54,37,0,37,1
2020-07-03,Monterey,053,433212,2552,1804,7,1811,15
2020-07-03,Napa,055,140530,553,388,0,388,4
2020-07-03,Nevada,057,99092,182,125,5,130,1
2020-07-03,Orange,059,3164182,26697,18819,254,19073,366
2020-07-03,Placer,061,380077,1099,745,3,748,11
2020-07-03,Plumas,063,18699,16,11,0,11,0
2020-07-03,Riverside,065,2383286,27019,21171,28,21199,472
2020-07-03,Sacramento,067,1510023,5361,3711,6,3717,71
2020-07-03,San Benito,069,59416,328,243,0,243,2
2020-07-03,San Bernardino,071,2135413,22301,14040,13,14053,269
2020-07-03,San Diego,073,3302833,19704,15698,2,15700,387
2020-07-03,San Francisco,075,870044,4410,3781,2,3783,50
2020-07-03,San Joaquin,077,732212,6707,4416,4,4420,56
2020-07-03,San Luis Obispo,079,281455,1006,676,7,683,2
2020-07-03,San Mateo,081,765935,3948,3439,6,3445,106
2020-07-03,Santa Barbara,083,443738,4323,3406,34,3440,27
2020-07-03,Santa Clara,085,1922200,6570,4820,17,4837,161
2020-07-03,Santa Cruz,087,273765,553,436,0,436,2
2020-07-03,Shasta,089,179085,244,113,1,114,6
2020-07-03,Sierra,091,2930,1,1,0,1,0
2020-07-03,Siskiyou,093,43540,36,30,0,30,0
2020-07-03,Solano,095,438530,2194,1496,8,1504,22
2020-07-03,Sonoma,097,501317,1767,1282,4,1286,8
2020-07-03,Stanislaus,099,539301,5009,3021,6,3027,43
2020-07-03,Sutter,101,95872,294,205,0,205,2
2020-07-03,Tehama,103,63373,115,89,2,91,1
2020-07-03,Trinity,105,12862,19,2,5,7,0
2020-07-03,Tulare,107,460477,6235,4656,14,4670,134
2020-07-03,Tuolumne,109,53932,60,27,2,29,0
2020-07-03,Ventura,111,848112,4980,3536,19,3555,44
2020-07-03,Yolo,113,214977,870,586,3,589,25
2020-07-03,Yuba,115,75493,125,96,0,96,1
2020-07-02,Alameda,001,1643700,7816,6386,12,6398,139
2020-07-02,Alpine,003,1148,1,1,0,1,0
2020-07-02,Amador,005,37829,34,23,0,23,0
2020-07-02,Butte,007,227075,348,199,7,206,2
2020-07-02,Calaveras,009,45235,62,42,0,42,0
2020-07-02,Colusa,011,21464,109,60,0,60,0
2020-07-02,Contra Costa,013,1133247,4553,3347,5,3352,77
2020-07-02,Del Norte,015,27424,59,50,0,50,0
2020-07-02,El Dorado,017,186661,342,193,0,193,0
2020-07-02,Fresno,019,978130,10917,5402,84,5486,78
2020-07-02,Glenn,021,27897,176,114,0,114,0
2020-07-02,Humboldt,023,135768,168,138,1,139,3
2020-07-02,Imperial,025,180216,8392,6236,5,6241,47
2020-07-02,Inyo,027,18085,35,29,1,30,1
2020-07-02,Kern,029,883053,10885,5036,35,5071,78
2020-07-02,Kings,031,150075,2936,2419,10,2429,31
2020-07-02,Lake,033,64148,104,81,0,81,0
2020-07-02,Lassen,035,31185,256,218,2,220,0
2020-07-02,Los Angeles,037,10098052,128079,107144,55,107199,3458
2020-07-02,Madera,039,155013,1109,548,3,551,4
2020-07-02,Marin,041,260295,3300,1706,4,1710,17
2020-07-02,Mariposa,043,17540,35,28,0,28,1
2020-07-02,Mendocino,045,87422,100,71,0,71,0
2020-07-02,Merced,047,269075,2086,1122,2,1124,10
2020-07-02,Modoc,049,8938,1,0,0,0,0
2020-07-02,Mono,051,14174,54,37,0,37,1
2020-07-02,Monterey,053,433212,2492,1796,7,1803,15
2020-07-02,Napa,055,140530,536,352,0,352,4
2020-07-02,Nevada,057,99092,176,118,4,122,1
2020-07-02,Orange,059,3164182,25933,17056,241,17297,360
2020-07-02,Placer,061,380077,1075,740,3,743,11
2020-07-02,Plumas,063,18699,15,8,0,8,0
2020-07-02,Riverside,065,2383286,26446,20253,28,20281,458
2020-07-02,Sacramento,067,1510023,5134,3587,6,3593,70
2020-07-02,San Benito,069,59416,320,236,0,236,2
2020-07-02,San Bernardino,071,2135413,21764,13185,13,13198,260
2020-07-02,San Diego,073,3302833,19242,15208,2,15210,377
2020-07-02,San Francisco,075,870044,4315,3676,2,3678,50
2020-07-02,San Joaquin,077,732212,6360,4243,4,4247,56
2020-07-02,San Luis Obispo,079,281455,961,659,7,666,2
2020-07-02,San Mateo,081,765935,3868,3390,6,3396,107
2020-07-02,Santa Barbara,083,443738,4223,3385,32,3417,27
2020-07-02,Santa Clara,085,1922200,6444,4722,17,4739,160
2020-07-02,Santa Cruz,087,273765,530,414,0,414,2
2020-07-02,Shasta,089,179085,241,110,1,111,5
2020-07-02,Sierra,091,2930,1,1,0,1,0
2020-07-02,Siskiyou,093,43540,36,30,0,30,0
2020-07-02,Solano,095,438530,2111,1429,8,1437,21
2020-07-02,Sonoma,097,501317,1709,1244,4,1248,6
2020-07-02,Stanislaus,099,539301,4837,2850,6,2856,41
2020-07-02,Sutter,101,95872,282,195,0,195,2
2020-07-02,Tehama,103,63373,113,86,2,88,1
2020-07-02,Trinity,105,12862,19,2,5,7,0
2020-07-02,Tulare,107,460477,6068,4559,13,4572,132
2020-07-02,Tuolumne,109,53932,57,23,2,25,0
2020-07-02,Ventura,111,848112,4824,3394,19,3413,42
2020-07-02,Yolo,113,214977,838,554,3,557,24
2020-07-02,Yuba,115,75493,115,93,0,93,1
2020-07-01,Alameda,001,1643700,7594,6125,12,6137,137
2020-07-01,Alpine,003,1148,1,1,0,1,0
2020-07-01,Amador,005,37829,33,22,0,22,0
2020-07-01,Butte,007,227075,323,185,7,192,2
2020-07-01,Calaveras,009,45235,60,37,0,37,0
2020-07-01,Colusa,011,21464,103,53,0,53,0
2020-07-01,Contra Costa,013,1133247,4341,3259,5,3264,76
2020-07-01,Del Norte,015,27424,59,50,0,50,0
2020-07-01,El Dorado,017,186661,315,183,0,183,0
2020-07-01,Fresno,019,978130,10483,5111,81,5192,76
2020-07-01,Glenn,021,27897,170,110,0,110,0
2020-07-01,Humboldt,023,135768,163,134,0,134,3
2020-07-01,Imperial,025,180216,8295,6150,5,6155,46
2020-07-01,Inyo,027,18085,34,30,1,31,1
2020-07-01,Kern,029,883053,10252,4853,33,4886,78
2020-07-01,Kings,031,150075,2868,2360,10,2370,30
2020-07-01,Lake,033,64148,103,75,0,75,0
2020-07-01,Lassen,035,31185,255,217,2,219,0
2020-07-01,Los Angeles,037,10098052,124877,105325,46,105371,3408
2020-07-01,Madera,039,155013,1068,519,3,522,4
2020-07-01,Marin,041,260295,3143,1636,4,1640,17
2020-07-01,Mariposa,043,17540,35,29,0,29,1
2020-07-01,Mendocino,045,87422,96,70,0,70,0
2020-07-01,Merced,047,269075,1986,1052,2,1054,10
2020-07-01,Modoc,049,8938,1,0,0,0,0
2020-07-01,Mono,051,14174,51,37,0,37,1
2020-07-01,Monterey,053,433212,2384,1703,6,1709,15
2020-07-01,Napa,055,140530,513,347,0,347,4
2020-07-01,Nevada,057,99092,166,115,4,119,1
2020-07-01,Orange,059,3164182,25048,15662,220,15882,343
2020-07-01,Placer,061,380077,1028,713,3,716,11
2020-07-01,Plumas,063,18699,13,8,0,8,0
2020-07-01,Riverside,065,2383286,25604,19537,27,19564,457
2020-07-01,Sacramento,067,1510023,4879,3425,6,3431,64
2020-07-01,San Benito,069,59416,311,219,0,219,2
2020-07-01,San Bernardino,071,2135413,20867,12712,10,12722,253
2020-07-01,San Diego,073,3302833,18683,14624,2,14626,372
2020-07-01,San Francisco,075,870044,4222,3626,2,3628,50
2020-07-01,San Joaquin,077,732212,6002,3990,4,3994,54
2020-07-01,San Luis Obispo,079,281455,934,613,7,620,1
2020-07-01,San Mateo,081,765935,3806,3326,6,3332,84
2020-07-01,Santa Barbara,083,443738,4103,3268,31,3299,27
2020-07-01,Santa Clara,085,1922200,6257,4547,16,4563,159
2020-07-01,Santa Cruz,087,273765,508,398,0,398,2
2020-07-01,Shasta,089,179085,236,104,1,105,5
2020-07-01,Sierra,091,2930,1,1,0,1,0
2020-07-01,Siskiyou,093,43540,36,28,0,28,0
2020-07-01,Solano,095,438530,2022,1350,8,1358,21
2020-07-01,Sonoma,097,501317,1613,1178,4,1182,6
2020-07-01,Stanislaus,099,539301,4558,2619,6,2625,41
2020-07-01,Sutter,101,95872,269,188,0,188,2
2020-07-01,Tehama,103,63373,106,80,2,82,1
2020-07-01,Trinity,105,12862,19,2,4,6,0
2020-07-01,Tulare,107,460477,5890,4359,13,4372,128
2020-07-01,Tuolumne,109,53932,54,17,2,19,0
2020-07-01,Ventura,111,848112,4681,3224,17,3241,41
2020-07-01,Yolo,113,214977,788,526,3,529,24
2020-07-01,Yuba,115,75493,110,57,0,57,1
2020-06-30,Alameda,001,1643700,7345,5959,10,5969,137
2020-06-30,Alpine,003,1148,1,1,0,1,0
2020-06-30,Amador,005,37829,33,21,0,21,0
2020-06-30,Butte,007,227075,306,163,7,170,2
2020-06-30,Calaveras,009,45235,55,31,0,31,0
2020-06-30,Colusa,011,21464,94,33,0,33,0
2020-06-30,Contra Costa,013,1133247,4134,3140,5,3145,75
2020-06-30,Del Norte,015,27424,59,48,0,48,0
2020-06-30,El Dorado,017,186661,302,175,0,175,0
2020-06-30,Fresno,019,978130,10035,4826,76,4902,75
2020-06-30,Glenn,021,27897,165,96,0,96,0
2020-06-30,Humboldt,023,135768,159,132,0,132,3
2020-06-30,Imperial,025,180216,8198,5968,5,5973,45
2020-06-30,Inyo,027,18085,34,30,1,31,1
2020-06-30,Kern,029,883053,9605,4721,30,4751,75
2020-06-30,Kings,031,150075,2819,2315,7,2322,30
2020-06-30,Lake,033,64148,95,56,0,56,0
2020-06-30,Lassen,035,31185,248,215,2,217,0
2020-06-30,Los Angeles,037,10098052,121299,103640,43,103683,3378
2020-06-30,Madera,039,155013,1011,475,3,478,4
2020-06-30,Marin,041,260295,3072,1614,4,1618,17
2020-06-30,Mariposa,043,17540,34,27,0,27,1
2020-06-30,Mendocino,045,87422,91,65,0,65,0
2020-06-30,Merced,047,269075,1849,970,2,972,10
2020-06-30,Modoc,049,8938,1,0,0,0,0
2020-06-30,Mono,051,14174,49,36,0,36,1
2020-06-30,Monterey,053,433212,2286,1657,6,1663,15
2020-06-30,Napa,055,140530,488,342,0,342,4
2020-06-30,Nevada,057,99092,158,113,4,117,1
2020-06-30,Orange,059,3164182,24117,14354,210,14564,335
2020-06-30,Placer,061,380077,1001,667,3,670,11
2020-06-30,Plumas,063,18699,12,8,0,8,0
2020-06-30,Riverside,065,2383286,24888,18656,26,18682,449
2020-06-30,Sacramento,067,1510023,4590,3246,6,3252,64
2020-06-30,San Benito,069,59416,300,200,0,200,2
2020-06-30,San Bernardino,071,2135413,19883,12375,10,12385,249
2020-06-30,San Diego,073,3302833,17979,14150,2,14152,365
2020-06-30,San Francisco,075,870044,4117,3555,1,3556,50
2020-06-30,San Joaquin,077,732212,5627,3744,4,3748,52
2020-06-30,San Luis Obispo,079,281455,896,583,7,590,1
2020-06-30,San Mateo,081,765935,3728,3268,6,3274,84
2020-06-30,Santa Barbara,083,443738,3987,3102,31,3133,25
2020-06-30,Santa Clara,085,1922200,6055,4346,16,4362,157
2020-06-30,Santa Cruz,087,273765,483,379,0,379,2
2020-06-30,Shasta,089,179085,220,100,1,101,5
2020-06-30,Sierra,091,2930,1,1,0,1,0
2020-06-30,Siskiyou,093,43540,35,26,0,26,0
2020-06-30,Solano,095,438530,1930,1256,8,1264,21
2020-06-30,Sonoma,097,501317,1549,1122,4,1126,6
2020-06-30,Stanislaus,099,539301,4260,2578,6,2584,41
2020-06-30,Sutter,101,95872,246,168,0,168,2
2020-06-30,Tehama,103,63373,104,75,2,77,1
2020-06-30,Trinity,105,12862,19,2,4,6,0
2020-06-30,Tulare,107,460477,5681,4207,13,4220,117
2020-06-30,Tuolumne,109,53932,50,16,2,18,0
2020-06-30,Ventura,111,848112,4547,3030,17,3047,40
2020-06-30,Yolo,113,214977,750,515,3,518,24
2020-06-30,Yuba,115,75493,106,55,0,55,1
2020-06-29,Alameda,001,1643700,7135,5766,10,5776,135
2020-06-29,Alpine,003,1148,1,1,0,1,0
2020-06-29,Amador,005,37829,30,20,0,20,0
2020-06-29,Butte,007,227075,285,157,7,164,2
2020-06-29,Calaveras,009,45235,53,30,0,30,0
2020-06-29,Colusa,011,21464,89,17,0,17,0
2020-06-29,Contra Costa,013,1133247,3971,2976,4,2980,75
2020-06-29,Del Norte,015,27424,59,47,0,47,0
2020-06-29,El Dorado,017,186661,288,163,0,163,0
2020-06-29,Fresno,019,978130,9687,4531,74,4605,74
2020-06-29,Glenn,021,27897,156,77,0,77,0
2020-06-29,Humboldt,023,135768,158,128,0,128,3
2020-06-29,Imperial,025,180216,8067,5512,5,5517,45
2020-06-29,Inyo,027,18085,33,29,0,29,1
2020-06-29,Kern,029,883053,8942,4613,28,4641,73
2020-06-29,Kings,031,150075,2754,2280,7,2287,20
2020-06-29,Lake,033,64148,88,53,0,53,0
2020-06-29,Lassen,035,31185,240,77,2,79,0
2020-06-29,Los Angeles,037,10098052,118260,100846,37,100883,3337
2020-06-29,Madera,039,155013,954,422,3,425,4
2020-06-29,Marin,041,260295,2996,1517,4,1521,17
2020-06-29,Mariposa,043,17540,32,25,0,25,1
2020-06-29,Mendocino,045,87422,88,63,0,63,0
2020-06-29,Merced,047,269075,1743,848,2,850,10
2020-06-29,Modoc,049,8938,1,0,0,0,0
2020-06-29,Mono,051,14174,47,35,0,35,1
2020-06-29,Monterey,053,433212,2214,1614,6,1620,14
2020-06-29,Napa,055,140530,466,317,0,317,4
2020-06-29,Nevada,057,99092,155,107,3,110,1
2020-06-29,Orange,059,3164182,23127,13682,194,13876,324
2020-06-29,Placer,061,380077,965,628,3,631,11
2020-06-29,Plumas,063,18699,12,6,0,6,0
2020-06-29,Riverside,065,2383286,23854,17683,26,17709,432
2020-06-29,Sacramento,067,1510023,4303,2985,6,2991,62
2020-06-29,San Benito,069,59416,285,193,0,193,2
2020-06-29,San Bernardino,071,2135413,18922,11643,10,11653,245
2020-06-29,San Diego,073,3302833,17402,13834,2,13836,361
2020-06-29,San Francisco,075,870044,4040,3389,1,3390,50
2020-06-29,San Joaquin,077,732212,5269,3202,4,3206,52
2020-06-29,San Luis Obispo,079,281455,862,544,7,551,1
2020-06-29,San Mateo,081,765935,3674,3170,6,3176,84
2020-06-29,Santa Barbara,083,443738,3878,2933,30,2963,25
2020-06-29,Santa Clara,085,1922200,5883,4231,16,4247,157
2020-06-29,Santa Cruz,087,273765,465,348,0,348,2
2020-06-29,Shasta,089,179085,212,94,1,95,5
2020-06-29,Sierra,091,2930,1,1,0,1,0
2020-06-29,Siskiyou,093,43540,35,25,0,25,0
2020-06-29,Solano,095,438530,1828,1077,8,1085,21
2020-06-29,Sonoma,097,501317,1477,1103,4,1107,5
2020-06-29,Stanislaus,099,539301,4054,2400,5,2405,36
2020-06-29,Sutter,101,95872,224,152,0,152,2
2020-06-29,Tehama,103,63373,100,63,2,65,1
2020-06-29,Trinity,105,12862,18,2,4,6,0
2020-06-29,Tulare,107,460477,5526,3906,12,3918,117
2020-06-29,Tuolumne,109,53932,46,16,2,18,0
2020-06-29,Ventura,111,848112,4400,2794,17,2811,40
2020-06-29,Yolo,113,214977,717,483,3,486,24
2020-06-29,Yuba,115,75493,93,55,0,55,1
2020-06-28,Alameda,001,1643700,6876,5698,10,5708,135
2020-06-28,Alpine,003,1148,1,1,0,1,0
2020-06-28,Amador,005,37829,28,20,0,20,0
2020-06-28,Butte,007,227075,265,150,7,157,2
2020-06-28,Calaveras,009,45235,48,30,0,30,0
2020-06-28,Colusa,011,21464,74,17,0,17,0
2020-06-28,Contra Costa,013,1133247,3781,2803,4,2807,73
2020-06-28,Del Norte,015,27424,58,47,0,47,0
2020-06-28,El Dorado,017,186661,276,162,0,162,0
2020-06-28,Fresno,019,978130,9326,4365,74,4439,74
2020-06-28,Glenn,021,27897,148,77,0,77,0
2020-06-28,Humboldt,023,135768,155,127,0,127,3
2020-06-28,Imperial,025,180216,7879,5513,4,5517,45
2020-06-28,Inyo,027,18085,33,29,0,29,1
2020-06-28,Kern,029,883053,8391,4541,26,4567,72
2020-06-28,Kings,031,150075,2694,2234,7,2241,18
2020-06-28,Lake,033,64148,84,53,0,53,0
2020-06-28,Lassen,035,31185,240,77,2,79,0
2020-06-28,Los Angeles,037,10098052,115059,98003,33,98036,3316
2020-06-28,Madera,039,155013,906,424,3,427,4
2020-06-28,Marin,041,260295,2650,1473,4,1477,17
2020-06-28,Mariposa,043,17540,32,24,0,24,1
2020-06-28,Mendocino,045,87422,86,63,0,63,0
2020-06-28,Merced,047,269075,1630,814,2,816,10
2020-06-28,Modoc,049,8938,1,0,0,0,0
2020-06-28,Mono,051,14174,47,35,0,35,1
2020-06-28,Monterey,053,433212,2132,1560,6,1566,13
2020-06-28,Napa,055,140530,432,307,0,307,4
2020-06-28,Nevada,057,99092,144,102,3,105,1
2020-06-28,Orange,059,3164182,22153,13213,176,13389,324
2020-06-28,Placer,061,380077,926,618,3,621,11
2020-06-28,Plumas,063,18699,11,6,0,6,0
2020-06-28,Riverside,065,2383286,23027,16848,25,16873,432
2020-06-28,Sacramento,067,1510023,4075,2803,6,2809,63
2020-06-28,San Benito,069,59416,274,190,0,190,2
2020-06-28,San Bernardino,071,2135413,18168,11344,9,11353,245
2020-06-28,San Diego,073,3302833,16857,13333,2,13335,361
2020-06-28,San Francisco,075,870044,3961,3388,1,3389,50
2020-06-28,San Joaquin,077,732212,4932,3201,4,3205,52
2020-06-28,San Luis Obispo,079,281455,822,531,6,537,1
2020-06-28,San Mateo,081,765935,3596,3124,6,3130,84
2020-06-28,Santa Barbara,083,443738,3733,2872,30,2902,25
2020-06-28,Santa Clara,085,1922200,5721,4131,16,4147,156
2020-06-28,Santa Cruz,087,273765,442,349,0,349,2
2020-06-28,Shasta,089,179085,199,89,0,89,5
2020-06-28,Sierra,091,2930,1,1,0,1,0
2020-06-28,Siskiyou,093,43540,35,25,0,25,0
2020-06-28,Solano,095,438530,1753,1077,8,1085,21
2020-06-28,Sonoma,097,501317,1423,1084,4,1088,5
2020-06-28,Stanislaus,099,539301,3848,2376,5,2381,36
2020-06-28,Sutter,101,95872,198,145,0,145,2
2020-06-28,Tehama,103,63373,93,63,2,65,1
2020-06-28,Trinity,105,12862,17,2,4,6,0
2020-06-28,Tulare,107,460477,5358,3812,12,3824,117
2020-06-28,Tuolumne,109,53932,41,14,2,16,0
2020-06-28,Ventura,111,848112,4242,2650,17,2667,40
2020-06-28,Yolo,113,214977,682,468,3,471,24
2020-06-28,Yuba,115,75493,89,39,0,39,1
2020-06-27,Alameda,001,1643700,6780,5581,10,5591,135
2020-06-27,Alpine,003,1148,1,1,0,1,0
2020-06-27,Amador,005,37829,26,20,0,20,0
2020-06-27,Butte,007,227075,257,137,7,144,2
2020-06-27,Calaveras,009,45235,46,30,0,30,0
2020-06-27,Colusa,011,21464,68,17,0,17,0
2020-06-27,Contra Costa,013,1133247,3686,2717,3,2720,72
2020-06-27,Del Norte,015,27424,58,47,0,47,0
2020-06-27,El Dorado,017,186661,270,159,0,159,0
2020-06-27,Fresno,019,978130,9080,4238,74,4312,74
2020-06-27,Glenn,021,27897,144,77,0,77,0
2020-06-27,Humboldt,023,135768,153,127,0,127,3
2020-06-27,Imperial,025,180216,7818,5513,4,5517,45
2020-06-27,Inyo,027,18085,33,29,0,29,1
2020-06-27,Kern,029,883053,8127,4411,25,4436,70
2020-06-27,Kings,031,150075,2668,2187,7,2194,18
2020-06-27,Lake,033,64148,81,42,0,42,0
2020-06-27,Lassen,035,31185,240,33,2,35,0
2020-06-27,Los Angeles,037,10098052,113317,95341,30,95371,3291
2020-06-27,Madera,039,155013,863,427,2,429,4
2020-06-27,Marin,041,260295,2605,1423,4,1427,17
2020-06-27,Mariposa,043,17540,31,22,0,22,1
2020-06-27,Mendocino,045,87422,86,63,0,63,0
2020-06-27,Merced,047,269075,1572,807,1,808,10
2020-06-27,Modoc,049,8938,1,0,0,0,0
2020-06-27,Mono,051,14174,46,35,0,35,1
2020-06-27,Monterey,053,433212,2068,1455,6,1461,12
2020-06-27,Napa,055,140530,422,282,0,282,3
2020-06-27,Nevada,057,99092,140,102,2,104,1
2020-06-27,Orange,059,3164182,21642,12951,171,13122,320
2020-06-27,Placer,061,380077,905,584,3,587,10
2020-06-27,Plumas,063,18699,11,6,0,6,0
2020-06-27,Riverside,065,2383286,22638,16209,25,16234,432
2020-06-27,Sacramento,067,1510023,3958,2685,6,2691,63
2020-06-27,San Benito,069,59416,267,182,0,182,2
2020-06-27,San Bernardino,071,2135413,17789,11238,9,11247,243
2020-06-27,San Diego,073,3302833,16492,12836,2,12838,360
2020-06-27,San Francisco,075,870044,3906,3332,1,3333,49
2020-06-27,San Joaquin,077,732212,4766,2995,4,2999,52
2020-06-27,San Luis Obispo,079,281455,798,505,6,511,1
2020-06-27,San Mateo,081,765935,3539,3083,6,3089,83
2020-06-27,Santa Barbara,083,443738,3661,2799,30,2829,25
2020-06-27,Santa Clara,085,1922200,5615,4006,16,4022,157
2020-06-27,Santa Cruz,087,273765,435,347,0,347,2
2020-06-27,Shasta,089,179085,194,87,0,87,5
2020-06-27,Sierra,091,2930,1,1,0,1,0
2020-06-27,Siskiyou,093,43540,35,25,0,25,0
2020-06-27,Solano,095,438530,1720,1076,8,1084,21
2020-06-27,Sonoma,097,501317,1392,1004,4,1008,5
2020-06-27,Stanislaus,099,539301,3748,2164,5,2169,36
2020-06-27,Sutter,101,95872,191,141,0,141,2
2020-06-27,Tehama,103,63373,90,63,2,65,1
2020-06-27,Trinity,105,12862,17,2,4,6,0
2020-06-27,Tulare,107,460477,5262,3810,12,3822,117
2020-06-27,Tuolumne,109,53932,40,13,2,15,0
2020-06-27,Ventura,111,848112,4142,2471,17,2488,40
2020-06-27,Yolo,113,214977,658,432,3,435,24
2020-06-27,Yuba,115,75493,81,39,0,39,1
2020-06-26,Alameda,001,1643700,6694,5502,9,5511,132
2020-06-26,Alpine,003,1148,1,1,0,1,0
2020-06-26,Amador,005,37829,25,20,0,20,0
2020-06-26,Butte,007,227075,242,135,7,142,2
2020-06-26,Calaveras,009,45235,44,30,0,30,0
2020-06-26,Colusa,011,21464,63,17,0,17,0
2020-06-26,Contra Costa,013,1133247,3573,2676,3,2679,72
2020-06-26,Del Norte,015,27424,57,47,0,47,0
2020-06-26,El Dorado,017,186661,262,159,0,159,0
2020-06-26,Fresno,019,978130,8854,4166,74,4240,74
2020-06-26,Glenn,021,27897,137,71,0,71,0
2020-06-26,Humboldt,023,135768,151,126,0,126,3
2020-06-26,Imperial,025,180216,7755,5400,4,5404,44
2020-06-26,Inyo,027,18085,32,29,0,29,1
2020-06-26,Kern,029,883053,7797,4366,25,4391,70
2020-06-26,Kings,031,150075,2636,2176,6,2182,18
2020-06-26,Lake,033,64148,80,42,0,42,0
2020-06-26,Lassen,035,31185,239,30,2,32,0
2020-06-26,Los Angeles,037,10098052,111151,93328,30,93358,3275
2020-06-26,Madera,039,155013,831,409,2,411,4
2020-06-26,Marin,041,260295,2569,1406,4,1410,17
2020-06-26,Mariposa,043,17540,30,21,0,21,1
2020-06-26,Mendocino,045,87422,83,63,0,63,0
2020-06-26,Merced,047,269075,1526,797,1,798,10
2020-06-26,Modoc,049,8938,1,0,0,0,0
2020-06-26,Mono,051,14174,45,35,0,35,1
2020-06-26,Monterey,053,433212,2016,1449,6,1455,12
2020-06-26,Napa,055,140530,412,277,0,277,3
2020-06-26,Nevada,057,99092,136,101,1,102,1
2020-06-26,Orange,059,3164182,20966,12659,168,12827,320
2020-06-26,Placer,061,380077,877,584,3,587,10
2020-06-26,Plumas,063,18699,11,6,0,6,0
2020-06-26,Riverside,065,2383286,22175,15858,25,15883,430
2020-06-26,Sacramento,067,1510023,3793,2687,6,2693,63
2020-06-26,San Benito,069,59416,263,176,0,176,2
2020-06-26,San Bernardino,071,2135413,17412,11111,9,11120,243
2020-06-26,San Diego,073,3302833,16127,12402,2,12404,358
2020-06-26,San Francisco,075,870044,3850,3330,1,3331,49
2020-06-26,San Joaquin,077,732212,4552,2943,4,2947,52
2020-06-26,San Luis Obispo,079,281455,783,498,6,504,1
2020-06-26,San Mateo,081,765935,3487,3055,6,3061,83
2020-06-26,Santa Barbara,083,443738,3571,2784,28,2812,25
2020-06-26,Santa Clara,085,1922200,5514,3968,16,3984,156
2020-06-26,Santa Cruz,087,273765,428,344,0,344,2
2020-06-26,Shasta,089,179085,187,86,0,86,5
2020-06-26,Sierra,091,2930,1,1,0,1,0
2020-06-26,Siskiyou,093,43540,34,24,0,24,0
2020-06-26,Solano,095,438530,1678,1068,8,1076,21
2020-06-26,Sonoma,097,501317,1360,977,4,981,5
2020-06-26,Stanislaus,099,539301,3635,2157,5,2162,36
2020-06-26,Sutter,101,95872,184,138,0,138,2
2020-06-26,Tehama,103,63373,87,63,2,65,1
2020-06-26,Trinity,105,12862,17,2,4,6,0
2020-06-26,Tulare,107,460477,5173,3720,12,3732,117
2020-06-26,Tuolumne,109,53932,38,10,2,12,0
2020-06-26,Ventura,111,848112,4056,2444,17,2461,40
2020-06-26,Yolo,113,214977,634,418,3,421,24
2020-06-26,Yuba,115,75493,75,38,0,38,1
2020-06-25,Alameda,001,1643700,6505,5398,9,5407,130
2020-06-25,Alpine,003,1148,1,1,0,1,0
2020-06-25,Amador,005,37829,24,18,0,18,0
2020-06-25,Butte,007,227075,237,127,7,134,1
2020-06-25,Calaveras,009,45235,39,26,0,26,0
2020-06-25,Colusa,011,21464,53,14,0,14,0
2020-06-25,Contra Costa,013,1133247,3388,2591,3,2594,71
2020-06-25,Del Norte,015,27424,55,47,0,47,0
2020-06-25,El Dorado,017,186661,254,150,0,150,0
2020-06-25,Fresno,019,978130,8541,3938,73,4011,71
2020-06-25,Glenn,021,27897,132,59,0,59,0
2020-06-25,Humboldt,023,135768,150,121,0,121,3
2020-06-25,Imperial,025,180216,7626,5192,4,5196,44
2020-06-25,Inyo,027,18085,29,27,0,27,1
2020-06-25,Kern,029,883053,7372,4236,22,4258,69
2020-06-25,Kings,031,150075,2584,2110,6,2116,17
2020-06-25,Lake,033,64148,79,42,0,42,0
2020-06-25,Lassen,035,31185,233,13,2,15,0
2020-06-25,Los Angeles,037,10098052,108384,91524,30,91554,3239
2020-06-25,Madera,039,155013,787,380,2,382,4
2020-06-25,Marin,041,260295,2467,1321,4,1325,17
2020-06-25,Mariposa,043,17540,29,20,0,20,1
2020-06-25,Mendocino,045,87422,80,61,0,61,0
2020-06-25,Merced,047,269075,1439,747,1,748,10
2020-06-25,Modoc,049,8938,1,0,0,0,0
2020-06-25,Mono,051,14174,44,35,0,35,1
2020-06-25,Monterey,053,433212,1928,1426,5,1431,12
2020-06-25,Napa,055,140530,394,260,0,260,3
2020-06-25,Nevada,057,99092,128,92,1,93,1
2020-06-25,Orange,059,3164182,20044,12221,166,12387,311
2020-06-25,Placer,061,380077,823,574,3,577,10
2020-06-25,Plumas,063,18699,10,6,0,6,0
2020-06-25,Riverside,065,2383286,21420,15224,25,15249,427
2020-06-25,Sacramento,067,1510023,3570,2519,6,2525,62
2020-06-25,San Benito,069,59416,255,174,0,174,2
2020-06-25,San Bernardino,071,2135413,16661,10590,9,10599,242
2020-06-25,San Diego,073,3302833,15588,11963,2,11965,352
2020-06-25,San Francisco,075,870044,3784,3252,1,3253,48
2020-06-25,San Joaquin,077,732212,4279,2803,4,2807,50
2020-06-25,San Luis Obispo,079,281455,751,473,6,479,1
2020-06-25,San Mateo,081,765935,3419,2996,6,3002,82
2020-06-25,Santa Barbara,083,443738,3465,2622,27,2649,25
2020-06-25,Santa Clara,085,1922200,5365,3871,16,3887,156
2020-06-25,Santa Cruz,087,273765,416,335,0,335,2
2020-06-25,Shasta,089,179085,177,84,0,84,5
2020-06-25,Sierra,091,2930,1,1,0,1,0
2020-06-25,Siskiyou,093,43540,33,24,0,24,0
2020-06-25,Solano,095,438530,1625,1034,8,1042,21
2020-06-25,Sonoma,097,501317,1313,953,3,956,5
2020-06-25,Stanislaus,099,539301,3423,2130,5,2135,36
2020-06-25,Sutter,101,95872,172,126,0,126,2
2020-06-25,Tehama,103,63373,83,59,2,61,1
2020-06-25,Trinity,105,12862,17,2,4,6,0
2020-06-25,Tulare,107,460477,5042,3656,12,3668,117
2020-06-25,Tuolumne,109,53932,37,10,1,11,0
2020-06-25,Ventura,111,848112,3874,2346,16,2362,40
2020-06-25,Yolo,113,214977,605,397,3,400,24
2020-06-25,Yuba,115,75493,64,38,0,38,1
2020-06-24,Alameda,001,1643700,6343,5242,9,5251,123
2020-06-24,Alpine,003,1148,1,1,0,1,0
2020-06-24,Amador,005,37829,22,16,0,16,0
2020-06-24,Butte,007,227075,221,119,7,126,1
2020-06-24,Calaveras,009,45235,37,26,0,26,0
2020-06-24,Colusa,011,21464,44,11,0,11,0
2020-06-24,Contra Costa,013,1133247,3233,2520,3,2523,66
2020-06-24,Del Norte,015,27424,49,47,0,47,0
2020-06-24,El Dorado,017,186661,238,149,0,149,0
2020-06-24,Fresno,019,978130,8210,3765,73,3838,71
2020-06-24,Glenn,021,27897,124,54,0,54,0
2020-06-24,Humboldt,023,135768,150,117,0,117,3
2020-06-24,Imperial,025,180216,7508,5138,4,5142,38
2020-06-24,Inyo,027,18085,29,28,0,28,1
2020-06-24,Kern,029,883053,6979,4155,20,4175,67
2020-06-24,Kings,031,150075,2520,2063,6,2069,16
2020-06-24,Lake,033,64148,66,40,0,40,0
2020-06-24,Lassen,035,31185,232,9,2,11,0
2020-06-24,Los Angeles,037,10098052,105624,89566,30,89596,3186
2020-06-24,Madera,039,155013,765,373,2,375,4
2020-06-24,Marin,041,260295,2239,1261,4,1265,17
2020-06-24,Mariposa,043,17540,28,19,0,19,1
2020-06-24,Mendocino,045,87422,80,60,0,60,0
2020-06-24,Merced,047,269075,1353,696,1,697,8
2020-06-24,Modoc,049,8938,1,0,0,0,0
2020-06-24,Mono,051,14174,42,35,0,35,1
2020-06-24,Monterey,053,433212,1851,1407,5,1412,12
2020-06-24,Napa,055,140530,377,258,0,258,3
2020-06-24,Nevada,057,99092,122,92,1,93,1
2020-06-24,Orange,059,3164182,19047,11804,148,11952,303
2020-06-24,Placer,061,380077,784,548,3,551,10
2020-06-24,Plumas,063,18699,10,6,0,6,0
2020-06-24,Riverside,065,2383286,20573,14946,25,14971,410
2020-06-24,Sacramento,067,1510023,3365,2446,5,2451,62
2020-06-24,San Benito,069,59416,251,171,0,171,2
2020-06-24,San Bernardino,071,2135413,15848,10211,9,10220,239
2020-06-24,San Diego,073,3302833,15085,11628,2,11630,347
2020-06-24,San Francisco,075,870044,3721,3216,1,3217,48
2020-06-24,San Joaquin,077,732212,4058,2680,4,2684,49
2020-06-24,San Luis Obispo,079,281455,719,461,5,466,1
2020-06-24,San Mateo,081,765935,3362,2964,6,2970,82
2020-06-24,Santa Barbara,083,443738,3345,2569,25,2594,22
2020-06-24,Santa Clara,085,1922200,5234,3812,16,3828,155
2020-06-24,Santa Cruz,087,273765,404,329,0,329,2
2020-06-24,Shasta,089,179085,169,83,0,83,5
2020-06-24,Sierra,091,2930,1,1,0,1,0
2020-06-24,Siskiyou,093,43540,32,24,0,24,0
2020-06-24,Solano,095,438530,1535,979,7,986,21
2020-06-24,Sonoma,097,501317,1264,933,3,936,4
2020-06-24,Stanislaus,099,539301,3244,2039,5,2044,36
2020-06-24,Sutter,101,95872,159,118,0,118,2
2020-06-24,Tehama,103,63373,81,55,2,57,1
2020-06-24,Trinity,105,12862,16,2,3,5,0
2020-06-24,Tulare,107,460477,4887,3541,10,3551,116
2020-06-24,Tuolumne,109,53932,32,9,1,10,0
2020-06-24,Ventura,111,848112,3533,2314,16,2330,42
2020-06-24,Yolo,113,214977,570,376,3,379,24
2020-06-24,Yuba,115,75493,58,37,0,37,1
2020-06-23,Alameda,001,1643700,6162,5159,9,5168,121
2020-06-23,Alpine,003,1148,1,1,0,1,0
2020-06-23,Amador,005,37829,21,13,0,13,0
2020-06-23,Butte,007,227075,203,111,7,118,1
2020-06-23,Calaveras,009,45235,37,26,0,26,0
2020-06-23,Colusa,011,21464,40,7,0,7,0
2020-06-23,Contra Costa,013,1133247,3107,2453,3,2456,60
2020-06-23,Del Norte,015,27424,48,46,0,46,0
2020-06-23,El Dorado,017,186661,229,142,0,142,0
2020-06-23,Fresno,019,978130,7559,3569,71,3640,67
2020-06-23,Glenn,021,27897,120,47,0,47,0
2020-06-23,Humboldt,023,135768,150,110,0,110,3
2020-06-23,Imperial,025,180216,7345,5025,4,5029,38
2020-06-23,Inyo,027,18085,29,26,0,26,1
2020-06-23,Kern,029,883053,6611,4087,17,4104,64
2020-06-23,Kings,031,150075,2455,1727,6,1733,16
2020-06-23,Lake,033,64148,60,40,0,40,0
2020-06-23,Lassen,035,31185,228,9,2,11,0
2020-06-23,Los Angeles,037,10098052,102684,88433,29,88462,3152
2020-06-23,Madera,039,155013,726,369,2,371,4
2020-06-23,Marin,041,260295,1970,1139,4,1143,17
2020-06-23,Mariposa,043,17540,26,18,0,18,1
2020-06-23,Mendocino,045,87422,79,61,0,61,0
2020-06-23,Merced,047,269075,1256,656,1,657,8
2020-06-23,Modoc,049,8938,1,0,0,0,0
2020-06-23,Mono,051,14174,42,35,0,35,1
2020-06-23,Monterey,053,433212,1781,1346,5,1351,12
2020-06-23,Napa,055,140530,362,230,0,230,3
2020-06-23,Nevada,057,99092,116,81,1,82,1
2020-06-23,Orange,059,3164182,18079,11071,145,11216,278
2020-06-23,Placer,061,380077,758,525,3,528,10
2020-06-23,Plumas,063,18699,9,6,0,6,0
2020-06-23,Riverside,065,2383286,19553,14469,25,14494,406
2020-06-23,Sacramento,067,1510023,3186,2374,5,2379,62
2020-06-23,San Benito,069,59416,237,167,0,167,2
2020-06-23,San Bernardino,071,2135413,15066,9771,9,9780,229
2020-06-23,San Diego,073,3302833,14565,11296,2,11298,341
2020-06-23,San Francisco,075,870044,3647,3177,1,3178,48
2020-06-23,San Joaquin,077,732212,3799,2502,4,2506,48
2020-06-23,San Luis Obispo,079,281455,688,445,5,450,1
2020-06-23,San Mateo,081,765935,3297,2907,6,2913,81
2020-06-23,Santa Barbara,083,443738,3248,2498,25,2523,22
2020-06-23,Santa Clara,085,1922200,5088,3700,16,3716,155
2020-06-23,Santa Cruz,087,273765,394,313,0,313,2
2020-06-23,Shasta,089,179085,160,81,0,81,5
2020-06-23,Sierra,091,2930,1,1,0,1,0
2020-06-23,Siskiyou,093,43540,30,24,0,24,0
2020-06-23,Solano,095,438530,1478,941,6,947,21
2020-06-23,Sonoma,097,501317,1211,912,3,915,4
2020-06-23,Stanislaus,099,539301,3068,1850,5,1855,35
2020-06-23,Sutter,101,95872,149,112,0,112,2
2020-06-23,Tehama,103,63373,79,50,2,52,1
2020-06-23,Trinity,105,12862,16,2,3,5,0
2020-06-23,Tulare,107,460477,4765,3456,10,3466,111
2020-06-23,Tuolumne,109,53932,27,9,0,9,0
2020-06-23,Ventura,111,848112,3373,2209,15,2224,40
2020-06-23,Yolo,113,214977,544,350,0,350,24
2020-06-23,Yuba,115,75493,55,35,0,35,1
2020-06-22,Alameda,001,1643700,6011,4944,9,4953,121
2020-06-22,Alpine,003,1148,1,1,0,1,0
2020-06-22,Amador,005,37829,18,12,0,12,0
2020-06-22,Butte,007,227075,184,104,7,111,1
2020-06-22,Calaveras,009,45235,35,20,0,20,0
2020-06-22,Colusa,011,21464,37,7,0,7,0
2020-06-22,Contra Costa,013,1133247,2965,2363,3,2366,60
2020-06-22,Del Norte,015,27424,48,46,0,46,0
2020-06-22,El Dorado,017,186661,220,137,0,137,0
2020-06-22,Fresno,019,978130,7027,3425,71,3496,67
2020-06-22,Glenn,021,27897,111,40,0,40,0
2020-06-22,Humboldt,023,135768,147,110,0,110,3
2020-06-22,Imperial,025,180216,7189,4700,4,4704,38
2020-06-22,Inyo,027,18085,29,26,0,26,1
2020-06-22,Kern,029,883053,6259,3982,15,3997,60
2020-06-22,Kings,031,150075,2406,1513,6,1519,13
2020-06-22,Lake,033,64148,54,37,0,37,0
2020-06-22,Lassen,035,31185,118,7,2,9,0
2020-06-22,Los Angeles,037,10098052,99787,85925,27,85952,3117
2020-06-22,Madera,039,155013,701,333,2,335,4
2020-06-22,Marin,041,260295,1712,1029,4,1033,17
2020-06-22,Mariposa,043,17540,25,18,0,18,1
2020-06-22,Mendocino,045,87422,74,48,0,48,0
2020-06-22,Merced,047,269075,1167,619,1,620,8
2020-06-22,Modoc,049,8938,1,0,0,0,0
2020-06-22,Mono,051,14174,42,34,0,34,1
2020-06-22,Monterey,053,433212,1720,1293,5,1298,12
2020-06-22,Napa,055,140530,338,222,0,222,3
2020-06-22,Nevada,057,99092,111,79,1,80,1
2020-06-22,Orange,059,3164182,17147,10711,142,10853,275
2020-06-22,Placer,061,380077,732,512,3,515,9
2020-06-22,Plumas,063,18699,7,6,0,6,0
2020-06-22,Riverside,065,2383286,18581,13948,25,13973,403
2020-06-22,Sacramento,067,1510023,2969,2243,5,2248,62
2020-06-22,San Benito,069,59416,228,164,0,164,2
2020-06-22,San Bernardino,071,2135413,14289,9133,9,9142,229
2020-06-22,San Diego,073,3302833,14073,11098,2,11100,338
2020-06-22,San Francisco,075,870044,3554,3000,1,3001,47
2020-06-22,San Joaquin,077,732212,3551,2332,4,2336,48
2020-06-22,San Luis Obispo,079,281455,655,422,5,427,1
2020-06-22,San Mateo,081,765935,3224,2813,5,2818,81
2020-06-22,Santa Barbara,083,443738,3156,2447,25,2472,21
2020-06-22,Santa Clara,085,1922200,4925,3580,16,3596,155
2020-06-22,Santa Cruz,087,273765,381,290,0,290,3
2020-06-22,Shasta,089,179085,157,77,0,77,5
2020-06-22,Sierra,091,2930,1,1,0,1,0
2020-06-22,Siskiyou,093,43540,30,23,0,23,0
2020-06-22,Solano,095,438530,1400,784,5,789,21
2020-06-22,Sonoma,097,501317,1166,860,1,861,4
2020-06-22,Stanislaus,099,539301,2883,1784,5,1789,35
2020-06-22,Sutter,101,95872,140,100,0,100,2
2020-06-22,Tehama,103,63373,75,38,2,40,1
2020-06-22,Trinity,105,12862,16,2,3,5,0
2020-06-22,Tulare,107,460477,4627,3185,10,3195,111
2020-06-22,Tuolumne,109,53932,18,8,0,8,0
2020-06-22,Ventura,111,848112,3224,2065,15,2080,39
2020-06-22,Yolo,113,214977,518,333,0,333,24
2020-06-22,Yuba,115,75493,50,36,0,36,1
2020-06-21,Alameda,001,1643700,5816,4835,9,4844,121
2020-06-21,Alpine,003,1148,1,1,0,1,0
2020-06-21,Amador,005,37829,13,12,0,12,0
2020-06-21,Butte,007,227075,170,97,7,104,1
2020-06-21,Calaveras,009,45235,35,20,0,20,0
2020-06-21,Colusa,011,21464,29,7,0,7,0
2020-06-21,Contra Costa,013,1133247,2839,2282,3,2285,60
2020-06-21,Del Norte,015,27424,47,46,0,46,0
2020-06-21,El Dorado,017,186661,211,132,0,132,0
2020-06-21,Fresno,019,978130,6456,3296,69,3365,67
2020-06-21,Glenn,021,27897,102,40,0,40,0
2020-06-21,Humboldt,023,135768,142,108,0,108,3
2020-06-21,Imperial,025,180216,7006,4701,4,4705,38
2020-06-21,Inyo,027,18085,27,26,0,26,1
2020-06-21,Kern,029,883053,5967,3918,14,3932,60
2020-06-21,Kings,031,150075,2342,1334,6,1340,11
2020-06-21,Lake,033,64148,49,36,0,36,0
2020-06-21,Lassen,035,31185,25,7,2,9,0
2020-06-21,Los Angeles,037,10098052,96905,83383,26,83409,3101
2020-06-21,Madera,039,155013,667,319,2,321,4
2020-06-21,Marin,041,260295,1555,907,4,911,17
2020-06-21,Mariposa,043,17540,22,18,0,18,1
2020-06-21,Mendocino,045,87422,71,48,0,48,0
2020-06-21,Merced,047,269075,1072,577,1,578,8
2020-06-21,Modoc,049,8938,1,0,0,0,0
2020-06-21,Mono,051,14174,42,34,0,34,1
2020-06-21,Monterey,053,433212,1647,1227,5,1232,12
2020-06-21,Napa,055,140530,323,218,0,218,3
2020-06-21,Nevada,057,99092,108,79,1,80,1
2020-06-21,Orange,059,3164182,16315,10563,138,10701,275
2020-06-21,Placer,061,380077,692,498,3,501,9
2020-06-21,Plumas,063,18699,7,6,0,6,0
2020-06-21,Riverside,065,2383286,17875,13528,24,13552,402
2020-06-21,Sacramento,067,1510023,2768,2156,4,2160,62
2020-06-21,San Benito,069,59416,214,151,0,151,2
2020-06-21,San Bernardino,071,2135413,13514,8925,8,8933,229
2020-06-21,San Diego,073,3302833,13527,10796,2,10798,338
2020-06-21,San Francisco,075,870044,3448,3000,1,3001,47
2020-06-21,San Joaquin,077,732212,3315,2188,4,2192,48
2020-06-21,San Luis Obispo,079,281455,629,418,5,423,1
2020-06-21,San Mateo,081,765935,3166,2781,5,2786,81
2020-06-21,Santa Barbara,083,443738,3049,2430,24,2454,21
2020-06-21,Santa Clara,085,1922200,4787,3514,16,3530,154
2020-06-21,Santa Cruz,087,273765,371,290,0,290,3
2020-06-21,Shasta,089,179085,147,75,0,75,5
2020-06-21,Sierra,091,2930,1,1,0,1,0
2020-06-21,Siskiyou,093,43540,30,23,0,23,0
2020-06-21,Solano,095,438530,1300,783,4,787,21
2020-06-21,Sonoma,097,501317,1116,836,1,837,4
2020-06-21,Stanislaus,099,539301,2697,1688,5,1693,35
2020-06-21,Sutter,101,95872,132,96,0,96,2
2020-06-21,Tehama,103,63373,64,35,2,37,1
2020-06-21,Trinity,105,12862,15,2,3,5,0
2020-06-21,Tulare,107,460477,4458,3173,10,3183,111
2020-06-21,Tuolumne,109,53932,16,8,0,8,0
2020-06-21,Ventura,111,848112,3046,2021,15,2036,39
2020-06-21,Yolo,113,214977,486,323,0,323,24
2020-06-21,Yuba,115,75493,46,35,0,35,1
2020-06-20,Alameda,001,1643700,5754,4758,9,4767,119
2020-06-20,Alpine,003,1148,1,1,0,1,0
2020-06-20,Amador,005,37829,13,12,0,12,0
2020-06-20,Butte,007,227075,163,94,7,101,1
2020-06-20,Calaveras,009,45235,35,20,0,20,0
2020-06-20,Colusa,011,21464,26,7,0,7,0
2020-06-20,Contra Costa,013,1133247,2780,2231,3,2234,54
2020-06-20,Del Norte,015,27424,47,46,0,46,0
2020-06-20,El Dorado,017,186661,206,130,0,130,0
2020-06-20,Fresno,019,978130,6330,3222,66,3288,67
2020-06-20,Glenn,021,27897,97,40,0,40,0
2020-06-20,Humboldt,023,135768,142,108,0,108,3
2020-06-20,Imperial,025,180216,6925,4616,4,4620,37
2020-06-20,Inyo,027,18085,27,26,0,26,1
2020-06-20,Kern,029,883053,5802,3836,14,3850,59
2020-06-20,Kings,031,150075,2318,1331,6,1337,9
2020-06-20,Lake,033,64148,49,37,0,37,0
2020-06-20,Lassen,035,31185,24,7,2,9,0
2020-06-20,Los Angeles,037,10098052,95333,81604,25,81629,3093
2020-06-20,Madera,039,155013,634,321,2,323,4
2020-06-20,Marin,041,260295,1535,879,4,883,17
2020-06-20,Mariposa,043,17540,22,18,0,18,1
2020-06-20,Mendocino,045,87422,70,48,0,48,0
2020-06-20,Merced,047,269075,1032,566,1,567,8
2020-06-20,Modoc,049,8938,1,0,0,0,0
2020-06-20,Mono,051,14174,42,34,0,34,1
2020-06-20,Monterey,053,433212,1611,1181,5,1186,12
2020-06-20,Napa,055,140530,314,212,0,212,3
2020-06-20,Nevada,057,99092,105,73,1,74,1
2020-06-20,Orange,059,3164182,15965,10284,134,10418,273
2020-06-20,Placer,061,380077,667,483,3,486,9
2020-06-20,Plumas,063,18699,6,6,0,6,0
2020-06-20,Riverside,065,2383286,17576,13021,24,13045,402
2020-06-20,Sacramento,067,1510023,2697,2069,4,2073,63
2020-06-20,San Benito,069,59416,210,139,0,139,2
2020-06-20,San Bernardino,071,2135413,13152,8718,8,8726,229
2020-06-20,San Diego,073,3302833,13204,10486,2,10488,338
2020-06-20,San Francisco,075,870044,3404,2999,1,3000,47
2020-06-20,San Joaquin,077,732212,3233,2046,4,2050,48
2020-06-20,San Luis Obispo,079,281455,616,405,5,410,1
2020-06-20,San Mateo,081,765935,3118,2755,5,2760,81
2020-06-20,Santa Barbara,083,443738,2993,2358,23,2381,21
2020-06-20,Santa Clara,085,1922200,4713,3435,16,3451,154
2020-06-20,Santa Cruz,087,273765,369,287,0,287,3
2020-06-20,Shasta,089,179085,141,66,0,66,5
2020-06-20,Sierra,091,2930,1,1,0,1,0
2020-06-20,Siskiyou,093,43540,29,22,0,22,0
2020-06-20,Solano,095,438530,1276,784,4,788,21
2020-06-20,Sonoma,097,501317,1080,806,1,807,4
2020-06-20,Stanislaus,099,539301,2589,1598,5,1603,35
2020-06-20,Sutter,101,95872,130,89,0,89,2
2020-06-20,Tehama,103,63373,62,35,2,37,1
2020-06-20,Trinity,105,12862,15,2,3,5,0
2020-06-20,Tulare,107,460477,4385,3172,10,3182,111
2020-06-20,Tuolumne,109,53932,13,8,0,8,0
2020-06-20,Ventura,111,848112,2981,1946,15,1961,37
2020-06-20,Yolo,113,214977,470,309,0,309,24
2020-06-20,Yuba,115,75493,44,34,0,34,1
2020-06-19,Alameda,001,1643700,5683,4646,9,4655,119
2020-06-19,Alpine,003,1148,1,1,0,1,0
2020-06-19,Amador,005,37829,13,12,0,12,0
2020-06-19,Butte,007,227075,158,91,7,98,1
2020-06-19,Calaveras,009,45235,34,20,0,20,0
2020-06-19,Colusa,011,21464,24,7,0,7,0
2020-06-19,Contra Costa,013,1133247,2700,2106,3,2109,54
2020-06-19,Del Norte,015,27424,47,46,0,46,0
2020-06-19,El Dorado,017,186661,197,124,0,124,0
2020-06-19,Fresno,019,978130,6168,3109,64,3173,61
2020-06-19,Glenn,021,27897,91,40,0,40,0
2020-06-19,Humboldt,023,135768,140,106,0,106,3
2020-06-19,Imperial,025,180216,6834,4504,4,4508,36
2020-06-19,Inyo,027,18085,27,26,0,26,1
2020-06-19,Kern,029,883053,5579,3742,13,3755,57
2020-06-19,Kings,031,150075,2297,1285,6,1291,9
2020-06-19,Lake,033,64148,46,36,0,36,0
2020-06-19,Lassen,035,31185,23,7,2,9,0
2020-06-19,Los Angeles,037,10098052,93354,79572,24,79596,3047
2020-06-19,Madera,039,155013,615,300,2,302,4
2020-06-19,Marin,041,260295,1506,829,4,833,17
2020-06-19,Mariposa,043,17540,21,18,0,18,1
2020-06-19,Mendocino,045,87422,69,48,0,48,0
2020-06-19,Merced,047,269075,987,529,1,530,8
2020-06-19,Modoc,049,8938,1,0,0,0,0
2020-06-19,Mono,051,14174,42,34,0,34,1
2020-06-19,Monterey,053,433212,1582,1159,5,1164,12
2020-06-19,Napa,055,140530,304,209,0,209,3
2020-06-19,Nevada,057,99092,102,71,1,72,1
2020-06-19,Orange,059,3164182,15432,9972,127,10099,260
2020-06-19,Placer,061,380077,649,464,3,467,9
2020-06-19,Plumas,063,18699,6,5,0,5,0
2020-06-19,Riverside,065,2383286,17171,12710,24,12734,398
2020-06-19,Sacramento,067,1510023,2614,1976,4,1980,64
2020-06-19,San Benito,069,59416,209,136,0,136,2
2020-06-19,San Bernardino,071,2135413,12746,8454,7,8461,226
2020-06-19,San Diego,073,3302833,12841,10352,2,10354,332
2020-06-19,San Francisco,075,870044,3349,2968,1,2969,47
2020-06-19,San Joaquin,077,732212,3110,1969,4,1973,48
2020-06-19,San Luis Obispo,079,281455,600,392,5,397,1
2020-06-19,San Mateo,081,765935,3079,2713,5,2718,81
2020-06-19,Santa Barbara,083,443738,2920,2284,21,2305,21
2020-06-19,Santa Clara,085,1922200,4639,3376,16,3392,154
2020-06-19,Santa Cruz,087,273765,359,283,0,283,3
2020-06-19,Shasta,089,179085,137,58,0,58,5
2020-06-19,Sierra,091,2930,1,1,0,1,0
2020-06-19,Siskiyou,093,43540,29,21,0,21,0
2020-06-19,Solano,095,438530,1238,755,4,759,21
2020-06-19,Sonoma,097,501317,1053,803,1,804,4
2020-06-19,Stanislaus,099,539301,2479,1549,5,1554,35
2020-06-19,Sutter,101,95872,129,89,0,89,2
2020-06-19,Tehama,103,63373,61,35,2,37,1
2020-06-19,Trinity,105,12862,15,2,3,5,0
2020-06-19,Tulare,107,460477,4314,3053,10,3063,107
2020-06-19,Tuolumne,109,53932,12,8,0,8,0
2020-06-19,Ventura,111,848112,2897,1865,15,1880,37
2020-06-19,Yolo,113,214977,451,303,0,303,24
2020-06-19,Yuba,115,75493,43,33,0,33,1
2020-06-18,Alameda,001,1643700,5553,4589,9,4598,118
2020-06-18,Alpine,003,1148,1,1,0,1,0
2020-06-18,Amador,005,37829,12,12,0,12,0
2020-06-18,Butte,007,227075,153,88,7,95,1
2020-06-18,Calaveras,009,45235,34,20,0,20,0
2020-06-18,Colusa,011,21464,20,7,0,7,0
2020-06-18,Contra Costa,013,1133247,2594,2072,3,2075,53
2020-06-18,Del Norte,015,27424,47,46,0,46,0
2020-06-18,El Dorado,017,186661,193,121,0,121,0
2020-06-18,Fresno,019,978130,5901,2947,63,3010,57
2020-06-18,Glenn,021,27897,82,35,0,35,0
2020-06-18,Humboldt,023,135768,139,106,0,106,3
2020-06-18,Imperial,025,180216,6685,4366,4,4370,36
2020-06-18,Inyo,027,18085,26,25,0,25,1
2020-06-18,Kern,029,883053,5361,3634,13,3647,57
2020-06-18,Kings,031,150075,2238,1141,6,1147,8
2020-06-18,Lake,033,64148,45,36,0,36,0
2020-06-18,Lassen,035,31185,22,5,2,7,0
2020-06-18,Los Angeles,037,10098052,91085,78244,24,78268,3009
2020-06-18,Madera,039,155013,580,288,2,290,4
2020-06-18,Marin,041,260295,1443,819,4,823,17
2020-06-18,Mariposa,043,17540,19,18,0,18,1
2020-06-18,Mendocino,045,87422,65,45,0,45,0
2020-06-18,Merced,047,269075,934,486,1,487,7
2020-06-18,Modoc,049,8938,1,0,0,0,0
2020-06-18,Mono,051,14174,42,34,0,34,1
2020-06-18,Monterey,053,433212,1514,1127,5,1132,12
2020-06-18,Napa,055,140530,289,205,0,205,3
2020-06-18,Nevada,057,99092,98,68,1,69,1
2020-06-18,Orange,059,3164182,14777,9597,108,9705,255
2020-06-18,Placer,061,380077,626,457,3,460,9
2020-06-18,Plumas,063,18699,6,5,0,5,0
2020-06-18,Riverside,065,2383286,16555,12410,24,12434,392
2020-06-18,Sacramento,067,1510023,2498,1938,4,1942,63
2020-06-18,San Benito,069,59416,203,134,0,134,2
2020-06-18,San Bernardino,071,2135413,12106,8141,7,8148,226
2020-06-18,San Diego,073,3302833,12419,10094,2,10096,331
2020-06-18,San Francisco,075,870044,3300,2951,1,2952,47
2020-06-18,San Joaquin,077,732212,2958,1908,4,1912,47
2020-06-18,San Luis Obispo,079,281455,580,378,5,383,1
2020-06-18,San Mateo,081,765935,3040,2674,5,2679,78
2020-06-18,Santa Barbara,083,443738,2846,2201,21,2222,19
2020-06-18,Santa Clara,085,1922200,4536,3338,16,3354,152
2020-06-18,Santa Cruz,087,273765,342,275,0,275,3
2020-06-18,Shasta,089,179085,126,51,0,51,4
2020-06-18,Sierra,091,2930,1,1,0,1,0
2020-06-18,Siskiyou,093,43540,29,18,0,18,0
2020-06-18,Solano,095,438530,1200,735,4,739,21
2020-06-18,Sonoma,097,501317,1011,789,1,790,4
2020-06-18,Stanislaus,099,539301,2345,1495,5,1500,35
2020-06-18,Sutter,101,95872,125,85,0,85,2
2020-06-18,Tehama,103,63373,56,31,2,33,1
2020-06-18,Trinity,105,12862,15,2,3,5,0
2020-06-18,Tulare,107,460477,4192,3005,10,3015,107
2020-06-18,Tuolumne,109,53932,11,8,0,8,0
2020-06-18,Ventura,111,848112,2771,1781,15,1796,37
2020-06-18,Yolo,113,214977,418,294,0,294,24
2020-06-18,Yuba,115,75493,42,32,0,32,1
2020-06-17,Alameda,001,1643700,5430,4485,9,4494,117
2020-06-17,Alpine,003,1148,1,1,0,1,0
2020-06-17,Amador,005,37829,11,10,0,10,0
2020-06-17,Butte,007,227075,144,81,7,88,1
2020-06-17,Calaveras,009,45235,34,20,0,20,0
2020-06-17,Colusa,011,21464,19,7,0,7,0
2020-06-17,Contra Costa,013,1133247,2497,2020,3,2023,45
2020-06-17,Del Norte,015,27424,47,45,0,45,0
2020-06-17,El Dorado,017,186661,186,116,0,116,0
2020-06-17,Fresno,019,978130,5675,2801,60,2861,56
2020-06-17,Glenn,021,27897,75,31,0,31,0
2020-06-17,Humboldt,023,135768,137,105,0,105,3
2020-06-17,Imperial,025,180216,6512,4108,4,4112,36
2020-06-17,Inyo,027,18085,25,25,0,25,1
2020-06-17,Kern,029,883053,5160,3547,13,3560,56
2020-06-17,Kings,031,150075,2208,1097,6,1103,7
2020-06-17,Lake,033,64148,44,32,0,32,0
2020-06-17,Lassen,035,31185,18,5,2,7,0
2020-06-17,Los Angeles,037,10098052,88777,77166,24,77190,2973
2020-06-17,Madera,039,155013,558,258,2,260,4
2020-06-17,Marin,041,260295,1251,771,3,774,17
2020-06-17,Mariposa,043,17540,18,18,0,18,1
2020-06-17,Mendocino,045,87422,63,42,0,42,0
2020-06-17,Merced,047,269075,862,460,1,461,7
2020-06-17,Modoc,049,8938,1,0,0,0,0
2020-06-17,Mono,051,14174,42,34,0,34,1
2020-06-17,Monterey,053,433212,1462,1077,5,1082,12
2020-06-17,Napa,055,140530,274,202,0,202,3
2020-06-17,Nevada,057,99092,94,57,1,58,1
2020-06-17,Orange,059,3164182,14171,9278,102,9380,230
2020-06-17,Placer,061,380077,606,427,3,430,9
2020-06-17,Plumas,063,18699,6,5,0,5,0
2020-06-17,Riverside,065,2383286,15919,11859,24,11883,370
2020-06-17,Sacramento,067,1510023,2391,1889,4,1893,63
2020-06-17,San Benito,069,59416,198,116,0,116,2
2020-06-17,San Bernardino,071,2135413,11554,7670,7,7677,225
2020-06-17,San Diego,073,3302833,12040,9856,2,9858,327
2020-06-17,San Francisco,075,870044,3261,2906,1,2907,46
2020-06-17,San Joaquin,077,732212,2785,1825,4,1829,46
2020-06-17,San Luis Obispo,079,281455,560,362,5,367,1
2020-06-17,San Mateo,081,765935,2993,2649,5,2654,78
2020-06-17,Santa Barbara,083,443738,2773,2147,19,2166,19
2020-06-17,Santa Clara,085,1922200,4443,3264,15,3279,148
2020-06-17,Santa Cruz,087,273765,336,265,0,265,2
2020-06-17,Shasta,089,179085,124,51,0,51,4
2020-06-17,Sierra,091,2930,1,1,0,1,0
2020-06-17,Siskiyou,093,43540,28,16,0,16,0
2020-06-17,Solano,095,438530,1150,722,4,726,21
2020-06-17,Sonoma,097,501317,985,748,1,749,4
2020-06-17,Stanislaus,099,539301,2222,1387,5,1392,35
2020-06-17,Sutter,101,95872,119,79,0,79,2
2020-06-17,Tehama,103,63373,41,24,2,26,1
2020-06-17,Trinity,105,12862,14,2,3,5,0
2020-06-17,Tulare,107,460477,4082,2882,10,2892,106
2020-06-17,Tuolumne,109,53932,11,7,0,7,0
2020-06-17,Ventura,111,848112,2671,1729,15,1744,37
2020-06-17,Yolo,113,214977,398,277,0,277,24
2020-06-17,Yuba,115,75493,41,30,0,30,1
2020-06-16,Alameda,001,1643700,5312,4428,9,4437,113
2020-06-16,Alpine,003,1148,1,1,0,1,0
2020-06-16,Amador,005,37829,11,10,0,10,0
2020-06-16,Butte,007,227075,140,79,7,86,1
2020-06-16,Calaveras,009,45235,31,19,0,19,0
2020-06-16,Colusa,011,21464,16,7,0,7,0
2020-06-16,Contra Costa,013,1133247,2406,1971,2,1973,45
2020-06-16,Del Norte,015,27424,47,45,0,45,0
2020-06-16,El Dorado,017,186661,180,115,0,115,0
2020-06-16,Fresno,019,978130,5437,2731,58,2789,50
2020-06-16,Glenn,021,27897,71,30,0,30,0
2020-06-16,Humboldt,023,135768,134,105,0,105,3
2020-06-16,Imperial,025,180216,6353,3939,4,3943,36
2020-06-16,Inyo,027,18085,25,24,0,24,1
2020-06-16,Kern,029,883053,4937,3496,13,3509,55
2020-06-16,Kings,031,150075,2162,1044,6,1050,6
2020-06-16,Lake,033,64148,44,31,0,31,0
2020-06-16,Lassen,035,31185,15,5,2,7,0
2020-06-16,Los Angeles,037,10098052,86455,75051,24,75075,2942
2020-06-16,Madera,039,155013,532,239,2,241,3
2020-06-16,Marin,041,260295,1198,725,3,728,17
2020-06-16,Mariposa,043,17540,18,17,0,17,1
2020-06-16,Mendocino,045,87422,62,35,0,35,0
2020-06-16,Merced,047,269075,814,436,1,437,7
2020-06-16,Modoc,049,8938,1,0,0,0,0
2020-06-16,Mono,051,14174,42,34,0,34,1
2020-06-16,Monterey,053,433212,1414,1019,5,1024,12
2020-06-16,Napa,055,140530,259,196,0,196,3
2020-06-16,Nevada,057,99092,91,53,1,54,1
2020-06-16,Orange,059,3164182,13587,9163,98,9261,223
2020-06-16,Placer,061,380077,574,392,3,395,9
2020-06-16,Plumas,063,18699,6,5,0,5,0
2020-06-16,Riverside,065,2383286,15244,11638,24,11662,364
2020-06-16,Sacramento,067,1510023,2282,1825,4,1829,60
2020-06-16,San Benito,069,59416,190,110,0,110,2
2020-06-16,San Bernardino,071,2135413,11011,7463,7,7470,225
2020-06-16,San Diego,073,3302833,11678,9732,1,9733,323
2020-06-16,San Francisco,075,870044,3210,2893,1,2894,46
2020-06-16,San Joaquin,077,732212,2632,1718,4,1722,47
2020-06-16,San Luis Obispo,079,281455,536,343,5,348,1
2020-06-16,San Mateo,081,765935,2939,2618,5,2623,77
2020-06-16,Santa Barbara,083,443738,2706,2090,19,2109,16
2020-06-16,Santa Clara,085,1922200,4332,3228,14,3242,148
2020-06-16,Santa Cruz,087,273765,320,257,0,257,2
2020-06-16,Shasta,089,179085,115,51,0,51,4
2020-06-16,Sierra,091,2930,1,1,0,1,0
2020-06-16,Siskiyou,093,43540,27,15,0,15,0
2020-06-16,Solano,095,438530,1060,694,4,698,19
2020-06-16,Sonoma,097,501317,953,739,1,740,4
2020-06-16,Stanislaus,099,539301,2069,1278,5,1283,36
2020-06-16,Sutter,101,95872,112,73,0,73,2
2020-06-16,Tehama,103,63373,37,24,2,26,1
2020-06-16,Trinity,105,12862,14,2,3,5,0
2020-06-16,Tulare,107,460477,3963,2802,10,2812,96
2020-06-16,Tuolumne,109,53932,11,7,0,7,0
2020-06-16,Ventura,111,848112,2570,1676,15,1691,37
2020-06-16,Yolo,113,214977,375,262,0,262,24
2020-06-16,Yuba,115,75493,39,29,0,29,1
2020-06-15,Alameda,001,1643700,5186,4323,9,4332,112
2020-06-15,Alpine,003,1148,1,1,0,1,0
2020-06-15,Amador,005,37829,11,10,0,10,0
2020-06-15,Butte,007,227075,132,78,7,85,1
2020-06-15,Calaveras,009,45235,31,18,0,18,0
2020-06-15,Colusa,011,21464,14,7,0,7,0
2020-06-15,Contra Costa,013,1133247,2329,1918,2,1920,43
2020-06-15,Del Norte,015,27424,47,45,0,45,0
2020-06-15,El Dorado,017,186661,170,114,0,114,0
2020-06-15,Fresno,019,978130,5225,2616,57,2673,48
2020-06-15,Glenn,021,27897,66,21,0,21,0
2020-06-15,Humboldt,023,135768,132,105,0,105,3
2020-06-15,Imperial,025,180216,6178,3726,4,3730,36
2020-06-15,Inyo,027,18085,25,23,0,23,1
2020-06-15,Kern,029,883053,4713,3417,13,3430,55
2020-06-15,Kings,031,150075,2085,1022,6,1028,6
2020-06-15,Lake,033,64148,44,31,0,31,0
2020-06-15,Lassen,035,31185,15,5,2,7,0
2020-06-15,Los Angeles,037,10098052,84268,73705,24,73729,2908
2020-06-15,Madera,039,155013,510,203,2,205,3
2020-06-15,Marin,041,260295,1031,708,3,711,17
2020-06-15,Mariposa,043,17540,18,17,0,17,1
2020-06-15,Mendocino,045,87422,53,33,0,33,0
2020-06-15,Merced,047,269075,768,414,1,415,7
2020-06-15,Modoc,049,8938,1,0,0,0,0
2020-06-15,Mono,051,14174,42,34,0,34,1
2020-06-15,Monterey,053,433212,1348,998,5,1003,12
2020-06-15,Napa,055,140530,251,187,0,187,3
2020-06-15,Nevada,057,99092,85,52,1,53,1
2020-06-15,Orange,059,3164182,13019,8944,90,9034,212
2020-06-15,Placer,061,380077,552,386,3,389,9
2020-06-15,Plumas,063,18699,6,4,0,4,0
2020-06-15,Riverside,065,2383286,14626,11376,23,11399,364
2020-06-15,Sacramento,067,1510023,2166,1791,4,1795,60
2020-06-15,San Benito,069,59416,184,108,0,108,2
2020-06-15,San Bernardino,071,2135413,10507,7189,7,7196,224
2020-06-15,San Diego,073,3302833,11338,9612,1,9613,320
2020-06-15,San Francisco,075,870044,3166,2833,1,2834,45
2020-06-15,San Joaquin,077,732212,2496,1667,4,1671,43
2020-06-15,San Luis Obispo,079,281455,521,332,5,337,1
2020-06-15,San Mateo,081,765935,2892,2591,5,2596,75
2020-06-15,Santa Barbara,083,443738,2637,2054,19,2073,16
2020-06-15,Santa Clara,085,1922200,4232,3204,14,3218,148
2020-06-15,Santa Cruz,087,273765,309,254,0,254,2
2020-06-15,Shasta,089,179085,109,50,0,50,4
2020-06-15,Sierra,091,2930,1,1,0,1,0
2020-06-15,Siskiyou,093,43540,26,14,0,14,0
2020-06-15,Solano,095,438530,1000,638,4,642,19
2020-06-15,Sonoma,097,501317,924,726,1,727,4
2020-06-15,Stanislaus,099,539301,1952,1253,5,1258,35
2020-06-15,Sutter,101,95872,102,71,0,71,2
2020-06-15,Tehama,103,63373,37,17,2,19,1
2020-06-15,Trinity,105,12862,13,2,3,5,0
2020-06-15,Tulare,107,460477,3849,2662,10,2672,96
2020-06-15,Tuolumne,109,53932,10,7,0,7,0
2020-06-15,Ventura,111,848112,2489,1656,15,1671,37
2020-06-15,Yolo,113,214977,355,255,0,255,24
2020-06-15,Yuba,115,75493,39,28,0,28,1
2020-06-14,Alameda,001,1643700,5041,4271,9,4280,112
2020-06-14,Alpine,003,1148,1,1,0,1,0
2020-06-14,Amador,005,37829,11,10,0,10,0
2020-06-14,Butte,007,227075,124,78,7,85,1
2020-06-14,Calaveras,009,45235,30,18,0,18,0
2020-06-14,Colusa,011,21464,13,7,0,7,0
2020-06-14,Contra Costa,013,1133247,2260,1893,2,1895,43
2020-06-14,Del Norte,015,27424,47,45,0,45,0
2020-06-14,El Dorado,017,186661,166,110,0,110,0
2020-06-14,Fresno,019,978130,5040,2585,56,2641,48
2020-06-14,Glenn,021,27897,51,21,0,21,0
2020-06-14,Humboldt,023,135768,128,105,0,105,3
2020-06-14,Imperial,025,180216,5947,3730,4,3734,36
2020-06-14,Inyo,027,18085,24,23,0,23,1
2020-06-14,Kern,029,883053,4502,3328,13,3341,55
2020-06-14,Kings,031,150075,2034,1022,5,1027,6
2020-06-14,Lake,033,64148,41,31,0,31,0
2020-06-14,Lassen,035,31185,15,5,2,7,0
2020-06-14,Los Angeles,037,10098052,81942,72932,23,72955,2887
2020-06-14,Madera,039,155013,491,203,2,205,3
2020-06-14,Marin,041,260295,866,689,2,691,17
2020-06-14,Mariposa,043,17540,18,16,0,16,1
2020-06-14,Mendocino,045,87422,50,33,0,33,0
2020-06-14,Merced,047,269075,717,403,1,404,7
2020-06-14,Modoc,049,8938,1,0,0,0,0
2020-06-14,Mono,051,14174,42,34,0,34,1
2020-06-14,Monterey,053,433212,1287,949,5,954,12
2020-06-14,Napa,055,140530,229,181,0,181,3
2020-06-14,Nevada,057,99092,81,52,1,53,1
2020-06-14,Orange,059,3164182,12592,8744,85,8829,211
2020-06-14,Placer,061,380077,526,369,3,372,9
2020-06-14,Plumas,063,18699,5,4,0,4,0
2020-06-14,Riverside,065,2383286,14184,11218,23,11241,364
2020-06-14,Sacramento,067,1510023,2079,1750,4,1754,60
2020-06-14,San Benito,069,59416,173,104,0,104,2
2020-06-14,San Bernardino,071,2135413,9966,7015,7,7022,224
2020-06-14,San Diego,073,3302833,10963,9442,1,9443,319
2020-06-14,San Francisco,075,870044,3126,2834,1,2835,45
2020-06-14,San Joaquin,077,732212,2345,1603,4,1607,43
2020-06-14,San Luis Obispo,079,281455,506,330,5,335,1
2020-06-14,San Mateo,081,765935,2834,2571,5,2576,75
2020-06-14,Santa Barbara,083,443738,2560,2049,19,2068,17
2020-06-14,Santa Clara,085,1922200,4137,3178,14,3192,148
2020-06-14,Santa Cruz,087,273765,295,254,0,254,2
2020-06-14,Shasta,089,179085,103,48,0,48,4
2020-06-14,Sierra,091,2930,1,1,0,1,0
2020-06-14,Siskiyou,093,43540,25,13,0,13,0
2020-06-14,Solano,095,438530,951,638,4,642,19
2020-06-14,Sonoma,097,501317,896,724,1,725,4
2020-06-14,Stanislaus,099,539301,1804,1159,5,1164,35
2020-06-14,Sutter,101,95872,97,63,0,63,2
2020-06-14,Tehama,103,63373,34,17,2,19,1
2020-06-14,Trinity,105,12862,13,2,3,5,0
2020-06-14,Tulare,107,460477,3715,2646,10,2656,96
2020-06-14,Tuolumne,109,53932,10,7,0,7,0
2020-06-14,Ventura,111,848112,2390,1610,14,1624,37
2020-06-14,Yolo,113,214977,339,254,0,254,24
2020-06-14,Yuba,115,75493,38,28,0,28,1
2020-06-13,Alameda,001,1643700,4978,4196,9,4205,112
2020-06-13,Alpine,003,1148,1,1,0,1,0
2020-06-13,Amador,005,37829,10,10,0,10,0
2020-06-13,Butte,007,227075,115,72,7,79,1
2020-06-13,Calaveras,009,45235,28,18,0,18,0
2020-06-13,Colusa,011,21464,12,7,0,7,0
2020-06-13,Contra Costa,013,1133247,2224,1868,2,1870,43
2020-06-13,Del Norte,015,27424,47,45,0,45,0
2020-06-13,El Dorado,017,186661,162,110,0,110,0
2020-06-13,Fresno,019,978130,4942,2499,56,2555,48
2020-06-13,Glenn,021,27897,49,21,0,21,0
2020-06-13,Humboldt,023,135768,127,104,0,104,3
2020-06-13,Imperial,025,180216,5874,3646,4,3650,36
2020-06-13,Inyo,027,18085,24,23,0,23,1
2020-06-13,Kern,029,883053,4393,3239,13,3252,55
2020-06-13,Kings,031,150075,2014,1023,5,1028,6
2020-06-13,Lake,033,64148,40,29,0,29,0
2020-06-13,Lassen,035,31185,15,5,2,7,0
2020-06-13,Los Angeles,037,10098052,80904,71938,23,71961,2874
2020-06-13,Madera,039,155013,487,203,2,205,3
2020-06-13,Marin,041,260295,835,677,2,679,17
2020-06-13,Mariposa,043,17540,18,16,0,16,1
2020-06-13,Mendocino,045,87422,50,33,0,33,0
2020-06-13,Merced,047,269075,699,376,1,377,7
2020-06-13,Modoc,049,8938,1,0,0,0,0
2020-06-13,Mono,051,14174,42,35,0,35,1
2020-06-13,Monterey,053,433212,1249,900,5,905,11
2020-06-13,Napa,055,140530,226,171,0,171,3
2020-06-13,Nevada,057,99092,79,52,1,53,1
2020-06-13,Orange,059,3164182,12348,8581,82,8663,211
2020-06-13,Placer,061,380077,509,346,3,349,9
2020-06-13,Plumas,063,18699,5,4,0,4,0
2020-06-13,Riverside,065,2383286,13905,10931,23,10954,364
2020-06-13,Sacramento,067,1510023,2025,1713,4,1717,60
2020-06-13,San Benito,069,59416,166,99,0,99,2
2020-06-13,San Bernardino,071,2135413,9741,6885,7,6892,224
2020-06-13,San Diego,073,3302833,10791,9316,1,9317,319
2020-06-13,San Francisco,075,870044,3106,2834,1,2835,44
2020-06-13,San Joaquin,077,732212,2264,1461,4,1465,43
2020-06-13,San Luis Obispo,079,281455,495,326,5,331,1
2020-06-13,San Mateo,081,765935,2811,2551,5,2556,75
2020-06-13,Santa Barbara,083,443738,2502,1999,19,2018,15
2020-06-13,Santa Clara,085,1922200,4094,3141,14,3155,148
2020-06-13,Santa Cruz,087,273765,289,254,0,254,2
2020-06-13,Shasta,089,179085,101,48,0,48,4
2020-06-13,Sierra,091,2930,1,1,0,1,0
2020-06-13,Siskiyou,093,43540,25,13,0,13,0
2020-06-13,Solano,095,438530,923,637,4,641,19
2020-06-13,Sonoma,097,501317,881,711,1,712,4
2020-06-13,Stanislaus,099,539301,1747,1122,5,1127,33
2020-06-13,Sutter,101,95872,96,62,0,62,2
2020-06-13,Tehama,103,63373,33,17,2,19,1
2020-06-13,Trinity,105,12862,13,2,3,5,0
2020-06-13,Tulare,107,460477,3683,2626,10,2636,96
2020-06-13,Tuolumne,109,53932,9,7,0,7,0
2020-06-13,Ventura,111,848112,2344,1567,14,1581,37
2020-06-13,Yolo,113,214977,318,251,0,251,24
2020-06-13,Yuba,115,75493,38,28,0,28,1
2020-06-12,Alameda,001,1643700,4905,4167,9,4176,109
2020-06-12,Alpine,003,1148,1,1,0,1,0
2020-06-12,Amador,005,37829,10,10,0,10,0
2020-06-12,Butte,007,227075,111,71,7,78,1
2020-06-12,Calaveras,009,45235,25,18,0,18,0
2020-06-12,Colusa,011,21464,12,7,0,7,0
2020-06-12,Contra Costa,013,1133247,2187,1827,2,1829,43
2020-06-12,Del Norte,015,27424,47,45,0,45,0
2020-06-12,El Dorado,017,186661,162,110,0,110,0
2020-06-12,Fresno,019,978130,4804,2428,56,2484,47
2020-06-12,Glenn,021,27897,46,21,0,21,0
2020-06-12,Humboldt,023,135768,125,105,0,105,3
2020-06-12,Imperial,025,180216,5790,3543,4,3547,36
2020-06-12,Inyo,027,18085,24,23,0,23,1
2020-06-12,Kern,029,883053,4276,3152,13,3165,54
2020-06-12,Kings,031,150075,2001,987,5,992,6
2020-06-12,Lake,033,64148,39,29,0,29,0
2020-06-12,Lassen,035,31185,15,5,2,7,0
2020-06-12,Los Angeles,037,10098052,79498,70385,23,70408,2814
2020-06-12,Madera,039,155013,462,187,2,189,3
2020-06-12,Marin,041,260295,832,649,2,651,17
2020-06-12,Mariposa,043,17540,18,16,0,16,1
2020-06-12,Mendocino,045,87422,50,33,0,33,0
2020-06-12,Merced,047,269075,665,372,1,373,7
2020-06-12,Modoc,049,8938,1,0,0,0,0
2020-06-12,Mono,051,14174,39,35,0,35,1
2020-06-12,Monterey,053,433212,1208,864,4,868,11
2020-06-12,Napa,055,140530,223,162,0,162,3
2020-06-12,Nevada,057,99092,73,52,1,53,1
2020-06-12,Orange,059,3164182,12042,8440,81,8521,203
2020-06-12,Placer,061,380077,492,333,3,336,9
2020-06-12,Plumas,063,18699,5,4,0,4,0
2020-06-12,Riverside,065,2383286,13568,10616,23,10639,364
2020-06-12,Sacramento,067,1510023,1970,1702,4,1706,60
2020-06-12,San Benito,069,59416,159,96,0,96,2
2020-06-12,San Bernardino,071,2135413,9473,6707,7,6714,223
2020-06-12,San Diego,073,3302833,10621,9132,1,9133,313
2020-06-12,San Francisco,075,870044,3072,2823,1,2824,44
2020-06-12,San Joaquin,077,732212,2184,1406,4,1410,43
2020-06-12,San Luis Obispo,079,281455,479,321,5,326,1
2020-06-12,San Mateo,081,765935,2776,2533,5,2538,75
2020-06-12,Santa Barbara,083,443738,2448,1969,19,1988,14
2020-06-12,Santa Clara,085,1922200,4050,3099,14,3113,149
2020-06-12,Santa Cruz,087,273765,281,251,0,251,2
2020-06-12,Shasta,089,179085,94,48,0,48,5
2020-06-12,Sierra,091,2930,1,1,0,1,0
2020-06-12,Siskiyou,093,43540,25,13,0,13,0
2020-06-12,Solano,095,438530,909,620,4,624,19
2020-06-12,Sonoma,097,501317,862,696,1,697,4
2020-06-12,Stanislaus,099,539301,1688,1092,5,1097,33
2020-06-12,Sutter,101,95872,95,56,0,56,2
2020-06-12,Tehama,103,63373,32,13,2,15,1
2020-06-12,Trinity,105,12862,13,2,3,5,0
2020-06-12,Tulare,107,460477,3629,2552,10,2562,95
2020-06-12,Tuolumne,109,53932,9,7,0,7,0
2020-06-12,Ventura,111,848112,2292,1534,14,1548,35
2020-06-12,Yolo,113,214977,306,243,0,243,24
2020-06-12,Yuba,115,75493,36,27,0,27,1
2020-06-11,Alameda,001,1643700,4775,4073,8,4081,108
2020-06-11,Alpine,003,1148,1,1,0,1,0
2020-06-11,Amador,005,37829,9,10,0,10,0
2020-06-11,Butte,007,227075,105,72,7,79,1
2020-06-11,Calaveras,009,45235,24,16,0,16,0
2020-06-11,Colusa,011,21464,12,7,0,7,0
2020-06-11,Contra Costa,013,1133247,2134,1797,2,1799,43
2020-06-11,Del Norte,015,27424,47,45,0,45,0
2020-06-11,El Dorado,017,186661,154,109,0,109,0
2020-06-11,Fresno,019,978130,4649,2338,56,2394,45
2020-06-11,Glenn,021,27897,42,21,0,21,0
2020-06-11,Humboldt,023,135768,121,113,0,113,3
2020-06-11,Imperial,025,180216,5634,3463,4,3467,36
2020-06-11,Inyo,027,18085,22,23,0,23,1
2020-06-11,Kern,029,883053,4124,3047,11,3058,54
2020-06-11,Kings,031,150075,1968,963,5,968,6
2020-06-11,Lake,033,64148,39,28,0,28,0
2020-06-11,Lassen,035,31185,15,5,2,7,0
2020-06-11,Los Angeles,037,10098052,77832,68807,22,68829,2800
2020-06-11,Madera,039,155013,444,178,2,180,3
2020-06-11,Marin,041,260295,784,637,2,639,17
2020-06-11,Mariposa,043,17540,18,16,0,16,1
2020-06-11,Mendocino,045,87422,41,35,0,35,0
2020-06-11,Merced,047,269075,625,370,1,371,7
2020-06-11,Modoc,049,8938,1,0,0,0,0
2020-06-11,Mono,051,14174,39,35,0,35,1
2020-06-11,Monterey,053,433212,1161,813,4,817,11
2020-06-11,Napa,055,140530,214,162,0,162,3
2020-06-11,Nevada,057,99092,67,50,1,51,1
2020-06-11,Orange,059,3164182,11734,8304,80,8384,188
2020-06-11,Placer,061,380077,473,321,3,324,9
2020-06-11,Plumas,063,18699,5,4,0,4,0
2020-06-11,Riverside,065,2383286,13215,10014,23,10037,361
2020-06-11,Sacramento,067,1510023,1922,1669,4,1673,60
2020-06-11,San Benito,069,59416,153,94,0,94,2
2020-06-11,San Bernardino,071,2135413,9176,6509,7,6516,221
2020-06-11,San Diego,073,3302833,10391,9000,0,9000,308
2020-06-11,San Francisco,075,870044,3043,2766,1,2767,44
2020-06-11,San Joaquin,077,732212,2072,1351,4,1355,43
2020-06-11,San Luis Obispo,079,281455,465,307,5,312,1
2020-06-11,San Mateo,081,765935,2738,2499,5,2504,74
2020-06-11,Santa Barbara,083,443738,2387,1895,19,1914,14
2020-06-11,Santa Clara,085,1922200,3983,3049,14,3063,149
2020-06-11,Santa Cruz,087,273765,277,247,0,247,2
2020-06-11,Shasta,089,179085,87,47,0,47,5
2020-06-11,Sierra,091,2930,1,1,0,1,0
2020-06-11,Siskiyou,093,43540,25,14,0,14,0
2020-06-11,Solano,095,438530,883,616,4,620,19
2020-06-11,Sonoma,097,501317,839,682,1,683,4
2020-06-11,Stanislaus,099,539301,1597,1062,5,1067,30
2020-06-11,Sutter,101,95872,92,56,0,56,2
2020-06-11,Tehama,103,63373,27,10,2,12,1
2020-06-11,Trinity,105,12862,11,2,3,5,0
2020-06-11,Tulare,107,460477,3530,2473,10,2483,95
2020-06-11,Tuolumne,109,53932,9,7,0,7,0
2020-06-11,Ventura,111,848112,2215,1491,13,1504,34
2020-06-11,Yolo,113,214977,298,230,0,230,24
2020-06-11,Yuba,115,75493,36,27,0,27,1
2020-06-10,Alameda,001,1643700,4675,4027,7,4034,107
2020-06-10,Alpine,003,1148,1,1,0,1,0
2020-06-10,Amador,005,37829,9,10,0,10,0
2020-06-10,Butte,007,227075,102,71,7,78,1
2020-06-10,Calaveras,009,45235,24,16,0,16,0
2020-06-10,Colusa,011,21464,11,7,0,7,0
2020-06-10,Contra Costa,013,1133247,2090,1778,2,1780,43
2020-06-10,Del Norte,015,27424,47,45,0,45,0
2020-06-10,El Dorado,017,186661,151,109,0,109,0
2020-06-10,Fresno,019,978130,4472,2324,56,2380,45
2020-06-10,Glenn,021,27897,39,21,0,21,0
2020-06-10,Humboldt,023,135768,117,112,0,112,3
2020-06-10,Imperial,025,180216,5486,3454,4,3458,36
2020-06-10,Inyo,027,18085,22,23,0,23,1
2020-06-10,Kern,029,883053,3999,3000,10,3010,54
2020-06-10,Kings,031,150075,1922,952,4,956,6
2020-06-10,Lake,033,64148,39,28,0,28,0
2020-06-10,Lassen,035,31185,15,5,2,7,0
2020-06-10,Los Angeles,037,10098052,76312,67018,22,67040,2752
2020-06-10,Madera,039,155013,430,176,1,177,3
2020-06-10,Marin,041,260295,752,633,2,635,17
2020-06-10,Mariposa,043,17540,17,16,0,16,1
2020-06-10,Mendocino,045,87422,40,35,0,35,0
2020-06-10,Merced,047,269075,592,370,1,371,7
2020-06-10,Modoc,049,8938,1,0,0,0,0
2020-06-10,Mono,051,14174,39,35,0,35,1
2020-06-10,Monterey,053,433212,1107,791,4,795,11
2020-06-10,Napa,055,140530,211,159,0,159,3
2020-06-10,Nevada,057,99092,65,50,1,51,1
2020-06-10,Orange,059,3164182,11458,8222,77,8299,184
2020-06-10,Placer,061,380077,448,309,3,312,9
2020-06-10,Plumas,063,18699,5,4,0,4,0
2020-06-10,Riverside,065,2383286,12892,9857,23,9880,361
2020-06-10,Sacramento,067,1510023,1883,1643,2,1645,59
2020-06-10,San Benito,069,59416,144,94,0,94,2
2020-06-10,San Bernardino,071,2135413,8884,6438,7,6445,219
2020-06-10,San Diego,073,3302833,10227,8839,0,8839,305
2020-06-10,San Francisco,075,870044,3018,2774,1,2775,44
2020-06-10,San Joaquin,077,732212,1943,1282,4,1286,41
2020-06-10,San Luis Obispo,079,281455,445,306,5,311,1
2020-06-10,San Mateo,081,765935,2698,2492,5,2497,74
2020-06-10,Santa Barbara,083,443738,2331,1878,19,1897,13
2020-06-10,Santa Clara,085,1922200,3932,3032,14,3046,149
2020-06-10,Santa Cruz,087,273765,273,242,0,242,2
2020-06-10,Shasta,089,179085,82,45,0,45,5
2020-06-10,Sierra,091,2930,1,1,0,1,0
2020-06-10,Siskiyou,093,43540,25,14,0,14,0
2020-06-10,Solano,095,438530,847,608,4,612,19
2020-06-10,Sonoma,097,501317,821,673,1,674,4
2020-06-10,Stanislaus,099,539301,1507,1030,5,1035,29
2020-06-10,Sutter,101,95872,91,56,0,56,2
2020-06-10,Tehama,103,63373,25,10,2,12,1
2020-06-10,Trinity,105,12862,11,2,3,5,0
2020-06-10,Tulare,107,460477,3437,2455,10,2465,95
2020-06-10,Tuolumne,109,53932,9,7,0,7,0
2020-06-10,Ventura,111,848112,2169,1446,12,1458,34
2020-06-10,Yolo,113,214977,290,226,0,226,24
2020-06-10,Yuba,115,75493,35,27,0,27,1
2020-06-09,Alameda,001,1643700,4565,3963,7,3970,103
2020-06-09,Alpine,003,1148,1,1,0,1,0
2020-06-09,Amador,005,37829,9,10,0,10,0
2020-06-09,Butte,007,227075,101,70,6,76,1
2020-06-09,Calaveras,009,45235,24,16,0,16,0
2020-06-09,Colusa,011,21464,10,7,0,7,0
2020-06-09,Contra Costa,013,1133247,2049,1744,2,1746,42
2020-06-09,Del Norte,015,27424,47,45,0,45,0
2020-06-09,El Dorado,017,186661,141,108,0,108,0
2020-06-09,Fresno,019,978130,4320,2278,56,2334,43
2020-06-09,Glenn,021,27897,38,19,0,19,0
2020-06-09,Humboldt,023,135768,115,113,0,113,2
2020-06-09,Imperial,025,180216,5334,3067,4,3071,36
2020-06-09,Inyo,027,18085,22,22,0,22,1
2020-06-09,Kern,029,883053,3871,2920,10,2930,51
2020-06-09,Kings,031,150075,1890,934,4,938,6
2020-06-09,Lake,033,64148,39,28,0,28,0
2020-06-09,Lassen,035,31185,15,5,2,7,0
2020-06-09,Los Angeles,037,10098052,74654,65827,22,65849,2692
2020-06-09,Madera,039,155013,415,172,1,173,3
2020-06-09,Marin,041,260295,716,616,2,618,17
2020-06-09,Mariposa,043,17540,17,16,0,16,1
2020-06-09,Mendocino,045,87422,36,35,0,35,0
2020-06-09,Merced,047,269075,563,349,1,350,7
2020-06-09,Modoc,049,8938,1,0,0,0,0
2020-06-09,Mono,051,14174,39,35,0,35,1
2020-06-09,Monterey,053,433212,1066,772,4,776,11
2020-06-09,Napa,055,140530,201,156,0,156,3
2020-06-09,Nevada,057,99092,57,50,1,51,1
2020-06-09,Orange,059,3164182,11217,7991,75,8066,174
2020-06-09,Placer,061,380077,435,301,3,304,9
2020-06-09,Plumas,063,18699,5,4,0,4,0
2020-06-09,Riverside,065,2383286,12514,9511,23,9534,354
2020-06-09,Sacramento,067,1510023,1829,1625,2,1627,59
2020-06-09,San Benito,069,59416,138,95,0,95,2
2020-06-09,San Bernardino,071,2135413,8560,6268,6,6274,217
2020-06-09,San Diego,073,3302833,10042,8731,0,8731,301
2020-06-09,San Francisco,075,870044,2993,2749,1,2750,44
2020-06-09,San Joaquin,077,732212,1837,1240,4,1244,41
2020-06-09,San Luis Obispo,079,281455,432,301,4,305,1
2020-06-09,San Mateo,081,765935,2667,2463,5,2468,74
2020-06-09,Santa Barbara,083,443738,2273,1854,19,1873,13
2020-06-09,Santa Clara,085,1922200,3864,3006,13,3019,147
2020-06-09,Santa Cruz,087,273765,267,237,0,237,2
2020-06-09,Shasta,089,179085,78,44,0,44,4
2020-06-09,Sierra,091,2930,1,1,0,1,0
2020-06-09,Siskiyou,093,43540,20,10,0,10,0
2020-06-09,Solano,095,438530,812,596,4,600,18
2020-06-09,Sonoma,097,501317,798,661,1,662,4
2020-06-09,Stanislaus,099,539301,1406,993,5,998,25
2020-06-09,Sutter,101,95872,88,56,0,56,2
2020-06-09,Tehama,103,63373,25,9,2,11,1
2020-06-09,Trinity,105,12862,10,2,3,5,0
2020-06-09,Tulare,107,460477,3371,2393,10,2403,91
2020-06-09,Tuolumne,109,53932,9,8,0,8,0
2020-06-09,Ventura,111,848112,2103,1407,12,1419,34
2020-06-09,Yolo,113,214977,279,226,0,226,24
2020-06-09,Yuba,115,75493,34,27,0,27,1
2020-06-08,Alameda,001,1643700,4485,3937,7,3944,103
2020-06-08,Alpine,003,1148,1,1,0,1,0
2020-06-08,Amador,005,37829,9,10,0,10,0
2020-06-08,Butte,007,227075,97,68,6,74,1
2020-06-08,Calaveras,009,45235,24,16,0,16,0
2020-06-08,Colusa,011,21464,9,7,0,7,0
2020-06-08,Contra Costa,013,1133247,2006,1714,2,1716,41
2020-06-08,Del Norte,015,27424,47,45,0,45,0
2020-06-08,El Dorado,017,186661,137,107,0,107,0
2020-06-08,Fresno,019,978130,4196,2194,55,2249,42
2020-06-08,Glenn,021,27897,36,17,0,17,0
2020-06-08,Humboldt,023,135768,115,112,0,112,2
2020-06-08,Imperial,025,180216,5182,3051,4,3055,21
2020-06-08,Inyo,027,18085,22,22,0,22,1
2020-06-08,Kern,029,883053,3740,2853,9,2862,49
2020-06-08,Kings,031,150075,1814,892,4,896,6
2020-06-08,Lake,033,64148,39,28,0,28,0
2020-06-08,Lassen,035,31185,15,4,2,6,0
2020-06-08,Los Angeles,037,10098052,73192,64634,22,64656,2640
2020-06-08,Madera,039,155013,385,154,1,155,3
2020-06-08,Marin,041,260295,675,596,2,598,17
2020-06-08,Mariposa,043,17540,16,16,0,16,1
2020-06-08,Mendocino,045,87422,34,32,0,32,0
2020-06-08,Merced,047,269075,529,331,1,332,7
2020-06-08,Modoc,049,8938,1,0,0,0,0
2020-06-08,Mono,051,14174,39,35,0,35,1
2020-06-08,Monterey,053,433212,1015,751,3,754,10
2020-06-08,Napa,055,140530,185,151,0,151,3
2020-06-08,Nevada,057,99092,56,50,1,51,1
2020-06-08,Orange,059,3164182,10966,7786,73,7859,160
2020-06-08,Placer,061,380077,418,290,3,293,9
2020-06-08,Plumas,063,18699,5,4,0,4,0
2020-06-08,Riverside,065,2383286,12145,9246,23,9269,347
2020-06-08,Sacramento,067,1510023,1779,1591,2,1593,59
2020-06-08,San Benito,069,59416,131,93,0,93,2
2020-06-08,San Bernardino,071,2135413,8239,6122,6,6128,214
2020-06-08,San Diego,073,3302833,9885,8621,0,8621,296
2020-06-08,San Francisco,075,870044,2965,2715,1,2716,43
2020-06-08,San Joaquin,077,732212,1730,1198,4,1202,40
2020-06-08,San Luis Obispo,079,281455,425,300,4,304,1
2020-06-08,San Mateo,081,765935,2637,2431,4,2435,74
2020-06-08,Santa Barbara,083,443738,2217,1824,17,1841,13
2020-06-08,Santa Clara,085,1922200,3818,2971,13,2984,146
2020-06-08,Santa Cruz,087,273765,266,234,0,234,2
2020-06-08,Shasta,089,179085,74,43,0,43,4
2020-06-08,Sierra,091,2930,1,1,0,1,0
2020-06-08,Siskiyou,093,43540,20,8,0,8,0
2020-06-08,Solano,095,438530,785,560,4,564,19
2020-06-08,Sonoma,097,501317,782,654,1,655,4
2020-06-08,Stanislaus,099,539301,1324,956,5,961,28
2020-06-08,Sutter,101,95872,81,55,0,55,2
2020-06-08,Tehama,103,63373,19,8,2,10,1
2020-06-08,Trinity,105,12862,10,2,3,5,0
2020-06-08,Tulare,107,460477,3288,2301,10,2311,91
2020-06-08,Tuolumne,109,53932,8,8,0,8,0
2020-06-08,Ventura,111,848112,2045,1382,12,1394,30
2020-06-08,Yolo,113,214977,268,228,0,228,24
2020-06-08,Yuba,115,75493,32,27,0,27,1
2020-06-07,Alameda,001,1643700,4372,3866,7,3873,102
2020-06-07,Alpine,003,1148,1,1,0,1,0
2020-06-07,Amador,005,37829,9,10,0,10,0
2020-06-07,Butte,007,227075,95,64,5,69,1
2020-06-07,Calaveras,009,45235,22,16,0,16,0
2020-06-07,Colusa,011,21464,9,7,0,7,0
2020-06-07,Contra Costa,013,1133247,1955,1653,1,1654,38
2020-06-07,Del Norte,015,27424,45,45,0,45,0
2020-06-07,El Dorado,017,186661,137,104,0,104,0
2020-06-07,Fresno,019,978130,4066,2144,55,2199,41
2020-06-07,Glenn,021,27897,29,16,0,16,0
2020-06-07,Humboldt,023,135768,115,112,0,112,2
2020-06-07,Imperial,025,180216,5031,3048,4,3052,19
2020-06-07,Inyo,027,18085,22,21,0,21,1
2020-06-07,Kern,029,883053,3609,2771,9,2780,46
2020-06-07,Kings,031,150075,1765,882,4,886,6
2020-06-07,Lake,033,64148,36,28,0,28,0
2020-06-07,Lassen,035,31185,14,4,2,6,0
2020-06-07,Los Angeles,037,10098052,71489,63750,22,63772,2629
2020-06-07,Madera,039,155013,368,149,1,150,3
2020-06-07,Marin,041,260295,661,584,2,586,17
2020-06-07,Mariposa,043,17540,16,16,0,16,1
2020-06-07,Mendocino,045,87422,34,32,0,32,0
2020-06-07,Merced,047,269075,496,318,1,319,7
2020-06-07,Modoc,049,8938,1,0,0,0,0
2020-06-07,Mono,051,14174,39,35,0,35,1
2020-06-07,Monterey,053,433212,968,732,3,735,10
2020-06-07,Napa,055,140530,177,142,0,142,3
2020-06-07,Nevada,057,99092,55,50,1,51,1
2020-06-07,Orange,059,3164182,10709,7643,71,7714,158
2020-06-07,Placer,061,380077,397,273,2,275,9
2020-06-07,Plumas,063,18699,5,4,0,4,0
2020-06-07,Riverside,065,2383286,11849,9105,23,9128,344
2020-06-07,Sacramento,067,1510023,1731,1568,2,1570,59
2020-06-07,San Benito,069,59416,128,92,0,92,2
2020-06-07,San Bernardino,071,2135413,7954,6033,6,6039,214
2020-06-07,San Diego,073,3302833,9706,8478,0,8478,296
2020-06-07,San Francisco,075,870044,2921,2674,0,2674,43
2020-06-07,San Joaquin,077,732212,1629,1126,4,1130,37
2020-06-07,San Luis Obispo,079,281455,415,296,4,300,1
2020-06-07,San Mateo,081,765935,2610,2399,4,2403,73
2020-06-07,Santa Barbara,083,443738,2160,1818,17,1835,13
2020-06-07,Santa Clara,085,1922200,3766,2947,13,2960,146
2020-06-07,Santa Cruz,087,273765,258,230,0,230,2
2020-06-07,Shasta,089,179085,73,41,0,41,4
2020-06-07,Sierra,091,2930,1,1,0,1,0
2020-06-07,Siskiyou,093,43540,20,8,0,8,0
2020-06-07,Solano,095,438530,762,560,4,564,19
2020-06-07,Sonoma,097,501317,751,639,1,640,4
2020-06-07,Stanislaus,099,539301,1244,905,5,910,28
2020-06-07,Sutter,101,95872,73,55,0,55,2
2020-06-07,Tehama,103,63373,16,8,2,10,1
2020-06-07,Trinity,105,12862,8,2,3,5,0
2020-06-07,Tulare,107,460477,3166,2219,10,2229,90
2020-06-07,Tuolumne,109,53932,8,4,0,4,0
2020-06-07,Ventura,111,848112,1979,1337,12,1349,30
2020-06-07,Yolo,113,214977,258,224,0,224,24
2020-06-07,Yuba,115,75493,32,27,0,27,1
2020-06-06,Alameda,001,1643700,4327,3801,7,3808,102
2020-06-06,Alpine,003,1148,1,1,0,1,0
2020-06-06,Amador,005,37829,9,10,0,10,0
2020-06-06,Butte,007,227075,94,63,5,68,1
2020-06-06,Calaveras,009,45235,20,16,0,16,0
2020-06-06,Colusa,011,21464,9,7,0,7,0
2020-06-06,Contra Costa,013,1133247,1934,1619,1,1620,37
2020-06-06,Del Norte,015,27424,45,45,0,45,0
2020-06-06,El Dorado,017,186661,132,104,0,104,0
2020-06-06,Fresno,019,978130,4011,2117,55,2172,41
2020-06-06,Glenn,021,27897,27,16,0,16,0
2020-06-06,Humboldt,023,135768,115,112,0,112,2
2020-06-06,Imperial,025,180216,4955,3047,4,3051,19
2020-06-06,Inyo,027,18085,22,21,0,21,1
2020-06-06,Kern,029,883053,3539,2695,9,2704,46
2020-06-06,Kings,031,150075,1746,882,4,886,6
2020-06-06,Lake,033,64148,36,28,0,28,0
2020-06-06,Lassen,035,31185,14,4,2,6,0
2020-06-06,Los Angeles,037,10098052,70742,62269,22,62291,2607
2020-06-06,Madera,039,155013,359,149,1,150,3
2020-06-06,Marin,041,260295,656,556,2,558,17
2020-06-06,Mariposa,043,17540,16,16,0,16,1
2020-06-06,Mendocino,045,87422,34,32,0,32,0
2020-06-06,Merced,047,269075,494,315,1,316,7
2020-06-06,Modoc,049,8938,1,0,0,0,0
2020-06-06,Mono,051,14174,39,35,0,35,1
2020-06-06,Monterey,053,433212,944,679,3,682,10
2020-06-06,Napa,055,140530,171,136,0,136,3
2020-06-06,Nevada,057,99092,54,50,1,51,1
2020-06-06,Orange,059,3164182,10550,7576,70,7646,157
2020-06-06,Placer,061,380077,385,270,2,272,9
2020-06-06,Plumas,063,18699,5,4,0,4,0
2020-06-06,Riverside,065,2383286,11671,8935,23,8958,345
2020-06-06,Sacramento,067,1510023,1708,1533,2,1535,59
2020-06-06,San Benito,069,59416,118,92,0,92,2
2020-06-06,San Bernardino,071,2135413,7806,5946,6,5952,214
2020-06-06,San Diego,073,3302833,9585,8347,0,8347,296
2020-06-06,San Francisco,075,870044,2906,2674,0,2674,43
2020-06-06,San Joaquin,077,732212,1589,1076,4,1080,37
2020-06-06,San Luis Obispo,079,281455,409,295,4,299,1
2020-06-06,San Mateo,081,765935,2595,2342,4,2346,72
2020-06-06,Santa Barbara,083,443738,2120,1815,17,1832,13
2020-06-06,Santa Clara,085,1922200,3725,2934,13,2947,144
2020-06-06,Santa Cruz,087,273765,256,226,0,226,2
2020-06-06,Shasta,089,179085,73,40,0,40,4
2020-06-06,Sierra,091,2930,1,1,0,1,0
2020-06-06,Siskiyou,093,43540,18,8,0,8,0
2020-06-06,Solano,095,438530,747,560,4,564,19
2020-06-06,Sonoma,097,501317,739,622,1,623,4
2020-06-06,Stanislaus,099,539301,1210,858,5,863,27
2020-06-06,Sutter,101,95872,73,51,0,51,2
2020-06-06,Tehama,103,63373,15,8,2,10,1
2020-06-06,Trinity,105,12862,8,2,2,4,0
2020-06-06,Tulare,107,460477,3133,2213,10,2223,90
2020-06-06,Tuolumne,109,53932,8,4,0,4,0
2020-06-06,Ventura,111,848112,1955,1303,12,1315,30
2020-06-06,Yolo,113,214977,256,223,0,223,24
2020-06-06,Yuba,115,75493,32,27,0,27,1
2020-06-05,Alameda,001,1643700,4276,3734,7,3741,102
2020-06-05,Alpine,003,1148,1,1,0,1,0
2020-06-05,Amador,005,37829,9,10,0,10,0
2020-06-05,Butte,007,227075,91,61,5,66,1
2020-06-05,Calaveras,009,45235,19,16,0,16,0
2020-06-05,Colusa,011,21464,9,7,0,7,0
2020-06-05,Contra Costa,013,1133247,1919,1575,1,1576,37
2020-06-05,Del Norte,015,27424,45,45,0,45,0
2020-06-05,El Dorado,017,186661,130,101,0,101,0
2020-06-05,Fresno,019,978130,3947,2051,54,2105,38
2020-06-05,Glenn,021,27897,25,16,0,16,0
2020-06-05,Humboldt,023,135768,114,111,0,111,2
2020-06-05,Imperial,025,180216,4849,2778,4,2782,19
2020-06-05,Inyo,027,18085,22,21,0,21,1
2020-06-05,Kern,029,883053,3450,2624,9,2633,46
2020-06-05,Kings,031,150075,1731,865,4,869,6
2020-06-05,Lake,033,64148,35,28,0,28,0
2020-06-05,Lassen,035,31185,13,4,2,6,0
2020-06-05,Los Angeles,037,10098052,69595,60955,22,60977,2553
2020-06-05,Madera,039,155013,337,144,1,145,3
2020-06-05,Marin,041,260295,647,546,2,548,17
2020-06-05,Mariposa,043,17540,16,16,0,16,1
2020-06-05,Mendocino,045,87422,34,32,0,32,0
2020-06-05,Merced,047,269075,492,309,1,310,7
2020-06-05,Modoc,049,8938,1,0,0,0,0
2020-06-05,Mono,051,14174,39,35,0,35,1
2020-06-05,Monterey,053,433212,912,649,3,652,10
2020-06-05,Napa,055,140530,168,123,0,123,3
2020-06-05,Nevada,057,99092,54,50,1,51,1
2020-06-05,Orange,059,3164182,10353,7391,68,7459,153
2020-06-05,Placer,061,380077,375,265,2,267,9
2020-06-05,Plumas,063,18699,5,4,0,4,0
2020-06-05,Riverside,065,2383286,11412,8700,23,8723,345
2020-06-05,Sacramento,067,1510023,1686,1514,2,1516,59
2020-06-05,San Benito,069,59416,116,92,0,92,2
2020-06-05,San Bernardino,071,2135413,7624,5869,5,5874,212
2020-06-05,San Diego,073,3302833,9470,8182,0,8182,294
2020-06-05,San Francisco,075,870044,2888,2675,0,2675,43
2020-06-05,San Joaquin,077,732212,1510,1046,4,1050,36
2020-06-05,San Luis Obispo,079,281455,402,293,4,297,1
2020-06-05,San Mateo,081,765935,2570,2331,4,2335,72
2020-06-05,Santa Barbara,083,443738,2087,1795,17,1812,13
2020-06-05,Santa Clara,085,1922200,3690,2902,13,2915,144
2020-06-05,Santa Cruz,087,273765,253,222,0,222,2
2020-06-05,Shasta,089,179085,72,40,0,40,4
2020-06-05,Sierra,091,2930,1,1,0,1,0
2020-06-05,Siskiyou,093,43540,16,8,0,8,0
2020-06-05,Solano,095,438530,740,558,4,562,19
2020-06-05,Sonoma,097,501317,718,618,1,619,4
2020-06-05,Stanislaus,099,539301,1177,842,5,847,27
2020-06-05,Sutter,101,95872,73,49,0,49,2
2020-06-05,Tehama,103,63373,15,7,2,9,1
2020-06-05,Trinity,105,12862,8,1,2,3,0
2020-06-05,Tulare,107,460477,3084,2180,10,2190,90
2020-06-05,Tuolumne,109,53932,8,4,0,4,0
2020-06-05,Ventura,111,848112,1922,1274,12,1286,30
2020-06-05,Yolo,113,214977,255,216,0,216,24
2020-06-05,Yuba,115,75493,32,27,0,27,1
2020-06-04,Alameda,001,1643700,4177,3643,7,3650,99
2020-06-04,Alpine,003,1148,1,1,0,1,0
2020-06-04,Amador,005,37829,9,10,0,10,0
2020-06-04,Butte,007,227075,87,57,4,61,1
2020-06-04,Calaveras,009,45235,19,15,0,15,0
2020-06-04,Colusa,011,21464,9,7,0,7,0
2020-06-04,Contra Costa,013,1133247,1861,1551,1,1552,37
2020-06-04,Del Norte,015,27424,45,45,0,45,0
2020-06-04,El Dorado,017,186661,128,101,0,101,0
2020-06-04,Fresno,019,978130,3841,2007,53,2060,35
2020-06-04,Glenn,021,27897,22,16,0,16,0
2020-06-04,Humboldt,023,135768,114,109,0,109,2
2020-06-04,Imperial,025,180216,4666,2631,4,2635,19
2020-06-04,Inyo,027,18085,22,20,0,20,1
2020-06-04,Kern,029,883053,3334,2530,9,2539,46
2020-06-04,Kings,031,150075,1661,842,4,846,6
2020-06-04,Lake,033,64148,34,27,0,27,0
2020-06-04,Lassen,035,31185,11,4,2,6,0
2020-06-04,Los Angeles,037,10098052,68127,59596,22,59618,2515
2020-06-04,Madera,039,155013,329,127,1,128,3
2020-06-04,Marin,041,260295,625,533,2,535,14
2020-06-04,Mariposa,043,17540,16,16,0,16,1
2020-06-04,Mendocino,045,87422,34,29,0,29,0
2020-06-04,Merced,047,269075,472,304,1,305,7
2020-06-04,Modoc,049,8938,1,0,0,0,0
2020-06-04,Mono,051,14174,39,35,0,35,1
2020-06-04,Monterey,053,433212,877,621,2,623,10
2020-06-04,Napa,055,140530,164,117,0,117,3
2020-06-04,Nevada,057,99092,53,49,1,50,1
2020-06-04,Orange,059,3164182,10099,7192,67,7259,148
2020-06-04,Placer,061,380077,359,256,2,258,9
2020-06-04,Plumas,063,18699,4,4,0,4,0
2020-06-04,Riverside,065,2383286,11134,8473,23,8496,341
2020-06-04,Sacramento,067,1510023,1659,1492,2,1494,58
2020-06-04,San Benito,069,59416,114,88,0,88,2
2020-06-04,San Bernardino,071,2135413,7355,5726,5,5731,207
2020-06-04,San Diego,073,3302833,9307,7942,0,7942,288
2020-06-04,San Francisco,075,870044,2855,2636,0,2636,43
2020-06-04,San Joaquin,077,732212,1448,1016,4,1020,36
2020-06-04,San Luis Obispo,079,281455,391,288,4,292,1
2020-06-04,San Mateo,081,765935,2544,2284,4,2288,72
2020-06-04,Santa Barbara,083,443738,2055,1750,16,1766,13
2020-06-04,Santa Clara,085,1922200,3656,2871,13,2884,144
2020-06-04,Santa Cruz,087,273765,247,218,0,218,2
2020-06-04,Shasta,089,179085,66,40,0,40,4
2020-06-04,Sierra,091,2930,1,1,0,1,0
2020-06-04,Siskiyou,093,43540,15,8,0,8,0
2020-06-04,Solano,095,438530,723,551,4,555,19
2020-06-04,Sonoma,097,501317,699,591,1,592,4
2020-06-04,Stanislaus,099,539301,1101,806,5,811,28
2020-06-04,Sutter,101,95872,68,46,0,46,2
2020-06-04,Tehama,103,63373,14,6,1,7,1
2020-06-04,Trinity,105,12862,8,1,2,3,0
2020-06-04,Tulare,107,460477,2967,2086,10,2096,90
2020-06-04,Tuolumne,109,53932,7,4,0,4,0
2020-06-04,Ventura,111,848112,1878,1236,11,1247,30
2020-06-04,Yolo,113,214977,250,216,0,216,24
2020-06-04,Yuba,115,75493,31,27,0,27,1
2020-06-03,Alameda,001,1643700,4118,3589,6,3595,99
2020-06-03,Alpine,003,1148,1,1,0,1,0
2020-06-03,Amador,005,37829,9,10,0,10,0
2020-06-03,Butte,007,227075,85,53,4,57,1
2020-06-03,Calaveras,009,45235,18,15,0,15,0
2020-06-03,Colusa,011,21464,9,7,0,7,0
2020-06-03,Contra Costa,013,1133247,1813,1511,1,1512,37
2020-06-03,Del Norte,015,27424,45,39,0,39,0
2020-06-03,El Dorado,017,186661,125,90,0,90,0
2020-06-03,Fresno,019,978130,3742,1943,53,1996,35
2020-06-03,Glenn,021,27897,22,16,0,16,0
2020-06-03,Humboldt,023,135768,114,103,0,103,2
2020-06-03,Imperial,025,180216,4493,2540,4,2544,19
2020-06-03,Inyo,027,18085,22,20,0,20,1
2020-06-03,Kern,029,883053,3238,2452,8,2460,44
2020-06-03,Kings,031,150075,1596,744,4,748,6
2020-06-03,Lake,033,64148,32,26,0,26,0
2020-06-03,Lassen,035,31185,11,4,2,6,0
2020-06-03,Los Angeles,037,10098052,66520,58166,22,58188,2472
2020-06-03,Madera,039,155013,321,117,1,118,3
2020-06-03,Marin,041,260295,607,527,2,529,14
2020-06-03,Mariposa,043,17540,16,16,0,16,1
2020-06-03,Mendocino,045,87422,33,29,0,29,0
2020-06-03,Merced,047,269075,458,299,1,300,7
2020-06-03,Modoc,049,8938,1,0,0,0,0
2020-06-03,Mono,051,14174,39,35,0,35,1
2020-06-03,Monterey,053,433212,849,592,2,594,10
2020-06-03,Napa,055,140530,163,116,0,116,3
2020-06-03,Nevada,057,99092,52,43,1,44,1
2020-06-03,Orange,059,3164182,9873,6939,66,7005,145
2020-06-03,Placer,061,380077,339,243,2,245,9
2020-06-03,Plumas,063,18699,4,4,0,4,0
2020-06-03,Riverside,065,2383286,10859,8208,23,8231,335
2020-06-03,Sacramento,067,1510023,1629,1457,2,1459,58
2020-06-03,San Benito,069,59416,108,88,0,88,2
2020-06-03,San Bernardino,071,2135413,7132,5565,5,5570,203
2020-06-03,San Diego,073,3302833,9159,7800,0,7800,283
2020-06-03,San Francisco,075,870044,2824,2608,0,2608,43
2020-06-03,San Joaquin,077,732212,1384,1004,4,1008,35
2020-06-03,San Luis Obispo,079,281455,386,279,4,283,1
2020-06-03,San Mateo,081,765935,2516,2243,4,2247,71
2020-06-03,Santa Barbara,083,443738,2016,1722,15,1737,12
2020-06-03,Santa Clara,085,1922200,3614,2836,13,2849,144
2020-06-03,Santa Cruz,087,273765,241,217,0,217,2
2020-06-03,Shasta,089,179085,63,40,0,40,4
2020-06-03,Sierra,091,2930,1,1,0,1,0
2020-06-03,Siskiyou,093,43540,14,8,0,8,0
2020-06-03,Solano,095,438530,698,543,2,545,18
2020-06-03,Sonoma,097,501317,687,578,1,579,4
2020-06-03,Stanislaus,099,539301,1061,780,5,785,27
2020-06-03,Sutter,101,95872,60,45,0,45,2
2020-06-03,Tehama,103,63373,14,6,1,7,1
2020-06-03,Trinity,105,12862,8,1,2,3,0
2020-06-03,Tulare,107,460477,2898,2041,10,2051,88
2020-06-03,Tuolumne,109,53932,5,4,0,4,0
2020-06-03,Ventura,111,848112,1811,1202,11,1213,30
2020-06-03,Yolo,113,214977,246,213,0,213,24
2020-06-03,Yuba,115,75493,31,27,0,27,1
2020-06-02,Alameda,001,1643700,4042,3517,6,3523,99
2020-06-02,Alpine,003,1148,1,1,0,1,0
2020-06-02,Amador,005,37829,9,10,0,10,0
2020-06-02,Butte,007,227075,81,51,3,54,1
2020-06-02,Calaveras,009,45235,18,15,0,15,0
2020-06-02,Colusa,011,21464,9,7,0,7,0
2020-06-02,Contra Costa,013,1133247,1781,1505,1,1506,37
2020-06-02,Del Norte,015,27424,45,39,0,39,0
2020-06-02,El Dorado,017,186661,124,88,0,88,0
2020-06-02,Fresno,019,978130,3629,1917,53,1970,34
2020-06-02,Glenn,021,27897,21,16,0,16,0
2020-06-02,Humboldt,023,135768,114,101,0,101,2
2020-06-02,Imperial,025,180216,4300,2459,4,2463,19
2020-06-02,Inyo,027,18085,20,20,0,20,1
2020-06-02,Kern,029,883053,3139,2406,6,2412,41
2020-06-02,Kings,031,150075,1568,720,4,724,5
2020-06-02,Lake,033,64148,32,25,0,25,0
2020-06-02,Lassen,035,31185,10,4,2,6,0
2020-06-02,Los Angeles,037,10098052,65118,57144,22,57166,2430
2020-06-02,Madera,039,155013,300,110,1,111,2
2020-06-02,Marin,041,260295,580,509,2,511,14
2020-06-02,Mariposa,043,17540,16,16,0,16,1
2020-06-02,Mendocino,045,87422,33,29,0,29,0
2020-06-02,Merced,047,269075,442,297,1,298,6
2020-06-02,Modoc,049,8938,1,0,0,0,0
2020-06-02,Mono,051,14174,39,35,0,35,1
2020-06-02,Monterey,053,433212,819,582,2,584,10
2020-06-02,Napa,055,140530,154,116,0,116,3
2020-06-02,Nevada,057,99092,51,41,1,42,1
2020-06-02,Orange,059,3164182,9672,6790,65,6855,142
2020-06-02,Placer,061,380077,325,226,2,228,9
2020-06-02,Plumas,063,18699,4,4,0,4,0
2020-06-02,Riverside,065,2383286,10563,8091,21,8112,330
2020-06-02,Sacramento,067,1510023,1600,1428,2,1430,58
2020-06-02,San Benito,069,59416,107,86,0,86,2
2020-06-02,San Bernardino,071,2135413,6924,5438,5,5443,202
2020-06-02,San Diego,073,3302833,9013,7676,0,7676,276
2020-06-02,San Francisco,075,870044,2789,2554,0,2554,43
2020-06-02,San Joaquin,077,732212,1318,985,4,989,35
2020-06-02,San Luis Obispo,079,281455,380,275,4,279,1
2020-06-02,San Mateo,081,765935,2481,2203,4,2207,71
2020-06-02,Santa Barbara,083,443738,1973,1703,15,1718,12
2020-06-02,Santa Clara,085,1922200,3564,2819,13,2832,144
2020-06-02,Santa Cruz,087,273765,236,215,0,215,2
2020-06-02,Shasta,089,179085,62,38,0,38,4
2020-06-02,Sierra,091,2930,1,1,0,1,0
2020-06-02,Siskiyou,093,43540,13,8,0,8,0
2020-06-02,Solano,095,438530,683,537,1,538,18
2020-06-02,Sonoma,097,501317,676,571,1,572,4
2020-06-02,Stanislaus,099,539301,1002,772,5,777,27
2020-06-02,Sutter,101,95872,57,43,0,43,2
2020-06-02,Tehama,103,63373,14,6,1,7,1
2020-06-02,Trinity,105,12862,8,1,2,3,0
2020-06-02,Tulare,107,460477,2818,2012,10,2022,86
2020-06-02,Tuolumne,109,53932,5,4,0,4,0
2020-06-02,Ventura,111,848112,1758,1178,11,1189,30
2020-06-02,Yolo,113,214977,244,213,0,213,24
2020-06-02,Yuba,115,75493,31,27,0,27,1
2020-06-01,Alameda,001,1643700,3976,3460,6,3466,98
2020-06-01,Alpine,003,1148,1,1,0,1,0
2020-06-01,Amador,005,37829,9,10,0,10,0
2020-06-01,Butte,007,227075,80,50,2,52,1
2020-06-01,Calaveras,009,45235,18,15,0,15,0
2020-06-01,Colusa,011,21464,9,7,0,7,0
2020-06-01,Contra Costa,013,1133247,1745,1486,1,1487,37
2020-06-01,Del Norte,015,27424,45,38,0,38,0
2020-06-01,El Dorado,017,186661,122,88,0,88,0
2020-06-01,Fresno,019,978130,3534,1854,51,1905,33
2020-06-01,Glenn,021,27897,21,16,0,16,0
2020-06-01,Humboldt,023,135768,114,98,0,98,2
2020-06-01,Imperial,025,180216,4078,2366,4,2370,14
2020-06-01,Inyo,027,18085,20,20,0,20,1
2020-06-01,Kern,029,883053,3056,2366,6,2372,38
2020-06-01,Kings,031,150075,1300,703,4,707,4
2020-06-01,Lake,033,64148,32,22,0,22,0
2020-06-01,Lassen,035,31185,10,4,2,6,0
2020-06-01,Los Angeles,037,10098052,63655,55899,22,55921,2367
2020-06-01,Madera,039,155013,288,103,1,104,2
2020-06-01,Marin,041,260295,539,495,2,497,14
2020-06-01,Mariposa,043,17540,16,16,0,16,1
2020-06-01,Mendocino,045,87422,33,28,0,28,0
2020-06-01,Merced,047,269075,423,289,1,290,6
2020-06-01,Modoc,049,8938,1,0,0,0,0
2020-06-01,Mono,051,14174,39,35,0,35,1
2020-06-01,Monterey,053,433212,794,554,2,556,10
2020-06-01,Napa,055,140530,151,114,0,114,3
2020-06-01,Nevada,057,99092,51,41,1,42,1
2020-06-01,Orange,059,3164182,9475,6640,64,6704,135
2020-06-01,Placer,061,380077,313,218,2,220,9
2020-06-01,Plumas,063,18699,4,4,0,4,0
2020-06-01,Riverside,065,2383286,10111,7921,20,7941,322
2020-06-01,Sacramento,067,1510023,1561,1415,2,1417,58
2020-06-01,San Benito,069,59416,104,86,0,86,2
2020-06-01,San Bernardino,071,2135413,6718,5310,5,5315,202
2020-06-01,San Diego,073,3302833,8833,7556,0,7556,269
2020-06-01,San Francisco,075,870044,2752,2546,0,2546,43
2020-06-01,San Joaquin,077,732212,1253,957,4,961,35
2020-06-01,San Luis Obispo,079,281455,376,275,4,279,1
2020-06-01,San Mateo,081,765935,2451,2190,4,2194,71
2020-06-01,Santa Barbara,083,443738,1935,1671,14,1685,10
2020-06-01,Santa Clara,085,1922200,3526,2797,12,2809,142
2020-06-01,Santa Cruz,087,273765,232,215,0,215,2
2020-06-01,Shasta,089,179085,62,38,0,38,4
2020-06-01,Sierra,091,2930,1,1,0,1,0
2020-06-01,Siskiyou,093,43540,13,7,0,7,0
2020-06-01,Solano,095,438530,659,529,1,530,17
2020-06-01,Sonoma,097,501317,660,565,1,566,4
2020-06-01,Stanislaus,099,539301,965,758,5,763,27
2020-06-01,Sutter,101,95872,52,43,0,43,2
2020-06-01,Tehama,103,63373,11,5,1,6,1
2020-06-01,Trinity,105,12862,7,1,2,3,0
2020-06-01,Tulare,107,460477,2703,1976,10,1986,84
2020-06-01,Tuolumne,109,53932,4,4,0,4,0
2020-06-01,Ventura,111,848112,1706,1163,11,1174,29
2020-06-01,Yolo,113,214977,241,212,0,212,24
2020-06-01,Yuba,115,75493,30,26,0,26,1
2020-05-31,Alameda,001,1643700,3871,3362,6,3368,98
2020-05-31,Alpine,003,1148,1,1,0,1,0
2020-05-31,Amador,005,37829,9,10,0,10,0
2020-05-31,Butte,007,227075,78,51,2,53,0
2020-05-31,Calaveras,009,45235,15,15,0,15,0
2020-05-31,Colusa,011,21464,9,5,0,5,0
2020-05-31,Contra Costa,013,1133247,1711,1458,1,1459,37
2020-05-31,Del Norte,015,27424,45,37,0,37,0
2020-05-31,El Dorado,017,186661,118,88,0,88,0
2020-05-31,Fresno,019,978130,3369,1780,45,1825,31
2020-05-31,Glenn,021,27897,20,16,0,16,0
2020-05-31,Humboldt,023,135768,112,98,0,98,2
2020-05-31,Imperial,025,180216,3811,2197,4,2201,14
2020-05-31,Inyo,027,18085,20,20,0,20,1
2020-05-31,Kern,029,883053,2921,2300,6,2306,38
2020-05-31,Kings,031,150075,1263,703,4,707,3
2020-05-31,Lake,033,64148,32,19,0,19,0
2020-05-31,Lassen,035,31185,10,4,2,6,0
2020-05-31,Los Angeles,037,10098052,62365,54925,22,54947,2344
2020-05-31,Madera,039,155013,270,101,1,102,2
2020-05-31,Marin,041,260295,529,486,2,488,14
2020-05-31,Mariposa,043,17540,16,16,0,16,1
2020-05-31,Mendocino,045,87422,33,24,0,24,0
2020-05-31,Merced,047,269075,396,288,0,288,6
2020-05-31,Modoc,049,8938,0,0,0,0,0
2020-05-31,Mono,051,14174,39,34,0,34,1
2020-05-31,Monterey,053,433212,720,545,2,547,10
2020-05-31,Napa,055,140530,149,114,0,114,3
2020-05-31,Nevada,057,99092,50,41,1,42,1
2020-05-31,Orange,059,3164182,9265,6532,63,6595,135
2020-05-31,Placer,061,380077,291,215,2,217,9
2020-05-31,Plumas,063,18699,4,4,0,4,0
2020-05-31,Riverside,065,2383286,9855,7704,20,7724,321
2020-05-31,Sacramento,067,1510023,1530,1398,2,1400,57
2020-05-31,San Benito,069,59416,98,85,0,85,2
2020-05-31,San Bernardino,071,2135413,6450,5185,5,5190,198
2020-05-31,San Diego,073,3302833,8639,7483,0,7483,269
2020-05-31,San Francisco,075,870044,2716,2501,0,2501,43
2020-05-31,San Joaquin,077,732212,1188,888,4,892,34
2020-05-31,San Luis Obispo,079,281455,366,271,4,275,1
2020-05-31,San Mateo,081,765935,2405,2169,4,2173,71
2020-05-31,Santa Barbara,083,443738,1881,1662,13,1675,9
2020-05-31,Santa Clara,085,1922200,3482,2785,12,2797,142
2020-05-31,Santa Cruz,087,273765,229,210,0,210,2
2020-05-31,Shasta,089,179085,60,38,0,38,4
2020-05-31,Sierra,091,2930,1,1,0,1,0
2020-05-31,Siskiyou,093,43540,12,7,0,7,0
2020-05-31,Solano,095,438530,633,512,1,513,6
2020-05-31,Sonoma,097,501317,640,555,1,556,4
2020-05-31,Stanislaus,099,539301,911,738,5,743,27
2020-05-31,Sutter,101,95872,50,42,0,42,2
2020-05-31,Tehama,103,63373,10,4,1,5,1
2020-05-31,Trinity,105,12862,7,1,2,3,0
2020-05-31,Tulare,107,460477,2630,1884,10,1894,82
2020-05-31,Tuolumne,109,53932,4,4,0,4,0
2020-05-31,Ventura,111,848112,1645,1151,11,1162,30
2020-05-31,Yolo,113,214977,235,211,0,211,24
2020-05-31,Yuba,115,75493,30,26,0,26,1
2020-05-30,Alameda,001,1643700,3845,3304,6,3310,96
2020-05-30,Alpine,003,1148,1,1,0,1,0
2020-05-30,Amador,005,37829,9,10,0,10,0
2020-05-30,Butte,007,227075,77,44,2,46,0
2020-05-30,Calaveras,009,45235,14,15,0,15,0
2020-05-30,Colusa,011,21464,8,5,0,5,0
2020-05-30,Contra Costa,013,1133247,1695,1429,1,1430,37
2020-05-30,Del Norte,015,27424,45,37,0,37,0
2020-05-30,El Dorado,017,186661,117,86,0,86,0
2020-05-30,Fresno,019,978130,3308,1744,44,1788,31
2020-05-30,Glenn,021,27897,19,16,0,16,0
2020-05-30,Humboldt,023,135768,111,98,0,98,2
2020-05-30,Imperial,025,180216,3721,2091,4,2095,14
2020-05-30,Inyo,027,18085,20,20,0,20,1
2020-05-30,Kern,029,883053,2852,2217,6,2223,38
2020-05-30,Kings,031,150075,1249,703,4,707,3
2020-05-30,Lake,033,64148,31,18,0,18,0
2020-05-30,Lassen,035,31185,10,4,2,6,0
2020-05-30,Los Angeles,037,10098052,61829,53627,22,53649,2319
2020-05-30,Madera,039,155013,265,101,1,102,2
2020-05-30,Marin,041,260295,529,462,2,464,14
2020-05-30,Mariposa,043,17540,16,16,0,16,1
2020-05-30,Mendocino,045,87422,33,24,0,24,0
2020-05-30,Merced,047,269075,395,285,0,285,6
2020-05-30,Modoc,049,8938,0,0,0,0,0
2020-05-30,Mono,051,14174,39,34,0,34,1
2020-05-30,Monterey,053,433212,704,520,2,522,10
2020-05-30,Napa,055,140530,147,113,0,113,3
2020-05-30,Nevada,057,99092,50,41,1,42,1
2020-05-30,Orange,059,3164182,9108,6354,63,6417,134
2020-05-30,Placer,061,380077,283,199,1,200,9
2020-05-30,Plumas,063,18699,4,4,0,4,0
2020-05-30,Riverside,065,2383286,9711,7492,20,7512,316
2020-05-30,Sacramento,067,1510023,1519,1384,2,1386,57
2020-05-30,San Benito,069,59416,97,85,0,85,2
2020-05-30,San Bernardino,071,2135413,6341,5122,5,5127,198
2020-05-30,San Diego,073,3302833,8546,7387,0,7387,269
2020-05-30,San Francisco,075,870044,2691,2496,0,2496,41
2020-05-30,San Joaquin,077,732212,1150,888,4,892,34
2020-05-30,San Luis Obispo,079,281455,361,270,4,274,1
2020-05-30,San Mateo,081,765935,2381,2129,4,2133,71
2020-05-30,Santa Barbara,083,443738,1861,1660,13,1673,9
2020-05-30,Santa Clara,085,1922200,3466,2741,12,2753,141
2020-05-30,Santa Cruz,087,273765,229,206,0,206,2
2020-05-30,Shasta,089,179085,60,36,0,36,4
2020-05-30,Sierra,091,2930,1,1,0,1,0
2020-05-30,Siskiyou,093,43540,11,7,0,7,0
2020-05-30,Solano,095,438530,626,512,1,513,6
2020-05-30,Sonoma,097,501317,630,551,1,552,4
2020-05-30,Stanislaus,099,539301,894,712,5,717,27
2020-05-30,Sutter,101,95872,49,40,0,40,2
2020-05-30,Tehama,103,63373,10,4,1,5,1
2020-05-30,Trinity,105,12862,7,1,2,3,0
2020-05-30,Tulare,107,460477,2593,1879,10,1889,81
2020-05-30,Tuolumne,109,53932,4,4,0,4,0
2020-05-30,Ventura,111,848112,1628,1116,11,1127,30
2020-05-30,Yolo,113,214977,231,210,0,210,24
2020-05-30,Yuba,115,75493,30,25,0,25,1
2020-05-29,Alameda,001,1643700,3810,3209,6,3215,96
2020-05-29,Alpine,003,1148,1,1,0,1,0
2020-05-29,Amador,005,37829,9,10,0,10,0
2020-05-29,Butte,007,227075,72,41,2,43,0
2020-05-29,Calaveras,009,45235,14,15,0,15,0
2020-05-29,Colusa,011,21464,8,5,0,5,0
2020-05-29,Contra Costa,013,1133247,1679,1411,1,1412,37
2020-05-29,Del Norte,015,27424,45,37,0,37,0
2020-05-29,El Dorado,017,186661,116,85,0,85,0
2020-05-29,Fresno,019,978130,3258,1687,44,1731,31
2020-05-29,Glenn,021,27897,19,14,0,14,0
2020-05-29,Humboldt,023,135768,110,98,0,98,2
2020-05-29,Imperial,025,180216,3603,1607,4,1611,14
2020-05-29,Inyo,027,18085,20,20,0,20,1
2020-05-29,Kern,029,883053,2794,2128,6,2134,36
2020-05-29,Kings,031,150075,1238,693,4,697,3
2020-05-29,Lake,033,64148,30,17,0,17,0
2020-05-29,Lassen,035,31185,10,0,2,2,0
2020-05-29,Los Angeles,037,10098052,60874,51578,22,51600,2273
2020-05-29,Madera,039,155013,250,98,1,99,2
2020-05-29,Marin,041,260295,521,448,2,450,14
2020-05-29,Mariposa,043,17540,16,16,0,16,1
2020-05-29,Mendocino,045,87422,31,25,0,25,0
2020-05-29,Merced,047,269075,390,285,0,285,7
2020-05-29,Modoc,049,8938,0,0,0,0,0
2020-05-29,Mono,051,14174,38,34,0,34,1
2020-05-29,Monterey,053,433212,674,479,2,481,10
2020-05-29,Napa,055,140530,144,113,0,113,3
2020-05-29,Nevada,057,99092,50,41,1,42,1
2020-05-29,Orange,059,3164182,8923,6176,61,6237,133
2020-05-29,Placer,061,380077,261,199,1,200,9
2020-05-29,Plumas,063,18699,4,4,0,4,0
2020-05-29,Riverside,065,2383286,9525,7376,20,7396,313
2020-05-29,Sacramento,067,1510023,1496,1360,2,1362,57
2020-05-29,San Benito,069,59416,97,84,0,84,2
2020-05-29,San Bernardino,071,2135413,6233,4983,5,4988,196
2020-05-29,San Diego,073,3302833,8423,7242,0,7242,266
2020-05-29,San Francisco,075,870044,2667,2453,0,2453,41
2020-05-29,San Joaquin,077,732212,1113,855,4,859,34
2020-05-29,San Luis Obispo,079,281455,357,270,4,274,1
2020-05-29,San Mateo,081,765935,2365,2103,4,2107,71
2020-05-29,Santa Barbara,083,443738,1832,1656,13,1669,9
2020-05-29,Santa Clara,085,1922200,3438,2707,12,2719,141
2020-05-29,Santa Cruz,087,273765,226,203,0,203,2
2020-05-29,Shasta,089,179085,60,36,0,36,4
2020-05-29,Sierra,091,2930,1,1,0,1,0
2020-05-29,Siskiyou,093,43540,11,7,0,7,0
2020-05-29,Solano,095,438530,618,498,1,499,6
2020-05-29,Sonoma,097,501317,619,537,1,538,4
2020-05-29,Stanislaus,099,539301,864,698,5,703,27
2020-05-29,Sutter,101,95872,47,40,0,40,2
2020-05-29,Tehama,103,63373,9,4,1,5,1
2020-05-29,Trinity,105,12862,7,1,2,3,0
2020-05-29,Tulare,107,460477,2555,1852,10,1862,80
2020-05-29,Tuolumne,109,53932,4,4,0,4,0
2020-05-29,Ventura,111,848112,1604,1093,11,1104,29
2020-05-29,Yolo,113,214977,227,211,0,211,24
2020-05-29,Yuba,115,75493,29,25,0,25,1
2020-05-28,Alameda,001,1643700,3710,3083,6,3089,94
2020-05-28,Alpine,003,1148,1,1,0,1,0
2020-05-28,Amador,005,37829,9,10,0,10,0
2020-05-28,Butte,007,227075,71,40,2,42,0
2020-05-28,Calaveras,009,45235,13,15,0,15,0
2020-05-28,Colusa,011,21464,8,5,0,5,0
2020-05-28,Contra Costa,013,1133247,1640,1392,1,1393,37
2020-05-28,Del Norte,015,27424,45,37,0,37,0
2020-05-28,El Dorado,017,186661,113,82,0,82,0
2020-05-28,Fresno,019,978130,3177,1653,43,1696,31
2020-05-28,Glenn,021,27897,18,14,0,14,0
2020-05-28,Humboldt,023,135768,109,97,0,97,2
2020-05-28,Imperial,025,180216,3408,1430,4,1434,14
2020-05-28,Inyo,027,18085,20,20,0,20,1
2020-05-28,Kern,029,883053,2716,2069,6,2075,36
2020-05-28,Kings,031,150075,901,626,4,630,3
2020-05-28,Lake,033,64148,29,17,0,17,0
2020-05-28,Lassen,035,31185,10,0,2,2,0
2020-05-28,Los Angeles,037,10098052,59295,49861,22,49883,2222
2020-05-28,Madera,039,155013,232,93,1,94,2
2020-05-28,Marin,041,260295,496,443,2,445,14
2020-05-28,Mariposa,043,17540,16,16,0,16,1
2020-05-28,Mendocino,045,87422,29,24,0,24,0
2020-05-28,Merced,047,269075,381,283,0,283,7
2020-05-28,Modoc,049,8938,0,0,0,0,0
2020-05-28,Mono,051,14174,38,34,0,34,1
2020-05-28,Monterey,053,433212,642,471,2,473,10
2020-05-28,Napa,055,140530,141,113,0,113,3
2020-05-28,Nevada,057,99092,45,41,1,42,1
2020-05-28,Orange,059,3164182,8727,6045,61,6106,130
2020-05-28,Placer,061,380077,254,196,1,197,9
2020-05-28,Plumas,063,18699,4,4,0,4,0
2020-05-28,Riverside,065,2383286,9122,7240,19,7259,304
2020-05-28,Sacramento,067,1510023,1476,1339,2,1341,57
2020-05-28,San Benito,069,59416,96,82,0,82,2
2020-05-28,San Bernardino,071,2135413,6068,4831,5,4836,191
2020-05-28,San Diego,073,3302833,8266,7102,0,7102,260
2020-05-28,San Francisco,075,870044,2633,2417,0,2417,40
2020-05-28,San Joaquin,077,732212,1078,840,4,844,34
2020-05-28,San Luis Obispo,079,281455,354,267,4,271,1
2020-05-28,San Mateo,081,765935,2338,2070,4,2074,71
2020-05-28,Santa Barbara,083,443738,1796,1642,12,1654,9
2020-05-28,Santa Clara,085,1922200,3398,2698,12,2710,140
2020-05-28,Santa Cruz,087,273765,225,201,0,201,2
2020-05-28,Shasta,089,179085,58,36,0,36,4
2020-05-28,Sierra,091,2930,1,1,0,1,0
2020-05-28,Siskiyou,093,43540,9,6,0,6,0
2020-05-28,Solano,095,438530,601,489,1,490,6
2020-05-28,Sonoma,097,501317,597,529,1,530,4
2020-05-28,Stanislaus,099,539301,823,684,5,689,27
2020-05-28,Sutter,101,95872,47,40,0,40,2
2020-05-28,Tehama,103,63373,9,4,1,5,1
2020-05-28,Trinity,105,12862,6,1,2,3,0
2020-05-28,Tulare,107,460477,2519,1832,10,1842,79
2020-05-28,Tuolumne,109,53932,4,4,0,4,0
2020-05-28,Ventura,111,848112,1571,1083,11,1094,29
2020-05-28,Yolo,113,214977,224,206,0,206,22
2020-05-28,Yuba,115,75493,28,24,0,24,1
2020-05-27,Alameda,001,1643700,3626,3037,6,3043,94
2020-05-27,Alpine,003,1148,1,1,0,1,0
2020-05-27,Amador,005,37829,9,10,0,10,0
2020-05-27,Butte,007,227075,68,40,1,41,0
2020-05-27,Calaveras,009,45235,12,15,0,15,0
2020-05-27,Colusa,011,21464,8,5,0,5,0
2020-05-27,Contra Costa,013,1133247,1600,1373,1,1374,37
2020-05-27,Del Norte,015,27424,45,34,0,34,0
2020-05-27,El Dorado,017,186661,112,82,0,82,0
2020-05-27,Fresno,019,978130,3089,1620,43,1663,27
2020-05-27,Glenn,021,27897,18,14,0,14,0
2020-05-27,Humboldt,023,135768,109,86,0,86,2
2020-05-27,Imperial,025,180216,3227,1369,4,1373,14
2020-05-27,Inyo,027,18085,20,20,0,20,1
2020-05-27,Kern,029,883053,2651,1999,6,2005,37
2020-05-27,Kings,031,150075,874,586,4,590,3
2020-05-27,Lake,033,64148,29,13,0,13,0
2020-05-27,Lassen,035,31185,10,0,2,2,0
2020-05-27,Los Angeles,037,10098052,57920,48711,22,48733,2177
2020-05-27,Madera,039,155013,223,91,1,92,2
2020-05-27,Marin,041,260295,467,439,2,441,14
2020-05-27,Mariposa,043,17540,16,16,0,16,1
2020-05-27,Mendocino,045,87422,28,21,0,21,0
2020-05-27,Merced,047,269075,377,278,0,278,7
2020-05-27,Modoc,049,8938,0,0,0,0,0
2020-05-27,Mono,051,14174,38,34,0,34,1
2020-05-27,Monterey,053,433212,602,443,2,445,8
2020-05-27,Napa,055,140530,136,112,0,112,3
2020-05-27,Nevada,057,99092,44,41,1,42,1
2020-05-27,Orange,059,3164182,8572,5849,61,5910,121
2020-05-27,Placer,061,380077,235,196,0,196,9
2020-05-27,Plumas,063,18699,4,4,0,4,0
2020-05-27,Riverside,065,2383286,8743,7156,19,7175,299
2020-05-27,Sacramento,067,1510023,1448,1318,2,1320,50
2020-05-27,San Benito,069,59416,93,74,0,74,2
2020-05-27,San Bernardino,071,2135413,5884,4708,5,4713,183
2020-05-27,San Diego,073,3302833,8115,6985,0,6985,255
2020-05-27,San Francisco,075,870044,2604,2394,0,2394,40
2020-05-27,San Joaquin,077,732212,1037,825,4,829,34
2020-05-27,San Luis Obispo,079,281455,349,266,4,270,1
2020-05-27,San Mateo,081,765935,2298,2045,4,2049,71
2020-05-27,Santa Barbara,083,443738,1778,1629,12,1641,9
2020-05-27,Santa Clara,085,1922200,3365,2680,12,2692,140
2020-05-27,Santa Cruz,087,273765,221,202,0,202,2
2020-05-27,Shasta,089,179085,55,36,0,36,4
2020-05-27,Sierra,091,2930,1,1,0,1,0
2020-05-27,Siskiyou,093,43540,9,6,0,6,0
2020-05-27,Solano,095,438530,581,477,1,478,5
2020-05-27,Sonoma,097,501317,583,521,1,522,4
2020-05-27,Stanislaus,099,539301,798,675,5,680,27
2020-05-27,Sutter,101,95872,46,40,0,40,2
2020-05-27,Tehama,103,63373,9,3,1,4,1
2020-05-27,Trinity,105,12862,6,1,2,3,0
2020-05-27,Tulare,107,460477,2467,1817,10,1827,77
2020-05-27,Tuolumne,109,53932,4,4,0,4,0
2020-05-27,Ventura,111,848112,1546,1065,11,1076,28
2020-05-27,Yolo,113,214977,223,204,0,204,22
2020-05-27,Yuba,115,75493,28,24,0,24,1
2020-05-26,Alameda,001,1643700,3531,2956,6,2962,92
2020-05-26,Alpine,003,1148,1,1,0,1,0
2020-05-26,Amador,005,37829,9,10,0,10,0
2020-05-26,Butte,007,227075,66,37,1,38,0
2020-05-26,Calaveras,009,45235,12,13,0,13,0
2020-05-26,Colusa,011,21464,8,4,0,4,0
2020-05-26,Contra Costa,013,1133247,1565,1352,1,1353,37
2020-05-26,Del Norte,015,27424,44,30,0,30,0
2020-05-26,El Dorado,017,186661,108,79,0,79,0
2020-05-26,Fresno,019,978130,3002,1496,43,1539,22
2020-05-26,Glenn,021,27897,16,12,0,12,0
2020-05-26,Humboldt,023,135768,107,81,0,81,2
2020-05-26,Imperial,025,180216,3011,1369,4,1373,14
2020-05-26,Inyo,027,18085,20,20,0,20,1
2020-05-26,Kern,029,883053,2573,1890,6,1896,31
2020-05-26,Kings,031,150075,806,449,3,452,2
2020-05-26,Lake,033,64148,27,12,0,12,0
2020-05-26,Lassen,035,31185,9,0,2,2,0
2020-05-26,Los Angeles,037,10098052,56453,47760,22,47782,2121
2020-05-26,Madera,039,155013,207,83,1,84,2
2020-05-26,Marin,041,260295,455,424,2,426,14
2020-05-26,Mariposa,043,17540,16,16,0,16,1
2020-05-26,Mendocino,045,87422,26,20,0,20,0
2020-05-26,Merced,047,269075,363,266,0,266,7
2020-05-26,Modoc,049,8938,0,1,0,1,0
2020-05-26,Mono,051,14174,37,34,0,34,1
2020-05-26,Monterey,053,433212,574,424,1,425,8
2020-05-26,Napa,055,140530,131,109,0,109,3
2020-05-26,Nevada,057,99092,43,41,1,42,1
2020-05-26,Orange,059,3164182,8302,5651,60,5711,115
2020-05-26,Placer,061,380077,230,188,0,188,9
2020-05-26,Plumas,063,18699,4,4,0,4,0
2020-05-26,Riverside,065,2383286,8296,6917,19,6936,284
2020-05-26,Sacramento,067,1510023,1422,1298,2,1300,50
2020-05-26,San Benito,069,59416,88,69,0,69,2
2020-05-26,San Bernardino,071,2135413,5716,4430,5,4435,175
2020-05-26,San Diego,073,3302833,7972,6884,0,6884,249
2020-05-26,San Francisco,075,870044,2571,2363,0,2363,40
2020-05-26,San Joaquin,077,732212,990,760,4,764,33
2020-05-26,San Luis Obispo,079,281455,347,260,4,264,1
2020-05-26,San Mateo,081,765935,2260,1967,3,1970,71
2020-05-26,Santa Barbara,083,443738,1758,1590,11,1601,9
2020-05-26,Santa Clara,085,1922200,3332,2659,12,2671,139
2020-05-26,Santa Cruz,087,273765,219,197,0,197,2
2020-05-26,Shasta,089,179085,55,36,0,36,4
2020-05-26,Sierra,091,2930,1,1,0,1,0
2020-05-26,Siskiyou,093,43540,8,6,0,6,0
2020-05-26,Solano,095,438530,563,470,1,471,5
2020-05-26,Sonoma,097,501317,575,509,0,509,4
2020-05-26,Stanislaus,099,539301,777,663,5,668,27
2020-05-26,Sutter,101,95872,45,39,0,39,2
2020-05-26,Tehama,103,63373,8,2,1,3,1
2020-05-26,Trinity,105,12862,6,1,2,3,0
2020-05-26,Tulare,107,460477,2411,1768,10,1778,76
2020-05-26,Tuolumne,109,53932,4,2,0,2,0
2020-05-26,Ventura,111,848112,1509,1033,8,1041,27
2020-05-26,Yolo,113,214977,217,198,0,198,22
2020-05-26,Yuba,115,75493,27,24,0,24,1
2020-05-25,Alameda,001,1643700,3438,2900,5,2905,92
2020-05-25,Alpine,003,1148,1,1,0,1,0
2020-05-25,Amador,005,37829,9,10,0,10,0
2020-05-25,Butte,007,227075,63,37,1,38,0
2020-05-25,Calaveras,009,45235,12,13,0,13,0
2020-05-25,Colusa,011,21464,7,4,0,4,0
2020-05-25,Contra Costa,013,1133247,1532,1348,1,1349,37
2020-05-25,Del Norte,015,27424,44,20,0,20,0
2020-05-25,El Dorado,017,186661,100,78,0,78,0
2020-05-25,Fresno,019,978130,2898,1496,41,1537,22
2020-05-25,Glenn,021,27897,16,12,0,12,0
2020-05-25,Humboldt,023,135768,106,81,0,81,2
2020-05-25,Imperial,025,180216,2800,1369,4,1373,14
2020-05-25,Inyo,027,18085,19,20,0,20,1
2020-05-25,Kern,029,883053,2502,1890,6,1896,31
2020-05-25,Kings,031,150075,776,447,3,450,2
2020-05-25,Lake,033,64148,25,13,0,13,0
2020-05-25,Lassen,035,31185,9,0,2,2,0
2020-05-25,Los Angeles,037,10098052,54642,45952,21,45973,2094
2020-05-25,Madera,039,155013,194,83,1,84,2
2020-05-25,Marin,041,260295,437,415,2,417,14
2020-05-25,Mariposa,043,17540,16,15,0,15,1
2020-05-25,Mendocino,045,87422,23,19,0,19,0
2020-05-25,Merced,047,269075,356,262,0,262,6
2020-05-25,Modoc,049,8938,0,1,0,1,0
2020-05-25,Mono,051,14174,37,34,0,34,1
2020-05-25,Monterey,053,433212,544,418,1,419,8
2020-05-25,Napa,055,140530,131,107,0,107,3
2020-05-25,Nevada,057,99092,43,41,1,42,1
2020-05-25,Orange,059,3164182,8080,5601,59,5660,115
2020-05-25,Placer,061,380077,226,186,0,186,9
2020-05-25,Plumas,063,18699,4,4,0,4,0
2020-05-25,Riverside,065,2383286,8065,6900,19,6919,284
2020-05-25,Sacramento,067,1510023,1402,1290,1,1291,50
2020-05-25,San Benito,069,59416,87,70,0,70,2
2020-05-25,San Bernardino,071,2135413,5526,4393,4,4397,175
2020-05-25,San Diego,073,3302833,7796,6799,0,6799,249
2020-05-25,San Francisco,075,870044,2534,2358,0,2358,40
2020-05-25,San Joaquin,077,732212,964,760,4,764,33
2020-05-25,San Luis Obispo,079,281455,344,260,4,264,1
2020-05-25,San Mateo,081,765935,2224,1938,3,1941,71
2020-05-25,Santa Barbara,083,443738,1748,1590,11,1601,9
2020-05-25,Santa Clara,085,1922200,3299,2647,12,2659,139
2020-05-25,Santa Cruz,087,273765,217,191,0,191,2
2020-05-25,Shasta,089,179085,54,36,0,36,4
2020-05-25,Sierra,091,2930,1,1,0,1,0
2020-05-25,Siskiyou,093,43540,8,6,0,6,0
2020-05-25,Solano,095,438530,549,437,1,438,5
2020-05-25,Sonoma,097,501317,563,496,0,496,4
2020-05-25,Stanislaus,099,539301,747,651,5,656,27
2020-05-25,Sutter,101,95872,45,38,0,38,2
2020-05-25,Tehama,103,63373,7,2,1,3,1
2020-05-25,Trinity,105,12862,6,1,2,3,0
2020-05-25,Tulare,107,460477,2347,1747,10,1757,76
2020-05-25,Tuolumne,109,53932,4,2,0,2,0
2020-05-25,Ventura,111,848112,1468,1020,8,1028,27
2020-05-25,Yolo,113,214977,215,197,0,197,22
2020-05-25,Yuba,115,75493,26,24,0,24,1
2020-05-24,Alameda,001,1643700,3365,2830,5,2835,92
2020-05-24,Alpine,003,1148,1,1,0,1,0
2020-05-24,Amador,005,37829,9,9,0,9,0
2020-05-24,Butte,007,227075,61,35,1,36,0
2020-05-24,Calaveras,009,45235,12,13,0,13,0
2020-05-24,Colusa,011,21464,7,4,0,4,0
2020-05-24,Contra Costa,013,1133247,1504,1325,1,1326,37
2020-05-24,Del Norte,015,27424,43,16,0,16,0
2020-05-24,El Dorado,017,186661,99,76,0,76,0
2020-05-24,Fresno,019,978130,2831,1455,40,1495,22
2020-05-24,Glenn,021,27897,15,12,0,12,0
2020-05-24,Humboldt,023,135768,106,81,0,81,2
2020-05-24,Imperial,025,180216,2674,1369,4,1373,14
2020-05-24,Inyo,027,18085,19,20,0,20,1
2020-05-24,Kern,029,883053,2429,1861,5,1866,31
2020-05-24,Kings,031,150075,765,446,3,449,2
2020-05-24,Lake,033,64148,24,12,0,12,0
2020-05-24,Lassen,035,31185,8,0,2,2,0
2020-05-24,Los Angeles,037,10098052,53628,44954,21,44975,2085
2020-05-24,Madera,039,155013,188,83,1,84,2
2020-05-24,Marin,041,260295,435,401,2,403,14
2020-05-24,Mariposa,043,17540,16,15,0,15,1
2020-05-24,Mendocino,045,87422,22,19,0,19,0
2020-05-24,Merced,047,269075,355,258,0,258,6
2020-05-24,Modoc,049,8938,0,0,0,0,0
2020-05-24,Mono,051,14174,37,34,0,34,1
2020-05-24,Monterey,053,433212,516,405,1,406,8
2020-05-24,Napa,055,140530,129,104,0,104,3
2020-05-24,Nevada,057,99092,43,41,1,42,1
2020-05-24,Orange,059,3164182,7926,5439,58,5497,113
2020-05-24,Placer,061,380077,218,184,0,184,9
2020-05-24,Plumas,063,18699,4,4,0,4,0
2020-05-24,Riverside,065,2383286,7924,6571,19,6590,284
2020-05-24,Sacramento,067,1510023,1386,1283,1,1284,50
2020-05-24,San Benito,069,59416,86,67,0,67,2
2020-05-24,San Bernardino,071,2135413,5418,4262,4,4266,175
2020-05-24,San Diego,073,3302833,7653,6703,0,6703,249
2020-05-24,San Francisco,075,870044,2510,2318,0,2318,40
2020-05-24,San Joaquin,077,732212,945,760,4,764,33
2020-05-24,San Luis Obispo,079,281455,342,257,4,261,1
2020-05-24,San Mateo,081,765935,2189,1925,3,1928,71
2020-05-24,Santa Barbara,083,443738,1735,1573,11,1584,9
2020-05-24,Santa Clara,085,1922200,3279,2623,12,2635,139
2020-05-24,Santa Cruz,087,273765,214,185,0,185,2
2020-05-24,Shasta,089,179085,53,36,0,36,4
2020-05-24,Sierra,091,2930,1,1,0,1,0
2020-05-24,Siskiyou,093,43540,7,6,0,6,0
2020-05-24,Solano,095,438530,541,436,0,436,5
2020-05-24,Sonoma,097,501317,552,485,0,485,4
2020-05-24,Stanislaus,099,539301,727,634,5,639,27
2020-05-24,Sutter,101,95872,45,38,0,38,2
2020-05-24,Tehama,103,63373,5,2,1,3,1
2020-05-24,Trinity,105,12862,6,1,2,3,0
2020-05-24,Tulare,107,460477,2301,1684,10,1694,74
2020-05-24,Tuolumne,109,53932,4,2,0,2,0
2020-05-24,Ventura,111,848112,1456,982,8,990,27
2020-05-24,Yolo,113,214977,213,192,0,192,22
2020-05-24,Yuba,115,75493,26,24,0,24,1
2020-05-23,Alameda,001,1643700,3324,2783,5,2788,91
2020-05-23,Alpine,003,1148,1,1,0,1,0
2020-05-23,Amador,005,37829,9,9,0,9,0
2020-05-23,Butte,007,227075,60,34,1,35,0
2020-05-23,Calaveras,009,45235,12,13,0,13,0
2020-05-23,Colusa,011,21464,7,4,0,4,0
2020-05-23,Contra Costa,013,1133247,1493,1302,1,1303,36
2020-05-23,Del Norte,015,27424,43,10,0,10,0
2020-05-23,El Dorado,017,186661,99,74,0,74,0
2020-05-23,Fresno,019,978130,2811,1447,40,1487,21
2020-05-23,Glenn,021,27897,15,12,0,12,0
2020-05-23,Humboldt,023,135768,104,80,0,80,2
2020-05-23,Imperial,025,180216,2586,1283,4,1287,14
2020-05-23,Inyo,027,18085,19,20,0,20,1
2020-05-23,Kern,029,883053,2386,1806,5,1811,31
2020-05-23,Kings,031,150075,761,444,3,447,2
2020-05-23,Lake,033,64148,23,10,0,10,0
2020-05-23,Lassen,035,31185,8,0,2,2,0
2020-05-23,Los Angeles,037,10098052,53087,44029,21,44050,2069
2020-05-23,Madera,039,155013,184,83,1,84,2
2020-05-23,Marin,041,260295,435,393,1,394,14
2020-05-23,Mariposa,043,17540,16,15,0,15,1
2020-05-23,Mendocino,045,87422,22,13,0,13,0
2020-05-23,Merced,047,269075,352,247,0,247,6
2020-05-23,Modoc,049,8938,0,0,0,0,0
2020-05-23,Mono,051,14174,36,34,0,34,1
2020-05-23,Monterey,053,433212,502,397,1,398,8
2020-05-23,Napa,055,140530,125,101,0,101,3
2020-05-23,Nevada,057,99092,43,41,1,42,1
2020-05-23,Orange,059,3164182,7767,5313,57,5370,113
2020-05-23,Placer,061,380077,212,184,0,184,9
2020-05-23,Plumas,063,18699,4,4,0,4,0
2020-05-23,Riverside,065,2383286,7833,6460,19,6479,284
2020-05-23,Sacramento,067,1510023,1370,1275,1,1276,50
2020-05-23,San Benito,069,59416,81,67,0,67,2
2020-05-23,San Bernardino,071,2135413,5324,4172,4,4176,175
2020-05-23,San Diego,073,3302833,7562,6561,0,6561,249
2020-05-23,San Francisco,075,870044,2491,2312,0,2312,40
2020-05-23,San Joaquin,077,732212,930,759,4,763,33
2020-05-23,San Luis Obispo,079,281455,338,256,4,260,1
2020-05-23,San Mateo,081,765935,2161,1862,3,1865,71
2020-05-23,Santa Barbara,083,443738,1726,1566,11,1577,9
2020-05-23,Santa Clara,085,1922200,3265,2593,11,2604,139
2020-05-23,Santa Cruz,087,273765,212,177,0,177,2
2020-05-23,Shasta,089,179085,53,35,0,35,4
2020-05-23,Sierra,091,2930,1,1,0,1,0
2020-05-23,Siskiyou,093,43540,7,6,0,6,0
2020-05-23,Solano,095,438530,536,435,0,435,5
2020-05-23,Sonoma,097,501317,538,462,0,462,4
2020-05-23,Stanislaus,099,539301,719,625,5,630,27
2020-05-23,Sutter,101,95872,44,38,0,38,2
2020-05-23,Tehama,103,63373,5,2,1,3,1
2020-05-23,Trinity,105,12862,6,1,2,3,0
2020-05-23,Tulare,107,460477,2280,1682,10,1692,73
2020-05-23,Tuolumne,109,53932,4,2,0,2,0
2020-05-23,Ventura,111,848112,1436,961,8,969,27
2020-05-23,Yolo,113,214977,212,188,0,188,22
2020-05-23,Yuba,115,75493,26,24,0,24,1
2020-05-22,Alameda,001,1643700,3270,2722,5,2727,91
2020-05-22,Alpine,003,1148,1,1,0,1,0
2020-05-22,Amador,005,37829,9,9,0,9,0
2020-05-22,Butte,007,227075,58,34,1,35,0
2020-05-22,Calaveras,009,45235,12,13,0,13,0
2020-05-22,Colusa,011,21464,7,4,0,4,0
2020-05-22,Contra Costa,013,1133247,1481,1272,1,1273,36
2020-05-22,Del Norte,015,27424,41,9,0,9,0
2020-05-22,El Dorado,017,186661,96,74,0,74,0
2020-05-22,Fresno,019,978130,2752,1399,39,1438,20
2020-05-22,Glenn,021,27897,15,12,0,12,0
2020-05-22,Humboldt,023,135768,104,80,0,80,2
2020-05-22,Imperial,025,180216,2486,1214,4,1218,14
2020-05-22,Inyo,027,18085,19,20,0,20,1
2020-05-22,Kern,029,883053,2337,1749,5,1754,28
2020-05-22,Kings,031,150075,758,428,3,431,2
2020-05-22,Lake,033,64148,22,10,0,10,0
2020-05-22,Lassen,035,31185,6,0,2,2,0
2020-05-22,Los Angeles,037,10098052,52295,43025,21,43046,2027
2020-05-22,Madera,039,155013,180,82,1,83,2
2020-05-22,Marin,041,260295,431,372,1,373,14
2020-05-22,Mariposa,043,17540,16,15,0,15,1
2020-05-22,Mendocino,045,87422,21,13,0,13,0
2020-05-22,Merced,047,269075,352,233,0,233,6
2020-05-22,Modoc,049,8938,0,0,0,0,0
2020-05-22,Mono,051,14174,36,34,0,34,1
2020-05-22,Monterey,053,433212,491,372,1,373,8
2020-05-22,Napa,055,140530,123,97,0,97,3
2020-05-22,Nevada,057,99092,42,41,1,42,1
2020-05-22,Orange,059,3164182,7570,5144,55,5199,113
2020-05-22,Placer,061,380077,212,181,0,181,9
2020-05-22,Plumas,063,18699,4,4,0,4,0
2020-05-22,Riverside,065,2383286,7718,6351,19,6370,283
2020-05-22,Sacramento,067,1510023,1354,1262,1,1263,50
2020-05-22,San Benito,069,59416,80,64,0,64,2
2020-05-22,San Bernardino,071,2135413,5249,4107,4,4111,173
2020-05-22,San Diego,073,3302833,7476,6436,0,6436,242
2020-05-22,San Francisco,075,870044,2473,2251,0,2251,40
2020-05-22,San Joaquin,077,732212,917,747,4,751,33
2020-05-22,San Luis Obispo,079,281455,338,254,4,258,1
2020-05-22,San Mateo,081,765935,2142,1847,3,1850,71
2020-05-22,Santa Barbara,083,443738,1716,1554,11,1565,9
2020-05-22,Santa Clara,085,1922200,3244,2537,11,2548,139
2020-05-22,Santa Cruz,087,273765,209,171,0,171,2
2020-05-22,Shasta,089,179085,53,34,0,34,4
2020-05-22,Sierra,091,2930,1,0,0,0,0
2020-05-22,Siskiyou,093,43540,7,6,0,6,0
2020-05-22,Solano,095,438530,533,431,0,431,4
2020-05-22,Sonoma,097,501317,534,444,0,444,4
2020-05-22,Stanislaus,099,539301,709,616,5,621,27
2020-05-22,Sutter,101,95872,44,38,0,38,2
2020-05-22,Tehama,103,63373,5,2,0,2,1
2020-05-22,Trinity,105,12862,6,1,2,3,0
2020-05-22,Tulare,107,460477,2250,1662,10,1672,73
2020-05-22,Tuolumne,109,53932,4,2,0,2,0
2020-05-22,Ventura,111,848112,1418,937,8,945,27
2020-05-22,Yolo,113,214977,210,187,0,187,22
2020-05-22,Yuba,115,75493,26,24,0,24,1
2020-05-21,Alameda,001,1643700,3205,2606,5,2611,89
2020-05-21,Alpine,003,1148,1,1,0,1,0
2020-05-21,Amador,005,37829,9,9,0,9,0
2020-05-21,Butte,007,227075,57,31,1,32,0
2020-05-21,Calaveras,009,45235,11,13,0,13,0
2020-05-21,Colusa,011,21464,7,4,0,4,0
2020-05-21,Contra Costa,013,1133247,1445,1243,1,1244,36
2020-05-21,Del Norte,015,27424,38,9,0,9,0
2020-05-21,El Dorado,017,186661,94,67,0,67,0
2020-05-21,Fresno,019,978130,2660,1362,38,1400,20
2020-05-21,Glenn,021,27897,14,12,0,12,0
2020-05-21,Humboldt,023,135768,103,79,0,79,0
2020-05-21,Imperial,025,180216,2327,1096,4,1100,14
2020-05-21,Inyo,027,18085,19,20,0,20,1
2020-05-21,Kern,029,883053,2261,1684,4,1688,27
2020-05-21,Kings,031,150075,737,417,2,419,2
2020-05-21,Lake,033,64148,17,10,0,10,0
2020-05-21,Lassen,035,31185,6,0,2,2,0
2020-05-21,Los Angeles,037,10098052,51261,42063,21,42084,1996
2020-05-21,Madera,039,155013,177,82,1,83,2
2020-05-21,Marin,041,260295,420,359,1,360,14
2020-05-21,Mariposa,043,17540,16,15,0,15,1
2020-05-21,Mendocino,045,87422,21,12,0,12,0
2020-05-21,Merced,047,269075,341,226,0,226,6
2020-05-21,Modoc,049,8938,0,0,0,0,0
2020-05-21,Mono,051,14174,36,33,0,33,1
2020-05-21,Monterey,053,433212,480,363,1,364,8
2020-05-21,Napa,055,140530,121,96,0,96,3
2020-05-21,Nevada,057,99092,42,41,1,42,1
2020-05-21,Orange,059,3164182,7367,4975,54,5029,106
2020-05-21,Placer,061,380077,205,176,0,176,8
2020-05-21,Plumas,063,18699,4,4,0,4,0
2020-05-21,Riverside,065,2383286,7531,6245,19,6264,279
2020-05-21,Sacramento,067,1510023,1341,1258,1,1259,56
2020-05-21,San Benito,069,59416,77,61,0,61,2
2020-05-21,San Bernardino,071,2135413,5102,3950,4,3954,167
2020-05-21,San Diego,073,3302833,7340,6317,0,6317,241
2020-05-21,San Francisco,075,870044,2449,2248,0,2248,37
2020-05-21,San Joaquin,077,732212,881,730,4,734,33
2020-05-21,San Luis Obispo,079,281455,338,251,3,254,1
2020-05-21,San Mateo,081,765935,2105,1791,3,1794,74
2020-05-21,Santa Barbara,083,443738,1698,1541,11,1552,10
2020-05-21,Santa Clara,085,1922200,3222,2520,11,2531,138
2020-05-21,Santa Cruz,087,273765,201,164,0,164,3
2020-05-21,Shasta,089,179085,51,34,0,34,4
2020-05-21,Sierra,091,2930,1,0,0,0,0
2020-05-21,Siskiyou,093,43540,7,6,0,6,0
2020-05-21,Solano,095,438530,524,424,0,424,4
2020-05-21,Sonoma,097,501317,516,427,0,427,4
2020-05-21,Stanislaus,099,539301,698,602,5,607,27
2020-05-21,Sutter,101,95872,43,38,0,38,2
2020-05-21,Tehama,103,63373,4,2,0,2,1
2020-05-21,Trinity,105,12862,5,1,2,3,0
2020-05-21,Tulare,107,460477,2200,1606,8,1614,73
2020-05-21,Tuolumne,109,53932,2,2,0,2,0
2020-05-21,Ventura,111,848112,1369,907,8,915,30
2020-05-21,Yolo,113,214977,207,185,0,185,22
2020-05-21,Yuba,115,75493,26,24,0,24,1
2020-05-20,Alameda,001,1643700,3132,2554,5,2559,89
2020-05-20,Alpine,003,1148,1,1,0,1,0
2020-05-20,Amador,005,37829,9,9,0,9,0
2020-05-20,Butte,007,227075,54,30,1,31,0
2020-05-20,Calaveras,009,45235,11,13,0,13,0
2020-05-20,Colusa,011,21464,7,3,0,3,0
2020-05-20,Contra Costa,013,1133247,1415,1223,1,1224,33
2020-05-20,Del Norte,015,27424,31,9,0,9,0
2020-05-20,El Dorado,017,186661,93,67,0,67,0
2020-05-20,Fresno,019,978130,2587,1329,37,1366,17
2020-05-20,Glenn,021,27897,13,12,0,12,0
2020-05-20,Humboldt,023,135768,100,73,0,73,0
2020-05-20,Imperial,025,180216,2214,1047,4,1051,14
2020-05-20,Inyo,027,18085,19,20,0,20,1
2020-05-20,Kern,029,883053,2198,1639,3,1642,27
2020-05-20,Kings,031,150075,593,403,2,405,2
2020-05-20,Lake,033,64148,17,9,0,9,0
2020-05-20,Lassen,035,31185,5,0,2,2,0
2020-05-20,Los Angeles,037,10098052,50267,40932,21,40953,1955
2020-05-20,Madera,039,155013,175,82,1,83,2
2020-05-20,Marin,041,260295,393,348,1,349,14
2020-05-20,Mariposa,043,17540,16,15,0,15,1
2020-05-20,Mendocino,045,87422,21,12,0,12,0
2020-05-20,Merced,047,269075,334,225,0,225,6
2020-05-20,Modoc,049,8938,0,0,0,0,0
2020-05-20,Mono,051,14174,36,33,0,33,1
2020-05-20,Monterey,053,433212,466,356,1,357,8
2020-05-20,Napa,055,140530,114,93,0,93,3
2020-05-20,Nevada,057,99092,42,41,1,42,1
2020-05-20,Orange,059,3164182,7159,4866,52,4918,96
2020-05-20,Placer,061,380077,203,176,0,176,8
2020-05-20,Plumas,063,18699,4,4,0,4,0
2020-05-20,Riverside,065,2383286,7388,6090,19,6109,265
2020-05-20,Sacramento,067,1510023,1331,1244,1,1245,56
2020-05-20,San Benito,069,59416,76,61,0,61,2
2020-05-20,San Bernardino,071,2135413,4975,3771,4,3775,161
2020-05-20,San Diego,073,3302833,7223,6142,0,6142,230
2020-05-20,San Francisco,075,870044,2426,2199,0,2199,37
2020-05-20,San Joaquin,077,732212,845,713,4,717,33
2020-05-20,San Luis Obispo,079,281455,332,249,3,252,1
2020-05-20,San Mateo,081,765935,2052,1739,3,1742,74
2020-05-20,Santa Barbara,083,443738,1676,1524,11,1535,10
2020-05-20,Santa Clara,085,1922200,3201,2508,10,2518,138
2020-05-20,Santa Cruz,087,273765,198,163,0,163,3
2020-05-20,Shasta,089,179085,51,34,0,34,4
2020-05-20,Sierra,091,2930,1,0,0,0,0
2020-05-20,Siskiyou,093,43540,7,6,0,6,0
2020-05-20,Solano,095,438530,519,418,0,418,4
2020-05-20,Sonoma,097,501317,507,411,0,411,4
2020-05-20,Stanislaus,099,539301,682,584,4,588,25
2020-05-20,Sutter,101,95872,43,38,0,38,2
2020-05-20,Tehama,103,63373,4,2,0,2,1
2020-05-20,Trinity,105,12862,4,1,1,2,0
2020-05-20,Tulare,107,460477,2159,1585,8,1593,71
2020-05-20,Tuolumne,109,53932,2,2,0,2,0
2020-05-20,Ventura,111,848112,1333,879,8,887,29
2020-05-20,Yolo,113,214977,204,184,0,184,22
2020-05-20,Yuba,115,75493,26,23,0,23,1
2020-05-19,Alameda,001,1643700,3055,2493,3,2496,88
2020-05-19,Alpine,003,1148,1,1,0,1,0
2020-05-19,Amador,005,37829,9,9,0,9,0
2020-05-19,Butte,007,227075,52,25,1,26,0
2020-05-19,Calaveras,009,45235,11,13,0,13,0
2020-05-19,Colusa,011,21464,5,3,0,3,0
2020-05-19,Contra Costa,013,1133247,1392,1205,1,1206,33
2020-05-19,Del Norte,015,27424,28,8,0,8,0
2020-05-19,El Dorado,017,186661,90,67,0,67,0
2020-05-19,Fresno,019,978130,2474,1288,36,1324,15
2020-05-19,Glenn,021,27897,13,12,0,12,0
2020-05-19,Humboldt,023,135768,100,72,0,72,0
2020-05-19,Imperial,025,180216,2052,1012,4,1016,14
2020-05-19,Inyo,027,18085,19,20,0,20,1
2020-05-19,Kern,029,883053,2100,1601,3,1604,26
2020-05-19,Kings,031,150075,582,393,2,395,2
2020-05-19,Lake,033,64148,14,11,0,11,0
2020-05-19,Lassen,035,31185,5,0,2,2,0
2020-05-19,Los Angeles,037,10098052,49061,39670,21,39691,1906
2020-05-19,Madera,039,155013,171,80,1,81,2
2020-05-19,Marin,041,260295,369,340,1,341,14
2020-05-19,Mariposa,043,17540,16,15,0,15,1
2020-05-19,Mendocino,045,87422,21,12,0,12,0
2020-05-19,Merced,047,269075,326,222,0,222,5
2020-05-19,Modoc,049,8938,0,0,0,0,0
2020-05-19,Mono,051,14174,36,33,0,33,1
2020-05-19,Monterey,053,433212,454,350,1,351,8
2020-05-19,Napa,055,140530,113,93,0,93,3
2020-05-19,Nevada,057,99092,42,41,1,42,1
2020-05-19,Orange,059,3164182,6965,4746,50,4796,90
2020-05-19,Placer,061,380077,201,177,0,177,8
2020-05-19,Plumas,063,18699,4,5,0,5,0
2020-05-19,Riverside,065,2383286,7228,5963,18,5981,265
2020-05-19,Sacramento,067,1510023,1317,1239,1,1240,57
2020-05-19,San Benito,069,59416,74,59,0,59,2
2020-05-19,San Bernardino,071,2135413,4825,3656,4,3660,158
2020-05-19,San Diego,073,3302833,7079,6028,0,6028,222
2020-05-19,San Francisco,075,870044,2392,2186,0,2186,37
2020-05-19,San Joaquin,077,732212,823,705,4,709,33
2020-05-19,San Luis Obispo,079,281455,331,245,3,248,1
2020-05-19,San Mateo,081,765935,2011,1704,3,1707,71
2020-05-19,Santa Barbara,083,443738,1660,1521,11,1532,10
2020-05-19,Santa Clara,085,1922200,3151,2480,10,2490,138
2020-05-19,Santa Cruz,087,273765,187,161,0,161,3
2020-05-19,Shasta,089,179085,51,34,0,34,4
2020-05-19,Sierra,091,2930,0,0,0,0,0
2020-05-19,Siskiyou,093,43540,7,6,0,6,0
2020-05-19,Solano,095,438530,505,415,0,415,4
2020-05-19,Sonoma,097,501317,496,389,0,389,4
2020-05-19,Stanislaus,099,539301,668,582,4,586,25
2020-05-19,Sutter,101,95872,43,38,0,38,2
2020-05-19,Tehama,103,63373,4,2,0,2,1
2020-05-19,Trinity,105,12862,3,1,0,1,0
2020-05-19,Tulare,107,460477,2111,1551,8,1559,68
2020-05-19,Tuolumne,109,53932,2,2,0,2,0
2020-05-19,Ventura,111,848112,1292,861,7,868,28
2020-05-19,Yolo,113,214977,202,183,0,183,22
2020-05-19,Yuba,115,75493,26,23,0,23,1
2020-05-18,Alameda,001,1643700,2982,2442,3,2445,84
2020-05-18,Alpine,003,1148,1,1,0,1,0
2020-05-18,Amador,005,37829,9,8,0,8,0
2020-05-18,Butte,007,227075,50,24,1,25,0
2020-05-18,Calaveras,009,45235,11,13,0,13,0
2020-05-18,Colusa,011,21464,5,3,0,3,0
2020-05-18,Contra Costa,013,1133247,1361,1173,1,1174,33
2020-05-18,Del Norte,015,27424,23,8,0,8,0
2020-05-18,El Dorado,017,186661,88,67,0,67,0
2020-05-18,Fresno,019,978130,2396,1244,35,1279,14
2020-05-18,Glenn,021,27897,13,11,0,11,0
2020-05-18,Humboldt,023,135768,100,70,0,70,0
2020-05-18,Imperial,025,180216,1899,767,4,771,14
2020-05-18,Inyo,027,18085,19,20,0,20,1
2020-05-18,Kern,029,883053,2051,1566,3,1569,26
2020-05-18,Kings,031,150075,551,381,2,383,2
2020-05-18,Lake,033,64148,13,9,0,9,0
2020-05-18,Lassen,035,31185,5,0,2,2,0
2020-05-18,Los Angeles,037,10098052,48040,38477,21,38498,1825
2020-05-18,Madera,039,155013,165,74,1,75,2
2020-05-18,Marin,041,260295,356,329,1,330,14
2020-05-18,Mariposa,043,17540,16,15,0,15,1
2020-05-18,Mendocino,045,87422,16,12,0,12,0
2020-05-18,Merced,047,269075,316,217,0,217,5
2020-05-18,Modoc,049,8938,0,0,0,0,0
2020-05-18,Mono,051,14174,36,33,0,33,1
2020-05-18,Monterey,053,433212,443,345,1,346,8
2020-05-18,Napa,055,140530,109,92,0,92,3
2020-05-18,Nevada,057,99092,42,41,1,42,1
2020-05-18,Orange,059,3164182,6776,4558,48,4606,88
2020-05-18,Placer,061,380077,199,176,0,176,8
2020-05-18,Plumas,063,18699,4,5,0,5,0
2020-05-18,Riverside,065,2383286,7028,5873,18,5891,253
2020-05-18,Sacramento,067,1510023,1311,1233,0,1233,57
2020-05-18,San Benito,069,59416,72,59,0,59,2
2020-05-18,San Bernardino,071,2135413,4678,3558,4,3562,156
2020-05-18,San Diego,073,3302833,6946,5948,0,5948,211
2020-05-18,San Francisco,075,870044,2369,2183,0,2183,36
2020-05-18,San Joaquin,077,732212,811,697,4,701,33
2020-05-18,San Luis Obispo,079,281455,327,243,3,246,1
2020-05-18,San Mateo,081,765935,1973,1701,3,1704,68
2020-05-18,Santa Barbara,083,443738,1648,1501,11,1512,10
2020-05-18,Santa Clara,085,1922200,3118,2468,10,2478,137
2020-05-18,Santa Cruz,087,273765,185,160,0,160,3
2020-05-18,Shasta,089,179085,50,34,0,34,4
2020-05-18,Sierra,091,2930,0,0,0,0,0
2020-05-18,Siskiyou,093,43540,7,6,0,6,0
2020-05-18,Solano,095,438530,495,398,0,398,4
2020-05-18,Sonoma,097,501317,478,387,0,387,4
2020-05-18,Stanislaus,099,539301,656,572,4,576,25
2020-05-18,Sutter,101,95872,43,38,0,38,2
2020-05-18,Tehama,103,63373,4,2,0,2,1
2020-05-18,Trinity,105,12862,3,1,0,1,0
2020-05-18,Tulare,107,460477,2067,1491,8,1499,63
2020-05-18,Tuolumne,109,53932,2,2,0,2,0
2020-05-18,Ventura,111,848112,1269,850,6,856,27
2020-05-18,Yolo,113,214977,197,183,0,183,22
2020-05-18,Yuba,115,75493,26,23,0,23,1
2020-05-17,Alameda,001,1643700,2887,2389,3,2392,83
2020-05-17,Alpine,003,1148,1,1,0,1,0
2020-05-17,Amador,005,37829,9,8,0,8,0
2020-05-17,Butte,007,227075,49,23,1,24,0
2020-05-17,Calaveras,009,45235,11,13,0,13,0
2020-05-17,Colusa,011,21464,3,3,0,3,0
2020-05-17,Contra Costa,013,1133247,1322,1155,1,1156,33
2020-05-17,Del Norte,015,27424,23,7,0,7,0
2020-05-17,El Dorado,017,186661,88,65,0,65,0
2020-05-17,Fresno,019,978130,2290,1213,32,1245,14
2020-05-17,Glenn,021,27897,13,9,0,9,0
2020-05-17,Humboldt,023,135768,93,70,0,70,0
2020-05-17,Imperial,025,180216,1751,715,4,719,14
2020-05-17,Inyo,027,18085,19,20,0,20,1
2020-05-17,Kern,029,883053,1973,1546,3,1549,26
2020-05-17,Kings,031,150075,504,356,2,358,2
2020-05-17,Lake,033,64148,13,7,0,7,0
2020-05-17,Lassen,035,31185,5,0,2,2,0
2020-05-17,Los Angeles,037,10098052,46802,37996,21,38017,1807
2020-05-17,Madera,039,155013,163,69,1,70,2
2020-05-17,Marin,041,260295,345,315,1,316,14
2020-05-17,Mariposa,043,17540,15,15,0,15,1
2020-05-17,Mendocino,045,87422,15,10,0,10,0
2020-05-17,Merced,047,269075,305,214,0,214,5
2020-05-17,Modoc,049,8938,0,0,0,0,0
2020-05-17,Mono,051,14174,36,32,0,32,1
2020-05-17,Monterey,053,433212,423,342,1,343,8
2020-05-17,Napa,055,140530,105,89,0,89,3
2020-05-17,Nevada,057,99092,42,41,1,42,1
2020-05-17,Orange,059,3164182,6597,4466,47,4513,88
2020-05-17,Placer,061,380077,194,175,0,175,8
2020-05-17,Plumas,063,18699,4,4,0,4,0
2020-05-17,Riverside,065,2383286,6855,5776,18,5794,245
2020-05-17,Sacramento,067,1510023,1300,1224,0,1224,56
2020-05-17,San Benito,069,59416,71,59,0,59,2
2020-05-17,San Bernardino,071,2135413,4528,3467,4,3471,155
2020-05-17,San Diego,073,3302833,6814,5838,0,5838,209
2020-05-17,San Francisco,075,870044,2342,2132,0,2132,36
2020-05-17,San Joaquin,077,732212,781,688,4,692,32
2020-05-17,San Luis Obispo,079,281455,325,242,3,245,1
2020-05-17,San Mateo,081,765935,1936,1680,3,1683,68
2020-05-17,Santa Barbara,083,443738,1625,1457,11,1468,10
2020-05-17,Santa Clara,085,1922200,3080,2453,10,2463,135
2020-05-17,Santa Cruz,087,273765,174,155,0,155,3
2020-05-17,Shasta,089,179085,49,34,0,34,4
2020-05-17,Sierra,091,2930,0,0,0,0,0
2020-05-17,Siskiyou,093,43540,7,6,0,6,0
2020-05-17,Solano,095,438530,483,392,0,392,4
2020-05-17,Sonoma,097,501317,457,376,0,376,4
2020-05-17,Stanislaus,099,539301,645,566,4,570,25
2020-05-17,Sutter,101,95872,42,38,0,38,2
2020-05-17,Tehama,103,63373,3,2,0,2,1
2020-05-17,Trinity,105,12862,2,1,0,1,0
2020-05-17,Tulare,107,460477,1991,1430,7,1437,63
2020-05-17,Tuolumne,109,53932,2,2,0,2,0
2020-05-17,Ventura,111,848112,1224,838,6,844,27
2020-05-17,Yolo,113,214977,195,182,0,182,22
2020-05-17,Yuba,115,75493,26,21,0,21,1
2020-05-16,Alameda,001,1643700,2837,2327,3,2330,83
2020-05-16,Alpine,003,1148,1,1,0,1,0
2020-05-16,Amador,005,37829,9,8,0,8,0
2020-05-16,Butte,007,227075,44,22,1,23,0
2020-05-16,Calaveras,009,45235,11,13,0,13,0
2020-05-16,Colusa,011,21464,3,3,0,3,0
2020-05-16,Contra Costa,013,1133247,1304,1136,1,1137,33
2020-05-16,Del Norte,015,27424,19,4,0,4,0
2020-05-16,El Dorado,017,186661,88,65,0,65,0
2020-05-16,Fresno,019,978130,2233,1177,32,1209,14
2020-05-16,Glenn,021,27897,13,9,0,9,0
2020-05-16,Humboldt,023,135768,91,69,0,69,0
2020-05-16,Imperial,025,180216,1687,712,4,716,14
2020-05-16,Inyo,027,18085,19,20,0,20,1
2020-05-16,Kern,029,883053,1937,1509,3,1512,26
2020-05-16,Kings,031,150075,494,356,2,358,2
2020-05-16,Lake,033,64148,13,7,0,7,0
2020-05-16,Lassen,035,31185,4,0,2,2,0
2020-05-16,Los Angeles,037,10098052,46225,37352,21,37373,1778
2020-05-16,Madera,039,155013,161,70,1,71,2
2020-05-16,Marin,041,260295,341,297,1,298,14
2020-05-16,Mariposa,043,17540,15,15,0,15,1
2020-05-16,Mendocino,045,87422,15,10,0,10,0
2020-05-16,Merced,047,269075,303,201,0,201,5
2020-05-16,Modoc,049,8938,0,0,0,0,0
2020-05-16,Mono,051,14174,36,32,0,32,1
2020-05-16,Monterey,053,433212,408,329,1,330,8
2020-05-16,Napa,055,140530,105,86,0,86,3
2020-05-16,Nevada,057,99092,42,41,1,42,1
2020-05-16,Orange,059,3164182,6521,4396,47,4443,87
2020-05-16,Placer,061,380077,192,174,0,174,8
2020-05-16,Plumas,063,18699,4,4,0,4,0
2020-05-16,Riverside,065,2383286,6770,5633,18,5651,243
2020-05-16,Sacramento,067,1510023,1293,1209,0,1209,55
2020-05-16,San Benito,069,59416,66,58,0,58,2
2020-05-16,San Bernardino,071,2135413,4456,3362,4,3366,155
2020-05-16,San Diego,073,3302833,6728,5664,0,5664,209
2020-05-16,San Francisco,075,870044,2319,2094,0,2094,36
2020-05-16,San Joaquin,077,732212,773,668,4,672,32
2020-05-16,San Luis Obispo,079,281455,324,240,3,243,1
2020-05-16,San Mateo,081,765935,1921,1652,3,1655,68
2020-05-16,Santa Barbara,083,443738,1612,1422,10,1432,10
2020-05-16,Santa Clara,085,1922200,3062,2420,10,2430,135
2020-05-16,Santa Cruz,087,273765,171,154,0,154,3
2020-05-16,Shasta,089,179085,49,33,0,33,4
2020-05-16,Sierra,091,2930,0,0,0,0,0
2020-05-16,Siskiyou,093,43540,7,6,0,6,0
2020-05-16,Solano,095,438530,478,392,0,392,4
2020-05-16,Sonoma,097,501317,444,356,0,356,4
2020-05-16,Stanislaus,099,539301,636,546,4,550,24
2020-05-16,Sutter,101,95872,42,35,0,35,2
2020-05-16,Tehama,103,63373,3,2,0,2,1
2020-05-16,Trinity,105,12862,2,1,0,1,0
2020-05-16,Tulare,107,460477,1973,1426,7,1433,63
2020-05-16,Tuolumne,109,53932,2,2,0,2,0
2020-05-16,Ventura,111,848112,1198,813,6,819,25
2020-05-16,Yolo,113,214977,194,181,0,181,22
2020-05-16,Yuba,115,75493,26,21,0,21,1
2020-05-15,Alameda,001,1643700,2803,2289,3,2292,83
2020-05-15,Alpine,003,1148,1,1,0,1,0
2020-05-15,Amador,005,37829,9,8,0,8,0
2020-05-15,Butte,007,227075,42,22,1,23,0
2020-05-15,Calaveras,009,45235,11,13,0,13,0
2020-05-15,Colusa,011,21464,3,3,0,3,0
2020-05-15,Contra Costa,013,1133247,1286,1106,1,1107,33
2020-05-15,Del Norte,015,27424,14,4,0,4,0
2020-05-15,El Dorado,017,186661,88,64,0,64,0
2020-05-15,Fresno,019,978130,2166,1126,32,1158,14
2020-05-15,Glenn,021,27897,13,9,0,9,0
2020-05-15,Humboldt,023,135768,90,60,0,60,0
2020-05-15,Imperial,025,180216,1603,680,0,680,14
2020-05-15,Inyo,027,18085,19,20,0,20,1
2020-05-15,Kern,029,883053,1881,1472,3,1475,25
2020-05-15,Kings,031,150075,491,347,2,349,2
2020-05-15,Lake,033,64148,13,7,0,7,0
2020-05-15,Lassen,035,31185,4,0,2,2,0
2020-05-15,Los Angeles,037,10098052,45439,36317,21,36338,1734
2020-05-15,Madera,039,155013,160,71,1,72,2
2020-05-15,Marin,041,260295,333,295,1,296,14
2020-05-15,Mariposa,043,17540,15,15,0,15,1
2020-05-15,Mendocino,045,87422,15,10,0,10,0
2020-05-15,Merced,047,269075,300,191,0,191,5
2020-05-15,Modoc,049,8938,0,0,0,0,0
2020-05-15,Mono,051,14174,36,31,0,31,1
2020-05-15,Monterey,053,433212,402,321,1,322,8
2020-05-15,Napa,055,140530,105,83,0,83,3
2020-05-15,Nevada,057,99092,42,41,1,42,1
2020-05-15,Orange,059,3164182,6348,4281,47,4328,87
2020-05-15,Placer,061,380077,190,174,0,174,8
2020-05-15,Plumas,063,18699,4,4,0,4,0
2020-05-15,Riverside,065,2383286,6656,5496,18,5514,233
2020-05-15,Sacramento,067,1510023,1283,1203,0,1203,55
2020-05-15,San Benito,069,59416,63,57,0,57,2
2020-05-15,San Bernardino,071,2135413,4378,3225,4,3229,153
2020-05-15,San Diego,073,3302833,6621,5525,0,5525,208
2020-05-15,San Francisco,075,870044,2303,2062,0,2062,36
2020-05-15,San Joaquin,077,732212,767,656,4,660,32
2020-05-15,San Luis Obispo,079,281455,322,237,3,240,1
2020-05-15,San Mateo,081,765935,1899,1612,3,1615,68
2020-05-15,Santa Barbara,083,443738,1603,1409,9,1418,10
2020-05-15,Santa Clara,085,1922200,3019,2395,9,2404,135
2020-05-15,Santa Cruz,087,273765,170,146,0,146,3
2020-05-15,Shasta,089,179085,48,33,0,33,4
2020-05-15,Sierra,091,2930,0,0,0,0,0
2020-05-15,Siskiyou,093,43540,6,5,0,5,0
2020-05-15,Solano,095,438530,474,388,0,388,4
2020-05-15,Sonoma,097,501317,436,349,0,349,4
2020-05-15,Stanislaus,099,539301,629,540,4,544,23
2020-05-15,Sutter,101,95872,41,35,0,35,2
2020-05-15,Tehama,103,63373,3,1,0,1,1
2020-05-15,Trinity,105,12862,2,1,0,1,0
2020-05-15,Tulare,107,460477,1945,1356,7,1363,61
2020-05-15,Tuolumne,109,53932,2,2,0,2,0
2020-05-15,Ventura,111,848112,1180,789,5,794,25
2020-05-15,Yolo,113,214977,193,182,0,182,22
2020-05-15,Yuba,115,75493,26,21,0,21,1
2020-05-14,Alameda,001,1643700,2710,2255,3,2258,80
2020-05-14,Alpine,003,1148,1,1,0,1,0
2020-05-14,Amador,005,37829,9,8,0,8,0
2020-05-14,Butte,007,227075,40,22,1,23,0
2020-05-14,Calaveras,009,45235,11,13,0,13,0
2020-05-14,Colusa,011,21464,3,3,0,3,0
2020-05-14,Contra Costa,013,1133247,1260,1090,1,1091,32
2020-05-14,Del Norte,015,27424,14,4,0,4,0
2020-05-14,El Dorado,017,186661,79,59,0,59,0
2020-05-14,Fresno,019,978130,2106,1038,28,1066,12
2020-05-14,Glenn,021,27897,12,8,0,8,0
2020-05-14,Humboldt,023,135768,88,59,0,59,0
2020-05-14,Imperial,025,180216,1486,652,0,652,13
2020-05-14,Inyo,027,18085,19,20,0,20,1
2020-05-14,Kern,029,883053,1839,1430,3,1433,21
2020-05-14,Kings,031,150075,475,342,2,344,1
2020-05-14,Lake,033,64148,13,7,0,7,0
2020-05-14,Lassen,035,31185,4,0,2,2,0
2020-05-14,Los Angeles,037,10098052,44264,35427,21,35448,1693
2020-05-14,Madera,039,155013,151,69,1,70,2
2020-05-14,Marin,041,260295,315,283,1,284,14
2020-05-14,Mariposa,043,17540,15,15,0,15,0
2020-05-14,Mendocino,045,87422,14,10,0,10,0
2020-05-14,Merced,047,269075,290,182,0,182,3
2020-05-14,Modoc,049,8938,0,0,0,0,0
2020-05-14,Mono,051,14174,36,31,0,31,1
2020-05-14,Monterey,053,433212,392,317,1,318,7
2020-05-14,Napa,055,140530,103,83,0,83,3
2020-05-14,Nevada,057,99092,41,41,1,42,1
2020-05-14,Orange,059,3164182,6172,4163,45,4208,83
2020-05-14,Placer,061,380077,190,172,0,172,8
2020-05-14,Plumas,063,18699,4,4,0,4,0
2020-05-14,Riverside,065,2383286,6472,5339,18,5357,224
2020-05-14,Sacramento,067,1510023,1271,1181,0,1181,55
2020-05-14,San Benito,069,59416,61,56,0,56,2
2020-05-14,San Bernardino,071,2135413,4199,3149,4,3153,149
2020-05-14,San Diego,073,3302833,6486,5393,0,5393,200
2020-05-14,San Francisco,075,870044,2270,2029,0,2029,36
2020-05-14,San Joaquin,077,732212,752,643,4,647,31
2020-05-14,San Luis Obispo,079,281455,319,236,3,239,1
2020-05-14,San Mateo,081,765935,1867,1588,3,1591,67
2020-05-14,Santa Barbara,083,443738,1589,1395,9,1404,11
2020-05-14,Santa Clara,085,1922200,2996,2380,9,2389,134
2020-05-14,Santa Cruz,087,273765,168,145,0,145,3
2020-05-14,Shasta,089,179085,48,33,0,33,4
2020-05-14,Sierra,091,2930,0,0,0,0,0
2020-05-14,Siskiyou,093,43540,6,5,0,5,0
2020-05-14,Solano,095,438530,465,372,0,372,4
2020-05-14,Sonoma,097,501317,419,333,0,333,4
2020-05-14,Stanislaus,099,539301,610,533,4,537,23
2020-05-14,Sutter,101,95872,41,34,0,34,2
2020-05-14,Tehama,103,63373,3,1,0,1,1
2020-05-14,Trinity,105,12862,2,1,0,1,0
2020-05-14,Tulare,107,460477,1906,1317,7,1324,55
2020-05-14,Tuolumne,109,53932,2,2,0,2,0
2020-05-14,Ventura,111,848112,1149,760,5,765,25
2020-05-14,Yolo,113,214977,193,180,0,180,22
2020-05-14,Yuba,115,75493,26,21,0,21,1
2020-05-13,Alameda,001,1643700,2652,2181,3,2184,78
2020-05-13,Alpine,003,1148,1,1,0,1,0
2020-05-13,Amador,005,37829,9,8,0,8,0
2020-05-13,Butte,007,227075,40,21,1,22,0
2020-05-13,Calaveras,009,45235,11,13,0,13,0
2020-05-13,Colusa,011,21464,3,3,0,3,0
2020-05-13,Contra Costa,013,1133247,1238,1082,1,1083,32
2020-05-13,Del Norte,015,27424,13,4,0,4,0
2020-05-13,El Dorado,017,186661,78,58,0,58,0
2020-05-13,Fresno,019,978130,2011,993,28,1021,10
2020-05-13,Glenn,021,27897,11,6,0,6,0
2020-05-13,Humboldt,023,135768,82,58,0,58,0
2020-05-13,Imperial,025,180216,1416,610,0,610,11
2020-05-13,Inyo,027,18085,19,20,0,20,1
2020-05-13,Kern,029,883053,1793,1390,3,1393,19
2020-05-13,Kings,031,150075,461,314,2,316,1
2020-05-13,Lake,033,64148,13,7,0,7,0
2020-05-13,Lassen,035,31185,4,0,2,2,0
2020-05-13,Los Angeles,037,10098052,42958,34574,21,34595,1643
2020-05-13,Madera,039,155013,142,69,1,70,2
2020-05-13,Marin,041,260295,302,278,1,279,14
2020-05-13,Mariposa,043,17540,15,15,0,15,0
2020-05-13,Mendocino,045,87422,14,10,0,10,0
2020-05-13,Merced,047,269075,287,176,0,176,3
2020-05-13,Modoc,049,8938,0,0,0,0,0
2020-05-13,Mono,051,14174,35,31,0,31,1
2020-05-13,Monterey,053,433212,382,309,1,310,6
2020-05-13,Napa,055,140530,103,81,0,81,3
2020-05-13,Nevada,057,99092,41,41,1,42,1
2020-05-13,Orange,059,3164182,5926,4025,43,4068,79
2020-05-13,Placer,061,380077,189,170,0,170,8
2020-05-13,Plumas,063,18699,4,4,0,4,0
2020-05-13,Riverside,065,2383286,6349,5204,18,5222,216
2020-05-13,Sacramento,067,1510023,1256,1173,0,1173,53
2020-05-13,San Benito,069,59416,61,55,0,55,2
2020-05-13,San Bernardino,071,2135413,3943,3064,3,3067,140
2020-05-13,San Diego,073,3302833,6350,5280,0,5280,194
2020-05-13,San Francisco,075,870044,2242,2004,0,2004,35
2020-05-13,San Joaquin,077,732212,731,639,3,642,31
2020-05-13,San Luis Obispo,079,281455,317,231,3,234,1
2020-05-13,San Mateo,081,765935,1835,1550,3,1553,66
2020-05-13,Santa Barbara,083,443738,1576,1382,9,1391,10
2020-05-13,Santa Clara,085,1922200,2976,2370,9,2379,132
2020-05-13,Santa Cruz,087,273765,164,142,0,142,2
2020-05-13,Shasta,089,179085,48,32,0,32,4
2020-05-13,Sierra,091,2930,0,0,0,0,0
2020-05-13,Siskiyou,093,43540,6,5,0,5,0
2020-05-13,Solano,095,438530,452,368,0,368,4
2020-05-13,Sonoma,097,501317,409,330,0,330,4
2020-05-13,Stanislaus,099,539301,601,521,4,525,15
2020-05-13,Sutter,101,95872,41,33,0,33,2
2020-05-13,Tehama,103,63373,3,1,0,1,1
2020-05-13,Trinity,105,12862,2,2,0,2,0
2020-05-13,Tulare,107,460477,1873,1283,7,1290,54
2020-05-13,Tuolumne,109,53932,2,2,0,2,0
2020-05-13,Ventura,111,848112,1118,742,5,747,25
2020-05-13,Yolo,113,214977,191,178,0,178,22
2020-05-13,Yuba,115,75493,24,19,0,19,1
2020-05-12,Alameda,001,1643700,2587,2146,3,2149,74
2020-05-12,Alpine,003,1148,1,1,0,1,0
2020-05-12,Amador,005,37829,9,8,0,8,0
2020-05-12,Butte,007,227075,38,20,1,21,0
2020-05-12,Calaveras,009,45235,10,13,0,13,0
2020-05-12,Colusa,011,21464,3,3,0,3,0
2020-05-12,Contra Costa,013,1133247,1207,1067,1,1068,32
2020-05-12,Del Norte,015,27424,10,3,0,3,0
2020-05-12,El Dorado,017,186661,75,56,0,56,0
2020-05-12,Fresno,019,978130,1927,978,26,1004,9
2020-05-12,Glenn,021,27897,10,6,0,6,0
2020-05-12,Humboldt,023,135768,79,58,0,58,0
2020-05-12,Imperial,025,180216,1284,602,0,602,9
2020-05-12,Inyo,027,18085,19,20,0,20,1
2020-05-12,Kern,029,883053,1752,1363,3,1366,18
2020-05-12,Kings,031,150075,440,302,2,304,1
2020-05-12,Lake,033,64148,13,7,0,7,0
2020-05-12,Lassen,035,31185,4,0,2,2,0
2020-05-12,Los Angeles,037,10098052,41963,33281,20,33301,1601
2020-05-12,Madera,039,155013,136,69,1,70,2
2020-05-12,Marin,041,260295,297,274,1,275,14
2020-05-12,Mariposa,043,17540,15,15,0,15,0
2020-05-12,Mendocino,045,87422,14,10,0,10,0
2020-05-12,Merced,047,269075,276,175,0,175,3
2020-05-12,Modoc,049,8938,0,0,0,0,0
2020-05-12,Mono,051,14174,35,31,0,31,1
2020-05-12,Monterey,053,433212,375,298,1,299,6
2020-05-12,Napa,055,140530,101,80,0,80,3
2020-05-12,Nevada,057,99092,41,41,1,42,1
2020-05-12,Orange,059,3164182,5743,3843,41,3884,78
2020-05-12,Placer,061,380077,188,170,0,170,8
2020-05-12,Plumas,063,18699,4,4,0,4,0
2020-05-12,Riverside,065,2383286,6227,5134,18,5152,210
2020-05-12,Sacramento,067,1510023,1236,1166,0,1166,52
2020-05-12,San Benito,069,59416,61,55,0,55,2
2020-05-12,San Bernardino,071,2135413,3791,2997,3,3000,131
2020-05-12,San Diego,073,3302833,6206,3,0,3,0
2020-05-12,San Francisco,075,870044,2207,1981,0,1981,35
2020-05-12,San Joaquin,077,732212,716,625,3,628,30
2020-05-12,San Luis Obispo,079,281455,314,226,3,229,1
2020-05-12,San Mateo,081,765935,1809,1533,3,1536,66
2020-05-12,Santa Barbara,083,443738,1542,1377,9,1386,10
2020-05-12,Santa Clara,085,1922200,2946,2362,9,2371,131
2020-05-12,Santa Cruz,087,273765,162,141,0,141,2
2020-05-12,Shasta,089,179085,47,33,0,33,4
2020-05-12,Sierra,091,2930,0,0,0,0,0
2020-05-12,Siskiyou,093,43540,6,5,0,5,0
2020-05-12,Solano,095,438530,444,361,0,361,4
2020-05-12,Sonoma,097,501317,386,308,0,308,4
2020-05-12,Stanislaus,099,539301,594,515,4,519,15
2020-05-12,Sutter,101,95872,41,33,0,33,2
2020-05-12,Tehama,103,63373,3,1,0,1,1
2020-05-12,Trinity,105,12862,2,1,0,1,0
2020-05-12,Tulare,107,460477,1841,1261,7,1268,52
2020-05-12,Tuolumne,109,53932,2,2,0,2,0
2020-05-12,Ventura,111,848112,1062,718,5,723,20
2020-05-12,Yolo,113,214977,190,176,0,176,22
2020-05-12,Yuba,115,75493,24,19,0,19,1
2020-05-11,Alameda,001,1643700,2537,2103,3,2106,71
2020-05-11,Alpine,003,1148,1,1,0,1,0
2020-05-11,Amador,005,37829,9,8,0,8,0
2020-05-11,Butte,007,227075,37,19,1,20,0
2020-05-11,Calaveras,009,45235,10,13,0,13,0
2020-05-11,Colusa,011,21464,3,3,0,3,0
2020-05-11,Contra Costa,013,1133247,1193,1052,1,1053,32
2020-05-11,Del Norte,015,27424,8,3,0,3,0
2020-05-11,El Dorado,017,186661,75,55,0,55,0
2020-05-11,Fresno,019,978130,1836,937,25,962,8
2020-05-11,Glenn,021,27897,10,6,0,6,0
2020-05-11,Humboldt,023,135768,76,56,0,56,0
2020-05-11,Imperial,025,180216,1178,562,0,562,9
2020-05-11,Inyo,027,18085,19,20,0,20,1
2020-05-11,Kern,029,883053,1700,1331,3,1334,17
2020-05-11,Kings,031,150075,417,289,1,290,1
2020-05-11,Lake,033,64148,12,7,0,7,0
2020-05-11,Lassen,035,31185,4,0,2,2,0
2020-05-11,Los Angeles,037,10098052,40784,32279,20,32299,1553
2020-05-11,Madera,039,155013,127,68,1,69,2
2020-05-11,Marin,041,260295,288,271,1,272,14
2020-05-11,Mariposa,043,17540,15,15,0,15,0
2020-05-11,Mendocino,045,87422,14,10,0,10,0
2020-05-11,Merced,047,269075,261,158,0,158,3
2020-05-11,Modoc,049,8938,0,0,0,0,0
2020-05-11,Mono,051,14174,35,30,0,30,1
2020-05-11,Monterey,053,433212,372,286,1,287,6
2020-05-11,Napa,055,140530,95,79,0,79,2
2020-05-11,Nevada,057,99092,41,41,1,42,1
2020-05-11,Orange,059,3164182,5528,3699,34,3733,77
2020-05-11,Placer,061,380077,188,170,0,170,8
2020-05-11,Plumas,063,18699,4,4,0,4,0
2020-05-11,Riverside,065,2383286,6069,5082,17,5099,203
2020-05-11,Sacramento,067,1510023,1221,1160,0,1160,52
2020-05-11,San Benito,069,59416,59,52,0,52,2
2020-05-11,San Bernardino,071,2135413,3681,2945,3,2948,124
2020-05-11,San Diego,073,3302833,6053,5067,0,5067,175
2020-05-11,San Francisco,075,870044,2160,1974,0,1974,35
2020-05-11,San Joaquin,077,732212,706,620,3,623,30
2020-05-11,San Luis Obispo,079,281455,312,224,3,227,1
2020-05-11,San Mateo,081,765935,1783,1499,2,1501,66
2020-05-11,Santa Barbara,083,443738,1521,1372,8,1380,10
2020-05-11,Santa Clara,085,1922200,2929,2340,9,2349,129
2020-05-11,Santa Cruz,087,273765,159,140,0,140,2
2020-05-11,Shasta,089,179085,47,31,0,31,4
2020-05-11,Sierra,091,2930,0,0,0,0,0
2020-05-11,Siskiyou,093,43540,6,5,0,5,0
2020-05-11,Solano,095,438530,439,354,0,354,4
2020-05-11,Sonoma,097,501317,376,303,0,303,3
2020-05-11,Stanislaus,099,539301,584,507,4,511,14
2020-05-11,Sutter,101,95872,40,32,0,32,2
2020-05-11,Tehama,103,63373,3,1,0,1,1
2020-05-11,Trinity,105,12862,2,1,0,1,0
2020-05-11,Tulare,107,460477,1792,1203,7,1210,49
2020-05-11,Tuolumne,109,53932,2,2,0,2,0
2020-05-11,Ventura,111,848112,1001,698,4,702,19
2020-05-11,Yolo,113,214977,190,174,0,174,20
2020-05-11,Yuba,115,75493,24,18,0,18,1
2020-05-10,Alameda,001,1643700,2460,2047,3,2050,71
2020-05-10,Alpine,003,1148,1,1,0,1,0
2020-05-10,Amador,005,37829,9,8,0,8,0
2020-05-10,Butte,007,227075,32,18,1,19,0
2020-05-10,Calaveras,009,45235,10,13,0,13,0
2020-05-10,Colusa,011,21464,3,3,0,3,0
2020-05-10,Contra Costa,013,1133247,1179,1046,0,1046,31
2020-05-10,Del Norte,015,27424,7,3,0,3,0
2020-05-10,El Dorado,017,186661,75,55,0,55,0
2020-05-10,Fresno,019,978130,1750,894,25,919,8
2020-05-10,Glenn,021,27897,10,6,0,6,0
2020-05-10,Humboldt,023,135768,72,56,0,56,0
2020-05-10,Imperial,025,180216,1082,509,0,509,7
2020-05-10,Inyo,027,18085,19,20,0,20,1
2020-05-10,Kern,029,883053,1649,1300,2,1302,16
2020-05-10,Kings,031,150075,404,266,1,267,1
2020-05-10,Lake,033,64148,12,7,0,7,0
2020-05-10,Lassen,035,31185,4,0,2,2,0
2020-05-10,Los Angeles,037,10098052,39524,31711,20,31731,1514
2020-05-10,Madera,039,155013,125,65,1,66,2
2020-05-10,Marin,041,260295,280,267,1,268,14
2020-05-10,Mariposa,043,17540,15,15,0,15,0
2020-05-10,Mendocino,045,87422,13,10,0,10,0
2020-05-10,Merced,047,269075,246,154,0,154,3
2020-05-10,Modoc,049,8938,0,0,0,0,0
2020-05-10,Mono,051,14174,35,27,0,27,1
2020-05-10,Monterey,053,433212,358,282,1,283,6
2020-05-10,Napa,055,140530,89,79,0,79,2
2020-05-10,Nevada,057,99092,41,41,1,42,1
2020-05-10,Orange,059,3164182,5385,3627,34,3661,76
2020-05-10,Placer,061,380077,187,168,0,168,8
2020-05-10,Plumas,063,18699,4,4,0,4,0
2020-05-10,Riverside,065,2383286,5947,4951,17,4968,193
2020-05-10,Sacramento,067,1510023,1205,1152,0,1152,52
2020-05-10,San Benito,069,59416,59,52,0,52,2
2020-05-10,San Bernardino,071,2135413,3583,2910,3,2913,121
2020-05-10,San Diego,073,3302833,5901,4928,0,4928,175
2020-05-10,San Francisco,075,870044,2142,1953,0,1953,35
2020-05-10,San Joaquin,077,732212,691,611,3,614,29
2020-05-10,San Luis Obispo,079,281455,309,218,3,221,1
2020-05-10,San Mateo,081,765935,1761,1463,2,1465,65
2020-05-10,Santa Barbara,083,443738,1508,1323,8,1331,10
2020-05-10,Santa Clara,085,1922200,2902,2331,9,2340,129
2020-05-10,Santa Cruz,087,273765,158,139,0,139,2
2020-05-10,Shasta,089,179085,47,31,0,31,4
2020-05-10,Sierra,091,2930,0,0,0,0,0
2020-05-10,Siskiyou,093,43540,5,5,0,5,0
2020-05-10,Solano,095,438530,429,322,0,322,4
2020-05-10,Sonoma,097,501317,366,290,0,290,3
2020-05-10,Stanislaus,099,539301,577,498,4,502,14
2020-05-10,Sutter,101,95872,37,31,0,31,2
2020-05-10,Tehama,103,63373,3,1,0,1,1
2020-05-10,Trinity,105,12862,2,1,0,1,0
2020-05-10,Tulare,107,460477,1722,1143,7,1150,47
2020-05-10,Tuolumne,109,53932,2,2,0,2,0
2020-05-10,Ventura,111,848112,943,690,2,692,19
2020-05-10,Yolo,113,214977,190,173,0,173,20
2020-05-10,Yuba,115,75493,23,17,0,17,1
2020-05-09,Alameda,001,1643700,2417,2011,3,2014,71
2020-05-09,Alpine,003,1148,1,1,0,1,0
2020-05-09,Amador,005,37829,8,8,0,8,0
2020-05-09,Butte,007,227075,31,18,1,19,0
2020-05-09,Calaveras,009,45235,10,13,0,13,0
2020-05-09,Colusa,011,21464,3,3,0,3,0
2020-05-09,Contra Costa,013,1133247,1165,1039,0,1039,31
2020-05-09,Del Norte,015,27424,7,3,0,3,0
2020-05-09,El Dorado,017,186661,72,54,0,54,0
2020-05-09,Fresno,019,978130,1712,861,24,885,8
2020-05-09,Glenn,021,27897,9,6,0,6,0
2020-05-09,Humboldt,023,135768,70,55,0,55,0
2020-05-09,Imperial,025,180216,1026,474,0,474,7
2020-05-09,Inyo,027,18085,19,20,0,20,1
2020-05-09,Kern,029,883053,1613,1262,1,1263,15
2020-05-09,Kings,031,150075,399,264,1,265,1
2020-05-09,Lake,033,64148,12,7,0,7,0
2020-05-09,Lassen,035,31185,4,0,2,2,0
2020-05-09,Los Angeles,037,10098052,38902,31268,20,31288,1499
2020-05-09,Madera,039,155013,124,61,1,62,2
2020-05-09,Marin,041,260295,279,261,1,262,14
2020-05-09,Mariposa,043,17540,15,15,0,15,0
2020-05-09,Mendocino,045,87422,13,10,0,10,0
2020-05-09,Merced,047,269075,242,153,0,153,3
2020-05-09,Modoc,049,8938,0,0,0,0,0
2020-05-09,Mono,051,14174,35,27,0,27,1
2020-05-09,Monterey,053,433212,351,273,1,274,6
2020-05-09,Napa,055,140530,88,78,0,78,2
2020-05-09,Nevada,057,99092,41,41,1,42,1
2020-05-09,Orange,059,3164182,5303,3506,33,3539,75
2020-05-09,Placer,061,380077,186,168,0,168,8
2020-05-09,Plumas,063,18699,4,4,0,4,0
2020-05-09,Riverside,065,2383286,5852,4871,17,4888,183
2020-05-09,Sacramento,067,1510023,1201,1150,0,1150,52
2020-05-09,San Benito,069,59416,58,52,0,52,2
2020-05-09,San Bernardino,071,2135413,3527,2825,3,2828,121
2020-05-09,San Diego,073,3302833,5789,4778,0,4778,175
2020-05-09,San Francisco,075,870044,2127,1944,0,1944,34
2020-05-09,San Joaquin,077,732212,682,605,3,608,28
2020-05-09,San Luis Obispo,079,281455,305,213,3,216,1
2020-05-09,San Mateo,081,765935,1742,1453,2,1455,65
2020-05-09,Santa Barbara,083,443738,1498,1245,8,1253,10
2020-05-09,Santa Clara,085,1922200,2888,2317,9,2326,128
2020-05-09,Santa Cruz,087,273765,157,138,0,138,2
2020-05-09,Shasta,089,179085,47,31,0,31,4
2020-05-09,Sierra,091,2930,0,0,0,0,0
2020-05-09,Siskiyou,093,43540,5,5,0,5,0
2020-05-09,Solano,095,438530,423,321,0,321,4
2020-05-09,Sonoma,097,501317,362,288,0,288,3
2020-05-09,Stanislaus,099,539301,569,491,4,495,12
2020-05-09,Sutter,101,95872,37,31,0,31,2
2020-05-09,Tehama,103,63373,2,1,0,1,1
2020-05-09,Trinity,105,12862,2,1,0,1,0
2020-05-09,Tulare,107,460477,1694,1083,7,1090,47
2020-05-09,Tuolumne,109,53932,2,2,0,2,0
2020-05-09,Ventura,111,848112,922,679,2,681,19
2020-05-09,Yolo,113,214977,190,172,0,172,18
2020-05-09,Yuba,115,75493,23,17,0,17,1
2020-05-08,Alameda,001,1643700,2374,1955,3,1958,70
2020-05-08,Alpine,003,1148,1,1,0,1,0
2020-05-08,Amador,005,37829,8,8,0,8,0
2020-05-08,Butte,007,227075,31,18,1,19,0
2020-05-08,Calaveras,009,45235,10,13,0,13,0
2020-05-08,Colusa,011,21464,3,3,0,3,0
2020-05-08,Contra Costa,013,1133247,1153,1024,0,1024,29
2020-05-08,Del Norte,015,27424,7,3,0,3,0
2020-05-08,El Dorado,017,186661,71,54,0,54,0
2020-05-08,Fresno,019,978130,1670,838,22,860,8
2020-05-08,Glenn,021,27897,8,6,0,6,0
2020-05-08,Humboldt,023,135768,67,54,0,54,0
2020-05-08,Imperial,025,180216,981,467,0,467,7
2020-05-08,Inyo,027,18085,19,20,0,20,1
2020-05-08,Kern,029,883053,1582,1214,1,1215,13
2020-05-08,Kings,031,150075,390,236,1,237,1
2020-05-08,Lake,033,64148,12,7,0,7,0
2020-05-08,Lassen,035,31185,4,0,2,2,0
2020-05-08,Los Angeles,037,10098052,38170,30357,20,30377,1447
2020-05-08,Madera,039,155013,121,57,1,58,2
2020-05-08,Marin,041,260295,279,257,1,258,14
2020-05-08,Mariposa,043,17540,15,15,0,15,0
2020-05-08,Mendocino,045,87422,13,10,0,10,0
2020-05-08,Merced,047,269075,241,151,0,151,3
2020-05-08,Modoc,049,8938,0,0,0,0,0
2020-05-08,Mono,051,14174,32,27,0,27,1
2020-05-08,Monterey,053,433212,343,265,1,266,6
2020-05-08,Napa,055,140530,87,78,0,78,2
2020-05-08,Nevada,057,99092,41,41,1,42,1
2020-05-08,Orange,059,3164182,5157,3395,33,3428,72
2020-05-08,Placer,061,380077,184,166,0,166,8
2020-05-08,Plumas,063,18699,4,4,0,4,0
2020-05-08,Riverside,065,2383286,5752,4672,16,4688,181
2020-05-08,Sacramento,067,1510023,1196,1145,0,1145,51
2020-05-08,San Benito,069,59416,58,51,0,51,2
2020-05-08,San Bernardino,071,2135413,3479,2631,3,2634,119
2020-05-08,San Diego,073,3302833,5682,4664,0,4664,169
2020-05-08,San Francisco,075,870044,2109,1890,0,1890,33
2020-05-08,San Joaquin,077,732212,675,595,3,598,28
2020-05-08,San Luis Obispo,079,281455,302,210,3,213,1
2020-05-08,San Mateo,081,765935,1657,1423,2,1425,62
2020-05-08,Santa Barbara,083,443738,1489,1054,6,1060,8
2020-05-08,Santa Clara,085,1922200,2865,2285,9,2294,128
2020-05-08,Santa Cruz,087,273765,153,137,0,137,2
2020-05-08,Shasta,089,179085,47,31,0,31,4
2020-05-08,Sierra,091,2930,0,0,0,0,0
2020-05-08,Siskiyou,093,43540,5,5,0,5,0
2020-05-08,Solano,095,438530,418,314,0,314,4
2020-05-08,Sonoma,097,501317,357,285,0,285,3
2020-05-08,Stanislaus,099,539301,555,487,4,491,12
2020-05-08,Sutter,101,95872,37,30,0,30,2
2020-05-08,Tehama,103,63373,2,1,0,1,1
2020-05-08,Trinity,105,12862,2,0,0,0,0
2020-05-08,Tulare,107,460477,1649,1050,6,1056,43
2020-05-08,Tuolumne,109,53932,2,2,0,2,0
2020-05-08,Ventura,111,848112,904,665,2,667,19
2020-05-08,Yolo,113,214977,189,172,0,172,18
2020-05-08,Yuba,115,75493,22,16,0,16,1
2020-05-07,Alameda,001,1643700,2314,1914,3,1917,68
2020-05-07,Alpine,003,1148,1,1,0,1,0
2020-05-07,Amador,005,37829,8,8,0,8,0
2020-05-07,Butte,007,227075,31,19,1,20,0
2020-05-07,Calaveras,009,45235,10,13,0,13,0
2020-05-07,Colusa,011,21464,3,3,0,3,0
2020-05-07,Contra Costa,013,1133247,1139,1005,0,1005,29
2020-05-07,Del Norte,015,27424,6,3,0,3,0
2020-05-07,El Dorado,017,186661,70,54,0,54,0
2020-05-07,Fresno,019,978130,1584,812,21,833,8
2020-05-07,Glenn,021,27897,8,5,0,5,0
2020-05-07,Humboldt,023,135768,66,54,0,54,0
2020-05-07,Imperial,025,180216,918,442,0,442,6
2020-05-07,Inyo,027,18085,19,20,0,20,1
2020-05-07,Kern,029,883053,1538,1176,1,1177,13
2020-05-07,Kings,031,150075,367,219,1,220,1
2020-05-07,Lake,033,64148,11,7,0,7,0
2020-05-07,Lassen,035,31185,4,0,2,2,0
2020-05-07,Los Angeles,037,10098052,37049,29544,20,29564,1399
2020-05-07,Madera,039,155013,117,54,1,55,2
2020-05-07,Marin,041,260295,272,252,1,253,14
2020-05-07,Mariposa,043,17540,15,15,0,15,0
2020-05-07,Mendocino,045,87422,13,10,0,10,0
2020-05-07,Merced,047,269075,233,146,0,146,3
2020-05-07,Modoc,049,8938,0,0,0,0,0
2020-05-07,Mono,051,14174,32,26,0,26,1
2020-05-07,Monterey,053,433212,335,249,1,250,6
2020-05-07,Napa,055,140530,87,78,0,78,2
2020-05-07,Nevada,057,99092,41,41,1,42,1
2020-05-07,Orange,059,3164182,4972,3283,32,3315,69
2020-05-07,Placer,061,380077,184,165,0,165,8
2020-05-07,Plumas,063,18699,4,4,0,4,0
2020-05-07,Riverside,065,2383286,5636,4608,16,4624,170
2020-05-07,Sacramento,067,1510023,1190,1139,0,1139,50
2020-05-07,San Benito,069,59416,58,50,0,50,2
2020-05-07,San Bernardino,071,2135413,3387,2522,3,2525,115
2020-05-07,San Diego,073,3302833,5525,4431,0,4431,165
2020-05-07,San Francisco,075,870044,2078,1852,0,1852,33
2020-05-07,San Joaquin,077,732212,662,583,3,586,28
2020-05-07,San Luis Obispo,079,281455,291,209,3,212,1
2020-05-07,San Mateo,081,765935,1635,1398,2,1400,58
2020-05-07,Santa Barbara,083,443738,1461,720,5,725,8
2020-05-07,Santa Clara,085,1922200,2827,2281,9,2290,127
2020-05-07,Santa Cruz,087,273765,150,136,0,136,2
2020-05-07,Shasta,089,179085,46,31,0,31,4
2020-05-07,Sierra,091,2930,0,0,0,0,0
2020-05-07,Siskiyou,093,43540,5,5,0,5,0
2020-05-07,Solano,095,438530,412,307,0,307,4
2020-05-07,Sonoma,097,501317,345,282,0,282,3
2020-05-07,Stanislaus,099,539301,546,466,4,470,10
2020-05-07,Sutter,101,95872,37,29,0,29,2
2020-05-07,Tehama,103,63373,2,1,0,1,1
2020-05-07,Trinity,105,12862,2,0,0,0,0
2020-05-07,Tulare,107,460477,1581,1001,6,1007,41
2020-05-07,Tuolumne,109,53932,2,2,0,2,0
2020-05-07,Ventura,111,848112,880,647,1,648,19
2020-05-07,Yolo,113,214977,188,172,0,172,18
2020-05-07,Yuba,115,75493,22,16,0,16,1
2020-05-06,Alameda,001,1643700,2276,1864,3,1867,67
2020-05-06,Alpine,003,1148,1,1,0,1,0
2020-05-06,Amador,005,37829,8,8,0,8,0
2020-05-06,Butte,007,227075,30,19,1,20,0
2020-05-06,Calaveras,009,45235,10,13,0,13,0
2020-05-06,Colusa,011,21464,3,3,0,3,0
2020-05-06,Contra Costa,013,1133247,1118,990,0,990,29
2020-05-06,Del Norte,015,27424,6,3,0,3,0
2020-05-06,El Dorado,017,186661,68,53,0,53,0
2020-05-06,Fresno,019,978130,1521,773,19,792,8
2020-05-06,Glenn,021,27897,8,3,0,3,0
2020-05-06,Humboldt,023,135768,65,54,0,54,0
2020-05-06,Imperial,025,180216,850,399,0,399,6
2020-05-06,Inyo,027,18085,19,20,0,20,1
2020-05-06,Kern,029,883053,1483,1112,1,1113,12
2020-05-06,Kings,031,150075,349,208,1,209,1
2020-05-06,Lake,033,64148,11,7,0,7,0
2020-05-06,Lassen,035,31185,4,0,2,2,0
2020-05-06,Los Angeles,037,10098052,36044,28687,20,28707,1347
2020-05-06,Madera,039,155013,115,55,1,56,2
2020-05-06,Marin,041,260295,265,244,1,245,14
2020-05-06,Mariposa,043,17540,15,14,0,14,0
2020-05-06,Mendocino,045,87422,13,10,0,10,0
2020-05-06,Merced,047,269075,226,140,0,140,3
2020-05-06,Modoc,049,8938,0,0,0,0,0
2020-05-06,Mono,051,14174,32,26,0,26,1
2020-05-06,Monterey,053,433212,327,246,1,247,6
2020-05-06,Napa,055,140530,86,78,0,78,2
2020-05-06,Nevada,057,99092,41,41,1,42,1
2020-05-06,Orange,059,3164182,4788,3156,31,3187,66
2020-05-06,Placer,061,380077,181,164,0,164,8
2020-05-06,Plumas,063,18699,4,4,0,4,0
2020-05-06,Riverside,065,2383286,5492,4535,16,4551,163
2020-05-06,Sacramento,067,1510023,1184,1135,0,1135,49
2020-05-06,San Benito,069,59416,57,50,0,50,2
2020-05-06,San Bernardino,071,2135413,3265,2426,2,2428,110
2020-05-06,San Diego,073,3302833,5392,4321,0,4321,158
2020-05-06,San Francisco,075,870044,2052,1804,0,1804,32
2020-05-06,San Joaquin,077,732212,649,581,3,584,28
2020-05-06,San Luis Obispo,079,281455,288,207,3,210,1
2020-05-06,San Mateo,081,765935,1605,1348,2,1350,57
2020-05-06,Santa Barbara,083,443738,1420,565,4,569,8
2020-05-06,Santa Clara,085,1922200,2811,2270,8,2278,127
2020-05-06,Santa Cruz,087,273765,146,135,0,135,2
2020-05-06,Shasta,089,179085,45,31,0,31,4
2020-05-06,Sierra,091,2930,0,0,0,0,0
2020-05-06,Siskiyou,093,43540,5,5,0,5,0
2020-05-06,Solano,095,438530,402,300,0,300,4
2020-05-06,Sonoma,097,501317,329,269,0,269,3
2020-05-06,Stanislaus,099,539301,530,434,4,438,9
2020-05-06,Sutter,101,95872,37,29,0,29,2
2020-05-06,Tehama,103,63373,2,1,0,1,1
2020-05-06,Trinity,105,12862,2,0,0,0,0
2020-05-06,Tulare,107,460477,1533,963,6,969,40
2020-05-06,Tuolumne,109,53932,2,2,0,2,0
2020-05-06,Ventura,111,848112,853,619,1,620,19
2020-05-06,Yolo,113,214977,187,172,0,172,18
2020-05-06,Yuba,115,75493,22,15,0,15,1
2020-05-05,Alameda,001,1643700,2233,1819,3,1822,67
2020-05-05,Alpine,003,1148,1,1,0,1,0
2020-05-05,Amador,005,37829,8,8,0,8,0
2020-05-05,Butte,007,227075,29,19,1,20,0
2020-05-05,Calaveras,009,45235,10,13,0,13,0
2020-05-05,Colusa,011,21464,3,3,0,3,0
2020-05-05,Contra Costa,013,1133247,1100,976,0,976,29
2020-05-05,Del Norte,015,27424,6,3,0,3,0
2020-05-05,El Dorado,017,186661,66,54,0,54,0
2020-05-05,Fresno,019,978130,1448,726,17,743,8
2020-05-05,Glenn,021,27897,8,3,0,3,0
2020-05-05,Humboldt,023,135768,62,54,0,54,0
2020-05-05,Imperial,025,180216,795,389,0,389,6
2020-05-05,Inyo,027,18085,19,20,0,20,1
2020-05-05,Kern,029,883053,1431,1084,1,1085,11
2020-05-05,Kings,031,150075,331,187,1,188,1
2020-05-05,Lake,033,64148,10,7,0,7,0
2020-05-05,Lassen,035,31185,4,0,2,2,0
2020-05-05,Los Angeles,037,10098052,34973,27867,20,27887,1289
2020-05-05,Madera,039,155013,112,53,1,54,2
2020-05-05,Marin,041,260295,259,244,1,245,14
2020-05-05,Mariposa,043,17540,15,14,0,14,0
2020-05-05,Mendocino,045,87422,13,10,0,10,0
2020-05-05,Merced,047,269075,221,141,0,141,3
2020-05-05,Modoc,049,8938,0,0,0,0,0
2020-05-05,Mono,051,14174,32,25,0,25,1
2020-05-05,Monterey,053,433212,313,240,1,241,6
2020-05-05,Napa,055,140530,86,74,0,74,2
2020-05-05,Nevada,057,99092,41,41,1,42,1
2020-05-05,Orange,059,3164182,4664,3041,31,3072,63
2020-05-05,Placer,061,380077,181,162,0,162,8
2020-05-05,Plumas,063,18699,4,4,0,4,0
2020-05-05,Riverside,065,2383286,5382,4309,16,4325,161
2020-05-05,Sacramento,067,1510023,1177,1125,0,1125,48
2020-05-05,San Benito,069,59416,56,50,0,50,2
2020-05-05,San Bernardino,071,2135413,3172,2345,2,2347,104
2020-05-05,San Diego,073,3302833,5249,4162,0,4162,150
2020-05-05,San Francisco,075,870044,2017,1779,0,1779,31
2020-05-05,San Joaquin,077,732212,640,577,3,580,26
2020-05-05,San Luis Obispo,079,281455,286,203,3,206,1
2020-05-05,San Mateo,081,765935,1573,1335,2,1337,56
2020-05-05,Santa Barbara,083,443738,1196,541,4,545,7
2020-05-05,Santa Clara,085,1922200,2765,2249,7,2256,124
2020-05-05,Santa Cruz,087,273765,143,134,0,134,2
2020-05-05,Shasta,089,179085,44,31,0,31,4
2020-05-05,Sierra,091,2930,0,0,0,0,0
2020-05-05,Siskiyou,093,43540,5,5,0,5,0
2020-05-05,Solano,095,438530,386,299,0,299,4
2020-05-05,Sonoma,097,501317,326,263,0,263,3
2020-05-05,Stanislaus,099,539301,518,430,4,434,9
2020-05-05,Sutter,101,95872,36,29,0,29,2
2020-05-05,Tehama,103,63373,2,1,0,1,1
2020-05-05,Trinity,105,12862,2,0,0,0,0
2020-05-05,Tulare,107,460477,1437,869,6,875,40
2020-05-05,Tuolumne,109,53932,2,2,0,2,0
2020-05-05,Ventura,111,848112,829,607,1,608,19
2020-05-05,Yolo,113,214977,185,171,0,171,18
2020-05-05,Yuba,115,75493,22,15,0,15,1
2020-05-04,Alameda,001,1643700,2174,1762,3,1765,65
2020-05-04,Alpine,003,1148,1,1,0,1,0
2020-05-04,Amador,005,37829,7,8,0,8,0
2020-05-04,Butte,007,227075,28,16,1,17,0
2020-05-04,Calaveras,009,45235,10,13,0,13,0
2020-05-04,Colusa,011,21464,3,3,0,3,0
2020-05-04,Contra Costa,013,1133247,1082,949,0,949,28
2020-05-04,Del Norte,015,27424,5,3,0,3,0
2020-05-04,El Dorado,017,186661,65,51,0,51,0
2020-05-04,Fresno,019,978130,1378,680,16,696,8
2020-05-04,Glenn,021,27897,8,4,0,4,0
2020-05-04,Humboldt,023,135768,60,54,0,54,0
2020-05-04,Imperial,025,180216,743,351,0,351,6
2020-05-04,Inyo,027,18085,19,20,0,20,1
2020-05-04,Kern,029,883053,1389,1047,1,1048,8
2020-05-04,Kings,031,150075,314,153,1,154,1
2020-05-04,Lake,033,64148,9,7,0,7,0
2020-05-04,Lassen,035,31185,3,0,2,2,0
2020-05-04,Los Angeles,037,10098052,33675,26243,18,26261,1235
2020-05-04,Madera,039,155013,110,52,1,53,2
2020-05-04,Marin,041,260295,254,244,1,245,13
2020-05-04,Mariposa,043,17540,15,13,0,13,0
2020-05-04,Mendocino,045,87422,13,10,0,10,0
2020-05-04,Merced,047,269075,221,138,0,138,3
2020-05-04,Modoc,049,8938,0,0,0,0,0
2020-05-04,Mono,051,14174,32,25,0,25,1
2020-05-04,Monterey,053,433212,302,237,1,238,6
2020-05-04,Napa,055,140530,86,72,0,72,2
2020-05-04,Nevada,057,99092,41,41,1,42,1
2020-05-04,Orange,059,3164182,4526,2931,28,2959,57
2020-05-04,Placer,061,380077,179,162,0,162,8
2020-05-04,Plumas,063,18699,4,4,0,4,0
2020-05-04,Riverside,065,2383286,5288,4221,16,4237,147
2020-05-04,Sacramento,067,1510023,1167,1119,0,1119,44
2020-05-04,San Benito,069,59416,54,49,0,49,2
2020-05-04,San Bernardino,071,2135413,3031,2184,2,2186,99
2020-05-04,San Diego,073,3302833,5108,4022,0,4022,144
2020-05-04,San Francisco,075,870044,1979,1760,0,1760,31
2020-05-04,San Joaquin,077,732212,626,574,3,577,26
2020-05-04,San Luis Obispo,079,281455,283,202,3,205,1
2020-05-04,San Mateo,081,765935,1548,1313,2,1315,53
2020-05-04,Santa Barbara,083,443738,947,524,4,528,7
2020-05-04,Santa Clara,085,1922200,2750,2238,7,2245,119
2020-05-04,Santa Cruz,087,273765,142,133,0,133,2
2020-05-04,Shasta,089,179085,42,31,0,31,4
2020-05-04,Sierra,091,2930,0,0,0,0,0
2020-05-04,Siskiyou,093,43540,5,5,0,5,0
2020-05-04,Solano,095,438530,372,293,0,293,4
2020-05-04,Sonoma,097,501317,312,256,0,256,4
2020-05-04,Stanislaus,099,539301,512,422,4,426,8
2020-05-04,Sutter,101,95872,33,28,0,28,2
2020-05-04,Tehama,103,63373,2,1,0,1,1
2020-05-04,Trinity,105,12862,1,0,0,0,0
2020-05-04,Tulare,107,460477,1358,760,6,766,40
2020-05-04,Tuolumne,109,53932,2,3,0,3,0
2020-05-04,Ventura,111,848112,808,590,1,591,19
2020-05-04,Yolo,113,214977,184,171,0,171,18
2020-05-04,Yuba,115,75493,19,16,0,16,1
2020-05-03,Alameda,001,1643700,2117,1731,3,1734,64
2020-05-03,Alpine,003,1148,1,1,0,1,0
2020-05-03,Amador,005,37829,7,8,0,8,0
2020-05-03,Butte,007,227075,28,17,1,18,0
2020-05-03,Calaveras,009,45235,10,13,0,13,0
2020-05-03,Colusa,011,21464,3,3,0,3,0
2020-05-03,Contra Costa,013,1133247,1066,945,0,945,28
2020-05-03,Del Norte,015,27424,5,3,0,3,0
2020-05-03,El Dorado,017,186661,63,49,0,49,0
2020-05-03,Fresno,019,978130,1285,646,14,660,8
2020-05-03,Glenn,021,27897,7,5,0,5,0
2020-05-03,Humboldt,023,135768,59,54,0,54,0
2020-05-03,Imperial,025,180216,687,351,0,351,6
2020-05-03,Inyo,027,18085,19,20,0,20,1
2020-05-03,Kern,029,883053,1334,1025,1,1026,8
2020-05-03,Kings,031,150075,294,137,1,138,1
2020-05-03,Lake,033,64148,9,7,0,7,0
2020-05-03,Lassen,035,31185,3,0,2,2,0
2020-05-03,Los Angeles,037,10098052,32691,25708,18,25726,1210
2020-05-03,Madera,039,155013,103,46,1,47,2
2020-05-03,Marin,041,260295,249,243,1,244,13
2020-05-03,Mariposa,043,17540,15,13,0,13,0
2020-05-03,Mendocino,045,87422,13,10,0,10,0
2020-05-03,Merced,047,269075,213,134,0,134,3
2020-05-03,Modoc,049,8938,0,0,0,0,0
2020-05-03,Mono,051,14174,32,25,0,25,1
2020-05-03,Monterey,053,433212,293,235,1,236,6
2020-05-03,Napa,055,140530,86,72,0,72,2
2020-05-03,Nevada,057,99092,41,41,1,42,1
2020-05-03,Orange,059,3164182,4352,2859,27,2886,55
2020-05-03,Placer,061,380077,179,161,0,161,8
2020-05-03,Plumas,063,18699,4,4,0,4,0
2020-05-03,Riverside,065,2383286,5183,4034,16,4050,139
2020-05-03,Sacramento,067,1510023,1158,1109,0,1109,43
2020-05-03,San Benito,069,59416,54,49,0,49,2
2020-05-03,San Bernardino,071,2135413,2970,2123,2,2125,99
2020-05-03,San Diego,073,3302833,4970,3929,0,3929,142
2020-05-03,San Francisco,075,870044,1950,1692,0,1692,30
2020-05-03,San Joaquin,077,732212,619,570,3,573,26
2020-05-03,San Luis Obispo,079,281455,280,200,3,203,1
2020-05-03,San Mateo,081,765935,1520,1277,2,1279,53
2020-05-03,Santa Barbara,083,443738,587,512,4,516,7
2020-05-03,Santa Clara,085,1922200,2713,2235,7,2242,116
2020-05-03,Santa Cruz,087,273765,142,133,0,133,2
2020-05-03,Shasta,089,179085,40,31,0,31,4
2020-05-03,Sierra,091,2930,0,0,0,0,0
2020-05-03,Siskiyou,093,43540,5,5,0,5,0
2020-05-03,Solano,095,438530,362,266,0,266,4
2020-05-03,Sonoma,097,501317,303,254,0,254,4
2020-05-03,Stanislaus,099,539301,484,411,4,415,8
2020-05-03,Sutter,101,95872,31,28,0,28,2
2020-05-03,Tehama,103,63373,2,1,0,1,1
2020-05-03,Trinity,105,12862,1,0,0,0,0
2020-05-03,Tulare,107,460477,1279,736,6,742,40
2020-05-03,Tuolumne,109,53932,2,3,0,3,0
2020-05-03,Ventura,111,848112,774,583,1,584,19
2020-05-03,Yolo,113,214977,183,171,0,171,18
2020-05-03,Yuba,115,75493,19,16,0,16,1
2020-05-02,Alameda,001,1643700,2080,1678,3,1681,63
2020-05-02,Alpine,003,1148,1,1,0,1,0
2020-05-02,Amador,005,37829,7,8,0,8,0
2020-05-02,Butte,007,227075,28,17,1,18,0
2020-05-02,Calaveras,009,45235,10,13,0,13,0
2020-05-02,Colusa,011,21464,3,3,0,3,0
2020-05-02,Contra Costa,013,1133247,1048,929,0,929,28
2020-05-02,Del Norte,015,27424,5,3,0,3,0
2020-05-02,El Dorado,017,186661,63,47,0,47,0
2020-05-02,Fresno,019,978130,1259,629,13,642,8
2020-05-02,Glenn,021,27897,7,5,0,5,0
2020-05-02,Humboldt,023,135768,59,54,0,54,0
2020-05-02,Imperial,025,180216,660,345,0,345,6
2020-05-02,Inyo,027,18085,19,20,0,20,1
2020-05-02,Kern,029,883053,1308,1007,1,1008,8
2020-05-02,Kings,031,150075,291,120,1,121,1
2020-05-02,Lake,033,64148,9,7,0,7,0
2020-05-02,Lassen,035,31185,3,0,2,2,0
2020-05-02,Los Angeles,037,10098052,32162,24955,18,24973,1192
2020-05-02,Madera,039,155013,103,46,1,47,2
2020-05-02,Marin,041,260295,248,243,1,244,13
2020-05-02,Mariposa,043,17540,15,13,0,13,0
2020-05-02,Mendocino,045,87422,13,10,0,10,0
2020-05-02,Merced,047,269075,210,131,0,131,3
2020-05-02,Modoc,049,8938,0,0,0,0,0
2020-05-02,Mono,051,14174,32,25,0,25,1
2020-05-02,Monterey,053,433212,287,225,1,226,5
2020-05-02,Napa,055,140530,86,71,0,71,2
2020-05-02,Nevada,057,99092,41,41,1,42,1
2020-05-02,Orange,059,3164182,4238,2774,27,2801,52
2020-05-02,Placer,061,380077,177,150,0,150,8
2020-05-02,Plumas,063,18699,4,4,0,4,0
2020-05-02,Riverside,065,2383286,5117,3997,16,4013,137
2020-05-02,Sacramento,067,1510023,1155,1097,0,1097,43
2020-05-02,San Benito,069,59416,54,49,0,49,2
2020-05-02,San Bernardino,071,2135413,2931,2124,2,2126,99
2020-05-02,San Diego,073,3302833,4868,3844,0,3844,138
2020-05-02,San Francisco,075,870044,1927,1632,0,1632,29
2020-05-02,San Joaquin,077,732212,611,559,3,562,25
2020-05-02,San Luis Obispo,079,281455,274,193,3,196,1
2020-05-02,San Mateo,081,765935,1504,1272,2,1274,52
2020-05-02,Santa Barbara,083,443738,579,506,4,510,7
2020-05-02,Santa Clara,085,1922200,2703,2203,7,2210,115
2020-05-02,Santa Cruz,087,273765,141,131,0,131,2
2020-05-02,Shasta,089,179085,40,31,0,31,4
2020-05-02,Sierra,091,2930,0,0,0,0,0
2020-05-02,Siskiyou,093,43540,5,5,0,5,0
2020-05-02,Solano,095,438530,355,267,0,267,4
2020-05-02,Sonoma,097,501317,300,250,0,250,3
2020-05-02,Stanislaus,099,539301,476,388,4,392,8
2020-05-02,Sutter,101,95872,31,28,0,28,2
2020-05-02,Tehama,103,63373,2,1,0,1,1
2020-05-02,Trinity,105,12862,1,0,0,0,0
2020-05-02,Tulare,107,460477,1236,711,6,717,35
2020-05-02,Tuolumne,109,53932,2,3,0,3,0
2020-05-02,Ventura,111,848112,760,564,1,565,19
2020-05-02,Yolo,113,214977,183,169,0,169,17
2020-05-02,Yuba,115,75493,19,16,0,16,1
2020-05-01,Alameda,001,1643700,2042,1630,3,1633,63
2020-05-01,Alpine,003,1148,1,1,0,1,0
2020-05-01,Amador,005,37829,7,8,0,8,0
2020-05-01,Butte,007,227075,28,17,1,18,0
2020-05-01,Calaveras,009,45235,10,13,0,13,0
2020-05-01,Colusa,011,21464,3,3,0,3,0
2020-05-01,Contra Costa,013,1133247,1034,915,0,915,28
2020-05-01,Del Norte,015,27424,5,3,0,3,0
2020-05-01,El Dorado,017,186661,63,47,0,47,0
2020-05-01,Fresno,019,978130,1228,617,13,630,7
2020-05-01,Glenn,021,27897,7,4,0,4,0
2020-05-01,Humboldt,023,135768,59,54,0,54,0
2020-05-01,Imperial,025,180216,623,337,0,337,6
2020-05-01,Inyo,027,18085,19,20,0,20,1
2020-05-01,Kern,029,883053,1281,972,1,973,8
2020-05-01,Kings,031,150075,274,112,1,113,1
2020-05-01,Lake,033,64148,9,6,0,6,0
2020-05-01,Lassen,035,31185,3,0,2,2,0
2020-05-01,Los Angeles,037,10098052,31406,24306,18,24324,1155
2020-05-01,Madera,039,155013,99,46,1,47,2
2020-05-01,Marin,041,260295,248,242,1,243,13
2020-05-01,Mariposa,043,17540,15,10,0,10,0
2020-05-01,Mendocino,045,87422,13,11,0,11,0
2020-05-01,Merced,047,269075,207,131,0,131,3
2020-05-01,Modoc,049,8938,0,0,0,0,0
2020-05-01,Mono,051,14174,32,25,0,25,1
2020-05-01,Monterey,053,433212,283,222,1,223,5
2020-05-01,Napa,055,140530,86,69,0,69,2
2020-05-01,Nevada,057,99092,41,41,1,42,1
2020-05-01,Orange,059,3164182,4161,2660,25,2685,51
2020-05-01,Placer,061,380077,176,149,0,149,8
2020-05-01,Plumas,063,18699,4,4,0,4,0
2020-05-01,Riverside,065,2383286,5053,3893,16,3909,132
2020-05-01,Sacramento,067,1510023,1150,1081,0,1081,43
2020-05-01,San Benito,069,59416,54,49,0,49,2
2020-05-01,San Bernardino,071,2135413,2876,2084,2,2086,98
2020-05-01,San Diego,073,3302833,4777,3713,0,3713,134
2020-05-01,San Francisco,075,870044,1883,1552,0,1552,29
2020-05-01,San Joaquin,077,732212,607,554,3,557,25
2020-05-01,San Luis Obispo,079,281455,271,186,3,189,1
2020-05-01,San Mateo,081,765935,1482,1222,2,1224,52
2020-05-01,Santa Barbara,083,443738,570,499,3,502,7
2020-05-01,Santa Clara,085,1922200,2691,2176,7,2183,112
2020-05-01,Santa Cruz,087,273765,141,127,0,127,2
2020-05-01,Shasta,089,179085,40,31,0,31,4
2020-05-01,Sierra,091,2930,0,0,0,0,0
2020-05-01,Siskiyou,093,43540,5,5,0,5,0
2020-05-01,Solano,095,438530,347,266,0,266,4
2020-05-01,Sonoma,097,501317,297,242,0,242,3
2020-05-01,Stanislaus,099,539301,471,384,4,388,8
2020-05-01,Sutter,101,95872,31,28,0,28,2
2020-05-01,Tehama,103,63373,2,1,0,1,1
2020-05-01,Trinity,105,12862,1,0,0,0,0
2020-05-01,Tulare,107,460477,1192,685,6,691,32
2020-05-01,Tuolumne,109,53932,2,3,0,3,0
2020-05-01,Ventura,111,848112,747,556,1,557,18
2020-05-01,Yolo,113,214977,183,165,0,165,18
2020-05-01,Yuba,115,75493,19,16,0,16,1
2020-04-30,Alameda,001,1643700,1982,1599,3,1602,60
2020-04-30,Alpine,003,1148,1,1,0,1,0
2020-04-30,Amador,005,37829,7,8,0,8,0
2020-04-30,Butte,007,227075,28,16,1,17,0
2020-04-30,Calaveras,009,45235,10,13,0,13,0
2020-04-30,Colusa,011,21464,3,3,0,3,0
2020-04-30,Contra Costa,013,1133247,1012,900,0,900,25
2020-04-30,Del Norte,015,27424,4,3,0,3,0
2020-04-30,El Dorado,017,186661,63,44,0,44,0
2020-04-30,Fresno,019,978130,1163,562,10,572,7
2020-04-30,Glenn,021,27897,7,4,0,4,0
2020-04-30,Humboldt,023,135768,59,54,0,54,0
2020-04-30,Imperial,025,180216,577,322,0,322,6
2020-04-30,Inyo,027,18085,19,20,0,20,1
2020-04-30,Kern,029,883053,1249,941,1,942,8
2020-04-30,Kings,031,150075,262,87,1,88,1
2020-04-30,Lake,033,64148,9,6,0,6,0
2020-04-30,Lassen,035,31185,3,0,2,2,0
2020-04-30,Los Angeles,037,10098052,30399,23284,18,23302,1099
2020-04-30,Madera,039,155013,88,46,1,47,2
2020-04-30,Marin,041,260295,248,240,1,241,13
2020-04-30,Mariposa,043,17540,15,3,0,3,0
2020-04-30,Mendocino,045,87422,13,11,0,11,0
2020-04-30,Merced,047,269075,200,122,0,122,3
2020-04-30,Modoc,049,8938,0,0,0,0,0
2020-04-30,Mono,051,14174,31,25,0,25,1
2020-04-30,Monterey,053,433212,273,213,1,214,5
2020-04-30,Napa,055,140530,84,69,0,69,2
2020-04-30,Nevada,057,99092,41,41,1,42,1
2020-04-30,Orange,059,3164182,3938,2591,22,2613,46
2020-04-30,Placer,061,380077,175,148,0,148,8
2020-04-30,Plumas,063,18699,4,4,0,4,0
2020-04-30,Riverside,065,2383286,4953,3820,15,3835,124
2020-04-30,Sacramento,067,1510023,1144,1071,0,1071,43
2020-04-30,San Benito,069,59416,54,48,0,48,2
2020-04-30,San Bernardino,071,2135413,2674,2020,2,2022,96
2020-04-30,San Diego,073,3302833,4606,3566,0,3566,124
2020-04-30,San Francisco,075,870044,1849,1518,0,1518,26
2020-04-30,San Joaquin,077,732212,599,548,3,551,25
2020-04-30,San Luis Obispo,079,281455,268,182,3,185,1
2020-04-30,San Mateo,081,765935,1452,1194,2,1196,52
2020-04-30,Santa Barbara,083,443738,558,490,3,493,7
2020-04-30,Santa Clara,085,1922200,2651,2172,7,2179,111
2020-04-30,Santa Cruz,087,273765,140,126,0,126,2
2020-04-30,Shasta,089,179085,39,31,0,31,4
2020-04-30,Sierra,091,2930,0,0,0,0,0
2020-04-30,Siskiyou,093,43540,5,5,0,5,0
2020-04-30,Solano,095,438530,337,262,0,262,4
2020-04-30,Sonoma,097,501317,288,233,0,233,3
2020-04-30,Stanislaus,099,539301,464,378,4,382,7
2020-04-30,Sutter,101,95872,31,28,0,28,2
2020-04-30,Tehama,103,63373,1,1,0,1,1
2020-04-30,Trinity,105,12862,1,0,0,0,0
2020-04-30,Tulare,107,460477,1127,637,6,643,31
2020-04-30,Tuolumne,109,53932,2,3,0,3,0
2020-04-30,Ventura,111,848112,719,547,1,548,18
2020-04-30,Yolo,113,214977,182,164,0,164,16
2020-04-30,Yuba,115,75493,19,15,0,15,1
2020-04-29,Alameda,001,1643700,1924,1564,2,1566,60
2020-04-29,Alpine,003,1148,1,1,0,1,0
2020-04-29,Amador,005,37829,7,8,0,8,0
2020-04-29,Butte,007,227075,28,16,1,17,0
2020-04-29,Calaveras,009,45235,10,13,0,13,0
2020-04-29,Colusa,011,21464,3,3,0,3,0
2020-04-29,Contra Costa,013,1133247,993,885,0,885,25
2020-04-29,Del Norte,015,27424,4,3,0,3,0
2020-04-29,El Dorado,017,186661,61,44,0,44,0
2020-04-29,Fresno,019,978130,1111,544,10,554,7
2020-04-29,Glenn,021,27897,7,4,0,4,0
2020-04-29,Humboldt,023,135768,59,53,0,53,0
2020-04-29,Imperial,025,180216,547,300,0,300,6
2020-04-29,Inyo,027,18085,19,20,0,20,1
2020-04-29,Kern,029,883053,1206,910,1,911,6
2020-04-29,Kings,031,150075,243,80,1,81,1
2020-04-29,Lake,033,64148,9,6,0,6,0
2020-04-29,Lassen,035,31185,3,0,2,2,0
2020-04-29,Los Angeles,037,10098052,29422,22560,18,22578,1043
2020-04-29,Madera,039,155013,86,45,1,46,2
2020-04-29,Marin,041,260295,245,234,1,235,13
2020-04-29,Mariposa,043,17540,15,1,0,1,0
2020-04-29,Mendocino,045,87422,13,11,0,11,0
2020-04-29,Merced,047,269075,193,116,0,116,3
2020-04-29,Modoc,049,8938,0,0,0,0,0
2020-04-29,Mono,051,14174,31,25,0,25,1
2020-04-29,Monterey,053,433212,265,204,1,205,5
2020-04-29,Napa,055,140530,82,68,0,68,2
2020-04-29,Nevada,057,99092,41,41,1,42,1
2020-04-29,Orange,059,3164182,3802,2421,21,2442,43
2020-04-29,Placer,061,380077,173,145,0,145,8
2020-04-29,Plumas,063,18699,4,4,0,4,0
2020-04-29,Riverside,065,2383286,4877,3700,15,3715,116
2020-04-29,Sacramento,067,1510023,1122,1055,0,1055,41
2020-04-29,San Benito,069,59416,54,48,0,48,2
2020-04-29,San Bernardino,071,2135413,2587,1975,1,1976,91
2020-04-29,San Diego,073,3302833,4464,3434,0,3434,120
2020-04-29,San Francisco,075,870044,1820,1489,0,1489,23
2020-04-29,San Joaquin,077,732212,591,540,3,543,25
2020-04-29,San Luis Obispo,079,281455,266,181,3,184,1
2020-04-29,San Mateo,081,765935,1426,1170,2,1172,50
2020-04-29,Santa Barbara,083,443738,543,477,3,480,7
2020-04-29,Santa Clara,085,1922200,2625,2147,7,2154,108
2020-04-29,Santa Cruz,087,273765,139,124,0,124,2
2020-04-29,Shasta,089,179085,38,31,0,31,4
2020-04-29,Sierra,091,2930,0,0,0,0,0
2020-04-29,Siskiyou,093,43540,5,5,0,5,0
2020-04-29,Solano,095,438530,313,252,0,252,3
2020-04-29,Sonoma,097,501317,280,230,0,230,2
2020-04-29,Stanislaus,099,539301,451,374,4,378,5
2020-04-29,Sutter,101,95872,31,28,0,28,2
2020-04-29,Tehama,103,63373,1,1,0,1,1
2020-04-29,Trinity,105,12862,1,0,0,0,0
2020-04-29,Tulare,107,460477,1054,615,5,620,30
2020-04-29,Tuolumne,109,53932,2,4,0,4,0
2020-04-29,Ventura,111,848112,695,530,1,531,18
2020-04-29,Yolo,113,214977,179,161,0,161,11
2020-04-29,Yuba,115,75493,19,15,0,15,1
2020-04-28,Alameda,001,1643700,1867,1525,2,1527,55
2020-04-28,Alpine,003,1148,1,1,0,1,0
2020-04-28,Amador,005,37829,7,8,0,8,0
2020-04-28,Butte,007,227075,28,16,1,17,0
2020-04-28,Calaveras,009,45235,10,13,0,13,0
2020-04-28,Colusa,011,21464,3,3,0,3,0
2020-04-28,Contra Costa,013,1133247,986,866,0,866,25
2020-04-28,Del Norte,015,27424,4,3,0,3,0
2020-04-28,El Dorado,017,186661,60,43,0,43,0
2020-04-28,Fresno,019,978130,1060,525,8,533,7
2020-04-28,Glenn,021,27897,5,4,0,4,0
2020-04-28,Humboldt,023,135768,58,53,0,53,0
2020-04-28,Imperial,025,180216,513,295,0,295,6
2020-04-28,Inyo,027,18085,19,20,0,20,1
2020-04-28,Kern,029,883053,1163,882,1,883,5
2020-04-28,Kings,031,150075,230,57,1,58,1
2020-04-28,Lake,033,64148,9,6,0,6,0
2020-04-28,Lassen,035,31185,3,0,2,2,0
2020-04-28,Los Angeles,037,10098052,28356,21029,18,21047,984
2020-04-28,Madera,039,155013,86,44,1,45,2
2020-04-28,Marin,041,260295,244,228,1,229,12
2020-04-28,Mariposa,043,17540,15,0,0,0,0
2020-04-28,Mendocino,045,87422,13,10,0,10,0
2020-04-28,Merced,047,269075,186,108,0,108,3
2020-04-28,Modoc,049,8938,0,0,0,0,0
2020-04-28,Mono,051,14174,31,25,0,25,1
2020-04-28,Monterey,053,433212,259,191,1,192,5
2020-04-28,Napa,055,140530,81,67,0,67,2
2020-04-28,Nevada,057,99092,41,41,1,42,1
2020-04-28,Orange,059,3164182,3637,2324,20,2344,42
2020-04-28,Placer,061,380077,163,143,0,143,8
2020-04-28,Plumas,063,18699,4,4,0,4,0
2020-04-28,Riverside,065,2383286,4782,3504,15,3519,113
2020-04-28,Sacramento,067,1510023,1107,1044,0,1044,41
2020-04-28,San Benito,069,59416,52,46,0,46,2
2020-04-28,San Bernardino,071,2135413,2510,1891,1,1892,89
2020-04-28,San Diego,073,3302833,4334,3316,0,3316,118
2020-04-28,San Francisco,075,870044,1785,1471,0,1471,23
2020-04-28,San Joaquin,077,732212,585,532,3,535,25
2020-04-28,San Luis Obispo,079,281455,259,172,3,175,1
2020-04-28,San Mateo,081,765935,1413,1129,2,1131,48
2020-04-28,Santa Barbara,083,443738,538,469,2,471,7
2020-04-28,Santa Clara,085,1922200,2591,2130,7,2137,106
2020-04-28,Santa Cruz,087,273765,139,123,0,123,2
2020-04-28,Shasta,089,179085,38,29,0,29,4
2020-04-28,Sierra,091,2930,0,0,0,0,0
2020-04-28,Siskiyou,093,43540,5,5,0,5,0
2020-04-28,Solano,095,438530,294,246,0,246,3
2020-04-28,Sonoma,097,501317,277,226,0,226,1
2020-04-28,Stanislaus,099,539301,435,330,4,334,5
2020-04-28,Sutter,101,95872,31,25,0,25,2
2020-04-28,Tehama,103,63373,1,1,0,1,1
2020-04-28,Trinity,105,12862,1,0,0,0,0
2020-04-28,Tulare,107,460477,958,579,5,584,30
2020-04-28,Tuolumne,109,53932,2,4,0,4,0
2020-04-28,Ventura,111,848112,675,517,1,518,17
2020-04-28,Yolo,113,214977,179,160,0,160,10
2020-04-28,Yuba,115,75493,19,15,0,15,1
2020-04-27,Alameda,001,1643700,1807,1494,2,1496,53
2020-04-27,Alpine,003,1148,1,1,0,1,0
2020-04-27,Amador,005,37829,7,8,0,8,0
2020-04-27,Butte,007,227075,27,16,1,17,0
2020-04-27,Calaveras,009,45235,10,13,0,13,0
2020-04-27,Colusa,011,21464,3,3,0,3,0
2020-04-27,Contra Costa,013,1133247,974,843,0,843,25
2020-04-27,Del Norte,015,27424,4,3,0,3,0
2020-04-27,El Dorado,017,186661,59,43,0,43,0
2020-04-27,Fresno,019,978130,957,504,7,511,7
2020-04-27,Glenn,021,27897,5,4,0,4,0
2020-04-27,Humboldt,023,135768,58,52,0,52,0
2020-04-27,Imperial,025,180216,483,290,0,290,6
2020-04-27,Inyo,027,18085,19,20,0,20,1
2020-04-27,Kern,029,883053,1124,865,1,866,4
2020-04-27,Kings,031,150075,207,48,1,49,1
2020-04-27,Lake,033,64148,8,6,0,6,0
2020-04-27,Lassen,035,31185,3,0,2,2,0
2020-04-27,Los Angeles,037,10098052,27338,20456,18,20474,931
2020-04-27,Madera,039,155013,84,42,1,43,2
2020-04-27,Marin,041,260295,239,227,1,228,12
2020-04-27,Mariposa,043,17540,14,0,0,0,0
2020-04-27,Mendocino,045,87422,13,10,0,10,0
2020-04-27,Merced,047,269075,183,108,0,108,3
2020-04-27,Modoc,049,8938,0,0,0,0,0
2020-04-27,Mono,051,14174,31,23,0,23,1
2020-04-27,Monterey,053,433212,252,185,1,186,4
2020-04-27,Napa,055,140530,77,64,0,64,2
2020-04-27,Nevada,057,99092,41,39,1,40,1
2020-04-27,Orange,059,3164182,3468,2198,20,2218,42
2020-04-27,Placer,061,380077,163,142,0,142,8
2020-04-27,Plumas,063,18699,4,4,0,4,0
2020-04-27,Riverside,065,2383286,4659,3381,15,3396,100
2020-04-27,Sacramento,067,1510023,1092,1035,0,1035,41
2020-04-27,San Benito,069,59416,50,45,0,45,2
2020-04-27,San Bernardino,071,2135413,2396,1742,1,1743,82
2020-04-27,San Diego,073,3302833,4208,3143,0,3143,113
2020-04-27,San Francisco,075,870044,1731,1453,0,1453,23
2020-04-27,San Joaquin,077,732212,579,522,3,525,25
2020-04-27,San Luis Obispo,079,281455,251,166,3,169,1
2020-04-27,San Mateo,081,765935,1391,1092,2,1094,46
2020-04-27,Santa Barbara,083,443738,529,466,2,468,7
2020-04-27,Santa Clara,085,1922200,2566,2104,6,2110,105
2020-04-27,Santa Cruz,087,273765,139,123,0,123,2
2020-04-27,Shasta,089,179085,38,29,0,29,4
2020-04-27,Sierra,091,2930,0,0,0,0,0
2020-04-27,Siskiyou,093,43540,5,5,0,5,0
2020-04-27,Solano,095,438530,294,222,0,222,3
2020-04-27,Sonoma,097,501317,268,220,0,220,1
2020-04-27,Stanislaus,099,539301,419,316,4,320,5
2020-04-27,Sutter,101,95872,29,26,0,26,2
2020-04-27,Tehama,103,63373,1,1,0,1,1
2020-04-27,Trinity,105,12862,1,0,0,0,0
2020-04-27,Tulare,107,460477,887,535,5,540,28
2020-04-27,Tuolumne,109,53932,2,3,0,3,0
2020-04-27,Ventura,111,848112,656,513,1,514,17
2020-04-27,Yolo,113,214977,176,160,0,160,9
2020-04-27,Yuba,115,75493,19,15,0,15,1
2020-04-26,Alameda,001,1643700,1746,1449,2,1451,52
2020-04-26,Alpine,003,1148,1,1,0,1,0
2020-04-26,Amador,005,37829,7,8,0,8,0
2020-04-26,Butte,007,227075,27,16,1,17,0
2020-04-26,Calaveras,009,45235,10,13,0,13,0
2020-04-26,Colusa,011,21464,3,3,0,3,0
2020-04-26,Contra Costa,013,1133247,958,830,0,830,25
2020-04-26,Del Norte,015,27424,3,3,0,3,0
2020-04-26,El Dorado,017,186661,57,41,0,41,0
2020-04-26,Fresno,019,978130,863,476,7,483,7
2020-04-26,Glenn,021,27897,5,4,0,4,0
2020-04-26,Humboldt,023,135768,58,53,0,53,0
2020-04-26,Imperial,025,180216,449,272,0,272,6
2020-04-26,Inyo,027,18085,19,20,0,20,1
2020-04-26,Kern,029,883053,1074,831,1,832,4
2020-04-26,Kings,031,150075,182,33,1,34,1
2020-04-26,Lake,033,64148,8,6,0,6,0
2020-04-26,Lassen,035,31185,3,0,2,2,0
2020-04-26,Los Angeles,037,10098052,26187,19570,18,19588,901
2020-04-26,Madera,039,155013,82,39,1,40,2
2020-04-26,Marin,041,260295,233,225,1,226,12
2020-04-26,Mariposa,043,17540,14,0,0,0,0
2020-04-26,Mendocino,045,87422,13,5,0,5,0
2020-04-26,Merced,047,269075,166,104,0,104,3
2020-04-26,Modoc,049,8938,0,0,0,0,0
2020-04-26,Mono,051,14174,31,23,0,23,1
2020-04-26,Monterey,053,433212,245,182,1,183,4
2020-04-26,Napa,055,140530,76,62,0,62,2
2020-04-26,Nevada,057,99092,41,37,1,38,1
2020-04-26,Orange,059,3164182,3303,2124,20,2144,40
2020-04-26,Placer,061,380077,162,141,0,141,8
2020-04-26,Plumas,063,18699,4,4,0,4,0
2020-04-26,Riverside,065,2383286,4516,3301,15,3316,95
2020-04-26,Sacramento,067,1510023,1083,1027,0,1027,41
2020-04-26,San Benito,069,59416,50,45,0,45,2
2020-04-26,San Bernardino,071,2135413,2300,1681,1,1682,82
2020-04-26,San Diego,073,3302833,4066,3045,0,3045,111
2020-04-26,San Francisco,075,870044,1692,1403,0,1403,23
2020-04-26,San Joaquin,077,732212,571,514,3,517,25
2020-04-26,San Luis Obispo,079,281455,248,165,3,168,1
2020-04-26,San Mateo,081,765935,1365,1070,2,1072,46
2020-04-26,Santa Barbara,083,443738,522,464,2,466,7
2020-04-26,Santa Clara,085,1922200,2543,2097,5,2102,102
2020-04-26,Santa Cruz,087,273765,139,116,0,116,2
2020-04-26,Shasta,089,179085,35,29,0,29,4
2020-04-26,Sierra,091,2930,0,0,0,0,0
2020-04-26,Siskiyou,093,43540,5,5,0,5,0
2020-04-26,Solano,095,438530,285,205,0,205,3
2020-04-26,Sonoma,097,501317,257,216,0,216,1
2020-04-26,Stanislaus,099,539301,404,294,4,298,4
2020-04-26,Sutter,101,95872,29,26,0,26,2
2020-04-26,Tehama,103,63373,1,1,0,1,1
2020-04-26,Trinity,105,12862,1,0,0,0,0
2020-04-26,Tulare,107,460477,828,497,5,502,28
2020-04-26,Tuolumne,109,53932,2,3,0,3,0
2020-04-26,Ventura,111,848112,638,509,1,510,17
2020-04-26,Yolo,113,214977,175,158,0,158,8
2020-04-26,Yuba,115,75493,18,15,0,15,1
2020-04-25,Alameda,001,1643700,1721,1396,2,1398,52
2020-04-25,Alpine,003,1148,1,1,0,1,0
2020-04-25,Amador,005,37829,7,8,0,8,0
2020-04-25,Butte,007,227075,26,16,1,17,0
2020-04-25,Calaveras,009,45235,10,12,0,12,0
2020-04-25,Colusa,011,21464,3,3,0,3,0
2020-04-25,Contra Costa,013,1133247,944,821,0,821,24
2020-04-25,Del Norte,015,27424,2,2,0,2,0
2020-04-25,El Dorado,017,186661,56,41,0,41,0
2020-04-25,Fresno,019,978130,831,459,6,465,7
2020-04-25,Glenn,021,27897,5,4,0,4,0
2020-04-25,Humboldt,023,135768,58,53,0,53,0
2020-04-25,Imperial,025,180216,432,232,0,232,6
2020-04-25,Inyo,027,18085,19,20,0,20,1
2020-04-25,Kern,029,883053,1043,802,1,803,4
2020-04-25,Kings,031,150075,170,33,1,34,1
2020-04-25,Lake,033,64148,6,6,0,6,0
2020-04-25,Lassen,035,31185,3,0,2,2,0
2020-04-25,Los Angeles,037,10098052,25553,19144,18,19162,881
2020-04-25,Madera,039,155013,79,39,1,40,2
2020-04-25,Marin,041,260295,233,215,1,216,12
2020-04-25,Mariposa,043,17540,14,0,0,0,0
2020-04-25,Mendocino,045,87422,12,5,0,5,0
2020-04-25,Merced,047,269075,166,103,0,103,3
2020-04-25,Modoc,049,8938,0,0,0,0,0
2020-04-25,Mono,051,14174,31,23,0,23,1
2020-04-25,Monterey,053,433212,243,173,1,174,4
2020-04-25,Napa,055,140530,76,60,0,60,2
2020-04-25,Nevada,057,99092,41,37,1,38,1
2020-04-25,Orange,059,3164182,3194,2047,20,2067,40
2020-04-25,Placer,061,380077,162,137,0,137,8
2020-04-25,Plumas,063,18699,4,4,0,4,0
2020-04-25,Riverside,065,2383286,4426,3037,15,3052,93
2020-04-25,Sacramento,067,1510023,1081,1015,0,1015,41
2020-04-25,San Benito,069,59416,50,45,0,45,2
2020-04-25,San Bernardino,071,2135413,2255,1675,1,1676,82
2020-04-25,San Diego,073,3302833,3966,2945,0,2945,111
2020-04-25,San Francisco,075,870044,1667,1341,0,1341,22
2020-04-25,San Joaquin,077,732212,564,497,3,500,24
2020-04-25,San Luis Obispo,079,281455,247,159,3,162,1
2020-04-25,San Mateo,081,765935,1347,1054,2,1056,46
2020-04-25,Santa Barbara,083,443738,515,457,2,459,7
2020-04-25,Santa Clara,085,1922200,2521,2045,4,2049,99
2020-04-25,Santa Cruz,087,273765,139,112,0,112,2
2020-04-25,Shasta,089,179085,35,29,0,29,4
2020-04-25,Sierra,091,2930,0,0,0,0,0
2020-04-25,Siskiyou,093,43540,5,5,0,5,0
2020-04-25,Solano,095,438530,281,203,0,203,3
2020-04-25,Sonoma,097,501317,253,199,0,199,1
2020-04-25,Stanislaus,099,539301,396,276,4,280,4
2020-04-25,Sutter,101,95872,29,24,0,24,2
2020-04-25,Tehama,103,63373,1,1,0,1,1
2020-04-25,Trinity,105,12862,0,0,0,0,0
2020-04-25,Tulare,107,460477,795,478,5,483,28
2020-04-25,Tuolumne,109,53932,2,2,0,2,0
2020-04-25,Ventura,111,848112,624,494,1,495,16
2020-04-25,Yolo,113,214977,175,157,0,157,8
2020-04-25,Yuba,115,75493,17,15,0,15,1
2020-04-24,Alameda,001,1643700,1690,1385,2,1387,50
2020-04-24,Alpine,003,1148,1,1,0,1,0
2020-04-24,Amador,005,37829,7,8,0,8,0
2020-04-24,Butte,007,227075,25,15,1,16,0
2020-04-24,Calaveras,009,45235,10,12,0,12,0
2020-04-24,Colusa,011,21464,3,3,0,3,0
2020-04-24,Contra Costa,013,1133247,935,806,0,806,23
2020-04-24,Del Norte,015,27424,2,2,0,2,0
2020-04-24,El Dorado,017,186661,55,41,0,41,0
2020-04-24,Fresno,019,978130,808,449,6,455,7
2020-04-24,Glenn,021,27897,5,4,0,4,0
2020-04-24,Humboldt,023,135768,58,53,0,53,0
2020-04-24,Imperial,025,180216,416,232,0,232,6
2020-04-24,Inyo,027,18085,19,20,0,20,0
2020-04-24,Kern,029,883053,1019,770,1,771,4
2020-04-24,Kings,031,150075,141,30,1,31,1
2020-04-24,Lake,033,64148,6,6,0,6,0
2020-04-24,Lassen,035,31185,3,0,2,2,0
2020-04-24,Los Angeles,037,10098052,24622,18553,18,18571,836
2020-04-24,Madera,039,155013,79,39,1,40,2
2020-04-24,Marin,041,260295,233,211,1,212,11
2020-04-24,Mariposa,043,17540,8,0,0,0,0
2020-04-24,Mendocino,045,87422,12,5,0,5,0
2020-04-24,Merced,047,269075,163,102,0,102,3
2020-04-24,Modoc,049,8938,0,0,0,0,0
2020-04-24,Mono,051,14174,30,23,0,23,1
2020-04-24,Monterey,053,433212,236,167,1,168,4
2020-04-24,Napa,055,140530,75,59,0,59,2
2020-04-24,Nevada,057,99092,41,36,1,37,1
2020-04-24,Orange,059,3164182,3087,1945,20,1965,39
2020-04-24,Placer,061,380077,160,137,0,137,8
2020-04-24,Plumas,063,18699,4,4,0,4,0
2020-04-24,Riverside,065,2383286,4345,3044,15,3059,87
2020-04-24,Sacramento,067,1510023,1075,1009,0,1009,41
2020-04-24,San Benito,069,59416,50,45,0,45,2
2020-04-24,San Bernardino,071,2135413,2220,1667,1,1668,80
2020-04-24,San Diego,073,3302833,3855,2828,0,2828,102
2020-04-24,San Francisco,075,870044,1609,1345,0,1345,22
2020-04-24,San Joaquin,077,732212,557,484,3,487,24
2020-04-24,San Luis Obispo,079,281455,244,151,3,154,1
2020-04-24,San Mateo,081,765935,1324,1004,2,1006,43
2020-04-24,Santa Barbara,083,443738,509,450,2,452,6
2020-04-24,Santa Clara,085,1922200,2478,2026,4,2030,98
2020-04-24,Santa Cruz,087,273765,135,111,0,111,2
2020-04-24,Shasta,089,179085,35,28,0,28,4
2020-04-24,Sierra,091,2930,0,0,0,0,0
2020-04-24,Siskiyou,093,43540,5,5,0,5,0
2020-04-24,Solano,095,438530,279,203,0,203,3
2020-04-24,Sonoma,097,501317,249,199,0,199,1
2020-04-24,Stanislaus,099,539301,393,273,4,277,4
2020-04-24,Sutter,101,95872,28,24,0,24,2
2020-04-24,Tehama,103,63373,1,1,0,1,1
2020-04-24,Trinity,105,12862,0,0,0,0,0
2020-04-24,Tulare,107,460477,767,459,5,464,27
2020-04-24,Tuolumne,109,53932,2,2,0,2,0
2020-04-24,Ventura,111,848112,614,489,1,490,16
2020-04-24,Yolo,113,214977,174,155,0,155,8
2020-04-24,Yuba,115,75493,16,15,0,15,1
2020-04-23,Alameda,001,1643700,1652,1336,2,1338,46
2020-04-23,Alpine,003,1148,1,1,0,1,0
2020-04-23,Amador,005,37829,7,8,0,8,0
2020-04-23,Butte,007,227075,25,15,1,16,0
2020-04-23,Calaveras,009,45235,10,12,0,12,0
2020-04-23,Colusa,011,21464,3,3,0,3,0
2020-04-23,Contra Costa,013,1133247,914,786,0,786,23
2020-04-23,Del Norte,015,27424,2,2,0,2,0
2020-04-23,El Dorado,017,186661,54,39,0,39,0
2020-04-23,Fresno,019,978130,770,426,6,432,7
2020-04-23,Glenn,021,27897,5,3,0,3,0
2020-04-23,Humboldt,023,135768,58,53,0,53,0
2020-04-23,Imperial,025,180216,395,181,0,181,4
2020-04-23,Inyo,027,18085,19,19,0,19,0
2020-04-23,Kern,029,883053,971,732,1,733,4
2020-04-23,Kings,031,150075,126,28,1,29,1
2020-04-23,Lake,033,64148,6,6,0,6,0
2020-04-23,Lassen,035,31185,3,0,2,2,0
2020-04-23,Los Angeles,037,10098052,23562,17548,17,17565,784
2020-04-23,Madera,039,155013,77,37,1,38,2
2020-04-23,Marin,041,260295,220,209,1,210,11
2020-04-23,Mariposa,043,17540,7,0,0,0,0
2020-04-23,Mendocino,045,87422,10,5,0,5,0
2020-04-23,Merced,047,269075,159,98,0,98,3
2020-04-23,Modoc,049,8938,0,0,0,0,0
2020-04-23,Mono,051,14174,30,23,0,23,1
2020-04-23,Monterey,053,433212,232,161,1,162,4
2020-04-23,Napa,055,140530,68,59,0,59,2
2020-04-23,Nevada,057,99092,41,36,1,37,1
2020-04-23,Orange,059,3164182,2909,1841,19,1860,37
2020-04-23,Placer,061,380077,157,136,0,136,8
2020-04-23,Plumas,063,18699,4,4,0,4,0
2020-04-23,Riverside,065,2383286,4231,2935,14,2949,78
2020-04-23,Sacramento,067,1510023,1063,978,0,978,41
2020-04-23,San Benito,069,59416,47,43,0,43,2
2020-04-23,San Bernardino,071,2135413,2155,1604,1,1605,79
2020-04-23,San Diego,073,3302833,3694,2645,0,2645,100
2020-04-23,San Francisco,075,870044,1584,1312,0,1312,21
2020-04-23,San Joaquin,077,732212,547,479,3,482,20
2020-04-23,San Luis Obispo,079,281455,240,146,3,149,1
2020-04-23,San Mateo,081,765935,1285,970,2,972,42
2020-04-23,Santa Barbara,083,443738,503,445,2,447,6
2020-04-23,Santa Clara,085,1922200,2443,1996,4,2000,95
2020-04-23,Santa Cruz,087,273765,134,110,0,110,2
2020-04-23,Shasta,089,179085,35,27,0,27,3
2020-04-23,Sierra,091,2930,0,0,0,0,0
2020-04-23,Siskiyou,093,43540,5,5,0,5,0
2020-04-23,Solano,095,438530,265,196,0,196,3
2020-04-23,Sonoma,097,501317,237,187,0,187,1
2020-04-23,Stanislaus,099,539301,389,254,4,258,4
2020-04-23,Sutter,101,95872,28,24,0,24,2
2020-04-23,Tehama,103,63373,1,1,0,1,1
2020-04-23,Trinity,105,12862,0,0,0,0,0
2020-04-23,Tulare,107,460477,738,440,5,445,25
2020-04-23,Tuolumne,109,53932,2,2,0,2,0
2020-04-23,Ventura,111,848112,600,479,1,480,16
2020-04-23,Yolo,113,214977,171,151,0,151,8
2020-04-23,Yuba,115,75493,16,15,0,15,1
2020-04-22,Alameda,001,1643700,1603,1275,2,1277,46
2020-04-22,Alpine,003,1148,1,1,0,1,0
2020-04-22,Amador,005,37829,7,7,0,7,0
2020-04-22,Butte,007,227075,24,15,1,16,0
2020-04-22,Calaveras,009,45235,10,12,0,12,0
2020-04-22,Colusa,011,21464,3,3,0,3,0
2020-04-22,Contra Costa,013,1133247,899,772,0,772,22
2020-04-22,Del Norte,015,27424,2,2,0,2,0
2020-04-22,El Dorado,017,186661,54,39,0,39,0
2020-04-22,Fresno,019,978130,730,388,6,394,7
2020-04-22,Glenn,021,27897,5,3,0,3,0
2020-04-22,Humboldt,023,135768,58,53,0,53,0
2020-04-22,Imperial,025,180216,384,170,0,170,3
2020-04-22,Inyo,027,18085,19,18,0,18,0
2020-04-22,Kern,029,883053,949,713,1,714,4
2020-04-22,Kings,031,150075,105,28,1,29,1
2020-04-22,Lake,033,64148,6,6,0,6,0
2020-04-22,Lassen,035,31185,3,0,2,2,0
2020-04-22,Los Angeles,037,10098052,22536,16400,17,16417,715
2020-04-22,Madera,039,155013,75,37,1,38,2
2020-04-22,Marin,041,260295,218,202,1,203,11
2020-04-22,Mariposa,043,17540,6,0,0,0,0
2020-04-22,Mendocino,045,87422,7,5,0,5,0
2020-04-22,Merced,047,269075,147,92,0,92,3
2020-04-22,Modoc,049,8938,0,0,0,0,0
2020-04-22,Mono,051,14174,29,23,0,23,1
2020-04-22,Monterey,053,433212,225,154,1,155,4
2020-04-22,Napa,055,140530,67,58,0,58,2
2020-04-22,Nevada,057,99092,41,36,1,37,1
2020-04-22,Orange,059,3164182,2815,1785,18,1803,36
2020-04-22,Placer,061,380077,155,133,0,133,8
2020-04-22,Plumas,063,18699,4,4,0,4,0
2020-04-22,Riverside,065,2383286,4127,2822,14,2836,76
2020-04-22,Sacramento,067,1510023,1058,959,0,959,36
2020-04-22,San Benito,069,59416,46,43,0,43,2
2020-04-22,San Bernardino,071,2135413,2092,1564,1,1565,74
2020-04-22,San Diego,073,3302833,3566,2493,0,2493,96
2020-04-22,San Francisco,075,870044,1547,1255,0,1255,21
2020-04-22,San Joaquin,077,732212,536,462,3,465,20
2020-04-22,San Luis Obispo,079,281455,231,142,3,145,1
2020-04-22,San Mateo,081,765935,1262,945,2,947,40
2020-04-22,Santa Barbara,083,443738,498,437,2,439,6
2020-04-22,Santa Clara,085,1922200,2427,1969,4,1973,95
2020-04-22,Santa Cruz,087,273765,130,106,0,106,2
2020-04-22,Shasta,089,179085,34,26,0,26,3
2020-04-22,Sierra,091,2930,0,0,0,0,0
2020-04-22,Siskiyou,093,43540,5,5,0,5,0
2020-04-22,Solano,095,438530,246,195,0,195,3
2020-04-22,Sonoma,097,501317,234,185,0,185,1
2020-04-22,Stanislaus,099,539301,332,247,4,251,4
2020-04-22,Sutter,101,95872,28,22,0,22,2
2020-04-22,Tehama,103,63373,1,1,0,1,1
2020-04-22,Trinity,105,12862,0,0,0,0,0
2020-04-22,Tulare,107,460477,704,425,5,430,23
2020-04-22,Tuolumne,109,53932,2,2,0,2,0
2020-04-22,Ventura,111,848112,590,465,1,466,15
2020-04-22,Yolo,113,214977,171,147,0,147,8
2020-04-22,Yuba,115,75493,16,15,0,15,1
2020-04-21,Alameda,001,1643700,1573,1234,2,1236,46
2020-04-21,Alpine,003,1148,1,1,0,1,0
2020-04-21,Amador,005,37829,7,7,0,7,0
2020-04-21,Butte,007,227075,23,15,1,16,0
2020-04-21,Calaveras,009,45235,9,12,0,12,0
2020-04-21,Colusa,011,21464,3,3,0,3,0
2020-04-21,Contra Costa,013,1133247,885,766,0,766,22
2020-04-21,Del Norte,015,27424,2,2,0,2,0
2020-04-21,El Dorado,017,186661,53,36,0,36,0
2020-04-21,Fresno,019,978130,696,372,6,378,7
2020-04-21,Glenn,021,27897,5,3,0,3,0
2020-04-21,Humboldt,023,135768,57,53,0,53,0
2020-04-21,Imperial,025,180216,364,165,0,165,2
2020-04-21,Inyo,027,18085,19,18,0,18,0
2020-04-21,Kern,029,883053,907,676,1,677,4
2020-04-21,Kings,031,150075,91,28,1,29,1
2020-04-21,Lake,033,64148,6,6,0,6,0
2020-04-21,Lassen,035,31185,3,0,2,2,0
2020-04-21,Los Angeles,037,10098052,21676,15096,17,15113,650
2020-04-21,Madera,039,155013,75,37,1,38,2
2020-04-21,Marin,041,260295,212,202,1,203,10
2020-04-21,Mariposa,043,17540,5,0,0,0,0
2020-04-21,Mendocino,045,87422,7,5,0,5,0
2020-04-21,Merced,047,269075,143,89,0,89,3
2020-04-21,Modoc,049,8938,0,0,0,0,0
2020-04-21,Mono,051,14174,29,23,0,23,1
2020-04-21,Monterey,053,433212,222,151,1,152,4
2020-04-21,Napa,055,140530,66,58,0,58,2
2020-04-21,Nevada,057,99092,41,36,1,37,1
2020-04-21,Orange,059,3164182,2692,1717,17,1734,36
2020-04-21,Placer,061,380077,153,133,0,133,8
2020-04-21,Plumas,063,18699,4,4,0,4,0
2020-04-21,Riverside,065,2383286,3996,2631,14,2645,68
2020-04-21,Sacramento,067,1510023,1048,941,0,941,33
2020-04-21,San Benito,069,59416,45,43,0,43,2
2020-04-21,San Bernardino,071,2135413,2031,1499,1,1500,71
2020-04-21,San Diego,073,3302833,3410,2436,0,2436,87
2020-04-21,San Francisco,075,870044,1517,1232,0,1232,20
2020-04-21,San Joaquin,077,732212,526,447,3,450,20
2020-04-21,San Luis Obispo,079,281455,223,134,3,137,1
2020-04-21,San Mateo,081,765935,1216,933,2,935,34
2020-04-21,Santa Barbara,083,443738,488,414,2,416,5
2020-04-21,Santa Clara,085,1922200,2377,1943,4,1947,91
2020-04-21,Santa Cruz,087,273765,128,104,0,104,2
2020-04-21,Shasta,089,179085,33,26,0,26,3
2020-04-21,Sierra,091,2930,0,0,0,0,0
2020-04-21,Siskiyou,093,43540,5,5,0,5,0
2020-04-21,Solano,095,438530,238,193,0,193,3
2020-04-21,Sonoma,097,501317,224,182,0,182,1
2020-04-21,Stanislaus,099,539301,313,235,4,239,4
2020-04-21,Sutter,101,95872,28,22,0,22,2
2020-04-21,Tehama,103,63373,1,1,0,1,1
2020-04-21,Trinity,105,12862,0,0,0,0,0
2020-04-21,Tulare,107,460477,667,410,5,415,23
2020-04-21,Tuolumne,109,53932,2,2,0,2,0
2020-04-21,Ventura,111,848112,578,455,1,456,14
2020-04-21,Yolo,113,214977,169,143,0,143,8
2020-04-21,Yuba,115,75493,16,15,0,15,1
2020-04-20,Alameda,001,1643700,1540,1181,2,1183,42
2020-04-20,Alpine,003,1148,1,1,0,1,0
2020-04-20,Amador,005,37829,7,7,0,7,0
2020-04-20,Butte,007,227075,23,15,1,16,0
2020-04-20,Calaveras,009,45235,9,12,0,12,0
2020-04-20,Colusa,011,21464,3,3,0,3,0
2020-04-20,Contra Costa,013,1133247,875,753,0,753,22
2020-04-20,Del Norte,015,27424,2,2,0,2,0
2020-04-20,El Dorado,017,186661,53,36,0,36,0
2020-04-20,Fresno,019,978130,678,356,6,362,7
2020-04-20,Glenn,021,27897,4,3,0,3,0
2020-04-20,Humboldt,023,135768,57,53,0,53,0
2020-04-20,Imperial,025,180216,345,149,0,149,2
2020-04-20,Inyo,027,18085,19,17,0,17,0
2020-04-20,Kern,029,883053,875,651,1,652,3
2020-04-20,Kings,031,150075,80,19,1,20,1
2020-04-20,Lake,033,64148,6,6,0,6,0
2020-04-20,Lassen,035,31185,3,0,2,2,0
2020-04-20,Los Angeles,037,10098052,20761,13787,17,13804,608
2020-04-20,Madera,039,155013,74,35,1,36,2
2020-04-20,Marin,041,260295,208,200,1,201,10
2020-04-20,Mariposa,043,17540,5,0,0,0,0
2020-04-20,Mendocino,045,87422,7,5,0,5,0
2020-04-20,Merced,047,269075,136,88,0,88,3
2020-04-20,Modoc,049,8938,0,0,0,0,0
2020-04-20,Mono,051,14174,29,23,0,23,1
2020-04-20,Monterey,053,433212,213,147,1,148,4
2020-04-20,Napa,055,140530,66,55,0,55,2
2020-04-20,Nevada,057,99092,41,34,1,35,1
2020-04-20,Orange,059,3164182,2608,1679,17,1696,33
2020-04-20,Placer,061,380077,152,132,0,132,8
2020-04-20,Plumas,063,18699,4,4,0,4,0
2020-04-20,Riverside,065,2383286,3871,2477,14,2491,61
2020-04-20,Sacramento,067,1510023,1038,924,0,924,32
2020-04-20,San Benito,069,59416,45,43,0,43,2
2020-04-20,San Bernardino,071,2135413,1944,1344,1,1345,63
2020-04-20,San Diego,073,3302833,3268,2327,0,2327,72
2020-04-20,San Francisco,075,870044,1485,1223,0,1223,19
2020-04-20,San Joaquin,077,732212,522,422,3,425,17
2020-04-20,San Luis Obispo,079,281455,209,132,3,135,1
2020-04-20,San Mateo,081,765935,1193,890,2,892,31
2020-04-20,Santa Barbara,083,443738,481,388,2,390,4
2020-04-20,Santa Clara,085,1922200,2346,1920,4,1924,84
2020-04-20,Santa Cruz,087,273765,126,102,0,102,2
2020-04-20,Shasta,089,179085,33,26,0,26,3
2020-04-20,Sierra,091,2930,0,0,0,0,0
2020-04-20,Siskiyou,093,43540,5,5,0,5,0
2020-04-20,Solano,095,438530,235,185,0,185,2
2020-04-20,Sonoma,097,501317,216,178,0,178,1
2020-04-20,Stanislaus,099,539301,299,228,4,232,3
2020-04-20,Sutter,101,95872,27,22,0,22,2
2020-04-20,Tehama,103,63373,1,1,0,1,1
2020-04-20,Trinity,105,12862,0,0,0,0,0
2020-04-20,Tulare,107,460477,657,401,5,406,20
2020-04-20,Tuolumne,109,53932,2,2,0,2,0
2020-04-20,Ventura,111,848112,564,426,1,427,13
2020-04-20,Yolo,113,214977,168,125,0,125,5
2020-04-20,Yuba,115,75493,16,15,0,15,1
2020-04-19,Alameda,001,1643700,1490,1134,2,1136,41
2020-04-19,Alpine,003,1148,1,1,0,1,0
2020-04-19,Amador,005,37829,6,7,0,7,0
2020-04-19,Butte,007,227075,22,15,1,16,0
2020-04-19,Calaveras,009,45235,9,12,0,12,0
2020-04-19,Colusa,011,21464,3,3,0,3,0
2020-04-19,Contra Costa,013,1133247,861,731,0,731,20
2020-04-19,Del Norte,015,27424,2,2,0,2,0
2020-04-19,El Dorado,017,186661,53,36,0,36,0
2020-04-19,Fresno,019,978130,642,326,6,332,7
2020-04-19,Glenn,021,27897,4,3,0,3,0
2020-04-19,Humboldt,023,135768,57,53,0,53,0
2020-04-19,Imperial,025,180216,319,144,0,144,2
2020-04-19,Inyo,027,18085,19,17,0,17,0
2020-04-19,Kern,029,883053,850,629,1,630,3
2020-04-19,Kings,031,150075,70,17,1,18,1
2020-04-19,Lake,033,64148,6,6,0,6,0
2020-04-19,Lassen,035,31185,3,0,2,2,0
2020-04-19,Los Angeles,037,10098052,19766,12299,17,12316,589
2020-04-19,Madera,039,155013,72,34,1,35,2
2020-04-19,Marin,041,260295,207,194,1,195,10
2020-04-19,Mariposa,043,17540,2,0,0,0,0
2020-04-19,Mendocino,045,87422,7,4,0,4,0
2020-04-19,Merced,047,269075,131,85,0,85,3
2020-04-19,Modoc,049,8938,0,0,0,0,0
2020-04-19,Mono,051,14174,29,23,0,23,1
2020-04-19,Monterey,053,433212,204,140,1,141,4
2020-04-19,Napa,055,140530,64,49,0,49,2
2020-04-19,Nevada,057,99092,40,34,1,35,1
2020-04-19,Orange,059,3164182,2511,1591,16,1607,32
2020-04-19,Placer,061,380077,151,131,0,131,8
2020-04-19,Plumas,063,18699,4,4,0,4,0
2020-04-19,Riverside,065,2383286,3728,2316,14,2330,56
2020-04-19,Sacramento,067,1510023,1011,912,0,912,32
2020-04-19,San Benito,069,59416,43,40,0,40,2
2020-04-19,San Bernardino,071,2135413,1881,1262,1,1263,58
2020-04-19,San Diego,073,3302833,3101,2270,0,2270,71
2020-04-19,San Francisco,075,870044,1452,1153,0,1153,19
2020-04-19,San Joaquin,077,732212,504,404,3,407,17
2020-04-19,San Luis Obispo,079,281455,204,132,3,135,1
2020-04-19,San Mateo,081,765935,1157,845,2,847,31
2020-04-19,Santa Barbara,083,443738,473,377,2,379,3
2020-04-19,Santa Clara,085,1922200,2302,1878,4,1882,81
2020-04-19,Santa Cruz,087,273765,123,98,0,98,2
2020-04-19,Shasta,089,179085,31,26,0,26,3
2020-04-19,Sierra,091,2930,0,0,0,0,0
2020-04-19,Siskiyou,093,43540,5,5,0,5,0
2020-04-19,Solano,095,438530,227,174,0,174,2
2020-04-19,Sonoma,097,501317,210,172,0,172,1
2020-04-19,Stanislaus,099,539301,291,221,4,225,3
2020-04-19,Sutter,101,95872,26,21,0,21,2
2020-04-19,Tehama,103,63373,1,1,0,1,1
2020-04-19,Trinity,105,12862,0,0,0,0,0
2020-04-19,Tulare,107,460477,611,391,5,396,17
2020-04-19,Tuolumne,109,53932,2,2,0,2,0
2020-04-19,Ventura,111,848112,556,418,1,419,13
2020-04-19,Yolo,113,214977,168,120,0,120,5
2020-04-19,Yuba,115,75493,16,15,0,15,1
2020-04-18,Alameda,001,1643700,1465,1085,2,1087,40
2020-04-18,Alpine,003,1148,1,1,0,1,0
2020-04-18,Amador,005,37829,6,7,0,7,0
2020-04-18,Butte,007,227075,21,15,1,16,0
2020-04-18,Calaveras,009,45235,9,12,0,12,0
2020-04-18,Colusa,011,21464,3,3,0,3,0
2020-04-18,Contra Costa,013,1133247,849,721,0,721,17
2020-04-18,Del Norte,015,27424,2,2,0,2,0
2020-04-18,El Dorado,017,186661,53,36,0,36,0
2020-04-18,Fresno,019,978130,622,319,6,325,7
2020-04-18,Glenn,021,27897,4,3,0,3,0
2020-04-18,Humboldt,023,135768,57,52,0,52,0
2020-04-18,Imperial,025,180216,310,137,0,137,2
2020-04-18,Inyo,027,18085,19,17,0,17,0
2020-04-18,Kern,029,883053,828,626,1,627,3
2020-04-18,Kings,031,150075,69,17,1,18,1
2020-04-18,Lake,033,64148,6,6,0,6,0
2020-04-18,Lassen,035,31185,3,0,2,2,0
2020-04-18,Los Angeles,037,10098052,19241,11984,16,12000,566
2020-04-18,Madera,039,155013,71,34,1,35,2
2020-04-18,Marin,041,260295,205,193,1,194,10
2020-04-18,Mariposa,043,17540,2,0,0,0,0
2020-04-18,Mendocino,045,87422,7,4,0,4,0
2020-04-18,Merced,047,269075,129,82,0,82,3
2020-04-18,Modoc,049,8938,0,0,0,0,0
2020-04-18,Mono,051,14174,29,22,0,22,1
2020-04-18,Monterey,053,433212,200,135,1,136,3
2020-04-18,Napa,055,140530,64,49,0,49,2
2020-04-18,Nevada,057,99092,39,34,1,35,1
2020-04-18,Orange,059,3164182,2447,1569,15,1584,32
2020-04-18,Placer,061,380077,149,130,0,130,8
2020-04-18,Plumas,063,18699,4,4,0,4,0
2020-04-18,Riverside,065,2383286,3653,2257,14,2271,56
2020-04-18,Sacramento,067,1510023,999,901,0,901,32
2020-04-18,San Benito,069,59416,43,40,0,40,2
2020-04-18,San Bernardino,071,2135413,1836,1255,1,1256,58
2020-04-18,San Diego,073,3302833,2999,2215,0,2215,71
2020-04-18,San Francisco,075,870044,1413,1144,0,1144,19
2020-04-18,San Joaquin,077,732212,495,392,3,395,17
2020-04-18,San Luis Obispo,079,281455,200,129,3,132,1
2020-04-18,San Mateo,081,765935,1135,821,2,823,31
2020-04-18,Santa Barbara,083,443738,467,372,2,374,3
2020-04-18,Santa Clara,085,1922200,2269,1862,4,1866,79
2020-04-18,Santa Cruz,087,273765,121,96,0,96,2
2020-04-18,Shasta,089,179085,31,26,0,26,3
2020-04-18,Sierra,091,2930,0,0,0,0,0
2020-04-18,Siskiyou,093,43540,5,5,0,5,0
2020-04-18,Solano,095,438530,224,175,0,175,2
2020-04-18,Sonoma,097,501317,206,168,0,168,1
2020-04-18,Stanislaus,099,539301,283,216,4,220,3
2020-04-18,Sutter,101,95872,26,21,0,21,2
2020-04-18,Tehama,103,63373,1,1,0,1,1
2020-04-18,Trinity,105,12862,0,0,0,0,0
2020-04-18,Tulare,107,460477,600,385,5,390,17
2020-04-18,Tuolumne,109,53932,2,2,0,2,0
2020-04-18,Ventura,111,848112,548,416,1,417,13
2020-04-18,Yolo,113,214977,166,118,0,118,5
2020-04-18,Yuba,115,75493,16,14,0,14,1
2020-04-17,Alameda,001,1643700,1409,1043,1,1044,40
2020-04-17,Alpine,003,1148,1,1,0,1,0
2020-04-17,Amador,005,37829,6,7,0,7,0
2020-04-17,Butte,007,227075,21,15,1,16,0
2020-04-17,Calaveras,009,45235,9,11,0,11,0
2020-04-17,Colusa,011,21464,3,3,0,3,0
2020-04-17,Contra Costa,013,1133247,838,687,0,687,15
2020-04-17,Del Norte,015,27424,2,2,0,2,0
2020-04-17,El Dorado,017,186661,53,35,0,35,0
2020-04-17,Fresno,019,978130,600,315,6,321,7
2020-04-17,Glenn,021,27897,4,3,0,3,0
2020-04-17,Humboldt,023,135768,56,52,0,52,0
2020-04-17,Imperial,025,180216,301,135,0,135,2
2020-04-17,Inyo,027,18085,19,17,0,17,0
2020-04-17,Kern,029,883053,808,612,1,613,3
2020-04-17,Kings,031,150075,67,15,1,16,1
2020-04-17,Lake,033,64148,6,6,0,6,0
2020-04-17,Lassen,035,31185,3,0,2,2,0
2020-04-17,Los Angeles,037,10098052,18598,11354,16,11370,489
2020-04-17,Madera,039,155013,71,34,1,35,2
2020-04-17,Marin,041,260295,202,189,1,190,10
2020-04-17,Mariposa,043,17540,1,0,0,0,0
2020-04-17,Mendocino,045,87422,7,4,0,4,0
2020-04-17,Merced,047,269075,128,80,0,80,3
2020-04-17,Modoc,049,8938,0,0,0,0,0
2020-04-17,Mono,051,14174,29,22,0,22,1
2020-04-17,Monterey,053,433212,195,119,1,120,3
2020-04-17,Napa,055,140530,62,46,0,46,2
2020-04-17,Nevada,057,99092,38,34,1,35,1
2020-04-17,Orange,059,3164182,2396,1496,15,1511,31
2020-04-17,Placer,061,380077,149,130,0,130,8
2020-04-17,Plumas,063,18699,4,4,0,4,0
2020-04-17,Riverside,065,2383286,3526,2080,14,2094,50
2020-04-17,Sacramento,067,1510023,992,882,0,882,32
2020-04-17,San Benito,069,59416,43,38,0,38,2
2020-04-17,San Bernardino,071,2135413,1797,1229,1,1230,57
2020-04-17,San Diego,073,3302833,2909,2160,0,2160,70
2020-04-17,San Francisco,075,870044,1387,1090,0,1090,19
2020-04-17,San Joaquin,077,732212,484,356,3,359,17
2020-04-17,San Luis Obispo,079,281455,193,116,3,119,1
2020-04-17,San Mateo,081,765935,1119,768,2,770,31
2020-04-17,Santa Barbara,083,443738,462,349,2,351,3
2020-04-17,Santa Clara,085,1922200,2233,1834,4,1838,74
2020-04-17,Santa Cruz,087,273765,120,94,0,94,2
2020-04-17,Shasta,089,179085,31,26,0,26,3
2020-04-17,Sierra,091,2930,0,0,0,0,0
2020-04-17,Siskiyou,093,43540,5,5,0,5,0
2020-04-17,Solano,095,438530,223,173,0,173,2
2020-04-17,Sonoma,097,501317,203,167,0,167,1
2020-04-17,Stanislaus,099,539301,281,201,4,205,3
2020-04-17,Sutter,101,95872,26,20,0,20,2
2020-04-17,Tehama,103,63373,1,1,0,1,1
2020-04-17,Trinity,105,12862,0,0,0,0,0
2020-04-17,Tulare,107,460477,593,370,5,375,17
2020-04-17,Tuolumne,109,53932,2,2,0,2,0
2020-04-17,Ventura,111,848112,543,398,1,399,13
2020-04-17,Yolo,113,214977,165,117,0,117,5
2020-04-17,Yuba,115,75493,16,14,0,14,1
2020-04-16,Alameda,001,1643700,1374,981,1,982,39
2020-04-16,Alpine,003,1148,1,1,0,1,0
2020-04-16,Amador,005,37829,6,7,0,7,0
2020-04-16,Butte,007,227075,20,15,1,16,0
2020-04-16,Calaveras,009,45235,9,10,0,10,0
2020-04-16,Colusa,011,21464,3,3,0,3,0
2020-04-16,Contra Costa,013,1133247,824,675,0,675,14
2020-04-16,Del Norte,015,27424,2,2,0,2,0
2020-04-16,El Dorado,017,186661,52,34,0,34,0
2020-04-16,Fresno,019,978130,570,289,6,295,7
2020-04-16,Glenn,021,27897,4,3,0,3,0
2020-04-16,Humboldt,023,135768,56,47,0,47,0
2020-04-16,Imperial,025,180216,287,132,0,132,2
2020-04-16,Inyo,027,18085,17,17,0,17,0
2020-04-16,Kern,029,883053,781,587,1,588,3
2020-04-16,Kings,031,150075,63,12,1,13,1
2020-04-16,Lake,033,64148,6,6,0,6,0
2020-04-16,Lassen,035,31185,3,0,2,2,0
2020-04-16,Los Angeles,037,10098052,17713,10786,16,10802,447
2020-04-16,Madera,039,155013,69,34,1,35,2
2020-04-16,Marin,041,260295,198,170,1,171,10
2020-04-16,Mariposa,043,17540,1,1,0,1,0
2020-04-16,Mendocino,045,87422,7,4,0,4,0
2020-04-16,Merced,047,269075,122,76,0,76,3
2020-04-16,Modoc,049,8938,0,0,0,0,0
2020-04-16,Mono,051,14174,29,22,0,22,1
2020-04-16,Monterey,053,433212,192,116,1,117,3
2020-04-16,Napa,055,140530,59,44,0,44,2
2020-04-16,Nevada,057,99092,38,34,1,35,1
2020-04-16,Orange,059,3164182,2331,1439,14,1453,28
2020-04-16,Placer,061,380077,147,129,0,129,7
2020-04-16,Plumas,063,18699,4,4,0,4,0
2020-04-16,Riverside,065,2383286,3406,1913,14,1927,45
2020-04-16,Sacramento,067,1510023,984,865,0,865,32
2020-04-16,San Benito,069,59416,43,36,0,36,2
2020-04-16,San Bernardino,071,2135413,1715,1143,0,1143,54
2020-04-16,San Diego,073,3302833,2801,2089,0,2089,63
2020-04-16,San Francisco,075,870044,1343,1039,0,1039,16
2020-04-16,San Joaquin,077,732212,469,345,3,348,17
2020-04-16,San Luis Obispo,079,281455,188,113,3,116,1
2020-04-16,San Mateo,081,765935,1090,745,2,747,29
2020-04-16,Santa Barbara,083,443738,450,331,2,333,3
2020-04-16,Santa Clara,085,1922200,2196,1789,4,1793,70
2020-04-16,Santa Cruz,087,273765,118,90,0,90,2
2020-04-16,Shasta,089,179085,31,25,0,25,3
2020-04-16,Sierra,091,2930,0,0,0,0,0
2020-04-16,Siskiyou,093,43540,5,5,0,5,0
2020-04-16,Solano,095,438530,220,162,0,162,2
2020-04-16,Sonoma,097,501317,198,145,0,145,1
2020-04-16,Stanislaus,099,539301,278,185,4,189,3
2020-04-16,Sutter,101,95872,25,21,0,21,2
2020-04-16,Tehama,103,63373,1,1,0,1,1
2020-04-16,Trinity,105,12862,0,0,0,0,0
2020-04-16,Tulare,107,460477,576,305,5,310,16
2020-04-16,Tuolumne,109,53932,2,1,0,1,0
2020-04-16,Ventura,111,848112,531,384,1,385,13
2020-04-16,Yolo,113,214977,163,98,0,98,4
2020-04-16,Yuba,115,75493,15,14,0,14,1
2020-04-15,Alameda,001,1643700,1324,915,1,916,38
2020-04-15,Alpine,003,1148,1,1,0,1,0
2020-04-15,Amador,005,37829,6,7,0,7,0
2020-04-15,Butte,007,227075,20,14,1,15,0
2020-04-15,Calaveras,009,45235,8,9,0,9,0
2020-04-15,Colusa,011,21464,3,3,0,3,0
2020-04-15,Contra Costa,013,1133247,802,645,0,645,14
2020-04-15,Del Norte,015,27424,2,2,0,2,0
2020-04-15,El Dorado,017,186661,50,33,0,33,0
2020-04-15,Fresno,019,978130,544,264,6,270,7
2020-04-15,Glenn,021,27897,4,3,0,3,0
2020-04-15,Humboldt,023,135768,56,47,0,47,0
2020-04-15,Imperial,025,180216,260,115,0,115,2
2020-04-15,Inyo,027,18085,17,12,0,12,0
2020-04-15,Kern,029,883053,759,500,1,501,3
2020-04-15,Kings,031,150075,59,12,1,13,1
2020-04-15,Lake,033,64148,6,4,0,4,0
2020-04-15,Lassen,035,31185,3,0,2,2,0
2020-04-15,Los Angeles,037,10098052,16893,10416,15,10431,394
2020-04-15,Madera,039,155013,69,30,1,31,2
2020-04-15,Marin,041,260295,195,162,1,163,10
2020-04-15,Mariposa,043,17540,0,0,0,0,0
2020-04-15,Mendocino,045,87422,6,4,0,4,0
2020-04-15,Merced,047,269075,120,74,0,74,3
2020-04-15,Modoc,049,8938,0,0,0,0,0
2020-04-15,Mono,051,14174,29,22,0,22,1
2020-04-15,Monterey,053,433212,184,106,1,107,3
2020-04-15,Napa,055,140530,56,34,0,34,2
2020-04-15,Nevada,057,99092,37,34,1,35,1
2020-04-15,Orange,059,3164182,2228,1377,14,1391,24
2020-04-15,Placer,061,380077,146,123,0,123,6
2020-04-15,Plumas,063,18699,4,4,0,4,0
2020-04-15,Riverside,065,2383286,3211,1723,14,1737,42
2020-04-15,Sacramento,067,1510023,975,839,0,839,32
2020-04-15,San Benito,069,59416,43,34,0,34,2
2020-04-15,San Bernardino,071,2135413,1645,1063,0,1063,45
2020-04-15,San Diego,073,3302833,2713,2014,0,2014,60
2020-04-15,San Francisco,075,870044,1307,1006,0,1006,16
2020-04-15,San Joaquin,077,732212,461,329,3,332,17
2020-04-15,San Luis Obispo,079,281455,180,112,3,115,1
2020-04-15,San Mateo,081,765935,1041,707,2,709,28
2020-04-15,Santa Barbara,083,443738,433,317,2,319,2
2020-04-15,Santa Clara,085,1922200,2157,1692,4,1696,69
2020-04-15,Santa Cruz,087,273765,114,92,0,92,2
2020-04-15,Shasta,089,179085,31,25,0,25,3
2020-04-15,Sierra,091,2930,0,0,0,0,0
2020-04-15,Siskiyou,093,43540,5,5,0,5,0
2020-04-15,Solano,095,438530,215,153,0,153,2
2020-04-15,Sonoma,097,501317,196,140,0,140,1
2020-04-15,Stanislaus,099,539301,271,174,4,178,3
2020-04-15,Sutter,101,95872,25,19,0,19,2
2020-04-15,Tehama,103,63373,1,1,0,1,1
2020-04-15,Trinity,105,12862,0,0,0,0,0
2020-04-15,Tulare,107,460477,558,289,5,294,14
2020-04-15,Tuolumne,109,53932,2,1,0,1,0
2020-04-15,Ventura,111,848112,516,365,1,366,13
2020-04-15,Yolo,113,214977,159,93,0,93,3
2020-04-15,Yuba,115,75493,15,15,0,15,1
2020-04-14,Alameda,001,1643700,1279,843,1,844,30
2020-04-14,Alpine,003,1148,1,1,0,1,0
2020-04-14,Amador,005,37829,6,6,0,6,0
2020-04-14,Butte,007,227075,20,13,1,14,0
2020-04-14,Calaveras,009,45235,8,5,0,5,0
2020-04-14,Colusa,011,21464,3,3,0,3,0
2020-04-14,Contra Costa,013,1133247,790,617,0,617,12
2020-04-14,Del Norte,015,27424,2,2,0,2,0
2020-04-14,El Dorado,017,186661,50,30,0,30,0
2020-04-14,Fresno,019,978130,521,244,6,250,6
2020-04-14,Glenn,021,27897,4,3,0,3,0
2020-04-14,Humboldt,023,135768,56,44,0,44,0
2020-04-14,Imperial,025,180216,240,86,0,86,2
2020-04-14,Inyo,027,18085,17,12,0,12,0
2020-04-14,Kern,029,883053,736,453,1,454,3
2020-04-14,Kings,031,150075,58,12,1,13,1
2020-04-14,Lake,033,64148,6,3,0,3,0
2020-04-14,Lassen,035,31185,3,0,2,2,0
2020-04-14,Los Angeles,037,10098052,15999,9948,14,9962,357
2020-04-14,Madera,039,155013,68,29,1,30,2
2020-04-14,Marin,041,260295,191,147,1,148,9
2020-04-14,Mariposa,043,17540,0,0,0,0,0
2020-04-14,Mendocino,045,87422,6,4,0,4,0
2020-04-14,Merced,047,269075,113,61,0,61,3
2020-04-14,Modoc,049,8938,0,0,0,0,0
2020-04-14,Mono,051,14174,29,22,0,22,1
2020-04-14,Monterey,053,433212,179,98,1,99,3
2020-04-14,Napa,055,140530,56,33,0,33,2
2020-04-14,Nevada,057,99092,37,34,1,35,1
2020-04-14,Orange,059,3164182,2126,1362,14,1376,24
2020-04-14,Placer,061,380077,145,117,0,117,5
2020-04-14,Plumas,063,18699,4,3,0,3,0
2020-04-14,Riverside,065,2383286,3076,1467,14,1481,40
2020-04-14,Sacramento,067,1510023,966,737,0,737,29
2020-04-14,San Benito,069,59416,40,34,0,34,2
2020-04-14,San Bernardino,071,2135413,1590,933,0,933,37
2020-04-14,San Diego,073,3302833,2618,1932,0,1932,53
2020-04-14,San Francisco,075,870044,1253,968,0,968,14
2020-04-14,San Joaquin,077,732212,451,280,3,283,17
2020-04-14,San Luis Obispo,079,281455,176,109,3,112,1
2020-04-14,San Mateo,081,765935,1007,681,2,683,28
2020-04-14,Santa Barbara,083,443738,409,292,2,294,2
2020-04-14,Santa Clara,085,1922200,2124,1561,4,1565,63
2020-04-14,Santa Cruz,087,273765,106,84,0,84,2
2020-04-14,Shasta,089,179085,31,24,0,24,3
2020-04-14,Sierra,091,2930,0,0,0,0,0
2020-04-14,Siskiyou,093,43540,5,5,0,5,0
2020-04-14,Solano,095,438530,212,140,0,140,2
2020-04-14,Sonoma,097,501317,192,133,0,133,1
2020-04-14,Stanislaus,099,539301,258,136,4,140,3
2020-04-14,Sutter,101,95872,24,19,0,19,2
2020-04-14,Tehama,103,63373,1,1,0,1,1
2020-04-14,Trinity,105,12862,0,0,0,0,0
2020-04-14,Tulare,107,460477,534,228,5,233,12
2020-04-14,Tuolumne,109,53932,2,0,0,0,0
2020-04-14,Ventura,111,848112,503,328,1,329,11
2020-04-14,Yolo,113,214977,155,81,0,81,3
2020-04-14,Yuba,115,75493,14,14,0,14,1
2020-04-13,Alameda,001,1643700,1240,821,1,822,23
2020-04-13,Alpine,003,1148,1,1,0,1,0
2020-04-13,Amador,005,37829,6,6,0,6,0
2020-04-13,Butte,007,227075,20,13,1,14,0
2020-04-13,Calaveras,009,45235,7,5,0,5,0
2020-04-13,Colusa,011,21464,3,3,0,3,0
2020-04-13,Contra Costa,013,1133247,774,569,0,569,12
2020-04-13,Del Norte,015,27424,2,2,0,2,0
2020-04-13,El Dorado,017,186661,48,29,0,29,0
2020-04-13,Fresno,019,978130,499,205,5,210,4
2020-04-13,Glenn,021,27897,4,3,0,3,0
2020-04-13,Humboldt,023,135768,56,44,0,44,0
2020-04-13,Imperial,025,180216,222,82,0,82,2
2020-04-13,Inyo,027,18085,17,12,0,12,0
2020-04-13,Kern,029,883053,711,346,1,347,3
2020-04-13,Kings,031,150075,54,9,1,10,0
2020-04-13,Lake,033,64148,6,3,0,3,0
2020-04-13,Lassen,035,31185,3,0,2,2,0
2020-04-13,Los Angeles,037,10098052,15285,9367,14,9381,317
2020-04-13,Madera,039,155013,66,29,1,30,2
2020-04-13,Marin,041,260295,187,144,1,145,6
2020-04-13,Mariposa,043,17540,0,0,0,0,0
2020-04-13,Mendocino,045,87422,6,4,0,4,0
2020-04-13,Merced,047,269075,112,60,0,60,3
2020-04-13,Modoc,049,8938,0,0,0,0,0
2020-04-13,Mono,051,14174,29,21,0,21,1
2020-04-13,Monterey,053,433212,172,86,1,87,3
2020-04-13,Napa,055,140530,55,30,0,30,2
2020-04-13,Nevada,057,99092,37,24,1,25,1
2020-04-13,Orange,059,3164182,2053,1313,14,1327,21
2020-04-13,Placer,061,380077,144,116,0,116,5
2020-04-13,Plumas,063,18699,4,3,0,3,0
2020-04-13,Riverside,065,2383286,2934,1460,13,1473,35
2020-04-13,Sacramento,067,1510023,954,723,0,723,25
2020-04-13,San Benito,069,59416,39,33,0,33,2
2020-04-13,San Bernardino,071,2135413,1515,920,0,920,30
2020-04-13,San Diego,073,3302833,2535,1849,0,1849,47
2020-04-13,San Francisco,075,870044,1215,948,0,948,12
2020-04-13,San Joaquin,077,732212,436,255,3,258,16
2020-04-13,San Luis Obispo,079,281455,171,106,3,109,1
2020-04-13,San Mateo,081,765935,967,679,2,681,25
2020-04-13,Santa Barbara,083,443738,390,271,1,272,2
2020-04-13,Santa Clara,085,1922200,2078,1540,4,1544,58
2020-04-13,Santa Cruz,087,273765,100,82,0,82,1
2020-04-13,Shasta,089,179085,30,24,0,24,3
2020-04-13,Sierra,091,2930,0,0,0,0,0
2020-04-13,Siskiyou,093,43540,5,5,0,5,0
2020-04-13,Solano,095,438530,209,136,0,136,2
2020-04-13,Sonoma,097,501317,185,133,0,133,1
2020-04-13,Stanislaus,099,539301,252,130,4,134,1
2020-04-13,Sutter,101,95872,24,18,0,18,2
2020-04-13,Tehama,103,63373,1,1,0,1,0
2020-04-13,Trinity,105,12862,0,0,0,0,0
2020-04-13,Tulare,107,460477,498,185,5,190,11
2020-04-13,Tuolumne,109,53932,2,0,0,0,0
2020-04-13,Ventura,111,848112,482,309,0,309,9
2020-04-13,Yolo,113,214977,149,81,0,81,3
2020-04-13,Yuba,115,75493,14,13,0,13,1
2020-04-12,Alameda,001,1643700,1197,774,1,775,23
2020-04-12,Alpine,003,1148,1,1,0,1,0
2020-04-12,Amador,005,37829,6,6,0,6,0
2020-04-12,Butte,007,227075,20,13,1,14,0
2020-04-12,Calaveras,009,45235,7,5,0,5,0
2020-04-12,Colusa,011,21464,3,3,0,3,0
2020-04-12,Contra Costa,013,1133247,761,553,0,553,12
2020-04-12,Del Norte,015,27424,2,2,0,2,0
2020-04-12,El Dorado,017,186661,48,28,0,28,0
2020-04-12,Fresno,019,978130,470,205,5,210,4
2020-04-12,Glenn,021,27897,4,3,0,3,0
2020-04-12,Humboldt,023,135768,56,43,0,43,0
2020-04-12,Imperial,025,180216,199,78,0,78,2
2020-04-12,Inyo,027,18085,15,12,0,12,0
2020-04-12,Kern,029,883053,679,319,0,319,3
2020-04-12,Kings,031,150075,52,9,1,10,0
2020-04-12,Lake,033,64148,6,3,0,3,0
2020-04-12,Lassen,035,31185,3,0,2,2,0
2020-04-12,Los Angeles,037,10098052,14572,9133,14,9147,294
2020-04-12,Madera,039,155013,65,29,1,30,2
2020-04-12,Marin,041,260295,176,138,1,139,6
2020-04-12,Mariposa,043,17540,0,0,0,0,0
2020-04-12,Mendocino,045,87422,6,4,0,4,0
2020-04-12,Merced,047,269075,106,58,0,58,3
2020-04-12,Modoc,049,8938,0,0,0,0,0
2020-04-12,Mono,051,14174,29,20,0,20,1
2020-04-12,Monterey,053,433212,158,85,1,86,3
2020-04-12,Napa,055,140530,53,29,0,29,2
2020-04-12,Nevada,057,99092,37,24,1,25,1
2020-04-12,Orange,059,3164182,1993,1283,13,1296,21
2020-04-12,Placer,061,380077,143,114,0,114,4
2020-04-12,Plumas,063,18699,4,3,0,3,0
2020-04-12,Riverside,065,2383286,2752,1330,13,1343,34
2020-04-12,Sacramento,067,1510023,917,689,0,689,25
2020-04-12,San Benito,069,59416,37,33,0,33,2
2020-04-12,San Bernardino,071,2135413,1438,827,0,827,30
2020-04-12,San Diego,073,3302833,2445,1806,0,1806,45
2020-04-12,San Francisco,075,870044,1188,886,0,886,11
2020-04-12,San Joaquin,077,732212,418,246,3,249,15
2020-04-12,San Luis Obispo,079,281455,168,102,2,104,1
2020-04-12,San Mateo,081,765935,941,664,2,666,25
2020-04-12,Santa Barbara,083,443738,370,261,1,262,2
2020-04-12,Santa Clara,085,1922200,2050,1461,4,1465,53
2020-04-12,Santa Cruz,087,273765,98,80,0,80,1
2020-04-12,Shasta,089,179085,30,24,0,24,3
2020-04-12,Sierra,091,2930,0,0,0,0,0
2020-04-12,Siskiyou,093,43540,5,5,0,5,0
2020-04-12,Solano,095,438530,203,136,0,136,2
2020-04-12,Sonoma,097,501317,182,131,0,131,1
2020-04-12,Stanislaus,099,539301,244,117,4,121,1
2020-04-12,Sutter,101,95872,23,18,0,18,2
2020-04-12,Tehama,103,63373,1,1,0,1,0
2020-04-12,Trinity,105,12862,0,0,0,0,0
2020-04-12,Tulare,107,460477,486,166,5,171,11
2020-04-12,Tuolumne,109,53932,2,0,0,0,0
2020-04-12,Ventura,111,848112,473,306,0,306,9
2020-04-12,Yolo,113,214977,136,67,0,67,3
2020-04-12,Yuba,115,75493,14,13,0,13,1
2020-04-11,Alameda,001,1643700,1156,751,1,752,23
2020-04-11,Alpine,003,1148,1,1,0,1,0
2020-04-11,Amador,005,37829,6,6,0,6,0
2020-04-11,Butte,007,227075,20,13,1,14,0
2020-04-11,Calaveras,009,45235,7,5,0,5,0
2020-04-11,Colusa,011,21464,3,3,0,3,0
2020-04-11,Contra Costa,013,1133247,752,550,0,550,12
2020-04-11,Del Norte,015,27424,2,2,0,2,0
2020-04-11,El Dorado,017,186661,47,29,0,29,0
2020-04-11,Fresno,019,978130,460,201,5,206,4
2020-04-11,Glenn,021,27897,4,3,0,3,0
2020-04-11,Humboldt,023,135768,56,38,0,38,0
2020-04-11,Imperial,025,180216,189,78,0,78,2
2020-04-11,Inyo,027,18085,15,12,0,12,0
2020-04-11,Kern,029,883053,651,304,0,304,3
2020-04-11,Kings,031,150075,49,9,1,10,0
2020-04-11,Lake,033,64148,6,3,0,3,0
2020-04-11,Lassen,035,31185,3,0,2,2,0
2020-04-11,Los Angeles,037,10098052,14102,8823,14,8837,262
2020-04-11,Madera,039,155013,64,29,1,30,2
2020-04-11,Marin,041,260295,173,136,1,137,6
2020-04-11,Mariposa,043,17540,0,0,0,0,0
2020-04-11,Mendocino,045,87422,6,4,0,4,0
2020-04-11,Merced,047,269075,103,59,0,59,3
2020-04-11,Modoc,049,8938,0,0,0,0,0
2020-04-11,Mono,051,14174,29,20,0,20,1
2020-04-11,Monterey,053,433212,152,78,1,79,3
2020-04-11,Napa,055,140530,53,29,0,29,2
2020-04-11,Nevada,057,99092,37,24,1,25,1
2020-04-11,Orange,059,3164182,1931,1267,13,1280,21
2020-04-11,Placer,061,380077,143,113,0,113,4
2020-04-11,Plumas,063,18699,4,3,0,3,0
2020-04-11,Riverside,065,2383286,2673,1260,13,1273,33
2020-04-11,Sacramento,067,1510023,906,685,0,685,25
2020-04-11,San Benito,069,59416,37,33,0,33,2
2020-04-11,San Bernardino,071,2135413,1402,826,0,826,28
2020-04-11,San Diego,073,3302833,2379,1763,0,1763,45
2020-04-11,San Francisco,075,870044,1166,860,0,860,11
2020-04-11,San Joaquin,077,732212,413,244,3,247,15
2020-04-11,San Luis Obispo,079,281455,168,100,1,101,1
2020-04-11,San Mateo,081,765935,929,662,2,664,25
2020-04-11,Santa Barbara,083,443738,362,258,1,259,2
2020-04-11,Santa Clara,085,1922200,1991,1441,4,1445,51
2020-04-11,Santa Cruz,087,273765,98,79,0,79,1
2020-04-11,Shasta,089,179085,30,24,0,24,3
2020-04-11,Sierra,091,2930,0,0,0,0,0
2020-04-11,Siskiyou,093,43540,5,5,0,5,0
2020-04-11,Solano,095,438530,199,138,0,138,2
2020-04-11,Sonoma,097,501317,180,131,0,131,1
2020-04-11,Stanislaus,099,539301,236,119,3,122,1
2020-04-11,Sutter,101,95872,23,18,0,18,2
2020-04-11,Tehama,103,63373,1,1,0,1,0
2020-04-11,Trinity,105,12862,0,0,0,0,0
2020-04-11,Tulare,107,460477,464,168,5,173,10
2020-04-11,Tuolumne,109,53932,2,0,0,0,0
2020-04-11,Ventura,111,848112,463,304,0,304,9
2020-04-11,Yolo,113,214977,133,67,0,67,3
2020-04-11,Yuba,115,75493,14,13,0,13,1
2020-04-10,Alameda,001,1643700,1115,706,1,707,21
2020-04-10,Alpine,003,1148,1,1,0,1,0
2020-04-10,Amador,005,37829,6,5,0,5,0
2020-04-10,Butte,007,227075,20,13,1,14,0
2020-04-10,Calaveras,009,45235,7,5,0,5,0
2020-04-10,Colusa,011,21464,3,3,0,3,0
2020-04-10,Contra Costa,013,1133247,739,537,0,537,10
2020-04-10,Del Norte,015,27424,2,2,0,2,0
2020-04-10,El Dorado,017,186661,47,26,0,26,0
2020-04-10,Fresno,019,978130,453,186,4,190,3
2020-04-10,Glenn,021,27897,4,3,0,3,0
2020-04-10,Humboldt,023,135768,56,36,0,36,0
2020-04-10,Imperial,025,180216,182,70,0,70,2
2020-04-10,Inyo,027,18085,13,11,0,11,0
2020-04-10,Kern,029,883053,627,272,0,272,3
2020-04-10,Kings,031,150075,46,7,1,8,0
2020-04-10,Lake,033,64148,6,3,0,3,0
2020-04-10,Lassen,035,31185,3,0,2,2,0
2020-04-10,Los Angeles,037,10098052,13588,8384,13,8397,239
2020-04-10,Madera,039,155013,63,29,1,30,2
2020-04-10,Marin,041,260295,168,128,1,129,6
2020-04-10,Mariposa,043,17540,0,0,0,0,0
2020-04-10,Mendocino,045,87422,6,4,0,4,0
2020-04-10,Merced,047,269075,100,56,0,56,3
2020-04-10,Modoc,049,8938,0,0,0,0,0
2020-04-10,Mono,051,14174,29,20,0,20,1
2020-04-10,Monterey,053,433212,141,78,1,79,3
2020-04-10,Napa,055,140530,50,28,0,28,2
2020-04-10,Nevada,057,99092,37,23,1,24,1
2020-04-10,Orange,059,3164182,1884,1167,13,1180,21
2020-04-10,Placer,061,380077,142,112,0,112,4
2020-04-10,Plumas,063,18699,4,3,0,3,0
2020-04-10,Riverside,065,2383286,2607,1162,13,1175,30
2020-04-10,Sacramento,067,1510023,897,642,0,642,24
2020-04-10,San Benito,069,59416,37,32,0,32,2
2020-04-10,San Bernardino,071,2135413,1354,779,0,779,27
2020-04-10,San Diego,073,3302833,2319,1695,0,1695,44
2020-04-10,San Francisco,075,870044,1135,797,0,797,10
2020-04-10,San Joaquin,077,732212,401,234,3,237,14
2020-04-10,San Luis Obispo,079,281455,168,97,1,98,1
2020-04-10,San Mateo,081,765935,913,642,2,644,24
2020-04-10,Santa Barbara,083,443738,354,254,1,255,2
2020-04-10,Santa Clara,085,1922200,1939,1351,4,1355,50
2020-04-10,Santa Cruz,087,273765,97,75,0,75,1
2020-04-10,Shasta,089,179085,30,24,0,24,3
2020-04-10,Sierra,091,2930,0,0,0,0,0
2020-04-10,Siskiyou,093,43540,5,5,0,5,0
2020-04-10,Solano,095,438530,196,129,0,129,2
2020-04-10,Sonoma,097,501317,179,129,0,129,1
2020-04-10,Stanislaus,099,539301,229,101,3,104,0
2020-04-10,Sutter,101,95872,23,18,0,18,2
2020-04-10,Tehama,103,63373,1,1,0,1,0
2020-04-10,Trinity,105,12862,0,0,0,0,0
2020-04-10,Tulare,107,460477,422,163,5,168,10
2020-04-10,Tuolumne,109,53932,2,0,0,0,0
2020-04-10,Ventura,111,848112,454,290,0,290,9
2020-04-10,Yolo,113,214977,131,62,0,62,3
2020-04-10,Yuba,115,75493,14,13,0,13,1
2020-04-09,Alameda,001,1643700,1065,641,1,642,17
2020-04-09,Alpine,003,1148,1,1,0,1,0
2020-04-09,Amador,005,37829,6,2,0,2,0
2020-04-09,Butte,007,227075,19,12,1,13,0
2020-04-09,Calaveras,009,45235,7,5,0,5,0
2020-04-09,Colusa,011,21464,3,3,0,3,0
2020-04-09,Contra Costa,013,1133247,696,505,0,505,7
2020-04-09,Del Norte,015,27424,2,2,0,2,0
2020-04-09,El Dorado,017,186661,46,25,0,25,0
2020-04-09,Fresno,019,978130,428,165,4,169,3
2020-04-09,Glenn,021,27897,4,2,0,2,0
2020-04-09,Humboldt,023,135768,56,36,0,36,0
2020-04-09,Imperial,025,180216,161,67,0,67,2
2020-04-09,Inyo,027,18085,12,11,0,11,0
2020-04-09,Kern,029,883053,591,241,0,241,2
2020-04-09,Kings,031,150075,43,5,1,6,0
2020-04-09,Lake,033,64148,5,1,0,1,0
2020-04-09,Lassen,035,31185,3,0,2,2,0
2020-04-09,Los Angeles,037,10098052,12960,7919,13,7932,220
2020-04-09,Madera,039,155013,63,28,1,29,2
2020-04-09,Marin,041,260295,166,126,1,127,7
2020-04-09,Mariposa,043,17540,0,0,0,0,0
2020-04-09,Mendocino,045,87422,6,4,0,4,0
2020-04-09,Merced,047,269075,97,41,0,41,3
2020-04-09,Modoc,049,8938,0,0,0,0,0
2020-04-09,Mono,051,14174,29,19,0,19,1
2020-04-09,Monterey,053,433212,123,70,1,71,3
2020-04-09,Napa,055,140530,46,27,0,27,2
2020-04-09,Nevada,057,99092,36,23,1,24,1
2020-04-09,Orange,059,3164182,1810,1105,13,1118,19
2020-04-09,Placer,061,380077,141,107,0,107,4
2020-04-09,Plumas,063,18699,4,3,0,3,0
2020-04-09,Riverside,065,2383286,2464,1083,13,1096,29
2020-04-09,Sacramento,067,1510023,874,601,0,601,21
2020-04-09,San Benito,069,59416,37,32,0,32,2
2020-04-09,San Bernardino,071,2135413,1285,717,0,717,27
2020-04-09,San Diego,073,3302833,2223,1630,0,1630,40
2020-04-09,San Francisco,075,870044,1115,748,0,748,8
2020-04-09,San Joaquin,077,732212,380,223,3,226,14
2020-04-09,San Luis Obispo,079,281455,160,93,1,94,1
2020-04-09,San Mateo,081,765935,897,630,2,632,23
2020-04-09,Santa Barbara,083,443738,344,232,1,233,2
2020-04-09,Santa Clara,085,1922200,1869,1301,4,1305,49
2020-04-09,Santa Cruz,087,273765,97,73,0,73,1
2020-04-09,Shasta,089,179085,30,22,0,22,3
2020-04-09,Sierra,091,2930,0,0,0,0,0
2020-04-09,Siskiyou,093,43540,5,4,0,4,0
2020-04-09,Solano,095,438530,187,118,0,118,2
2020-04-09,Sonoma,097,501317,175,113,0,113,1
2020-04-09,Stanislaus,099,539301,217,93,3,96,0
2020-04-09,Sutter,101,95872,23,17,0,17,2
2020-04-09,Tehama,103,63373,1,1,0,1,0
2020-04-09,Trinity,105,12862,0,0,0,0,0
2020-04-09,Tulare,107,460477,394,147,5,152,9
2020-04-09,Tuolumne,109,53932,2,0,0,0,0
2020-04-09,Ventura,111,848112,435,273,0,273,9
2020-04-09,Yolo,113,214977,122,59,0,59,3
2020-04-09,Yuba,115,75493,14,13,0,13,0
2020-04-08,Alameda,001,1643700,1024,594,1,595,15
2020-04-08,Alpine,003,1148,1,1,0,1,0
2020-04-08,Amador,005,37829,6,2,0,2,0
2020-04-08,Butte,007,227075,18,11,1,12,0
2020-04-08,Calaveras,009,45235,7,5,0,5,0
2020-04-08,Colusa,011,21464,3,3,0,3,0
2020-04-08,Contra Costa,013,1133247,683,481,0,481,7
2020-04-08,Del Norte,015,27424,2,2,0,2,0
2020-04-08,El Dorado,017,186661,46,25,0,25,0
2020-04-08,Fresno,019,978130,408,151,4,155,3
2020-04-08,Glenn,021,27897,4,2,0,2,0
2020-04-08,Humboldt,023,135768,56,40,0,40,0
2020-04-08,Imperial,025,180216,150,59,0,59,2
2020-04-08,Inyo,027,18085,12,11,0,11,0
2020-04-08,Kern,029,883053,550,198,0,198,2
2020-04-08,Kings,031,150075,43,5,1,6,0
2020-04-08,Lake,033,64148,5,1,0,1,0
2020-04-08,Lassen,035,31185,3,0,2,2,0
2020-04-08,Los Angeles,037,10098052,12358,7505,13,7518,196
2020-04-08,Madera,039,155013,62,28,1,29,2
2020-04-08,Marin,041,260295,160,125,1,126,7
2020-04-08,Mariposa,043,17540,0,0,0,0,0
2020-04-08,Mendocino,045,87422,6,4,0,4,0
2020-04-08,Merced,047,269075,82,35,0,35,1
2020-04-08,Modoc,049,8938,0,0,0,0,0
2020-04-08,Mono,051,14174,29,19,0,19,1
2020-04-08,Monterey,053,433212,114,68,1,69,3
2020-04-08,Napa,055,140530,44,21,0,21,2
2020-04-08,Nevada,057,99092,36,21,1,22,1
2020-04-08,Orange,059,3164182,1747,1034,13,1047,19
2020-04-08,Placer,061,380077,141,102,0,102,4
2020-04-08,Plumas,063,18699,4,3,0,3,0
2020-04-08,Riverside,065,2383286,2307,974,13,987,28
2020-04-08,Sacramento,067,1510023,840,565,0,565,21
2020-04-08,San Benito,069,59416,37,31,0,31,2
2020-04-08,San Bernardino,071,2135413,1228,635,0,635,22
2020-04-08,San Diego,073,3302833,2149,1532,0,1532,36
2020-04-08,San Francisco,075,870044,1048,687,0,687,7
2020-04-08,San Joaquin,077,732212,363,211,3,214,12
2020-04-08,San Luis Obispo,079,281455,158,90,1,91,1
2020-04-08,San Mateo,081,765935,882,608,2,610,22
2020-04-08,Santa Barbara,083,443738,324,221,1,222,2
2020-04-08,Santa Clara,085,1922200,1824,1257,4,1261,47
2020-04-08,Santa Cruz,087,273765,96,69,0,69,1
2020-04-08,Shasta,089,179085,30,18,0,18,3
2020-04-08,Sierra,091,2930,0,0,0,0,0
2020-04-08,Siskiyou,093,43540,5,4,0,4,0
2020-04-08,Solano,095,438530,174,111,0,111,2
2020-04-08,Sonoma,097,501317,170,107,0,107,1
2020-04-08,Stanislaus,099,539301,201,86,3,89,0
2020-04-08,Sutter,101,95872,22,17,0,17,2
2020-04-08,Tehama,103,63373,1,1,0,1,0
2020-04-08,Trinity,105,12862,0,0,0,0,0
2020-04-08,Tulare,107,460477,363,145,5,150,6
2020-04-08,Tuolumne,109,53932,2,0,0,0,0
2020-04-08,Ventura,111,848112,426,263,0,263,7
2020-04-08,Yolo,113,214977,105,56,0,56,3
2020-04-08,Yuba,115,75493,14,10,0,10,0
2020-04-07,Alameda,001,1643700,989,560,1,561,14
2020-04-07,Alpine,003,1148,1,1,0,1,0
2020-04-07,Amador,005,37829,6,2,0,2,0
2020-04-07,Butte,007,227075,17,11,1,12,0
2020-04-07,Calaveras,009,45235,6,5,0,5,0
2020-04-07,Colusa,011,21464,3,2,0,2,0
2020-04-07,Contra Costa,013,1133247,663,471,0,471,7
2020-04-07,Del Norte,015,27424,2,2,0,2,0
2020-04-07,El Dorado,017,186661,45,22,0,22,0
2020-04-07,Fresno,019,978130,392,138,4,142,3
2020-04-07,Glenn,021,27897,4,2,0,2,0
2020-04-07,Humboldt,023,135768,55,40,0,40,0
2020-04-07,Imperial,025,180216,132,53,0,53,2
2020-04-07,Inyo,027,18085,12,11,0,11,0
2020-04-07,Kern,029,883053,507,134,0,134,2
2020-04-07,Kings,031,150075,40,5,1,6,0
2020-04-07,Lake,033,64148,4,1,0,1,0
2020-04-07,Lassen,035,31185,3,0,2,2,0
2020-04-07,Los Angeles,037,10098052,11709,6885,13,6898,170
2020-04-07,Madera,039,155013,60,28,0,28,2
2020-04-07,Marin,041,260295,158,122,1,123,7
2020-04-07,Mariposa,043,17540,0,0,0,0,0
2020-04-07,Mendocino,045,87422,6,4,0,4,0
2020-04-07,Merced,047,269075,67,27,0,27,1
2020-04-07,Modoc,049,8938,0,0,0,0,0
2020-04-07,Mono,051,14174,28,18,0,18,1
2020-04-07,Monterey,053,433212,106,63,1,64,2
2020-04-07,Napa,055,140530,42,18,0,18,2
2020-04-07,Nevada,057,99092,36,20,1,21,1
2020-04-07,Orange,059,3164182,1700,971,11,982,19
2020-04-07,Placer,061,380077,136,94,0,94,3
2020-04-07,Plumas,063,18699,4,3,0,3,0
2020-04-07,Riverside,065,2383286,2150,905,13,918,25
2020-04-07,Sacramento,067,1510023,810,513,0,513,18
2020-04-07,San Benito,069,59416,37,26,0,26,2
2020-04-07,San Bernardino,071,2135413,1161,554,0,554,19
2020-04-07,San Diego,073,3302833,2072,1456,0,1456,31
2020-04-07,San Francisco,075,870044,988,636,0,636,6
2020-04-07,San Joaquin,077,732212,345,198,3,201,12
2020-04-07,San Luis Obispo,079,281455,151,87,1,88,1
2020-04-07,San Mateo,081,765935,861,573,2,575,22
2020-04-07,Santa Barbara,083,443738,309,209,1,210,2
2020-04-07,Santa Clara,085,1922200,1755,1193,3,1196,46
2020-04-07,Santa Cruz,087,273765,96,67,0,67,1
2020-04-07,Shasta,089,179085,29,16,0,16,3
2020-04-07,Sierra,091,2930,0,0,0,0,0
2020-04-07,Siskiyou,093,43540,5,4,0,4,0
2020-04-07,Solano,095,438530,169,99,0,99,1
2020-04-07,Sonoma,097,501317,167,102,0,102,1
2020-04-07,Stanislaus,099,539301,184,83,3,86,0
2020-04-07,Sutter,101,95872,22,16,0,16,2
2020-04-07,Tehama,103,63373,1,1,0,1,0
2020-04-07,Trinity,105,12862,0,0,0,0,0
2020-04-07,Tulare,107,460477,334,144,5,149,5
2020-04-07,Tuolumne,109,53932,2,1,0,1,0
2020-04-07,Ventura,111,848112,409,247,0,247,6
2020-04-07,Yolo,113,214977,98,51,0,51,2
2020-04-07,Yuba,115,75493,14,10,0,10,0
2020-04-06,Alameda,001,1643700,959,527,1,528,13
2020-04-06,Alpine,003,1148,1,1,0,1,0
2020-04-06,Amador,005,37829,5,2,0,2,0
2020-04-06,Butte,007,227075,16,11,1,12,0
2020-04-06,Calaveras,009,45235,6,4,0,4,0
2020-04-06,Colusa,011,21464,3,1,0,1,0
2020-04-06,Contra Costa,013,1133247,638,447,0,447,7
2020-04-06,Del Norte,015,27424,2,2,0,2,0
2020-04-06,El Dorado,017,186661,43,23,0,23,0
2020-04-06,Fresno,019,978130,370,122,4,126,1
2020-04-06,Glenn,021,27897,4,2,0,2,0
2020-04-06,Humboldt,023,135768,54,37,0,37,0
2020-04-06,Imperial,025,180216,125,47,0,47,1
2020-04-06,Inyo,027,18085,11,11,0,11,0
2020-04-06,Kern,029,883053,470,117,0,117,2
2020-04-06,Kings,031,150075,40,3,1,4,0
2020-04-06,Lake,033,64148,4,1,0,1,0
2020-04-06,Lassen,035,31185,3,0,2,2,0
2020-04-06,Los Angeles,037,10098052,10976,6346,13,6359,145
2020-04-06,Madera,039,155013,58,29,0,29,2
2020-04-06,Marin,041,260295,155,119,1,120,7
2020-04-06,Mariposa,043,17540,0,0,0,0,0
2020-04-06,Mendocino,045,87422,6,4,0,4,0
2020-04-06,Merced,047,269075,60,25,0,25,1
2020-04-06,Modoc,049,8938,0,0,0,0,0
2020-04-06,Mono,051,14174,28,18,0,18,1
2020-04-06,Monterey,053,433212,101,62,1,63,2
2020-04-06,Napa,055,140530,42,18,0,18,2
2020-04-06,Nevada,057,99092,36,19,1,20,1
2020-04-06,Orange,059,3164182,1656,910,10,920,17
2020-04-06,Placer,061,380077,136,90,0,90,3
2020-04-06,Plumas,063,18699,4,2,0,2,0
2020-04-06,Riverside,065,2383286,2024,854,13,867,17
2020-04-06,Sacramento,067,1510023,780,448,0,448,15
2020-04-06,San Benito,069,59416,35,25,0,25,1
2020-04-06,San Bernardino,071,2135413,1102,550,0,550,13
2020-04-06,San Diego,073,3302833,1990,1406,0,1406,19
2020-04-06,San Francisco,075,870044,948,586,0,586,6
2020-04-06,San Joaquin,077,732212,330,191,3,194,10
2020-04-06,San Luis Obispo,079,281455,149,85,1,86,1
2020-04-06,San Mateo,081,765935,843,569,2,571,20
2020-04-06,Santa Barbara,083,443738,299,189,1,190,2
2020-04-06,Santa Clara,085,1922200,1702,1128,3,1131,43
2020-04-06,Santa Cruz,087,273765,94,65,0,65,1
2020-04-06,Shasta,089,179085,29,16,0,16,3
2020-04-06,Sierra,091,2930,0,0,0,0,0
2020-04-06,Siskiyou,093,43540,4,4,0,4,0
2020-04-06,Solano,095,438530,162,95,0,95,1
2020-04-06,Sonoma,097,501317,166,102,0,102,1
2020-04-06,Stanislaus,099,539301,168,72,3,75,0
2020-04-06,Sutter,101,95872,22,14,0,14,2
2020-04-06,Tehama,103,63373,1,1,0,1,0
2020-04-06,Trinity,105,12862,0,0,0,0,0
2020-04-06,Tulare,107,460477,318,126,5,131,5
2020-04-06,Tuolumne,109,53932,2,1,0,1,0
2020-04-06,Ventura,111,848112,391,234,0,234,6
2020-04-06,Yolo,113,214977,94,43,0,43,1
2020-04-06,Yuba,115,75493,14,8,0,8,0
2020-04-05,Alameda,001,1643700,917,475,1,476,12
2020-04-05,Alpine,003,1148,1,1,0,1,0
2020-04-05,Amador,005,37829,5,2,0,2,0
2020-04-05,Butte,007,227075,16,10,1,11,0
2020-04-05,Calaveras,009,45235,6,3,0,3,0
2020-04-05,Colusa,011,21464,3,1,0,1,0
2020-04-05,Contra Costa,013,1133247,621,415,0,415,6
2020-04-05,Del Norte,015,27424,2,1,0,1,0
2020-04-05,El Dorado,017,186661,41,19,0,19,0
2020-04-05,Fresno,019,978130,336,102,4,106,1
2020-04-05,Glenn,021,27897,4,2,0,2,0
2020-04-05,Humboldt,023,135768,54,29,0,29,0
2020-04-05,Imperial,025,180216,117,42,0,42,1
2020-04-05,Inyo,027,18085,11,10,0,10,0
2020-04-05,Kern,029,883053,415,109,0,109,2
2020-04-05,Kings,031,150075,39,4,1,5,0
2020-04-05,Lake,033,64148,4,0,0,0,0
2020-04-05,Lassen,035,31185,3,0,2,2,0
2020-04-05,Los Angeles,037,10098052,10404,5892,13,5905,130
2020-04-05,Madera,039,155013,57,27,0,27,2
2020-04-05,Marin,041,260295,155,113,1,114,6
2020-04-05,Mariposa,043,17540,0,0,0,0,0
2020-04-05,Mendocino,045,87422,6,4,0,4,0
2020-04-05,Merced,047,269075,53,16,0,16,0
2020-04-05,Modoc,049,8938,0,0,0,0,0
2020-04-05,Mono,051,14174,28,18,0,18,1
2020-04-05,Monterey,053,433212,94,61,1,62,2
2020-04-05,Napa,055,140530,40,15,0,15,2
2020-04-05,Nevada,057,99092,36,19,1,20,1
2020-04-05,Orange,059,3164182,1599,820,10,830,15
2020-04-05,Placer,061,380077,133,86,0,86,3
2020-04-05,Plumas,063,18699,3,2,0,2,0
2020-04-05,Riverside,065,2383286,1895,669,13,682,17
2020-04-05,Sacramento,067,1510023,749,393,0,393,11
2020-04-05,San Benito,069,59416,35,22,0,22,1
2020-04-05,San Bernardino,071,2135413,1028,375,0,375,13
2020-04-05,San Diego,073,3302833,1908,1328,0,1328,19
2020-04-05,San Francisco,075,870044,901,559,0,559,6
2020-04-05,San Joaquin,077,732212,315,179,3,182,10
2020-04-05,San Luis Obispo,079,281455,147,83,1,84,1
2020-04-05,San Mateo,081,765935,823,528,2,530,19
2020-04-05,Santa Barbara,083,443738,283,171,1,172,1
2020-04-05,Santa Clara,085,1922200,1654,1052,3,1055,42
2020-04-05,Santa Cruz,087,273765,94,59,0,59,1
2020-04-05,Shasta,089,179085,28,11,0,11,2
2020-04-05,Sierra,091,2930,0,0,0,0,0
2020-04-05,Siskiyou,093,43540,4,3,0,3,0
2020-04-05,Solano,095,438530,158,78,0,78,1
2020-04-05,Sonoma,097,501317,164,88,0,88,1
2020-04-05,Stanislaus,099,539301,154,51,3,54,0
2020-04-05,Sutter,101,95872,22,14,0,14,1
2020-04-05,Tehama,103,63373,1,1,0,1,0
2020-04-05,Trinity,105,12862,0,0,0,0,0
2020-04-05,Tulare,107,460477,281,81,5,86,4
2020-04-05,Tuolumne,109,53932,2,1,0,1,0
2020-04-05,Ventura,111,848112,377,196,0,196,6
2020-04-05,Yolo,113,214977,76,37,0,37,2
2020-04-05,Yuba,115,75493,14,7,0,7,0
2020-04-04,Alameda,001,1643700,894,468,1,469,12
2020-04-04,Alpine,003,1148,1,1,0,1,0
2020-04-04,Amador,005,37829,4,2,0,2,0
2020-04-04,Butte,007,227075,16,10,1,11,0
2020-04-04,Calaveras,009,45235,6,3,0,3,0
2020-04-04,Colusa,011,21464,3,1,0,1,0
2020-04-04,Contra Costa,013,1133247,613,382,0,382,5
2020-04-04,Del Norte,015,27424,2,1,0,1,0
2020-04-04,El Dorado,017,186661,41,19,0,19,0
2020-04-04,Fresno,019,978130,326,102,4,106,1
2020-04-04,Glenn,021,27897,4,2,0,2,0
2020-04-04,Humboldt,023,135768,54,29,0,29,0
2020-04-04,Imperial,025,180216,116,42,0,42,1
2020-04-04,Inyo,027,18085,11,10,0,10,0
2020-04-04,Kern,029,883053,385,103,0,103,2
2020-04-04,Kings,031,150075,39,3,1,4,0
2020-04-04,Lake,033,64148,4,0,0,0,0
2020-04-04,Lassen,035,31185,3,0,2,2,0
2020-04-04,Los Angeles,037,10098052,9788,5275,13,5288,117
2020-04-04,Madera,039,155013,55,27,0,27,2
2020-04-04,Marin,041,260295,153,111,0,111,6
2020-04-04,Mariposa,043,17540,0,0,0,0,0
2020-04-04,Mendocino,045,87422,6,4,0,4,0
2020-04-04,Merced,047,269075,49,11,0,11,0
2020-04-04,Modoc,049,8938,0,0,0,0,0
2020-04-04,Mono,051,14174,28,18,0,18,1
2020-04-04,Monterey,053,433212,90,61,1,62,2
2020-04-04,Napa,055,140530,40,15,0,15,2
2020-04-04,Nevada,057,99092,36,19,1,20,1
2020-04-04,Orange,059,3164182,1557,781,9,790,15
2020-04-04,Placer,061,380077,132,87,0,87,2
2020-04-04,Plumas,063,18699,3,2,0,2,0
2020-04-04,Riverside,065,2383286,1794,652,13,665,15
2020-04-04,Sacramento,067,1510023,731,393,0,393,11
2020-04-04,San Benito,069,59416,35,22,0,22,1
2020-04-04,San Bernardino,071,2135413,980,373,0,373,13
2020-04-04,San Diego,073,3302833,1860,1211,0,1211,18
2020-04-04,San Francisco,075,870044,863,537,0,537,6
2020-04-04,San Joaquin,077,732212,292,171,3,174,10
2020-04-04,San Luis Obispo,079,281455,147,82,1,83,0
2020-04-04,San Mateo,081,765935,812,520,2,522,17
2020-04-04,Santa Barbara,083,443738,274,167,1,168,1
2020-04-04,Santa Clara,085,1922200,1602,1045,3,1048,39
2020-04-04,Santa Cruz,087,273765,94,56,0,56,1
2020-04-04,Shasta,089,179085,27,11,0,11,2
2020-04-04,Sierra,091,2930,0,0,0,0,0
2020-04-04,Siskiyou,093,43540,4,3,0,3,0
2020-04-04,Solano,095,438530,153,79,0,79,1
2020-04-04,Sonoma,097,501317,161,88,0,88,1
2020-04-04,Stanislaus,099,539301,143,51,3,54,0
2020-04-04,Sutter,101,95872,22,14,0,14,1
2020-04-04,Tehama,103,63373,1,1,0,1,0
2020-04-04,Trinity,105,12862,0,0,0,0,0
2020-04-04,Tulare,107,460477,267,79,5,84,4
2020-04-04,Tuolumne,109,53932,2,1,0,1,0
2020-04-04,Ventura,111,848112,364,194,0,194,6
2020-04-04,Yolo,113,214977,74,40,0,40,2
2020-04-04,Yuba,115,75493,13,7,0,7,0
2020-04-03,Alameda,001,1643700,858,395,1,396,11
2020-04-03,Alpine,003,1148,1,1,0,1,0
2020-04-03,Amador,005,37829,4,2,0,2,0
2020-04-03,Butte,007,227075,16,8,1,9,0
2020-04-03,Calaveras,009,45235,6,3,0,3,0
2020-04-03,Colusa,011,21464,3,1,0,1,0
2020-04-03,Contra Costa,013,1133247,590,327,0,327,5
2020-04-03,Del Norte,015,27424,2,1,0,1,0
2020-04-03,El Dorado,017,186661,39,16,0,16,0
2020-04-03,Fresno,019,978130,314,98,4,102,1
2020-04-03,Glenn,021,27897,4,2,0,2,0
2020-04-03,Humboldt,023,135768,54,34,0,34,0
2020-04-03,Imperial,025,180216,107,35,0,35,0
2020-04-03,Inyo,027,18085,11,10,0,10,0
2020-04-03,Kern,029,883053,359,87,0,87,1
2020-04-03,Kings,031,150075,37,3,1,4,0
2020-04-03,Lake,033,64148,3,0,0,0,0
2020-04-03,Lassen,035,31185,3,0,2,2,0
2020-04-03,Los Angeles,037,10098052,9173,4566,13,4579,91
2020-04-03,Madera,039,155013,54,28,0,28,2
2020-04-03,Marin,041,260295,151,106,0,106,6
2020-04-03,Mariposa,043,17540,0,0,0,0,0
2020-04-03,Mendocino,045,87422,6,4,0,4,0
2020-04-03,Merced,047,269075,46,9,0,9,0
2020-04-03,Modoc,049,8938,0,0,0,0,0
2020-04-03,Mono,051,14174,28,18,0,18,1
2020-04-03,Monterey,053,433212,87,58,1,59,2
2020-04-03,Napa,055,140530,39,13,0,13,1
2020-04-03,Nevada,057,99092,36,19,1,20,1
2020-04-03,Orange,059,3164182,1518,713,9,722,13
2020-04-03,Placer,061,380077,128,76,0,76,2
2020-04-03,Plumas,063,18699,3,2,0,2,0
2020-04-03,Riverside,065,2383286,1714,540,13,553,14
2020-04-03,Sacramento,067,1510023,710,363,0,363,11
2020-04-03,San Benito,069,59416,35,22,0,22,1
2020-04-03,San Bernardino,071,2135413,935,356,0,356,11
2020-04-03,San Diego,073,3302833,1800,1114,0,1114,17
2020-04-03,San Francisco,075,870044,839,506,0,506,6
2020-04-03,San Joaquin,077,732212,280,162,3,165,10
2020-04-03,San Luis Obispo,079,281455,146,82,1,83,0
2020-04-03,San Mateo,081,765935,795,474,2,476,13
2020-04-03,Santa Barbara,083,443738,263,154,1,155,1
2020-04-03,Santa Clara,085,1922200,1566,983,3,986,39
2020-04-03,Santa Cruz,087,273765,94,52,0,52,1
2020-04-03,Shasta,089,179085,27,10,0,10,1
2020-04-03,Sierra,091,2930,0,0,0,0,0
2020-04-03,Siskiyou,093,43540,4,3,0,3,0
2020-04-03,Solano,095,438530,145,72,0,72,1
2020-04-03,Sonoma,097,501317,161,84,0,84,1
2020-04-03,Stanislaus,099,539301,137,48,3,51,0
2020-04-03,Sutter,101,95872,22,12,0,12,1
2020-04-03,Tehama,103,63373,1,1,0,1,0
2020-04-03,Trinity,105,12862,0,0,0,0,0
2020-04-03,Tulare,107,460477,253,73,5,78,3
2020-04-03,Tuolumne,109,53932,2,1,0,1,0
2020-04-03,Ventura,111,848112,354,186,0,186,6
2020-04-03,Yolo,113,214977,73,33,0,33,1
2020-04-03,Yuba,115,75493,13,6,0,6,0
2020-04-02,Alameda,001,1643700,807,345,1,346,10
2020-04-02,Alpine,003,1148,1,1,0,1,0
2020-04-02,Amador,005,37829,4,2,0,2,0
2020-04-02,Butte,007,227075,16,7,0,7,0
2020-04-02,Calaveras,009,45235,4,3,0,3,0
2020-04-02,Colusa,011,21464,3,1,0,1,0
2020-04-02,Contra Costa,013,1133247,560,297,0,297,3
2020-04-02,Del Norte,015,27424,2,0,0,0,0
2020-04-02,El Dorado,017,186661,37,16,0,16,0
2020-04-02,Fresno,019,978130,298,92,4,96,0
2020-04-02,Glenn,021,27897,3,2,0,2,0
2020-04-02,Humboldt,023,135768,50,23,0,23,0
2020-04-02,Imperial,025,180216,103,24,0,24,0
2020-04-02,Inyo,027,18085,10,8,0,8,0
2020-04-02,Kern,029,883053,332,74,0,74,0
2020-04-02,Kings,031,150075,37,3,1,4,0
2020-04-02,Lake,033,64148,3,0,0,0,0
2020-04-02,Lassen,035,31185,3,0,2,2,0
2020-04-02,Los Angeles,037,10098052,8341,4040,13,4053,79
2020-04-02,Madera,039,155013,52,25,0,25,1
2020-04-02,Marin,041,260295,145,102,0,102,1
2020-04-02,Mariposa,043,17540,0,0,0,0,0
2020-04-02,Mendocino,045,87422,6,4,0,4,0
2020-04-02,Merced,047,269075,41,9,0,9,0
2020-04-02,Modoc,049,8938,0,0,0,0,0
2020-04-02,Mono,051,14174,28,16,0,16,1
2020-04-02,Monterey,053,433212,85,50,1,51,2
2020-04-02,Napa,055,140530,39,13,0,13,0
2020-04-02,Nevada,057,99092,35,17,1,18,0
2020-04-02,Orange,059,3164182,1466,640,8,648,12
2020-04-02,Placer,061,380077,127,72,0,72,2
2020-04-02,Plumas,063,18699,3,1,0,1,0
2020-04-02,Riverside,065,2383286,1597,438,13,451,13
2020-04-02,Sacramento,067,1510023,692,322,0,322,9
2020-04-02,San Benito,069,59416,33,18,0,18,1
2020-04-02,San Bernardino,071,2135413,880,335,0,335,8
2020-04-02,San Diego,073,3302833,1733,968,0,968,16
2020-04-02,San Francisco,075,870044,812,473,0,473,6
2020-04-02,San Joaquin,077,732212,261,148,3,151,9
2020-04-02,San Luis Obispo,079,281455,141,79,1,80,0
2020-04-02,San Mateo,081,765935,774,423,2,425,13
2020-04-02,Santa Barbara,083,443738,252,125,1,126,1
2020-04-02,Santa Clara,085,1922200,1515,908,3,911,38
2020-04-02,Santa Cruz,087,273765,92,49,0,49,1
2020-04-02,Shasta,089,179085,26,7,0,7,1
2020-04-02,Sierra,091,2930,0,0,0,0,0
2020-04-02,Siskiyou,093,43540,4,3,0,3,0
2020-04-02,Solano,095,438530,135,65,0,65,0
2020-04-02,Sonoma,097,501317,157,76,0,76,1
2020-04-02,Stanislaus,099,539301,126,40,3,43,0
2020-04-02,Sutter,101,95872,21,10,0,10,1
2020-04-02,Tehama,103,63373,1,1,0,1,0
2020-04-02,Trinity,105,12862,0,0,0,0,0
2020-04-02,Tulare,107,460477,219,64,5,69,1
2020-04-02,Tuolumne,109,53932,2,1,0,1,0
2020-04-02,Ventura,111,848112,336,178,0,178,5
2020-04-02,Yolo,113,214977,71,29,0,29,1
2020-04-02,Yuba,115,75493,10,5,0,5,0
2020-04-01,Alameda,001,1643700,780,287,1,288,8
2020-04-01,Alpine,003,1148,1,1,0,1,0
2020-04-01,Amador,005,37829,4,1,0,1,0
2020-04-01,Butte,007,227075,16,6,0,6,0
2020-04-01,Calaveras,009,45235,3,3,0,3,0
2020-04-01,Colusa,011,21464,3,1,0,1,0
2020-04-01,Contra Costa,013,1133247,516,267,0,267,3
2020-04-01,Del Norte,015,27424,2,0,0,0,0
2020-04-01,El Dorado,017,186661,36,14,0,14,0
2020-04-01,Fresno,019,978130,276,75,3,78,0
2020-04-01,Glenn,021,27897,3,2,0,2,0
2020-04-01,Humboldt,023,135768,50,19,0,19,0
2020-04-01,Imperial,025,180216,96,25,0,25,0
2020-04-01,Inyo,027,18085,10,8,0,8,0
2020-04-01,Kern,029,883053,305,53,0,53,0
2020-04-01,Kings,031,150075,35,3,1,4,0
2020-04-01,Lake,033,64148,3,0,0,0,0
2020-04-01,Lassen,035,31185,3,0,2,2,0
2020-04-01,Los Angeles,037,10098052,7691,3502,13,3515,66
2020-04-01,Madera,039,155013,50,17,0,17,1
2020-04-01,Marin,041,260295,141,87,0,87,1
2020-04-01,Mariposa,043,17540,0,0,0,0,0
2020-04-01,Mendocino,045,87422,6,4,0,4,0
2020-04-01,Merced,047,269075,38,7,0,7,0
2020-04-01,Modoc,049,8938,0,0,0,0,0
2020-04-01,Mono,051,14174,28,12,0,12,1
2020-04-01,Monterey,053,433212,84,47,1,48,2
2020-04-01,Napa,055,140530,36,11,0,11,0
2020-04-01,Nevada,057,99092,35,15,1,16,0
2020-04-01,Orange,059,3164182,1414,579,8,587,11
2020-04-01,Placer,061,380077,125,52,0,52,2
2020-04-01,Plumas,063,18699,3,1,0,1,0
2020-04-01,Riverside,065,2383286,1429,306,12,318,11
2020-04-01,Sacramento,067,1510023,659,299,0,299,8
2020-04-01,San Benito,069,59416,30,14,0,14,1
2020-04-01,San Bernardino,071,2135413,831,245,0,245,5
2020-04-01,San Diego,073,3302833,1663,851,0,851,11
2020-04-01,San Francisco,075,870044,784,432,0,432,6
2020-04-01,San Joaquin,077,732212,250,132,3,135,8
2020-04-01,San Luis Obispo,079,281455,135,69,1,70,0
2020-04-01,San Mateo,081,765935,756,354,2,356,13
2020-04-01,Santa Barbara,083,443738,239,103,1,104,0
2020-04-01,Santa Clara,085,1922200,1473,805,3,808,33
2020-04-01,Santa Cruz,087,273765,87,44,0,44,1
2020-04-01,Shasta,089,179085,25,5,0,5,1
2020-04-01,Sierra,091,2930,0,0,0,0,0
2020-04-01,Siskiyou,093,43540,4,3,0,3,0
2020-04-01,Solano,095,438530,130,57,0,57,0
2020-04-01,Sonoma,097,501317,153,60,0,60,1
2020-04-01,Stanislaus,099,539301,115,29,3,32,0
2020-04-01,Sutter,101,95872,21,9,0,9,1
2020-04-01,Tehama,103,63373,1,0,0,0,0
2020-04-01,Trinity,105,12862,0,0,0,0,0
2020-04-01,Tulare,107,460477,181,43,5,48,1
2020-04-01,Tuolumne,109,53932,2,1,0,1,0
2020-04-01,Ventura,111,848112,323,154,0,154,5
2020-04-01,Yolo,113,214977,66,22,0,22,1
2020-04-01,Yuba,115,75493,9,5,0,5,0
2020-03-31,Alameda,001,1643700,712,269,1,270,7
2020-03-31,Alpine,003,1148,1,1,0,1,0
2020-03-31,Amador,005,37829,4,1,0,1,0
2020-03-31,Butte,007,227075,16,6,0,6,0
2020-03-31,Calaveras,009,45235,3,3,0,3,0
2020-03-31,Colusa,011,21464,3,1,0,1,0
2020-03-31,Contra Costa,013,1133247,491,246,0,246,3
2020-03-31,Del Norte,015,27424,1,0,0,0,0
2020-03-31,El Dorado,017,186661,32,14,0,14,0
2020-03-31,Fresno,019,978130,251,59,3,62,0
2020-03-31,Glenn,021,27897,3,2,0,2,0
2020-03-31,Humboldt,023,135768,50,18,0,18,0
2020-03-31,Imperial,025,180216,91,17,0,17,0
2020-03-31,Inyo,027,18085,10,8,0,8,0
2020-03-31,Kern,029,883053,281,47,0,47,0
2020-03-31,Kings,031,150075,33,2,1,3,0
2020-03-31,Lake,033,64148,1,0,0,0,0
2020-03-31,Lassen,035,31185,3,0,2,2,0
2020-03-31,Los Angeles,037,10098052,7026,3001,13,3014,53
2020-03-31,Madera,039,155013,49,17,0,17,1
2020-03-31,Marin,041,260295,132,85,0,85,1
2020-03-31,Mariposa,043,17540,0,0,0,0,0
2020-03-31,Mendocino,045,87422,6,4,0,4,0
2020-03-31,Merced,047,269075,33,6,0,6,0
2020-03-31,Modoc,049,8938,0,0,0,0,0
2020-03-31,Mono,051,14174,26,12,0,12,0
2020-03-31,Monterey,053,433212,82,43,1,44,2
2020-03-31,Napa,055,140530,35,9,0,9,0
2020-03-31,Nevada,057,99092,35,15,1,16,0
2020-03-31,Orange,059,3164182,1344,506,8,514,7
2020-03-31,Placer,061,380077,118,49,0,49,2
2020-03-31,Plumas,063,18699,1,0,0,0,0
2020-03-31,Riverside,065,2383286,1283,284,12,296,8
2020-03-31,Sacramento,067,1510023,607,271,0,271,8
2020-03-31,San Benito,069,59416,30,14,0,14,1
2020-03-31,San Bernardino,071,2135413,746,193,0,193,5
2020-03-31,San Diego,073,3302833,1581,736,0,736,9
2020-03-31,San Francisco,075,870044,749,404,0,404,5
2020-03-31,San Joaquin,077,732212,234,122,3,125,7
2020-03-31,San Luis Obispo,079,281455,131,67,1,68,0
2020-03-31,San Mateo,081,765935,737,297,2,299,12
2020-03-31,Santa Barbara,083,443738,224,89,1,90,0
2020-03-31,Santa Clara,085,1922200,1423,777,3,780,30
2020-03-31,Santa Cruz,087,273765,80,40,0,40,1
2020-03-31,Shasta,089,179085,22,5,0,5,1
2020-03-31,Sierra,091,2930,0,0,0,0,0
2020-03-31,Siskiyou,093,43540,4,3,0,3,0
2020-03-31,Solano,095,438530,116,56,0,56,0
2020-03-31,Sonoma,097,501317,148,58,0,58,1
2020-03-31,Stanislaus,099,539301,100,28,3,31,0
2020-03-31,Sutter,101,95872,21,8,0,8,0
2020-03-31,Tehama,103,63373,1,0,0,0,0
2020-03-31,Trinity,105,12862,0,0,0,0,0
2020-03-31,Tulare,107,460477,158,42,4,46,1
2020-03-31,Tuolumne,109,53932,2,1,0,1,0
2020-03-31,Ventura,111,848112,312,143,0,143,4
2020-03-31,Yolo,113,214977,59,21,0,21,1
2020-03-31,Yuba,115,75493,9,5,0,5,0
2020-03-30,Alameda,001,1643700,672,250,1,251,7
2020-03-30,Alpine,003,1148,1,1,0,1,0
2020-03-30,Amador,005,37829,4,1,0,1,0
2020-03-30,Butte,007,227075,14,5,0,5,0
2020-03-30,Calaveras,009,45235,3,3,0,3,0
2020-03-30,Colusa,011,21464,3,1,0,1,0
2020-03-30,Contra Costa,013,1133247,465,212,0,212,3
2020-03-30,Del Norte,015,27424,0,0,0,0,0
2020-03-30,El Dorado,017,186661,32,11,0,11,0
2020-03-30,Fresno,019,978130,226,46,3,49,0
2020-03-30,Glenn,021,27897,3,2,0,2,0
2020-03-30,Humboldt,023,135768,48,11,0,11,0
2020-03-30,Imperial,025,180216,88,9,0,9,0
2020-03-30,Inyo,027,18085,10,5,0,5,0
2020-03-30,Kern,029,883053,248,30,0,30,0
2020-03-30,Kings,031,150075,33,1,1,2,0
2020-03-30,Lake,033,64148,1,0,0,0,0
2020-03-30,Lassen,035,31185,3,0,1,1,0
2020-03-30,Los Angeles,037,10098052,6371,2467,13,2480,44
2020-03-30,Madera,039,155013,48,14,0,14,1
2020-03-30,Marin,041,260295,125,78,0,78,0
2020-03-30,Mariposa,043,17540,0,0,0,0,0
2020-03-30,Mendocino,045,87422,5,2,0,2,0
2020-03-30,Merced,047,269075,29,6,0,6,0
2020-03-30,Modoc,049,8938,0,0,0,0,0
2020-03-30,Mono,051,14174,26,11,0,11,0
2020-03-30,Monterey,053,433212,77,41,1,42,1
2020-03-30,Napa,055,140530,34,9,0,9,0
2020-03-30,Nevada,057,99092,34,14,1,15,0
2020-03-30,Orange,059,3164182,1278,418,8,426,5
2020-03-30,Placer,061,380077,115,44,0,44,2
2020-03-30,Plumas,063,18699,1,0,0,0,0
2020-03-30,Riverside,065,2383286,1203,204,12,216,7
2020-03-30,Sacramento,067,1510023,583,238,0,238,8
2020-03-30,San Benito,069,59416,30,11,0,11,1
2020-03-30,San Bernardino,071,2135413,702,145,0,145,4
2020-03-30,San Diego,073,3302833,1511,605,0,605,7
2020-03-30,San Francisco,075,870044,709,368,0,368,5
2020-03-30,San Joaquin,077,732212,227,112,3,115,5
2020-03-30,San Luis Obispo,079,281455,128,62,1,63,0
2020-03-30,San Mateo,081,765935,713,257,2,259,11
2020-03-30,Santa Barbara,083,443738,215,79,1,80,0
2020-03-30,Santa Clara,085,1922200,1392,745,3,748,31
2020-03-30,Santa Cruz,087,273765,77,36,0,36,1
2020-03-30,Shasta,089,179085,21,4,0,4,1
2020-03-30,Sierra,091,2930,0,0,0,0,0
2020-03-30,Siskiyou,093,43540,4,2,0,2,0
2020-03-30,Solano,095,438530,110,50,0,50,0
2020-03-30,Sonoma,097,501317,145,57,0,57,1
2020-03-30,Stanislaus,099,539301,93,28,3,31,0
2020-03-30,Sutter,101,95872,20,6,0,6,0
2020-03-30,Tehama,103,63373,1,0,0,0,0
2020-03-30,Trinity,105,12862,0,0,0,0,0
2020-03-30,Tulare,107,460477,146,40,3,43,1
2020-03-30,Tuolumne,109,53932,2,1,0,1,0
2020-03-30,Ventura,111,848112,301,118,0,118,2
2020-03-30,Yolo,113,214977,56,17,0,17,1
2020-03-30,Yuba,115,75493,8,5,0,5,0
2020-03-29,Alameda,001,1643700,638,207,1,208,6
2020-03-29,Alpine,003,1148,1,0,0,0,0
2020-03-29,Amador,005,37829,4,1,0,1,0
2020-03-29,Butte,007,227075,14,4,0,4,0
2020-03-29,Calaveras,009,45235,3,2,0,2,0
2020-03-29,Colusa,011,21464,3,1,0,1,0
2020-03-29,Contra Costa,013,1133247,435,187,0,187,3
2020-03-29,Del Norte,015,27424,0,0,0,0,0
2020-03-29,El Dorado,017,186661,31,9,0,9,0
2020-03-29,Fresno,019,978130,202,31,3,34,0
2020-03-29,Glenn,021,27897,2,1,0,1,0
2020-03-29,Humboldt,023,135768,45,9,0,9,0
2020-03-29,Imperial,025,180216,82,9,0,9,0
2020-03-29,Inyo,027,18085,9,0,0,0,0
2020-03-29,Kern,029,883053,230,20,0,20,0
2020-03-29,Kings,031,150075,30,1,1,2,0
2020-03-29,Lake,033,64148,0,0,0,0,0
2020-03-29,Lassen,035,31185,3,0,1,1,0
2020-03-29,Los Angeles,037,10098052,5726,2119,13,2132,37
2020-03-29,Madera,039,155013,43,11,0,11,1
2020-03-29,Marin,041,260295,120,60,0,60,0
2020-03-29,Mariposa,043,17540,0,0,0,0,0
2020-03-29,Mendocino,045,87422,5,2,0,2,0
2020-03-29,Merced,047,269075,28,4,0,4,0
2020-03-29,Modoc,049,8938,0,0,0,0,0
2020-03-29,Mono,051,14174,26,8,0,8,0
2020-03-29,Monterey,053,433212,72,36,1,37,1
2020-03-29,Napa,055,140530,32,5,0,5,0
2020-03-29,Nevada,057,99092,32,13,1,14,0
2020-03-29,Orange,059,3164182,1205,343,8,351,2
2020-03-29,Placer,061,380077,114,35,0,35,2
2020-03-29,Plumas,063,18699,1,0,0,0,0
2020-03-29,Riverside,065,2383286,1079,122,12,134,7
2020-03-29,Sacramento,067,1510023,543,217,0,217,7
2020-03-29,San Benito,069,59416,29,10,0,10,1
2020-03-29,San Bernardino,071,2135413,650,94,0,94,2
2020-03-29,San Diego,073,3302833,1439,521,0,521,7
2020-03-29,San Francisco,075,870044,665,333,0,333,5
2020-03-29,San Joaquin,077,732212,218,86,3,89,4
2020-03-29,San Luis Obispo,079,281455,121,55,0,55,0
2020-03-29,San Mateo,081,765935,688,234,2,236,12
2020-03-29,Santa Barbara,083,443738,207,52,1,53,0
2020-03-29,Santa Clara,085,1922200,1335,591,3,594,30
2020-03-29,Santa Cruz,087,273765,77,33,0,33,1
2020-03-29,Shasta,089,179085,20,4,0,4,1
2020-03-29,Sierra,091,2930,0,0,0,0,0
2020-03-29,Siskiyou,093,43540,4,2,0,2,0
2020-03-29,Solano,095,438530,102,48,0,48,0
2020-03-29,Sonoma,097,501317,143,35,0,35,1
2020-03-29,Stanislaus,099,539301,88,19,3,22,0
2020-03-29,Sutter,101,95872,17,6,0,6,0
2020-03-29,Tehama,103,63373,1,0,0,0,0
2020-03-29,Trinity,105,12862,0,0,0,0,0
2020-03-29,Tulare,107,460477,121,24,3,27,1
2020-03-29,Tuolumne,109,53932,1,1,0,1,0
2020-03-29,Ventura,111,848112,274,92,0,92,2
2020-03-29,Yolo,113,214977,51,13,0,13,1
2020-03-29,Yuba,115,75493,8,3,0,3,0
2020-03-28,Alameda,001,1643700,611,410,1,411,12
2020-03-28,Alpine,003,1148,1,0,0,0,0
2020-03-28,Amador,005,37829,4,2,0,2,0
2020-03-28,Butte,007,227075,14,8,0,8,0
2020-03-28,Calaveras,009,45235,3,4,0,4,0
2020-03-28,Colusa,011,21464,3,2,0,2,0
2020-03-28,Contra Costa,013,1133247,412,350,0,350,4
2020-03-28,Del Norte,015,27424,0,0,0,0,0
2020-03-28,El Dorado,017,186661,30,18,0,18,0
2020-03-28,Fresno,019,978130,192,62,3,65,0
2020-03-28,Glenn,021,27897,2,2,0,2,0
2020-03-28,Humboldt,023,135768,45,18,0,18,0
2020-03-28,Imperial,025,180216,77,18,0,18,0
2020-03-28,Inyo,027,18085,9,0,0,0,0
2020-03-28,Kern,029,883053,213,40,0,40,0
2020-03-28,Kings,031,150075,29,2,1,3,0
2020-03-28,Lake,033,64148,0,0,0,0,0
2020-03-28,Lassen,035,31185,3,0,1,1,0
2020-03-28,Los Angeles,037,10098052,5339,3600,12,3612,64
2020-03-28,Madera,039,155013,43,22,0,22,2
2020-03-28,Marin,041,260295,115,116,0,116,0
2020-03-28,Mariposa,043,17540,0,0,0,0,0
2020-03-28,Mendocino,045,87422,5,4,0,4,0
2020-03-28,Merced,047,269075,27,8,0,8,0
2020-03-28,Modoc,049,8938,0,0,0,0,0
2020-03-28,Mono,051,14174,24,12,0,12,0
2020-03-28,Monterey,053,433212,71,64,1,65,2
2020-03-28,Napa,055,140530,27,10,0,10,0
2020-03-28,Nevada,057,99092,32,22,1,23,0
2020-03-28,Orange,059,3164182,1169,656,8,664,4
2020-03-28,Placer,061,380077,109,70,0,70,2
2020-03-28,Plumas,063,18699,1,0,0,0,0
2020-03-28,Riverside,065,2383286,1011,242,12,254,14
2020-03-28,Sacramento,067,1510023,525,406,0,406,14
2020-03-28,San Benito,069,59416,29,20,0,20,2
2020-03-28,San Bernardino,071,2135413,602,162,0,162,4
2020-03-28,San Diego,073,3302833,1380,980,0,980,14
2020-03-28,San Francisco,075,870044,641,600,0,600,6
2020-03-28,San Joaquin,077,732212,210,166,3,169,8
2020-03-28,San Luis Obispo,079,281455,119,104,0,104,0
2020-03-28,San Mateo,081,765935,668,462,2,464,17
2020-03-28,Santa Barbara,083,443738,197,98,1,99,0
2020-03-28,Santa Clara,085,1922200,1316,1174,3,1177,54
2020-03-28,Santa Cruz,087,273765,76,62,0,62,0
2020-03-28,Shasta,089,179085,20,8,0,8,2
2020-03-28,Sierra,091,2930,0,0,0,0,0
2020-03-28,Siskiyou,093,43540,4,4,0,4,0
2020-03-28,Solano,095,438530,98,96,0,96,0
2020-03-28,Sonoma,097,501317,141,70,0,70,2
2020-03-28,Stanislaus,099,539301,83,34,3,37,0
2020-03-28,Sutter,101,95872,17,6,0,6,0
2020-03-28,Tehama,103,63373,1,0,0,0,0
2020-03-28,Trinity,105,12862,0,0,0,0,0
2020-03-28,Tulare,107,460477,114,46,3,49,0
2020-03-28,Tuolumne,109,53932,1,2,0,2,0
2020-03-28,Ventura,111,848112,270,178,0,178,4
2020-03-28,Yolo,113,214977,50,26,0,26,2
2020-03-28,Yuba,115,75493,8,6,0,6,0
2020-03-27,Alameda,001,1643700,593,185,1,186,4
2020-03-27,Alpine,003,1148,1,0,0,0,0
2020-03-27,Amador,005,37829,3,1,0,1,0
2020-03-27,Butte,007,227075,12,4,0,4,0
2020-03-27,Calaveras,009,45235,3,2,0,2,0
2020-03-27,Colusa,011,21464,3,0,0,0,0
2020-03-27,Contra Costa,013,1133247,391,161,0,161,2
2020-03-27,Del Norte,015,27424,0,0,0,0,0
2020-03-27,El Dorado,017,186661,28,9,0,9,0
2020-03-27,Fresno,019,978130,180,29,2,31,0
2020-03-27,Glenn,021,27897,2,0,0,0,0
2020-03-27,Humboldt,023,135768,41,9,0,9,0
2020-03-27,Imperial,025,180216,72,9,0,9,0
2020-03-27,Inyo,027,18085,9,0,0,0,0
2020-03-27,Kern,029,883053,200,20,0,20,0
2020-03-27,Kings,031,150075,28,0,1,1,0
2020-03-27,Lake,033,64148,0,0,0,0,0
2020-03-27,Lassen,035,31185,3,0,1,1,0
2020-03-27,Los Angeles,037,10098052,4928,1474,12,1486,26
2020-03-27,Madera,039,155013,41,10,0,10,1
2020-03-27,Marin,041,260295,110,58,0,58,0
2020-03-27,Mariposa,043,17540,0,0,0,0,0
2020-03-27,Mendocino,045,87422,5,2,0,2,0
2020-03-27,Merced,047,269075,26,3,0,3,0
2020-03-27,Modoc,049,8938,0,0,0,0,0
2020-03-27,Mono,051,14174,24,6,0,6,0
2020-03-27,Monterey,053,433212,68,26,1,27,1
2020-03-27,Napa,055,140530,27,5,0,5,0
2020-03-27,Nevada,057,99092,32,6,1,7,0
2020-03-27,Orange,059,3164182,1119,299,8,307,2
2020-03-27,Placer,061,380077,106,33,0,33,1
2020-03-27,Plumas,063,18699,0,0,0,0,0
2020-03-27,Riverside,065,2383286,955,121,12,133,7
2020-03-27,Sacramento,067,1510023,502,163,0,163,6
2020-03-27,San Benito,069,59416,28,9,0,9,1
2020-03-27,San Bernardino,071,2135413,512,77,0,77,2
2020-03-27,San Diego,073,3302833,1323,419,0,419,5
2020-03-27,San Francisco,075,870044,616,285,0,285,2
2020-03-27,San Joaquin,077,732212,199,73,3,76,3
2020-03-27,San Luis Obispo,079,281455,117,46,0,46,0
2020-03-27,San Mateo,081,765935,642,213,2,215,7
2020-03-27,Santa Barbara,083,443738,183,37,1,38,0
2020-03-27,Santa Clara,085,1922200,1278,557,3,560,25
2020-03-27,Santa Cruz,087,273765,75,31,0,31,0
2020-03-27,Shasta,089,179085,17,3,0,3,1
2020-03-27,Sierra,091,2930,0,0,0,0,0
2020-03-27,Siskiyou,093,43540,4,2,0,2,0
2020-03-27,Solano,095,438530,92,48,0,48,0
2020-03-27,Sonoma,097,501317,133,35,0,35,1
2020-03-27,Stanislaus,099,539301,81,16,3,19,0
2020-03-27,Sutter,101,95872,16,2,0,2,0
2020-03-27,Tehama,103,63373,1,0,0,0,0
2020-03-27,Trinity,105,12862,0,0,0,0,0
2020-03-27,Tulare,107,460477,106,15,3,18,0
2020-03-27,Tuolumne,109,53932,1,1,0,1,0
2020-03-27,Ventura,111,848112,261,80,0,80,2
2020-03-27,Yolo,113,214977,49,13,0,13,1
2020-03-27,Yuba,115,75493,7,3,0,3,0
2020-03-26,Alameda,001,1643700,553,172,1,173,4
2020-03-26,Alpine,003,1148,1,0,0,0,0
2020-03-26,Amador,005,37829,3,1,0,1,0
2020-03-26,Butte,007,227075,12,4,0,4,0
2020-03-26,Calaveras,009,45235,3,2,0,2,0
2020-03-26,Colusa,011,21464,3,0,0,0,0
2020-03-26,Contra Costa,013,1133247,381,147,0,147,2
2020-03-26,Del Norte,015,27424,0,0,0,0,0
2020-03-26,El Dorado,017,186661,26,7,0,7,0
2020-03-26,Fresno,019,978130,171,25,2,27,0
2020-03-26,Glenn,021,27897,2,0,0,0,0
2020-03-26,Humboldt,023,135768,37,8,0,8,0
2020-03-26,Imperial,025,180216,68,8,0,8,0
2020-03-26,Inyo,027,18085,8,0,0,0,0
2020-03-26,Kern,029,883053,184,20,0,20,0
2020-03-26,Kings,031,150075,28,0,1,1,0
2020-03-26,Lake,033,64148,0,0,0,0,0
2020-03-26,Lassen,035,31185,3,0,1,1,0
2020-03-26,Los Angeles,037,10098052,4525,1075,12,1087,19
2020-03-26,Madera,039,155013,39,8,0,8,0
2020-03-26,Marin,041,260295,101,56,0,56,0
2020-03-26,Mariposa,043,17540,0,0,0,0,0
2020-03-26,Mendocino,045,87422,4,1,0,1,0
2020-03-26,Merced,047,269075,23,1,0,1,0
2020-03-26,Modoc,049,8938,0,0,0,0,0
2020-03-26,Mono,051,14174,23,5,0,5,0
2020-03-26,Monterey,053,433212,65,25,1,26,1
2020-03-26,Napa,055,140530,26,5,0,5,0
2020-03-26,Nevada,057,99092,32,7,1,8,0
2020-03-26,Orange,059,3164182,1057,279,8,287,1
2020-03-26,Placer,061,380077,103,34,0,34,1
2020-03-26,Plumas,063,18699,0,0,0,0,0
2020-03-26,Riverside,065,2383286,884,118,12,130,7
2020-03-26,Sacramento,067,1510023,469,147,0,147,5
2020-03-26,San Benito,069,59416,28,8,0,8,1
2020-03-26,San Bernardino,071,2135413,446,57,0,57,1
2020-03-26,San Diego,073,3302833,1256,299,0,299,2
2020-03-26,San Francisco,075,870044,589,261,0,261,1
2020-03-26,San Joaquin,077,732212,188,69,3,72,3
2020-03-26,San Luis Obispo,079,281455,112,38,0,38,0
2020-03-26,San Mateo,081,765935,608,122,2,124,5
2020-03-26,Santa Barbara,083,443738,170,33,1,34,0
2020-03-26,Santa Clara,085,1922200,1233,487,2,489,20
2020-03-26,Santa Cruz,087,273765,71,30,0,30,0
2020-03-26,Shasta,089,179085,17,3,0,3,1
2020-03-26,Sierra,091,2930,0,0,0,0,0
2020-03-26,Siskiyou,093,43540,4,2,0,2,0
2020-03-26,Solano,095,438530,84,41,0,41,0
2020-03-26,Sonoma,097,501317,128,33,0,33,1
2020-03-26,Stanislaus,099,539301,79,15,3,18,0
2020-03-26,Sutter,101,95872,12,2,0,2,0
2020-03-26,Tehama,103,63373,1,0,0,0,0
2020-03-26,Trinity,105,12862,0,0,0,0,0
2020-03-26,Tulare,107,460477,97,15,3,18,0
2020-03-26,Tuolumne,109,53932,1,0,0,0,0
2020-03-26,Ventura,111,848112,245,70,0,70,1
2020-03-26,Yolo,113,214977,45,13,0,13,1
2020-03-26,Yuba,115,75493,7,3,0,3,0
2020-03-25,Alameda,001,1643700,532,134,1,135,3
2020-03-25,Alpine,003,1148,1,0,0,0,0
2020-03-25,Amador,005,37829,3,1,0,1,0
2020-03-25,Butte,007,227075,12,4,0,4,0
2020-03-25,Calaveras,009,45235,3,2,0,2,0
2020-03-25,Colusa,011,21464,2,0,0,0,0
2020-03-25,Contra Costa,013,1133247,367,131,0,131,1
2020-03-25,Del Norte,015,27424,0,0,0,0,0
2020-03-25,El Dorado,017,186661,26,5,0,5,0
2020-03-25,Fresno,019,978130,151,21,2,23,0
2020-03-25,Glenn,021,27897,2,0,0,0,0
2020-03-25,Humboldt,023,135768,34,3,0,3,0
2020-03-25,Imperial,025,180216,60,8,0,8,0
2020-03-25,Inyo,027,18085,5,0,0,0,0
2020-03-25,Kern,029,883053,164,13,0,13,0
2020-03-25,Kings,031,150075,26,0,1,1,0
2020-03-25,Lake,033,64148,0,0,0,0,0
2020-03-25,Lassen,035,31185,3,0,1,1,0
2020-03-25,Los Angeles,037,10098052,4130,725,12,737,10
2020-03-25,Madera,039,155013,37,6,0,6,0
2020-03-25,Marin,041,260295,95,47,0,47,0
2020-03-25,Mariposa,043,17540,0,0,0,0,0
2020-03-25,Mendocino,045,87422,3,1,0,1,0
2020-03-25,Merced,047,269075,19,0,0,0,0
2020-03-25,Modoc,049,8938,0,0,0,0,0
2020-03-25,Mono,051,14174,22,4,0,4,0
2020-03-25,Monterey,053,433212,62,23,1,24,1
2020-03-25,Napa,055,140530,26,5,0,5,0
2020-03-25,Nevada,057,99092,31,5,1,6,0
2020-03-25,Orange,059,3164182,999,214,8,222,1
2020-03-25,Placer,061,380077,97,30,0,30,1
2020-03-25,Plumas,063,18699,0,1,0,1,0
2020-03-25,Riverside,065,2383286,813,87,12,99,5
2020-03-25,Sacramento,067,1510023,443,114,0,114,5
2020-03-25,San Benito,069,59416,27,4,0,4,1
2020-03-25,San Bernardino,071,2135413,407,46,0,46,1
2020-03-25,San Diego,073,3302833,1194,238,0,238,2
2020-03-25,San Francisco,075,870044,548,212,0,212,1
2020-03-25,San Joaquin,077,732212,175,64,3,67,2
2020-03-25,San Luis Obispo,079,281455,107,35,0,35,0
2020-03-25,San Mateo,081,765935,573,111,2,113,5
2020-03-25,Santa Barbara,083,443738,160,25,1,26,0
2020-03-25,Santa Clara,085,1922200,1189,452,2,454,20
2020-03-25,Santa Cruz,087,273765,68,26,0,26,0
2020-03-25,Shasta,089,179085,16,3,0,3,1
2020-03-25,Sierra,091,2930,0,0,0,0,0
2020-03-25,Siskiyou,093,43540,4,2,0,2,0
2020-03-25,Solano,095,438530,79,39,0,39,0
2020-03-25,Sonoma,097,501317,123,31,0,31,1
2020-03-25,Stanislaus,099,539301,72,14,3,17,0
2020-03-25,Sutter,101,95872,9,1,0,1,0
2020-03-25,Tehama,103,63373,1,0,0,0,0
2020-03-25,Trinity,105,12862,0,0,0,0,0
2020-03-25,Tulare,107,460477,87,11,3,14,0
2020-03-25,Tuolumne,109,53932,1,0,0,0,0
2020-03-25,Ventura,111,848112,229,53,0,53,1
2020-03-25,Yolo,113,214977,43,9,0,9,1
2020-03-25,Yuba,115,75493,7,2,0,2,0
2020-03-24,Alameda,001,1643700,499,96,1,97,2
2020-03-24,Alpine,003,1148,1,0,0,0,0
2020-03-24,Amador,005,37829,1,1,0,1,0
2020-03-24,Butte,007,227075,11,3,0,3,0
2020-03-24,Calaveras,009,45235,2,2,0,2,0
2020-03-24,Colusa,011,21464,2,0,0,0,0
2020-03-24,Contra Costa,013,1133247,353,108,0,108,1
2020-03-24,Del Norte,015,27424,0,0,0,0,0
2020-03-24,El Dorado,017,186661,26,3,0,3,0
2020-03-24,Fresno,019,978130,132,18,2,20,0
2020-03-24,Glenn,021,27897,2,0,0,0,0
2020-03-24,Humboldt,023,135768,32,2,0,2,0
2020-03-24,Imperial,025,180216,57,3,0,3,0
2020-03-24,Inyo,027,18085,5,0,0,0,0
2020-03-24,Kern,029,883053,144,5,0,5,0
2020-03-24,Kings,031,150075,25,0,1,1,0
2020-03-24,Lake,033,64148,0,0,0,0,0
2020-03-24,Lassen,035,31185,3,0,1,1,0
2020-03-24,Los Angeles,037,10098052,3678,633,12,645,7
2020-03-24,Madera,039,155013,36,6,0,6,0
2020-03-24,Marin,041,260295,84,44,0,44,0
2020-03-24,Mariposa,043,17540,0,0,0,0,0
2020-03-24,Mendocino,045,87422,3,1,0,1,0
2020-03-24,Merced,047,269075,17,0,0,0,0
2020-03-24,Modoc,049,8938,0,0,0,0,0
2020-03-24,Mono,051,14174,21,1,0,1,0
2020-03-24,Monterey,053,433212,58,23,1,24,1
2020-03-24,Napa,055,140530,23,2,0,2,0
2020-03-24,Nevada,057,99092,30,4,1,5,0
2020-03-24,Orange,059,3164182,937,166,8,174,0
2020-03-24,Placer,061,380077,90,22,0,22,1
2020-03-24,Plumas,063,18699,0,1,0,1,0
2020-03-24,Riverside,065,2383286,746,56,12,68,5
2020-03-24,Sacramento,067,1510023,424,93,0,93,4
2020-03-24,San Benito,069,59416,26,4,0,4,1
2020-03-24,San Bernardino,071,2135413,363,27,0,27,0
2020-03-24,San Diego,073,3302833,1127,231,0,231,2
2020-03-24,San Francisco,075,870044,516,181,0,181,1
2020-03-24,San Joaquin,077,732212,164,52,3,55,2
2020-03-24,San Luis Obispo,079,281455,104,32,0,32,0
2020-03-24,San Mateo,081,765935,532,100,2,102,2
2020-03-24,Santa Barbara,083,443738,154,20,1,21,0
2020-03-24,Santa Clara,085,1922200,1120,389,2,391,17
2020-03-24,Santa Cruz,087,273765,63,22,0,22,0
2020-03-24,Shasta,089,179085,15,3,0,3,0
2020-03-24,Sierra,091,2930,0,0,0,0,0
2020-03-24,Siskiyou,093,43540,4,2,0,2,0
2020-03-24,Solano,095,438530,77,34,0,34,0
2020-03-24,Sonoma,097,501317,116,27,0,27,1
2020-03-24,Stanislaus,099,539301,63,13,3,16,0
2020-03-24,Sutter,101,95872,9,0,0,0,0
2020-03-24,Tehama,103,63373,1,0,0,0,0
2020-03-24,Trinity,105,12862,0,0,0,0,0
2020-03-24,Tulare,107,460477,77,10,3,13,0
2020-03-24,Tuolumne,109,53932,1,0,0,0,0
2020-03-24,Ventura,111,848112,213,44,0,44,1
2020-03-24,Yolo,113,214977,39,8,0,8,0
2020-03-24,Yuba,115,75493,7,2,0,2,0
2020-03-23,Alameda,001,1643700,468,88,1,89,1
2020-03-23,Alpine,003,1148,1,0,0,0,0
2020-03-23,Amador,005,37829,1,1,0,1,0
2020-03-23,Butte,007,227075,11,2,0,2,0
2020-03-23,Calaveras,009,45235,2,2,0,2,0
2020-03-23,Colusa,011,21464,1,0,0,0,0
2020-03-23,Contra Costa,013,1133247,333,91,0,91,2
2020-03-23,Del Norte,015,27424,0,0,0,0,0
2020-03-23,El Dorado,017,186661,25,3,0,3,0
2020-03-23,Fresno,019,978130,122,10,2,12,0
2020-03-23,Glenn,021,27897,2,0,0,0,0
2020-03-23,Humboldt,023,135768,30,2,0,2,0
2020-03-23,Imperial,025,180216,53,2,0,2,0
2020-03-23,Inyo,027,18085,3,0,0,0,0
2020-03-23,Kern,029,883053,130,5,0,5,0
2020-03-23,Kings,031,150075,25,0,1,1,0
2020-03-23,Lake,033,64148,0,0,0,0,0
2020-03-23,Lassen,035,31185,3,0,1,1,0
2020-03-23,Los Angeles,037,10098052,3374,389,12,401,4
2020-03-23,Madera,039,155013,36,4,0,4,0
2020-03-23,Marin,041,260295,79,30,0,30,0
2020-03-23,Mariposa,043,17540,0,0,0,0,0
2020-03-23,Mendocino,045,87422,3,1,0,1,0
2020-03-23,Merced,047,269075,11,0,0,0,0
2020-03-23,Modoc,049,8938,0,0,0,0,0
2020-03-23,Mono,051,14174,19,1,0,1,0
2020-03-23,Monterey,053,433212,53,14,1,15,1
2020-03-23,Napa,055,140530,21,1,0,1,0
2020-03-23,Nevada,057,99092,27,2,1,3,0
2020-03-23,Orange,059,3164182,882,138,7,145,0
2020-03-23,Placer,061,380077,87,19,0,19,1
2020-03-23,Plumas,063,18699,0,0,0,0,0
2020-03-23,Riverside,065,2383286,703,39,12,51,5
2020-03-23,Sacramento,067,1510023,391,87,0,87,4
2020-03-23,San Benito,069,59416,25,4,0,4,1
2020-03-23,San Bernardino,071,2135413,333,17,0,17,0
2020-03-23,San Diego,073,3302833,1068,178,0,178,1
2020-03-23,San Francisco,075,870044,487,152,0,152,0
2020-03-23,San Joaquin,077,732212,153,37,3,40,2
2020-03-23,San Luis Obispo,079,281455,97,23,0,23,0
2020-03-23,San Mateo,081,765935,494,88,2,90,1
2020-03-23,Santa Barbara,083,443738,136,18,1,19,0
2020-03-23,Santa Clara,085,1922200,1071,336,2,338,13
2020-03-23,Santa Cruz,087,273765,61,21,0,21,0
2020-03-23,Shasta,089,179085,13,2,0,2,0
2020-03-23,Sierra,091,2930,0,0,0,0,0
2020-03-23,Siskiyou,093,43540,4,2,0,2,0
2020-03-23,Solano,095,438530,73,33,0,33,0
2020-03-23,Sonoma,097,501317,104,19,0,19,1
2020-03-23,Stanislaus,099,539301,55,10,3,13,0
2020-03-23,Sutter,101,95872,9,0,0,0,0
2020-03-23,Tehama,103,63373,1,0,0,0,0
2020-03-23,Trinity,105,12862,0,0,0,0,0
2020-03-23,Tulare,107,460477,68,9,3,12,0
2020-03-23,Tuolumne,109,53932,1,0,0,0,0
2020-03-23,Ventura,111,848112,196,30,0,30,0
2020-03-23,Yolo,113,214977,38,8,0,8,0
2020-03-23,Yuba,115,75493,7,2,0,2,0
2020-03-22,Alameda,001,1643700,429,72,1,73,1
2020-03-22,Alpine,003,1148,1,0,0,0,0
2020-03-22,Amador,005,37829,1,1,0,1,0
2020-03-22,Butte,007,227075,8,1,0,1,0
2020-03-22,Calaveras,009,45235,2,2,0,2,0
2020-03-22,Colusa,011,21464,1,0,0,0,0
2020-03-22,Contra Costa,013,1133247,306,79,0,79,1
2020-03-22,Del Norte,015,27424,0,0,0,0,0
2020-03-22,El Dorado,017,186661,23,1,0,1,0
2020-03-22,Fresno,019,978130,102,8,2,10,0
2020-03-22,Glenn,021,27897,2,0,0,0,0
2020-03-22,Humboldt,023,135768,27,1,0,1,0
2020-03-22,Imperial,025,180216,51,2,0,2,0
2020-03-22,Inyo,027,18085,1,0,0,0,0
2020-03-22,Kern,029,883053,114,3,0,3,0
2020-03-22,Kings,031,150075,22,0,1,1,0
2020-03-22,Lake,033,64148,0,0,0,0,0
2020-03-22,Lassen,035,31185,3,0,1,1,0
2020-03-22,Los Angeles,037,10098052,3053,384,12,396,3
2020-03-22,Madera,039,155013,33,4,0,4,0
2020-03-22,Marin,041,260295,69,30,0,30,0
2020-03-22,Mariposa,043,17540,0,0,0,0,0
2020-03-22,Mendocino,045,87422,3,1,0,1,0
2020-03-22,Merced,047,269075,7,0,0,0,0
2020-03-22,Modoc,049,8938,0,0,0,0,0
2020-03-22,Mono,051,14174,14,1,0,1,0
2020-03-22,Monterey,053,433212,50,14,1,15,1
2020-03-22,Napa,055,140530,17,1,0,1,0
2020-03-22,Nevada,057,99092,23,2,1,3,0
2020-03-22,Orange,059,3164182,810,102,4,106,0
2020-03-22,Placer,061,380077,84,18,0,18,1
2020-03-22,Plumas,063,18699,0,0,0,0,0
2020-03-22,Riverside,065,2383286,613,26,8,34,5
2020-03-22,Sacramento,067,1510023,359,82,0,82,4
2020-03-22,San Benito,069,59416,20,4,0,4,1
2020-03-22,San Bernardino,071,2135413,290,16,0,16,0
2020-03-22,San Diego,073,3302833,980,161,0,161,0
2020-03-22,San Francisco,075,870044,450,134,0,134,0
2020-03-22,San Joaquin,077,732212,139,30,3,33,2
2020-03-22,San Luis Obispo,079,281455,90,19,0,19,0
2020-03-22,San Mateo,081,765935,461,82,2,84,1
2020-03-22,Santa Barbara,083,443738,122,16,1,17,0
2020-03-22,Santa Clara,085,1922200,1007,284,2,286,13
2020-03-22,Santa Cruz,087,273765,60,19,0,19,0
2020-03-22,Shasta,089,179085,13,1,0,1,0
2020-03-22,Sierra,091,2930,0,0,0,0,0
2020-03-22,Siskiyou,093,43540,4,2,0,2,0
2020-03-22,Solano,095,438530,64,30,0,30,0
2020-03-22,Sonoma,097,501317,99,18,0,18,1
2020-03-22,Stanislaus,099,539301,49,8,3,11,0
2020-03-22,Sutter,101,95872,8,0,0,0,0
2020-03-22,Tehama,103,63373,0,0,0,0,0
2020-03-22,Trinity,105,12862,0,0,0,0,0
2020-03-22,Tulare,107,460477,62,5,3,8,0
2020-03-22,Tuolumne,109,53932,1,0,0,0,0
2020-03-22,Ventura,111,848112,174,26,0,26,0
2020-03-22,Yolo,113,214977,32,6,0,6,0
2020-03-22,Yuba,115,75493,7,2,0,2,0
2020-03-21,Alameda,001,1643700,405,62,1,63,0
2020-03-21,Alpine,003,1148,1,0,0,0,0
2020-03-21,Amador,005,37829,1,1,0,1,0
2020-03-21,Butte,007,227075,7,1,0,1,0
2020-03-21,Calaveras,009,45235,2,2,0,2,0
2020-03-21,Colusa,011,21464,1,0,0,0,0
2020-03-21,Contra Costa,013,1133247,295,62,0,62,1
2020-03-21,Del Norte,015,27424,0,0,0,0,0
2020-03-21,El Dorado,017,186661,20,1,0,1,0
2020-03-21,Fresno,019,978130,98,8,2,10,0
2020-03-21,Glenn,021,27897,2,0,0,0,0
2020-03-21,Humboldt,023,135768,25,1,0,1,0
2020-03-21,Imperial,025,180216,47,2,0,2,0
2020-03-21,Inyo,027,18085,1,0,0,0,0
2020-03-21,Kern,029,883053,108,3,0,3,0
2020-03-21,Kings,031,150075,22,0,1,1,0
2020-03-21,Lake,033,64148,0,0,0,0,0
2020-03-21,Lassen,035,31185,3,0,1,1,0
2020-03-21,Los Angeles,037,10098052,2780,322,12,334,2
2020-03-21,Madera,039,155013,33,4,0,4,0
2020-03-21,Marin,041,260295,64,30,0,30,0
2020-03-21,Mariposa,043,17540,0,0,0,0,0
2020-03-21,Mendocino,045,87422,3,1,0,1,0
2020-03-21,Merced,047,269075,6,0,0,0,0
2020-03-21,Modoc,049,8938,0,0,0,0,0
2020-03-21,Mono,051,14174,14,1,0,1,0
2020-03-21,Monterey,053,433212,47,8,1,9,1
2020-03-21,Napa,055,140530,17,0,0,0,0
2020-03-21,Nevada,057,99092,23,2,1,3,0
2020-03-21,Orange,059,3164182,761,85,4,89,0
2020-03-21,Placer,061,380077,75,11,0,11,1
2020-03-21,Plumas,063,18699,0,0,0,0,0
2020-03-21,Riverside,065,2383286,566,20,8,28,3
2020-03-21,Sacramento,067,1510023,332,66,0,66,3
2020-03-21,San Benito,069,59416,18,4,0,4,1
2020-03-21,San Bernardino,071,2135413,270,13,0,13,0
2020-03-21,San Diego,073,3302833,903,121,0,121,0
2020-03-21,San Francisco,075,870044,414,106,0,106,0
2020-03-21,San Joaquin,077,732212,130,26,3,29,2
2020-03-21,San Luis Obispo,079,281455,85,16,0,16,0
2020-03-21,San Mateo,081,765935,423,78,2,80,1
2020-03-21,Santa Barbara,083,443738,111,8,1,9,0
2020-03-21,Santa Clara,085,1922200,946,269,2,271,10
2020-03-21,Santa Cruz,087,273765,58,17,0,17,0
2020-03-21,Shasta,089,179085,12,1,0,1,0
2020-03-21,Sierra,091,2930,0,0,0,0,0
2020-03-21,Siskiyou,093,43540,4,0,0,0,0
2020-03-21,Solano,095,438530,62,30,0,30,0
2020-03-21,Sonoma,097,501317,98,15,0,15,1
2020-03-21,Stanislaus,099,539301,43,7,3,10,0
2020-03-21,Sutter,101,95872,7,0,0,0,0
2020-03-21,Tehama,103,63373,0,0,0,0,0
2020-03-21,Trinity,105,12862,0,0,0,0,0
2020-03-21,Tulare,107,460477,54,5,3,8,0
2020-03-21,Tuolumne,109,53932,1,0,0,0,0
2020-03-21,Ventura,111,848112,166,22,0,22,0
2020-03-21,Yolo,113,214977,32,6,0,6,0
2020-03-21,Yuba,115,75493,7,1,0,1,0
2020-03-20,Alameda,001,1643700,384,42,1,43,0
2020-03-20,Alpine,003,1148,1,0,0,0,0
2020-03-20,Amador,005,37829,0,0,0,0,0
2020-03-20,Butte,007,227075,7,0,0,0,0
2020-03-20,Calaveras,009,45235,2,2,0,2,0
2020-03-20,Colusa,011,21464,1,0,0,0,0
2020-03-20,Contra Costa,013,1133247,265,52,0,52,1
2020-03-20,Del Norte,015,27424,0,0,0,0,0
2020-03-20,El Dorado,017,186661,19,1,0,1,0
2020-03-20,Fresno,019,978130,95,7,2,9,0
2020-03-20,Glenn,021,27897,1,0,0,0,0
2020-03-20,Humboldt,023,135768,25,1,0,1,0
2020-03-20,Imperial,025,180216,46,2,0,2,0
2020-03-20,Inyo,027,18085,0,0,0,0,0
2020-03-20,Kern,029,883053,93,3,0,3,0
2020-03-20,Kings,031,150075,21,0,1,1,0
2020-03-20,Lake,033,64148,0,0,0,0,0
2020-03-20,Lassen,035,31185,3,0,1,1,0
2020-03-20,Los Angeles,037,10098052,2554,267,11,278,1
2020-03-20,Madera,039,155013,32,4,0,4,0
2020-03-20,Marin,041,260295,61,30,0,30,0
2020-03-20,Mariposa,043,17540,0,0,0,0,0
2020-03-20,Mendocino,045,87422,3,1,0,1,0
2020-03-20,Merced,047,269075,6,0,0,0,0
2020-03-20,Modoc,049,8938,0,0,0,0,0
2020-03-20,Mono,051,14174,14,0,0,0,0
2020-03-20,Monterey,053,433212,46,4,1,5,0
2020-03-20,Napa,055,140530,16,0,0,0,0
2020-03-20,Nevada,057,99092,20,2,1,3,0
2020-03-20,Orange,059,3164182,714,71,4,75,2
2020-03-20,Placer,061,380077,69,9,0,9,1
2020-03-20,Plumas,063,18699,0,0,0,0,0
2020-03-20,Riverside,065,2383286,507,19,8,27,3
2020-03-20,Sacramento,067,1510023,311,56,0,56,4
2020-03-20,San Benito,069,59416,18,4,0,4,1
2020-03-20,San Bernardino,071,2135413,243,9,0,9,0
2020-03-20,San Diego,073,3302833,851,98,0,98,0
2020-03-20,San Francisco,075,870044,382,87,0,87,0
2020-03-20,San Joaquin,077,732212,115,18,3,21,2
2020-03-20,San Luis Obispo,079,281455,81,11,0,11,0
2020-03-20,San Mateo,081,765935,393,71,2,73,1
2020-03-20,Santa Barbara,083,443738,98,7,1,8,0
2020-03-20,Santa Clara,085,1922200,909,246,2,248,8
2020-03-20,Santa Cruz,087,273765,56,13,0,13,0
2020-03-20,Shasta,089,179085,11,1,0,1,0
2020-03-20,Sierra,091,2930,0,0,0,0,0
2020-03-20,Siskiyou,093,43540,4,0,0,0,0
2020-03-20,Solano,095,438530,58,29,0,29,0
2020-03-20,Sonoma,097,501317,90,7,0,7,0
2020-03-20,Stanislaus,099,539301,37,7,3,10,0
2020-03-20,Sutter,101,95872,7,0,0,0,0
2020-03-20,Tehama,103,63373,0,0,0,0,0
2020-03-20,Trinity,105,12862,0,0,0,0,0
2020-03-20,Tulare,107,460477,50,4,3,7,0
2020-03-20,Tuolumne,109,53932,1,0,0,0,0
2020-03-20,Ventura,111,848112,156,18,0,18,0
2020-03-20,Yolo,113,214977,30,5,0,5,0
2020-03-20,Yuba,115,75493,6,0,0,0,0
2020-03-19,Alameda,001,1643700,348,36,1,37,0
2020-03-19,Alpine,003,1148,1,0,0,0,0
2020-03-19,Amador,005,37829,0,0,0,0,0
2020-03-19,Butte,007,227075,5,0,0,0,0
2020-03-19,Calaveras,009,45235,2,2,0,2,0
2020-03-19,Colusa,011,21464,0,0,0,0,0
2020-03-19,Contra Costa,013,1133247,249,46,0,46,0
2020-03-19,Del Norte,015,27424,0,0,0,0,0
2020-03-19,El Dorado,017,186661,17,0,0,0,0
2020-03-19,Fresno,019,978130,86,6,2,8,0
2020-03-19,Glenn,021,27897,1,0,0,0,0
2020-03-19,Humboldt,023,135768,23,1,0,1,0
2020-03-19,Imperial,025,180216,39,2,0,2,0
2020-03-19,Inyo,027,18085,0,0,0,0,0
2020-03-19,Kern,029,883053,81,3,0,3,0
2020-03-19,Kings,031,150075,17,0,1,1,0
2020-03-19,Lake,033,64148,0,0,0,0,0
2020-03-19,Lassen,035,31185,2,0,1,1,0
2020-03-19,Los Angeles,037,10098052,2267,233,11,244,0
2020-03-19,Madera,039,155013,31,3,0,3,0
2020-03-19,Marin,041,260295,58,19,0,19,0
2020-03-19,Mariposa,043,17540,0,0,0,0,0
2020-03-19,Mendocino,045,87422,2,1,0,1,0
2020-03-19,Merced,047,269075,5,0,0,0,0
2020-03-19,Modoc,049,8938,0,0,0,0,0
2020-03-19,Mono,051,14174,12,0,0,0,0
2020-03-19,Monterey,053,433212,38,3,1,4,0
2020-03-19,Napa,055,140530,14,0,0,0,0
2020-03-19,Nevada,057,99092,18,2,1,3,0
2020-03-19,Orange,059,3164182,632,59,4,63,0
2020-03-19,Placer,061,380077,61,8,0,8,1
2020-03-19,Plumas,063,18699,0,0,0,0,0
2020-03-19,Riverside,065,2383286,396,14,6,20,3
2020-03-19,Sacramento,067,1510023,278,52,0,52,3
2020-03-19,San Benito,069,59416,15,3,0,3,0
2020-03-19,San Bernardino,071,2135413,213,7,0,7,0
2020-03-19,San Diego,073,3302833,768,68,0,68,0
2020-03-19,San Francisco,075,870044,346,80,0,80,0
2020-03-19,San Joaquin,077,732212,102,15,3,18,2
2020-03-19,San Luis Obispo,079,281455,78,6,0,6,0
2020-03-19,San Mateo,081,765935,358,58,2,60,1
2020-03-19,Santa Barbara,083,443738,86,5,0,5,0
2020-03-19,Santa Clara,085,1922200,842,183,2,185,8
2020-03-19,Santa Cruz,087,273765,53,13,0,13,0
2020-03-19,Shasta,089,179085,10,1,0,1,0
2020-03-19,Sierra,091,2930,0,0,0,0,0
2020-03-19,Siskiyou,093,43540,3,0,0,0,0
2020-03-19,Solano,095,438530,54,26,0,26,0
2020-03-19,Sonoma,097,501317,87,8,0,8,0
2020-03-19,Stanislaus,099,539301,36,7,3,10,0
2020-03-19,Sutter,101,95872,7,0,0,0,0
2020-03-19,Tehama,103,63373,0,0,0,0,0
2020-03-19,Trinity,105,12862,0,0,0,0,0
2020-03-19,Tulare,107,460477,44,3,3,6,0
2020-03-19,Tuolumne,109,53932,1,0,0,0,0
2020-03-19,Ventura,111,848112,134,15,0,15,0
2020-03-19,Yolo,113,214977,26,5,0,5,0
2020-03-19,Yuba,115,75493,5,0,0,0,0
2020-03-18,Alameda,001,1643700,320,29,1,30,0
2020-03-18,Alpine,003,1148,1,0,0,0,0
2020-03-18,Amador,005,37829,0,0,0,0,0
2020-03-18,Butte,007,227075,4,0,0,0,0
2020-03-18,Calaveras,009,45235,2,2,0,2,0
2020-03-18,Colusa,011,21464,0,0,0,0,0
2020-03-18,Contra Costa,013,1133247,228,44,0,44,0
2020-03-18,Del Norte,015,27424,0,0,0,0,0
2020-03-18,El Dorado,017,186661,16,0,0,0,0
2020-03-18,Fresno,019,978130,77,3,1,4,0
2020-03-18,Glenn,021,27897,1,0,0,0,0
2020-03-18,Humboldt,023,135768,19,1,0,1,0
2020-03-18,Imperial,025,180216,33,2,0,2,0
2020-03-18,Inyo,027,18085,0,0,0,0,0
2020-03-18,Kern,029,883053,66,1,0,1,0
2020-03-18,Kings,031,150075,15,0,1,1,0
2020-03-18,Lake,033,64148,0,0,0,0,0
2020-03-18,Lassen,035,31185,1,0,1,1,0
2020-03-18,Los Angeles,037,10098052,2028,47,11,58,0
2020-03-18,Madera,039,155013,30,2,0,2,0
2020-03-18,Marin,041,260295,53,10,0,10,0
2020-03-18,Mariposa,043,17540,0,0,0,0,0
2020-03-18,Mendocino,045,87422,2,0,0,0,0
2020-03-18,Merced,047,269075,5,0,0,0,0
2020-03-18,Modoc,049,8938,0,0,0,0,0
2020-03-18,Mono,051,14174,11,0,0,0,0
2020-03-18,Monterey,053,433212,30,1,0,1,0
2020-03-18,Napa,055,140530,11,0,0,0,0
2020-03-18,Nevada,057,99092,16,2,1,3,0
2020-03-18,Orange,059,3164182,575,38,4,42,0
2020-03-18,Placer,061,380077,54,8,0,8,1
2020-03-18,Plumas,063,18699,0,0,0,0,0
2020-03-18,Riverside,065,2383286,333,11,5,16,2
2020-03-18,Sacramento,067,1510023,255,46,0,46,3
2020-03-18,San Benito,069,59416,14,3,0,3,0
2020-03-18,San Bernardino,071,2135413,191,3,0,3,0
2020-03-18,San Diego,073,3302833,683,40,0,40,0
2020-03-18,San Francisco,075,870044,327,65,0,65,0
2020-03-18,San Joaquin,077,732212,90,14,3,17,2
2020-03-18,San Luis Obispo,079,281455,71,5,0,5,0
2020-03-18,San Mateo,081,765935,337,57,2,59,1
2020-03-18,Santa Barbara,083,443738,78,2,0,2,0
2020-03-18,Santa Clara,085,1922200,791,151,2,153,6
2020-03-18,Santa Cruz,087,273765,51,11,0,11,0
2020-03-18,Shasta,089,179085,9,1,0,1,0
2020-03-18,Sierra,091,2930,0,0,0,0,0
2020-03-18,Siskiyou,093,43540,3,0,0,0,0
2020-03-18,Solano,095,438530,50,26,0,26,0
2020-03-18,Sonoma,097,501317,78,6,0,6,0
2020-03-18,Stanislaus,099,539301,32,5,2,7,0
2020-03-18,Sutter,101,95872,5,0,0,0,0
2020-03-18,Tehama,103,63373,0,0,0,0,0
2020-03-18,Trinity,105,12862,0,0,0,0,0
2020-03-18,Tulare,107,460477,34,3,3,6,0
2020-03-18,Tuolumne,109,53932,1,0,0,0,0
2020-03-18,Ventura,111,848112,115,11,0,11,0
2020-03-18,Yolo,113,214977,23,4,0,4,0
2020-03-18,Yuba,115,75493,4,0,0,0,0
2020-03-17,Alameda,001,1643700,288,19,0,19,0
2020-03-17,Alpine,003,1148,0,0,0,0,0
2020-03-17,Amador,005,37829,0,0,0,0,0
2020-03-17,Butte,007,227075,4,0,0,0,0
2020-03-17,Calaveras,009,45235,2,2,0,2,0
2020-03-17,Colusa,011,21464,0,0,0,0,0
2020-03-17,Contra Costa,013,1133247,206,37,0,37,0
2020-03-17,Del Norte,015,27424,0,0,0,0,0
2020-03-17,El Dorado,017,186661,15,0,0,0,0
2020-03-17,Fresno,019,978130,67,2,1,3,0
2020-03-17,Glenn,021,27897,1,0,0,0,0
2020-03-17,Humboldt,023,135768,17,1,0,1,0
2020-03-17,Imperial,025,180216,27,2,0,2,0
2020-03-17,Inyo,027,18085,0,0,0,0,0
2020-03-17,Kern,029,883053,52,0,0,0,0
2020-03-17,Kings,031,150075,12,0,1,1,0
2020-03-17,Lake,033,64148,0,0,0,0,0
2020-03-17,Lassen,035,31185,1,0,1,1,0
2020-03-17,Los Angeles,037,10098052,1828,41,11,52,0
2020-03-17,Madera,039,155013,23,2,0,2,0
2020-03-17,Marin,041,260295,46,4,0,4,0
2020-03-17,Mariposa,043,17540,0,0,0,0,0
2020-03-17,Mendocino,045,87422,2,0,0,0,0
2020-03-17,Merced,047,269075,5,0,0,0,0
2020-03-17,Modoc,049,8938,0,0,0,0,0
2020-03-17,Mono,051,14174,9,0,0,0,0
2020-03-17,Monterey,053,433212,28,0,0,0,0
2020-03-17,Napa,055,140530,8,0,0,0,0
2020-03-17,Nevada,057,99092,15,1,1,2,0
2020-03-17,Orange,059,3164182,497,24,3,27,0
2020-03-17,Placer,061,380077,44,7,0,7,1
2020-03-17,Plumas,063,18699,0,0,0,0,0
2020-03-17,Riverside,065,2383286,271,11,5,16,0
2020-03-17,Sacramento,067,1510023,235,36,0,36,1
2020-03-17,San Benito,069,59416,12,2,0,2,0
2020-03-17,San Bernardino,071,2135413,163,2,0,2,0
2020-03-17,San Diego,073,3302833,616,17,0,17,0
2020-03-17,San Francisco,075,870044,300,46,0,46,0
2020-03-17,San Joaquin,077,732212,84,11,3,14,0
2020-03-17,San Luis Obispo,079,281455,63,1,0,1,0
2020-03-17,San Mateo,081,765935,305,46,2,48,1
2020-03-17,Santa Barbara,083,443738,66,0,0,0,0
2020-03-17,Santa Clara,085,1922200,733,121,2,123,4
2020-03-17,Santa Cruz,087,273765,48,10,0,10,0
2020-03-17,Shasta,089,179085,5,1,0,1,0
2020-03-17,Sierra,091,2930,0,0,0,0,0
2020-03-17,Siskiyou,093,43540,3,0,0,0,0
2020-03-17,Solano,095,438530,47,27,0,27,0
2020-03-17,Sonoma,097,501317,70,4,0,4,0
2020-03-17,Stanislaus,099,539301,29,4,2,6,0
2020-03-17,Sutter,101,95872,5,0,0,0,0
2020-03-17,Tehama,103,63373,0,0,0,0,0
2020-03-17,Trinity,105,12862,0,0,0,0,0
2020-03-17,Tulare,107,460477,29,2,3,5,0
2020-03-17,Tuolumne,109,53932,1,0,0,0,0
2020-03-17,Ventura,111,848112,98,7,0,7,0
2020-03-17,Yolo,113,214977,19,2,0,2,0
2020-03-17,Yuba,115,75493,4,0,0,0,0
2020-03-16,Alameda,001,1643700,260,17,0,17,0
2020-03-16,Alpine,003,1148,0,0,0,0,0
2020-03-16,Amador,005,37829,0,0,0,0,0
2020-03-16,Butte,007,227075,3,0,0,0,0
2020-03-16,Calaveras,009,45235,2,2,0,2,0
2020-03-16,Colusa,011,21464,0,0,0,0,0
2020-03-16,Contra Costa,013,1133247,184,36,0,36,0
2020-03-16,Del Norte,015,27424,0,0,0,0,0
2020-03-16,El Dorado,017,186661,14,0,0,0,0
2020-03-16,Fresno,019,978130,52,2,1,3,0
2020-03-16,Glenn,021,27897,0,0,0,0,0
2020-03-16,Humboldt,023,135768,13,1,0,1,0
2020-03-16,Imperial,025,180216,22,2,0,2,0
2020-03-16,Inyo,027,18085,0,0,0,0,0
2020-03-16,Kern,029,883053,43,0,0,0,0
2020-03-16,Kings,031,150075,11,0,1,1,0
2020-03-16,Lake,033,64148,0,0,0,0,0
2020-03-16,Lassen,035,31185,1,0,0,0,0
2020-03-16,Los Angeles,037,10098052,1593,43,11,54,0
2020-03-16,Madera,039,155013,22,2,0,2,0
2020-03-16,Marin,041,260295,43,4,0,4,0
2020-03-16,Mariposa,043,17540,0,0,0,0,0
2020-03-16,Mendocino,045,87422,2,0,0,0,0
2020-03-16,Merced,047,269075,5,0,0,0,0
2020-03-16,Modoc,049,8938,0,0,0,0,0
2020-03-16,Mono,051,14174,7,0,0,0,0
2020-03-16,Monterey,053,433212,27,0,0,0,0
2020-03-16,Napa,055,140530,7,0,0,0,0
2020-03-16,Nevada,057,99092,11,1,1,2,0
2020-03-16,Orange,059,3164182,414,18,3,21,0
2020-03-16,Placer,061,380077,36,7,0,7,1
2020-03-16,Plumas,063,18699,0,0,0,0,0
2020-03-16,Riverside,065,2383286,235,10,5,15,0
2020-03-16,Sacramento,067,1510023,208,34,0,34,1
2020-03-16,San Benito,069,59416,8,2,0,2,0
2020-03-16,San Bernardino,071,2135413,143,1,0,1,0
2020-03-16,San Diego,073,3302833,525,17,0,17,0
2020-03-16,San Francisco,075,870044,262,40,0,40,0
2020-03-16,San Joaquin,077,732212,74,9,3,12,0
2020-03-16,San Luis Obispo,079,281455,56,1,0,1,0
2020-03-16,San Mateo,081,765935,269,42,2,44,1
2020-03-16,Santa Barbara,083,443738,56,0,0,0,0
2020-03-16,Santa Clara,085,1922200,657,115,1,116,2
2020-03-16,Santa Cruz,087,273765,44,9,0,9,0
2020-03-16,Shasta,089,179085,5,1,0,1,0
2020-03-16,Sierra,091,2930,0,0,0,0,0
2020-03-16,Siskiyou,093,43540,2,0,0,0,0
2020-03-16,Solano,095,438530,43,27,0,27,0
2020-03-16,Sonoma,097,501317,63,4,0,4,0
2020-03-16,Stanislaus,099,539301,26,2,2,4,0
2020-03-16,Sutter,101,95872,3,0,0,0,0
2020-03-16,Tehama,103,63373,0,0,0,0,0
2020-03-16,Trinity,105,12862,0,0,0,0,0
2020-03-16,Tulare,107,460477,25,2,3,5,0
2020-03-16,Tuolumne,109,53932,1,0,0,0,0
2020-03-16,Ventura,111,848112,88,7,0,7,0
2020-03-16,Yolo,113,214977,18,2,0,2,0
2020-03-16,Yuba,115,75493,3,0,0,0,0
2020-03-15,Alameda,001,1643700,214,17,0,17,0
2020-03-15,Alpine,003,1148,0,0,0,0,0
2020-03-15,Amador,005,37829,0,0,0,0,0
2020-03-15,Butte,007,227075,3,0,0,0,0
2020-03-15,Calaveras,009,45235,2,2,0,2,0
2020-03-15,Colusa,011,21464,0,0,0,0,0
2020-03-15,Contra Costa,013,1133247,161,34,0,34,0
2020-03-15,Del Norte,015,27424,0,0,0,0,0
2020-03-15,El Dorado,017,186661,13,0,0,0,0
2020-03-15,Fresno,019,978130,32,1,1,2,0
2020-03-15,Glenn,021,27897,0,0,0,0,0
2020-03-15,Humboldt,023,135768,11,1,0,1,0
2020-03-15,Imperial,025,180216,17,2,0,2,0
2020-03-15,Inyo,027,18085,0,0,0,0,0
2020-03-15,Kern,029,883053,37,0,0,0,0
2020-03-15,Kings,031,150075,11,0,1,1,0
2020-03-15,Lake,033,64148,0,0,0,0,0
2020-03-15,Lassen,035,31185,1,0,0,0,0
2020-03-15,Los Angeles,037,10098052,1353,41,11,52,0
2020-03-15,Madera,039,155013,21,2,0,2,0
2020-03-15,Marin,041,260295,37,3,0,3,0
2020-03-15,Mariposa,043,17540,0,0,0,0,0
2020-03-15,Mendocino,045,87422,2,0,0,0,0
2020-03-15,Merced,047,269075,3,0,0,0,0
2020-03-15,Modoc,049,8938,0,0,0,0,0
2020-03-15,Mono,051,14174,6,0,0,0,0
2020-03-15,Monterey,053,433212,20,0,0,0,0
2020-03-15,Napa,055,140530,7,0,0,0,0
2020-03-15,Nevada,057,99092,11,0,1,1,0
2020-03-15,Orange,059,3164182,346,16,1,17,0
2020-03-15,Placer,061,380077,31,7,0,7,1
2020-03-15,Plumas,063,18699,0,0,0,0,0
2020-03-15,Riverside,065,2383286,183,10,5,15,0
2020-03-15,Sacramento,067,1510023,172,30,0,30,1
2020-03-15,San Benito,069,59416,8,2,0,2,0
2020-03-15,San Bernardino,071,2135413,121,0,0,0,0
2020-03-15,San Diego,073,3302833,438,16,0,16,0
2020-03-15,San Francisco,075,870044,206,31,0,31,0
2020-03-15,San Joaquin,077,732212,63,6,3,9,0
2020-03-15,San Luis Obispo,079,281455,46,1,0,1,0
2020-03-15,San Mateo,081,765935,236,29,1,30,1
2020-03-15,Santa Barbara,083,443738,47,0,0,0,0
2020-03-15,Santa Clara,085,1922200,585,79,1,80,2
2020-03-15,Santa Cruz,087,273765,38,8,0,8,0
2020-03-15,Shasta,089,179085,5,1,0,1,0
2020-03-15,Sierra,091,2930,0,0,0,0,0
2020-03-15,Siskiyou,093,43540,2,0,0,0,0
2020-03-15,Solano,095,438530,42,26,0,26,0
2020-03-15,Sonoma,097,501317,54,4,0,4,0
2020-03-15,Stanislaus,099,539301,26,2,2,4,0
2020-03-15,Sutter,101,95872,2,0,0,0,0
2020-03-15,Tehama,103,63373,0,0,0,0,0
2020-03-15,Trinity,105,12862,0,0,0,0,0
2020-03-15,Tulare,107,460477,19,2,3,5,0
2020-03-15,Tuolumne,109,53932,1,0,0,0,0
2020-03-15,Ventura,111,848112,77,5,0,5,0
2020-03-15,Yolo,113,214977,15,2,0,2,0
2020-03-15,Yuba,115,75493,2,0,0,0,0
2020-03-14,Alameda,001,1643700,195,11,0,11,0
2020-03-14,Alpine,003,1148,0,0,0,0,0
2020-03-14,Amador,005,37829,0,0,0,0,0
2020-03-14,Butte,007,227075,2,0,0,0,0
2020-03-14,Calaveras,009,45235,2,2,0,2,0
2020-03-14,Colusa,011,21464,0,0,0,0,0
2020-03-14,Contra Costa,013,1133247,139,30,0,30,0
2020-03-14,Del Norte,015,27424,0,0,0,0,0
2020-03-14,El Dorado,017,186661,11,0,0,0,0
2020-03-14,Fresno,019,978130,24,1,1,2,0
2020-03-14,Glenn,021,27897,0,0,0,0,0
2020-03-14,Humboldt,023,135768,7,1,0,1,0
2020-03-14,Imperial,025,180216,13,2,0,2,0
2020-03-14,Inyo,027,18085,0,0,0,0,0
2020-03-14,Kern,029,883053,32,0,0,0,0
2020-03-14,Kings,031,150075,11,0,1,1,0
2020-03-14,Lake,033,64148,0,0,0,0,0
2020-03-14,Lassen,035,31185,1,0,0,0,0
2020-03-14,Los Angeles,037,10098052,1175,35,11,46,0
2020-03-14,Madera,039,155013,20,2,0,2,0
2020-03-14,Marin,041,260295,36,3,0,3,0
2020-03-14,Mariposa,043,17540,0,0,0,0,0
2020-03-14,Mendocino,045,87422,2,0,0,0,0
2020-03-14,Merced,047,269075,3,0,0,0,0
2020-03-14,Modoc,049,8938,0,0,0,0,0
2020-03-14,Mono,051,14174,5,0,0,0,0
2020-03-14,Monterey,053,433212,14,0,0,0,0
2020-03-14,Napa,055,140530,5,0,0,0,0
2020-03-14,Nevada,057,99092,8,0,1,1,0
2020-03-14,Orange,059,3164182,307,14,0,14,0
2020-03-14,Placer,061,380077,28,6,0,6,1
2020-03-14,Plumas,063,18699,0,0,0,0,0
2020-03-14,Riverside,065,2383286,163,10,5,15,0
2020-03-14,Sacramento,067,1510023,151,31,0,31,1
2020-03-14,San Benito,069,59416,8,2,0,2,0
2020-03-14,San Bernardino,071,2135413,102,0,0,0,0
2020-03-14,San Diego,073,3302833,363,10,0,10,0
2020-03-14,San Francisco,075,870044,185,29,0,29,0
2020-03-14,San Joaquin,077,732212,54,6,3,9,0
2020-03-14,San Luis Obispo,079,281455,41,0,0,0,0
2020-03-14,San Mateo,081,765935,213,27,1,28,0
2020-03-14,Santa Barbara,083,443738,37,0,0,0,0
2020-03-14,Santa Clara,085,1922200,529,62,1,63,2
2020-03-14,Santa Cruz,087,273765,33,8,0,8,0
2020-03-14,Shasta,089,179085,5,1,0,1,0
2020-03-14,Sierra,091,2930,0,0,0,0,0
2020-03-14,Siskiyou,093,43540,1,0,0,0,0
2020-03-14,Solano,095,438530,40,26,0,26,0
2020-03-14,Sonoma,097,501317,41,2,0,2,0
2020-03-14,Stanislaus,099,539301,22,2,2,4,0
2020-03-14,Sutter,101,95872,2,0,0,0,0
2020-03-14,Tehama,103,63373,0,0,0,0,0
2020-03-14,Trinity,105,12862,0,0,0,0,0
2020-03-14,Tulare,107,460477,17,2,2,4,0
2020-03-14,Tuolumne,109,53932,1,0,0,0,0
2020-03-14,Ventura,111,848112,68,5,0,5,0
2020-03-14,Yolo,113,214977,15,2,0,2,0
2020-03-14,Yuba,115,75493,1,0,0,0,0
2020-03-13,Alameda,001,1643700,176,12,0,12,0
2020-03-13,Alpine,003,1148,0,0,0,0,0
2020-03-13,Amador,005,37829,0,0,0,0,0
2020-03-13,Butte,007,227075,0,0,0,0,0
2020-03-13,Calaveras,009,45235,2,2,0,2,0
2020-03-13,Colusa,011,21464,0,0,0,0,0
2020-03-13,Contra Costa,013,1133247,126,22,0,22,0
2020-03-13,Del Norte,015,27424,0,0,0,0,0
2020-03-13,El Dorado,017,186661,10,0,0,0,0
2020-03-13,Fresno,019,978130,19,1,1,2,0
2020-03-13,Glenn,021,27897,0,0,0,0,0
2020-03-13,Humboldt,023,135768,7,1,0,1,0
2020-03-13,Imperial,025,180216,12,2,0,2,0
2020-03-13,Inyo,027,18085,0,0,0,0,0
2020-03-13,Kern,029,883053,27,0,0,0,0
2020-03-13,Kings,031,150075,10,0,1,1,0
2020-03-13,Lake,033,64148,0,0,0,0,0
2020-03-13,Lassen,035,31185,1,0,0,0,0
2020-03-13,Los Angeles,037,10098052,1022,30,10,40,0
2020-03-13,Madera,039,155013,19,1,0,1,0
2020-03-13,Marin,041,260295,34,3,0,3,0
2020-03-13,Mariposa,043,17540,0,0,0,0,0
2020-03-13,Mendocino,045,87422,2,0,0,0,0
2020-03-13,Merced,047,269075,2,0,0,0,0
2020-03-13,Modoc,049,8938,0,0,0,0,0
2020-03-13,Mono,051,14174,3,0,0,0,0
2020-03-13,Monterey,053,433212,9,0,0,0,0
2020-03-13,Napa,055,140530,3,0,0,0,0
2020-03-13,Nevada,057,99092,7,0,1,1,0
2020-03-13,Orange,059,3164182,268,10,0,10,0
2020-03-13,Placer,061,380077,27,6,0,6,1
2020-03-13,Plumas,063,18699,0,0,0,0,0
2020-03-13,Riverside,065,2383286,133,5,4,9,0
2020-03-13,Sacramento,067,1510023,129,18,0,18,1
2020-03-13,San Benito,069,59416,6,2,0,2,0
2020-03-13,San Bernardino,071,2135413,95,0,0,0,0
2020-03-13,San Diego,073,3302833,313,8,0,8,0
2020-03-13,San Francisco,075,870044,171,28,0,28,0
2020-03-13,San Joaquin,077,732212,50,6,3,9,0
2020-03-13,San Luis Obispo,079,281455,33,0,0,0,0
2020-03-13,San Mateo,081,765935,192,24,1,25,0
2020-03-13,Santa Barbara,083,443738,33,0,0,0,0
2020-03-13,Santa Clara,085,1922200,467,59,1,60,1
2020-03-13,Santa Cruz,087,273765,32,7,0,7,0
2020-03-13,Shasta,089,179085,3,1,0,1,0
2020-03-13,Sierra,091,2930,0,0,0,0,0
2020-03-13,Siskiyou,093,43540,0,0,0,0,0
2020-03-13,Solano,095,438530,39,26,0,26,0
2020-03-13,Sonoma,097,501317,40,2,0,2,0
2020-03-13,Stanislaus,099,539301,17,2,2,4,0
2020-03-13,Sutter,101,95872,2,0,0,0,0
2020-03-13,Tehama,103,63373,0,0,0,0,0
2020-03-13,Trinity,105,12862,0,0,0,0,0
2020-03-13,Tulare,107,460477,14,2,2,4,0
2020-03-13,Tuolumne,109,53932,1,0,0,0,0
2020-03-13,Ventura,111,848112,54,5,0,5,0
2020-03-13,Yolo,113,214977,15,1,0,1,0
2020-03-13,Yuba,115,75493,1,0,0,0,0
2020-03-12,Alameda,001,1643700,151,9,0,9,0
2020-03-12,Alpine,003,1148,0,0,0,0,0
2020-03-12,Amador,005,37829,0,0,0,0,0
2020-03-12,Butte,007,227075,0,0,0,0,0
2020-03-12,Calaveras,009,45235,2,2,0,2,0
2020-03-12,Colusa,011,21464,0,0,0,0,0
2020-03-12,Contra Costa,013,1133247,109,18,0,18,0
2020-03-12,Del Norte,015,27424,0,0,0,0,0
2020-03-12,El Dorado,017,186661,8,0,0,0,0
2020-03-12,Fresno,019,978130,11,1,1,2,0
2020-03-12,Glenn,021,27897,0,0,0,0,0
2020-03-12,Humboldt,023,135768,6,1,0,1,0
2020-03-12,Imperial,025,180216,11,2,0,2,0
2020-03-12,Inyo,027,18085,0,0,0,0,0
2020-03-12,Kern,029,883053,18,0,0,0,0
2020-03-12,Kings,031,150075,7,0,1,1,0
2020-03-12,Lake,033,64148,0,0,0,0,0
2020-03-12,Lassen,035,31185,1,0,0,0,0
2020-03-12,Los Angeles,037,10098052,863,30,10,40,0
2020-03-12,Madera,039,155013,16,1,0,1,0
2020-03-12,Marin,041,260295,24,1,0,1,0
2020-03-12,Mariposa,043,17540,0,0,0,0,0
2020-03-12,Mendocino,045,87422,2,0,0,0,0
2020-03-12,Merced,047,269075,2,0,0,0,0
2020-03-12,Modoc,049,8938,0,0,0,0,0
2020-03-12,Mono,051,14174,3,0,0,0,0
2020-03-12,Monterey,053,433212,7,0,0,0,0
2020-03-12,Napa,055,140530,3,0,0,0,0
2020-03-12,Nevada,057,99092,4,0,1,1,0
2020-03-12,Orange,059,3164182,231,7,0,7,0
2020-03-12,Placer,061,380077,23,6,0,6,1
2020-03-12,Plumas,063,18699,0,0,0,0,0
2020-03-12,Riverside,065,2383286,107,5,2,7,0
2020-03-12,Sacramento,067,1510023,105,17,0,17,1
2020-03-12,San Benito,069,59416,5,2,0,2,0
2020-03-12,San Bernardino,071,2135413,79,0,0,0,0
2020-03-12,San Diego,073,3302833,258,9,0,9,0
2020-03-12,San Francisco,075,870044,147,20,0,20,0
2020-03-12,San Joaquin,077,732212,44,3,3,6,1
2020-03-12,San Luis Obispo,079,281455,26,0,0,0,0
2020-03-12,San Mateo,081,765935,158,21,1,22,0
2020-03-12,Santa Barbara,083,443738,22,0,0,0,0
2020-03-12,Santa Clara,085,1922200,409,51,1,52,1
2020-03-12,Santa Cruz,087,273765,29,5,0,5,0
2020-03-12,Shasta,089,179085,2,1,0,1,0
2020-03-12,Sierra,091,2930,0,0,0,0,0
2020-03-12,Siskiyou,093,43540,0,0,0,0,0
2020-03-12,Solano,095,438530,34,26,0,26,0
2020-03-12,Sonoma,097,501317,34,2,0,2,0
2020-03-12,Stanislaus,099,539301,15,2,2,4,0
2020-03-12,Sutter,101,95872,0,0,0,0,0
2020-03-12,Tehama,103,63373,0,0,0,0,0
2020-03-12,Trinity,105,12862,0,0,0,0,0
2020-03-12,Tulare,107,460477,12,1,1,2,0
2020-03-12,Tuolumne,109,53932,1,0,0,0,0
2020-03-12,Ventura,111,848112,45,3,0,3,0
2020-03-12,Yolo,113,214977,14,1,0,1,0
2020-03-12,Yuba,115,75493,1,0,0,0,0
2020-03-11,Alameda,001,1643700,120,5,0,5,0
2020-03-11,Alpine,003,1148,0,0,0,0,0
2020-03-11,Amador,005,37829,0,0,0,0,0
2020-03-11,Butte,007,227075,0,0,0,0,0
2020-03-11,Calaveras,009,45235,2,2,0,2,0
2020-03-11,Colusa,011,21464,0,0,0,0,0
2020-03-11,Contra Costa,013,1133247,94,16,0,16,0
2020-03-11,Del Norte,015,27424,0,0,0,0,0
2020-03-11,El Dorado,017,186661,7,0,0,0,0
2020-03-11,Fresno,019,978130,8,1,1,2,0
2020-03-11,Glenn,021,27897,0,0,0,0,0
2020-03-11,Humboldt,023,135768,6,1,0,1,0
2020-03-11,Imperial,025,180216,9,0,0,0,0
2020-03-11,Inyo,027,18085,0,0,0,0,0
2020-03-11,Kern,029,883053,16,0,0,0,0
2020-03-11,Kings,031,150075,5,0,1,1,0
2020-03-11,Lake,033,64148,0,0,0,0,0
2020-03-11,Lassen,035,31185,1,0,0,0,0
2020-03-11,Los Angeles,037,10098052,695,21,10,31,0
2020-03-11,Madera,039,155013,13,1,0,1,0
2020-03-11,Marin,041,260295,17,1,0,1,0
2020-03-11,Mariposa,043,17540,0,0,0,0,0
2020-03-11,Mendocino,045,87422,1,0,0,0,0
2020-03-11,Merced,047,269075,2,0,0,0,0
2020-03-11,Modoc,049,8938,0,0,0,0,0
2020-03-11,Mono,051,14174,3,0,0,0,0
2020-03-11,Monterey,053,433212,6,0,0,0,0
2020-03-11,Napa,055,140530,2,0,0,0,0
2020-03-11,Nevada,057,99092,4,0,1,1,0
2020-03-11,Orange,059,3164182,202,6,0,6,0
2020-03-11,Placer,061,380077,18,6,0,6,1
2020-03-11,Plumas,063,18699,0,0,0,0,0
2020-03-11,Riverside,065,2383286,81,4,1,5,0
2020-03-11,Sacramento,067,1510023,87,9,0,9,1
2020-03-11,San Benito,069,59416,5,2,0,2,0
2020-03-11,San Bernardino,071,2135413,72,0,0,0,0
2020-03-11,San Diego,073,3302833,208,4,0,4,0
2020-03-11,San Francisco,075,870044,124,17,0,17,0
2020-03-11,San Joaquin,077,732212,33,1,3,4,0
2020-03-11,San Luis Obispo,079,281455,23,0,0,0,0
2020-03-11,San Mateo,081,765935,140,16,0,16,0
2020-03-11,Santa Barbara,083,443738,13,0,0,0,0
2020-03-11,Santa Clara,085,1922200,369,48,1,49,1
2020-03-11,Santa Cruz,087,273765,26,2,0,2,0
2020-03-11,Shasta,089,179085,2,1,0,1,0
2020-03-11,Sierra,091,2930,0,0,0,0,0
2020-03-11,Siskiyou,093,43540,0,0,0,0,0
2020-03-11,Solano,095,438530,29,26,0,26,0
2020-03-11,Sonoma,097,501317,30,2,0,2,0
2020-03-11,Stanislaus,099,539301,15,2,2,4,0
2020-03-11,Sutter,101,95872,0,0,0,0,0
2020-03-11,Tehama,103,63373,0,0,0,0,0
2020-03-11,Trinity,105,12862,0,0,0,0,0
2020-03-11,Tulare,107,460477,10,0,1,1,0
2020-03-11,Tuolumne,109,53932,1,0,0,0,0
2020-03-11,Ventura,111,848112,37,3,0,3,0
2020-03-11,Yolo,113,214977,10,1,0,1,0
2020-03-11,Yuba,115,75493,1,0,0,0,0
2020-03-10,Alameda,001,1643700,98,4,0,4,0
2020-03-10,Alpine,003,1148,0,0,0,0,0
2020-03-10,Amador,005,37829,0,0,0,0,0
2020-03-10,Butte,007,227075,0,0,0,0,0
2020-03-10,Calaveras,009,45235,2,2,0,2,0
2020-03-10,Colusa,011,21464,0,0,0,0,0
2020-03-10,Contra Costa,013,1133247,85,11,0,11,0
2020-03-10,Del Norte,015,27424,0,0,0,0,0
2020-03-10,El Dorado,017,186661,6,0,0,0,0
2020-03-10,Fresno,019,978130,6,1,1,2,0
2020-03-10,Glenn,021,27897,0,0,0,0,0
2020-03-10,Humboldt,023,135768,6,1,0,1,0
2020-03-10,Imperial,025,180216,8,0,0,0,0
2020-03-10,Inyo,027,18085,0,0,0,0,0
2020-03-10,Kern,029,883053,11,0,0,0,0
2020-03-10,Kings,031,150075,5,0,1,1,0
2020-03-10,Lake,033,64148,0,0,0,0,0
2020-03-10,Lassen,035,31185,1,0,0,0,0
2020-03-10,Los Angeles,037,10098052,559,20,10,30,0
2020-03-10,Madera,039,155013,8,1,0,1,0
2020-03-10,Marin,041,260295,16,1,0,1,0
2020-03-10,Mariposa,043,17540,0,0,0,0,0
2020-03-10,Mendocino,045,87422,0,0,0,0,0
2020-03-10,Merced,047,269075,2,0,0,0,0
2020-03-10,Modoc,049,8938,0,0,0,0,0
2020-03-10,Mono,051,14174,3,0,0,0,0
2020-03-10,Monterey,053,433212,4,0,0,0,0
2020-03-10,Napa,055,140530,2,0,0,0,0
2020-03-10,Nevada,057,99092,3,0,1,1,0
2020-03-10,Orange,059,3164182,182,5,0,5,1
2020-03-10,Placer,061,380077,14,7,0,7,1
2020-03-10,Plumas,063,18699,0,0,0,0,0
2020-03-10,Riverside,065,2383286,59,4,1,5,0
2020-03-10,Sacramento,067,1510023,78,8,0,8,0
2020-03-10,San Benito,069,59416,5,2,0,2,0
2020-03-10,San Bernardino,071,2135413,64,0,0,0,0
2020-03-10,San Diego,073,3302833,165,3,0,3,0
2020-03-10,San Francisco,075,870044,92,16,0,16,0
2020-03-10,San Joaquin,077,732212,30,1,3,4,0
2020-03-10,San Luis Obispo,079,281455,15,0,0,0,0
2020-03-10,San Mateo,081,765935,124,11,0,11,0
2020-03-10,Santa Barbara,083,443738,10,0,0,0,0
2020-03-10,Santa Clara,085,1922200,321,45,1,46,1
2020-03-10,Santa Cruz,087,273765,22,2,0,2,0
2020-03-10,Shasta,089,179085,2,1,0,1,0
2020-03-10,Sierra,091,2930,0,0,0,0,0
2020-03-10,Siskiyou,093,43540,0,0,0,0,0
2020-03-10,Solano,095,438530,27,26,0,26,0
2020-03-10,Sonoma,097,501317,27,2,0,2,0
2020-03-10,Stanislaus,099,539301,11,0,2,2,0
2020-03-10,Sutter,101,95872,0,0,0,0,0
2020-03-10,Tehama,103,63373,0,0,0,0,0
2020-03-10,Trinity,105,12862,0,0,0,0,0
2020-03-10,Tulare,107,460477,9,0,1,1,0
2020-03-10,Tuolumne,109,53932,1,0,0,0,0
2020-03-10,Ventura,111,848112,29,1,0,1,0
2020-03-10,Yolo,113,214977,7,2,0,2,0
2020-03-10,Yuba,115,75493,1,0,0,0,0
2020-03-09,Alameda,001,1643700,70,4,0,4,0
2020-03-09,Alpine,003,1148,0,0,0,0,0
2020-03-09,Amador,005,37829,0,0,0,0,0
2020-03-09,Butte,007,227075,0,0,0,0,0
2020-03-09,Calaveras,009,45235,2,0,0,0,0
2020-03-09,Colusa,011,21464,0,0,0,0,0
2020-03-09,Contra Costa,013,1133247,72,9,0,9,0
2020-03-09,Del Norte,015,27424,0,0,0,0,0
2020-03-09,El Dorado,017,186661,4,0,0,0,0
2020-03-09,Fresno,019,978130,6,1,1,2,0
2020-03-09,Glenn,021,27897,0,0,0,0,0
2020-03-09,Humboldt,023,135768,5,1,0,1,0
2020-03-09,Imperial,025,180216,8,0,0,0,0
2020-03-09,Inyo,027,18085,0,0,0,0,0
2020-03-09,Kern,029,883053,8,0,0,0,0
2020-03-09,Kings,031,150075,4,0,1,1,0
2020-03-09,Lake,033,64148,0,0,0,0,0
2020-03-09,Lassen,035,31185,1,0,0,0,0
2020-03-09,Los Angeles,037,10098052,457,17,9,26,0
2020-03-09,Madera,039,155013,8,1,0,1,0
2020-03-09,Marin,041,260295,15,1,0,1,0
2020-03-09,Mariposa,043,17540,0,0,0,0,0
2020-03-09,Mendocino,045,87422,0,0,0,0,0
2020-03-09,Merced,047,269075,2,0,0,0,0
2020-03-09,Modoc,049,8938,0,0,0,0,0
2020-03-09,Mono,051,14174,3,0,0,0,0
2020-03-09,Monterey,053,433212,2,0,0,0,0
2020-03-09,Napa,055,140530,2,0,0,0,0
2020-03-09,Nevada,057,99092,2,0,1,1,0
2020-03-09,Orange,059,3164182,154,4,0,4,0
2020-03-09,Placer,061,380077,12,7,0,7,1
2020-03-09,Plumas,063,18699,0,0,0,0,0
2020-03-09,Riverside,065,2383286,49,4,1,5,0
2020-03-09,Sacramento,067,1510023,74,8,0,8,0
2020-03-09,San Benito,069,59416,3,2,0,2,0
2020-03-09,San Bernardino,071,2135413,53,0,0,0,0
2020-03-09,San Diego,073,3302833,126,2,0,2,0
2020-03-09,San Francisco,075,870044,72,14,0,14,0
2020-03-09,San Joaquin,077,732212,21,0,3,3,0
2020-03-09,San Luis Obispo,079,281455,15,0,0,0,0
2020-03-09,San Mateo,081,765935,110,6,0,6,0
2020-03-09,Santa Barbara,083,443738,8,0,0,0,0
2020-03-09,Santa Clara,085,1922200,277,42,1,43,1
2020-03-09,Santa Cruz,087,273765,19,2,0,2,0
2020-03-09,Shasta,089,179085,2,1,0,1,0
2020-03-09,Sierra,091,2930,0,0,0,0,0
2020-03-09,Siskiyou,093,43540,0,0,0,0,0
2020-03-09,Solano,095,438530,25,26,0,26,0
2020-03-09,Sonoma,097,501317,22,2,0,2,0
2020-03-09,Stanislaus,099,539301,11,0,2,2,0
2020-03-09,Sutter,101,95872,0,0,0,0,0
2020-03-09,Tehama,103,63373,0,0,0,0,0
2020-03-09,Trinity,105,12862,0,0,0,0,0
2020-03-09,Tulare,107,460477,9,0,1,1,0
2020-03-09,Tuolumne,109,53932,1,0,0,0,0
2020-03-09,Ventura,111,848112,25,1,0,1,0
2020-03-09,Yolo,113,214977,6,2,0,2,0
2020-03-09,Yuba,115,75493,0,0,0,0,0
2020-03-08,Alameda,001,1643700,45,4,0,4,0
2020-03-08,Alpine,003,1148,0,0,0,0,0
2020-03-08,Amador,005,37829,0,0,0,0,0
2020-03-08,Butte,007,227075,0,0,0,0,0
2020-03-08,Calaveras,009,45235,2,0,0,0,0
2020-03-08,Colusa,011,21464,0,0,0,0,0
2020-03-08,Contra Costa,013,1133247,58,9,0,9,0
2020-03-08,Del Norte,015,27424,0,0,0,0,0
2020-03-08,El Dorado,017,186661,4,0,0,0,0
2020-03-08,Fresno,019,978130,4,1,1,2,0
2020-03-08,Glenn,021,27897,0,0,0,0,0
2020-03-08,Humboldt,023,135768,5,1,0,1,0
2020-03-08,Imperial,025,180216,8,0,0,0,0
2020-03-08,Inyo,027,18085,0,0,0,0,0
2020-03-08,Kern,029,883053,8,0,0,0,0
2020-03-08,Kings,031,150075,3,0,1,1,0
2020-03-08,Lake,033,64148,0,0,0,0,0
2020-03-08,Lassen,035,31185,0,0,0,0,0
2020-03-08,Los Angeles,037,10098052,364,14,9,23,0
2020-03-08,Madera,039,155013,8,1,0,1,0
2020-03-08,Marin,041,260295,13,1,0,1,0
2020-03-08,Mariposa,043,17540,0,0,0,0,0
2020-03-08,Mendocino,045,87422,0,0,0,0,0
2020-03-08,Merced,047,269075,2,0,0,0,0
2020-03-08,Modoc,049,8938,0,0,0,0,0
2020-03-08,Mono,051,14174,3,0,0,0,0
2020-03-08,Monterey,053,433212,2,0,0,0,0
2020-03-08,Napa,055,140530,2,0,0,0,0
2020-03-08,Nevada,057,99092,1,0,1,1,0
2020-03-08,Orange,059,3164182,129,4,0,4,0
2020-03-08,Placer,061,380077,11,7,0,7,1
2020-03-08,Plumas,063,18699,0,0,0,0,0
2020-03-08,Riverside,065,2383286,41,1,1,2,0
2020-03-08,Sacramento,067,1510023,64,5,0,5,0
2020-03-08,San Benito,069,59416,3,2,0,2,0
2020-03-08,San Bernardino,071,2135413,42,0,0,0,0
2020-03-08,San Diego,073,3302833,92,2,0,2,0
2020-03-08,San Francisco,075,870044,53,9,0,9,0
2020-03-08,San Joaquin,077,732212,18,0,3,3,0
2020-03-08,San Luis Obispo,079,281455,9,0,0,0,0
2020-03-08,San Mateo,081,765935,97,4,0,4,0
2020-03-08,Santa Barbara,083,443738,5,0,0,0,0
2020-03-08,Santa Clara,085,1922200,235,36,1,37,0
2020-03-08,Santa Cruz,087,273765,17,1,0,1,0
2020-03-08,Shasta,089,179085,2,0,0,0,0
2020-03-08,Sierra,091,2930,0,0,0,0,0
2020-03-08,Siskiyou,093,43540,0,0,0,0,0
2020-03-08,Solano,095,438530,24,26,0,26,0
2020-03-08,Sonoma,097,501317,17,2,0,2,0
2020-03-08,Stanislaus,099,539301,10,0,2,2,0
2020-03-08,Sutter,101,95872,0,0,0,0,0
2020-03-08,Tehama,103,63373,0,0,0,0,0
2020-03-08,Trinity,105,12862,0,0,0,0,0
2020-03-08,Tulare,107,460477,9,0,0,0,0
2020-03-08,Tuolumne,109,53932,1,0,0,0,0
2020-03-08,Ventura,111,848112,21,1,0,1,0
2020-03-08,Yolo,113,214977,3,2,0,2,0
2020-03-08,Yuba,115,75493,0,0,0,0,0
2020-03-07,Alameda,001,1643700,40,3,0,3,0
2020-03-07,Alpine,003,1148,0,0,0,0,0
2020-03-07,Amador,005,37829,0,0,0,0,0
2020-03-07,Butte,007,227075,0,0,0,0,0
2020-03-07,Calaveras,009,45235,2,0,0,0,0
2020-03-07,Colusa,011,21464,0,0,0,0,0
2020-03-07,Contra Costa,013,1133247,55,4,0,4,0
2020-03-07,Del Norte,015,27424,0,0,0,0,0
2020-03-07,El Dorado,017,186661,3,0,0,0,0
2020-03-07,Fresno,019,978130,3,1,1,2,0
2020-03-07,Glenn,021,27897,0,0,0,0,0
2020-03-07,Humboldt,023,135768,5,1,0,1,0
2020-03-07,Imperial,025,180216,7,0,0,0,0
2020-03-07,Inyo,027,18085,0,0,0,0,0
2020-03-07,Kern,029,883053,7,0,0,0,0
2020-03-07,Kings,031,150075,3,0,1,1,0
2020-03-07,Lake,033,64148,0,0,0,0,0
2020-03-07,Lassen,035,31185,0,0,0,0,0
2020-03-07,Los Angeles,037,10098052,314,14,9,23,0
2020-03-07,Madera,039,155013,7,1,0,1,0
2020-03-07,Marin,041,260295,11,0,0,0,0
2020-03-07,Mariposa,043,17540,0,0,0,0,0
2020-03-07,Mendocino,045,87422,0,0,0,0,0
2020-03-07,Merced,047,269075,2,0,0,0,0
2020-03-07,Modoc,049,8938,0,0,0,0,0
2020-03-07,Mono,051,14174,3,0,0,0,0
2020-03-07,Monterey,053,433212,2,0,0,0,0
2020-03-07,Napa,055,140530,1,0,0,0,0
2020-03-07,Nevada,057,99092,1,0,1,1,0
2020-03-07,Orange,059,3164182,121,4,0,4,0
2020-03-07,Placer,061,380077,11,6,0,6,1
2020-03-07,Plumas,063,18699,0,0,0,0,0
2020-03-07,Riverside,065,2383286,31,0,1,1,0
2020-03-07,Sacramento,067,1510023,51,4,0,4,0
2020-03-07,San Benito,069,59416,3,2,0,2,0
2020-03-07,San Bernardino,071,2135413,40,0,0,0,0
2020-03-07,San Diego,073,3302833,74,2,0,2,0
2020-03-07,San Francisco,075,870044,47,9,0,9,0
2020-03-07,San Joaquin,077,732212,16,0,3,3,0
2020-03-07,San Luis Obispo,079,281455,6,0,0,0,0
2020-03-07,San Mateo,081,765935,87,1,0,1,0
2020-03-07,Santa Barbara,083,443738,5,0,0,0,0
2020-03-07,Santa Clara,085,1922200,205,31,1,32,0
2020-03-07,Santa Cruz,087,273765,17,1,0,1,0
2020-03-07,Shasta,089,179085,2,0,0,0,0
2020-03-07,Sierra,091,2930,0,0,0,0,0
2020-03-07,Siskiyou,093,43540,0,0,0,0,0
2020-03-07,Solano,095,438530,23,25,0,25,0
2020-03-07,Sonoma,097,501317,13,2,0,2,0
2020-03-07,Stanislaus,099,539301,9,0,2,2,0
2020-03-07,Sutter,101,95872,0,0,0,0,0
2020-03-07,Tehama,103,63373,0,0,0,0,0
2020-03-07,Trinity,105,12862,0,0,0,0,0
2020-03-07,Tulare,107,460477,6,0,0,0,0
2020-03-07,Tuolumne,109,53932,1,0,0,0,0
2020-03-07,Ventura,111,848112,18,1,0,1,0
2020-03-07,Yolo,113,214977,3,2,0,2,0
2020-03-07,Yuba,115,75493,0,0,0,0,0
2020-03-06,Alameda,001,1643700,38,3,0,3,0
2020-03-06,Alpine,003,1148,0,0,0,0,0
2020-03-06,Amador,005,37829,0,0,0,0,0
2020-03-06,Butte,007,227075,0,0,0,0,0
2020-03-06,Calaveras,009,45235,2,0,0,0,0
2020-03-06,Colusa,011,21464,0,0,0,0,0
2020-03-06,Contra Costa,013,1133247,46,4,0,4,0
2020-03-06,Del Norte,015,27424,0,0,0,0,0
2020-03-06,El Dorado,017,186661,3,0,0,0,0
2020-03-06,Fresno,019,978130,2,0,1,1,0
2020-03-06,Glenn,021,27897,0,0,0,0,0
2020-03-06,Humboldt,023,135768,4,1,0,1,0
2020-03-06,Imperial,025,180216,6,0,0,0,0
2020-03-06,Inyo,027,18085,0,0,0,0,0
2020-03-06,Kern,029,883053,6,0,0,0,0
2020-03-06,Kings,031,150075,3,0,1,1,0
2020-03-06,Lake,033,64148,0,0,0,0,0
2020-03-06,Lassen,035,31185,0,0,0,0,0
2020-03-06,Los Angeles,037,10098052,270,13,9,22,0
2020-03-06,Madera,039,155013,6,0,0,0,0
2020-03-06,Marin,041,260295,10,0,0,0,0
2020-03-06,Mariposa,043,17540,0,0,0,0,0
2020-03-06,Mendocino,045,87422,0,0,0,0,0
2020-03-06,Merced,047,269075,2,0,0,0,0
2020-03-06,Modoc,049,8938,0,0,0,0,0
2020-03-06,Mono,051,14174,1,0,0,0,0
2020-03-06,Monterey,053,433212,2,0,0,0,0
2020-03-06,Napa,055,140530,1,0,0,0,0
2020-03-06,Nevada,057,99092,1,0,1,1,0
2020-03-06,Orange,059,3164182,95,4,0,4,0
2020-03-06,Placer,061,380077,10,5,0,5,1
2020-03-06,Plumas,063,18699,0,0,0,0,0
2020-03-06,Riverside,065,2383286,30,0,1,1,0
2020-03-06,Sacramento,067,1510023,42,2,0,2,0
2020-03-06,San Benito,069,59416,3,2,0,2,0
2020-03-06,San Bernardino,071,2135413,38,0,0,0,0
2020-03-06,San Diego,073,3302833,61,2,0,2,0
2020-03-06,San Francisco,075,870044,41,2,0,2,0
2020-03-06,San Joaquin,077,732212,13,0,3,3,0
2020-03-06,San Luis Obispo,079,281455,4,0,0,0,0
2020-03-06,San Mateo,081,765935,79,1,0,1,0
2020-03-06,Santa Barbara,083,443738,3,0,0,0,0
2020-03-06,Santa Clara,085,1922200,187,20,1,21,0
2020-03-06,Santa Cruz,087,273765,15,0,0,0,0
2020-03-06,Shasta,089,179085,2,0,0,0,0
2020-03-06,Sierra,091,2930,0,0,0,0,0
2020-03-06,Siskiyou,093,43540,0,0,0,0,0
2020-03-06,Solano,095,438530,22,25,0,25,0
2020-03-06,Sonoma,097,501317,13,2,0,2,0
2020-03-06,Stanislaus,099,539301,5,0,2,2,0
2020-03-06,Sutter,101,95872,0,0,0,0,0
2020-03-06,Tehama,103,63373,0,0,0,0,0
2020-03-06,Trinity,105,12862,0,0,0,0,0
2020-03-06,Tulare,107,460477,6,0,0,0,0
2020-03-06,Tuolumne,109,53932,1,0,0,0,0
2020-03-06,Ventura,111,848112,15,1,0,1,0
2020-03-06,Yolo,113,214977,3,1,0,1,0
2020-03-06,Yuba,115,75493,0,0,0,0,0
2020-03-05,Alameda,001,1643700,33,2,0,2,0
2020-03-05,Alpine,003,1148,0,0,0,0,0
2020-03-05,Amador,005,37829,0,0,0,0,0
2020-03-05,Butte,007,227075,0,0,0,0,0
2020-03-05,Calaveras,009,45235,2,0,0,0,0
2020-03-05,Colusa,011,21464,0,0,0,0,0
2020-03-05,Contra Costa,013,1133247,39,1,0,1,0
2020-03-05,Del Norte,015,27424,0,0,0,0,0
2020-03-05,El Dorado,017,186661,1,0,0,0,0
2020-03-05,Fresno,019,978130,2,0,1,1,0
2020-03-05,Glenn,021,27897,0,0,0,0,0
2020-03-05,Humboldt,023,135768,4,1,0,1,0
2020-03-05,Imperial,025,180216,5,0,0,0,0
2020-03-05,Inyo,027,18085,0,0,0,0,0
2020-03-05,Kern,029,883053,6,0,0,0,0
2020-03-05,Kings,031,150075,3,0,1,1,0
2020-03-05,Lake,033,64148,0,0,0,0,0
2020-03-05,Lassen,035,31185,0,0,0,0,0
2020-03-05,Los Angeles,037,10098052,223,11,9,20,0
2020-03-05,Madera,039,155013,5,0,0,0,0
2020-03-05,Marin,041,260295,10,0,0,0,0
2020-03-05,Mariposa,043,17540,0,0,0,0,0
2020-03-05,Mendocino,045,87422,0,0,0,0,0
2020-03-05,Merced,047,269075,2,0,0,0,0
2020-03-05,Modoc,049,8938,0,0,0,0,0
2020-03-05,Mono,051,14174,1,0,0,0,0
2020-03-05,Monterey,053,433212,2,0,0,0,0
2020-03-05,Napa,055,140530,1,0,0,0,0
2020-03-05,Nevada,057,99092,0,0,1,1,0
2020-03-05,Orange,059,3164182,80,3,0,3,0
2020-03-05,Placer,061,380077,10,2,0,2,1
2020-03-05,Plumas,063,18699,0,0,0,0,0
2020-03-05,Riverside,065,2383286,27,0,1,1,0
2020-03-05,Sacramento,067,1510023,36,2,0,2,0
2020-03-05,San Benito,069,59416,1,2,0,2,0
2020-03-05,San Bernardino,071,2135413,33,0,0,0,0
2020-03-05,San Diego,073,3302833,54,2,0,2,0
2020-03-05,San Francisco,075,870044,31,2,0,2,0
2020-03-05,San Joaquin,077,732212,10,0,3,3,0
2020-03-05,San Luis Obispo,079,281455,4,0,0,0,0
2020-03-05,San Mateo,081,765935,65,1,0,1,0
2020-03-05,Santa Barbara,083,443738,2,0,0,0,0
2020-03-05,Santa Clara,085,1922200,163,14,1,15,0
2020-03-05,Santa Cruz,087,273765,13,0,0,0,0
2020-03-05,Shasta,089,179085,2,0,0,0,0
2020-03-05,Sierra,091,2930,0,0,0,0,0
2020-03-05,Siskiyou,093,43540,0,0,0,0,0
2020-03-05,Solano,095,438530,22,24,0,24,0
2020-03-05,Sonoma,097,501317,12,2,0,2,0
2020-03-05,Stanislaus,099,539301,4,0,2,2,0
2020-03-05,Sutter,101,95872,0,0,0,0,0
2020-03-05,Tehama,103,63373,0,0,0,0,0
2020-03-05,Trinity,105,12862,0,0,0,0,0
2020-03-05,Tulare,107,460477,6,0,0,0,0
2020-03-05,Tuolumne,109,53932,1,0,0,0,0
2020-03-05,Ventura,111,848112,13,0,0,0,0
2020-03-05,Yolo,113,214977,3,0,0,0,0
2020-03-05,Yuba,115,75493,0,0,0,0,0
2020-03-04,Alameda,001,1643700,29,2,0,2,0
2020-03-04,Alpine,003,1148,0,0,0,0,0
2020-03-04,Amador,005,37829,0,0,0,0,0
2020-03-04,Butte,007,227075,0,0,0,0,0
2020-03-04,Calaveras,009,45235,0,0,0,0,0
2020-03-04,Colusa,011,21464,0,0,0,0,0
2020-03-04,Contra Costa,013,1133247,34,1,0,1,0
2020-03-04,Del Norte,015,27424,0,0,0,0,0
2020-03-04,El Dorado,017,186661,1,0,0,0,0
2020-03-04,Fresno,019,978130,2,0,1,1,0
2020-03-04,Glenn,021,27897,0,0,0,0,0
2020-03-04,Humboldt,023,135768,1,1,0,1,0
2020-03-04,Imperial,025,180216,5,0,0,0,0
2020-03-04,Inyo,027,18085,0,0,0,0,0
2020-03-04,Kern,029,883053,6,0,0,0,0
2020-03-04,Kings,031,150075,3,0,1,1,0
2020-03-04,Lake,033,64148,0,0,0,0,0
2020-03-04,Lassen,035,31185,0,0,0,0,0
2020-03-04,Los Angeles,037,10098052,188,7,9,16,0
2020-03-04,Madera,039,155013,5,0,0,0,0
2020-03-04,Marin,041,260295,10,0,0,0,0
2020-03-04,Mariposa,043,17540,0,0,0,0,0
2020-03-04,Mendocino,045,87422,0,0,0,0,0
2020-03-04,Merced,047,269075,2,0,0,0,0
2020-03-04,Modoc,049,8938,0,0,0,0,0
2020-03-04,Mono,051,14174,1,0,0,0,0
2020-03-04,Monterey,053,433212,2,0,0,0,0
2020-03-04,Napa,055,140530,1,0,0,0,0
2020-03-04,Nevada,057,99092,0,0,1,1,0
2020-03-04,Orange,059,3164182,77,3,0,3,0
2020-03-04,Placer,061,380077,9,2,0,2,1
2020-03-04,Plumas,063,18699,0,0,0,0,0
2020-03-04,Riverside,065,2383286,23,0,1,1,0
2020-03-04,Sacramento,067,1510023,31,1,0,1,0
2020-03-04,San Benito,069,59416,1,2,0,2,0
2020-03-04,San Bernardino,071,2135413,30,0,0,0,0
2020-03-04,San Diego,073,3302833,41,2,0,2,0
2020-03-04,San Francisco,075,870044,26,0,0,0,0
2020-03-04,San Joaquin,077,732212,9,0,3,3,0
2020-03-04,San Luis Obispo,079,281455,4,0,0,0,0
2020-03-04,San Mateo,081,765935,60,1,0,1,0
2020-03-04,Santa Barbara,083,443738,2,0,0,0,0
2020-03-04,Santa Clara,085,1922200,146,12,1,13,0
2020-03-04,Santa Cruz,087,273765,13,0,0,0,0
2020-03-04,Shasta,089,179085,2,0,0,0,0
2020-03-04,Sierra,091,2930,0,0,0,0,0
2020-03-04,Siskiyou,093,43540,0,0,0,0,0
2020-03-04,Solano,095,438530,21,24,0,24,0
2020-03-04,Sonoma,097,501317,11,2,0,2,0
2020-03-04,Stanislaus,099,539301,4,0,2,2,0
2020-03-04,Sutter,101,95872,0,0,0,0,0
2020-03-04,Tehama,103,63373,0,0,0,0,0
2020-03-04,Trinity,105,12862,0,0,0,0,0
2020-03-04,Tulare,107,460477,6,0,0,0,0
2020-03-04,Tuolumne,109,53932,0,0,0,0,0
2020-03-04,Ventura,111,848112,12,0,0,0,0
2020-03-04,Yolo,113,214977,3,0,0,0,0
2020-03-04,Yuba,115,75493,0,0,0,0,0
2020-03-03,Alameda,001,1643700,24,2,0,2,0
2020-03-03,Alpine,003,1148,0,0,0,0,0
2020-03-03,Amador,005,37829,0,0,0,0,0
2020-03-03,Butte,007,227075,0,0,0,0,0
2020-03-03,Calaveras,009,45235,0,0,0,0,0
2020-03-03,Colusa,011,21464,0,0,0,0,0
2020-03-03,Contra Costa,013,1133247,30,0,0,0,0
2020-03-03,Del Norte,015,27424,0,0,0,0,0
2020-03-03,El Dorado,017,186661,1,0,0,0,0
2020-03-03,Fresno,019,978130,1,0,1,1,0
2020-03-03,Glenn,021,27897,0,0,0,0,0
2020-03-03,Humboldt,023,135768,1,1,0,1,0
2020-03-03,Imperial,025,180216,5,0,0,0,0
2020-03-03,Inyo,027,18085,0,0,0,0,0
2020-03-03,Kern,029,883053,4,0,0,0,0
2020-03-03,Kings,031,150075,3,0,1,1,0
2020-03-03,Lake,033,64148,0,0,0,0,0
2020-03-03,Lassen,035,31185,0,0,0,0,0
2020-03-03,Los Angeles,037,10098052,169,5,9,14,0
2020-03-03,Madera,039,155013,4,0,0,0,0
2020-03-03,Marin,041,260295,6,0,0,0,0
2020-03-03,Mariposa,043,17540,0,0,0,0,0
2020-03-03,Mendocino,045,87422,0,0,0,0,0
2020-03-03,Merced,047,269075,2,0,0,0,0
2020-03-03,Modoc,049,8938,0,0,0,0,0
2020-03-03,Mono,051,14174,1,0,0,0,0
2020-03-03,Monterey,053,433212,1,0,0,0,0
2020-03-03,Napa,055,140530,1,0,0,0,0
2020-03-03,Nevada,057,99092,0,0,1,1,0
2020-03-03,Orange,059,3164182,69,1,0,1,0
2020-03-03,Placer,061,380077,8,2,0,2,0
2020-03-03,Plumas,063,18699,0,0,0,0,0
2020-03-03,Riverside,065,2383286,20,0,1,1,0
2020-03-03,Sacramento,067,1510023,30,1,0,1,0
2020-03-03,San Benito,069,59416,1,2,0,2,0
2020-03-03,San Bernardino,071,2135413,27,0,0,0,0
2020-03-03,San Diego,073,3302833,34,2,0,2,0
2020-03-03,San Francisco,075,870044,24,0,0,0,0
2020-03-03,San Joaquin,077,732212,8,0,3,3,0
2020-03-03,San Luis Obispo,079,281455,2,0,0,0,0
2020-03-03,San Mateo,081,765935,53,1,0,1,0
2020-03-03,Santa Barbara,083,443738,1,0,0,0,0
2020-03-03,Santa Clara,085,1922200,131,11,1,12,0
2020-03-03,Santa Cruz,087,273765,10,0,0,0,0
2020-03-03,Shasta,089,179085,2,0,0,0,0
2020-03-03,Sierra,091,2930,0,0,0,0,0
2020-03-03,Siskiyou,093,43540,0,0,0,0,0
2020-03-03,Solano,095,438530,20,24,0,24,0
2020-03-03,Sonoma,097,501317,11,1,0,1,0
2020-03-03,Stanislaus,099,539301,4,0,2,2,0
2020-03-03,Sutter,101,95872,0,0,0,0,0
2020-03-03,Tehama,103,63373,0,0,0,0,0
2020-03-03,Trinity,105,12862,0,0,0,0,0
2020-03-03,Tulare,107,460477,6,0,0,0,0
2020-03-03,Tuolumne,109,53932,0,0,0,0,0
2020-03-03,Ventura,111,848112,11,0,0,0,0
2020-03-03,Yolo,113,214977,2,0,0,0,0
2020-03-03,Yuba,115,75493,0,0,0,0,0
2020-03-02,Alameda,001,1643700,21,1,0,1,0
2020-03-02,Alpine,003,1148,0,0,0,0,0
2020-03-02,Amador,005,37829,0,0,0,0,0
2020-03-02,Butte,007,227075,0,0,0,0,0
2020-03-02,Calaveras,009,45235,0,0,0,0,0
2020-03-02,Colusa,011,21464,0,0,0,0,0
2020-03-02,Contra Costa,013,1133247,27,0,0,0,0
2020-03-02,Del Norte,015,27424,0,0,0,0,0
2020-03-02,El Dorado,017,186661,1,0,0,0,0
2020-03-02,Fresno,019,978130,1,0,1,1,0
2020-03-02,Glenn,021,27897,0,0,0,0,0
2020-03-02,Humboldt,023,135768,1,1,0,1,0
2020-03-02,Imperial,025,180216,5,0,0,0,0
2020-03-02,Inyo,027,18085,0,0,0,0,0
2020-03-02,Kern,029,883053,4,0,0,0,0
2020-03-02,Kings,031,150075,3,0,1,1,0
2020-03-02,Lake,033,64148,0,0,0,0,0
2020-03-02,Lassen,035,31185,0,0,0,0,0
2020-03-02,Los Angeles,037,10098052,154,1,9,10,0
2020-03-02,Madera,039,155013,4,0,0,0,0
2020-03-02,Marin,041,260295,6,0,0,0,0
2020-03-02,Mariposa,043,17540,0,0,0,0,0
2020-03-02,Mendocino,045,87422,0,0,0,0,0
2020-03-02,Merced,047,269075,1,0,0,0,0
2020-03-02,Modoc,049,8938,0,0,0,0,0
2020-03-02,Mono,051,14174,1,0,0,0,0
2020-03-02,Monterey,053,433212,1,0,0,0,0
2020-03-02,Napa,055,140530,1,0,0,0,0
2020-03-02,Nevada,057,99092,0,0,1,1,0
2020-03-02,Orange,059,3164182,64,1,0,1,0
2020-03-02,Placer,061,380077,8,1,0,1,0
2020-03-02,Plumas,063,18699,0,0,0,0,0
2020-03-02,Riverside,065,2383286,19,0,1,1,0
2020-03-02,Sacramento,067,1510023,25,1,0,1,0
2020-03-02,San Benito,069,59416,1,2,0,2,0
2020-03-02,San Bernardino,071,2135413,27,0,0,0,0
2020-03-02,San Diego,073,3302833,28,2,0,2,0
2020-03-02,San Francisco,075,870044,17,0,0,0,0
2020-03-02,San Joaquin,077,732212,7,0,3,3,0
2020-03-02,San Luis Obispo,079,281455,2,0,0,0,0
2020-03-02,San Mateo,081,765935,44,1,0,1,0
2020-03-02,Santa Barbara,083,443738,1,0,0,0,0
2020-03-02,Santa Clara,085,1922200,109,7,1,8,0
2020-03-02,Santa Cruz,087,273765,9,0,0,0,0
2020-03-02,Shasta,089,179085,2,0,0,0,0
2020-03-02,Sierra,091,2930,0,0,0,0,0
2020-03-02,Siskiyou,093,43540,0,0,0,0,0
2020-03-02,Solano,095,438530,19,24,0,24,0
2020-03-02,Sonoma,097,501317,10,1,0,1,0
2020-03-02,Stanislaus,099,539301,2,0,2,2,0
2020-03-02,Sutter,101,95872,0,0,0,0,0
2020-03-02,Tehama,103,63373,0,0,0,0,0
2020-03-02,Trinity,105,12862,0,0,0,0,0
2020-03-02,Tulare,107,460477,6,0,0,0,0
2020-03-02,Tuolumne,109,53932,0,0,0,0,0
2020-03-02,Ventura,111,848112,10,0,0,0,0
2020-03-02,Yolo,113,214977,2,0,0,0,0
2020-03-02,Yuba,115,75493,0,0,0,0,0
2020-03-01,Alameda,001,1643700,20,1,0,1,0
2020-03-01,Alpine,003,1148,0,0,0,0,0
2020-03-01,Amador,005,37829,0,0,0,0,0
2020-03-01,Butte,007,227075,0,0,0,0,0
2020-03-01,Calaveras,009,45235,0,0,0,0,0
2020-03-01,Colusa,011,21464,0,0,0,0,0
2020-03-01,Contra Costa,013,1133247,24,0,0,0,0
2020-03-01,Del Norte,015,27424,0,0,0,0,0
2020-03-01,El Dorado,017,186661,1,0,0,0,0
2020-03-01,Fresno,019,978130,0,0,1,1,0
2020-03-01,Glenn,021,27897,0,0,0,0,0
2020-03-01,Humboldt,023,135768,1,1,0,1,0
2020-03-01,Imperial,025,180216,5,0,0,0,0
2020-03-01,Inyo,027,18085,0,0,0,0,0
2020-03-01,Kern,029,883053,2,0,0,0,0
2020-03-01,Kings,031,150075,3,0,1,1,0
2020-03-01,Lake,033,64148,0,0,0,0,0
2020-03-01,Lassen,035,31185,0,0,0,0,0
2020-03-01,Los Angeles,037,10098052,135,1,9,10,0
2020-03-01,Madera,039,155013,2,0,0,0,0
2020-03-01,Marin,041,260295,5,0,0,0,0
2020-03-01,Mariposa,043,17540,0,0,0,0,0
2020-03-01,Mendocino,045,87422,0,0,0,0,0
2020-03-01,Merced,047,269075,1,0,0,0,0
2020-03-01,Modoc,049,8938,0,0,0,0,0
2020-03-01,Mono,051,14174,1,0,0,0,0
2020-03-01,Monterey,053,433212,0,0,0,0,0
2020-03-01,Napa,055,140530,1,0,0,0,0
2020-03-01,Nevada,057,99092,0,0,1,1,0
2020-03-01,Orange,059,3164182,61,1,0,1,0
2020-03-01,Placer,061,380077,8,0,0,0,0
2020-03-01,Plumas,063,18699,0,0,0,0,0
2020-03-01,Riverside,065,2383286,18,0,1,1,0
2020-03-01,Sacramento,067,1510023,21,1,0,1,0
2020-03-01,San Benito,069,59416,0,2,0,2,0
2020-03-01,San Bernardino,071,2135413,25,0,0,0,0
2020-03-01,San Diego,073,3302833,21,2,0,2,0
2020-03-01,San Francisco,075,870044,13,0,0,0,0
2020-03-01,San Joaquin,077,732212,7,0,3,3,0
2020-03-01,San Luis Obispo,079,281455,2,0,0,0,0
2020-03-01,San Mateo,081,765935,36,0,0,0,0
2020-03-01,Santa Barbara,083,443738,1,0,0,0,0
2020-03-01,Santa Clara,085,1922200,96,6,1,7,0
2020-03-01,Santa Cruz,087,273765,8,0,0,0,0
2020-03-01,Shasta,089,179085,2,0,0,0,0
2020-03-01,Sierra,091,2930,0,0,0,0,0
2020-03-01,Siskiyou,093,43540,0,0,0,0,0
2020-03-01,Solano,095,438530,19,24,0,24,0
2020-03-01,Sonoma,097,501317,9,0,0,0,0
2020-03-01,Stanislaus,099,539301,2,0,2,2,0
2020-03-01,Sutter,101,95872,0,0,0,0,0
2020-03-01,Tehama,103,63373,0,0,0,0,0
2020-03-01,Trinity,105,12862,0,0,0,0,0
2020-03-01,Tulare,107,460477,6,0,0,0,0
2020-03-01,Tuolumne,109,53932,0,0,0,0,0
2020-03-01,Ventura,111,848112,8,0,0,0,0
2020-03-01,Yolo,113,214977,2,0,0,0,0
2020-03-01,Yuba,115,75493,0,0,0,0,0
2020-02-29,Alameda,001,1643700,16,0,0,0,0
2020-02-29,Alpine,003,1148,0,0,0,0,0
2020-02-29,Amador,005,37829,0,0,0,0,0
2020-02-29,Butte,007,227075,0,0,0,0,0
2020-02-29,Calaveras,009,45235,0,0,0,0,0
2020-02-29,Colusa,011,21464,0,0,0,0,0
2020-02-29,Contra Costa,013,1133247,20,0,0,0,0
2020-02-29,Del Norte,015,27424,0,0,0,0,0
2020-02-29,El Dorado,017,186661,1,0,0,0,0
2020-02-29,Fresno,019,978130,0,0,0,0,0
2020-02-29,Glenn,021,27897,0,0,0,0,0
2020-02-29,Humboldt,023,135768,1,1,0,1,0
2020-02-29,Imperial,025,180216,3,0,0,0,0
2020-02-29,Inyo,027,18085,0,0,0,0,0
2020-02-29,Kern,029,883053,2,0,0,0,0
2020-02-29,Kings,031,150075,3,0,1,1,0
2020-02-29,Lake,033,64148,0,0,0,0,0
2020-02-29,Lassen,035,31185,0,0,0,0,0
2020-02-29,Los Angeles,037,10098052,107,1,9,10,0
2020-02-29,Madera,039,155013,2,0,0,0,0
2020-02-29,Marin,041,260295,4,0,0,0,0
2020-02-29,Mariposa,043,17540,0,0,0,0,0
2020-02-29,Mendocino,045,87422,0,0,0,0,0
2020-02-29,Merced,047,269075,1,0,0,0,0
2020-02-29,Modoc,049,8938,0,0,0,0,0
2020-02-29,Mono,051,14174,1,0,0,0,0
2020-02-29,Monterey,053,433212,0,0,0,0,0
2020-02-29,Napa,055,140530,1,0,0,0,0
2020-02-29,Nevada,057,99092,0,0,1,1,0
2020-02-29,Orange,059,3164182,56,1,0,1,0
2020-02-29,Placer,061,380077,7,0,0,0,0
2020-02-29,Plumas,063,18699,0,0,0,0,0
2020-02-29,Riverside,065,2383286,15,0,1,1,0
2020-02-29,Sacramento,067,1510023,16,1,0,1,0
2020-02-29,San Benito,069,59416,0,2,0,2,0
2020-02-29,San Bernardino,071,2135413,23,0,0,0,0
2020-02-29,San Diego,073,3302833,16,2,0,2,0
2020-02-29,San Francisco,075,870044,12,0,0,0,0
2020-02-29,San Joaquin,077,732212,6,0,3,3,0
2020-02-29,San Luis Obispo,079,281455,2,0,0,0,0
2020-02-29,San Mateo,081,765935,29,0,0,0,0
2020-02-29,Santa Barbara,083,443738,0,0,0,0,0
2020-02-29,Santa Clara,085,1922200,74,3,1,4,0
2020-02-29,Santa Cruz,087,273765,8,0,0,0,0
2020-02-29,Shasta,089,179085,2,0,0,0,0
2020-02-29,Sierra,091,2930,0,0,0,0,0
2020-02-29,Siskiyou,093,43540,0,0,0,0,0
2020-02-29,Solano,095,438530,18,23,0,23,0
2020-02-29,Sonoma,097,501317,6,0,0,0,0
2020-02-29,Stanislaus,099,539301,2,0,2,2,0
2020-02-29,Sutter,101,95872,0,0,0,0,0
2020-02-29,Tehama,103,63373,0,0,0,0,0
2020-02-29,Trinity,105,12862,0,0,0,0,0
2020-02-29,Tulare,107,460477,4,0,0,0,0
2020-02-29,Tuolumne,109,53932,0,0,0,0,0
2020-02-29,Ventura,111,848112,6,0,0,0,0
2020-02-29,Yolo,113,214977,2,0,0,0,0
2020-02-29,Yuba,115,75493,0,0,0,0,0
2020-02-28,Alameda,001,1643700,14,0,0,0,0
2020-02-28,Alpine,003,1148,0,0,0,0,0
2020-02-28,Amador,005,37829,0,0,0,0,0
2020-02-28,Butte,007,227075,0,0,0,0,0
2020-02-28,Calaveras,009,45235,0,0,0,0,0
2020-02-28,Colusa,011,21464,0,0,0,0,0
2020-02-28,Contra Costa,013,1133247,20,0,0,0,0
2020-02-28,Del Norte,015,27424,0,0,0,0,0
2020-02-28,El Dorado,017,186661,0,0,0,0,0
2020-02-28,Fresno,019,978130,0,0,0,0,0
2020-02-28,Glenn,021,27897,0,0,0,0,0
2020-02-28,Humboldt,023,135768,1,1,0,1,0
2020-02-28,Imperial,025,180216,3,0,0,0,0
2020-02-28,Inyo,027,18085,0,0,0,0,0
2020-02-28,Kern,029,883053,2,0,0,0,0
2020-02-28,Kings,031,150075,3,0,1,1,0
2020-02-28,Lake,033,64148,0,0,0,0,0
2020-02-28,Lassen,035,31185,0,0,0,0,0
2020-02-28,Los Angeles,037,10098052,99,1,9,10,0
2020-02-28,Madera,039,155013,2,0,0,0,0
2020-02-28,Marin,041,260295,2,0,0,0,0
2020-02-28,Mariposa,043,17540,0,0,0,0,0
2020-02-28,Mendocino,045,87422,0,0,0,0,0
2020-02-28,Merced,047,269075,1,0,0,0,0
2020-02-28,Modoc,049,8938,0,0,0,0,0
2020-02-28,Mono,051,14174,0,0,0,0,0
2020-02-28,Monterey,053,433212,0,0,0,0,0
2020-02-28,Napa,055,140530,1,0,0,0,0
2020-02-28,Nevada,057,99092,0,0,1,1,0
2020-02-28,Orange,059,3164182,54,1,0,1,0
2020-02-28,Placer,061,380077,7,0,0,0,0
2020-02-28,Plumas,063,18699,0,0,0,0,0
2020-02-28,Riverside,065,2383286,13,0,1,1,0
2020-02-28,Sacramento,067,1510023,10,1,0,1,0
2020-02-28,San Benito,069,59416,0,2,0,2,0
2020-02-28,San Bernardino,071,2135413,23,0,0,0,0
2020-02-28,San Diego,073,3302833,13,2,0,2,0
2020-02-28,San Francisco,075,870044,10,0,0,0,0
2020-02-28,San Joaquin,077,732212,6,0,3,3,0
2020-02-28,San Luis Obispo,079,281455,2,0,0,0,0
2020-02-28,San Mateo,081,765935,24,0,0,0,0
2020-02-28,Santa Barbara,083,443738,0,0,0,0,0
2020-02-28,Santa Clara,085,1922200,69,3,1,4,0
2020-02-28,Santa Cruz,087,273765,8,0,0,0,0
2020-02-28,Shasta,089,179085,2,0,0,0,0
2020-02-28,Sierra,091,2930,0,0,0,0,0
2020-02-28,Siskiyou,093,43540,0,0,0,0,0
2020-02-28,Solano,095,438530,17,23,0,23,0
2020-02-28,Sonoma,097,501317,6,0,0,0,0
2020-02-28,Stanislaus,099,539301,2,0,2,2,0
2020-02-28,Sutter,101,95872,0,0,0,0,0
2020-02-28,Tehama,103,63373,0,0,0,0,0
2020-02-28,Trinity,105,12862,0,0,0,0,0
2020-02-28,Tulare,107,460477,3,0,0,0,0
2020-02-28,Tuolumne,109,53932,0,0,0,0,0
2020-02-28,Ventura,111,848112,6,0,0,0,0
2020-02-28,Yolo,113,214977,2,0,0,0,0
2020-02-28,Yuba,115,75493,0,0,0,0,0
2020-02-27,Alameda,001,1643700,13,0,0,0,0
2020-02-27,Alpine,003,1148,0,0,0,0,0
2020-02-27,Amador,005,37829,0,0,0,0,0
2020-02-27,Butte,007,227075,0,0,0,0,0
2020-02-27,Calaveras,009,45235,0,0,0,0,0
2020-02-27,Colusa,011,21464,0,0,0,0,0
2020-02-27,Contra Costa,013,1133247,14,0,0,0,0
2020-02-27,Del Norte,015,27424,0,0,0,0,0
2020-02-27,El Dorado,017,186661,0,0,0,0,0
2020-02-27,Fresno,019,978130,0,0,0,0,0
2020-02-27,Glenn,021,27897,0,0,0,0,0
2020-02-27,Humboldt,023,135768,1,1,0,1,0
2020-02-27,Imperial,025,180216,3,0,0,0,0
2020-02-27,Inyo,027,18085,0,0,0,0,0
2020-02-27,Kern,029,883053,2,0,0,0,0
2020-02-27,Kings,031,150075,3,0,1,1,0
2020-02-27,Lake,033,64148,0,0,0,0,0
2020-02-27,Lassen,035,31185,0,0,0,0,0
2020-02-27,Los Angeles,037,10098052,92,1,9,10,0
2020-02-27,Madera,039,155013,2,0,0,0,0
2020-02-27,Marin,041,260295,1,0,0,0,0
2020-02-27,Mariposa,043,17540,0,0,0,0,0
2020-02-27,Mendocino,045,87422,0,0,0,0,0
2020-02-27,Merced,047,269075,1,0,0,0,0
2020-02-27,Modoc,049,8938,0,0,0,0,0
2020-02-27,Mono,051,14174,0,0,0,0,0
2020-02-27,Monterey,053,433212,0,0,0,0,0
2020-02-27,Napa,055,140530,1,0,0,0,0
2020-02-27,Nevada,057,99092,0,0,1,1,0
2020-02-27,Orange,059,3164182,48,1,0,1,0
2020-02-27,Placer,061,380077,6,0,0,0,0
2020-02-27,Plumas,063,18699,0,0,0,0,0
2020-02-27,Riverside,065,2383286,12,0,1,1,0
2020-02-27,Sacramento,067,1510023,10,1,0,1,0
2020-02-27,San Benito,069,59416,0,2,0,2,0
2020-02-27,San Bernardino,071,2135413,23,0,0,0,0
2020-02-27,San Diego,073,3302833,12,2,0,2,0
2020-02-27,San Francisco,075,870044,9,0,0,0,0
2020-02-27,San Joaquin,077,732212,5,0,3,3,0
2020-02-27,San Luis Obispo,079,281455,2,0,0,0,0
2020-02-27,San Mateo,081,765935,20,0,0,0,0
2020-02-27,Santa Barbara,083,443738,0,0,0,0,0
2020-02-27,Santa Clara,085,1922200,58,2,1,3,0
2020-02-27,Santa Cruz,087,273765,6,0,0,0,0
2020-02-27,Shasta,089,179085,0,0,0,0,0
2020-02-27,Sierra,091,2930,0,0,0,0,0
2020-02-27,Siskiyou,093,43540,0,0,0,0,0
2020-02-27,Solano,095,438530,17,23,0,23,0
2020-02-27,Sonoma,097,501317,5,0,0,0,0
2020-02-27,Stanislaus,099,539301,2,0,2,2,0
2020-02-27,Sutter,101,95872,0,0,0,0,0
2020-02-27,Tehama,103,63373,0,0,0,0,0
2020-02-27,Trinity,105,12862,0,0,0,0,0
2020-02-27,Tulare,107,460477,3,0,0,0,0
2020-02-27,Tuolumne,109,53932,0,0,0,0,0
2020-02-27,Ventura,111,848112,4,0,0,0,0
2020-02-27,Yolo,113,214977,2,0,0,0,0
2020-02-27,Yuba,115,75493,0,0,0,0,0
2020-02-26,Alameda,001,1643700,13,0,0,0,0
2020-02-26,Alpine,003,1148,0,0,0,0,0
2020-02-26,Amador,005,37829,0,0,0,0,0
2020-02-26,Butte,007,227075,0,0,0,0,0
2020-02-26,Calaveras,009,45235,0,0,0,0,0
2020-02-26,Colusa,011,21464,0,0,0,0,0
2020-02-26,Contra Costa,013,1133247,13,0,0,0,0
2020-02-26,Del Norte,015,27424,0,0,0,0,0
2020-02-26,El Dorado,017,186661,0,0,0,0,0
2020-02-26,Fresno,019,978130,0,0,0,0,0
2020-02-26,Glenn,021,27897,0,0,0,0,0
2020-02-26,Humboldt,023,135768,1,1,0,1,0
2020-02-26,Imperial,025,180216,3,0,0,0,0
2020-02-26,Inyo,027,18085,0,0,0,0,0
2020-02-26,Kern,029,883053,2,0,0,0,0
2020-02-26,Kings,031,150075,3,0,1,1,0
2020-02-26,Lake,033,64148,0,0,0,0,0
2020-02-26,Lassen,035,31185,0,0,0,0,0
2020-02-26,Los Angeles,037,10098052,86,1,9,10,0
2020-02-26,Madera,039,155013,2,0,0,0,0
2020-02-26,Marin,041,260295,1,0,0,0,0
2020-02-26,Mariposa,043,17540,0,0,0,0,0
2020-02-26,Mendocino,045,87422,0,0,0,0,0
2020-02-26,Merced,047,269075,1,0,0,0,0
2020-02-26,Modoc,049,8938,0,0,0,0,0
2020-02-26,Mono,051,14174,0,0,0,0,0
2020-02-26,Monterey,053,433212,0,0,0,0,0
2020-02-26,Napa,055,140530,0,0,0,0,0
2020-02-26,Nevada,057,99092,0,0,1,1,0
2020-02-26,Orange,059,3164182,47,1,0,1,0
2020-02-26,Placer,061,380077,5,0,0,0,0
2020-02-26,Plumas,063,18699,0,0,0,0,0
2020-02-26,Riverside,065,2383286,10,0,1,1,0
2020-02-26,Sacramento,067,1510023,10,1,0,1,0
2020-02-26,San Benito,069,59416,0,2,0,2,0
2020-02-26,San Bernardino,071,2135413,21,0,0,0,0
2020-02-26,San Diego,073,3302833,11,2,0,2,0
2020-02-26,San Francisco,075,870044,9,0,0,0,0
2020-02-26,San Joaquin,077,732212,5,0,3,3,0
2020-02-26,San Luis Obispo,079,281455,2,0,0,0,0
2020-02-26,San Mateo,081,765935,18,0,0,0,0
2020-02-26,Santa Barbara,083,443738,0,0,0,0,0
2020-02-26,Santa Clara,085,1922200,49,2,1,3,0
2020-02-26,Santa Cruz,087,273765,6,0,0,0,0
2020-02-26,Shasta,089,179085,0,0,0,0,0
2020-02-26,Sierra,091,2930,0,0,0,0,0
2020-02-26,Siskiyou,093,43540,0,0,0,0,0
2020-02-26,Solano,095,438530,17,23,0,23,0
2020-02-26,Sonoma,097,501317,5,0,0,0,0
2020-02-26,Stanislaus,099,539301,2,0,2,2,0
2020-02-26,Sutter,101,95872,0,0,0,0,0
2020-02-26,Tehama,103,63373,0,0,0,0,0
2020-02-26,Trinity,105,12862,0,0,0,0,0
2020-02-26,Tulare,107,460477,3,0,0,0,0
2020-02-26,Tuolumne,109,53932,0,0,0,0,0
2020-02-26,Ventura,111,848112,4,0,0,0,0
2020-02-26,Yolo,113,214977,2,0,0,0,0
2020-02-26,Yuba,115,75493,0,0,0,0,0
2020-02-25,Alameda,001,1643700,13,0,0,0,0
2020-02-25,Alpine,003,1148,0,0,0,0,0
2020-02-25,Amador,005,37829,0,0,0,0,0
2020-02-25,Butte,007,227075,0,0,0,0,0
2020-02-25,Calaveras,009,45235,0,0,0,0,0
2020-02-25,Colusa,011,21464,0,0,0,0,0
2020-02-25,Contra Costa,013,1133247,11,0,0,0,0
2020-02-25,Del Norte,015,27424,0,0,0,0,0
2020-02-25,El Dorado,017,186661,0,0,0,0,0
2020-02-25,Fresno,019,978130,0,0,0,0,0
2020-02-25,Glenn,021,27897,0,0,0,0,0
2020-02-25,Humboldt,023,135768,1,1,0,1,0
2020-02-25,Imperial,025,180216,3,0,0,0,0
2020-02-25,Inyo,027,18085,0,0,0,0,0
2020-02-25,Kern,029,883053,2,0,0,0,0
2020-02-25,Kings,031,150075,3,0,1,1,0
2020-02-25,Lake,033,64148,0,0,0,0,0
2020-02-25,Lassen,035,31185,0,0,0,0,0
2020-02-25,Los Angeles,037,10098052,74,1,9,10,0
2020-02-25,Madera,039,155013,2,0,0,0,0
2020-02-25,Marin,041,260295,1,0,0,0,0
2020-02-25,Mariposa,043,17540,0,0,0,0,0
2020-02-25,Mendocino,045,87422,0,0,0,0,0
2020-02-25,Merced,047,269075,0,0,0,0,0
2020-02-25,Modoc,049,8938,0,0,0,0,0
2020-02-25,Mono,051,14174,0,0,0,0,0
2020-02-25,Monterey,053,433212,0,0,0,0,0
2020-02-25,Napa,055,140530,0,0,0,0,0
2020-02-25,Nevada,057,99092,0,0,1,1,0
2020-02-25,Orange,059,3164182,46,1,0,1,0
2020-02-25,Placer,061,380077,5,0,0,0,0
2020-02-25,Plumas,063,18699,0,0,0,0,0
2020-02-25,Riverside,065,2383286,10,0,1,1,0
2020-02-25,Sacramento,067,1510023,8,1,0,1,0
2020-02-25,San Benito,069,59416,0,2,0,2,0
2020-02-25,San Bernardino,071,2135413,19,0,0,0,0
2020-02-25,San Diego,073,3302833,7,2,0,2,0
2020-02-25,San Francisco,075,870044,7,0,0,0,0
2020-02-25,San Joaquin,077,732212,5,0,2,2,0
2020-02-25,San Luis Obispo,079,281455,2,0,0,0,0
2020-02-25,San Mateo,081,765935,17,0,0,0,0
2020-02-25,Santa Barbara,083,443738,0,0,0,0,0
2020-02-25,Santa Clara,085,1922200,40,2,1,3,0
2020-02-25,Santa Cruz,087,273765,5,0,0,0,0
2020-02-25,Shasta,089,179085,0,0,0,0,0
2020-02-25,Sierra,091,2930,0,0,0,0,0
2020-02-25,Siskiyou,093,43540,0,0,0,0,0
2020-02-25,Solano,095,438530,16,21,0,21,0
2020-02-25,Sonoma,097,501317,5,0,0,0,0
2020-02-25,Stanislaus,099,539301,2,0,2,2,0
2020-02-25,Sutter,101,95872,0,0,0,0,0
2020-02-25,Tehama,103,63373,0,0,0,0,0
2020-02-25,Trinity,105,12862,0,0,0,0,0
2020-02-25,Tulare,107,460477,3,0,0,0,0
2020-02-25,Tuolumne,109,53932,0,0,0,0,0
2020-02-25,Ventura,111,848112,4,0,0,0,0
2020-02-25,Yolo,113,214977,2,0,0,0,0
2020-02-25,Yuba,115,75493,0,0,0,0,0
2020-02-24,Alameda,001,1643700,13,0,0,0,0
2020-02-24,Alpine,003,1148,0,0,0,0,0
2020-02-24,Amador,005,37829,0,0,0,0,0
2020-02-24,Butte,007,227075,0,0,0,0,0
2020-02-24,Calaveras,009,45235,0,0,0,0,0
2020-02-24,Colusa,011,21464,0,0,0,0,0
2020-02-24,Contra Costa,013,1133247,9,0,0,0,0
2020-02-24,Del Norte,015,27424,0,0,0,0,0
2020-02-24,El Dorado,017,186661,0,0,0,0,0
2020-02-24,Fresno,019,978130,0,0,0,0,0
2020-02-24,Glenn,021,27897,0,0,0,0,0
2020-02-24,Humboldt,023,135768,1,1,0,1,0
2020-02-24,Imperial,025,180216,3,0,0,0,0
2020-02-24,Inyo,027,18085,0,0,0,0,0
2020-02-24,Kern,029,883053,2,0,0,0,0
2020-02-24,Kings,031,150075,3,0,1,1,0
2020-02-24,Lake,033,64148,0,0,0,0,0
2020-02-24,Lassen,035,31185,0,0,0,0,0
2020-02-24,Los Angeles,037,10098052,69,1,9,10,0
2020-02-24,Madera,039,155013,1,0,0,0,0
2020-02-24,Marin,041,260295,1,0,0,0,0
2020-02-24,Mariposa,043,17540,0,0,0,0,0
2020-02-24,Mendocino,045,87422,0,0,0,0,0
2020-02-24,Merced,047,269075,0,0,0,0,0
2020-02-24,Modoc,049,8938,0,0,0,0,0
2020-02-24,Mono,051,14174,0,0,0,0,0
2020-02-24,Monterey,053,433212,0,0,0,0,0
2020-02-24,Napa,055,140530,0,0,0,0,0
2020-02-24,Nevada,057,99092,0,0,1,1,0
2020-02-24,Orange,059,3164182,44,1,0,1,0
2020-02-24,Placer,061,380077,3,0,0,0,0
2020-02-24,Plumas,063,18699,0,0,0,0,0
2020-02-24,Riverside,065,2383286,9,0,1,1,0
2020-02-24,Sacramento,067,1510023,7,1,0,1,0
2020-02-24,San Benito,069,59416,0,2,0,2,0
2020-02-24,San Bernardino,071,2135413,19,0,0,0,0
2020-02-24,San Diego,073,3302833,7,2,0,2,0
2020-02-24,San Francisco,075,870044,6,0,0,0,0
2020-02-24,San Joaquin,077,732212,5,0,1,1,0
2020-02-24,San Luis Obispo,079,281455,2,0,0,0,0
2020-02-24,San Mateo,081,765935,13,0,0,0,0
2020-02-24,Santa Barbara,083,443738,0,0,0,0,0
2020-02-24,Santa Clara,085,1922200,38,2,1,3,0
2020-02-24,Santa Cruz,087,273765,5,0,0,0,0
2020-02-24,Shasta,089,179085,0,0,0,0,0
2020-02-24,Sierra,091,2930,0,0,0,0,0
2020-02-24,Siskiyou,093,43540,0,0,0,0,0
2020-02-24,Solano,095,438530,13,15,0,15,0
2020-02-24,Sonoma,097,501317,5,0,0,0,0
2020-02-24,Stanislaus,099,539301,2,0,2,2,0
2020-02-24,Sutter,101,95872,0,0,0,0,0
2020-02-24,Tehama,103,63373,0,0,0,0,0
2020-02-24,Trinity,105,12862,0,0,0,0,0
2020-02-24,Tulare,107,460477,3,0,0,0,0
2020-02-24,Tuolumne,109,53932,0,0,0,0,0
2020-02-24,Ventura,111,848112,4,0,0,0,0
2020-02-24,Yolo,113,214977,2,0,0,0,0
2020-02-24,Yuba,115,75493,0,0,0,0,0
2020-02-23,Alameda,001,1643700,11,0,0,0,0
2020-02-23,Alpine,003,1148,0,0,0,0,0
2020-02-23,Amador,005,37829,0,0,0,0,0
2020-02-23,Butte,007,227075,0,0,0,0,0
2020-02-23,Calaveras,009,45235,0,0,0,0,0
2020-02-23,Colusa,011,21464,0,0,0,0,0
2020-02-23,Contra Costa,013,1133247,6,0,0,0,0
2020-02-23,Del Norte,015,27424,0,0,0,0,0
2020-02-23,El Dorado,017,186661,0,0,0,0,0
2020-02-23,Fresno,019,978130,0,0,0,0,0
2020-02-23,Glenn,021,27897,0,0,0,0,0
2020-02-23,Humboldt,023,135768,1,1,0,1,0
2020-02-23,Imperial,025,180216,3,0,0,0,0
2020-02-23,Inyo,027,18085,0,0,0,0,0
2020-02-23,Kern,029,883053,2,0,0,0,0
2020-02-23,Kings,031,150075,3,0,1,1,0
2020-02-23,Lake,033,64148,0,0,0,0,0
2020-02-23,Lassen,035,31185,0,0,0,0,0
2020-02-23,Los Angeles,037,10098052,61,1,9,10,0
2020-02-23,Madera,039,155013,1,0,0,0,0
2020-02-23,Marin,041,260295,1,0,0,0,0
2020-02-23,Mariposa,043,17540,0,0,0,0,0
2020-02-23,Mendocino,045,87422,0,0,0,0,0
2020-02-23,Merced,047,269075,0,0,0,0,0
2020-02-23,Modoc,049,8938,0,0,0,0,0
2020-02-23,Mono,051,14174,0,0,0,0,0
2020-02-23,Monterey,053,433212,0,0,0,0,0
2020-02-23,Napa,055,140530,0,0,0,0,0
2020-02-23,Nevada,057,99092,0,0,1,1,0
2020-02-23,Orange,059,3164182,44,1,0,1,0
2020-02-23,Placer,061,380077,3,0,0,0,0
2020-02-23,Plumas,063,18699,0,0,0,0,0
2020-02-23,Riverside,065,2383286,9,0,0,0,0
2020-02-23,Sacramento,067,1510023,6,1,0,1,0
2020-02-23,San Benito,069,59416,0,2,0,2,0
2020-02-23,San Bernardino,071,2135413,18,0,0,0,0
2020-02-23,San Diego,073,3302833,6,2,0,2,0
2020-02-23,San Francisco,075,870044,5,0,0,0,0
2020-02-23,San Joaquin,077,732212,4,0,1,1,0
2020-02-23,San Luis Obispo,079,281455,2,0,0,0,0
2020-02-23,San Mateo,081,765935,10,0,0,0,0
2020-02-23,Santa Barbara,083,443738,0,0,0,0,0
2020-02-23,Santa Clara,085,1922200,26,2,1,3,0
2020-02-23,Santa Cruz,087,273765,2,0,0,0,0
2020-02-23,Shasta,089,179085,0,0,0,0,0
2020-02-23,Sierra,091,2930,0,0,0,0,0
2020-02-23,Siskiyou,093,43540,0,0,0,0,0
2020-02-23,Solano,095,438530,11,15,0,15,0
2020-02-23,Sonoma,097,501317,5,0,0,0,0
2020-02-23,Stanislaus,099,539301,2,0,2,2,0
2020-02-23,Sutter,101,95872,0,0,0,0,0
2020-02-23,Tehama,103,63373,0,0,0,0,0
2020-02-23,Trinity,105,12862,0,0,0,0,0
2020-02-23,Tulare,107,460477,2,0,0,0,0
2020-02-23,Tuolumne,109,53932,0,0,0,0,0
2020-02-23,Ventura,111,848112,4,0,0,0,0
2020-02-23,Yolo,113,214977,2,0,0,0,0
2020-02-23,Yuba,115,75493,0,0,0,0,0
2020-02-22,Alameda,001,1643700,10,0,0,0,0
2020-02-22,Alpine,003,1148,0,0,0,0,0
2020-02-22,Amador,005,37829,0,0,0,0,0
2020-02-22,Butte,007,227075,0,0,0,0,0
2020-02-22,Calaveras,009,45235,0,0,0,0,0
2020-02-22,Colusa,011,21464,0,0,0,0,0
2020-02-22,Contra Costa,013,1133247,5,0,0,0,0
2020-02-22,Del Norte,015,27424,0,0,0,0,0
2020-02-22,El Dorado,017,186661,0,0,0,0,0
2020-02-22,Fresno,019,978130,0,0,0,0,0
2020-02-22,Glenn,021,27897,0,0,0,0,0
2020-02-22,Humboldt,023,135768,1,1,0,1,0
2020-02-22,Imperial,025,180216,2,0,0,0,0
2020-02-22,Inyo,027,18085,0,0,0,0,0
2020-02-22,Kern,029,883053,2,0,0,0,0
2020-02-22,Kings,031,150075,3,0,1,1,0
2020-02-22,Lake,033,64148,0,0,0,0,0
2020-02-22,Lassen,035,31185,0,0,0,0,0
2020-02-22,Los Angeles,037,10098052,59,1,9,10,0
2020-02-22,Madera,039,155013,0,0,0,0,0
2020-02-22,Marin,041,260295,1,0,0,0,0
2020-02-22,Mariposa,043,17540,0,0,0,0,0
2020-02-22,Mendocino,045,87422,0,0,0,0,0
2020-02-22,Merced,047,269075,0,0,0,0,0
2020-02-22,Modoc,049,8938,0,0,0,0,0
2020-02-22,Mono,051,14174,0,0,0,0,0
2020-02-22,Monterey,053,433212,0,0,0,0,0
2020-02-22,Napa,055,140530,0,0,0,0,0
2020-02-22,Nevada,057,99092,0,0,1,1,0
2020-02-22,Orange,059,3164182,43,1,0,1,0
2020-02-22,Placer,061,380077,3,0,0,0,0
2020-02-22,Plumas,063,18699,0,0,0,0,0
2020-02-22,Riverside,065,2383286,9,0,0,0,0
2020-02-22,Sacramento,067,1510023,6,1,0,1,0
2020-02-22,San Benito,069,59416,0,2,0,2,0
2020-02-22,San Bernardino,071,2135413,16,0,0,0,0
2020-02-22,San Diego,073,3302833,5,2,0,2,0
2020-02-22,San Francisco,075,870044,3,0,0,0,0
2020-02-22,San Joaquin,077,732212,4,0,1,1,0
2020-02-22,San Luis Obispo,079,281455,2,0,0,0,0
2020-02-22,San Mateo,081,765935,8,0,0,0,0
2020-02-22,Santa Barbara,083,443738,0,0,0,0,0
2020-02-22,Santa Clara,085,1922200,23,2,1,3,0
2020-02-22,Santa Cruz,087,273765,2,0,0,0,0
2020-02-22,Shasta,089,179085,0,0,0,0,0
2020-02-22,Sierra,091,2930,0,0,0,0,0
2020-02-22,Siskiyou,093,43540,0,0,0,0,0
2020-02-22,Solano,095,438530,11,11,0,11,0
2020-02-22,Sonoma,097,501317,4,0,0,0,0
2020-02-22,Stanislaus,099,539301,2,0,2,2,0
2020-02-22,Sutter,101,95872,0,0,0,0,0
2020-02-22,Tehama,103,63373,0,0,0,0,0
2020-02-22,Trinity,105,12862,0,0,0,0,0
2020-02-22,Tulare,107,460477,2,0,0,0,0
2020-02-22,Tuolumne,109,53932,0,0,0,0,0
2020-02-22,Ventura,111,848112,4,0,0,0,0
2020-02-22,Yolo,113,214977,1,0,0,0,0
2020-02-22,Yuba,115,75493,0,0,0,0,0
2020-02-21,Alameda,001,1643700,9,0,0,0,0
2020-02-21,Alpine,003,1148,0,0,0,0,0
2020-02-21,Amador,005,37829,0,0,0,0,0
2020-02-21,Butte,007,227075,0,0,0,0,0
2020-02-21,Calaveras,009,45235,0,0,0,0,0
2020-02-21,Colusa,011,21464,0,0,0,0,0
2020-02-21,Contra Costa,013,1133247,4,0,0,0,0
2020-02-21,Del Norte,015,27424,0,0,0,0,0
2020-02-21,El Dorado,017,186661,0,0,0,0,0
2020-02-21,Fresno,019,978130,0,0,0,0,0
2020-02-21,Glenn,021,27897,0,0,0,0,0
2020-02-21,Humboldt,023,135768,1,1,0,1,0
2020-02-21,Imperial,025,180216,2,0,0,0,0
2020-02-21,Inyo,027,18085,0,0,0,0,0
2020-02-21,Kern,029,883053,2,0,0,0,0
2020-02-21,Kings,031,150075,3,0,1,1,0
2020-02-21,Lake,033,64148,0,0,0,0,0
2020-02-21,Lassen,035,31185,0,0,0,0,0
2020-02-21,Los Angeles,037,10098052,55,1,9,10,0
2020-02-21,Madera,039,155013,0,0,0,0,0
2020-02-21,Marin,041,260295,1,0,0,0,0
2020-02-21,Mariposa,043,17540,0,0,0,0,0
2020-02-21,Mendocino,045,87422,0,0,0,0,0
2020-02-21,Merced,047,269075,0,0,0,0,0
2020-02-21,Modoc,049,8938,0,0,0,0,0
2020-02-21,Mono,051,14174,0,0,0,0,0
2020-02-21,Monterey,053,433212,0,0,0,0,0
2020-02-21,Napa,055,140530,0,0,0,0,0
2020-02-21,Nevada,057,99092,0,0,1,1,0
2020-02-21,Orange,059,3164182,41,1,0,1,0
2020-02-21,Placer,061,380077,2,0,0,0,0
2020-02-21,Plumas,063,18699,0,0,0,0,0
2020-02-21,Riverside,065,2383286,9,0,0,0,0
2020-02-21,Sacramento,067,1510023,5,1,0,1,0
2020-02-21,San Benito,069,59416,0,2,0,2,0
2020-02-21,San Bernardino,071,2135413,15,0,0,0,0
2020-02-21,San Diego,073,3302833,5,2,0,2,0
2020-02-21,San Francisco,075,870044,3,0,0,0,0
2020-02-21,San Joaquin,077,732212,2,0,1,1,0
2020-02-21,San Luis Obispo,079,281455,2,0,0,0,0
2020-02-21,San Mateo,081,765935,8,0,0,0,0
2020-02-21,Santa Barbara,083,443738,0,0,0,0,0
2020-02-21,Santa Clara,085,1922200,21,2,1,3,0
2020-02-21,Santa Cruz,087,273765,2,0,0,0,0
2020-02-21,Shasta,089,179085,0,0,0,0,0
2020-02-21,Sierra,091,2930,0,0,0,0,0
2020-02-21,Siskiyou,093,43540,0,0,0,0,0
2020-02-21,Solano,095,438530,10,11,0,11,0
2020-02-21,Sonoma,097,501317,3,0,0,0,0
2020-02-21,Stanislaus,099,539301,2,0,2,2,0
2020-02-21,Sutter,101,95872,0,0,0,0,0
2020-02-21,Tehama,103,63373,0,0,0,0,0
2020-02-21,Trinity,105,12862,0,0,0,0,0
2020-02-21,Tulare,107,460477,2,0,0,0,0
2020-02-21,Tuolumne,109,53932,0,0,0,0,0
2020-02-21,Ventura,111,848112,4,0,0,0,0
2020-02-21,Yolo,113,214977,1,0,0,0,0
2020-02-21,Yuba,115,75493,0,0,0,0,0
2020-02-20,Alameda,001,1643700,7,0,0,0,0
2020-02-20,Alpine,003,1148,0,0,0,0,0
2020-02-20,Amador,005,37829,0,0,0,0,0
2020-02-20,Butte,007,227075,0,0,0,0,0
2020-02-20,Calaveras,009,45235,0,0,0,0,0
2020-02-20,Colusa,011,21464,0,0,0,0,0
2020-02-20,Contra Costa,013,1133247,3,0,0,0,0
2020-02-20,Del Norte,015,27424,0,0,0,0,0
2020-02-20,El Dorado,017,186661,0,0,0,0,0
2020-02-20,Fresno,019,978130,0,0,0,0,0
2020-02-20,Glenn,021,27897,0,0,0,0,0
2020-02-20,Humboldt,023,135768,1,1,0,1,0
2020-02-20,Imperial,025,180216,2,0,0,0,0
2020-02-20,Inyo,027,18085,0,0,0,0,0
2020-02-20,Kern,029,883053,2,0,0,0,0
2020-02-20,Kings,031,150075,3,0,1,1,0
2020-02-20,Lake,033,64148,0,0,0,0,0
2020-02-20,Lassen,035,31185,0,0,0,0,0
2020-02-20,Los Angeles,037,10098052,54,1,8,9,0
2020-02-20,Madera,039,155013,0,0,0,0,0
2020-02-20,Marin,041,260295,0,0,0,0,0
2020-02-20,Mariposa,043,17540,0,0,0,0,0
2020-02-20,Mendocino,045,87422,0,0,0,0,0
2020-02-20,Merced,047,269075,0,0,0,0,0
2020-02-20,Modoc,049,8938,0,0,0,0,0
2020-02-20,Mono,051,14174,0,0,0,0,0
2020-02-20,Monterey,053,433212,0,0,0,0,0
2020-02-20,Napa,055,140530,0,0,0,0,0
2020-02-20,Nevada,057,99092,0,0,1,1,0
2020-02-20,Orange,059,3164182,41,1,0,1,0
2020-02-20,Placer,061,380077,2,0,0,0,0
2020-02-20,Plumas,063,18699,0,0,0,0,0
2020-02-20,Riverside,065,2383286,7,0,0,0,0
2020-02-20,Sacramento,067,1510023,2,1,0,1,0
2020-02-20,San Benito,069,59416,0,2,0,2,0
2020-02-20,San Bernardino,071,2135413,14,0,0,0,0
2020-02-20,San Diego,073,3302833,5,2,0,2,0
2020-02-20,San Francisco,075,870044,3,0,0,0,0
2020-02-20,San Joaquin,077,732212,2,0,1,1,0
2020-02-20,San Luis Obispo,079,281455,2,0,0,0,0
2020-02-20,San Mateo,081,765935,7,0,0,0,0
2020-02-20,Santa Barbara,083,443738,0,0,0,0,0
2020-02-20,Santa Clara,085,1922200,17,2,1,3,0
2020-02-20,Santa Cruz,087,273765,2,0,0,0,0
2020-02-20,Shasta,089,179085,0,0,0,0,0
2020-02-20,Sierra,091,2930,0,0,0,0,0
2020-02-20,Siskiyou,093,43540,0,0,0,0,0
2020-02-20,Solano,095,438530,8,7,0,7,0
2020-02-20,Sonoma,097,501317,2,0,0,0,0
2020-02-20,Stanislaus,099,539301,2,0,2,2,0
2020-02-20,Sutter,101,95872,0,0,0,0,0
2020-02-20,Tehama,103,63373,0,0,0,0,0
2020-02-20,Trinity,105,12862,0,0,0,0,0
2020-02-20,Tulare,107,460477,2,0,0,0,0
2020-02-20,Tuolumne,109,53932,0,0,0,0,0
2020-02-20,Ventura,111,848112,4,0,0,0,0
2020-02-20,Yolo,113,214977,1,0,0,0,0
2020-02-20,Yuba,115,75493,0,0,0,0,0
2020-02-19,Alameda,001,1643700,6,0,0,0,0
2020-02-19,Alpine,003,1148,0,0,0,0,0
2020-02-19,Amador,005,37829,0,0,0,0,0
2020-02-19,Butte,007,227075,0,0,0,0,0
2020-02-19,Calaveras,009,45235,0,0,0,0,0
2020-02-19,Colusa,011,21464,0,0,0,0,0
2020-02-19,Contra Costa,013,1133247,3,0,0,0,0
2020-02-19,Del Norte,015,27424,0,0,0,0,0
2020-02-19,El Dorado,017,186661,0,0,0,0,0
2020-02-19,Fresno,019,978130,0,0,0,0,0
2020-02-19,Glenn,021,27897,0,0,0,0,0
2020-02-19,Humboldt,023,135768,1,0,0,0,0
2020-02-19,Imperial,025,180216,2,0,0,0,0
2020-02-19,Inyo,027,18085,0,0,0,0,0
2020-02-19,Kern,029,883053,2,0,0,0,0
2020-02-19,Kings,031,150075,3,0,1,1,0
2020-02-19,Lake,033,64148,0,0,0,0,0
2020-02-19,Lassen,035,31185,0,0,0,0,0
2020-02-19,Los Angeles,037,10098052,51,1,8,9,0
2020-02-19,Madera,039,155013,0,0,0,0,0
2020-02-19,Marin,041,260295,0,0,0,0,0
2020-02-19,Mariposa,043,17540,0,0,0,0,0
2020-02-19,Mendocino,045,87422,0,0,0,0,0
2020-02-19,Merced,047,269075,0,0,0,0,0
2020-02-19,Modoc,049,8938,0,0,0,0,0
2020-02-19,Mono,051,14174,0,0,0,0,0
2020-02-19,Monterey,053,433212,0,0,0,0,0
2020-02-19,Napa,055,140530,0,0,0,0,0
2020-02-19,Nevada,057,99092,0,0,1,1,0
2020-02-19,Orange,059,3164182,40,1,0,1,0
2020-02-19,Placer,061,380077,2,0,0,0,0
2020-02-19,Plumas,063,18699,0,0,0,0,0
2020-02-19,Riverside,065,2383286,5,0,0,0,0
2020-02-19,Sacramento,067,1510023,2,0,0,0,0
2020-02-19,San Benito,069,59416,0,2,0,2,0
2020-02-19,San Bernardino,071,2135413,13,0,0,0,0
2020-02-19,San Diego,073,3302833,4,2,0,2,0
2020-02-19,San Francisco,075,870044,2,0,0,0,0
2020-02-19,San Joaquin,077,732212,2,0,1,1,0
2020-02-19,San Luis Obispo,079,281455,2,0,0,0,0
2020-02-19,San Mateo,081,765935,6,0,0,0,0
2020-02-19,Santa Barbara,083,443738,0,0,0,0,0
2020-02-19,Santa Clara,085,1922200,15,2,1,3,0
2020-02-19,Santa Cruz,087,273765,0,0,0,0,0
2020-02-19,Shasta,089,179085,0,0,0,0,0
2020-02-19,Sierra,091,2930,0,0,0,0,0
2020-02-19,Siskiyou,093,43540,0,0,0,0,0
2020-02-19,Solano,095,438530,5,7,0,7,0
2020-02-19,Sonoma,097,501317,2,0,0,0,0
2020-02-19,Stanislaus,099,539301,1,0,2,2,0
2020-02-19,Sutter,101,95872,0,0,0,0,0
2020-02-19,Tehama,103,63373,0,0,0,0,0
2020-02-19,Trinity,105,12862,0,0,0,0,0
2020-02-19,Tulare,107,460477,2,0,0,0,0
2020-02-19,Tuolumne,109,53932,0,0,0,0,0
2020-02-19,Ventura,111,848112,2,0,0,0,0
2020-02-19,Yolo,113,214977,1,0,0,0,0
2020-02-19,Yuba,115,75493,0,0,0,0,0
2020-02-18,Alameda,001,1643700,6,0,0,0,0
2020-02-18,Alpine,003,1148,0,0,0,0,0
2020-02-18,Amador,005,37829,0,0,0,0,0
2020-02-18,Butte,007,227075,0,0,0,0,0
2020-02-18,Calaveras,009,45235,0,0,0,0,0
2020-02-18,Colusa,011,21464,0,0,0,0,0
2020-02-18,Contra Costa,013,1133247,3,0,0,0,0
2020-02-18,Del Norte,015,27424,0,0,0,0,0
2020-02-18,El Dorado,017,186661,0,0,0,0,0
2020-02-18,Fresno,019,978130,0,0,0,0,0
2020-02-18,Glenn,021,27897,0,0,0,0,0
2020-02-18,Humboldt,023,135768,1,0,0,0,0
2020-02-18,Imperial,025,180216,1,0,0,0,0
2020-02-18,Inyo,027,18085,0,0,0,0,0
2020-02-18,Kern,029,883053,2,0,0,0,0
2020-02-18,Kings,031,150075,3,0,1,1,0
2020-02-18,Lake,033,64148,0,0,0,0,0
2020-02-18,Lassen,035,31185,0,0,0,0,0
2020-02-18,Los Angeles,037,10098052,48,1,7,8,0
2020-02-18,Madera,039,155013,0,0,0,0,0
2020-02-18,Marin,041,260295,0,0,0,0,0
2020-02-18,Mariposa,043,17540,0,0,0,0,0
2020-02-18,Mendocino,045,87422,0,0,0,0,0
2020-02-18,Merced,047,269075,0,0,0,0,0
2020-02-18,Modoc,049,8938,0,0,0,0,0
2020-02-18,Mono,051,14174,0,0,0,0,0
2020-02-18,Monterey,053,433212,0,0,0,0,0
2020-02-18,Napa,055,140530,0,0,0,0,0
2020-02-18,Nevada,057,99092,0,0,1,1,0
2020-02-18,Orange,059,3164182,39,1,0,1,0
2020-02-18,Placer,061,380077,0,0,0,0,0
2020-02-18,Plumas,063,18699,0,0,0,0,0
2020-02-18,Riverside,065,2383286,5,0,0,0,0
2020-02-18,Sacramento,067,1510023,2,0,0,0,0
2020-02-18,San Benito,069,59416,0,2,0,2,0
2020-02-18,San Bernardino,071,2135413,13,0,0,0,0
2020-02-18,San Diego,073,3302833,4,2,0,2,0
2020-02-18,San Francisco,075,870044,2,0,0,0,0
2020-02-18,San Joaquin,077,732212,1,0,1,1,0
2020-02-18,San Luis Obispo,079,281455,2,0,0,0,0
2020-02-18,San Mateo,081,765935,5,0,0,0,0
2020-02-18,Santa Barbara,083,443738,0,0,0,0,0
2020-02-18,Santa Clara,085,1922200,14,2,1,3,0
2020-02-18,Santa Cruz,087,273765,0,0,0,0,0
2020-02-18,Shasta,089,179085,0,0,0,0,0
2020-02-18,Sierra,091,2930,0,0,0,0,0
2020-02-18,Siskiyou,093,43540,0,0,0,0,0
2020-02-18,Solano,095,438530,5,7,0,7,0
2020-02-18,Sonoma,097,501317,1,0,0,0,0
2020-02-18,Stanislaus,099,539301,1,0,2,2,0
2020-02-18,Sutter,101,95872,0,0,0,0,0
2020-02-18,Tehama,103,63373,0,0,0,0,0
2020-02-18,Trinity,105,12862,0,0,0,0,0
2020-02-18,Tulare,107,460477,2,0,0,0,0
2020-02-18,Tuolumne,109,53932,0,0,0,0,0
2020-02-18,Ventura,111,848112,2,0,0,0,0
2020-02-18,Yolo,113,214977,1,0,0,0,0
2020-02-18,Yuba,115,75493,0,0,0,0,0
2020-02-17,Alameda,001,1643700,6,0,0,0,0
2020-02-17,Alpine,003,1148,0,0,0,0,0
2020-02-17,Amador,005,37829,0,0,0,0,0
2020-02-17,Butte,007,227075,0,0,0,0,0
2020-02-17,Calaveras,009,45235,0,0,0,0,0
2020-02-17,Colusa,011,21464,0,0,0,0,0
2020-02-17,Contra Costa,013,1133247,3,0,0,0,0
2020-02-17,Del Norte,015,27424,0,0,0,0,0
2020-02-17,El Dorado,017,186661,0,0,0,0,0
2020-02-17,Fresno,019,978130,0,0,0,0,0
2020-02-17,Glenn,021,27897,0,0,0,0,0
2020-02-17,Humboldt,023,135768,1,0,0,0,0
2020-02-17,Imperial,025,180216,1,0,0,0,0
2020-02-17,Inyo,027,18085,0,0,0,0,0
2020-02-17,Kern,029,883053,2,0,0,0,0
2020-02-17,Kings,031,150075,3,0,0,0,0
2020-02-17,Lake,033,64148,0,0,0,0,0
2020-02-17,Lassen,035,31185,0,0,0,0,0
2020-02-17,Los Angeles,037,10098052,45,1,6,7,0
2020-02-17,Madera,039,155013,0,0,0,0,0
2020-02-17,Marin,041,260295,0,0,0,0,0
2020-02-17,Mariposa,043,17540,0,0,0,0,0
2020-02-17,Mendocino,045,87422,0,0,0,0,0
2020-02-17,Merced,047,269075,0,0,0,0,0
2020-02-17,Modoc,049,8938,0,0,0,0,0
2020-02-17,Mono,051,14174,0,0,0,0,0
2020-02-17,Monterey,053,433212,0,0,0,0,0
2020-02-17,Napa,055,140530,0,0,0,0,0
2020-02-17,Nevada,057,99092,0,0,1,1,0
2020-02-17,Orange,059,3164182,39,1,0,1,0
2020-02-17,Placer,061,380077,0,0,0,0,0
2020-02-17,Plumas,063,18699,0,0,0,0,0
2020-02-17,Riverside,065,2383286,5,0,0,0,0
2020-02-17,Sacramento,067,1510023,2,0,0,0,0
2020-02-17,San Benito,069,59416,0,2,0,2,0
2020-02-17,San Bernardino,071,2135413,11,0,0,0,0
2020-02-17,San Diego,073,3302833,4,2,0,2,0
2020-02-17,San Francisco,075,870044,2,0,0,0,0
2020-02-17,San Joaquin,077,732212,1,0,1,1,0
2020-02-17,San Luis Obispo,079,281455,1,0,0,0,0
2020-02-17,San Mateo,081,765935,5,0,0,0,0
2020-02-17,Santa Barbara,083,443738,0,0,0,0,0
2020-02-17,Santa Clara,085,1922200,12,2,1,3,0
2020-02-17,Santa Cruz,087,273765,0,0,0,0,0
2020-02-17,Shasta,089,179085,0,0,0,0,0
2020-02-17,Sierra,091,2930,0,0,0,0,0
2020-02-17,Siskiyou,093,43540,0,0,0,0,0
2020-02-17,Solano,095,438530,3,5,0,5,0
2020-02-17,Sonoma,097,501317,1,0,0,0,0
2020-02-17,Stanislaus,099,539301,1,0,2,2,0
2020-02-17,Sutter,101,95872,0,0,0,0,0
2020-02-17,Tehama,103,63373,0,0,0,0,0
2020-02-17,Trinity,105,12862,0,0,0,0,0
2020-02-17,Tulare,107,460477,2,0,0,0,0
2020-02-17,Tuolumne,109,53932,0,0,0,0,0
2020-02-17,Ventura,111,848112,2,0,0,0,0
2020-02-17,Yolo,113,214977,1,0,0,0,0
2020-02-17,Yuba,115,75493,0,0,0,0,0
2020-02-16,Alameda,001,1643700,5,0,0,0,0
2020-02-16,Alpine,003,1148,0,0,0,0,0
2020-02-16,Amador,005,37829,0,0,0,0,0
2020-02-16,Butte,007,227075,0,0,0,0,0
2020-02-16,Calaveras,009,45235,0,0,0,0,0
2020-02-16,Colusa,011,21464,0,0,0,0,0
2020-02-16,Contra Costa,013,1133247,3,0,0,0,0
2020-02-16,Del Norte,015,27424,0,0,0,0,0
2020-02-16,El Dorado,017,186661,0,0,0,0,0
2020-02-16,Fresno,019,978130,0,0,0,0,0
2020-02-16,Glenn,021,27897,0,0,0,0,0
2020-02-16,Humboldt,023,135768,1,0,0,0,0
2020-02-16,Imperial,025,180216,1,0,0,0,0
2020-02-16,Inyo,027,18085,0,0,0,0,0
2020-02-16,Kern,029,883053,2,0,0,0,0
2020-02-16,Kings,031,150075,3,0,0,0,0
2020-02-16,Lake,033,64148,0,0,0,0,0
2020-02-16,Lassen,035,31185,0,0,0,0,0
2020-02-16,Los Angeles,037,10098052,39,1,6,7,0
2020-02-16,Madera,039,155013,0,0,0,0,0
2020-02-16,Marin,041,260295,0,0,0,0,0
2020-02-16,Mariposa,043,17540,0,0,0,0,0
2020-02-16,Mendocino,045,87422,0,0,0,0,0
2020-02-16,Merced,047,269075,0,0,0,0,0
2020-02-16,Modoc,049,8938,0,0,0,0,0
2020-02-16,Mono,051,14174,0,0,0,0,0
2020-02-16,Monterey,053,433212,0,0,0,0,0
2020-02-16,Napa,055,140530,0,0,0,0,0
2020-02-16,Nevada,057,99092,0,0,0,0,0
2020-02-16,Orange,059,3164182,38,1,0,1,0
2020-02-16,Placer,061,380077,0,0,0,0,0
2020-02-16,Plumas,063,18699,0,0,0,0,0
2020-02-16,Riverside,065,2383286,5,0,0,0,0
2020-02-16,Sacramento,067,1510023,2,0,0,0,0
2020-02-16,San Benito,069,59416,0,2,0,2,0
2020-02-16,San Bernardino,071,2135413,10,0,0,0,0
2020-02-16,San Diego,073,3302833,4,2,0,2,0
2020-02-16,San Francisco,075,870044,2,0,0,0,0
2020-02-16,San Joaquin,077,732212,1,0,1,1,0
2020-02-16,San Luis Obispo,079,281455,1,0,0,0,0
2020-02-16,San Mateo,081,765935,4,0,0,0,0
2020-02-16,Santa Barbara,083,443738,0,0,0,0,0
2020-02-16,Santa Clara,085,1922200,10,2,1,3,0
2020-02-16,Santa Cruz,087,273765,0,0,0,0,0
2020-02-16,Shasta,089,179085,0,0,0,0,0
2020-02-16,Sierra,091,2930,0,0,0,0,0
2020-02-16,Siskiyou,093,43540,0,0,0,0,0
2020-02-16,Solano,095,438530,1,0,0,0,0
2020-02-16,Sonoma,097,501317,1,0,0,0,0
2020-02-16,Stanislaus,099,539301,1,0,2,2,0
2020-02-16,Sutter,101,95872,0,0,0,0,0
2020-02-16,Tehama,103,63373,0,0,0,0,0
2020-02-16,Trinity,105,12862,0,0,0,0,0
2020-02-16,Tulare,107,460477,2,0,0,0,0
2020-02-16,Tuolumne,109,53932,0,0,0,0,0
2020-02-16,Ventura,111,848112,2,0,0,0,0
2020-02-16,Yolo,113,214977,1,0,0,0,0
2020-02-16,Yuba,115,75493,0,0,0,0,0
2020-02-15,Alameda,001,1643700,5,0,0,0,0
2020-02-15,Alpine,003,1148,0,0,0,0,0
2020-02-15,Amador,005,37829,0,0,0,0,0
2020-02-15,Butte,007,227075,0,0,0,0,0
2020-02-15,Calaveras,009,45235,0,0,0,0,0
2020-02-15,Colusa,011,21464,0,0,0,0,0
2020-02-15,Contra Costa,013,1133247,3,0,0,0,0
2020-02-15,Del Norte,015,27424,0,0,0,0,0
2020-02-15,El Dorado,017,186661,0,0,0,0,0
2020-02-15,Fresno,019,978130,0,0,0,0,0
2020-02-15,Glenn,021,27897,0,0,0,0,0
2020-02-15,Humboldt,023,135768,1,0,0,0,0
2020-02-15,Imperial,025,180216,1,0,0,0,0
2020-02-15,Inyo,027,18085,0,0,0,0,0
2020-02-15,Kern,029,883053,2,0,0,0,0
2020-02-15,Kings,031,150075,3,0,0,0,0
2020-02-15,Lake,033,64148,0,0,0,0,0
2020-02-15,Lassen,035,31185,0,0,0,0,0
2020-02-15,Los Angeles,037,10098052,36,1,6,7,0
2020-02-15,Madera,039,155013,0,0,0,0,0
2020-02-15,Marin,041,260295,0,0,0,0,0
2020-02-15,Mariposa,043,17540,0,0,0,0,0
2020-02-15,Mendocino,045,87422,0,0,0,0,0
2020-02-15,Merced,047,269075,0,0,0,0,0
2020-02-15,Modoc,049,8938,0,0,0,0,0
2020-02-15,Mono,051,14174,0,0,0,0,0
2020-02-15,Monterey,053,433212,0,0,0,0,0
2020-02-15,Napa,055,140530,0,0,0,0,0
2020-02-15,Nevada,057,99092,0,0,0,0,0
2020-02-15,Orange,059,3164182,37,1,0,1,0
2020-02-15,Placer,061,380077,0,0,0,0,0
2020-02-15,Plumas,063,18699,0,0,0,0,0
2020-02-15,Riverside,065,2383286,4,0,0,0,0
2020-02-15,Sacramento,067,1510023,2,0,0,0,0
2020-02-15,San Benito,069,59416,0,2,0,2,0
2020-02-15,San Bernardino,071,2135413,9,0,0,0,0
2020-02-15,San Diego,073,3302833,4,2,0,2,0
2020-02-15,San Francisco,075,870044,2,0,0,0,0
2020-02-15,San Joaquin,077,732212,1,0,1,1,0
2020-02-15,San Luis Obispo,079,281455,1,0,0,0,0
2020-02-15,San Mateo,081,765935,4,0,0,0,0
2020-02-15,Santa Barbara,083,443738,0,0,0,0,0
2020-02-15,Santa Clara,085,1922200,10,2,1,3,0
2020-02-15,Santa Cruz,087,273765,0,0,0,0,0
2020-02-15,Shasta,089,179085,0,0,0,0,0
2020-02-15,Sierra,091,2930,0,0,0,0,0
2020-02-15,Siskiyou,093,43540,0,0,0,0,0
2020-02-15,Solano,095,438530,1,0,0,0,0
2020-02-15,Sonoma,097,501317,0,0,0,0,0
2020-02-15,Stanislaus,099,539301,1,0,2,2,0
2020-02-15,Sutter,101,95872,0,0,0,0,0
2020-02-15,Tehama,103,63373,0,0,0,0,0
2020-02-15,Trinity,105,12862,0,0,0,0,0
2020-02-15,Tulare,107,460477,2,0,0,0,0
2020-02-15,Tuolumne,109,53932,0,0,0,0,0
2020-02-15,Ventura,111,848112,2,0,0,0,0
2020-02-15,Yolo,113,214977,1,0,0,0,0
2020-02-15,Yuba,115,75493,0,0,0,0,0
2020-02-14,Alameda,001,1643700,4,0,0,0,0
2020-02-14,Alpine,003,1148,0,0,0,0,0
2020-02-14,Amador,005,37829,0,0,0,0,0
2020-02-14,Butte,007,227075,0,0,0,0,0
2020-02-14,Calaveras,009,45235,0,0,0,0,0
2020-02-14,Colusa,011,21464,0,0,0,0,0
2020-02-14,Contra Costa,013,1133247,3,0,0,0,0
2020-02-14,Del Norte,015,27424,0,0,0,0,0
2020-02-14,El Dorado,017,186661,0,0,0,0,0
2020-02-14,Fresno,019,978130,0,0,0,0,0
2020-02-14,Glenn,021,27897,0,0,0,0,0
2020-02-14,Humboldt,023,135768,1,0,0,0,0
2020-02-14,Imperial,025,180216,1,0,0,0,0
2020-02-14,Inyo,027,18085,0,0,0,0,0
2020-02-14,Kern,029,883053,2,0,0,0,0
2020-02-14,Kings,031,150075,1,0,0,0,0
2020-02-14,Lake,033,64148,0,0,0,0,0
2020-02-14,Lassen,035,31185,0,0,0,0,0
2020-02-14,Los Angeles,037,10098052,31,1,6,7,0
2020-02-14,Madera,039,155013,0,0,0,0,0
2020-02-14,Marin,041,260295,0,0,0,0,0
2020-02-14,Mariposa,043,17540,0,0,0,0,0
2020-02-14,Mendocino,045,87422,0,0,0,0,0
2020-02-14,Merced,047,269075,0,0,0,0,0
2020-02-14,Modoc,049,8938,0,0,0,0,0
2020-02-14,Mono,051,14174,0,0,0,0,0
2020-02-14,Monterey,053,433212,0,0,0,0,0
2020-02-14,Napa,055,140530,0,0,0,0,0
2020-02-14,Nevada,057,99092,0,0,0,0,0
2020-02-14,Orange,059,3164182,37,1,0,1,0
2020-02-14,Placer,061,380077,0,0,0,0,0
2020-02-14,Plumas,063,18699,0,0,0,0,0
2020-02-14,Riverside,065,2383286,4,0,0,0,0
2020-02-14,Sacramento,067,1510023,1,0,0,0,0
2020-02-14,San Benito,069,59416,0,2,0,2,0
2020-02-14,San Bernardino,071,2135413,9,0,0,0,0
2020-02-14,San Diego,073,3302833,3,2,0,2,0
2020-02-14,San Francisco,075,870044,2,0,0,0,0
2020-02-14,San Joaquin,077,732212,1,0,1,1,0
2020-02-14,San Luis Obispo,079,281455,0,0,0,0,0
2020-02-14,San Mateo,081,765935,3,0,0,0,0
2020-02-14,Santa Barbara,083,443738,0,0,0,0,0
2020-02-14,Santa Clara,085,1922200,8,2,1,3,0
2020-02-14,Santa Cruz,087,273765,0,0,0,0,0
2020-02-14,Shasta,089,179085,0,0,0,0,0
2020-02-14,Sierra,091,2930,0,0,0,0,0
2020-02-14,Siskiyou,093,43540,0,0,0,0,0
2020-02-14,Solano,095,438530,1,0,0,0,0
2020-02-14,Sonoma,097,501317,0,0,0,0,0
2020-02-14,Stanislaus,099,539301,1,0,2,2,0
2020-02-14,Sutter,101,95872,0,0,0,0,0
2020-02-14,Tehama,103,63373,0,0,0,0,0
2020-02-14,Trinity,105,12862,0,0,0,0,0
2020-02-14,Tulare,107,460477,2,0,0,0,0
2020-02-14,Tuolumne,109,53932,0,0,0,0,0
2020-02-14,Ventura,111,848112,2,0,0,0,0
2020-02-14,Yolo,113,214977,1,0,0,0,0
2020-02-14,Yuba,115,75493,0,0,0,0,0
2020-02-13,Alameda,001,1643700,4,0,0,0,0
2020-02-13,Alpine,003,1148,0,0,0,0,0
2020-02-13,Amador,005,37829,0,0,0,0,0
2020-02-13,Butte,007,227075,0,0,0,0,0
2020-02-13,Calaveras,009,45235,0,0,0,0,0
2020-02-13,Colusa,011,21464,0,0,0,0,0
2020-02-13,Contra Costa,013,1133247,3,0,0,0,0
2020-02-13,Del Norte,015,27424,0,0,0,0,0
2020-02-13,El Dorado,017,186661,0,0,0,0,0
2020-02-13,Fresno,019,978130,0,0,0,0,0
2020-02-13,Glenn,021,27897,0,0,0,0,0
2020-02-13,Humboldt,023,135768,1,0,0,0,0
2020-02-13,Imperial,025,180216,1,0,0,0,0
2020-02-13,Inyo,027,18085,0,0,0,0,0
2020-02-13,Kern,029,883053,2,0,0,0,0
2020-02-13,Kings,031,150075,1,0,0,0,0
2020-02-13,Lake,033,64148,0,0,0,0,0
2020-02-13,Lassen,035,31185,0,0,0,0,0
2020-02-13,Los Angeles,037,10098052,27,1,5,6,0
2020-02-13,Madera,039,155013,0,0,0,0,0
2020-02-13,Marin,041,260295,0,0,0,0,0
2020-02-13,Mariposa,043,17540,0,0,0,0,0
2020-02-13,Mendocino,045,87422,0,0,0,0,0
2020-02-13,Merced,047,269075,0,0,0,0,0
2020-02-13,Modoc,049,8938,0,0,0,0,0
2020-02-13,Mono,051,14174,0,0,0,0,0
2020-02-13,Monterey,053,433212,0,0,0,0,0
2020-02-13,Napa,055,140530,0,0,0,0,0
2020-02-13,Nevada,057,99092,0,0,0,0,0
2020-02-13,Orange,059,3164182,36,1,0,1,0
2020-02-13,Placer,061,380077,0,0,0,0,0
2020-02-13,Plumas,063,18699,0,0,0,0,0
2020-02-13,Riverside,065,2383286,4,0,0,0,0
2020-02-13,Sacramento,067,1510023,1,0,0,0,0
2020-02-13,San Benito,069,59416,0,2,0,2,0
2020-02-13,San Bernardino,071,2135413,8,0,0,0,0
2020-02-13,San Diego,073,3302833,2,2,0,2,0
2020-02-13,San Francisco,075,870044,2,0,0,0,0
2020-02-13,San Joaquin,077,732212,1,0,1,1,0
2020-02-13,San Luis Obispo,079,281455,0,0,0,0,0
2020-02-13,San Mateo,081,765935,2,0,0,0,0
2020-02-13,Santa Barbara,083,443738,0,0,0,0,0
2020-02-13,Santa Clara,085,1922200,7,2,0,2,0
2020-02-13,Santa Cruz,087,273765,0,0,0,0,0
2020-02-13,Shasta,089,179085,0,0,0,0,0
2020-02-13,Sierra,091,2930,0,0,0,0,0
2020-02-13,Siskiyou,093,43540,0,0,0,0,0
2020-02-13,Solano,095,438530,0,0,0,0,0
2020-02-13,Sonoma,097,501317,0,0,0,0,0
2020-02-13,Stanislaus,099,539301,1,0,1,1,0
2020-02-13,Sutter,101,95872,0,0,0,0,0
2020-02-13,Tehama,103,63373,0,0,0,0,0
2020-02-13,Trinity,105,12862,0,0,0,0,0
2020-02-13,Tulare,107,460477,2,0,0,0,0
2020-02-13,Tuolumne,109,53932,0,0,0,0,0
2020-02-13,Ventura,111,848112,2,0,0,0,0
2020-02-13,Yolo,113,214977,1,0,0,0,0
2020-02-13,Yuba,115,75493,0,0,0,0,0
2020-02-12,Alameda,001,1643700,4,0,0,0,0
2020-02-12,Alpine,003,1148,0,0,0,0,0
2020-02-12,Amador,005,37829,0,0,0,0,0
2020-02-12,Butte,007,227075,0,0,0,0,0
2020-02-12,Calaveras,009,45235,0,0,0,0,0
2020-02-12,Colusa,011,21464,0,0,0,0,0
2020-02-12,Contra Costa,013,1133247,3,0,0,0,0
2020-02-12,Del Norte,015,27424,0,0,0,0,0
2020-02-12,El Dorado,017,186661,0,0,0,0,0
2020-02-12,Fresno,019,978130,0,0,0,0,0
2020-02-12,Glenn,021,27897,0,0,0,0,0
2020-02-12,Humboldt,023,135768,1,0,0,0,0
2020-02-12,Imperial,025,180216,1,0,0,0,0
2020-02-12,Inyo,027,18085,0,0,0,0,0
2020-02-12,Kern,029,883053,2,0,0,0,0
2020-02-12,Kings,031,150075,1,0,0,0,0
2020-02-12,Lake,033,64148,0,0,0,0,0
2020-02-12,Lassen,035,31185,0,0,0,0,0
2020-02-12,Los Angeles,037,10098052,26,1,5,6,0
2020-02-12,Madera,039,155013,0,0,0,0,0
2020-02-12,Marin,041,260295,0,0,0,0,0
2020-02-12,Mariposa,043,17540,0,0,0,0,0
2020-02-12,Mendocino,045,87422,0,0,0,0,0
2020-02-12,Merced,047,269075,0,0,0,0,0
2020-02-12,Modoc,049,8938,0,0,0,0,0
2020-02-12,Mono,051,14174,0,0,0,0,0
2020-02-12,Monterey,053,433212,0,0,0,0,0
2020-02-12,Napa,055,140530,0,0,0,0,0
2020-02-12,Nevada,057,99092,0,0,0,0,0
2020-02-12,Orange,059,3164182,36,1,0,1,0
2020-02-12,Placer,061,380077,0,0,0,0,0
2020-02-12,Plumas,063,18699,0,0,0,0,0
2020-02-12,Riverside,065,2383286,4,0,0,0,0
2020-02-12,Sacramento,067,1510023,1,0,0,0,0
2020-02-12,San Benito,069,59416,0,2,0,2,0
2020-02-12,San Bernardino,071,2135413,8,0,0,0,0
2020-02-12,San Diego,073,3302833,2,2,0,2,0
2020-02-12,San Francisco,075,870044,2,0,0,0,0
2020-02-12,San Joaquin,077,732212,1,0,1,1,0
2020-02-12,San Luis Obispo,079,281455,0,0,0,0,0
2020-02-12,San Mateo,081,765935,2,0,0,0,0
2020-02-12,Santa Barbara,083,443738,0,0,0,0,0
2020-02-12,Santa Clara,085,1922200,6,2,0,2,0
2020-02-12,Santa Cruz,087,273765,0,0,0,0,0
2020-02-12,Shasta,089,179085,0,0,0,0,0
2020-02-12,Sierra,091,2930,0,0,0,0,0
2020-02-12,Siskiyou,093,43540,0,0,0,0,0
2020-02-12,Solano,095,438530,0,0,0,0,0
2020-02-12,Sonoma,097,501317,0,0,0,0,0
2020-02-12,Stanislaus,099,539301,1,0,1,1,0
2020-02-12,Sutter,101,95872,0,0,0,0,0
2020-02-12,Tehama,103,63373,0,0,0,0,0
2020-02-12,Trinity,105,12862,0,0,0,0,0
2020-02-12,Tulare,107,460477,2,0,0,0,0
2020-02-12,Tuolumne,109,53932,0,0,0,0,0
2020-02-12,Ventura,111,848112,2,0,0,0,0
2020-02-12,Yolo,113,214977,1,0,0,0,0
2020-02-12,Yuba,115,75493,0,0,0,0,0
2020-02-11,Alameda,001,1643700,4,0,0,0,0
2020-02-11,Alpine,003,1148,0,0,0,0,0
2020-02-11,Amador,005,37829,0,0,0,0,0
2020-02-11,Butte,007,227075,0,0,0,0,0
2020-02-11,Calaveras,009,45235,0,0,0,0,0
2020-02-11,Colusa,011,21464,0,0,0,0,0
2020-02-11,Contra Costa,013,1133247,3,0,0,0,0
2020-02-11,Del Norte,015,27424,0,0,0,0,0
2020-02-11,El Dorado,017,186661,0,0,0,0,0
2020-02-11,Fresno,019,978130,0,0,0,0,0
2020-02-11,Glenn,021,27897,0,0,0,0,0
2020-02-11,Humboldt,023,135768,1,0,0,0,0
2020-02-11,Imperial,025,180216,1,0,0,0,0
2020-02-11,Inyo,027,18085,0,0,0,0,0
2020-02-11,Kern,029,883053,2,0,0,0,0
2020-02-11,Kings,031,150075,1,0,0,0,0
2020-02-11,Lake,033,64148,0,0,0,0,0
2020-02-11,Lassen,035,31185,0,0,0,0,0
2020-02-11,Los Angeles,037,10098052,26,1,5,6,0
2020-02-11,Madera,039,155013,0,0,0,0,0
2020-02-11,Marin,041,260295,0,0,0,0,0
2020-02-11,Mariposa,043,17540,0,0,0,0,0
2020-02-11,Mendocino,045,87422,0,0,0,0,0
2020-02-11,Merced,047,269075,0,0,0,0,0
2020-02-11,Modoc,049,8938,0,0,0,0,0
2020-02-11,Mono,051,14174,0,0,0,0,0
2020-02-11,Monterey,053,433212,0,0,0,0,0
2020-02-11,Napa,055,140530,0,0,0,0,0
2020-02-11,Nevada,057,99092,0,0,0,0,0
2020-02-11,Orange,059,3164182,35,1,0,1,0
2020-02-11,Placer,061,380077,0,0,0,0,0
2020-02-11,Plumas,063,18699,0,0,0,0,0
2020-02-11,Riverside,065,2383286,4,0,0,0,0
2020-02-11,Sacramento,067,1510023,1,0,0,0,0
2020-02-11,San Benito,069,59416,0,2,0,2,0
2020-02-11,San Bernardino,071,2135413,8,0,0,0,0
2020-02-11,San Diego,073,3302833,2,1,0,1,0
2020-02-11,San Francisco,075,870044,2,0,0,0,0
2020-02-11,San Joaquin,077,732212,0,0,1,1,0
2020-02-11,San Luis Obispo,079,281455,0,0,0,0,0
2020-02-11,San Mateo,081,765935,2,0,0,0,0
2020-02-11,Santa Barbara,083,443738,0,0,0,0,0
2020-02-11,Santa Clara,085,1922200,5,2,0,2,0
2020-02-11,Santa Cruz,087,273765,0,0,0,0,0
2020-02-11,Shasta,089,179085,0,0,0,0,0
2020-02-11,Sierra,091,2930,0,0,0,0,0
2020-02-11,Siskiyou,093,43540,0,0,0,0,0
2020-02-11,Solano,095,438530,0,0,0,0,0
2020-02-11,Sonoma,097,501317,0,0,0,0,0
2020-02-11,Stanislaus,099,539301,1,0,1,1,0
2020-02-11,Sutter,101,95872,0,0,0,0,0
2020-02-11,Tehama,103,63373,0,0,0,0,0
2020-02-11,Trinity,105,12862,0,0,0,0,0
2020-02-11,Tulare,107,460477,2,0,0,0,0
2020-02-11,Tuolumne,109,53932,0,0,0,0,0
2020-02-11,Ventura,111,848112,2,0,0,0,0
2020-02-11,Yolo,113,214977,1,0,0,0,0
2020-02-11,Yuba,115,75493,0,0,0,0,0
2020-02-10,Alameda,001,1643700,4,0,0,0,0
2020-02-10,Alpine,003,1148,0,0,0,0,0
2020-02-10,Amador,005,37829,0,0,0,0,0
2020-02-10,Butte,007,227075,0,0,0,0,0
2020-02-10,Calaveras,009,45235,0,0,0,0,0
2020-02-10,Colusa,011,21464,0,0,0,0,0
2020-02-10,Contra Costa,013,1133247,3,0,0,0,0
2020-02-10,Del Norte,015,27424,0,0,0,0,0
2020-02-10,El Dorado,017,186661,0,0,0,0,0
2020-02-10,Fresno,019,978130,0,0,0,0,0
2020-02-10,Glenn,021,27897,0,0,0,0,0
2020-02-10,Humboldt,023,135768,0,0,0,0,0
2020-02-10,Imperial,025,180216,1,0,0,0,0
2020-02-10,Inyo,027,18085,0,0,0,0,0
2020-02-10,Kern,029,883053,2,0,0,0,0
2020-02-10,Kings,031,150075,1,0,0,0,0
2020-02-10,Lake,033,64148,0,0,0,0,0
2020-02-10,Lassen,035,31185,0,0,0,0,0
2020-02-10,Los Angeles,037,10098052,24,1,5,6,0
2020-02-10,Madera,039,155013,0,0,0,0,0
2020-02-10,Marin,041,260295,0,0,0,0,0
2020-02-10,Mariposa,043,17540,0,0,0,0,0
2020-02-10,Mendocino,045,87422,0,0,0,0,0
2020-02-10,Merced,047,269075,0,0,0,0,0
2020-02-10,Modoc,049,8938,0,0,0,0,0
2020-02-10,Mono,051,14174,0,0,0,0,0
2020-02-10,Monterey,053,433212,0,0,0,0,0
2020-02-10,Napa,055,140530,0,0,0,0,0
2020-02-10,Nevada,057,99092,0,0,0,0,0
2020-02-10,Orange,059,3164182,35,1,0,1,0
2020-02-10,Placer,061,380077,0,0,0,0,0
2020-02-10,Plumas,063,18699,0,0,0,0,0
2020-02-10,Riverside,065,2383286,4,0,0,0,0
2020-02-10,Sacramento,067,1510023,1,0,0,0,0
2020-02-10,San Benito,069,59416,0,2,0,2,0
2020-02-10,San Bernardino,071,2135413,7,0,0,0,0
2020-02-10,San Diego,073,3302833,2,0,0,0,0
2020-02-10,San Francisco,075,870044,2,0,0,0,0
2020-02-10,San Joaquin,077,732212,0,0,1,1,0
2020-02-10,San Luis Obispo,079,281455,0,0,0,0,0
2020-02-10,San Mateo,081,765935,2,0,0,0,0
2020-02-10,Santa Barbara,083,443738,0,0,0,0,0
2020-02-10,Santa Clara,085,1922200,5,2,0,2,0
2020-02-10,Santa Cruz,087,273765,0,0,0,0,0
2020-02-10,Shasta,089,179085,0,0,0,0,0
2020-02-10,Sierra,091,2930,0,0,0,0,0
2020-02-10,Siskiyou,093,43540,0,0,0,0,0
2020-02-10,Solano,095,438530,0,0,0,0,0
2020-02-10,Sonoma,097,501317,0,0,0,0,0
2020-02-10,Stanislaus,099,539301,1,0,0,0,0
2020-02-10,Sutter,101,95872,0,0,0,0,0
2020-02-10,Tehama,103,63373,0,0,0,0,0
2020-02-10,Trinity,105,12862,0,0,0,0,0
2020-02-10,Tulare,107,460477,2,0,0,0,0
2020-02-10,Tuolumne,109,53932,0,0,0,0,0
2020-02-10,Ventura,111,848112,2,0,0,0,0
2020-02-10,Yolo,113,214977,1,0,0,0,0
2020-02-10,Yuba,115,75493,0,0,0,0,0
2020-02-09,Alameda,001,1643700,4,0,0,0,0
2020-02-09,Alpine,003,1148,0,0,0,0,0
2020-02-09,Amador,005,37829,0,0,0,0,0
2020-02-09,Butte,007,227075,0,0,0,0,0
2020-02-09,Calaveras,009,45235,0,0,0,0,0
2020-02-09,Colusa,011,21464,0,0,0,0,0
2020-02-09,Contra Costa,013,1133247,3,0,0,0,0
2020-02-09,Del Norte,015,27424,0,0,0,0,0
2020-02-09,El Dorado,017,186661,0,0,0,0,0
2020-02-09,Fresno,019,978130,0,0,0,0,0
2020-02-09,Glenn,021,27897,0,0,0,0,0
2020-02-09,Humboldt,023,135768,0,0,0,0,0
2020-02-09,Imperial,025,180216,1,0,0,0,0
2020-02-09,Inyo,027,18085,0,0,0,0,0
2020-02-09,Kern,029,883053,2,0,0,0,0
2020-02-09,Kings,031,150075,1,0,0,0,0
2020-02-09,Lake,033,64148,0,0,0,0,0
2020-02-09,Lassen,035,31185,0,0,0,0,0
2020-02-09,Los Angeles,037,10098052,23,1,5,6,0
2020-02-09,Madera,039,155013,0,0,0,0,0
2020-02-09,Marin,041,260295,0,0,0,0,0
2020-02-09,Mariposa,043,17540,0,0,0,0,0
2020-02-09,Mendocino,045,87422,0,0,0,0,0
2020-02-09,Merced,047,269075,0,0,0,0,0
2020-02-09,Modoc,049,8938,0,0,0,0,0
2020-02-09,Mono,051,14174,0,0,0,0,0
2020-02-09,Monterey,053,433212,0,0,0,0,0
2020-02-09,Napa,055,140530,0,0,0,0,0
2020-02-09,Nevada,057,99092,0,0,0,0,0
2020-02-09,Orange,059,3164182,35,1,0,1,0
2020-02-09,Placer,061,380077,0,0,0,0,0
2020-02-09,Plumas,063,18699,0,0,0,0,0
2020-02-09,Riverside,065,2383286,4,0,0,0,0
2020-02-09,Sacramento,067,1510023,0,0,0,0,0
2020-02-09,San Benito,069,59416,0,2,0,2,0
2020-02-09,San Bernardino,071,2135413,7,0,0,0,0
2020-02-09,San Diego,073,3302833,2,0,0,0,0
2020-02-09,San Francisco,075,870044,1,0,0,0,0
2020-02-09,San Joaquin,077,732212,0,0,1,1,0
2020-02-09,San Luis Obispo,079,281455,0,0,0,0,0
2020-02-09,San Mateo,081,765935,2,0,0,0,0
2020-02-09,Santa Barbara,083,443738,0,0,0,0,0
2020-02-09,Santa Clara,085,1922200,4,2,0,2,0
2020-02-09,Santa Cruz,087,273765,0,0,0,0,0
2020-02-09,Shasta,089,179085,0,0,0,0,0
2020-02-09,Sierra,091,2930,0,0,0,0,0
2020-02-09,Siskiyou,093,43540,0,0,0,0,0
2020-02-09,Solano,095,438530,0,0,0,0,0
2020-02-09,Sonoma,097,501317,0,0,0,0,0
2020-02-09,Stanislaus,099,539301,0,0,0,0,0
2020-02-09,Sutter,101,95872,0,0,0,0,0
2020-02-09,Tehama,103,63373,0,0,0,0,0
2020-02-09,Trinity,105,12862,0,0,0,0,0
2020-02-09,Tulare,107,460477,2,0,0,0,0
2020-02-09,Tuolumne,109,53932,0,0,0,0,0
2020-02-09,Ventura,111,848112,1,0,0,0,0
2020-02-09,Yolo,113,214977,1,0,0,0,0
2020-02-09,Yuba,115,75493,0,0,0,0,0
2020-02-08,Alameda,001,1643700,3,0,0,0,0
2020-02-08,Alpine,003,1148,0,0,0,0,0
2020-02-08,Amador,005,37829,0,0,0,0,0
2020-02-08,Butte,007,227075,0,0,0,0,0
2020-02-08,Calaveras,009,45235,0,0,0,0,0
2020-02-08,Colusa,011,21464,0,0,0,0,0
2020-02-08,Contra Costa,013,1133247,2,0,0,0,0
2020-02-08,Del Norte,015,27424,0,0,0,0,0
2020-02-08,El Dorado,017,186661,0,0,0,0,0
2020-02-08,Fresno,019,978130,0,0,0,0,0
2020-02-08,Glenn,021,27897,0,0,0,0,0
2020-02-08,Humboldt,023,135768,0,0,0,0,0
2020-02-08,Imperial,025,180216,1,0,0,0,0
2020-02-08,Inyo,027,18085,0,0,0,0,0
2020-02-08,Kern,029,883053,2,0,0,0,0
2020-02-08,Kings,031,150075,1,0,0,0,0
2020-02-08,Lake,033,64148,0,0,0,0,0
2020-02-08,Lassen,035,31185,0,0,0,0,0
2020-02-08,Los Angeles,037,10098052,19,1,3,4,0
2020-02-08,Madera,039,155013,0,0,0,0,0
2020-02-08,Marin,041,260295,0,0,0,0,0
2020-02-08,Mariposa,043,17540,0,0,0,0,0
2020-02-08,Mendocino,045,87422,0,0,0,0,0
2020-02-08,Merced,047,269075,0,0,0,0,0
2020-02-08,Modoc,049,8938,0,0,0,0,0
2020-02-08,Mono,051,14174,0,0,0,0,0
2020-02-08,Monterey,053,433212,0,0,0,0,0
2020-02-08,Napa,055,140530,0,0,0,0,0
2020-02-08,Nevada,057,99092,0,0,0,0,0
2020-02-08,Orange,059,3164182,35,1,0,1,0
2020-02-08,Placer,061,380077,0,0,0,0,0
2020-02-08,Plumas,063,18699,0,0,0,0,0
2020-02-08,Riverside,065,2383286,4,0,0,0,0
2020-02-08,Sacramento,067,1510023,0,0,0,0,0
2020-02-08,San Benito,069,59416,0,2,0,2,0
2020-02-08,San Bernardino,071,2135413,7,0,0,0,0
2020-02-08,San Diego,073,3302833,1,0,0,0,0
2020-02-08,San Francisco,075,870044,1,0,0,0,0
2020-02-08,San Joaquin,077,732212,0,0,1,1,0
2020-02-08,San Luis Obispo,079,281455,0,0,0,0,0
2020-02-08,San Mateo,081,765935,2,0,0,0,0
2020-02-08,Santa Barbara,083,443738,0,0,0,0,0
2020-02-08,Santa Clara,085,1922200,4,2,0,2,0
2020-02-08,Santa Cruz,087,273765,0,0,0,0,0
2020-02-08,Shasta,089,179085,0,0,0,0,0
2020-02-08,Sierra,091,2930,0,0,0,0,0
2020-02-08,Siskiyou,093,43540,0,0,0,0,0
2020-02-08,Solano,095,438530,0,0,0,0,0
2020-02-08,Sonoma,097,501317,0,0,0,0,0
2020-02-08,Stanislaus,099,539301,0,0,0,0,0
2020-02-08,Sutter,101,95872,0,0,0,0,0
2020-02-08,Tehama,103,63373,0,0,0,0,0
2020-02-08,Trinity,105,12862,0,0,0,0,0
2020-02-08,Tulare,107,460477,2,0,0,0,0
2020-02-08,Tuolumne,109,53932,0,0,0,0,0
2020-02-08,Ventura,111,848112,1,0,0,0,0
2020-02-08,Yolo,113,214977,1,0,0,0,0
2020-02-08,Yuba,115,75493,0,0,0,0,0
2020-02-07,Alameda,001,1643700,3,0,0,0,0
2020-02-07,Alpine,003,1148,0,0,0,0,0
2020-02-07,Amador,005,37829,0,0,0,0,0
2020-02-07,Butte,007,227075,0,0,0,0,0
2020-02-07,Calaveras,009,45235,0,0,0,0,0
2020-02-07,Colusa,011,21464,0,0,0,0,0
2020-02-07,Contra Costa,013,1133247,2,0,0,0,0
2020-02-07,Del Norte,015,27424,0,0,0,0,0
2020-02-07,El Dorado,017,186661,0,0,0,0,0
2020-02-07,Fresno,019,978130,0,0,0,0,0
2020-02-07,Glenn,021,27897,0,0,0,0,0
2020-02-07,Humboldt,023,135768,0,0,0,0,0
2020-02-07,Imperial,025,180216,1,0,0,0,0
2020-02-07,Inyo,027,18085,0,0,0,0,0
2020-02-07,Kern,029,883053,2,0,0,0,0
2020-02-07,Kings,031,150075,1,0,0,0,0
2020-02-07,Lake,033,64148,0,0,0,0,0
2020-02-07,Lassen,035,31185,0,0,0,0,0
2020-02-07,Los Angeles,037,10098052,18,1,2,3,0
2020-02-07,Madera,039,155013,0,0,0,0,0
2020-02-07,Marin,041,260295,0,0,0,0,0
2020-02-07,Mariposa,043,17540,0,0,0,0,0
2020-02-07,Mendocino,045,87422,0,0,0,0,0
2020-02-07,Merced,047,269075,0,0,0,0,0
2020-02-07,Modoc,049,8938,0,0,0,0,0
2020-02-07,Mono,051,14174,0,0,0,0,0
2020-02-07,Monterey,053,433212,0,0,0,0,0
2020-02-07,Napa,055,140530,0,0,0,0,0
2020-02-07,Nevada,057,99092,0,0,0,0,0
2020-02-07,Orange,059,3164182,33,1,0,1,0
2020-02-07,Placer,061,380077,0,0,0,0,0
2020-02-07,Plumas,063,18699,0,0,0,0,0
2020-02-07,Riverside,065,2383286,4,0,0,0,0
2020-02-07,Sacramento,067,1510023,0,0,0,0,0
2020-02-07,San Benito,069,59416,0,2,0,2,0
2020-02-07,San Bernardino,071,2135413,4,0,0,0,0
2020-02-07,San Diego,073,3302833,1,0,0,0,0
2020-02-07,San Francisco,075,870044,1,0,0,0,0
2020-02-07,San Joaquin,077,732212,0,0,1,1,0
2020-02-07,San Luis Obispo,079,281455,0,0,0,0,0
2020-02-07,San Mateo,081,765935,1,0,0,0,0
2020-02-07,Santa Barbara,083,443738,0,0,0,0,0
2020-02-07,Santa Clara,085,1922200,4,2,0,2,0
2020-02-07,Santa Cruz,087,273765,0,0,0,0,0
2020-02-07,Shasta,089,179085,0,0,0,0,0
2020-02-07,Sierra,091,2930,0,0,0,0,0
2020-02-07,Siskiyou,093,43540,0,0,0,0,0
2020-02-07,Solano,095,438530,0,0,0,0,0
2020-02-07,Sonoma,097,501317,0,0,0,0,0
2020-02-07,Stanislaus,099,539301,0,0,0,0,0
2020-02-07,Sutter,101,95872,0,0,0,0,0
2020-02-07,Tehama,103,63373,0,0,0,0,0
2020-02-07,Trinity,105,12862,0,0,0,0,0
2020-02-07,Tulare,107,460477,2,0,0,0,0
2020-02-07,Tuolumne,109,53932,0,0,0,0,0
2020-02-07,Ventura,111,848112,1,0,0,0,0
2020-02-07,Yolo,113,214977,1,0,0,0,0
2020-02-07,Yuba,115,75493,0,0,0,0,0
2020-02-06,Alameda,001,1643700,3,0,0,0,0
2020-02-06,Alpine,003,1148,0,0,0,0,0
2020-02-06,Amador,005,37829,0,0,0,0,0
2020-02-06,Butte,007,227075,0,0,0,0,0
2020-02-06,Calaveras,009,45235,0,0,0,0,0
2020-02-06,Colusa,011,21464,0,0,0,0,0
2020-02-06,Contra Costa,013,1133247,2,0,0,0,0
2020-02-06,Del Norte,015,27424,0,0,0,0,0
2020-02-06,El Dorado,017,186661,0,0,0,0,0
2020-02-06,Fresno,019,978130,0,0,0,0,0
2020-02-06,Glenn,021,27897,0,0,0,0,0
2020-02-06,Humboldt,023,135768,0,0,0,0,0
2020-02-06,Imperial,025,180216,1,0,0,0,0
2020-02-06,Inyo,027,18085,0,0,0,0,0
2020-02-06,Kern,029,883053,2,0,0,0,0
2020-02-06,Kings,031,150075,0,0,0,0,0
2020-02-06,Lake,033,64148,0,0,0,0,0
2020-02-06,Lassen,035,31185,0,0,0,0,0
2020-02-06,Los Angeles,037,10098052,17,1,2,3,0
2020-02-06,Madera,039,155013,0,0,0,0,0
2020-02-06,Marin,041,260295,0,0,0,0,0
2020-02-06,Mariposa,043,17540,0,0,0,0,0
2020-02-06,Mendocino,045,87422,0,0,0,0,0
2020-02-06,Merced,047,269075,0,0,0,0,0
2020-02-06,Modoc,049,8938,0,0,0,0,0
2020-02-06,Mono,051,14174,0,0,0,0,0
2020-02-06,Monterey,053,433212,0,0,0,0,0
2020-02-06,Napa,055,140530,0,0,0,0,0
2020-02-06,Nevada,057,99092,0,0,0,0,0
2020-02-06,Orange,059,3164182,3,1,0,1,0
2020-02-06,Placer,061,380077,0,0,0,0,0
2020-02-06,Plumas,063,18699,0,0,0,0,0
2020-02-06,Riverside,065,2383286,4,0,0,0,0
2020-02-06,Sacramento,067,1510023,0,0,0,0,0
2020-02-06,San Benito,069,59416,0,2,0,2,0
2020-02-06,San Bernardino,071,2135413,4,0,0,0,0
2020-02-06,San Diego,073,3302833,1,0,0,0,0
2020-02-06,San Francisco,075,870044,1,0,0,0,0
2020-02-06,San Joaquin,077,732212,0,0,1,1,0
2020-02-06,San Luis Obispo,079,281455,0,0,0,0,0
2020-02-06,San Mateo,081,765935,1,0,0,0,0
2020-02-06,Santa Barbara,083,443738,0,0,0,0,0
2020-02-06,Santa Clara,085,1922200,4,2,0,2,0
2020-02-06,Santa Cruz,087,273765,0,0,0,0,0
2020-02-06,Shasta,089,179085,0,0,0,0,0
2020-02-06,Sierra,091,2930,0,0,0,0,0
2020-02-06,Siskiyou,093,43540,0,0,0,0,0
2020-02-06,Solano,095,438530,0,0,0,0,0
2020-02-06,Sonoma,097,501317,0,0,0,0,0
2020-02-06,Stanislaus,099,539301,0,0,0,0,0
2020-02-06,Sutter,101,95872,0,0,0,0,0
2020-02-06,Tehama,103,63373,0,0,0,0,0
2020-02-06,Trinity,105,12862,0,0,0,0,0
2020-02-06,Tulare,107,460477,2,0,0,0,0
2020-02-06,Tuolumne,109,53932,0,0,0,0,0
2020-02-06,Ventura,111,848112,1,0,0,0,0
2020-02-06,Yolo,113,214977,1,0,0,0,0
2020-02-06,Yuba,115,75493,0,0,0,0,0
2020-02-05,Alameda,001,1643700,3,0,0,0,0
2020-02-05,Alpine,003,1148,0,0,0,0,0
2020-02-05,Amador,005,37829,0,0,0,0,0
2020-02-05,Butte,007,227075,0,0,0,0,0
2020-02-05,Calaveras,009,45235,0,0,0,0,0
2020-02-05,Colusa,011,21464,0,0,0,0,0
2020-02-05,Contra Costa,013,1133247,2,0,0,0,0
2020-02-05,Del Norte,015,27424,0,0,0,0,0
2020-02-05,El Dorado,017,186661,0,0,0,0,0
2020-02-05,Fresno,019,978130,0,0,0,0,0
2020-02-05,Glenn,021,27897,0,0,0,0,0
2020-02-05,Humboldt,023,135768,0,0,0,0,0
2020-02-05,Imperial,025,180216,1,0,0,0,0
2020-02-05,Inyo,027,18085,0,0,0,0,0
2020-02-05,Kern,029,883053,1,0,0,0,0
2020-02-05,Kings,031,150075,0,0,0,0,0
2020-02-05,Lake,033,64148,0,0,0,0,0
2020-02-05,Lassen,035,31185,0,0,0,0,0
2020-02-05,Los Angeles,037,10098052,17,1,1,2,0
2020-02-05,Madera,039,155013,0,0,0,0,0
2020-02-05,Marin,041,260295,0,0,0,0,0
2020-02-05,Mariposa,043,17540,0,0,0,0,0
2020-02-05,Mendocino,045,87422,0,0,0,0,0
2020-02-05,Merced,047,269075,0,0,0,0,0
2020-02-05,Modoc,049,8938,0,0,0,0,0
2020-02-05,Mono,051,14174,0,0,0,0,0
2020-02-05,Monterey,053,433212,0,0,0,0,0
2020-02-05,Napa,055,140530,0,0,0,0,0
2020-02-05,Nevada,057,99092,0,0,0,0,0
2020-02-05,Orange,059,3164182,1,1,0,1,0
2020-02-05,Placer,061,380077,0,0,0,0,0
2020-02-05,Plumas,063,18699,0,0,0,0,0
2020-02-05,Riverside,065,2383286,4,0,0,0,0
2020-02-05,Sacramento,067,1510023,0,0,0,0,0
2020-02-05,San Benito,069,59416,0,2,0,2,0
2020-02-05,San Bernardino,071,2135413,4,0,0,0,0
2020-02-05,San Diego,073,3302833,0,0,0,0,0
2020-02-05,San Francisco,075,870044,1,0,0,0,0
2020-02-05,San Joaquin,077,732212,0,0,1,1,0
2020-02-05,San Luis Obispo,079,281455,0,0,0,0,0
2020-02-05,San Mateo,081,765935,1,0,0,0,0
2020-02-05,Santa Barbara,083,443738,0,0,0,0,0
2020-02-05,Santa Clara,085,1922200,2,2,0,2,0
2020-02-05,Santa Cruz,087,273765,0,0,0,0,0
2020-02-05,Shasta,089,179085,0,0,0,0,0
2020-02-05,Sierra,091,2930,0,0,0,0,0
2020-02-05,Siskiyou,093,43540,0,0,0,0,0
2020-02-05,Solano,095,438530,0,0,0,0,0
2020-02-05,Sonoma,097,501317,0,0,0,0,0
2020-02-05,Stanislaus,099,539301,0,0,0,0,0
2020-02-05,Sutter,101,95872,0,0,0,0,0
2020-02-05,Tehama,103,63373,0,0,0,0,0
2020-02-05,Trinity,105,12862,0,0,0,0,0
2020-02-05,Tulare,107,460477,2,0,0,0,0
2020-02-05,Tuolumne,109,53932,0,0,0,0,0
2020-02-05,Ventura,111,848112,0,0,0,0,0
2020-02-05,Yolo,113,214977,1,0,0,0,0
2020-02-05,Yuba,115,75493,0,0,0,0,0
2020-02-04,Alameda,001,1643700,3,0,0,0,0
2020-02-04,Alpine,003,1148,0,0,0,0,0
2020-02-04,Amador,005,37829,0,0,0,0,0
2020-02-04,Butte,007,227075,0,0,0,0,0
2020-02-04,Calaveras,009,45235,0,0,0,0,0
2020-02-04,Colusa,011,21464,0,0,0,0,0
2020-02-04,Contra Costa,013,1133247,2,0,0,0,0
2020-02-04,Del Norte,015,27424,0,0,0,0,0
2020-02-04,El Dorado,017,186661,0,0,0,0,0
2020-02-04,Fresno,019,978130,0,0,0,0,0
2020-02-04,Glenn,021,27897,0,0,0,0,0
2020-02-04,Humboldt,023,135768,0,0,0,0,0
2020-02-04,Imperial,025,180216,1,0,0,0,0
2020-02-04,Inyo,027,18085,0,0,0,0,0
2020-02-04,Kern,029,883053,0,0,0,0,0
2020-02-04,Kings,031,150075,0,0,0,0,0
2020-02-04,Lake,033,64148,0,0,0,0,0
2020-02-04,Lassen,035,31185,0,0,0,0,0
2020-02-04,Los Angeles,037,10098052,17,1,1,2,0
2020-02-04,Madera,039,155013,0,0,0,0,0
2020-02-04,Marin,041,260295,0,0,0,0,0
2020-02-04,Mariposa,043,17540,0,0,0,0,0
2020-02-04,Mendocino,045,87422,0,0,0,0,0
2020-02-04,Merced,047,269075,0,0,0,0,0
2020-02-04,Modoc,049,8938,0,0,0,0,0
2020-02-04,Mono,051,14174,0,0,0,0,0
2020-02-04,Monterey,053,433212,0,0,0,0,0
2020-02-04,Napa,055,140530,0,0,0,0,0
2020-02-04,Nevada,057,99092,0,0,0,0,0
2020-02-04,Orange,059,3164182,1,1,0,1,0
2020-02-04,Placer,061,380077,0,0,0,0,0
2020-02-04,Plumas,063,18699,0,0,0,0,0
2020-02-04,Riverside,065,2383286,4,0,0,0,0
2020-02-04,Sacramento,067,1510023,0,0,0,0,0
2020-02-04,San Benito,069,59416,0,2,0,2,0
2020-02-04,San Bernardino,071,2135413,3,0,0,0,0
2020-02-04,San Diego,073,3302833,0,0,0,0,0
2020-02-04,San Francisco,075,870044,1,0,0,0,0
2020-02-04,San Joaquin,077,732212,0,0,1,1,0
2020-02-04,San Luis Obispo,079,281455,0,0,0,0,0
2020-02-04,San Mateo,081,765935,0,0,0,0,0
2020-02-04,Santa Barbara,083,443738,0,0,0,0,0
2020-02-04,Santa Clara,085,1922200,2,2,0,2,0
2020-02-04,Santa Cruz,087,273765,0,0,0,0,0
2020-02-04,Shasta,089,179085,0,0,0,0,0
2020-02-04,Sierra,091,2930,0,0,0,0,0
2020-02-04,Siskiyou,093,43540,0,0,0,0,0
2020-02-04,Solano,095,438530,0,0,0,0,0
2020-02-04,Sonoma,097,501317,0,0,0,0,0
2020-02-04,Stanislaus,099,539301,0,0,0,0,0
2020-02-04,Sutter,101,95872,0,0,0,0,0
2020-02-04,Tehama,103,63373,0,0,0,0,0
2020-02-04,Trinity,105,12862,0,0,0,0,0
2020-02-04,Tulare,107,460477,2,0,0,0,0
2020-02-04,Tuolumne,109,53932,0,0,0,0,0
2020-02-04,Ventura,111,848112,0,0,0,0,0
2020-02-04,Yolo,113,214977,1,0,0,0,0
2020-02-04,Yuba,115,75493,0,0,0,0,0
2020-02-03,Alameda,001,1643700,3,0,0,0,0
2020-02-03,Alpine,003,1148,0,0,0,0,0
2020-02-03,Amador,005,37829,0,0,0,0,0
2020-02-03,Butte,007,227075,0,0,0,0,0
2020-02-03,Calaveras,009,45235,0,0,0,0,0
2020-02-03,Colusa,011,21464,0,0,0,0,0
2020-02-03,Contra Costa,013,1133247,2,0,0,0,0
2020-02-03,Del Norte,015,27424,0,0,0,0,0
2020-02-03,El Dorado,017,186661,0,0,0,0,0
2020-02-03,Fresno,019,978130,0,0,0,0,0
2020-02-03,Glenn,021,27897,0,0,0,0,0
2020-02-03,Humboldt,023,135768,0,0,0,0,0
2020-02-03,Imperial,025,180216,1,0,0,0,0
2020-02-03,Inyo,027,18085,0,0,0,0,0
2020-02-03,Kern,029,883053,0,0,0,0,0
2020-02-03,Kings,031,150075,0,0,0,0,0
2020-02-03,Lake,033,64148,0,0,0,0,0
2020-02-03,Lassen,035,31185,0,0,0,0,0
2020-02-03,Los Angeles,037,10098052,17,1,0,1,0
2020-02-03,Madera,039,155013,0,0,0,0,0
2020-02-03,Marin,041,260295,0,0,0,0,0
2020-02-03,Mariposa,043,17540,0,0,0,0,0
2020-02-03,Mendocino,045,87422,0,0,0,0,0
2020-02-03,Merced,047,269075,0,0,0,0,0
2020-02-03,Modoc,049,8938,0,0,0,0,0
2020-02-03,Mono,051,14174,0,0,0,0,0
2020-02-03,Monterey,053,433212,0,0,0,0,0
2020-02-03,Napa,055,140530,0,0,0,0,0
2020-02-03,Nevada,057,99092,0,0,0,0,0
2020-02-03,Orange,059,3164182,1,1,0,1,0
2020-02-03,Placer,061,380077,0,0,0,0,0
2020-02-03,Plumas,063,18699,0,0,0,0,0
2020-02-03,Riverside,065,2383286,4,0,0,0,0
2020-02-03,Sacramento,067,1510023,0,0,0,0,0
2020-02-03,San Benito,069,59416,0,2,0,2,0
2020-02-03,San Bernardino,071,2135413,3,0,0,0,0
2020-02-03,San Diego,073,3302833,0,0,0,0,0
2020-02-03,San Francisco,075,870044,1,0,0,0,0
2020-02-03,San Joaquin,077,732212,0,0,1,1,0
2020-02-03,San Luis Obispo,079,281455,0,0,0,0,0
2020-02-03,San Mateo,081,765935,0,0,0,0,0
2020-02-03,Santa Barbara,083,443738,0,0,0,0,0
2020-02-03,Santa Clara,085,1922200,2,2,0,2,0
2020-02-03,Santa Cruz,087,273765,0,0,0,0,0
2020-02-03,Shasta,089,179085,0,0,0,0,0
2020-02-03,Sierra,091,2930,0,0,0,0,0
2020-02-03,Siskiyou,093,43540,0,0,0,0,0
2020-02-03,Solano,095,438530,0,0,0,0,0
2020-02-03,Sonoma,097,501317,0,0,0,0,0
2020-02-03,Stanislaus,099,539301,0,0,0,0,0
2020-02-03,Sutter,101,95872,0,0,0,0,0
2020-02-03,Tehama,103,63373,0,0,0,0,0
2020-02-03,Trinity,105,12862,0,0,0,0,0
2020-02-03,Tulare,107,460477,2,0,0,0,0
2020-02-03,Tuolumne,109,53932,0,0,0,0,0
2020-02-03,Ventura,111,848112,0,0,0,0,0
2020-02-03,Yolo,113,214977,1,0,0,0,0
2020-02-03,Yuba,115,75493,0,0,0,0,0
2020-02-02,Alameda,001,1643700,3,0,0,0,0
2020-02-02,Alpine,003,1148,0,0,0,0,0
2020-02-02,Amador,005,37829,0,0,0,0,0
2020-02-02,Butte,007,227075,0,0,0,0,0
2020-02-02,Calaveras,009,45235,0,0,0,0,0
2020-02-02,Colusa,011,21464,0,0,0,0,0
2020-02-02,Contra Costa,013,1133247,1,0,0,0,0
2020-02-02,Del Norte,015,27424,0,0,0,0,0
2020-02-02,El Dorado,017,186661,0,0,0,0,0
2020-02-02,Fresno,019,978130,0,0,0,0,0
2020-02-02,Glenn,021,27897,0,0,0,0,0
2020-02-02,Humboldt,023,135768,0,0,0,0,0
2020-02-02,Imperial,025,180216,1,0,0,0,0
2020-02-02,Inyo,027,18085,0,0,0,0,0
2020-02-02,Kern,029,883053,0,0,0,0,0
2020-02-02,Kings,031,150075,0,0,0,0,0
2020-02-02,Lake,033,64148,0,0,0,0,0
2020-02-02,Lassen,035,31185,0,0,0,0,0
2020-02-02,Los Angeles,037,10098052,13,1,0,1,0
2020-02-02,Madera,039,155013,0,0,0,0,0
2020-02-02,Marin,041,260295,0,0,0,0,0
2020-02-02,Mariposa,043,17540,0,0,0,0,0
2020-02-02,Mendocino,045,87422,0,0,0,0,0
2020-02-02,Merced,047,269075,0,0,0,0,0
2020-02-02,Modoc,049,8938,0,0,0,0,0
2020-02-02,Mono,051,14174,0,0,0,0,0
2020-02-02,Monterey,053,433212,0,0,0,0,0
2020-02-02,Napa,055,140530,0,0,0,0,0
2020-02-02,Nevada,057,99092,0,0,0,0,0
2020-02-02,Orange,059,3164182,1,1,0,1,0
2020-02-02,Placer,061,380077,0,0,0,0,0
2020-02-02,Plumas,063,18699,0,0,0,0,0
2020-02-02,Riverside,065,2383286,3,0,0,0,0
2020-02-02,Sacramento,067,1510023,0,0,0,0,0
2020-02-02,San Benito,069,59416,0,2,0,2,0
2020-02-02,San Bernardino,071,2135413,2,0,0,0,0
2020-02-02,San Diego,073,3302833,0,0,0,0,0
2020-02-02,San Francisco,075,870044,1,0,0,0,0
2020-02-02,San Joaquin,077,732212,0,0,1,1,0
2020-02-02,San Luis Obispo,079,281455,0,0,0,0,0
2020-02-02,San Mateo,081,765935,0,0,0,0,0
2020-02-02,Santa Barbara,083,443738,0,0,0,0,0
2020-02-02,Santa Clara,085,1922200,2,2,0,2,0
2020-02-02,Santa Cruz,087,273765,0,0,0,0,0
2020-02-02,Shasta,089,179085,0,0,0,0,0
2020-02-02,Sierra,091,2930,0,0,0,0,0
2020-02-02,Siskiyou,093,43540,0,0,0,0,0
2020-02-02,Solano,095,438530,0,0,0,0,0
2020-02-02,Sonoma,097,501317,0,0,0,0,0
2020-02-02,Stanislaus,099,539301,0,0,0,0,0
2020-02-02,Sutter,101,95872,0,0,0,0,0
2020-02-02,Tehama,103,63373,0,0,0,0,0
2020-02-02,Trinity,105,12862,0,0,0,0,0
2020-02-02,Tulare,107,460477,2,0,0,0,0
2020-02-02,Tuolumne,109,53932,0,0,0,0,0
2020-02-02,Ventura,111,848112,0,0,0,0,0
2020-02-02,Yolo,113,214977,1,0,0,0,0
2020-02-02,Yuba,115,75493,0,0,0,0,0
2020-02-01,Alameda,001,1643700,3,0,0,0,0
2020-02-01,Alpine,003,1148,0,0,0,0,0
2020-02-01,Amador,005,37829,0,0,0,0,0
2020-02-01,Butte,007,227075,0,0,0,0,0
2020-02-01,Calaveras,009,45235,0,0,0,0,0
2020-02-01,Colusa,011,21464,0,0,0,0,0
2020-02-01,Contra Costa,013,1133247,0,0,0,0,0
2020-02-01,Del Norte,015,27424,0,0,0,0,0
2020-02-01,El Dorado,017,186661,0,0,0,0,0
2020-02-01,Fresno,019,978130,0,0,0,0,0
2020-02-01,Glenn,021,27897,0,0,0,0,0
2020-02-01,Humboldt,023,135768,0,0,0,0,0
2020-02-01,Imperial,025,180216,0,0,0,0,0
2020-02-01,Inyo,027,18085,0,0,0,0,0
2020-02-01,Kern,029,883053,0,0,0,0,0
2020-02-01,Kings,031,150075,0,0,0,0,0
2020-02-01,Lake,033,64148,0,0,0,0,0
2020-02-01,Lassen,035,31185,0,0,0,0,0
2020-02-01,Los Angeles,037,10098052,12,1,0,1,0
2020-02-01,Madera,039,155013,0,0,0,0,0
2020-02-01,Marin,041,260295,0,0,0,0,0
2020-02-01,Mariposa,043,17540,0,0,0,0,0
2020-02-01,Mendocino,045,87422,0,0,0,0,0
2020-02-01,Merced,047,269075,0,0,0,0,0
2020-02-01,Modoc,049,8938,0,0,0,0,0
2020-02-01,Mono,051,14174,0,0,0,0,0
2020-02-01,Monterey,053,433212,0,0,0,0,0
2020-02-01,Napa,055,140530,0,0,0,0,0
2020-02-01,Nevada,057,99092,0,0,0,0,0
2020-02-01,Orange,059,3164182,1,1,0,1,0
2020-02-01,Placer,061,380077,0,0,0,0,0
2020-02-01,Plumas,063,18699,0,0,0,0,0
2020-02-01,Riverside,065,2383286,2,0,0,0,0
2020-02-01,Sacramento,067,1510023,0,0,0,0,0
2020-02-01,San Benito,069,59416,0,0,0,0,0
2020-02-01,San Bernardino,071,2135413,1,0,0,0,0
2020-02-01,San Diego,073,3302833,0,0,0,0,0
2020-02-01,San Francisco,075,870044,1,0,0,0,0
2020-02-01,San Joaquin,077,732212,0,0,1,1,0
2020-02-01,San Luis Obispo,079,281455,0,0,0,0,0
2020-02-01,San Mateo,081,765935,0,0,0,0,0
2020-02-01,Santa Barbara,083,443738,0,0,0,0,0
2020-02-01,Santa Clara,085,1922200,2,1,0,1,0
2020-02-01,Santa Cruz,087,273765,0,0,0,0,0
2020-02-01,Shasta,089,179085,0,0,0,0,0
2020-02-01,Sierra,091,2930,0,0,0,0,0
2020-02-01,Siskiyou,093,43540,0,0,0,0,0
2020-02-01,Solano,095,438530,0,0,0,0,0
2020-02-01,Sonoma,097,501317,0,0,0,0,0
2020-02-01,Stanislaus,099,539301,0,0,0,0,0
2020-02-01,Sutter,101,95872,0,0,0,0,0
2020-02-01,Tehama,103,63373,0,0,0,0,0
2020-02-01,Trinity,105,12862,0,0,0,0,0
2020-02-01,Tulare,107,460477,1,0,0,0,0
2020-02-01,Tuolumne,109,53932,0,0,0,0,0
2020-02-01,Ventura,111,848112,0,0,0,0,0
2020-02-01,Yolo,113,214977,0,0,0,0,0
2020-02-01,Yuba,115,75493,0,0,0,0,0
